[[0,0,0],[1,0,0],[0,1,0],[0,1,105]]
[[0,0,0],[1,0,0],[0,1,0],[18,37,105]]
[[0,0,0],[1,0,0],[0,1,0],[12,46,105]]
[[0,0,0],[1,0,0],[0,1,0],[40,51,105]]
[[0,0,0],[1,0,0],[0,1,0],[12,37,105]]
[[0,0,0],[1,0,0],[0,1,0],[9,61,105]]
[[0,0,0],[1,0,0],[0,1,0],[98,29,105]]
[[0,0,0],[1,0,0],[0,1,0],[26,59,105]]
[[0,0,0],[1,0,0],[0,1,0],[27,58,105]]
[[0,0,0],[1,0,0],[0,1,0],[14,71,105]]
[[0,0,0],[1,0,0],[0,1,0],[18,78,105]]
[[0,0,0],[1,0,0],[0,1,0],[3,52,105]]
[[0,0,0],[1,0,0],[0,1,0],[20,37,105]]
[[0,0,0],[1,0,0],[0,1,0],[27,64,105]]
[[0,0,0],[1,0,0],[0,1,0],[3,93,105]]
[[0,0,0],[1,0,0],[0,1,0],[51,13,105]]
[[0,0,0],[1,0,0],[0,1,0],[84,57,105]]
[[0,0,0],[1,0,0],[0,1,0],[24,17,105]]
[[0,0,0],[1,0,0],[0,1,0],[9,82,105]]
[[0,0,0],[1,0,0],[0,1,0],[25,11,105]]
[[0,0,0],[1,0,0],[0,1,0],[12,99,105]]
[[0,0,0],[1,0,0],[0,1,0],[12,4,105]]
[[0,0,0],[1,0,0],[0,1,0],[23,32,105]]
[[0,0,0],[1,0,0],[0,1,0],[7,85,105]]
[[0,0,0],[1,0,0],[0,1,0],[8,83,105]]
[[0,0,0],[1,0,0],[0,1,0],[24,67,105]]
[[0,0,0],[1,0,0],[0,1,0],[40,96,105]]
[[0,0,0],[1,0,0],[0,1,0],[65,61,105]]
[[0,0,0],[1,0,0],[0,1,0],[98,78,105]]
[[0,0,0],[1,0,0],[0,1,0],[54,22,105]]
[[0,0,0],[1,0,0],[0,1,0],[60,76,105]]
[[0,0,0],[1,0,0],[0,1,0],[22,104,105]]
[[0,0,0],[1,0,0],[0,1,0],[18,33,105]]
[[0,0,0],[1,0,0],[0,1,0],[36,13,105]]
[[0,0,0],[1,0,0],[0,1,0],[20,79,105]]
[[0,0,0],[1,0,0],[0,1,0],[20,2,105]]
[[0,0,0],[1,0,0],[0,1,0],[12,54,105]]
[[0,0,0],[1,0,0],[0,1,0],[33,53,105]]
[[0,0,0],[1,0,0],[0,1,0],[72,94,105]]
[[0,0,0],[1,0,0],[0,1,0],[9,27,105]]
[[0,0,0],[1,0,0],[0,1,0],[10,89,105]]
[[0,0,0],[1,0,0],[0,1,0],[19,31,105]]
[[0,0,0],[1,0,0],[0,1,0],[33,97,105]]
[[0,0,0],[1,0,0],[0,1,0],[12,74,105]]
[[0,0,0],[5,0,0],[0,1,0],[0,1,21]]
[[0,0,0],[1,0,0],[0,1,0],[12,97,105]]
[[0,0,0],[1,0,0],[0,1,0],[36,4,105]]
[[0,0,0],[1,0,0],[0,1,0],[19,101,105]]
[[0,0,0],[1,0,0],[0,1,0],[4,62,105]]
[[0,0,0],[1,0,0],[0,1,0],[25,102,105]]
[[0,0,0],[1,0,0],[0,1,0],[27,54,105]]
[[0,0,0],[1,0,0],[0,1,0],[3,26,105]]
[[0,0,0],[1,0,0],[0,1,0],[22,74,105]]
[[0,0,0],[1,0,0],[0,1,0],[65,66,105]]
[[0,0,0],[1,0,0],[0,1,0],[30,76,105]]
[[0,0,0],[1,0,0],[0,1,0],[20,86,105]]
[[0,0,0],[1,0,0],[0,1,0],[39,57,105]]
[[0,0,0],[1,0,0],[0,1,0],[55,51,105]]
[[0,0,0],[1,0,0],[0,1,0],[11,59,105]]
[[0,0,0],[1,0,0],[0,1,0],[12,29,105]]
[[0,0,0],[1,0,0],[0,1,0],[40,80,105]]
[[0,0,0],[1,0,0],[0,1,0],[42,99,105]]
[[0,0,0],[1,0,0],[0,1,0],[25,25,105]]
[[0,0,0],[1,0,0],[0,1,0],[9,57,105]]
[[0,0,0],[1,0,0],[0,1,0],[13,34,105]]
[[0,0,0],[1,0,0],[0,1,0],[18,4,105]]
[[0,0,0],[1,0,0],[0,1,0],[77,99,105]]
[[0,0,0],[1,0,0],[0,1,0],[48,73,105]]
[[0,0,0],[1,0,0],[0,1,0],[7,71,105]]
[[0,0,0],[1,0,0],[0,1,0],[21,1,105]]
[[0,0,0],[1,0,0],[0,1,0],[48,78,105]]
[[0,0,0],[1,0,0],[0,1,0],[66,46,105]]
[[0,0,0],[1,0,0],[0,1,0],[3,31,105]]
[[0,0,0],[1,0,0],[0,1,0],[26,52,105]]
[[0,0,0],[1,0,0],[0,1,0],[11,13,105]]
[[0,0,0],[1,0,0],[0,1,0],[65,62,105]]
[[0,0,0],[1,0,0],[0,1,0],[14,29,105]]
[[0,0,0],[1,0,0],[0,1,0],[3,76,105]]
[[0,0,0],[1,0,0],[0,1,0],[3,64,105]]
[[0,0,0],[1,0,0],[0,1,0],[48,37,105]]
[[0,0,0],[1,0,0],[0,1,0],[5,52,105]]
[[0,0,0],[1,0,0],[0,1,0],[23,83,105]]
[[0,0,0],[1,0,0],[0,1,0],[56,8,105]]
[[0,0,0],[1,0,0],[0,1,0],[3,12,105]]
[[0,0,0],[1,0,0],[0,1,0],[40,36,105]]
[[0,0,0],[1,0,0],[0,1,0],[28,99,105]]
[[0,0,0],[1,0,0],[0,1,0],[22,22,105]]
[[0,0,0],[1,0,0],[0,1,0],[9,102,105]]
[[0,0,0],[1,0,0],[0,1,0],[25,53,105]]
[[0,0,0],[1,0,0],[0,1,0],[23,103,105]]
[[0,0,0],[1,0,0],[0,1,0],[40,52,105]]
[[0,0,0],[1,0,0],[0,1,0],[8,29,105]]
[[0,0,0],[1,0,0],[0,1,0],[15,91,105]]
[[0,0,0],[1,0,0],[0,1,0],[3,43,105]]
[[0,0,0],[1,0,0],[0,1,0],[11,71,105]]
[[0,0,0],[1,0,0],[0,1,0],[66,64,105]]
[[0,0,0],[1,0,0],[0,1,0],[30,41,105]]
[[0,0,0],[1,0,0],[0,1,0],[80,51,105]]
[[0,0,0],[1,0,0],[0,1,0],[20,11,105]]
[[0,0,0],[5,0,0],[0,1,0],[7,1,21]]
[[0,0,0],[1,0,0],[0,1,0],[78,13,105]]
[[0,0,0],[1,0,0],[0,1,0],[85,41,105]]
[[0,0,0],[1,0,0],[0,1,0],[14,17,105]]
[[0,0,0],[3,0,0],[0,1,0],[15,26,35]]
[[0,0,0],[1,0,0],[0,1,0],[100,41,105]]
[[0,0,0],[1,0,0],[0,1,0],[12,66,105]]
[[0,0,0],[1,0,0],[0,1,0],[51,103,105]]
[[0,0,0],[1,0,0],[0,3,0],[21,10,35]]
[[0,0,0],[1,0,0],[0,1,0],[6,13,105]]
[[0,0,0],[1,0,0],[0,1,0],[8,32,105]]
[[0,0,0],[1,0,0],[0,1,0],[4,31,105]]
[[0,0,0],[1,0,0],[0,1,0],[2,79,105]]
[[0,0,0],[1,0,0],[0,1,0],[87,104,105]]
[[0,0,0],[1,0,0],[0,1,0],[33,101,105]]
[[0,0,0],[1,0,0],[0,1,0],[25,36,105]]
[[0,0,0],[3,0,0],[0,1,0],[5,31,35]]
[[0,0,0],[1,0,0],[0,1,0],[55,58,105]]
[[0,0,0],[1,0,0],[0,1,0],[3,88,105]]
[[0,0,0],[1,0,0],[0,1,0],[63,64,105]]
[[0,0,0],[1,0,0],[0,1,0],[80,12,105]]
[[0,0,0],[1,0,0],[0,1,0],[3,23,105]]
[[0,0,0],[1,0,0],[0,1,0],[23,38,105]]
[[0,0,0],[1,0,0],[0,1,0],[2,22,105]]
[[0,0,0],[1,0,0],[0,1,0],[12,1,105]]
[[0,0,0],[1,0,0],[0,1,0],[36,76,105]]
[[0,0,0],[1,0,0],[0,1,0],[45,91,105]]
[[0,0,0],[7,0,0],[0,1,0],[0,1,15]]
[[0,0,0],[1,0,0],[0,1,0],[2,38,105]]
[[0,0,0],[1,0,0],[0,1,0],[18,38,105]]
[[0,0,0],[1,0,0],[0,1,0],[1,34,105]]
[[0,0,0],[1,0,0],[0,1,0],[20,23,105]]
[[0,0,0],[3,0,0],[0,1,0],[20,6,35]]
[[0,0,0],[1,0,0],[0,1,0],[102,34,105]]
[[0,0,0],[1,0,0],[0,1,0],[9,76,105]]
[[0,0,0],[1,0,0],[0,1,0],[7,64,105]]
[[0,0,0],[1,0,0],[0,1,0],[14,32,105]]
[[0,0,0],[1,0,0],[0,1,0],[52,82,105]]
[[0,0,0],[1,0,0],[0,1,0],[49,57,105]]
[[0,0,0],[1,0,0],[0,1,0],[10,71,105]]
[[0,0,0],[1,0,0],[0,1,0],[33,31,105]]
[[0,0,0],[1,0,0],[0,1,0],[55,65,105]]
[[0,0,0],[1,0,0],[0,1,0],[55,16,105]]
[[0,0,0],[1,0,0],[0,1,0],[12,52,105]]
[[0,0,0],[1,0,0],[0,1,0],[85,96,105]]
[[0,0,0],[1,0,0],[0,1,0],[45,26,105]]
[[0,0,0],[1,0,0],[0,1,0],[65,41,105]]
[[0,0,0],[1,0,0],[0,1,0],[12,61,105]]
[[0,0,0],[1,0,0],[0,1,0],[9,13,105]]
[[0,0,0],[1,0,0],[0,1,0],[29,44,105]]
[[0,0,0],[1,0,0],[0,1,0],[85,36,105]]
[[0,0,0],[1,0,0],[0,1,0],[56,64,105]]
[[0,0,0],[1,0,0],[0,1,0],[65,97,105]]
[[0,0,0],[1,0,0],[0,1,0],[77,71,105]]
[[0,0,0],[3,0,0],[0,1,0],[14,1,35]]
[[0,0,0],[1,0,0],[2,3,0],[20,15,35]]
[[0,0,0],[1,0,0],[0,1,0],[5,66,105]]
[[0,0,0],[1,0,0],[0,1,0],[72,99,105]]
[[0,0,0],[1,0,0],[0,1,0],[13,22,105]]
[[0,0,0],[1,0,0],[0,1,0],[44,67,105]]
[[0,0,0],[1,0,0],[0,1,0],[33,34,105]]
[[0,0,0],[1,0,0],[0,1,0],[18,81,105]]
[[0,0,0],[1,0,0],[0,1,0],[45,19,105]]
[[0,0,0],[1,0,0],[0,1,0],[55,93,105]]
[[0,0,0],[1,0,0],[0,1,0],[13,38,105]]
[[0,0,0],[1,0,0],[0,1,0],[81,34,105]]
[[0,0,0],[1,0,0],[0,1,0],[12,38,105]]
[[0,0,0],[1,0,0],[0,1,0],[8,23,105]]
[[0,0,0],[1,0,0],[0,1,0],[49,22,105]]
[[0,0,0],[1,0,0],[0,1,0],[17,62,105]]
[[0,0,0],[1,0,0],[0,1,0],[51,1,105]]
[[0,0,0],[1,0,0],[0,1,0],[26,41,105]]
[[0,0,0],[1,0,0],[0,1,0],[27,43,105]]
[[0,0,0],[1,0,0],[0,1,0],[2,11,105]]
[[0,0,0],[1,0,0],[0,1,0],[27,93,105]]
[[0,0,0],[1,0,0],[0,1,0],[14,22,105]]
[[0,0,0],[1,0,0],[0,1,0],[28,29,105]]
[[0,0,0],[1,0,0],[0,1,0],[54,72,105]]
[[0,0,0],[1,0,0],[0,1,0],[56,5,105]]
[[0,0,0],[1,0,0],[0,1,0],[8,17,105]]
[[0,0,0],[1,0,0],[0,1,0],[80,33,105]]
[[0,0,0],[1,0,0],[0,1,0],[37,104,105]]
[[0,0,0],[1,0,0],[0,1,0],[17,64,105]]
[[0,0,0],[1,0,0],[0,1,0],[51,4,105]]
[[0,0,0],[1,0,0],[0,1,0],[17,82,105]]
[[0,0,0],[1,0,0],[0,1,0],[35,71,105]]
[[0,0,0],[1,0,0],[0,1,0],[28,1,105]]
[[0,0,0],[1,0,0],[0,1,0],[24,72,105]]
[[0,0,0],[1,0,0],[0,1,0],[90,51,105]]
[[0,0,0],[1,0,0],[0,1,0],[24,4,105]]
[[0,0,0],[1,0,0],[0,1,0],[2,2,105]]
[[0,0,0],[1,0,0],[0,1,0],[3,78,105]]
[[0,0,0],[1,0,0],[0,1,0],[81,102,105]]
[[0,0,0],[1,0,0],[0,1,0],[45,61,105]]
[[0,0,0],[1,0,0],[0,1,0],[87,96,105]]
[[0,0,0],[1,0,0],[0,1,0],[31,76,105]]
[[0,0,0],[1,0,0],[0,1,0],[52,104,105]]
[[0,0,0],[1,0,0],[0,1,0],[72,4,105]]
[[0,0,0],[1,0,0],[0,1,0],[65,27,105]]
[[0,0,0],[1,0,0],[0,1,0],[30,13,105]]
[[0,0,0],[1,0,0],[0,1,0],[55,61,105]]
[[0,0,0],[1,0,0],[0,1,0],[5,41,105]]
[[0,0,0],[1,0,0],[0,1,0],[10,1,105]]
[[0,0,0],[1,0,0],[0,1,0],[18,11,105]]
[[0,0,0],[1,0,0],[0,1,0],[77,44,105]]
[[0,0,0],[1,0,0],[0,1,0],[27,99,105]]
[[0,0,0],[1,0,0],[0,1,0],[80,96,105]]
[[0,0,0],[3,0,0],[0,1,0],[5,26,35]]
[[0,0,0],[1,0,0],[0,1,0],[54,57,105]]
[[0,0,0],[1,0,0],[0,1,0],[78,93,105]]
[[0,0,0],[1,0,0],[0,1,0],[6,23,105]]
[[0,0,0],[1,0,0],[0,1,0],[7,57,105]]
[[0,0,0],[1,0,0],[0,1,0],[7,50,105]]
[[0,0,0],[1,0,0],[0,1,0],[2,68,105]]
[[0,0,0],[1,0,0],[0,1,0],[22,59,105]]
[[0,0,0],[1,0,0],[0,1,0],[27,29,105]]
[[0,0,0],[1,0,0],[0,1,0],[4,29,105]]
[[0,0,0],[1,0,0],[0,1,0],[26,89,105]]
[[0,0,0],[1,0,0],[0,1,0],[25,1,105]]
[[0,0,0],[1,0,0],[1,5,0],[7,7,21]]
[[0,0,0],[1,0,0],[0,1,0],[3,103,105]]
[[0,0,0],[1,0,0],[0,1,0],[18,34,105]]
[[0,0,0],[1,0,0],[0,1,0],[54,73,105]]
[[0,0,0],[1,0,0],[0,1,0],[65,48,105]]
[[0,0,0],[1,0,0],[0,1,0],[4,88,105]]
[[0,0,0],[1,0,0],[0,1,0],[2,31,105]]
[[0,0,0],[3,0,0],[0,1,0],[15,1,35]]
[[0,0,0],[1,0,0],[0,1,0],[33,78,105]]
[[0,0,0],[1,0,0],[0,1,0],[7,9,105]]
[[0,0,0],[1,0,0],[0,1,0],[2,52,105]]
[[0,0,0],[1,0,0],[0,1,0],[33,88,105]]
[[0,0,0],[1,0,0],[0,1,0],[5,87,105]]
[[0,0,0],[1,0,0],[0,1,0],[100,96,105]]
[[0,0,0],[1,0,0],[0,1,0],[25,32,105]]
[[0,0,0],[1,0,0],[0,1,0],[17,32,105]]
[[0,0,0],[1,0,0],[0,1,0],[11,22,105]]
[[0,0,0],[1,0,0],[0,1,0],[3,38,105]]
[[0,0,0],[3,0,0],[0,1,0],[5,4,35]]
[[0,0,0],[1,0,0],[0,1,0],[37,41,105]]
[[0,0,0],[1,0,0],[0,1,0],[12,69,105]]
[[0,0,0],[1,0,0],[0,1,0],[6,9,105]]
[[0,0,0],[1,0,0],[0,1,0],[2,32,105]]
[[0,0,0],[1,0,0],[0,1,0],[8,88,105]]
[[0,0,0],[1,0,0],[0,1,0],[49,87,105]]
[[0,0,0],[1,0,0],[0,1,0],[36,1,105]]
[[0,0,0],[1,0,0],[0,1,0],[87,29,105]]
[[0,0,0],[1,0,0],[0,1,0],[8,47,105]]
[[0,0,0],[1,0,0],[0,1,0],[55,79,105]]
[[0,0,0],[1,0,0],[0,1,0],[50,26,105]]
[[0,0,0],[1,0,0],[0,1,0],[25,86,105]]
[[0,0,0],[1,0,0],[0,1,0],[9,43,105]]
[[0,0,0],[1,0,0],[0,1,0],[3,97,105]]
[[0,0,0],[1,0,0],[0,1,0],[54,37,105]]
[[0,0,0],[1,0,0],[0,1,0],[27,44,105]]
[[0,0,0],[1,0,0],[0,1,0],[55,96,105]]
[[0,0,0],[1,0,0],[0,1,0],[24,96,105]]
[[0,0,0],[1,0,0],[0,1,0],[62,62,105]]
[[0,0,0],[1,0,0],[0,1,0],[14,1,105]]
[[0,0,0],[1,0,0],[0,1,0],[51,104,105]]
[[0,0,0],[1,0,0],[0,1,0],[10,40,105]]
[[0,0,0],[1,0,0],[0,1,0],[80,36,105]]
[[0,0,0],[1,0,0],[0,1,0],[57,44,105]]
[[0,0,0],[1,0,0],[0,1,0],[17,29,105]]
[[0,0,0],[1,0,0],[0,1,0],[39,79,105]]
[[0,0,0],[1,0,0],[0,1,0],[21,85,105]]
[[0,0,0],[1,0,0],[0,1,0],[29,37,105]]
[[0,0,0],[1,0,0],[0,1,0],[25,41,105]]
[[0,0,0],[1,0,0],[0,1,0],[6,93,105]]
[[0,0,0],[1,0,0],[0,1,0],[70,71,105]]
[[0,0,0],[1,0,0],[0,1,0],[13,16,105]]
[[0,0,0],[1,0,0],[0,1,0],[90,100,105]]
[[0,0,0],[1,0,0],[0,1,0],[49,102,105]]
[[0,0,0],[1,0,0],[0,1,0],[27,79,105]]
[[0,0,0],[1,0,0],[0,1,0],[3,47,105]]
[[0,0,0],[1,0,0],[0,1,0],[69,93,105]]
[[0,0,0],[1,0,0],[0,1,0],[10,81,105]]
[[0,0,0],[1,0,0],[0,1,0],[35,36,105]]
[[0,0,0],[1,0,0],[0,1,0],[10,101,105]]
[[0,0,0],[1,0,0],[0,1,0],[69,92,105]]
[[0,0,0],[1,0,0],[0,1,0],[55,9,105]]
[[0,0,0],[1,0,0],[0,1,0],[4,52,105]]
[[0,0,0],[1,0,0],[0,1,0],[95,95,105]]
[[0,0,0],[1,0,0],[0,1,0],[23,34,105]]
[[0,0,0],[1,0,0],[0,1,0],[65,101,105]]
[[0,0,0],[1,0,0],[0,1,0],[24,102,105]]
[[0,0,0],[1,0,0],[0,1,0],[33,52,105]]
[[0,0,0],[1,0,0],[0,1,0],[11,62,105]]
[[0,0,0],[1,0,0],[0,1,0],[24,13,105]]
[[0,0,0],[1,0,0],[0,1,0],[52,89,105]]
[[0,0,0],[1,0,0],[0,1,0],[22,41,105]]
[[0,0,0],[1,0,0],[0,1,0],[13,73,105]]
[[0,0,0],[1,0,0],[0,1,0],[13,83,105]]
[[0,0,0],[1,0,0],[0,1,0],[7,78,105]]
[[0,0,0],[1,0,0],[0,1,0],[6,72,105]]
[[0,0,0],[1,0,0],[0,1,0],[51,82,105]]
[[0,0,0],[1,0,0],[0,1,0],[51,97,105]]
[[0,0,0],[1,0,0],[0,1,0],[20,36,105]]
[[0,0,0],[1,0,0],[0,1,0],[28,18,105]]
[[0,0,0],[1,0,0],[0,1,0],[3,96,105]]
[[0,0,0],[1,0,0],[0,1,0],[98,50,105]]
[[0,0,0],[1,0,0],[0,1,0],[20,6,105]]
[[0,0,0],[1,0,0],[0,1,0],[2,86,105]]
[[0,0,0],[1,0,0],[0,1,0],[31,82,105]]
[[0,0,0],[1,0,0],[0,1,0],[100,69,105]]
[[0,0,0],[3,0,0],[0,1,0],[5,6,35]]
[[0,0,0],[1,0,0],[0,1,0],[36,73,105]]
[[0,0,0],[1,0,0],[0,1,0],[6,58,105]]
[[0,0,0],[1,0,0],[0,1,0],[75,66,105]]
[[0,0,0],[1,0,0],[0,1,0],[25,31,105]]
[[0,0,0],[1,0,0],[1,3,0],[26,15,35]]
[[0,0,0],[1,0,0],[0,1,0],[20,96,105]]
[[0,0,0],[1,0,0],[0,1,0],[24,43,105]]
[[0,0,0],[1,0,0],[0,1,0],[56,99,105]]
[[0,0,0],[1,0,0],[0,1,0],[55,37,105]]
[[0,0,0],[1,0,0],[0,1,0],[11,97,105]]
[[0,0,0],[1,0,0],[0,1,0],[39,76,105]]
[[0,0,0],[1,0,0],[0,1,0],[13,58,105]]
[[0,0,0],[1,0,0],[0,1,0],[2,74,105]]
[[0,0,0],[1,0,0],[0,1,0],[40,3,105]]
[[0,0,0],[1,0,0],[0,1,0],[8,59,105]]
[[0,0,0],[1,0,0],[0,1,0],[50,96,105]]
[[0,0,0],[1,0,0],[0,1,0],[31,61,105]]
[[0,0,0],[1,0,0],[0,1,0],[51,69,105]]
[[0,0,0],[1,0,0],[0,1,0],[7,43,105]]
[[0,0,0],[1,0,0],[0,1,0],[45,82,105]]
[[0,0,0],[1,0,0],[0,1,0],[30,34,105]]
[[0,0,0],[1,0,0],[0,1,0],[26,44,105]]
[[0,0,0],[1,0,0],[0,1,0],[11,29,105]]
[[0,0,0],[1,0,0],[0,1,0],[12,76,105]]
[[0,0,0],[1,0,0],[0,1,0],[9,47,105]]
[[0,0,0],[3,0,0],[0,1,0],[5,16,35]]
[[0,0,0],[1,0,0],[0,1,0],[26,62,105]]
[[0,0,0],[1,0,0],[0,1,0],[12,89,105]]
[[0,0,0],[1,0,0],[0,1,0],[48,13,105]]
[[0,0,0],[1,0,0],[0,1,0],[1,16,105]]
[[0,0,0],[1,0,0],[0,1,0],[20,1,105]]
[[0,0,0],[1,0,0],[0,1,0],[45,1,105]]
[[0,0,0],[1,0,0],[0,1,0],[2,37,105]]
[[0,0,0],[1,0,0],[0,1,0],[57,58,105]]
[[0,0,0],[1,0,0],[0,1,0],[77,36,105]]
[[0,0,0],[1,0,0],[0,1,0],[72,76,105]]
[[0,0,0],[1,0,0],[0,1,0],[2,104,105]]
[[0,0,0],[1,0,0],[0,1,0],[38,59,105]]
[[0,0,0],[1,0,0],[0,1,0],[66,96,105]]
[[0,0,0],[1,0,0],[0,1,0],[63,78,105]]
[[0,0,0],[1,0,0],[2,3,0],[0,25,35]]
[[0,0,0],[1,0,0],[0,1,0],[75,61,105]]
[[0,0,0],[1,0,0],[0,1,0],[2,62,105]]
[[0,0,0],[1,0,0],[0,1,0],[19,82,105]]
[[0,0,0],[1,0,0],[0,1,0],[49,99,105]]
[[0,0,0],[1,0,0],[0,1,0],[3,19,105]]
[[0,0,0],[1,0,0],[0,1,0],[1,41,105]]
[[0,0,0],[1,0,0],[0,1,0],[50,86,105]]
[[0,0,0],[1,0,0],[0,1,0],[54,88,105]]
[[0,0,0],[1,0,0],[0,1,0],[3,58,105]]
[[0,0,0],[1,0,0],[0,1,0],[28,93,105]]
[[0,0,0],[1,0,0],[0,1,0],[29,59,105]]
[[0,0,0],[1,0,0],[0,1,0],[3,8,105]]
[[0,0,0],[1,0,0],[0,1,0],[85,6,105]]
[[0,0,0],[1,0,0],[0,1,0],[51,61,105]]
[[0,0,0],[1,0,0],[0,1,0],[33,83,105]]
[[0,0,0],[1,0,0],[0,1,0],[2,44,105]]
[[0,0,0],[1,0,0],[0,1,0],[8,71,105]]
[[0,0,0],[1,0,0],[0,1,0],[19,32,105]]
[[0,0,0],[1,0,0],[0,1,0],[3,13,105]]
[[0,0,0],[1,0,0],[0,1,0],[33,87,105]]
[[0,0,0],[1,0,0],[0,1,0],[25,66,105]]
[[0,0,0],[1,0,0],[0,1,0],[49,71,105]]
[[0,0,0],[1,0,0],[0,1,0],[5,10,105]]
[[0,0,0],[1,0,0],[0,1,0],[34,34,105]]
[[0,0,0],[1,0,0],[0,1,0],[65,6,105]]
[[0,0,0],[1,0,0],[0,1,0],[5,6,105]]
[[0,0,0],[1,0,0],[0,1,0],[24,19,105]]
[[0,0,0],[1,0,0],[0,1,0],[9,2,105]]
[[0,0,0],[3,0,0],[0,1,0],[10,11,35]]
[[0,0,0],[1,0,0],[0,1,0],[24,33,105]]
[[0,0,0],[1,0,0],[0,1,0],[26,71,105]]
[[0,0,0],[1,0,0],[0,1,0],[48,2,105]]
[[0,0,0],[1,0,0],[0,1,0],[5,76,105]]
[[0,0,0],[1,0,0],[0,1,0],[8,31,105]]
[[0,0,0],[1,0,0],[0,1,0],[19,52,105]]
[[0,0,0],[1,0,0],[0,1,0],[3,3,105]]
[[0,0,0],[1,0,0],[0,1,0],[57,94,105]]
[[0,0,0],[1,0,0],[0,1,0],[18,8,105]]
[[0,0,0],[1,0,0],[0,1,0],[42,85,105]]
[[0,0,0],[1,0,0],[0,1,0],[5,17,105]]
[[0,0,0],[1,0,0],[0,1,0],[16,83,105]]
[[0,0,0],[1,0,0],[0,1,0],[39,4,105]]
[[0,0,0],[1,0,0],[0,1,0],[4,38,105]]
[[0,0,0],[1,0,0],[0,1,0],[38,104,105]]
[[0,0,0],[3,0,0],[0,1,0],[0,1,35]]
[[0,0,0],[3,0,0],[0,1,0],[7,22,35]]
[[0,0,0],[1,0,0],[0,1,0],[4,41,105]]
[[0,0,0],[1,0,0],[0,1,0],[91,57,105]]
[[0,0,0],[3,0,0],[0,1,0],[15,24,35]]
[[0,0,0],[1,0,0],[0,1,0],[63,85,105]]
[[0,0,0],[1,0,0],[0,1,0],[12,73,105]]
[[0,0,0],[1,0,0],[0,1,0],[10,26,105]]
[[0,0,0],[1,0,0],[0,1,0],[72,104,105]]
[[0,0,0],[1,0,0],[0,1,0],[10,76,105]]
[[0,0,0],[1,0,0],[0,1,0],[69,23,105]]
[[0,0,0],[1,0,0],[0,1,0],[58,71,105]]
[[0,0,0],[1,0,0],[0,1,0],[2,76,105]]
[[0,0,0],[1,0,0],[0,1,0],[37,71,105]]
[[0,0,0],[1,0,0],[0,1,0],[6,73,105]]
[[0,0,0],[1,0,0],[0,1,0],[4,37,105]]
[[0,0,0],[1,0,0],[0,1,0],[19,88,105]]
[[0,0,0],[1,0,0],[0,1,0],[39,82,105]]
[[0,0,0],[1,0,0],[0,1,0],[55,81,105]]
[[0,0,0],[1,0,0],[0,1,0],[42,64,105]]
[[0,0,0],[1,0,0],[0,1,0],[33,1,105]]
[[0,0,0],[1,0,0],[0,1,0],[55,71,105]]
[[0,0,0],[1,0,0],[1,3,0],[15,15,35]]
[[0,0,0],[1,0,0],[0,1,0],[51,62,105]]
[[0,0,0],[1,0,0],[0,1,0],[18,43,105]]
[[0,0,0],[1,0,0],[0,1,0],[1,4,105]]
[[0,0,0],[1,0,0],[0,1,0],[20,66,105]]
[[0,0,0],[1,0,0],[0,1,0],[25,51,105]]
[[0,0,0],[1,0,0],[0,1,0],[39,32,105]]
[[0,0,0],[1,0,0],[0,1,0],[20,16,105]]
[[0,0,0],[3,0,0],[0,1,0],[7,1,35]]
[[0,0,0],[1,0,0],[0,1,0],[8,41,105]]
[[0,0,0],[1,0,0],[0,1,0],[9,83,105]]
[[0,0,0],[1,0,0],[0,1,0],[33,68,105]]
[[0,0,0],[1,0,0],[0,1,0],[17,89,105]]
[[0,0,0],[1,0,0],[0,1,0],[91,50,105]]
[[0,0,0],[1,0,0],[0,1,0],[25,81,105]]
[[0,0,0],[1,0,0],[0,1,0],[4,92,105]]
[[0,0,0],[1,0,0],[0,1,0],[6,79,105]]
[[0,0,0],[1,0,0],[0,1,0],[77,43,105]]
[[0,0,0],[1,0,0],[0,1,0],[69,16,105]]
[[0,0,0],[1,0,0],[0,1,0],[3,48,105]]
[[0,0,0],[1,0,0],[0,1,0],[56,57,105]]
[[0,0,0],[1,0,0],[0,1,0],[55,100,105]]
[[0,0,0],[1,0,0],[1,3,0],[6,25,35]]
[[0,0,0],[1,0,0],[0,1,0],[59,104,105]]
[[0,0,0],[1,0,0],[0,1,0],[7,69,105]]
[[0,0,0],[1,0,0],[0,1,0],[2,43,105]]
[[0,0,0],[1,0,0],[0,1,0],[42,29,105]]
[[0,0,0],[1,0,0],[0,1,0],[39,73,105]]
[[0,0,0],[1,0,0],[0,1,0],[3,53,105]]
[[0,0,0],[1,0,0],[0,1,0],[27,34,105]]
[[0,0,0],[1,0,0],[0,1,0],[13,32,105]]
[[0,0,0],[1,0,0],[0,1,0],[24,27,105]]
[[0,0,0],[1,0,0],[0,1,0],[17,26,105]]
[[0,0,0],[1,0,0],[0,1,0],[27,39,105]]
[[0,0,0],[1,0,0],[0,1,0],[24,32,105]]
[[0,0,0],[1,0,0],[0,1,0],[21,15,105]]
[[0,0,0],[1,0,0],[0,1,0],[8,43,105]]
[[0,0,0],[1,0,0],[0,1,0],[48,86,105]]
[[0,0,0],[1,0,0],[0,1,0],[13,103,105]]
[[0,0,0],[1,0,0],[0,1,0],[59,89,105]]
[[0,0,0],[1,0,0],[0,1,0],[99,102,105]]
[[0,0,0],[1,0,0],[0,1,0],[11,44,105]]
[[0,0,0],[1,0,0],[0,1,0],[9,73,105]]
[[0,0,0],[1,0,0],[0,1,0],[17,83,105]]
[[0,0,0],[1,0,0],[0,1,0],[93,93,105]]
[[0,0,0],[1,0,0],[0,1,0],[1,38,105]]
[[0,0,0],[3,0,0],[0,1,0],[7,29,35]]
[[0,0,0],[1,0,0],[0,1,0],[72,61,105]]
[[0,0,0],[1,0,0],[0,1,0],[12,44,105]]
[[0,0,0],[1,0,0],[0,1,0],[3,34,105]]
[[0,0,0],[1,0,0],[0,1,0],[5,71,105]]
[[0,0,0],[1,0,0],[0,1,0],[12,94,105]]
[[0,0,0],[1,0,0],[0,1,0],[27,37,105]]
[[0,0,0],[1,0,0],[0,1,0],[9,17,105]]
[[0,0,0],[5,0,0],[0,1,0],[7,8,21]]
[[0,0,0],[1,0,0],[0,1,0],[33,48,105]]
[[0,0,0],[1,0,0],[0,1,0],[5,61,105]]
[[0,0,0],[1,0,0],[0,1,0],[24,82,105]]
[[0,0,0],[3,0,0],[0,1,0],[21,29,35]]
[[0,0,0],[1,0,0],[0,1,0],[14,78,105]]
[[0,0,0],[1,0,0],[0,1,0],[5,59,105]]
[[0,0,0],[1,0,0],[0,1,0],[40,81,105]]
[[0,0,0],[1,0,0],[0,1,0],[2,23,105]]
[[0,0,0],[1,0,0],[0,1,0],[72,59,105]]
[[0,0,0],[1,0,0],[0,1,0],[100,62,105]]
[[0,0,0],[1,0,0],[0,1,0],[8,68,105]]
[[0,0,0],[1,0,0],[0,1,0],[56,29,105]]
[[0,0,0],[1,0,0],[0,1,0],[26,73,105]]
[[0,0,0],[1,0,0],[1,3,0],[15,5,35]]
[[0,0,0],[1,0,0],[0,1,0],[57,69,105]]
[[0,0,0],[1,0,0],[0,1,0],[49,1,105]]
[[0,0,0],[3,0,0],[0,1,0],[15,17,35]]
[[0,0,0],[1,0,0],[0,1,0],[49,85,105]]
[[0,0,0],[1,0,0],[0,1,0],[30,91,105]]
[[0,0,0],[1,0,0],[0,1,0],[72,41,105]]
[[0,0,0],[1,0,0],[0,1,0],[39,1,105]]
[[0,0,0],[1,0,0],[0,1,0],[104,104,105]]
[[0,0,0],[1,0,0],[0,1,0],[6,22,105]]
[[0,0,0],[1,0,0],[0,1,0],[49,72,105]]
[[0,0,0],[1,0,0],[0,1,0],[4,46,105]]
[[0,0,0],[1,0,0],[0,1,0],[60,4,105]]
[[0,0,0],[1,0,0],[0,1,0],[60,11,105]]
[[0,0,0],[1,0,0],[0,1,0],[5,31,105]]
[[0,0,0],[1,0,0],[0,1,0],[5,3,105]]
[[0,0,0],[1,0,0],[0,1,0],[2,4,105]]
[[0,0,0],[1,0,0],[0,1,0],[78,78,105]]
[[0,0,0],[1,0,0],[0,1,0],[9,46,105]]
[[0,0,0],[1,0,0],[0,1,0],[38,83,105]]
[[0,0,0],[1,0,0],[0,1,0],[70,36,105]]
[[0,0,0],[1,0,0],[0,1,0],[5,96,105]]
[[0,0,0],[1,0,0],[0,1,0],[33,13,105]]
[[0,0,0],[1,0,0],[0,1,0],[44,104,105]]
[[0,0,0],[1,0,0],[0,1,0],[41,41,105]]
[[0,0,0],[1,0,0],[0,1,0],[33,58,105]]
[[0,0,0],[1,0,0],[0,1,0],[18,73,105]]
[[0,0,0],[1,0,0],[0,1,0],[45,76,105]]
[[0,0,0],[1,0,0],[0,1,0],[55,6,105]]
[[0,0,0],[1,0,0],[0,1,0],[69,102,105]]
[[0,0,0],[1,0,0],[0,1,0],[60,81,105]]
[[0,0,0],[1,0,0],[0,1,0],[50,81,105]]
[[0,0,0],[1,0,0],[0,1,0],[58,104,105]]
[[0,0,0],[1,0,0],[0,1,0],[3,37,105]]
[[0,0,0],[1,0,0],[0,1,0],[100,6,105]]
[[0,0,0],[1,0,0],[0,1,0],[2,89,105]]
[[0,0,0],[1,0,0],[0,1,0],[69,22,105]]
[[0,0,0],[1,0,0],[0,1,0],[18,53,105]]
[[0,0,0],[1,0,0],[0,1,0],[9,58,105]]
[[0,0,0],[1,0,0],[0,1,0],[39,102,105]]
[[0,0,0],[3,0,0],[0,1,0],[28,29,35]]
[[0,0,0],[1,0,0],[0,1,0],[33,37,105]]
[[0,0,0],[1,0,0],[0,1,0],[40,24,105]]
[[0,0,0],[1,0,0],[0,1,0],[54,102,105]]
[[0,0,0],[1,0,0],[0,1,0],[56,20,105]]
[[0,0,0],[1,0,0],[0,1,0],[95,18,105]]
[[0,0,0],[1,0,0],[0,1,0],[69,67,105]]
[[0,0,0],[1,0,0],[0,1,0],[15,7,105]]
[[0,0,0],[1,0,0],[0,1,0],[4,4,105]]
[[0,0,0],[1,0,0],[0,1,0],[9,37,105]]
[[0,0,0],[1,0,0],[0,1,0],[14,2,105]]
[[0,0,0],[1,0,0],[0,1,0],[71,71,105]]
[[0,0,0],[1,0,0],[0,1,0],[87,103,105]]
[[0,0,0],[1,0,0],[0,1,0],[102,102,105]]
[[0,0,0],[1,0,0],[0,1,0],[18,48,105]]
[[0,0,0],[1,0,0],[0,1,0],[11,101,105]]
[[0,0,0],[1,0,0],[0,1,0],[14,36,105]]
[[0,0,0],[1,0,0],[0,1,0],[56,50,105]]
[[0,0,0],[1,0,0],[0,1,0],[91,85,105]]
[[0,0,0],[1,0,0],[0,1,0],[14,50,105]]
[[0,0,0],[1,0,0],[0,1,0],[18,46,105]]
[[0,0,0],[1,0,0],[0,1,0],[14,64,105]]
[[0,0,0],[1,0,0],[1,3,0],[16,20,35]]
[[0,0,0],[1,0,0],[0,1,0],[2,17,105]]
[[0,0,0],[1,0,0],[0,1,0],[10,47,105]]
[[0,0,0],[1,0,0],[0,1,0],[48,64,105]]
[[0,0,0],[1,0,0],[0,1,0],[1,11,105]]
[[0,0,0],[1,0,0],[0,1,0],[56,78,105]]
[[0,0,0],[1,0,0],[0,1,0],[9,88,105]]
[[0,0,0],[3,0,0],[0,1,0],[10,1,35]]
[[0,0,0],[1,0,0],[0,1,0],[3,94,105]]
[[0,0,0],[1,0,0],[0,1,0],[17,19,105]]
[[0,0,0],[1,0,0],[0,1,0],[8,11,105]]
[[0,0,0],[1,0,0],[0,1,0],[8,26,105]]
[[0,0,0],[1,0,0],[0,1,0],[4,43,105]]
[[0,0,0],[1,0,0],[0,1,0],[100,36,105]]
[[0,0,0],[1,0,0],[0,1,0],[12,79,105]]
[[0,0,0],[1,0,0],[0,1,0],[11,86,105]]
[[0,0,0],[1,0,0],[0,1,0],[91,29,105]]
[[0,0,0],[1,0,0],[0,1,0],[25,96,105]]
[[0,0,0],[1,0,0],[0,1,0],[7,8,105]]
[[0,0,0],[1,0,0],[0,1,0],[57,59,105]]
[[0,0,0],[1,0,0],[0,1,0],[25,18,105]]
[[0,0,0],[1,0,0],[1,3,0],[15,20,35]]
[[0,0,0],[1,0,0],[0,1,0],[87,34,105]]
[[0,0,0],[1,0,0],[0,1,0],[11,31,105]]
[[0,0,0],[1,0,0],[0,1,0],[23,23,105]]
[[0,0,0],[1,0,0],[0,1,0],[18,93,105]]
[[0,0,0],[1,0,0],[1,3,0],[21,7,35]]
[[0,0,0],[1,0,0],[0,1,0],[10,41,105]]
[[0,0,0],[1,0,0],[0,1,0],[9,72,105]]
[[0,0,0],[1,0,0],[0,1,0],[45,103,105]]
[[0,0,0],[1,0,0],[0,1,0],[56,85,105]]
[[0,0,0],[1,0,0],[0,1,0],[27,1,105]]
[[0,0,0],[1,0,0],[0,1,0],[9,103,105]]
[[0,0,0],[1,0,0],[0,1,0],[3,68,105]]
[[0,0,0],[1,0,0],[0,1,0],[16,76,105]]
[[0,0,0],[1,0,0],[0,1,0],[10,51,105]]
[[0,0,0],[1,0,0],[0,1,0],[17,103,105]]
[[0,0,0],[1,0,0],[1,3,0],[1,10,35]]
[[0,0,0],[1,0,0],[0,1,0],[8,44,105]]
[[0,0,0],[1,0,0],[0,1,0],[39,94,105]]
[[0,0,0],[1,0,0],[0,1,0],[9,34,105]]
[[0,0,0],[1,0,0],[0,1,0],[12,17,105]]
[[0,0,0],[1,0,0],[0,1,0],[24,1,105]]
[[0,0,0],[1,0,0],[0,1,0],[18,31,105]]
[[0,0,0],[1,0,0],[0,1,0],[20,71,105]]
[[0,0,0],[1,0,0],[0,1,0],[36,34,105]]
[[0,0,0],[1,0,0],[0,1,0],[33,19,105]]
[[0,0,0],[1,0,0],[0,1,0],[10,68,105]]
[[0,0,0],[1,0,0],[0,1,0],[57,97,105]]
[[0,0,0],[1,0,0],[0,1,0],[60,67,105]]
[[0,0,0],[1,0,0],[0,1,0],[100,66,105]]
[[0,0,0],[1,0,0],[0,1,0],[19,38,105]]
[[0,0,0],[1,0,0],[0,1,0],[14,62,105]]
[[0,0,0],[1,0,0],[0,1,0],[44,59,105]]
[[0,0,0],[1,0,0],[0,1,0],[24,54,105]]
[[0,0,0],[1,0,0],[0,1,0],[23,44,105]]
[[0,0,0],[1,0,0],[0,1,0],[3,67,105]]
[[0,0,0],[1,0,0],[0,1,0],[20,58,105]]
[[0,0,0],[1,0,0],[0,1,0],[33,33,105]]
[[0,0,0],[1,0,0],[0,1,0],[60,25,105]]
[[0,0,0],[1,0,0],[0,1,0],[78,34,105]]
[[0,0,0],[1,0,0],[0,1,0],[28,85,105]]
[[0,0,0],[1,0,0],[0,1,0],[49,27,105]]
[[0,0,0],[1,0,0],[0,1,0],[7,54,105]]
[[0,0,0],[1,0,0],[0,1,0],[16,19,105]]
[[0,0,0],[1,0,0],[0,1,0],[16,16,105]]
[[0,0,0],[1,0,0],[0,1,0],[24,47,105]]
[[0,0,0],[1,0,0],[0,1,0],[48,38,105]]
[[0,0,0],[1,0,0],[0,1,0],[51,64,105]]
[[0,0,0],[1,0,0],[0,1,0],[29,41,105]]
[[0,0,0],[1,0,0],[0,1,0],[57,89,105]]
[[0,0,0],[1,0,0],[0,1,0],[9,22,105]]
[[0,0,0],[1,0,0],[0,1,0],[40,26,105]]
[[0,0,0],[1,0,0],[0,1,0],[14,77,105]]
[[0,0,0],[1,0,0],[0,1,0],[28,3,105]]
[[0,0,0],[1,0,0],[0,1,0],[10,6,105]]
[[0,0,0],[1,0,0],[0,1,0],[57,34,105]]
[[0,0,0],[1,0,0],[0,1,0],[37,59,105]]
[[0,0,0],[1,0,0],[0,1,0],[28,8,105]]
[[0,0,0],[1,0,0],[0,1,0],[57,99,105]]
[[0,0,0],[3,0,0],[0,1,0],[20,34,35]]
[[0,0,0],[1,0,0],[0,1,0],[100,104,105]]
[[0,0,0],[1,0,0],[0,1,0],[8,16,105]]
[[0,0,0],[1,0,0],[0,1,0],[17,17,105]]
[[0,0,0],[1,0,0],[0,1,0],[6,94,105]]
[[0,0,0],[1,0,0],[0,1,0],[6,61,105]]
[[0,0,0],[1,0,0],[1,3,0],[31,30,35]]
[[0,0,0],[1,0,0],[0,1,0],[6,44,105]]
[[0,0,0],[1,0,0],[0,1,0],[9,97,105]]
[[0,0,0],[1,0,0],[0,1,0],[10,66,105]]
[[0,0,0],[1,0,0],[0,1,0],[65,51,105]]
[[0,0,0],[1,0,0],[0,1,0],[1,29,105]]
[[0,0,0],[1,0,0],[0,1,0],[2,41,105]]
[[0,0,0],[1,0,0],[0,1,0],[69,32,105]]
[[0,0,0],[1,0,0],[0,1,0],[54,58,105]]
[[0,0,0],[1,0,0],[0,1,0],[54,101,105]]
[[0,0,0],[1,0,0],[0,1,0],[17,47,105]]
[[0,0,0],[1,0,0],[0,1,0],[3,4,105]]
[[0,0,0],[1,0,0],[0,1,0],[7,24,105]]
[[0,0,0],[1,0,0],[0,1,0],[100,51,105]]
[[0,0,0],[1,0,0],[0,1,0],[58,58,105]]
[[0,0,0],[1,0,0],[0,1,0],[7,39,105]]
[[0,0,0],[1,0,0],[0,1,0],[20,46,105]]
[[0,0,0],[1,0,0],[0,1,0],[2,47,105]]
[[0,0,0],[1,0,0],[0,1,0],[18,74,105]]
[[0,0,0],[1,0,0],[0,1,0],[16,29,105]]
[[0,0,0],[1,0,0],[0,1,0],[38,38,105]]
[[0,0,0],[1,0,0],[0,1,0],[10,54,105]]
[[0,0,0],[1,0,0],[0,1,0],[20,65,105]]
[[0,0,0],[1,0,0],[0,1,0],[14,92,105]]
[[0,0,0],[1,0,0],[0,1,0],[48,16,105]]
[[0,0,0],[1,0,0],[0,1,0],[56,65,105]]
[[0,0,0],[1,0,0],[0,1,0],[7,99,105]]
[[0,0,0],[1,0,0],[0,1,0],[30,6,105]]
[[0,0,0],[1,0,0],[0,1,0],[50,76,105]]
[[0,0,0],[1,0,0],[0,1,0],[5,24,105]]
[[0,0,0],[1,0,0],[0,1,0],[9,1,105]]
[[0,0,0],[1,0,0],[0,1,0],[100,48,105]]
[[0,0,0],[1,0,0],[0,1,0],[4,44,105]]
[[0,0,0],[1,0,0],[0,1,0],[6,37,105]]
[[0,0,0],[1,0,0],[0,1,0],[69,87,105]]
[[0,0,0],[1,0,0],[0,1,0],[54,87,105]]
[[0,0,0],[1,0,0],[0,1,0],[20,100,105]]
[[0,0,0],[1,0,0],[0,1,0],[4,67,105]]
[[0,0,0],[1,0,0],[0,1,0],[12,59,105]]
[[0,0,0],[1,0,0],[0,1,0],[102,104,105]]
[[0,0,0],[1,0,0],[0,1,0],[13,43,105]]
[[0,0,0],[1,0,0],[0,1,0],[33,23,105]]
[[0,0,0],[1,0,0],[0,1,0],[10,31,105]]
[[0,0,0],[1,0,0],[0,1,0],[19,23,105]]
[[0,0,0],[1,0,0],[0,1,0],[39,72,105]]
[[0,0,0],[1,0,0],[0,1,0],[3,79,105]]
[[0,0,0],[1,0,0],[0,1,0],[12,43,105]]
[[0,0,0],[1,0,0],[0,1,0],[18,13,105]]
[[0,0,0],[1,0,0],[0,1,0],[29,52,105]]
[[0,0,0],[1,0,0],[0,1,0],[3,83,105]]
[[0,0,0],[1,0,0],[0,1,0],[50,1,105]]
[[0,0,0],[1,0,0],[0,1,0],[2,19,105]]
[[0,0,0],[1,0,0],[0,1,0],[39,74,105]]
[[0,0,0],[1,0,0],[0,1,0],[85,81,105]]
[[0,0,0],[1,0,0],[0,1,0],[15,28,105]]
[[0,0,0],[1,0,0],[0,1,0],[8,38,105]]
[[0,0,0],[3,0,0],[0,1,0],[5,32,35]]
[[0,0,0],[1,0,0],[1,3,0],[8,10,35]]
[[0,0,0],[1,0,0],[0,1,0],[23,71,105]]
[[0,0,0],[1,0,0],[0,1,0],[3,16,105]]
[[0,0,0],[1,0,0],[0,1,0],[48,72,105]]
[[0,0,0],[1,0,0],[0,1,0],[24,58,105]]
[[0,0,0],[1,0,0],[0,1,0],[9,48,105]]
[[0,0,0],[1,0,0],[0,1,0],[15,49,105]]
[[0,0,0],[1,0,0],[0,1,0],[8,8,105]]
[[0,0,0],[1,0,0],[0,1,0],[36,19,105]]
[[0,0,0],[1,0,0],[0,1,0],[10,96,105]]
[[0,0,0],[1,0,0],[0,1,0],[51,67,105]]
[[0,0,0],[1,0,0],[0,1,0],[7,36,105]]
[[0,0,0],[1,0,0],[0,1,0],[8,74,105]]
[[0,0,0],[1,0,0],[0,1,0],[77,57,105]]
[[0,0,0],[1,0,0],[0,1,0],[5,38,105]]
[[0,0,0],[1,0,0],[0,1,0],[12,13,105]]
[[0,0,0],[1,0,0],[0,1,0],[13,13,105]]
[[0,0,0],[1,0,0],[0,1,0],[2,26,105]]
[[0,0,0],[1,0,0],[0,1,0],[65,104,105]]
[[0,0,0],[1,0,0],[2,3,0],[2,10,35]]
[[0,0,0],[1,0,0],[0,1,0],[11,41,105]]
[[0,0,0],[1,0,0],[0,1,0],[20,72,105]]
[[0,0,0],[3,0,0],[0,1,0],[5,18,35]]
[[0,0,0],[1,0,0],[0,1,0],[5,16,105]]
[[0,0,0],[1,0,0],[0,1,0],[6,16,105]]
[[0,0,0],[1,0,0],[0,1,0],[40,66,105]]
[[0,0,0],[1,0,0],[0,1,0],[39,39,105]]
[[0,0,0],[1,0,0],[0,1,0],[24,34,105]]
[[0,0,0],[1,0,0],[0,1,0],[24,57,105]]
[[0,0,0],[1,0,0],[0,1,0],[48,51,105]]
[[0,0,0],[1,0,0],[0,1,0],[49,78,105]]
[[0,0,0],[1,0,0],[0,1,0],[6,67,105]]
[[0,0,0],[1,0,0],[0,1,0],[18,83,105]]
[[0,0,0],[1,0,0],[0,1,0],[9,64,105]]
[[0,0,0],[3,0,0],[0,1,0],[20,11,35]]
[[0,0,0],[1,0,0],[0,1,0],[4,19,105]]
[[0,0,0],[1,0,0],[0,1,0],[93,34,105]]
[[0,0,0],[1,0,0],[0,1,0],[56,95,105]]
[[0,0,0],[1,0,0],[0,1,0],[21,64,105]]
[[0,0,0],[1,0,0],[0,1,0],[4,26,105]]
[[0,0,0],[1,0,0],[0,1,0],[12,64,105]]
[[0,0,0],[1,0,0],[2,3,0],[5,5,35]]
[[0,0,0],[1,0,0],[0,1,0],[10,36,105]]
[[0,0,0],[1,0,0],[0,1,0],[5,36,105]]
[[0,0,0],[1,0,0],[0,1,0],[22,26,105]]
[[0,0,0],[1,0,0],[0,1,0],[16,32,105]]
[[0,0,0],[1,0,0],[0,1,0],[65,11,105]]
[[0,0,0],[1,0,0],[0,1,0],[4,74,105]]
[[0,0,0],[1,0,0],[0,1,0],[77,59,105]]
[[0,0,0],[1,0,0],[0,1,0],[3,54,105]]
[[0,0,0],[1,0,0],[0,1,0],[18,88,105]]
[[0,0,0],[1,0,0],[0,1,0],[42,22,105]]
[[0,0,0],[1,0,0],[0,1,0],[37,64,105]]
[[0,0,0],[1,0,0],[0,1,0],[56,80,105]]
[[0,0,0],[1,0,0],[0,1,0],[56,92,105]]
[[0,0,0],[1,0,0],[1,3,0],[29,10,35]]
[[0,0,0],[1,0,0],[0,1,0],[14,47,105]]
[[0,0,0],[1,0,0],[0,1,0],[27,4,105]]
[[0,0,0],[1,0,0],[0,1,0],[9,69,105]]
[[0,0,0],[1,0,0],[0,1,0],[30,16,105]]
[[0,0,0],[1,0,0],[0,1,0],[6,51,105]]
[[0,0,0],[1,0,0],[0,1,0],[51,34,105]]
[[0,0,0],[1,0,0],[0,1,0],[9,31,105]]
[[0,0,0],[1,0,0],[0,1,0],[95,41,105]]
[[0,0,0],[1,0,0],[0,1,0],[4,8,105]]
[[0,0,0],[1,0,0],[0,1,0],[6,46,105]]
[[0,0,0],[1,0,0],[0,1,0],[48,1,105]]
[[0,0,0],[1,0,0],[0,1,0],[26,38,105]]
[[0,0,0],[1,0,0],[0,1,0],[24,89,105]]
[[0,0,0],[1,0,0],[0,1,0],[2,71,105]]
[[0,0,0],[1,0,0],[0,1,0],[8,58,105]]
[[0,0,0],[1,0,0],[0,1,0],[17,101,105]]
[[0,0,0],[1,0,0],[0,1,0],[5,81,105]]
[[0,0,0],[1,0,0],[0,1,0],[65,34,105]]
[[0,0,0],[1,0,0],[0,1,0],[4,17,105]]
[[0,0,0],[1,0,0],[0,1,0],[2,16,105]]
[[0,0,0],[1,0,0],[0,1,0],[28,33,105]]
[[0,0,0],[1,0,0],[0,1,0],[1,31,105]]
[[0,0,0],[1,0,0],[0,1,0],[1,17,105]]
[[0,0,0],[1,0,0],[0,1,0],[30,46,105]]
[[0,0,0],[1,0,0],[0,1,0],[85,51,105]]
[[0,0,0],[1,0,0],[0,1,0],[72,74,105]]
[[0,0,0],[1,0,0],[0,1,0],[18,19,105]]
[[0,0,0],[1,0,0],[0,1,0],[50,41,105]]
[[0,0,0],[1,0,0],[0,1,0],[40,31,105]]
[[0,0,0],[1,0,0],[0,1,0],[65,76,105]]
[[0,0,0],[1,0,0],[0,1,0],[45,96,105]]
[[0,0,0],[1,0,0],[0,1,0],[37,74,105]]
[[0,0,0],[1,0,0],[0,1,0],[25,6,105]]
[[0,0,0],[1,0,0],[0,1,0],[16,104,105]]
[[0,0,0],[1,0,0],[0,1,0],[28,57,105]]
[[0,0,0],[1,0,0],[0,1,0],[87,64,105]]
[[0,0,0],[1,0,0],[0,1,0],[5,80,105]]
[[0,0,0],[1,0,0],[0,1,0],[65,13,105]]
[[0,0,0],[1,0,0],[0,1,0],[39,81,105]]
[[0,0,0],[1,0,0],[0,1,0],[6,88,105]]
[[0,0,0],[1,0,0],[0,1,0],[48,48,105]]
[[0,0,0],[1,0,0],[0,1,0],[17,38,105]]
[[0,0,0],[1,0,0],[0,1,0],[75,10,105]]
[[0,0,0],[1,0,0],[0,1,0],[100,81,105]]
[[0,0,0],[1,0,0],[0,1,0],[5,26,105]]
[[0,0,0],[1,0,0],[0,1,0],[2,94,105]]
[[0,0,0],[1,0,0],[0,1,0],[5,73,105]]
[[0,0,0],[1,0,0],[0,1,0],[2,92,105]]
[[0,0,0],[1,0,0],[0,1,0],[3,22,105]]
[[0,0,0],[1,0,0],[0,1,0],[15,56,105]]
[[0,0,0],[1,0,0],[0,1,0],[2,29,105]]
[[0,0,0],[1,0,0],[0,1,0],[11,23,105]]
[[0,0,0],[1,0,0],[0,1,0],[69,86,105]]
[[0,0,0],[1,0,0],[0,1,0],[57,88,105]]
[[0,0,0],[1,0,0],[0,1,0],[39,87,105]]
[[0,0,0],[1,0,0],[0,1,0],[40,87,105]]
[[0,0,0],[1,0,0],[0,1,0],[2,59,105]]
[[0,0,0],[1,0,0],[0,1,0],[14,8,105]]
[[0,0,0],[1,0,0],[0,1,0],[11,32,105]]
[[0,0,0],[1,0,0],[0,1,0],[24,61,105]]
[[0,0,0],[1,0,0],[0,1,0],[98,98,105]]
[[0,0,0],[1,0,0],[0,1,0],[6,82,105]]
[[0,0,0],[1,0,0],[1,3,0],[11,5,35]]
[[0,0,0],[1,0,0],[0,1,0],[3,33,105]]
[[0,0,0],[1,0,0],[0,1,0],[2,83,105]]
[[0,0,0],[1,0,0],[0,1,0],[17,61,105]]
[[0,0,0],[1,0,0],[0,1,0],[12,16,105]]
[[0,0,0],[1,0,0],[0,1,0],[11,26,105]]
[[0,0,0],[1,0,0],[0,1,0],[18,18,105]]
[[0,0,0],[1,0,0],[0,1,0],[2,34,105]]
[[0,0,0],[1,0,0],[0,1,0],[15,76,105]]
[[0,0,0],[1,0,0],[0,1,0],[5,86,105]]
[[0,0,0],[1,0,0],[0,1,0],[72,43,105]]
[[0,0,0],[1,0,0],[0,1,0],[54,92,105]]
[[0,0,0],[1,0,0],[0,1,0],[54,38,105]]
[[0,0,0],[1,0,0],[0,1,0],[24,46,105]]
[[0,0,0],[1,0,0],[0,1,0],[77,104,105]]
[[0,0,0],[1,0,0],[0,1,0],[13,68,105]]
[[0,0,0],[1,0,0],[0,1,0],[54,66,105]]
[[0,0,0],[1,0,0],[0,1,0],[1,23,105]]
[[0,0,0],[1,0,0],[0,1,0],[9,41,105]]
[[0,0,0],[1,0,0],[0,1,0],[55,72,105]]
[[0,0,0],[1,0,0],[0,1,0],[17,34,105]]
[[0,0,0],[1,0,0],[0,1,0],[48,8,105]]
[[0,0,0],[1,0,0],[0,1,0],[24,37,105]]
[[0,0,0],[1,0,0],[0,1,0],[1,8,105]]
[[0,0,0],[1,0,0],[0,1,0],[87,68,105]]
[[0,0,0],[1,0,0],[0,1,0],[27,69,105]]
[[0,0,0],[1,0,0],[0,1,0],[39,103,105]]
[[0,0,0],[1,0,0],[0,1,0],[73,73,105]]
[[0,0,0],[1,0,0],[0,1,0],[11,88,105]]
[[0,0,0],[1,0,0],[0,1,0],[23,104,105]]
[[0,0,0],[1,0,0],[0,1,0],[6,86,105]]
[[0,0,0],[1,0,0],[0,1,0],[18,39,105]]
[[0,0,0],[1,0,0],[0,1,0],[18,52,105]]
[[0,0,0],[1,0,0],[0,1,0],[6,19,105]]
[[0,0,0],[1,0,0],[0,1,0],[10,46,105]]
[[0,0,0],[3,0,0],[0,1,0],[15,3,35]]
[[0,0,0],[1,0,0],[0,1,0],[27,46,105]]
[[0,0,0],[1,0,0],[0,1,0],[5,51,105]]
[[0,0,0],[1,0,0],[0,1,0],[48,83,105]]
[[0,0,0],[1,0,0],[0,1,0],[6,4,105]]
[[0,0,0],[1,0,0],[0,1,0],[30,31,105]]
[[0,0,0],[1,0,0],[0,1,0],[11,46,105]]
[[0,0,0],[1,0,0],[0,1,0],[59,59,105]]
[[0,0,0],[1,0,0],[0,1,0],[55,66,105]]
[[0,0,0],[1,0,0],[0,1,0],[15,31,105]]
[[0,0,0],[1,0,0],[0,1,0],[23,47,105]]
[[0,0,0],[1,0,0],[0,1,0],[15,16,105]]
[[0,0,0],[1,0,0],[0,1,0],[66,89,105]]
[[0,0,0],[1,0,0],[0,1,0],[14,57,105]]
[[0,0,0],[3,0,0],[0,1,0],[20,13,35]]
[[0,0,0],[1,0,0],[0,1,0],[54,2,105]]
[[0,0,0],[1,0,0],[0,1,0],[95,102,105]]
[[0,0,0],[1,0,0],[0,1,0],[1,1,105]]
[[0,0,0],[1,0,0],[0,1,0],[9,92,105]]
[[0,0,0],[1,0,0],[0,1,0],[27,23,105]]
[[0,0,0],[1,0,0],[0,1,0],[27,72,105]]
[[0,0,0],[1,0,0],[0,1,0],[49,12,105]]
[[0,0,0],[1,0,0],[0,1,0],[10,11,105]]
[[0,0,0],[3,0,0],[0,1,0],[25,6,35]]
[[0,0,0],[1,0,0],[0,5,0],[15,14,21]]
[[0,0,0],[1,0,0],[0,1,0],[20,51,105]]
[[0,0,0],[1,0,0],[0,1,0],[48,67,105]]
[[0,0,0],[1,0,0],[0,1,0],[24,52,105]]
[[0,0,0],[1,0,0],[0,1,0],[48,43,105]]
[[0,0,0],[1,0,0],[0,1,0],[26,26,105]]
[[0,0,0],[1,0,0],[0,1,0],[3,82,105]]
[[0,0,0],[1,0,0],[0,1,0],[27,51,105]]
[[0,0,0],[1,0,0],[0,1,0],[25,101,105]]
[[0,0,0],[1,0,0],[0,1,0],[12,39,105]]
[[0,0,0],[1,0,0],[0,1,0],[13,31,105]]
[[0,0,0],[1,0,0],[0,1,0],[57,19,105]]
[[0,0,0],[1,0,0],[0,1,0],[33,66,105]]
[[0,0,0],[1,0,0],[0,1,0],[6,76,105]]
[[0,0,0],[1,0,0],[0,1,0],[13,41,105]]
[[0,0,0],[1,0,0],[0,1,0],[4,11,105]]
[[0,0,0],[1,0,0],[0,1,0],[11,104,105]]
[[0,0,0],[1,0,0],[0,1,0],[21,22,105]]
[[0,0,0],[1,0,0],[0,1,0],[4,34,105]]
[[0,0,0],[1,0,0],[0,1,0],[8,13,105]]
[[0,0,0],[1,0,0],[0,1,0],[60,91,105]]
[[0,0,0],[1,0,0],[0,1,0],[77,50,105]]
[[0,0,0],[1,0,0],[0,1,0],[14,99,105]]
[[0,0,0],[1,0,0],[0,1,0],[10,86,105]]
[[0,0,0],[1,0,0],[0,1,0],[91,36,105]]
[[0,0,0],[1,0,0],[0,1,0],[30,55,105]]
[[0,0,0],[3,0,0],[0,1,0],[14,22,35]]
[[0,0,0],[1,0,0],[0,1,0],[4,22,105]]
[[0,0,0],[1,0,0],[0,1,0],[39,16,105]]
[[0,0,0],[1,0,0],[0,1,0],[3,46,105]]
[[0,0,0],[1,0,0],[0,1,0],[12,82,105]]
[[0,0,0],[1,0,0],[0,1,0],[91,78,105]]
[[0,0,0],[1,0,0],[0,1,0],[80,71,105]]
[[0,0,0],[1,0,0],[0,1,0],[91,99,105]]
[[0,0,0],[1,0,0],[0,1,0],[17,104,105]]
[[0,0,0],[1,0,0],[0,1,0],[49,36,105]]
[[0,0,0],[1,0,0],[0,1,0],[64,71,105]]
[[0,0,0],[1,0,0],[0,1,0],[23,76,105]]
[[0,0,0],[5,0,0],[0,1,0],[14,8,21]]
[[0,0,0],[1,0,0],[0,1,0],[4,47,105]]
[[0,0,0],[1,0,0],[0,1,0],[48,82,105]]
[[0,0,0],[1,0,0],[0,1,0],[3,1,105]]
[[0,0,0],[1,0,0],[0,1,0],[16,62,105]]
[[0,0,0],[1,0,0],[0,1,0],[4,13,105]]
[[0,0,0],[1,0,0],[0,1,0],[2,53,105]]
[[0,0,0],[1,0,0],[0,1,0],[28,36,105]]
[[0,0,0],[1,0,0],[0,1,0],[5,94,105]]
[[0,0,0],[1,0,0],[0,1,0],[15,1,105]]
[[0,0,0],[1,0,0],[0,1,0],[16,31,105]]
[[0,0,0],[1,0,0],[0,1,0],[2,97,105]]
[[0,0,0],[1,0,0],[0,1,0],[6,31,105]]
[[0,0,0],[1,0,0],[0,1,0],[7,92,105]]
[[0,0,0],[1,0,0],[0,1,0],[66,19,105]]
[[0,0,0],[1,0,0],[0,1,0],[22,44,105]]
[[0,0,0],[1,0,0],[0,1,0],[19,62,105]]
[[0,0,0],[1,0,0],[0,1,0],[40,6,105]]
[[0,0,0],[1,0,0],[0,1,0],[23,74,105]]
[[0,0,0],[1,0,0],[0,1,0],[18,23,105]]
[[0,0,0],[1,0,0],[0,1,0],[50,66,105]]
[[0,0,0],[1,0,0],[0,1,0],[12,34,105]]
[[0,0,0],[1,0,0],[0,1,0],[5,101,105]]
[[0,0,0],[1,0,0],[0,1,0],[39,52,105]]
[[0,0,0],[1,0,0],[0,1,0],[16,26,105]]
[[0,0,0],[1,0,0],[0,1,0],[51,83,105]]
[[0,0,0],[1,0,0],[0,1,0],[2,13,105]]
[[0,0,0],[1,0,0],[0,1,0],[33,93,105]]
[[0,0,0],[1,0,0],[0,1,0],[22,64,105]]
[[0,0,0],[1,0,0],[0,1,0],[33,17,105]]
[[0,0,0],[1,0,0],[0,1,0],[35,1,105]]
[[0,0,0],[1,0,0],[0,1,0],[63,43,105]]
[[0,0,0],[1,0,0],[0,1,0],[9,104,105]]
[[0,0,0],[1,0,0],[0,1,0],[11,37,105]]
[[0,0,0],[1,0,0],[0,1,0],[12,104,105]]
[[0,0,0],[1,0,0],[0,1,0],[10,16,105]]
[[0,0,0],[1,0,0],[0,1,0],[65,81,105]]
[[0,0,0],[1,0,0],[0,1,0],[39,17,105]]
[[0,0,0],[1,0,0],[0,1,0],[23,58,105]]
[[0,0,0],[1,0,0],[0,1,0],[72,34,105]]
[[0,0,0],[1,0,0],[0,1,0],[25,39,105]]
[[0,0,0],[1,0,0],[2,3,0],[23,10,35]]
[[0,0,0],[1,0,0],[0,1,0],[4,32,105]]
[[0,0,0],[3,0,0],[0,1,0],[5,11,35]]
[[0,0,0],[1,0,0],[0,1,0],[13,44,105]]
[[0,0,0],[1,0,0],[0,1,0],[4,16,105]]
[[0,0,0],[1,0,0],[0,1,0],[20,44,105]]
[[0,0,0],[1,0,0],[0,1,0],[27,89,105]]
[[0,0,0],[1,0,0],[0,1,0],[16,38,105]]
[[0,0,0],[1,0,0],[0,1,0],[3,89,105]]
[[0,0,0],[1,0,0],[0,1,0],[30,1,105]]
[[0,0,0],[1,0,0],[0,1,0],[27,2,105]]
[[0,0,0],[1,0,0],[0,1,0],[54,31,105]]
[[0,0,0],[1,0,0],[0,1,0],[39,47,105]]
[[0,0,0],[1,0,0],[0,1,0],[69,72,105]]
[[0,0,0],[3,0,0],[0,1,0],[15,31,35]]
[[0,0,0],[1,0,0],[0,1,0],[2,46,105]]
[[0,0,0],[1,0,0],[0,1,0],[2,8,105]]
[[0,0,0],[1,0,0],[0,1,0],[33,103,105]]
[[0,0,0],[1,0,0],[0,1,0],[22,89,105]]
[[0,0,0],[1,0,0],[0,1,0],[19,22,105]]
[[0,0,0],[1,0,0],[0,1,0],[77,29,105]]
[[0,0,0],[1,0,0],[0,1,0],[39,67,105]]
[[0,0,0],[1,0,0],[0,1,0],[18,102,105]]
[[0,0,0],[1,0,0],[0,1,0],[81,81,105]]
[[0,0,0],[1,0,0],[0,1,0],[44,44,105]]
[[0,0,0],[1,0,0],[0,1,0],[40,94,105]]
[[0,0,0],[1,0,0],[0,1,0],[24,26,105]]
[[0,0,0],[1,0,0],[0,1,0],[11,11,105]]
[[0,0,0],[3,0,0],[0,1,0],[10,6,35]]
[[0,0,0],[3,0,0],[0,1,0],[5,1,35]]
[[0,0,0],[1,0,0],[0,1,0],[20,93,105]]
[[0,0,0],[1,0,0],[0,1,0],[13,94,105]]
[[0,0,0],[1,0,0],[0,1,0],[13,88,105]]
[[0,0,0],[1,0,0],[0,1,0],[8,34,105]]
[[0,0,0],[1,0,0],[0,1,0],[80,41,105]]
[[0,0,0],[1,0,0],[0,1,0],[57,76,105]]
[[0,0,0],[1,0,0],[0,1,0],[7,22,105]]
[[0,0,0],[1,0,0],[0,1,0],[28,78,105]]
[[0,0,0],[1,0,0],[0,1,0],[9,62,105]]
[[0,0,0],[1,0,0],[0,1,0],[6,52,105]]
[[0,0,0],[1,0,0],[0,1,0],[8,86,105]]
[[0,0,0],[1,0,0],[0,1,0],[45,40,105]]
[[0,0,0],[1,0,0],[0,1,0],[31,47,105]]
[[0,0,0],[1,0,0],[0,1,0],[13,17,105]]
[[0,0,0],[1,0,0],[0,1,0],[12,19,105]]
[[0,0,0],[1,0,0],[0,1,0],[34,47,105]]
[[0,0,0],[1,0,0],[0,1,0],[16,22,105]]
[[0,0,0],[1,0,0],[0,1,0],[40,71,105]]
[[0,0,0],[1,0,0],[0,1,0],[25,95,105]]
[[0,0,0],[1,0,0],[0,1,0],[27,104,105]]
[[0,0,0],[1,0,0],[0,1,0],[20,41,105]]
[[0,0,0],[1,0,0],[0,1,0],[8,22,105]]
[[0,0,0],[1,0,0],[0,1,0],[60,88,105]]
[[0,0,0],[1,0,0],[0,1,0],[4,82,105]]
[[0,0,0],[1,0,0],[0,1,0],[27,22,105]]
[[0,0,0],[1,0,0],[0,1,0],[26,104,105]]
[[0,0,0],[1,0,0],[0,1,0],[28,50,105]]
[[0,0,0],[1,0,0],[0,1,0],[19,26,105]]
[[0,0,0],[1,0,0],[0,1,0],[21,50,105]]
[[0,0,0],[1,0,0],[0,1,0],[18,58,105]]
[[0,0,0],[1,0,0],[0,1,0],[78,83,105]]
[[0,0,0],[1,0,0],[0,1,0],[11,74,105]]
[[0,0,0],[1,0,0],[0,1,0],[63,8,105]]
[[0,0,0],[1,0,0],[0,1,0],[27,52,105]]
[[0,0,0],[1,0,0],[0,1,0],[20,9,105]]
[[0,0,0],[1,0,0],[0,1,0],[18,1,105]]
[[0,0,0],[1,0,0],[0,1,0],[9,52,105]]
[[0,0,0],[1,0,0],[0,1,0],[20,26,105]]
[[0,0,0],[1,0,0],[0,1,0],[9,19,105]]
[[0,0,0],[1,0,0],[0,1,0],[11,67,105]]
[[0,0,0],[1,0,0],[0,1,0],[9,87,105]]
[[0,0,0],[1,0,0],[0,3,0],[15,28,35]]
[[0,0,0],[1,0,0],[0,1,0],[24,87,105]]
[[0,0,0],[1,0,0],[0,1,0],[28,48,105]]
[[0,0,0],[1,0,0],[0,1,0],[40,73,105]]
[[0,0,0],[1,0,0],[1,3,0],[21,14,35]]
[[0,0,0],[1,0,0],[0,1,0],[60,46,105]]
[[0,0,0],[1,0,0],[0,1,0],[3,61,105]]
[[0,0,0],[1,0,0],[0,1,0],[100,27,105]]
[[0,0,0],[1,0,0],[0,1,0],[48,61,105]]
[[0,0,0],[1,0,0],[0,1,0],[95,39,105]]
[[0,0,0],[1,0,0],[0,1,0],[10,12,105]]
[[0,0,0],[1,0,0],[0,1,0],[1,22,105]]
[[0,0,0],[1,0,0],[0,1,0],[41,62,105]]
[[0,0,0],[1,0,0],[0,1,0],[55,36,105]]
[[0,0,0],[1,0,0],[0,1,0],[85,66,105]]
[[0,0,0],[1,0,0],[0,1,0],[27,19,105]]
[[0,0,0],[1,0,0],[0,1,0],[5,11,105]]
[[0,0,0],[1,0,0],[0,1,0],[8,62,105]]
[[0,0,0],[1,0,0],[0,1,0],[11,68,105]]
[[0,0,0],[1,0,0],[0,1,0],[93,104,105]]
[[0,0,0],[1,0,0],[0,1,0],[12,87,105]]
[[0,0,0],[1,0,0],[0,1,0],[2,64,105]]
[[0,0,0],[1,0,0],[0,1,0],[50,101,105]]
[[0,0,0],[1,0,0],[0,1,0],[12,24,105]]
[[0,0,0],[1,0,0],[0,1,0],[17,41,105]]
[[0,0,0],[1,0,0],[0,1,0],[50,6,105]]
[[0,0,0],[1,0,0],[0,1,0],[3,73,105]]
[[0,0,0],[1,0,0],[0,1,0],[19,59,105]]
[[0,0,0],[1,0,0],[0,1,0],[25,74,105]]
[[0,0,0],[1,0,0],[0,1,0],[57,79,105]]
[[0,0,0],[1,0,0],[2,3,0],[16,10,35]]
[[0,0,0],[1,0,0],[0,1,0],[93,103,105]]
[[0,0,0],[1,0,0],[0,1,0],[48,93,105]]
[[0,0,0],[1,0,0],[0,1,0],[17,59,105]]
[[0,0,0],[1,0,0],[0,1,0],[65,69,105]]
[[0,0,0],[1,0,0],[0,1,0],[95,81,105]]
[[0,0,0],[1,0,0],[0,1,0],[26,47,105]]
[[0,0,0],[1,0,0],[0,1,0],[7,1,105]]
[[0,0,0],[1,0,0],[1,3,0],[22,10,35]]
[[0,0,0],[1,0,0],[0,1,0],[93,68,105]]
[[0,0,0],[1,0,0],[0,1,0],[24,2,105]]
[[0,0,0],[1,0,0],[0,1,0],[7,29,105]]
[[0,0,0],[1,0,0],[0,1,0],[5,1,105]]
[[0,0,0],[1,0,0],[0,1,0],[62,104,105]]
[[0,0,0],[1,0,0],[0,1,0],[42,1,105]]
[[0,0,0],[1,0,0],[0,1,0],[27,103,105]]
[[0,0,0],[1,0,0],[0,1,0],[5,46,105]]
[[0,0,0],[3,0,0],[0,1,0],[7,8,35]]
[[0,0,0],[1,0,0],[0,1,0],[87,99,105]]
[[0,0,0],[1,0,0],[0,1,0],[10,33,105]]
[[0,0,0],[1,0,0],[0,1,0],[69,58,105]]
[[0,0,0],[1,0,0],[0,1,0],[57,104,105]]
[[0,0,0],[1,0,0],[0,1,0],[40,1,105]]
[[0,0,0],[1,0,0],[0,1,0],[27,74,105]]
[[0,0,0],[1,0,0],[0,1,0],[9,12,105]]
[[0,0,0],[1,0,0],[0,1,0],[29,29,105]]
[[0,0,0],[1,0,0],[0,1,0],[8,104,105]]
[[0,0,0],[1,0,0],[0,1,0],[80,54,105]]
[[0,0,0],[1,0,0],[0,1,0],[6,2,105]]
[[0,0,0],[1,0,0],[0,1,0],[9,79,105]]
[[0,0,0],[1,0,0],[0,1,0],[6,34,105]]
[[0,0,0],[1,0,0],[0,1,0],[6,64,105]]
[[0,0,0],[1,0,0],[0,1,0],[6,1,105]]
[[0,0,0],[1,0,0],[0,1,0],[3,18,105]]
[[0,0,0],[1,0,0],[0,1,0],[1,2,105]]
[[0,0,0],[1,0,0],[0,1,0],[18,22,105]]
