[[0,0,0],[1,0,0],[0,1,0],[42,9,106]]
[[0,0,0],[1,0,0],[0,1,0],[0,1,106]]
[[0,0,0],[1,0,0],[0,1,0],[20,49,106]]
[[0,0,0],[1,0,0],[0,1,0],[14,63,106]]
[[0,0,0],[1,0,0],[0,1,0],[12,37,106]]
[[0,0,0],[1,0,0],[0,1,0],[10,49,106]]
[[0,0,0],[1,0,0],[0,1,0],[18,99,106]]
[[0,0,0],[1,0,0],[0,1,0],[5,13,106]]
[[0,0,0],[1,0,0],[0,1,0],[44,105,106]]
[[0,0,0],[1,0,0],[0,1,0],[2,61,106]]
[[0,0,0],[1,0,0],[0,1,0],[60,61,106]]
[[0,0,0],[1,0,0],[0,1,0],[14,71,106]]
[[0,0,0],[1,0,0],[0,1,0],[20,37,106]]
[[0,0,0],[1,0,0],[0,1,0],[7,101,106]]
[[0,0,0],[1,0,0],[0,1,0],[34,17,106]]
[[0,0,0],[1,0,0],[0,1,0],[2,39,106]]
[[0,0,0],[1,0,0],[0,1,0],[10,63,106]]
[[0,0,0],[1,0,0],[0,1,0],[12,35,106]]
[[0,0,0],[1,0,0],[0,1,0],[24,17,106]]
[[0,0,0],[1,0,0],[0,1,0],[12,99,106]]
[[0,0,0],[1,0,0],[0,1,0],[11,35,106]]
[[0,0,0],[1,0,0],[0,1,0],[38,31,106]]
[[0,0,0],[1,0,0],[0,1,0],[44,3,106]]
[[0,0,0],[1,0,0],[0,1,0],[8,83,106]]
[[0,0,0],[1,0,0],[0,1,0],[7,49,106]]
[[0,0,0],[1,0,0],[0,1,0],[46,97,106]]
[[0,0,0],[1,0,0],[0,1,0],[18,33,106]]
[[0,0,0],[1,0,0],[0,1,0],[62,67,106]]
[[0,0,0],[1,0,0],[0,1,0],[20,87,106]]
[[0,0,0],[1,0,0],[0,1,0],[1,3,106]]
[[0,0,0],[1,0,0],[0,1,0],[70,90,106]]
[[0,0,0],[1,0,0],[0,1,0],[32,43,106]]
[[0,0,0],[1,0,0],[0,1,0],[5,25,106]]
[[0,0,0],[1,0,0],[0,1,0],[8,101,106]]
[[0,0,0],[1,0,0],[0,1,0],[1,37,106]]
[[0,0,0],[1,0,0],[0,1,0],[8,9,106]]
[[0,0,0],[1,0,0],[0,1,0],[12,49,106]]
[[0,0,0],[1,0,0],[0,1,0],[20,67,106]]
[[0,0,0],[1,0,0],[0,1,0],[40,89,106]]
[[0,0,0],[1,0,0],[0,1,0],[5,49,106]]
[[0,0,0],[1,0,0],[0,1,0],[32,17,106]]
[[0,0,0],[1,0,0],[0,1,0],[28,87,106]]
[[0,0,0],[1,0,0],[0,1,0],[60,87,106]]
[[0,0,0],[1,0,0],[0,1,0],[6,59,106]]
[[0,0,0],[1,0,0],[0,1,0],[7,11,106]]
[[0,0,0],[1,0,0],[0,1,0],[2,33,106]]
[[0,0,0],[1,0,0],[0,1,0],[14,61,106]]
[[0,0,0],[1,0,0],[0,1,0],[12,97,106]]
[[0,0,0],[1,0,0],[0,1,0],[56,63,106]]
[[0,0,0],[1,0,0],[0,1,0],[34,75,106]]
[[0,0,0],[1,0,0],[0,1,0],[28,79,106]]
[[0,0,0],[1,0,0],[0,1,0],[24,83,106]]
[[0,0,0],[1,0,0],[0,1,0],[40,93,106]]
[[0,0,0],[1,0,0],[0,1,0],[50,79,106]]
[[0,0,0],[1,0,0],[0,1,0],[52,1,106]]
[[0,0,0],[1,0,0],[0,1,0],[16,103,106]]
[[0,0,0],[1,0,0],[0,1,0],[12,29,106]]
[[0,0,0],[1,0,0],[0,1,0],[58,73,106]]
[[0,0,0],[1,0,0],[0,1,0],[28,31,106]]
[[0,0,0],[1,0,0],[0,1,0],[32,41,106]]
[[0,0,0],[1,0,0],[0,1,0],[34,5,106]]
[[0,0,0],[1,0,0],[0,1,0],[4,99,106]]
[[0,0,0],[1,0,0],[0,1,0],[22,49,106]]
[[0,0,0],[1,0,0],[0,1,0],[10,29,106]]
[[0,0,0],[1,0,0],[0,1,0],[2,1,106]]
[[0,0,0],[1,0,0],[0,1,0],[4,63,106]]
[[0,0,0],[1,0,0],[0,1,0],[18,105,106]]
[[0,0,0],[1,0,0],[0,1,0],[11,13,106]]
[[0,0,0],[1,0,0],[0,1,0],[14,29,106]]
[[0,0,0],[1,0,0],[0,1,0],[26,1,106]]
[[0,0,0],[1,0,0],[0,1,0],[3,31,106]]
[[0,0,0],[1,0,0],[0,1,0],[6,55,106]]
[[0,0,0],[1,0,0],[0,1,0],[28,97,106]]
[[0,0,0],[1,0,0],[0,1,0],[80,80,106]]
[[0,0,0],[1,0,0],[0,1,0],[16,55,106]]
[[0,0,0],[1,0,0],[0,1,0],[88,25,106]]
[[0,0,0],[1,0,0],[0,1,0],[15,93,106]]
[[0,0,0],[1,0,0],[0,1,0],[82,49,106]]
[[0,0,0],[1,0,0],[0,1,0],[16,25,106]]
[[0,0,0],[1,0,0],[0,1,0],[64,85,106]]
[[0,0,0],[1,0,0],[0,1,0],[20,57,106]]
[[0,0,0],[1,0,0],[0,1,0],[24,5,106]]
[[0,0,0],[1,0,0],[0,1,0],[8,29,106]]
[[0,0,0],[1,0,0],[0,1,0],[3,43,106]]
[[0,0,0],[1,0,0],[0,1,0],[42,83,106]]
[[0,0,0],[1,0,0],[0,1,0],[30,41,106]]
[[0,0,0],[1,0,0],[0,1,0],[21,39,106]]
[[0,0,0],[1,0,0],[0,1,0],[20,11,106]]
[[0,0,0],[1,0,0],[0,1,0],[8,5,106]]
[[0,0,0],[1,0,0],[0,1,0],[62,98,106]]
[[0,0,0],[1,0,0],[0,1,0],[30,93,106]]
[[0,0,0],[1,0,0],[0,1,0],[4,85,106]]
[[0,0,0],[1,0,0],[0,1,0],[10,17,106]]
[[0,0,0],[1,0,0],[0,1,0],[42,95,106]]
[[0,0,0],[1,0,0],[0,1,0],[36,31,106]]
[[0,0,0],[1,0,0],[0,1,0],[8,27,106]]
[[0,0,0],[1,0,0],[0,1,0],[10,21,106]]
[[0,0,0],[1,0,0],[0,1,0],[38,69,106]]
[[0,0,0],[1,0,0],[0,1,0],[6,81,106]]
[[0,0,0],[1,0,0],[0,1,0],[1,27,106]]
[[0,0,0],[1,0,0],[0,1,0],[22,61,106]]
[[0,0,0],[1,0,0],[0,1,0],[36,33,106]]
[[0,0,0],[1,0,0],[0,1,0],[16,47,106]]
[[0,0,0],[1,0,0],[0,1,0],[26,39,106]]
[[0,0,0],[1,0,0],[0,1,0],[6,13,106]]
[[0,0,0],[1,0,0],[0,1,0],[26,103,106]]
[[0,0,0],[1,0,0],[0,1,0],[4,31,106]]
[[0,0,0],[1,0,0],[0,1,0],[44,9,106]]
[[0,0,0],[1,0,0],[0,1,0],[6,39,106]]
[[0,0,0],[1,0,0],[0,1,0],[4,33,106]]
[[0,0,0],[1,0,0],[0,1,0],[16,7,106]]
[[0,0,0],[1,0,0],[0,1,0],[2,79,106]]
[[0,0,0],[1,0,0],[0,1,0],[34,19,106]]
[[0,0,0],[1,0,0],[0,1,0],[26,91,106]]
[[0,0,0],[1,0,0],[0,1,0],[44,77,106]]
[[0,0,0],[1,0,0],[0,1,0],[2,15,106]]
[[0,0,0],[1,0,0],[0,1,0],[44,87,106]]
[[0,0,0],[1,0,0],[0,1,0],[3,23,106]]
[[0,0,0],[1,0,0],[0,1,0],[8,99,106]]
[[0,0,0],[1,0,0],[0,1,0],[10,13,106]]
[[0,0,0],[1,0,0],[0,1,0],[32,3,106]]
[[0,0,0],[1,0,0],[0,1,0],[12,1,106]]
[[0,0,0],[1,0,0],[0,1,0],[38,7,106]]
[[0,0,0],[1,0,0],[0,1,0],[20,23,106]]
[[0,0,0],[1,0,0],[0,1,0],[48,59,106]]
[[0,0,0],[1,0,0],[0,1,0],[28,11,106]]
[[0,0,0],[1,0,0],[0,1,0],[84,45,106]]
[[0,0,0],[1,0,0],[0,1,0],[8,21,106]]
[[0,0,0],[1,0,0],[0,1,0],[7,23,106]]
[[0,0,0],[1,0,0],[0,1,0],[36,99,106]]
[[0,0,0],[1,0,0],[0,1,0],[10,105,106]]
[[0,0,0],[1,0,0],[0,1,0],[12,21,106]]
[[0,0,0],[1,0,0],[0,1,0],[2,45,106]]
[[0,0,0],[1,0,0],[0,1,0],[10,71,106]]
[[0,0,0],[1,0,0],[0,1,0],[40,79,106]]
[[0,0,0],[1,0,0],[0,1,0],[5,103,106]]
[[0,0,0],[1,0,0],[0,1,0],[28,105,106]]
[[0,0,0],[1,0,0],[0,1,0],[12,61,106]]
[[0,0,0],[1,0,0],[0,1,0],[10,44,106]]
[[0,0,0],[1,0,0],[0,1,0],[76,84,106]]
[[0,0,0],[1,0,0],[0,1,0],[3,45,106]]
[[0,0,0],[1,0,0],[0,1,0],[50,61,106]]
[[0,0,0],[1,0,0],[0,1,0],[6,71,106]]
[[0,0,0],[1,0,0],[0,1,0],[30,97,106]]
[[0,0,0],[1,0,0],[0,1,0],[30,21,106]]
[[0,0,0],[1,0,0],[0,1,0],[19,35,106]]
[[0,0,0],[1,0,0],[0,1,0],[24,15,106]]
[[0,0,0],[1,0,0],[0,1,0],[5,39,106]]
[[0,0,0],[1,0,0],[0,1,0],[8,23,106]]
[[0,0,0],[1,0,0],[0,1,0],[32,21,106]]
[[0,0,0],[1,0,0],[0,1,0],[10,97,106]]
[[0,0,0],[1,0,0],[0,1,0],[2,3,106]]
[[0,0,0],[1,0,0],[0,1,0],[34,93,106]]
[[0,0,0],[1,0,0],[0,1,0],[26,41,106]]
[[0,0,0],[1,0,0],[0,1,0],[27,93,106]]
[[0,0,0],[1,0,0],[0,1,0],[36,79,106]]
[[0,0,0],[1,0,0],[0,1,0],[2,11,106]]
[[0,0,0],[1,0,0],[0,1,0],[24,91,106]]
[[0,0,0],[1,0,0],[0,1,0],[5,29,106]]
[[0,0,0],[1,0,0],[0,1,0],[9,11,106]]
[[0,0,0],[1,0,0],[0,1,0],[6,29,106]]
[[0,0,0],[1,0,0],[0,1,0],[11,39,106]]
[[0,0,0],[1,0,0],[0,1,0],[24,30,106]]
[[0,0,0],[1,0,0],[0,1,0],[44,13,106]]
[[0,0,0],[1,0,0],[0,1,0],[8,17,106]]
[[0,0,0],[1,0,0],[0,1,0],[8,1,106]]
[[0,0,0],[1,0,0],[0,1,0],[42,81,106]]
[[0,0,0],[1,0,0],[0,1,0],[13,37,106]]
[[0,0,0],[1,0,0],[0,1,0],[2,51,106]]
[[0,0,0],[1,0,0],[0,1,0],[42,65,106]]
[[0,0,0],[1,0,0],[0,1,0],[12,33,106]]
[[0,0,0],[2,0,0],[0,1,0],[0,1,53]]
[[0,0,0],[1,0,0],[0,1,0],[54,77,106]]
[[0,0,0],[1,0,0],[0,1,0],[28,1,106]]
[[0,0,0],[1,0,0],[0,1,0],[50,97,106]]
[[0,0,0],[1,0,0],[0,1,0],[10,35,106]]
[[0,0,0],[1,0,0],[0,1,0],[22,55,106]]
[[0,0,0],[1,0,0],[0,1,0],[10,79,106]]
[[0,0,0],[1,0,0],[0,1,0],[10,43,106]]
[[0,0,0],[1,0,0],[0,1,0],[5,27,106]]
[[0,0,0],[1,0,0],[0,1,0],[3,11,106]]
[[0,0,0],[1,0,0],[0,1,0],[5,41,106]]
[[0,0,0],[1,0,0],[0,1,0],[10,1,106]]
[[0,0,0],[1,0,0],[0,1,0],[2,77,106]]
[[0,0,0],[1,0,0],[0,1,0],[24,35,106]]
[[0,0,0],[1,0,0],[0,1,0],[20,15,106]]
[[0,0,0],[1,0,0],[0,1,0],[28,103,106]]
[[0,0,0],[1,0,0],[0,1,0],[2,73,106]]
[[0,0,0],[1,0,0],[0,1,0],[20,17,106]]
[[0,0,0],[1,0,0],[0,1,0],[26,7,106]]
[[0,0,0],[1,0,0],[0,1,0],[22,23,106]]
[[0,0,0],[1,0,0],[0,1,0],[54,57,106]]
[[0,0,0],[1,0,0],[0,1,0],[22,25,106]]
[[0,0,0],[1,0,0],[0,1,0],[5,5,106]]
[[0,0,0],[1,0,0],[0,1,0],[14,67,106]]
[[0,0,0],[1,0,0],[0,1,0],[2,49,106]]
[[0,0,0],[1,0,0],[0,1,0],[4,103,106]]
[[0,0,0],[1,0,0],[0,1,0],[6,23,106]]
[[0,0,0],[1,0,0],[0,1,0],[4,29,106]]
[[0,0,0],[1,0,0],[0,1,0],[10,103,106]]
[[0,0,0],[1,0,0],[0,1,0],[22,51,106]]
[[0,0,0],[1,0,0],[0,1,0],[40,15,106]]
[[0,0,0],[1,0,0],[0,1,0],[9,45,106]]
[[0,0,0],[1,0,0],[0,1,0],[74,45,106]]
[[0,0,0],[1,0,0],[0,1,0],[14,37,106]]
[[0,0,0],[1,0,0],[0,1,0],[20,63,106]]
[[0,0,0],[1,0,0],[0,1,0],[2,31,106]]
[[0,0,0],[1,0,0],[0,1,0],[7,9,106]]
[[0,0,0],[1,0,0],[0,1,0],[16,35,106]]
[[0,0,0],[1,0,0],[0,1,0],[2,52,106]]
[[0,0,0],[1,0,0],[0,1,0],[6,45,106]]
[[0,0,0],[1,0,0],[0,1,0],[28,45,106]]
[[0,0,0],[1,0,0],[0,1,0],[24,11,106]]
[[0,0,0],[1,0,0],[0,1,0],[1,33,106]]
[[0,0,0],[1,0,0],[0,1,0],[10,75,106]]
[[0,0,0],[1,0,0],[0,1,0],[13,19,106]]
[[0,0,0],[1,0,0],[0,1,0],[23,95,106]]
[[0,0,0],[1,0,0],[0,1,0],[8,19,106]]
[[0,0,0],[1,0,0],[0,1,0],[20,105,106]]
[[0,0,0],[1,0,0],[0,1,0],[26,17,106]]
[[0,0,0],[1,0,0],[0,1,0],[16,1,106]]
[[0,0,0],[1,0,0],[0,1,0],[12,69,106]]
[[0,0,0],[1,0,0],[0,1,0],[4,50,106]]
[[0,0,0],[1,0,0],[0,1,0],[3,27,106]]
[[0,0,0],[1,0,0],[0,1,0],[36,87,106]]
[[0,0,0],[1,0,0],[0,1,0],[6,9,106]]
[[0,0,0],[1,0,0],[0,1,0],[7,17,106]]
[[0,0,0],[1,0,0],[0,1,0],[8,47,106]]
[[0,0,0],[1,0,0],[0,1,0],[36,1,106]]
[[0,0,0],[1,0,0],[0,1,0],[4,35,106]]
[[0,0,0],[1,0,0],[0,1,0],[22,97,106]]
[[0,0,0],[1,0,0],[0,1,0],[14,9,106]]
[[0,0,0],[1,0,0],[0,1,0],[4,87,106]]
[[0,0,0],[1,0,0],[0,1,0],[22,27,106]]
[[0,0,0],[1,0,0],[0,1,0],[8,63,106]]
[[0,0,0],[1,0,0],[0,1,0],[4,27,106]]
[[0,0,0],[1,0,0],[0,1,0],[78,82,106]]
[[0,0,0],[1,0,0],[0,1,0],[14,1,106]]
[[0,0,0],[1,0,0],[0,1,0],[3,21,106]]
[[0,0,0],[1,0,0],[0,1,0],[2,35,106]]
[[0,0,0],[1,0,0],[0,1,0],[12,101,106]]
[[0,0,0],[1,0,0],[0,1,0],[14,51,106]]
[[0,0,0],[1,0,0],[0,1,0],[9,49,106]]
[[0,0,0],[1,0,0],[0,1,0],[6,93,106]]
[[0,0,0],[1,0,0],[0,1,0],[16,73,106]]
[[0,0,0],[1,0,0],[0,1,0],[15,35,106]]
[[0,0,0],[1,0,0],[0,1,0],[36,93,106]]
[[0,0,0],[1,0,0],[0,1,0],[10,81,106]]
[[0,0,0],[1,0,0],[0,1,0],[3,47,106]]
[[0,0,0],[1,0,0],[0,1,0],[4,93,106]]
[[0,0,0],[1,0,0],[0,1,0],[40,23,106]]
[[0,0,0],[1,0,0],[0,1,0],[66,94,106]]
[[0,0,0],[1,0,0],[0,1,0],[22,41,106]]
[[0,0,0],[1,0,0],[0,1,0],[24,13,106]]
[[0,0,0],[1,0,0],[0,1,0],[16,71,106]]
[[0,0,0],[1,0,0],[0,1,0],[18,61,106]]
[[0,0,0],[1,0,0],[0,1,0],[36,23,106]]
[[0,0,0],[1,0,0],[0,1,0],[18,89,106]]
[[0,0,0],[1,0,0],[0,1,0],[20,35,106]]
[[0,0,0],[1,0,0],[0,1,0],[12,41,106]]
[[0,0,0],[1,0,0],[0,1,0],[30,83,106]]
[[0,0,0],[1,0,0],[0,1,0],[4,15,106]]
[[0,0,0],[1,0,0],[0,1,0],[8,35,106]]
[[0,0,0],[1,0,0],[0,1,0],[14,19,106]]
[[0,0,0],[1,0,0],[0,1,0],[38,19,106]]
[[0,0,0],[1,0,0],[0,1,0],[26,9,106]]
[[0,0,0],[1,0,0],[0,1,0],[5,9,106]]
[[0,0,0],[1,0,0],[0,1,0],[30,87,106]]
[[0,0,0],[1,0,0],[0,1,0],[52,97,106]]
[[0,0,0],[1,0,0],[0,1,0],[6,41,106]]
[[0,0,0],[1,0,0],[0,1,0],[30,3,106]]
[[0,0,0],[1,0,0],[0,1,0],[48,5,106]]
[[0,0,0],[1,0,0],[0,1,0],[36,101,106]]
[[0,0,0],[1,0,0],[0,1,0],[20,95,106]]
[[0,0,0],[1,0,0],[0,1,0],[52,87,106]]
[[0,0,0],[1,0,0],[0,1,0],[11,97,106]]
[[0,0,0],[1,0,0],[0,1,0],[8,59,106]]
[[0,0,0],[1,0,0],[0,1,0],[51,69,106]]
[[0,0,0],[1,0,0],[0,1,0],[16,91,106]]
[[0,0,0],[1,0,0],[0,1,0],[2,67,106]]
[[0,0,0],[1,0,0],[0,1,0],[11,15,106]]
[[0,0,0],[1,0,0],[0,1,0],[9,47,106]]
[[0,0,0],[1,0,0],[0,1,0],[1,9,106]]
[[0,0,0],[1,0,0],[0,1,0],[7,21,106]]
[[0,0,0],[1,0,0],[0,1,0],[4,77,106]]
[[0,0,0],[1,0,0],[0,1,0],[8,77,106]]
[[0,0,0],[1,0,0],[0,1,0],[58,89,106]]
[[0,0,0],[1,0,0],[0,1,0],[14,39,106]]
[[0,0,0],[1,0,0],[0,1,0],[7,103,106]]
[[0,0,0],[1,0,0],[0,1,0],[27,27,106]]
[[0,0,0],[1,0,0],[0,1,0],[14,40,106]]
[[0,0,0],[1,0,0],[0,1,0],[20,1,106]]
[[0,0,0],[1,0,0],[0,1,0],[2,37,106]]
[[0,0,0],[1,0,0],[0,1,0],[14,7,106]]
[[0,0,0],[1,0,0],[0,1,0],[18,55,106]]
[[0,0,0],[1,0,0],[0,1,0],[6,11,106]]
[[0,0,0],[1,0,0],[0,1,0],[8,39,106]]
[[0,0,0],[1,0,0],[0,1,0],[44,5,106]]
[[0,0,0],[1,0,0],[0,1,0],[10,25,106]]
[[0,0,0],[1,0,0],[0,1,0],[6,83,106]]
[[0,0,0],[1,0,0],[0,1,0],[10,19,106]]
[[0,0,0],[1,0,0],[0,1,0],[12,5,106]]
[[0,0,0],[1,0,0],[0,1,0],[16,63,106]]
[[0,0,0],[1,0,0],[0,1,0],[12,81,106]]
[[0,0,0],[1,0,0],[0,1,0],[24,95,106]]
[[0,0,0],[1,0,0],[0,1,0],[32,79,106]]
[[0,0,0],[1,0,0],[0,1,0],[7,47,106]]
[[0,0,0],[1,0,0],[0,1,0],[38,93,106]]
[[0,0,0],[1,0,0],[0,1,0],[3,19,106]]
[[0,0,0],[1,0,0],[0,1,0],[16,13,106]]
[[0,0,0],[1,0,0],[0,1,0],[4,61,106]]
[[0,0,0],[1,0,0],[0,1,0],[13,97,106]]
[[0,0,0],[1,0,0],[0,1,0],[14,3,106]]
[[0,0,0],[1,0,0],[0,1,0],[20,5,106]]
[[0,0,0],[1,0,0],[0,1,0],[22,32,106]]
[[0,0,0],[1,0,0],[0,1,0],[28,93,106]]
[[0,0,0],[1,0,0],[0,1,0],[4,23,106]]
[[0,0,0],[1,0,0],[0,1,0],[8,71,106]]
[[0,0,0],[1,0,0],[0,1,0],[3,13,106]]
[[0,0,0],[1,0,0],[0,1,0],[20,27,106]]
[[0,0,0],[1,0,0],[0,1,0],[10,15,106]]
[[0,0,0],[1,0,0],[0,1,0],[2,57,106]]
[[0,0,0],[1,0,0],[0,1,0],[27,81,106]]
[[0,0,0],[1,0,0],[0,1,0],[26,27,106]]
[[0,0,0],[1,0,0],[0,1,0],[24,19,106]]
[[0,0,0],[1,0,0],[0,1,0],[38,95,106]]
[[0,0,0],[1,0,0],[0,1,0],[6,17,106]]
[[0,0,0],[1,0,0],[0,1,0],[6,47,106]]
[[0,0,0],[1,0,0],[0,1,0],[4,83,106]]
[[0,0,0],[1,0,0],[0,1,0],[22,11,106]]
[[0,0,0],[1,0,0],[0,1,0],[10,85,106]]
[[0,0,0],[1,0,0],[0,1,0],[8,55,106]]
[[0,0,0],[1,0,0],[0,1,0],[12,27,106]]
[[0,0,0],[1,0,0],[0,1,0],[3,39,106]]
[[0,0,0],[1,0,0],[0,1,0],[24,33,106]]
[[0,0,0],[1,0,0],[0,1,0],[8,31,106]]
[[0,0,0],[1,0,0],[0,1,0],[22,17,106]]
[[0,0,0],[1,0,0],[0,1,0],[3,3,106]]
[[0,0,0],[1,0,0],[0,1,0],[46,7,106]]
[[0,0,0],[1,0,0],[0,1,0],[5,17,106]]
[[0,0,0],[1,0,0],[0,1,0],[16,21,106]]
[[0,0,0],[1,0,0],[0,1,0],[12,67,106]]
[[0,0,0],[1,0,0],[0,1,0],[4,41,106]]
[[0,0,0],[1,0,0],[0,1,0],[3,41,106]]
[[0,0,0],[1,0,0],[0,1,0],[31,31,106]]
[[0,0,0],[1,0,0],[0,1,0],[36,15,106]]
[[0,0,0],[1,0,0],[0,1,0],[24,7,106]]
[[0,0,0],[1,0,0],[0,1,0],[6,73,106]]
[[0,0,0],[1,0,0],[0,1,0],[12,95,106]]
[[0,0,0],[1,0,0],[0,1,0],[4,81,106]]
[[0,0,0],[1,0,0],[0,1,0],[4,37,106]]
[[0,0,0],[1,0,0],[0,1,0],[6,69,106]]
[[0,0,0],[1,0,0],[0,1,0],[5,35,106]]
[[0,0,0],[1,0,0],[0,1,0],[12,65,106]]
[[0,0,0],[1,0,0],[0,1,0],[11,27,106]]
[[0,0,0],[1,0,0],[0,1,0],[6,91,106]]
[[0,0,0],[1,0,0],[0,1,0],[28,101,106]]
[[0,0,0],[1,0,0],[0,1,0],[34,29,106]]
[[0,0,0],[1,0,0],[0,1,0],[18,43,106]]
[[0,0,0],[1,0,0],[0,1,0],[38,9,106]]
[[0,0,0],[1,0,0],[0,1,0],[2,25,106]]
[[0,0,0],[1,0,0],[0,1,0],[16,95,106]]
[[0,0,0],[1,0,0],[0,1,0],[12,45,106]]
[[0,0,0],[1,0,0],[0,1,0],[6,77,106]]
[[0,0,0],[1,0,0],[0,1,0],[28,47,106]]
[[0,0,0],[1,0,0],[0,1,0],[3,7,106]]
[[0,0,0],[1,0,0],[0,1,0],[8,41,106]]
[[0,0,0],[1,0,0],[0,1,0],[34,97,106]]
[[0,0,0],[1,0,0],[0,1,0],[18,47,106]]
[[0,0,0],[1,0,0],[0,1,0],[18,35,106]]
[[0,0,0],[1,0,0],[0,1,0],[6,79,106]]
[[0,0,0],[1,0,0],[0,1,0],[18,36,106]]
[[0,0,0],[1,0,0],[0,1,0],[4,71,106]]
[[0,0,0],[1,0,0],[0,1,0],[2,43,106]]
[[0,0,0],[1,0,0],[0,1,0],[28,49,106]]
[[0,0,0],[1,0,0],[0,1,0],[14,101,106]]
[[0,0,0],[1,0,0],[0,1,0],[22,47,106]]
[[0,0,0],[1,0,0],[0,1,0],[1,7,106]]
[[0,0,0],[1,0,0],[0,1,0],[60,75,106]]
[[0,0,0],[1,0,0],[0,1,0],[11,99,106]]
[[0,0,0],[1,0,0],[0,1,0],[24,27,106]]
[[0,0,0],[1,0,0],[0,1,0],[11,33,106]]
[[0,0,0],[1,0,0],[0,1,0],[39,69,106]]
[[0,0,0],[1,0,0],[0,1,0],[6,101,106]]
[[0,0,0],[1,0,0],[0,1,0],[8,43,106]]
[[0,0,0],[1,0,0],[0,1,0],[27,39,106]]
[[0,0,0],[1,0,0],[0,1,0],[26,55,106]]
[[0,0,0],[1,0,0],[0,1,0],[44,73,106]]
[[0,0,0],[1,0,0],[0,1,0],[52,105,106]]
[[0,0,0],[1,0,0],[0,1,0],[53,54,106]]
[[0,0,0],[1,0,0],[0,1,0],[18,65,106]]
[[0,0,0],[1,0,0],[0,1,0],[46,105,106]]
[[0,0,0],[1,0,0],[0,1,0],[7,13,106]]
[[0,0,0],[1,0,0],[0,1,0],[12,3,106]]
[[0,0,0],[1,0,0],[0,1,0],[26,28,106]]
[[0,0,0],[1,0,0],[0,1,0],[8,45,106]]
[[0,0,0],[1,0,0],[0,1,0],[6,57,106]]
[[0,0,0],[1,0,0],[0,1,0],[54,63,106]]
[[0,0,0],[1,0,0],[0,1,0],[6,65,106]]
[[0,0,0],[1,0,0],[0,1,0],[52,79,106]]
[[0,0,0],[1,0,0],[0,1,0],[28,25,106]]
[[0,0,0],[1,0,0],[0,1,0],[22,57,106]]
[[0,0,0],[1,0,0],[0,1,0],[46,1,106]]
[[0,0,0],[1,0,0],[0,1,0],[42,13,106]]
[[0,0,0],[1,0,0],[0,1,0],[6,95,106]]
[[0,0,0],[1,0,0],[0,1,0],[32,77,106]]
[[0,0,0],[1,0,0],[0,1,0],[52,75,106]]
[[0,0,0],[1,0,0],[0,1,0],[12,75,106]]
[[0,0,0],[1,0,0],[0,1,0],[9,17,106]]
[[0,0,0],[1,0,0],[0,1,0],[14,93,106]]
[[0,0,0],[1,0,0],[0,1,0],[12,83,106]]
[[0,0,0],[1,0,0],[0,1,0],[8,91,106]]
[[0,0,0],[1,0,0],[0,1,0],[4,1,106]]
[[0,0,0],[1,0,0],[0,1,0],[23,41,106]]
[[0,0,0],[1,0,0],[0,1,0],[8,61,106]]
[[0,0,0],[1,0,0],[0,1,0],[4,7,106]]
[[0,0,0],[1,0,0],[0,1,0],[40,81,106]]
[[0,0,0],[1,0,0],[0,1,0],[26,11,106]]
[[0,0,0],[1,0,0],[0,1,0],[2,23,106]]
[[0,0,0],[1,0,0],[0,1,0],[82,25,106]]
[[0,0,0],[1,0,0],[0,1,0],[20,7,106]]
[[0,0,0],[1,0,0],[0,1,0],[20,59,106]]
[[0,0,0],[1,0,0],[0,1,0],[44,79,106]]
[[0,0,0],[1,0,0],[0,1,0],[1,13,106]]
[[0,0,0],[1,0,0],[0,1,0],[76,33,106]]
[[0,0,0],[1,0,0],[0,1,0],[8,25,106]]
[[0,0,0],[1,0,0],[0,1,0],[4,5,106]]
[[0,0,0],[1,0,0],[0,1,0],[48,11,106]]
[[0,0,0],[1,0,0],[0,1,0],[10,67,106]]
[[0,0,0],[1,0,0],[0,1,0],[10,7,106]]
[[0,0,0],[1,0,0],[0,1,0],[36,71,106]]
[[0,0,0],[1,0,0],[0,1,0],[20,39,106]]
[[0,0,0],[1,0,0],[0,1,0],[4,59,106]]
[[0,0,0],[1,0,0],[0,1,0],[36,77,106]]
[[0,0,0],[1,0,0],[0,1,0],[32,95,106]]
[[0,0,0],[1,0,0],[0,1,0],[6,87,106]]
[[0,0,0],[1,0,0],[0,1,0],[56,73,106]]
[[0,0,0],[1,0,0],[0,1,0],[50,95,106]]
[[0,0,0],[1,0,0],[0,1,0],[28,37,106]]
[[0,0,0],[1,0,0],[0,1,0],[30,17,106]]
[[0,0,0],[1,0,0],[0,1,0],[10,45,106]]
[[0,0,0],[1,0,0],[0,1,0],[12,23,106]]
[[0,0,0],[1,0,0],[0,1,0],[22,43,106]]
[[0,0,0],[1,0,0],[0,1,0],[26,35,106]]
[[0,0,0],[1,0,0],[0,1,0],[36,95,106]]
[[0,0,0],[1,0,0],[0,1,0],[6,27,106]]
[[0,0,0],[1,0,0],[0,1,0],[38,15,106]]
[[0,0,0],[1,0,0],[0,1,0],[12,42,106]]
[[0,0,0],[1,0,0],[0,1,0],[44,1,106]]
[[0,0,0],[1,0,0],[0,1,0],[3,37,106]]
[[0,0,0],[1,0,0],[0,1,0],[10,55,106]]
[[0,0,0],[1,0,0],[0,1,0],[30,47,106]]
[[0,0,0],[1,0,0],[0,1,0],[2,89,106]]
[[0,0,0],[1,0,0],[0,1,0],[46,79,106]]
[[0,0,0],[1,0,0],[0,1,0],[16,57,106]]
[[0,0,0],[1,0,0],[0,1,0],[3,25,106]]
[[0,0,0],[1,0,0],[0,1,0],[22,9,106]]
[[0,0,0],[1,0,0],[0,1,0],[24,39,106]]
[[0,0,0],[1,0,0],[0,1,0],[3,51,106]]
[[0,0,0],[1,0,0],[0,1,0],[32,5,106]]
[[0,0,0],[1,0,0],[0,1,0],[50,3,106]]
[[0,0,0],[1,0,0],[0,1,0],[2,81,106]]
[[0,0,0],[1,0,0],[0,1,0],[6,48,106]]
[[0,0,0],[1,0,0],[0,1,0],[11,101,106]]
[[0,0,0],[1,0,0],[0,1,0],[18,21,106]]
[[0,0,0],[1,0,0],[0,1,0],[2,17,106]]
[[0,0,0],[1,0,0],[0,1,0],[28,17,106]]
[[0,0,0],[1,0,0],[0,1,0],[24,29,106]]
[[0,0,0],[1,0,0],[0,1,0],[10,47,106]]
[[0,0,0],[1,0,0],[0,1,0],[6,75,106]]
[[0,0,0],[1,0,0],[0,1,0],[38,105,106]]
[[0,0,0],[1,0,0],[0,1,0],[58,93,106]]
[[0,0,0],[1,0,0],[0,1,0],[42,73,106]]
[[0,0,0],[1,0,0],[0,1,0],[26,43,106]]
[[0,0,0],[1,0,0],[0,1,0],[1,11,106]]
[[0,0,0],[1,0,0],[0,1,0],[38,25,106]]
[[0,0,0],[1,0,0],[0,1,0],[22,39,106]]
[[0,0,0],[1,0,0],[0,1,0],[6,43,106]]
[[0,0,0],[1,0,0],[0,1,0],[2,87,106]]
[[0,0,0],[1,0,0],[0,1,0],[30,11,106]]
[[0,0,0],[1,0,0],[0,1,0],[20,34,106]]
[[0,0,0],[1,0,0],[0,1,0],[8,11,106]]
[[0,0,0],[1,0,0],[0,1,0],[40,9,106]]
[[0,0,0],[1,0,0],[0,1,0],[18,71,106]]
[[0,0,0],[1,0,0],[0,1,0],[4,43,106]]
[[0,0,0],[1,0,0],[0,1,0],[26,3,106]]
[[0,0,0],[1,0,0],[0,1,0],[5,19,106]]
[[0,0,0],[1,0,0],[0,1,0],[12,79,106]]
[[0,0,0],[1,0,0],[0,1,0],[11,47,106]]
[[0,0,0],[1,0,0],[0,1,0],[4,49,106]]
[[0,0,0],[1,0,0],[0,1,0],[70,73,106]]
[[0,0,0],[1,0,0],[0,1,0],[14,5,106]]
[[0,0,0],[1,0,0],[0,1,0],[16,17,106]]
[[0,0,0],[1,0,0],[0,1,0],[38,91,106]]
[[0,0,0],[1,0,0],[0,1,0],[11,31,106]]
[[0,0,0],[1,0,0],[0,1,0],[68,45,106]]
[[0,0,0],[1,0,0],[0,1,0],[18,3,106]]
[[0,0,0],[1,0,0],[0,1,0],[46,73,106]]
[[0,0,0],[1,0,0],[0,1,0],[16,101,106]]
[[0,0,0],[1,0,0],[0,1,0],[10,41,106]]
[[0,0,0],[1,0,0],[0,1,0],[2,5,106]]
[[0,0,0],[1,0,0],[0,1,0],[10,51,106]]
[[0,0,0],[1,0,0],[0,1,0],[5,7,106]]
[[0,0,0],[1,0,0],[0,1,0],[40,67,106]]
[[0,0,0],[1,0,0],[0,1,0],[12,17,106]]
[[0,0,0],[1,0,0],[0,1,0],[24,1,106]]
[[0,0,0],[1,0,0],[0,1,0],[18,31,106]]
[[0,0,0],[1,0,0],[0,1,0],[48,97,106]]
[[0,0,0],[1,0,0],[0,1,0],[18,9,106]]
[[0,0,0],[1,0,0],[0,1,0],[46,95,106]]
[[0,0,0],[1,0,0],[0,1,0],[6,35,106]]
[[0,0,0],[1,0,0],[0,1,0],[18,5,106]]
[[0,0,0],[1,0,0],[0,1,0],[42,105,106]]
[[0,0,0],[1,0,0],[0,1,0],[46,101,106]]
[[0,0,0],[1,0,0],[0,1,0],[4,97,106]]
[[0,0,0],[1,0,0],[0,1,0],[33,33,106]]
[[0,0,0],[1,0,0],[0,1,0],[2,55,106]]
[[0,0,0],[1,0,0],[0,1,0],[42,19,106]]
[[0,0,0],[1,0,0],[0,1,0],[18,7,106]]
[[0,0,0],[1,0,0],[0,1,0],[16,19,106]]
[[0,0,0],[1,0,0],[0,1,0],[28,85,106]]
[[0,0,0],[1,0,0],[0,1,0],[3,5,106]]
[[0,0,0],[1,0,0],[0,1,0],[18,51,106]]
[[0,0,0],[1,0,0],[0,1,0],[62,63,106]]
[[0,0,0],[1,0,0],[0,1,0],[7,37,106]]
[[0,0,0],[1,0,0],[0,1,0],[60,83,106]]
[[0,0,0],[1,0,0],[0,1,0],[54,105,106]]
[[0,0,0],[1,0,0],[0,1,0],[26,101,106]]
[[0,0,0],[1,0,0],[0,1,0],[14,77,106]]
[[0,0,0],[1,0,0],[0,1,0],[4,65,106]]
[[0,0,0],[1,0,0],[0,1,0],[14,65,106]]
[[0,0,0],[1,0,0],[0,1,0],[14,95,106]]
[[0,0,0],[1,0,0],[0,1,0],[58,102,106]]
[[0,0,0],[1,0,0],[0,1,0],[22,91,106]]
[[0,0,0],[1,0,0],[0,1,0],[5,43,106]]
[[0,0,0],[1,0,0],[0,1,0],[3,35,106]]
[[0,0,0],[1,0,0],[0,1,0],[14,69,106]]
[[0,0,0],[1,0,0],[0,1,0],[6,61,106]]
[[0,0,0],[1,0,0],[0,1,0],[4,91,106]]
[[0,0,0],[1,0,0],[0,1,0],[17,17,106]]
[[0,0,0],[1,0,0],[0,1,0],[2,99,106]]
[[0,0,0],[1,0,0],[0,1,0],[12,15,106]]
[[0,0,0],[1,0,0],[0,1,0],[54,61,106]]
[[0,0,0],[1,0,0],[0,1,0],[10,37,106]]
[[0,0,0],[1,0,0],[0,1,0],[48,79,106]]
[[0,0,0],[1,0,0],[0,1,0],[26,13,106]]
[[0,0,0],[1,0,0],[0,1,0],[4,73,106]]
[[0,0,0],[1,0,0],[0,1,0],[14,55,106]]
[[0,0,0],[1,0,0],[0,1,0],[46,91,106]]
[[0,0,0],[1,0,0],[0,1,0],[72,88,106]]
[[0,0,0],[1,0,0],[0,1,0],[2,41,106]]
[[0,0,0],[1,0,0],[0,1,0],[60,93,106]]
[[0,0,0],[1,0,0],[0,1,0],[6,63,106]]
[[0,0,0],[1,0,0],[0,1,0],[30,81,106]]
[[0,0,0],[1,0,0],[0,1,0],[50,99,106]]
[[0,0,0],[1,0,0],[0,1,0],[28,81,106]]
[[0,0,0],[1,0,0],[0,1,0],[6,15,106]]
[[0,0,0],[1,0,0],[0,1,0],[12,55,106]]
[[0,0,0],[1,0,0],[0,1,0],[50,105,106]]
[[0,0,0],[1,0,0],[0,1,0],[22,103,106]]
[[0,0,0],[1,0,0],[0,1,0],[7,39,106]]
[[0,0,0],[1,0,0],[0,1,0],[48,3,106]]
[[0,0,0],[1,0,0],[0,1,0],[16,61,106]]
[[0,0,0],[1,0,0],[0,1,0],[38,5,106]]
[[0,0,0],[1,0,0],[0,1,0],[2,47,106]]
[[0,0,0],[1,0,0],[0,1,0],[16,29,106]]
[[0,0,0],[1,0,0],[0,1,0],[32,93,106]]
[[0,0,0],[1,0,0],[0,1,0],[2,105,106]]
[[0,0,0],[1,0,0],[0,1,0],[12,63,106]]
[[0,0,0],[1,0,0],[0,1,0],[4,79,106]]
[[0,0,0],[1,0,0],[0,1,0],[12,31,106]]
[[0,0,0],[1,0,0],[0,1,0],[22,105,106]]
[[0,0,0],[1,0,0],[0,1,0],[22,63,106]]
[[0,0,0],[1,0,0],[0,1,0],[32,1,106]]
[[0,0,0],[1,0,0],[0,1,0],[12,77,106]]
[[0,0,0],[1,0,0],[0,1,0],[19,97,106]]
[[0,0,0],[1,0,0],[0,1,0],[4,67,106]]
[[0,0,0],[1,0,0],[0,1,0],[60,100,106]]
[[0,0,0],[1,0,0],[0,1,0],[12,59,106]]
[[0,0,0],[1,0,0],[0,1,0],[24,101,106]]
[[0,0,0],[1,0,0],[0,1,0],[34,21,106]]
[[0,0,0],[1,0,0],[0,1,0],[13,43,106]]
[[0,0,0],[1,0,0],[0,1,0],[9,9,106]]
[[0,0,0],[1,0,0],[0,1,0],[16,105,106]]
[[0,0,0],[1,0,0],[0,1,0],[6,3,106]]
[[0,0,0],[1,0,0],[0,1,0],[20,103,106]]
[[0,0,0],[1,0,0],[0,1,0],[10,31,106]]
[[0,0,0],[1,0,0],[0,1,0],[48,69,106]]
[[0,0,0],[1,0,0],[0,1,0],[20,3,106]]
[[0,0,0],[1,0,0],[0,1,0],[9,23,106]]
[[0,0,0],[1,0,0],[0,1,0],[12,43,106]]
[[0,0,0],[1,0,0],[0,1,0],[18,13,106]]
[[0,0,0],[1,0,0],[0,1,0],[5,45,106]]
[[0,0,0],[1,0,0],[0,1,0],[24,105,106]]
[[0,0,0],[1,0,0],[0,1,0],[50,1,106]]
[[0,0,0],[1,0,0],[0,1,0],[2,19,106]]
[[0,0,0],[1,0,0],[0,1,0],[14,97,106]]
[[0,0,0],[1,0,0],[0,1,0],[26,23,106]]
[[0,0,0],[1,0,0],[0,1,0],[14,35,106]]
[[0,0,0],[1,0,0],[0,1,0],[32,105,106]]
[[0,0,0],[1,0,0],[0,1,0],[28,83,106]]
[[0,0,0],[1,0,0],[0,1,0],[26,15,106]]
[[0,0,0],[1,0,0],[0,1,0],[40,105,106]]
[[0,0,0],[1,0,0],[0,1,0],[26,45,106]]
[[0,0,0],[1,0,0],[0,1,0],[16,33,106]]
[[0,0,0],[1,0,0],[0,1,0],[74,86,106]]
[[0,0,0],[1,0,0],[0,1,0],[30,37,106]]
[[0,0,0],[1,0,0],[0,1,0],[2,63,106]]
[[0,0,0],[1,0,0],[0,1,0],[11,21,106]]
[[0,0,0],[1,0,0],[0,1,0],[2,21,106]]
[[0,0,0],[1,0,0],[0,1,0],[64,96,106]]
[[0,0,0],[1,0,0],[0,1,0],[18,15,106]]
[[0,0,0],[1,0,0],[0,1,0],[62,89,106]]
[[0,0,0],[1,0,0],[0,1,0],[1,5,106]]
[[0,0,0],[1,0,0],[0,1,0],[8,37,106]]
[[0,0,0],[1,0,0],[0,1,0],[2,7,106]]
[[0,0,0],[1,0,0],[0,1,0],[6,89,106]]
[[0,0,0],[1,0,0],[0,1,0],[6,49,106]]
[[0,0,0],[1,0,0],[0,1,0],[32,89,106]]
[[0,0,0],[1,0,0],[0,1,0],[28,89,106]]
[[0,0,0],[1,0,0],[0,1,0],[30,39,106]]
[[0,0,0],[1,0,0],[0,1,0],[2,65,106]]
[[0,0,0],[1,0,0],[0,1,0],[4,25,106]]
[[0,0,0],[1,0,0],[0,1,0],[4,95,106]]
[[0,0,0],[1,0,0],[0,1,0],[44,11,106]]
[[0,0,0],[1,0,0],[0,1,0],[17,45,106]]
[[0,0,0],[1,0,0],[0,1,0],[7,25,106]]
[[0,0,0],[1,0,0],[0,1,0],[8,79,106]]
[[0,0,0],[1,0,0],[0,1,0],[4,19,106]]
[[0,0,0],[1,0,0],[0,1,0],[6,67,106]]
[[0,0,0],[1,0,0],[0,1,0],[28,21,106]]
[[0,0,0],[1,0,0],[0,1,0],[15,41,106]]
[[0,0,0],[1,0,0],[0,1,0],[4,75,106]]
[[0,0,0],[1,0,0],[0,1,0],[6,85,106]]
[[0,0,0],[1,0,0],[0,1,0],[16,39,106]]
[[0,0,0],[1,0,0],[0,1,0],[50,75,106]]
[[0,0,0],[1,0,0],[0,1,0],[54,81,106]]
[[0,0,0],[1,0,0],[0,1,0],[24,3,106]]
[[0,0,0],[1,0,0],[0,1,0],[32,39,106]]
[[0,0,0],[1,0,0],[0,1,0],[7,7,106]]
[[0,0,0],[1,0,0],[0,1,0],[8,103,106]]
[[0,0,0],[1,0,0],[0,1,0],[14,47,106]]
[[0,0,0],[1,0,0],[0,1,0],[20,31,106]]
[[0,0,0],[1,0,0],[0,1,0],[18,59,106]]
[[0,0,0],[1,0,0],[0,1,0],[34,81,106]]
[[0,0,0],[1,0,0],[0,1,0],[6,51,106]]
[[0,0,0],[1,0,0],[0,1,0],[9,31,106]]
[[0,0,0],[1,0,0],[0,1,0],[14,31,106]]
[[0,0,0],[1,0,0],[0,1,0],[14,79,106]]
[[0,0,0],[1,0,0],[0,1,0],[15,39,106]]
[[0,0,0],[1,0,0],[0,1,0],[48,1,106]]
[[0,0,0],[1,0,0],[0,1,0],[24,89,106]]
[[0,0,0],[1,0,0],[0,1,0],[34,77,106]]
[[0,0,0],[1,0,0],[0,1,0],[2,71,106]]
[[0,0,0],[1,0,0],[0,1,0],[2,91,106]]
[[0,0,0],[1,0,0],[0,1,0],[34,79,106]]
[[0,0,0],[1,0,0],[0,1,0],[7,31,106]]
[[0,0,0],[1,0,0],[0,1,0],[48,63,106]]
[[0,0,0],[1,0,0],[0,1,0],[10,57,106]]
[[0,0,0],[1,0,0],[0,1,0],[1,31,106]]
[[0,0,0],[1,0,0],[0,1,0],[4,17,106]]
[[0,0,0],[1,0,0],[0,1,0],[22,13,106]]
[[0,0,0],[1,0,0],[0,1,0],[1,17,106]]
[[0,0,0],[1,0,0],[0,1,0],[22,1,106]]
[[0,0,0],[1,0,0],[0,1,0],[2,95,106]]
[[0,0,0],[1,0,0],[0,1,0],[8,3,106]]
[[0,0,0],[1,0,0],[0,1,0],[5,15,106]]
[[0,0,0],[1,0,0],[0,1,0],[18,19,106]]
[[0,0,0],[1,0,0],[0,1,0],[23,31,106]]
[[0,0,0],[1,0,0],[0,1,0],[44,75,106]]
[[0,0,0],[1,0,0],[0,1,0],[26,51,106]]
[[0,0,0],[1,0,0],[0,1,0],[56,101,106]]
[[0,0,0],[1,0,0],[0,1,0],[10,83,106]]
[[0,0,0],[1,0,0],[0,1,0],[34,7,106]]
[[0,0,0],[1,0,0],[0,1,0],[38,1,106]]
[[0,0,0],[1,0,0],[0,1,0],[36,3,106]]
[[0,0,0],[1,0,0],[0,1,0],[20,89,106]]
[[0,0,0],[1,0,0],[0,1,0],[4,89,106]]
[[0,0,0],[1,0,0],[0,1,0],[12,71,106]]
[[0,0,0],[1,0,0],[0,1,0],[2,29,106]]
[[0,0,0],[1,0,0],[0,1,0],[78,29,106]]
[[0,0,0],[1,0,0],[0,1,0],[36,9,106]]
[[0,0,0],[1,0,0],[0,1,0],[2,59,106]]
[[0,0,0],[1,0,0],[0,1,0],[40,19,106]]
[[0,0,0],[1,0,0],[0,1,0],[6,105,106]]
[[0,0,0],[1,0,0],[0,1,0],[6,21,106]]
[[0,0,0],[1,0,0],[0,1,0],[12,57,106]]
[[0,0,0],[1,0,0],[0,1,0],[2,83,106]]
[[0,0,0],[1,0,0],[0,1,0],[62,65,106]]
[[0,0,0],[1,0,0],[0,1,0],[52,103,106]]
[[0,0,0],[1,0,0],[0,1,0],[14,103,106]]
[[0,0,0],[1,0,0],[0,1,0],[7,27,106]]
[[0,0,0],[1,0,0],[0,1,0],[32,75,106]]
[[0,0,0],[1,0,0],[0,1,0],[34,103,106]]
[[0,0,0],[1,0,0],[0,1,0],[78,43,106]]
[[0,0,0],[1,0,0],[0,1,0],[58,87,106]]
[[0,0,0],[1,0,0],[0,1,0],[72,43,106]]
[[0,0,0],[1,0,0],[0,1,0],[16,97,106]]
[[0,0,0],[1,0,0],[0,1,0],[24,99,106]]
[[0,0,0],[1,0,0],[0,1,0],[1,23,106]]
[[0,0,0],[1,0,0],[0,1,0],[24,9,106]]
[[0,0,0],[1,0,0],[0,1,0],[24,37,106]]
[[0,0,0],[1,0,0],[0,1,0],[2,103,106]]
[[0,0,0],[1,0,0],[0,1,0],[52,65,106]]
[[0,0,0],[1,0,0],[0,1,0],[36,81,106]]
[[0,0,0],[1,0,0],[0,1,0],[11,43,106]]
[[0,0,0],[1,0,0],[0,1,0],[16,59,106]]
[[0,0,0],[1,0,0],[0,1,0],[2,75,106]]
[[0,0,0],[1,0,0],[0,1,0],[34,73,106]]
[[0,0,0],[1,0,0],[0,1,0],[72,37,106]]
[[0,0,0],[1,0,0],[0,1,0],[5,51,106]]
[[0,0,0],[1,0,0],[0,1,0],[18,39,106]]
[[0,0,0],[1,0,0],[0,1,0],[6,19,106]]
[[0,0,0],[1,0,0],[0,1,0],[10,73,106]]
[[0,0,0],[1,0,0],[0,1,0],[34,105,106]]
[[0,0,0],[1,0,0],[0,1,0],[30,31,106]]
[[0,0,0],[1,0,0],[0,1,0],[13,99,106]]
[[0,0,0],[1,0,0],[0,1,0],[8,89,106]]
[[0,0,0],[1,0,0],[0,1,0],[6,33,106]]
[[0,0,0],[1,0,0],[0,1,0],[30,79,106]]
[[0,0,0],[1,0,0],[0,1,0],[14,57,106]]
[[0,0,0],[1,0,0],[0,1,0],[20,47,106]]
[[0,0,0],[1,0,0],[0,1,0],[14,21,106]]
[[0,0,0],[1,0,0],[0,1,0],[36,89,106]]
[[0,0,0],[1,0,0],[0,1,0],[46,69,106]]
[[0,0,0],[1,0,0],[0,1,0],[74,49,106]]
[[0,0,0],[1,0,0],[0,1,0],[1,1,106]]
[[0,0,0],[1,0,0],[0,1,0],[3,105,106]]
[[0,0,0],[1,0,0],[0,1,0],[42,75,106]]
[[0,0,0],[1,0,0],[0,1,0],[16,65,106]]
[[0,0,0],[1,0,0],[0,1,0],[5,23,106]]
[[0,0,0],[1,0,0],[0,1,0],[68,92,106]]
[[0,0,0],[1,0,0],[0,1,0],[17,23,106]]
[[0,0,0],[1,0,0],[0,1,0],[10,59,106]]
[[0,0,0],[1,0,0],[0,1,0],[26,33,106]]
[[0,0,0],[1,0,0],[0,1,0],[10,11,106]]
[[0,0,0],[1,0,0],[0,1,0],[18,95,106]]
[[0,0,0],[1,0,0],[0,1,0],[17,95,106]]
[[0,0,0],[1,0,0],[0,1,0],[44,69,106]]
[[0,0,0],[1,0,0],[0,1,0],[32,85,106]]
[[0,0,0],[1,0,0],[0,1,0],[94,25,106]]
[[0,0,0],[1,0,0],[0,1,0],[9,21,106]]
[[0,0,0],[1,0,0],[0,1,0],[6,7,106]]
[[0,0,0],[1,0,0],[0,1,0],[18,101,106]]
[[0,0,0],[1,0,0],[0,1,0],[16,75,106]]
[[0,0,0],[1,0,0],[0,1,0],[1,19,106]]
[[0,0,0],[1,0,0],[0,1,0],[5,37,106]]
[[0,0,0],[1,0,0],[0,1,0],[8,81,106]]
[[0,0,0],[1,0,0],[0,1,0],[30,105,106]]
[[0,0,0],[1,0,0],[0,1,0],[4,11,106]]
[[0,0,0],[1,0,0],[0,1,0],[10,39,106]]
[[0,0,0],[1,0,0],[0,1,0],[8,57,106]]
[[0,0,0],[1,0,0],[0,1,0],[15,25,106]]
[[0,0,0],[1,0,0],[0,1,0],[8,13,106]]
[[0,0,0],[1,0,0],[0,1,0],[16,27,106]]
[[0,0,0],[1,0,0],[0,1,0],[26,83,106]]
[[0,0,0],[1,0,0],[0,1,0],[66,69,106]]
[[0,0,0],[1,0,0],[0,1,0],[8,67,106]]
[[0,0,0],[1,0,0],[0,1,0],[34,23,106]]
[[0,0,0],[1,0,0],[0,1,0],[20,91,106]]
[[0,0,0],[1,0,0],[0,1,0],[46,13,106]]
[[0,0,0],[1,0,0],[0,1,0],[10,87,106]]
[[0,0,0],[1,0,0],[0,1,0],[2,69,106]]
[[0,0,0],[1,0,0],[0,1,0],[4,55,106]]
[[0,0,0],[1,0,0],[0,1,0],[4,47,106]]
[[0,0,0],[1,0,0],[0,1,0],[32,25,106]]
[[0,0,0],[1,0,0],[0,1,0],[8,85,106]]
[[0,0,0],[1,0,0],[0,1,0],[3,15,106]]
[[0,0,0],[1,0,0],[0,1,0],[4,13,106]]
[[0,0,0],[1,0,0],[0,1,0],[14,73,106]]
[[0,0,0],[1,0,0],[0,1,0],[16,31,106]]
[[0,0,0],[1,0,0],[0,1,0],[2,97,106]]
[[0,0,0],[1,0,0],[0,1,0],[22,5,106]]
[[0,0,0],[1,0,0],[0,1,0],[21,35,106]]
[[0,0,0],[1,0,0],[0,1,0],[42,79,106]]
[[0,0,0],[1,0,0],[0,1,0],[22,99,106]]
[[0,0,0],[1,0,0],[0,1,0],[6,31,106]]
[[0,0,0],[1,0,0],[0,1,0],[12,7,106]]
[[0,0,0],[1,0,0],[0,1,0],[19,89,106]]
[[0,0,0],[1,0,0],[0,1,0],[18,23,106]]
[[0,0,0],[1,0,0],[0,1,0],[38,79,106]]
[[0,0,0],[1,0,0],[0,1,0],[4,105,106]]
[[0,0,0],[1,0,0],[0,1,0],[32,97,106]]
[[0,0,0],[1,0,0],[0,1,0],[26,29,106]]
[[0,0,0],[1,0,0],[0,1,0],[66,49,106]]
[[0,0,0],[1,0,0],[0,1,0],[2,13,106]]
[[0,0,0],[1,0,0],[0,1,0],[32,7,106]]
[[0,0,0],[1,0,0],[0,1,0],[9,35,106]]
[[0,0,0],[1,0,0],[0,1,0],[8,46,106]]
[[0,0,0],[1,0,0],[0,1,0],[2,85,106]]
[[0,0,0],[1,0,0],[0,1,0],[18,45,106]]
[[0,0,0],[1,0,0],[0,1,0],[32,99,106]]
[[0,0,0],[1,0,0],[0,1,0],[64,43,106]]
[[0,0,0],[1,0,0],[0,1,0],[14,11,106]]
[[0,0,0],[1,0,0],[0,1,0],[62,45,106]]
[[0,0,0],[1,0,0],[0,1,0],[2,9,106]]
[[0,0,0],[1,0,0],[0,1,0],[30,23,106]]
[[0,0,0],[1,0,0],[0,1,0],[28,5,106]]
[[0,0,0],[1,0,0],[0,1,0],[11,17,106]]
[[0,0,0],[1,0,0],[0,1,0],[21,95,106]]
[[0,0,0],[1,0,0],[0,1,0],[3,9,106]]
[[0,0,0],[1,0,0],[0,1,0],[28,95,106]]
[[0,0,0],[1,0,0],[0,1,0],[16,38,106]]
[[0,0,0],[1,0,0],[0,1,0],[72,65,106]]
[[0,0,0],[1,0,0],[0,1,0],[40,103,106]]
[[0,0,0],[1,0,0],[0,1,0],[30,1,106]]
[[0,0,0],[1,0,0],[0,1,0],[46,103,106]]
[[0,0,0],[1,0,0],[0,1,0],[4,21,106]]
[[0,0,0],[1,0,0],[0,1,0],[2,93,106]]
[[0,0,0],[1,0,0],[0,1,0],[3,29,106]]
[[0,0,0],[1,0,0],[0,1,0],[22,87,106]]
[[0,0,0],[1,0,0],[0,1,0],[56,104,106]]
[[0,0,0],[1,0,0],[0,1,0],[22,33,106]]
[[0,0,0],[1,0,0],[0,1,0],[22,85,106]]
[[0,0,0],[1,0,0],[0,1,0],[26,19,106]]
[[0,0,0],[1,0,0],[0,1,0],[2,101,106]]
[[0,0,0],[1,0,0],[0,1,0],[58,49,106]]
[[0,0,0],[1,0,0],[0,1,0],[48,65,106]]
[[0,0,0],[1,0,0],[0,1,0],[10,5,106]]
[[0,0,0],[1,0,0],[0,1,0],[66,43,106]]
[[0,0,0],[1,0,0],[0,1,0],[20,45,106]]
[[0,0,0],[1,0,0],[0,1,0],[36,21,106]]
[[0,0,0],[1,0,0],[0,1,0],[20,93,106]]
[[0,0,0],[1,0,0],[0,1,0],[14,27,106]]
[[0,0,0],[1,0,0],[0,1,0],[20,29,106]]
[[0,0,0],[1,0,0],[0,1,0],[22,31,106]]
[[0,0,0],[1,0,0],[0,1,0],[4,39,106]]
[[0,0,0],[1,0,0],[0,1,0],[56,69,106]]
[[0,0,0],[1,0,0],[0,1,0],[13,17,106]]
[[0,0,0],[1,0,0],[0,1,0],[15,37,106]]
[[0,0,0],[1,0,0],[0,1,0],[8,105,106]]
[[0,0,0],[1,0,0],[0,1,0],[12,19,106]]
[[0,0,0],[1,0,0],[0,1,0],[9,99,106]]
[[0,0,0],[1,0,0],[0,1,0],[42,3,106]]
[[0,0,0],[1,0,0],[0,1,0],[2,27,106]]
[[0,0,0],[1,0,0],[0,1,0],[20,41,106]]
[[0,0,0],[1,0,0],[0,1,0],[48,81,106]]
[[0,0,0],[1,0,0],[0,1,0],[20,55,106]]
[[0,0,0],[1,0,0],[0,1,0],[4,57,106]]
[[0,0,0],[1,0,0],[0,1,0],[10,61,106]]
[[0,0,0],[1,0,0],[0,1,0],[53,1,106]]
[[0,0,0],[1,0,0],[0,1,0],[18,57,106]]
[[0,0,0],[1,0,0],[0,1,0],[30,85,106]]
[[0,0,0],[1,0,0],[0,1,0],[14,105,106]]
[[0,0,0],[1,0,0],[0,1,0],[18,1,106]]
[[0,0,0],[1,0,0],[0,1,0],[20,9,106]]
[[0,0,0],[1,0,0],[0,1,0],[8,33,106]]
[[0,0,0],[1,0,0],[0,1,0],[16,41,106]]
[[0,0,0],[1,0,0],[0,1,0],[4,69,106]]
[[0,0,0],[1,0,0],[0,1,0],[20,13,106]]
[[0,0,0],[1,0,0],[0,1,0],[26,105,106]]
[[0,0,0],[1,0,0],[0,1,0],[40,73,106]]
[[0,0,0],[1,0,0],[0,1,0],[19,19,106]]
[[0,0,0],[1,0,0],[0,1,0],[26,99,106]]
[[0,0,0],[1,0,0],[0,1,0],[10,99,106]]
[[0,0,0],[1,0,0],[0,1,0],[24,55,106]]
[[0,0,0],[1,0,0],[0,1,0],[22,15,106]]
[[0,0,0],[1,0,0],[0,1,0],[68,75,106]]
[[0,0,0],[1,0,0],[0,1,0],[18,27,106]]
[[0,0,0],[1,0,0],[0,1,0],[52,55,106]]
[[0,0,0],[1,0,0],[0,1,0],[8,15,106]]
[[0,0,0],[1,0,0],[0,1,0],[13,21,106]]
[[0,0,0],[1,0,0],[0,1,0],[7,35,106]]
[[0,0,0],[1,0,0],[0,1,0],[32,19,106]]
[[0,0,0],[1,0,0],[0,1,0],[16,43,106]]
[[0,0,0],[1,0,0],[0,1,0],[4,45,106]]
[[0,0,0],[1,0,0],[0,1,0],[12,105,106]]
[[0,0,0],[1,0,0],[0,1,0],[19,37,106]]
[[0,0,0],[1,0,0],[0,1,0],[56,83,106]]
[[0,0,0],[1,0,0],[0,1,0],[40,7,106]]
[[0,0,0],[1,0,0],[0,1,0],[36,105,106]]
[[0,0,0],[1,0,0],[0,1,0],[56,93,106]]
[[0,0,0],[1,0,0],[0,1,0],[3,17,106]]
[[0,0,0],[1,0,0],[0,1,0],[38,3,106]]
[[0,0,0],[1,0,0],[0,1,0],[8,69,106]]
[[0,0,0],[1,0,0],[0,1,0],[10,27,106]]
[[0,0,0],[1,0,0],[0,1,0],[12,9,106]]
[[0,0,0],[1,0,0],[0,1,0],[16,23,106]]
[[0,0,0],[1,0,0],[0,1,0],[8,75,106]]
[[0,0,0],[1,0,0],[0,1,0],[34,1,106]]
[[0,0,0],[1,0,0],[0,1,0],[56,67,106]]
[[0,0,0],[1,0,0],[0,1,0],[9,33,106]]
[[0,0,0],[1,0,0],[0,1,0],[9,25,106]]
[[0,0,0],[1,0,0],[0,1,0],[22,35,106]]
[[0,0,0],[1,0,0],[0,1,0],[42,1,106]]
[[0,0,0],[1,0,0],[0,1,0],[14,49,106]]
[[0,0,0],[1,0,0],[0,1,0],[10,33,106]]
[[0,0,0],[1,0,0],[0,1,0],[24,59,106]]
[[0,0,0],[1,0,0],[0,1,0],[4,9,106]]
[[0,0,0],[1,0,0],[0,1,0],[40,1,106]]
[[0,0,0],[1,0,0],[0,1,0],[14,15,106]]
[[0,0,0],[1,0,0],[0,1,0],[7,45,106]]
[[0,0,0],[1,0,0],[0,1,0],[3,49,106]]
[[0,0,0],[1,0,0],[0,1,0],[6,1,106]]
[[0,0,0],[1,0,0],[0,1,0],[16,69,106]]
[[0,0,0],[1,0,0],[0,1,0],[48,105,106]]
[[0,0,0],[1,0,0],[0,1,0],[18,37,106]]
[[0,0,0],[1,0,0],[0,1,0],[34,85,106]]
