[[0,0,0],[1,0,0],[1,2,0],[15,34,56]]
[[0,0,0],[1,0,0],[0,1,0],[62,111,112]]
[[0,0,0],[1,0,0],[1,4,0],[3,16,28]]
[[0,0,0],[1,0,0],[0,2,0],[46,54,56]]
[[0,0,0],[1,0,0],[0,2,0],[22,2,56]]
[[0,0,0],[1,0,0],[0,1,0],[34,109,112]]
[[0,0,0],[1,0,0],[0,1,0],[90,111,112]]
[[0,0,0],[1,0,0],[0,1,0],[18,71,112]]
[[0,0,0],[1,0,0],[0,1,0],[60,37,112]]
[[0,0,0],[1,0,0],[0,1,0],[54,71,112]]
[[0,0,0],[1,0,0],[1,2,0],[33,52,56]]
[[0,0,0],[1,0,0],[1,2,0],[1,22,56]]
[[0,0,0],[1,0,0],[0,1,0],[91,46,112]]
[[0,0,0],[1,0,0],[0,1,0],[20,53,112]]
[[0,0,0],[1,0,0],[0,1,0],[10,109,112]]
[[0,0,0],[1,0,0],[0,1,0],[52,69,112]]
[[0,0,0],[1,0,0],[0,1,0],[7,74,112]]
[[0,0,0],[1,0,0],[0,1,0],[30,59,112]]
[[0,0,0],[1,0,0],[0,2,0],[2,30,56]]
[[0,0,0],[1,0,0],[0,1,0],[0,1,112]]
[[0,0,0],[1,0,0],[0,1,0],[8,65,112]]
[[0,0,0],[1,0,0],[1,2,0],[21,49,56]]
[[0,0,0],[2,0,0],[0,1,0],[0,29,56]]
[[0,0,0],[1,0,0],[0,1,0],[23,55,112]]
[[0,0,0],[2,0,0],[0,1,0],[24,1,56]]
[[0,0,0],[1,0,0],[0,1,0],[58,11,112]]
[[0,0,0],[1,0,0],[1,2,0],[17,18,56]]
[[0,0,0],[1,0,0],[0,1,0],[34,15,112]]
[[0,0,0],[1,0,0],[0,1,0],[76,2,112]]
[[0,0,0],[1,0,0],[0,1,0],[68,73,112]]
[[0,0,0],[1,0,0],[0,1,0],[66,110,112]]
[[0,0,0],[1,0,0],[0,1,0],[72,13,112]]
[[0,0,0],[1,0,0],[0,1,0],[24,97,112]]
[[0,0,0],[1,0,0],[0,1,0],[21,108,112]]
[[0,0,0],[1,0,0],[0,1,0],[38,17,112]]
[[0,0,0],[1,0,0],[0,1,0],[58,111,112]]
[[0,0,0],[1,0,0],[0,1,0],[38,1,112]]
[[0,0,0],[1,0,0],[1,2,0],[50,4,56]]
[[0,0,0],[1,0,0],[0,1,0],[91,50,112]]
[[0,0,0],[1,0,0],[0,1,0],[58,47,112]]
[[0,0,0],[1,0,0],[0,1,0],[86,31,112]]
[[0,0,0],[1,0,0],[0,1,0],[11,67,112]]
[[0,0,0],[1,0,0],[1,2,0],[50,52,56]]
[[0,0,0],[2,0,0],[0,2,0],[0,2,28]]
[[0,0,0],[1,0,0],[0,1,0],[82,51,112]]
[[0,0,0],[1,0,0],[0,2,0],[20,32,56]]
[[0,0,0],[1,0,0],[0,1,0],[7,85,112]]
[[0,0,0],[1,0,0],[0,1,0],[6,75,112]]
[[0,0,0],[1,0,0],[0,1,0],[72,49,112]]
[[0,0,0],[1,0,0],[0,4,0],[3,4,28]]
[[0,0,0],[1,0,0],[0,1,0],[4,101,112]]
[[0,0,0],[1,0,0],[0,1,0],[2,43,112]]
[[0,0,0],[1,0,0],[0,1,0],[86,67,112]]
[[0,0,0],[1,0,0],[1,2,0],[25,6,56]]
[[0,0,0],[1,0,0],[0,1,0],[46,111,112]]
[[0,0,0],[1,0,0],[0,1,0],[46,51,112]]
[[0,0,0],[1,0,0],[0,1,0],[34,111,112]]
[[0,0,0],[1,0,0],[0,1,0],[26,53,112]]
[[0,0,0],[1,0,0],[0,1,0],[21,99,112]]
[[0,0,0],[1,0,0],[0,1,0],[30,45,112]]
[[0,0,0],[1,0,0],[0,2,0],[49,44,56]]
[[0,0,0],[1,0,0],[0,1,0],[60,46,112]]
[[0,0,0],[1,0,0],[0,1,0],[58,90,112]]
[[0,0,0],[1,0,0],[0,2,0],[6,46,56]]
[[0,0,0],[1,0,0],[0,1,0],[24,49,112]]
[[0,0,0],[1,0,0],[1,2,0],[9,50,56]]
[[0,0,0],[1,0,0],[1,2,0],[17,54,56]]
[[0,0,0],[1,0,0],[0,1,0],[26,93,112]]
[[0,0,0],[2,0,0],[0,1,0],[40,30,56]]
[[0,0,0],[1,0,0],[0,1,0],[60,11,112]]
[[0,0,0],[2,0,0],[0,1,0],[12,37,56]]
[[0,0,0],[1,0,0],[0,1,0],[24,33,112]]
[[0,0,0],[2,0,0],[0,1,0],[12,41,56]]
[[0,0,0],[1,0,0],[0,1,0],[29,29,112]]
[[0,0,0],[2,0,0],[0,1,0],[12,23,56]]
[[0,0,0],[1,0,0],[0,1,0],[50,97,112]]
[[0,0,0],[1,0,0],[1,2,0],[21,21,56]]
[[0,0,0],[1,0,0],[0,1,0],[58,41,112]]
[[0,0,0],[1,0,0],[0,1,0],[18,5,112]]
[[0,0,0],[1,0,0],[0,1,0],[26,103,112]]
[[0,0,0],[1,0,0],[1,4,0],[27,12,28]]
[[0,0,0],[1,0,0],[0,1,0],[18,61,112]]
[[0,0,0],[1,0,0],[0,1,0],[77,4,112]]
[[0,0,0],[1,0,0],[0,1,0],[20,29,112]]
[[0,0,0],[1,0,0],[0,1,0],[2,5,112]]
[[0,0,0],[1,0,0],[0,1,0],[23,27,112]]
[[0,0,0],[1,0,0],[0,1,0],[38,47,112]]
[[0,0,0],[1,0,0],[0,1,0],[52,73,112]]
[[0,0,0],[1,0,0],[0,1,0],[24,105,112]]
[[0,0,0],[2,0,0],[0,1,0],[12,47,56]]
[[0,0,0],[2,0,0],[0,1,0],[14,29,56]]
[[0,0,0],[1,0,0],[0,1,0],[2,34,112]]
[[0,0,0],[1,0,0],[0,1,0],[16,1,112]]
[[0,0,0],[1,0,0],[1,2,0],[13,30,56]]
[[0,0,0],[2,0,0],[0,1,0],[36,41,56]]
[[0,0,0],[1,0,0],[0,2,0],[4,22,56]]
[[0,0,0],[1,0,0],[0,1,0],[3,75,112]]
[[0,0,0],[1,0,0],[0,2,0],[15,38,56]]
[[0,0,0],[1,0,0],[0,4,0],[27,12,28]]
[[0,0,0],[1,0,0],[0,1,0],[44,97,112]]
[[0,0,0],[2,0,0],[0,2,0],[4,6,28]]
[[0,0,0],[1,0,0],[0,1,0],[102,111,112]]
[[0,0,0],[1,0,0],[0,2,0],[20,10,56]]
[[0,0,0],[1,0,0],[0,2,0],[18,54,56]]
[[0,0,0],[1,0,0],[0,1,0],[7,71,112]]
[[0,0,0],[1,0,0],[0,1,0],[13,93,112]]
[[0,0,0],[1,0,0],[0,1,0],[2,107,112]]
[[0,0,0],[1,0,0],[0,1,0],[78,39,112]]
[[0,0,0],[1,0,0],[0,1,0],[100,6,112]]
[[0,0,0],[1,0,0],[0,1,0],[30,39,112]]
[[0,0,0],[1,0,0],[0,1,0],[26,51,112]]
[[0,0,0],[1,0,0],[0,1,0],[88,41,112]]
[[0,0,0],[1,0,0],[0,1,0],[2,97,112]]
[[0,0,0],[1,0,0],[0,2,0],[26,46,56]]
[[0,0,0],[2,0,0],[1,2,0],[1,2,28]]
[[0,0,0],[1,0,0],[0,1,0],[50,23,112]]
[[0,0,0],[1,0,0],[0,1,0],[7,15,112]]
[[0,0,0],[1,0,0],[0,1,0],[72,41,112]]
[[0,0,0],[1,0,0],[0,1,0],[23,29,112]]
[[0,0,0],[1,0,0],[0,1,0],[12,93,112]]
[[0,0,0],[1,0,0],[0,1,0],[13,39,112]]
[[0,0,0],[1,0,0],[0,1,0],[90,9,112]]
[[0,0,0],[1,0,0],[0,2,0],[44,12,56]]
[[0,0,0],[2,0,0],[0,1,0],[40,2,56]]
[[0,0,0],[1,0,0],[0,1,0],[65,97,112]]
[[0,0,0],[1,0,0],[0,1,0],[9,69,112]]
[[0,0,0],[1,0,0],[0,1,0],[52,53,112]]
[[0,0,0],[1,0,0],[0,1,0],[8,73,112]]
[[0,0,0],[1,0,0],[0,1,0],[22,31,112]]
[[0,0,0],[1,0,0],[0,1,0],[44,6,112]]
[[0,0,0],[1,0,0],[0,1,0],[19,99,112]]
[[0,0,0],[1,0,0],[0,1,0],[32,81,112]]
[[0,0,0],[1,0,0],[0,1,0],[6,29,112]]
[[0,0,0],[1,0,0],[0,1,0],[30,71,112]]
[[0,0,0],[1,0,0],[0,1,0],[2,101,112]]
[[0,0,0],[1,0,0],[0,1,0],[19,101,112]]
[[0,0,0],[1,0,0],[1,4,0],[7,7,28]]
[[0,0,0],[1,0,0],[0,1,0],[17,39,112]]
[[0,0,0],[1,0,0],[0,1,0],[77,92,112]]
[[0,0,0],[1,0,0],[1,2,0],[29,16,56]]
[[0,0,0],[1,0,0],[0,2,0],[36,18,56]]
[[0,0,0],[2,0,0],[0,2,0],[2,2,28]]
[[0,0,0],[2,0,0],[0,1,0],[36,55,56]]
[[0,0,0],[1,0,0],[0,1,0],[20,2,112]]
[[0,0,0],[1,0,0],[0,2,0],[23,54,56]]
[[0,0,0],[1,0,0],[0,1,0],[105,106,112]]
[[0,0,0],[1,0,0],[0,2,0],[3,26,56]]
[[0,0,0],[1,0,0],[0,1,0],[108,26,112]]
[[0,0,0],[1,0,0],[0,1,0],[46,46,112]]
[[0,0,0],[2,0,0],[0,1,0],[12,17,56]]
[[0,0,0],[1,0,0],[0,2,0],[30,18,56]]
[[0,0,0],[2,0,0],[0,1,0],[8,29,56]]
[[0,0,0],[1,0,0],[0,2,0],[18,34,56]]
[[0,0,0],[1,0,0],[0,2,0],[18,36,56]]
[[0,0,0],[1,0,0],[0,1,0],[35,86,112]]
[[0,0,0],[1,0,0],[0,1,0],[14,85,112]]
[[0,0,0],[1,0,0],[0,1,0],[10,11,112]]
[[0,0,0],[1,0,0],[0,1,0],[10,33,112]]
[[0,0,0],[1,0,0],[1,2,0],[49,49,56]]
[[0,0,0],[1,0,0],[0,1,0],[35,6,112]]
[[0,0,0],[1,0,0],[0,1,0],[66,43,112]]
[[0,0,0],[1,0,0],[0,1,0],[91,110,112]]
[[0,0,0],[1,0,0],[0,2,0],[12,26,56]]
[[0,0,0],[1,0,0],[0,1,0],[4,45,112]]
[[0,0,0],[2,0,0],[0,2,0],[4,18,28]]
[[0,0,0],[1,0,0],[0,1,0],[4,46,112]]
[[0,0,0],[1,0,0],[0,1,0],[7,18,112]]
[[0,0,0],[2,0,0],[0,1,0],[4,55,56]]
[[0,0,0],[1,0,0],[0,1,0],[28,1,112]]
[[0,0,0],[1,0,0],[0,1,0],[30,47,112]]
[[0,0,0],[1,0,0],[0,1,0],[11,11,112]]
[[0,0,0],[1,0,0],[2,4,0],[3,4,28]]
[[0,0,0],[1,0,0],[1,2,0],[17,50,56]]
[[0,0,0],[1,0,0],[0,2,0],[6,4,56]]
[[0,0,0],[1,0,0],[0,1,0],[7,82,112]]
[[0,0,0],[2,0,0],[0,1,0],[12,43,56]]
[[0,0,0],[1,0,0],[0,1,0],[2,47,112]]
[[0,0,0],[1,0,0],[0,1,0],[77,60,112]]
[[0,0,0],[1,0,0],[0,1,0],[94,47,112]]
[[0,0,0],[1,0,0],[0,4,0],[21,4,28]]
[[0,0,0],[1,0,0],[0,1,0],[24,103,112]]
[[0,0,0],[2,0,0],[0,1,0],[4,51,56]]
[[0,0,0],[1,0,0],[0,2,0],[3,38,56]]
[[0,0,0],[4,0,0],[0,1,0],[14,1,28]]
[[0,0,0],[1,0,0],[0,1,0],[12,61,112]]
[[0,0,0],[1,0,0],[0,1,0],[10,87,112]]
[[0,0,0],[1,0,0],[0,1,0],[70,91,112]]
[[0,0,0],[1,0,0],[0,1,0],[52,75,112]]
[[0,0,0],[2,0,0],[0,1,0],[36,31,56]]
[[0,0,0],[1,0,0],[0,1,0],[9,55,112]]
[[0,0,0],[1,0,0],[0,1,0],[63,66,112]]
[[0,0,0],[1,0,0],[1,4,0],[19,4,28]]
[[0,0,0],[1,0,0],[0,1,0],[22,29,112]]
[[0,0,0],[1,0,0],[0,2,0],[5,10,56]]
[[0,0,0],[1,0,0],[0,2,0],[23,2,56]]
[[0,0,0],[1,0,0],[0,1,0],[10,61,112]]
[[0,0,0],[2,0,0],[0,2,0],[8,26,28]]
[[0,0,0],[1,0,0],[0,1,0],[3,19,112]]
[[0,0,0],[1,0,0],[1,2,0],[15,16,56]]
[[0,0,0],[1,0,0],[1,2,0],[8,36,56]]
[[0,0,0],[1,0,0],[0,2,0],[10,30,56]]
[[0,0,0],[2,0,0],[0,1,0],[4,37,56]]
[[0,0,0],[1,0,0],[0,1,0],[7,43,112]]
[[0,0,0],[2,0,0],[0,1,0],[20,33,56]]
[[0,0,0],[1,0,0],[0,1,0],[66,33,112]]
[[0,0,0],[1,0,0],[0,1,0],[22,83,112]]
[[0,0,0],[1,0,0],[0,2,0],[4,36,56]]
[[0,0,0],[1,0,0],[0,1,0],[44,41,112]]
[[0,0,0],[1,0,0],[0,1,0],[3,43,112]]
[[0,0,0],[1,0,0],[0,2,0],[32,50,56]]
[[0,0,0],[1,0,0],[0,1,0],[38,61,112]]
[[0,0,0],[2,0,0],[0,1,0],[35,22,56]]
[[0,0,0],[1,0,0],[0,1,0],[62,103,112]]
[[0,0,0],[1,0,0],[0,1,0],[17,97,112]]
[[0,0,0],[1,0,0],[0,1,0],[14,29,112]]
[[0,0,0],[2,0,0],[0,1,0],[36,23,56]]
[[0,0,0],[1,0,0],[0,1,0],[20,61,112]]
[[0,0,0],[1,0,0],[0,1,0],[6,61,112]]
[[0,0,0],[1,0,0],[0,1,0],[12,13,112]]
[[0,0,0],[1,0,0],[0,1,0],[11,19,112]]
[[0,0,0],[1,0,0],[0,1,0],[63,50,112]]
[[0,0,0],[1,0,0],[0,1,0],[18,74,112]]
[[0,0,0],[1,0,0],[0,1,0],[68,93,112]]
[[0,0,0],[1,0,0],[0,1,0],[18,83,112]]
[[0,0,0],[1,0,0],[0,2,0],[22,46,56]]
[[0,0,0],[1,0,0],[0,1,0],[60,74,112]]
[[0,0,0],[1,0,0],[0,1,0],[3,45,112]]
[[0,0,0],[1,0,0],[0,1,0],[72,9,112]]
[[0,0,0],[2,0,0],[0,1,0],[24,3,56]]
[[0,0,0],[1,0,0],[0,1,0],[46,79,112]]
[[0,0,0],[1,0,0],[0,1,0],[64,21,112]]
[[0,0,0],[1,0,0],[0,1,0],[60,102,112]]
[[0,0,0],[1,0,0],[0,1,0],[74,74,112]]
[[0,0,0],[1,0,0],[0,1,0],[3,61,112]]
[[0,0,0],[1,0,0],[0,1,0],[68,66,112]]
[[0,0,0],[1,0,0],[1,2,0],[1,10,56]]
[[0,0,0],[1,0,0],[0,1,0],[28,57,112]]
[[0,0,0],[2,0,0],[0,2,0],[7,2,28]]
[[0,0,0],[1,0,0],[0,2,0],[38,52,56]]
[[0,0,0],[1,0,0],[0,1,0],[26,27,112]]
[[0,0,0],[1,0,0],[0,1,0],[9,83,112]]
[[0,0,0],[1,0,0],[0,4,0],[27,16,28]]
[[0,0,0],[1,0,0],[0,1,0],[2,45,112]]
[[0,0,0],[1,0,0],[0,1,0],[12,9,112]]
[[0,0,0],[1,0,0],[0,1,0],[14,71,112]]
[[0,0,0],[1,0,0],[0,1,0],[30,69,112]]
[[0,0,0],[1,0,0],[0,1,0],[22,27,112]]
[[0,0,0],[1,0,0],[0,1,0],[11,107,112]]
[[0,0,0],[1,0,0],[0,1,0],[57,73,112]]
[[0,0,0],[1,0,0],[0,1,0],[50,79,112]]
[[0,0,0],[1,0,0],[0,1,0],[11,15,112]]
[[0,0,0],[1,0,0],[0,1,0],[38,59,112]]
[[0,0,0],[8,0,0],[0,1,0],[0,1,14]]
[[0,0,0],[1,0,0],[0,2,0],[27,6,56]]
[[0,0,0],[1,0,0],[0,1,0],[10,23,112]]
[[0,0,0],[1,0,0],[0,1,0],[50,101,112]]
[[0,0,0],[1,0,0],[0,1,0],[35,102,112]]
[[0,0,0],[1,0,0],[0,1,0],[88,67,112]]
[[0,0,0],[1,0,0],[0,1,0],[60,60,112]]
[[0,0,0],[1,0,0],[0,1,0],[54,1,112]]
[[0,0,0],[1,0,0],[0,2,0],[54,20,56]]
[[0,0,0],[1,0,0],[1,2,0],[33,18,56]]
[[0,0,0],[1,0,0],[0,1,0],[13,101,112]]
[[0,0,0],[1,0,0],[0,1,0],[5,43,112]]
[[0,0,0],[2,0,0],[0,1,0],[20,53,56]]
[[0,0,0],[1,0,0],[0,1,0],[11,81,112]]
[[0,0,0],[1,0,0],[0,1,0],[3,31,112]]
[[0,0,0],[1,0,0],[0,2,0],[9,2,56]]
[[0,0,0],[1,0,0],[0,1,0],[18,79,112]]
[[0,0,0],[1,0,0],[0,1,0],[5,19,112]]
[[0,0,0],[1,0,0],[1,2,0],[1,44,56]]
[[0,0,0],[1,0,0],[0,1,0],[50,5,112]]
[[0,0,0],[1,0,0],[0,1,0],[22,99,112]]
[[0,0,0],[1,0,0],[0,1,0],[35,62,112]]
[[0,0,0],[1,0,0],[0,1,0],[46,101,112]]
[[0,0,0],[1,0,0],[0,1,0],[2,1,112]]
[[0,0,0],[1,0,0],[0,2,0],[6,2,56]]
[[0,0,0],[1,0,0],[0,1,0],[20,86,112]]
[[0,0,0],[1,0,0],[0,1,0],[52,82,112]]
[[0,0,0],[1,0,0],[1,2,0],[43,44,56]]
[[0,0,0],[1,0,0],[0,2,0],[27,30,56]]
[[0,0,0],[1,0,0],[1,2,0],[1,16,56]]
[[0,0,0],[2,0,0],[0,1,0],[4,15,56]]
[[0,0,0],[1,0,0],[0,2,0],[14,2,56]]
[[0,0,0],[1,0,0],[0,1,0],[12,38,112]]
[[0,0,0],[1,0,0],[0,1,0],[88,49,112]]
[[0,0,0],[1,0,0],[0,2,0],[32,22,56]]
[[0,0,0],[2,0,0],[0,1,0],[4,3,56]]
[[0,0,0],[1,0,0],[0,1,0],[4,95,112]]
[[0,0,0],[1,0,0],[0,1,0],[35,50,112]]
[[0,0,0],[1,0,0],[0,1,0],[11,47,112]]
[[0,0,0],[1,0,0],[0,2,0],[31,10,56]]
[[0,0,0],[1,0,0],[0,1,0],[15,15,112]]
[[0,0,0],[1,0,0],[0,1,0],[6,69,112]]
[[0,0,0],[1,0,0],[0,1,0],[35,22,112]]
[[0,0,0],[1,0,0],[1,2,0],[13,46,56]]
[[0,0,0],[1,0,0],[0,1,0],[54,107,112]]
[[0,0,0],[1,0,0],[0,1,0],[6,103,112]]
[[0,0,0],[1,0,0],[0,2,0],[44,40,56]]
[[0,0,0],[1,0,0],[0,1,0],[18,31,112]]
[[0,0,0],[1,0,0],[0,4,0],[26,12,28]]
[[0,0,0],[1,0,0],[0,1,0],[4,25,112]]
[[0,0,0],[1,0,0],[1,4,0],[1,8,28]]
[[0,0,0],[1,0,0],[0,1,0],[16,81,112]]
[[0,0,0],[1,0,0],[0,2,0],[11,6,56]]
[[0,0,0],[1,0,0],[0,1,0],[30,87,112]]
[[0,0,0],[1,0,0],[0,1,0],[19,103,112]]
[[0,0,0],[1,0,0],[1,2,0],[25,34,56]]
[[0,0,0],[1,0,0],[0,1,0],[74,95,112]]
[[0,0,0],[1,0,0],[0,2,0],[2,18,56]]
[[0,0,0],[1,0,0],[0,1,0],[80,33,112]]
[[0,0,0],[1,0,0],[0,1,0],[2,53,112]]
[[0,0,0],[1,0,0],[0,1,0],[90,65,112]]
[[0,0,0],[1,0,0],[0,1,0],[36,1,112]]
[[0,0,0],[1,0,0],[0,1,0],[68,61,112]]
[[0,0,0],[1,0,0],[0,1,0],[20,58,112]]
[[0,0,0],[1,0,0],[0,2,0],[3,10,56]]
[[0,0,0],[1,0,0],[0,1,0],[5,45,112]]
[[0,0,0],[1,0,0],[0,1,0],[58,67,112]]
[[0,0,0],[1,0,0],[0,1,0],[4,61,112]]
[[0,0,0],[1,0,0],[0,1,0],[4,9,112]]
[[0,0,0],[1,0,0],[0,1,0],[2,73,112]]
[[0,0,0],[2,0,0],[0,1,0],[12,45,56]]
[[0,0,0],[1,0,0],[0,1,0],[29,41,112]]
[[0,0,0],[1,0,0],[1,2,0],[50,20,56]]
[[0,0,0],[2,0,0],[0,1,0],[12,3,56]]
[[0,0,0],[1,0,0],[0,1,0],[63,90,112]]
[[0,0,0],[1,0,0],[0,1,0],[50,75,112]]
[[0,0,0],[1,0,0],[1,2,0],[33,24,56]]
[[0,0,0],[1,0,0],[0,1,0],[56,57,112]]
[[0,0,0],[1,0,0],[0,1,0],[34,86,112]]
[[0,0,0],[1,0,0],[0,2,0],[1,6,56]]
[[0,0,0],[1,0,0],[0,1,0],[60,67,112]]
[[0,0,0],[1,0,0],[0,1,0],[105,22,112]]
[[0,0,0],[2,0,0],[0,1,0],[24,31,56]]
[[0,0,0],[1,0,0],[0,1,0],[5,41,112]]
[[0,0,0],[1,0,0],[0,1,0],[12,5,112]]
[[0,0,0],[1,0,0],[0,1,0],[9,41,112]]
[[0,0,0],[1,0,0],[0,1,0],[34,71,112]]
[[0,0,0],[1,0,0],[0,1,0],[100,111,112]]
[[0,0,0],[2,0,0],[0,2,0],[18,26,28]]
[[0,0,0],[1,0,0],[0,1,0],[54,45,112]]
[[0,0,0],[2,0,0],[0,1,0],[32,53,56]]
[[0,0,0],[1,0,0],[0,2,0],[26,2,56]]
[[0,0,0],[1,0,0],[0,1,0],[14,57,112]]
[[0,0,0],[2,0,0],[0,1,0],[24,45,56]]
[[0,0,0],[1,0,0],[0,1,0],[31,89,112]]
[[0,0,0],[1,0,0],[0,1,0],[6,9,112]]
[[0,0,0],[1,0,0],[0,1,0],[6,39,112]]
[[0,0,0],[1,0,0],[0,2,0],[35,16,56]]
[[0,0,0],[1,0,0],[0,1,0],[18,51,112]]
[[0,0,0],[2,0,0],[0,1,0],[42,36,56]]
[[0,0,0],[1,0,0],[0,1,0],[21,52,112]]
[[0,0,0],[1,0,0],[0,1,0],[34,9,112]]
[[0,0,0],[1,0,0],[0,2,0],[4,10,56]]
[[0,0,0],[1,0,0],[0,1,0],[34,83,112]]
[[0,0,0],[1,0,0],[0,1,0],[18,55,112]]
[[0,0,0],[1,0,0],[0,1,0],[18,59,112]]
[[0,0,0],[1,0,0],[0,1,0],[36,69,112]]
[[0,0,0],[1,0,0],[0,1,0],[30,90,112]]
[[0,0,0],[1,0,0],[0,1,0],[100,62,112]]
[[0,0,0],[1,0,0],[0,2,0],[49,16,56]]
[[0,0,0],[1,0,0],[1,4,0],[22,8,28]]
[[0,0,0],[1,0,0],[0,2,0],[18,10,56]]
[[0,0,0],[1,0,0],[0,2,0],[4,8,56]]
[[0,0,0],[1,0,0],[0,2,0],[10,26,56]]
[[0,0,0],[2,0,0],[0,2,0],[4,26,28]]
[[0,0,0],[1,0,0],[0,1,0],[21,4,112]]
[[0,0,0],[1,0,0],[1,2,0],[8,20,56]]
[[0,0,0],[1,0,0],[0,1,0],[62,15,112]]
[[0,0,0],[1,0,0],[0,1,0],[20,44,112]]
[[0,0,0],[1,0,0],[0,2,0],[7,44,56]]
[[0,0,0],[1,0,0],[1,4,0],[15,8,28]]
[[0,0,0],[1,0,0],[0,1,0],[52,109,112]]
[[0,0,0],[1,0,0],[0,1,0],[100,27,112]]
[[0,0,0],[1,0,0],[0,1,0],[44,90,112]]
[[0,0,0],[1,0,0],[1,4,0],[23,16,28]]
[[0,0,0],[4,0,0],[0,1,0],[0,8,28]]
[[0,0,0],[1,0,0],[0,1,0],[1,19,112]]
[[0,0,0],[1,0,0],[0,1,0],[60,95,112]]
[[0,0,0],[1,0,0],[0,1,0],[2,6,112]]
[[0,0,0],[1,0,0],[0,1,0],[86,33,112]]
[[0,0,0],[1,0,0],[0,1,0],[77,12,112]]
[[0,0,0],[1,0,0],[0,4,0],[9,24,28]]
[[0,0,0],[1,0,0],[0,1,0],[98,79,112]]
[[0,0,0],[1,0,0],[0,1,0],[64,65,112]]
[[0,0,0],[1,0,0],[1,4,0],[17,16,28]]
[[0,0,0],[1,0,0],[2,4,0],[15,4,28]]
[[0,0,0],[2,0,0],[0,1,0],[4,39,56]]
[[0,0,0],[2,0,0],[0,1,0],[20,25,56]]
[[0,0,0],[1,0,0],[1,2,0],[9,26,56]]
[[0,0,0],[1,0,0],[0,1,0],[9,97,112]]
[[0,0,0],[1,0,0],[0,1,0],[6,93,112]]
[[0,0,0],[1,0,0],[0,1,0],[18,57,112]]
[[0,0,0],[2,0,0],[0,1,0],[36,3,56]]
[[0,0,0],[1,0,0],[0,1,0],[13,43,112]]
[[0,0,0],[1,0,0],[0,4,0],[2,24,28]]
[[0,0,0],[2,0,0],[0,1,0],[8,11,56]]
[[0,0,0],[1,0,0],[0,1,0],[62,47,112]]
[[0,0,0],[1,0,0],[0,1,0],[94,111,112]]
[[0,0,0],[1,0,0],[0,1,0],[30,9,112]]
[[0,0,0],[1,0,0],[0,1,0],[5,53,112]]
[[0,0,0],[1,0,0],[0,1,0],[2,93,112]]
[[0,0,0],[1,0,0],[0,1,0],[30,79,112]]
[[0,0,0],[1,0,0],[0,2,0],[21,44,56]]
[[0,0,0],[1,0,0],[0,1,0],[46,73,112]]
[[0,0,0],[1,0,0],[0,1,0],[88,25,112]]
[[0,0,0],[1,0,0],[0,1,0],[6,101,112]]
[[0,0,0],[1,0,0],[0,1,0],[88,95,112]]
[[0,0,0],[1,0,0],[0,1,0],[46,19,112]]
[[0,0,0],[1,0,0],[0,1,0],[56,1,112]]
[[0,0,0],[1,0,0],[0,1,0],[66,3,112]]
[[0,0,0],[1,0,0],[0,1,0],[105,78,112]]
[[0,0,0],[1,0,0],[0,2,0],[31,26,56]]
[[0,0,0],[1,0,0],[0,1,0],[98,15,112]]
[[0,0,0],[1,0,0],[1,2,0],[22,52,56]]
[[0,0,0],[1,0,0],[1,2,0],[22,4,56]]
[[0,0,0],[1,0,0],[1,4,0],[19,8,28]]
[[0,0,0],[1,0,0],[0,1,0],[6,89,112]]
[[0,0,0],[1,0,0],[0,1,0],[46,75,112]]
[[0,0,0],[1,0,0],[0,1,0],[34,65,112]]
[[0,0,0],[1,0,0],[0,2,0],[11,22,56]]
[[0,0,0],[2,0,0],[0,1,0],[4,45,56]]
[[0,0,0],[1,0,0],[0,1,0],[66,67,112]]
[[0,0,0],[1,0,0],[0,1,0],[22,69,112]]
[[0,0,0],[1,0,0],[1,2,0],[43,54,56]]
[[0,0,0],[1,0,0],[0,1,0],[6,107,112]]
[[0,0,0],[1,0,0],[0,1,0],[9,13,112]]
[[0,0,0],[1,0,0],[0,1,0],[90,15,112]]
[[0,0,0],[1,0,0],[0,1,0],[18,101,112]]
[[0,0,0],[1,0,0],[0,1,0],[106,111,112]]
[[0,0,0],[1,0,0],[0,2,0],[15,30,56]]
[[0,0,0],[1,0,0],[0,1,0],[26,45,112]]
[[0,0,0],[1,0,0],[0,1,0],[6,43,112]]
[[0,0,0],[1,0,0],[1,2,0],[29,6,56]]
[[0,0,0],[1,0,0],[0,1,0],[10,85,112]]
[[0,0,0],[1,0,0],[0,1,0],[63,26,112]]
[[0,0,0],[1,0,0],[0,1,0],[38,82,112]]
[[0,0,0],[1,0,0],[0,1,0],[22,17,112]]
[[0,0,0],[2,0,0],[0,1,0],[20,29,56]]
[[0,0,0],[1,0,0],[0,1,0],[63,36,112]]
[[0,0,0],[1,0,0],[2,4,0],[7,4,28]]
[[0,0,0],[1,0,0],[0,1,0],[10,25,112]]
[[0,0,0],[2,0,0],[0,1,0],[8,41,56]]
[[0,0,0],[1,0,0],[0,1,0],[2,95,112]]
[[0,0,0],[1,0,0],[0,1,0],[30,62,112]]
[[0,0,0],[1,0,0],[0,1,0],[90,45,112]]
[[0,0,0],[1,0,0],[0,2,0],[18,18,56]]
[[0,0,0],[1,0,0],[0,1,0],[54,15,112]]
[[0,0,0],[1,0,0],[0,1,0],[52,110,112]]
[[0,0,0],[2,0,0],[0,1,0],[32,13,56]]
[[0,0,0],[1,0,0],[0,1,0],[50,39,112]]
[[0,0,0],[1,0,0],[0,2,0],[12,2,56]]
[[0,0,0],[1,0,0],[0,1,0],[18,23,112]]
[[0,0,0],[1,0,0],[0,1,0],[9,17,112]]
[[0,0,0],[1,0,0],[0,1,0],[74,51,112]]
[[0,0,0],[1,0,0],[0,1,0],[78,55,112]]
[[0,0,0],[1,0,0],[0,1,0],[4,5,112]]
[[0,0,0],[2,0,0],[0,1,0],[4,11,56]]
[[0,0,0],[1,0,0],[0,1,0],[18,41,112]]
[[0,0,0],[1,0,0],[0,1,0],[6,73,112]]
[[0,0,0],[1,0,0],[1,2,0],[8,4,56]]
[[0,0,0],[1,0,0],[0,1,0],[22,41,112]]
[[0,0,0],[1,0,0],[1,4,0],[11,20,28]]
[[0,0,0],[1,0,0],[0,1,0],[72,55,112]]
[[0,0,0],[1,0,0],[1,2,0],[8,32,56]]
[[0,0,0],[1,0,0],[0,1,0],[88,11,112]]
[[0,0,0],[1,0,0],[0,1,0],[50,43,112]]
[[0,0,0],[1,0,0],[0,1,0],[76,109,112]]
[[0,0,0],[1,0,0],[0,1,0],[77,50,112]]
[[0,0,0],[1,0,0],[1,2,0],[17,48,56]]
[[0,0,0],[1,0,0],[0,1,0],[17,31,112]]
[[0,0,0],[1,0,0],[0,1,0],[1,9,112]]
[[0,0,0],[1,0,0],[0,1,0],[8,35,112]]
[[0,0,0],[1,0,0],[3,4,0],[3,4,28]]
[[0,0,0],[1,0,0],[0,2,0],[30,54,56]]
[[0,0,0],[1,0,0],[0,2,0],[52,26,56]]
[[0,0,0],[1,0,0],[0,2,0],[30,22,56]]
[[0,0,0],[1,0,0],[0,1,0],[31,41,112]]
[[0,0,0],[1,0,0],[0,1,0],[86,43,112]]
[[0,0,0],[1,0,0],[0,1,0],[78,69,112]]
[[0,0,0],[1,0,0],[0,1,0],[9,25,112]]
[[0,0,0],[1,0,0],[0,1,0],[24,61,112]]
[[0,0,0],[1,0,0],[0,2,0],[46,46,56]]
[[0,0,0],[1,0,0],[0,1,0],[52,13,112]]
[[0,0,0],[1,0,0],[0,2,0],[2,2,56]]
[[0,0,0],[1,0,0],[0,1,0],[40,97,112]]
[[0,0,0],[1,0,0],[0,1,0],[10,37,112]]
[[0,0,0],[1,0,0],[0,1,0],[44,55,112]]
[[0,0,0],[1,0,0],[0,1,0],[34,43,112]]
[[0,0,0],[1,0,0],[0,1,0],[66,89,112]]
[[0,0,0],[1,0,0],[0,1,0],[40,81,112]]
[[0,0,0],[2,0,0],[0,1,0],[4,53,56]]
[[0,0,0],[2,0,0],[0,2,0],[4,12,28]]
[[0,0,0],[1,0,0],[0,1,0],[77,57,112]]
[[0,0,0],[1,0,0],[0,1,0],[91,54,112]]
[[0,0,0],[1,0,0],[0,1,0],[19,59,112]]
[[0,0,0],[1,0,0],[0,1,0],[26,38,112]]
[[0,0,0],[1,0,0],[0,2,0],[30,10,56]]
[[0,0,0],[1,0,0],[0,1,0],[79,111,112]]
[[0,0,0],[2,0,0],[0,2,0],[4,10,28]]
[[0,0,0],[1,0,0],[0,2,0],[2,50,56]]
[[0,0,0],[1,0,0],[0,1,0],[24,41,112]]
[[0,0,0],[2,0,0],[0,1,0],[12,31,56]]
[[0,0,0],[1,0,0],[0,1,0],[14,1,112]]
[[0,0,0],[1,0,0],[0,1,0],[21,106,112]]
[[0,0,0],[1,0,0],[0,1,0],[36,9,112]]
[[0,0,0],[1,0,0],[0,1,0],[6,59,112]]
[[0,0,0],[1,0,0],[0,1,0],[80,61,112]]
[[0,0,0],[1,0,0],[0,1,0],[4,33,112]]
[[0,0,0],[1,0,0],[0,1,0],[78,59,112]]
[[0,0,0],[1,0,0],[0,1,0],[80,49,112]]
[[0,0,0],[1,0,0],[0,2,0],[10,10,56]]
[[0,0,0],[1,0,0],[0,1,0],[62,85,112]]
[[0,0,0],[1,0,0],[0,2,0],[55,18,56]]
[[0,0,0],[1,0,0],[0,2,0],[13,2,56]]
[[0,0,0],[1,0,0],[0,2,0],[18,6,56]]
[[0,0,0],[1,0,0],[0,1,0],[67,67,112]]
[[0,0,0],[1,0,0],[0,1,0],[38,55,112]]
[[0,0,0],[1,0,0],[1,2,0],[1,18,56]]
[[0,0,0],[1,0,0],[0,1,0],[94,43,112]]
[[0,0,0],[1,0,0],[0,1,0],[66,59,112]]
[[0,0,0],[2,0,0],[0,1,0],[32,55,56]]
[[0,0,0],[1,0,0],[0,1,0],[5,101,112]]
[[0,0,0],[1,0,0],[1,2,0],[33,26,56]]
[[0,0,0],[1,0,0],[0,2,0],[9,26,56]]
[[0,0,0],[2,0,0],[0,1,0],[20,5,56]]
[[0,0,0],[1,0,0],[1,2,0],[5,54,56]]
[[0,0,0],[1,0,0],[0,1,0],[2,11,112]]
[[0,0,0],[1,0,0],[0,1,0],[34,103,112]]
[[0,0,0],[1,0,0],[0,1,0],[44,25,112]]
[[0,0,0],[1,0,0],[0,1,0],[34,107,112]]
[[0,0,0],[1,0,0],[0,1,0],[50,9,112]]
[[0,0,0],[2,0,0],[0,1,0],[24,38,56]]
[[0,0,0],[1,0,0],[0,1,0],[24,1,112]]
[[0,0,0],[1,0,0],[0,1,0],[2,25,112]]
[[0,0,0],[4,0,0],[0,1,0],[0,22,28]]
[[0,0,0],[1,0,0],[0,2,0],[16,26,56]]
[[0,0,0],[1,0,0],[0,2,0],[2,38,56]]
[[0,0,0],[1,0,0],[0,1,0],[74,55,112]]
[[0,0,0],[1,0,0],[0,1,0],[6,3,112]]
[[0,0,0],[1,0,0],[0,1,0],[36,45,112]]
[[0,0,0],[1,0,0],[0,1,0],[35,30,112]]
[[0,0,0],[1,0,0],[0,1,0],[77,106,112]]
[[0,0,0],[2,0,0],[0,1,0],[44,39,56]]
[[0,0,0],[1,0,0],[1,4,0],[19,24,28]]
[[0,0,0],[1,0,0],[0,2,0],[26,26,56]]
[[0,0,0],[1,0,0],[0,1,0],[77,20,112]]
[[0,0,0],[1,0,0],[1,2,0],[1,6,56]]
[[0,0,0],[1,0,0],[0,2,0],[18,46,56]]
[[0,0,0],[1,0,0],[0,1,0],[35,85,112]]
[[0,0,0],[1,0,0],[2,4,0],[10,8,28]]
[[0,0,0],[1,0,0],[1,2,0],[9,30,56]]
[[0,0,0],[1,0,0],[0,1,0],[26,1,112]]
[[0,0,0],[1,0,0],[0,1,0],[12,29,112]]
[[0,0,0],[1,0,0],[0,1,0],[10,95,112]]
[[0,0,0],[2,0,0],[0,1,0],[7,1,56]]
[[0,0,0],[1,0,0],[0,1,0],[58,31,112]]
[[0,0,0],[1,0,0],[0,1,0],[102,107,112]]
[[0,0,0],[2,0,0],[0,1,0],[52,27,56]]
[[0,0,0],[1,0,0],[0,2,0],[6,34,56]]
[[0,0,0],[1,0,0],[0,1,0],[72,27,112]]
[[0,0,0],[2,0,0],[0,1,0],[14,1,56]]
[[0,0,0],[1,0,0],[0,2,0],[21,2,56]]
[[0,0,0],[1,0,0],[0,1,0],[5,59,112]]
[[0,0,0],[2,0,0],[0,2,0],[4,2,28]]
[[0,0,0],[1,0,0],[0,1,0],[58,43,112]]
[[0,0,0],[1,0,0],[0,1,0],[58,85,112]]
[[0,0,0],[1,0,0],[0,1,0],[34,87,112]]
[[0,0,0],[1,0,0],[0,1,0],[57,71,112]]
[[0,0,0],[2,0,0],[0,1,0],[7,50,56]]
[[0,0,0],[1,0,0],[0,1,0],[2,13,112]]
[[0,0,0],[1,0,0],[0,1,0],[9,27,112]]
[[0,0,0],[1,0,0],[0,1,0],[42,7,112]]
[[0,0,0],[1,0,0],[0,1,0],[24,65,112]]
[[0,0,0],[2,0,0],[0,2,0],[14,16,28]]
[[0,0,0],[2,0,0],[0,1,0],[36,27,56]]
[[0,0,0],[1,0,0],[0,1,0],[65,71,112]]
[[0,0,0],[1,0,0],[0,1,0],[3,11,112]]
[[0,0,0],[1,0,0],[0,2,0],[8,42,56]]
[[0,0,0],[1,0,0],[0,1,0],[2,19,112]]
[[0,0,0],[1,0,0],[0,1,0],[38,13,112]]
[[0,0,0],[1,0,0],[0,1,0],[12,101,112]]
[[0,0,0],[1,0,0],[0,1,0],[3,89,112]]
[[0,0,0],[1,0,0],[0,1,0],[20,25,112]]
[[0,0,0],[2,0,0],[0,1,0],[44,41,56]]
[[0,0,0],[1,0,0],[0,1,0],[49,1,112]]
[[0,0,0],[1,0,0],[0,1,0],[58,99,112]]
[[0,0,0],[1,0,0],[0,2,0],[24,10,56]]
[[0,0,0],[1,0,0],[0,1,0],[4,41,112]]
[[0,0,0],[1,0,0],[0,1,0],[10,111,112]]
[[0,0,0],[1,0,0],[0,2,0],[11,2,56]]
[[0,0,0],[1,0,0],[0,2,0],[4,50,56]]
[[0,0,0],[1,0,0],[0,1,0],[49,106,112]]
[[0,0,0],[2,0,0],[0,1,0],[12,51,56]]
[[0,0,0],[2,0,0],[0,1,0],[48,54,56]]
[[0,0,0],[1,0,0],[1,2,0],[41,38,56]]
[[0,0,0],[1,0,0],[0,1,0],[26,83,112]]
[[0,0,0],[1,0,0],[0,1,0],[22,79,112]]
[[0,0,0],[2,0,0],[0,2,0],[16,26,28]]
[[0,0,0],[1,0,0],[0,1,0],[54,59,112]]
[[0,0,0],[1,0,0],[0,1,0],[3,23,112]]
[[0,0,0],[1,0,0],[0,1,0],[1,1,112]]
[[0,0,0],[1,0,0],[0,1,0],[24,75,112]]
[[0,0,0],[1,0,0],[0,1,0],[20,85,112]]
[[0,0,0],[1,0,0],[1,2,0],[8,24,56]]
[[0,0,0],[1,0,0],[0,1,0],[28,85,112]]
[[0,0,0],[2,0,0],[0,1,0],[20,27,56]]
[[0,0,0],[1,0,0],[0,1,0],[8,21,112]]
[[0,0,0],[1,0,0],[1,2,0],[43,22,56]]
[[0,0,0],[2,0,0],[0,1,0],[12,13,56]]
[[0,0,0],[1,0,0],[0,2,0],[22,38,56]]
[[0,0,0],[1,0,0],[1,2,0],[15,10,56]]
[[0,0,0],[1,0,0],[0,1,0],[38,79,112]]
[[0,0,0],[1,0,0],[0,1,0],[11,43,112]]
[[0,0,0],[1,0,0],[0,1,0],[62,107,112]]
[[0,0,0],[1,0,0],[0,2,0],[12,10,56]]
[[0,0,0],[1,0,0],[0,1,0],[57,65,112]]
[[0,0,0],[1,0,0],[0,1,0],[21,71,112]]
[[0,0,0],[1,0,0],[0,1,0],[7,106,112]]
[[0,0,0],[1,0,0],[0,2,0],[4,34,56]]
[[0,0,0],[1,0,0],[0,1,0],[3,25,112]]
[[0,0,0],[1,0,0],[0,1,0],[77,68,112]]
[[0,0,0],[1,0,0],[0,1,0],[91,102,112]]
[[0,0,0],[1,0,0],[0,1,0],[24,47,112]]
[[0,0,0],[1,0,0],[0,4,0],[15,4,28]]
[[0,0,0],[1,0,0],[1,2,0],[1,30,56]]
[[0,0,0],[1,0,0],[1,2,0],[29,10,56]]
[[0,0,0],[1,0,0],[0,1,0],[10,5,112]]
[[0,0,0],[1,0,0],[0,1,0],[8,17,112]]
[[0,0,0],[1,0,0],[2,4,0],[7,16,28]]
[[0,0,0],[1,0,0],[0,1,0],[30,33,112]]
[[0,0,0],[1,0,0],[0,1,0],[2,103,112]]
[[0,0,0],[1,0,0],[0,1,0],[4,13,112]]
[[0,0,0],[1,0,0],[1,4,0],[22,12,28]]
[[0,0,0],[1,0,0],[0,1,0],[44,29,112]]
[[0,0,0],[1,0,0],[1,2,0],[25,10,56]]
[[0,0,0],[1,0,0],[0,1,0],[98,111,112]]
[[0,0,0],[1,0,0],[0,1,0],[10,31,112]]
[[0,0,0],[1,0,0],[1,4,0],[9,4,28]]
[[0,0,0],[1,0,0],[0,1,0],[3,37,112]]
[[0,0,0],[2,0,0],[0,1,0],[16,9,56]]
[[0,0,0],[1,0,0],[0,1,0],[30,31,112]]
[[0,0,0],[1,0,0],[0,2,0],[2,54,56]]
[[0,0,0],[1,0,0],[0,1,0],[26,55,112]]
[[0,0,0],[1,0,0],[0,1,0],[44,62,112]]
[[0,0,0],[1,0,0],[0,1,0],[68,10,112]]
[[0,0,0],[1,0,0],[0,1,0],[20,69,112]]
[[0,0,0],[1,0,0],[0,1,0],[22,51,112]]
[[0,0,0],[1,0,0],[0,1,0],[24,5,112]]
[[0,0,0],[1,0,0],[0,2,0],[3,6,56]]
[[0,0,0],[1,0,0],[0,1,0],[2,99,112]]
[[0,0,0],[1,0,0],[0,1,0],[66,47,112]]
[[0,0,0],[1,0,0],[0,1,0],[82,94,112]]
[[0,0,0],[1,0,0],[0,1,0],[7,34,112]]
[[0,0,0],[1,0,0],[1,2,0],[17,2,56]]
[[0,0,0],[1,0,0],[0,1,0],[1,5,112]]
[[0,0,0],[1,0,0],[0,4,0],[3,24,28]]
[[0,0,0],[1,0,0],[0,1,0],[18,102,112]]
[[0,0,0],[1,0,0],[0,1,0],[9,15,112]]
[[0,0,0],[1,0,0],[0,1,0],[24,89,112]]
[[0,0,0],[1,0,0],[1,2,0],[5,22,56]]
[[0,0,0],[2,0,0],[0,1,0],[20,39,56]]
[[0,0,0],[1,0,0],[0,1,0],[32,1,112]]
[[0,0,0],[1,0,0],[2,4,0],[7,24,28]]
[[0,0,0],[1,0,0],[0,1,0],[22,109,112]]
[[0,0,0],[1,0,0],[0,1,0],[76,53,112]]
[[0,0,0],[1,0,0],[0,1,0],[13,103,112]]
[[0,0,0],[1,0,0],[0,2,0],[30,30,56]]
[[0,0,0],[1,0,0],[0,1,0],[26,47,112]]
[[0,0,0],[1,0,0],[0,1,0],[10,65,112]]
[[0,0,0],[1,0,0],[0,1,0],[3,29,112]]
[[0,0,0],[1,0,0],[0,1,0],[2,69,112]]
[[0,0,0],[1,0,0],[1,4,0],[13,12,28]]
[[0,0,0],[1,0,0],[0,1,0],[4,37,112]]
[[0,0,0],[1,0,0],[0,1,0],[34,58,112]]
[[0,0,0],[1,0,0],[0,1,0],[48,17,112]]
[[0,0,0],[1,0,0],[0,1,0],[35,46,112]]
[[0,0,0],[1,0,0],[0,1,0],[50,3,112]]
[[0,0,0],[1,0,0],[0,1,0],[91,36,112]]
[[0,0,0],[1,0,0],[0,2,0],[26,20,56]]
[[0,0,0],[2,0,0],[0,1,0],[35,50,56]]
[[0,0,0],[1,0,0],[0,1,0],[13,65,112]]
[[0,0,0],[1,0,0],[0,2,0],[21,30,56]]
[[0,0,0],[1,0,0],[0,1,0],[27,107,112]]
[[0,0,0],[1,0,0],[0,2,0],[27,18,56]]
[[0,0,0],[1,0,0],[0,1,0],[49,78,112]]
[[0,0,0],[1,0,0],[0,2,0],[23,6,56]]
[[0,0,0],[2,0,0],[0,1,0],[8,39,56]]
[[0,0,0],[1,0,0],[0,1,0],[10,43,112]]
[[0,0,0],[1,0,0],[0,1,0],[20,30,112]]
[[0,0,0],[1,0,0],[0,1,0],[18,11,112]]
[[0,0,0],[2,0,0],[0,1,0],[44,11,56]]
[[0,0,0],[1,0,0],[0,1,0],[50,59,112]]
[[0,0,0],[1,0,0],[1,2,0],[9,22,56]]
[[0,0,0],[1,0,0],[0,1,0],[4,73,112]]
[[0,0,0],[1,0,0],[0,1,0],[21,22,112]]
[[0,0,0],[1,0,0],[0,1,0],[38,67,112]]
[[0,0,0],[1,0,0],[0,2,0],[10,22,56]]
[[0,0,0],[1,0,0],[0,1,0],[4,93,112]]
[[0,0,0],[1,0,0],[0,1,0],[4,17,112]]
[[0,0,0],[2,0,0],[0,2,0],[6,26,28]]
[[0,0,0],[1,0,0],[0,1,0],[7,36,112]]
[[0,0,0],[1,0,0],[0,1,0],[12,1,112]]
[[0,0,0],[1,0,0],[0,1,0],[105,36,112]]
[[0,0,0],[1,0,0],[0,1,0],[66,93,112]]
[[0,0,0],[1,0,0],[0,1,0],[7,78,112]]
[[0,0,0],[1,0,0],[0,1,0],[37,89,112]]
[[0,0,0],[2,0,0],[0,1,0],[16,1,56]]
[[0,0,0],[2,0,0],[0,1,0],[14,43,56]]
[[0,0,0],[1,0,0],[0,1,0],[19,23,112]]
[[0,0,0],[1,0,0],[0,1,0],[22,103,112]]
[[0,0,0],[1,0,0],[0,1,0],[12,73,112]]
[[0,0,0],[1,0,0],[1,2,0],[21,30,56]]
[[0,0,0],[1,0,0],[0,1,0],[52,29,112]]
[[0,0,0],[1,0,0],[0,1,0],[62,31,112]]
[[0,0,0],[1,0,0],[0,1,0],[7,57,112]]
[[0,0,0],[1,0,0],[0,1,0],[54,95,112]]
[[0,0,0],[2,0,0],[0,1,0],[8,17,56]]
[[0,0,0],[1,0,0],[0,2,0],[15,2,56]]
[[0,0,0],[2,0,0],[0,1,0],[28,43,56]]
[[0,0,0],[2,0,0],[0,1,0],[4,47,56]]
[[0,0,0],[1,0,0],[0,1,0],[63,10,112]]
[[0,0,0],[1,0,0],[0,2,0],[44,54,56]]
[[0,0,0],[1,0,0],[0,1,0],[4,89,112]]
[[0,0,0],[1,0,0],[0,1,0],[62,71,112]]
[[0,0,0],[1,0,0],[1,2,0],[41,10,56]]
[[0,0,0],[2,0,0],[0,1,0],[42,43,56]]
[[0,0,0],[1,0,0],[0,1,0],[18,67,112]]
[[0,0,0],[1,0,0],[0,1,0],[42,23,112]]
[[0,0,0],[1,0,0],[0,2,0],[10,50,56]]
[[0,0,0],[1,0,0],[0,1,0],[3,47,112]]
[[0,0,0],[1,0,0],[0,1,0],[76,30,112]]
[[0,0,0],[1,0,0],[0,2,0],[29,26,56]]
[[0,0,0],[1,0,0],[0,1,0],[78,3,112]]
[[0,0,0],[1,0,0],[0,1,0],[64,77,112]]
[[0,0,0],[1,0,0],[1,4,0],[27,4,28]]
[[0,0,0],[1,0,0],[0,1,0],[110,55,112]]
[[0,0,0],[2,0,0],[0,1,0],[42,15,56]]
[[0,0,0],[1,0,0],[0,2,0],[29,2,56]]
[[0,0,0],[1,0,0],[0,1,0],[2,75,112]]
[[0,0,0],[1,0,0],[0,1,0],[65,111,112]]
[[0,0,0],[1,0,0],[0,1,0],[108,110,112]]
[[0,0,0],[1,0,0],[0,1,0],[2,41,112]]
[[0,0,0],[1,0,0],[1,4,0],[21,14,28]]
[[0,0,0],[1,0,0],[0,1,0],[34,89,112]]
[[0,0,0],[2,0,0],[0,1,0],[14,22,56]]
[[0,0,0],[1,0,0],[0,1,0],[54,94,112]]
[[0,0,0],[1,0,0],[0,1,0],[6,65,112]]
[[0,0,0],[1,0,0],[0,1,0],[6,19,112]]
[[0,0,0],[7,0,0],[0,1,0],[8,1,16]]
[[0,0,0],[1,0,0],[0,1,0],[22,11,112]]
[[0,0,0],[1,0,0],[0,1,0],[2,89,112]]
[[0,0,0],[2,0,0],[0,1,0],[8,5,56]]
[[0,0,0],[1,0,0],[0,1,0],[2,9,112]]
[[0,0,0],[1,0,0],[0,1,0],[91,62,112]]
[[0,0,0],[2,0,0],[0,2,0],[7,16,28]]
[[0,0,0],[1,0,0],[0,1,0],[36,93,112]]
[[0,0,0],[1,0,0],[0,1,0],[68,94,112]]
[[0,0,0],[2,0,0],[0,2,0],[8,8,28]]
[[0,0,0],[1,0,0],[0,1,0],[78,79,112]]
[[0,0,0],[1,0,0],[0,2,0],[11,46,56]]
[[0,0,0],[1,0,0],[0,1,0],[2,37,112]]
[[0,0,0],[2,0,0],[0,1,0],[20,11,56]]
[[0,0,0],[1,0,0],[0,2,0],[26,54,56]]
[[0,0,0],[1,0,0],[0,1,0],[2,71,112]]
[[0,0,0],[1,0,0],[0,2,0],[3,54,56]]
[[0,0,0],[1,0,0],[0,1,0],[34,93,112]]
[[0,0,0],[1,0,0],[0,1,0],[12,69,112]]
[[0,0,0],[1,0,0],[0,1,0],[30,23,112]]
[[0,0,0],[1,0,0],[0,2,0],[3,22,56]]
[[0,0,0],[1,0,0],[0,1,0],[44,111,112]]
[[0,0,0],[1,0,0],[0,1,0],[12,59,112]]
[[0,0,0],[2,0,0],[0,1,0],[24,17,56]]
[[0,0,0],[1,0,0],[0,1,0],[16,17,112]]
[[0,0,0],[1,0,0],[0,1,0],[58,62,112]]
[[0,0,0],[2,0,0],[0,2,0],[4,22,28]]
[[0,0,0],[1,0,0],[0,1,0],[20,37,112]]
[[0,0,0],[1,0,0],[0,1,0],[54,51,112]]
[[0,0,0],[1,0,0],[0,1,0],[8,41,112]]
[[0,0,0],[1,0,0],[0,2,0],[34,30,56]]
[[0,0,0],[2,0,0],[0,1,0],[8,25,56]]
[[0,0,0],[1,0,0],[0,1,0],[21,43,112]]
[[0,0,0],[1,0,0],[0,1,0],[27,37,112]]
[[0,0,0],[1,0,0],[0,1,0],[38,3,112]]
[[0,0,0],[1,0,0],[0,1,0],[16,49,112]]
[[0,0,0],[1,0,0],[0,1,0],[35,54,112]]
[[0,0,0],[1,0,0],[0,1,0],[82,111,112]]
[[0,0,0],[1,0,0],[0,1,0],[54,66,112]]
[[0,0,0],[1,0,0],[0,1,0],[35,29,112]]
[[0,0,0],[1,0,0],[0,1,0],[16,33,112]]
[[0,0,0],[1,0,0],[0,1,0],[1,17,112]]
[[0,0,0],[1,0,0],[0,1,0],[44,76,112]]
[[0,0,0],[1,0,0],[0,1,0],[31,47,112]]
[[0,0,0],[1,0,0],[0,1,0],[6,79,112]]
[[0,0,0],[1,0,0],[0,1,0],[5,5,112]]
[[0,0,0],[1,0,0],[0,2,0],[10,52,56]]
[[0,0,0],[1,0,0],[0,1,0],[30,27,112]]
[[0,0,0],[1,0,0],[0,1,0],[60,39,112]]
[[0,0,0],[1,0,0],[0,1,0],[19,47,112]]
[[0,0,0],[1,0,0],[0,1,0],[3,33,112]]
[[0,0,0],[1,0,0],[0,2,0],[6,26,56]]
[[0,0,0],[1,0,0],[0,1,0],[10,26,112]]
[[0,0,0],[1,0,0],[0,1,0],[30,103,112]]
[[0,0,0],[1,0,0],[1,2,0],[36,4,56]]
[[0,0,0],[1,0,0],[0,2,0],[38,30,56]]
[[0,0,0],[1,0,0],[0,1,0],[63,58,112]]
[[0,0,0],[1,0,0],[0,1,0],[6,57,112]]
[[0,0,0],[1,0,0],[0,2,0],[22,6,56]]
[[0,0,0],[1,0,0],[0,2,0],[23,18,56]]
[[0,0,0],[1,0,0],[1,4,0],[22,16,28]]
[[0,0,0],[1,0,0],[0,1,0],[58,109,112]]
[[0,0,0],[2,0,0],[0,1,0],[7,29,56]]
[[0,0,0],[1,0,0],[0,1,0],[86,111,112]]
[[0,0,0],[1,0,0],[0,1,0],[4,102,112]]
[[0,0,0],[2,0,0],[0,2,0],[12,2,28]]
[[0,0,0],[1,0,0],[0,1,0],[2,3,112]]
[[0,0,0],[2,0,0],[0,1,0],[4,27,56]]
[[0,0,0],[2,0,0],[0,1,0],[42,50,56]]
[[0,0,0],[1,0,0],[0,1,0],[52,85,112]]
[[0,0,0],[1,0,0],[0,1,0],[3,53,112]]
[[0,0,0],[1,0,0],[0,1,0],[74,111,112]]
[[0,0,0],[1,0,0],[0,2,0],[22,26,56]]
[[0,0,0],[1,0,0],[0,1,0],[49,50,112]]
[[0,0,0],[2,0,0],[0,1,0],[4,29,56]]
[[0,0,0],[1,0,0],[0,2,0],[23,26,56]]
[[0,0,0],[1,0,0],[0,1,0],[16,65,112]]
[[0,0,0],[1,0,0],[0,1,0],[63,2,112]]
[[0,0,0],[1,0,0],[0,1,0],[42,55,112]]
[[0,0,0],[1,0,0],[0,1,0],[6,85,112]]
[[0,0,0],[1,0,0],[0,1,0],[12,52,112]]
[[0,0,0],[1,0,0],[0,1,0],[6,41,112]]
[[0,0,0],[1,0,0],[0,2,0],[28,2,56]]
[[0,0,0],[1,0,0],[0,1,0],[82,55,112]]
[[0,0,0],[1,0,0],[0,1,0],[35,1,112]]
[[0,0,0],[1,0,0],[1,2,0],[33,50,56]]
[[0,0,0],[2,0,0],[0,1,0],[14,15,56]]
[[0,0,0],[1,0,0],[0,1,0],[21,100,112]]
[[0,0,0],[1,0,0],[0,2,0],[43,2,56]]
[[0,0,0],[1,0,0],[0,1,0],[5,15,112]]
[[0,0,0],[1,0,0],[0,1,0],[22,3,112]]
[[0,0,0],[1,0,0],[2,4,0],[6,20,28]]
[[0,0,0],[1,0,0],[0,2,0],[31,2,56]]
[[0,0,0],[1,0,0],[1,4,0],[15,12,28]]
[[0,0,0],[1,0,0],[0,1,0],[12,87,112]]
[[0,0,0],[1,0,0],[0,1,0],[26,109,112]]
[[0,0,0],[1,0,0],[0,1,0],[102,51,112]]
[[0,0,0],[1,0,0],[0,1,0],[91,38,112]]
[[0,0,0],[1,0,0],[0,1,0],[18,25,112]]
[[0,0,0],[1,0,0],[0,1,0],[18,111,112]]
[[0,0,0],[1,0,0],[0,1,0],[98,31,112]]
[[0,0,0],[1,0,0],[1,2,0],[21,22,56]]
[[0,0,0],[1,0,0],[0,1,0],[8,89,112]]
[[0,0,0],[1,0,0],[1,2,0],[15,44,56]]
[[0,0,0],[1,0,0],[0,1,0],[46,87,112]]
[[0,0,0],[1,0,0],[0,1,0],[91,78,112]]
[[0,0,0],[1,0,0],[1,2,0],[49,21,56]]
[[0,0,0],[1,0,0],[0,1,0],[18,39,112]]
[[0,0,0],[1,0,0],[0,1,0],[17,43,112]]
[[0,0,0],[2,0,0],[0,1,0],[44,13,56]]
[[0,0,0],[2,0,0],[0,1,0],[36,51,56]]
[[0,0,0],[1,0,0],[0,1,0],[10,47,112]]
[[0,0,0],[1,0,0],[0,2,0],[2,6,56]]
[[0,0,0],[1,0,0],[0,1,0],[21,92,112]]
[[0,0,0],[1,0,0],[0,1,0],[38,54,112]]
[[0,0,0],[1,0,0],[1,4,0],[9,12,28]]
[[0,0,0],[2,0,0],[0,2,0],[8,2,28]]
[[0,0,0],[1,0,0],[0,1,0],[91,106,112]]
[[0,0,0],[1,0,0],[0,1,0],[22,97,112]]
[[0,0,0],[2,0,0],[0,1,0],[16,37,56]]
[[0,0,0],[1,0,0],[0,1,0],[88,39,112]]
[[0,0,0],[1,0,0],[0,2,0],[24,38,56]]
[[0,0,0],[1,0,0],[0,1,0],[19,37,112]]
[[0,0,0],[4,0,0],[0,1,0],[0,15,28]]
[[0,0,0],[1,0,0],[0,1,0],[22,23,112]]
[[0,0,0],[1,0,0],[0,1,0],[62,87,112]]
[[0,0,0],[1,0,0],[0,1,0],[4,53,112]]
[[0,0,0],[1,0,0],[1,2,0],[49,26,56]]
[[0,0,0],[2,0,0],[0,2,0],[6,6,28]]
[[0,0,0],[1,0,0],[0,2,0],[3,18,56]]
[[0,0,0],[1,0,0],[1,4,0],[23,4,28]]
[[0,0,0],[1,0,0],[0,1,0],[2,62,112]]
[[0,0,0],[1,0,0],[0,1,0],[26,59,112]]
[[0,0,0],[1,0,0],[0,1,0],[6,1,112]]
[[0,0,0],[1,0,0],[0,1,0],[30,55,112]]
[[0,0,0],[1,0,0],[0,1,0],[19,97,112]]
[[0,0,0],[1,0,0],[0,1,0],[40,1,112]]
[[0,0,0],[1,0,0],[0,1,0],[58,103,112]]
[[0,0,0],[1,0,0],[0,1,0],[18,33,112]]
[[0,0,0],[1,0,0],[0,1,0],[22,39,112]]
[[0,0,0],[2,0,0],[0,1,0],[8,18,56]]
[[0,0,0],[1,0,0],[0,1,0],[17,103,112]]
[[0,0,0],[1,0,0],[0,1,0],[74,102,112]]
[[0,0,0],[1,0,0],[0,2,0],[46,34,56]]
[[0,0,0],[1,0,0],[0,1,0],[20,33,112]]
[[0,0,0],[1,0,0],[0,1,0],[24,57,112]]
[[0,0,0],[1,0,0],[0,1,0],[2,31,112]]
[[0,0,0],[1,0,0],[0,1,0],[46,13,112]]
[[0,0,0],[1,0,0],[0,1,0],[11,39,112]]
[[0,0,0],[1,0,0],[0,1,0],[4,4,112]]
[[0,0,0],[1,0,0],[1,2,0],[25,54,56]]
[[0,0,0],[1,0,0],[0,2,0],[10,54,56]]
[[0,0,0],[1,0,0],[1,4,0],[5,8,28]]
[[0,0,0],[1,0,0],[0,2,0],[9,54,56]]
[[0,0,0],[1,0,0],[0,1,0],[2,39,112]]
[[0,0,0],[1,0,0],[0,1,0],[49,15,112]]
[[0,0,0],[1,0,0],[0,2,0],[55,46,56]]
[[0,0,0],[1,0,0],[0,1,0],[2,111,112]]
[[0,0,0],[1,0,0],[0,1,0],[38,5,112]]
[[0,0,0],[1,0,0],[0,1,0],[14,15,112]]
[[0,0,0],[1,0,0],[0,1,0],[54,27,112]]
[[0,0,0],[1,0,0],[0,2,0],[4,26,56]]
[[0,0,0],[1,0,0],[0,1,0],[26,75,112]]
[[0,0,0],[1,0,0],[0,1,0],[11,53,112]]
[[0,0,0],[1,0,0],[1,2,0],[43,16,56]]
[[0,0,0],[1,0,0],[0,1,0],[57,61,112]]
[[0,0,0],[1,0,0],[0,2,0],[22,54,56]]
[[0,0,0],[1,0,0],[0,2,0],[49,2,56]]
[[0,0,0],[2,0,0],[0,1,0],[8,1,56]]
[[0,0,0],[1,0,0],[0,2,0],[17,10,56]]
[[0,0,0],[1,0,0],[0,1,0],[22,75,112]]
[[0,0,0],[1,0,0],[0,2,0],[38,38,56]]
[[0,0,0],[1,0,0],[0,1,0],[12,108,112]]
[[0,0,0],[1,0,0],[1,2,0],[15,6,56]]
[[0,0,0],[1,0,0],[0,2,0],[8,14,56]]
[[0,0,0],[1,0,0],[0,1,0],[35,38,112]]
[[0,0,0],[1,0,0],[0,1,0],[46,74,112]]
[[0,0,0],[1,0,0],[0,1,0],[6,13,112]]
[[0,0,0],[1,0,0],[1,2,0],[37,54,56]]
[[0,0,0],[1,0,0],[0,1,0],[74,107,112]]
[[0,0,0],[1,0,0],[0,1,0],[90,55,112]]
[[0,0,0],[1,0,0],[0,2,0],[37,10,56]]
[[0,0,0],[1,0,0],[0,1,0],[21,68,112]]
[[0,0,0],[1,0,0],[0,4,0],[15,12,28]]
[[0,0,0],[2,0,0],[0,1,0],[28,1,56]]
[[0,0,0],[4,0,0],[0,1,0],[7,1,28]]
[[0,0,0],[1,0,0],[0,1,0],[50,95,112]]
[[0,0,0],[1,0,0],[1,2,0],[29,26,56]]
[[0,0,0],[1,0,0],[0,1,0],[6,17,112]]
[[0,0,0],[1,0,0],[0,1,0],[20,9,112]]
[[0,0,0],[2,0,0],[0,1,0],[12,55,56]]
[[0,0,0],[1,0,0],[0,1,0],[46,83,112]]
[[0,0,0],[1,0,0],[0,1,0],[40,33,112]]
[[0,0,0],[1,0,0],[0,2,0],[2,26,56]]
[[0,0,0],[1,0,0],[1,2,0],[15,22,56]]
[[0,0,0],[1,0,0],[1,2,0],[22,36,56]]
[[0,0,0],[1,0,0],[0,1,0],[60,93,112]]
[[0,0,0],[1,0,0],[0,1,0],[50,65,112]]
[[0,0,0],[1,0,0],[0,1,0],[30,5,112]]
[[0,0,0],[1,0,0],[0,1,0],[46,39,112]]
[[0,0,0],[1,0,0],[1,2,0],[43,6,56]]
[[0,0,0],[1,0,0],[0,1,0],[82,73,112]]
[[0,0,0],[1,0,0],[0,1,0],[20,57,112]]
[[0,0,0],[1,0,0],[0,1,0],[36,29,112]]
[[0,0,0],[1,0,0],[0,1,0],[13,37,112]]
[[0,0,0],[1,0,0],[0,1,0],[18,69,112]]
[[0,0,0],[1,0,0],[0,1,0],[10,55,112]]
[[0,0,0],[1,0,0],[0,1,0],[68,89,112]]
[[0,0,0],[1,0,0],[0,1,0],[10,89,112]]
[[0,0,0],[1,0,0],[0,1,0],[108,54,112]]
[[0,0,0],[1,0,0],[2,4,0],[7,12,28]]
[[0,0,0],[1,0,0],[0,1,0],[22,55,112]]
[[0,0,0],[1,0,0],[0,1,0],[48,1,112]]
[[0,0,0],[2,0,0],[1,2,0],[8,16,28]]
[[0,0,0],[1,0,0],[0,1,0],[2,59,112]]
[[0,0,0],[1,0,0],[0,2,0],[10,18,56]]
[[0,0,0],[1,0,0],[0,1,0],[30,34,112]]
[[0,0,0],[1,0,0],[1,2,0],[25,2,56]]
[[0,0,0],[1,0,0],[1,2,0],[15,26,56]]
[[0,0,0],[1,0,0],[0,1,0],[30,15,112]]
[[0,0,0],[1,0,0],[0,2,0],[1,2,56]]
[[0,0,0],[1,0,0],[0,1,0],[94,110,112]]
[[0,0,0],[1,0,0],[0,1,0],[3,55,112]]
[[0,0,0],[1,0,0],[0,1,0],[1,55,112]]
[[0,0,0],[2,0,0],[0,1,0],[36,13,56]]
[[0,0,0],[1,0,0],[0,1,0],[38,99,112]]
[[0,0,0],[1,0,0],[0,1,0],[58,55,112]]
[[0,0,0],[1,0,0],[0,1,0],[5,23,112]]
[[0,0,0],[1,0,0],[0,1,0],[76,100,112]]
[[0,0,0],[4,0,0],[0,1,0],[0,1,28]]
[[0,0,0],[1,0,0],[0,1,0],[26,57,112]]
[[0,0,0],[1,0,0],[0,2,0],[4,2,56]]
[[0,0,0],[1,0,0],[0,2,0],[6,54,56]]
[[0,0,0],[1,0,0],[0,2,0],[1,26,56]]
[[0,0,0],[1,0,0],[0,1,0],[63,18,112]]
[[0,0,0],[1,0,0],[0,1,0],[3,41,112]]
[[0,0,0],[1,0,0],[1,2,0],[29,44,56]]
[[0,0,0],[1,0,0],[1,2,0],[29,30,56]]
[[0,0,0],[1,0,0],[0,1,0],[36,89,112]]
[[0,0,0],[1,0,0],[0,1,0],[50,1,112]]
[[0,0,0],[2,0,0],[0,2,0],[20,10,28]]
[[0,0,0],[1,0,0],[0,4,0],[16,24,28]]
[[0,0,0],[1,0,0],[0,1,0],[18,81,112]]
[[0,0,0],[1,0,0],[0,4,0],[27,8,28]]
[[0,0,0],[1,0,0],[0,1,0],[22,93,112]]
[[0,0,0],[2,0,0],[0,1,0],[4,41,56]]
[[0,0,0],[1,0,0],[0,1,0],[50,19,112]]
[[0,0,0],[1,0,0],[0,1,0],[54,19,112]]
[[0,0,0],[1,0,0],[0,1,0],[5,9,112]]
[[0,0,0],[1,0,0],[1,4,0],[1,4,28]]
[[0,0,0],[1,0,0],[0,1,0],[34,47,112]]
[[0,0,0],[1,0,0],[0,1,0],[4,57,112]]
[[0,0,0],[1,0,0],[0,1,0],[14,83,112]]
[[0,0,0],[1,0,0],[0,1,0],[30,25,112]]
[[0,0,0],[2,0,0],[0,1,0],[4,33,56]]
[[0,0,0],[1,0,0],[0,1,0],[66,103,112]]
[[0,0,0],[1,0,0],[0,1,0],[3,39,112]]
[[0,0,0],[1,0,0],[0,1,0],[6,111,112]]
[[0,0,0],[1,0,0],[0,1,0],[10,3,112]]
[[0,0,0],[1,0,0],[0,1,0],[60,61,112]]
[[0,0,0],[1,0,0],[0,1,0],[11,17,112]]
[[0,0,0],[1,0,0],[1,2,0],[41,12,56]]
[[0,0,0],[2,0,0],[0,2,0],[14,2,28]]
[[0,0,0],[2,0,0],[0,1,0],[4,43,56]]
[[0,0,0],[2,0,0],[0,1,0],[12,29,56]]
[[0,0,0],[1,0,0],[0,1,0],[52,1,112]]
[[0,0,0],[1,0,0],[1,2,0],[17,22,56]]
[[0,0,0],[1,0,0],[0,1,0],[12,57,112]]
[[0,0,0],[1,0,0],[0,1,0],[22,59,112]]
[[0,0,0],[1,0,0],[0,1,0],[110,111,112]]
[[0,0,0],[1,0,0],[0,1,0],[2,17,112]]
[[0,0,0],[1,0,0],[0,1,0],[68,17,112]]
[[0,0,0],[1,0,0],[0,2,0],[9,6,56]]
[[0,0,0],[1,0,0],[0,1,0],[80,5,112]]
[[0,0,0],[1,0,0],[0,1,0],[77,22,112]]
[[0,0,0],[1,0,0],[0,1,0],[35,110,112]]
[[0,0,0],[1,0,0],[0,2,0],[29,6,56]]
[[0,0,0],[1,0,0],[0,1,0],[77,100,112]]
[[0,0,0],[1,0,0],[0,1,0],[63,57,112]]
[[0,0,0],[1,0,0],[0,1,0],[5,17,112]]
[[0,0,0],[1,0,0],[0,1,0],[7,29,112]]
[[0,0,0],[1,0,0],[0,1,0],[10,67,112]]
[[0,0,0],[1,0,0],[0,1,0],[63,34,112]]
[[0,0,0],[1,0,0],[0,1,0],[68,45,112]]
[[0,0,0],[1,0,0],[0,1,0],[18,65,112]]
[[0,0,0],[1,0,0],[0,1,0],[94,99,112]]
[[0,0,0],[1,0,0],[0,1,0],[22,57,112]]
[[0,0,0],[1,0,0],[0,2,0],[37,54,56]]
[[0,0,0],[1,0,0],[0,1,0],[74,39,112]]
[[0,0,0],[1,0,0],[0,1,0],[70,71,112]]
[[0,0,0],[1,0,0],[0,4,0],[9,12,28]]
[[0,0,0],[1,0,0],[0,1,0],[3,27,112]]
[[0,0,0],[1,0,0],[0,1,0],[13,79,112]]
[[0,0,0],[1,0,0],[0,1,0],[12,89,112]]
[[0,0,0],[1,0,0],[0,4,0],[15,8,28]]
[[0,0,0],[1,0,0],[0,2,0],[29,10,56]]
[[0,0,0],[1,0,0],[0,1,0],[20,109,112]]
[[0,0,0],[1,0,0],[0,1,0],[34,99,112]]
[[0,0,0],[1,0,0],[0,1,0],[26,13,112]]
[[0,0,0],[1,0,0],[0,1,0],[1,11,112]]
[[0,0,0],[1,0,0],[0,1,0],[54,39,112]]
[[0,0,0],[1,0,0],[0,1,0],[8,49,112]]
[[0,0,0],[1,0,0],[0,1,0],[26,39,112]]
[[0,0,0],[1,0,0],[0,1,0],[15,17,112]]
[[0,0,0],[1,0,0],[0,1,0],[63,22,112]]
[[0,0,0],[1,0,0],[0,2,0],[27,46,56]]
[[0,0,0],[1,0,0],[0,1,0],[26,15,112]]
[[0,0,0],[1,0,0],[0,1,0],[68,101,112]]
[[0,0,0],[1,0,0],[0,1,0],[14,35,112]]
[[0,0,0],[1,0,0],[0,1,0],[2,29,112]]
[[0,0,0],[1,0,0],[0,1,0],[4,85,112]]
[[0,0,0],[1,0,0],[0,1,0],[7,92,112]]
[[0,0,0],[1,0,0],[0,1,0],[20,5,112]]
[[0,0,0],[1,0,0],[0,1,0],[36,97,112]]
[[0,0,0],[1,0,0],[0,1,0],[72,97,112]]
[[0,0,0],[1,0,0],[0,2,0],[9,46,56]]
[[0,0,0],[1,0,0],[0,1,0],[18,75,112]]
[[0,0,0],[2,0,0],[0,1,0],[4,19,56]]
[[0,0,0],[1,0,0],[0,1,0],[26,107,112]]
[[0,0,0],[1,0,0],[0,1,0],[9,51,112]]
[[0,0,0],[1,0,0],[0,1,0],[18,107,112]]
[[0,0,0],[2,0,0],[0,1,0],[48,26,56]]
[[0,0,0],[1,0,0],[0,1,0],[16,41,112]]
[[0,0,0],[1,0,0],[1,2,0],[17,30,56]]
[[0,0,0],[1,0,0],[0,1,0],[9,9,112]]
[[0,0,0],[1,0,0],[0,2,0],[6,30,56]]
[[0,0,0],[1,0,0],[0,1,0],[74,87,112]]
[[0,0,0],[1,0,0],[0,1,0],[22,107,112]]
[[0,0,0],[1,0,0],[0,1,0],[1,31,112]]
[[0,0,0],[1,0,0],[0,1,0],[7,2,112]]
[[0,0,0],[2,0,0],[0,1,0],[14,36,56]]
[[0,0,0],[2,0,0],[0,1,0],[12,27,56]]
[[0,0,0],[1,0,0],[0,1,0],[22,37,112]]
[[0,0,0],[1,0,0],[0,1,0],[5,47,112]]
[[0,0,0],[1,0,0],[0,1,0],[10,39,112]]
[[0,0,0],[1,0,0],[0,1,0],[26,61,112]]
[[0,0,0],[1,0,0],[0,1,0],[10,71,112]]
[[0,0,0],[1,0,0],[0,1,0],[30,67,112]]
[[0,0,0],[1,0,0],[0,1,0],[4,11,112]]
[[0,0,0],[2,0,0],[0,2,0],[21,16,28]]
[[0,0,0],[1,0,0],[0,1,0],[52,103,112]]
[[0,0,0],[1,0,0],[0,1,0],[17,41,112]]
[[0,0,0],[1,0,0],[0,2,0],[18,2,56]]
[[0,0,0],[1,0,0],[1,4,0],[7,12,28]]
[[0,0,0],[1,0,0],[0,2,0],[10,6,56]]
[[0,0,0],[1,0,0],[1,2,0],[9,4,56]]
[[0,0,0],[2,0,0],[0,2,0],[2,6,28]]
[[0,0,0],[2,0,0],[0,1,0],[12,15,56]]
[[0,0,0],[1,0,0],[0,1,0],[44,81,112]]
[[0,0,0],[1,0,0],[0,2,0],[34,18,56]]
[[0,0,0],[2,0,0],[0,1,0],[8,9,56]]
[[0,0,0],[1,0,0],[0,1,0],[32,109,112]]
[[0,0,0],[1,0,0],[0,1,0],[32,49,112]]
[[0,0,0],[1,0,0],[0,1,0],[58,79,112]]
[[0,0,0],[1,0,0],[0,1,0],[30,89,112]]
[[0,0,0],[1,0,0],[0,1,0],[26,17,112]]
[[0,0,0],[4,0,0],[0,2,0],[7,2,14]]
[[0,0,0],[1,0,0],[0,1,0],[8,91,112]]
[[0,0,0],[1,0,0],[0,1,0],[63,78,112]]
[[0,0,0],[1,0,0],[0,1,0],[52,101,112]]
[[0,0,0],[2,0,0],[0,1,0],[40,13,56]]
[[0,0,0],[1,0,0],[0,1,0],[37,111,112]]
[[0,0,0],[1,0,0],[0,1,0],[16,97,112]]
[[0,0,0],[1,0,0],[0,1,0],[26,23,112]]
[[0,0,0],[1,0,0],[0,2,0],[6,10,56]]
[[0,0,0],[1,0,0],[0,1,0],[88,105,112]]
[[0,0,0],[1,0,0],[0,1,0],[5,51,112]]
[[0,0,0],[1,0,0],[0,1,0],[78,111,112]]
[[0,0,0],[1,0,0],[0,1,0],[41,93,112]]
[[0,0,0],[1,0,0],[1,2,0],[49,7,56]]
[[0,0,0],[1,0,0],[0,1,0],[14,3,112]]
[[0,0,0],[1,0,0],[0,2,0],[12,34,56]]
[[0,0,0],[1,0,0],[0,1,0],[13,17,112]]
[[0,0,0],[1,0,0],[0,2,0],[34,34,56]]
[[0,0,0],[1,0,0],[0,2,0],[42,30,56]]
[[0,0,0],[1,0,0],[0,1,0],[23,101,112]]
[[0,0,0],[1,0,0],[0,1,0],[22,67,112]]
[[0,0,0],[1,0,0],[0,1,0],[1,27,112]]
[[0,0,0],[1,0,0],[0,1,0],[13,15,112]]
[[0,0,0],[1,0,0],[0,2,0],[22,50,56]]
[[0,0,0],[1,0,0],[0,1,0],[44,69,112]]
[[0,0,0],[7,0,0],[0,1,0],[0,1,16]]
[[0,0,0],[2,0,0],[0,1,0],[4,9,56]]
[[0,0,0],[2,0,0],[0,1,0],[44,55,56]]
[[0,0,0],[2,0,0],[0,1,0],[28,15,56]]
[[0,0,0],[1,0,0],[0,4,0],[1,8,28]]
[[0,0,0],[1,0,0],[0,1,0],[34,37,112]]
[[0,0,0],[1,0,0],[0,1,0],[60,18,112]]
[[0,0,0],[1,0,0],[0,1,0],[52,81,112]]
[[0,0,0],[1,0,0],[1,2,0],[41,40,56]]
[[0,0,0],[1,0,0],[0,1,0],[2,109,112]]
[[0,0,0],[1,0,0],[0,1,0],[22,1,112]]
[[0,0,0],[1,0,0],[0,1,0],[44,53,112]]
[[0,0,0],[1,0,0],[0,1,0],[52,54,112]]
[[0,0,0],[1,0,0],[0,1,0],[20,1,112]]
[[0,0,0],[1,0,0],[1,2,0],[50,12,56]]
[[0,0,0],[1,0,0],[0,1,0],[11,95,112]]
[[0,0,0],[1,0,0],[0,1,0],[42,99,112]]
[[0,0,0],[1,0,0],[1,2,0],[5,30,56]]
[[0,0,0],[1,0,0],[0,1,0],[100,109,112]]
[[0,0,0],[1,0,0],[1,2,0],[9,38,56]]
[[0,0,0],[1,0,0],[1,4,0],[11,8,28]]
[[0,0,0],[1,0,0],[0,2,0],[34,10,56]]
[[0,0,0],[1,0,0],[0,2,0],[36,26,56]]
[[0,0,0],[1,0,0],[0,1,0],[18,46,112]]
[[0,0,0],[1,0,0],[0,1,0],[26,79,112]]
[[0,0,0],[1,0,0],[0,4,0],[12,12,28]]
[[0,0,0],[1,0,0],[0,2,0],[14,30,56]]
[[0,0,0],[1,0,0],[0,2,0],[17,2,56]]
[[0,0,0],[1,0,0],[0,1,0],[19,73,112]]
[[0,0,0],[1,0,0],[1,2,0],[21,54,56]]
[[0,0,0],[1,0,0],[0,4,0],[13,4,28]]
[[0,0,0],[1,0,0],[0,2,0],[37,26,56]]
[[0,0,0],[1,0,0],[0,1,0],[38,43,112]]
[[0,0,0],[1,0,0],[0,1,0],[35,36,112]]
[[0,0,0],[1,0,0],[0,1,0],[5,37,112]]
[[0,0,0],[1,0,0],[0,1,0],[44,85,112]]
[[0,0,0],[1,0,0],[0,1,0],[22,25,112]]
[[0,0,0],[1,0,0],[2,4,0],[3,8,28]]
[[0,0,0],[2,0,0],[0,1,0],[12,19,56]]
[[0,0,0],[1,0,0],[0,1,0],[100,90,112]]
[[0,0,0],[1,0,0],[0,1,0],[30,11,112]]
[[0,0,0],[1,0,0],[0,1,0],[108,82,112]]
[[0,0,0],[1,0,0],[0,1,0],[52,68,112]]
[[0,0,0],[1,0,0],[0,1,0],[76,58,112]]
[[0,0,0],[1,0,0],[0,1,0],[98,63,112]]
[[0,0,0],[1,0,0],[0,2,0],[2,46,56]]
[[0,0,0],[1,0,0],[1,4,0],[13,4,28]]
[[0,0,0],[1,0,0],[0,1,0],[8,25,112]]
[[0,0,0],[1,0,0],[0,1,0],[20,100,112]]
[[0,0,0],[1,0,0],[0,1,0],[10,103,112]]
[[0,0,0],[1,0,0],[0,1,0],[46,31,112]]
[[0,0,0],[1,0,0],[0,2,0],[44,50,56]]
[[0,0,0],[2,0,0],[0,1,0],[7,43,56]]
[[0,0,0],[1,0,0],[0,1,0],[24,73,112]]
[[0,0,0],[1,0,0],[0,1,0],[4,97,112]]
[[0,0,0],[1,0,0],[1,2,0],[5,6,56]]
[[0,0,0],[1,0,0],[0,1,0],[22,111,112]]
[[0,0,0],[1,0,0],[0,1,0],[106,55,112]]
[[0,0,0],[1,0,0],[0,1,0],[22,47,112]]
[[0,0,0],[2,0,0],[0,1,0],[35,15,56]]
[[0,0,0],[1,0,0],[0,1,0],[36,85,112]]
[[0,0,0],[2,0,0],[0,1,0],[32,27,56]]
[[0,0,0],[1,0,0],[0,1,0],[35,78,112]]
[[0,0,0],[1,0,0],[0,1,0],[26,73,112]]
[[0,0,0],[1,0,0],[1,2,0],[9,10,56]]
[[0,0,0],[1,0,0],[1,2,0],[33,46,56]]
[[0,0,0],[1,0,0],[0,1,0],[78,19,112]]
[[0,0,0],[1,0,0],[0,2,0],[7,2,56]]
[[0,0,0],[1,0,0],[0,2,0],[10,2,56]]
[[0,0,0],[1,0,0],[0,1,0],[12,94,112]]
[[0,0,0],[1,0,0],[0,1,0],[26,101,112]]
[[0,0,0],[1,0,0],[0,1,0],[38,83,112]]
[[0,0,0],[1,0,0],[0,1,0],[78,75,112]]
[[0,0,0],[1,0,0],[0,1,0],[44,1,112]]
[[0,0,0],[2,0,0],[1,2,0],[1,16,28]]
[[0,0,0],[1,0,0],[0,1,0],[21,44,112]]
[[0,0,0],[1,0,0],[1,2,0],[49,54,56]]
[[0,0,0],[1,0,0],[0,1,0],[10,1,112]]
[[0,0,0],[1,0,0],[0,1,0],[61,87,112]]
[[0,0,0],[1,0,0],[0,1,0],[5,31,112]]
[[0,0,0],[1,0,0],[0,1,0],[17,33,112]]
[[0,0,0],[1,0,0],[0,2,0],[43,10,56]]
[[0,0,0],[2,0,0],[0,1,0],[4,17,56]]
[[0,0,0],[1,0,0],[2,4,0],[3,12,28]]
[[0,0,0],[1,0,0],[0,4,0],[5,12,28]]
[[0,0,0],[1,0,0],[0,1,0],[21,20,112]]
[[0,0,0],[1,0,0],[0,1,0],[26,97,112]]
[[0,0,0],[1,0,0],[1,2,0],[21,38,56]]
[[0,0,0],[1,0,0],[0,1,0],[10,15,112]]
[[0,0,0],[1,0,0],[0,1,0],[6,99,112]]
[[0,0,0],[2,0,0],[0,1,0],[8,45,56]]
[[0,0,0],[1,0,0],[0,2,0],[30,6,56]]
[[0,0,0],[1,0,0],[0,1,0],[66,85,112]]
[[0,0,0],[1,0,0],[0,1,0],[18,15,112]]
[[0,0,0],[1,0,0],[1,2,0],[13,38,56]]
[[0,0,0],[1,0,0],[1,2,0],[9,6,56]]
[[0,0,0],[1,0,0],[0,1,0],[66,55,112]]
[[0,0,0],[1,0,0],[0,2,0],[21,16,56]]
[[0,0,0],[2,0,0],[0,1,0],[20,43,56]]
[[0,0,0],[1,0,0],[0,1,0],[11,109,112]]
[[0,0,0],[1,0,0],[0,2,0],[23,34,56]]
[[0,0,0],[1,0,0],[0,4,0],[5,16,28]]
[[0,0,0],[2,0,0],[0,1,0],[16,41,56]]
[[0,0,0],[1,0,0],[0,2,0],[26,34,56]]
[[0,0,0],[1,0,0],[0,1,0],[77,44,112]]
[[0,0,0],[1,0,0],[0,2,0],[3,2,56]]
[[0,0,0],[1,0,0],[0,1,0],[7,58,112]]
[[0,0,0],[1,0,0],[0,1,0],[26,71,112]]
[[0,0,0],[1,0,0],[0,1,0],[12,31,112]]
[[0,0,0],[1,0,0],[0,1,0],[46,15,112]]
[[0,0,0],[1,0,0],[0,1,0],[21,15,112]]
[[0,0,0],[1,0,0],[0,1,0],[16,13,112]]
[[0,0,0],[1,0,0],[0,1,0],[58,97,112]]
[[0,0,0],[1,0,0],[0,1,0],[60,5,112]]
[[0,0,0],[1,0,0],[0,1,0],[10,79,112]]
[[0,0,0],[1,0,0],[0,1,0],[13,23,112]]
[[0,0,0],[1,0,0],[0,1,0],[38,19,112]]
[[0,0,0],[2,0,0],[0,1,0],[24,33,56]]
[[0,0,0],[1,0,0],[0,1,0],[50,99,112]]
[[0,0,0],[1,0,0],[0,1,0],[50,27,112]]
[[0,0,0],[1,0,0],[0,1,0],[4,81,112]]
[[0,0,0],[1,0,0],[0,1,0],[30,1,112]]
[[0,0,0],[1,0,0],[0,1,0],[9,23,112]]
[[0,0,0],[4,0,0],[0,1,0],[14,15,28]]
[[0,0,0],[1,0,0],[0,1,0],[32,53,112]]
[[0,0,0],[2,0,0],[0,1,0],[7,15,56]]
[[0,0,0],[1,0,0],[0,1,0],[26,3,112]]
[[0,0,0],[1,0,0],[0,1,0],[3,3,112]]
[[0,0,0],[1,0,0],[0,1,0],[17,101,112]]
[[0,0,0],[1,0,0],[0,1,0],[10,93,112]]
[[0,0,0],[1,0,0],[0,1,0],[35,94,112]]
[[0,0,0],[1,0,0],[1,2,0],[37,6,56]]
[[0,0,0],[1,0,0],[0,1,0],[38,11,112]]
[[0,0,0],[1,0,0],[0,1,0],[18,73,112]]
[[0,0,0],[1,0,0],[0,2,0],[2,12,56]]
[[0,0,0],[1,0,0],[0,1,0],[6,37,112]]
[[0,0,0],[1,0,0],[1,4,0],[7,8,28]]
[[0,0,0],[1,0,0],[0,1,0],[30,95,112]]
[[0,0,0],[1,0,0],[0,1,0],[38,81,112]]
[[0,0,0],[1,0,0],[0,1,0],[72,111,112]]
[[0,0,0],[1,0,0],[0,1,0],[2,55,112]]
[[0,0,0],[1,0,0],[0,1,0],[2,87,112]]
[[0,0,0],[1,0,0],[0,1,0],[30,111,112]]
[[0,0,0],[2,0,0],[0,1,0],[32,6,56]]
[[0,0,0],[1,0,0],[0,2,0],[35,44,56]]
[[0,0,0],[1,0,0],[0,1,0],[4,1,112]]
[[0,0,0],[1,0,0],[0,1,0],[20,97,112]]
[[0,0,0],[1,0,0],[1,4,0],[15,16,28]]
[[0,0,0],[1,0,0],[1,4,0],[27,8,28]]
[[0,0,0],[1,0,0],[0,2,0],[41,2,56]]
[[0,0,0],[1,0,0],[0,1,0],[17,17,112]]
[[0,0,0],[1,0,0],[0,2,0],[46,36,56]]
[[0,0,0],[1,0,0],[1,2,0],[8,8,56]]
[[0,0,0],[2,0,0],[0,1,0],[12,1,56]]
[[0,0,0],[1,0,0],[0,2,0],[12,20,56]]
[[0,0,0],[1,0,0],[0,1,0],[6,97,112]]
[[0,0,0],[1,0,0],[0,1,0],[10,53,112]]
[[0,0,0],[1,0,0],[0,2,0],[6,38,56]]
[[0,0,0],[1,0,0],[0,1,0],[34,67,112]]
[[0,0,0],[1,0,0],[1,4,0],[23,12,28]]
[[0,0,0],[4,0,0],[1,2,0],[1,2,14]]
[[0,0,0],[1,0,0],[0,1,0],[76,86,112]]
[[0,0,0],[1,0,0],[0,1,0],[57,57,112]]
[[0,0,0],[1,0,0],[0,1,0],[77,36,112]]
[[0,0,0],[1,0,0],[0,2,0],[11,50,56]]
[[0,0,0],[1,0,0],[1,2,0],[9,54,56]]
[[0,0,0],[1,0,0],[0,2,0],[34,54,56]]
[[0,0,0],[1,0,0],[0,1,0],[2,23,112]]
[[0,0,0],[1,0,0],[0,2,0],[50,50,56]]
[[0,0,0],[1,0,0],[0,1,0],[10,82,112]]
[[0,0,0],[1,0,0],[0,1,0],[6,95,112]]
[[0,0,0],[1,0,0],[0,2,0],[31,38,56]]
[[0,0,0],[1,0,0],[0,2,0],[49,30,56]]
[[0,0,0],[1,0,0],[0,2,0],[2,34,56]]
[[0,0,0],[1,0,0],[0,1,0],[40,25,112]]
[[0,0,0],[1,0,0],[0,1,0],[36,37,112]]
[[0,0,0],[2,0,0],[0,1,0],[42,22,56]]
[[0,0,0],[1,0,0],[0,1,0],[2,67,112]]
[[0,0,0],[1,0,0],[0,1,0],[105,50,112]]
[[0,0,0],[1,0,0],[0,1,0],[52,45,112]]
[[0,0,0],[1,0,0],[0,1,0],[2,65,112]]
[[0,0,0],[1,0,0],[0,1,0],[66,81,112]]
[[0,0,0],[1,0,0],[0,1,0],[14,19,112]]
[[0,0,0],[1,0,0],[0,1,0],[37,55,112]]
[[0,0,0],[2,0,0],[0,1,0],[12,9,56]]
[[0,0,0],[1,0,0],[0,4,0],[11,4,28]]
[[0,0,0],[1,0,0],[1,2,0],[33,22,56]]
[[0,0,0],[1,0,0],[0,1,0],[53,53,112]]
[[0,0,0],[1,0,0],[0,1,0],[30,93,112]]
[[0,0,0],[1,0,0],[0,4,0],[13,8,28]]
[[0,0,0],[1,0,0],[0,1,0],[66,11,112]]
[[0,0,0],[1,0,0],[0,1,0],[52,47,112]]
[[0,0,0],[1,0,0],[0,2,0],[5,2,56]]
[[0,0,0],[1,0,0],[1,2,0],[17,26,56]]
[[0,0,0],[1,0,0],[0,1,0],[7,66,112]]
[[0,0,0],[1,0,0],[0,1,0],[20,93,112]]
[[0,0,0],[1,0,0],[0,1,0],[4,67,112]]
[[0,0,0],[1,0,0],[0,1,0],[63,82,112]]
[[0,0,0],[1,0,0],[1,2,0],[29,22,56]]
[[0,0,0],[1,0,0],[0,1,0],[40,105,112]]
[[0,0,0],[1,0,0],[0,2,0],[16,54,56]]
[[0,0,0],[1,0,0],[0,1,0],[18,97,112]]
[[0,0,0],[1,0,0],[1,2,0],[29,18,56]]
[[0,0,0],[1,0,0],[0,2,0],[7,30,56]]
[[0,0,0],[1,0,0],[0,1,0],[5,109,112]]
[[0,0,0],[2,0,0],[0,1,0],[0,1,56]]
[[0,0,0],[1,0,0],[0,2,0],[5,18,56]]
[[0,0,0],[1,0,0],[0,1,0],[1,3,112]]
[[0,0,0],[1,0,0],[0,1,0],[66,82,112]]
[[0,0,0],[1,0,0],[0,1,0],[6,67,112]]
[[0,0,0],[1,0,0],[0,1,0],[36,5,112]]
[[0,0,0],[2,0,0],[0,1,0],[32,34,56]]
[[0,0,0],[1,0,0],[1,2,0],[45,54,56]]
[[0,0,0],[1,0,0],[0,1,0],[63,99,112]]
[[0,0,0],[1,0,0],[0,1,0],[30,99,112]]
[[0,0,0],[1,0,0],[0,1,0],[10,19,112]]
[[0,0,0],[1,0,0],[0,1,0],[26,19,112]]
[[0,0,0],[1,0,0],[0,1,0],[6,55,112]]
[[0,0,0],[1,0,0],[0,1,0],[54,111,112]]
[[0,0,0],[1,0,0],[0,2,0],[12,48,56]]
[[0,0,0],[1,0,0],[0,1,0],[30,83,112]]
[[0,0,0],[1,0,0],[0,1,0],[14,99,112]]
[[0,0,0],[1,0,0],[0,1,0],[10,29,112]]
[[0,0,0],[1,0,0],[0,1,0],[6,33,112]]
[[0,0,0],[1,0,0],[0,1,0],[10,45,112]]
[[0,0,0],[1,0,0],[0,1,0],[74,31,112]]
[[0,0,0],[1,0,0],[0,4,0],[27,4,28]]
[[0,0,0],[1,0,0],[0,1,0],[34,17,112]]
[[0,0,0],[1,0,0],[0,1,0],[26,37,112]]
[[0,0,0],[1,0,0],[0,1,0],[10,57,112]]
[[0,0,0],[1,0,0],[0,1,0],[49,22,112]]
[[0,0,0],[2,0,0],[0,1,0],[8,13,56]]
[[0,0,0],[1,0,0],[0,1,0],[78,23,112]]
[[0,0,0],[1,0,0],[0,1,0],[3,15,112]]
[[0,0,0],[1,0,0],[0,2,0],[50,54,56]]
[[0,0,0],[1,0,0],[0,1,0],[62,86,112]]
[[0,0,0],[1,0,0],[0,1,0],[24,9,112]]
[[0,0,0],[2,0,0],[0,1,0],[4,31,56]]
[[0,0,0],[1,0,0],[0,1,0],[72,105,112]]
[[0,0,0],[1,0,0],[0,1,0],[18,95,112]]
[[0,0,0],[1,0,0],[1,2,0],[25,36,56]]
[[0,0,0],[1,0,0],[1,2,0],[5,46,56]]
[[0,0,0],[1,0,0],[0,1,0],[58,93,112]]
[[0,0,0],[1,0,0],[1,4,0],[11,4,28]]
[[0,0,0],[2,0,0],[1,2,0],[15,16,28]]
[[0,0,0],[1,0,0],[0,1,0],[9,111,112]]
[[0,0,0],[1,0,0],[0,1,0],[12,66,112]]
[[0,0,0],[1,0,0],[1,2,0],[17,20,56]]
[[0,0,0],[1,0,0],[0,1,0],[2,81,112]]
[[0,0,0],[1,0,0],[0,1,0],[35,92,112]]
[[0,0,0],[1,0,0],[0,1,0],[94,55,112]]
[[0,0,0],[2,0,0],[0,2,0],[6,10,28]]
[[0,0,0],[1,0,0],[0,1,0],[4,60,112]]
[[0,0,0],[1,0,0],[0,1,0],[12,85,112]]
[[0,0,0],[1,0,0],[0,1,0],[34,11,112]]
[[0,0,0],[1,0,0],[0,1,0],[34,51,112]]
[[0,0,0],[1,0,0],[0,1,0],[34,1,112]]
[[0,0,0],[1,0,0],[0,1,0],[1,23,112]]
[[0,0,0],[1,0,0],[1,2,0],[25,30,56]]
[[0,0,0],[1,0,0],[0,2,0],[5,6,56]]
[[0,0,0],[1,0,0],[0,1,0],[3,111,112]]
[[0,0,0],[1,0,0],[1,2,0],[25,8,56]]
[[0,0,0],[1,0,0],[0,2,0],[30,12,56]]
[[0,0,0],[1,0,0],[0,2,0],[2,10,56]]
[[0,0,0],[1,0,0],[0,1,0],[72,73,112]]
[[0,0,0],[1,0,0],[0,1,0],[36,41,112]]
[[0,0,0],[1,0,0],[0,1,0],[10,59,112]]
[[0,0,0],[1,0,0],[0,4,0],[3,20,28]]
[[0,0,0],[1,0,0],[0,1,0],[5,25,112]]
[[0,0,0],[1,0,0],[0,1,0],[63,106,112]]
[[0,0,0],[1,0,0],[0,1,0],[100,53,112]]
[[0,0,0],[2,0,0],[0,1,0],[20,19,56]]
[[0,0,0],[1,0,0],[0,1,0],[6,45,112]]
[[0,0,0],[1,0,0],[0,1,0],[32,97,112]]
[[0,0,0],[1,0,0],[0,1,0],[14,67,112]]
[[0,0,0],[2,0,0],[0,1,0],[14,50,56]]
[[0,0,0],[1,0,0],[0,2,0],[15,10,56]]
[[0,0,0],[1,0,0],[2,4,0],[3,16,28]]
[[0,0,0],[1,0,0],[0,1,0],[19,95,112]]
[[0,0,0],[1,0,0],[0,1,0],[18,19,112]]
[[0,0,0],[1,0,0],[0,1,0],[88,109,112]]
[[0,0,0],[1,0,0],[0,1,0],[34,31,112]]
[[0,0,0],[1,0,0],[0,1,0],[2,90,112]]
[[0,0,0],[1,0,0],[0,1,0],[60,65,112]]
[[0,0,0],[1,0,0],[1,4,0],[7,4,28]]
[[0,0,0],[1,0,0],[0,1,0],[8,105,112]]
[[0,0,0],[1,0,0],[1,4,0],[3,20,28]]
[[0,0,0],[1,0,0],[0,1,0],[30,13,112]]
[[0,0,0],[1,0,0],[0,2,0],[5,50,56]]
[[0,0,0],[1,0,0],[0,1,0],[58,87,112]]
[[0,0,0],[1,0,0],[0,1,0],[8,1,112]]
[[0,0,0],[2,0,0],[0,1,0],[4,1,56]]
[[0,0,0],[1,0,0],[0,1,0],[24,19,112]]
[[0,0,0],[2,0,0],[0,2,0],[12,26,28]]
[[0,0,0],[1,0,0],[0,1,0],[23,41,112]]
[[0,0,0],[1,0,0],[0,1,0],[82,17,112]]
[[0,0,0],[1,0,0],[0,1,0],[6,23,112]]
[[0,0,0],[1,0,0],[0,1,0],[10,83,112]]
[[0,0,0],[1,0,0],[0,1,0],[62,89,112]]
[[0,0,0],[1,0,0],[0,2,0],[11,18,56]]
[[0,0,0],[1,0,0],[0,1,0],[12,17,112]]
[[0,0,0],[1,0,0],[0,1,0],[88,81,112]]
[[0,0,0],[2,0,0],[0,1,0],[24,29,56]]
[[0,0,0],[1,0,0],[0,1,0],[6,25,112]]
[[0,0,0],[1,0,0],[0,1,0],[12,45,112]]
[[0,0,0],[1,0,0],[0,2,0],[17,26,56]]
[[0,0,0],[1,0,0],[0,2,0],[20,26,56]]
[[0,0,0],[1,0,0],[0,1,0],[2,15,112]]
[[0,0,0],[1,0,0],[0,1,0],[94,103,112]]
[[0,0,0],[1,0,0],[0,1,0],[7,50,112]]
[[0,0,0],[1,0,0],[0,1,0],[62,67,112]]
[[0,0,0],[1,0,0],[0,1,0],[49,71,112]]
[[0,0,0],[1,0,0],[0,1,0],[46,107,112]]
[[0,0,0],[2,0,0],[0,1,0],[4,23,56]]
[[0,0,0],[1,0,0],[0,1,0],[62,11,112]]
[[0,0,0],[1,0,0],[1,2,0],[1,2,56]]
[[0,0,0],[1,0,0],[0,1,0],[1,41,112]]
[[0,0,0],[1,0,0],[0,1,0],[35,15,112]]
[[0,0,0],[1,0,0],[0,1,0],[2,51,112]]
[[0,0,0],[1,0,0],[0,1,0],[38,110,112]]
[[0,0,0],[1,0,0],[0,1,0],[86,55,112]]
[[0,0,0],[1,0,0],[0,1,0],[4,18,112]]
[[0,0,0],[1,0,0],[0,1,0],[64,97,112]]
[[0,0,0],[1,0,0],[0,2,0],[38,54,56]]
[[0,0,0],[1,0,0],[0,1,0],[48,97,112]]
[[0,0,0],[1,0,0],[1,4,0],[5,24,28]]
[[0,0,0],[1,0,0],[0,1,0],[46,1,112]]
[[0,0,0],[1,0,0],[0,1,0],[7,1,112]]
[[0,0,0],[1,0,0],[0,1,0],[10,99,112]]
[[0,0,0],[1,0,0],[0,1,0],[92,45,112]]
[[0,0,0],[1,0,0],[0,2,0],[6,22,56]]
[[0,0,0],[1,0,0],[0,1,0],[54,83,112]]
[[0,0,0],[1,0,0],[0,1,0],[46,109,112]]
[[0,0,0],[1,0,0],[0,4,0],[7,4,28]]
[[0,0,0],[1,0,0],[1,2,0],[29,54,56]]
[[0,0,0],[1,0,0],[0,4,0],[11,20,28]]
[[0,0,0],[1,0,0],[0,1,0],[27,99,112]]
[[0,0,0],[1,0,0],[0,1,0],[9,47,112]]
[[0,0,0],[1,0,0],[0,1,0],[44,34,112]]
[[0,0,0],[2,0,0],[0,1,0],[21,50,56]]
[[0,0,0],[1,0,0],[0,1,0],[29,31,112]]
[[0,0,0],[1,0,0],[0,1,0],[9,11,112]]
[[0,0,0],[1,0,0],[0,1,0],[44,13,112]]
[[0,0,0],[1,0,0],[2,4,0],[11,24,28]]
[[0,0,0],[1,0,0],[0,1,0],[91,86,112]]
[[0,0,0],[1,0,0],[0,1,0],[74,41,112]]
[[0,0,0],[1,0,0],[0,1,0],[27,65,112]]
[[0,0,0],[1,0,0],[0,2,0],[36,34,56]]
[[0,0,0],[1,0,0],[0,1,0],[100,55,112]]
[[0,0,0],[1,0,0],[0,1,0],[38,71,112]]
[[0,0,0],[2,0,0],[0,1,0],[24,5,56]]
[[0,0,0],[1,0,0],[0,1,0],[7,26,112]]
[[0,0,0],[1,0,0],[0,1,0],[6,87,112]]
[[0,0,0],[1,0,0],[0,1,0],[64,105,112]]
[[0,0,0],[2,0,0],[0,1,0],[21,22,56]]
[[0,0,0],[4,0,0],[0,2,0],[0,2,14]]
[[0,0,0],[1,0,0],[0,1,0],[46,71,112]]
[[0,0,0],[1,0,0],[0,1,0],[21,1,112]]
[[0,0,0],[1,0,0],[0,1,0],[8,63,112]]
[[0,0,0],[1,0,0],[0,1,0],[10,110,112]]
[[0,0,0],[2,0,0],[0,2,0],[16,18,28]]
[[0,0,0],[1,0,0],[1,4,0],[21,7,28]]
[[0,0,0],[1,0,0],[0,1,0],[66,111,112]]
[[0,0,0],[1,0,0],[1,2,0],[25,26,56]]
[[0,0,0],[1,0,0],[0,1,0],[6,30,112]]
[[0,0,0],[1,0,0],[1,4,0],[5,4,28]]
[[0,0,0],[1,0,0],[0,1,0],[36,61,112]]
[[0,0,0],[2,0,0],[0,2,0],[20,24,28]]
[[0,0,0],[1,0,0],[0,1,0],[18,18,112]]
[[0,0,0],[1,0,0],[0,4,0],[6,8,28]]
[[0,0,0],[1,0,0],[0,1,0],[1,13,112]]
[[0,0,0],[1,0,0],[0,1,0],[77,108,112]]
[[0,0,0],[1,0,0],[0,1,0],[88,53,112]]
[[0,0,0],[1,0,0],[0,1,0],[42,1,112]]
[[0,0,0],[1,0,0],[0,1,0],[2,57,112]]
[[0,0,0],[1,0,0],[0,1,0],[18,29,112]]
[[0,0,0],[1,0,0],[1,2,0],[22,20,56]]
[[0,0,0],[1,0,0],[0,1,0],[4,69,112]]
[[0,0,0],[1,0,0],[0,2,0],[13,10,56]]
[[0,0,0],[1,0,0],[1,2,0],[9,32,56]]
[[0,0,0],[1,0,0],[0,1,0],[38,111,112]]
[[0,0,0],[1,0,0],[0,1,0],[21,57,112]]
[[0,0,0],[2,0,0],[0,1,0],[8,33,56]]
[[0,0,0],[1,0,0],[0,2,0],[13,18,56]]
[[0,0,0],[1,0,0],[0,1,0],[30,43,112]]
[[0,0,0],[1,0,0],[0,1,0],[38,15,112]]
[[0,0,0],[1,0,0],[0,1,0],[100,25,112]]
[[0,0,0],[1,0,0],[0,1,0],[34,101,112]]
[[0,0,0],[2,0,0],[0,1,0],[28,29,56]]
[[0,0,0],[1,0,0],[0,1,0],[2,33,112]]
[[0,0,0],[1,0,0],[0,2,0],[52,52,56]]
[[0,0,0],[2,0,0],[0,1,0],[4,13,56]]
[[0,0,0],[1,0,0],[1,2,0],[36,24,56]]
[[0,0,0],[1,0,0],[1,2,0],[25,38,56]]
[[0,0,0],[1,0,0],[1,2,0],[1,54,56]]
[[0,0,0],[1,0,0],[0,2,0],[11,38,56]]
[[0,0,0],[2,0,0],[0,1,0],[7,22,56]]
[[0,0,0],[1,0,0],[0,1,0],[64,49,112]]
[[0,0,0],[1,0,0],[0,2,0],[54,54,56]]
[[0,0,0],[1,0,0],[0,4,0],[5,20,28]]
[[0,0,0],[1,0,0],[0,2,0],[9,18,56]]
[[0,0,0],[1,0,0],[0,1,0],[20,41,112]]
[[0,0,0],[1,0,0],[0,1,0],[21,76,112]]
[[0,0,0],[1,0,0],[0,1,0],[62,93,112]]
[[0,0,0],[1,0,0],[0,1,0],[12,65,112]]
[[0,0,0],[1,0,0],[0,1,0],[30,101,112]]
[[0,0,0],[1,0,0],[0,1,0],[91,30,112]]
[[0,0,0],[1,0,0],[0,4,0],[3,8,28]]
[[0,0,0],[1,0,0],[0,1,0],[82,19,112]]
[[0,0,0],[2,0,0],[0,1,0],[40,41,56]]
[[0,0,0],[1,0,0],[0,1,0],[6,11,112]]
[[0,0,0],[1,0,0],[0,1,0],[37,97,112]]
[[0,0,0],[1,0,0],[0,1,0],[104,105,112]]
[[0,0,0],[1,0,0],[0,1,0],[91,92,112]]
[[0,0,0],[1,0,0],[1,2,0],[9,34,56]]
[[0,0,0],[1,0,0],[0,1,0],[6,47,112]]
[[0,0,0],[2,0,0],[0,1,0],[20,15,56]]
[[0,0,0],[1,0,0],[0,1,0],[49,92,112]]
[[0,0,0],[1,0,0],[0,1,0],[38,23,112]]
[[0,0,0],[1,0,0],[0,1,0],[78,95,112]]
[[0,0,0],[1,0,0],[0,2,0],[1,10,56]]
[[0,0,0],[1,0,0],[0,2,0],[34,4,56]]
[[0,0,0],[1,0,0],[0,1,0],[10,81,112]]
[[0,0,0],[1,0,0],[0,4,0],[18,16,28]]
[[0,0,0],[1,0,0],[0,1,0],[2,79,112]]
[[0,0,0],[1,0,0],[0,1,0],[12,10,112]]
[[0,0,0],[1,0,0],[0,1,0],[26,29,112]]
[[0,0,0],[1,0,0],[0,2,0],[44,26,56]]
[[0,0,0],[1,0,0],[0,1,0],[91,6,112]]
[[0,0,0],[2,0,0],[0,1,0],[32,41,56]]
[[0,0,0],[1,0,0],[0,1,0],[46,102,112]]
[[0,0,0],[1,0,0],[0,1,0],[12,3,112]]
[[0,0,0],[1,0,0],[0,2,0],[52,24,56]]
[[0,0,0],[1,0,0],[1,2,0],[15,18,56]]
[[0,0,0],[2,0,0],[0,1,0],[16,13,56]]
[[0,0,0],[1,0,0],[0,1,0],[21,50,112]]
[[0,0,0],[1,0,0],[0,2,0],[7,16,56]]
[[0,0,0],[1,0,0],[0,1,0],[54,3,112]]
[[0,0,0],[1,0,0],[0,1,0],[18,13,112]]
[[0,0,0],[1,0,0],[0,1,0],[66,99,112]]
[[0,0,0],[1,0,0],[0,4,0],[9,4,28]]
[[0,0,0],[1,0,0],[0,1,0],[105,15,112]]
[[0,0,0],[1,0,0],[0,1,0],[31,103,112]]
[[0,0,0],[1,0,0],[0,2,0],[12,18,56]]
[[0,0,0],[1,0,0],[0,1,0],[34,45,112]]
[[0,0,0],[1,0,0],[0,1,0],[42,15,112]]
[[0,0,0],[2,0,0],[0,1,0],[20,1,56]]
[[0,0,0],[1,0,0],[0,1,0],[6,58,112]]
[[0,0,0],[1,0,0],[0,1,0],[9,33,112]]
[[0,0,0],[1,0,0],[1,2,0],[9,2,56]]
[[0,0,0],[1,0,0],[0,2,0],[17,30,56]]
[[0,0,0],[2,0,0],[0,1,0],[4,5,56]]
[[0,0,0],[1,0,0],[0,1,0],[32,25,112]]
[[0,0,0],[1,0,0],[0,2,0],[27,2,56]]
[[0,0,0],[1,0,0],[0,1,0],[77,78,112]]
[[0,0,0],[1,0,0],[0,1,0],[34,97,112]]
[[0,0,0],[1,0,0],[0,1,0],[2,27,112]]
[[0,0,0],[1,0,0],[1,2,0],[21,7,56]]
[[0,0,0],[1,0,0],[0,1,0],[70,15,112]]
[[0,0,0],[1,0,0],[0,1,0],[82,107,112]]
[[0,0,0],[1,0,0],[0,1,0],[18,27,112]]
[[0,0,0],[2,0,0],[0,1,0],[21,1,56]]
[[0,0,0],[1,0,0],[0,1,0],[6,83,112]]
[[0,0,0],[1,0,0],[0,1,0],[22,13,112]]
[[0,0,0],[1,0,0],[0,1,0],[3,51,112]]
[[0,0,0],[1,0,0],[0,1,0],[1,15,112]]
[[0,0,0],[1,0,0],[1,2,0],[36,36,56]]
[[0,0,0],[1,0,0],[1,2,0],[50,36,56]]
[[0,0,0],[1,0,0],[0,1,0],[52,26,112]]
[[0,0,0],[1,0,0],[0,1,0],[38,103,112]]
[[0,0,0],[2,0,0],[0,1,0],[24,10,56]]
[[0,0,0],[1,0,0],[0,2,0],[5,34,56]]
[[0,0,0],[1,0,0],[1,2,0],[17,46,56]]
[[0,0,0],[2,0,0],[1,2,0],[15,2,28]]
[[0,0,0],[1,0,0],[0,1,0],[62,55,112]]
[[0,0,0],[1,0,0],[0,1,0],[7,90,112]]
[[0,0,0],[1,0,0],[0,1,0],[35,106,112]]
[[0,0,0],[1,0,0],[0,1,0],[10,41,112]]
[[0,0,0],[1,0,0],[0,1,0],[24,17,112]]
[[0,0,0],[1,0,0],[0,1,0],[2,83,112]]
[[0,0,0],[1,0,0],[0,1,0],[18,37,112]]
[[0,0,0],[1,0,0],[0,1,0],[11,33,112]]
[[0,0,0],[2,0,0],[0,1,0],[4,25,56]]
[[0,0,0],[1,0,0],[0,1,0],[50,55,112]]
[[0,0,0],[1,0,0],[0,1,0],[6,15,112]]
[[0,0,0],[1,0,0],[0,2,0],[12,6,56]]
[[0,0,0],[1,0,0],[0,4,0],[10,20,28]]
[[0,0,0],[1,0,0],[0,1,0],[4,29,112]]
[[0,0,0],[1,0,0],[0,1,0],[68,108,112]]
[[0,0,0],[1,0,0],[0,1,0],[30,3,112]]
[[0,0,0],[1,0,0],[0,1,0],[46,55,112]]
[[0,0,0],[2,0,0],[0,2,0],[12,6,28]]
[[0,0,0],[1,0,0],[0,1,0],[26,95,112]]
[[0,0,0],[2,0,0],[0,1,0],[44,27,56]]
[[0,0,0],[1,0,0],[0,1,0],[58,23,112]]
[[0,0,0],[1,0,0],[1,2,0],[15,50,56]]
[[0,0,0],[1,0,0],[0,2,0],[38,50,56]]
[[0,0,0],[1,0,0],[0,1,0],[50,83,112]]
[[0,0,0],[1,0,0],[1,2,0],[1,26,56]]
[[0,0,0],[1,0,0],[0,2,0],[37,2,56]]
[[0,0,0],[1,0,0],[0,1,0],[77,52,112]]
[[0,0,0],[1,0,0],[0,1,0],[22,53,112]]
[[0,0,0],[1,0,0],[0,2,0],[55,2,56]]
[[0,0,0],[1,0,0],[0,1,0],[68,5,112]]
[[0,0,0],[1,0,0],[0,1,0],[20,13,112]]
[[0,0,0],[1,0,0],[0,1,0],[8,57,112]]
[[0,0,0],[1,0,0],[0,1,0],[77,76,112]]
[[0,0,0],[1,0,0],[0,1,0],[10,27,112]]
[[0,0,0],[1,0,0],[0,2,0],[18,22,56]]
[[0,0,0],[1,0,0],[0,1,0],[22,87,112]]
[[0,0,0],[1,0,0],[0,1,0],[6,86,112]]
[[0,0,0],[2,0,0],[0,1,0],[32,25,56]]
[[0,0,0],[1,0,0],[0,1,0],[86,99,112]]
[[0,0,0],[1,0,0],[0,1,0],[63,92,112]]
[[0,0,0],[1,0,0],[0,1,0],[12,33,112]]
[[0,0,0],[1,0,0],[0,1,0],[46,23,112]]
[[0,0,0],[1,0,0],[1,2,0],[13,6,56]]
[[0,0,0],[1,0,0],[0,4,0],[4,16,28]]
[[0,0,0],[1,0,0],[0,1,0],[21,60,112]]
[[0,0,0],[1,0,0],[0,1,0],[29,37,112]]
[[0,0,0],[1,0,0],[0,1,0],[36,13,112]]
[[0,0,0],[1,0,0],[0,1,0],[38,75,112]]
[[0,0,0],[1,0,0],[0,1,0],[105,92,112]]
[[0,0,0],[1,0,0],[0,2,0],[20,2,56]]
[[0,0,0],[1,0,0],[0,1,0],[54,55,112]]
[[0,0,0],[1,0,0],[0,1,0],[42,87,112]]
[[0,0,0],[1,0,0],[0,2,0],[5,22,56]]
[[0,0,0],[1,0,0],[1,2,0],[36,8,56]]
[[0,0,0],[1,0,0],[0,1,0],[3,9,112]]
[[0,0,0],[1,0,0],[0,1,0],[98,71,112]]
[[0,0,0],[1,0,0],[0,1,0],[4,74,112]]
[[0,0,0],[1,0,0],[0,1,0],[34,55,112]]
[[0,0,0],[2,0,0],[0,2,0],[8,22,28]]
[[0,0,0],[1,0,0],[0,1,0],[8,9,112]]
[[0,0,0],[2,0,0],[0,1,0],[52,55,56]]
[[0,0,0],[1,0,0],[0,1,0],[54,101,112]]
[[0,0,0],[1,0,0],[0,1,0],[46,53,112]]
[[0,0,0],[1,0,0],[0,4,0],[11,8,28]]
[[0,0,0],[1,0,0],[0,1,0],[9,39,112]]
[[0,0,0],[1,0,0],[0,1,0],[36,17,112]]
[[0,0,0],[1,0,0],[0,4,0],[1,4,28]]
[[0,0,0],[1,0,0],[0,1,0],[21,78,112]]
[[0,0,0],[1,0,0],[0,2,0],[15,6,56]]
[[0,0,0],[1,0,0],[0,1,0],[17,89,112]]
[[0,0,0],[1,0,0],[0,1,0],[70,85,112]]
[[0,0,0],[1,0,0],[0,1,0],[7,22,112]]
[[0,0,0],[4,0,0],[0,1,0],[14,22,28]]
[[0,0,0],[1,0,0],[0,1,0],[46,27,112]]
[[0,0,0],[1,0,0],[0,1,0],[5,13,112]]
[[0,0,0],[1,0,0],[0,1,0],[14,43,112]]
[[0,0,0],[1,0,0],[0,2,0],[26,50,56]]
[[0,0,0],[1,0,0],[0,1,0],[18,9,112]]
[[0,0,0],[1,0,0],[0,1,0],[26,94,112]]
[[0,0,0],[1,0,0],[0,1,0],[10,54,112]]
[[0,0,0],[1,0,0],[0,1,0],[26,66,112]]
[[0,0,0],[2,0,0],[0,1,0],[20,55,56]]
[[0,0,0],[1,0,0],[0,1,0],[92,101,112]]
[[0,0,0],[1,0,0],[0,1,0],[68,38,112]]
[[0,0,0],[1,0,0],[0,1,0],[4,65,112]]
[[0,0,0],[1,0,0],[1,2,0],[36,20,56]]
[[0,0,0],[2,0,0],[0,1,0],[8,46,56]]
[[0,0,0],[1,0,0],[0,2,0],[20,4,56]]
[[0,0,0],[1,0,0],[0,1,0],[50,111,112]]
[[0,0,0],[1,0,0],[0,1,0],[3,17,112]]
[[0,0,0],[1,0,0],[0,2,0],[10,38,56]]
[[0,0,0],[1,0,0],[1,2,0],[36,32,56]]
[[0,0,0],[1,0,0],[0,1,0],[90,71,112]]
[[0,0,0],[1,0,0],[0,1,0],[86,11,112]]
[[0,0,0],[1,0,0],[0,1,0],[54,89,112]]
[[0,0,0],[1,0,0],[0,1,0],[3,13,112]]
[[0,0,0],[1,0,0],[0,2,0],[4,18,56]]
[[0,0,0],[1,0,0],[0,1,0],[2,61,112]]
[[0,0,0],[1,0,0],[0,1,0],[52,19,112]]
[[0,0,0],[1,0,0],[0,1,0],[15,27,112]]
[[0,0,0],[1,0,0],[1,2,0],[45,22,56]]
[[0,0,0],[1,0,0],[0,1,0],[6,27,112]]
[[0,0,0],[1,0,0],[0,1,0],[86,87,112]]
[[0,0,0],[1,0,0],[0,1,0],[7,10,112]]
[[0,0,0],[1,0,0],[0,2,0],[35,2,56]]
[[0,0,0],[1,0,0],[0,1,0],[102,55,112]]
[[0,0,0],[1,0,0],[0,1,0],[40,57,112]]
[[0,0,0],[4,0,0],[0,1,0],[7,15,28]]
[[0,0,0],[1,0,0],[0,1,0],[18,45,112]]
[[0,0,0],[1,0,0],[1,8,0],[7,0,14]]
[[0,0,0],[1,0,0],[0,1,0],[15,41,112]]
[[0,0,0],[1,0,0],[0,1,0],[26,111,112]]
[[0,0,0],[1,0,0],[0,1,0],[42,43,112]]
[[0,0,0],[1,0,0],[0,1,0],[2,85,112]]
[[0,0,0],[1,0,0],[0,1,0],[42,71,112]]
[[0,0,0],[1,0,0],[0,1,0],[12,37,112]]
[[0,0,0],[1,0,0],[0,1,0],[8,77,112]]
[[0,0,0],[1,0,0],[1,2,0],[22,12,56]]
[[0,0,0],[1,0,0],[0,1,0],[80,89,112]]
[[0,0,0],[1,0,0],[0,1,0],[44,109,112]]
[[0,0,0],[1,0,0],[0,1,0],[102,102,112]]
[[0,0,0],[1,0,0],[0,1,0],[4,109,112]]
[[0,0,0],[1,0,0],[0,1,0],[11,51,112]]
[[0,0,0],[1,0,0],[0,1,0],[46,95,112]]
[[0,0,0],[1,0,0],[0,1,0],[49,36,112]]
[[0,0,0],[1,0,0],[0,1,0],[44,27,112]]
[[0,0,0],[2,0,0],[0,1,0],[8,37,56]]
[[0,0,0],[1,0,0],[0,1,0],[54,75,112]]
[[0,0,0],[1,0,0],[0,1,0],[4,39,112]]
[[0,0,0],[2,0,0],[0,1,0],[20,47,56]]
[[0,0,0],[1,0,0],[0,1,0],[18,87,112]]
[[0,0,0],[1,0,0],[2,4,0],[14,24,28]]
[[0,0,0],[1,0,0],[0,1,0],[62,37,112]]
[[0,0,0],[1,0,0],[0,2,0],[22,22,56]]
[[0,0,0],[1,0,0],[0,2,0],[9,10,56]]
[[0,0,0],[1,0,0],[0,2,0],[6,6,56]]
[[0,0,0],[1,0,0],[1,4,0],[15,4,28]]
[[0,0,0],[1,0,0],[0,2,0],[20,50,56]]
[[0,0,0],[1,0,0],[0,4,0],[5,4,28]]
[[0,0,0],[1,0,0],[0,2,0],[26,38,56]]
[[0,0,0],[1,0,0],[0,1,0],[54,81,112]]
[[0,0,0],[1,0,0],[0,2,0],[6,18,56]]
[[0,0,0],[1,0,0],[0,1,0],[6,51,112]]
[[0,0,0],[1,0,0],[0,2,0],[41,18,56]]
[[0,0,0],[1,0,0],[0,1,0],[18,1,112]]
[[0,0,0],[1,0,0],[1,2,0],[53,54,56]]
[[0,0,0],[1,0,0],[0,1,0],[62,51,112]]
[[0,0,0],[1,0,0],[1,4,0],[1,12,28]]
[[0,0,0],[1,0,0],[0,1,0],[22,95,112]]
[[0,0,0],[1,0,0],[0,1,0],[19,27,112]]
[[0,0,0],[1,0,0],[0,1,0],[28,29,112]]
[[0,0,0],[1,0,0],[0,1,0],[5,39,112]]
[[0,0,0],[1,0,0],[0,1,0],[40,89,112]]
[[0,0,0],[1,0,0],[0,1,0],[86,90,112]]
[[0,0,0],[1,0,0],[0,1,0],[91,22,112]]
[[0,0,0],[1,0,0],[0,2,0],[18,26,56]]
[[0,0,0],[1,0,0],[0,1,0],[14,51,112]]
[[0,0,0],[1,0,0],[0,1,0],[10,75,112]]
[[0,0,0],[1,0,0],[0,1,0],[3,5,112]]
[[0,0,0],[1,0,0],[0,1,0],[8,97,112]]
[[0,0,0],[1,0,0],[0,1,0],[27,29,112]]
[[0,0,0],[1,0,0],[0,1,0],[22,19,112]]
[[0,0,0],[1,0,0],[1,2,0],[33,54,56]]
[[0,0,0],[1,0,0],[0,1,0],[8,7,112]]
[[0,0,0],[1,0,0],[0,1,0],[18,3,112]]
[[0,0,0],[1,0,0],[0,1,0],[21,12,112]]
[[0,0,0],[1,0,0],[0,1,0],[38,25,112]]
[[0,0,0],[2,0,0],[0,1,0],[8,53,56]]
[[0,0,0],[1,0,0],[2,4,0],[11,12,28]]
[[0,0,0],[1,0,0],[1,2,0],[15,54,56]]
[[0,0,0],[1,0,0],[0,1,0],[82,75,112]]
[[0,0,0],[1,0,0],[0,1,0],[40,41,112]]
[[0,0,0],[1,0,0],[1,4,0],[3,4,28]]
[[0,0,0],[1,0,0],[0,1,0],[10,13,112]]
[[0,0,0],[7,0,0],[0,1,0],[8,9,16]]
[[0,0,0],[1,0,0],[0,1,0],[21,36,112]]
[[0,0,0],[1,0,0],[0,1,0],[38,27,112]]
[[0,0,0],[1,0,0],[0,2,0],[17,38,56]]
[[0,0,0],[1,0,0],[2,4,0],[23,4,28]]
[[0,0,0],[1,0,0],[0,1,0],[22,43,112]]
[[0,0,0],[1,0,0],[0,4,0],[11,16,28]]
[[0,0,0],[1,0,0],[0,1,0],[23,111,112]]
[[0,0,0],[1,0,0],[0,1,0],[11,29,112]]
[[0,0,0],[1,0,0],[0,1,0],[100,34,112]]
[[0,0,0],[1,0,0],[0,1,0],[68,37,112]]
[[0,0,0],[1,0,0],[0,1,0],[91,94,112]]
[[0,0,0],[1,0,0],[0,1,0],[6,71,112]]
[[0,0,0],[1,0,0],[0,1,0],[36,101,112]]
[[0,0,0],[1,0,0],[0,1,0],[5,27,112]]
[[0,0,0],[1,0,0],[0,1,0],[104,41,112]]
[[0,0,0],[1,0,0],[0,1,0],[7,99,112]]
[[0,0,0],[1,0,0],[0,1,0],[29,97,112]]
[[0,0,0],[1,0,0],[0,1,0],[20,65,112]]
[[0,0,0],[1,0,0],[0,1,0],[34,27,112]]
[[0,0,0],[1,0,0],[0,2,0],[2,22,56]]
[[0,0,0],[1,0,0],[0,1,0],[6,81,112]]
[[0,0,0],[1,0,0],[0,1,0],[63,74,112]]
[[0,0,0],[1,0,0],[0,1,0],[6,31,112]]
[[0,0,0],[2,0,0],[0,1,0],[16,29,56]]
