[[0,0,0],[1,0,0],[0,1,0],[1,18,113]]
[[0,0,0],[1,0,0],[0,1,0],[15,47,113]]
[[0,0,0],[1,0,0],[0,1,0],[4,33,113]]
[[0,0,0],[1,0,0],[0,1,0],[15,43,113]]
[[0,0,0],[1,0,0],[0,1,0],[18,21,113]]
[[0,0,0],[1,0,0],[0,1,0],[22,92,113]]
[[0,0,0],[1,0,0],[0,1,0],[21,102,113]]
[[0,0,0],[1,0,0],[0,1,0],[18,96,113]]
[[0,0,0],[1,0,0],[0,1,0],[4,30,113]]
[[0,0,0],[1,0,0],[0,1,0],[17,27,113]]
[[0,0,0],[1,0,0],[0,1,0],[14,26,113]]
[[0,0,0],[1,0,0],[0,1,0],[17,33,113]]
[[0,0,0],[1,0,0],[0,1,0],[1,23,113]]
[[0,0,0],[1,0,0],[0,1,0],[9,105,113]]
[[0,0,0],[1,0,0],[0,1,0],[27,29,113]]
[[0,0,0],[1,0,0],[0,1,0],[2,20,113]]
[[0,0,0],[1,0,0],[0,1,0],[2,41,113]]
[[0,0,0],[1,0,0],[0,1,0],[1,12,113]]
[[0,0,0],[1,0,0],[0,1,0],[5,40,113]]
[[0,0,0],[1,0,0],[0,1,0],[4,19,113]]
[[0,0,0],[1,0,0],[0,1,0],[5,29,113]]
[[0,0,0],[1,0,0],[0,1,0],[3,32,113]]
[[0,0,0],[1,0,0],[0,1,0],[6,16,113]]
[[0,0,0],[1,0,0],[0,1,0],[2,35,113]]
[[0,0,0],[1,0,0],[0,1,0],[8,13,113]]
[[0,0,0],[1,0,0],[0,1,0],[14,23,113]]
[[0,0,0],[1,0,0],[0,1,0],[13,102,113]]
[[0,0,0],[1,0,0],[0,1,0],[4,7,113]]
[[0,0,0],[1,0,0],[0,1,0],[11,29,113]]
[[0,0,0],[1,0,0],[0,1,0],[8,50,113]]
[[0,0,0],[1,0,0],[0,1,0],[13,47,113]]
[[0,0,0],[1,0,0],[0,1,0],[2,112,113]]
[[0,0,0],[1,0,0],[0,1,0],[7,107,113]]
[[0,0,0],[1,0,0],[0,1,0],[8,26,113]]
[[0,0,0],[1,0,0],[0,1,0],[8,28,113]]
[[0,0,0],[1,0,0],[0,1,0],[32,82,113]]
[[0,0,0],[1,0,0],[0,1,0],[14,22,113]]
[[0,0,0],[1,0,0],[0,1,0],[23,94,113]]
[[0,0,0],[1,0,0],[0,1,0],[4,42,113]]
[[0,0,0],[1,0,0],[0,1,0],[7,48,113]]
[[0,0,0],[1,0,0],[0,1,0],[4,22,113]]
[[0,0,0],[1,0,0],[0,1,0],[13,49,113]]
[[0,0,0],[1,0,0],[0,1,0],[15,21,113]]
[[0,0,0],[1,0,0],[0,1,0],[10,28,113]]
[[0,0,0],[1,0,0],[0,1,0],[7,31,113]]
[[0,0,0],[1,0,0],[0,1,0],[3,45,113]]
[[0,0,0],[1,0,0],[0,1,0],[7,12,113]]
[[0,0,0],[1,0,0],[0,1,0],[11,27,113]]
[[0,0,0],[1,0,0],[0,1,0],[8,43,113]]
[[0,0,0],[1,0,0],[0,1,0],[16,46,113]]
[[0,0,0],[1,0,0],[0,1,0],[11,104,113]]
[[0,0,0],[1,0,0],[0,1,0],[5,10,113]]
[[0,0,0],[1,0,0],[0,1,0],[6,6,113]]
[[0,0,0],[1,0,0],[0,1,0],[10,39,113]]
[[0,0,0],[1,0,0],[0,1,0],[23,91,113]]
[[0,0,0],[1,0,0],[0,1,0],[3,35,113]]
[[0,0,0],[1,0,0],[0,1,0],[9,22,113]]
[[0,0,0],[1,0,0],[0,1,0],[11,11,113]]
[[0,0,0],[1,0,0],[0,1,0],[10,105,113]]
[[0,0,0],[1,0,0],[0,1,0],[11,39,113]]
[[0,0,0],[1,0,0],[0,1,0],[25,41,113]]
[[0,0,0],[1,0,0],[0,1,0],[22,27,113]]
[[0,0,0],[1,0,0],[0,1,0],[6,14,113]]
[[0,0,0],[1,0,0],[0,1,0],[23,37,113]]
[[0,0,0],[1,0,0],[0,1,0],[2,38,113]]
[[0,0,0],[1,0,0],[0,1,0],[12,51,113]]
[[0,0,0],[1,0,0],[0,1,0],[14,41,113]]
[[0,0,0],[1,0,0],[0,1,0],[1,5,113]]
[[0,0,0],[1,0,0],[0,1,0],[15,103,113]]
[[0,0,0],[1,0,0],[0,1,0],[27,92,113]]
[[0,0,0],[1,0,0],[0,1,0],[6,34,113]]
[[0,0,0],[1,0,0],[0,1,0],[7,52,113]]
[[0,0,0],[1,0,0],[0,1,0],[8,53,113]]
[[0,0,0],[1,0,0],[0,1,0],[9,40,113]]
[[0,0,0],[1,0,0],[0,1,0],[3,21,113]]
[[0,0,0],[1,0,0],[0,1,0],[6,41,113]]
[[0,0,0],[1,0,0],[0,1,0],[16,101,113]]
[[0,0,0],[1,0,0],[0,1,0],[1,24,113]]
[[0,0,0],[1,0,0],[0,1,0],[16,103,113]]
[[0,0,0],[1,0,0],[0,1,0],[9,51,113]]
[[0,0,0],[1,0,0],[0,1,0],[2,10,113]]
[[0,0,0],[1,0,0],[0,1,0],[5,25,113]]
[[0,0,0],[1,0,0],[0,1,0],[1,8,113]]
[[0,0,0],[1,0,0],[0,1,0],[12,102,113]]
[[0,0,0],[1,0,0],[0,1,0],[8,44,113]]
[[0,0,0],[1,0,0],[0,1,0],[3,52,113]]
[[0,0,0],[1,0,0],[0,1,0],[14,30,113]]
[[0,0,0],[1,0,0],[0,1,0],[15,100,113]]
[[0,0,0],[1,0,0],[0,1,0],[1,37,113]]
[[0,0,0],[1,0,0],[0,1,0],[2,17,113]]
[[0,0,0],[1,0,0],[0,1,0],[11,107,113]]
[[0,0,0],[1,0,0],[0,1,0],[2,46,113]]
[[0,0,0],[1,0,0],[0,1,0],[1,10,113]]
[[0,0,0],[1,0,0],[0,1,0],[4,55,113]]
[[0,0,0],[1,0,0],[0,1,0],[14,48,113]]
[[0,0,0],[1,0,0],[0,1,0],[25,42,113]]
[[0,0,0],[1,0,0],[0,1,0],[2,18,113]]
[[0,0,0],[1,0,0],[0,1,0],[18,18,113]]
[[0,0,0],[1,0,0],[0,1,0],[3,53,113]]
[[0,0,0],[1,0,0],[0,1,0],[12,12,113]]
[[0,0,0],[1,0,0],[0,1,0],[4,39,113]]
[[0,0,0],[1,0,0],[0,1,0],[16,23,113]]
[[0,0,0],[1,0,0],[0,1,0],[9,44,113]]
[[0,0,0],[1,0,0],[0,1,0],[3,8,113]]
[[0,0,0],[1,0,0],[0,1,0],[9,21,113]]
[[0,0,0],[1,0,0],[0,1,0],[12,16,113]]
[[0,0,0],[1,0,0],[0,1,0],[3,22,113]]
[[0,0,0],[1,0,0],[0,1,0],[9,42,113]]
[[0,0,0],[1,0,0],[0,1,0],[8,47,113]]
[[0,0,0],[1,0,0],[0,1,0],[15,101,113]]
[[0,0,0],[1,0,0],[0,1,0],[1,6,113]]
[[0,0,0],[1,0,0],[0,1,0],[13,106,113]]
[[0,0,0],[1,0,0],[0,1,0],[11,42,113]]
[[0,0,0],[1,0,0],[0,1,0],[18,40,113]]
[[0,0,0],[1,0,0],[0,1,0],[6,47,113]]
[[0,0,0],[1,0,0],[0,1,0],[5,48,113]]
[[0,0,0],[1,0,0],[0,1,0],[10,42,113]]
[[0,0,0],[1,0,0],[0,1,0],[13,23,113]]
[[0,0,0],[1,0,0],[0,1,0],[14,49,113]]
[[0,0,0],[1,0,0],[0,1,0],[1,35,113]]
[[0,0,0],[1,0,0],[0,1,0],[21,42,113]]
[[0,0,0],[1,0,0],[0,1,0],[5,109,113]]
[[0,0,0],[1,0,0],[0,1,0],[2,43,113]]
[[0,0,0],[1,0,0],[0,1,0],[1,22,113]]
[[0,0,0],[1,0,0],[0,1,0],[12,18,113]]
[[0,0,0],[1,0,0],[0,1,0],[7,26,113]]
[[0,0,0],[1,0,0],[0,1,0],[7,40,113]]
[[0,0,0],[1,0,0],[0,1,0],[6,8,113]]
[[0,0,0],[1,0,0],[0,1,0],[22,37,113]]
[[0,0,0],[1,0,0],[0,1,0],[7,47,113]]
[[0,0,0],[1,0,0],[0,1,0],[5,49,113]]
[[0,0,0],[1,0,0],[0,1,0],[3,6,113]]
[[0,0,0],[1,0,0],[0,1,0],[26,94,113]]
[[0,0,0],[1,0,0],[0,1,0],[6,108,113]]
[[0,0,0],[1,0,0],[0,1,0],[1,7,113]]
[[0,0,0],[1,0,0],[0,1,0],[6,109,113]]
[[0,0,0],[1,0,0],[0,1,0],[1,32,113]]
[[0,0,0],[1,0,0],[0,1,0],[8,106,113]]
[[0,0,0],[1,0,0],[0,1,0],[6,50,113]]
[[0,0,0],[1,0,0],[0,1,0],[4,14,113]]
[[0,0,0],[1,0,0],[0,1,0],[9,12,113]]
[[0,0,0],[1,0,0],[0,1,0],[7,13,113]]
[[0,0,0],[1,0,0],[0,1,0],[12,48,113]]
[[0,0,0],[1,0,0],[0,1,0],[4,8,113]]
[[0,0,0],[1,0,0],[0,1,0],[5,44,113]]
[[0,0,0],[1,0,0],[0,1,0],[17,20,113]]
[[0,0,0],[1,0,0],[0,1,0],[1,4,113]]
[[0,0,0],[1,0,0],[0,1,0],[7,28,113]]
[[0,0,0],[1,0,0],[0,1,0],[2,24,113]]
[[0,0,0],[1,0,0],[0,1,0],[7,109,113]]
[[0,0,0],[1,0,0],[0,1,0],[2,5,113]]
[[0,0,0],[1,0,0],[0,1,0],[5,9,113]]
[[0,0,0],[1,0,0],[0,1,0],[2,47,113]]
[[0,0,0],[1,0,0],[0,1,0],[1,27,113]]
[[0,0,0],[1,0,0],[0,1,0],[4,41,113]]
[[0,0,0],[1,0,0],[0,1,0],[2,44,113]]
[[0,0,0],[1,0,0],[0,1,0],[5,47,113]]
[[0,0,0],[1,0,0],[0,1,0],[5,42,113]]
[[0,0,0],[1,0,0],[0,1,0],[14,16,113]]
[[0,0,0],[1,0,0],[0,1,0],[3,33,113]]
[[0,0,0],[1,0,0],[0,1,0],[17,42,113]]
[[0,0,0],[1,0,0],[0,1,0],[8,48,113]]
[[0,0,0],[1,0,0],[0,1,0],[16,31,113]]
[[0,0,0],[1,0,0],[0,1,0],[9,18,113]]
[[0,0,0],[1,0,0],[0,1,0],[2,31,113]]
[[0,0,0],[1,0,0],[0,1,0],[9,33,113]]
[[0,0,0],[1,0,0],[0,1,0],[4,31,113]]
[[0,0,0],[1,0,0],[0,1,0],[3,11,113]]
[[0,0,0],[1,0,0],[0,1,0],[21,31,113]]
[[0,0,0],[1,0,0],[0,1,0],[2,48,113]]
[[0,0,0],[1,0,0],[0,1,0],[7,16,113]]
[[0,0,0],[1,0,0],[0,1,0],[30,42,113]]
[[0,0,0],[1,0,0],[0,1,0],[11,108,113]]
[[0,0,0],[1,0,0],[0,1,0],[7,9,113]]
[[0,0,0],[1,0,0],[0,1,0],[15,29,113]]
[[0,0,0],[1,0,0],[0,1,0],[24,90,113]]
[[0,0,0],[1,0,0],[0,1,0],[37,95,113]]
[[0,0,0],[1,0,0],[0,1,0],[8,34,113]]
[[0,0,0],[1,0,0],[0,1,0],[7,30,113]]
[[0,0,0],[1,0,0],[0,1,0],[16,22,113]]
[[0,0,0],[1,0,0],[0,1,0],[2,13,113]]
[[0,0,0],[1,0,0],[0,1,0],[14,104,113]]
[[0,0,0],[1,0,0],[0,1,0],[2,19,113]]
[[0,0,0],[1,0,0],[0,1,0],[1,13,113]]
[[0,0,0],[1,0,0],[0,1,0],[1,11,113]]
[[0,0,0],[1,0,0],[0,1,0],[3,44,113]]
[[0,0,0],[1,0,0],[0,1,0],[2,15,113]]
[[0,0,0],[1,0,0],[0,1,0],[10,25,113]]
[[0,0,0],[1,0,0],[0,1,0],[10,29,113]]
[[0,0,0],[1,0,0],[0,1,0],[9,47,113]]
[[0,0,0],[1,0,0],[0,1,0],[6,26,113]]
[[0,0,0],[1,0,0],[0,1,0],[6,18,113]]
[[0,0,0],[1,0,0],[0,1,0],[12,27,113]]
[[0,0,0],[1,0,0],[0,1,0],[26,93,113]]
[[0,0,0],[1,0,0],[0,1,0],[6,27,113]]
[[0,0,0],[1,0,0],[0,1,0],[3,10,113]]
[[0,0,0],[1,0,0],[0,1,0],[3,42,113]]
[[0,0,0],[1,0,0],[0,1,0],[11,28,113]]
[[0,0,0],[1,0,0],[0,1,0],[7,45,113]]
[[0,0,0],[1,0,0],[0,1,0],[6,32,113]]
[[0,0,0],[1,0,0],[0,1,0],[3,5,113]]
[[0,0,0],[1,0,0],[0,1,0],[12,42,113]]
[[0,0,0],[1,0,0],[0,1,0],[3,50,113]]
[[0,0,0],[1,0,0],[0,1,0],[12,22,113]]
[[0,0,0],[1,0,0],[0,1,0],[5,46,113]]
[[0,0,0],[1,0,0],[0,1,0],[31,37,113]]
[[0,0,0],[1,0,0],[0,1,0],[8,14,113]]
[[0,0,0],[1,0,0],[0,1,0],[6,30,113]]
[[0,0,0],[1,0,0],[0,1,0],[9,24,113]]
[[0,0,0],[1,0,0],[0,1,0],[5,28,113]]
[[0,0,0],[1,0,0],[0,1,0],[37,37,113]]
[[0,0,0],[1,0,0],[0,1,0],[5,19,113]]
[[0,0,0],[1,0,0],[0,1,0],[6,39,113]]
[[0,0,0],[1,0,0],[0,1,0],[21,26,113]]
[[0,0,0],[1,0,0],[0,1,0],[7,108,113]]
[[0,0,0],[1,0,0],[0,1,0],[10,40,113]]
[[0,0,0],[1,0,0],[0,1,0],[4,26,113]]
[[0,0,0],[1,0,0],[0,1,0],[10,52,113]]
[[0,0,0],[1,0,0],[0,1,0],[1,1,113]]
[[0,0,0],[1,0,0],[0,1,0],[1,40,113]]
[[0,0,0],[1,0,0],[0,1,0],[9,30,113]]
[[0,0,0],[1,0,0],[0,1,0],[22,96,113]]
[[0,0,0],[1,0,0],[0,1,0],[3,18,113]]
[[0,0,0],[1,0,0],[0,1,0],[2,3,113]]
[[0,0,0],[1,0,0],[0,1,0],[2,26,113]]
[[0,0,0],[1,0,0],[0,1,0],[3,12,113]]
[[0,0,0],[1,0,0],[0,1,0],[3,31,113]]
[[0,0,0],[1,0,0],[0,1,0],[8,42,113]]
[[0,0,0],[1,0,0],[0,1,0],[1,17,113]]
[[0,0,0],[1,0,0],[0,1,0],[4,4,113]]
[[0,0,0],[1,0,0],[0,1,0],[3,47,113]]
[[0,0,0],[1,0,0],[0,1,0],[3,15,113]]
[[0,0,0],[1,0,0],[0,1,0],[3,49,113]]
[[0,0,0],[1,0,0],[0,1,0],[7,23,113]]
[[0,0,0],[1,0,0],[0,1,0],[2,34,113]]
[[0,0,0],[1,0,0],[0,1,0],[10,14,113]]
[[0,0,0],[1,0,0],[0,1,0],[17,21,113]]
[[0,0,0],[1,0,0],[0,1,0],[2,23,113]]
[[0,0,0],[1,0,0],[0,1,0],[2,32,113]]
[[0,0,0],[1,0,0],[0,1,0],[10,12,113]]
[[0,0,0],[1,0,0],[0,1,0],[21,103,113]]
[[0,0,0],[1,0,0],[0,1,0],[12,39,113]]
[[0,0,0],[1,0,0],[0,1,0],[3,34,113]]
[[0,0,0],[1,0,0],[0,1,0],[48,84,113]]
[[0,0,0],[1,0,0],[0,1,0],[31,84,113]]
[[0,0,0],[1,0,0],[0,1,0],[32,94,113]]
[[0,0,0],[1,0,0],[0,1,0],[7,42,113]]
[[0,0,0],[1,0,0],[0,1,0],[51,64,113]]
[[0,0,0],[1,0,0],[0,1,0],[15,37,113]]
[[0,0,0],[1,0,0],[0,1,0],[3,51,113]]
[[0,0,0],[1,0,0],[0,1,0],[4,51,113]]
[[0,0,0],[1,0,0],[0,1,0],[9,16,113]]
[[0,0,0],[1,0,0],[0,1,0],[9,107,113]]
[[0,0,0],[1,0,0],[0,1,0],[10,107,113]]
[[0,0,0],[1,0,0],[0,1,0],[16,20,113]]
[[0,0,0],[1,0,0],[0,1,0],[16,104,113]]
[[0,0,0],[1,0,0],[0,1,0],[7,10,113]]
[[0,0,0],[1,0,0],[0,1,0],[12,33,113]]
[[0,0,0],[1,0,0],[0,1,0],[8,51,113]]
[[0,0,0],[1,0,0],[0,1,0],[15,15,113]]
[[0,0,0],[1,0,0],[0,1,0],[28,40,113]]
[[0,0,0],[1,0,0],[0,1,0],[40,77,113]]
[[0,0,0],[1,0,0],[0,1,0],[3,112,113]]
[[0,0,0],[1,0,0],[0,1,0],[4,37,113]]
[[0,0,0],[1,0,0],[0,1,0],[5,15,113]]
[[0,0,0],[1,0,0],[0,1,0],[5,33,113]]
[[0,0,0],[1,0,0],[0,1,0],[5,37,113]]
[[0,0,0],[1,0,0],[0,1,0],[3,40,113]]
[[0,0,0],[1,0,0],[0,1,0],[3,17,113]]
[[0,0,0],[1,0,0],[0,1,0],[2,45,113]]
[[0,0,0],[1,0,0],[0,1,0],[4,47,113]]
[[0,0,0],[1,0,0],[0,1,0],[4,46,113]]
[[0,0,0],[1,0,0],[0,1,0],[13,17,113]]
[[0,0,0],[1,0,0],[0,1,0],[25,91,113]]
[[0,0,0],[1,0,0],[0,1,0],[8,23,113]]
[[0,0,0],[1,0,0],[0,1,0],[2,16,113]]
[[0,0,0],[1,0,0],[0,1,0],[0,1,113]]
[[0,0,0],[1,0,0],[0,1,0],[3,26,113]]
[[0,0,0],[1,0,0],[0,1,0],[3,23,113]]
[[0,0,0],[1,0,0],[0,1,0],[8,52,113]]
[[0,0,0],[1,0,0],[0,1,0],[13,42,113]]
[[0,0,0],[1,0,0],[0,1,0],[14,36,113]]
[[0,0,0],[1,0,0],[0,1,0],[3,43,113]]
[[0,0,0],[1,0,0],[0,1,0],[1,31,113]]
[[0,0,0],[1,0,0],[0,1,0],[15,35,113]]
[[0,0,0],[1,0,0],[0,1,0],[2,2,113]]
[[0,0,0],[1,0,0],[0,1,0],[15,32,113]]
[[0,0,0],[1,0,0],[0,1,0],[26,32,113]]
[[0,0,0],[1,0,0],[0,1,0],[6,9,113]]
[[0,0,0],[1,0,0],[0,1,0],[15,28,113]]
[[0,0,0],[1,0,0],[0,1,0],[5,43,113]]
[[0,0,0],[1,0,0],[0,1,0],[7,7,113]]
[[0,0,0],[1,0,0],[0,1,0],[16,43,113]]
[[0,0,0],[1,0,0],[0,1,0],[47,90,113]]
[[0,0,0],[1,0,0],[0,1,0],[5,23,113]]
[[0,0,0],[1,0,0],[0,1,0],[8,31,113]]
[[0,0,0],[1,0,0],[0,1,0],[5,32,113]]
[[0,0,0],[1,0,0],[0,1,0],[24,26,113]]
[[0,0,0],[1,0,0],[0,1,0],[7,17,113]]
[[0,0,0],[1,0,0],[0,1,0],[7,37,113]]
[[0,0,0],[1,0,0],[0,1,0],[11,33,113]]
[[0,0,0],[1,0,0],[0,1,0],[9,11,113]]
[[0,0,0],[1,0,0],[0,1,0],[25,43,113]]
[[0,0,0],[1,0,0],[0,1,0],[5,17,113]]
[[0,0,0],[1,0,0],[0,1,0],[10,18,113]]
[[0,0,0],[1,0,0],[0,1,0],[4,45,113]]
[[0,0,0],[1,0,0],[0,1,0],[27,27,113]]
[[0,0,0],[1,0,0],[0,1,0],[12,20,113]]
[[0,0,0],[1,0,0],[0,1,0],[24,30,113]]
[[0,0,0],[1,0,0],[0,1,0],[7,33,113]]
[[0,0,0],[1,0,0],[0,1,0],[4,49,113]]
[[0,0,0],[1,0,0],[0,1,0],[9,14,113]]
[[0,0,0],[1,0,0],[0,1,0],[4,40,113]]
[[0,0,0],[1,0,0],[0,1,0],[6,54,113]]
[[0,0,0],[1,0,0],[0,1,0],[3,39,113]]
[[0,0,0],[1,0,0],[0,1,0],[11,103,113]]
[[0,0,0],[1,0,0],[0,1,0],[4,17,113]]
[[0,0,0],[1,0,0],[0,1,0],[2,53,113]]
[[0,0,0],[1,0,0],[0,1,0],[6,43,113]]
[[0,0,0],[1,0,0],[0,1,0],[4,48,113]]
[[0,0,0],[1,0,0],[0,1,0],[14,101,113]]
[[0,0,0],[1,0,0],[0,1,0],[54,77,113]]
[[0,0,0],[1,0,0],[0,1,0],[14,40,113]]
[[0,0,0],[1,0,0],[0,1,0],[3,24,113]]
[[0,0,0],[1,0,0],[0,1,0],[4,29,113]]
[[0,0,0],[1,0,0],[0,1,0],[43,89,113]]
[[0,0,0],[1,0,0],[0,1,0],[12,24,113]]
[[0,0,0],[1,0,0],[0,1,0],[18,43,113]]
[[0,0,0],[1,0,0],[0,1,0],[11,106,113]]
[[0,0,0],[1,0,0],[0,1,0],[5,14,113]]
[[0,0,0],[1,0,0],[0,1,0],[15,25,113]]
[[0,0,0],[1,0,0],[0,1,0],[16,44,113]]
[[0,0,0],[1,0,0],[0,1,0],[14,50,113]]
[[0,0,0],[1,0,0],[0,1,0],[15,22,113]]
[[0,0,0],[1,0,0],[0,1,0],[4,110,113]]
[[0,0,0],[1,0,0],[0,1,0],[2,9,113]]
[[0,0,0],[1,0,0],[0,1,0],[14,24,113]]
[[0,0,0],[1,0,0],[0,1,0],[18,42,113]]
[[0,0,0],[1,0,0],[0,1,0],[23,92,113]]
[[0,0,0],[1,0,0],[0,1,0],[10,15,113]]
[[0,0,0],[1,0,0],[0,1,0],[6,36,113]]
[[0,0,0],[1,0,0],[0,1,0],[26,30,113]]
[[0,0,0],[1,0,0],[0,1,0],[13,41,113]]
[[0,0,0],[1,0,0],[0,1,0],[5,45,113]]
[[0,0,0],[1,0,0],[0,1,0],[12,103,113]]
[[0,0,0],[1,0,0],[0,1,0],[13,15,113]]
[[0,0,0],[1,0,0],[0,1,0],[2,30,113]]
[[0,0,0],[1,0,0],[0,1,0],[2,7,113]]
[[0,0,0],[1,0,0],[0,1,0],[2,50,113]]
[[0,0,0],[1,0,0],[0,1,0],[4,44,113]]
[[0,0,0],[1,0,0],[0,1,0],[16,27,113]]
[[0,0,0],[1,0,0],[0,1,0],[31,93,113]]
[[0,0,0],[1,0,0],[0,1,0],[2,36,113]]
[[0,0,0],[1,0,0],[0,1,0],[2,27,113]]
[[0,0,0],[1,0,0],[0,1,0],[25,93,113]]
[[0,0,0],[1,0,0],[0,1,0],[7,35,113]]
[[0,0,0],[1,0,0],[0,1,0],[10,35,113]]
[[0,0,0],[1,0,0],[0,1,0],[24,91,113]]
[[0,0,0],[1,0,0],[0,1,0],[5,26,113]]
[[0,0,0],[1,0,0],[0,1,0],[43,73,113]]
[[0,0,0],[1,0,0],[0,1,0],[2,33,113]]
[[0,0,0],[1,0,0],[0,1,0],[6,46,113]]
[[0,0,0],[1,0,0],[0,1,0],[2,49,113]]
[[0,0,0],[1,0,0],[0,1,0],[9,9,113]]
[[0,0,0],[1,0,0],[0,1,0],[2,12,113]]
[[0,0,0],[1,0,0],[0,1,0],[3,27,113]]
[[0,0,0],[1,0,0],[0,1,0],[4,13,113]]
[[0,0,0],[1,0,0],[0,1,0],[10,37,113]]
[[0,0,0],[1,0,0],[0,1,0],[5,50,113]]
[[0,0,0],[1,0,0],[0,1,0],[4,54,113]]
[[0,0,0],[1,0,0],[0,1,0],[7,46,113]]
[[0,0,0],[1,0,0],[0,1,0],[15,41,113]]
[[0,0,0],[1,0,0],[0,1,0],[14,46,113]]
[[0,0,0],[1,0,0],[0,1,0],[2,54,113]]
[[0,0,0],[1,0,0],[0,1,0],[10,13,113]]
[[0,0,0],[1,0,0],[0,1,0],[6,45,113]]
[[0,0,0],[1,0,0],[0,1,0],[8,27,113]]
[[0,0,0],[1,0,0],[0,1,0],[26,41,113]]
[[0,0,0],[1,0,0],[0,1,0],[1,9,113]]
[[0,0,0],[1,0,0],[0,1,0],[14,45,113]]
[[0,0,0],[1,0,0],[0,1,0],[1,15,113]]
[[0,0,0],[1,0,0],[0,1,0],[1,50,113]]
[[0,0,0],[1,0,0],[0,1,0],[2,8,113]]
[[0,0,0],[1,0,0],[0,1,0],[8,18,113]]
[[0,0,0],[1,0,0],[0,1,0],[22,46,113]]
[[0,0,0],[1,0,0],[0,1,0],[10,104,113]]
[[0,0,0],[1,0,0],[0,1,0],[4,12,113]]
[[0,0,0],[1,0,0],[0,1,0],[6,20,113]]
[[0,0,0],[1,0,0],[0,1,0],[15,26,113]]
[[0,0,0],[1,0,0],[0,1,0],[26,89,113]]
[[0,0,0],[1,0,0],[0,1,0],[10,45,113]]
[[0,0,0],[1,0,0],[0,1,0],[1,21,113]]
[[0,0,0],[1,0,0],[0,1,0],[8,45,113]]
[[0,0,0],[1,0,0],[0,1,0],[5,31,113]]
[[0,0,0],[1,0,0],[0,1,0],[13,101,113]]
[[0,0,0],[1,0,0],[0,1,0],[6,28,113]]
[[0,0,0],[1,0,0],[0,1,0],[7,110,113]]
[[0,0,0],[1,0,0],[0,1,0],[13,37,113]]
[[0,0,0],[1,0,0],[0,1,0],[7,32,113]]
[[0,0,0],[1,0,0],[0,1,0],[32,92,113]]
[[0,0,0],[1,0,0],[0,1,0],[11,31,113]]
[[0,0,0],[1,0,0],[0,1,0],[11,30,113]]
[[0,0,0],[1,0,0],[0,1,0],[6,33,113]]
[[0,0,0],[1,0,0],[0,1,0],[6,15,113]]
[[0,0,0],[1,0,0],[0,1,0],[5,20,113]]
[[0,0,0],[1,0,0],[0,1,0],[2,51,113]]
[[0,0,0],[1,0,0],[0,1,0],[9,25,113]]
[[0,0,0],[1,0,0],[0,1,0],[4,11,113]]
[[0,0,0],[1,0,0],[0,1,0],[9,17,113]]
[[0,0,0],[1,0,0],[0,1,0],[7,51,113]]
[[0,0,0],[1,0,0],[0,1,0],[5,34,113]]
[[0,0,0],[1,0,0],[0,1,0],[3,46,113]]
[[0,0,0],[1,0,0],[0,1,0],[8,36,113]]
[[0,0,0],[1,0,0],[0,1,0],[8,16,113]]
[[0,0,0],[1,0,0],[0,1,0],[12,15,113]]
[[0,0,0],[1,0,0],[0,1,0],[6,37,113]]
[[0,0,0],[1,0,0],[0,1,0],[8,11,113]]
[[0,0,0],[1,0,0],[0,1,0],[4,32,113]]
[[0,0,0],[1,0,0],[0,1,0],[11,24,113]]
[[0,0,0],[1,0,0],[0,1,0],[6,52,113]]
[[0,0,0],[1,0,0],[0,1,0],[22,95,113]]
[[0,0,0],[1,0,0],[0,1,0],[13,104,113]]
[[0,0,0],[1,0,0],[0,1,0],[4,50,113]]
[[0,0,0],[1,0,0],[0,1,0],[2,4,113]]
[[0,0,0],[1,0,0],[0,1,0],[40,80,113]]
[[0,0,0],[1,0,0],[0,1,0],[13,103,113]]
[[0,0,0],[1,0,0],[0,1,0],[3,28,113]]
[[0,0,0],[1,0,0],[0,1,0],[9,109,113]]
[[0,0,0],[1,0,0],[0,1,0],[13,24,113]]
[[0,0,0],[1,0,0],[0,1,0],[11,50,113]]
[[0,0,0],[1,0,0],[0,1,0],[31,31,113]]
[[0,0,0],[1,0,0],[0,1,0],[4,43,113]]
[[0,0,0],[1,0,0],[0,1,0],[9,34,113]]
[[0,0,0],[1,0,0],[0,1,0],[4,23,113]]
[[0,0,0],[1,0,0],[0,1,0],[5,5,113]]
[[0,0,0],[1,0,0],[0,1,0],[9,15,113]]
[[0,0,0],[1,0,0],[0,1,0],[4,20,113]]
[[0,0,0],[1,0,0],[0,1,0],[12,43,113]]
[[0,0,0],[1,0,0],[0,1,0],[22,93,113]]
[[0,0,0],[1,0,0],[0,1,0],[8,12,113]]
[[0,0,0],[1,0,0],[0,1,0],[4,15,113]]
[[0,0,0],[1,0,0],[0,1,0],[13,21,113]]
[[0,0,0],[1,0,0],[0,1,0],[7,25,113]]
[[0,0,0],[1,0,0],[0,1,0],[18,22,113]]
[[0,0,0],[1,0,0],[0,1,0],[3,9,113]]
[[0,0,0],[1,0,0],[0,1,0],[3,16,113]]
[[0,0,0],[1,0,0],[0,1,0],[22,33,113]]
[[0,0,0],[1,0,0],[0,1,0],[16,29,113]]
[[0,0,0],[1,0,0],[0,1,0],[11,32,113]]
[[0,0,0],[1,0,0],[0,1,0],[8,37,113]]
[[0,0,0],[1,0,0],[0,1,0],[7,41,113]]
[[0,0,0],[1,0,0],[0,1,0],[9,106,113]]
[[0,0,0],[1,0,0],[0,1,0],[13,107,113]]
[[0,0,0],[1,0,0],[0,1,0],[5,53,113]]
[[0,0,0],[1,0,0],[0,1,0],[31,83,113]]
[[0,0,0],[1,0,0],[0,1,0],[10,44,113]]
[[0,0,0],[1,0,0],[0,1,0],[2,29,113]]
[[0,0,0],[1,0,0],[0,1,0],[16,25,113]]
[[0,0,0],[1,0,0],[0,1,0],[6,17,113]]
[[0,0,0],[1,0,0],[0,1,0],[2,52,113]]
[[0,0,0],[1,0,0],[0,1,0],[3,41,113]]
[[0,0,0],[1,0,0],[0,1,0],[17,44,113]]
[[0,0,0],[1,0,0],[0,1,0],[4,10,113]]
[[0,0,0],[1,0,0],[0,1,0],[4,6,113]]
[[0,0,0],[1,0,0],[0,1,0],[27,41,113]]
[[0,0,0],[1,0,0],[0,1,0],[5,8,113]]
[[0,0,0],[1,0,0],[0,1,0],[12,26,113]]
[[0,0,0],[1,0,0],[0,1,0],[5,30,113]]
[[0,0,0],[1,0,0],[0,1,0],[4,21,113]]
[[0,0,0],[1,0,0],[0,1,0],[7,11,113]]
[[0,0,0],[1,0,0],[0,1,0],[17,17,113]]
[[0,0,0],[1,0,0],[0,1,0],[1,2,113]]
[[0,0,0],[1,0,0],[0,1,0],[3,111,113]]
[[0,0,0],[1,0,0],[0,1,0],[13,26,113]]
[[0,0,0],[1,0,0],[0,1,0],[4,16,113]]
[[0,0,0],[1,0,0],[0,1,0],[7,27,113]]
[[0,0,0],[1,0,0],[0,1,0],[17,37,113]]
[[0,0,0],[1,0,0],[0,1,0],[11,16,113]]
[[0,0,0],[1,0,0],[0,1,0],[18,25,113]]
[[0,0,0],[1,0,0],[0,1,0],[4,18,113]]
[[0,0,0],[1,0,0],[0,1,0],[14,31,113]]
[[0,0,0],[1,0,0],[0,1,0],[2,40,113]]
[[0,0,0],[1,0,0],[0,1,0],[8,29,113]]
[[0,0,0],[1,0,0],[0,1,0],[2,37,113]]
[[0,0,0],[1,0,0],[0,1,0],[3,36,113]]
[[0,0,0],[1,0,0],[0,1,0],[2,21,113]]
[[0,0,0],[1,0,0],[0,1,0],[3,48,113]]
[[0,0,0],[1,0,0],[0,1,0],[3,37,113]]
[[0,0,0],[1,0,0],[0,1,0],[6,29,113]]
[[0,0,0],[1,0,0],[0,1,0],[3,30,113]]
[[0,0,0],[1,0,0],[0,1,0],[5,21,113]]
[[0,0,0],[1,0,0],[0,1,0],[8,39,113]]
[[0,0,0],[1,0,0],[0,1,0],[6,35,113]]
[[0,0,0],[1,0,0],[0,1,0],[5,18,113]]
[[0,0,0],[1,0,0],[0,1,0],[5,7,113]]
[[0,0,0],[1,0,0],[0,1,0],[21,33,113]]
[[0,0,0],[1,0,0],[0,1,0],[6,10,113]]
[[0,0,0],[1,0,0],[0,1,0],[6,48,113]]
[[0,0,0],[1,0,0],[0,1,0],[3,19,113]]
[[0,0,0],[1,0,0],[0,1,0],[2,42,113]]
[[0,0,0],[1,0,0],[0,1,0],[3,25,113]]
[[0,0,0],[1,0,0],[0,1,0],[2,56,113]]
[[0,0,0],[1,0,0],[0,1,0],[3,29,113]]
[[0,0,0],[1,0,0],[0,1,0],[37,89,113]]
[[0,0,0],[1,0,0],[0,1,0],[23,102,113]]
[[0,0,0],[1,0,0],[0,1,0],[24,43,113]]
[[0,0,0],[1,0,0],[0,1,0],[5,110,113]]
[[0,0,0],[1,0,0],[0,1,0],[8,10,113]]
[[0,0,0],[1,0,0],[0,1,0],[11,13,113]]
[[0,0,0],[1,0,0],[0,1,0],[2,6,113]]
[[0,0,0],[1,0,0],[0,1,0],[8,107,113]]
[[0,0,0],[1,0,0],[0,1,0],[21,30,113]]
[[0,0,0],[1,0,0],[0,1,0],[13,45,113]]
[[0,0,0],[1,0,0],[0,1,0],[10,10,113]]
[[0,0,0],[1,0,0],[0,1,0],[11,22,113]]
[[0,0,0],[1,0,0],[0,1,0],[4,34,113]]
[[0,0,0],[1,0,0],[0,1,0],[10,26,113]]
[[0,0,0],[1,0,0],[0,1,0],[3,14,113]]
[[0,0,0],[1,0,0],[0,1,0],[9,43,113]]
[[0,0,0],[1,0,0],[0,1,0],[1,3,113]]
[[0,0,0],[1,0,0],[0,1,0],[16,45,113]]
[[0,0,0],[1,0,0],[0,1,0],[13,36,113]]
[[0,0,0],[1,0,0],[0,1,0],[10,49,113]]
[[0,0,0],[1,0,0],[0,1,0],[6,42,113]]
[[0,0,0],[1,0,0],[0,1,0],[18,35,113]]
[[0,0,0],[1,0,0],[0,1,0],[18,48,113]]
[[0,0,0],[1,0,0],[0,1,0],[5,35,113]]
[[0,0,0],[1,0,0],[0,1,0],[15,17,113]]
[[0,0,0],[1,0,0],[0,1,0],[2,11,113]]
[[0,0,0],[1,0,0],[0,1,0],[5,111,113]]
[[0,0,0],[1,0,0],[0,1,0],[9,36,113]]
[[0,0,0],[1,0,0],[0,1,0],[5,22,113]]
[[0,0,0],[1,0,0],[0,1,0],[2,22,113]]
[[0,0,0],[1,0,0],[0,1,0],[9,49,113]]
[[0,0,0],[1,0,0],[0,1,0],[8,8,113]]
[[0,0,0],[1,0,0],[0,1,0],[46,74,113]]
[[0,0,0],[1,0,0],[0,1,0],[5,51,113]]
[[0,0,0],[1,0,0],[0,1,0],[7,20,113]]
[[0,0,0],[1,0,0],[0,1,0],[2,25,113]]
[[0,0,0],[1,0,0],[0,1,0],[5,12,113]]
[[0,0,0],[1,0,0],[0,1,0],[16,47,113]]
[[0,0,0],[1,0,0],[0,1,0],[4,35,113]]
[[0,0,0],[1,0,0],[0,1,0],[7,21,113]]
[[0,0,0],[1,0,0],[0,1,0],[28,92,113]]
[[0,0,0],[1,0,0],[0,1,0],[1,30,113]]
[[0,0,0],[1,0,0],[0,1,0],[10,20,113]]
[[0,0,0],[1,0,0],[0,1,0],[4,27,113]]
[[0,0,0],[1,0,0],[0,1,0],[14,20,113]]
[[0,0,0],[1,0,0],[0,1,0],[11,20,113]]
[[0,0,0],[1,0,0],[0,1,0],[11,48,113]]
[[0,0,0],[1,0,0],[0,1,0],[10,30,113]]
[[0,0,0],[1,0,0],[0,1,0],[3,20,113]]
[[0,0,0],[1,0,0],[0,1,0],[5,13,113]]
[[0,0,0],[1,0,0],[0,1,0],[14,39,113]]
[[0,0,0],[1,0,0],[0,1,0],[29,29,113]]
[[0,0,0],[1,0,0],[0,1,0],[6,12,113]]
[[0,0,0],[1,0,0],[0,1,0],[9,45,113]]
[[0,0,0],[1,0,0],[0,1,0],[2,28,113]]
[[0,0,0],[1,0,0],[0,1,0],[9,23,113]]
[[0,0,0],[1,0,0],[0,1,0],[18,47,113]]
[[0,0,0],[1,0,0],[0,1,0],[30,84,113]]
[[0,0,0],[1,0,0],[0,1,0],[10,48,113]]
[[0,0,0],[1,0,0],[0,1,0],[17,102,113]]
[[0,0,0],[1,0,0],[0,1,0],[12,21,113]]
[[0,0,0],[1,0,0],[0,1,0],[1,29,113]]
[[0,0,0],[1,0,0],[0,1,0],[12,46,113]]
[[0,0,0],[1,0,0],[0,1,0],[7,44,113]]
[[0,0,0],[1,0,0],[0,1,0],[4,28,113]]
[[0,0,0],[1,0,0],[0,1,0],[3,13,113]]
[[0,0,0],[1,0,0],[0,1,0],[6,24,113]]
[[0,0,0],[1,0,0],[0,1,0],[41,76,113]]
[[0,0,0],[1,0,0],[0,1,0],[2,14,113]]
[[0,0,0],[1,0,0],[0,1,0],[4,24,113]]
[[0,0,0],[1,0,0],[0,1,0],[6,21,113]]
[[0,0,0],[1,0,0],[0,1,0],[6,11,113]]
[[0,0,0],[1,0,0],[0,1,0],[2,39,113]]
[[0,0,0],[1,0,0],[0,1,0],[3,7,113]]
[[0,0,0],[1,0,0],[0,1,0],[3,3,113]]
[[0,0,0],[1,0,0],[0,1,0],[9,35,113]]
[[0,0,0],[1,0,0],[0,1,0],[9,29,113]]
[[0,0,0],[1,0,0],[0,1,0],[8,22,113]]
