[[0,0,0],[1,0,0],[0,1,0],[16,35,114]]
[[0,0,0],[1,0,0],[0,1,0],[40,94,114]]
[[0,0,0],[1,0,0],[0,1,0],[14,53,114]]
[[0,0,0],[1,0,0],[0,1,0],[48,86,114]]
[[0,0,0],[1,0,0],[0,1,0],[58,77,114]]
[[0,0,0],[1,0,0],[0,1,0],[28,13,114]]
[[0,0,0],[2,0,0],[0,1,0],[6,22,57]]
[[0,0,0],[1,0,0],[0,1,0],[34,109,114]]
[[0,0,0],[1,0,0],[0,1,0],[81,100,114]]
[[0,0,0],[1,0,0],[0,1,0],[68,110,114]]
[[0,0,0],[1,0,0],[1,2,0],[39,24,57]]
[[0,0,0],[1,0,0],[0,1,0],[33,88,114]]
[[0,0,0],[1,0,0],[0,1,0],[87,70,114]]
[[0,0,0],[1,0,0],[0,1,0],[45,64,114]]
[[0,0,0],[2,0,0],[0,1,0],[9,28,57]]
[[0,0,0],[1,0,0],[0,1,0],[20,53,114]]
[[0,0,0],[1,0,0],[0,1,0],[28,68,114]]
[[0,0,0],[1,0,0],[0,1,0],[20,7,114]]
[[0,0,0],[1,0,0],[0,1,0],[56,17,114]]
[[0,0,0],[1,0,0],[0,1,0],[63,71,114]]
[[0,0,0],[1,0,0],[0,1,0],[14,65,114]]
[[0,0,0],[1,0,0],[0,1,0],[99,46,114]]
[[0,0,0],[1,0,0],[0,1,0],[52,71,114]]
[[0,0,0],[1,0,0],[0,1,0],[0,1,114]]
[[0,0,0],[1,0,0],[0,1,0],[2,80,114]]
[[0,0,0],[1,0,0],[0,1,0],[50,11,114]]
[[0,0,0],[1,0,0],[0,1,0],[8,65,114]]
[[0,0,0],[1,0,0],[0,1,0],[15,28,114]]
[[0,0,0],[1,0,0],[0,1,0],[44,110,114]]
[[0,0,0],[1,0,0],[1,2,0],[1,21,57]]
[[0,0,0],[2,0,0],[0,1,0],[24,1,57]]
[[0,0,0],[1,0,0],[0,1,0],[21,40,114]]
[[0,0,0],[1,0,0],[0,1,0],[52,83,114]]
[[0,0,0],[1,0,0],[0,1,0],[45,97,114]]
[[0,0,0],[1,0,0],[0,1,0],[24,97,114]]
[[0,0,0],[1,0,0],[0,1,0],[5,55,114]]
[[0,0,0],[1,0,0],[0,1,0],[38,1,114]]
[[0,0,0],[1,0,0],[0,1,0],[14,26,114]]
[[0,0,0],[1,0,0],[0,1,0],[36,91,114]]
[[0,0,0],[1,0,0],[0,1,0],[87,40,114]]
[[0,0,0],[1,0,0],[0,1,0],[27,43,114]]
[[0,0,0],[1,0,0],[0,1,0],[25,35,114]]
[[0,0,0],[1,0,0],[0,1,0],[62,74,114]]
[[0,0,0],[1,0,0],[0,1,0],[4,101,114]]
[[0,0,0],[1,0,0],[0,1,0],[26,53,114]]
[[0,0,0],[1,0,0],[0,1,0],[2,43,114]]
[[0,0,0],[1,0,0],[0,1,0],[86,67,114]]
[[0,0,0],[1,0,0],[0,2,0],[45,45,57]]
[[0,0,0],[1,0,0],[0,1,0],[14,7,114]]
[[0,0,0],[2,0,0],[0,1,0],[18,40,57]]
[[0,0,0],[1,0,0],[0,1,0],[45,40,114]]
[[0,0,0],[1,0,0],[0,1,0],[8,13,114]]
[[0,0,0],[1,0,0],[0,1,0],[111,28,114]]
[[0,0,0],[1,0,0],[0,1,0],[8,31,114]]
[[0,0,0],[1,0,0],[0,1,0],[24,49,114]]
[[0,0,0],[1,0,0],[0,1,0],[95,39,114]]
[[0,0,0],[1,0,0],[0,1,0],[18,2,114]]
[[0,0,0],[1,0,0],[0,1,0],[15,106,114]]
[[0,0,0],[1,0,0],[0,1,0],[13,29,114]]
[[0,0,0],[2,0,0],[0,1,0],[12,37,57]]
[[0,0,0],[1,0,0],[0,1,0],[96,37,114]]
[[0,0,0],[1,0,0],[0,1,0],[29,29,114]]
[[0,0,0],[1,0,0],[0,1,0],[50,97,114]]
[[0,0,0],[1,0,0],[0,1,0],[45,58,114]]
[[0,0,0],[1,0,0],[0,1,0],[56,104,114]]
[[0,0,0],[1,0,0],[0,1,0],[15,40,114]]
[[0,0,0],[2,0,0],[0,1,0],[15,25,57]]
[[0,0,0],[1,0,0],[0,1,0],[12,79,114]]
[[0,0,0],[1,0,0],[0,1,0],[60,97,114]]
[[0,0,0],[1,0,0],[0,1,0],[65,107,114]]
[[0,0,0],[1,0,0],[0,1,0],[26,103,114]]
[[0,0,0],[1,0,0],[0,1,0],[18,61,114]]
[[0,0,0],[1,0,0],[0,1,0],[68,80,114]]
[[0,0,0],[1,0,0],[0,1,0],[45,88,114]]
[[0,0,0],[1,0,0],[0,1,0],[2,5,114]]
[[0,0,0],[1,0,0],[0,1,0],[111,34,114]]
[[0,0,0],[1,0,0],[0,1,0],[20,29,114]]
[[0,0,0],[1,0,0],[0,1,0],[11,101,114]]
[[0,0,0],[1,0,0],[0,1,0],[18,109,114]]
[[0,0,0],[1,0,0],[0,1,0],[111,10,114]]
[[0,0,0],[1,0,0],[0,1,0],[35,41,114]]
[[0,0,0],[1,0,0],[0,1,0],[24,25,114]]
[[0,0,0],[1,0,0],[0,1,0],[16,1,114]]
[[0,0,0],[1,0,0],[0,1,0],[26,104,114]]
[[0,0,0],[1,0,0],[0,1,0],[15,70,114]]
[[0,0,0],[1,0,0],[0,1,0],[25,25,114]]
[[0,0,0],[1,0,0],[0,1,0],[104,106,114]]
[[0,0,0],[1,0,0],[0,1,0],[4,107,114]]
[[0,0,0],[1,0,0],[0,1,0],[14,86,114]]
[[0,0,0],[1,0,0],[0,1,0],[39,22,114]]
[[0,0,0],[2,0,0],[0,1,0],[18,37,57]]
[[0,0,0],[1,0,0],[0,1,0],[1,7,114]]
[[0,0,0],[1,0,0],[0,1,0],[3,40,114]]
[[0,0,0],[1,0,0],[0,1,0],[102,70,114]]
[[0,0,0],[1,0,0],[0,1,0],[56,71,114]]
[[0,0,0],[1,0,0],[0,1,0],[62,68,114]]
[[0,0,0],[1,0,0],[0,1,0],[14,74,114]]
[[0,0,0],[1,0,0],[0,1,0],[2,107,114]]
[[0,0,0],[1,0,0],[0,1,0],[19,20,114]]
[[0,0,0],[1,0,0],[0,1,0],[27,46,114]]
[[0,0,0],[1,0,0],[0,1,0],[30,104,114]]
[[0,0,0],[1,0,0],[0,1,0],[2,97,114]]
[[0,0,0],[2,0,0],[0,1,0],[38,20,57]]
[[0,0,0],[1,0,0],[0,1,0],[63,103,114]]
[[0,0,0],[1,0,0],[0,1,0],[50,23,114]]
[[0,0,0],[1,0,0],[0,1,0],[32,13,114]]
[[0,0,0],[1,0,0],[0,1,0],[64,73,114]]
[[0,0,0],[1,0,0],[0,1,0],[30,85,114]]
[[0,0,0],[1,0,0],[0,1,0],[62,80,114]]
[[0,0,0],[1,0,0],[0,1,0],[45,100,114]]
[[0,0,0],[2,0,0],[0,1,0],[15,4,57]]
[[0,0,0],[1,0,0],[0,1,0],[32,56,114]]
[[0,0,0],[1,0,0],[0,1,0],[21,109,114]]
[[0,0,0],[1,0,0],[0,1,0],[45,13,114]]
[[0,0,0],[1,0,0],[0,1,0],[8,73,114]]
[[0,0,0],[1,0,0],[0,1,0],[2,101,114]]
[[0,0,0],[1,0,0],[0,1,0],[39,1,114]]
[[0,0,0],[1,0,0],[0,1,0],[42,92,114]]
[[0,0,0],[1,0,0],[0,1,0],[105,106,114]]
[[0,0,0],[1,0,0],[0,1,0],[66,87,114]]
[[0,0,0],[1,0,0],[0,1,0],[108,26,114]]
[[0,0,0],[1,0,0],[0,1,0],[29,59,114]]
[[0,0,0],[1,0,0],[0,1,0],[93,98,114]]
[[0,0,0],[1,0,0],[0,1,0],[16,83,114]]
[[0,0,0],[1,0,0],[0,1,0],[5,83,114]]
[[0,0,0],[1,0,0],[0,1,0],[15,22,114]]
[[0,0,0],[1,0,0],[0,2,0],[30,18,57]]
[[0,0,0],[1,0,0],[0,1,0],[14,85,114]]
[[0,0,0],[1,0,0],[0,2,0],[27,24,57]]
[[0,0,0],[1,0,0],[0,1,0],[10,11,114]]
[[0,0,0],[1,0,0],[0,1,0],[33,28,114]]
[[0,0,0],[2,0,0],[0,1,0],[36,2,57]]
[[0,0,0],[1,0,0],[0,1,0],[55,77,114]]
[[0,0,0],[1,0,0],[0,1,0],[28,11,114]]
[[0,0,0],[1,0,0],[0,1,0],[20,80,114]]
[[0,0,0],[1,0,0],[0,2,0],[33,12,57]]
[[0,0,0],[1,0,0],[0,1,0],[93,82,114]]
[[0,0,0],[2,0,0],[0,1,0],[15,31,57]]
[[0,0,0],[1,0,0],[0,1,0],[30,91,114]]
[[0,0,0],[1,0,0],[0,1,0],[28,1,114]]
[[0,0,0],[1,0,0],[0,1,0],[4,83,114]]
[[0,0,0],[1,0,0],[0,1,0],[33,91,114]]
[[0,0,0],[1,0,0],[0,1,0],[30,47,114]]
[[0,0,0],[1,0,0],[0,1,0],[11,11,114]]
[[0,0,0],[1,0,0],[0,1,0],[24,103,114]]
[[0,0,0],[1,0,0],[0,1,0],[2,47,114]]
[[0,0,0],[1,0,0],[0,1,0],[51,73,114]]
[[0,0,0],[1,0,0],[0,1,0],[39,82,114]]
[[0,0,0],[1,0,0],[0,1,0],[105,16,114]]
[[0,0,0],[1,0,0],[0,1,0],[50,86,114]]
[[0,0,0],[1,0,0],[0,1,0],[11,113,114]]
[[0,0,0],[1,0,0],[0,1,0],[15,100,114]]
[[0,0,0],[1,0,0],[0,1,0],[69,112,114]]
[[0,0,0],[1,0,0],[0,1,0],[39,64,114]]
[[0,0,0],[1,0,0],[0,1,0],[50,53,114]]
[[0,0,0],[1,0,0],[0,1,0],[44,80,114]]
[[0,0,0],[1,0,0],[0,1,0],[12,61,114]]
[[0,0,0],[1,0,0],[0,1,0],[9,40,114]]
[[0,0,0],[1,0,0],[0,1,0],[9,55,114]]
[[0,0,0],[1,0,0],[0,1,0],[22,29,114]]
[[0,0,0],[1,0,0],[0,1,0],[99,10,114]]
[[0,0,0],[1,0,0],[0,1,0],[10,61,114]]
[[0,0,0],[1,0,0],[0,1,0],[28,5,114]]
[[0,0,0],[1,0,0],[0,1,0],[22,35,114]]
[[0,0,0],[1,0,0],[0,1,0],[3,7,114]]
[[0,0,0],[1,0,0],[0,1,0],[7,43,114]]
[[0,0,0],[1,0,0],[0,1,0],[45,70,114]]
[[0,0,0],[1,0,0],[0,1,0],[44,41,114]]
[[0,0,0],[1,0,0],[0,1,0],[3,43,114]]
[[0,0,0],[1,0,0],[0,1,0],[44,86,114]]
[[0,0,0],[1,0,0],[0,1,0],[28,101,114]]
[[0,0,0],[1,0,0],[0,1,0],[14,29,114]]
[[0,0,0],[1,0,0],[0,1,0],[16,59,114]]
[[0,0,0],[1,0,0],[0,1,0],[19,58,114]]
[[0,0,0],[1,0,0],[0,1,0],[44,52,114]]
[[0,0,0],[1,0,0],[0,1,0],[27,88,114]]
[[0,0,0],[1,0,0],[0,1,0],[6,61,114]]
[[0,0,0],[1,0,0],[0,1,0],[69,40,114]]
[[0,0,0],[1,0,0],[0,1,0],[26,92,114]]
[[0,0,0],[1,0,0],[0,1,0],[12,13,114]]
[[0,0,0],[1,0,0],[0,2,0],[21,36,57]]
[[0,0,0],[1,0,0],[0,1,0],[16,11,114]]
[[0,0,0],[1,0,0],[0,1,0],[56,62,114]]
[[0,0,0],[1,0,0],[0,1,0],[81,40,114]]
[[0,0,0],[1,0,0],[0,1,0],[95,20,114]]
[[0,0,0],[1,0,0],[0,1,0],[32,86,114]]
[[0,0,0],[1,0,0],[0,1,0],[84,69,114]]
[[0,0,0],[1,0,0],[0,1,0],[99,40,114]]
[[0,0,0],[1,0,0],[0,1,0],[34,113,114]]
[[0,0,0],[1,0,0],[0,1,0],[60,74,114]]
[[0,0,0],[1,0,0],[0,1,0],[56,92,114]]
[[0,0,0],[2,0,0],[0,1,0],[3,55,57]]
[[0,0,0],[1,0,0],[0,1,0],[33,16,114]]
[[0,0,0],[1,0,0],[0,1,0],[64,61,114]]
[[0,0,0],[1,0,0],[0,1,0],[9,46,114]]
[[0,0,0],[1,0,0],[0,1,0],[50,80,114]]
[[0,0,0],[1,0,0],[0,1,0],[56,59,114]]
[[0,0,0],[1,0,0],[0,1,0],[3,73,114]]
[[0,0,0],[1,0,0],[0,1,0],[2,91,114]]
[[0,0,0],[1,0,0],[0,1,0],[75,100,114]]
[[0,0,0],[1,0,0],[0,1,0],[3,61,114]]
[[0,0,0],[1,0,0],[0,1,0],[104,113,114]]
[[0,0,0],[1,0,0],[0,1,0],[40,101,114]]
[[0,0,0],[1,0,0],[0,1,0],[74,74,114]]
[[0,0,0],[1,0,0],[0,2,0],[18,42,57]]
[[0,0,0],[1,0,0],[0,1,0],[53,113,114]]
[[0,0,0],[2,0,0],[0,1,0],[19,20,57]]
[[0,0,0],[1,0,0],[0,1,0],[8,113,114]]
[[0,0,0],[1,0,0],[0,1,0],[14,71,114]]
[[0,0,0],[1,0,0],[0,1,0],[29,113,114]]
[[0,0,0],[1,0,0],[0,1,0],[3,74,114]]
[[0,0,0],[1,0,0],[0,1,0],[33,70,114]]
[[0,0,0],[1,0,0],[0,1,0],[74,47,114]]
[[0,0,0],[1,0,0],[0,1,0],[52,77,114]]
[[0,0,0],[1,0,0],[0,1,0],[111,52,114]]
[[0,0,0],[1,0,0],[0,1,0],[50,50,114]]
[[0,0,0],[1,0,0],[0,1,0],[50,101,114]]
[[0,0,0],[1,0,0],[0,1,0],[9,28,114]]
[[0,0,0],[1,0,0],[0,1,0],[10,23,114]]
[[0,0,0],[1,0,0],[0,1,0],[54,1,114]]
[[0,0,0],[1,0,0],[0,1,0],[63,46,114]]
[[0,0,0],[1,0,0],[0,1,0],[26,113,114]]
[[0,0,0],[1,0,0],[0,1,0],[41,41,114]]
[[0,0,0],[1,0,0],[0,1,0],[9,52,114]]
[[0,0,0],[1,0,0],[0,1,0],[5,43,114]]
[[0,0,0],[1,0,0],[0,1,0],[15,37,114]]
[[0,0,0],[1,0,0],[0,1,0],[111,70,114]]
[[0,0,0],[1,0,0],[0,1,0],[84,88,114]]
[[0,0,0],[1,0,0],[0,1,0],[3,31,114]]
[[0,0,0],[1,0,0],[0,1,0],[21,46,114]]
[[0,0,0],[1,0,0],[0,1,0],[50,98,114]]
[[0,0,0],[1,0,0],[0,1,0],[2,32,114]]
[[0,0,0],[1,0,0],[0,1,0],[50,5,114]]
[[0,0,0],[1,0,0],[0,1,0],[2,35,114]]
[[0,0,0],[1,0,0],[0,1,0],[18,79,114]]
[[0,0,0],[1,0,0],[0,1,0],[32,80,114]]
[[0,0,0],[1,0,0],[0,1,0],[46,101,114]]
[[0,0,0],[1,0,0],[0,1,0],[2,1,114]]
[[0,0,0],[1,0,0],[0,1,0],[8,26,114]]
[[0,0,0],[1,0,0],[0,1,0],[84,37,114]]
[[0,0,0],[2,0,0],[0,1,0],[3,34,57]]
[[0,0,0],[1,0,0],[0,1,0],[20,86,114]]
[[0,0,0],[1,0,0],[0,1,0],[52,82,114]]
[[0,0,0],[1,0,0],[0,1,0],[10,35,114]]
[[0,0,0],[1,0,0],[0,1,0],[93,64,114]]
[[0,0,0],[1,0,0],[0,1,0],[33,46,114]]
[[0,0,0],[1,0,0],[0,1,0],[2,14,114]]
[[0,0,0],[1,0,0],[0,1,0],[69,106,114]]
[[0,0,0],[1,0,0],[0,1,0],[78,56,114]]
[[0,0,0],[1,0,0],[0,1,0],[80,80,114]]
[[0,0,0],[1,0,0],[0,1,0],[51,1,114]]
[[0,0,0],[1,0,0],[0,1,0],[11,47,114]]
[[0,0,0],[1,0,0],[0,1,0],[42,111,114]]
[[0,0,0],[1,0,0],[0,1,0],[10,10,114]]
[[0,0,0],[1,0,0],[0,1,0],[111,94,114]]
[[0,0,0],[1,0,0],[0,1,0],[75,22,114]]
[[0,0,0],[1,0,0],[0,1,0],[13,31,114]]
[[0,0,0],[1,0,0],[0,1,0],[6,103,114]]
[[0,0,0],[1,0,0],[0,1,0],[39,112,114]]
[[0,0,0],[1,0,0],[0,1,0],[111,40,114]]
[[0,0,0],[2,0,0],[0,1,0],[9,1,57]]
[[0,0,0],[1,0,0],[0,1,0],[9,88,114]]
[[0,0,0],[1,0,0],[0,1,0],[18,31,114]]
[[0,0,0],[1,0,0],[0,1,0],[20,67,114]]
[[0,0,0],[1,0,0],[0,1,0],[4,25,114]]
[[0,0,0],[1,0,0],[0,1,0],[27,112,114]]
[[0,0,0],[1,0,0],[0,1,0],[15,16,114]]
[[0,0,0],[1,0,0],[0,1,0],[20,110,114]]
[[0,0,0],[1,0,0],[0,1,0],[99,22,114]]
[[0,0,0],[2,0,0],[0,1,0],[18,34,57]]
[[0,0,0],[1,0,0],[0,1,0],[15,62,114]]
[[0,0,0],[1,0,0],[0,1,0],[69,70,114]]
[[0,0,0],[1,0,0],[0,1,0],[8,43,114]]
[[0,0,0],[1,0,0],[0,1,0],[39,100,114]]
[[0,0,0],[1,0,0],[0,1,0],[27,1,114]]
[[0,0,0],[1,0,0],[0,1,0],[5,77,114]]
[[0,0,0],[1,0,0],[0,1,0],[105,86,114]]
[[0,0,0],[1,0,0],[0,1,0],[2,53,114]]
[[0,0,0],[1,0,0],[0,1,0],[31,65,114]]
[[0,0,0],[1,0,0],[0,1,0],[36,1,114]]
[[0,0,0],[1,0,0],[0,1,0],[62,110,114]]
[[0,0,0],[1,0,0],[0,1,0],[46,77,114]]
[[0,0,0],[1,0,0],[0,1,0],[81,112,114]]
[[0,0,0],[1,0,0],[0,1,0],[58,67,114]]
[[0,0,0],[1,0,0],[0,1,0],[2,73,114]]
[[0,0,0],[1,0,0],[0,1,0],[4,61,114]]
[[0,0,0],[1,0,0],[0,1,0],[17,77,114]]
[[0,0,0],[1,0,0],[0,1,0],[75,40,114]]
[[0,0,0],[1,0,0],[0,1,0],[76,77,114]]
[[0,0,0],[1,0,0],[0,1,0],[8,67,114]]
[[0,0,0],[1,0,0],[0,1,0],[29,41,114]]
[[0,0,0],[1,0,0],[0,1,0],[20,59,114]]
[[0,0,0],[2,0,0],[0,1,0],[18,7,57]]
[[0,0,0],[1,0,0],[0,1,0],[105,22,114]]
[[0,0,0],[1,0,0],[0,1,0],[33,4,114]]
[[0,0,0],[1,0,0],[0,1,0],[69,85,114]]
[[0,0,0],[1,0,0],[0,1,0],[69,64,114]]
[[0,0,0],[1,0,0],[0,1,0],[36,60,114]]
[[0,0,0],[1,0,0],[0,1,0],[80,71,114]]
[[0,0,0],[1,0,0],[0,1,0],[29,89,114]]
[[0,0,0],[2,0,0],[0,1,0],[12,52,57]]
[[0,0,0],[2,0,0],[0,1,0],[24,31,57]]
[[0,0,0],[1,0,0],[0,1,0],[8,104,114]]
[[0,0,0],[1,0,0],[0,1,0],[15,25,114]]
[[0,0,0],[1,0,0],[0,1,0],[111,100,114]]
[[0,0,0],[1,0,0],[0,1,0],[5,41,114]]
[[0,0,0],[1,0,0],[0,1,0],[5,71,114]]
[[0,0,0],[1,0,0],[0,1,0],[27,106,114]]
[[0,0,0],[1,0,0],[0,1,0],[12,7,114]]
[[0,0,0],[1,0,0],[0,1,0],[80,86,114]]
[[0,0,0],[1,0,0],[0,1,0],[14,37,114]]
[[0,0,0],[1,0,0],[0,1,0],[99,92,114]]
[[0,0,0],[1,0,0],[0,1,0],[69,73,114]]
[[0,0,0],[1,0,0],[0,1,0],[12,67,114]]
[[0,0,0],[1,0,0],[0,1,0],[20,11,114]]
[[0,0,0],[1,0,0],[0,1,0],[26,74,114]]
[[0,0,0],[1,0,0],[0,1,0],[81,4,114]]
[[0,0,0],[1,0,0],[0,1,0],[46,88,114]]
[[0,0,0],[1,0,0],[0,1,0],[21,52,114]]
[[0,0,0],[2,0,0],[0,1,0],[15,43,57]]
[[0,0,0],[1,0,0],[0,1,0],[5,49,114]]
[[0,0,0],[1,0,0],[0,1,0],[26,32,114]]
[[0,0,0],[1,0,0],[0,1,0],[18,55,114]]
[[0,0,0],[1,0,0],[0,1,0],[18,59,114]]
[[0,0,0],[1,0,0],[0,1,0],[10,77,114]]
[[0,0,0],[1,0,0],[0,1,0],[15,52,114]]
[[0,0,0],[1,0,0],[0,1,0],[33,22,114]]
[[0,0,0],[1,0,0],[0,1,0],[7,7,114]]
[[0,0,0],[1,0,0],[0,1,0],[92,104,114]]
[[0,0,0],[1,0,0],[0,1,0],[21,4,114]]
[[0,0,0],[1,0,0],[0,1,0],[93,88,114]]
[[0,0,0],[1,0,0],[0,1,0],[20,44,114]]
[[0,0,0],[1,0,0],[0,1,0],[8,83,114]]
[[0,0,0],[1,0,0],[0,1,0],[52,109,114]]
[[0,0,0],[1,0,0],[0,1,0],[34,62,114]]
[[0,0,0],[1,0,0],[0,2,0],[6,9,57]]
[[0,0,0],[1,0,0],[0,1,0],[95,58,114]]
[[0,0,0],[1,0,0],[0,1,0],[111,88,114]]
[[0,0,0],[1,0,0],[0,1,0],[10,17,114]]
[[0,0,0],[1,0,0],[0,1,0],[33,34,114]]
[[0,0,0],[1,0,0],[0,1,0],[4,59,114]]
[[0,0,0],[1,0,0],[0,1,0],[9,85,114]]
[[0,0,0],[1,0,0],[0,1,0],[39,13,114]]
[[0,0,0],[1,0,0],[0,2,0],[51,33,57]]
[[0,0,0],[1,0,0],[0,1,0],[99,112,114]]
[[0,0,0],[1,0,0],[0,1,0],[105,105,114]]
[[0,0,0],[1,0,0],[0,1,0],[20,74,114]]
[[0,0,0],[1,0,0],[0,1,0],[16,71,114]]
[[0,0,0],[1,0,0],[0,1,0],[8,50,114]]
[[0,0,0],[1,0,0],[0,1,0],[12,8,114]]
[[0,0,0],[1,0,0],[0,1,0],[48,109,114]]
[[0,0,0],[1,0,0],[0,1,0],[9,97,114]]
[[0,0,0],[1,0,0],[0,1,0],[14,47,114]]
[[0,0,0],[1,0,0],[0,1,0],[33,63,114]]
[[0,0,0],[1,0,0],[0,1,0],[20,107,114]]
[[0,0,0],[1,0,0],[0,1,0],[30,9,114]]
[[0,0,0],[1,0,0],[0,1,0],[62,47,114]]
[[0,0,0],[1,0,0],[0,1,0],[52,7,114]]
[[0,0,0],[1,0,0],[0,1,0],[5,53,114]]
[[0,0,0],[1,0,0],[0,1,0],[46,85,114]]
[[0,0,0],[1,0,0],[0,1,0],[32,98,114]]
[[0,0,0],[1,0,0],[0,1,0],[8,86,114]]
[[0,0,0],[1,0,0],[0,1,0],[46,73,114]]
[[0,0,0],[2,0,0],[0,1,0],[21,28,57]]
[[0,0,0],[1,0,0],[0,1,0],[21,97,114]]
[[0,0,0],[1,0,0],[0,1,0],[14,32,114]]
[[0,0,0],[1,0,0],[0,1,0],[20,62,114]]
[[0,0,0],[1,0,0],[0,1,0],[39,37,114]]
[[0,0,0],[1,0,0],[0,1,0],[43,77,114]]
[[0,0,0],[1,0,0],[0,1,0],[56,1,114]]
[[0,0,0],[1,0,0],[0,1,0],[28,31,114]]
[[0,0,0],[2,0,0],[0,1,0],[6,40,57]]
[[0,0,0],[1,0,0],[0,1,0],[50,56,114]]
[[0,0,0],[1,0,0],[0,1,0],[87,4,114]]
[[0,0,0],[1,0,0],[0,1,0],[80,110,114]]
[[0,0,0],[1,0,0],[0,1,0],[99,94,114]]
[[0,0,0],[1,0,0],[0,1,0],[50,67,114]]
[[0,0,0],[1,0,0],[0,1,0],[28,89,114]]
[[0,0,0],[1,0,0],[0,1,0],[7,25,114]]
[[0,0,0],[1,0,0],[0,1,0],[48,48,114]]
[[0,0,0],[1,0,0],[0,1,0],[50,62,114]]
[[0,0,0],[1,0,0],[0,1,0],[14,92,114]]
[[0,0,0],[1,0,0],[0,1,0],[27,10,114]]
[[0,0,0],[1,0,0],[0,1,0],[9,13,114]]
[[0,0,0],[1,0,0],[0,1,0],[26,7,114]]
[[0,0,0],[1,0,0],[0,1,0],[14,110,114]]
[[0,0,0],[1,0,0],[0,1,0],[74,98,114]]
[[0,0,0],[2,0,0],[0,1,0],[3,46,57]]
[[0,0,0],[1,0,0],[0,1,0],[9,1,114]]
[[0,0,0],[1,0,0],[0,1,0],[93,94,114]]
[[0,0,0],[1,0,0],[0,1,0],[10,85,114]]
[[0,0,0],[1,0,0],[0,1,0],[9,70,114]]
[[0,0,0],[1,0,0],[0,1,0],[6,43,114]]
[[0,0,0],[1,0,0],[0,1,0],[22,17,114]]
[[0,0,0],[1,0,0],[0,1,0],[27,94,114]]
[[0,0,0],[1,0,0],[0,1,0],[62,29,114]]
[[0,0,0],[1,0,0],[0,1,0],[51,52,114]]
[[0,0,0],[1,0,0],[0,1,0],[10,25,114]]
[[0,0,0],[1,0,0],[0,1,0],[69,4,114]]
[[0,0,0],[1,0,0],[0,1,0],[8,71,114]]
[[0,0,0],[1,0,0],[0,1,0],[26,70,114]]
[[0,0,0],[1,0,0],[0,1,0],[4,23,114]]
[[0,0,0],[1,0,0],[0,1,0],[54,7,114]]
[[0,0,0],[1,0,0],[0,1,0],[56,61,114]]
[[0,0,0],[1,0,0],[0,1,0],[51,64,114]]
[[0,0,0],[1,0,0],[0,1,0],[6,73,114]]
[[0,0,0],[1,0,0],[0,1,0],[4,5,114]]
[[0,0,0],[1,0,0],[0,1,0],[4,103,114]]
[[0,0,0],[1,0,0],[0,1,0],[22,41,114]]
[[0,0,0],[1,0,0],[0,1,0],[15,1,114]]
[[0,0,0],[3,0,0],[0,1,0],[19,20,38]]
[[0,0,0],[1,0,0],[0,1,0],[63,94,114]]
[[0,0,0],[1,0,0],[0,1,0],[17,31,114]]
[[0,0,0],[1,0,0],[0,1,0],[8,35,114]]
[[0,0,0],[1,0,0],[0,1,0],[44,104,114]]
[[0,0,0],[1,0,0],[0,1,0],[9,25,114]]
[[0,0,0],[1,0,0],[0,1,0],[81,52,114]]
[[0,0,0],[1,0,0],[0,1,0],[24,61,114]]
[[0,0,0],[1,0,0],[0,1,0],[10,37,114]]
[[0,0,0],[1,0,0],[0,1,0],[68,113,114]]
[[0,0,0],[1,0,0],[0,1,0],[40,97,114]]
[[0,0,0],[1,0,0],[0,1,0],[22,5,114]]
[[0,0,0],[1,0,0],[0,1,0],[34,43,114]]
[[0,0,0],[1,0,0],[0,1,0],[105,52,114]]
[[0,0,0],[1,0,0],[0,1,0],[33,44,114]]
[[0,0,0],[1,0,0],[0,1,0],[21,7,114]]
[[0,0,0],[1,0,0],[0,1,0],[56,80,114]]
[[0,0,0],[1,0,0],[0,1,0],[8,98,114]]
[[0,0,0],[1,0,0],[0,1,0],[32,104,114]]
[[0,0,0],[1,0,0],[0,1,0],[15,79,114]]
[[0,0,0],[1,0,0],[0,1,0],[44,50,114]]
[[0,0,0],[1,0,0],[0,1,0],[2,7,114]]
[[0,0,0],[1,0,0],[0,1,0],[27,28,114]]
[[0,0,0],[1,0,0],[0,1,0],[14,1,114]]
[[0,0,0],[1,0,0],[0,1,0],[21,106,114]]
[[0,0,0],[1,0,0],[0,1,0],[42,54,114]]
[[0,0,0],[2,0,0],[0,1,0],[3,47,57]]
[[0,0,0],[1,0,0],[0,1,0],[42,85,114]]
[[0,0,0],[1,0,0],[0,1,0],[80,61,114]]
[[0,0,0],[2,0,0],[0,1,0],[3,1,57]]
[[0,0,0],[1,0,0],[0,1,0],[14,79,114]]
[[0,0,0],[1,0,0],[0,1,0],[15,55,114]]
[[0,0,0],[1,0,0],[0,1,0],[5,29,114]]
[[0,0,0],[1,0,0],[0,1,0],[93,37,114]]
[[0,0,0],[1,0,0],[0,1,0],[21,25,114]]
[[0,0,0],[1,0,0],[0,1,0],[99,28,114]]
[[0,0,0],[1,0,0],[0,1,0],[67,67,114]]
[[0,0,0],[1,0,0],[0,1,0],[18,7,114]]
[[0,0,0],[1,0,0],[0,1,0],[44,11,114]]
[[0,0,0],[1,0,0],[0,1,0],[16,80,114]]
[[0,0,0],[1,0,0],[0,1,0],[5,101,114]]
[[0,0,0],[1,0,0],[0,1,0],[33,94,114]]
[[0,0,0],[1,0,0],[0,1,0],[76,96,114]]
[[0,0,0],[1,0,0],[0,1,0],[1,43,114]]
[[0,0,0],[1,0,0],[0,1,0],[2,11,114]]
[[0,0,0],[1,0,0],[0,1,0],[34,103,114]]
[[0,0,0],[1,0,0],[0,1,0],[44,25,114]]
[[0,0,0],[1,0,0],[0,1,0],[8,101,114]]
[[0,0,0],[1,0,0],[0,1,0],[34,107,114]]
[[0,0,0],[1,0,0],[0,1,0],[8,80,114]]
[[0,0,0],[2,0,0],[0,1,0],[6,7,57]]
[[0,0,0],[1,0,0],[0,1,0],[13,35,114]]
[[0,0,0],[1,0,0],[0,1,0],[2,25,114]]
[[0,0,0],[1,0,0],[0,1,0],[24,1,114]]
[[0,0,0],[1,0,0],[0,1,0],[15,46,114]]
[[0,0,0],[1,0,0],[0,1,0],[111,22,114]]
[[0,0,0],[1,0,0],[0,1,0],[6,7,114]]
[[0,0,0],[1,0,0],[0,1,0],[26,65,114]]
[[0,0,0],[2,0,0],[0,1,0],[6,16,57]]
[[0,0,0],[1,0,0],[1,2,0],[39,33,57]]
[[0,0,0],[2,0,0],[0,1,0],[3,25,57]]
[[0,0,0],[1,0,0],[0,1,0],[69,16,114]]
[[0,0,0],[1,0,0],[0,1,0],[45,4,114]]
[[0,0,0],[1,0,0],[0,1,0],[26,1,114]]
[[0,0,0],[1,0,0],[0,1,0],[63,40,114]]
[[0,0,0],[1,0,0],[0,1,0],[64,89,114]]
[[0,0,0],[1,0,0],[0,1,0],[111,4,114]]
[[0,0,0],[1,0,0],[0,1,0],[3,70,114]]
[[0,0,0],[1,0,0],[0,1,0],[93,70,114]]
[[0,0,0],[1,0,0],[0,1,0],[68,104,114]]
[[0,0,0],[1,0,0],[0,1,0],[12,49,114]]
[[0,0,0],[1,0,0],[0,1,0],[5,59,114]]
[[0,0,0],[1,0,0],[0,1,0],[8,37,114]]
[[0,0,0],[1,0,0],[0,2,0],[36,6,57]]
[[0,0,0],[1,0,0],[0,1,0],[87,94,114]]
[[0,0,0],[1,0,0],[0,1,0],[75,2,114]]
[[0,0,0],[1,0,0],[0,1,0],[2,13,114]]
[[0,0,0],[1,0,0],[0,1,0],[9,100,114]]
[[0,0,0],[1,0,0],[1,2,0],[39,39,57]]
[[0,0,0],[1,0,0],[0,1,0],[27,31,114]]
[[0,0,0],[1,0,0],[0,1,0],[111,82,114]]
[[0,0,0],[1,0,0],[0,1,0],[42,7,114]]
[[0,0,0],[1,0,0],[0,1,0],[9,79,114]]
[[0,0,0],[2,0,0],[0,1,0],[3,4,57]]
[[0,0,0],[1,0,0],[0,1,0],[32,89,114]]
[[0,0,0],[1,0,0],[0,1,0],[27,16,114]]
[[0,0,0],[1,0,0],[0,1,0],[20,25,114]]
[[0,0,0],[1,0,0],[0,1,0],[2,56,114]]
[[0,0,0],[2,0,0],[0,1,0],[21,34,57]]
[[0,0,0],[1,0,0],[0,1,0],[4,41,114]]
[[0,0,0],[1,0,0],[0,1,0],[21,13,114]]
[[0,0,0],[1,0,0],[0,1,0],[10,7,114]]
[[0,0,0],[1,0,0],[0,1,0],[92,23,114]]
[[0,0,0],[1,0,0],[0,1,0],[14,109,114]]
[[0,0,0],[1,0,0],[0,1,0],[87,52,114]]
[[0,0,0],[1,0,0],[0,1,0],[5,65,114]]
[[0,0,0],[1,0,0],[0,1,0],[26,83,114]]
[[0,0,0],[1,0,0],[0,1,0],[3,94,114]]
[[0,0,0],[1,0,0],[0,1,0],[4,7,114]]
[[0,0,0],[1,0,0],[0,1,0],[87,37,114]]
[[0,0,0],[1,0,0],[0,1,0],[111,58,114]]
[[0,0,0],[1,0,0],[0,1,0],[34,100,114]]
[[0,0,0],[1,0,0],[0,1,0],[1,1,114]]
[[0,0,0],[1,0,0],[0,1,0],[2,77,114]]
[[0,0,0],[2,0,0],[0,1,0],[3,16,57]]
[[0,0,0],[1,0,0],[0,1,0],[44,101,114]]
[[0,0,0],[2,0,0],[0,1,0],[12,13,57]]
[[0,0,0],[2,0,0],[0,1,0],[12,40,57]]
[[0,0,0],[1,0,0],[0,1,0],[33,112,114]]
[[0,0,0],[1,0,0],[0,1,0],[75,58,114]]
[[0,0,0],[1,0,0],[0,1,0],[28,103,114]]
[[0,0,0],[1,0,0],[0,1,0],[8,74,114]]
[[0,0,0],[1,0,0],[0,1,0],[14,89,114]]
[[0,0,0],[1,0,0],[0,1,0],[11,43,114]]
[[0,0,0],[1,0,0],[0,1,0],[62,107,114]]
[[0,0,0],[1,0,0],[0,1,0],[68,35,114]]
[[0,0,0],[1,0,0],[0,1,0],[3,25,114]]
[[0,0,0],[1,0,0],[0,1,0],[40,85,114]]
[[0,0,0],[1,0,0],[0,1,0],[10,5,114]]
[[0,0,0],[1,0,0],[0,1,0],[4,79,114]]
[[0,0,0],[1,0,0],[0,1,0],[20,89,114]]
[[0,0,0],[1,0,0],[0,1,0],[11,35,114]]
[[0,0,0],[1,0,0],[0,1,0],[8,17,114]]
[[0,0,0],[1,0,0],[0,1,0],[14,50,114]]
[[0,0,0],[1,0,0],[0,1,0],[16,23,114]]
[[0,0,0],[1,0,0],[0,1,0],[14,59,114]]
[[0,0,0],[1,0,0],[0,1,0],[56,47,114]]
[[0,0,0],[1,0,0],[0,1,0],[20,20,114]]
[[0,0,0],[1,0,0],[0,1,0],[17,107,114]]
[[0,0,0],[1,0,0],[0,1,0],[2,103,114]]
[[0,0,0],[1,0,0],[0,1,0],[33,37,114]]
[[0,0,0],[1,0,0],[0,1,0],[4,13,114]]
[[0,0,0],[1,0,0],[0,1,0],[3,37,114]]
[[0,0,0],[1,0,0],[0,1,0],[10,31,114]]
[[0,0,0],[1,0,0],[0,1,0],[26,55,114]]
[[0,0,0],[1,0,0],[0,1,0],[44,62,114]]
[[0,0,0],[1,0,0],[0,1,0],[4,43,114]]
[[0,0,0],[2,0,0],[0,1,0],[36,40,57]]
[[0,0,0],[1,0,0],[0,1,0],[90,37,114]]
[[0,0,0],[1,0,0],[0,1,0],[26,89,114]]
[[0,0,0],[1,0,0],[0,1,0],[21,56,114]]
[[0,0,0],[1,0,0],[0,1,0],[8,85,114]]
[[0,0,0],[1,0,0],[0,1,0],[27,55,114]]
[[0,0,0],[1,0,0],[0,1,0],[33,52,114]]
[[0,0,0],[1,0,0],[0,2,0],[9,3,57]]
[[0,0,0],[1,0,0],[0,1,0],[26,41,114]]
[[0,0,0],[1,0,0],[0,1,0],[48,103,114]]
[[0,0,0],[1,0,0],[0,1,0],[2,86,114]]
[[0,0,0],[1,0,0],[0,1,0],[1,5,114]]
[[0,0,0],[1,0,0],[0,1,0],[86,92,114]]
[[0,0,0],[1,0,0],[0,1,0],[36,22,114]]
[[0,0,0],[3,0,0],[0,1,0],[0,1,38]]
[[0,0,0],[2,0,0],[0,1,0],[3,22,57]]
[[0,0,0],[1,0,0],[0,1,0],[4,91,114]]
[[0,0,0],[2,0,0],[0,1,0],[24,8,57]]
[[0,0,0],[1,0,0],[0,1,0],[69,34,114]]
[[0,0,0],[1,0,0],[0,1,0],[22,109,114]]
[[0,0,0],[1,0,0],[0,1,0],[20,35,114]]
[[0,0,0],[1,0,0],[0,2,0],[48,39,57]]
[[0,0,0],[1,0,0],[0,1,0],[32,1,114]]
[[0,0,0],[1,0,0],[0,1,0],[105,112,114]]
[[0,0,0],[1,0,0],[0,1,0],[13,103,114]]
[[0,0,0],[1,0,0],[0,1,0],[33,49,114]]
[[0,0,0],[1,0,0],[0,1,0],[10,65,114]]
[[0,0,0],[1,0,0],[0,1,0],[15,31,114]]
[[0,0,0],[1,0,0],[0,1,0],[45,112,114]]
[[0,0,0],[1,0,0],[0,1,0],[9,31,114]]
[[0,0,0],[1,0,0],[0,1,0],[74,113,114]]
[[0,0,0],[1,0,0],[0,1,0],[4,37,114]]
[[0,0,0],[1,0,0],[0,1,0],[20,50,114]]
[[0,0,0],[1,0,0],[0,1,0],[14,82,114]]
[[0,0,0],[1,0,0],[0,1,0],[21,37,114]]
[[0,0,0],[1,0,0],[0,1,0],[69,22,114]]
[[0,0,0],[1,0,0],[0,1,0],[11,25,114]]
[[0,0,0],[1,0,0],[0,1,0],[27,107,114]]
[[0,0,0],[1,0,0],[0,1,0],[10,43,114]]
[[0,0,0],[1,0,0],[0,1,0],[51,16,114]]
[[0,0,0],[1,0,0],[0,1,0],[78,113,114]]
[[0,0,0],[1,0,0],[0,1,0],[28,113,114]]
[[0,0,0],[2,0,0],[0,1,0],[6,28,57]]
[[0,0,0],[1,0,0],[0,1,0],[34,91,114]]
[[0,0,0],[2,0,0],[0,1,0],[9,25,57]]
[[0,0,0],[1,0,0],[0,1,0],[64,70,114]]
[[0,0,0],[1,0,0],[0,1,0],[50,110,114]]
[[0,0,0],[1,0,0],[0,1,0],[44,65,114]]
[[0,0,0],[1,0,0],[0,1,0],[105,88,114]]
[[0,0,0],[1,0,0],[0,1,0],[41,71,114]]
[[0,0,0],[1,0,0],[0,1,0],[21,22,114]]
[[0,0,0],[1,0,0],[0,1,0],[62,91,114]]
[[0,0,0],[1,0,0],[0,1,0],[4,73,114]]
[[0,0,0],[1,0,0],[0,1,0],[4,17,114]]
[[0,0,0],[1,0,0],[0,1,0],[20,101,114]]
[[0,0,0],[1,0,0],[0,1,0],[27,34,114]]
[[0,0,0],[1,0,0],[0,1,0],[51,67,114]]
[[0,0,0],[1,0,0],[0,1,0],[6,52,114]]
[[0,0,0],[1,0,0],[0,1,0],[12,1,114]]
[[0,0,0],[1,0,0],[0,1,0],[38,39,114]]
[[0,0,0],[1,0,0],[0,1,0],[9,43,114]]
[[0,0,0],[1,0,0],[0,1,0],[68,74,114]]
[[0,0,0],[1,0,0],[0,1,0],[8,56,114]]
[[0,0,0],[2,0,0],[0,1,0],[9,4,57]]
[[0,0,0],[1,0,0],[0,1,0],[33,25,114]]
[[0,0,0],[1,0,0],[0,1,0],[32,65,114]]
[[0,0,0],[1,0,0],[0,1,0],[12,73,114]]
[[0,0,0],[1,0,0],[0,1,0],[54,80,114]]
[[0,0,0],[1,0,0],[0,1,0],[18,78,114]]
[[0,0,0],[1,0,0],[0,1,0],[22,101,114]]
[[0,0,0],[1,0,0],[0,1,0],[20,43,114]]
[[0,0,0],[1,0,0],[0,1,0],[63,10,114]]
[[0,0,0],[1,0,0],[0,1,0],[15,34,114]]
[[0,0,0],[1,0,0],[0,1,0],[4,89,114]]
[[0,0,0],[1,0,0],[0,1,0],[88,47,114]]
[[0,0,0],[2,0,0],[0,1,0],[18,49,57]]
[[0,0,0],[1,0,0],[0,1,0],[104,83,114]]
[[0,0,0],[1,0,0],[0,1,0],[51,13,114]]
[[0,0,0],[1,0,0],[0,1,0],[95,77,114]]
[[0,0,0],[1,0,0],[0,1,0],[8,5,114]]
[[0,0,0],[1,0,0],[0,1,0],[18,67,114]]
[[0,0,0],[1,0,0],[0,1,0],[99,111,114]]
[[0,0,0],[1,0,0],[0,1,0],[9,87,114]]
[[0,0,0],[1,0,0],[0,1,0],[86,98,114]]
[[0,0,0],[2,0,0],[0,1,0],[9,10,57]]
[[0,0,0],[1,0,0],[0,1,0],[15,94,114]]
[[0,0,0],[1,0,0],[0,1,0],[7,17,114]]
[[0,0,0],[1,0,0],[0,1,0],[64,77,114]]
[[0,0,0],[1,0,0],[0,1,0],[27,64,114]]
[[0,0,0],[1,0,0],[0,1,0],[2,98,114]]
[[0,0,0],[1,0,0],[0,1,0],[44,59,114]]
[[0,0,0],[1,0,0],[0,1,0],[93,46,114]]
[[0,0,0],[1,0,0],[0,1,0],[2,41,114]]
[[0,0,0],[1,0,0],[0,1,0],[34,89,114]]
[[0,0,0],[1,0,0],[0,1,0],[17,47,114]]
[[0,0,0],[1,0,0],[0,1,0],[2,104,114]]
[[0,0,0],[1,0,0],[0,1,0],[90,63,114]]
[[0,0,0],[1,0,0],[0,1,0],[39,34,114]]
[[0,0,0],[1,0,0],[0,1,0],[3,49,114]]
[[0,0,0],[1,0,0],[0,1,0],[52,113,114]]
[[0,0,0],[1,0,0],[0,1,0],[2,89,114]]
[[0,0,0],[1,0,0],[0,1,0],[44,71,114]]
[[0,0,0],[1,0,0],[0,1,0],[22,11,114]]
[[0,0,0],[1,0,0],[0,1,0],[14,14,114]]
[[0,0,0],[1,0,0],[0,1,0],[51,34,114]]
[[0,0,0],[1,0,0],[0,1,0],[29,53,114]]
[[0,0,0],[1,0,0],[0,1,0],[15,85,114]]
[[0,0,0],[1,0,0],[0,1,0],[87,100,114]]
[[0,0,0],[1,0,0],[0,1,0],[69,100,114]]
[[0,0,0],[1,0,0],[0,1,0],[15,5,114]]
[[0,0,0],[1,0,0],[0,1,0],[16,47,114]]
[[0,0,0],[1,0,0],[0,1,0],[15,61,114]]
[[0,0,0],[2,0,0],[0,1,0],[6,37,57]]
[[0,0,0],[1,0,0],[0,1,0],[48,105,114]]
[[0,0,0],[1,0,0],[0,1,0],[2,37,114]]
[[0,0,0],[1,0,0],[0,1,0],[74,23,114]]
[[0,0,0],[1,0,0],[0,1,0],[8,107,114]]
[[0,0,0],[1,0,0],[0,1,0],[2,71,114]]
[[0,0,0],[1,0,0],[0,1,0],[9,10,114]]
[[0,0,0],[1,0,0],[0,1,0],[22,112,114]]
[[0,0,0],[1,0,0],[0,1,0],[51,10,114]]
[[0,0,0],[6,0,0],[0,1,0],[0,1,19]]
[[0,0,0],[1,0,0],[0,1,0],[24,31,114]]
[[0,0,0],[1,0,0],[0,1,0],[16,17,114]]
[[0,0,0],[1,0,0],[0,1,0],[93,22,114]]
[[0,0,0],[1,0,0],[0,1,0],[21,43,114]]
[[0,0,0],[1,0,0],[0,1,0],[20,37,114]]
[[0,0,0],[1,0,0],[0,1,0],[27,37,114]]
[[0,0,0],[1,0,0],[0,1,0],[45,52,114]]
[[0,0,0],[1,0,0],[0,1,0],[8,41,114]]
[[0,0,0],[1,0,0],[0,1,0],[63,4,114]]
[[0,0,0],[1,0,0],[0,1,0],[44,107,114]]
[[0,0,0],[1,0,0],[0,1,0],[2,2,114]]
[[0,0,0],[1,0,0],[0,1,0],[68,98,114]]
[[0,0,0],[1,0,0],[0,1,0],[111,112,114]]
[[0,0,0],[1,0,0],[0,1,0],[70,7,114]]
[[0,0,0],[1,0,0],[0,1,0],[87,28,114]]
[[0,0,0],[1,0,0],[0,1,0],[80,92,114]]
[[0,0,0],[1,0,0],[0,1,0],[21,49,114]]
[[0,0,0],[1,0,0],[0,1,0],[1,17,114]]
[[0,0,0],[1,0,0],[0,1,0],[69,82,114]]
[[0,0,0],[1,0,0],[0,1,0],[26,110,114]]
[[0,0,0],[1,0,0],[0,1,0],[33,40,114]]
[[0,0,0],[1,0,0],[0,1,0],[81,58,114]]
[[0,0,0],[1,0,0],[0,1,0],[58,65,114]]
[[0,0,0],[1,0,0],[0,1,0],[99,88,114]]
[[0,0,0],[1,0,0],[0,1,0],[6,79,114]]
[[0,0,0],[1,0,0],[0,1,0],[9,67,114]]
[[0,0,0],[1,0,0],[1,2,0],[20,21,57]]
[[0,0,0],[2,0,0],[0,1,0],[27,1,57]]
[[0,0,0],[1,0,0],[0,1,0],[5,5,114]]
[[0,0,0],[1,0,0],[0,1,0],[27,4,114]]
[[0,0,0],[1,0,0],[0,2,0],[42,51,57]]
[[0,0,0],[1,0,0],[0,1,0],[111,80,114]]
[[0,0,0],[1,0,0],[0,1,0],[30,103,114]]
[[0,0,0],[1,0,0],[0,1,0],[66,49,114]]
[[0,0,0],[1,0,0],[0,1,0],[63,58,114]]
[[0,0,0],[1,0,0],[0,1,0],[12,27,114]]
[[0,0,0],[1,0,0],[0,1,0],[32,35,114]]
[[0,0,0],[1,0,0],[0,1,0],[105,46,114]]
[[0,0,0],[1,0,0],[0,1,0],[20,113,114]]
[[0,0,0],[1,0,0],[0,1,0],[19,77,114]]
[[0,0,0],[1,0,0],[0,1,0],[51,112,114]]
[[0,0,0],[1,0,0],[0,1,0],[113,113,114]]
[[0,0,0],[1,0,0],[0,1,0],[45,7,114]]
[[0,0,0],[1,0,0],[0,1,0],[2,50,114]]
[[0,0,0],[1,0,0],[0,1,0],[102,32,114]]
[[0,0,0],[1,0,0],[0,1,0],[52,85,114]]
[[0,0,0],[1,0,0],[0,1,0],[32,32,114]]
[[0,0,0],[1,0,0],[0,1,0],[81,106,114]]
[[0,0,0],[1,0,0],[0,1,0],[11,71,114]]
[[0,0,0],[1,0,0],[0,1,0],[75,59,114]]
[[0,0,0],[1,0,0],[0,1,0],[48,85,114]]
[[0,0,0],[1,0,0],[0,1,0],[4,113,114]]
[[0,0,0],[1,0,0],[0,1,0],[6,85,114]]
[[0,0,0],[1,0,0],[0,1,0],[3,4,114]]
[[0,0,0],[1,0,0],[0,1,0],[21,112,114]]
[[0,0,0],[1,0,0],[0,1,0],[29,35,114]]
[[0,0,0],[1,0,0],[0,1,0],[2,44,114]]
[[0,0,0],[1,0,0],[0,1,0],[98,113,114]]
[[0,0,0],[1,0,0],[0,1,0],[56,56,114]]
[[0,0,0],[1,0,0],[0,1,0],[17,113,114]]
[[0,0,0],[1,0,0],[0,1,0],[21,100,114]]
[[0,0,0],[1,0,0],[0,1,0],[99,106,114]]
[[0,0,0],[1,0,0],[0,1,0],[19,39,114]]
[[0,0,0],[1,0,0],[0,1,0],[27,22,114]]
[[0,0,0],[1,0,0],[0,1,0],[63,70,114]]
[[0,0,0],[1,0,0],[0,1,0],[33,82,114]]
[[0,0,0],[1,0,0],[0,1,0],[16,61,114]]
[[0,0,0],[1,0,0],[0,1,0],[68,53,114]]
[[0,0,0],[1,0,0],[0,1,0],[99,16,114]]
[[0,0,0],[1,0,0],[0,1,0],[26,109,114]]
[[0,0,0],[1,0,0],[0,1,0],[78,94,114]]
[[0,0,0],[1,0,0],[0,1,0],[18,25,114]]
[[0,0,0],[1,0,0],[0,1,0],[102,51,114]]
[[0,0,0],[1,0,0],[0,1,0],[52,25,114]]
[[0,0,0],[1,0,0],[0,1,0],[22,49,114]]
[[0,0,0],[1,0,0],[0,1,0],[8,89,114]]
[[0,0,0],[1,0,0],[0,1,0],[3,46,114]]
[[0,0,0],[1,0,0],[0,1,0],[14,103,114]]
[[0,0,0],[1,0,0],[0,1,0],[15,112,114]]
[[0,0,0],[1,0,0],[0,1,0],[32,17,114]]
[[0,0,0],[1,0,0],[0,1,0],[17,43,114]]
[[0,0,0],[1,0,0],[0,1,0],[90,82,114]]
[[0,0,0],[1,0,0],[0,1,0],[111,46,114]]
[[0,0,0],[1,0,0],[0,1,0],[10,47,114]]
[[0,0,0],[1,0,0],[0,1,0],[27,40,114]]
[[0,0,0],[1,0,0],[0,1,0],[7,13,114]]
[[0,0,0],[1,0,0],[0,1,0],[68,29,114]]
[[0,0,0],[1,0,0],[0,1,0],[75,46,114]]
[[0,0,0],[2,0,0],[0,1,0],[9,34,57]]
[[0,0,0],[1,0,0],[0,1,0],[15,64,114]]
[[0,0,0],[1,0,0],[0,1,0],[69,46,114]]
[[0,0,0],[2,0,0],[0,1,0],[3,43,57]]
[[0,0,0],[1,0,0],[0,1,0],[51,4,114]]
[[0,0,0],[1,0,0],[0,1,0],[8,61,114]]
[[0,0,0],[1,0,0],[0,1,0],[3,85,114]]
[[0,0,0],[1,0,0],[0,1,0],[64,13,114]]
[[0,0,0],[1,0,0],[0,1,0],[51,88,114]]
[[0,0,0],[1,0,0],[0,1,0],[4,53,114]]
[[0,0,0],[1,0,0],[0,2,0],[19,21,57]]
[[0,0,0],[1,0,0],[0,1,0],[56,101,114]]
[[0,0,0],[1,0,0],[0,1,0],[87,104,114]]
[[0,0,0],[1,0,0],[0,1,0],[72,81,114]]
[[0,0,0],[1,0,0],[0,1,0],[6,1,114]]
[[0,0,0],[1,0,0],[0,1,0],[8,29,114]]
[[0,0,0],[1,0,0],[0,1,0],[9,49,114]]
[[0,0,0],[1,0,0],[0,1,0],[26,98,114]]
[[0,0,0],[1,0,0],[0,1,0],[2,62,114]]
[[0,0,0],[1,0,0],[0,1,0],[26,59,114]]
[[0,0,0],[1,0,0],[0,1,0],[92,89,114]]
[[0,0,0],[1,0,0],[0,1,0],[30,55,114]]
[[0,0,0],[1,0,0],[0,1,0],[26,56,114]]
[[0,0,0],[1,0,0],[0,1,0],[50,74,114]]
[[0,0,0],[1,0,0],[0,1,0],[40,1,114]]
[[0,0,0],[1,0,0],[0,1,0],[3,28,114]]
[[0,0,0],[2,0,0],[0,1,0],[18,28,57]]
[[0,0,0],[1,0,0],[0,1,0],[51,40,114]]
[[0,0,0],[1,0,0],[0,1,0],[74,29,114]]
[[0,0,0],[2,0,0],[0,1,0],[15,1,57]]
[[0,0,0],[1,0,0],[0,1,0],[87,46,114]]
[[0,0,0],[1,0,0],[0,1,0],[45,10,114]]
[[0,0,0],[1,0,0],[0,1,0],[2,26,114]]
[[0,0,0],[1,0,0],[0,1,0],[24,67,114]]
[[0,0,0],[1,0,0],[0,1,0],[2,31,114]]
[[0,0,0],[1,0,0],[0,1,0],[15,103,114]]
[[0,0,0],[1,0,0],[0,1,0],[95,96,114]]
[[0,0,0],[1,0,0],[0,1,0],[99,82,114]]
[[0,0,0],[2,0,0],[0,1,0],[9,40,57]]
[[0,0,0],[1,0,0],[0,1,0],[98,98,114]]
[[0,0,0],[1,0,0],[0,1,0],[45,82,114]]
[[0,0,0],[1,0,0],[0,1,0],[25,71,114]]
[[0,0,0],[1,0,0],[0,1,0],[6,109,114]]
[[0,0,0],[1,0,0],[0,1,0],[22,65,114]]
[[0,0,0],[1,0,0],[0,1,0],[24,13,114]]
[[0,0,0],[1,0,0],[0,1,0],[3,34,114]]
[[0,0,0],[1,0,0],[0,1,0],[11,53,114]]
[[0,0,0],[1,0,0],[0,1,0],[28,53,114]]
[[0,0,0],[1,0,0],[0,1,0],[16,79,114]]
[[0,0,0],[1,0,0],[0,1,0],[33,97,114]]
[[0,0,0],[1,0,0],[0,1,0],[16,29,114]]
[[0,0,0],[1,0,0],[0,1,0],[4,77,114]]
[[0,0,0],[1,0,0],[0,1,0],[62,97,114]]
[[0,0,0],[1,0,0],[0,1,0],[8,62,114]]
[[0,0,0],[1,0,0],[0,1,0],[72,100,114]]
[[0,0,0],[1,0,0],[0,1,0],[8,68,114]]
[[0,0,0],[2,0,0],[0,1,0],[3,52,57]]
[[0,0,0],[1,0,0],[0,1,0],[45,51,114]]
[[0,0,0],[1,0,0],[0,1,0],[6,13,114]]
[[0,0,0],[1,0,0],[0,1,0],[33,10,114]]
[[0,0,0],[1,0,0],[0,1,0],[74,107,114]]
[[0,0,0],[1,0,0],[0,1,0],[58,91,114]]
[[0,0,0],[1,0,0],[0,1,0],[56,74,114]]
[[0,0,0],[1,0,0],[0,2,0],[24,30,57]]
[[0,0,0],[1,0,0],[0,1,0],[22,113,114]]
[[0,0,0],[1,0,0],[0,1,0],[60,112,114]]
[[0,0,0],[1,0,0],[0,1,0],[13,107,114]]
[[0,0,0],[1,0,0],[0,1,0],[86,113,114]]
[[0,0,0],[1,0,0],[0,1,0],[44,113,114]]
[[0,0,0],[1,0,0],[0,1,0],[8,110,114]]
[[0,0,0],[1,0,0],[0,1,0],[60,93,114]]
[[0,0,0],[1,0,0],[0,1,0],[87,64,114]]
[[0,0,0],[1,0,0],[0,1,0],[13,37,114]]
[[0,0,0],[1,0,0],[0,1,0],[29,65,114]]
[[0,0,0],[1,0,0],[0,1,0],[10,89,114]]
[[0,0,0],[1,0,0],[0,1,0],[10,55,114]]
[[0,0,0],[1,0,0],[0,1,0],[11,85,114]]
[[0,0,0],[1,0,0],[0,1,0],[22,55,114]]
[[0,0,0],[1,0,0],[0,1,0],[48,1,114]]
[[0,0,0],[1,0,0],[0,1,0],[2,59,114]]
[[0,0,0],[1,0,0],[0,1,0],[27,61,114]]
[[0,0,0],[1,0,0],[0,1,0],[41,113,114]]
[[0,0,0],[1,0,0],[1,2,0],[39,36,57]]
[[0,0,0],[2,0,0],[0,1,0],[9,43,57]]
[[0,0,0],[1,0,0],[0,1,0],[3,55,114]]
[[0,0,0],[1,0,0],[0,1,0],[2,113,114]]
[[0,0,0],[1,0,0],[0,1,0],[40,35,114]]
[[0,0,0],[1,0,0],[0,1,0],[87,106,114]]
[[0,0,0],[1,0,0],[0,1,0],[27,100,114]]
[[0,0,0],[1,0,0],[0,1,0],[5,23,114]]
[[0,0,0],[1,0,0],[0,1,0],[8,79,114]]
[[0,0,0],[1,0,0],[0,1,0],[9,106,114]]
[[0,0,0],[1,0,0],[0,1,0],[9,91,114]]
[[0,0,0],[1,0,0],[0,1,0],[46,50,114]]
[[0,0,0],[1,0,0],[0,1,0],[13,13,114]]
[[0,0,0],[1,0,0],[0,1,0],[74,83,114]]
[[0,0,0],[1,0,0],[0,1,0],[14,98,114]]
[[0,0,0],[1,0,0],[0,1,0],[44,98,114]]
[[0,0,0],[1,0,0],[0,1,0],[50,1,114]]
[[0,0,0],[2,0,0],[0,1,0],[19,1,57]]
[[0,0,0],[1,0,0],[0,1,0],[50,113,114]]
[[0,0,0],[2,0,0],[0,1,0],[15,41,57]]
[[0,0,0],[1,0,0],[0,1,0],[111,16,114]]
[[0,0,0],[1,0,0],[0,1,0],[81,37,114]]
[[0,0,0],[1,0,0],[0,2,0],[12,54,57]]
[[0,0,0],[1,0,0],[0,1,0],[39,52,114]]
[[0,0,0],[1,0,0],[0,1,0],[15,13,114]]
[[0,0,0],[1,0,0],[0,1,0],[42,73,114]]
[[0,0,0],[2,0,0],[0,1,0],[42,37,57]]
[[0,0,0],[1,0,0],[0,1,0],[34,47,114]]
[[0,0,0],[2,0,0],[0,1,0],[3,40,57]]
[[0,0,0],[1,0,0],[0,1,0],[30,25,114]]
[[0,0,0],[1,0,0],[0,1,0],[14,83,114]]
[[0,0,0],[1,0,0],[0,1,0],[9,68,114]]
[[0,0,0],[1,0,0],[0,1,0],[20,17,114]]
[[0,0,0],[1,0,0],[0,1,0],[11,17,114]]
[[0,0,0],[1,0,0],[0,1,0],[81,94,114]]
[[0,0,0],[1,0,0],[0,1,0],[45,32,114]]
[[0,0,0],[1,0,0],[0,1,0],[68,41,114]]
[[0,0,0],[1,0,0],[0,1,0],[52,1,114]]
[[0,0,0],[1,0,0],[0,1,0],[75,97,114]]
[[0,0,0],[2,0,0],[0,1,0],[6,10,57]]
[[0,0,0],[1,0,0],[0,1,0],[100,110,114]]
[[0,0,0],[1,0,0],[0,1,0],[22,59,114]]
[[0,0,0],[1,0,0],[0,1,0],[21,113,114]]
[[0,0,0],[1,0,0],[0,1,0],[2,17,114]]
[[0,0,0],[1,0,0],[0,1,0],[69,8,114]]
[[0,0,0],[1,0,0],[0,1,0],[63,112,114]]
[[0,0,0],[2,0,0],[0,1,0],[12,28,57]]
[[0,0,0],[1,0,0],[0,1,0],[9,34,114]]
[[0,0,0],[1,0,0],[0,1,0],[10,49,114]]
[[0,0,0],[1,0,0],[0,1,0],[68,17,114]]
[[0,0,0],[1,0,0],[0,1,0],[45,106,114]]
[[0,0,0],[1,0,0],[0,1,0],[78,73,114]]
[[0,0,0],[1,0,0],[0,1,0],[62,104,114]]
[[0,0,0],[1,0,0],[0,1,0],[80,5,114]]
[[0,0,0],[1,0,0],[0,1,0],[5,17,114]]
[[0,0,0],[1,0,0],[0,1,0],[87,10,114]]
[[0,0,0],[1,0,0],[0,1,0],[27,50,114]]
[[0,0,0],[1,0,0],[0,1,0],[10,67,114]]
[[0,0,0],[1,0,0],[0,1,0],[45,16,114]]
[[0,0,0],[1,0,0],[0,1,0],[63,34,114]]
[[0,0,0],[1,0,0],[0,1,0],[32,110,114]]
[[0,0,0],[1,0,0],[0,1,0],[86,104,114]]
[[0,0,0],[1,0,0],[0,1,0],[8,32,114]]
[[0,0,0],[1,0,0],[0,1,0],[21,34,114]]
[[0,0,0],[1,0,0],[0,1,0],[36,25,114]]
[[0,0,0],[1,0,0],[0,1,0],[51,26,114]]
[[0,0,0],[1,0,0],[0,1,0],[56,23,114]]
[[0,0,0],[1,0,0],[0,1,0],[14,61,114]]
[[0,0,0],[1,0,0],[0,1,0],[48,10,114]]
[[0,0,0],[1,0,0],[0,1,0],[4,49,114]]
[[0,0,0],[1,0,0],[0,1,0],[56,89,114]]
[[0,0,0],[1,0,0],[0,1,0],[32,107,114]]
[[0,0,0],[1,0,0],[0,1,0],[1,11,114]]
[[0,0,0],[1,0,0],[0,1,0],[26,13,114]]
[[0,0,0],[1,0,0],[0,1,0],[75,61,114]]
[[0,0,0],[1,0,0],[0,1,0],[8,49,114]]
[[0,0,0],[1,0,0],[0,1,0],[56,98,114]]
[[0,0,0],[2,0,0],[0,1,0],[18,1,57]]
[[0,0,0],[1,0,0],[0,1,0],[15,88,114]]
[[0,0,0],[1,0,0],[0,1,0],[27,49,114]]
[[0,0,0],[1,0,0],[0,1,0],[58,113,114]]
[[0,0,0],[1,0,0],[0,1,0],[63,22,114]]
[[0,0,0],[1,0,0],[0,1,0],[15,4,114]]
[[0,0,0],[1,0,0],[0,1,0],[54,23,114]]
[[0,0,0],[1,0,0],[0,1,0],[2,29,114]]
[[0,0,0],[1,0,0],[0,1,0],[6,14,114]]
[[0,0,0],[1,0,0],[0,1,0],[12,84,114]]
[[0,0,0],[1,0,0],[0,1,0],[32,91,114]]
[[0,0,0],[1,0,0],[0,1,0],[14,35,114]]
[[0,0,0],[1,0,0],[0,1,0],[4,85,114]]
[[0,0,0],[1,0,0],[0,1,0],[44,17,114]]
[[0,0,0],[1,0,0],[0,1,0],[98,55,114]]
[[0,0,0],[1,0,0],[0,1,0],[14,11,114]]
[[0,0,0],[1,0,0],[0,1,0],[20,5,114]]
[[0,0,0],[1,0,0],[0,1,0],[36,97,114]]
[[0,0,0],[2,0,0],[0,1,0],[15,55,57]]
[[0,0,0],[1,0,0],[0,2,0],[54,27,57]]
[[0,0,0],[2,0,0],[0,1,0],[24,46,57]]
[[0,0,0],[1,0,0],[0,1,0],[26,49,114]]
[[0,0,0],[1,0,0],[0,1,0],[27,109,114]]
[[0,0,0],[1,0,0],[0,1,0],[80,104,114]]
[[0,0,0],[1,0,0],[0,1,0],[44,74,114]]
[[0,0,0],[1,0,0],[0,1,0],[44,44,114]]
[[0,0,0],[1,0,0],[0,1,0],[74,86,114]]
[[0,0,0],[1,0,0],[0,1,0],[32,85,114]]
[[0,0,0],[1,0,0],[0,1,0],[42,13,114]]
[[0,0,0],[1,0,0],[0,1,0],[16,41,114]]
[[0,0,0],[1,0,0],[0,1,0],[75,16,114]]
[[0,0,0],[1,0,0],[0,1,0],[30,28,114]]
[[0,0,0],[1,0,0],[0,1,0],[8,92,114]]
[[0,0,0],[2,0,0],[0,1,0],[3,7,57]]
[[0,0,0],[1,0,0],[0,1,0],[87,34,114]]
[[0,0,0],[1,0,0],[0,1,0],[60,73,114]]
[[0,0,0],[1,0,0],[0,1,0],[3,91,114]]
[[0,0,0],[1,0,0],[0,1,0],[75,4,114]]
[[0,0,0],[1,0,0],[0,1,0],[62,98,114]]
[[0,0,0],[1,0,0],[0,1,0],[22,107,114]]
[[0,0,0],[1,0,0],[0,1,0],[40,7,114]]
[[0,0,0],[1,0,0],[0,1,0],[22,37,114]]
[[0,0,0],[1,0,0],[0,1,0],[5,47,114]]
[[0,0,0],[1,0,0],[0,1,0],[20,77,114]]
[[0,0,0],[1,0,0],[0,1,0],[56,85,114]]
[[0,0,0],[1,0,0],[0,1,0],[22,74,114]]
[[0,0,0],[1,0,0],[0,1,0],[4,11,114]]
[[0,0,0],[1,0,0],[0,1,0],[24,110,114]]
[[0,0,0],[1,0,0],[0,1,0],[10,71,114]]
[[0,0,0],[1,0,0],[0,1,0],[52,103,114]]
[[0,0,0],[1,0,0],[0,1,0],[99,52,114]]
[[0,0,0],[2,0,0],[0,1,0],[6,52,57]]
[[0,0,0],[1,0,0],[0,1,0],[32,64,114]]
[[0,0,0],[1,0,0],[0,1,0],[51,28,114]]
[[0,0,0],[1,0,0],[0,1,0],[105,40,114]]
[[0,0,0],[1,0,0],[0,1,0],[45,34,114]]
[[0,0,0],[1,0,0],[0,1,0],[24,109,114]]
[[0,0,0],[1,0,0],[0,1,0],[33,1,114]]
[[0,0,0],[1,0,0],[0,1,0],[81,46,114]]
[[0,0,0],[1,0,0],[0,1,0],[32,109,114]]
[[0,0,0],[1,0,0],[0,1,0],[54,85,114]]
[[0,0,0],[2,0,0],[0,1,0],[9,31,57]]
[[0,0,0],[1,0,0],[0,1,0],[3,109,114]]
[[0,0,0],[1,0,0],[0,1,0],[44,68,114]]
[[0,0,0],[1,0,0],[0,1,0],[26,17,114]]
[[0,0,0],[1,0,0],[0,1,0],[8,91,114]]
[[0,0,0],[1,0,0],[0,1,0],[2,74,114]]
[[0,0,0],[1,0,0],[0,1,0],[26,23,114]]
[[0,0,0],[1,0,0],[0,1,0],[21,94,114]]
[[0,0,0],[1,0,0],[0,1,0],[50,41,114]]
[[0,0,0],[1,0,0],[0,1,0],[21,70,114]]
[[0,0,0],[1,0,0],[0,1,0],[8,88,114]]
[[0,0,0],[1,0,0],[0,1,0],[22,67,114]]
[[0,0,0],[1,0,0],[0,1,0],[35,61,114]]
[[0,0,0],[1,0,0],[0,1,0],[68,59,114]]
[[0,0,0],[1,0,0],[0,1,0],[34,37,114]]
[[0,0,0],[1,0,0],[0,1,0],[7,109,114]]
[[0,0,0],[1,0,0],[0,1,0],[12,109,114]]
[[0,0,0],[1,0,0],[0,1,0],[2,109,114]]
[[0,0,0],[1,0,0],[0,1,0],[22,1,114]]
[[0,0,0],[1,0,0],[0,1,0],[104,110,114]]
[[0,0,0],[2,0,0],[0,1,0],[15,34,57]]
[[0,0,0],[1,0,0],[0,1,0],[11,13,114]]
[[0,0,0],[1,0,0],[0,1,0],[44,53,114]]
[[0,0,0],[1,0,0],[0,1,0],[20,1,114]]
[[0,0,0],[1,0,0],[0,1,0],[14,101,114]]
[[0,0,0],[1,0,0],[0,1,0],[35,35,114]]
[[0,0,0],[1,0,0],[0,1,0],[66,68,114]]
[[0,0,0],[1,0,0],[0,1,0],[5,113,114]]
[[0,0,0],[1,0,0],[0,1,0],[32,92,114]]
[[0,0,0],[1,0,0],[0,1,0],[3,16,114]]
[[0,0,0],[1,0,0],[0,1,0],[32,77,114]]
[[0,0,0],[1,0,0],[0,1,0],[50,47,114]]
[[0,0,0],[1,0,0],[0,1,0],[54,61,114]]
[[0,0,0],[1,0,0],[0,1,0],[21,58,114]]
[[0,0,0],[1,0,0],[0,1,0],[56,113,114]]
[[0,0,0],[1,0,0],[0,1,0],[33,64,114]]
[[0,0,0],[1,0,0],[0,1,0],[20,56,114]]
[[0,0,0],[1,0,0],[0,1,0],[46,113,114]]
[[0,0,0],[1,0,0],[0,1,0],[39,10,114]]
[[0,0,0],[1,0,0],[0,1,0],[22,25,114]]
[[0,0,0],[1,0,0],[0,1,0],[5,37,114]]
[[0,0,0],[2,0,0],[0,1,0],[27,22,57]]
[[0,0,0],[1,0,0],[0,1,0],[44,85,114]]
[[0,0,0],[1,0,0],[0,1,0],[3,88,114]]
[[0,0,0],[1,0,0],[0,1,0],[11,77,114]]
[[0,0,0],[1,0,0],[0,1,0],[32,43,114]]
[[0,0,0],[1,0,0],[0,1,0],[28,7,114]]
[[0,0,0],[1,0,0],[0,1,0],[20,71,114]]
[[0,0,0],[2,0,0],[0,1,0],[12,4,57]]
[[0,0,0],[1,0,0],[0,1,0],[8,8,114]]
[[0,0,0],[1,0,0],[0,1,0],[17,59,114]]
[[0,0,0],[2,0,0],[0,1,0],[12,14,57]]
[[0,0,0],[1,0,0],[0,1,0],[93,112,114]]
[[0,0,0],[1,0,0],[0,1,0],[87,112,114]]
[[0,0,0],[1,0,0],[0,1,0],[38,77,114]]
[[0,0,0],[1,0,0],[0,1,0],[12,91,114]]
[[0,0,0],[1,0,0],[0,1,0],[8,25,114]]
[[0,0,0],[1,0,0],[0,1,0],[46,31,114]]
[[0,0,0],[1,0,0],[0,1,0],[75,10,114]]
[[0,0,0],[1,0,0],[0,1,0],[41,53,114]]
[[0,0,0],[2,0,0],[0,1,0],[12,25,57]]
[[0,0,0],[1,0,0],[0,1,0],[4,97,114]]
[[0,0,0],[1,0,0],[0,1,0],[56,103,114]]
[[0,0,0],[1,0,0],[0,1,0],[62,92,114]]
[[0,0,0],[1,0,0],[0,1,0],[8,20,114]]
[[0,0,0],[1,0,0],[0,1,0],[36,85,114]]
[[0,0,0],[1,0,0],[0,1,0],[17,35,114]]
[[0,0,0],[1,0,0],[0,1,0],[63,64,114]]
[[0,0,0],[1,0,0],[0,1,0],[21,73,114]]
[[0,0,0],[1,0,0],[0,1,0],[44,79,114]]
[[0,0,0],[2,0,0],[0,1,0],[6,49,57]]
[[0,0,0],[1,0,0],[0,1,0],[69,28,114]]
[[0,0,0],[1,0,0],[0,1,0],[63,100,114]]
[[0,0,0],[1,0,0],[0,1,0],[21,55,114]]
[[0,0,0],[1,0,0],[0,1,0],[14,44,114]]
[[0,0,0],[1,0,0],[0,1,0],[75,112,114]]
[[0,0,0],[1,0,0],[0,1,0],[68,47,114]]
[[0,0,0],[1,0,0],[0,1,0],[10,91,114]]
[[0,0,0],[1,0,0],[1,2,0],[39,9,57]]
[[0,0,0],[1,0,0],[0,1,0],[7,89,114]]
[[0,0,0],[1,0,0],[0,1,0],[27,69,114]]
[[0,0,0],[1,0,0],[0,1,0],[78,75,114]]
[[0,0,0],[1,0,0],[0,1,0],[8,23,114]]
[[0,0,0],[1,0,0],[0,1,0],[44,1,114]]
[[0,0,0],[1,0,0],[0,1,0],[10,1,114]]
[[0,0,0],[1,0,0],[0,1,0],[5,31,114]]
[[0,0,0],[1,0,0],[0,1,0],[9,7,114]]
[[0,0,0],[1,0,0],[0,1,0],[26,50,114]]
[[0,0,0],[1,0,0],[0,1,0],[75,34,114]]
[[0,0,0],[1,0,0],[0,1,0],[8,59,114]]
[[0,0,0],[1,0,0],[0,1,0],[50,68,114]]
[[0,0,0],[1,0,0],[0,1,0],[63,16,114]]
[[0,0,0],[1,0,0],[0,1,0],[82,71,114]]
[[0,0,0],[1,0,0],[0,1,0],[98,104,114]]
[[0,0,0],[1,0,0],[0,1,0],[26,97,114]]
[[0,0,0],[1,0,0],[0,1,0],[38,20,114]]
[[0,0,0],[1,0,0],[0,1,0],[9,109,114]]
[[0,0,0],[1,0,0],[0,1,0],[51,22,114]]
[[0,0,0],[1,0,0],[0,1,0],[98,101,114]]
[[0,0,0],[2,0,0],[0,1,0],[6,34,57]]
[[0,0,0],[1,0,0],[0,1,0],[28,59,114]]
[[0,0,0],[1,0,0],[0,1,0],[14,5,114]]
[[0,0,0],[1,0,0],[0,1,0],[14,31,114]]
[[0,0,0],[1,0,0],[0,1,0],[11,109,114]]
[[0,0,0],[1,0,0],[0,1,0],[26,5,114]]
[[0,0,0],[1,0,0],[0,1,0],[39,46,114]]
[[0,0,0],[1,0,0],[0,1,0],[51,58,114]]
[[0,0,0],[1,0,0],[0,1,0],[4,35,114]]
[[0,0,0],[1,0,0],[0,1,0],[26,71,114]]
[[0,0,0],[2,0,0],[0,1,0],[15,28,57]]
[[0,0,0],[1,0,0],[0,1,0],[40,56,114]]
[[0,0,0],[1,0,0],[0,1,0],[75,94,114]]
[[0,0,0],[1,0,0],[0,1,0],[12,31,114]]
[[0,0,0],[2,0,0],[0,1,0],[45,37,57]]
[[0,0,0],[2,0,0],[0,1,0],[18,25,57]]
[[0,0,0],[1,0,0],[0,1,0],[16,13,114]]
[[0,0,0],[1,0,0],[0,1,0],[27,58,114]]
[[0,0,0],[1,0,0],[0,1,0],[9,64,114]]
[[0,0,0],[1,0,0],[0,1,0],[74,110,114]]
[[0,0,0],[1,0,0],[0,1,0],[21,10,114]]
[[0,0,0],[1,0,0],[0,1,0],[44,56,114]]
[[0,0,0],[1,0,0],[0,1,0],[3,52,114]]
[[0,0,0],[1,0,0],[0,1,0],[32,11,114]]
[[0,0,0],[1,0,0],[0,1,0],[30,1,114]]
[[0,0,0],[2,0,0],[0,1,0],[3,37,57]]
[[0,0,0],[1,0,0],[0,1,0],[82,49,114]]
[[0,0,0],[1,0,0],[0,1,0],[17,101,114]]
[[0,0,0],[1,0,0],[0,1,0],[39,31,114]]
[[0,0,0],[1,0,0],[0,1,0],[54,4,114]]
[[0,0,0],[2,0,0],[0,1,0],[6,31,57]]
[[0,0,0],[1,0,0],[0,1,0],[9,112,114]]
[[0,0,0],[1,0,0],[0,1,0],[6,37,114]]
[[0,0,0],[1,0,0],[0,1,0],[29,91,114]]
[[0,0,0],[1,0,0],[0,1,0],[16,77,114]]
[[0,0,0],[1,0,0],[0,1,0],[93,106,114]]
[[0,0,0],[1,0,0],[0,1,0],[7,11,114]]
[[0,0,0],[1,0,0],[0,1,0],[45,103,114]]
[[0,0,0],[1,0,0],[0,1,0],[54,99,114]]
[[0,0,0],[1,0,0],[0,1,0],[2,55,114]]
[[0,0,0],[1,0,0],[0,1,0],[98,110,114]]
[[0,0,0],[1,0,0],[0,1,0],[3,97,114]]
[[0,0,0],[1,0,0],[0,1,0],[3,79,114]]
[[0,0,0],[1,0,0],[0,1,0],[39,70,114]]
[[0,0,0],[2,0,0],[0,1,0],[9,55,57]]
[[0,0,0],[1,0,0],[0,1,0],[4,1,114]]
[[0,0,0],[1,0,0],[0,1,0],[78,37,114]]
[[0,0,0],[1,0,0],[0,1,0],[50,92,114]]
[[0,0,0],[1,0,0],[0,1,0],[9,82,114]]
[[0,0,0],[1,0,0],[0,1,0],[40,79,114]]
[[0,0,0],[1,0,0],[0,1,0],[17,17,114]]
[[0,0,0],[1,0,0],[0,1,0],[92,98,114]]
[[0,0,0],[1,0,0],[0,1,0],[5,11,114]]
[[0,0,0],[2,0,0],[0,1,0],[33,25,57]]
[[0,0,0],[1,0,0],[0,1,0],[6,97,114]]
[[0,0,0],[2,0,0],[0,1,0],[12,1,57]]
[[0,0,0],[1,0,0],[0,1,0],[81,82,114]]
[[0,0,0],[1,0,0],[0,1,0],[108,64,114]]
[[0,0,0],[1,0,0],[0,1,0],[10,53,114]]
[[0,0,0],[1,0,0],[0,1,0],[15,10,114]]
[[0,0,0],[1,0,0],[0,1,0],[26,26,114]]
[[0,0,0],[1,0,0],[0,1,0],[69,94,114]]
[[0,0,0],[1,0,0],[0,1,0],[21,28,114]]
[[0,0,0],[1,0,0],[0,1,0],[110,113,114]]
[[0,0,0],[1,0,0],[0,1,0],[20,92,114]]
[[0,0,0],[1,0,0],[0,1,0],[74,104,114]]
[[0,0,0],[2,0,0],[0,1,0],[48,37,57]]
[[0,0,0],[1,0,0],[0,1,0],[2,23,114]]
[[0,0,0],[1,0,0],[0,1,0],[40,25,114]]
[[0,0,0],[1,0,0],[0,1,0],[36,37,114]]
[[0,0,0],[1,0,0],[0,1,0],[2,65,114]]
[[0,0,0],[1,0,0],[0,1,0],[2,67,114]]
[[0,0,0],[1,0,0],[0,1,0],[5,91,114]]
[[0,0,0],[1,0,0],[0,1,0],[105,100,114]]
[[0,0,0],[1,0,0],[0,1,0],[93,58,114]]
[[0,0,0],[1,0,0],[0,1,0],[53,53,114]]
[[0,0,0],[1,0,0],[0,1,0],[32,68,114]]
[[0,0,0],[1,0,0],[0,1,0],[66,11,114]]
[[0,0,0],[1,0,0],[0,1,0],[81,64,114]]
[[0,0,0],[1,0,0],[1,2,0],[39,6,57]]
[[0,0,0],[1,0,0],[0,1,0],[4,67,114]]
[[0,0,0],[2,0,0],[0,1,0],[30,43,57]]
[[0,0,0],[1,0,0],[0,1,0],[13,25,114]]
[[0,0,0],[1,0,0],[0,1,0],[63,82,114]]
[[0,0,0],[1,0,0],[0,1,0],[4,92,114]]
[[0,0,0],[2,0,0],[0,1,0],[6,46,57]]
[[0,0,0],[1,0,0],[0,1,0],[3,22,114]]
[[0,0,0],[1,0,0],[0,1,0],[56,68,114]]
[[0,0,0],[2,0,0],[0,1,0],[6,43,57]]
[[0,0,0],[1,0,0],[0,1,0],[18,97,114]]
[[0,0,0],[1,0,0],[0,1,0],[36,3,114]]
[[0,0,0],[1,0,0],[0,1,0],[87,82,114]]
[[0,0,0],[1,0,0],[0,1,0],[19,96,114]]
[[0,0,0],[1,0,0],[0,1,0],[6,49,114]]
[[0,0,0],[1,0,0],[0,1,0],[19,1,114]]
[[0,0,0],[1,0,0],[0,1,0],[10,107,114]]
[[0,0,0],[2,0,0],[0,1,0],[0,1,57]]
[[0,0,0],[1,0,0],[0,1,0],[16,31,114]]
[[0,0,0],[1,0,0],[0,1,0],[68,92,114]]
[[0,0,0],[2,0,0],[0,1,0],[42,56,57]]
[[0,0,0],[1,0,0],[0,1,0],[6,67,114]]
[[0,0,0],[1,0,0],[0,1,0],[51,46,114]]
[[0,0,0],[2,0,0],[0,1,0],[9,44,57]]
[[0,0,0],[1,0,0],[0,1,0],[3,64,114]]
[[0,0,0],[1,0,0],[0,1,0],[6,55,114]]
[[0,0,0],[1,0,0],[0,1,0],[39,106,114]]
[[0,0,0],[1,0,0],[0,1,0],[93,10,114]]
[[0,0,0],[1,0,0],[0,1,0],[86,41,114]]
[[0,0,0],[1,0,0],[0,1,0],[10,29,114]]
[[0,0,0],[1,0,0],[0,1,0],[6,33,114]]
[[0,0,0],[1,0,0],[0,1,0],[30,66,114]]
[[0,0,0],[1,0,0],[0,1,0],[34,17,114]]
[[0,0,0],[1,0,0],[0,1,0],[65,65,114]]
[[0,0,0],[1,0,0],[0,1,0],[81,22,114]]
[[0,0,0],[1,0,0],[0,1,0],[108,45,114]]
[[0,0,0],[1,0,0],[0,1,0],[99,64,114]]
[[0,0,0],[1,0,0],[0,1,0],[63,88,114]]
[[0,0,0],[1,0,0],[0,1,0],[32,83,114]]
[[0,0,0],[1,0,0],[0,1,0],[62,86,114]]
[[0,0,0],[2,0,0],[0,1,0],[6,13,57]]
[[0,0,0],[1,0,0],[0,1,0],[2,110,114]]
[[0,0,0],[1,0,0],[0,1,0],[39,4,114]]
[[0,0,0],[1,0,0],[1,2,0],[39,3,57]]
[[0,0,0],[1,0,0],[0,1,0],[62,41,114]]
[[0,0,0],[1,0,0],[0,1,0],[20,31,114]]
[[0,0,0],[1,0,0],[0,1,0],[34,1,114]]
[[0,0,0],[1,0,0],[0,1,0],[16,37,114]]
[[0,0,0],[1,0,0],[0,1,0],[12,85,114]]
[[0,0,0],[1,0,0],[0,1,0],[32,44,114]]
[[0,0,0],[1,0,0],[0,1,0],[68,86,114]]
[[0,0,0],[1,0,0],[0,1,0],[16,113,114]]
[[0,0,0],[1,0,0],[0,1,0],[3,103,114]]
[[0,0,0],[1,0,0],[0,1,0],[36,41,114]]
[[0,0,0],[1,0,0],[0,1,0],[69,52,114]]
[[0,0,0],[1,0,0],[0,1,0],[10,59,114]]
[[0,0,0],[1,0,0],[0,1,0],[8,109,114]]
[[0,0,0],[1,0,0],[0,1,0],[5,25,114]]
[[0,0,0],[1,0,0],[0,1,0],[63,106,114]]
[[0,0,0],[1,0,0],[0,1,0],[9,16,114]]
[[0,0,0],[1,0,0],[0,1,0],[45,1,114]]
[[0,0,0],[1,0,0],[0,1,0],[62,65,114]]
[[0,0,0],[1,0,0],[0,1,0],[69,61,114]]
[[0,0,0],[1,0,0],[0,1,0],[29,67,114]]
[[0,0,0],[1,0,0],[0,1,0],[99,58,114]]
[[0,0,0],[1,0,0],[0,1,0],[12,43,114]]
[[0,0,0],[1,0,0],[0,1,0],[4,71,114]]
[[0,0,0],[1,0,0],[0,1,0],[69,10,114]]
[[0,0,0],[1,0,0],[0,1,0],[26,62,114]]
[[0,0,0],[1,0,0],[0,1,0],[4,16,114]]
[[0,0,0],[1,0,0],[0,1,0],[39,16,114]]
[[0,0,0],[1,0,0],[0,1,0],[33,100,114]]
[[0,0,0],[1,0,0],[0,1,0],[8,14,114]]
[[0,0,0],[1,0,0],[0,1,0],[21,64,114]]
[[0,0,0],[2,0,0],[0,1,0],[24,4,57]]
[[0,0,0],[1,0,0],[0,1,0],[8,1,114]]
[[0,0,0],[1,0,0],[0,1,0],[34,13,114]]
[[0,0,0],[1,0,0],[0,1,0],[26,44,114]]
[[0,0,0],[1,0,0],[0,1,0],[7,53,114]]
[[0,0,0],[1,0,0],[0,1,0],[111,64,114]]
[[0,0,0],[1,0,0],[0,1,0],[36,79,114]]
[[0,0,0],[1,0,0],[0,1,0],[62,89,114]]
[[0,0,0],[1,0,0],[0,1,0],[28,97,114]]
[[0,0,0],[1,0,0],[0,1,0],[46,97,114]]
[[0,0,0],[1,0,0],[0,1,0],[6,25,114]]
[[0,0,0],[1,0,0],[0,1,0],[40,77,114]]
[[0,0,0],[1,0,0],[0,1,0],[93,28,114]]
[[0,0,0],[1,0,0],[0,1,0],[75,52,114]]
[[0,0,0],[1,0,0],[0,1,0],[45,46,114]]
[[0,0,0],[1,0,0],[0,1,0],[40,113,114]]
[[0,0,0],[1,0,0],[0,1,0],[34,85,114]]
[[0,0,0],[1,0,0],[0,1,0],[51,70,114]]
[[0,0,0],[1,0,0],[0,1,0],[75,106,114]]
[[0,0,0],[1,0,0],[0,1,0],[46,107,114]]
[[0,0,0],[2,0,0],[0,1,0],[3,49,57]]
[[0,0,0],[1,0,0],[0,1,0],[62,11,114]]
[[0,0,0],[1,0,0],[0,1,0],[26,31,114]]
[[0,0,0],[1,0,0],[0,1,0],[14,55,114]]
[[0,0,0],[1,0,0],[0,1,0],[12,46,114]]
[[0,0,0],[2,0,0],[0,1,0],[19,39,57]]
[[0,0,0],[1,0,0],[0,1,0],[3,93,114]]
[[0,0,0],[1,0,0],[0,1,0],[46,1,114]]
[[0,0,0],[1,0,0],[0,1,0],[9,22,114]]
[[0,0,0],[1,0,0],[0,1,0],[48,97,114]]
[[0,0,0],[1,0,0],[0,1,0],[98,112,114]]
[[0,0,0],[1,0,0],[0,1,0],[21,82,114]]
[[0,0,0],[1,0,0],[0,1,0],[90,44,114]]
[[0,0,0],[1,0,0],[0,1,0],[29,31,114]]
[[0,0,0],[1,0,0],[0,1,0],[3,112,114]]
[[0,0,0],[1,0,0],[0,1,0],[9,11,114]]
[[0,0,0],[2,0,0],[0,1,0],[15,22,57]]
[[0,0,0],[1,0,0],[0,1,0],[44,13,114]]
[[0,0,0],[1,0,0],[0,1,0],[81,10,114]]
[[0,0,0],[2,0,0],[0,1,0],[3,10,57]]
[[0,0,0],[1,0,0],[0,1,0],[34,23,114]]
[[0,0,0],[1,0,0],[0,1,0],[22,71,114]]
[[0,0,0],[2,0,0],[0,1,0],[21,37,57]]
[[0,0,0],[1,0,0],[0,1,0],[3,58,114]]
[[0,0,0],[2,0,0],[0,1,0],[30,25,57]]
[[0,0,0],[1,0,0],[0,1,0],[33,109,114]]
[[0,0,0],[1,0,0],[0,1,0],[15,67,114]]
[[0,0,0],[1,0,0],[0,1,0],[15,82,114]]
[[0,0,0],[1,0,0],[0,1,0],[93,40,114]]
[[0,0,0],[2,0,0],[0,1,0],[9,49,57]]
[[0,0,0],[1,0,0],[0,1,0],[30,37,114]]
[[0,0,0],[1,0,0],[0,1,0],[42,35,114]]
[[0,0,0],[2,0,0],[0,1,0],[12,16,57]]
[[0,0,0],[1,0,0],[0,1,0],[46,71,114]]
[[0,0,0],[1,0,0],[0,1,0],[21,1,114]]
[[0,0,0],[1,0,0],[0,1,0],[33,7,114]]
[[0,0,0],[1,0,0],[0,1,0],[11,65,114]]
[[0,0,0],[1,0,0],[0,1,0],[42,1,114]]
[[0,0,0],[1,0,0],[0,1,0],[1,13,114]]
[[0,0,0],[1,0,0],[0,1,0],[63,52,114]]
[[0,0,0],[1,0,0],[0,1,0],[105,10,114]]
[[0,0,0],[2,0,0],[0,1,0],[3,28,57]]
[[0,0,0],[1,0,0],[0,1,0],[75,64,114]]
[[0,0,0],[1,0,0],[0,1,0],[39,88,114]]
[[0,0,0],[1,0,0],[0,1,0],[14,80,114]]
[[0,0,0],[1,0,0],[0,1,0],[81,110,114]]
[[0,0,0],[1,0,0],[0,1,0],[87,88,114]]
[[0,0,0],[1,0,0],[0,1,0],[6,90,114]]
[[0,0,0],[1,0,0],[0,1,0],[41,107,114]]
[[0,0,0],[1,0,0],[0,1,0],[9,94,114]]
[[0,0,0],[1,0,0],[0,1,0],[24,34,114]]
[[0,0,0],[1,0,0],[0,1,0],[30,43,114]]
[[0,0,0],[1,0,0],[0,1,0],[39,28,114]]
[[0,0,0],[2,0,0],[0,1,0],[30,5,57]]
[[0,0,0],[1,0,0],[0,1,0],[42,109,114]]
[[0,0,0],[1,0,0],[0,1,0],[62,79,114]]
[[0,0,0],[1,0,0],[0,1,0],[36,43,114]]
[[0,0,0],[2,0,0],[0,1,0],[6,1,57]]
[[0,0,0],[1,0,0],[0,1,0],[66,106,114]]
[[0,0,0],[1,0,0],[0,1,0],[62,101,114]]
[[0,0,0],[1,0,0],[0,1,0],[84,50,114]]
[[0,0,0],[1,0,0],[0,1,0],[21,16,114]]
[[0,0,0],[1,0,0],[0,1,0],[5,107,114]]
[[0,0,0],[1,0,0],[0,1,0],[14,20,114]]
[[0,0,0],[1,0,0],[0,1,0],[1,37,114]]
[[0,0,0],[1,0,0],[0,1,0],[20,41,114]]
[[0,0,0],[1,0,0],[0,1,0],[44,83,114]]
[[0,0,0],[1,0,0],[0,1,0],[2,20,114]]
[[0,0,0],[1,0,0],[0,1,0],[8,11,114]]
[[0,0,0],[1,0,0],[0,1,0],[28,49,114]]
[[0,0,0],[1,0,0],[0,1,0],[21,75,114]]
[[0,0,0],[1,0,0],[0,1,0],[63,109,114]]
[[0,0,0],[1,0,0],[0,1,0],[92,77,114]]
[[0,0,0],[1,0,0],[0,1,0],[12,65,114]]
[[0,0,0],[1,0,0],[0,1,0],[32,23,114]]
[[0,0,0],[2,0,0],[0,1,0],[18,22,57]]
[[0,0,0],[1,0,0],[0,1,0],[26,86,114]]
[[0,0,0],[1,0,0],[0,1,0],[56,5,114]]
[[0,0,0],[1,0,0],[0,2,0],[15,48,57]]
[[0,0,0],[1,0,0],[0,1,0],[14,56,114]]
[[0,0,0],[1,0,0],[0,1,0],[111,106,114]]
[[0,0,0],[1,0,0],[0,1,0],[3,67,114]]
[[0,0,0],[1,0,0],[0,1,0],[93,100,114]]
[[0,0,0],[1,0,0],[0,1,0],[75,82,114]]
[[0,0,0],[1,0,0],[0,1,0],[93,52,114]]
[[0,0,0],[1,0,0],[0,1,0],[1,29,114]]
[[0,0,0],[1,0,0],[0,1,0],[14,49,114]]
[[0,0,0],[1,0,0],[0,1,0],[10,113,114]]
[[0,0,0],[1,0,0],[0,1,0],[93,4,114]]
[[0,0,0],[1,0,0],[0,1,0],[29,43,114]]
[[0,0,0],[1,0,0],[0,1,0],[24,37,114]]
[[0,0,0],[1,0,0],[0,1,0],[26,29,114]]
[[0,0,0],[1,0,0],[0,1,0],[46,11,114]]
[[0,0,0],[1,0,0],[0,1,0],[2,79,114]]
[[0,0,0],[1,0,0],[0,1,0],[34,41,114]]
[[0,0,0],[1,0,0],[0,1,0],[39,91,114]]
[[0,0,0],[1,0,0],[0,1,0],[93,16,114]]
[[0,0,0],[1,0,0],[0,1,0],[75,28,114]]
[[0,0,0],[2,0,0],[0,1,0],[9,37,57]]
[[0,0,0],[1,0,0],[0,1,0],[2,49,114]]
[[0,0,0],[1,0,0],[0,1,0],[40,5,114]]
[[0,0,0],[2,0,0],[0,1,0],[12,46,57]]
[[0,0,0],[1,0,0],[0,1,0],[18,13,114]]
[[0,0,0],[1,0,0],[0,1,0],[27,52,114]]
[[0,0,0],[1,0,0],[0,1,0],[26,77,114]]
[[0,0,0],[1,0,0],[0,1,0],[56,110,114]]
[[0,0,0],[1,0,0],[0,1,0],[39,40,114]]
[[0,0,0],[1,0,0],[0,1,0],[81,88,114]]
[[0,0,0],[1,0,0],[0,1,0],[45,94,114]]
[[0,0,0],[1,0,0],[0,1,0],[33,101,114]]
[[0,0,0],[1,0,0],[0,1,0],[39,58,114]]
[[0,0,0],[1,0,0],[1,2,0],[39,27,57]]
[[0,0,0],[1,0,0],[0,1,0],[42,16,114]]
[[0,0,0],[1,0,0],[0,1,0],[80,98,114]]
[[0,0,0],[1,0,0],[0,1,0],[32,25,114]]
[[0,0,0],[1,0,0],[0,1,0],[48,13,114]]
[[0,0,0],[2,0,0],[0,1,0],[15,37,57]]
[[0,0,0],[2,0,0],[0,1,0],[3,13,57]]
[[0,0,0],[2,0,0],[0,1,0],[15,40,57]]
[[0,0,0],[1,0,0],[0,1,0],[102,108,114]]
[[0,0,0],[1,0,0],[0,1,0],[50,85,114]]
[[0,0,0],[1,0,0],[0,1,0],[9,58,114]]
[[0,0,0],[1,0,0],[0,1,0],[24,72,114]]
[[0,0,0],[1,0,0],[0,1,0],[69,88,114]]
[[0,0,0],[1,0,0],[0,1,0],[27,82,114]]
[[0,0,0],[2,0,0],[0,1,0],[38,39,57]]
[[0,0,0],[1,0,0],[0,1,0],[22,13,114]]
[[0,0,0],[1,0,0],[0,1,0],[32,5,114]]
[[0,0,0],[2,0,0],[0,1,0],[21,1,57]]
[[0,0,0],[1,0,0],[0,1,0],[50,71,114]]
[[0,0,0],[1,0,0],[0,1,0],[105,58,114]]
[[0,0,0],[1,0,0],[0,1,0],[50,107,114]]
[[0,0,0],[1,0,0],[0,1,0],[87,58,114]]
[[0,0,0],[1,0,0],[0,1,0],[80,11,114]]
[[0,0,0],[1,0,0],[0,1,0],[81,28,114]]
[[0,0,0],[1,0,0],[0,1,0],[92,110,114]]
[[0,0,0],[1,0,0],[0,1,0],[20,26,114]]
[[0,0,0],[1,0,0],[0,1,0],[86,107,114]]
[[0,0,0],[1,0,0],[0,1,0],[14,62,114]]
[[0,0,0],[1,0,0],[0,2,0],[3,15,57]]
[[0,0,0],[1,0,0],[0,1,0],[70,77,114]]
[[0,0,0],[2,0,0],[0,1,0],[12,7,57]]
[[0,0,0],[2,0,0],[0,1,0],[33,49,57]]
[[0,0,0],[1,0,0],[0,1,0],[63,85,114]]
[[0,0,0],[1,0,0],[0,1,0],[86,35,114]]
[[0,0,0],[1,0,0],[0,1,0],[15,43,114]]
[[0,0,0],[1,0,0],[0,1,0],[18,37,114]]
[[0,0,0],[1,0,0],[0,1,0],[2,83,114]]
[[0,0,0],[1,0,0],[0,1,0],[69,58,114]]
[[0,0,0],[1,0,0],[0,1,0],[80,65,114]]
[[0,0,0],[1,0,0],[0,1,0],[14,113,114]]
[[0,0,0],[1,0,0],[0,1,0],[75,70,114]]
[[0,0,0],[1,0,0],[0,1,0],[16,67,114]]
[[0,0,0],[1,0,0],[0,1,0],[20,68,114]]
[[0,0,0],[1,0,0],[0,1,0],[32,50,114]]
[[0,0,0],[1,0,0],[0,1,0],[4,29,114]]
[[0,0,0],[1,0,0],[0,1,0],[5,35,114]]
[[0,0,0],[1,0,0],[0,1,0],[50,104,114]]
[[0,0,0],[1,0,0],[0,1,0],[57,1,114]]
[[0,0,0],[1,0,0],[0,1,0],[3,1,114]]
[[0,0,0],[2,0,0],[0,1,0],[3,31,57]]
[[0,0,0],[1,0,0],[0,1,0],[80,113,114]]
[[0,0,0],[2,0,0],[0,1,0],[27,52,57]]
[[0,0,0],[1,0,0],[0,1,0],[92,113,114]]
[[0,0,0],[2,0,0],[0,1,0],[36,22,57]]
[[0,0,0],[1,0,0],[0,1,0],[39,94,114]]
[[0,0,0],[1,0,0],[0,1,0],[11,83,114]]
[[0,0,0],[1,0,0],[0,1,0],[93,34,114]]
[[0,0,0],[1,0,0],[0,1,0],[56,86,114]]
[[0,0,0],[1,0,0],[0,1,0],[9,4,114]]
[[0,0,0],[1,0,0],[0,1,0],[72,61,114]]
[[0,0,0],[1,0,0],[0,1,0],[3,82,114]]
[[0,0,0],[1,0,0],[0,1,0],[29,107,114]]
[[0,0,0],[1,0,0],[0,1,0],[16,25,114]]
[[0,0,0],[1,0,0],[0,1,0],[6,91,114]]
[[0,0,0],[1,0,0],[0,1,0],[16,107,114]]
[[0,0,0],[1,0,0],[0,1,0],[24,15,114]]
[[0,0,0],[1,0,0],[0,1,0],[14,17,114]]
[[0,0,0],[1,0,0],[0,1,0],[36,31,114]]
[[0,0,0],[1,0,0],[0,1,0],[87,16,114]]
[[0,0,0],[1,0,0],[0,1,0],[46,23,114]]
[[0,0,0],[1,0,0],[0,1,0],[57,58,114]]
[[0,0,0],[2,0,0],[0,1,0],[18,31,57]]
[[0,0,0],[1,0,0],[0,1,0],[105,4,114]]
[[0,0,0],[1,0,0],[0,1,0],[20,32,114]]
[[0,0,0],[1,0,0],[0,1,0],[45,28,114]]
[[0,0,0],[1,0,0],[0,1,0],[9,37,114]]
[[0,0,0],[1,0,0],[0,1,0],[3,100,114]]
[[0,0,0],[1,0,0],[0,1,0],[74,80,114]]
[[0,0,0],[1,0,0],[0,1,0],[8,47,114]]
[[0,0,0],[1,0,0],[0,1,0],[24,7,114]]
[[0,0,0],[1,0,0],[0,1,0],[22,61,114]]
[[0,0,0],[1,0,0],[0,1,0],[32,74,114]]
[[0,0,0],[1,0,0],[0,1,0],[56,83,114]]
[[0,0,0],[1,0,0],[0,1,0],[28,37,114]]
[[0,0,0],[1,0,0],[0,1,0],[99,4,114]]
[[0,0,0],[1,0,0],[0,1,0],[14,73,114]]
[[0,0,0],[1,0,0],[0,1,0],[7,37,114]]
[[0,0,0],[1,0,0],[0,1,0],[99,100,114]]
[[0,0,0],[1,0,0],[0,1,0],[5,7,114]]
[[0,0,0],[1,0,0],[0,1,0],[81,70,114]]
[[0,0,0],[2,0,0],[0,1,0],[21,7,57]]
[[0,0,0],[1,0,0],[0,1,0],[105,64,114]]
[[0,0,0],[1,0,0],[0,1,0],[4,31,114]]
[[0,0,0],[1,0,0],[0,1,0],[26,35,114]]
[[0,0,0],[1,0,0],[0,1,0],[44,92,114]]
[[0,0,0],[1,0,0],[0,1,0],[70,89,114]]
[[0,0,0],[1,0,0],[0,1,0],[99,34,114]]
[[0,0,0],[1,0,0],[0,1,0],[51,106,114]]
[[0,0,0],[1,0,0],[0,1,0],[28,106,114]]
[[0,0,0],[1,0,0],[0,1,0],[17,89,114]]
[[0,0,0],[1,0,0],[0,1,0],[32,62,114]]
[[0,0,0],[1,0,0],[0,1,0],[20,98,114]]
[[0,0,0],[3,0,0],[0,1,0],[19,1,38]]
[[0,0,0],[1,0,0],[0,1,0],[86,110,114]]
[[0,0,0],[1,0,0],[0,1,0],[5,13,114]]
[[0,0,0],[1,0,0],[0,1,0],[21,103,114]]
[[0,0,0],[1,0,0],[0,1,0],[14,43,114]]
[[0,0,0],[1,0,0],[0,1,0],[4,65,114]]
[[0,0,0],[1,0,0],[0,1,0],[51,94,114]]
[[0,0,0],[1,0,0],[0,1,0],[86,86,114]]
[[0,0,0],[1,0,0],[0,1,0],[3,17,114]]
[[0,0,0],[1,0,0],[0,1,0],[81,16,114]]
[[0,0,0],[1,0,0],[0,1,0],[3,13,114]]
[[0,0,0],[1,0,0],[0,1,0],[15,81,114]]
[[0,0,0],[1,0,0],[0,1,0],[2,61,114]]
[[0,0,0],[1,0,0],[0,1,0],[32,59,114]]
[[0,0,0],[1,0,0],[0,1,0],[32,29,114]]
[[0,0,0],[1,0,0],[0,1,0],[8,44,114]]
[[0,0,0],[1,0,0],[0,1,0],[27,25,114]]
[[0,0,0],[1,0,0],[0,1,0],[26,68,114]]
[[0,0,0],[1,0,0],[0,1,0],[27,70,114]]
[[0,0,0],[1,0,0],[0,1,0],[33,106,114]]
[[0,0,0],[1,0,0],[0,1,0],[75,88,114]]
[[0,0,0],[1,0,0],[0,1,0],[76,39,114]]
[[0,0,0],[1,0,0],[0,1,0],[105,34,114]]
[[0,0,0],[1,0,0],[0,1,0],[2,85,114]]
[[0,0,0],[1,0,0],[1,2,0],[39,30,57]]
[[0,0,0],[1,0,0],[0,1,0],[40,11,114]]
[[0,0,0],[1,0,0],[0,1,0],[2,94,114]]
[[0,0,0],[1,0,0],[0,1,0],[87,22,114]]
[[0,0,0],[1,0,0],[0,1,0],[12,37,114]]
[[0,0,0],[1,0,0],[0,1,0],[3,10,114]]
[[0,0,0],[1,0,0],[0,1,0],[8,77,114]]
[[0,0,0],[1,0,0],[0,1,0],[14,77,114]]
[[0,0,0],[1,0,0],[0,1,0],[20,104,114]]
[[0,0,0],[1,0,0],[0,1,0],[77,77,114]]
[[0,0,0],[1,0,0],[0,1,0],[44,109,114]]
[[0,0,0],[1,0,0],[0,1,0],[4,47,114]]
[[0,0,0],[1,0,0],[0,1,0],[12,103,114]]
[[0,0,0],[1,0,0],[0,1,0],[92,92,114]]
[[0,0,0],[1,0,0],[0,1,0],[7,47,114]]
[[0,0,0],[1,0,0],[0,1,0],[105,28,114]]
[[0,0,0],[1,0,0],[0,1,0],[2,92,114]]
[[0,0,0],[1,0,0],[0,1,0],[14,104,114]]
[[0,0,0],[1,0,0],[0,1,0],[1,25,114]]
[[0,0,0],[1,0,0],[0,1,0],[11,41,114]]
[[0,0,0],[1,0,0],[0,1,0],[74,53,114]]
[[0,0,0],[1,0,0],[0,1,0],[14,23,114]]
[[0,0,0],[2,0,0],[0,1,0],[9,13,57]]
[[0,0,0],[1,0,0],[0,1,0],[35,113,114]]
[[0,0,0],[1,0,0],[0,1,0],[16,73,114]]
[[0,0,0],[1,0,0],[0,1,0],[18,1,114]]
[[0,0,0],[1,0,0],[0,1,0],[45,89,114]]
[[0,0,0],[1,0,0],[0,1,0],[104,104,114]]
[[0,0,0],[1,0,0],[0,1,0],[105,70,114]]
[[0,0,0],[1,0,0],[0,1,0],[14,68,114]]
[[0,0,0],[1,0,0],[0,1,0],[18,21,114]]
[[0,0,0],[1,0,0],[0,1,0],[68,68,114]]
[[0,0,0],[1,0,0],[0,1,0],[63,14,114]]
[[0,0,0],[1,0,0],[0,1,0],[28,29,114]]
[[0,0,0],[1,0,0],[0,1,0],[65,113,114]]
[[0,0,0],[1,0,0],[0,1,0],[72,62,114]]
[[0,0,0],[1,0,0],[0,1,0],[51,82,114]]
[[0,0,0],[1,0,0],[0,1,0],[2,68,114]]
[[0,0,0],[1,0,0],[0,1,0],[62,62,114]]
[[0,0,0],[1,0,0],[0,1,0],[36,98,114]]
[[0,0,0],[1,0,0],[0,1,0],[8,97,114]]
[[0,0,0],[1,0,0],[0,1,0],[33,58,114]]
[[0,0,0],[1,0,0],[0,1,0],[99,70,114]]
[[0,0,0],[1,0,0],[0,1,0],[105,82,114]]
[[0,0,0],[1,0,0],[0,1,0],[81,34,114]]
[[0,0,0],[1,0,0],[0,1,0],[10,86,114]]
[[0,0,0],[1,0,0],[0,1,0],[2,8,114]]
[[0,0,0],[1,0,0],[0,1,0],[110,110,114]]
[[0,0,0],[1,0,0],[0,1,0],[26,80,114]]
[[0,0,0],[1,0,0],[0,1,0],[62,113,114]]
[[0,0,0],[1,0,0],[0,1,0],[80,77,114]]
[[0,0,0],[1,0,0],[0,1,0],[16,109,114]]
[[0,0,0],[1,0,0],[0,1,0],[45,22,114]]
[[0,0,0],[1,0,0],[0,1,0],[63,28,114]]
[[0,0,0],[1,0,0],[0,1,0],[22,43,114]]
[[0,0,0],[1,0,0],[0,1,0],[3,106,114]]
[[0,0,0],[1,0,0],[0,1,0],[32,103,114]]
[[0,0,0],[1,0,0],[0,1,0],[28,109,114]]
[[0,0,0],[1,0,0],[0,1,0],[35,77,114]]
[[0,0,0],[1,0,0],[0,1,0],[11,29,114]]
[[0,0,0],[1,0,0],[0,1,0],[18,40,114]]
[[0,0,0],[1,0,0],[0,1,0],[51,100,114]]
[[0,0,0],[1,0,0],[0,1,0],[7,31,114]]
[[0,0,0],[2,0,0],[0,1,0],[18,11,57]]
[[0,0,0],[1,0,0],[0,1,0],[98,53,114]]
[[0,0,0],[1,0,0],[0,1,0],[6,71,114]]
[[0,0,0],[1,0,0],[0,1,0],[44,47,114]]
[[0,0,0],[1,0,0],[0,1,0],[21,88,114]]
[[0,0,0],[1,0,0],[0,1,0],[74,92,114]]
[[0,0,0],[1,0,0],[0,1,0],[32,113,114]]
[[0,0,0],[1,0,0],[0,1,0],[86,77,114]]
[[0,0,0],[1,0,0],[0,1,0],[7,35,114]]
[[0,0,0],[1,0,0],[0,1,0],[50,35,114]]
[[0,0,0],[1,0,0],[0,1,0],[105,94,114]]
[[0,0,0],[1,0,0],[0,1,0],[20,65,114]]
[[0,0,0],[1,0,0],[0,1,0],[10,73,114]]
[[0,0,0],[1,0,0],[0,1,0],[15,58,114]]
[[0,0,0],[1,0,0],[0,1,0],[6,31,114]]
