[[0,0,0],[1,0,0],[0,1,0],[3,7,115]]
[[0,0,0],[1,0,0],[0,1,0],[3,3,115]]
[[0,0,0],[1,0,0],[0,1,0],[24,39,115]]
[[0,0,0],[1,0,0],[0,1,0],[16,24,115]]
[[0,0,0],[1,0,0],[0,1,0],[4,33,115]]
[[0,0,0],[1,0,0],[0,1,0],[18,108,115]]
[[0,0,0],[1,0,0],[0,1,0],[34,87,115]]
[[0,0,0],[1,0,0],[0,1,0],[27,91,115]]
[[0,0,0],[1,0,0],[0,1,0],[47,99,115]]
[[0,0,0],[1,0,0],[0,1,0],[15,31,115]]
[[0,0,0],[1,0,0],[0,1,0],[24,27,115]]
[[0,0,0],[1,0,0],[0,1,0],[80,36,115]]
[[0,0,0],[1,0,0],[0,1,0],[2,59,115]]
[[0,0,0],[1,0,0],[0,1,0],[5,66,115]]
[[0,0,0],[1,0,0],[0,1,0],[15,9,115]]
[[0,0,0],[1,0,0],[0,1,0],[15,78,115]]
[[0,0,0],[1,0,0],[0,1,0],[2,41,115]]
[[0,0,0],[1,0,0],[0,1,0],[50,89,115]]
[[0,0,0],[1,0,0],[0,1,0],[56,76,115]]
[[0,0,0],[1,0,0],[0,1,0],[40,101,115]]
[[0,0,0],[1,0,0],[0,1,0],[4,19,115]]
[[0,0,0],[1,0,0],[0,1,0],[3,32,115]]
[[0,0,0],[1,0,0],[0,1,0],[22,34,115]]
[[0,0,0],[1,0,0],[0,1,0],[6,16,115]]
[[0,0,0],[1,0,0],[0,1,0],[17,32,115]]
[[0,0,0],[1,0,0],[0,1,0],[1,12,115]]
[[0,0,0],[1,0,0],[0,1,0],[25,114,115]]
[[0,0,0],[1,0,0],[0,1,0],[20,31,115]]
[[0,0,0],[1,0,0],[0,1,0],[65,61,115]]
[[0,0,0],[1,0,0],[0,1,0],[12,47,115]]
[[0,0,0],[1,0,0],[0,1,0],[82,114,115]]
[[0,0,0],[1,0,0],[0,1,0],[11,36,115]]
[[0,0,0],[1,0,0],[0,1,0],[4,7,115]]
[[0,0,0],[1,0,0],[0,1,0],[8,13,115]]
[[0,0,0],[1,0,0],[0,1,0],[12,81,115]]
[[0,0,0],[1,0,0],[0,1,0],[13,98,115]]
[[0,0,0],[1,0,0],[0,1,0],[5,16,115]]
[[0,0,0],[1,0,0],[0,1,0],[70,61,115]]
[[0,0,0],[1,0,0],[0,1,0],[12,44,115]]
[[0,0,0],[1,0,0],[0,1,0],[17,76,115]]
[[0,0,0],[1,0,0],[0,1,0],[13,47,115]]
[[0,0,0],[1,0,0],[0,1,0],[30,41,115]]
[[0,0,0],[1,0,0],[0,1,0],[8,93,115]]
[[0,0,0],[1,0,0],[0,1,0],[8,26,115]]
[[0,0,0],[1,0,0],[0,1,0],[17,84,115]]
[[0,0,0],[1,0,0],[0,1,0],[4,72,115]]
[[0,0,0],[1,0,0],[0,1,0],[49,113,115]]
[[0,0,0],[1,0,0],[0,1,0],[10,1,115]]
[[0,0,0],[1,0,0],[0,1,0],[8,28,115]]
[[0,0,0],[1,0,0],[0,1,0],[14,47,115]]
[[0,0,0],[1,0,0],[0,1,0],[95,113,115]]
[[0,0,0],[1,0,0],[0,1,0],[53,86,115]]
[[0,0,0],[1,0,0],[0,1,0],[30,11,115]]
[[0,0,0],[1,0,0],[0,1,0],[14,22,115]]
[[0,0,0],[1,0,0],[0,1,0],[53,113,115]]
[[0,0,0],[1,0,0],[0,1,0],[4,42,115]]
[[0,0,0],[1,0,0],[0,1,0],[7,48,115]]
[[0,0,0],[1,0,0],[0,1,0],[4,22,115]]
[[0,0,0],[1,0,0],[0,1,0],[9,37,115]]
[[0,0,0],[1,0,0],[0,1,0],[15,21,115]]
[[0,0,0],[1,0,0],[0,1,0],[15,76,115]]
[[0,0,0],[1,0,0],[0,1,0],[8,24,115]]
[[0,0,0],[1,0,0],[0,1,0],[5,71,115]]
[[0,0,0],[1,0,0],[0,1,0],[13,49,115]]
[[0,0,0],[1,0,0],[0,1,0],[23,24,115]]
[[0,0,0],[1,0,0],[0,1,0],[7,12,115]]
[[0,0,0],[1,0,0],[0,1,0],[7,31,115]]
[[0,0,0],[1,0,0],[0,1,0],[20,27,115]]
[[0,0,0],[1,0,0],[0,1,0],[19,57,115]]
[[0,0,0],[1,0,0],[0,1,0],[8,43,115]]
[[0,0,0],[1,0,0],[0,1,0],[39,42,115]]
[[0,0,0],[1,0,0],[0,1,0],[14,112,115]]
[[0,0,0],[1,0,0],[0,1,0],[3,67,115]]
[[0,0,0],[1,0,0],[0,1,0],[5,76,115]]
[[0,0,0],[1,0,0],[0,1,0],[18,52,115]]
[[0,0,0],[1,0,0],[0,1,0],[27,94,115]]
[[0,0,0],[1,0,0],[0,1,0],[6,6,115]]
[[0,0,0],[1,0,0],[0,1,0],[9,22,115]]
[[0,0,0],[1,0,0],[0,1,0],[7,89,115]]
[[0,0,0],[1,0,0],[0,1,0],[15,36,115]]
[[0,0,0],[1,0,0],[0,1,0],[8,98,115]]
[[0,0,0],[1,0,0],[0,1,0],[11,37,115]]
[[0,0,0],[1,0,0],[0,1,0],[43,43,115]]
[[0,0,0],[1,0,0],[0,1,0],[5,86,115]]
[[0,0,0],[1,0,0],[0,1,0],[11,39,115]]
[[0,0,0],[1,0,0],[0,1,0],[50,71,115]]
[[0,0,0],[1,0,0],[0,1,0],[8,21,115]]
[[0,0,0],[1,0,0],[0,1,0],[25,21,115]]
[[0,0,0],[1,0,0],[0,1,0],[13,28,115]]
[[0,0,0],[1,0,0],[0,1,0],[10,36,115]]
[[0,0,0],[1,0,0],[0,1,0],[6,14,115]]
[[0,0,0],[1,0,0],[0,1,0],[10,60,115]]
[[0,0,0],[1,0,0],[0,1,0],[12,51,115]]
[[0,0,0],[1,0,0],[0,1,0],[14,41,115]]
[[0,0,0],[1,0,0],[0,1,0],[50,112,115]]
[[0,0,0],[1,0,0],[0,1,0],[85,77,115]]
[[0,0,0],[1,0,0],[0,1,0],[2,38,115]]
[[0,0,0],[1,0,0],[0,1,0],[18,98,115]]
[[0,0,0],[1,0,0],[0,1,0],[38,93,115]]
[[0,0,0],[1,0,0],[0,1,0],[13,108,115]]
[[0,0,0],[1,0,0],[0,1,0],[7,39,115]]
[[0,0,0],[1,0,0],[0,1,0],[38,94,115]]
[[0,0,0],[1,0,0],[0,1,0],[47,114,115]]
[[0,0,0],[1,0,0],[0,1,0],[9,102,115]]
[[0,0,0],[1,0,0],[0,1,0],[20,50,115]]
[[0,0,0],[1,0,0],[0,1,0],[7,52,115]]
[[0,0,0],[1,0,0],[0,1,0],[6,34,115]]
[[0,0,0],[1,0,0],[0,1,0],[3,21,115]]
[[0,0,0],[1,0,0],[0,1,0],[17,54,115]]
[[0,0,0],[1,0,0],[0,1,0],[55,91,115]]
[[0,0,0],[1,0,0],[0,1,0],[8,53,115]]
[[0,0,0],[1,0,0],[0,1,0],[6,41,115]]
[[0,0,0],[1,0,0],[0,1,0],[18,83,115]]
[[0,0,0],[1,0,0],[0,1,0],[16,103,115]]
[[0,0,0],[1,0,0],[0,1,0],[16,101,115]]
[[0,0,0],[1,0,0],[0,1,0],[10,6,115]]
[[0,0,0],[1,0,0],[0,1,0],[1,24,115]]
[[0,0,0],[1,0,0],[0,1,0],[43,53,115]]
[[0,0,0],[1,0,0],[0,1,0],[80,82,115]]
[[0,0,0],[1,0,0],[0,1,0],[17,99,115]]
[[0,0,0],[1,0,0],[0,1,0],[14,28,115]]
[[0,0,0],[1,0,0],[0,1,0],[1,8,115]]
[[0,0,0],[1,0,0],[0,1,0],[3,52,115]]
[[0,0,0],[1,0,0],[0,1,0],[8,44,115]]
[[0,0,0],[1,0,0],[0,1,0],[78,78,115]]
[[0,0,0],[1,0,0],[0,1,0],[13,93,115]]
[[0,0,0],[1,0,0],[0,1,0],[22,99,115]]
[[0,0,0],[1,0,0],[0,1,0],[2,17,115]]
[[0,0,0],[1,0,0],[0,1,0],[18,99,115]]
[[0,0,0],[1,0,0],[0,1,0],[5,101,115]]
[[0,0,0],[1,0,0],[0,1,0],[19,112,115]]
[[0,0,0],[1,0,0],[0,1,0],[11,107,115]]
[[0,0,0],[1,0,0],[0,1,0],[14,42,115]]
[[0,0,0],[1,0,0],[0,1,0],[80,59,115]]
[[0,0,0],[1,0,0],[0,1,0],[10,86,115]]
[[0,0,0],[1,0,0],[0,1,0],[28,73,115]]
[[0,0,0],[1,0,0],[0,1,0],[18,38,115]]
[[0,0,0],[1,0,0],[0,1,0],[8,62,115]]
[[0,0,0],[1,0,0],[0,1,0],[9,111,115]]
[[0,0,0],[1,0,0],[0,1,0],[12,38,115]]
[[0,0,0],[1,0,0],[0,1,0],[7,14,115]]
[[0,0,0],[1,0,0],[0,1,0],[10,56,115]]
[[0,0,0],[1,0,0],[0,1,0],[28,103,115]]
[[0,0,0],[1,0,0],[0,1,0],[30,111,115]]
[[0,0,0],[1,0,0],[0,1,0],[19,104,115]]
[[0,0,0],[1,0,0],[0,1,0],[10,76,115]]
[[0,0,0],[1,0,0],[0,1,0],[14,97,115]]
[[0,0,0],[1,0,0],[0,1,0],[25,11,115]]
[[0,0,0],[1,0,0],[0,1,0],[3,53,115]]
[[0,0,0],[1,0,0],[0,1,0],[42,97,115]]
[[0,0,0],[1,0,0],[0,1,0],[2,18,115]]
[[0,0,0],[1,0,0],[0,1,0],[18,18,115]]
[[0,0,0],[1,0,0],[0,1,0],[4,39,115]]
[[0,0,0],[1,0,0],[0,1,0],[35,1,115]]
[[0,0,0],[1,0,0],[0,1,0],[12,12,115]]
[[0,0,0],[1,0,0],[0,1,0],[94,114,115]]
[[0,0,0],[1,0,0],[0,1,0],[19,52,115]]
[[0,0,0],[1,0,0],[0,1,0],[3,8,115]]
[[0,0,0],[1,0,0],[0,1,0],[9,44,115]]
[[0,0,0],[1,0,0],[0,1,0],[15,71,115]]
[[0,0,0],[1,0,0],[0,1,0],[9,21,115]]
[[0,0,0],[1,0,0],[0,1,0],[6,64,115]]
[[0,0,0],[1,0,0],[0,1,0],[40,99,115]]
[[0,0,0],[1,0,0],[0,1,0],[12,16,115]]
[[0,0,0],[1,0,0],[0,1,0],[3,22,115]]
[[0,0,0],[1,0,0],[0,1,0],[10,66,115]]
[[0,0,0],[1,0,0],[0,1,0],[17,79,115]]
[[0,0,0],[1,0,0],[0,1,0],[15,101,115]]
[[0,0,0],[1,0,0],[0,1,0],[1,6,115]]
[[0,0,0],[1,0,0],[0,1,0],[13,106,115]]
[[0,0,0],[1,0,0],[0,1,0],[56,61,115]]
[[0,0,0],[1,0,0],[0,1,0],[11,44,115]]
[[0,0,0],[1,0,0],[0,1,0],[14,19,115]]
[[0,0,0],[1,0,0],[0,1,0],[67,114,115]]
[[0,0,0],[1,0,0],[0,1,0],[11,42,115]]
[[0,0,0],[1,0,0],[0,1,0],[43,113,115]]
[[0,0,0],[1,0,0],[0,1,0],[6,87,115]]
[[0,0,0],[1,0,0],[0,1,0],[12,74,115]]
[[0,0,0],[1,0,0],[0,1,0],[25,106,115]]
[[0,0,0],[1,0,0],[0,1,0],[12,114,115]]
[[0,0,0],[1,0,0],[0,1,0],[16,16,115]]
[[0,0,0],[1,0,0],[0,1,0],[1,22,115]]
[[0,0,0],[1,0,0],[0,1,0],[46,70,115]]
[[0,0,0],[1,0,0],[0,1,0],[2,43,115]]
[[0,0,0],[1,0,0],[0,1,0],[24,82,115]]
[[0,0,0],[1,0,0],[0,1,0],[4,56,115]]
[[0,0,0],[1,0,0],[0,1,0],[7,79,115]]
[[0,0,0],[1,0,0],[0,1,0],[42,114,115]]
[[0,0,0],[1,0,0],[0,1,0],[7,26,115]]
[[0,0,0],[1,0,0],[0,1,0],[85,100,115]]
[[0,0,0],[1,0,0],[0,1,0],[13,19,115]]
[[0,0,0],[1,0,0],[0,1,0],[6,8,115]]
[[0,0,0],[1,0,0],[0,1,0],[14,103,115]]
[[0,0,0],[1,0,0],[0,1,0],[52,87,115]]
[[0,0,0],[1,0,0],[0,1,0],[1,7,115]]
[[0,0,0],[1,0,0],[0,1,0],[7,47,115]]
[[0,0,0],[1,0,0],[0,1,0],[3,6,115]]
[[0,0,0],[1,0,0],[0,1,0],[43,83,115]]
[[0,0,0],[1,0,0],[0,1,0],[3,88,115]]
[[0,0,0],[1,0,0],[0,1,0],[7,99,115]]
[[0,0,0],[1,0,0],[0,1,0],[10,61,115]]
[[0,0,0],[1,0,0],[0,1,0],[4,87,115]]
[[0,0,0],[1,0,0],[0,1,0],[13,73,115]]
[[0,0,0],[1,0,0],[0,1,0],[65,91,115]]
[[0,0,0],[1,0,0],[0,1,0],[12,52,115]]
[[0,0,0],[1,0,0],[0,1,0],[4,14,115]]
[[0,0,0],[1,0,0],[0,1,0],[26,38,115]]
[[0,0,0],[1,0,0],[0,1,0],[22,47,115]]
[[0,0,0],[1,0,0],[0,1,0],[9,12,115]]
[[0,0,0],[1,0,0],[0,1,0],[10,106,115]]
[[0,0,0],[1,0,0],[0,1,0],[53,78,115]]
[[0,0,0],[1,0,0],[0,1,0],[50,106,115]]
[[0,0,0],[1,0,0],[0,1,0],[35,81,115]]
[[0,0,0],[1,0,0],[0,1,0],[6,111,115]]
[[0,0,0],[1,0,0],[0,1,0],[7,28,115]]
[[0,0,0],[1,0,0],[0,1,0],[16,32,115]]
[[0,0,0],[1,0,0],[0,1,0],[2,24,115]]
[[0,0,0],[1,0,0],[0,1,0],[7,59,115]]
[[0,0,0],[1,0,0],[0,1,0],[4,8,115]]
[[0,0,0],[1,0,0],[0,1,0],[7,109,115]]
[[0,0,0],[1,0,0],[0,1,0],[1,4,115]]
[[0,0,0],[1,0,0],[0,1,0],[4,82,115]]
[[0,0,0],[1,0,0],[0,1,0],[28,38,115]]
[[0,0,0],[1,0,0],[0,1,0],[27,49,115]]
[[0,0,0],[1,0,0],[0,1,0],[17,114,115]]
[[0,0,0],[1,0,0],[0,1,0],[25,111,115]]
[[0,0,0],[1,0,0],[0,1,0],[27,93,115]]
[[0,0,0],[1,0,0],[0,1,0],[2,44,115]]
[[0,0,0],[1,0,0],[0,1,0],[2,47,115]]
[[0,0,0],[1,0,0],[0,1,0],[39,86,115]]
[[0,0,0],[1,0,0],[0,1,0],[3,83,115]]
[[0,0,0],[1,0,0],[0,1,0],[4,41,115]]
[[0,0,0],[1,0,0],[0,1,0],[5,42,115]]
[[0,0,0],[1,0,0],[0,1,0],[30,26,115]]
[[0,0,0],[1,0,0],[0,1,0],[26,43,115]]
[[0,0,0],[1,0,0],[0,1,0],[47,104,115]]
[[0,0,0],[1,0,0],[0,1,0],[11,18,115]]
[[0,0,0],[1,0,0],[0,1,0],[20,1,115]]
[[0,0,0],[1,0,0],[0,1,0],[7,63,115]]
[[0,0,0],[1,0,0],[0,1,0],[27,97,115]]
[[0,0,0],[1,0,0],[0,1,0],[3,33,115]]
[[0,0,0],[1,0,0],[0,1,0],[17,42,115]]
[[0,0,0],[1,0,0],[0,1,0],[25,31,115]]
[[0,0,0],[1,0,0],[0,1,0],[16,31,115]]
[[0,0,0],[1,0,0],[0,1,0],[85,54,115]]
[[0,0,0],[1,0,0],[0,1,0],[45,6,115]]
[[0,0,0],[1,0,0],[0,1,0],[19,107,115]]
[[0,0,0],[1,0,0],[0,1,0],[8,63,115]]
[[0,0,0],[1,0,0],[0,1,0],[9,18,115]]
[[0,0,0],[1,0,0],[0,1,0],[15,51,115]]
[[0,0,0],[1,0,0],[0,1,0],[8,48,115]]
[[0,0,0],[1,0,0],[0,1,0],[4,31,115]]
[[0,0,0],[1,0,0],[0,1,0],[2,31,115]]
[[0,0,0],[1,0,0],[0,1,0],[4,112,115]]
[[0,0,0],[1,0,0],[0,1,0],[1,28,115]]
[[0,0,0],[1,0,0],[0,1,0],[83,83,115]]
[[0,0,0],[1,0,0],[0,1,0],[2,48,115]]
[[0,0,0],[1,0,0],[0,1,0],[7,16,115]]
[[0,0,0],[1,0,0],[0,1,0],[3,103,115]]
[[0,0,0],[1,0,0],[0,1,0],[3,11,115]]
[[0,0,0],[1,0,0],[0,1,0],[7,9,115]]
[[0,0,0],[1,0,0],[0,1,0],[11,108,115]]
[[0,0,0],[1,0,0],[0,1,0],[40,31,115]]
[[0,0,0],[1,0,0],[0,1,0],[22,89,115]]
[[0,0,0],[1,0,0],[0,1,0],[14,106,115]]
[[0,0,0],[1,0,0],[0,1,0],[9,38,115]]
[[0,0,0],[1,0,0],[0,1,0],[2,114,115]]
[[0,0,0],[1,0,0],[0,1,0],[20,11,115]]
[[0,0,0],[1,0,0],[0,1,0],[19,28,115]]
[[0,0,0],[1,0,0],[0,1,0],[40,1,115]]
[[0,0,0],[1,0,0],[0,1,0],[19,51,115]]
[[0,0,0],[1,0,0],[0,1,0],[2,13,115]]
[[0,0,0],[1,0,0],[0,1,0],[1,11,115]]
[[0,0,0],[1,0,0],[0,1,0],[71,91,115]]
[[0,0,0],[1,0,0],[0,1,0],[50,43,115]]
[[0,0,0],[1,0,0],[0,1,0],[3,44,115]]
[[0,0,0],[1,0,0],[0,1,0],[2,19,115]]
[[0,0,0],[1,0,0],[0,1,0],[1,13,115]]
[[0,0,0],[1,0,0],[0,1,0],[3,93,115]]
[[0,0,0],[1,0,0],[0,1,0],[34,42,115]]
[[0,0,0],[1,0,0],[0,1,0],[27,79,115]]
[[0,0,0],[1,0,0],[0,1,0],[8,68,115]]
[[0,0,0],[1,0,0],[0,1,0],[9,39,115]]
[[0,0,0],[1,0,0],[0,1,0],[9,47,115]]
[[0,0,0],[1,0,0],[0,1,0],[17,89,115]]
[[0,0,0],[1,0,0],[0,1,0],[6,26,115]]
[[0,0,0],[1,0,0],[0,1,0],[27,43,115]]
[[0,0,0],[1,0,0],[0,1,0],[6,18,115]]
[[0,0,0],[1,0,0],[0,1,0],[20,51,115]]
[[0,0,0],[1,0,0],[0,1,0],[15,55,115]]
[[0,0,0],[1,0,0],[0,1,0],[6,27,115]]
[[0,0,0],[1,0,0],[0,1,0],[10,91,115]]
[[0,0,0],[1,0,0],[0,1,0],[19,102,115]]
[[0,0,0],[1,0,0],[0,1,0],[14,107,115]]
[[0,0,0],[1,0,0],[0,1,0],[3,42,115]]
[[0,0,0],[1,0,0],[0,1,0],[6,32,115]]
[[0,0,0],[1,0,0],[0,1,0],[18,27,115]]
[[0,0,0],[1,0,0],[0,1,0],[12,22,115]]
[[0,0,0],[1,0,0],[0,1,0],[8,14,115]]
[[0,0,0],[1,0,0],[0,1,0],[22,41,115]]
[[0,0,0],[1,0,0],[0,1,0],[20,36,115]]
[[0,0,0],[1,0,0],[0,1,0],[9,24,115]]
[[0,0,0],[1,0,0],[0,1,0],[13,43,115]]
[[0,0,0],[1,0,0],[0,1,0],[5,19,115]]
[[0,0,0],[1,0,0],[0,1,0],[23,47,115]]
[[0,0,0],[1,0,0],[0,1,0],[24,87,115]]
[[0,0,0],[1,0,0],[0,1,0],[11,51,115]]
[[0,0,0],[1,0,0],[0,1,0],[7,38,115]]
[[0,0,0],[1,0,0],[0,1,0],[27,59,115]]
[[0,0,0],[1,0,0],[0,1,0],[6,39,115]]
[[0,0,0],[1,0,0],[0,1,0],[14,67,115]]
[[0,0,0],[1,0,0],[0,1,0],[4,26,115]]
[[0,0,0],[1,0,0],[0,1,0],[9,62,115]]
[[0,0,0],[1,0,0],[0,1,0],[27,37,115]]
[[0,0,0],[1,0,0],[0,1,0],[7,84,115]]
[[0,0,0],[1,0,0],[0,1,0],[1,1,115]]
[[0,0,0],[1,0,0],[0,1,0],[12,49,115]]
[[0,0,0],[1,0,0],[0,1,0],[1,34,115]]
[[0,0,0],[1,0,0],[0,1,0],[3,12,115]]
[[0,0,0],[1,0,0],[0,1,0],[8,42,115]]
[[0,0,0],[1,0,0],[0,1,0],[3,18,115]]
[[0,0,0],[1,0,0],[0,1,0],[2,3,115]]
[[0,0,0],[1,0,0],[0,1,0],[2,26,115]]
[[0,0,0],[1,0,0],[0,1,0],[3,31,115]]
[[0,0,0],[1,0,0],[0,1,0],[70,91,115]]
[[0,0,0],[1,0,0],[0,1,0],[3,49,115]]
[[0,0,0],[1,0,0],[0,1,0],[1,17,115]]
[[0,0,0],[1,0,0],[0,1,0],[4,4,115]]
[[0,0,0],[1,0,0],[0,1,0],[3,47,115]]
[[0,0,0],[1,0,0],[0,1,0],[13,68,115]]
[[0,0,0],[1,0,0],[0,1,0],[2,34,115]]
[[0,0,0],[1,0,0],[0,1,0],[10,14,115]]
[[0,0,0],[1,0,0],[0,1,0],[2,32,115]]
[[0,0,0],[1,0,0],[0,1,0],[47,91,115]]
[[0,0,0],[1,0,0],[0,1,0],[12,39,115]]
[[0,0,0],[1,0,0],[0,1,0],[11,59,115]]
[[0,0,0],[1,0,0],[0,1,0],[38,73,115]]
[[0,0,0],[1,0,0],[0,1,0],[3,34,115]]
[[0,0,0],[1,0,0],[0,1,0],[18,31,115]]
[[0,0,0],[1,0,0],[0,1,0],[55,1,115]]
[[0,0,0],[1,0,0],[0,1,0],[3,63,115]]
[[0,0,0],[1,0,0],[0,1,0],[12,59,115]]
[[0,0,0],[1,0,0],[0,1,0],[71,114,115]]
[[0,0,0],[1,0,0],[0,1,0],[3,38,115]]
[[0,0,0],[1,0,0],[0,1,0],[4,36,115]]
[[0,0,0],[1,0,0],[0,1,0],[8,32,115]]
[[0,0,0],[1,0,0],[0,1,0],[7,42,115]]
[[0,0,0],[1,0,0],[0,1,0],[7,104,115]]
[[0,0,0],[1,0,0],[0,1,0],[15,81,115]]
[[0,0,0],[1,0,0],[0,1,0],[3,51,115]]
[[0,0,0],[1,0,0],[0,1,0],[9,13,115]]
[[0,0,0],[1,0,0],[0,1,0],[4,51,115]]
[[0,0,0],[1,0,0],[0,1,0],[60,61,115]]
[[0,0,0],[1,0,0],[0,1,0],[10,96,115]]
[[0,0,0],[1,0,0],[0,1,0],[9,31,115]]
[[0,0,0],[1,0,0],[0,1,0],[41,86,115]]
[[0,0,0],[1,0,0],[0,1,0],[69,93,115]]
[[0,0,0],[1,0,0],[0,1,0],[6,44,115]]
[[0,0,0],[1,0,0],[0,1,0],[9,16,115]]
[[0,0,0],[1,0,0],[0,1,0],[9,107,115]]
[[0,0,0],[1,0,0],[0,1,0],[17,101,115]]
[[0,0,0],[1,0,0],[0,1,0],[11,14,115]]
[[0,0,0],[1,0,0],[0,1,0],[10,51,115]]
[[0,0,0],[1,0,0],[0,1,0],[3,78,115]]
[[0,0,0],[1,0,0],[0,1,0],[55,66,115]]
[[0,0,0],[1,0,0],[0,1,0],[39,87,115]]
[[0,0,0],[1,0,0],[0,1,0],[50,76,115]]
[[0,0,0],[1,0,0],[0,1,0],[9,87,115]]
[[0,0,0],[1,0,0],[0,1,0],[40,7,115]]
[[0,0,0],[1,0,0],[0,1,0],[2,89,115]]
[[0,0,0],[1,0,0],[0,1,0],[3,68,115]]
[[0,0,0],[1,0,0],[0,1,0],[19,47,115]]
[[0,0,0],[1,0,0],[0,1,0],[22,24,115]]
[[0,0,0],[1,0,0],[0,1,0],[5,6,115]]
[[0,0,0],[1,0,0],[0,1,0],[55,106,115]]
[[0,0,0],[1,0,0],[0,1,0],[60,76,115]]
[[0,0,0],[1,0,0],[0,1,0],[15,6,115]]
[[0,0,0],[1,0,0],[0,1,0],[4,66,115]]
[[0,0,0],[1,0,0],[0,1,0],[2,94,115]]
[[0,0,0],[1,0,0],[0,1,0],[25,61,115]]
[[0,0,0],[1,0,0],[0,1,0],[14,57,115]]
[[0,0,0],[1,0,0],[0,1,0],[9,108,115]]
[[0,0,0],[1,0,0],[0,1,0],[3,17,115]]
[[0,0,0],[1,0,0],[0,1,0],[4,47,115]]
[[0,0,0],[1,0,0],[0,1,0],[25,91,115]]
[[0,0,0],[1,0,0],[0,1,0],[2,16,115]]
[[0,0,0],[1,0,0],[0,1,0],[10,16,115]]
[[0,0,0],[1,0,0],[0,1,0],[8,19,115]]
[[0,0,0],[1,0,0],[0,1,0],[39,78,115]]
[[0,0,0],[1,0,0],[0,1,0],[45,101,115]]
[[0,0,0],[1,0,0],[0,1,0],[0,1,115]]
[[0,0,0],[1,0,0],[0,1,0],[12,99,115]]
[[0,0,0],[1,0,0],[0,1,0],[18,78,115]]
[[0,0,0],[1,0,0],[0,1,0],[22,114,115]]
[[0,0,0],[1,0,0],[0,1,0],[49,97,115]]
[[0,0,0],[1,0,0],[0,1,0],[9,67,115]]
[[0,0,0],[1,0,0],[0,1,0],[12,28,115]]
[[0,0,0],[1,0,0],[0,1,0],[12,14,115]]
[[0,0,0],[1,0,0],[0,1,0],[3,26,115]]
[[0,0,0],[1,0,0],[0,1,0],[8,52,115]]
[[0,0,0],[1,0,0],[0,1,0],[26,101,115]]
[[0,0,0],[1,0,0],[0,1,0],[35,91,115]]
[[0,0,0],[1,0,0],[0,1,0],[10,111,115]]
[[0,0,0],[1,0,0],[0,1,0],[3,43,115]]
[[0,0,0],[1,0,0],[0,1,0],[15,32,115]]
[[0,0,0],[1,0,0],[0,1,0],[47,71,115]]
[[0,0,0],[1,0,0],[0,1,0],[6,9,115]]
[[0,0,0],[1,0,0],[0,1,0],[2,2,115]]
[[0,0,0],[1,0,0],[0,1,0],[8,108,115]]
[[0,0,0],[1,0,0],[0,1,0],[2,104,115]]
[[0,0,0],[1,0,0],[0,1,0],[12,36,115]]
[[0,0,0],[1,0,0],[0,1,0],[12,34,115]]
[[0,0,0],[1,0,0],[0,1,0],[7,7,115]]
[[0,0,0],[1,0,0],[0,1,0],[60,71,115]]
[[0,0,0],[1,0,0],[0,1,0],[4,102,115]]
[[0,0,0],[1,0,0],[0,1,0],[24,26,115]]
[[0,0,0],[1,0,0],[0,1,0],[7,17,115]]
[[0,0,0],[1,0,0],[0,1,0],[7,37,115]]
[[0,0,0],[1,0,0],[0,1,0],[90,95,115]]
[[0,0,0],[1,0,0],[0,1,0],[22,84,115]]
[[0,0,0],[1,0,0],[0,1,0],[9,27,115]]
[[0,0,0],[1,0,0],[0,1,0],[46,1,115]]
[[0,0,0],[1,0,0],[0,1,0],[40,53,115]]
[[0,0,0],[1,0,0],[0,1,0],[7,33,115]]
[[0,0,0],[1,0,0],[0,1,0],[30,51,115]]
[[0,0,0],[1,0,0],[0,1,0],[28,78,115]]
[[0,0,0],[1,0,0],[0,1,0],[8,38,115]]
[[0,0,0],[1,0,0],[0,1,0],[9,14,115]]
[[0,0,0],[1,0,0],[0,1,0],[4,49,115]]
[[0,0,0],[1,0,0],[0,1,0],[95,21,115]]
[[0,0,0],[1,0,0],[0,1,0],[12,84,115]]
[[0,0,0],[1,0,0],[0,1,0],[3,39,115]]
[[0,0,0],[1,0,0],[0,1,0],[2,53,115]]
[[0,0,0],[1,0,0],[0,1,0],[53,53,115]]
[[0,0,0],[1,0,0],[0,1,0],[4,17,115]]
[[0,0,0],[1,0,0],[0,1,0],[23,93,115]]
[[0,0,0],[1,0,0],[0,1,0],[39,82,115]]
[[0,0,0],[1,0,0],[0,1,0],[8,109,115]]
[[0,0,0],[1,0,0],[0,1,0],[6,43,115]]
[[0,0,0],[1,0,0],[0,1,0],[4,48,115]]
[[0,0,0],[1,0,0],[0,1,0],[13,78,115]]
[[0,0,0],[1,0,0],[0,1,0],[18,49,115]]
[[0,0,0],[1,0,0],[0,1,0],[3,24,115]]
[[0,0,0],[1,0,0],[0,1,0],[13,38,115]]
[[0,0,0],[1,0,0],[0,1,0],[3,98,115]]
[[0,0,0],[1,0,0],[0,1,0],[19,106,115]]
[[0,0,0],[1,0,0],[0,1,0],[12,24,115]]
[[0,0,0],[1,0,0],[0,1,0],[25,1,115]]
[[0,0,0],[1,0,0],[0,1,0],[26,91,115]]
[[0,0,0],[1,0,0],[0,1,0],[11,106,115]]
[[0,0,0],[1,0,0],[0,1,0],[13,57,115]]
[[0,0,0],[1,0,0],[0,1,0],[25,45,115]]
[[0,0,0],[1,0,0],[0,1,0],[16,44,115]]
[[0,0,0],[1,0,0],[0,1,0],[2,9,115]]
[[0,0,0],[1,0,0],[0,1,0],[23,70,115]]
[[0,0,0],[1,0,0],[0,1,0],[5,65,115]]
[[0,0,0],[1,0,0],[0,1,0],[22,43,115]]
[[0,0,0],[1,0,0],[0,1,0],[15,106,115]]
[[0,0,0],[1,0,0],[0,1,0],[14,102,115]]
[[0,0,0],[1,0,0],[0,1,0],[10,11,115]]
[[0,0,0],[1,0,0],[0,1,0],[34,67,115]]
[[0,0,0],[1,0,0],[0,1,0],[43,78,115]]
[[0,0,0],[1,0,0],[0,1,0],[10,81,115]]
[[0,0,0],[1,0,0],[0,1,0],[6,36,115]]
[[0,0,0],[1,0,0],[0,1,0],[50,11,115]]
[[0,0,0],[1,0,0],[0,1,0],[18,73,115]]
[[0,0,0],[1,0,0],[0,1,0],[25,26,115]]
[[0,0,0],[1,0,0],[0,1,0],[69,70,115]]
[[0,0,0],[1,0,0],[0,1,0],[3,73,115]]
[[0,0,0],[1,0,0],[0,1,0],[13,41,115]]
[[0,0,0],[1,0,0],[0,1,0],[25,22,115]]
[[0,0,0],[1,0,0],[0,1,0],[10,41,115]]
[[0,0,0],[1,0,0],[0,1,0],[2,7,115]]
[[0,0,0],[1,0,0],[0,1,0],[30,106,115]]
[[0,0,0],[1,0,0],[0,1,0],[14,56,115]]
[[0,0,0],[1,0,0],[0,1,0],[4,44,115]]
[[0,0,0],[1,0,0],[0,1,0],[65,101,115]]
[[0,0,0],[1,0,0],[0,1,0],[11,19,115]]
[[0,0,0],[1,0,0],[0,1,0],[16,27,115]]
[[0,0,0],[1,0,0],[0,1,0],[19,67,115]]
[[0,0,0],[1,0,0],[0,1,0],[2,64,115]]
[[0,0,0],[1,0,0],[0,1,0],[2,36,115]]
[[0,0,0],[1,0,0],[0,1,0],[30,40,115]]
[[0,0,0],[1,0,0],[0,1,0],[45,86,115]]
[[0,0,0],[1,0,0],[0,1,0],[17,59,115]]
[[0,0,0],[1,0,0],[0,1,0],[43,93,115]]
[[0,0,0],[1,0,0],[0,1,0],[8,54,115]]
[[0,0,0],[1,0,0],[0,1,0],[2,27,115]]
[[0,0,0],[1,0,0],[0,1,0],[5,26,115]]
[[0,0,0],[1,0,0],[0,1,0],[35,12,115]]
[[0,0,0],[1,0,0],[0,1,0],[2,33,115]]
[[0,0,0],[1,0,0],[0,1,0],[2,49,115]]
[[0,0,0],[1,0,0],[0,1,0],[2,12,115]]
[[0,0,0],[1,0,0],[0,1,0],[34,97,115]]
[[0,0,0],[1,0,0],[0,1,0],[9,9,115]]
[[0,0,0],[1,0,0],[0,1,0],[10,37,115]]
[[0,0,0],[1,0,0],[0,1,0],[3,27,115]]
[[0,0,0],[1,0,0],[0,1,0],[7,114,115]]
[[0,0,0],[1,0,0],[0,1,0],[4,13,115]]
[[0,0,0],[1,0,0],[0,1,0],[15,41,115]]
[[0,0,0],[1,0,0],[0,1,0],[19,27,115]]
[[0,0,0],[1,0,0],[0,1,0],[2,54,115]]
[[0,0,0],[1,0,0],[0,1,0],[19,42,115]]
[[0,0,0],[1,0,0],[0,1,0],[70,56,115]]
[[0,0,0],[1,0,0],[0,1,0],[7,34,115]]
[[0,0,0],[1,0,0],[0,1,0],[52,104,115]]
[[0,0,0],[1,0,0],[0,1,0],[12,17,115]]
[[0,0,0],[1,0,0],[0,1,0],[1,9,115]]
[[0,0,0],[1,0,0],[0,1,0],[3,113,115]]
[[0,0,0],[1,0,0],[0,1,0],[10,71,115]]
[[0,0,0],[1,0,0],[0,1,0],[14,37,115]]
[[0,0,0],[1,0,0],[0,1,0],[2,8,115]]
[[0,0,0],[1,0,0],[0,1,0],[5,91,115]]
[[0,0,0],[1,0,0],[0,1,0],[50,1,115]]
[[0,0,0],[1,0,0],[0,1,0],[2,99,115]]
[[0,0,0],[1,0,0],[0,1,0],[8,18,115]]
[[0,0,0],[1,0,0],[0,1,0],[6,22,115]]
[[0,0,0],[1,0,0],[0,1,0],[20,101,115]]
[[0,0,0],[1,0,0],[0,1,0],[5,88,115]]
[[0,0,0],[1,0,0],[0,1,0],[4,12,115]]
[[0,0,0],[1,0,0],[0,1,0],[25,56,115]]
[[0,0,0],[1,0,0],[0,1,0],[35,58,115]]
[[0,0,0],[1,0,0],[0,1,0],[51,111,115]]
[[0,0,0],[1,0,0],[0,1,0],[15,26,115]]
[[0,0,0],[1,0,0],[0,1,0],[52,84,115]]
[[0,0,0],[1,0,0],[0,1,0],[5,31,115]]
[[0,0,0],[1,0,0],[0,1,0],[19,26,115]]
[[0,0,0],[1,0,0],[0,1,0],[70,71,115]]
[[0,0,0],[1,0,0],[0,1,0],[6,28,115]]
[[0,0,0],[1,0,0],[0,1,0],[92,24,115]]
[[0,0,0],[1,0,0],[0,1,0],[9,32,115]]
[[0,0,0],[1,0,0],[0,1,0],[9,57,115]]
[[0,0,0],[1,0,0],[0,1,0],[12,89,115]]
[[0,0,0],[1,0,0],[0,1,0],[20,73,115]]
[[0,0,0],[1,0,0],[0,1,0],[28,83,115]]
[[0,0,0],[1,0,0],[0,1,0],[19,37,115]]
[[0,0,0],[1,0,0],[0,1,0],[15,11,115]]
[[0,0,0],[1,0,0],[0,1,0],[5,81,115]]
[[0,0,0],[1,0,0],[0,1,0],[1,49,115]]
[[0,0,0],[1,0,0],[0,1,0],[11,31,115]]
[[0,0,0],[1,0,0],[0,1,0],[80,105,115]]
[[0,0,0],[1,0,0],[0,1,0],[28,89,115]]
[[0,0,0],[1,0,0],[0,1,0],[52,76,115]]
[[0,0,0],[1,0,0],[0,1,0],[95,67,115]]
[[0,0,0],[1,0,0],[0,1,0],[2,74,115]]
[[0,0,0],[1,0,0],[0,1,0],[50,111,115]]
[[0,0,0],[1,0,0],[0,1,0],[20,56,115]]
[[0,0,0],[1,0,0],[0,1,0],[4,89,115]]
[[0,0,0],[1,0,0],[0,1,0],[2,51,115]]
[[0,0,0],[1,0,0],[0,1,0],[4,11,115]]
[[0,0,0],[1,0,0],[0,1,0],[17,24,115]]
[[0,0,0],[1,0,0],[0,1,0],[19,43,115]]
[[0,0,0],[1,0,0],[0,1,0],[9,17,115]]
[[0,0,0],[1,0,0],[0,1,0],[15,16,115]]
[[0,0,0],[1,0,0],[0,1,0],[35,6,115]]
[[0,0,0],[1,0,0],[0,1,0],[35,111,115]]
[[0,0,0],[1,0,0],[0,1,0],[16,106,115]]
[[0,0,0],[1,0,0],[0,1,0],[27,99,115]]
[[0,0,0],[1,0,0],[0,1,0],[60,91,115]]
[[0,0,0],[1,0,0],[0,1,0],[20,4,115]]
[[0,0,0],[1,0,0],[0,1,0],[8,36,115]]
[[0,0,0],[1,0,0],[0,1,0],[6,37,115]]
[[0,0,0],[1,0,0],[0,1,0],[13,109,115]]
[[0,0,0],[1,0,0],[0,1,0],[8,16,115]]
[[0,0,0],[1,0,0],[0,1,0],[8,103,115]]
[[0,0,0],[1,0,0],[0,1,0],[11,24,115]]
[[0,0,0],[1,0,0],[0,1,0],[30,101,115]]
[[0,0,0],[1,0,0],[0,1,0],[4,32,115]]
[[0,0,0],[1,0,0],[0,1,0],[2,4,115]]
[[0,0,0],[1,0,0],[0,1,0],[19,99,115]]
[[0,0,0],[1,0,0],[0,1,0],[13,104,115]]
[[0,0,0],[1,0,0],[0,1,0],[13,103,115]]
[[0,0,0],[1,0,0],[0,1,0],[17,53,115]]
[[0,0,0],[1,0,0],[0,1,0],[3,28,115]]
[[0,0,0],[1,0,0],[0,1,0],[6,53,115]]
[[0,0,0],[1,0,0],[0,1,0],[16,34,115]]
[[0,0,0],[1,0,0],[0,1,0],[22,38,115]]
[[0,0,0],[1,0,0],[0,1,0],[27,54,115]]
[[0,0,0],[1,0,0],[0,1,0],[5,106,115]]
[[0,0,0],[1,0,0],[0,1,0],[9,109,115]]
[[0,0,0],[1,0,0],[0,1,0],[38,101,115]]
[[0,0,0],[1,0,0],[0,1,0],[4,43,115]]
[[0,0,0],[1,0,0],[0,1,0],[49,82,115]]
[[0,0,0],[1,0,0],[0,1,0],[25,66,115]]
[[0,0,0],[1,0,0],[0,1,0],[95,44,115]]
[[0,0,0],[1,0,0],[0,1,0],[8,78,115]]
[[0,0,0],[1,0,0],[0,1,0],[12,94,115]]
[[0,0,0],[1,0,0],[0,1,0],[2,84,115]]
[[0,0,0],[1,0,0],[0,1,0],[9,26,115]]
[[0,0,0],[1,0,0],[0,1,0],[28,63,115]]
[[0,0,0],[1,0,0],[0,1,0],[3,108,115]]
[[0,0,0],[1,0,0],[0,1,0],[28,97,115]]
[[0,0,0],[1,0,0],[0,1,0],[2,57,115]]
[[0,0,0],[1,0,0],[0,1,0],[4,67,115]]
[[0,0,0],[1,0,0],[0,1,0],[28,42,115]]
[[0,0,0],[1,0,0],[0,1,0],[45,1,115]]
[[0,0,0],[5,0,0],[0,1,0],[0,1,23]]
[[0,0,0],[1,0,0],[0,1,0],[45,26,115]]
[[0,0,0],[1,0,0],[0,1,0],[3,9,115]]
[[0,0,0],[1,0,0],[0,1,0],[13,32,115]]
[[0,0,0],[1,0,0],[0,1,0],[20,96,115]]
[[0,0,0],[1,0,0],[0,1,0],[1,42,115]]
[[0,0,0],[1,0,0],[0,1,0],[3,16,115]]
[[0,0,0],[1,0,0],[0,1,0],[35,104,115]]
[[0,0,0],[1,0,0],[0,1,0],[105,21,115]]
[[0,0,0],[1,0,0],[0,1,0],[27,114,115]]
[[0,0,0],[1,0,0],[0,1,0],[85,31,115]]
[[0,0,0],[1,0,0],[0,1,0],[28,91,115]]
[[0,0,0],[1,0,0],[0,1,0],[7,41,115]]
[[0,0,0],[1,0,0],[0,1,0],[20,61,115]]
[[0,0,0],[1,0,0],[0,1,0],[7,111,115]]
[[0,0,0],[1,0,0],[0,1,0],[13,107,115]]
[[0,0,0],[1,0,0],[0,1,0],[3,114,115]]
[[0,0,0],[1,0,0],[0,1,0],[39,47,115]]
[[0,0,0],[1,0,0],[0,1,0],[3,54,115]]
[[0,0,0],[1,0,0],[0,1,0],[2,29,115]]
[[0,0,0],[1,0,0],[0,1,0],[7,74,115]]
[[0,0,0],[1,0,0],[0,1,0],[16,39,115]]
[[0,0,0],[1,0,0],[0,1,0],[39,57,115]]
[[0,0,0],[1,0,0],[0,1,0],[27,66,115]]
[[0,0,0],[1,0,0],[0,1,0],[6,17,115]]
[[0,0,0],[1,0,0],[0,1,0],[2,52,115]]
[[0,0,0],[1,0,0],[0,1,0],[38,108,115]]
[[0,0,0],[1,0,0],[0,1,0],[3,41,115]]
[[0,0,0],[1,0,0],[0,1,0],[4,62,115]]
[[0,0,0],[1,0,0],[0,1,0],[34,102,115]]
[[0,0,0],[1,0,0],[0,1,0],[17,38,115]]
[[0,0,0],[1,0,0],[0,1,0],[50,66,115]]
[[0,0,0],[1,0,0],[0,1,0],[14,32,115]]
[[0,0,0],[1,0,0],[0,1,0],[1,39,115]]
[[0,0,0],[1,0,0],[0,1,0],[5,1,115]]
[[0,0,0],[1,0,0],[0,1,0],[17,44,115]]
[[0,0,0],[1,0,0],[0,1,0],[4,6,115]]
[[0,0,0],[1,0,0],[0,1,0],[30,96,115]]
[[0,0,0],[1,0,0],[0,1,0],[14,14,115]]
[[0,0,0],[1,0,0],[0,1,0],[11,21,115]]
[[0,0,0],[1,0,0],[0,1,0],[12,26,115]]
[[0,0,0],[1,0,0],[0,1,0],[1,2,115]]
[[0,0,0],[1,0,0],[0,1,0],[7,11,115]]
[[0,0,0],[1,0,0],[0,1,0],[4,21,115]]
[[0,0,0],[1,0,0],[0,1,0],[11,17,115]]
[[0,0,0],[1,0,0],[0,1,0],[4,18,115]]
[[0,0,0],[1,0,0],[0,1,0],[4,16,115]]
[[0,0,0],[1,0,0],[0,1,0],[2,37,115]]
[[0,0,0],[1,0,0],[0,1,0],[14,79,115]]
[[0,0,0],[1,0,0],[0,1,0],[18,103,115]]
[[0,0,0],[1,0,0],[0,1,0],[17,19,115]]
[[0,0,0],[1,0,0],[0,1,0],[2,21,115]]
[[0,0,0],[1,0,0],[0,1,0],[3,48,115]]
[[0,0,0],[1,0,0],[0,1,0],[18,28,115]]
[[0,0,0],[1,0,0],[0,1,0],[40,76,115]]
[[0,0,0],[1,0,0],[0,1,0],[7,64,115]]
[[0,0,0],[1,0,0],[0,1,0],[3,37,115]]
[[0,0,0],[1,0,0],[0,1,0],[6,49,115]]
[[0,0,0],[1,0,0],[0,1,0],[23,1,115]]
[[0,0,0],[1,0,0],[0,1,0],[8,39,115]]
[[0,0,0],[1,0,0],[0,1,0],[7,112,115]]
[[0,0,0],[1,0,0],[0,1,0],[42,79,115]]
[[0,0,0],[1,0,0],[0,1,0],[9,82,115]]
[[0,0,0],[1,0,0],[0,1,0],[5,21,115]]
[[0,0,0],[1,0,0],[0,1,0],[1,14,115]]
[[0,0,0],[1,0,0],[0,1,0],[4,97,115]]
[[0,0,0],[1,0,0],[0,1,0],[22,102,115]]
[[0,0,0],[1,0,0],[0,1,0],[46,24,115]]
[[0,0,0],[1,0,0],[0,1,0],[15,1,115]]
[[0,0,0],[1,0,0],[0,1,0],[6,48,115]]
[[0,0,0],[1,0,0],[0,1,0],[1,16,115]]
[[0,0,0],[1,0,0],[0,1,0],[40,86,115]]
[[0,0,0],[1,0,0],[0,1,0],[3,29,115]]
[[0,0,0],[1,0,0],[0,1,0],[57,114,115]]
[[0,0,0],[1,0,0],[0,1,0],[3,19,115]]
[[0,0,0],[1,0,0],[0,1,0],[2,42,115]]
[[0,0,0],[1,0,0],[0,1,0],[52,114,115]]
[[0,0,0],[1,0,0],[0,1,0],[75,110,115]]
[[0,0,0],[1,0,0],[0,1,0],[19,101,115]]
[[0,0,0],[1,0,0],[0,1,0],[42,84,115]]
[[0,0,0],[1,0,0],[0,1,0],[15,86,115]]
[[0,0,0],[1,0,0],[0,1,0],[28,44,115]]
[[0,0,0],[1,0,0],[0,1,0],[40,36,115]]
[[0,0,0],[1,0,0],[0,1,0],[7,24,115]]
[[0,0,0],[1,0,0],[0,1,0],[17,109,115]]
[[0,0,0],[1,0,0],[0,1,0],[38,103,115]]
[[0,0,0],[1,0,0],[0,1,0],[18,63,115]]
[[0,0,0],[1,0,0],[0,1,0],[4,57,115]]
[[0,0,0],[1,0,0],[0,1,0],[40,6,115]]
[[0,0,0],[1,0,0],[0,1,0],[5,96,115]]
[[0,0,0],[1,0,0],[0,1,0],[30,1,115]]
[[0,0,0],[1,0,0],[0,1,0],[2,6,115]]
[[0,0,0],[1,0,0],[0,1,0],[7,49,115]]
[[0,0,0],[1,0,0],[0,1,0],[8,73,115]]
[[0,0,0],[1,0,0],[0,1,0],[4,34,115]]
[[0,0,0],[1,0,0],[0,1,0],[11,22,115]]
[[0,0,0],[1,0,0],[0,1,0],[10,26,115]]
[[0,0,0],[1,0,0],[0,1,0],[3,14,115]]
[[0,0,0],[1,0,0],[0,1,0],[1,3,115]]
[[0,0,0],[1,0,0],[0,1,0],[13,13,115]]
[[0,0,0],[1,0,0],[0,1,0],[45,91,115]]
[[0,0,0],[1,0,0],[0,1,0],[20,16,115]]
[[0,0,0],[1,0,0],[0,1,0],[24,41,115]]
[[0,0,0],[1,0,0],[0,1,0],[5,41,115]]
[[0,0,0],[1,0,0],[0,1,0],[13,36,115]]
[[0,0,0],[1,0,0],[0,1,0],[4,38,115]]
[[0,0,0],[1,0,0],[0,1,0],[2,109,115]]
[[0,0,0],[1,0,0],[0,1,0],[6,42,115]]
[[0,0,0],[1,0,0],[0,1,0],[17,39,115]]
[[0,0,0],[1,0,0],[0,1,0],[20,6,115]]
[[0,0,0],[1,0,0],[0,1,0],[25,36,115]]
[[0,0,0],[1,0,0],[0,1,0],[26,67,115]]
[[0,0,0],[1,0,0],[0,1,0],[82,94,115]]
[[0,0,0],[1,0,0],[0,1,0],[20,41,115]]
[[0,0,0],[1,0,0],[0,1,0],[7,86,115]]
[[0,0,0],[1,0,0],[0,1,0],[57,99,115]]
[[0,0,0],[1,0,0],[0,1,0],[5,111,115]]
[[0,0,0],[1,0,0],[0,1,0],[43,81,115]]
[[0,0,0],[1,0,0],[0,1,0],[2,11,115]]
[[0,0,0],[1,0,0],[0,1,0],[42,86,115]]
[[0,0,0],[1,0,0],[0,1,0],[5,56,115]]
[[0,0,0],[1,0,0],[0,1,0],[9,36,115]]
[[0,0,0],[1,0,0],[0,1,0],[2,22,115]]
[[0,0,0],[1,0,0],[0,1,0],[50,91,115]]
[[0,0,0],[1,0,0],[0,1,0],[5,51,115]]
[[0,0,0],[1,0,0],[0,1,0],[8,8,115]]
[[0,0,0],[1,0,0],[0,1,0],[1,26,115]]
[[0,0,0],[1,0,0],[0,1,0],[47,94,115]]
[[0,0,0],[1,0,0],[0,1,0],[28,28,115]]
[[0,0,0],[1,0,0],[0,1,0],[49,52,115]]
[[0,0,0],[1,0,0],[0,1,0],[30,91,115]]
[[0,0,0],[1,0,0],[0,1,0],[22,39,115]]
[[0,0,0],[1,0,0],[0,1,0],[7,21,115]]
[[0,0,0],[1,0,0],[0,1,0],[25,96,115]]
[[0,0,0],[1,0,0],[0,1,0],[10,83,115]]
[[0,0,0],[1,0,0],[0,1,0],[34,59,115]]
[[0,0,0],[1,0,0],[0,1,0],[45,16,115]]
[[0,0,0],[1,0,0],[0,1,0],[75,81,115]]
[[0,0,0],[1,0,0],[0,1,0],[4,27,115]]
[[0,0,0],[1,0,0],[0,1,0],[80,13,115]]
[[0,0,0],[1,0,0],[0,1,0],[20,71,115]]
[[0,0,0],[1,0,0],[0,1,0],[12,54,115]]
[[0,0,0],[1,0,0],[0,1,0],[8,88,115]]
[[0,0,0],[1,0,0],[0,1,0],[2,68,115]]
[[0,0,0],[1,0,0],[0,1,0],[27,104,115]]
[[0,0,0],[1,0,0],[0,1,0],[2,79,115]]
[[0,0,0],[1,0,0],[0,1,0],[14,82,115]]
[[0,0,0],[1,0,0],[0,1,0],[6,12,115]]
[[0,0,0],[1,0,0],[0,1,0],[14,39,115]]
[[0,0,0],[1,0,0],[0,1,0],[2,28,115]]
[[0,0,0],[1,0,0],[0,1,0],[6,51,115]]
[[0,0,0],[1,0,0],[0,1,0],[22,44,115]]
[[0,0,0],[1,0,0],[0,1,0],[17,102,115]]
[[0,0,0],[1,0,0],[0,1,0],[38,38,115]]
[[0,0,0],[1,0,0],[0,1,0],[18,47,115]]
[[0,0,0],[1,0,0],[0,1,0],[13,18,115]]
[[0,0,0],[1,0,0],[0,1,0],[12,104,115]]
[[0,0,0],[1,0,0],[0,1,0],[15,111,115]]
[[0,0,0],[1,0,0],[0,1,0],[13,53,115]]
[[0,0,0],[1,0,0],[0,1,0],[7,44,115]]
[[0,0,0],[1,0,0],[0,1,0],[7,53,115]]
[[0,0,0],[1,0,0],[0,1,0],[20,76,115]]
[[0,0,0],[1,0,0],[0,1,0],[6,24,115]]
[[0,0,0],[1,0,0],[0,1,0],[3,13,115]]
[[0,0,0],[1,0,0],[0,1,0],[4,28,115]]
[[0,0,0],[1,0,0],[0,1,0],[35,35,115]]
[[0,0,0],[1,0,0],[0,1,0],[6,21,115]]
[[0,0,0],[1,0,0],[0,1,0],[2,14,115]]
[[0,0,0],[1,0,0],[0,1,0],[4,24,115]]
[[0,0,0],[1,0,0],[0,1,0],[11,43,115]]
[[0,0,0],[1,0,0],[0,1,0],[17,34,115]]
[[0,0,0],[1,0,0],[0,1,0],[28,41,115]]
[[0,0,0],[1,0,0],[0,1,0],[6,38,115]]
[[0,0,0],[1,0,0],[0,1,0],[4,52,115]]
[[0,0,0],[1,0,0],[0,1,0],[85,8,115]]
[[0,0,0],[1,0,0],[0,1,0],[40,91,115]]
[[0,0,0],[1,0,0],[0,1,0],[6,11,115]]
[[0,0,0],[1,0,0],[0,1,0],[2,39,115]]
[[0,0,0],[1,0,0],[0,1,0],[8,22,115]]
[[0,0,0],[1,0,0],[0,1,0],[5,61,115]]
[[0,0,0],[1,0,0],[0,1,0],[5,11,115]]
[[0,0,0],[1,0,0],[0,1,0],[5,36,115]]
[[0,0,0],[1,0,0],[0,1,0],[1,18,115]]
[[0,0,0],[1,0,0],[0,1,0],[2,91,115]]
[[0,0,0],[1,0,0],[0,1,0],[7,19,115]]
