[[0,0,0],[1,0,0],[0,1,0],[84,57,116]]
[[0,0,0],[1,0,0],[0,1,0],[26,59,116]]
[[0,0,0],[1,0,0],[0,1,0],[40,1,116]]
[[0,0,0],[1,0,0],[0,1,0],[54,27,116]]
[[0,0,0],[1,0,0],[0,1,0],[2,39,116]]
[[0,0,0],[1,0,0],[0,1,0],[10,63,116]]
[[0,0,0],[1,0,0],[0,1,0],[14,71,116]]
[[0,0,0],[1,0,0],[0,1,0],[14,115,116]]
[[0,0,0],[1,0,0],[1,2,0],[1,4,58]]
[[0,0,0],[1,0,0],[0,1,0],[34,85,116]]
[[0,0,0],[1,0,0],[0,1,0],[3,49,116]]
[[0,0,0],[1,0,0],[0,1,0],[10,49,116]]
[[0,0,0],[1,0,0],[0,1,0],[6,1,116]]
[[0,0,0],[1,0,0],[0,1,0],[20,49,116]]
[[0,0,0],[1,0,0],[0,1,0],[30,115,116]]
[[0,0,0],[1,0,0],[0,1,0],[30,45,116]]
[[0,0,0],[1,0,0],[0,1,0],[22,83,116]]
[[0,0,0],[1,0,0],[0,1,0],[8,93,116]]
[[0,0,0],[1,0,0],[0,1,0],[42,71,116]]
[[0,0,0],[1,0,0],[0,1,0],[38,113,116]]
[[0,0,0],[1,0,0],[0,1,0],[5,25,116]]
[[0,0,0],[1,0,0],[0,1,0],[76,70,116]]
[[0,0,0],[1,0,0],[0,1,0],[12,37,116]]
[[0,0,0],[1,0,0],[0,1,0],[5,13,116]]
[[0,0,0],[1,0,0],[0,1,0],[70,79,116]]
[[0,0,0],[1,0,0],[0,1,0],[11,51,116]]
[[0,0,0],[1,0,0],[1,2,0],[3,28,58]]
[[0,0,0],[1,0,0],[0,1,0],[19,49,116]]
[[0,0,0],[1,0,0],[0,1,0],[34,95,116]]
[[0,0,0],[1,0,0],[0,1,0],[12,49,116]]
[[0,0,0],[1,0,0],[0,2,0],[3,12,58]]
[[0,0,0],[1,0,0],[1,2,0],[33,22,58]]
[[0,0,0],[1,0,0],[0,1,0],[2,61,116]]
[[0,0,0],[1,0,0],[0,1,0],[34,17,116]]
[[0,0,0],[1,0,0],[0,1,0],[10,3,116]]
[[0,0,0],[1,0,0],[0,1,0],[17,37,116]]
[[0,0,0],[1,0,0],[0,1,0],[40,89,116]]
[[0,0,0],[1,0,0],[0,1,0],[54,75,116]]
[[0,0,0],[1,0,0],[0,1,0],[44,113,116]]
[[0,0,0],[1,0,0],[1,2,0],[27,6,58]]
[[0,0,0],[1,0,0],[0,1,0],[46,97,116]]
[[0,0,0],[1,0,0],[0,1,0],[10,89,116]]
[[0,0,0],[1,0,0],[0,1,0],[8,101,116]]
[[0,0,0],[1,0,0],[0,2,0],[17,2,58]]
[[0,0,0],[1,0,0],[1,2,0],[31,8,58]]
[[0,0,0],[1,0,0],[0,1,0],[1,37,116]]
[[0,0,0],[1,0,0],[0,1,0],[42,91,116]]
[[0,0,0],[1,0,0],[0,1,0],[50,107,116]]
[[0,0,0],[1,0,0],[0,2,0],[3,20,58]]
[[0,0,0],[1,0,0],[0,1,0],[8,9,116]]
[[0,0,0],[1,0,0],[0,1,0],[78,47,116]]
[[0,0,0],[1,0,0],[1,2,0],[9,38,58]]
[[0,0,0],[1,0,0],[0,1,0],[8,80,116]]
[[0,0,0],[1,0,0],[0,1,0],[6,59,116]]
[[0,0,0],[1,0,0],[0,1,0],[34,75,116]]
[[0,0,0],[1,0,0],[0,1,0],[88,45,116]]
[[0,0,0],[1,0,0],[0,1,0],[46,51,116]]
[[0,0,0],[1,0,0],[0,1,0],[18,77,116]]
[[0,0,0],[1,0,0],[0,1,0],[66,71,116]]
[[0,0,0],[1,0,0],[0,1,0],[20,33,116]]
[[0,0,0],[1,0,0],[0,1,0],[2,33,116]]
[[0,0,0],[1,0,0],[0,1,0],[1,3,116]]
[[0,0,0],[1,0,0],[0,2,0],[28,4,58]]
[[0,0,0],[1,0,0],[0,1,0],[5,49,116]]
[[0,0,0],[1,0,0],[0,2,0],[1,2,58]]
[[0,0,0],[1,0,0],[1,2,0],[17,46,58]]
[[0,0,0],[1,0,0],[0,1,0],[9,27,116]]
[[0,0,0],[1,0,0],[0,2,0],[23,14,58]]
[[0,0,0],[1,0,0],[0,1,0],[32,17,116]]
[[0,0,0],[1,0,0],[0,1,0],[7,11,116]]
[[0,0,0],[1,0,0],[0,1,0],[42,107,116]]
[[0,0,0],[1,0,0],[0,1,0],[46,3,116]]
[[0,0,0],[1,0,0],[1,2,0],[3,2,58]]
[[0,0,0],[1,0,0],[0,1,0],[52,1,116]]
[[0,0,0],[1,0,0],[0,1,0],[14,61,116]]
[[0,0,0],[1,0,0],[0,1,0],[16,81,116]]
[[0,0,0],[1,0,0],[0,1,0],[34,5,116]]
[[0,0,0],[1,0,0],[0,1,0],[86,39,116]]
[[0,0,0],[1,0,0],[0,1,0],[44,101,116]]
[[0,0,0],[1,0,0],[0,2,0],[15,40,58]]
[[0,0,0],[1,0,0],[0,1,0],[25,25,116]]
[[0,0,0],[1,0,0],[1,2,0],[17,16,58]]
[[0,0,0],[1,0,0],[0,1,0],[32,41,116]]
[[0,0,0],[1,0,0],[0,2,0],[21,32,58]]
[[0,0,0],[1,0,0],[1,2,0],[7,18,58]]
[[0,0,0],[1,0,0],[0,1,0],[42,99,116]]
[[0,0,0],[1,0,0],[0,1,0],[40,17,116]]
[[0,0,0],[1,0,0],[0,1,0],[24,41,116]]
[[0,0,0],[1,0,0],[0,1,0],[2,1,116]]
[[0,0,0],[1,0,0],[0,1,0],[8,49,116]]
[[0,0,0],[1,0,0],[0,1,0],[3,31,116]]
[[0,0,0],[1,0,0],[1,2,0],[7,30,58]]
[[0,0,0],[1,0,0],[0,1,0],[28,31,116]]
[[0,0,0],[1,0,0],[0,1,0],[90,23,116]]
[[0,0,0],[1,0,0],[0,1,0],[50,79,116]]
[[0,0,0],[1,0,0],[0,1,0],[20,57,116]]
[[0,0,0],[1,0,0],[0,1,0],[24,5,116]]
[[0,0,0],[1,0,0],[0,1,0],[6,115,116]]
[[0,0,0],[1,0,0],[0,1,0],[23,103,116]]
[[0,0,0],[1,0,0],[0,2,0],[3,56,58]]
[[0,0,0],[1,0,0],[1,2,0],[11,34,58]]
[[0,0,0],[1,0,0],[0,2,0],[3,10,58]]
[[0,0,0],[1,0,0],[0,1,0],[62,47,116]]
[[0,0,0],[1,0,0],[0,1,0],[5,33,116]]
[[0,0,0],[1,0,0],[0,1,0],[86,57,116]]
[[0,0,0],[1,0,0],[0,1,0],[42,83,116]]
[[0,0,0],[1,0,0],[0,1,0],[26,1,116]]
[[0,0,0],[1,0,0],[1,2,0],[23,20,58]]
[[0,0,0],[1,0,0],[0,1,0],[3,43,116]]
[[0,0,0],[1,0,0],[0,1,0],[18,79,116]]
[[0,0,0],[1,0,0],[0,1,0],[70,57,116]]
[[0,0,0],[1,0,0],[0,1,0],[44,81,116]]
[[0,0,0],[1,0,0],[0,2,0],[11,8,58]]
[[0,0,0],[1,0,0],[1,2,0],[3,30,58]]
[[0,0,0],[1,0,0],[0,1,0],[10,115,116]]
[[0,0,0],[1,0,0],[0,1,0],[29,30,116]]
[[0,0,0],[1,0,0],[0,1,0],[34,63,116]]
[[0,0,0],[1,0,0],[1,2,0],[35,30,58]]
[[0,0,0],[1,0,0],[0,2,0],[11,16,58]]
[[0,0,0],[1,0,0],[0,1,0],[82,43,116]]
[[0,0,0],[1,0,0],[0,1,0],[40,101,116]]
[[0,0,0],[1,0,0],[1,2,0],[9,2,58]]
[[0,0,0],[1,0,0],[0,2,0],[11,2,58]]
[[0,0,0],[1,0,0],[0,1,0],[1,27,116]]
[[0,0,0],[1,0,0],[1,2,0],[21,8,58]]
[[0,0,0],[1,0,0],[0,1,0],[32,56,116]]
[[0,0,0],[1,0,0],[0,1,0],[8,5,116]]
[[0,0,0],[1,0,0],[0,1,0],[34,51,116]]
[[0,0,0],[1,0,0],[0,1,0],[70,11,116]]
[[0,0,0],[1,0,0],[0,1,0],[10,21,116]]
[[0,0,0],[1,0,0],[0,2,0],[19,10,58]]
[[0,0,0],[1,0,0],[1,2,0],[25,2,58]]
[[0,0,0],[1,0,0],[0,1,0],[14,59,116]]
[[0,0,0],[1,0,0],[0,1,0],[6,81,116]]
[[0,0,0],[1,0,0],[0,2,0],[21,38,58]]
[[0,0,0],[1,0,0],[1,2,0],[11,36,58]]
[[0,0,0],[1,0,0],[0,1,0],[10,17,116]]
[[0,0,0],[1,0,0],[0,1,0],[26,39,116]]
[[0,0,0],[1,0,0],[0,1,0],[4,85,116]]
[[0,0,0],[1,0,0],[0,1,0],[34,19,116]]
[[0,0,0],[1,0,0],[0,1,0],[26,91,116]]
[[0,0,0],[1,0,0],[0,1,0],[32,53,116]]
[[0,0,0],[1,0,0],[0,1,0],[104,13,116]]
[[0,0,0],[1,0,0],[0,1,0],[2,79,116]]
[[0,0,0],[1,0,0],[0,1,0],[68,107,116]]
[[0,0,0],[1,0,0],[0,2,0],[1,4,58]]
[[0,0,0],[1,0,0],[0,1,0],[5,55,116]]
[[0,0,0],[1,0,0],[0,1,0],[50,31,116]]
[[0,0,0],[1,0,0],[0,1,0],[2,15,116]]
[[0,0,0],[1,0,0],[0,1,0],[6,39,116]]
[[0,0,0],[1,0,0],[0,2,0],[3,16,58]]
[[0,0,0],[1,0,0],[1,2,0],[23,52,58]]
[[0,0,0],[1,0,0],[0,1,0],[26,61,116]]
[[0,0,0],[1,0,0],[0,1,0],[62,43,116]]
[[0,0,0],[1,0,0],[0,1,0],[4,101,116]]
[[0,0,0],[1,0,0],[0,1,0],[8,21,116]]
[[0,0,0],[1,0,0],[0,1,0],[54,69,116]]
[[0,0,0],[1,0,0],[0,1,0],[22,69,116]]
[[0,0,0],[1,0,0],[0,2,0],[18,24,58]]
[[0,0,0],[1,0,0],[0,1,0],[22,61,116]]
[[0,0,0],[1,0,0],[0,2,0],[7,20,58]]
[[0,0,0],[1,0,0],[0,1,0],[7,23,116]]
[[0,0,0],[1,0,0],[0,1,0],[7,55,116]]
[[0,0,0],[1,0,0],[0,1,0],[6,13,116]]
[[0,0,0],[1,0,0],[0,1,0],[4,33,116]]
[[0,0,0],[1,0,0],[0,1,0],[3,23,116]]
[[0,0,0],[1,0,0],[0,1,0],[87,30,116]]
[[0,0,0],[1,0,0],[1,2,0],[33,4,58]]
[[0,0,0],[1,0,0],[0,1,0],[34,15,116]]
[[0,0,0],[1,0,0],[0,1,0],[12,1,116]]
[[0,0,0],[1,0,0],[0,1,0],[8,53,116]]
[[0,0,0],[1,0,0],[0,1,0],[62,55,116]]
[[0,0,0],[1,0,0],[0,2,0],[7,4,58]]
[[0,0,0],[1,0,0],[0,1,0],[38,7,116]]
[[0,0,0],[1,0,0],[0,1,0],[16,14,116]]
[[0,0,0],[1,0,0],[0,1,0],[86,55,116]]
[[0,0,0],[1,0,0],[0,1,0],[12,85,116]]
[[0,0,0],[1,0,0],[0,1,0],[10,13,116]]
[[0,0,0],[1,0,0],[0,1,0],[12,21,116]]
[[0,0,0],[1,0,0],[0,1,0],[94,31,116]]
[[0,0,0],[1,0,0],[0,1,0],[9,13,116]]
[[0,0,0],[1,0,0],[0,2,0],[15,10,58]]
[[0,0,0],[1,0,0],[0,1,0],[50,47,116]]
[[0,0,0],[1,0,0],[0,1,0],[108,38,116]]
[[0,0,0],[1,0,0],[0,1,0],[2,45,116]]
[[0,0,0],[1,0,0],[0,1,0],[12,61,116]]
[[0,0,0],[1,0,0],[0,1,0],[58,1,116]]
[[0,0,0],[1,0,0],[1,2,0],[15,12,58]]
[[0,0,0],[1,0,0],[1,2,0],[11,8,58]]
[[0,0,0],[1,0,0],[1,2,0],[11,30,58]]
[[0,0,0],[1,0,0],[0,1,0],[74,101,116]]
[[0,0,0],[1,0,0],[0,1,0],[24,65,116]]
[[0,0,0],[1,0,0],[0,1,0],[87,88,116]]
[[0,0,0],[1,0,0],[0,1,0],[42,7,116]]
[[0,0,0],[1,0,0],[0,1,0],[54,51,116]]
[[0,0,0],[1,0,0],[1,2,0],[9,24,58]]
[[0,0,0],[1,0,0],[0,1,0],[3,45,116]]
[[0,0,0],[1,0,0],[0,1,0],[20,10,116]]
[[0,0,0],[1,0,0],[0,1,0],[10,97,116]]
[[0,0,0],[1,0,0],[0,1,0],[22,65,116]]
[[0,0,0],[1,0,0],[0,1,0],[18,81,116]]
[[0,0,0],[1,0,0],[0,1,0],[2,11,116]]
[[0,0,0],[1,0,0],[0,1,0],[70,49,116]]
[[0,0,0],[1,0,0],[0,1,0],[72,57,116]]
[[0,0,0],[1,0,0],[0,1,0],[6,71,116]]
[[0,0,0],[1,0,0],[0,1,0],[10,71,116]]
[[0,0,0],[1,0,0],[1,2,0],[41,10,58]]
[[0,0,0],[1,0,0],[1,2,0],[5,30,58]]
[[0,0,0],[1,0,0],[1,2,0],[9,32,58]]
[[0,0,0],[1,0,0],[0,2,0],[1,8,58]]
[[0,0,0],[1,0,0],[0,1,0],[28,105,116]]
[[0,0,0],[1,0,0],[0,1,0],[54,5,116]]
[[0,0,0],[1,0,0],[0,1,0],[59,67,116]]
[[0,0,0],[1,0,0],[0,1,0],[34,45,116]]
[[0,0,0],[1,0,0],[0,1,0],[3,85,116]]
[[0,0,0],[1,0,0],[0,2,0],[9,10,58]]
[[0,0,0],[1,0,0],[0,1,0],[19,43,116]]
[[0,0,0],[1,0,0],[0,1,0],[30,21,116]]
[[0,0,0],[1,0,0],[0,2,0],[21,18,58]]
[[0,0,0],[1,0,0],[1,2,0],[55,54,58]]
[[0,0,0],[1,0,0],[0,1,0],[28,1,116]]
[[0,0,0],[1,0,0],[0,1,0],[9,11,116]]
[[0,0,0],[1,0,0],[0,1,0],[64,89,116]]
[[0,0,0],[1,0,0],[0,1,0],[8,17,116]]
[[0,0,0],[1,0,0],[0,1,0],[1,25,116]]
[[0,0,0],[1,0,0],[0,1,0],[2,51,116]]
[[0,0,0],[1,0,0],[0,2,0],[19,22,58]]
[[0,0,0],[1,0,0],[0,1,0],[46,55,116]]
[[0,0,0],[1,0,0],[0,1,0],[36,110,116]]
[[0,0,0],[1,0,0],[0,1,0],[2,3,116]]
[[0,0,0],[1,0,0],[0,1,0],[26,75,116]]
[[0,0,0],[1,0,0],[1,2,0],[7,32,58]]
[[0,0,0],[1,0,0],[0,1,0],[12,53,116]]
[[0,0,0],[1,0,0],[0,1,0],[1,57,116]]
[[0,0,0],[1,0,0],[0,1,0],[34,71,116]]
[[0,0,0],[1,0,0],[0,1,0],[46,59,116]]
[[0,0,0],[1,0,0],[0,1,0],[42,81,116]]
[[0,0,0],[1,0,0],[0,1,0],[34,93,116]]
[[0,0,0],[1,0,0],[0,1,0],[66,11,116]]
[[0,0,0],[1,0,0],[0,1,0],[100,46,116]]
[[0,0,0],[2,0,0],[0,1,0],[0,1,58]]
[[0,0,0],[1,0,0],[0,1,0],[12,33,116]]
[[0,0,0],[1,0,0],[1,2,0],[27,12,58]]
[[0,0,0],[1,0,0],[0,1,0],[22,3,116]]
[[0,0,0],[1,0,0],[0,1,0],[10,43,116]]
[[0,0,0],[1,0,0],[0,1,0],[3,11,116]]
[[0,0,0],[1,0,0],[1,2,0],[25,22,58]]
[[0,0,0],[1,0,0],[0,1,0],[10,1,116]]
[[0,0,0],[1,0,0],[0,1,0],[40,97,116]]
[[0,0,0],[1,0,0],[1,2,0],[43,36,58]]
[[0,0,0],[1,0,0],[0,1,0],[15,15,116]]
[[0,0,0],[1,0,0],[0,1,0],[10,35,116]]
[[0,0,0],[1,0,0],[0,1,0],[8,1,116]]
[[0,0,0],[1,0,0],[0,1,0],[22,55,116]]
[[0,0,0],[1,0,0],[0,1,0],[104,71,116]]
[[0,0,0],[1,0,0],[0,1,0],[26,111,116]]
[[0,0,0],[1,0,0],[0,1,0],[6,23,116]]
[[0,0,0],[1,0,0],[0,1,0],[5,27,116]]
[[0,0,0],[1,0,0],[0,1,0],[10,79,116]]
[[0,0,0],[1,0,0],[0,1,0],[2,77,116]]
[[0,0,0],[1,0,0],[0,1,0],[50,97,116]]
[[0,0,0],[1,0,0],[1,2,0],[11,40,58]]
[[0,0,0],[1,0,0],[0,1,0],[5,41,116]]
[[0,0,0],[1,0,0],[0,1,0],[24,35,116]]
[[0,0,0],[1,0,0],[0,1,0],[64,57,116]]
[[0,0,0],[1,0,0],[0,2,0],[5,12,58]]
[[0,0,0],[1,0,0],[0,1,0],[26,7,116]]
[[0,0,0],[1,0,0],[0,1,0],[2,109,116]]
[[0,0,0],[1,0,0],[0,1,0],[18,11,116]]
[[0,0,0],[1,0,0],[0,1,0],[24,45,116]]
[[0,0,0],[1,0,0],[0,1,0],[8,113,116]]
[[0,0,0],[1,0,0],[0,1,0],[2,73,116]]
[[0,0,0],[1,0,0],[0,1,0],[9,45,116]]
[[0,0,0],[1,0,0],[0,1,0],[22,23,116]]
[[0,0,0],[1,0,0],[0,1,0],[86,115,116]]
[[0,0,0],[1,0,0],[0,1,0],[54,73,116]]
[[0,0,0],[1,0,0],[0,1,0],[7,9,116]]
[[0,0,0],[1,0,0],[0,1,0],[82,67,116]]
[[0,0,0],[1,0,0],[0,1,0],[16,113,116]]
[[0,0,0],[1,0,0],[0,1,0],[5,5,116]]
[[0,0,0],[1,0,0],[0,1,0],[14,67,116]]
[[0,0,0],[1,0,0],[0,1,0],[20,17,116]]
[[0,0,0],[1,0,0],[0,1,0],[7,33,116]]
[[0,0,0],[1,0,0],[0,1,0],[16,72,116]]
[[0,0,0],[1,0,0],[0,1,0],[22,25,116]]
[[0,0,0],[1,0,0],[1,2,0],[3,22,58]]
[[0,0,0],[1,0,0],[0,1,0],[22,59,116]]
[[0,0,0],[1,0,0],[1,2,0],[13,4,58]]
[[0,0,0],[1,0,0],[1,2,0],[21,14,58]]
[[0,0,0],[1,0,0],[1,2,0],[25,8,58]]
[[0,0,0],[1,0,0],[0,1,0],[2,49,116]]
[[0,0,0],[1,0,0],[1,2,0],[9,6,58]]
[[0,0,0],[1,0,0],[0,2,0],[57,2,58]]
[[0,0,0],[1,0,0],[1,2,0],[1,6,58]]
[[0,0,0],[1,0,0],[0,1,0],[38,103,116]]
[[0,0,0],[1,0,0],[1,2,0],[19,48,58]]
[[0,0,0],[1,0,0],[0,1,0],[54,67,116]]
[[0,0,0],[1,0,0],[0,1,0],[90,67,116]]
[[0,0,0],[1,0,0],[0,2,0],[27,6,58]]
[[0,0,0],[1,0,0],[0,1,0],[10,75,116]]
[[0,0,0],[1,0,0],[0,1,0],[10,103,116]]
[[0,0,0],[1,0,0],[0,1,0],[26,17,116]]
[[0,0,0],[1,0,0],[0,1,0],[6,107,116]]
[[0,0,0],[1,0,0],[0,1,0],[34,55,116]]
[[0,0,0],[1,0,0],[0,1,0],[74,45,116]]
[[0,0,0],[1,0,0],[0,2,0],[27,18,58]]
[[0,0,0],[1,0,0],[0,1,0],[22,51,116]]
[[0,0,0],[1,0,0],[0,1,0],[32,13,116]]
[[0,0,0],[1,0,0],[0,2,0],[46,26,58]]
[[0,0,0],[1,0,0],[1,2,0],[1,18,58]]
[[0,0,0],[1,0,0],[0,1,0],[24,64,116]]
[[0,0,0],[1,0,0],[0,1,0],[14,37,116]]
[[0,0,0],[1,0,0],[0,1,0],[15,73,116]]
[[0,0,0],[1,0,0],[0,2,0],[21,6,58]]
[[0,0,0],[1,0,0],[0,1,0],[21,37,116]]
[[0,0,0],[1,0,0],[0,1,0],[2,31,116]]
[[0,0,0],[1,0,0],[0,1,0],[6,45,116]]
[[0,0,0],[1,0,0],[1,2,0],[7,4,58]]
[[0,0,0],[1,0,0],[0,1,0],[20,105,116]]
[[0,0,0],[1,0,0],[0,1,0],[6,53,116]]
[[0,0,0],[1,0,0],[0,1,0],[40,33,116]]
[[0,0,0],[1,0,0],[0,2,0],[10,40,58]]
[[0,0,0],[1,0,0],[0,1,0],[10,109,116]]
[[0,0,0],[1,0,0],[0,1,0],[98,7,116]]
[[0,0,0],[1,0,0],[0,1,0],[8,97,116]]
[[0,0,0],[1,0,0],[0,1,0],[98,115,116]]
[[0,0,0],[1,0,0],[0,1,0],[5,83,116]]
[[0,0,0],[1,0,0],[0,2,0],[7,48,58]]
[[0,0,0],[1,0,0],[0,2,0],[9,44,58]]
[[0,0,0],[1,0,0],[1,2,0],[11,4,58]]
[[0,0,0],[1,0,0],[0,2,0],[9,16,58]]
[[0,0,0],[1,0,0],[0,2,0],[19,8,58]]
[[0,0,0],[1,0,0],[0,2,0],[5,2,58]]
[[0,0,0],[1,0,0],[1,2,0],[31,30,58]]
[[0,0,0],[1,0,0],[0,1,0],[16,1,116]]
[[0,0,0],[1,0,0],[1,2,0],[39,30,58]]
[[0,0,0],[1,0,0],[0,1,0],[3,21,116]]
[[0,0,0],[1,0,0],[0,1,0],[46,15,116]]
[[0,0,0],[1,0,0],[0,1,0],[3,27,116]]
[[0,0,0],[1,0,0],[0,1,0],[42,111,116]]
[[0,0,0],[1,0,0],[0,1,0],[6,9,116]]
[[0,0,0],[1,0,0],[0,1,0],[60,109,116]]
[[0,0,0],[1,0,0],[0,1,0],[14,33,116]]
[[0,0,0],[1,0,0],[0,1,0],[62,79,116]]
[[0,0,0],[1,0,0],[0,1,0],[12,69,116]]
[[0,0,0],[1,0,0],[0,1,0],[36,1,116]]
[[0,0,0],[1,0,0],[0,1,0],[5,113,116]]
[[0,0,0],[4,0,0],[0,1,0],[0,1,29]]
[[0,0,0],[1,0,0],[0,2,0],[17,12,58]]
[[0,0,0],[1,0,0],[0,1,0],[6,93,116]]
[[0,0,0],[1,0,0],[0,1,0],[10,78,116]]
[[0,0,0],[1,0,0],[0,1,0],[98,91,116]]
[[0,0,0],[1,0,0],[0,1,0],[22,27,116]]
[[0,0,0],[1,0,0],[0,1,0],[48,101,116]]
[[0,0,0],[1,0,0],[1,2,0],[19,6,58]]
[[0,0,0],[1,0,0],[1,2,0],[19,46,58]]
[[0,0,0],[1,0,0],[1,2,0],[27,2,58]]
[[0,0,0],[1,0,0],[0,1,0],[42,97,116]]
[[0,0,0],[1,0,0],[0,1,0],[42,47,116]]
[[0,0,0],[1,0,0],[0,1,0],[14,1,116]]
[[0,0,0],[1,0,0],[0,1,0],[86,89,116]]
[[0,0,0],[1,0,0],[0,1,0],[14,9,116]]
[[0,0,0],[1,0,0],[0,1,0],[46,67,116]]
[[0,0,0],[1,0,0],[0,1,0],[46,71,116]]
[[0,0,0],[1,0,0],[1,2,0],[37,4,58]]
[[0,0,0],[1,0,0],[0,1,0],[2,35,116]]
[[0,0,0],[1,0,0],[0,1,0],[9,49,116]]
[[0,0,0],[1,0,0],[0,1,0],[11,77,116]]
[[0,0,0],[1,0,0],[0,1,0],[10,81,116]]
[[0,0,0],[1,0,0],[0,1,0],[76,99,116]]
[[0,0,0],[1,0,0],[0,1,0],[30,57,116]]
[[0,0,0],[1,0,0],[0,1,0],[4,84,116]]
[[0,0,0],[1,0,0],[0,1,0],[112,34,116]]
[[0,0,0],[1,0,0],[0,1,0],[3,47,116]]
[[0,0,0],[1,0,0],[0,1,0],[16,73,116]]
[[0,0,0],[1,0,0],[0,1,0],[62,91,116]]
[[0,0,0],[1,0,0],[0,1,0],[36,93,116]]
[[0,0,0],[1,0,0],[0,1,0],[36,37,116]]
[[0,0,0],[1,0,0],[0,1,0],[12,41,116]]
[[0,0,0],[1,0,0],[0,1,0],[14,19,116]]
[[0,0,0],[1,0,0],[0,1,0],[59,61,116]]
[[0,0,0],[1,0,0],[1,2,0],[7,34,58]]
[[0,0,0],[1,0,0],[0,2,0],[3,18,58]]
[[0,0,0],[1,0,0],[0,1,0],[20,113,116]]
[[0,0,0],[1,0,0],[0,1,0],[18,61,116]]
[[0,0,0],[1,0,0],[0,1,0],[4,93,116]]
[[0,0,0],[1,0,0],[1,2,0],[17,44,58]]
[[0,0,0],[1,0,0],[0,1,0],[22,53,116]]
[[0,0,0],[1,0,0],[0,1,0],[30,3,116]]
[[0,0,0],[1,0,0],[0,1,0],[34,27,116]]
[[0,0,0],[1,0,0],[0,1,0],[32,37,116]]
[[0,0,0],[1,0,0],[0,1,0],[7,113,116]]
[[0,0,0],[1,0,0],[0,1,0],[38,19,116]]
[[0,0,0],[1,0,0],[0,1,0],[36,101,116]]
[[0,0,0],[1,0,0],[0,1,0],[52,97,116]]
[[0,0,0],[1,0,0],[0,1,0],[36,23,116]]
[[0,0,0],[1,0,0],[0,1,0],[14,41,116]]
[[0,0,0],[1,0,0],[0,2,0],[17,26,58]]
[[0,0,0],[1,0,0],[0,1,0],[48,5,116]]
[[0,0,0],[1,0,0],[0,1,0],[47,99,116]]
[[0,0,0],[1,0,0],[1,2,0],[27,14,58]]
[[0,0,0],[1,0,0],[0,1,0],[59,73,116]]
[[0,0,0],[1,0,0],[0,1,0],[44,85,116]]
[[0,0,0],[1,0,0],[0,1,0],[5,9,116]]
[[0,0,0],[1,0,0],[0,1,0],[74,75,116]]
[[0,0,0],[1,0,0],[0,1,0],[16,9,116]]
[[0,0,0],[1,0,0],[0,2,0],[2,56,58]]
[[0,0,0],[1,0,0],[1,2,0],[5,12,58]]
[[0,0,0],[1,0,0],[0,1,0],[102,75,116]]
[[0,0,0],[2,0,0],[0,1,0],[29,1,58]]
[[0,0,0],[1,0,0],[0,1,0],[40,48,116]]
[[0,0,0],[1,0,0],[1,2,0],[11,28,58]]
[[0,0,0],[1,0,0],[0,1,0],[2,86,116]]
[[0,0,0],[1,0,0],[0,1,0],[6,41,116]]
[[0,0,0],[1,0,0],[0,1,0],[48,89,116]]
[[0,0,0],[1,0,0],[0,1,0],[38,81,116]]
[[0,0,0],[1,0,0],[0,1,0],[16,77,116]]
[[0,0,0],[1,0,0],[0,1,0],[14,25,116]]
[[0,0,0],[1,0,0],[0,1,0],[7,21,116]]
[[0,0,0],[1,0,0],[0,1,0],[8,77,116]]
[[0,0,0],[1,0,0],[0,1,0],[14,39,116]]
[[0,0,0],[1,0,0],[0,2,0],[9,18,58]]
[[0,0,0],[1,0,0],[1,2,0],[17,40,58]]
[[0,0,0],[1,0,0],[0,1,0],[8,73,116]]
[[0,0,0],[1,0,0],[0,1,0],[2,37,116]]
[[0,0,0],[1,0,0],[0,1,0],[36,52,116]]
[[0,0,0],[1,0,0],[0,1,0],[4,77,116]]
[[0,0,0],[1,0,0],[0,1,0],[28,61,116]]
[[0,0,0],[1,0,0],[0,1,0],[20,1,116]]
[[0,0,0],[1,0,0],[0,1,0],[14,7,116]]
[[0,0,0],[1,0,0],[0,1,0],[104,42,116]]
[[0,0,0],[1,0,0],[0,1,0],[4,109,116]]
[[0,0,0],[1,0,0],[0,1,0],[9,47,116]]
[[0,0,0],[1,0,0],[0,1,0],[46,47,116]]
[[0,0,0],[1,0,0],[0,1,0],[15,47,116]]
[[0,0,0],[1,0,0],[0,1,0],[2,67,116]]
[[0,0,0],[1,0,0],[0,2,0],[5,24,58]]
[[0,0,0],[1,0,0],[0,1,0],[10,19,116]]
[[0,0,0],[1,0,0],[0,1,0],[66,95,116]]
[[0,0,0],[1,0,0],[0,1,0],[1,9,116]]
[[0,0,0],[1,0,0],[0,1,0],[96,50,116]]
[[0,0,0],[1,0,0],[0,1,0],[12,76,116]]
[[0,0,0],[1,0,0],[1,2,0],[7,28,58]]
[[0,0,0],[1,0,0],[0,2,0],[9,50,58]]
[[0,0,0],[1,0,0],[0,1,0],[26,62,116]]
[[0,0,0],[1,0,0],[0,1,0],[86,111,116]]
[[0,0,0],[1,0,0],[1,2,0],[19,2,58]]
[[0,0,0],[1,0,0],[0,1,0],[12,89,116]]
[[0,0,0],[1,0,0],[0,1,0],[62,7,116]]
[[0,0,0],[1,0,0],[0,1,0],[2,115,116]]
[[0,0,0],[1,0,0],[0,1,0],[34,107,116]]
[[0,0,0],[1,0,0],[0,1,0],[74,115,116]]
[[0,0,0],[1,0,0],[0,1,0],[38,59,116]]
[[0,0,0],[1,0,0],[0,1,0],[6,11,116]]
[[0,0,0],[1,0,0],[0,1,0],[6,83,116]]
[[0,0,0],[1,0,0],[0,1,0],[2,107,116]]
[[0,0,0],[1,0,0],[0,1,0],[32,113,116]]
[[0,0,0],[1,0,0],[0,1,0],[66,115,116]]
[[0,0,0],[1,0,0],[0,1,0],[52,13,116]]
[[0,0,0],[1,0,0],[0,1,0],[50,51,116]]
[[0,0,0],[1,0,0],[0,1,0],[27,27,116]]
[[0,0,0],[1,0,0],[0,1,0],[26,37,116]]
[[0,0,0],[1,0,0],[0,1,0],[10,113,116]]
[[0,0,0],[1,0,0],[0,1,0],[70,63,116]]
[[0,0,0],[1,0,0],[0,1,0],[66,81,116]]
[[0,0,0],[1,0,0],[0,1,0],[38,93,116]]
[[0,0,0],[1,0,0],[0,1,0],[44,5,116]]
[[0,0,0],[1,0,0],[0,1,0],[76,69,116]]
[[0,0,0],[1,0,0],[0,1,0],[74,19,116]]
[[0,0,0],[1,0,0],[0,1,0],[59,75,116]]
[[0,0,0],[1,0,0],[0,1,0],[2,57,116]]
[[0,0,0],[1,0,0],[0,2,0],[7,18,58]]
[[0,0,0],[1,0,0],[0,1,0],[6,25,116]]
[[0,0,0],[1,0,0],[0,1,0],[16,13,116]]
[[0,0,0],[1,0,0],[0,1,0],[3,13,116]]
[[0,0,0],[1,0,0],[0,1,0],[22,11,116]]
[[0,0,0],[1,0,0],[0,1,0],[12,5,116]]
[[0,0,0],[1,0,0],[0,1,0],[26,27,116]]
[[0,0,0],[1,0,0],[0,1,0],[66,3,116]]
[[0,0,0],[1,0,0],[1,2,0],[13,28,58]]
[[0,0,0],[1,0,0],[0,1,0],[6,47,116]]
[[0,0,0],[1,0,0],[0,1,0],[14,3,116]]
[[0,0,0],[1,0,0],[0,1,0],[10,77,116]]
[[0,0,0],[1,0,0],[0,1,0],[20,5,116]]
[[0,0,0],[1,0,0],[0,1,0],[7,47,116]]
[[0,0,0],[1,0,0],[0,1,0],[30,5,116]]
[[0,0,0],[1,0,0],[1,2,0],[35,34,58]]
[[0,0,0],[1,0,0],[0,1,0],[6,17,116]]
[[0,0,0],[2,0,0],[0,1,0],[0,30,58]]
[[0,0,0],[1,0,0],[0,1,0],[3,19,116]]
[[0,0,0],[1,0,0],[0,1,0],[4,61,116]]
[[0,0,0],[1,0,0],[0,1,0],[18,75,116]]
[[0,0,0],[1,0,0],[0,1,0],[10,85,116]]
[[0,0,0],[1,0,0],[0,1,0],[4,41,116]]
[[0,0,0],[1,0,0],[0,1,0],[42,115,116]]
[[0,0,0],[1,0,0],[0,1,0],[10,15,116]]
[[0,0,0],[1,0,0],[0,1,0],[82,11,116]]
[[0,0,0],[1,0,0],[0,1,0],[29,59,116]]
[[0,0,0],[1,0,0],[0,2,0],[5,6,58]]
[[0,0,0],[1,0,0],[0,1,0],[24,33,116]]
[[0,0,0],[1,0,0],[0,1,0],[26,71,116]]
[[0,0,0],[1,0,0],[0,1,0],[18,70,116]]
[[0,0,0],[1,0,0],[0,1,0],[34,13,116]]
[[0,0,0],[1,0,0],[0,2,0],[5,22,58]]
[[0,0,0],[1,0,0],[0,1,0],[3,3,116]]
[[0,0,0],[1,0,0],[0,1,0],[3,41,116]]
[[0,0,0],[1,0,0],[0,1,0],[84,65,116]]
[[0,0,0],[1,0,0],[0,1,0],[38,95,116]]
[[0,0,0],[1,0,0],[0,1,0],[42,85,116]]
[[0,0,0],[1,0,0],[0,2,0],[23,24,58]]
[[0,0,0],[1,0,0],[0,1,0],[102,51,116]]
[[0,0,0],[1,0,0],[0,1,0],[17,25,116]]
[[0,0,0],[1,0,0],[0,2,0],[34,50,58]]
[[0,0,0],[1,0,0],[0,1,0],[6,69,116]]
[[0,0,0],[1,0,0],[0,1,0],[12,73,116]]
[[0,0,0],[1,0,0],[0,2,0],[21,2,58]]
[[0,0,0],[1,0,0],[1,2,0],[23,2,58]]
[[0,0,0],[1,0,0],[0,1,0],[61,85,116]]
[[0,0,0],[1,0,0],[0,1,0],[4,37,116]]
[[0,0,0],[1,0,0],[0,1,0],[38,41,116]]
[[0,0,0],[1,0,0],[0,1,0],[110,115,116]]
[[0,0,0],[1,0,0],[0,1,0],[4,81,116]]
[[0,0,0],[1,0,0],[0,1,0],[40,106,116]]
[[0,0,0],[1,0,0],[0,1,0],[84,62,116]]
[[0,0,0],[1,0,0],[0,2,0],[15,2,58]]
[[0,0,0],[1,0,0],[0,1,0],[6,91,116]]
[[0,0,0],[1,0,0],[0,1,0],[5,17,116]]
[[0,0,0],[1,0,0],[0,1,0],[20,73,116]]
[[0,0,0],[1,0,0],[0,1,0],[50,73,116]]
[[0,0,0],[1,0,0],[0,1,0],[16,21,116]]
[[0,0,0],[1,0,0],[0,1,0],[6,103,116]]
[[0,0,0],[1,0,0],[0,1,0],[22,17,116]]
[[0,0,0],[1,0,0],[0,1,0],[2,25,116]]
[[0,0,0],[1,0,0],[0,1,0],[32,101,116]]
[[0,0,0],[1,0,0],[1,2,0],[13,2,58]]
[[0,0,0],[1,0,0],[1,2,0],[23,22,58]]
[[0,0,0],[1,0,0],[0,1,0],[34,35,116]]
[[0,0,0],[1,0,0],[0,1,0],[3,7,116]]
[[0,0,0],[1,0,0],[1,2,0],[15,6,58]]
[[0,0,0],[1,0,0],[0,1,0],[48,21,116]]
[[0,0,0],[1,0,0],[0,1,0],[28,101,116]]
[[0,0,0],[1,0,0],[0,1,0],[12,65,116]]
[[0,0,0],[1,0,0],[0,1,0],[18,103,116]]
[[0,0,0],[1,0,0],[0,1,0],[26,107,116]]
[[0,0,0],[1,0,0],[0,1,0],[6,73,116]]
[[0,0,0],[1,0,0],[0,1,0],[62,23,116]]
[[0,0,0],[1,0,0],[0,2,0],[7,12,58]]
[[0,0,0],[1,0,0],[0,1,0],[18,43,116]]
[[0,0,0],[1,0,0],[0,2,0],[1,6,58]]
[[0,0,0],[1,0,0],[0,1,0],[10,65,116]]
[[0,0,0],[1,0,0],[0,1,0],[38,111,116]]
[[0,0,0],[1,0,0],[0,1,0],[5,35,116]]
[[0,0,0],[1,0,0],[0,1,0],[38,11,116]]
[[0,0,0],[1,0,0],[0,1,0],[28,53,116]]
[[0,0,0],[1,0,0],[0,1,0],[18,35,116]]
[[0,0,0],[1,0,0],[0,1,0],[50,89,116]]
[[0,0,0],[1,0,0],[0,1,0],[2,43,116]]
[[0,0,0],[1,0,0],[0,1,0],[6,79,116]]
[[0,0,0],[1,0,0],[0,1,0],[5,47,116]]
[[0,0,0],[1,0,0],[0,1,0],[3,53,116]]
[[0,0,0],[1,0,0],[0,1,0],[7,41,116]]
[[0,0,0],[1,0,0],[0,1,0],[34,25,116]]
[[0,0,0],[1,0,0],[0,1,0],[12,45,116]]
[[0,0,0],[1,0,0],[0,2,0],[5,50,58]]
[[0,0,0],[1,0,0],[0,1,0],[1,7,116]]
[[0,0,0],[1,0,0],[0,1,0],[54,115,116]]
[[0,0,0],[1,0,0],[0,1,0],[6,77,116]]
[[0,0,0],[1,0,0],[0,1,0],[30,9,116]]
[[0,0,0],[1,0,0],[0,2,0],[45,14,58]]
[[0,0,0],[1,0,0],[0,1,0],[11,49,116]]
[[0,0,0],[1,0,0],[1,2,0],[3,16,58]]
[[0,0,0],[1,0,0],[0,1,0],[6,101,116]]
[[0,0,0],[1,0,0],[1,2,0],[5,4,58]]
[[0,0,0],[1,0,0],[0,1,0],[18,47,116]]
[[0,0,0],[1,0,0],[0,1,0],[54,97,116]]
[[0,0,0],[1,0,0],[0,1,0],[46,75,116]]
[[0,0,0],[1,0,0],[0,1,0],[96,41,116]]
[[0,0,0],[1,0,0],[0,2,0],[45,2,58]]
[[0,0,0],[1,0,0],[0,2,0],[15,32,58]]
[[0,0,0],[1,0,0],[0,1,0],[42,89,116]]
[[0,0,0],[1,0,0],[0,1,0],[72,89,116]]
[[0,0,0],[1,0,0],[1,2,0],[45,44,58]]
[[0,0,0],[1,0,0],[0,1,0],[22,7,116]]
[[0,0,0],[1,0,0],[0,1,0],[6,57,116]]
[[0,0,0],[1,0,0],[1,2,0],[21,2,58]]
[[0,0,0],[1,0,0],[0,1,0],[8,45,116]]
[[0,0,0],[1,0,0],[0,1,0],[54,63,116]]
[[0,0,0],[1,0,0],[0,1,0],[38,115,116]]
[[0,0,0],[1,0,0],[0,1,0],[42,11,116]]
[[0,0,0],[1,0,0],[0,1,0],[11,33,116]]
[[0,0,0],[1,0,0],[0,1,0],[38,50,116]]
[[0,0,0],[1,0,0],[0,1,0],[54,59,116]]
[[0,0,0],[1,0,0],[0,1,0],[42,25,116]]
[[0,0,0],[1,0,0],[0,1,0],[26,55,116]]
[[0,0,0],[1,0,0],[0,1,0],[21,101,116]]
[[0,0,0],[1,0,0],[0,2,0],[3,4,58]]
[[0,0,0],[1,0,0],[0,1,0],[34,54,116]]
[[0,0,0],[1,0,0],[0,2,0],[22,16,58]]
[[0,0,0],[1,0,0],[0,1,0],[22,57,116]]
[[0,0,0],[1,0,0],[0,1,0],[46,1,116]]
[[0,0,0],[1,0,0],[0,1,0],[7,13,116]]
[[0,0,0],[1,0,0],[0,1,0],[62,19,116]]
[[0,0,0],[1,0,0],[0,1,0],[11,53,116]]
[[0,0,0],[1,0,0],[0,1,0],[25,63,116]]
[[0,0,0],[1,0,0],[0,1,0],[40,81,116]]
[[0,0,0],[1,0,0],[0,2,0],[17,42,58]]
[[0,0,0],[1,0,0],[0,1,0],[6,65,116]]
[[0,0,0],[1,0,0],[0,1,0],[6,95,116]]
[[0,0,0],[1,0,0],[0,1,0],[46,39,116]]
[[0,0,0],[1,0,0],[1,2,0],[25,18,58]]
[[0,0,0],[1,0,0],[0,1,0],[8,25,116]]
[[0,0,0],[1,0,0],[0,1,0],[4,5,116]]
[[0,0,0],[1,0,0],[0,1,0],[21,27,116]]
[[0,0,0],[1,0,0],[0,1,0],[46,27,116]]
[[0,0,0],[1,0,0],[0,1,0],[4,1,116]]
[[0,0,0],[1,0,0],[0,1,0],[54,71,116]]
[[0,0,0],[1,0,0],[1,2,0],[13,36,58]]
[[0,0,0],[1,0,0],[0,1,0],[2,23,116]]
[[0,0,0],[1,0,0],[0,1,0],[106,111,116]]
[[0,0,0],[1,0,0],[0,1,0],[8,61,116]]
[[0,0,0],[1,0,0],[0,1,0],[50,109,116]]
[[0,0,0],[1,0,0],[0,1,0],[70,19,116]]
[[0,0,0],[1,0,0],[0,1,0],[34,115,116]]
[[0,0,0],[1,0,0],[0,1,0],[26,11,116]]
[[0,0,0],[1,0,0],[1,2,0],[17,10,58]]
[[0,0,0],[1,0,0],[0,1,0],[88,57,116]]
[[0,0,0],[1,0,0],[0,2,0],[5,54,58]]
[[0,0,0],[1,0,0],[0,1,0],[56,89,116]]
[[0,0,0],[1,0,0],[0,1,0],[26,35,116]]
[[0,0,0],[1,0,0],[0,2,0],[17,30,58]]
[[0,0,0],[1,0,0],[0,1,0],[10,67,116]]
[[0,0,0],[1,0,0],[0,1,0],[4,53,116]]
[[0,0,0],[1,0,0],[0,1,0],[22,43,116]]
[[0,0,0],[1,0,0],[0,1,0],[6,27,116]]
[[0,0,0],[1,0,0],[0,1,0],[1,15,116]]
[[0,0,0],[1,0,0],[0,1,0],[82,57,116]]
[[0,0,0],[1,0,0],[0,1,0],[92,54,116]]
[[0,0,0],[1,0,0],[0,1,0],[5,31,116]]
[[0,0,0],[1,0,0],[0,1,0],[20,39,116]]
[[0,0,0],[1,0,0],[0,1,0],[30,47,116]]
[[0,0,0],[1,0,0],[0,1,0],[38,15,116]]
[[0,0,0],[1,0,0],[1,2,0],[3,18,58]]
[[0,0,0],[1,0,0],[1,2,0],[3,32,58]]
[[0,0,0],[1,0,0],[0,1,0],[38,83,116]]
[[0,0,0],[1,0,0],[0,1,0],[28,60,116]]
[[0,0,0],[1,0,0],[0,1,0],[30,91,116]]
[[0,0,0],[1,0,0],[0,1,0],[34,49,116]]
[[0,0,0],[1,0,0],[0,1,0],[2,89,116]]
[[0,0,0],[1,0,0],[0,1,0],[10,7,116]]
[[0,0,0],[1,0,0],[0,1,0],[48,11,116]]
[[0,0,0],[1,0,0],[0,2,0],[7,8,58]]
[[0,0,0],[1,0,0],[0,1,0],[10,23,116]]
[[0,0,0],[1,0,0],[0,1,0],[21,47,116]]
[[0,0,0],[1,0,0],[1,2,0],[27,20,58]]
[[0,0,0],[1,0,0],[0,1,0],[30,17,116]]
[[0,0,0],[1,0,0],[0,1,0],[10,45,116]]
[[0,0,0],[1,0,0],[0,1,0],[82,111,116]]
[[0,0,0],[1,0,0],[0,1,0],[18,53,116]]
[[0,0,0],[1,0,0],[0,1,0],[10,55,116]]
[[0,0,0],[1,0,0],[0,1,0],[36,109,116]]
[[0,0,0],[1,0,0],[0,1,0],[18,41,116]]
[[0,0,0],[1,0,0],[0,1,0],[44,1,116]]
[[0,0,0],[1,0,0],[0,1,0],[102,103,116]]
[[0,0,0],[1,0,0],[0,1,0],[22,9,116]]
[[0,0,0],[1,0,0],[0,1,0],[60,81,116]]
[[0,0,0],[1,0,0],[0,1,0],[16,57,116]]
[[0,0,0],[1,0,0],[0,1,0],[3,37,116]]
[[0,0,0],[1,0,0],[1,2,0],[5,32,58]]
[[0,0,0],[1,0,0],[0,1,0],[98,106,116]]
[[0,0,0],[1,0,0],[0,2,0],[20,20,58]]
[[0,0,0],[1,0,0],[1,2,0],[49,16,58]]
[[0,0,0],[1,0,0],[0,1,0],[17,71,116]]
[[0,0,0],[1,0,0],[1,2,0],[9,4,58]]
[[0,0,0],[1,0,0],[0,2,0],[21,22,58]]
[[0,0,0],[1,0,0],[0,1,0],[1,45,116]]
[[0,0,0],[1,0,0],[1,2,0],[21,44,58]]
[[0,0,0],[1,0,0],[0,1,0],[14,43,116]]
[[0,0,0],[1,0,0],[0,1,0],[18,21,116]]
[[0,0,0],[1,0,0],[0,1,0],[10,107,116]]
[[0,0,0],[1,0,0],[0,1,0],[22,71,116]]
[[0,0,0],[1,0,0],[0,1,0],[3,25,116]]
[[0,0,0],[1,0,0],[0,1,0],[46,115,116]]
[[0,0,0],[1,0,0],[1,2,0],[3,10,58]]
[[0,0,0],[1,0,0],[1,2,0],[31,22,58]]
[[0,0,0],[1,0,0],[0,1,0],[22,39,116]]
[[0,0,0],[1,0,0],[0,1,0],[47,71,116]]
[[0,0,0],[1,0,0],[1,2,0],[41,26,58]]
[[0,0,0],[1,0,0],[0,1,0],[7,19,116]]
[[0,0,0],[1,0,0],[0,1,0],[54,15,116]]
[[0,0,0],[1,0,0],[0,1,0],[82,79,116]]
[[0,0,0],[1,0,0],[0,1,0],[46,109,116]]
[[0,0,0],[1,0,0],[0,1,0],[15,27,116]]
[[0,0,0],[1,0,0],[0,1,0],[38,25,116]]
[[0,0,0],[1,0,0],[0,1,0],[32,5,116]]
[[0,0,0],[1,0,0],[0,2,0],[1,16,58]]
[[0,0,0],[1,0,0],[0,2,0],[3,6,58]]
[[0,0,0],[1,0,0],[0,1,0],[26,49,116]]
[[0,0,0],[1,0,0],[0,1,0],[3,51,116]]
[[0,0,0],[1,0,0],[0,1,0],[26,3,116]]
[[0,0,0],[1,0,0],[0,1,0],[2,81,116]]
[[0,0,0],[1,0,0],[0,1,0],[10,47,116]]
[[0,0,0],[1,0,0],[0,1,0],[6,75,116]]
[[0,0,0],[1,0,0],[0,1,0],[62,103,116]]
[[0,0,0],[1,0,0],[0,1,0],[34,83,116]]
[[0,0,0],[1,0,0],[0,1,0],[102,102,116]]
[[0,0,0],[1,0,0],[0,1,0],[26,57,116]]
[[0,0,0],[1,0,0],[0,1,0],[50,35,116]]
[[0,0,0],[1,0,0],[1,2,0],[7,22,58]]
[[0,0,0],[1,0,0],[0,1,0],[30,11,116]]
[[0,0,0],[1,0,0],[0,1,0],[2,17,116]]
[[0,0,0],[1,0,0],[0,1,0],[6,43,116]]
[[0,0,0],[1,0,0],[0,1,0],[1,11,116]]
[[0,0,0],[1,0,0],[0,1,0],[36,85,116]]
[[0,0,0],[1,0,0],[0,1,0],[54,1,116]]
[[0,0,0],[1,0,0],[1,2,0],[7,24,58]]
[[0,0,0],[1,0,0],[0,1,0],[22,115,116]]
[[0,0,0],[1,0,0],[0,2,0],[17,6,58]]
[[0,0,0],[1,0,0],[0,1,0],[26,43,116]]
[[0,0,0],[1,0,0],[0,1,0],[36,25,116]]
[[0,0,0],[1,0,0],[0,1,0],[62,113,116]]
[[0,0,0],[1,0,0],[1,2,0],[13,10,58]]
[[0,0,0],[1,0,0],[0,1,0],[5,19,116]]
[[0,0,0],[1,0,0],[0,1,0],[15,33,116]]
[[0,0,0],[1,0,0],[0,1,0],[4,49,116]]
[[0,0,0],[1,0,0],[0,1,0],[11,31,116]]
[[0,0,0],[1,0,0],[0,1,0],[24,49,116]]
[[0,0,0],[1,0,0],[0,1,0],[20,97,116]]
[[0,0,0],[1,0,0],[0,1,0],[50,55,116]]
[[0,0,0],[1,0,0],[0,1,0],[16,17,116]]
[[0,0,0],[1,0,0],[0,1,0],[74,35,116]]
[[0,0,0],[1,0,0],[0,1,0],[40,9,116]]
[[0,0,0],[1,0,0],[1,2,0],[15,14,58]]
[[0,0,0],[1,0,0],[0,1,0],[18,71,116]]
[[0,0,0],[1,0,0],[1,2,0],[3,26,58]]
[[0,0,0],[1,0,0],[0,1,0],[11,47,116]]
[[0,0,0],[1,0,0],[0,1,0],[23,35,116]]
[[0,0,0],[1,0,0],[0,1,0],[62,31,116]]
[[0,0,0],[1,0,0],[0,2,0],[7,46,58]]
[[0,0,0],[1,0,0],[0,1,0],[3,55,116]]
[[0,0,0],[1,0,0],[0,1,0],[10,51,116]]
[[0,0,0],[1,0,0],[0,1,0],[28,41,116]]
[[0,0,0],[1,0,0],[0,1,0],[18,3,116]]
[[0,0,0],[1,0,0],[0,1,0],[16,101,116]]
[[0,0,0],[1,0,0],[0,1,0],[17,19,116]]
[[0,0,0],[1,0,0],[0,1,0],[2,5,116]]
[[0,0,0],[1,0,0],[0,1,0],[38,23,116]]
[[0,0,0],[1,0,0],[0,1,0],[40,25,116]]
[[0,0,0],[1,0,0],[0,1,0],[30,33,116]]
[[0,0,0],[1,0,0],[0,1,0],[66,101,116]]
[[0,0,0],[1,0,0],[0,1,0],[12,17,116]]
[[0,0,0],[1,0,0],[0,1,0],[38,67,116]]
[[0,0,0],[1,0,0],[0,1,0],[18,9,116]]
[[0,0,0],[1,0,0],[0,1,0],[14,5,116]]
[[0,0,0],[1,0,0],[0,1,0],[4,113,116]]
[[0,0,0],[1,0,0],[0,1,0],[46,95,116]]
[[0,0,0],[1,0,0],[0,1,0],[94,35,116]]
[[0,0,0],[1,0,0],[0,1,0],[30,75,116]]
[[0,0,0],[1,0,0],[0,1,0],[24,1,116]]
[[0,0,0],[1,0,0],[0,1,0],[24,6,116]]
[[0,0,0],[1,0,0],[0,1,0],[18,31,116]]
[[0,0,0],[1,0,0],[0,1,0],[38,63,116]]
[[0,0,0],[1,0,0],[0,1,0],[10,41,116]]
[[0,0,0],[1,0,0],[0,1,0],[21,25,116]]
[[0,0,0],[1,0,0],[0,1,0],[14,89,116]]
[[0,0,0],[1,0,0],[0,1,0],[34,37,116]]
[[0,0,0],[1,0,0],[0,1,0],[22,67,116]]
[[0,0,0],[1,0,0],[0,1,0],[16,109,116]]
[[0,0,0],[1,0,0],[0,1,0],[46,73,116]]
[[0,0,0],[1,0,0],[0,1,0],[62,101,116]]
[[0,0,0],[1,0,0],[0,1,0],[42,39,116]]
[[0,0,0],[1,0,0],[0,1,0],[5,7,116]]
[[0,0,0],[1,0,0],[0,1,0],[66,91,116]]
[[0,0,0],[1,0,0],[1,2,0],[9,34,58]]
[[0,0,0],[1,0,0],[0,2,0],[29,2,58]]
[[0,0,0],[1,0,0],[0,1,0],[48,97,116]]
[[0,0,0],[1,0,0],[0,2,0],[7,10,58]]
[[0,0,0],[1,0,0],[0,1,0],[62,99,116]]
[[0,0,0],[1,0,0],[0,1,0],[42,23,116]]
[[0,0,0],[1,0,0],[1,2,0],[39,22,58]]
[[0,0,0],[1,0,0],[0,1,0],[56,97,116]]
[[0,0,0],[1,0,0],[0,1,0],[6,97,116]]
[[0,0,0],[1,0,0],[1,2,0],[7,16,58]]
[[0,0,0],[1,0,0],[0,2,0],[11,40,58]]
[[0,0,0],[1,0,0],[0,1,0],[14,77,116]]
[[0,0,0],[1,0,0],[0,1,0],[46,17,116]]
[[0,0,0],[1,0,0],[0,1,0],[12,47,116]]
[[0,0,0],[1,0,0],[1,2,0],[5,24,58]]
[[0,0,0],[1,0,0],[0,2,0],[27,8,58]]
[[0,0,0],[1,0,0],[0,1,0],[14,95,116]]
[[0,0,0],[1,0,0],[0,2,0],[19,28,58]]
[[0,0,0],[1,0,0],[0,1,0],[82,99,116]]
[[0,0,0],[1,0,0],[0,1,0],[22,45,116]]
[[0,0,0],[1,0,0],[0,1,0],[18,5,116]]
[[0,0,0],[1,0,0],[0,1,0],[3,5,116]]
[[0,0,0],[1,0,0],[0,1,0],[2,55,116]]
[[0,0,0],[1,0,0],[1,2,0],[7,6,58]]
[[0,0,0],[1,0,0],[0,1,0],[22,95,116]]
[[0,0,0],[1,0,0],[0,1,0],[42,105,116]]
[[0,0,0],[1,0,0],[0,1,0],[26,115,116]]
[[0,0,0],[1,0,0],[0,1,0],[5,43,116]]
[[0,0,0],[1,0,0],[0,1,0],[9,109,116]]
[[0,0,0],[1,0,0],[0,1,0],[6,35,116]]
[[0,0,0],[1,0,0],[0,1,0],[4,97,116]]
[[0,0,0],[1,0,0],[0,1,0],[26,101,116]]
[[0,0,0],[1,0,0],[0,1,0],[10,93,116]]
[[0,0,0],[1,0,0],[0,1,0],[32,9,116]]
[[0,0,0],[1,0,0],[0,1,0],[18,51,116]]
[[0,0,0],[1,0,0],[0,1,0],[17,27,116]]
[[0,0,0],[1,0,0],[0,1,0],[17,107,116]]
[[0,0,0],[1,0,0],[1,2,0],[3,14,58]]
[[0,0,0],[1,0,0],[0,1,0],[15,23,116]]
[[0,0,0],[1,0,0],[0,1,0],[7,37,116]]
[[0,0,0],[1,0,0],[0,1,0],[82,69,116]]
[[0,0,0],[1,0,0],[0,1,0],[6,61,116]]
[[0,0,0],[1,0,0],[0,1,0],[100,104,116]]
[[0,0,0],[1,0,0],[0,1,0],[78,91,116]]
[[0,0,0],[1,0,0],[0,1,0],[22,111,116]]
[[0,0,0],[1,0,0],[0,1,0],[3,35,116]]
[[0,0,0],[1,0,0],[0,1,0],[82,91,116]]
[[0,0,0],[1,0,0],[0,1,0],[4,65,116]]
[[0,0,0],[1,0,0],[0,1,0],[4,73,116]]
[[0,0,0],[1,0,0],[0,2,0],[3,24,58]]
[[0,0,0],[1,0,0],[0,1,0],[14,65,116]]
[[0,0,0],[1,0,0],[1,2,0],[7,36,58]]
[[0,0,0],[1,0,0],[0,2,0],[33,52,58]]
[[0,0,0],[1,0,0],[0,1,0],[22,91,116]]
[[0,0,0],[1,0,0],[0,1,0],[74,57,116]]
[[0,0,0],[1,0,0],[0,1,0],[34,109,116]]
[[0,0,0],[1,0,0],[0,1,0],[26,13,116]]
[[0,0,0],[1,0,0],[0,1,0],[15,45,116]]
[[0,0,0],[1,0,0],[0,1,0],[50,103,116]]
[[0,0,0],[2,0,0],[0,1,0],[29,30,58]]
[[0,0,0],[1,0,0],[0,1,0],[23,33,116]]
[[0,0,0],[1,0,0],[0,1,0],[38,55,116]]
[[0,0,0],[1,0,0],[0,1,0],[50,83,116]]
[[0,0,0],[1,0,0],[0,1,0],[66,57,116]]
[[0,0,0],[1,0,0],[0,1,0],[28,2,116]]
[[0,0,0],[1,0,0],[0,1,0],[25,99,116]]
[[0,0,0],[1,0,0],[0,1,0],[50,105,116]]
[[0,0,0],[1,0,0],[0,1,0],[80,57,116]]
[[0,0,0],[1,0,0],[1,2,0],[13,6,58]]
[[0,0,0],[1,0,0],[0,1,0],[14,69,116]]
[[0,0,0],[1,0,0],[1,2,0],[1,10,58]]
[[0,0,0],[1,0,0],[0,1,0],[22,103,116]]
[[0,0,0],[1,0,0],[0,1,0],[2,99,116]]
[[0,0,0],[1,0,0],[0,1,0],[50,99,116]]
[[0,0,0],[1,0,0],[0,1,0],[16,61,116]]
[[0,0,0],[1,0,0],[0,1,0],[46,91,116]]
[[0,0,0],[1,0,0],[0,1,0],[6,15,116]]
[[0,0,0],[1,0,0],[0,1,0],[34,59,116]]
[[0,0,0],[1,0,0],[0,1,0],[30,35,116]]
[[0,0,0],[1,0,0],[0,1,0],[64,82,116]]
[[0,0,0],[1,0,0],[1,2,0],[21,6,58]]
[[0,0,0],[1,0,0],[0,1,0],[38,5,116]]
[[0,0,0],[1,0,0],[0,2,0],[4,52,58]]
[[0,0,0],[1,0,0],[0,1,0],[20,68,116]]
[[0,0,0],[1,0,0],[0,1,0],[2,41,116]]
[[0,0,0],[1,0,0],[0,2,0],[3,8,58]]
[[0,0,0],[1,0,0],[0,1,0],[7,111,116]]
[[0,0,0],[1,0,0],[0,1,0],[38,21,116]]
[[0,0,0],[1,0,0],[0,1,0],[24,25,116]]
[[0,0,0],[1,0,0],[0,1,0],[14,55,116]]
[[0,0,0],[1,0,0],[0,1,0],[6,37,116]]
[[0,0,0],[1,0,0],[0,2,0],[23,36,58]]
[[0,0,0],[1,0,0],[0,1,0],[6,63,116]]
[[0,0,0],[1,0,0],[0,1,0],[2,47,116]]
[[0,0,0],[1,0,0],[0,1,0],[32,1,116]]
[[0,0,0],[1,0,0],[0,1,0],[24,101,116]]
[[0,0,0],[1,0,0],[0,2,0],[7,2,58]]
[[0,0,0],[1,0,0],[0,1,0],[22,75,116]]
[[0,0,0],[1,0,0],[0,1,0],[16,45,116]]
[[0,0,0],[1,0,0],[0,1,0],[22,63,116]]
[[0,0,0],[1,0,0],[1,2,0],[21,50,58]]
[[0,0,0],[1,0,0],[0,2,0],[5,14,58]]
[[0,0,0],[1,0,0],[0,1,0],[15,51,116]]
[[0,0,0],[1,0,0],[0,1,0],[32,93,116]]
[[0,0,0],[1,0,0],[0,1,0],[56,65,116]]
[[0,0,0],[1,0,0],[0,1,0],[78,39,116]]
[[0,0,0],[1,0,0],[0,1,0],[2,105,116]]
[[0,0,0],[1,0,0],[0,2,0],[5,52,58]]
[[0,0,0],[1,0,0],[0,1,0],[10,31,116]]
[[0,0,0],[1,0,0],[1,2,0],[1,8,58]]
[[0,0,0],[1,0,0],[0,1,0],[60,69,116]]
[[0,0,0],[1,0,0],[0,1,0],[92,112,116]]
[[0,0,0],[1,0,0],[0,1,0],[78,51,116]]
[[0,0,0],[1,0,0],[0,1,0],[74,67,116]]
[[0,0,0],[1,0,0],[0,2,0],[33,12,58]]
[[0,0,0],[1,0,0],[0,1,0],[48,69,116]]
[[0,0,0],[1,0,0],[1,2,0],[17,12,58]]
[[0,0,0],[1,0,0],[0,1,0],[9,9,116]]
[[0,0,0],[1,0,0],[0,1,0],[12,77,116]]
[[0,0,0],[1,0,0],[0,1,0],[86,43,116]]
[[0,0,0],[1,0,0],[0,1,0],[38,35,116]]
[[0,0,0],[1,0,0],[0,1,0],[106,115,116]]
[[0,0,0],[1,0,0],[0,1,0],[8,65,116]]
[[0,0,0],[1,0,0],[0,1,0],[40,113,116]]
[[0,0,0],[1,0,0],[1,2,0],[5,16,58]]
[[0,0,0],[1,0,0],[0,1,0],[2,19,116]]
[[0,0,0],[1,0,0],[0,1,0],[66,7,116]]
[[0,0,0],[1,0,0],[0,1,0],[34,89,116]]
[[0,0,0],[1,0,0],[0,1,0],[22,37,116]]
[[0,0,0],[1,0,0],[0,1,0],[18,63,116]]
[[0,0,0],[1,0,0],[0,1,0],[68,78,116]]
[[0,0,0],[1,0,0],[1,2,0],[9,8,58]]
[[0,0,0],[1,0,0],[0,1,0],[114,115,116]]
[[0,0,0],[1,0,0],[0,1,0],[18,109,116]]
[[0,0,0],[1,0,0],[0,1,0],[30,19,116]]
[[0,0,0],[1,0,0],[0,1,0],[6,3,116]]
[[0,0,0],[1,0,0],[0,1,0],[14,35,116]]
[[0,0,0],[1,0,0],[0,1,0],[56,1,116]]
[[0,0,0],[1,0,0],[0,1,0],[9,23,116]]
[[0,0,0],[1,0,0],[0,1,0],[86,31,116]]
[[0,0,0],[1,0,0],[1,2,0],[9,28,58]]
[[0,0,0],[1,0,0],[0,1,0],[64,81,116]]
[[0,0,0],[1,0,0],[0,1,0],[50,1,116]]
[[0,0,0],[1,0,0],[0,1,0],[2,7,116]]
[[0,0,0],[1,0,0],[0,2,0],[19,40,58]]
[[0,0,0],[1,0,0],[0,1,0],[5,45,116]]
[[0,0,0],[1,0,0],[0,1,0],[86,83,116]]
[[0,0,0],[1,0,0],[0,1,0],[62,57,116]]
[[0,0,0],[1,0,0],[1,2,0],[31,6,58]]
[[0,0,0],[1,0,0],[0,1,0],[6,89,116]]
[[0,0,0],[1,0,0],[0,1,0],[18,13,116]]
[[0,0,0],[1,0,0],[0,1,0],[15,49,116]]
[[0,0,0],[1,0,0],[0,1,0],[3,115,116]]
[[0,0,0],[1,0,0],[0,1,0],[12,25,116]]
[[0,0,0],[1,0,0],[1,2,0],[45,34,58]]
[[0,0,0],[1,0,0],[0,1,0],[46,111,116]]
[[0,0,0],[1,0,0],[0,1,0],[2,21,116]]
[[0,0,0],[1,0,0],[0,1,0],[27,45,116]]
[[0,0,0],[1,0,0],[0,2,0],[17,36,58]]
[[0,0,0],[1,0,0],[0,1,0],[28,89,116]]
[[0,0,0],[1,0,0],[0,1,0],[1,5,116]]
[[0,0,0],[1,0,0],[0,1,0],[8,37,116]]
[[0,0,0],[1,0,0],[0,1,0],[2,65,116]]
[[0,0,0],[1,0,0],[0,1,0],[48,98,116]]
[[0,0,0],[1,0,0],[0,1,0],[2,63,116]]
[[0,0,0],[1,0,0],[0,1,0],[6,49,116]]
[[0,0,0],[1,0,0],[0,1,0],[15,103,116]]
[[0,0,0],[1,0,0],[1,2,0],[33,10,58]]
[[0,0,0],[1,0,0],[0,1,0],[18,15,116]]
[[0,0,0],[1,0,0],[0,1,0],[42,27,116]]
[[0,0,0],[1,0,0],[0,1,0],[34,3,116]]
[[0,0,0],[1,0,0],[0,1,0],[4,25,116]]
[[0,0,0],[1,0,0],[0,1,0],[14,107,116]]
[[0,0,0],[1,0,0],[0,1,0],[50,39,116]]
[[0,0,0],[1,0,0],[0,1,0],[51,67,116]]
[[0,0,0],[1,0,0],[0,2,0],[8,44,58]]
[[0,0,0],[1,0,0],[0,1,0],[94,47,116]]
[[0,0,0],[1,0,0],[0,1,0],[110,55,116]]
[[0,0,0],[1,0,0],[0,1,0],[7,25,116]]
[[0,0,0],[1,0,0],[0,2,0],[23,2,58]]
[[0,0,0],[1,0,0],[0,1,0],[24,57,116]]
[[0,0,0],[1,0,0],[0,1,0],[32,109,116]]
[[0,0,0],[1,0,0],[0,1,0],[11,41,116]]
[[0,0,0],[1,0,0],[0,1,0],[32,89,116]]
[[0,0,0],[1,0,0],[1,2,0],[19,16,58]]
[[0,0,0],[1,0,0],[0,1,0],[18,83,116]]
[[0,0,0],[1,0,0],[0,2,0],[16,28,58]]
[[0,0,0],[1,0,0],[0,1,0],[2,113,116]]
[[0,0,0],[1,0,0],[0,1,0],[6,85,116]]
[[0,0,0],[1,0,0],[0,1,0],[18,59,116]]
[[0,0,0],[1,0,0],[0,1,0],[16,37,116]]
[[0,0,0],[1,0,0],[0,1,0],[6,67,116]]
[[0,0,0],[1,0,0],[0,1,0],[28,21,116]]
[[0,0,0],[1,0,0],[0,1,0],[66,75,116]]
[[0,0,0],[1,0,0],[0,2,0],[33,26,58]]
[[0,0,0],[1,0,0],[1,2,0],[23,14,58]]
[[0,0,0],[1,0,0],[0,1,0],[4,26,116]]
[[0,0,0],[1,0,0],[0,1,0],[14,31,116]]
[[0,0,0],[1,0,0],[0,1,0],[26,53,116]]
[[0,0,0],[1,0,0],[0,1,0],[87,59,116]]
[[0,0,0],[1,0,0],[0,2,0],[11,6,58]]
[[0,0,0],[1,0,0],[0,1,0],[14,85,116]]
[[0,0,0],[1,0,0],[0,1,0],[30,71,116]]
[[0,0,0],[1,0,0],[0,1,0],[62,115,116]]
[[0,0,0],[1,0,0],[0,1,0],[14,47,116]]
[[0,0,0],[1,0,0],[0,1,0],[78,49,116]]
[[0,0,0],[1,0,0],[0,1,0],[17,101,116]]
[[0,0,0],[1,0,0],[0,1,0],[7,7,116]]
[[0,0,0],[1,0,0],[0,1,0],[94,115,116]]
[[0,0,0],[1,0,0],[0,1,0],[2,71,116]]
[[0,0,0],[1,0,0],[0,1,0],[6,51,116]]
[[0,0,0],[1,0,0],[1,2,0],[27,26,58]]
[[0,0,0],[1,0,0],[1,2,0],[37,18,58]]
[[0,0,0],[1,0,0],[0,1,0],[50,59,116]]
[[0,0,0],[1,0,0],[0,1,0],[22,66,116]]
[[0,0,0],[1,0,0],[0,1,0],[28,33,116]]
[[0,0,0],[1,0,0],[0,1,0],[10,69,116]]
[[0,0,0],[1,0,0],[0,1,0],[14,79,116]]
[[0,0,0],[1,0,0],[0,2,0],[5,16,58]]
[[0,0,0],[1,0,0],[0,1,0],[18,111,116]]
[[0,0,0],[1,0,0],[0,1,0],[46,81,116]]
[[0,0,0],[1,0,0],[0,1,0],[36,45,116]]
[[0,0,0],[1,0,0],[0,1,0],[7,31,116]]
[[0,0,0],[1,0,0],[0,1,0],[10,57,116]]
[[0,0,0],[1,0,0],[0,1,0],[4,17,116]]
[[0,0,0],[1,0,0],[0,1,0],[72,74,116]]
[[0,0,0],[1,0,0],[0,1,0],[90,63,116]]
[[0,0,0],[1,0,0],[0,1,0],[10,83,116]]
[[0,0,0],[1,0,0],[0,1,0],[42,46,116]]
[[0,0,0],[1,0,0],[0,1,0],[22,13,116]]
[[0,0,0],[1,0,0],[0,1,0],[44,102,116]]
[[0,0,0],[1,0,0],[0,1,0],[2,91,116]]
[[0,0,0],[1,0,0],[0,2,0],[15,44,58]]
[[0,0,0],[1,0,0],[0,1,0],[48,1,116]]
[[0,0,0],[1,0,0],[0,1,0],[1,17,116]]
[[0,0,0],[1,0,0],[0,1,0],[34,7,116]]
[[0,0,0],[1,0,0],[1,2,0],[17,4,58]]
[[0,0,0],[1,0,0],[0,1,0],[76,41,116]]
[[0,0,0],[1,0,0],[1,2,0],[3,20,58]]
[[0,0,0],[1,0,0],[0,1,0],[22,1,116]]
[[0,0,0],[1,0,0],[0,1,0],[70,93,116]]
[[0,0,0],[1,0,0],[1,2,0],[5,34,58]]
[[0,0,0],[1,0,0],[1,2,0],[7,2,58]]
[[0,0,0],[1,0,0],[0,1,0],[3,57,116]]
[[0,0,0],[1,0,0],[0,1,0],[7,53,116]]
[[0,0,0],[1,0,0],[0,2,0],[15,8,58]]
[[0,0,0],[1,0,0],[0,1,0],[74,51,116]]
[[0,0,0],[1,0,0],[0,1,0],[80,66,116]]
[[0,0,0],[1,0,0],[0,1,0],[44,97,116]]
[[0,0,0],[1,0,0],[1,2,0],[15,36,58]]
[[0,0,0],[1,0,0],[1,2,0],[3,24,58]]
[[0,0,0],[1,0,0],[0,1,0],[29,1,116]]
[[0,0,0],[1,0,0],[0,1,0],[28,57,116]]
[[0,0,0],[1,0,0],[0,1,0],[24,21,116]]
[[0,0,0],[1,0,0],[0,1,0],[26,51,116]]
[[0,0,0],[1,0,0],[0,1,0],[37,51,116]]
[[0,0,0],[1,0,0],[1,2,0],[19,42,58]]
[[0,0,0],[1,0,0],[0,1,0],[27,61,116]]
[[0,0,0],[1,0,0],[0,1,0],[52,113,116]]
[[0,0,0],[1,0,0],[0,1,0],[56,90,116]]
[[0,0,0],[1,0,0],[0,1,0],[18,19,116]]
[[0,0,0],[1,0,0],[0,1,0],[7,51,116]]
[[0,0,0],[1,0,0],[0,1,0],[36,9,116]]
[[0,0,0],[1,0,0],[0,1,0],[2,95,116]]
[[0,0,0],[1,0,0],[0,2,0],[27,2,58]]
[[0,0,0],[1,0,0],[0,1,0],[6,82,116]]
[[0,0,0],[1,0,0],[0,1,0],[74,103,116]]
[[0,0,0],[1,0,0],[0,2,0],[33,2,58]]
[[0,0,0],[1,0,0],[0,1,0],[20,77,116]]
[[0,0,0],[1,0,0],[0,1,0],[4,89,116]]
[[0,0,0],[1,0,0],[0,1,0],[5,15,116]]
[[0,0,0],[1,0,0],[0,1,0],[7,27,116]]
[[0,0,0],[1,0,0],[1,2,0],[17,2,58]]
[[0,0,0],[1,0,0],[0,1,0],[30,67,116]]
[[0,0,0],[1,0,0],[1,2,0],[13,8,58]]
[[0,0,0],[1,0,0],[1,2,0],[5,26,58]]
[[0,0,0],[1,0,0],[0,1,0],[24,61,116]]
[[0,0,0],[1,0,0],[0,1,0],[2,83,116]]
[[0,0,0],[1,0,0],[0,1,0],[30,59,116]]
[[0,0,0],[1,0,0],[1,2,0],[9,30,58]]
[[0,0,0],[1,0,0],[0,1,0],[38,1,116]]
[[0,0,0],[1,0,0],[0,1,0],[34,103,116]]
[[0,0,0],[1,0,0],[0,1,0],[12,109,116]]
[[0,0,0],[1,0,0],[0,1,0],[14,74,116]]
[[0,0,0],[1,0,0],[0,2,0],[3,2,58]]
[[0,0,0],[1,0,0],[0,1,0],[56,105,116]]
[[0,0,0],[1,0,0],[0,1,0],[11,25,116]]
[[0,0,0],[1,0,0],[0,1,0],[3,33,116]]
[[0,0,0],[1,0,0],[0,1,0],[60,86,116]]
[[0,0,0],[1,0,0],[0,1,0],[2,59,116]]
[[0,0,0],[1,0,0],[0,1,0],[66,111,116]]
[[0,0,0],[1,0,0],[0,1,0],[90,15,116]]
[[0,0,0],[1,0,0],[0,1,0],[11,109,116]]
[[0,0,0],[1,0,0],[0,1,0],[68,81,116]]
[[0,0,0],[1,0,0],[0,2,0],[15,42,58]]
[[0,0,0],[1,0,0],[0,1,0],[24,9,116]]
[[0,0,0],[1,0,0],[0,1,0],[6,21,116]]
[[0,0,0],[1,0,0],[0,1,0],[24,37,116]]
[[0,0,0],[1,0,0],[0,2,0],[9,6,58]]
[[0,0,0],[1,0,0],[0,1,0],[24,93,116]]
[[0,0,0],[1,0,0],[0,1,0],[78,3,116]]
[[0,0,0],[1,0,0],[0,1,0],[6,105,116]]
[[0,0,0],[1,0,0],[0,1,0],[6,111,116]]
[[0,0,0],[1,0,0],[0,1,0],[2,75,116]]
[[0,0,0],[1,0,0],[0,1,0],[2,103,116]]
[[0,0,0],[1,0,0],[0,1,0],[11,107,116]]
[[0,0,0],[1,0,0],[1,2,0],[15,38,58]]
[[0,0,0],[1,0,0],[0,1,0],[12,57,116]]
[[0,0,0],[1,0,0],[0,1,0],[9,41,116]]
[[0,0,0],[1,0,0],[0,1,0],[19,45,116]]
[[0,0,0],[1,0,0],[0,1,0],[52,65,116]]
[[0,0,0],[1,0,0],[0,1,0],[36,81,116]]
[[0,0,0],[1,0,0],[0,1,0],[1,35,116]]
[[0,0,0],[1,0,0],[0,1,0],[74,95,116]]
[[0,0,0],[1,0,0],[1,2,0],[15,10,58]]
[[0,0,0],[1,0,0],[0,1,0],[50,85,116]]
[[0,0,0],[1,0,0],[0,1,0],[14,81,116]]
[[0,0,0],[1,0,0],[1,2,0],[5,28,58]]
[[0,0,0],[1,0,0],[1,2,0],[13,34,58]]
[[0,0,0],[1,0,0],[0,1,0],[12,18,116]]
[[0,0,0],[1,0,0],[0,1,0],[22,109,116]]
[[0,0,0],[1,0,0],[0,1,0],[30,79,116]]
[[0,0,0],[1,0,0],[0,1,0],[78,43,116]]
[[0,0,0],[1,0,0],[0,1,0],[26,113,116]]
[[0,0,0],[1,0,0],[1,2,0],[11,38,58]]
[[0,0,0],[1,0,0],[0,1,0],[8,89,116]]
[[0,0,0],[1,0,0],[0,1,0],[73,73,116]]
[[0,0,0],[1,0,0],[0,1,0],[5,51,116]]
[[0,0,0],[1,0,0],[1,2,0],[1,2,58]]
[[0,0,0],[1,0,0],[0,1,0],[18,67,116]]
[[0,0,0],[1,0,0],[0,2,0],[7,52,58]]
[[0,0,0],[1,0,0],[1,2,0],[43,14,58]]
[[0,0,0],[1,0,0],[0,1,0],[6,19,116]]
[[0,0,0],[1,0,0],[0,1,0],[60,115,116]]
[[0,0,0],[1,0,0],[0,1,0],[26,21,116]]
[[0,0,0],[1,0,0],[0,1,0],[54,35,116]]
[[0,0,0],[1,0,0],[0,1,0],[38,27,116]]
[[0,0,0],[1,0,0],[0,1,0],[90,103,116]]
[[0,0,0],[1,0,0],[0,2,0],[6,48,58]]
[[0,0,0],[1,0,0],[0,1,0],[18,39,116]]
[[0,0,0],[1,0,0],[1,2,0],[5,2,58]]
[[0,0,0],[1,0,0],[0,2,0],[3,14,58]]
[[0,0,0],[1,0,0],[0,1,0],[34,105,116]]
[[0,0,0],[1,0,0],[0,1,0],[78,57,116]]
[[0,0,0],[1,0,0],[0,2,0],[21,24,58]]
[[0,0,0],[1,0,0],[0,1,0],[14,21,116]]
[[0,0,0],[1,0,0],[0,1,0],[14,57,116]]
[[0,0,0],[1,0,0],[0,1,0],[17,23,116]]
[[0,0,0],[1,0,0],[0,1,0],[70,35,116]]
[[0,0,0],[1,0,0],[0,1,0],[5,23,116]]
[[0,0,0],[1,0,0],[0,1,0],[22,19,116]]
[[0,0,0],[1,0,0],[0,2,0],[9,12,58]]
[[0,0,0],[1,0,0],[0,2,0],[19,34,58]]
[[0,0,0],[1,0,0],[0,2,0],[5,8,58]]
[[0,0,0],[1,0,0],[0,1,0],[10,91,116]]
[[0,0,0],[1,0,0],[0,1,0],[10,73,116]]
[[0,0,0],[1,0,0],[0,1,0],[70,107,116]]
[[0,0,0],[1,0,0],[0,2,0],[1,24,58]]
[[0,0,0],[1,0,0],[1,2,0],[3,8,58]]
[[0,0,0],[1,0,0],[0,1,0],[10,11,116]]
[[0,0,0],[1,0,0],[0,1,0],[59,59,116]]
[[0,0,0],[1,0,0],[0,2,0],[7,16,58]]
[[0,0,0],[1,0,0],[0,1,0],[30,103,116]]
[[0,0,0],[1,0,0],[0,1,0],[16,53,116]]
[[0,0,0],[1,0,0],[0,1,0],[6,33,116]]
[[0,0,0],[1,0,0],[0,1,0],[38,75,116]]
[[0,0,0],[1,0,0],[0,1,0],[20,25,116]]
[[0,0,0],[1,0,0],[0,1,0],[18,95,116]]
[[0,0,0],[1,0,0],[0,1,0],[74,43,116]]
[[0,0,0],[1,0,0],[0,2,0],[15,30,58]]
[[0,0,0],[1,0,0],[0,1,0],[9,21,116]]
[[0,0,0],[1,0,0],[0,1,0],[78,31,116]]
[[0,0,0],[1,0,0],[0,1,0],[16,65,116]]
[[0,0,0],[1,0,0],[0,1,0],[26,33,116]]
[[0,0,0],[1,0,0],[0,1,0],[34,113,116]]
[[0,0,0],[1,0,0],[0,1,0],[1,1,116]]
[[0,0,0],[1,0,0],[0,1,0],[19,69,116]]
[[0,0,0],[1,0,0],[0,1,0],[50,63,116]]
[[0,0,0],[1,0,0],[0,1,0],[8,57,116]]
[[0,0,0],[1,0,0],[0,1,0],[10,59,116]]
[[0,0,0],[1,0,0],[0,1,0],[6,7,116]]
[[0,0,0],[1,0,0],[1,2,0],[35,26,58]]
[[0,0,0],[1,0,0],[0,2,0],[9,14,58]]
[[0,0,0],[1,0,0],[0,1,0],[1,19,116]]
[[0,0,0],[1,0,0],[0,1,0],[8,81,116]]
[[0,0,0],[1,0,0],[1,2,0],[15,4,58]]
[[0,0,0],[1,0,0],[0,1,0],[15,25,116]]
[[0,0,0],[1,0,0],[0,1,0],[6,99,116]]
[[0,0,0],[1,0,0],[0,1,0],[94,110,116]]
[[0,0,0],[1,0,0],[0,1,0],[8,13,116]]
[[0,0,0],[1,0,0],[0,1,0],[96,108,116]]
[[0,0,0],[1,0,0],[0,1,0],[18,101,116]]
[[0,0,0],[1,0,0],[0,1,0],[20,101,116]]
[[0,0,0],[1,0,0],[0,2,0],[7,50,58]]
[[0,0,0],[1,0,0],[0,1,0],[66,69,116]]
[[0,0,0],[1,0,0],[0,1,0],[78,115,116]]
[[0,0,0],[1,0,0],[0,1,0],[46,13,116]]
[[0,0,0],[1,0,0],[1,2,0],[13,12,58]]
[[0,0,0],[1,0,0],[0,2,0],[1,10,58]]
[[0,0,0],[1,0,0],[0,1,0],[62,111,116]]
[[0,0,0],[1,0,0],[0,2,0],[3,54,58]]
[[0,0,0],[1,0,0],[0,1,0],[8,51,116]]
[[0,0,0],[1,0,0],[0,1,0],[52,7,116]]
[[0,0,0],[1,0,0],[0,1,0],[2,69,116]]
[[0,0,0],[1,0,0],[0,2,0],[11,14,58]]
[[0,0,0],[1,0,0],[0,1,0],[26,83,116]]
[[0,0,0],[1,0,0],[0,1,0],[22,107,116]]
[[0,0,0],[1,0,0],[0,2,0],[57,4,58]]
[[0,0,0],[1,0,0],[0,1,0],[14,99,116]]
[[0,0,0],[1,0,0],[0,2,0],[24,12,58]]
[[0,0,0],[1,0,0],[0,1,0],[10,39,116]]
[[0,0,0],[1,0,0],[0,1,0],[34,23,116]]
[[0,0,0],[1,0,0],[1,2,0],[3,12,58]]
[[0,0,0],[1,0,0],[0,1,0],[90,115,116]]
[[0,0,0],[1,0,0],[0,1,0],[46,23,116]]
[[0,0,0],[1,0,0],[1,2,0],[37,36,58]]
[[0,0,0],[1,0,0],[0,1,0],[30,51,116]]
[[0,0,0],[1,0,0],[0,1,0],[4,13,116]]
[[0,0,0],[1,0,0],[0,1,0],[2,97,116]]
[[0,0,0],[1,0,0],[0,1,0],[4,55,116]]
[[0,0,0],[1,0,0],[0,1,0],[54,9,116]]
[[0,0,0],[1,0,0],[0,1,0],[21,35,116]]
[[0,0,0],[1,0,0],[0,1,0],[2,111,116]]
[[0,0,0],[1,0,0],[0,1,0],[94,79,116]]
[[0,0,0],[1,0,0],[0,2,0],[19,26,58]]
[[0,0,0],[1,0,0],[1,2,0],[11,2,58]]
[[0,0,0],[1,0,0],[0,1,0],[15,109,116]]
[[0,0,0],[1,0,0],[0,2,0],[5,10,58]]
[[0,0,0],[1,0,0],[0,1,0],[4,105,116]]
[[0,0,0],[1,0,0],[0,1,0],[30,107,116]]
[[0,0,0],[1,0,0],[0,1,0],[70,65,116]]
[[0,0,0],[1,0,0],[0,1,0],[56,113,116]]
[[0,0,0],[1,0,0],[0,1,0],[34,31,116]]
[[0,0,0],[1,0,0],[0,1,0],[66,19,116]]
[[0,0,0],[1,0,0],[0,1,0],[18,23,116]]
[[0,0,0],[1,0,0],[0,1,0],[14,83,116]]
[[0,0,0],[1,0,0],[0,1,0],[22,99,116]]
[[0,0,0],[1,0,0],[0,1,0],[3,15,116]]
[[0,0,0],[1,0,0],[0,1,0],[2,53,116]]
[[0,0,0],[1,0,0],[0,1,0],[22,5,116]]
[[0,0,0],[1,0,0],[0,1,0],[90,99,116]]
[[0,0,0],[1,0,0],[0,1,0],[14,113,116]]
[[0,0,0],[1,0,0],[0,1,0],[26,65,116]]
[[0,0,0],[1,0,0],[0,1,0],[38,79,116]]
[[0,0,0],[1,0,0],[0,1,0],[28,113,116]]
[[0,0,0],[1,0,0],[0,1,0],[82,41,116]]
[[0,0,0],[1,0,0],[0,1,0],[5,53,116]]
[[0,0,0],[1,0,0],[0,1,0],[42,79,116]]
[[0,0,0],[1,0,0],[0,1,0],[70,31,116]]
[[0,0,0],[1,0,0],[1,2,0],[27,56,58]]
[[0,0,0],[1,0,0],[0,1,0],[54,11,116]]
[[0,0,0],[1,0,0],[0,1,0],[14,73,116]]
[[0,0,0],[1,0,0],[0,2,0],[7,22,58]]
[[0,0,0],[1,0,0],[0,1,0],[54,95,116]]
[[0,0,0],[1,0,0],[0,1,0],[30,63,116]]
[[0,0,0],[1,0,0],[0,1,0],[6,31,116]]
[[0,0,0],[1,0,0],[0,1,0],[2,13,116]]
[[0,0,0],[1,0,0],[0,1,0],[42,59,116]]
[[0,0,0],[1,0,0],[1,2,0],[15,2,58]]
[[0,0,0],[1,0,0],[0,1,0],[62,81,116]]
[[0,0,0],[1,0,0],[0,1,0],[26,31,116]]
[[0,0,0],[1,0,0],[0,1,0],[15,21,116]]
[[0,0,0],[1,0,0],[0,1,0],[30,23,116]]
[[0,0,0],[1,0,0],[0,1,0],[58,59,116]]
[[0,0,0],[1,0,0],[0,1,0],[2,85,116]]
[[0,0,0],[1,0,0],[0,1,0],[3,9,116]]
[[0,0,0],[1,0,0],[0,1,0],[28,5,116]]
[[0,0,0],[1,0,0],[0,1,0],[30,1,116]]
[[0,0,0],[1,0,0],[0,1,0],[14,111,116]]
[[0,0,0],[1,0,0],[1,2,0],[13,42,58]]
[[0,0,0],[1,0,0],[0,1,0],[21,97,116]]
[[0,0,0],[1,0,0],[0,1,0],[74,55,116]]
[[0,0,0],[1,0,0],[1,2,0],[5,20,58]]
[[0,0,0],[1,0,0],[0,1,0],[94,15,116]]
[[0,0,0],[1,0,0],[0,1,0],[70,43,116]]
[[0,0,0],[1,0,0],[1,2,0],[17,8,58]]
[[0,0,0],[1,0,0],[0,1,0],[22,101,116]]
[[0,0,0],[1,0,0],[0,1,0],[76,45,116]]
[[0,0,0],[1,0,0],[0,1,0],[46,103,116]]
[[0,0,0],[1,0,0],[0,1,0],[2,9,116]]
[[0,0,0],[1,0,0],[0,1,0],[18,45,116]]
[[0,0,0],[1,0,0],[0,1,0],[32,114,116]]
[[0,0,0],[1,0,0],[0,1,0],[11,37,116]]
[[0,0,0],[1,0,0],[0,1,0],[60,57,116]]
[[0,0,0],[1,0,0],[0,1,0],[86,95,116]]
[[0,0,0],[1,0,0],[0,1,0],[35,85,116]]
[[0,0,0],[1,0,0],[0,1,0],[20,61,116]]
[[0,0,0],[1,0,0],[0,2,0],[3,26,58]]
[[0,0,0],[1,0,0],[0,1,0],[54,3,116]]
[[0,0,0],[1,0,0],[0,1,0],[14,11,116]]
[[0,0,0],[1,0,0],[1,2,0],[9,20,58]]
[[0,0,0],[1,0,0],[0,1,0],[38,99,116]]
[[0,0,0],[1,0,0],[0,2,0],[27,32,58]]
[[0,0,0],[1,0,0],[0,1,0],[66,43,116]]
[[0,0,0],[1,0,0],[0,1,0],[2,101,116]]
[[0,0,0],[1,0,0],[0,1,0],[4,21,116]]
[[0,0,0],[1,0,0],[0,2,0],[9,42,58]]
[[0,0,0],[1,0,0],[0,1,0],[78,107,116]]
[[0,0,0],[1,0,0],[0,1,0],[22,33,116]]
[[0,0,0],[1,0,0],[0,1,0],[82,39,116]]
[[0,0,0],[1,0,0],[0,1,0],[29,88,116]]
[[0,0,0],[1,0,0],[0,2,0],[17,34,58]]
[[0,0,0],[1,0,0],[0,1,0],[26,19,116]]
[[0,0,0],[1,0,0],[0,1,0],[15,17,116]]
[[0,0,0],[1,0,0],[0,1,0],[2,93,116]]
[[0,0,0],[1,0,0],[0,1,0],[78,71,116]]
[[0,0,0],[1,0,0],[0,2,0],[12,36,58]]
[[0,0,0],[1,0,0],[0,1,0],[14,27,116]]
[[0,0,0],[1,0,0],[0,1,0],[51,81,116]]
[[0,0,0],[1,0,0],[0,1,0],[20,21,116]]
[[0,0,0],[1,0,0],[1,2,0],[39,24,58]]
[[0,0,0],[1,0,0],[0,1,0],[16,49,116]]
[[0,0,0],[1,0,0],[0,1,0],[66,67,116]]
[[0,0,0],[1,0,0],[0,2,0],[5,18,58]]
[[0,0,0],[1,0,0],[0,1,0],[44,44,116]]
[[0,0,0],[1,0,0],[0,1,0],[62,107,116]]
[[0,0,0],[1,0,0],[0,1,0],[27,33,116]]
[[0,0,0],[1,0,0],[0,1,0],[36,21,116]]
[[0,0,0],[1,0,0],[0,1,0],[14,23,116]]
[[0,0,0],[1,0,0],[0,1,0],[18,115,116]]
[[0,0,0],[1,0,0],[0,2,0],[11,18,58]]
[[0,0,0],[1,0,0],[0,1,0],[30,27,116]]
[[0,0,0],[1,0,0],[0,1,0],[8,22,116]]
[[0,0,0],[1,0,0],[0,1,0],[34,47,116]]
[[0,0,0],[1,0,0],[0,2,0],[1,18,58]]
[[0,0,0],[1,0,0],[0,1,0],[10,5,116]]
[[0,0,0],[1,0,0],[0,2,0],[9,2,58]]
[[0,0,0],[1,0,0],[0,1,0],[52,94,116]]
[[0,0,0],[1,0,0],[1,2,0],[5,18,58]]
[[0,0,0],[1,0,0],[0,1,0],[10,61,116]]
[[0,0,0],[1,0,0],[0,1,0],[11,11,116]]
[[0,0,0],[1,0,0],[0,1,0],[42,3,116]]
[[0,0,0],[1,0,0],[0,1,0],[2,27,116]]
[[0,0,0],[1,0,0],[0,1,0],[50,27,116]]
[[0,0,0],[1,0,0],[0,1,0],[70,99,116]]
[[0,0,0],[1,0,0],[0,1,0],[14,91,116]]
[[0,0,0],[1,0,0],[0,1,0],[54,83,116]]
[[0,0,0],[1,0,0],[0,1,0],[46,113,116]]
[[0,0,0],[1,0,0],[0,2,0],[45,28,58]]
[[0,0,0],[1,0,0],[0,1,0],[4,69,116]]
[[0,0,0],[1,0,0],[0,1,0],[4,57,116]]
[[0,0,0],[1,0,0],[0,2,0],[11,38,58]]
[[0,0,0],[1,0,0],[0,2,0],[9,46,58]]
[[0,0,0],[1,0,0],[0,1,0],[70,7,116]]
[[0,0,0],[1,0,0],[0,1,0],[18,57,116]]
[[0,0,0],[1,0,0],[0,1,0],[26,105,116]]
[[0,0,0],[1,0,0],[0,1,0],[20,109,116]]
[[0,0,0],[1,0,0],[0,1,0],[18,27,116]]
[[0,0,0],[1,0,0],[0,1,0],[9,51,116]]
[[0,0,0],[1,0,0],[0,1,0],[70,83,116]]
[[0,0,0],[1,0,0],[0,1,0],[82,115,116]]
[[0,0,0],[1,0,0],[0,1,0],[25,33,116]]
[[0,0,0],[1,0,0],[0,1,0],[68,49,116]]
[[0,0,0],[1,0,0],[0,1,0],[19,19,116]]
[[0,0,0],[1,0,0],[0,1,0],[50,15,116]]
[[0,0,0],[1,0,0],[0,2,0],[11,48,58]]
[[0,0,0],[1,0,0],[0,2,0],[23,30,58]]
[[0,0,0],[1,0,0],[0,1,0],[36,105,116]]
[[0,0,0],[1,0,0],[0,1,0],[42,31,116]]
[[0,0,0],[1,0,0],[0,1,0],[78,97,116]]
[[0,0,0],[1,0,0],[0,1,0],[24,69,116]]
[[0,0,0],[1,0,0],[0,1,0],[11,19,116]]
[[0,0,0],[1,0,0],[0,1,0],[18,1,116]]
[[0,0,0],[1,0,0],[0,2,0],[19,2,58]]
[[0,0,0],[1,0,0],[0,2,0],[3,22,58]]
[[0,0,0],[1,0,0],[0,1,0],[17,105,116]]
[[0,0,0],[1,0,0],[0,1,0],[8,109,116]]
[[0,0,0],[1,0,0],[0,1,0],[12,105,116]]
[[0,0,0],[1,0,0],[0,2,0],[17,28,58]]
[[0,0,0],[1,0,0],[1,2,0],[29,2,58]]
[[0,0,0],[1,0,0],[0,1,0],[14,105,116]]
[[0,0,0],[1,0,0],[0,1,0],[30,7,116]]
[[0,0,0],[1,0,0],[0,1,0],[68,57,116]]
[[0,0,0],[1,0,0],[0,1,0],[4,45,116]]
[[0,0,0],[1,0,0],[0,2,0],[15,38,58]]
[[0,0,0],[1,0,0],[0,1,0],[10,99,116]]
[[0,0,0],[1,0,0],[0,1,0],[8,33,116]]
[[0,0,0],[1,0,0],[0,1,0],[17,41,116]]
[[0,0,0],[1,0,0],[0,1,0],[17,49,116]]
[[0,0,0],[1,0,0],[0,1,0],[16,41,116]]
[[0,0,0],[1,0,0],[0,1,0],[20,13,116]]
[[0,0,0],[1,0,0],[0,1,0],[30,99,116]]
[[0,0,0],[1,0,0],[1,2,0],[5,22,58]]
[[0,0,0],[1,0,0],[0,1,0],[42,33,116]]
[[0,0,0],[1,0,0],[0,1,0],[18,69,116]]
[[0,0,0],[1,0,0],[0,1,0],[12,9,116]]
[[0,0,0],[1,0,0],[0,2,0],[15,34,58]]
[[0,0,0],[1,0,0],[0,1,0],[54,39,116]]
[[0,0,0],[1,0,0],[0,1,0],[9,33,116]]
[[0,0,0],[1,0,0],[0,1,0],[26,47,116]]
[[0,0,0],[1,0,0],[0,1,0],[8,69,116]]
[[0,0,0],[1,0,0],[0,1,0],[34,1,116]]
[[0,0,0],[1,0,0],[0,1,0],[50,115,116]]
[[0,0,0],[1,0,0],[0,1,0],[42,1,116]]
[[0,0,0],[1,0,0],[0,1,0],[16,43,116]]
[[0,0,0],[1,0,0],[0,1,0],[10,33,116]]
[[0,0,0],[1,0,0],[0,1,0],[4,9,116]]
[[0,0,0],[1,0,0],[0,2,0],[11,44,58]]
[[0,0,0],[1,0,0],[0,1,0],[10,27,116]]
[[0,0,0],[1,0,0],[0,1,0],[70,115,116]]
[[0,0,0],[1,0,0],[0,1,0],[30,15,116]]
[[0,0,0],[1,0,0],[0,1,0],[26,79,116]]
[[0,0,0],[1,0,0],[0,1,0],[74,63,116]]
[[0,0,0],[1,0,0],[0,1,0],[3,17,116]]
[[0,0,0],[1,0,0],[0,1,0],[90,114,116]]
[[0,0,0],[1,0,0],[0,1,0],[98,107,116]]
[[0,0,0],[1,0,0],[0,2,0],[9,48,58]]
[[0,0,0],[1,0,0],[0,1,0],[18,25,116]]
[[0,0,0],[1,0,0],[0,1,0],[22,113,116]]
[[0,0,0],[1,0,0],[0,1,0],[102,115,116]]
[[0,0,0],[1,0,0],[0,1,0],[15,43,116]]
[[0,0,0],[1,0,0],[0,1,0],[66,23,116]]
[[0,0,0],[1,0,0],[0,1,0],[12,93,116]]
[[0,0,0],[1,0,0],[0,1,0],[14,63,116]]
[[0,0,0],[1,0,0],[0,1,0],[16,69,116]]
[[0,0,0],[1,0,0],[0,1,0],[42,15,116]]
[[0,0,0],[1,0,0],[0,1,0],[0,1,116]]
[[0,0,0],[1,0,0],[0,1,0],[14,15,116]]
[[0,0,0],[1,0,0],[0,2,0],[5,20,58]]
[[0,0,0],[1,0,0],[1,2,0],[11,26,58]]
[[0,0,0],[1,0,0],[0,1,0],[9,79,116]]
[[0,0,0],[1,0,0],[0,1,0],[26,95,116]]
[[0,0,0],[1,0,0],[0,1,0],[106,95,116]]
[[0,0,0],[1,0,0],[0,1,0],[50,113,116]]
[[0,0,0],[1,0,0],[0,2,0],[23,34,58]]
[[0,0,0],[1,0,0],[0,1,0],[18,99,116]]
[[0,0,0],[1,0,0],[0,1,0],[98,55,116]]
[[0,0,0],[1,0,0],[0,1,0],[76,57,116]]
[[0,0,0],[1,0,0],[0,2,0],[11,12,58]]
