[[0,0,0],[1,0,0],[0,1,0],[12,35,118]]
[[0,0,0],[1,0,0],[0,1,0],[40,1,118]]
[[0,0,0],[1,0,0],[0,1,0],[2,39,118]]
[[0,0,0],[1,0,0],[0,1,0],[7,45,118]]
[[0,0,0],[1,0,0],[0,1,0],[10,63,118]]
[[0,0,0],[1,0,0],[0,1,0],[18,37,118]]
[[0,0,0],[1,0,0],[0,1,0],[14,71,118]]
[[0,0,0],[1,0,0],[0,1,0],[34,85,118]]
[[0,0,0],[1,0,0],[0,1,0],[44,3,118]]
[[0,0,0],[1,0,0],[0,1,0],[14,115,118]]
[[0,0,0],[1,0,0],[0,1,0],[3,49,118]]
[[0,0,0],[1,0,0],[0,1,0],[74,104,118]]
[[0,0,0],[1,0,0],[0,1,0],[6,1,118]]
[[0,0,0],[1,0,0],[0,1,0],[10,50,118]]
[[0,0,0],[1,0,0],[0,1,0],[26,117,118]]
[[0,0,0],[1,0,0],[0,1,0],[42,9,118]]
[[0,0,0],[1,0,0],[0,1,0],[7,49,118]]
[[0,0,0],[1,0,0],[0,1,0],[38,113,118]]
[[0,0,0],[1,0,0],[0,1,0],[8,93,118]]
[[0,0,0],[1,0,0],[0,1,0],[40,107,118]]
[[0,0,0],[1,0,0],[0,1,0],[60,61,118]]
[[0,0,0],[1,0,0],[0,1,0],[62,116,118]]
[[0,0,0],[1,0,0],[0,1,0],[20,37,118]]
[[0,0,0],[1,0,0],[0,1,0],[8,83,118]]
[[0,0,0],[1,0,0],[0,1,0],[5,25,118]]
[[0,0,0],[1,0,0],[0,1,0],[74,89,118]]
[[0,0,0],[1,0,0],[0,1,0],[12,37,118]]
[[0,0,0],[1,0,0],[0,1,0],[12,48,118]]
[[0,0,0],[1,0,0],[0,1,0],[5,13,118]]
[[0,0,0],[1,0,0],[0,1,0],[24,67,118]]
[[0,0,0],[1,0,0],[0,1,0],[11,51,118]]
[[0,0,0],[1,0,0],[0,1,0],[72,106,118]]
[[0,0,0],[1,0,0],[0,1,0],[2,61,118]]
[[0,0,0],[1,0,0],[0,1,0],[11,35,118]]
[[0,0,0],[1,0,0],[0,1,0],[34,17,118]]
[[0,0,0],[1,0,0],[0,1,0],[12,49,118]]
[[0,0,0],[1,0,0],[0,1,0],[66,105,118]]
[[0,0,0],[1,0,0],[0,1,0],[58,113,118]]
[[0,0,0],[1,0,0],[0,1,0],[64,109,118]]
[[0,0,0],[1,0,0],[0,1,0],[36,13,118]]
[[0,0,0],[1,0,0],[0,1,0],[24,17,118]]
[[0,0,0],[1,0,0],[0,1,0],[36,91,118]]
[[0,0,0],[1,0,0],[0,1,0],[46,97,118]]
[[0,0,0],[1,0,0],[0,1,0],[10,89,118]]
[[0,0,0],[1,0,0],[0,1,0],[8,101,118]]
[[0,0,0],[1,0,0],[0,1,0],[1,37,118]]
[[0,0,0],[1,0,0],[0,1,0],[34,117,118]]
[[0,0,0],[1,0,0],[0,1,0],[42,91,118]]
[[0,0,0],[1,0,0],[0,1,0],[24,111,118]]
[[0,0,0],[1,0,0],[0,1,0],[24,107,118]]
[[0,0,0],[1,0,0],[0,1,0],[18,33,118]]
[[0,0,0],[1,0,0],[0,1,0],[52,111,118]]
[[0,0,0],[1,0,0],[0,1,0],[13,111,118]]
[[0,0,0],[1,0,0],[0,1,0],[8,9,118]]
[[0,0,0],[1,0,0],[0,1,0],[18,77,118]]
[[0,0,0],[1,0,0],[0,1,0],[20,79,118]]
[[0,0,0],[1,0,0],[0,1,0],[20,99,118]]
[[0,0,0],[1,0,0],[0,1,0],[2,33,118]]
[[0,0,0],[1,0,0],[0,1,0],[1,3,118]]
[[0,0,0],[1,0,0],[0,1,0],[20,33,118]]
[[0,0,0],[1,0,0],[0,1,0],[70,108,118]]
[[0,0,0],[1,0,0],[0,1,0],[20,67,118]]
[[0,0,0],[1,0,0],[0,1,0],[5,49,118]]
[[0,0,0],[1,0,0],[0,1,0],[40,91,118]]
[[0,0,0],[1,0,0],[0,1,0],[12,29,118]]
[[0,0,0],[1,0,0],[0,1,0],[7,11,118]]
[[0,0,0],[1,0,0],[0,1,0],[14,61,118]]
[[0,0,0],[1,0,0],[0,1,0],[52,1,118]]
[[0,0,0],[1,0,0],[0,1,0],[34,5,118]]
[[0,0,0],[1,0,0],[0,1,0],[10,29,118]]
[[0,0,0],[1,0,0],[0,1,0],[18,105,118]]
[[0,0,0],[1,0,0],[0,1,0],[4,99,118]]
[[0,0,0],[1,0,0],[0,1,0],[44,101,118]]
[[0,0,0],[1,0,0],[0,1,0],[11,13,118]]
[[0,0,0],[1,0,0],[0,1,0],[54,117,118]]
[[0,0,0],[1,0,0],[0,1,0],[66,53,118]]
[[0,0,0],[1,0,0],[0,1,0],[25,25,118]]
[[0,0,0],[1,0,0],[0,1,0],[6,55,118]]
[[0,0,0],[1,0,0],[0,1,0],[48,71,118]]
[[0,0,0],[1,0,0],[0,1,0],[56,63,118]]
[[0,0,0],[1,0,0],[0,1,0],[28,97,118]]
[[0,0,0],[1,0,0],[0,1,0],[42,99,118]]
[[0,0,0],[1,0,0],[0,1,0],[2,1,118]]
[[0,0,0],[1,0,0],[0,1,0],[24,41,118]]
[[0,0,0],[1,0,0],[0,1,0],[40,93,118]]
[[0,0,0],[1,0,0],[0,1,0],[8,49,118]]
[[0,0,0],[1,0,0],[0,1,0],[14,117,118]]
[[0,0,0],[1,0,0],[0,1,0],[3,31,118]]
[[0,0,0],[1,0,0],[0,1,0],[28,31,118]]
[[0,0,0],[1,0,0],[0,1,0],[16,103,118]]
[[0,0,0],[1,0,0],[0,1,0],[58,115,118]]
[[0,0,0],[1,0,0],[0,1,0],[19,25,118]]
[[0,0,0],[1,0,0],[0,1,0],[24,5,118]]
[[0,0,0],[1,0,0],[0,1,0],[23,103,118]]
[[0,0,0],[1,0,0],[0,1,0],[86,57,118]]
[[0,0,0],[1,0,0],[0,1,0],[14,29,118]]
[[0,0,0],[1,0,0],[0,1,0],[26,1,118]]
[[0,0,0],[1,0,0],[0,1,0],[5,33,118]]
[[0,0,0],[1,0,0],[0,1,0],[44,117,118]]
[[0,0,0],[1,0,0],[0,1,0],[42,83,118]]
[[0,0,0],[1,0,0],[0,1,0],[70,57,118]]
[[0,0,0],[1,0,0],[0,1,0],[3,43,118]]
[[0,0,0],[1,0,0],[0,1,0],[16,25,118]]
[[0,0,0],[1,0,0],[0,1,0],[48,73,118]]
[[0,0,0],[1,0,0],[0,1,0],[20,11,118]]
[[0,0,0],[1,0,0],[0,1,0],[18,79,118]]
[[0,0,0],[1,0,0],[0,1,0],[44,81,118]]
[[0,0,0],[1,0,0],[0,1,0],[32,49,118]]
[[0,0,0],[1,0,0],[0,1,0],[10,115,118]]
[[0,0,0],[1,0,0],[0,1,0],[4,63,118]]
[[0,0,0],[1,0,0],[0,1,0],[14,17,118]]
[[0,0,0],[1,0,0],[0,1,0],[21,99,118]]
[[0,0,0],[1,0,0],[0,1,0],[10,117,118]]
[[0,0,0],[1,0,0],[0,1,0],[8,27,118]]
[[0,0,0],[1,0,0],[0,1,0],[30,41,118]]
[[0,0,0],[1,0,0],[0,1,0],[16,47,118]]
[[0,0,0],[1,0,0],[0,1,0],[40,101,118]]
[[0,0,0],[1,0,0],[0,1,0],[1,27,118]]
[[0,0,0],[1,0,0],[0,1,0],[8,5,118]]
[[0,0,0],[1,0,0],[0,1,0],[24,103,118]]
[[0,0,0],[1,0,0],[0,1,0],[10,21,118]]
[[0,0,0],[1,0,0],[0,1,0],[34,51,118]]
[[0,0,0],[1,0,0],[0,1,0],[8,29,118]]
[[0,0,0],[1,0,0],[0,1,0],[6,81,118]]
[[0,0,0],[1,0,0],[0,1,0],[33,91,118]]
[[0,0,0],[1,0,0],[0,1,0],[10,17,118]]
[[0,0,0],[1,0,0],[0,1,0],[16,115,118]]
[[0,0,0],[1,0,0],[0,1,0],[26,39,118]]
[[0,0,0],[1,0,0],[0,1,0],[4,85,118]]
[[0,0,0],[1,0,0],[0,1,0],[34,19,118]]
[[0,0,0],[1,0,0],[0,1,0],[26,103,118]]
[[0,0,0],[1,0,0],[0,1,0],[32,53,118]]
[[0,0,0],[1,0,0],[0,1,0],[5,55,118]]
[[0,0,0],[1,0,0],[0,1,0],[2,79,118]]
[[0,0,0],[1,0,0],[0,1,0],[20,53,118]]
[[0,0,0],[1,0,0],[0,1,0],[26,61,118]]
[[0,0,0],[1,0,0],[0,1,0],[2,15,118]]
[[0,0,0],[1,0,0],[0,1,0],[6,39,118]]
[[0,0,0],[1,0,0],[0,1,0],[32,3,118]]
[[0,0,0],[1,0,0],[0,1,0],[4,101,118]]
[[0,0,0],[1,0,0],[0,1,0],[22,69,118]]
[[0,0,0],[1,0,0],[0,1,0],[8,21,118]]
[[0,0,0],[1,0,0],[0,1,0],[36,31,118]]
[[0,0,0],[1,0,0],[0,1,0],[44,87,118]]
[[0,0,0],[1,0,0],[0,1,0],[20,23,118]]
[[0,0,0],[1,0,0],[0,1,0],[22,61,118]]
[[0,0,0],[1,0,0],[0,1,0],[36,33,118]]
[[0,0,0],[1,0,0],[0,1,0],[6,13,118]]
[[0,0,0],[1,0,0],[0,1,0],[44,77,118]]
[[0,0,0],[1,0,0],[0,1,0],[7,23,118]]
[[0,0,0],[1,0,0],[0,1,0],[7,55,118]]
[[0,0,0],[1,0,0],[0,1,0],[4,33,118]]
[[0,0,0],[1,0,0],[0,1,0],[28,11,118]]
[[0,0,0],[1,0,0],[0,1,0],[16,7,118]]
[[0,0,0],[1,0,0],[0,1,0],[3,23,118]]
[[0,0,0],[1,0,0],[0,1,0],[4,31,118]]
[[0,0,0],[1,0,0],[0,1,0],[31,89,118]]
[[0,0,0],[1,0,0],[0,1,0],[34,15,118]]
[[0,0,0],[1,0,0],[0,1,0],[12,1,118]]
[[0,0,0],[1,0,0],[0,1,0],[8,53,118]]
[[0,0,0],[1,0,0],[0,1,0],[38,7,118]]
[[0,0,0],[1,0,0],[0,1,0],[10,13,118]]
[[0,0,0],[1,0,0],[0,1,0],[12,85,118]]
[[0,0,0],[1,0,0],[0,1,0],[12,21,118]]
[[0,0,0],[1,0,0],[0,1,0],[9,13,118]]
[[0,0,0],[1,0,0],[0,1,0],[2,45,118]]
[[0,0,0],[1,0,0],[0,1,0],[58,1,118]]
[[0,0,0],[1,0,0],[0,1,0],[36,47,118]]
[[0,0,0],[1,0,0],[0,1,0],[4,56,118]]
[[0,0,0],[1,0,0],[0,1,0],[12,61,118]]
[[0,0,0],[1,0,0],[0,1,0],[8,99,118]]
[[0,0,0],[1,0,0],[0,1,0],[21,21,118]]
[[0,0,0],[1,0,0],[0,1,0],[24,65,118]]
[[0,0,0],[1,0,0],[0,1,0],[30,97,118]]
[[0,0,0],[1,0,0],[0,1,0],[3,45,118]]
[[0,0,0],[1,0,0],[0,1,0],[42,7,118]]
[[0,0,0],[1,0,0],[0,1,0],[24,117,118]]
[[0,0,0],[1,0,0],[0,1,0],[30,117,118]]
[[0,0,0],[1,0,0],[0,1,0],[10,97,118]]
[[0,0,0],[1,0,0],[0,1,0],[18,81,118]]
[[0,0,0],[1,0,0],[0,1,0],[40,79,118]]
[[0,0,0],[1,0,0],[0,1,0],[27,93,118]]
[[0,0,0],[1,0,0],[0,1,0],[28,91,118]]
[[0,0,0],[1,0,0],[0,1,0],[2,11,118]]
[[0,0,0],[1,0,0],[0,1,0],[36,27,118]]
[[0,0,0],[1,0,0],[0,1,0],[32,21,118]]
[[0,0,0],[1,0,0],[0,1,0],[6,71,118]]
[[0,0,0],[1,0,0],[0,1,0],[10,71,118]]
[[0,0,0],[1,0,0],[0,1,0],[54,5,118]]
[[0,0,0],[1,0,0],[0,1,0],[72,49,118]]
[[0,0,0],[1,0,0],[0,1,0],[6,113,118]]
[[0,0,0],[1,0,0],[0,1,0],[34,45,118]]
[[0,0,0],[1,0,0],[0,1,0],[8,23,118]]
[[0,0,0],[1,0,0],[0,1,0],[5,39,118]]
[[0,0,0],[1,0,0],[0,1,0],[6,29,118]]
[[0,0,0],[1,0,0],[0,1,0],[11,39,118]]
[[0,0,0],[1,0,0],[0,1,0],[5,29,118]]
[[0,0,0],[1,0,0],[0,1,0],[9,11,118]]
[[0,0,0],[1,0,0],[0,1,0],[56,3,118]]
[[0,0,0],[1,0,0],[0,1,0],[52,95,118]]
[[0,0,0],[1,0,0],[0,1,0],[28,1,118]]
[[0,0,0],[1,0,0],[0,1,0],[64,89,118]]
[[0,0,0],[1,0,0],[0,1,0],[60,65,118]]
[[0,0,0],[1,0,0],[0,1,0],[8,17,118]]
[[0,0,0],[1,0,0],[0,1,0],[1,25,118]]
[[0,0,0],[1,0,0],[0,1,0],[2,51,118]]
[[0,0,0],[1,0,0],[0,1,0],[18,117,118]]
[[0,0,0],[1,0,0],[0,1,0],[2,3,118]]
[[0,0,0],[1,0,0],[0,1,0],[40,29,118]]
[[0,0,0],[1,0,0],[0,1,0],[23,37,118]]
[[0,0,0],[1,0,0],[0,1,0],[42,81,118]]
[[0,0,0],[1,0,0],[0,1,0],[52,85,118]]
[[0,0,0],[1,0,0],[0,1,0],[16,111,118]]
[[0,0,0],[2,0,0],[0,1,0],[0,1,59]]
[[0,0,0],[1,0,0],[0,1,0],[10,1,118]]
[[0,0,0],[1,0,0],[0,1,0],[12,33,118]]
[[0,0,0],[1,0,0],[0,1,0],[3,11,118]]
[[0,0,0],[1,0,0],[0,1,0],[34,87,118]]
[[0,0,0],[1,0,0],[0,1,0],[88,35,118]]
[[0,0,0],[1,0,0],[0,1,0],[72,77,118]]
[[0,0,0],[1,0,0],[0,1,0],[15,15,118]]
[[0,0,0],[1,0,0],[0,1,0],[38,117,118]]
[[0,0,0],[1,0,0],[0,1,0],[8,1,118]]
[[0,0,0],[1,0,0],[0,1,0],[22,55,118]]
[[0,0,0],[1,0,0],[0,1,0],[13,49,118]]
[[0,0,0],[1,0,0],[0,1,0],[13,37,118]]
[[0,0,0],[1,0,0],[0,1,0],[26,111,118]]
[[0,0,0],[1,0,0],[0,1,0],[4,111,118]]
[[0,0,0],[1,0,0],[0,1,0],[6,23,118]]
[[0,0,0],[1,0,0],[0,1,0],[5,27,118]]
[[0,0,0],[1,0,0],[0,1,0],[30,13,118]]
[[0,0,0],[1,0,0],[0,1,0],[30,89,118]]
[[0,0,0],[1,0,0],[0,1,0],[2,77,118]]
[[0,0,0],[1,0,0],[0,1,0],[10,79,118]]
[[0,0,0],[1,0,0],[0,1,0],[4,103,118]]
[[0,0,0],[1,0,0],[0,1,0],[24,35,118]]
[[0,0,0],[1,0,0],[0,1,0],[2,109,118]]
[[0,0,0],[1,0,0],[0,1,0],[28,103,118]]
[[0,0,0],[1,0,0],[0,1,0],[5,41,118]]
[[0,0,0],[1,0,0],[0,1,0],[26,7,118]]
[[0,0,0],[1,0,0],[0,1,0],[2,73,118]]
[[0,0,0],[1,0,0],[0,1,0],[18,11,118]]
[[0,0,0],[1,0,0],[0,1,0],[41,89,118]]
[[0,0,0],[1,0,0],[0,1,0],[8,113,118]]
[[0,0,0],[1,0,0],[0,1,0],[9,45,118]]
[[0,0,0],[1,0,0],[0,1,0],[22,23,118]]
[[0,0,0],[1,0,0],[0,1,0],[54,73,118]]
[[0,0,0],[1,0,0],[0,1,0],[78,100,118]]
[[0,0,0],[1,0,0],[0,1,0],[62,69,118]]
[[0,0,0],[1,0,0],[0,1,0],[7,9,118]]
[[0,0,0],[1,0,0],[0,1,0],[46,107,118]]
[[0,0,0],[1,0,0],[0,1,0],[16,113,118]]
[[0,0,0],[1,0,0],[0,1,0],[58,103,118]]
[[0,0,0],[1,0,0],[0,1,0],[5,5,118]]
[[0,0,0],[1,0,0],[0,1,0],[82,96,118]]
[[0,0,0],[1,0,0],[0,1,0],[68,89,118]]
[[0,0,0],[1,0,0],[0,1,0],[42,17,118]]
[[0,0,0],[1,0,0],[0,1,0],[24,11,118]]
[[0,0,0],[1,0,0],[0,1,0],[2,49,118]]
[[0,0,0],[1,0,0],[0,1,0],[22,117,118]]
[[0,0,0],[1,0,0],[0,1,0],[21,33,118]]
[[0,0,0],[1,0,0],[0,1,0],[11,113,118]]
[[0,0,0],[1,0,0],[0,1,0],[20,63,118]]
[[0,0,0],[1,0,0],[0,1,0],[56,117,118]]
[[0,0,0],[1,0,0],[0,1,0],[44,27,118]]
[[0,0,0],[1,0,0],[0,1,0],[70,53,118]]
[[0,0,0],[1,0,0],[0,1,0],[26,17,118]]
[[0,0,0],[1,0,0],[0,1,0],[1,21,118]]
[[0,0,0],[1,0,0],[0,1,0],[4,29,118]]
[[0,0,0],[1,0,0],[0,1,0],[4,51,118]]
[[0,0,0],[1,0,0],[0,1,0],[74,45,118]]
[[0,0,0],[1,0,0],[0,1,0],[10,75,118]]
[[0,0,0],[1,0,0],[0,1,0],[40,15,118]]
[[0,0,0],[1,0,0],[0,1,0],[6,107,118]]
[[0,0,0],[1,0,0],[0,1,0],[22,51,118]]
[[0,0,0],[1,0,0],[0,1,0],[56,91,118]]
[[0,0,0],[1,0,0],[0,1,0],[32,13,118]]
[[0,0,0],[1,0,0],[0,1,0],[16,35,118]]
[[0,0,0],[1,0,0],[0,1,0],[1,49,118]]
[[0,0,0],[1,0,0],[0,1,0],[58,81,118]]
[[0,0,0],[1,0,0],[0,1,0],[8,19,118]]
[[0,0,0],[1,0,0],[0,1,0],[6,45,118]]
[[0,0,0],[1,0,0],[0,1,0],[2,31,118]]
[[0,0,0],[1,0,0],[0,1,0],[6,53,118]]
[[0,0,0],[1,0,0],[0,1,0],[13,19,118]]
[[0,0,0],[1,0,0],[0,1,0],[10,109,118]]
[[0,0,0],[1,0,0],[0,1,0],[7,17,118]]
[[0,0,0],[1,0,0],[0,1,0],[20,105,118]]
[[0,0,0],[1,0,0],[0,1,0],[40,33,118]]
[[0,0,0],[1,0,0],[0,1,0],[4,35,118]]
[[0,0,0],[1,0,0],[0,1,0],[15,19,118]]
[[0,0,0],[1,0,0],[0,1,0],[4,27,118]]
[[0,0,0],[1,0,0],[0,1,0],[48,103,118]]
[[0,0,0],[1,0,0],[0,1,0],[74,65,118]]
[[0,0,0],[1,0,0],[0,1,0],[3,21,118]]
[[0,0,0],[1,0,0],[0,1,0],[32,15,118]]
[[0,0,0],[1,0,0],[0,1,0],[16,1,118]]
[[0,0,0],[1,0,0],[0,1,0],[22,97,118]]
[[0,0,0],[1,0,0],[0,1,0],[3,27,118]]
[[0,0,0],[1,0,0],[0,1,0],[6,9,118]]
[[0,0,0],[1,0,0],[0,1,0],[8,63,118]]
[[0,0,0],[1,0,0],[0,1,0],[14,33,118]]
[[0,0,0],[1,0,0],[0,1,0],[40,21,118]]
[[0,0,0],[1,0,0],[0,1,0],[9,43,118]]
[[0,0,0],[1,0,0],[0,1,0],[14,51,118]]
[[0,0,0],[1,0,0],[0,1,0],[42,109,118]]
[[0,0,0],[1,0,0],[0,1,0],[36,1,118]]
[[0,0,0],[1,0,0],[0,1,0],[8,47,118]]
[[0,0,0],[1,0,0],[0,1,0],[6,93,118]]
[[0,0,0],[1,0,0],[0,1,0],[4,87,118]]
[[0,0,0],[1,0,0],[0,1,0],[22,27,118]]
[[0,0,0],[1,0,0],[0,1,0],[14,1,118]]
[[0,0,0],[1,0,0],[0,1,0],[14,9,118]]
[[0,0,0],[1,0,0],[0,1,0],[18,29,118]]
[[0,0,0],[1,0,0],[0,1,0],[70,81,118]]
[[0,0,0],[1,0,0],[0,1,0],[2,35,118]]
[[0,0,0],[1,0,0],[0,1,0],[15,35,118]]
[[0,0,0],[1,0,0],[0,1,0],[22,41,118]]
[[0,0,0],[1,0,0],[0,1,0],[10,81,118]]
[[0,0,0],[1,0,0],[0,1,0],[4,107,118]]
[[0,0,0],[1,0,0],[0,1,0],[50,117,118]]
[[0,0,0],[1,0,0],[0,1,0],[5,57,118]]
[[0,0,0],[1,0,0],[0,1,0],[40,23,118]]
[[0,0,0],[1,0,0],[0,1,0],[25,41,118]]
[[0,0,0],[1,0,0],[0,1,0],[3,47,118]]
[[0,0,0],[1,0,0],[0,1,0],[16,73,118]]
[[0,0,0],[1,0,0],[0,1,0],[36,93,118]]
[[0,0,0],[1,0,0],[0,1,0],[36,37,118]]
[[0,0,0],[1,0,0],[0,1,0],[12,41,118]]
[[0,0,0],[1,0,0],[0,1,0],[18,61,118]]
[[0,0,0],[1,0,0],[0,1,0],[14,19,118]]
[[0,0,0],[1,0,0],[0,1,0],[4,93,118]]
[[0,0,0],[1,0,0],[0,1,0],[40,5,118]]
[[0,0,0],[1,0,0],[0,1,0],[22,53,118]]
[[0,0,0],[1,0,0],[0,1,0],[4,15,118]]
[[0,0,0],[1,0,0],[0,1,0],[7,113,118]]
[[0,0,0],[1,0,0],[0,1,0],[30,30,118]]
[[0,0,0],[1,0,0],[0,1,0],[24,13,118]]
[[0,0,0],[1,0,0],[0,1,0],[19,41,118]]
[[0,0,0],[1,0,0],[0,1,0],[26,9,118]]
[[0,0,0],[1,0,0],[0,1,0],[30,3,118]]
[[0,0,0],[1,0,0],[0,1,0],[34,27,118]]
[[0,0,0],[1,0,0],[0,1,0],[32,37,118]]
[[0,0,0],[1,0,0],[0,1,0],[16,71,118]]
[[0,0,0],[1,0,0],[0,1,0],[36,23,118]]
[[0,0,0],[1,0,0],[0,1,0],[14,41,118]]
[[0,0,0],[1,0,0],[0,1,0],[52,97,118]]
[[0,0,0],[1,0,0],[0,1,0],[20,35,118]]
[[0,0,0],[1,0,0],[0,1,0],[51,69,118]]
[[0,0,0],[1,0,0],[0,1,0],[5,9,118]]
[[0,0,0],[1,0,0],[0,1,0],[16,9,118]]
[[0,0,0],[1,0,0],[0,1,0],[5,115,118]]
[[0,0,0],[1,0,0],[0,1,0],[8,35,118]]
[[0,0,0],[1,0,0],[0,1,0],[16,85,118]]
[[0,0,0],[1,0,0],[0,1,0],[48,113,118]]
[[0,0,0],[1,0,0],[0,1,0],[38,81,118]]
[[0,0,0],[1,0,0],[0,1,0],[14,25,118]]
[[0,0,0],[1,0,0],[0,1,0],[7,21,118]]
[[0,0,0],[1,0,0],[0,1,0],[16,77,118]]
[[0,0,0],[1,0,0],[0,1,0],[8,77,118]]
[[0,0,0],[1,0,0],[0,1,0],[4,115,118]]
[[0,0,0],[1,0,0],[0,1,0],[8,39,118]]
[[0,0,0],[1,0,0],[0,1,0],[2,37,118]]
[[0,0,0],[1,0,0],[0,1,0],[18,55,118]]
[[0,0,0],[1,0,0],[0,1,0],[14,39,118]]
[[0,0,0],[1,0,0],[0,1,0],[8,73,118]]
[[0,0,0],[1,0,0],[0,1,0],[11,15,118]]
[[0,0,0],[1,0,0],[0,1,0],[48,75,118]]
[[0,0,0],[1,0,0],[0,1,0],[4,77,118]]
[[0,0,0],[1,0,0],[0,1,0],[8,111,118]]
[[0,0,0],[1,0,0],[0,1,0],[28,61,118]]
[[0,0,0],[1,0,0],[0,1,0],[28,19,118]]
[[0,0,0],[1,0,0],[0,1,0],[76,85,118]]
[[0,0,0],[1,0,0],[0,1,0],[20,1,118]]
[[0,0,0],[1,0,0],[0,1,0],[14,7,118]]
[[0,0,0],[1,0,0],[0,1,0],[4,109,118]]
[[0,0,0],[1,0,0],[0,1,0],[15,47,118]]
[[0,0,0],[1,0,0],[0,1,0],[8,117,118]]
[[0,0,0],[1,0,0],[0,1,0],[38,85,118]]
[[0,0,0],[1,0,0],[0,1,0],[2,67,118]]
[[0,0,0],[1,0,0],[0,1,0],[10,25,118]]
[[0,0,0],[1,0,0],[0,1,0],[48,13,118]]
[[0,0,0],[1,0,0],[0,1,0],[1,9,118]]
[[0,0,0],[1,0,0],[0,1,0],[10,19,118]]
[[0,0,0],[1,0,0],[0,1,0],[80,98,118]]
[[0,0,0],[1,0,0],[0,1,0],[12,81,118]]
[[0,0,0],[1,0,0],[0,1,0],[10,95,118]]
[[0,0,0],[1,0,0],[0,1,0],[12,89,118]]
[[0,0,0],[1,0,0],[0,1,0],[2,115,118]]
[[0,0,0],[1,0,0],[0,1,0],[34,107,118]]
[[0,0,0],[1,0,0],[0,1,0],[6,11,118]]
[[0,0,0],[1,0,0],[0,1,0],[25,35,118]]
[[0,0,0],[1,0,0],[0,1,0],[6,83,118]]
[[0,0,0],[1,0,0],[0,1,0],[2,107,118]]
[[0,0,0],[1,0,0],[0,1,0],[4,117,118]]
[[0,0,0],[1,0,0],[0,1,0],[20,75,118]]
[[0,0,0],[1,0,0],[0,1,0],[38,93,118]]
[[0,0,0],[1,0,0],[0,1,0],[8,71,118]]
[[0,0,0],[1,0,0],[0,1,0],[48,23,118]]
[[0,0,0],[1,0,0],[0,1,0],[16,63,118]]
[[0,0,0],[1,0,0],[0,1,0],[44,5,118]]
[[0,0,0],[1,0,0],[0,1,0],[2,57,118]]
[[0,0,0],[1,0,0],[0,1,0],[32,117,118]]
[[0,0,0],[1,0,0],[0,1,0],[70,97,118]]
[[0,0,0],[1,0,0],[0,1,0],[54,107,118]]
[[0,0,0],[1,0,0],[0,1,0],[6,25,118]]
[[0,0,0],[1,0,0],[0,1,0],[32,87,118]]
[[0,0,0],[1,0,0],[0,1,0],[3,13,118]]
[[0,0,0],[1,0,0],[0,1,0],[16,13,118]]
[[0,0,0],[1,0,0],[0,1,0],[22,11,118]]
[[0,0,0],[1,0,0],[0,1,0],[3,39,118]]
[[0,0,0],[1,0,0],[0,1,0],[70,89,118]]
[[0,0,0],[1,0,0],[0,1,0],[24,95,118]]
[[0,0,0],[1,0,0],[0,1,0],[12,5,118]]
[[0,0,0],[1,0,0],[0,1,0],[26,27,118]]
[[0,0,0],[1,0,0],[0,1,0],[6,47,118]]
[[0,0,0],[1,0,0],[0,1,0],[14,3,118]]
[[0,0,0],[1,0,0],[0,1,0],[20,5,118]]
[[0,0,0],[1,0,0],[0,1,0],[32,91,118]]
[[0,0,0],[1,0,0],[0,1,0],[30,5,118]]
[[0,0,0],[1,0,0],[0,1,0],[7,47,118]]
[[0,0,0],[1,0,0],[0,1,0],[6,17,118]]
[[0,0,0],[1,0,0],[0,1,0],[12,27,118]]
[[0,0,0],[1,0,0],[0,1,0],[4,23,118]]
[[0,0,0],[1,0,0],[0,1,0],[10,85,118]]
[[0,0,0],[1,0,0],[0,1,0],[16,83,118]]
[[0,0,0],[1,0,0],[0,1,0],[8,31,118]]
[[0,0,0],[1,0,0],[0,1,0],[3,19,118]]
[[0,0,0],[1,0,0],[0,1,0],[12,67,118]]
[[0,0,0],[1,0,0],[0,1,0],[4,61,118]]
[[0,0,0],[1,0,0],[0,1,0],[18,75,118]]
[[0,0,0],[1,0,0],[0,1,0],[4,41,118]]
[[0,0,0],[1,0,0],[0,1,0],[10,15,118]]
[[0,0,0],[1,0,0],[0,1,0],[28,23,118]]
[[0,0,0],[1,0,0],[0,1,0],[34,13,118]]
[[0,0,0],[1,0,0],[0,1,0],[3,41,118]]
[[0,0,0],[1,0,0],[0,1,0],[3,3,118]]
[[0,0,0],[1,0,0],[0,1,0],[38,95,118]]
[[0,0,0],[1,0,0],[0,1,0],[4,83,118]]
[[0,0,0],[1,0,0],[0,1,0],[6,117,118]]
[[0,0,0],[1,0,0],[0,1,0],[30,25,118]]
[[0,0,0],[1,0,0],[0,1,0],[24,19,118]]
[[0,0,0],[1,0,0],[0,1,0],[6,69,118]]
[[0,0,0],[1,0,0],[0,1,0],[12,95,118]]
[[0,0,0],[1,0,0],[0,1,0],[80,53,118]]
[[0,0,0],[1,0,0],[0,1,0],[38,41,118]]
[[0,0,0],[1,0,0],[0,1,0],[4,37,118]]
[[0,0,0],[1,0,0],[0,1,0],[22,73,118]]
[[0,0,0],[1,0,0],[0,1,0],[36,15,118]]
[[0,0,0],[1,0,0],[0,1,0],[4,81,118]]
[[0,0,0],[1,0,0],[0,1,0],[6,91,118]]
[[0,0,0],[1,0,0],[0,1,0],[22,17,118]]
[[0,0,0],[1,0,0],[0,1,0],[5,17,118]]
[[0,0,0],[1,0,0],[0,1,0],[20,73,118]]
[[0,0,0],[1,0,0],[0,1,0],[16,21,118]]
[[0,0,0],[1,0,0],[0,1,0],[2,25,118]]
[[0,0,0],[1,0,0],[0,1,0],[2,117,118]]
[[0,0,0],[1,0,0],[0,1,0],[6,103,118]]
[[0,0,0],[1,0,0],[0,1,0],[24,7,118]]
[[0,0,0],[1,0,0],[0,1,0],[68,110,118]]
[[0,0,0],[1,0,0],[0,1,0],[60,73,118]]
[[0,0,0],[1,0,0],[0,1,0],[11,27,118]]
[[0,0,0],[1,0,0],[0,1,0],[3,7,118]]
[[0,0,0],[1,0,0],[0,1,0],[48,21,118]]
[[0,0,0],[1,0,0],[0,1,0],[28,101,118]]
[[0,0,0],[1,0,0],[0,1,0],[6,73,118]]
[[0,0,0],[1,0,0],[0,1,0],[12,65,118]]
[[0,0,0],[1,0,0],[0,1,0],[13,29,118]]
[[0,0,0],[1,0,0],[0,1,0],[18,103,118]]
[[0,0,0],[1,0,0],[0,1,0],[26,107,118]]
[[0,0,0],[1,0,0],[0,1,0],[64,67,118]]
[[0,0,0],[1,0,0],[0,1,0],[10,65,118]]
[[0,0,0],[1,0,0],[0,1,0],[18,43,118]]
[[0,0,0],[1,0,0],[0,1,0],[34,97,118]]
[[0,0,0],[1,0,0],[0,1,0],[38,111,118]]
[[0,0,0],[1,0,0],[0,1,0],[42,5,118]]
[[0,0,0],[1,0,0],[0,1,0],[5,47,118]]
[[0,0,0],[1,0,0],[0,1,0],[46,25,118]]
[[0,0,0],[1,0,0],[0,1,0],[18,35,118]]
[[0,0,0],[1,0,0],[0,1,0],[3,53,118]]
[[0,0,0],[1,0,0],[0,1,0],[6,79,118]]
[[0,0,0],[1,0,0],[0,1,0],[2,43,118]]
[[0,0,0],[1,0,0],[0,1,0],[34,25,118]]
[[0,0,0],[1,0,0],[0,1,0],[4,71,118]]
[[0,0,0],[1,0,0],[0,1,0],[12,45,118]]
[[0,0,0],[1,0,0],[0,1,0],[42,29,118]]
[[0,0,0],[1,0,0],[0,1,0],[14,109,118]]
[[0,0,0],[1,0,0],[0,1,0],[34,29,118]]
[[0,0,0],[1,0,0],[0,1,0],[26,93,118]]
[[0,0,0],[1,0,0],[0,1,0],[72,81,118]]
[[0,0,0],[1,0,0],[0,1,0],[1,7,118]]
[[0,0,0],[1,0,0],[0,1,0],[8,41,118]]
[[0,0,0],[1,0,0],[0,1,0],[6,77,118]]
[[0,0,0],[1,0,0],[0,1,0],[30,9,118]]
[[0,0,0],[1,0,0],[0,1,0],[40,111,118]]
[[0,0,0],[1,0,0],[0,1,0],[6,101,118]]
[[0,0,0],[1,0,0],[0,1,0],[27,41,118]]
[[0,0,0],[1,0,0],[0,1,0],[54,97,118]]
[[0,0,0],[1,0,0],[0,1,0],[60,75,118]]
[[0,0,0],[1,0,0],[0,1,0],[18,47,118]]
[[0,0,0],[1,0,0],[0,1,0],[38,29,118]]
[[0,0,0],[1,0,0],[0,1,0],[12,3,118]]
[[0,0,0],[1,0,0],[0,1,0],[72,89,118]]
[[0,0,0],[1,0,0],[0,1,0],[12,51,118]]
[[0,0,0],[1,0,0],[0,1,0],[6,57,118]]
[[0,0,0],[1,0,0],[0,1,0],[15,29,118]]
[[0,0,0],[1,0,0],[0,1,0],[58,117,118]]
[[0,0,0],[1,0,0],[0,1,0],[8,45,118]]
[[0,0,0],[1,0,0],[0,1,0],[24,27,118]]
[[0,0,0],[1,0,0],[0,1,0],[42,11,118]]
[[0,0,0],[1,0,0],[0,1,0],[8,43,118]]
[[0,0,0],[1,0,0],[0,1,0],[28,25,118]]
[[0,0,0],[1,0,0],[0,1,0],[27,31,118]]
[[0,0,0],[1,0,0],[0,1,0],[9,53,118]]
[[0,0,0],[1,0,0],[0,1,0],[42,25,118]]
[[0,0,0],[1,0,0],[0,1,0],[27,39,118]]
[[0,0,0],[1,0,0],[0,1,0],[8,91,118]]
[[0,0,0],[1,0,0],[0,1,0],[18,65,118]]
[[0,0,0],[1,0,0],[0,1,0],[26,55,118]]
[[0,0,0],[1,0,0],[0,1,0],[4,7,118]]
[[0,0,0],[1,0,0],[0,1,0],[46,83,118]]
[[0,0,0],[1,0,0],[0,1,0],[46,105,118]]
[[0,0,0],[1,0,0],[0,1,0],[86,92,118]]
[[0,0,0],[1,0,0],[0,1,0],[7,13,118]]
[[0,0,0],[1,0,0],[0,1,0],[46,1,118]]
[[0,0,0],[1,0,0],[0,1,0],[38,107,118]]
[[0,0,0],[1,0,0],[0,1,0],[11,53,118]]
[[0,0,0],[1,0,0],[0,1,0],[50,5,118]]
[[0,0,0],[1,0,0],[0,1,0],[12,83,118]]
[[0,0,0],[1,0,0],[0,1,0],[13,47,118]]
[[0,0,0],[1,0,0],[0,1,0],[6,65,118]]
[[0,0,0],[1,0,0],[0,1,0],[40,81,118]]
[[0,0,0],[1,0,0],[0,1,0],[66,112,118]]
[[0,0,0],[1,0,0],[0,1,0],[6,95,118]]
[[0,0,0],[1,0,0],[0,1,0],[58,99,118]]
[[0,0,0],[1,0,0],[0,1,0],[12,75,118]]
[[0,0,0],[1,0,0],[0,1,0],[28,115,118]]
[[0,0,0],[1,0,0],[0,1,0],[4,5,118]]
[[0,0,0],[1,0,0],[0,1,0],[32,95,118]]
[[0,0,0],[1,0,0],[0,1,0],[4,1,118]]
[[0,0,0],[1,0,0],[0,1,0],[2,23,118]]
[[0,0,0],[1,0,0],[0,1,0],[8,61,118]]
[[0,0,0],[1,0,0],[0,1,0],[44,17,118]]
[[0,0,0],[1,0,0],[0,1,0],[34,115,118]]
[[0,0,0],[1,0,0],[0,1,0],[13,23,118]]
[[0,0,0],[1,0,0],[0,1,0],[23,97,118]]
[[0,0,0],[1,0,0],[0,1,0],[28,7,118]]
[[0,0,0],[1,0,0],[0,1,0],[13,107,118]]
[[0,0,0],[1,0,0],[0,1,0],[10,67,118]]
[[0,0,0],[1,0,0],[0,1,0],[48,19,118]]
[[0,0,0],[1,0,0],[0,1,0],[4,53,118]]
[[0,0,0],[1,0,0],[0,1,0],[20,115,118]]
[[0,0,0],[1,0,0],[0,1,0],[22,43,118]]
[[0,0,0],[1,0,0],[0,1,0],[1,15,118]]
[[0,0,0],[1,0,0],[0,1,0],[82,57,118]]
[[0,0,0],[1,0,0],[0,1,0],[18,73,118]]
[[0,0,0],[1,0,0],[0,1,0],[6,27,118]]
[[0,0,0],[1,0,0],[0,1,0],[5,31,118]]
[[0,0,0],[1,0,0],[0,1,0],[20,39,118]]
[[0,0,0],[1,0,0],[0,1,0],[12,23,118]]
[[0,0,0],[1,0,0],[0,1,0],[30,47,118]]
[[0,0,0],[1,0,0],[0,1,0],[38,15,118]]
[[0,0,0],[1,0,0],[0,1,0],[42,21,118]]
[[0,0,0],[1,0,0],[0,1,0],[34,9,118]]
[[0,0,0],[1,0,0],[0,1,0],[34,49,118]]
[[0,0,0],[1,0,0],[0,1,0],[38,83,118]]
[[0,0,0],[1,0,0],[0,1,0],[2,89,118]]
[[0,0,0],[1,0,0],[0,1,0],[9,29,118]]
[[0,0,0],[1,0,0],[0,1,0],[30,91,118]]
[[0,0,0],[1,0,0],[0,1,0],[56,81,118]]
[[0,0,0],[1,0,0],[0,1,0],[10,7,118]]
[[0,0,0],[1,0,0],[0,1,0],[10,45,118]]
[[0,0,0],[1,0,0],[0,1,0],[62,85,118]]
[[0,0,0],[1,0,0],[0,1,0],[16,107,118]]
[[0,0,0],[1,0,0],[0,1,0],[10,23,118]]
[[0,0,0],[1,0,0],[0,1,0],[38,43,118]]
[[0,0,0],[1,0,0],[0,1,0],[18,41,118]]
[[0,0,0],[1,0,0],[0,1,0],[40,35,118]]
[[0,0,0],[1,0,0],[0,1,0],[22,9,118]]
[[0,0,0],[1,0,0],[0,1,0],[10,55,118]]
[[0,0,0],[1,0,0],[0,1,0],[68,93,118]]
[[0,0,0],[1,0,0],[0,1,0],[44,1,118]]
[[0,0,0],[1,0,0],[0,1,0],[28,63,118]]
[[0,0,0],[1,0,0],[0,1,0],[50,9,118]]
[[0,0,0],[1,0,0],[0,1,0],[92,53,118]]
[[0,0,0],[1,0,0],[0,1,0],[16,117,118]]
[[0,0,0],[1,0,0],[0,1,0],[46,99,118]]
[[0,0,0],[1,0,0],[0,1,0],[50,3,118]]
[[0,0,0],[1,0,0],[0,1,0],[14,43,118]]
[[0,0,0],[1,0,0],[0,1,0],[24,39,118]]
[[0,0,0],[1,0,0],[0,1,0],[3,25,118]]
[[0,0,0],[1,0,0],[0,1,0],[46,115,118]]
[[0,0,0],[1,0,0],[0,1,0],[46,117,118]]
[[0,0,0],[1,0,0],[0,1,0],[28,109,118]]
[[0,0,0],[1,0,0],[0,1,0],[22,39,118]]
[[0,0,0],[1,0,0],[0,1,0],[46,109,118]]
[[0,0,0],[1,0,0],[0,1,0],[25,37,118]]
[[0,0,0],[1,0,0],[0,1,0],[38,25,118]]
[[0,0,0],[1,0,0],[0,1,0],[32,5,118]]
[[0,0,0],[1,0,0],[0,1,0],[28,17,118]]
[[0,0,0],[1,0,0],[0,1,0],[26,49,118]]
[[0,0,0],[1,0,0],[0,1,0],[2,81,118]]
[[0,0,0],[1,0,0],[0,1,0],[3,51,118]]
[[0,0,0],[1,0,0],[0,1,0],[26,3,118]]
[[0,0,0],[1,0,0],[0,1,0],[10,47,118]]
[[0,0,0],[1,0,0],[0,1,0],[6,75,118]]
[[0,0,0],[1,0,0],[0,1,0],[96,45,118]]
[[0,0,0],[1,0,0],[0,1,0],[2,17,118]]
[[0,0,0],[1,0,0],[0,1,0],[21,103,118]]
[[0,0,0],[1,0,0],[0,1,0],[58,93,118]]
[[0,0,0],[1,0,0],[0,1,0],[12,113,118]]
[[0,0,0],[1,0,0],[0,1,0],[1,11,118]]
[[0,0,0],[1,0,0],[0,1,0],[54,1,118]]
[[0,0,0],[1,0,0],[0,1,0],[84,69,118]]
[[0,0,0],[1,0,0],[0,1,0],[6,43,118]]
[[0,0,0],[1,0,0],[0,1,0],[36,85,118]]
[[0,0,0],[1,0,0],[0,1,0],[5,19,118]]
[[0,0,0],[1,0,0],[0,1,0],[22,115,118]]
[[0,0,0],[1,0,0],[0,1,0],[26,43,118]]
[[0,0,0],[1,0,0],[0,1,0],[2,87,118]]
[[0,0,0],[1,0,0],[0,1,0],[59,1,118]]
[[0,0,0],[1,0,0],[0,1,0],[4,49,118]]
[[0,0,0],[1,0,0],[0,1,0],[11,31,118]]
[[0,0,0],[1,0,0],[0,1,0],[24,51,118]]
[[0,0,0],[1,0,0],[0,1,0],[24,49,118]]
[[0,0,0],[1,0,0],[0,1,0],[40,117,118]]
[[0,0,0],[1,0,0],[0,1,0],[4,43,118]]
[[0,0,0],[1,0,0],[0,1,0],[8,11,118]]
[[0,0,0],[1,0,0],[0,1,0],[40,9,118]]
[[0,0,0],[1,0,0],[0,1,0],[18,71,118]]
[[0,0,0],[1,0,0],[0,1,0],[16,79,118]]
[[0,0,0],[1,0,0],[0,1,0],[11,47,118]]
[[0,0,0],[1,0,0],[0,1,0],[21,31,118]]
[[0,0,0],[1,0,0],[0,1,0],[3,55,118]]
[[0,0,0],[1,0,0],[0,1,0],[12,79,118]]
[[0,0,0],[1,0,0],[0,1,0],[10,51,118]]
[[0,0,0],[1,0,0],[0,1,0],[2,5,118]]
[[0,0,0],[1,0,0],[0,1,0],[28,41,118]]
[[0,0,0],[1,0,0],[0,1,0],[30,33,118]]
[[0,0,0],[1,0,0],[0,1,0],[18,3,118]]
[[0,0,0],[1,0,0],[0,1,0],[28,51,118]]
[[0,0,0],[1,0,0],[0,1,0],[12,17,118]]
[[0,0,0],[1,0,0],[0,1,0],[14,5,118]]
[[0,0,0],[1,0,0],[0,1,0],[23,39,118]]
[[0,0,0],[1,0,0],[0,1,0],[24,1,118]]
[[0,0,0],[1,0,0],[0,1,0],[18,31,118]]
[[0,0,0],[1,0,0],[0,1,0],[10,41,118]]
[[0,0,0],[1,0,0],[0,1,0],[14,89,118]]
[[0,0,0],[1,0,0],[0,1,0],[34,37,118]]
[[0,0,0],[1,0,0],[0,1,0],[16,109,118]]
[[0,0,0],[1,0,0],[0,1,0],[5,7,118]]
[[0,0,0],[1,0,0],[0,1,0],[28,117,118]]
[[0,0,0],[1,0,0],[0,1,0],[66,91,118]]
[[0,0,0],[1,0,0],[0,1,0],[54,99,118]]
[[0,0,0],[1,0,0],[0,1,0],[42,23,118]]
[[0,0,0],[1,0,0],[0,1,0],[60,83,118]]
[[0,0,0],[1,0,0],[0,1,0],[6,97,118]]
[[0,0,0],[1,0,0],[0,1,0],[14,77,118]]
[[0,0,0],[1,0,0],[0,1,0],[76,43,118]]
[[0,0,0],[1,0,0],[0,1,0],[42,101,118]]
[[0,0,0],[1,0,0],[0,1,0],[12,47,118]]
[[0,0,0],[1,0,0],[0,1,0],[18,5,118]]
[[0,0,0],[1,0,0],[0,1,0],[52,5,118]]
[[0,0,0],[1,0,0],[0,1,0],[36,113,118]]
[[0,0,0],[1,0,0],[0,1,0],[26,97,118]]
[[0,0,0],[1,0,0],[0,1,0],[3,5,118]]
[[0,0,0],[1,0,0],[0,1,0],[9,111,118]]
[[0,0,0],[1,0,0],[0,1,0],[36,11,118]]
[[0,0,0],[1,0,0],[0,1,0],[2,55,118]]
[[0,0,0],[1,0,0],[0,1,0],[12,107,118]]
[[0,0,0],[1,0,0],[0,1,0],[18,7,118]]
[[0,0,0],[1,0,0],[0,1,0],[26,115,118]]
[[0,0,0],[1,0,0],[0,1,0],[26,101,118]]
[[0,0,0],[1,0,0],[0,1,0],[6,35,118]]
[[0,0,0],[1,0,0],[0,1,0],[4,91,118]]
[[0,0,0],[1,0,0],[0,1,0],[4,97,118]]
[[0,0,0],[1,0,0],[0,1,0],[10,93,118]]
[[0,0,0],[1,0,0],[0,1,0],[22,38,118]]
[[0,0,0],[1,0,0],[0,1,0],[32,9,118]]
[[0,0,0],[1,0,0],[0,1,0],[18,51,118]]
[[0,0,0],[1,0,0],[0,1,0],[6,61,118]]
[[0,0,0],[1,0,0],[0,1,0],[54,103,118]]
[[0,0,0],[1,0,0],[0,1,0],[3,35,118]]
[[0,0,0],[1,0,0],[0,1,0],[4,65,118]]
[[0,0,0],[1,0,0],[0,1,0],[14,65,118]]
[[0,0,0],[1,0,0],[0,1,0],[4,73,118]]
[[0,0,0],[1,0,0],[0,1,0],[74,57,118]]
[[0,0,0],[1,0,0],[0,1,0],[15,45,118]]
[[0,0,0],[1,0,0],[0,1,0],[15,111,118]]
[[0,0,0],[1,0,0],[0,1,0],[50,103,118]]
[[0,0,0],[1,0,0],[0,1,0],[66,57,118]]
[[0,0,0],[1,0,0],[0,1,0],[54,93,118]]
[[0,0,0],[1,0,0],[0,1,0],[50,83,118]]
[[0,0,0],[1,0,0],[0,1,0],[12,15,118]]
[[0,0,0],[1,0,0],[0,1,0],[36,97,118]]
[[0,0,0],[1,0,0],[0,1,0],[14,69,118]]
[[0,0,0],[1,0,0],[0,1,0],[32,45,118]]
[[0,0,0],[1,0,0],[0,1,0],[24,63,118]]
[[0,0,0],[1,0,0],[0,1,0],[22,103,118]]
[[0,0,0],[1,0,0],[0,1,0],[2,99,118]]
[[0,0,0],[1,0,0],[0,1,0],[50,99,118]]
[[0,0,0],[1,0,0],[0,1,0],[16,61,118]]
[[0,0,0],[1,0,0],[0,1,0],[46,91,118]]
[[0,0,0],[1,0,0],[0,1,0],[32,11,118]]
[[0,0,0],[1,0,0],[0,1,0],[6,15,118]]
[[0,0,0],[1,0,0],[0,1,0],[16,29,118]]
[[0,0,0],[1,0,0],[0,1,0],[21,49,118]]
[[0,0,0],[1,0,0],[0,1,0],[2,41,118]]
[[0,0,0],[1,0,0],[0,1,0],[12,55,118]]
[[0,0,0],[1,0,0],[0,1,0],[37,89,118]]
[[0,0,0],[1,0,0],[0,1,0],[10,37,118]]
[[0,0,0],[1,0,0],[0,1,0],[12,63,118]]
[[0,0,0],[1,0,0],[0,1,0],[14,55,118]]
[[0,0,0],[1,0,0],[0,1,0],[6,37,118]]
[[0,0,0],[1,0,0],[0,1,0],[24,25,118]]
[[0,0,0],[1,0,0],[0,1,0],[12,31,118]]
[[0,0,0],[1,0,0],[0,1,0],[1,29,118]]
[[0,0,0],[1,0,0],[0,1,0],[18,49,118]]
[[0,0,0],[1,0,0],[0,1,0],[22,105,118]]
[[0,0,0],[1,0,0],[0,1,0],[6,63,118]]
[[0,0,0],[1,0,0],[0,1,0],[2,47,118]]
[[0,0,0],[1,0,0],[0,1,0],[32,1,118]]
[[0,0,0],[1,0,0],[0,1,0],[24,101,118]]
[[0,0,0],[1,0,0],[0,1,0],[8,115,118]]
[[0,0,0],[1,0,0],[0,1,0],[16,45,118]]
[[0,0,0],[1,0,0],[0,1,0],[22,63,118]]
[[0,0,0],[1,0,0],[0,1,0],[48,3,118]]
[[0,0,0],[1,0,0],[0,1,0],[4,79,118]]
[[0,0,0],[1,0,0],[0,1,0],[7,39,118]]
[[0,0,0],[1,0,0],[0,1,0],[15,51,118]]
[[0,0,0],[1,0,0],[0,1,0],[2,105,118]]
[[0,0,0],[1,0,0],[0,1,0],[4,67,118]]
[[0,0,0],[1,0,0],[0,1,0],[10,31,118]]
[[0,0,0],[1,0,0],[0,1,0],[74,67,118]]
[[0,0,0],[1,0,0],[0,1,0],[102,17,118]]
[[0,0,0],[1,0,0],[0,1,0],[9,9,118]]
[[0,0,0],[1,0,0],[0,1,0],[12,77,118]]
[[0,0,0],[1,0,0],[0,1,0],[86,43,118]]
[[0,0,0],[1,0,0],[0,1,0],[8,65,118]]
[[0,0,0],[1,0,0],[0,1,0],[22,37,118]]
[[0,0,0],[1,0,0],[0,1,0],[26,45,118]]
[[0,0,0],[1,0,0],[0,1,0],[52,115,118]]
[[0,0,0],[1,0,0],[0,1,0],[2,19,118]]
[[0,0,0],[1,0,0],[0,1,0],[18,63,118]]
[[0,0,0],[1,0,0],[0,1,0],[76,102,118]]
[[0,0,0],[1,0,0],[0,1,0],[12,111,118]]
[[0,0,0],[1,0,0],[0,1,0],[20,103,118]]
[[0,0,0],[1,0,0],[0,1,0],[32,105,118]]
[[0,0,0],[1,0,0],[0,1,0],[84,94,118]]
[[0,0,0],[1,0,0],[0,1,0],[30,37,118]]
[[0,0,0],[1,0,0],[0,1,0],[30,19,118]]
[[0,0,0],[1,0,0],[0,1,0],[11,21,118]]
[[0,0,0],[1,0,0],[0,1,0],[20,3,118]]
[[0,0,0],[1,0,0],[0,1,0],[9,23,118]]
[[0,0,0],[1,0,0],[0,1,0],[16,105,118]]
[[0,0,0],[1,0,0],[0,1,0],[6,3,118]]
[[0,0,0],[1,0,0],[0,1,0],[14,35,118]]
[[0,0,0],[1,0,0],[0,1,0],[56,1,118]]
[[0,0,0],[1,0,0],[0,1,0],[50,1,118]]
[[0,0,0],[1,0,0],[0,1,0],[40,105,118]]
[[0,0,0],[1,0,0],[0,1,0],[36,117,118]]
[[0,0,0],[1,0,0],[0,1,0],[62,57,118]]
[[0,0,0],[1,0,0],[0,1,0],[2,7,118]]
[[0,0,0],[1,0,0],[0,1,0],[6,89,118]]
[[0,0,0],[1,0,0],[0,1,0],[16,33,118]]
[[0,0,0],[1,0,0],[0,1,0],[5,45,118]]
[[0,0,0],[1,0,0],[0,1,0],[15,49,118]]
[[0,0,0],[1,0,0],[0,1,0],[18,13,118]]
[[0,0,0],[1,0,0],[0,1,0],[42,77,118]]
[[0,0,0],[1,0,0],[0,1,0],[8,52,118]]
[[0,0,0],[1,0,0],[0,1,0],[84,35,118]]
[[0,0,0],[1,0,0],[0,1,0],[32,107,118]]
[[0,0,0],[1,0,0],[0,1,0],[12,25,118]]
[[0,0,0],[1,0,0],[0,1,0],[46,111,118]]
[[0,0,0],[1,0,0],[0,1,0],[2,21,118]]
[[0,0,0],[1,0,0],[0,1,0],[44,95,118]]
[[0,0,0],[1,0,0],[0,1,0],[1,5,118]]
[[0,0,0],[1,0,0],[0,1,0],[2,65,118]]
[[0,0,0],[1,0,0],[0,1,0],[8,37,118]]
[[0,0,0],[1,0,0],[0,1,0],[36,19,118]]
[[0,0,0],[1,0,0],[0,1,0],[6,49,118]]
[[0,0,0],[1,0,0],[0,1,0],[2,63,118]]
[[0,0,0],[1,0,0],[0,1,0],[9,15,118]]
[[0,0,0],[1,0,0],[0,1,0],[62,89,118]]
[[0,0,0],[1,0,0],[0,1,0],[12,13,118]]
[[0,0,0],[1,0,0],[0,1,0],[4,25,118]]
[[0,0,0],[1,0,0],[0,1,0],[28,39,118]]
[[0,0,0],[1,0,0],[0,1,0],[24,109,118]]
[[0,0,0],[1,0,0],[0,1,0],[90,45,118]]
[[0,0,0],[1,0,0],[0,1,0],[7,25,118]]
[[0,0,0],[1,0,0],[0,1,0],[30,39,118]]
[[0,0,0],[1,0,0],[0,1,0],[32,109,118]]
[[0,0,0],[1,0,0],[0,1,0],[62,97,118]]
[[0,0,0],[1,0,0],[0,1,0],[4,75,118]]
[[0,0,0],[1,0,0],[0,1,0],[44,11,118]]
[[0,0,0],[1,0,0],[0,1,0],[8,103,118]]
[[0,0,0],[1,0,0],[0,1,0],[64,83,118]]
[[0,0,0],[1,0,0],[0,1,0],[8,79,118]]
[[0,0,0],[1,0,0],[0,1,0],[2,113,118]]
[[0,0,0],[1,0,0],[0,1,0],[4,19,118]]
[[0,0,0],[1,0,0],[0,1,0],[4,95,118]]
[[0,0,0],[1,0,0],[0,1,0],[6,85,118]]
[[0,0,0],[1,0,0],[0,1,0],[80,67,118]]
[[0,0,0],[1,0,0],[0,1,0],[13,33,118]]
[[0,0,0],[1,0,0],[0,1,0],[16,67,118]]
[[0,0,0],[1,0,0],[0,1,0],[70,95,118]]
[[0,0,0],[1,0,0],[0,1,0],[16,11,118]]
[[0,0,0],[1,0,0],[0,1,0],[6,67,118]]
[[0,0,0],[1,0,0],[0,1,0],[16,37,118]]
[[0,0,0],[1,0,0],[0,1,0],[28,21,118]]
[[0,0,0],[1,0,0],[0,1,0],[24,3,118]]
[[0,0,0],[1,0,0],[0,1,0],[14,31,118]]
[[0,0,0],[1,0,0],[0,1,0],[62,77,118]]
[[0,0,0],[1,0,0],[0,1,0],[50,87,118]]
[[0,0,0],[1,0,0],[0,1,0],[50,75,118]]
[[0,0,0],[1,0,0],[0,1,0],[16,39,118]]
[[0,0,0],[1,0,0],[0,1,0],[20,31,118]]
[[0,0,0],[1,0,0],[0,1,0],[58,95,118]]
[[0,0,0],[1,0,0],[0,1,0],[32,33,118]]
[[0,0,0],[1,0,0],[0,1,0],[14,47,118]]
[[0,0,0],[1,0,0],[0,1,0],[7,7,118]]
[[0,0,0],[1,0,0],[0,1,0],[2,71,118]]
[[0,0,0],[1,0,0],[0,1,0],[6,51,118]]
[[0,0,0],[1,0,0],[0,1,0],[10,69,118]]
[[0,0,0],[1,0,0],[0,1,0],[28,33,118]]
[[0,0,0],[1,0,0],[0,1,0],[54,81,118]]
[[0,0,0],[1,0,0],[0,1,0],[38,87,118]]
[[0,0,0],[1,0,0],[0,1,0],[14,79,118]]
[[0,0,0],[1,0,0],[0,1,0],[10,57,118]]
[[0,0,0],[1,0,0],[0,1,0],[18,111,118]]
[[0,0,0],[1,0,0],[0,1,0],[4,17,118]]
[[0,0,0],[1,0,0],[0,1,0],[44,19,118]]
[[0,0,0],[1,0,0],[0,1,0],[22,13,118]]
[[0,0,0],[1,0,0],[0,1,0],[10,83,118]]
[[0,0,0],[1,0,0],[0,1,0],[2,91,118]]
[[0,0,0],[1,0,0],[0,1,0],[48,1,118]]
[[0,0,0],[1,0,0],[0,1,0],[92,35,118]]
[[0,0,0],[1,0,0],[0,1,0],[40,31,118]]
[[0,0,0],[1,0,0],[0,1,0],[22,1,118]]
[[0,0,0],[1,0,0],[0,1,0],[3,57,118]]
[[0,0,0],[1,0,0],[0,1,0],[7,53,118]]
[[0,0,0],[1,0,0],[0,1,0],[15,39,118]]
[[0,0,0],[1,0,0],[0,1,0],[64,69,118]]
[[0,0,0],[1,0,0],[0,1,0],[24,36,118]]
[[0,0,0],[1,0,0],[0,1,0],[44,97,118]]
[[0,0,0],[1,0,0],[0,1,0],[36,3,118]]
[[0,0,0],[1,0,0],[0,1,0],[32,47,118]]
[[0,0,0],[1,0,0],[0,1,0],[24,71,118]]
[[0,0,0],[1,0,0],[0,1,0],[24,21,118]]
[[0,0,0],[1,0,0],[0,1,0],[56,87,118]]
[[0,0,0],[1,0,0],[0,1,0],[18,19,118]]
[[0,0,0],[1,0,0],[0,1,0],[18,42,118]]
[[0,0,0],[1,0,0],[0,1,0],[7,51,118]]
[[0,0,0],[1,0,0],[0,1,0],[2,95,118]]
[[0,0,0],[1,0,0],[0,1,0],[8,3,118]]
[[0,0,0],[1,0,0],[0,1,0],[5,15,118]]
[[0,0,0],[1,0,0],[0,1,0],[26,67,118]]
[[0,0,0],[1,0,0],[0,1,0],[23,31,118]]
[[0,0,0],[1,0,0],[0,1,0],[14,45,118]]
[[0,0,0],[1,0,0],[0,1,0],[4,89,118]]
[[0,0,0],[1,0,0],[0,1,0],[12,91,118]]
[[0,0,0],[1,0,0],[0,1,0],[7,27,118]]
[[0,0,0],[1,0,0],[0,1,0],[62,65,118]]
[[0,0,0],[1,0,0],[0,1,0],[38,1,118]]
[[0,0,0],[1,0,0],[0,1,0],[24,61,118]]
[[0,0,0],[1,0,0],[0,1,0],[2,83,118]]
[[0,0,0],[1,0,0],[0,1,0],[40,19,118]]
[[0,0,0],[1,0,0],[0,1,0],[3,117,118]]
[[0,0,0],[1,0,0],[0,1,0],[12,109,118]]
[[0,0,0],[1,0,0],[0,1,0],[3,33,118]]
[[0,0,0],[1,0,0],[0,1,0],[12,117,118]]
[[0,0,0],[1,0,0],[0,1,0],[11,109,118]]
[[0,0,0],[1,0,0],[0,1,0],[68,81,118]]
[[0,0,0],[1,0,0],[0,1,0],[12,71,118]]
[[0,0,0],[1,0,0],[0,1,0],[6,21,118]]
[[0,0,0],[1,0,0],[0,1,0],[24,9,118]]
[[0,0,0],[1,0,0],[0,1,0],[13,25,118]]
[[0,0,0],[1,0,0],[0,1,0],[6,105,118]]
[[0,0,0],[1,0,0],[0,1,0],[34,41,118]]
[[0,0,0],[1,0,0],[0,1,0],[2,29,118]]
[[0,0,0],[1,0,0],[0,1,0],[52,103,118]]
[[0,0,0],[1,0,0],[0,1,0],[2,75,118]]
[[0,0,0],[1,0,0],[0,1,0],[2,103,118]]
[[0,0,0],[1,0,0],[0,1,0],[20,69,118]]
[[0,0,0],[1,0,0],[0,1,0],[26,34,118]]
[[0,0,0],[1,0,0],[0,1,0],[19,45,118]]
[[0,0,0],[1,0,0],[0,1,0],[1,23,118]]
[[0,0,0],[1,0,0],[0,1,0],[14,81,118]]
[[0,0,0],[1,0,0],[0,1,0],[64,114,118]]
[[0,0,0],[1,0,0],[0,1,0],[20,40,118]]
[[0,0,0],[1,0,0],[0,1,0],[22,109,118]]
[[0,0,0],[1,0,0],[0,1,0],[26,113,118]]
[[0,0,0],[1,0,0],[0,1,0],[5,51,118]]
[[0,0,0],[1,0,0],[0,1,0],[76,49,118]]
[[0,0,0],[1,0,0],[0,1,0],[66,89,118]]
[[0,0,0],[1,0,0],[0,1,0],[8,89,118]]
[[0,0,0],[1,0,0],[0,1,0],[72,93,118]]
[[0,0,0],[1,0,0],[0,1,0],[18,67,118]]
[[0,0,0],[1,0,0],[0,1,0],[48,117,118]]
[[0,0,0],[1,0,0],[0,1,0],[6,19,118]]
[[0,0,0],[1,0,0],[0,1,0],[60,101,118]]
[[0,0,0],[1,0,0],[0,1,0],[38,27,118]]
[[0,0,0],[1,0,0],[0,1,0],[24,31,118]]
[[0,0,0],[1,0,0],[0,1,0],[34,105,118]]
[[0,0,0],[1,0,0],[0,1,0],[78,57,118]]
[[0,0,0],[1,0,0],[0,1,0],[18,39,118]]
[[0,0,0],[1,0,0],[0,1,0],[30,31,118]]
[[0,0,0],[1,0,0],[0,1,0],[14,21,118]]
[[0,0,0],[1,0,0],[0,1,0],[14,57,118]]
[[0,0,0],[1,0,0],[0,1,0],[11,43,118]]
[[0,0,0],[1,0,0],[0,1,0],[52,67,118]]
[[0,0,0],[1,0,0],[0,1,0],[32,29,118]]
[[0,0,0],[1,0,0],[0,1,0],[5,23,118]]
[[0,0,0],[1,0,0],[0,1,0],[10,73,118]]
[[0,0,0],[1,0,0],[0,1,0],[22,19,118]]
[[0,0,0],[1,0,0],[0,1,0],[49,81,118]]
[[0,0,0],[1,0,0],[0,1,0],[10,91,118]]
[[0,0,0],[1,0,0],[0,1,0],[5,21,118]]
[[0,0,0],[1,0,0],[0,1,0],[74,49,118]]
[[0,0,0],[1,0,0],[0,1,0],[10,11,118]]
[[0,0,0],[1,0,0],[0,1,0],[6,33,118]]
[[0,0,0],[1,0,0],[0,1,0],[16,53,118]]
[[0,0,0],[1,0,0],[0,1,0],[20,25,118]]
[[0,0,0],[1,0,0],[0,1,0],[10,53,118]]
[[0,0,0],[1,0,0],[0,1,0],[20,47,118]]
[[0,0,0],[1,0,0],[0,1,0],[26,33,118]]
[[0,0,0],[1,0,0],[0,1,0],[16,65,118]]
[[0,0,0],[1,0,0],[0,1,0],[48,85,118]]
[[0,0,0],[1,0,0],[0,1,0],[18,107,118]]
[[0,0,0],[1,0,0],[0,1,0],[1,1,118]]
[[0,0,0],[1,0,0],[0,1,0],[1,19,118]]
[[0,0,0],[1,0,0],[0,1,0],[6,7,118]]
[[0,0,0],[1,0,0],[0,1,0],[68,53,118]]
[[0,0,0],[1,0,0],[0,1,0],[6,99,118]]
[[0,0,0],[1,0,0],[0,1,0],[8,13,118]]
[[0,0,0],[1,0,0],[0,1,0],[30,111,118]]
[[0,0,0],[1,0,0],[0,1,0],[66,69,118]]
[[0,0,0],[1,0,0],[0,1,0],[46,13,118]]
[[0,0,0],[1,0,0],[0,1,0],[20,101,118]]
[[0,0,0],[1,0,0],[0,1,0],[4,11,118]]
[[0,0,0],[1,0,0],[0,1,0],[30,55,118]]
[[0,0,0],[1,0,0],[0,1,0],[8,51,118]]
[[0,0,0],[1,0,0],[0,1,0],[16,75,118]]
[[0,0,0],[1,0,0],[0,1,0],[16,27,118]]
[[0,0,0],[1,0,0],[0,1,0],[2,69,118]]
[[0,0,0],[1,0,0],[0,1,0],[20,117,118]]
[[0,0,0],[1,0,0],[0,1,0],[31,103,118]]
[[0,0,0],[1,0,0],[0,1,0],[12,39,118]]
[[0,0,0],[1,0,0],[0,1,0],[8,85,118]]
[[0,0,0],[1,0,0],[0,1,0],[88,90,118]]
[[0,0,0],[1,0,0],[0,1,0],[42,117,118]]
[[0,0,0],[1,0,0],[0,1,0],[10,87,118]]
[[0,0,0],[1,0,0],[0,1,0],[52,77,118]]
[[0,0,0],[1,0,0],[0,1,0],[38,97,118]]
[[0,0,0],[1,0,0],[0,1,0],[10,39,118]]
[[0,0,0],[1,0,0],[0,1,0],[14,46,118]]
[[0,0,0],[1,0,0],[0,1,0],[34,23,118]]
[[0,0,0],[1,0,0],[0,1,0],[4,47,118]]
[[0,0,0],[1,0,0],[0,1,0],[30,51,118]]
[[0,0,0],[1,0,0],[0,1,0],[2,97,118]]
[[0,0,0],[1,0,0],[0,1,0],[4,55,118]]
[[0,0,0],[1,0,0],[0,1,0],[4,13,118]]
[[0,0,0],[1,0,0],[0,1,0],[8,67,118]]
[[0,0,0],[1,0,0],[0,1,0],[56,7,118]]
[[0,0,0],[1,0,0],[0,1,0],[32,111,118]]
[[0,0,0],[1,0,0],[0,1,0],[13,39,118]]
[[0,0,0],[1,0,0],[0,1,0],[40,115,118]]
[[0,0,0],[1,0,0],[0,1,0],[50,11,118]]
[[0,0,0],[1,0,0],[0,1,0],[2,111,118]]
[[0,0,0],[1,0,0],[0,1,0],[4,105,118]]
[[0,0,0],[1,0,0],[0,1,0],[30,107,118]]
[[0,0,0],[1,0,0],[0,1,0],[16,31,118]]
[[0,0,0],[1,0,0],[0,1,0],[56,113,118]]
[[0,0,0],[1,0,0],[0,1,0],[2,53,118]]
[[0,0,0],[1,0,0],[0,1,0],[34,31,118]]
[[0,0,0],[1,0,0],[0,1,0],[22,5,118]]
[[0,0,0],[1,0,0],[0,1,0],[22,99,118]]
[[0,0,0],[1,0,0],[0,1,0],[14,113,118]]
[[0,0,0],[1,0,0],[0,1,0],[3,15,118]]
[[0,0,0],[1,0,0],[0,1,0],[26,65,118]]
[[0,0,0],[1,0,0],[0,1,0],[32,25,118]]
[[0,0,0],[1,0,0],[0,1,0],[9,35,118]]
[[0,0,0],[1,0,0],[0,1,0],[28,113,118]]
[[0,0,0],[1,0,0],[0,1,0],[58,67,118]]
[[0,0,0],[1,0,0],[0,1,0],[56,103,118]]
[[0,0,0],[1,0,0],[0,1,0],[32,7,118]]
[[0,0,0],[1,0,0],[0,1,0],[14,73,118]]
[[0,0,0],[1,0,0],[0,1,0],[2,13,118]]
[[0,0,0],[1,0,0],[0,1,0],[90,57,118]]
[[0,0,0],[1,0,0],[0,1,0],[6,31,118]]
[[0,0,0],[1,0,0],[0,1,0],[12,7,118]]
[[0,0,0],[1,0,0],[0,1,0],[15,21,118]]
[[0,0,0],[1,0,0],[0,1,0],[2,85,118]]
[[0,0,0],[1,0,0],[0,1,0],[30,23,118]]
[[0,0,0],[1,0,0],[0,1,0],[3,9,118]]
[[0,0,0],[1,0,0],[0,1,0],[30,1,118]]
[[0,0,0],[1,0,0],[0,1,0],[18,113,118]]
[[0,0,0],[1,0,0],[0,1,0],[61,117,118]]
[[0,0,0],[1,0,0],[0,1,0],[22,101,118]]
[[0,0,0],[1,0,0],[0,1,0],[2,9,118]]
[[0,0,0],[1,0,0],[0,1,0],[8,87,118]]
[[0,0,0],[1,0,0],[0,1,0],[46,103,118]]
[[0,0,0],[1,0,0],[0,1,0],[50,91,118]]
[[0,0,0],[1,0,0],[0,1,0],[14,75,118]]
[[0,0,0],[1,0,0],[0,1,0],[7,115,118]]
[[0,0,0],[1,0,0],[0,1,0],[20,61,118]]
[[0,0,0],[1,0,0],[0,1,0],[54,3,118]]
[[0,0,0],[1,0,0],[0,1,0],[14,11,118]]
[[0,0,0],[1,0,0],[0,1,0],[28,95,118]]
[[0,0,0],[1,0,0],[0,1,0],[37,83,118]]
[[0,0,0],[1,0,0],[0,1,0],[2,101,118]]
[[0,0,0],[1,0,0],[0,1,0],[52,117,118]]
[[0,0,0],[1,0,0],[0,1,0],[14,53,118]]
[[0,0,0],[1,0,0],[0,1,0],[23,99,118]]
[[0,0,0],[1,0,0],[0,1,0],[4,21,118]]
[[0,0,0],[1,0,0],[0,1,0],[22,33,118]]
[[0,0,0],[1,0,0],[0,1,0],[64,65,118]]
[[0,0,0],[1,0,0],[0,1,0],[48,107,118]]
[[0,0,0],[1,0,0],[0,1,0],[26,19,118]]
[[0,0,0],[1,0,0],[0,1,0],[16,44,118]]
[[0,0,0],[1,0,0],[0,1,0],[4,39,118]]
[[0,0,0],[1,0,0],[0,1,0],[2,93,118]]
[[0,0,0],[1,0,0],[0,1,0],[3,29,118]]
[[0,0,0],[1,0,0],[0,1,0],[22,31,118]]
[[0,0,0],[1,0,0],[0,1,0],[14,27,118]]
[[0,0,0],[1,0,0],[0,1,0],[44,15,118]]
[[0,0,0],[1,0,0],[0,1,0],[20,29,118]]
[[0,0,0],[1,0,0],[0,1,0],[20,21,118]]
[[0,0,0],[1,0,0],[0,1,0],[16,49,118]]
[[0,0,0],[1,0,0],[0,1,0],[62,107,118]]
[[0,0,0],[1,0,0],[0,1,0],[60,117,118]]
[[0,0,0],[1,0,0],[0,1,0],[20,55,118]]
[[0,0,0],[1,0,0],[0,1,0],[14,23,118]]
[[0,0,0],[1,0,0],[0,1,0],[10,5,118]]
[[0,0,0],[1,0,0],[0,1,0],[34,47,118]]
[[0,0,0],[1,0,0],[0,1,0],[10,61,118]]
[[0,0,0],[1,0,0],[0,1,0],[12,19,118]]
[[0,0,0],[1,0,0],[0,1,0],[20,45,118]]
[[0,0,0],[1,0,0],[0,1,0],[11,11,118]]
[[0,0,0],[1,0,0],[0,1,0],[25,95,118]]
[[0,0,0],[1,0,0],[0,1,0],[42,3,118]]
[[0,0,0],[1,0,0],[0,1,0],[2,27,118]]
[[0,0,0],[1,0,0],[0,1,0],[20,41,118]]
[[0,0,0],[1,0,0],[0,1,0],[14,91,118]]
[[0,0,0],[1,0,0],[0,1,0],[46,113,118]]
[[0,0,0],[1,0,0],[0,1,0],[4,69,118]]
[[0,0,0],[1,0,0],[0,1,0],[15,37,118]]
[[0,0,0],[1,0,0],[0,1,0],[20,111,118]]
[[0,0,0],[1,0,0],[0,1,0],[18,57,118]]
[[0,0,0],[1,0,0],[0,1,0],[9,51,118]]
[[0,0,0],[1,0,0],[0,1,0],[20,9,118]]
[[0,0,0],[1,0,0],[0,1,0],[50,69,118]]
[[0,0,0],[1,0,0],[0,1,0],[28,43,118]]
[[0,0,0],[1,0,0],[0,1,0],[19,19,118]]
[[0,0,0],[1,0,0],[0,1,0],[18,1,118]]
[[0,0,0],[1,0,0],[0,1,0],[42,31,118]]
[[0,0,0],[1,0,0],[0,1,0],[24,69,118]]
[[0,0,0],[1,0,0],[0,1,0],[7,35,118]]
[[0,0,0],[1,0,0],[0,1,0],[14,105,118]]
[[0,0,0],[1,0,0],[0,1,0],[4,45,118]]
[[0,0,0],[1,0,0],[0,1,0],[10,99,118]]
[[0,0,0],[1,0,0],[0,1,0],[8,33,118]]
[[0,0,0],[1,0,0],[0,1,0],[59,60,118]]
[[0,0,0],[1,0,0],[0,1,0],[20,13,118]]
[[0,0,0],[1,0,0],[0,1,0],[44,29,118]]
[[0,0,0],[1,0,0],[0,1,0],[12,9,118]]
[[0,0,0],[1,0,0],[0,1,0],[32,19,118]]
[[0,0,0],[1,0,0],[0,1,0],[16,23,118]]
[[0,0,0],[1,0,0],[0,1,0],[16,87,118]]
[[0,0,0],[1,0,0],[0,1,0],[22,15,118]]
[[0,0,0],[1,0,0],[0,1,0],[8,15,118]]
[[0,0,0],[1,0,0],[0,1,0],[8,95,118]]
[[0,0,0],[1,0,0],[0,1,0],[9,33,118]]
[[0,0,0],[1,0,0],[0,1,0],[34,1,118]]
[[0,0,0],[1,0,0],[0,1,0],[8,69,118]]
[[0,0,0],[1,0,0],[0,1,0],[42,1,118]]
[[0,0,0],[1,0,0],[0,1,0],[16,43,118]]
[[0,0,0],[1,0,0],[0,1,0],[42,35,118]]
[[0,0,0],[1,0,0],[0,1,0],[10,33,118]]
[[0,0,0],[1,0,0],[0,1,0],[30,101,118]]
[[0,0,0],[1,0,0],[0,1,0],[36,29,118]]
[[0,0,0],[1,0,0],[0,1,0],[14,49,118]]
[[0,0,0],[1,0,0],[0,1,0],[8,75,118]]
[[0,0,0],[1,0,0],[0,1,0],[4,9,118]]
[[0,0,0],[1,0,0],[0,1,0],[3,17,118]]
[[0,0,0],[1,0,0],[0,1,0],[64,95,118]]
[[0,0,0],[1,0,0],[0,1,0],[30,15,118]]
[[0,0,0],[1,0,0],[0,1,0],[38,3,118]]
[[0,0,0],[1,0,0],[0,1,0],[22,35,118]]
[[0,0,0],[1,0,0],[0,1,0],[22,113,118]]
[[0,0,0],[1,0,0],[0,1,0],[28,55,118]]
[[0,0,0],[1,0,0],[0,1,0],[2,58,118]]
[[0,0,0],[1,0,0],[0,1,0],[14,63,118]]
[[0,0,0],[1,0,0],[0,1,0],[16,69,118]]
[[0,0,0],[1,0,0],[0,1,0],[42,15,118]]
[[0,0,0],[1,0,0],[0,1,0],[0,1,118]]
[[0,0,0],[1,0,0],[0,1,0],[14,15,118]]
[[0,0,0],[1,0,0],[0,1,0],[10,111,118]]
[[0,0,0],[1,0,0],[0,1,0],[6,54,118]]
[[0,0,0],[1,0,0],[0,1,0],[9,25,118]]
[[0,0,0],[1,0,0],[0,1,0],[26,95,118]]
[[0,0,0],[1,0,0],[0,1,0],[28,32,118]]
