[[0,0,0],[1,0,0],[0,1,0],[6,11,119]]
[[0,0,0],[1,0,0],[0,1,0],[2,39,119]]
[[0,0,0],[1,0,0],[0,1,0],[4,33,119]]
[[0,0,0],[1,0,0],[0,1,0],[64,73,119]]
[[0,0,0],[1,0,0],[0,1,0],[19,80,119]]
[[0,0,0],[1,0,0],[0,1,0],[31,54,119]]
[[0,0,0],[1,0,0],[0,1,0],[63,113,119]]
[[0,0,0],[1,0,0],[0,1,0],[1,18,119]]
[[0,0,0],[1,0,0],[0,1,0],[3,3,119]]
[[0,0,0],[1,0,0],[0,1,0],[16,109,119]]
[[0,0,0],[1,0,0],[0,1,0],[33,52,119]]
[[0,0,0],[1,0,0],[0,1,0],[36,118,119]]
[[0,0,0],[1,0,0],[0,1,0],[10,82,119]]
[[0,0,0],[1,0,0],[0,1,0],[85,35,119]]
[[0,0,0],[1,0,0],[0,1,0],[79,109,119]]
[[0,0,0],[1,0,0],[0,1,0],[33,115,119]]
[[0,0,0],[1,0,0],[0,1,0],[18,88,119]]
[[0,0,0],[1,0,0],[0,1,0],[1,23,119]]
[[0,0,0],[1,0,0],[0,1,0],[70,118,119]]
[[0,0,0],[1,0,0],[0,1,0],[2,59,119]]
[[0,0,0],[1,0,0],[0,1,0],[27,45,119]]
[[0,0,0],[1,0,0],[0,1,0],[5,66,119]]
[[0,0,0],[1,0,0],[0,1,0],[2,41,119]]
[[0,0,0],[1,0,0],[0,1,0],[19,66,119]]
[[0,0,0],[1,0,0],[0,1,0],[22,64,119]]
[[0,0,0],[1,0,0],[0,1,0],[25,37,119]]
[[0,0,0],[1,0,0],[0,1,0],[6,93,119]]
[[0,0,0],[1,0,0],[0,1,0],[49,3,119]]
[[0,0,0],[1,0,0],[0,1,0],[4,19,119]]
[[0,0,0],[1,0,0],[0,1,0],[2,20,119]]
[[0,0,0],[1,0,0],[0,1,0],[8,13,119]]
[[0,0,0],[1,0,0],[0,1,0],[3,32,119]]
[[0,0,0],[1,0,0],[0,1,0],[6,16,119]]
[[0,0,0],[1,0,0],[0,1,0],[11,29,119]]
[[0,0,0],[1,0,0],[0,1,0],[31,72,119]]
[[0,0,0],[1,0,0],[0,1,0],[38,82,119]]
[[0,0,0],[1,0,0],[0,1,0],[5,29,119]]
[[0,0,0],[1,0,0],[0,1,0],[11,113,119]]
[[0,0,0],[1,0,0],[0,1,0],[8,50,119]]
[[0,0,0],[1,0,0],[0,1,0],[5,80,119]]
[[0,0,0],[1,0,0],[0,1,0],[32,41,119]]
[[0,0,0],[1,0,0],[0,1,0],[54,115,119]]
[[0,0,0],[1,0,0],[0,1,0],[26,37,119]]
[[0,0,0],[1,0,0],[0,1,0],[11,26,119]]
[[0,0,0],[1,0,0],[0,1,0],[6,100,119]]
[[0,0,0],[1,0,0],[0,1,0],[49,54,119]]
[[0,0,0],[1,0,0],[0,1,0],[84,71,119]]
[[0,0,0],[1,0,0],[0,1,0],[105,117,119]]
[[0,0,0],[1,0,0],[0,1,0],[3,45,119]]
[[0,0,0],[1,0,0],[0,1,0],[26,47,119]]
[[0,0,0],[1,0,0],[0,1,0],[4,22,119]]
[[0,0,0],[1,0,0],[0,1,0],[17,1,119]]
[[0,0,0],[1,0,0],[0,1,0],[34,52,119]]
[[0,0,0],[1,0,0],[0,1,0],[39,109,119]]
[[0,0,0],[1,0,0],[0,1,0],[14,71,119]]
[[0,0,0],[1,0,0],[0,1,0],[38,61,119]]
[[0,0,0],[1,0,0],[0,1,0],[5,10,119]]
[[0,0,0],[1,0,0],[0,1,0],[72,118,119]]
[[0,0,0],[1,0,0],[0,1,0],[56,1,119]]
[[0,0,0],[1,0,0],[0,1,0],[8,43,119]]
[[0,0,0],[1,0,0],[0,1,0],[13,22,119]]
[[0,0,0],[1,0,0],[0,1,0],[23,38,119]]
[[0,0,0],[1,0,0],[0,1,0],[5,117,119]]
[[0,0,0],[1,0,0],[0,1,0],[28,75,119]]
[[0,0,0],[1,0,0],[0,1,0],[6,6,119]]
[[0,0,0],[1,0,0],[0,1,0],[11,37,119]]
[[0,0,0],[1,0,0],[0,1,0],[68,69,119]]
[[0,0,0],[1,0,0],[0,1,0],[29,39,119]]
[[0,0,0],[1,0,0],[0,1,0],[16,52,119]]
[[0,0,0],[1,0,0],[0,1,0],[37,111,119]]
[[0,0,0],[1,0,0],[0,1,0],[22,32,119]]
[[0,0,0],[1,0,0],[0,1,0],[25,25,119]]
[[0,0,0],[1,0,0],[0,1,0],[3,82,119]]
[[0,0,0],[1,0,0],[0,1,0],[11,11,119]]
[[0,0,0],[1,0,0],[0,1,0],[31,75,119]]
[[0,0,0],[1,0,0],[0,1,0],[11,39,119]]
[[0,0,0],[1,0,0],[0,1,0],[18,74,119]]
[[0,0,0],[1,0,0],[0,1,0],[19,45,119]]
[[0,0,0],[1,0,0],[0,1,0],[36,95,119]]
[[0,0,0],[1,0,0],[0,1,0],[3,55,119]]
[[0,0,0],[1,0,0],[0,1,0],[21,78,119]]
[[0,0,0],[1,0,0],[0,1,0],[2,38,119]]
[[0,0,0],[1,0,0],[0,1,0],[23,25,119]]
[[0,0,0],[1,0,0],[0,1,0],[10,36,119]]
[[0,0,0],[1,0,0],[0,1,0],[32,116,119]]
[[0,0,0],[1,0,0],[0,1,0],[1,5,119]]
[[0,0,0],[1,0,0],[0,1,0],[91,50,119]]
[[0,0,0],[1,0,0],[0,1,0],[14,38,119]]
[[0,0,0],[1,0,0],[0,1,0],[3,100,119]]
[[0,0,0],[1,0,0],[0,1,0],[8,53,119]]
[[0,0,0],[1,0,0],[0,1,0],[10,54,119]]
[[0,0,0],[1,0,0],[0,1,0],[25,46,119]]
[[0,0,0],[1,0,0],[0,1,0],[16,118,119]]
[[0,0,0],[1,0,0],[0,1,0],[21,15,119]]
[[0,0,0],[1,0,0],[0,1,0],[6,41,119]]
[[0,0,0],[1,0,0],[0,1,0],[5,25,119]]
[[0,0,0],[1,0,0],[0,1,0],[39,95,119]]
[[0,0,0],[1,0,0],[0,1,0],[1,8,119]]
[[0,0,0],[1,0,0],[0,1,0],[3,52,119]]
[[0,0,0],[1,0,0],[0,1,0],[9,54,119]]
[[0,0,0],[1,0,0],[0,1,0],[2,10,119]]
[[0,0,0],[1,0,0],[0,1,0],[59,89,119]]
[[0,0,0],[1,0,0],[0,1,0],[8,44,119]]
[[0,0,0],[1,0,0],[0,1,0],[1,37,119]]
[[0,0,0],[1,0,0],[0,1,0],[8,113,119]]
[[0,0,0],[1,0,0],[0,1,0],[2,46,119]]
[[0,0,0],[1,0,0],[0,1,0],[77,26,119]]
[[0,0,0],[1,0,0],[0,1,0],[19,118,119]]
[[0,0,0],[1,0,0],[0,1,0],[5,101,119]]
[[0,0,0],[1,0,0],[0,1,0],[18,38,119]]
[[0,0,0],[1,0,0],[0,1,0],[37,39,119]]
[[0,0,0],[1,0,0],[0,1,0],[10,113,119]]
[[0,0,0],[1,0,0],[0,1,0],[9,111,119]]
[[0,0,0],[1,0,0],[0,1,0],[4,95,119]]
[[0,0,0],[1,0,0],[0,1,0],[1,10,119]]
[[0,0,0],[1,0,0],[0,1,0],[18,41,119]]
[[0,0,0],[1,0,0],[0,1,0],[56,98,119]]
[[0,0,0],[1,0,0],[0,1,0],[27,36,119]]
[[0,0,0],[1,0,0],[0,1,0],[16,90,119]]
[[0,0,0],[1,0,0],[0,1,0],[10,110,119]]
[[0,0,0],[1,0,0],[0,1,0],[16,36,119]]
[[0,0,0],[1,0,0],[0,1,0],[9,94,119]]
[[0,0,0],[1,0,0],[0,1,0],[32,44,119]]
[[0,0,0],[1,0,0],[0,1,0],[3,53,119]]
[[0,0,0],[1,0,0],[0,1,0],[19,104,119]]
[[0,0,0],[1,0,0],[0,1,0],[17,86,119]]
[[0,0,0],[1,0,0],[0,1,0],[13,31,119]]
[[0,0,0],[1,0,0],[0,1,0],[72,99,119]]
[[0,0,0],[1,0,0],[0,1,0],[19,52,119]]
[[0,0,0],[1,0,0],[0,1,0],[42,44,119]]
[[0,0,0],[1,0,0],[0,1,0],[2,18,119]]
[[0,0,0],[1,0,0],[0,1,0],[13,39,119]]
[[0,0,0],[1,0,0],[0,1,0],[18,18,119]]
[[0,0,0],[1,0,0],[0,1,0],[4,39,119]]
[[0,0,0],[1,0,0],[0,1,0],[35,1,119]]
[[0,0,0],[1,0,0],[0,1,0],[18,50,119]]
[[0,0,0],[1,0,0],[0,1,0],[17,18,119]]
[[0,0,0],[1,0,0],[0,1,0],[77,60,119]]
[[0,0,0],[1,0,0],[0,1,0],[3,8,119]]
[[0,0,0],[1,0,0],[0,1,0],[4,88,119]]
[[0,0,0],[1,0,0],[0,1,0],[9,44,119]]
[[0,0,0],[1,0,0],[0,1,0],[2,97,119]]
[[0,0,0],[1,0,0],[0,1,0],[28,1,119]]
[[0,0,0],[1,0,0],[0,1,0],[22,48,119]]
[[0,0,0],[1,0,0],[0,1,0],[8,47,119]]
[[0,0,0],[1,0,0],[0,1,0],[1,6,119]]
[[0,0,0],[1,0,0],[0,1,0],[3,22,119]]
[[0,0,0],[1,0,0],[0,1,0],[11,44,119]]
[[0,0,0],[1,0,0],[0,1,0],[5,24,119]]
[[0,0,0],[1,0,0],[0,1,0],[105,15,119]]
[[0,0,0],[1,0,0],[0,1,0],[77,94,119]]
[[0,0,0],[1,0,0],[0,1,0],[17,52,119]]
[[0,0,0],[1,0,0],[0,1,0],[42,22,119]]
[[0,0,0],[1,0,0],[0,1,0],[6,47,119]]
[[0,0,0],[1,0,0],[0,1,0],[23,23,119]]
[[0,0,0],[1,0,0],[0,1,0],[10,47,119]]
[[0,0,0],[1,0,0],[0,1,0],[9,41,119]]
[[0,0,0],[1,0,0],[0,1,0],[13,23,119]]
[[0,0,0],[1,0,0],[0,1,0],[16,16,119]]
[[0,0,0],[1,0,0],[0,1,0],[102,35,119]]
[[0,0,0],[1,0,0],[0,1,0],[2,76,119]]
[[0,0,0],[1,0,0],[0,1,0],[5,48,119]]
[[0,0,0],[1,0,0],[0,1,0],[13,100,119]]
[[0,0,0],[1,0,0],[0,1,0],[7,1,119]]
[[0,0,0],[1,0,0],[0,1,0],[1,22,119]]
[[0,0,0],[1,0,0],[0,1,0],[25,106,119]]
[[0,0,0],[1,0,0],[0,1,0],[2,43,119]]
[[0,0,0],[1,0,0],[0,1,0],[5,108,119]]
[[0,0,0],[1,0,0],[0,1,0],[19,103,119]]
[[0,0,0],[1,0,0],[0,1,0],[14,29,119]]
[[0,0,0],[1,0,0],[0,1,0],[13,19,119]]
[[0,0,0],[1,0,0],[0,1,0],[21,57,119]]
[[0,0,0],[1,0,0],[0,1,0],[7,79,119]]
[[0,0,0],[1,0,0],[0,1,0],[44,104,119]]
[[0,0,0],[1,0,0],[0,1,0],[7,99,119]]
[[0,0,0],[1,0,0],[0,1,0],[6,8,119]]
[[0,0,0],[1,0,0],[0,1,0],[5,39,119]]
[[0,0,0],[1,0,0],[0,1,0],[13,48,119]]
[[0,0,0],[1,0,0],[0,1,0],[42,78,119]]
[[0,0,0],[1,0,0],[0,1,0],[48,89,119]]
[[0,0,0],[1,0,0],[0,1,0],[13,73,119]]
[[0,0,0],[1,0,0],[0,1,0],[11,25,119]]
[[0,0,0],[1,0,0],[0,1,0],[49,105,119]]
[[0,0,0],[1,0,0],[0,1,0],[3,6,119]]
[[0,0,0],[1,0,0],[0,1,0],[6,50,119]]
[[0,0,0],[1,0,0],[0,1,0],[26,38,119]]
[[0,0,0],[1,0,0],[0,1,0],[7,22,119]]
[[0,0,0],[1,0,0],[0,1,0],[10,61,119]]
[[0,0,0],[1,0,0],[0,1,0],[22,47,119]]
[[0,0,0],[1,0,0],[0,1,0],[27,107,119]]
[[0,0,0],[1,0,0],[0,1,0],[32,95,119]]
[[0,0,0],[1,0,0],[0,1,0],[2,24,119]]
[[0,0,0],[1,0,0],[0,1,0],[5,44,119]]
[[0,0,0],[1,0,0],[0,1,0],[9,12,119]]
[[0,0,0],[1,0,0],[0,1,0],[5,9,119]]
[[0,0,0],[1,0,0],[0,1,0],[4,82,119]]
[[0,0,0],[1,0,0],[0,1,0],[23,118,119]]
[[0,0,0],[1,0,0],[0,1,0],[7,28,119]]
[[0,0,0],[1,0,0],[0,1,0],[4,8,119]]
[[0,0,0],[1,0,0],[0,1,0],[2,5,119]]
[[0,0,0],[1,0,0],[0,1,0],[13,44,119]]
[[0,0,0],[1,0,0],[0,1,0],[1,4,119]]
[[0,0,0],[1,0,0],[0,1,0],[61,73,119]]
[[0,0,0],[1,0,0],[0,1,0],[11,41,119]]
[[0,0,0],[1,0,0],[0,1,0],[13,113,119]]
[[0,0,0],[1,0,0],[0,1,0],[4,41,119]]
[[0,0,0],[1,0,0],[0,1,0],[32,81,119]]
[[0,0,0],[1,0,0],[0,1,0],[2,44,119]]
[[0,0,0],[1,0,0],[0,1,0],[2,47,119]]
[[0,0,0],[1,0,0],[0,1,0],[3,83,119]]
[[0,0,0],[1,0,0],[0,1,0],[5,47,119]]
[[0,0,0],[1,0,0],[0,1,0],[25,31,119]]
[[0,0,0],[1,0,0],[0,1,0],[21,71,119]]
[[0,0,0],[1,0,0],[0,1,0],[8,48,119]]
[[0,0,0],[1,0,0],[0,1,0],[23,69,119]]
[[0,0,0],[1,0,0],[0,1,0],[27,97,119]]
[[0,0,0],[1,0,0],[0,1,0],[3,33,119]]
[[0,0,0],[1,0,0],[0,1,0],[23,106,119]]
[[0,0,0],[1,0,0],[0,1,0],[14,78,119]]
[[0,0,0],[1,0,0],[0,1,0],[19,107,119]]
[[0,0,0],[1,0,0],[0,1,0],[2,48,119]]
[[0,0,0],[1,0,0],[0,1,0],[9,18,119]]
[[0,0,0],[1,0,0],[0,1,0],[8,15,119]]
[[0,0,0],[1,0,0],[0,1,0],[3,103,119]]
[[0,0,0],[1,0,0],[0,1,0],[77,9,119]]
[[0,0,0],[1,0,0],[0,1,0],[4,31,119]]
[[0,0,0],[1,0,0],[0,1,0],[2,31,119]]
[[0,0,0],[1,0,0],[0,1,0],[9,33,119]]
[[0,0,0],[1,0,0],[0,1,0],[3,11,119]]
[[0,0,0],[1,0,0],[0,1,0],[14,106,119]]
[[0,0,0],[1,0,0],[0,1,0],[2,62,119]]
[[0,0,0],[1,0,0],[0,1,0],[19,19,119]]
[[0,0,0],[1,0,0],[0,1,0],[38,99,119]]
[[0,0,0],[1,0,0],[0,1,0],[25,116,119]]
[[0,0,0],[1,0,0],[0,1,0],[16,22,119]]
[[0,0,0],[1,0,0],[0,1,0],[26,52,119]]
[[0,0,0],[1,0,0],[0,1,0],[26,103,119]]
[[0,0,0],[1,0,0],[0,1,0],[14,43,119]]
[[0,0,0],[1,0,0],[0,1,0],[70,78,119]]
[[0,0,0],[1,0,0],[0,1,0],[13,33,119]]
[[0,0,0],[1,0,0],[0,1,0],[3,44,119]]
[[0,0,0],[1,0,0],[0,1,0],[2,19,119]]
[[0,0,0],[1,0,0],[0,1,0],[1,13,119]]
[[0,0,0],[1,0,0],[0,1,0],[27,79,119]]
[[0,0,0],[1,0,0],[0,1,0],[9,39,119]]
[[0,0,0],[1,0,0],[0,1,0],[10,25,119]]
[[0,0,0],[1,0,0],[0,1,0],[2,13,119]]
[[0,0,0],[1,0,0],[0,1,0],[1,11,119]]
[[0,0,0],[1,0,0],[0,1,0],[32,71,119]]
[[0,0,0],[1,0,0],[0,1,0],[14,4,119]]
[[0,0,0],[1,0,0],[0,1,0],[49,106,119]]
[[0,0,0],[1,0,0],[0,1,0],[23,111,119]]
[[0,0,0],[1,0,0],[0,1,0],[26,33,119]]
[[0,0,0],[1,0,0],[0,1,0],[21,8,119]]
[[0,0,0],[1,0,0],[0,1,0],[6,26,119]]
[[0,0,0],[1,0,0],[0,1,0],[2,15,119]]
[[0,0,0],[1,0,0],[0,1,0],[6,18,119]]
[[0,0,0],[1,0,0],[0,1,0],[26,99,119]]
[[0,0,0],[1,0,0],[0,1,0],[3,10,119]]
[[0,0,0],[1,0,0],[0,1,0],[7,43,119]]
[[0,0,0],[1,0,0],[0,1,0],[3,5,119]]
[[0,0,0],[1,0,0],[0,1,0],[9,52,119]]
[[0,0,0],[1,0,0],[0,1,0],[18,27,119]]
[[0,0,0],[1,0,0],[0,1,0],[27,43,119]]
[[0,0,0],[1,0,0],[0,1,0],[32,32,119]]
[[0,0,0],[1,0,0],[0,1,0],[6,97,119]]
[[0,0,0],[1,0,0],[0,1,0],[9,118,119]]
[[0,0,0],[1,0,0],[0,1,0],[6,27,119]]
[[0,0,0],[1,0,0],[0,1,0],[37,104,119]]
[[0,0,0],[1,0,0],[0,1,0],[7,45,119]]
[[0,0,0],[1,0,0],[0,1,0],[3,50,119]]
[[0,0,0],[1,0,0],[0,1,0],[45,109,119]]
[[0,0,0],[1,0,0],[0,1,0],[41,45,119]]
[[0,0,0],[1,0,0],[0,1,0],[6,32,119]]
[[0,0,0],[1,0,0],[0,1,0],[38,75,119]]
[[0,0,0],[1,0,0],[0,1,0],[13,111,119]]
[[0,0,0],[1,0,0],[0,1,0],[5,46,119]]
[[0,0,0],[1,0,0],[0,1,0],[26,59,119]]
[[0,0,0],[1,0,0],[0,1,0],[14,64,119]]
[[0,0,0],[1,0,0],[0,1,0],[5,19,119]]
[[0,0,0],[1,0,0],[0,1,0],[42,112,119]]
[[0,0,0],[1,0,0],[0,1,0],[22,41,119]]
[[0,0,0],[1,0,0],[0,1,0],[6,39,119]]
[[0,0,0],[1,0,0],[0,1,0],[52,89,119]]
[[0,0,0],[1,0,0],[0,1,0],[79,111,119]]
[[0,0,0],[1,0,0],[0,1,0],[37,37,119]]
[[0,0,0],[1,0,0],[0,1,0],[3,75,119]]
[[0,0,0],[1,0,0],[0,1,0],[4,26,119]]
[[0,0,0],[1,0,0],[0,1,0],[9,62,119]]
[[0,0,0],[1,0,0],[0,1,0],[27,59,119]]
[[0,0,0],[1,0,0],[0,1,0],[14,21,119]]
[[0,0,0],[1,0,0],[0,1,0],[18,23,119]]
[[0,0,0],[1,0,0],[0,1,0],[10,52,119]]
[[0,0,0],[1,0,0],[0,1,0],[16,69,119]]
[[0,0,0],[1,0,0],[0,1,0],[25,78,119]]
[[0,0,0],[1,0,0],[0,1,0],[31,103,119]]
[[0,0,0],[1,0,0],[0,1,0],[3,12,119]]
[[0,0,0],[1,0,0],[0,1,0],[1,1,119]]
[[0,0,0],[1,0,0],[0,1,0],[5,54,119]]
[[0,0,0],[1,0,0],[0,1,0],[3,18,119]]
[[0,0,0],[1,0,0],[0,1,0],[2,3,119]]
[[0,0,0],[1,0,0],[0,1,0],[26,73,119]]
[[0,0,0],[1,0,0],[0,1,0],[3,31,119]]
[[0,0,0],[1,0,0],[0,1,0],[3,66,119]]
[[0,0,0],[1,0,0],[0,1,0],[4,4,119]]
[[0,0,0],[1,0,0],[0,1,0],[3,47,119]]
[[0,0,0],[1,0,0],[0,1,0],[7,8,119]]
[[0,0,0],[1,0,0],[0,1,0],[3,15,119]]
[[0,0,0],[1,0,0],[0,1,0],[2,26,119]]
[[0,0,0],[1,0,0],[0,1,0],[42,36,119]]
[[0,0,0],[1,0,0],[0,1,0],[38,47,119]]
[[0,0,0],[1,0,0],[0,1,0],[2,32,119]]
[[0,0,0],[1,0,0],[0,1,0],[23,36,119]]
[[0,0,0],[1,0,0],[0,1,0],[9,115,119]]
[[0,0,0],[1,0,0],[0,1,0],[25,99,119]]
[[0,0,0],[1,0,0],[0,1,0],[2,23,119]]
[[0,0,0],[1,0,0],[0,1,0],[10,12,119]]
[[0,0,0],[1,0,0],[0,1,0],[76,79,119]]
[[0,0,0],[1,0,0],[0,1,0],[79,118,119]]
[[0,0,0],[1,0,0],[0,1,0],[11,88,119]]
[[0,0,0],[1,0,0],[0,1,0],[4,36,119]]
[[0,0,0],[1,0,0],[0,1,0],[8,32,119]]
[[0,0,0],[1,0,0],[0,1,0],[44,110,119]]
[[0,0,0],[1,0,0],[0,1,0],[18,31,119]]
[[0,0,0],[1,0,0],[0,1,0],[45,61,119]]
[[0,0,0],[1,0,0],[0,1,0],[29,74,119]]
[[0,0,0],[1,0,0],[0,1,0],[3,38,119]]
[[0,0,0],[1,0,0],[0,1,0],[9,13,119]]
[[0,0,0],[1,0,0],[0,1,0],[37,66,119]]
[[0,0,0],[1,0,0],[0,1,0],[10,96,119]]
[[0,0,0],[1,0,0],[0,1,0],[9,31,119]]
[[0,0,0],[1,0,0],[0,1,0],[10,43,119]]
[[0,0,0],[1,0,0],[0,1,0],[49,88,119]]
[[0,0,0],[1,0,0],[0,1,0],[6,44,119]]
[[0,0,0],[1,0,0],[0,1,0],[9,16,119]]
[[0,0,0],[1,0,0],[0,1,0],[11,92,119]]
[[0,0,0],[1,0,0],[0,1,0],[19,22,119]]
[[0,0,0],[1,0,0],[0,1,0],[45,82,119]]
[[0,0,0],[1,0,0],[0,1,0],[35,8,119]]
[[0,0,0],[1,0,0],[0,1,0],[10,75,119]]
[[0,0,0],[1,0,0],[0,1,0],[49,71,119]]
[[0,0,0],[1,0,0],[0,1,0],[4,53,119]]
[[0,0,0],[1,0,0],[0,1,0],[4,25,119]]
[[0,0,0],[1,0,0],[0,1,0],[32,39,119]]
[[0,0,0],[1,0,0],[0,1,0],[22,101,119]]
[[0,0,0],[1,0,0],[0,1,0],[23,114,119]]
[[0,0,0],[1,0,0],[0,1,0],[45,89,119]]
[[0,0,0],[1,0,0],[0,1,0],[9,113,119]]
[[0,0,0],[1,0,0],[0,1,0],[11,74,119]]
[[0,0,0],[1,0,0],[0,1,0],[41,113,119]]
[[0,0,0],[1,0,0],[0,1,0],[26,80,119]]
[[0,0,0],[1,0,0],[0,1,0],[31,38,119]]
[[0,0,0],[1,0,0],[0,1,0],[42,27,119]]
[[0,0,0],[1,0,0],[0,1,0],[4,81,119]]
[[0,0,0],[1,0,0],[0,1,0],[19,47,119]]
[[0,0,0],[1,0,0],[0,1,0],[9,97,119]]
[[0,0,0],[1,0,0],[0,1,0],[38,110,119]]
[[0,0,0],[1,0,0],[0,1,0],[5,33,119]]
[[0,0,0],[1,0,0],[0,1,0],[5,15,119]]
[[0,0,0],[1,0,0],[0,1,0],[4,37,119]]
[[0,0,0],[1,0,0],[0,1,0],[3,40,119]]
[[0,0,0],[1,0,0],[0,1,0],[18,109,119]]
[[0,0,0],[1,0,0],[0,1,0],[5,37,119]]
[[0,0,0],[1,0,0],[0,1,0],[25,97,119]]
[[0,0,0],[1,0,0],[0,1,0],[28,106,119]]
[[0,0,0],[1,0,0],[0,1,0],[6,72,119]]
[[0,0,0],[1,0,0],[0,1,0],[33,66,119]]
[[0,0,0],[1,0,0],[0,1,0],[23,41,119]]
[[0,0,0],[1,0,0],[0,1,0],[9,90,119]]
[[0,0,0],[1,0,0],[0,1,0],[14,57,119]]
[[0,0,0],[1,0,0],[0,1,0],[2,118,119]]
[[0,0,0],[1,0,0],[0,1,0],[16,107,119]]
[[0,0,0],[1,0,0],[0,1,0],[8,23,119]]
[[0,0,0],[1,0,0],[0,1,0],[10,55,119]]
[[0,0,0],[1,0,0],[0,1,0],[2,16,119]]
[[0,0,0],[1,0,0],[0,1,0],[2,45,119]]
[[0,0,0],[1,0,0],[0,1,0],[4,47,119]]
[[0,0,0],[1,0,0],[0,1,0],[4,46,119]]
[[0,0,0],[1,0,0],[0,1,0],[25,39,119]]
[[0,0,0],[1,0,0],[0,1,0],[7,62,119]]
[[0,0,0],[1,0,0],[0,1,0],[2,90,119]]
[[0,0,0],[1,0,0],[0,1,0],[49,20,119]]
[[0,0,0],[1,0,0],[0,1,0],[8,19,119]]
[[0,0,0],[1,0,0],[0,1,0],[3,26,119]]
[[0,0,0],[1,0,0],[0,1,0],[3,23,119]]
[[0,0,0],[1,0,0],[0,1,0],[0,1,119]]
[[0,0,0],[1,0,0],[0,1,0],[3,96,119]]
[[0,0,0],[1,0,0],[0,1,0],[14,36,119]]
[[0,0,0],[1,0,0],[0,1,0],[22,81,119]]
[[0,0,0],[1,0,0],[0,1,0],[4,65,119]]
[[0,0,0],[1,0,0],[0,1,0],[21,22,119]]
[[0,0,0],[1,0,0],[0,1,0],[44,118,119]]
[[0,0,0],[1,0,0],[0,1,0],[6,23,119]]
[[0,0,0],[1,0,0],[0,1,0],[29,57,119]]
[[0,0,0],[1,0,0],[0,1,0],[77,77,119]]
[[0,0,0],[1,0,0],[0,1,0],[2,104,119]]
[[0,0,0],[1,0,0],[0,1,0],[10,111,119]]
[[0,0,0],[1,0,0],[0,1,0],[5,43,119]]
[[0,0,0],[1,0,0],[0,1,0],[3,43,119]]
[[0,0,0],[1,0,0],[0,1,0],[10,23,119]]
[[0,0,0],[1,0,0],[0,1,0],[6,9,119]]
[[0,0,0],[1,0,0],[0,1,0],[105,83,119]]
[[0,0,0],[1,0,0],[0,1,0],[2,2,119]]
[[0,0,0],[1,0,0],[0,1,0],[23,33,119]]
[[0,0,0],[1,0,0],[0,1,0],[18,95,119]]
[[0,0,0],[1,0,0],[0,1,0],[28,99,119]]
[[0,0,0],[1,0,0],[0,1,0],[8,31,119]]
[[0,0,0],[1,0,0],[0,1,0],[28,36,119]]
[[0,0,0],[1,0,0],[0,1,0],[16,83,119]]
[[0,0,0],[1,0,0],[0,1,0],[5,23,119]]
[[0,0,0],[1,0,0],[0,1,0],[7,71,119]]
[[0,0,0],[1,0,0],[0,1,0],[19,109,119]]
[[0,0,0],[1,0,0],[0,1,0],[23,29,119]]
[[0,0,0],[1,0,0],[0,1,0],[11,33,119]]
[[0,0,0],[1,0,0],[0,1,0],[5,32,119]]
[[0,0,0],[1,0,0],[0,1,0],[5,59,119]]
[[0,0,0],[1,0,0],[0,1,0],[9,11,119]]
[[0,0,0],[1,0,0],[0,1,0],[9,27,119]]
[[0,0,0],[1,0,0],[0,1,0],[31,106,119]]
[[0,0,0],[1,0,0],[0,1,0],[25,43,119]]
[[0,0,0],[1,0,0],[0,1,0],[95,95,119]]
[[0,0,0],[1,0,0],[0,1,0],[10,18,119]]
[[0,0,0],[1,0,0],[0,1,0],[8,38,119]]
[[0,0,0],[1,0,0],[0,1,0],[4,45,119]]
[[0,0,0],[1,0,0],[0,1,0],[28,109,119]]
[[0,0,0],[1,0,0],[0,1,0],[31,90,119]]
[[0,0,0],[1,0,0],[0,1,0],[3,117,119]]
[[0,0,0],[1,0,0],[0,1,0],[105,100,119]]
[[0,0,0],[1,0,0],[0,1,0],[3,39,119]]
[[0,0,0],[1,0,0],[0,1,0],[13,90,119]]
[[0,0,0],[1,0,0],[0,1,0],[25,27,119]]
[[0,0,0],[1,0,0],[0,1,0],[41,80,119]]
[[0,0,0],[1,0,0],[0,1,0],[11,110,119]]
[[0,0,0],[1,0,0],[0,1,0],[5,116,119]]
[[0,0,0],[1,0,0],[0,1,0],[1,38,119]]
[[0,0,0],[1,0,0],[0,1,0],[13,114,119]]
[[0,0,0],[1,0,0],[0,1,0],[2,53,119]]
[[0,0,0],[1,0,0],[0,1,0],[7,113,119]]
[[0,0,0],[1,0,0],[0,1,0],[6,43,119]]
[[0,0,0],[1,0,0],[0,1,0],[14,55,119]]
[[0,0,0],[1,0,0],[0,1,0],[6,114,119]]
[[0,0,0],[1,0,0],[0,1,0],[4,48,119]]
[[0,0,0],[1,0,0],[0,1,0],[2,101,119]]
[[0,0,0],[1,0,0],[0,1,0],[31,33,119]]
[[0,0,0],[1,0,0],[0,1,0],[16,97,119]]
[[0,0,0],[1,0,0],[0,1,0],[19,106,119]]
[[0,0,0],[1,0,0],[0,1,0],[3,24,119]]
[[0,0,0],[1,0,0],[0,1,0],[22,104,119]]
[[0,0,0],[1,0,0],[0,1,0],[38,54,119]]
[[0,0,0],[1,0,0],[0,1,0],[27,106,119]]
[[0,0,0],[1,0,0],[0,1,0],[13,38,119]]
[[0,0,0],[1,0,0],[0,1,0],[4,29,119]]
[[0,0,0],[1,0,0],[0,1,0],[14,50,119]]
[[0,0,0],[1,0,0],[0,1,0],[2,9,119]]
[[0,0,0],[1,0,0],[0,1,0],[5,73,119]]
[[0,0,0],[1,0,0],[0,1,0],[11,46,119]]
[[0,0,0],[1,0,0],[0,1,0],[13,110,119]]
[[0,0,0],[1,0,0],[0,1,0],[34,18,119]]
[[0,0,0],[1,0,0],[0,1,0],[63,91,119]]
[[0,0,0],[1,0,0],[0,1,0],[6,115,119]]
[[0,0,0],[1,0,0],[0,1,0],[6,36,119]]
[[0,0,0],[1,0,0],[0,1,0],[34,1,119]]
[[0,0,0],[1,0,0],[0,1,0],[69,107,119]]
[[0,0,0],[1,0,0],[0,1,0],[26,26,119]]
[[0,0,0],[1,0,0],[0,1,0],[51,1,119]]
[[0,0,0],[1,0,0],[0,1,0],[14,89,119]]
[[0,0,0],[1,0,0],[0,1,0],[18,107,119]]
[[0,0,0],[1,0,0],[0,1,0],[25,33,119]]
[[0,0,0],[1,0,0],[0,1,0],[13,29,119]]
[[0,0,0],[1,0,0],[0,1,0],[5,87,119]]
[[0,0,0],[1,0,0],[0,1,0],[2,30,119]]
[[0,0,0],[1,0,0],[0,1,0],[31,82,119]]
[[0,0,0],[1,0,0],[0,1,0],[77,111,119]]
[[0,0,0],[1,0,0],[0,1,0],[5,45,119]]
[[0,0,0],[1,0,0],[0,1,0],[105,32,119]]
[[0,0,0],[1,0,0],[0,1,0],[16,50,119]]
[[0,0,0],[1,0,0],[0,1,0],[1,48,119]]
[[0,0,0],[1,0,0],[0,1,0],[25,81,119]]
[[0,0,0],[1,0,0],[0,1,0],[28,29,119]]
[[0,0,0],[1,0,0],[0,1,0],[4,44,119]]
[[0,0,0],[1,0,0],[0,1,0],[2,50,119]]
[[0,0,0],[1,0,0],[0,1,0],[5,64,119]]
[[0,0,0],[1,0,0],[0,1,0],[16,19,119]]
[[0,0,0],[1,0,0],[0,1,0],[11,19,119]]
[[0,0,0],[1,0,0],[0,1,0],[16,27,119]]
[[0,0,0],[1,0,0],[0,1,0],[23,46,119]]
[[0,0,0],[1,0,0],[0,1,0],[8,54,119]]
[[0,0,0],[1,0,0],[0,1,0],[1,19,119]]
[[0,0,0],[1,0,0],[0,1,0],[2,36,119]]
[[0,0,0],[1,0,0],[0,1,0],[2,27,119]]
[[0,0,0],[1,0,0],[0,1,0],[63,71,119]]
[[0,0,0],[1,0,0],[0,1,0],[11,114,119]]
[[0,0,0],[1,0,0],[0,1,0],[29,37,119]]
[[0,0,0],[1,0,0],[0,1,0],[5,26,119]]
[[0,0,0],[1,0,0],[0,1,0],[23,103,119]]
[[0,0,0],[1,0,0],[0,1,0],[9,48,119]]
[[0,0,0],[1,0,0],[0,1,0],[2,33,119]]
[[0,0,0],[1,0,0],[0,1,0],[56,106,119]]
[[0,0,0],[1,0,0],[0,1,0],[19,44,119]]
[[0,0,0],[1,0,0],[0,1,0],[5,50,119]]
[[0,0,0],[1,0,0],[0,1,0],[33,59,119]]
[[0,0,0],[1,0,0],[0,1,0],[7,78,119]]
[[0,0,0],[1,0,0],[0,1,0],[2,12,119]]
[[0,0,0],[1,0,0],[0,1,0],[6,46,119]]
[[0,0,0],[1,0,0],[0,1,0],[9,9,119]]
[[0,0,0],[1,0,0],[0,1,0],[6,45,119]]
[[0,0,0],[1,0,0],[0,1,0],[31,117,119]]
[[0,0,0],[1,0,0],[0,1,0],[10,37,119]]
[[0,0,0],[1,0,0],[0,1,0],[4,54,119]]
[[0,0,0],[1,0,0],[0,1,0],[3,27,119]]
[[0,0,0],[1,0,0],[0,1,0],[2,54,119]]
[[0,0,0],[1,0,0],[0,1,0],[70,33,119]]
[[0,0,0],[1,0,0],[0,1,0],[4,13,119]]
[[0,0,0],[1,0,0],[0,1,0],[13,58,119]]
[[0,0,0],[1,0,0],[0,1,0],[8,27,119]]
[[0,0,0],[1,0,0],[0,1,0],[11,38,119]]
[[0,0,0],[1,0,0],[0,1,0],[64,69,119]]
[[0,0,0],[1,0,0],[0,1,0],[23,76,119]]
[[0,0,0],[1,0,0],[0,1,0],[2,8,119]]
[[0,0,0],[1,0,0],[0,1,0],[1,50,119]]
[[0,0,0],[1,0,0],[0,1,0],[10,103,119]]
[[0,0,0],[1,0,0],[0,1,0],[1,9,119]]
[[0,0,0],[1,0,0],[0,1,0],[9,69,119]]
[[0,0,0],[1,0,0],[0,1,0],[49,92,119]]
[[0,0,0],[1,0,0],[0,1,0],[32,54,119]]
[[0,0,0],[1,0,0],[0,1,0],[21,1,119]]
[[0,0,0],[1,0,0],[0,1,0],[8,18,119]]
[[0,0,0],[1,0,0],[0,1,0],[6,22,119]]
[[0,0,0],[1,0,0],[0,1,0],[4,12,119]]
[[0,0,0],[1,0,0],[0,1,0],[11,95,119]]
[[0,0,0],[1,0,0],[0,1,0],[19,23,119]]
[[0,0,0],[1,0,0],[0,1,0],[22,46,119]]
[[0,0,0],[1,0,0],[0,1,0],[8,45,119]]
[[0,0,0],[1,0,0],[0,1,0],[42,95,119]]
[[0,0,0],[1,0,0],[0,1,0],[9,32,119]]
[[0,0,0],[1,0,0],[0,1,0],[5,31,119]]
[[0,0,0],[1,0,0],[0,1,0],[107,118,119]]
[[0,0,0],[1,0,0],[0,1,0],[5,81,119]]
[[0,0,0],[1,0,0],[0,1,0],[10,93,119]]
[[0,0,0],[1,0,0],[0,1,0],[36,50,119]]
[[0,0,0],[1,0,0],[0,1,0],[13,37,119]]
[[0,0,0],[1,0,0],[0,1,0],[32,43,119]]
[[0,0,0],[1,0,0],[0,1,0],[104,118,119]]
[[0,0,0],[1,0,0],[0,1,0],[6,15,119]]
[[0,0,0],[1,0,0],[0,1,0],[5,20,119]]
[[0,0,0],[1,0,0],[0,1,0],[85,69,119]]
[[0,0,0],[1,0,0],[0,1,0],[4,11,119]]
[[0,0,0],[1,0,0],[0,1,0],[33,101,119]]
[[0,0,0],[1,0,0],[0,1,0],[33,38,119]]
[[0,0,0],[1,0,0],[0,1,0],[18,36,119]]
[[0,0,0],[1,0,0],[0,1,0],[27,32,119]]
[[0,0,0],[1,0,0],[0,1,0],[57,69,119]]
[[0,0,0],[1,0,0],[0,1,0],[9,25,119]]
[[0,0,0],[1,0,0],[0,1,0],[28,50,119]]
[[0,0,0],[1,0,0],[0,1,0],[70,16,119]]
[[0,0,0],[1,0,0],[0,1,0],[3,46,119]]
[[0,0,0],[1,0,0],[0,1,0],[6,37,119]]
[[0,0,0],[1,0,0],[0,1,0],[51,69,119]]
[[0,0,0],[1,0,0],[0,1,0],[8,16,119]]
[[0,0,0],[1,0,0],[0,1,0],[27,72,119]]
[[0,0,0],[1,0,0],[0,1,0],[27,99,119]]
[[0,0,0],[1,0,0],[0,1,0],[5,115,119]]
[[0,0,0],[1,0,0],[0,1,0],[8,36,119]]
[[0,0,0],[1,0,0],[0,1,0],[13,109,119]]
[[0,0,0],[1,0,0],[0,1,0],[4,50,119]]
[[0,0,0],[1,0,0],[0,1,0],[8,11,119]]
[[0,0,0],[1,0,0],[0,1,0],[3,118,119]]
[[0,0,0],[1,0,0],[0,1,0],[4,32,119]]
[[0,0,0],[1,0,0],[0,1,0],[2,4,119]]
[[0,0,0],[1,0,0],[0,1,0],[6,53,119]]
[[0,0,0],[1,0,0],[0,1,0],[77,50,119]]
[[0,0,0],[1,0,0],[0,1,0],[18,46,119]]
[[0,0,0],[1,0,0],[0,1,0],[7,106,119]]
[[0,0,0],[1,0,0],[0,1,0],[14,8,119]]
[[0,0,0],[1,0,0],[0,1,0],[13,72,119]]
[[0,0,0],[1,0,0],[0,1,0],[39,115,119]]
[[0,0,0],[1,0,0],[0,1,0],[4,43,119]]
[[0,0,0],[1,0,0],[0,1,0],[26,66,119]]
[[0,0,0],[1,0,0],[0,1,0],[11,50,119]]
[[0,0,0],[1,0,0],[0,1,0],[2,69,119]]
[[0,0,0],[7,0,0],[0,1,0],[0,1,17]]
[[0,0,0],[1,0,0],[0,1,0],[35,22,119]]
[[0,0,0],[1,0,0],[0,1,0],[4,23,119]]
[[0,0,0],[1,0,0],[0,1,0],[4,20,119]]
[[0,0,0],[1,0,0],[0,1,0],[2,83,119]]
[[0,0,0],[1,0,0],[0,1,0],[2,57,119]]
[[0,0,0],[1,0,0],[0,1,0],[9,26,119]]
[[0,0,0],[1,0,0],[0,1,0],[31,96,119]]
[[0,0,0],[1,0,0],[0,1,0],[5,5,119]]
[[0,0,0],[1,0,0],[0,1,0],[10,27,119]]
[[0,0,0],[1,0,0],[0,1,0],[7,96,119]]
[[0,0,0],[1,0,0],[0,1,0],[4,67,119]]
[[0,0,0],[1,0,0],[0,1,0],[7,50,119]]
[[0,0,0],[1,0,0],[0,1,0],[13,79,119]]
[[0,0,0],[1,0,0],[0,1,0],[6,55,119]]
[[0,0,0],[1,0,0],[0,1,0],[23,97,119]]
[[0,0,0],[1,0,0],[0,1,0],[4,15,119]]
[[0,0,0],[1,0,0],[0,1,0],[28,8,119]]
[[0,0,0],[1,0,0],[0,1,0],[8,12,119]]
[[0,0,0],[1,0,0],[0,1,0],[21,36,119]]
[[0,0,0],[1,0,0],[0,1,0],[18,39,119]]
[[0,0,0],[1,0,0],[0,1,0],[2,67,119]]
[[0,0,0],[1,0,0],[0,1,0],[7,29,119]]
[[0,0,0],[1,0,0],[0,1,0],[19,108,119]]
[[0,0,0],[1,0,0],[0,1,0],[3,9,119]]
[[0,0,0],[1,0,0],[0,1,0],[37,83,119]]
[[0,0,0],[1,0,0],[0,1,0],[35,99,119]]
[[0,0,0],[1,0,0],[0,1,0],[3,16,119]]
[[0,0,0],[1,0,0],[0,1,0],[16,29,119]]
[[0,0,0],[1,0,0],[0,1,0],[105,66,119]]
[[0,0,0],[1,0,0],[0,1,0],[23,80,119]]
[[0,0,0],[1,0,0],[0,1,0],[1,44,119]]
[[0,0,0],[1,0,0],[0,1,0],[11,32,119]]
[[0,0,0],[1,0,0],[0,1,0],[22,22,119]]
[[0,0,0],[1,0,0],[0,1,0],[28,24,119]]
[[0,0,0],[1,0,0],[0,1,0],[14,113,119]]
[[0,0,0],[1,0,0],[0,1,0],[17,69,119]]
[[0,0,0],[1,0,0],[0,1,0],[21,106,119]]
[[0,0,0],[1,0,0],[0,1,0],[70,84,119]]
[[0,0,0],[1,0,0],[0,1,0],[19,59,119]]
[[0,0,0],[1,0,0],[0,1,0],[7,92,119]]
[[0,0,0],[1,0,0],[0,1,0],[33,103,119]]
[[0,0,0],[1,0,0],[0,1,0],[11,81,119]]
[[0,0,0],[1,0,0],[0,1,0],[26,115,119]]
[[0,0,0],[1,0,0],[0,1,0],[6,57,119]]
[[0,0,0],[1,0,0],[0,1,0],[3,54,119]]
[[0,0,0],[1,0,0],[0,1,0],[10,44,119]]
[[0,0,0],[1,0,0],[0,1,0],[2,29,119]]
[[0,0,0],[1,0,0],[0,1,0],[19,94,119]]
[[0,0,0],[1,0,0],[0,1,0],[5,53,119]]
[[0,0,0],[1,0,0],[0,1,0],[2,52,119]]
[[0,0,0],[1,0,0],[0,1,0],[16,25,119]]
[[0,0,0],[1,0,0],[0,1,0],[37,118,119]]
[[0,0,0],[1,0,0],[0,1,0],[21,50,119]]
[[0,0,0],[1,0,0],[0,1,0],[1,39,119]]
[[0,0,0],[1,0,0],[0,1,0],[3,41,119]]
[[0,0,0],[1,0,0],[0,1,0],[4,10,119]]
[[0,0,0],[1,0,0],[0,1,0],[16,48,119]]
[[0,0,0],[1,0,0],[0,1,0],[3,89,119]]
[[0,0,0],[1,0,0],[0,1,0],[54,59,119]]
[[0,0,0],[1,0,0],[0,1,0],[7,57,119]]
[[0,0,0],[1,0,0],[0,1,0],[4,74,119]]
[[0,0,0],[1,0,0],[0,1,0],[19,31,119]]
[[0,0,0],[1,0,0],[0,1,0],[31,41,119]]
[[0,0,0],[1,0,0],[0,1,0],[4,6,119]]
[[0,0,0],[1,0,0],[0,1,0],[27,41,119]]
[[0,0,0],[1,0,0],[0,1,0],[7,11,119]]
[[0,0,0],[1,0,0],[0,1,0],[13,26,119]]
[[0,0,0],[1,0,0],[0,1,0],[2,111,119]]
[[0,0,0],[1,0,0],[0,1,0],[18,25,119]]
[[0,0,0],[1,0,0],[0,1,0],[4,18,119]]
[[0,0,0],[1,0,0],[0,1,0],[5,8,119]]
[[0,0,0],[1,0,0],[0,1,0],[2,40,119]]
[[0,0,0],[1,0,0],[0,1,0],[1,2,119]]
[[0,0,0],[1,0,0],[0,1,0],[3,36,119]]
[[0,0,0],[1,0,0],[0,1,0],[9,104,119]]
[[0,0,0],[1,0,0],[0,1,0],[17,35,119]]
[[0,0,0],[1,0,0],[0,1,0],[8,29,119]]
[[0,0,0],[1,0,0],[0,1,0],[4,16,119]]
[[0,0,0],[1,0,0],[0,1,0],[49,1,119]]
[[0,0,0],[1,0,0],[0,1,0],[6,80,119]]
[[0,0,0],[1,0,0],[0,1,0],[7,64,119]]
[[0,0,0],[1,0,0],[0,1,0],[2,37,119]]
[[0,0,0],[1,0,0],[0,1,0],[3,37,119]]
[[0,0,0],[1,0,0],[0,1,0],[4,58,119]]
[[0,0,0],[1,0,0],[0,1,0],[3,48,119]]
[[0,0,0],[1,0,0],[0,1,0],[70,50,119]]
[[0,0,0],[1,0,0],[0,1,0],[6,29,119]]
[[0,0,0],[1,0,0],[0,1,0],[39,46,119]]
[[0,0,0],[1,0,0],[0,1,0],[8,39,119]]
[[0,0,0],[1,0,0],[0,1,0],[23,83,119]]
[[0,0,0],[1,0,0],[0,1,0],[5,18,119]]
[[0,0,0],[1,0,0],[0,1,0],[39,39,119]]
[[0,0,0],[1,0,0],[0,1,0],[8,61,119]]
[[0,0,0],[1,0,0],[0,1,0],[3,30,119]]
[[0,0,0],[1,0,0],[0,1,0],[61,66,119]]
[[0,0,0],[1,0,0],[0,1,0],[1,16,119]]
[[0,0,0],[1,0,0],[0,1,0],[6,10,119]]
[[0,0,0],[1,0,0],[0,1,0],[3,29,119]]
[[0,0,0],[1,0,0],[0,1,0],[42,1,119]]
[[0,0,0],[1,0,0],[0,1,0],[6,48,119]]
[[0,0,0],[1,0,0],[0,1,0],[19,101,119]]
[[0,0,0],[1,0,0],[0,1,0],[4,116,119]]
[[0,0,0],[1,0,0],[0,1,0],[42,29,119]]
[[0,0,0],[1,0,0],[0,1,0],[3,25,119]]
[[0,0,0],[1,0,0],[0,1,0],[3,19,119]]
[[0,0,0],[1,0,0],[0,1,0],[57,114,119]]
[[0,0,0],[1,0,0],[0,1,0],[34,86,119]]
[[0,0,0],[1,0,0],[0,1,0],[39,81,119]]
[[0,0,0],[1,0,0],[0,1,0],[26,104,119]]
[[0,0,0],[1,0,0],[0,1,0],[7,36,119]]
[[0,0,0],[1,0,0],[0,1,0],[9,76,119]]
[[0,0,0],[1,0,0],[0,1,0],[4,57,119]]
[[0,0,0],[1,0,0],[0,1,0],[10,33,119]]
[[0,0,0],[1,0,0],[0,1,0],[3,61,119]]
[[0,0,0],[1,0,0],[0,1,0],[21,64,119]]
[[0,0,0],[1,0,0],[0,1,0],[11,13,119]]
[[0,0,0],[1,0,0],[0,1,0],[48,114,119]]
[[0,0,0],[1,0,0],[0,1,0],[8,10,119]]
[[0,0,0],[1,0,0],[0,1,0],[26,111,119]]
[[0,0,0],[1,0,0],[0,1,0],[51,103,119]]
[[0,0,0],[1,0,0],[0,1,0],[35,50,119]]
[[0,0,0],[1,0,0],[0,1,0],[31,101,119]]
[[0,0,0],[1,0,0],[0,1,0],[54,73,119]]
[[0,0,0],[1,0,0],[0,1,0],[2,6,119]]
[[0,0,0],[1,0,0],[0,1,0],[25,74,119]]
[[0,0,0],[1,0,0],[0,1,0],[54,83,119]]
[[0,0,0],[1,0,0],[0,1,0],[6,86,119]]
[[0,0,0],[1,0,0],[0,1,0],[28,113,119]]
[[0,0,0],[1,0,0],[0,1,0],[4,99,119]]
[[0,0,0],[1,0,0],[0,1,0],[13,16,119]]
[[0,0,0],[1,0,0],[0,1,0],[16,38,119]]
[[0,0,0],[1,0,0],[0,1,0],[34,35,119]]
[[0,0,0],[1,0,0],[0,1,0],[10,10,119]]
[[0,0,0],[1,0,0],[0,1,0],[11,22,119]]
[[0,0,0],[1,0,0],[0,1,0],[16,45,119]]
[[0,0,0],[1,0,0],[0,1,0],[22,29,119]]
[[0,0,0],[1,0,0],[0,1,0],[9,43,119]]
[[0,0,0],[1,0,0],[0,1,0],[6,79,119]]
[[0,0,0],[1,0,0],[0,1,0],[10,26,119]]
[[0,0,0],[1,0,0],[0,1,0],[49,37,119]]
[[0,0,0],[1,0,0],[0,1,0],[13,36,119]]
[[0,0,0],[1,0,0],[0,1,0],[1,3,119]]
[[0,0,0],[1,0,0],[0,1,0],[13,13,119]]
[[0,0,0],[1,0,0],[0,1,0],[31,39,119]]
[[0,0,0],[1,0,0],[0,1,0],[11,116,119]]
[[0,0,0],[1,0,0],[0,1,0],[1,36,119]]
[[0,0,0],[1,0,0],[0,1,0],[16,41,119]]
[[0,0,0],[1,0,0],[0,1,0],[18,48,119]]
[[0,0,0],[1,0,0],[0,1,0],[19,33,119]]
[[0,0,0],[1,0,0],[0,1,0],[25,36,119]]
[[0,0,0],[1,0,0],[0,1,0],[25,109,119]]
[[0,0,0],[1,0,0],[0,1,0],[2,11,119]]
[[0,0,0],[1,0,0],[0,1,0],[49,99,119]]
[[0,0,0],[1,0,0],[0,1,0],[2,22,119]]
[[0,0,0],[1,0,0],[0,1,0],[5,22,119]]
[[0,0,0],[1,0,0],[0,1,0],[42,10,119]]
[[0,0,0],[1,0,0],[0,1,0],[8,8,119]]
[[0,0,0],[1,0,0],[0,1,0],[9,36,119]]
[[0,0,0],[1,0,0],[0,1,0],[9,50,119]]
[[0,0,0],[1,0,0],[0,1,0],[84,50,119]]
[[0,0,0],[1,0,0],[0,1,0],[19,87,119]]
[[0,0,0],[1,0,0],[0,1,0],[28,22,119]]
[[0,0,0],[1,0,0],[0,1,0],[48,73,119]]
[[0,0,0],[1,0,0],[0,1,0],[11,58,119]]
[[0,0,0],[1,0,0],[0,1,0],[14,1,119]]
[[0,0,0],[1,0,0],[0,1,0],[2,25,119]]
[[0,0,0],[1,0,0],[0,1,0],[22,39,119]]
[[0,0,0],[1,0,0],[0,1,0],[1,26,119]]
[[0,0,0],[1,0,0],[0,1,0],[45,76,119]]
[[0,0,0],[1,0,0],[0,1,0],[77,43,119]]
[[0,0,0],[1,0,0],[0,1,0],[5,12,119]]
[[0,0,0],[1,0,0],[0,1,0],[16,47,119]]
[[0,0,0],[1,0,0],[0,1,0],[11,52,119]]
[[0,0,0],[1,0,0],[0,1,0],[17,103,119]]
[[0,0,0],[1,0,0],[0,1,0],[25,96,119]]
[[0,0,0],[1,0,0],[0,1,0],[14,72,119]]
[[0,0,0],[1,0,0],[0,1,0],[28,92,119]]
[[0,0,0],[1,0,0],[0,1,0],[4,27,119]]
[[0,0,0],[1,0,0],[0,1,0],[16,18,119]]
[[0,0,0],[1,0,0],[0,1,0],[35,36,119]]
[[0,0,0],[1,0,0],[0,1,0],[3,20,119]]
[[0,0,0],[1,0,0],[0,1,0],[6,12,119]]
[[0,0,0],[1,0,0],[0,1,0],[11,48,119]]
[[0,0,0],[1,0,0],[0,1,0],[9,23,119]]
[[0,0,0],[1,0,0],[0,1,0],[9,45,119]]
[[0,0,0],[1,0,0],[0,1,0],[7,15,119]]
[[0,0,0],[1,0,0],[0,1,0],[11,67,119]]
[[0,0,0],[1,0,0],[0,1,0],[16,76,119]]
[[0,0,0],[1,0,0],[0,1,0],[10,48,119]]
[[0,0,0],[1,0,0],[0,1,0],[5,13,119]]
[[0,0,0],[1,0,0],[0,1,0],[4,109,119]]
[[0,0,0],[1,0,0],[0,1,0],[13,18,119]]
[[0,0,0],[1,0,0],[0,1,0],[29,29,119]]
[[0,0,0],[1,0,0],[0,1,0],[56,8,119]]
[[0,0,0],[1,0,0],[0,1,0],[1,29,119]]
[[0,0,0],[1,0,0],[0,1,0],[44,83,119]]
[[0,0,0],[1,0,0],[0,1,0],[14,92,119]]
[[0,0,0],[1,0,0],[0,1,0],[21,113,119]]
[[0,0,0],[1,0,0],[0,1,0],[3,13,119]]
[[0,0,0],[1,0,0],[0,1,0],[11,109,119]]
[[0,0,0],[1,0,0],[0,1,0],[5,52,119]]
[[0,0,0],[1,0,0],[0,1,0],[19,38,119]]
[[0,0,0],[1,0,0],[0,1,0],[42,61,119]]
[[0,0,0],[1,0,0],[0,1,0],[28,41,119]]
[[0,0,0],[1,0,0],[0,1,0],[4,52,119]]
[[0,0,0],[1,0,0],[0,1,0],[22,107,119]]
[[0,0,0],[1,0,0],[0,1,0],[4,24,119]]
[[0,0,0],[1,0,0],[0,1,0],[28,58,119]]
[[0,0,0],[1,0,0],[0,1,0],[18,32,119]]
[[0,0,0],[1,0,0],[0,1,0],[8,22,119]]
[[0,0,0],[1,0,0],[0,1,0],[5,36,119]]
[[0,0,0],[1,0,0],[0,1,0],[6,38,119]]
[[0,0,0],[1,0,0],[0,1,0],[6,65,119]]
[[0,0,0],[1,0,0],[0,1,0],[2,55,119]]
