[[0,0,0],[1,0,0],[0,1,0],[2,39,121]]
[[0,0,0],[1,0,0],[0,1,0],[3,7,121]]
[[0,0,0],[1,0,0],[0,1,0],[9,35,121]]
[[0,0,0],[1,0,0],[0,1,0],[9,29,121]]
[[0,0,0],[1,0,0],[0,1,0],[14,86,121]]
[[0,0,0],[1,0,0],[0,1,0],[4,30,121]]
[[0,0,0],[1,0,0],[0,1,0],[35,120,121]]
[[0,0,0],[1,0,0],[0,1,0],[42,102,121]]
[[0,0,0],[1,0,0],[0,1,0],[11,111,121]]
[[0,0,0],[1,0,0],[0,1,0],[18,21,121]]
[[0,0,0],[1,0,0],[0,1,0],[8,114,121]]
[[0,0,0],[1,0,0],[0,11,0],[3,0,11]]
[[0,0,0],[1,0,0],[0,1,0],[21,41,121]]
[[0,0,0],[1,0,0],[0,1,0],[16,51,121]]
[[0,0,0],[1,0,0],[0,1,0],[21,102,121]]
[[0,0,0],[1,0,0],[0,1,0],[14,26,121]]
[[0,0,0],[1,0,0],[0,1,0],[5,40,121]]
[[0,0,0],[1,0,0],[0,1,0],[31,105,121]]
[[0,0,0],[1,0,0],[0,1,0],[4,19,121]]
[[0,0,0],[1,0,0],[0,1,0],[9,117,121]]
[[0,0,0],[1,0,0],[0,1,0],[3,32,121]]
[[0,0,0],[1,0,0],[0,1,0],[21,21,121]]
[[0,0,0],[1,0,0],[0,1,0],[6,16,121]]
[[0,0,0],[1,0,0],[0,1,0],[17,105,121]]
[[0,0,0],[1,0,0],[0,1,0],[2,35,121]]
[[0,0,0],[1,0,0],[0,1,0],[20,31,121]]
[[0,0,0],[1,0,0],[0,1,0],[32,41,121]]
[[0,0,0],[1,0,0],[0,1,0],[2,20,121]]
[[0,0,0],[1,0,0],[0,1,0],[2,41,121]]
[[0,0,0],[1,0,0],[0,1,0],[13,98,121]]
[[0,0,0],[1,0,0],[0,1,0],[17,32,121]]
[[0,0,0],[1,0,0],[0,1,0],[22,34,121]]
[[0,0,0],[1,0,0],[0,1,0],[5,57,121]]
[[0,0,0],[1,0,0],[0,1,0],[12,30,121]]
[[0,0,0],[1,0,0],[0,1,0],[12,47,121]]
[[0,0,0],[1,0,0],[0,1,0],[4,7,121]]
[[0,0,0],[1,0,0],[0,1,0],[1,25,121]]
[[0,0,0],[1,0,0],[0,1,0],[40,104,121]]
[[0,0,0],[1,0,0],[0,1,0],[4,42,121]]
[[0,0,0],[1,0,0],[0,1,0],[8,24,121]]
[[0,0,0],[1,0,0],[0,1,0],[15,21,121]]
[[0,0,0],[1,0,0],[0,1,0],[7,31,121]]
[[0,0,0],[1,0,0],[0,1,0],[8,26,121]]
[[0,0,0],[1,0,0],[0,1,0],[8,28,121]]
[[0,0,0],[1,0,0],[0,1,0],[3,45,121]]
[[0,0,0],[1,0,0],[0,1,0],[7,12,121]]
[[0,0,0],[1,0,0],[0,1,0],[7,48,121]]
[[0,0,0],[1,0,0],[0,1,0],[13,49,121]]
[[0,0,0],[1,0,0],[0,1,0],[15,42,121]]
[[0,0,0],[1,0,0],[0,1,0],[16,46,121]]
[[0,0,0],[1,0,0],[0,1,0],[10,28,121]]
[[0,0,0],[1,0,0],[0,1,0],[5,10,121]]
[[0,0,0],[1,0,0],[0,1,0],[6,6,121]]
[[0,0,0],[1,0,0],[0,1,0],[11,12,121]]
[[0,0,0],[1,0,0],[0,1,0],[29,82,121]]
[[0,0,0],[1,0,0],[0,1,0],[10,39,121]]
[[0,0,0],[1,0,0],[0,1,0],[17,50,121]]
[[0,0,0],[1,0,0],[0,1,0],[3,35,121]]
[[0,0,0],[1,0,0],[0,1,0],[15,36,121]]
[[0,0,0],[1,0,0],[0,1,0],[25,25,121]]
[[0,0,0],[1,0,0],[0,1,0],[5,117,121]]
[[0,0,0],[1,0,0],[0,1,0],[16,40,121]]
[[0,0,0],[1,0,0],[0,1,0],[3,120,121]]
[[0,0,0],[1,0,0],[0,1,0],[7,82,121]]
[[0,0,0],[1,0,0],[0,1,0],[3,86,121]]
[[0,0,0],[1,0,0],[0,1,0],[13,120,121]]
[[0,0,0],[1,0,0],[0,1,0],[10,36,121]]
[[0,0,0],[1,0,0],[0,1,0],[4,107,121]]
[[0,0,0],[1,0,0],[0,1,0],[2,38,121]]
[[0,0,0],[1,0,0],[0,1,0],[8,21,121]]
[[0,0,0],[1,0,0],[0,1,0],[10,32,121]]
[[0,0,0],[1,0,0],[0,1,0],[16,95,121]]
[[0,0,0],[1,0,0],[0,1,0],[6,14,121]]
[[0,0,0],[1,0,0],[0,1,0],[43,112,121]]
[[0,0,0],[1,0,0],[0,1,0],[18,105,121]]
[[0,0,0],[1,0,0],[0,1,0],[21,68,121]]
[[0,0,0],[1,0,0],[0,1,0],[1,5,121]]
[[0,0,0],[1,0,0],[0,1,0],[7,39,121]]
[[0,0,0],[1,0,0],[0,1,0],[9,102,121]]
[[0,0,0],[1,0,0],[0,1,0],[38,40,121]]
[[0,0,0],[1,0,0],[2,11,0],[5,0,11]]
[[0,0,0],[1,0,0],[0,1,0],[2,10,121]]
[[0,0,0],[1,0,0],[0,1,0],[6,34,121]]
[[0,0,0],[1,0,0],[0,1,0],[42,80,121]]
[[0,0,0],[1,0,0],[0,1,0],[12,41,121]]
[[0,0,0],[1,0,0],[0,1,0],[1,8,121]]
[[0,0,0],[1,0,0],[0,1,0],[3,21,121]]
[[0,0,0],[1,0,0],[0,1,0],[6,41,121]]
[[0,0,0],[1,0,0],[0,1,0],[3,52,121]]
[[0,0,0],[1,0,0],[0,1,0],[14,30,121]]
[[0,0,0],[1,0,0],[0,1,0],[9,51,121]]
[[0,0,0],[1,0,0],[0,1,0],[5,25,121]]
[[0,0,0],[1,0,0],[0,1,0],[14,25,121]]
[[0,0,0],[1,0,0],[0,1,0],[2,17,121]]
[[0,0,0],[1,0,0],[0,1,0],[17,40,121]]
[[0,0,0],[1,0,0],[0,1,0],[19,112,121]]
[[0,0,0],[1,0,0],[0,1,0],[18,38,121]]
[[0,0,0],[1,0,0],[0,1,0],[5,95,121]]
[[0,0,0],[1,0,0],[0,1,0],[12,38,121]]
[[0,0,0],[1,0,0],[0,1,0],[10,90,121]]
[[0,0,0],[1,0,0],[0,1,0],[2,46,121]]
[[0,0,0],[1,0,0],[0,1,0],[14,42,121]]
[[0,0,0],[1,0,0],[0,1,0],[1,10,121]]
[[0,0,0],[1,0,0],[0,1,0],[4,59,121]]
[[0,0,0],[1,0,0],[0,1,0],[47,119,121]]
[[0,0,0],[1,0,0],[0,1,0],[15,96,121]]
[[0,0,0],[1,0,0],[0,1,0],[10,113,121]]
[[0,0,0],[1,0,0],[0,1,0],[15,50,121]]
[[0,0,0],[1,0,0],[0,1,0],[17,116,121]]
[[0,0,0],[1,0,0],[0,1,0],[15,18,121]]
[[0,0,0],[1,0,0],[0,1,0],[19,114,121]]
[[0,0,0],[1,0,0],[0,1,0],[11,78,121]]
[[0,0,0],[1,0,0],[0,1,0],[10,56,121]]
[[0,0,0],[1,0,0],[0,1,0],[55,67,121]]
[[0,0,0],[1,0,0],[0,1,0],[12,12,121]]
[[0,0,0],[1,0,0],[0,1,0],[16,23,121]]
[[0,0,0],[1,0,0],[0,1,0],[19,104,121]]
[[0,0,0],[1,0,0],[0,1,0],[9,21,121]]
[[0,0,0],[1,0,0],[0,1,0],[22,56,121]]
[[0,0,0],[1,0,0],[0,1,0],[23,32,121]]
[[0,0,0],[1,0,0],[0,1,0],[12,16,121]]
[[0,0,0],[1,0,0],[0,1,0],[2,18,121]]
[[0,0,0],[1,0,0],[0,1,0],[13,31,121]]
[[0,0,0],[1,0,0],[0,1,0],[18,18,121]]
[[0,0,0],[1,0,0],[0,1,0],[3,53,121]]
[[0,0,0],[1,0,0],[0,1,0],[24,34,121]]
[[0,0,0],[1,0,0],[0,1,0],[12,31,121]]
[[0,0,0],[1,0,0],[0,1,0],[9,42,121]]
[[0,0,0],[1,0,0],[0,1,0],[12,40,121]]
[[0,0,0],[1,0,0],[0,1,0],[19,49,121]]
[[0,0,0],[1,0,0],[0,1,0],[5,24,121]]
[[0,0,0],[1,0,0],[0,1,0],[3,8,121]]
[[0,0,0],[1,0,0],[0,1,0],[8,47,121]]
[[0,0,0],[1,0,0],[0,1,0],[17,46,121]]
[[0,0,0],[1,0,0],[0,1,0],[1,6,121]]
[[0,0,0],[1,0,0],[0,1,0],[44,78,121]]
[[0,0,0],[1,0,0],[0,1,0],[14,35,121]]
[[0,0,0],[1,0,0],[0,1,0],[9,41,121]]
[[0,0,0],[1,0,0],[0,1,0],[30,48,121]]
[[0,0,0],[1,0,0],[0,1,0],[6,94,121]]
[[0,0,0],[1,0,0],[0,1,0],[6,83,121]]
[[0,0,0],[1,0,0],[0,1,0],[18,40,121]]
[[0,0,0],[1,0,0],[0,1,0],[6,47,121]]
[[0,0,0],[1,0,0],[0,1,0],[5,62,121]]
[[0,0,0],[1,0,0],[0,1,0],[18,82,121]]
[[0,0,0],[1,0,0],[0,1,0],[10,17,121]]
[[0,0,0],[1,0,0],[0,1,0],[2,76,121]]
[[0,0,0],[1,0,0],[0,1,0],[1,35,121]]
[[0,0,0],[1,0,0],[0,1,0],[39,72,121]]
[[0,0,0],[1,0,0],[0,1,0],[16,16,121]]
[[0,0,0],[1,0,0],[0,1,0],[8,92,121]]
[[0,0,0],[1,0,0],[0,1,0],[10,24,121]]
[[0,0,0],[1,0,0],[0,1,0],[23,23,121]]
[[0,0,0],[1,0,0],[0,1,0],[24,31,121]]
[[0,0,0],[1,0,0],[0,1,0],[12,18,121]]
[[0,0,0],[1,0,0],[0,1,0],[10,42,121]]
[[0,0,0],[1,0,0],[0,1,0],[5,48,121]]
[[0,0,0],[1,0,0],[0,1,0],[44,34,121]]
[[0,0,0],[1,0,0],[0,1,0],[22,1,121]]
[[0,0,0],[1,0,0],[0,1,0],[14,49,121]]
[[0,0,0],[1,0,0],[0,1,0],[15,85,121]]
[[0,0,0],[1,0,0],[0,1,0],[21,39,121]]
[[0,0,0],[1,0,0],[0,1,0],[7,40,121]]
[[0,0,0],[1,0,0],[0,1,0],[5,49,121]]
[[0,0,0],[1,0,0],[0,1,0],[3,6,121]]
[[0,0,0],[1,0,0],[0,1,0],[2,43,121]]
[[0,0,0],[1,0,0],[0,1,0],[19,103,121]]
[[0,0,0],[1,0,0],[0,1,0],[8,35,121]]
[[0,0,0],[1,0,0],[0,1,0],[20,34,121]]
[[0,0,0],[1,0,0],[0,1,0],[4,14,121]]
[[0,0,0],[1,0,0],[0,1,0],[94,94,121]]
[[0,0,0],[1,0,0],[0,1,0],[5,39,121]]
[[0,0,0],[1,0,0],[0,1,0],[6,8,121]]
[[0,0,0],[1,0,0],[0,1,0],[7,13,121]]
[[0,0,0],[1,0,0],[0,1,0],[16,32,121]]
[[0,0,0],[1,0,0],[0,1,0],[4,8,121]]
[[0,0,0],[1,0,0],[0,1,0],[12,48,121]]
[[0,0,0],[1,0,0],[0,1,0],[10,53,121]]
[[0,0,0],[1,0,0],[0,1,0],[1,4,121]]
[[0,0,0],[1,0,0],[0,1,0],[1,7,121]]
[[0,0,0],[1,0,0],[0,1,0],[7,28,121]]
[[0,0,0],[1,0,0],[0,1,0],[2,24,121]]
[[0,0,0],[1,0,0],[0,1,0],[20,46,121]]
[[0,0,0],[1,0,0],[0,1,0],[1,32,121]]
[[0,0,0],[1,0,0],[0,1,0],[11,23,121]]
[[0,0,0],[1,0,0],[0,1,0],[6,50,121]]
[[0,0,0],[1,0,0],[0,1,0],[4,85,121]]
[[0,0,0],[1,0,0],[0,1,0],[32,90,121]]
[[0,0,0],[1,0,0],[0,1,0],[23,39,121]]
[[0,0,0],[1,0,0],[0,1,0],[2,47,121]]
[[0,0,0],[1,0,0],[0,1,0],[17,51,121]]
[[0,0,0],[1,0,0],[0,1,0],[47,64,121]]
[[0,0,0],[1,0,0],[0,1,0],[5,47,121]]
[[0,0,0],[1,0,0],[0,1,0],[35,76,121]]
[[0,0,0],[1,0,0],[0,1,0],[2,98,121]]
[[0,0,0],[1,0,0],[0,1,0],[5,42,121]]
[[0,0,0],[1,0,0],[0,1,0],[15,23,121]]
[[0,0,0],[1,0,0],[0,1,0],[2,5,121]]
[[0,0,0],[1,0,0],[0,1,0],[5,9,121]]
[[0,0,0],[1,0,0],[0,1,0],[13,113,121]]
[[0,0,0],[1,0,0],[0,1,0],[4,41,121]]
[[0,0,0],[1,0,0],[0,1,0],[2,31,121]]
[[0,0,0],[1,0,0],[0,1,0],[4,31,121]]
[[0,0,0],[1,0,0],[0,1,0],[35,65,121]]
[[0,0,0],[1,0,0],[0,1,0],[14,75,121]]
[[0,0,0],[1,0,0],[0,1,0],[4,63,121]]
[[0,0,0],[1,0,0],[0,1,0],[13,65,121]]
[[0,0,0],[1,0,0],[0,1,0],[21,31,121]]
[[0,0,0],[1,0,0],[0,1,0],[30,70,121]]
[[0,0,0],[1,0,0],[0,1,0],[8,15,121]]
[[0,0,0],[1,0,0],[0,1,0],[19,19,121]]
[[0,0,0],[1,0,0],[0,1,0],[15,51,121]]
[[0,0,0],[1,0,0],[0,1,0],[18,30,121]]
[[0,0,0],[1,0,0],[0,1,0],[8,48,121]]
[[0,0,0],[1,0,0],[0,1,0],[12,35,121]]
[[0,0,0],[1,0,0],[0,1,0],[16,31,121]]
[[0,0,0],[1,0,0],[0,1,0],[8,34,121]]
[[0,0,0],[1,0,0],[0,1,0],[2,48,121]]
[[0,0,0],[1,0,0],[0,1,0],[7,16,121]]
[[0,0,0],[1,0,0],[0,1,0],[36,38,121]]
[[0,0,0],[1,0,0],[0,1,0],[7,9,121]]
[[0,0,0],[1,0,0],[0,1,0],[2,13,121]]
[[0,0,0],[1,0,0],[0,1,0],[2,19,121]]
[[0,0,0],[1,0,0],[0,1,0],[1,13,121]]
[[0,0,0],[1,0,0],[0,1,0],[9,38,121]]
[[0,0,0],[1,0,0],[0,1,0],[33,1,121]]
[[0,0,0],[1,0,0],[0,1,0],[2,15,121]]
[[0,0,0],[1,0,0],[0,1,0],[4,96,121]]
[[0,0,0],[1,0,0],[0,1,0],[9,39,121]]
[[0,0,0],[1,0,0],[0,1,0],[10,25,121]]
[[0,0,0],[1,0,0],[0,1,0],[7,30,121]]
[[0,0,0],[1,0,0],[0,1,0],[12,32,121]]
[[0,0,0],[1,0,0],[0,1,0],[6,26,121]]
[[0,0,0],[1,0,0],[0,1,0],[10,112,121]]
[[0,0,0],[1,0,0],[0,1,0],[16,53,121]]
[[0,0,0],[1,0,0],[0,1,0],[17,94,121]]
[[0,0,0],[1,0,0],[0,1,0],[3,10,121]]
[[0,0,0],[1,0,0],[0,1,0],[3,42,121]]
[[0,0,0],[1,0,0],[0,1,0],[7,45,121]]
[[0,0,0],[1,0,0],[0,1,0],[32,32,121]]
[[0,0,0],[1,0,0],[0,1,0],[6,32,121]]
[[0,0,0],[1,0,0],[0,1,0],[5,46,121]]
[[0,0,0],[1,0,0],[0,1,0],[9,47,121]]
[[0,0,0],[1,0,0],[0,1,0],[6,18,121]]
[[0,0,0],[1,0,0],[0,1,0],[20,36,121]]
[[0,0,0],[1,0,0],[0,1,0],[19,70,121]]
[[0,0,0],[1,0,0],[0,1,0],[6,27,121]]
[[0,0,0],[1,0,0],[0,1,0],[2,120,121]]
[[0,0,0],[1,0,0],[0,1,0],[7,43,121]]
[[0,0,0],[1,0,0],[0,1,0],[5,19,121]]
[[0,0,0],[1,0,0],[0,1,0],[3,5,121]]
[[0,0,0],[1,0,0],[0,1,0],[12,42,121]]
[[0,0,0],[1,0,0],[0,1,0],[3,50,121]]
[[0,0,0],[1,0,0],[0,1,0],[2,65,121]]
[[0,0,0],[1,0,0],[0,1,0],[8,14,121]]
[[0,0,0],[1,0,0],[0,1,0],[14,64,121]]
[[0,0,0],[1,0,0],[0,1,0],[6,30,121]]
[[0,0,0],[1,0,0],[0,1,0],[13,115,121]]
[[0,0,0],[1,0,0],[0,1,0],[9,24,121]]
[[0,0,0],[1,0,0],[0,1,0],[4,26,121]]
[[0,0,0],[1,0,0],[0,1,0],[5,28,121]]
[[0,0,0],[1,0,0],[0,1,0],[1,1,121]]
[[0,0,0],[1,0,0],[0,1,0],[12,53,121]]
[[0,0,0],[1,0,0],[0,1,0],[3,75,121]]
[[0,0,0],[1,0,0],[0,1,0],[14,21,121]]
[[0,0,0],[1,0,0],[0,1,0],[9,30,121]]
[[0,0,0],[1,0,0],[0,1,0],[6,39,121]]
[[0,0,0],[1,0,0],[0,1,0],[2,87,121]]
[[0,0,0],[1,0,0],[0,1,0],[24,87,121]]
[[0,0,0],[1,0,0],[0,1,0],[13,20,121]]
[[0,0,0],[1,0,0],[0,1,0],[23,30,121]]
[[0,0,0],[1,0,0],[0,1,0],[11,89,121]]
[[0,0,0],[1,0,0],[0,1,0],[10,40,121]]
[[0,0,0],[1,0,0],[0,1,0],[2,3,121]]
[[0,0,0],[1,0,0],[0,1,0],[63,70,121]]
[[0,0,0],[1,0,0],[0,1,0],[2,26,121]]
[[0,0,0],[1,0,0],[0,1,0],[3,31,121]]
[[0,0,0],[1,0,0],[0,1,0],[1,17,121]]
[[0,0,0],[1,0,0],[0,1,0],[1,46,121]]
[[0,0,0],[1,0,0],[0,1,0],[3,47,121]]
[[0,0,0],[1,0,0],[0,1,0],[4,4,121]]
[[0,0,0],[1,0,0],[0,1,0],[3,15,121]]
[[0,0,0],[1,0,0],[0,1,0],[3,49,121]]
[[0,0,0],[1,0,0],[0,1,0],[10,46,121]]
[[0,0,0],[1,0,0],[0,1,0],[15,108,121]]
[[0,0,0],[1,0,0],[0,1,0],[5,54,121]]
[[0,0,0],[1,0,0],[0,1,0],[8,70,121]]
[[0,0,0],[1,0,0],[0,1,0],[5,119,121]]
[[0,0,0],[1,0,0],[0,1,0],[10,14,121]]
[[0,0,0],[1,0,0],[0,1,0],[3,18,121]]
[[0,0,0],[1,0,0],[0,1,0],[6,116,121]]
[[0,0,0],[1,0,0],[0,1,0],[2,58,121]]
[[0,0,0],[1,0,0],[0,1,0],[3,12,121]]
[[0,0,0],[1,0,0],[0,1,0],[8,42,121]]
[[0,0,0],[1,0,0],[1,11,0],[1,0,11]]
[[0,0,0],[1,0,0],[0,1,0],[1,41,121]]
[[0,0,0],[1,0,0],[0,1,0],[7,23,121]]
[[0,0,0],[1,0,0],[0,1,0],[2,34,121]]
[[0,0,0],[1,0,0],[0,1,0],[55,1,121]]
[[0,0,0],[1,0,0],[0,1,0],[2,23,121]]
[[0,0,0],[1,0,0],[0,1,0],[4,36,121]]
[[0,0,0],[1,0,0],[0,1,0],[9,115,121]]
[[0,0,0],[1,0,0],[0,1,0],[3,64,121]]
[[0,0,0],[1,0,0],[0,1,0],[2,32,121]]
[[0,0,0],[1,0,0],[0,1,0],[20,30,121]]
[[0,0,0],[1,0,0],[0,1,0],[10,12,121]]
[[0,0,0],[1,0,0],[0,1,0],[7,42,121]]
[[0,0,0],[1,0,0],[0,1,0],[21,103,121]]
[[0,0,0],[1,0,0],[0,1,0],[3,34,121]]
[[0,0,0],[1,0,0],[0,1,0],[55,12,121]]
[[0,0,0],[1,0,0],[0,1,0],[15,37,121]]
[[0,0,0],[1,0,0],[0,1,0],[3,51,121]]
[[0,0,0],[1,0,0],[0,1,0],[15,38,121]]
[[0,0,0],[1,0,0],[0,1,0],[7,104,121]]
[[0,0,0],[1,0,0],[0,1,0],[10,43,121]]
[[0,0,0],[1,0,0],[0,1,0],[4,51,121]]
[[0,0,0],[1,0,0],[0,1,0],[38,95,121]]
[[0,0,0],[1,0,0],[0,1,0],[22,67,121]]
[[0,0,0],[1,0,0],[0,1,0],[30,38,121]]
[[0,0,0],[1,0,0],[3,11,0],[4,0,11]]
[[0,0,0],[1,0,0],[0,1,0],[9,13,121]]
[[0,0,0],[1,0,0],[0,1,0],[24,38,121]]
[[0,0,0],[1,0,0],[0,1,0],[24,42,121]]
[[0,0,0],[1,0,0],[0,1,0],[17,41,121]]
[[0,0,0],[1,0,0],[0,1,0],[7,60,121]]
[[0,0,0],[1,0,0],[0,1,0],[7,10,121]]
[[0,0,0],[1,0,0],[0,1,0],[54,79,121]]
[[0,0,0],[1,0,0],[0,1,0],[7,116,121]]
[[0,0,0],[1,0,0],[0,1,0],[4,53,121]]
[[0,0,0],[1,0,0],[0,1,0],[8,51,121]]
[[0,0,0],[1,0,0],[0,1,0],[4,25,121]]
[[0,0,0],[1,0,0],[0,1,0],[16,20,121]]
[[0,0,0],[1,0,0],[0,1,0],[19,47,121]]
[[0,0,0],[1,0,0],[0,1,0],[9,113,121]]
[[0,0,0],[1,0,0],[0,1,0],[22,45,121]]
[[0,0,0],[1,0,0],[0,1,0],[5,15,121]]
[[0,0,0],[1,0,0],[0,1,0],[24,120,121]]
[[0,0,0],[1,0,0],[0,1,0],[38,85,121]]
[[0,0,0],[1,0,0],[0,1,0],[4,118,121]]
[[0,0,0],[1,0,0],[0,1,0],[5,37,121]]
[[0,0,0],[1,0,0],[0,1,0],[3,17,121]]
[[0,0,0],[1,0,0],[0,1,0],[3,40,121]]
[[0,0,0],[1,0,0],[0,1,0],[2,45,121]]
[[0,0,0],[1,0,0],[0,1,0],[4,47,121]]
[[0,0,0],[1,0,0],[0,11,0],[1,0,11]]
[[0,0,0],[1,0,0],[0,1,0],[4,46,121]]
[[0,0,0],[1,0,0],[0,1,0],[6,72,121]]
[[0,0,0],[1,0,0],[0,1,0],[7,115,121]]
[[0,0,0],[1,0,0],[0,1,0],[10,16,121]]
[[0,0,0],[1,0,0],[0,1,0],[8,19,121]]
[[0,0,0],[1,0,0],[0,1,0],[59,79,121]]
[[0,0,0],[1,0,0],[0,1,0],[12,28,121]]
[[0,0,0],[1,0,0],[0,1,0],[3,26,121]]
[[0,0,0],[1,0,0],[0,1,0],[8,56,121]]
[[0,0,0],[1,0,0],[0,1,0],[34,34,121]]
[[0,0,0],[1,0,0],[0,1,0],[31,80,121]]
[[0,0,0],[1,0,0],[0,1,0],[21,105,121]]
[[0,0,0],[1,0,0],[0,1,0],[2,16,121]]
[[0,0,0],[1,0,0],[0,1,0],[20,47,121]]
[[0,0,0],[1,0,0],[0,1,0],[0,1,121]]
[[0,0,0],[1,0,0],[0,1,0],[1,31,121]]
[[0,0,0],[1,0,0],[0,1,0],[10,23,121]]
[[0,0,0],[1,0,0],[0,1,0],[3,23,121]]
[[0,0,0],[1,0,0],[0,1,0],[12,14,121]]
[[0,0,0],[1,0,0],[0,1,0],[13,42,121]]
[[0,0,0],[1,0,0],[0,1,0],[33,34,121]]
[[0,0,0],[1,0,0],[0,1,0],[13,51,121]]
[[0,0,0],[1,0,0],[0,1,0],[14,36,121]]
[[0,0,0],[1,0,0],[0,1,0],[8,20,121]]
[[0,0,0],[1,0,0],[0,1,0],[18,34,121]]
[[0,0,0],[1,0,0],[0,1,0],[3,43,121]]
[[0,0,0],[1,0,0],[0,1,0],[15,35,121]]
[[0,0,0],[1,0,0],[0,1,0],[2,2,121]]
[[0,0,0],[1,0,0],[0,1,0],[13,87,121]]
[[0,0,0],[1,0,0],[0,1,0],[6,9,121]]
[[0,0,0],[1,0,0],[0,1,0],[12,36,121]]
[[0,0,0],[1,0,0],[0,1,0],[5,43,121]]
[[0,0,0],[1,0,0],[0,1,0],[3,97,121]]
[[0,0,0],[1,0,0],[0,1,0],[9,27,121]]
[[0,0,0],[1,0,0],[0,1,0],[7,7,121]]
[[0,0,0],[1,0,0],[0,1,0],[5,17,121]]
[[0,0,0],[1,0,0],[0,1,0],[10,18,121]]
[[0,0,0],[1,0,0],[0,1,0],[11,34,121]]
[[0,0,0],[1,0,0],[0,1,0],[7,71,121]]
[[0,0,0],[1,0,0],[0,1,0],[4,45,121]]
[[0,0,0],[1,0,0],[0,1,0],[8,59,121]]
[[0,0,0],[1,0,0],[0,1,0],[5,23,121]]
[[0,0,0],[1,0,0],[0,1,0],[25,104,121]]
[[0,0,0],[1,0,0],[0,1,0],[25,119,121]]
[[0,0,0],[1,0,0],[0,1,0],[44,12,121]]
[[0,0,0],[1,0,0],[0,1,0],[5,32,121]]
[[0,0,0],[1,0,0],[0,1,0],[7,37,121]]
[[0,0,0],[1,0,0],[0,1,0],[8,38,121]]
[[0,0,0],[1,0,0],[0,1,0],[21,35,121]]
[[0,0,0],[1,0,0],[0,1,0],[4,49,121]]
[[0,0,0],[1,0,0],[0,1,0],[4,40,121]]
[[0,0,0],[1,0,0],[0,1,0],[6,54,121]]
[[0,0,0],[1,0,0],[0,1,0],[12,20,121]]
[[0,0,0],[1,0,0],[0,1,0],[18,71,121]]
[[0,0,0],[1,0,0],[0,1,0],[18,20,121]]
[[0,0,0],[1,0,0],[0,1,0],[4,17,121]]
[[0,0,0],[1,0,0],[0,1,0],[13,114,121]]
[[0,0,0],[1,0,0],[0,1,0],[36,108,121]]
[[0,0,0],[1,0,0],[0,1,0],[3,39,121]]
[[0,0,0],[1,0,0],[0,1,0],[41,48,121]]
[[0,0,0],[1,0,0],[0,1,0],[2,53,121]]
[[0,0,0],[1,0,0],[0,1,0],[14,18,121]]
[[0,0,0],[1,0,0],[0,1,0],[16,37,121]]
[[0,0,0],[1,0,0],[0,1,0],[14,40,121]]
[[0,0,0],[1,0,0],[0,1,0],[6,43,121]]
[[0,0,0],[1,0,0],[0,1,0],[4,29,121]]
[[0,0,0],[1,0,0],[0,1,0],[16,84,121]]
[[0,0,0],[1,0,0],[0,1,0],[16,112,121]]
[[0,0,0],[1,0,0],[0,1,0],[4,48,121]]
[[0,0,0],[1,0,0],[0,1,0],[6,117,121]]
[[0,0,0],[1,0,0],[0,1,0],[13,38,121]]
[[0,0,0],[1,0,0],[0,1,0],[5,14,121]]
[[0,0,0],[1,0,0],[0,1,0],[15,34,121]]
[[0,0,0],[1,0,0],[0,1,0],[15,25,121]]
[[0,0,0],[1,0,0],[0,1,0],[14,50,121]]
[[0,0,0],[1,0,0],[0,1,0],[14,108,121]]
[[0,0,0],[1,0,0],[0,1,0],[3,24,121]]
[[0,0,0],[1,0,0],[0,1,0],[25,75,121]]
[[0,0,0],[1,0,0],[0,1,0],[24,35,121]]
[[0,0,0],[1,0,0],[0,1,0],[14,24,121]]
[[0,0,0],[1,0,0],[0,1,0],[15,19,121]]
[[0,0,0],[1,0,0],[0,1,0],[12,24,121]]
[[0,0,0],[1,0,0],[0,1,0],[11,45,121]]
[[0,0,0],[1,0,0],[0,1,0],[5,73,121]]
[[0,0,0],[1,0,0],[0,1,0],[6,36,121]]
[[0,0,0],[1,0,0],[0,1,0],[2,9,121]]
[[0,0,0],[1,0,0],[0,1,0],[5,84,121]]
[[0,0,0],[1,0,0],[0,1,0],[13,41,121]]
[[0,0,0],[1,0,0],[0,1,0],[5,45,121]]
[[0,0,0],[1,0,0],[0,1,0],[13,29,121]]
[[0,0,0],[1,0,0],[0,1,0],[17,29,121]]
[[0,0,0],[1,0,0],[0,1,0],[13,15,121]]
[[0,0,0],[1,0,0],[0,1,0],[15,39,121]]
[[0,0,0],[1,0,0],[0,1,0],[41,59,121]]
[[0,0,0],[1,0,0],[0,1,0],[2,30,121]]
[[0,0,0],[1,0,0],[0,1,0],[1,19,121]]
[[0,0,0],[1,0,0],[0,1,0],[2,50,121]]
[[0,0,0],[1,0,0],[0,1,0],[2,7,121]]
[[0,0,0],[1,0,0],[0,1,0],[6,105,121]]
[[0,0,0],[1,0,0],[0,1,0],[29,37,121]]
[[0,0,0],[1,0,0],[0,1,0],[1,48,121]]
[[0,0,0],[1,0,0],[0,1,0],[8,54,121]]
[[0,0,0],[1,0,0],[0,1,0],[16,19,121]]
[[0,0,0],[1,0,0],[0,1,0],[7,35,121]]
[[0,0,0],[1,0,0],[0,1,0],[31,93,121]]
[[0,0,0],[1,0,0],[0,1,0],[3,119,121]]
[[0,0,0],[1,0,0],[0,1,0],[9,48,121]]
[[0,0,0],[1,0,0],[0,1,0],[20,105,121]]
[[0,0,0],[1,0,0],[0,1,0],[7,118,121]]
[[0,0,0],[1,0,0],[0,1,0],[2,36,121]]
[[0,0,0],[1,0,0],[0,1,0],[9,9,121]]
[[0,0,0],[1,0,0],[0,1,0],[2,49,121]]
[[0,0,0],[1,0,0],[0,1,0],[2,12,121]]
[[0,0,0],[1,0,0],[0,1,0],[2,27,121]]
[[0,0,0],[1,0,0],[0,1,0],[4,13,121]]
[[0,0,0],[1,0,0],[0,1,0],[21,23,121]]
[[0,0,0],[1,0,0],[0,1,0],[1,54,121]]
[[0,0,0],[1,0,0],[0,1,0],[10,35,121]]
[[0,0,0],[1,0,0],[0,1,0],[15,41,121]]
[[0,0,0],[1,0,0],[0,1,0],[15,63,121]]
[[0,0,0],[1,0,0],[0,1,0],[15,74,121]]
[[0,0,0],[1,0,0],[0,1,0],[2,54,121]]
[[0,0,0],[1,0,0],[0,1,0],[36,36,121]]
[[0,0,0],[1,0,0],[0,1,0],[6,45,121]]
[[0,0,0],[1,0,0],[0,1,0],[6,46,121]]
[[0,0,0],[1,0,0],[0,1,0],[64,69,121]]
[[0,0,0],[1,0,0],[0,1,0],[3,27,121]]
[[0,0,0],[1,0,0],[0,1,0],[22,100,121]]
[[0,0,0],[1,0,0],[0,1,0],[5,50,121]]
[[0,0,0],[1,0,0],[0,1,0],[4,54,121]]
[[0,0,0],[1,0,0],[0,1,0],[29,95,121]]
[[0,0,0],[1,0,0],[0,1,0],[7,46,121]]
[[0,0,0],[1,0,0],[0,1,0],[2,8,121]]
[[0,0,0],[1,0,0],[0,1,0],[9,69,121]]
[[0,0,0],[1,0,0],[0,1,0],[10,13,121]]
[[0,0,0],[1,0,0],[0,1,0],[8,27,121]]
[[0,0,0],[1,0,0],[0,1,0],[12,17,121]]
[[0,0,0],[1,0,0],[0,1,0],[8,18,121]]
[[0,0,0],[1,0,0],[0,1,0],[1,9,121]]
[[0,0,0],[1,0,0],[0,1,0],[14,45,121]]
[[0,0,0],[1,0,0],[2,11,0],[3,0,11]]
[[0,0,0],[1,0,0],[0,1,0],[32,46,121]]
[[0,0,0],[1,0,0],[0,1,0],[6,20,121]]
[[0,0,0],[1,0,0],[0,1,0],[5,27,121]]
[[0,0,0],[1,0,0],[0,1,0],[21,34,121]]
[[0,0,0],[1,0,0],[0,1,0],[44,1,121]]
[[0,0,0],[1,0,0],[0,1,0],[8,45,121]]
[[0,0,0],[1,0,0],[0,1,0],[16,62,121]]
[[0,0,0],[1,0,0],[0,1,0],[5,31,121]]
[[0,0,0],[1,0,0],[0,1,0],[33,12,121]]
[[0,0,0],[1,0,0],[0,1,0],[13,37,121]]
[[0,0,0],[1,0,0],[0,1,0],[4,12,121]]
[[0,0,0],[1,0,0],[0,1,0],[31,36,121]]
[[0,0,0],[1,0,0],[0,1,0],[10,45,121]]
[[0,0,0],[1,0,0],[0,1,0],[1,21,121]]
[[0,0,0],[1,0,0],[0,1,0],[19,23,121]]
[[0,0,0],[1,0,0],[0,1,0],[19,48,121]]
[[0,0,0],[1,0,0],[0,1,0],[13,25,121]]
[[0,0,0],[1,0,0],[0,1,0],[29,104,121]]
[[0,0,0],[1,0,0],[0,1,0],[36,43,121]]
[[0,0,0],[1,0,0],[0,1,0],[6,28,121]]
[[0,0,0],[1,0,0],[0,1,0],[10,38,121]]
[[0,0,0],[1,0,0],[0,1,0],[33,89,121]]
[[0,0,0],[1,0,0],[0,1,0],[7,32,121]]
[[0,0,0],[1,0,0],[0,1,0],[6,15,121]]
[[0,0,0],[1,0,0],[0,1,0],[5,20,121]]
[[0,0,0],[1,0,0],[0,1,0],[19,37,121]]
[[0,0,0],[1,0,0],[0,1,0],[15,114,121]]
[[0,0,0],[1,0,0],[0,1,0],[23,40,121]]
[[0,0,0],[1,0,0],[0,1,0],[2,51,121]]
[[0,0,0],[1,0,0],[0,1,0],[9,25,121]]
[[0,0,0],[1,0,0],[0,1,0],[72,72,121]]
[[0,0,0],[1,0,0],[0,1,0],[7,51,121]]
[[0,0,0],[1,0,0],[0,1,0],[10,115,121]]
[[0,0,0],[1,0,0],[0,1,0],[25,64,121]]
[[0,0,0],[1,0,0],[0,1,0],[14,53,121]]
[[0,0,0],[1,0,0],[0,1,0],[16,30,121]]
[[0,0,0],[1,0,0],[0,1,0],[9,17,121]]
[[0,0,0],[1,0,0],[0,1,0],[18,36,121]]
[[0,0,0],[1,0,0],[0,1,0],[5,34,121]]
[[0,0,0],[1,0,0],[0,1,0],[3,46,121]]
[[0,0,0],[1,0,0],[0,1,0],[6,52,121]]
[[0,0,0],[1,0,0],[0,1,0],[13,76,121]]
[[0,0,0],[1,0,0],[0,1,0],[8,16,121]]
[[0,0,0],[1,0,0],[0,1,0],[30,45,121]]
[[0,0,0],[1,0,0],[0,1,0],[6,37,121]]
[[0,0,0],[1,0,0],[0,1,0],[12,15,121]]
[[0,0,0],[1,0,0],[0,11,0],[5,0,11]]
[[0,0,0],[1,0,0],[0,1,0],[8,103,121]]
[[0,0,0],[1,0,0],[0,1,0],[9,114,121]]
[[0,0,0],[1,0,0],[0,1,0],[4,32,121]]
[[0,0,0],[1,0,0],[0,1,0],[2,4,121]]
[[0,0,0],[1,0,0],[0,1,0],[4,50,121]]
[[0,0,0],[1,0,0],[0,1,0],[60,95,121]]
[[0,0,0],[1,0,0],[0,1,0],[18,104,121]]
[[0,0,0],[1,0,0],[0,1,0],[20,80,121]]
[[0,0,0],[1,0,0],[2,11,0],[4,0,11]]
[[0,0,0],[1,0,0],[0,1,0],[43,79,121]]
[[0,0,0],[1,0,0],[0,1,0],[3,28,121]]
[[0,0,0],[1,0,0],[0,1,0],[4,20,121]]
[[0,0,0],[1,0,0],[0,1,0],[12,43,121]]
[[0,0,0],[1,0,0],[0,1,0],[9,26,121]]
[[0,0,0],[1,0,0],[0,1,0],[13,24,121]]
[[0,0,0],[1,0,0],[0,1,0],[31,31,121]]
[[0,0,0],[1,0,0],[0,1,0],[4,43,121]]
[[0,0,0],[1,0,0],[0,1,0],[30,46,121]]
[[0,0,0],[1,0,0],[0,1,0],[9,34,121]]
[[0,0,0],[1,0,0],[0,1,0],[4,23,121]]
[[0,0,0],[1,0,0],[0,1,0],[3,56,121]]
[[0,0,0],[1,0,0],[0,1,0],[4,15,121]]
[[0,0,0],[1,0,0],[0,1,0],[5,5,121]]
[[0,0,0],[1,0,0],[0,1,0],[13,21,121]]
[[0,0,0],[1,0,0],[0,1,0],[9,15,121]]
[[0,0,0],[1,0,0],[0,1,0],[7,50,121]]
[[0,0,0],[1,0,0],[0,1,0],[13,32,121]]
[[0,0,0],[1,0,0],[0,1,0],[9,20,121]]
[[0,0,0],[1,0,0],[0,1,0],[3,108,121]]
[[0,0,0],[1,0,0],[0,1,0],[22,12,121]]
[[0,0,0],[1,0,0],[0,1,0],[2,57,121]]
[[0,0,0],[1,0,0],[0,1,0],[3,16,121]]
[[0,0,0],[1,0,0],[0,1,0],[7,25,121]]
[[0,0,0],[1,0,0],[0,1,0],[6,58,121]]
[[0,0,0],[1,0,0],[0,1,0],[3,9,121]]
[[0,0,0],[1,0,0],[0,1,0],[1,42,121]]
[[0,0,0],[1,0,0],[0,1,0],[35,104,121]]
[[0,0,0],[1,0,0],[0,1,0],[3,54,121]]
[[0,0,0],[1,0,0],[0,1,0],[16,29,121]]
[[0,0,0],[1,0,0],[0,1,0],[19,36,121]]
[[0,0,0],[1,0,0],[0,1,0],[8,37,121]]
[[0,0,0],[1,0,0],[0,1,0],[2,29,121]]
[[0,0,0],[1,0,0],[0,1,0],[7,41,121]]
[[0,0,0],[1,0,0],[0,1,0],[6,17,121]]
[[0,0,0],[1,0,0],[0,1,0],[3,57,121]]
[[0,0,0],[1,0,0],[0,1,0],[46,120,121]]
[[0,0,0],[1,0,0],[0,1,0],[11,100,121]]
[[0,0,0],[1,0,0],[0,11,0],[7,0,11]]
[[0,0,0],[1,0,0],[0,1,0],[5,53,121]]
[[0,0,0],[1,0,0],[0,1,0],[40,60,121]]
[[0,0,0],[1,0,0],[0,1,0],[16,48,121]]
[[0,0,0],[1,0,0],[0,1,0],[4,10,121]]
[[0,0,0],[1,0,0],[0,1,0],[30,114,121]]
[[0,0,0],[1,0,0],[0,1,0],[10,57,121]]
[[0,0,0],[1,0,0],[0,1,0],[2,52,121]]
[[0,0,0],[1,0,0],[0,1,0],[4,74,121]]
[[0,0,0],[1,0,0],[0,1,0],[5,8,121]]
[[0,0,0],[1,0,0],[0,1,0],[3,41,121]]
[[0,0,0],[1,0,0],[0,1,0],[5,30,121]]
[[0,0,0],[1,0,0],[0,1,0],[17,17,121]]
[[0,0,0],[1,0,0],[0,1,0],[1,2,121]]
[[0,0,0],[1,0,0],[0,1,0],[29,43,121]]
[[0,0,0],[1,0,0],[0,1,0],[4,6,121]]
[[0,0,0],[1,0,0],[0,1,0],[2,40,121]]
[[0,0,0],[1,0,0],[0,1,0],[8,29,121]]
[[0,0,0],[1,0,0],[0,1,0],[3,36,121]]
[[0,0,0],[1,0,0],[0,1,0],[3,48,121]]
[[0,0,0],[1,0,0],[0,1,0],[4,21,121]]
[[0,0,0],[1,0,0],[0,1,0],[12,26,121]]
[[0,0,0],[1,0,0],[0,1,0],[24,32,121]]
[[0,0,0],[1,0,0],[0,1,0],[21,112,121]]
[[0,0,0],[1,0,0],[0,1,0],[44,23,121]]
[[0,0,0],[1,0,0],[0,1,0],[17,107,121]]
[[0,0,0],[1,0,0],[0,1,0],[7,27,121]]
[[0,0,0],[1,0,0],[0,1,0],[4,16,121]]
[[0,0,0],[1,0,0],[0,1,0],[13,26,121]]
[[0,0,0],[1,0,0],[0,1,0],[17,37,121]]
[[0,0,0],[1,0,0],[0,1,0],[4,58,121]]
[[0,0,0],[1,0,0],[0,1,0],[4,18,121]]
[[0,0,0],[1,0,0],[0,1,0],[14,31,121]]
[[0,0,0],[1,0,0],[0,1,0],[6,29,121]]
[[0,0,0],[1,0,0],[0,1,0],[6,49,121]]
[[0,0,0],[1,0,0],[0,1,0],[2,37,121]]
[[0,0,0],[1,0,0],[0,1,0],[11,1,121]]
[[0,0,0],[1,0,0],[0,1,0],[2,21,121]]
[[0,0,0],[1,0,0],[0,11,0],[2,0,11]]
[[0,0,0],[1,0,0],[0,1,0],[3,37,121]]
[[0,0,0],[1,0,0],[0,1,0],[39,39,121]]
[[0,0,0],[1,0,0],[0,1,0],[6,10,121]]
[[0,0,0],[1,0,0],[0,1,0],[3,30,121]]
[[0,0,0],[1,0,0],[0,1,0],[6,48,121]]
[[0,0,0],[1,0,0],[0,1,0],[3,19,121]]
[[0,0,0],[1,0,0],[0,1,0],[2,42,121]]
[[0,0,0],[1,0,0],[0,1,0],[2,56,121]]
[[0,0,0],[1,0,0],[0,1,0],[3,29,121]]
[[0,0,0],[1,0,0],[0,1,0],[5,18,121]]
[[0,0,0],[1,0,0],[0,1,0],[5,7,121]]
[[0,0,0],[1,0,0],[0,1,0],[1,14,121]]
[[0,0,0],[1,0,0],[0,1,0],[20,25,121]]
[[0,0,0],[1,0,0],[0,1,0],[23,102,121]]
[[0,0,0],[1,0,0],[0,1,0],[32,45,121]]
[[0,0,0],[1,0,0],[0,1,0],[14,54,121]]
[[0,0,0],[1,0,0],[0,1,0],[1,16,121]]
[[0,0,0],[1,0,0],[0,1,0],[12,50,121]]
[[0,0,0],[1,0,0],[0,1,0],[3,25,121]]
[[0,0,0],[1,0,0],[0,1,0],[2,60,121]]
[[0,0,0],[1,0,0],[0,1,0],[17,31,121]]
[[0,0,0],[1,0,0],[0,1,0],[1,43,121]]
[[0,0,0],[1,0,0],[0,1,0],[9,80,121]]
[[0,0,0],[1,0,0],[0,1,0],[24,43,121]]
[[0,0,0],[1,0,0],[0,1,0],[2,6,121]]
[[0,0,0],[1,0,0],[0,1,0],[10,68,121]]
[[0,0,0],[1,0,0],[0,1,0],[13,16,121]]
[[0,0,0],[1,0,0],[0,1,0],[29,60,121]]
[[0,0,0],[1,0,0],[0,1,0],[21,30,121]]
[[0,0,0],[1,0,0],[0,1,0],[7,49,121]]
[[0,0,0],[1,0,0],[0,1,0],[8,10,121]]
[[0,0,0],[1,0,0],[0,11,0],[10,0,11]]
[[0,0,0],[1,0,0],[0,1,0],[11,56,121]]
[[0,0,0],[1,0,0],[0,1,0],[39,84,121]]
[[0,0,0],[1,0,0],[0,1,0],[1,36,121]]
[[0,0,0],[1,0,0],[0,1,0],[1,3,121]]
[[0,0,0],[1,0,0],[0,1,0],[18,60,121]]
[[0,0,0],[1,0,0],[0,1,0],[13,45,121]]
[[0,0,0],[1,0,0],[0,1,0],[33,56,121]]
[[0,0,0],[1,0,0],[0,1,0],[21,46,121]]
[[0,0,0],[1,0,0],[0,1,0],[10,10,121]]
[[0,0,0],[1,0,0],[0,1,0],[4,34,121]]
[[0,0,0],[1,0,0],[0,1,0],[2,109,121]]
[[0,0,0],[1,0,0],[0,1,0],[3,14,121]]
[[0,0,0],[1,0,0],[0,1,0],[39,85,121]]
[[0,0,0],[1,0,0],[0,1,0],[6,40,121]]
[[0,0,0],[1,0,0],[0,1,0],[13,13,121]]
[[0,0,0],[1,0,0],[0,1,0],[33,45,121]]
[[0,0,0],[1,0,0],[0,1,0],[5,41,121]]
[[0,0,0],[1,0,0],[0,1,0],[13,46,121]]
[[0,0,0],[1,0,0],[0,1,0],[10,49,121]]
[[0,0,0],[1,0,0],[0,1,0],[4,38,121]]
[[0,0,0],[1,0,0],[0,1,0],[8,8,121]]
[[0,0,0],[1,0,0],[0,1,0],[17,39,121]]
[[0,0,0],[1,0,0],[0,1,0],[5,51,121]]
[[0,0,0],[1,0,0],[0,1,0],[15,17,121]]
[[0,0,0],[1,0,0],[0,1,0],[22,78,121]]
[[0,0,0],[1,0,0],[0,1,0],[9,36,121]]
[[0,0,0],[1,0,0],[0,1,0],[8,115,121]]
[[0,0,0],[1,0,0],[0,1,0],[25,108,121]]
[[0,0,0],[1,0,0],[0,1,0],[20,38,121]]
[[0,0,0],[1,0,0],[0,1,0],[33,23,121]]
[[0,0,0],[1,0,0],[0,1,0],[15,30,121]]
[[0,0,0],[1,0,0],[0,1,0],[17,47,121]]
[[0,0,0],[1,0,0],[0,1,0],[4,35,121]]
[[0,0,0],[1,0,0],[0,1,0],[7,117,121]]
[[0,0,0],[1,0,0],[0,1,0],[7,20,121]]
[[0,0,0],[1,0,0],[0,1,0],[10,20,121]]
[[0,0,0],[1,0,0],[0,1,0],[2,25,121]]
[[0,0,0],[1,0,0],[0,1,0],[5,12,121]]
[[0,0,0],[1,0,0],[0,1,0],[68,120,121]]
[[0,0,0],[1,0,0],[0,1,0],[16,47,121]]
[[0,0,0],[1,0,0],[0,1,0],[24,29,121]]
[[0,0,0],[1,0,0],[0,1,0],[7,21,121]]
[[0,0,0],[1,0,0],[0,1,0],[8,30,121]]
[[0,0,0],[1,0,0],[0,1,0],[10,30,121]]
[[0,0,0],[1,0,0],[0,1,0],[3,20,121]]
[[0,0,0],[1,0,0],[0,1,0],[5,13,121]]
[[0,0,0],[1,0,0],[0,1,0],[14,39,121]]
[[0,0,0],[1,0,0],[0,1,0],[6,51,121]]
[[0,0,0],[1,0,0],[0,1,0],[2,28,121]]
[[0,0,0],[1,0,0],[0,1,0],[5,118,121]]
[[0,0,0],[1,0,0],[0,1,0],[9,23,121]]
[[0,0,0],[1,0,0],[0,1,0],[10,48,121]]
[[0,0,0],[1,0,0],[0,1,0],[14,20,121]]
[[0,0,0],[1,0,0],[0,1,0],[11,67,121]]
[[0,0,0],[1,0,0],[0,1,0],[12,21,121]]
[[0,0,0],[1,0,0],[0,1,0],[10,34,121]]
[[0,0,0],[1,0,0],[0,1,0],[7,56,121]]
[[0,0,0],[1,0,0],[0,1,0],[6,56,121]]
[[0,0,0],[1,0,0],[0,1,0],[21,24,121]]
[[0,0,0],[1,0,0],[0,1,0],[6,12,121]]
[[0,0,0],[1,0,0],[0,1,0],[9,45,121]]
[[0,0,0],[1,0,0],[0,1,0],[19,35,121]]
[[0,0,0],[1,0,0],[0,1,0],[31,58,121]]
[[0,0,0],[1,0,0],[0,1,0],[3,13,121]]
[[0,0,0],[1,0,0],[0,1,0],[5,52,121]]
[[0,0,0],[1,0,0],[0,1,0],[4,24,121]]
[[0,0,0],[1,0,0],[0,1,0],[36,86,121]]
[[0,0,0],[1,0,0],[0,1,0],[6,38,121]]
[[0,0,0],[1,0,0],[0,1,0],[4,52,121]]
[[0,0,0],[1,0,0],[0,1,0],[22,23,121]]
[[0,0,0],[1,0,0],[0,1,0],[24,65,121]]
[[0,0,0],[1,0,0],[0,1,0],[17,34,121]]
[[0,0,0],[1,0,0],[0,1,0],[29,38,121]]
[[0,0,0],[1,0,0],[0,1,0],[4,28,121]]
[[0,0,0],[1,0,0],[0,1,0],[30,103,121]]
[[0,0,0],[1,0,0],[0,1,0],[3,3,121]]
[[0,0,0],[1,0,0],[0,1,0],[41,114,121]]
[[0,0,0],[1,0,0],[0,1,0],[19,24,121]]
[[0,0,0],[1,0,0],[0,1,0],[2,14,121]]
[[0,0,0],[1,0,0],[0,1,0],[1,18,121]]
[[0,0,0],[1,0,0],[0,1,0],[6,21,121]]
