[[0,0,0],[1,0,0],[0,1,0],[3,49,123]]
[[0,0,0],[1,0,0],[0,1,0],[26,59,123]]
[[0,0,0],[1,0,0],[0,1,0],[8,104,123]]
[[0,0,0],[1,0,0],[0,1,0],[6,34,123]]
[[0,0,0],[1,0,0],[0,1,0],[6,1,123]]
[[0,0,0],[1,0,0],[0,1,0],[10,50,123]]
[[0,0,0],[1,0,0],[0,1,0],[1,2,123]]
[[0,0,0],[1,0,0],[0,1,0],[55,110,123]]
[[0,0,0],[1,0,0],[0,1,0],[105,101,123]]
[[0,0,0],[1,0,0],[0,1,0],[18,37,123]]
[[0,0,0],[1,0,0],[0,1,0],[59,106,123]]
[[0,0,0],[1,0,0],[0,1,0],[14,115,123]]
[[0,0,0],[1,0,0],[0,1,0],[38,113,123]]
[[0,0,0],[1,0,0],[0,1,0],[36,88,123]]
[[0,0,0],[1,0,0],[0,1,0],[38,53,123]]
[[0,0,0],[1,0,0],[0,1,0],[39,13,123]]
[[0,0,0],[1,0,0],[0,1,0],[35,83,123]]
[[0,0,0],[1,0,0],[0,1,0],[83,86,123]]
[[0,0,0],[1,0,0],[0,1,0],[7,49,123]]
[[0,0,0],[1,0,0],[0,1,0],[30,115,123]]
[[0,0,0],[1,0,0],[0,1,0],[9,61,123]]
[[0,0,0],[1,0,0],[0,1,0],[10,49,123]]
[[0,0,0],[1,0,0],[0,1,0],[3,106,123]]
[[0,0,0],[1,0,0],[0,1,0],[5,13,123]]
[[0,0,0],[1,0,0],[0,1,0],[27,58,123]]
[[0,0,0],[1,0,0],[0,1,0],[2,61,123]]
[[0,0,0],[1,0,0],[0,1,0],[4,28,123]]
[[0,0,0],[1,0,0],[0,1,0],[3,52,123]]
[[0,0,0],[1,0,0],[0,1,0],[27,64,123]]
[[0,0,0],[1,0,0],[0,1,0],[27,70,123]]
[[0,0,0],[1,0,0],[0,1,0],[21,73,123]]
[[0,0,0],[1,0,0],[0,1,0],[36,13,123]]
[[0,0,0],[1,0,0],[0,1,0],[35,47,123]]
[[0,0,0],[1,0,0],[0,1,0],[15,40,123]]
[[0,0,0],[1,0,0],[0,1,0],[27,55,123]]
[[0,0,0],[1,0,0],[0,1,0],[5,25,123]]
[[0,0,0],[1,0,0],[0,1,0],[20,32,123]]
[[0,0,0],[1,0,0],[0,1,0],[7,56,123]]
[[0,0,0],[1,0,0],[0,1,0],[26,92,123]]
[[0,0,0],[1,0,0],[0,1,0],[12,4,123]]
[[0,0,0],[1,0,0],[0,1,0],[12,49,123]]
[[0,0,0],[1,0,0],[0,1,0],[8,56,123]]
[[0,0,0],[1,0,0],[0,1,0],[1,14,123]]
[[0,0,0],[1,0,0],[0,1,0],[5,22,123]]
[[0,0,0],[1,0,0],[0,1,0],[9,118,123]]
[[0,0,0],[1,0,0],[0,1,0],[84,64,123]]
[[0,0,0],[1,0,0],[0,1,0],[36,91,123]]
[[0,0,0],[1,0,0],[0,1,0],[33,94,123]]
[[0,0,0],[1,0,0],[0,1,0],[39,112,123]]
[[0,0,0],[1,0,0],[0,1,0],[8,101,123]]
[[0,0,0],[1,0,0],[0,1,0],[12,88,123]]
[[0,0,0],[1,0,0],[0,1,0],[60,23,123]]
[[0,0,0],[1,0,0],[0,1,0],[21,40,123]]
[[0,0,0],[1,0,0],[0,1,0],[8,80,123]]
[[0,0,0],[1,0,0],[0,1,0],[36,4,123]]
[[0,0,0],[1,0,0],[0,1,0],[5,49,123]]
[[0,0,0],[1,0,0],[0,1,0],[4,14,123]]
[[0,0,0],[1,0,0],[0,1,0],[21,7,123]]
[[0,0,0],[1,0,0],[0,1,0],[11,59,123]]
[[0,0,0],[1,0,0],[0,1,0],[14,119,123]]
[[0,0,0],[1,0,0],[0,1,0],[39,85,123]]
[[0,0,0],[1,0,0],[0,1,0],[87,37,123]]
[[0,0,0],[1,0,0],[0,1,0],[66,103,123]]
[[0,0,0],[1,0,0],[0,1,0],[18,4,123]]
[[0,0,0],[1,0,0],[0,1,0],[5,50,123]]
[[0,0,0],[1,0,0],[0,1,0],[15,70,123]]
[[0,0,0],[1,0,0],[0,1,0],[8,14,123]]
[[0,0,0],[1,0,0],[0,1,0],[7,11,123]]
[[0,0,0],[1,0,0],[0,1,0],[33,109,123]]
[[0,0,0],[1,0,0],[0,1,0],[35,86,123]]
[[0,0,0],[1,0,0],[0,1,0],[20,20,123]]
[[0,0,0],[1,0,0],[0,1,0],[93,31,123]]
[[0,0,0],[1,0,0],[0,1,0],[14,104,123]]
[[0,0,0],[1,0,0],[0,1,0],[12,97,123]]
[[0,0,0],[1,0,0],[0,1,0],[5,92,123]]
[[0,0,0],[1,0,0],[0,1,0],[23,122,123]]
[[0,0,0],[1,0,0],[0,1,0],[21,43,123]]
[[0,0,0],[1,0,0],[0,1,0],[13,20,123]]
[[0,0,0],[1,0,0],[0,1,0],[48,91,123]]
[[0,0,0],[1,0,0],[0,1,0],[3,64,123]]
[[0,0,0],[1,0,0],[0,1,0],[3,31,123]]
[[0,0,0],[1,0,0],[0,1,0],[6,55,123]]
[[0,0,0],[1,0,0],[0,1,0],[3,28,123]]
[[0,0,0],[1,0,0],[0,1,0],[6,106,123]]
[[0,0,0],[1,0,0],[0,1,0],[5,52,123]]
[[0,0,0],[1,0,0],[0,1,0],[23,83,123]]
[[0,0,0],[1,0,0],[0,1,0],[14,98,123]]
[[0,0,0],[1,0,0],[0,1,0],[16,25,123]]
[[0,0,0],[1,0,0],[0,1,0],[21,1,123]]
[[0,0,0],[1,0,0],[0,1,0],[23,103,123]]
[[0,0,0],[1,0,0],[0,1,0],[36,106,123]]
[[0,0,0],[1,0,0],[0,1,0],[90,40,123]]
[[0,0,0],[1,0,0],[0,1,0],[3,76,123]]
[[0,0,0],[1,0,0],[0,1,0],[3,43,123]]
[[0,0,0],[1,0,0],[0,1,0],[12,58,123]]
[[0,0,0],[1,0,0],[0,1,0],[11,71,123]]
[[0,0,0],[1,0,0],[0,1,0],[14,17,123]]
[[0,0,0],[1,0,0],[0,1,0],[10,115,123]]
[[0,0,0],[1,0,0],[0,1,0],[14,59,123]]
[[0,0,0],[1,0,0],[0,1,0],[11,40,123]]
[[0,0,0],[1,0,0],[0,1,0],[66,70,123]]
[[0,0,0],[1,0,0],[0,1,0],[16,47,123]]
[[0,0,0],[1,0,0],[0,1,0],[8,29,123]]
[[0,0,0],[1,0,0],[0,1,0],[26,103,123]]
[[0,0,0],[1,0,0],[0,1,0],[96,28,123]]
[[0,0,0],[1,0,0],[0,1,0],[33,91,123]]
[[0,0,0],[1,0,0],[0,1,0],[3,88,123]]
[[0,0,0],[1,0,0],[0,1,0],[10,17,123]]
[[0,0,0],[1,0,0],[0,1,0],[5,55,123]]
[[0,0,0],[1,0,0],[0,1,0],[20,53,123]]
[[0,0,0],[1,0,0],[0,1,0],[23,38,123]]
[[0,0,0],[1,0,0],[0,1,0],[35,122,123]]
[[0,0,0],[1,0,0],[0,1,0],[23,43,123]]
[[0,0,0],[1,0,0],[0,1,0],[32,35,123]]
[[0,0,0],[1,0,0],[0,1,0],[6,13,123]]
[[0,0,0],[1,0,0],[0,1,0],[2,38,123]]
[[0,0,0],[1,0,0],[0,1,0],[8,32,123]]
[[0,0,0],[1,0,0],[0,1,0],[7,23,123]]
[[0,0,0],[1,0,0],[0,1,0],[39,91,123]]
[[0,0,0],[1,0,0],[0,1,0],[12,85,123]]
[[0,0,0],[1,0,0],[0,1,0],[14,32,123]]
[[0,0,0],[1,0,0],[0,1,0],[9,76,123]]
[[0,0,0],[1,0,0],[0,1,0],[23,119,123]]
[[0,0,0],[1,0,0],[0,1,0],[36,47,123]]
[[0,0,0],[1,0,0],[0,1,0],[24,22,123]]
[[0,0,0],[1,0,0],[0,1,0],[4,56,123]]
[[0,0,0],[1,0,0],[0,1,0],[21,106,123]]
[[0,0,0],[1,0,0],[0,1,0],[7,28,123]]
[[0,0,0],[1,0,0],[0,1,0],[10,13,123]]
[[0,0,0],[1,0,0],[0,1,0],[2,22,123]]
[[0,0,0],[1,0,0],[0,1,0],[2,122,123]]
[[0,0,0],[1,0,0],[0,1,0],[12,1,123]]
[[0,0,0],[1,0,0],[0,1,0],[12,52,123]]
[[0,0,0],[1,0,0],[0,1,0],[8,53,123]]
[[0,0,0],[1,0,0],[0,1,0],[1,34,123]]
[[0,0,0],[1,0,0],[0,1,0],[42,7,123]]
[[0,0,0],[1,0,0],[0,1,0],[12,61,123]]
[[0,0,0],[1,0,0],[0,1,0],[2,56,123]]
[[0,0,0],[1,0,0],[0,1,0],[9,13,123]]
[[0,0,0],[1,0,0],[0,1,0],[84,122,123]]
[[0,0,0],[1,0,0],[0,1,0],[21,21,123]]
[[0,0,0],[1,0,0],[0,1,0],[11,83,123]]
[[0,0,0],[1,0,0],[0,1,0],[23,106,123]]
[[0,0,0],[1,0,0],[0,1,0],[30,97,123]]
[[0,0,0],[1,0,0],[0,1,0],[92,122,123]]
[[0,0,0],[1,0,0],[0,1,0],[1,32,123]]
[[0,0,0],[1,0,0],[0,1,0],[30,109,123]]
[[0,0,0],[1,0,0],[0,1,0],[3,70,123]]
[[0,0,0],[1,0,0],[0,1,0],[87,40,123]]
[[0,0,0],[1,0,0],[0,1,0],[39,121,123]]
[[0,0,0],[1,0,0],[0,1,0],[12,10,123]]
[[0,0,0],[1,0,0],[0,1,0],[27,43,123]]
[[0,0,0],[1,0,0],[0,1,0],[2,11,123]]
[[0,0,0],[1,0,0],[0,1,0],[75,90,123]]
[[0,0,0],[1,0,0],[0,1,0],[5,29,123]]
[[0,0,0],[1,0,0],[0,1,0],[48,4,123]]
[[0,0,0],[1,0,0],[0,1,0],[33,34,123]]
[[0,0,0],[1,0,0],[0,1,0],[8,17,123]]
[[0,0,0],[1,0,0],[0,1,0],[13,38,123]]
[[0,0,0],[1,0,0],[0,1,0],[7,32,123]]
[[0,0,0],[1,0,0],[0,1,0],[32,104,123]]
[[0,0,0],[1,0,0],[0,1,0],[2,20,123]]
[[0,0,0],[1,0,0],[0,1,0],[3,85,123]]
[[0,0,0],[1,0,0],[0,1,0],[2,116,123]]
[[0,0,0],[1,0,0],[0,1,0],[6,70,123]]
[[0,0,0],[1,0,0],[0,1,0],[52,83,123]]
[[0,0,0],[1,0,0],[0,1,0],[51,1,123]]
[[0,0,0],[1,0,0],[0,1,0],[1,25,123]]
[[0,0,0],[1,0,0],[0,1,0],[24,4,123]]
[[0,0,0],[1,0,0],[0,1,0],[27,56,123]]
[[0,0,0],[1,0,0],[0,1,0],[41,83,123]]
[[0,0,0],[1,0,0],[0,1,0],[15,67,123]]
[[0,0,0],[1,0,0],[0,1,0],[13,70,123]]
[[0,0,0],[1,0,0],[0,1,0],[5,116,123]]
[[0,0,0],[1,0,0],[0,1,0],[30,112,123]]
[[0,0,0],[1,0,0],[0,1,0],[63,118,123]]
[[0,0,0],[1,0,0],[0,1,0],[2,28,123]]
[[0,0,0],[1,0,0],[0,1,0],[47,119,123]]
[[0,0,0],[1,0,0],[0,1,0],[8,98,123]]
[[0,0,0],[1,0,0],[0,1,0],[2,77,123]]
[[0,0,0],[1,0,0],[0,1,0],[66,76,123]]
[[0,0,0],[1,0,0],[0,1,0],[2,2,123]]
[[0,0,0],[1,0,0],[0,1,0],[10,35,123]]
[[0,0,0],[1,0,0],[0,1,0],[12,22,123]]
[[0,0,0],[1,0,0],[0,1,0],[8,113,123]]
[[0,0,0],[1,0,0],[0,1,0],[63,91,123]]
[[0,0,0],[1,0,0],[0,1,0],[30,13,123]]
[[0,0,0],[1,0,0],[0,1,0],[6,10,123]]
[[0,0,0],[1,0,0],[0,1,0],[17,112,123]]
[[0,0,0],[1,0,0],[0,1,0],[47,122,123]]
[[0,0,0],[1,0,0],[0,1,0],[63,121,123]]
[[0,0,0],[1,0,0],[0,1,0],[3,103,123]]
[[0,0,0],[1,0,0],[0,1,0],[59,92,123]]
[[0,0,0],[1,0,0],[0,1,0],[47,104,123]]
[[0,0,0],[1,0,0],[0,1,0],[18,34,123]]
[[0,0,0],[1,0,0],[0,1,0],[15,64,123]]
[[0,0,0],[1,0,0],[0,1,0],[5,5,123]]
[[0,0,0],[1,0,0],[0,1,0],[54,100,123]]
[[0,0,0],[1,0,0],[0,1,0],[34,98,123]]
[[0,0,0],[1,0,0],[0,1,0],[2,49,123]]
[[0,0,0],[1,0,0],[0,1,0],[2,68,123]]
[[0,0,0],[1,0,0],[0,1,0],[2,52,123]]
[[0,0,0],[1,0,0],[0,1,0],[7,50,123]]
[[0,0,0],[1,0,0],[0,1,0],[11,95,123]]
[[0,0,0],[1,0,0],[0,1,0],[4,29,123]]
[[0,0,0],[1,0,0],[0,1,0],[11,113,123]]
[[0,0,0],[1,0,0],[0,1,0],[21,112,123]]
[[0,0,0],[1,0,0],[0,1,0],[5,122,123]]
[[0,0,0],[1,0,0],[0,1,0],[18,85,123]]
[[0,0,0],[1,0,0],[0,1,0],[15,88,123]]
[[0,0,0],[1,0,0],[0,1,0],[57,112,123]]
[[0,0,0],[1,0,0],[0,1,0],[69,109,123]]
[[0,0,0],[1,0,0],[0,1,0],[8,19,123]]
[[0,0,0],[1,0,0],[0,1,0],[86,86,123]]
[[0,0,0],[1,0,0],[0,1,0],[38,98,123]]
[[0,0,0],[1,0,0],[0,1,0],[2,31,123]]
[[0,0,0],[1,0,0],[0,1,0],[23,86,123]]
[[0,0,0],[1,0,0],[0,1,0],[15,73,123]]
[[0,0,0],[1,0,0],[0,1,0],[16,50,123]]
[[0,0,0],[1,0,0],[0,1,0],[26,119,123]]
[[0,0,0],[1,0,0],[0,1,0],[4,50,123]]
[[0,0,0],[1,0,0],[0,1,0],[10,14,123]]
[[0,0,0],[1,0,0],[0,1,0],[7,17,123]]
[[0,0,0],[1,0,0],[0,1,0],[5,32,123]]
[[0,0,0],[1,0,0],[0,1,0],[43,85,123]]
[[0,0,0],[1,0,0],[0,1,0],[36,49,123]]
[[0,0,0],[1,0,0],[0,1,0],[5,83,123]]
[[0,0,0],[1,0,0],[0,1,0],[21,37,123]]
[[0,0,0],[1,0,0],[0,1,0],[4,35,123]]
[[0,0,0],[1,0,0],[0,1,0],[26,122,123]]
[[0,0,0],[1,0,0],[0,1,0],[5,56,123]]
[[0,0,0],[1,0,0],[0,1,0],[33,40,123]]
[[0,0,0],[1,0,0],[0,1,0],[7,44,123]]
[[0,0,0],[1,0,0],[0,1,0],[9,43,123]]
[[0,0,0],[1,0,0],[0,1,0],[11,22,123]]
[[0,0,0],[1,0,0],[0,1,0],[15,19,123]]
[[0,0,0],[1,0,0],[0,1,0],[3,97,123]]
[[0,0,0],[1,0,0],[0,1,0],[15,68,123]]
[[0,0,0],[1,0,0],[0,1,0],[63,103,123]]
[[0,0,0],[1,0,0],[0,1,0],[2,32,123]]
[[0,0,0],[1,0,0],[0,1,0],[36,1,123]]
[[0,0,0],[1,0,0],[0,1,0],[8,47,123]]
[[0,0,0],[1,0,0],[0,1,0],[17,29,123]]
[[0,0,0],[1,0,0],[0,1,0],[24,10,123]]
[[0,0,0],[1,0,0],[0,1,0],[13,16,123]]
[[0,0,0],[1,0,0],[0,1,0],[7,52,123]]
[[0,0,0],[1,0,0],[0,1,0],[35,101,123]]
[[0,0,0],[1,0,0],[0,1,0],[20,28,123]]
[[0,0,0],[1,0,0],[0,1,0],[2,35,123]]
[[0,0,0],[1,0,0],[0,1,0],[30,64,123]]
[[0,0,0],[1,0,0],[0,1,0],[52,73,123]]
[[0,0,0],[1,0,0],[0,1,0],[63,102,123]]
[[0,0,0],[1,0,0],[0,1,0],[9,49,123]]
[[0,0,0],[1,0,0],[0,1,0],[2,50,123]]
[[0,0,0],[1,0,0],[0,1,0],[43,122,123]]
[[0,0,0],[1,0,0],[0,1,0],[36,43,123]]
[[0,0,0],[1,0,0],[0,1,0],[17,50,123]]
[[0,0,0],[1,0,0],[0,1,0],[24,40,123]]
[[0,0,0],[1,0,0],[0,1,0],[14,16,123]]
[[0,0,0],[1,0,0],[0,1,0],[18,61,123]]
[[0,0,0],[1,0,0],[0,1,0],[15,4,123]]
[[0,0,0],[1,0,0],[0,1,0],[5,104,123]]
[[0,0,0],[1,0,0],[0,1,0],[45,16,123]]
[[0,0,0],[1,0,0],[0,1,0],[95,95,123]]
[[0,0,0],[1,0,0],[0,1,0],[4,52,123]]
[[0,0,0],[1,0,0],[0,1,0],[57,10,123]]
[[0,0,0],[1,0,0],[0,1,0],[53,95,123]]
[[0,0,0],[1,0,0],[0,1,0],[24,13,123]]
[[0,0,0],[1,0,0],[0,1,0],[9,106,123]]
[[0,0,0],[1,0,0],[0,1,0],[32,116,123]]
[[0,0,0],[1,0,0],[0,1,0],[6,58,123]]
[[0,0,0],[1,0,0],[0,1,0],[39,109,123]]
[[0,0,0],[1,0,0],[0,1,0],[60,70,123]]
[[0,0,0],[1,0,0],[0,1,0],[24,43,123]]
[[0,0,0],[1,0,0],[0,1,0],[54,10,123]]
[[0,0,0],[1,0,0],[0,1,0],[20,95,123]]
[[0,0,0],[1,0,0],[0,1,0],[8,35,123]]
[[0,0,0],[1,0,0],[0,1,0],[8,59,123]]
[[0,0,0],[1,0,0],[0,1,0],[2,74,123]]
[[0,0,0],[1,0,0],[0,1,0],[14,86,123]]
[[0,0,0],[1,0,0],[0,1,0],[2,86,123]]
[[0,0,0],[1,0,0],[0,1,0],[27,67,123]]
[[0,0,0],[1,0,0],[0,1,0],[6,36,123]]
[[0,0,0],[1,0,0],[0,1,0],[45,88,123]]
[[0,0,0],[1,0,0],[0,1,0],[30,34,123]]
[[0,0,0],[1,0,0],[0,1,0],[11,110,123]]
[[0,0,0],[1,0,0],[0,1,0],[11,52,123]]
[[0,0,0],[1,0,0],[0,1,0],[2,98,123]]
[[0,0,0],[1,0,0],[0,1,0],[27,10,123]]
[[0,0,0],[1,0,0],[0,1,0],[96,110,123]]
[[0,0,0],[1,0,0],[0,1,0],[36,52,123]]
[[0,0,0],[1,0,0],[0,1,0],[1,16,123]]
[[0,0,0],[1,0,0],[0,1,0],[18,55,123]]
[[0,0,0],[1,0,0],[0,1,0],[2,37,123]]
[[0,0,0],[1,0,0],[0,1,0],[45,85,123]]
[[0,0,0],[1,0,0],[0,1,0],[58,83,123]]
[[0,0,0],[1,0,0],[0,1,0],[11,29,123]]
[[0,0,0],[1,0,0],[0,1,0],[5,74,123]]
[[0,0,0],[1,0,0],[0,1,0],[10,25,123]]
[[0,0,0],[1,0,0],[0,1,0],[51,121,123]]
[[0,0,0],[1,0,0],[0,1,0],[2,104,123]]
[[0,0,0],[1,0,0],[0,1,0],[10,19,123]]
[[0,0,0],[1,0,0],[0,1,0],[92,92,123]]
[[0,0,0],[1,0,0],[0,1,0],[14,40,123]]
[[0,0,0],[1,0,0],[0,1,0],[8,110,123]]
[[0,0,0],[1,0,0],[0,1,0],[38,59,123]]
[[0,0,0],[1,0,0],[0,1,0],[45,1,123]]
[[0,0,0],[1,0,0],[0,1,0],[14,44,123]]
[[0,0,0],[1,0,0],[0,1,0],[25,35,123]]
[[0,0,0],[1,0,0],[0,1,0],[2,107,123]]
[[0,0,0],[1,0,0],[0,1,0],[18,112,123]]
[[0,0,0],[1,0,0],[0,1,0],[45,120,123]]
[[0,0,0],[1,0,0],[0,1,0],[60,105,123]]
[[0,0,0],[1,0,0],[0,1,0],[8,122,123]]
[[0,0,0],[1,0,0],[0,1,0],[24,16,123]]
[[0,0,0],[1,0,0],[0,1,0],[2,44,123]]
[[0,0,0],[1,0,0],[0,1,0],[8,71,123]]
[[0,0,0],[1,0,0],[0,1,0],[3,13,123]]
[[0,0,0],[1,0,0],[0,1,0],[14,122,123]]
[[0,0,0],[1,0,0],[0,1,0],[18,24,123]]
[[0,0,0],[1,0,0],[0,1,0],[6,25,123]]
[[0,0,0],[1,0,0],[0,1,0],[7,47,123]]
[[0,0,0],[1,0,0],[0,1,0],[60,64,123]]
[[0,0,0],[1,0,0],[0,1,0],[2,62,123]]
[[0,0,0],[1,0,0],[0,1,0],[11,20,123]]
[[0,0,0],[1,0,0],[0,1,0],[3,19,123]]
[[0,0,0],[1,0,0],[0,1,0],[20,98,123]]
[[0,0,0],[1,0,0],[0,1,0],[3,39,123]]
[[0,0,0],[1,0,0],[0,1,0],[35,113,123]]
[[0,0,0],[1,0,0],[0,1,0],[3,58,123]]
[[0,0,0],[1,0,0],[0,1,0],[4,23,123]]
[[0,0,0],[1,0,0],[0,1,0],[5,10,123]]
[[0,0,0],[1,0,0],[0,1,0],[15,10,123]]
[[0,0,0],[1,0,0],[0,1,0],[39,100,123]]
[[0,0,0],[1,0,0],[0,1,0],[18,40,123]]
[[0,0,0],[1,0,0],[0,1,0],[14,20,123]]
[[0,0,0],[1,0,0],[0,1,0],[24,19,123]]
[[0,0,0],[1,0,0],[0,1,0],[84,76,123]]
[[0,0,0],[1,0,0],[0,1,0],[36,40,123]]
[[0,0,0],[1,0,0],[0,1,0],[38,95,123]]
[[0,0,0],[1,0,0],[0,1,0],[33,22,123]]
[[0,0,0],[1,0,0],[0,1,0],[12,70,123]]
[[0,0,0],[3,0,0],[0,1,0],[0,1,41]]
[[0,0,0],[1,0,0],[0,1,0],[8,55,123]]
[[0,0,0],[1,0,0],[0,1,0],[15,34,123]]
[[0,0,0],[1,0,0],[0,1,0],[12,73,123]]
[[0,0,0],[1,0,0],[0,1,0],[82,42,123]]
[[0,0,0],[1,0,0],[0,1,0],[41,1,123]]
[[0,0,0],[1,0,0],[0,1,0],[4,38,123]]
[[0,0,0],[1,0,0],[0,1,0],[4,37,123]]
[[0,0,0],[1,0,0],[0,1,0],[24,106,123]]
[[0,0,0],[1,0,0],[0,1,0],[2,40,123]]
[[0,0,0],[1,0,0],[0,1,0],[17,68,123]]
[[0,0,0],[1,0,0],[0,1,0],[5,17,123]]
[[0,0,0],[1,0,0],[0,1,0],[57,121,123]]
[[0,0,0],[1,0,0],[0,1,0],[42,10,123]]
[[0,0,0],[1,0,0],[0,1,0],[32,101,123]]
[[0,0,0],[1,0,0],[0,1,0],[6,91,123]]
[[0,0,0],[1,0,0],[0,1,0],[4,10,123]]
[[0,0,0],[1,0,0],[0,1,0],[63,85,123]]
[[0,0,0],[1,0,0],[0,1,0],[60,73,123]]
[[0,0,0],[1,0,0],[0,1,0],[48,112,123]]
[[0,0,0],[1,0,0],[0,1,0],[41,42,123]]
[[0,0,0],[1,0,0],[0,1,0],[2,25,123]]
[[0,0,0],[1,0,0],[0,1,0],[6,103,123]]
[[0,0,0],[1,0,0],[0,1,0],[54,94,123]]
[[0,0,0],[1,0,0],[0,1,0],[24,7,123]]
[[0,0,0],[1,0,0],[0,1,0],[6,73,123]]
[[0,0,0],[1,0,0],[0,1,0],[33,106,123]]
[[0,0,0],[1,0,0],[0,1,0],[13,29,123]]
[[0,0,0],[1,0,0],[0,1,0],[3,7,123]]
[[0,0,0],[1,0,0],[0,1,0],[5,47,123]]
[[0,0,0],[1,0,0],[0,1,0],[32,38,123]]
[[0,0,0],[1,0,0],[0,1,0],[5,35,123]]
[[0,0,0],[1,0,0],[0,1,0],[33,1,123]]
[[0,0,0],[1,0,0],[0,1,0],[6,79,123]]
[[0,0,0],[1,0,0],[0,1,0],[83,101,123]]
[[0,0,0],[1,0,0],[0,1,0],[36,46,123]]
[[0,0,0],[1,0,0],[0,1,0],[18,43,123]]
[[0,0,0],[1,0,0],[0,1,0],[47,101,123]]
[[0,0,0],[1,0,0],[0,1,0],[54,115,123]]
[[0,0,0],[1,0,0],[0,1,0],[1,4,123]]
[[0,0,0],[1,0,0],[0,1,0],[30,4,123]]
[[0,0,0],[1,0,0],[0,1,0],[6,77,123]]
[[0,0,0],[1,0,0],[0,1,0],[17,43,123]]
[[0,0,0],[1,0,0],[0,1,0],[2,43,123]]
[[0,0,0],[1,0,0],[0,1,0],[17,86,123]]
[[0,0,0],[1,0,0],[0,1,0],[51,16,123]]
[[0,0,0],[1,0,0],[0,1,0],[21,46,123]]
[[0,0,0],[1,0,0],[0,1,0],[48,118,123]]
[[0,0,0],[1,0,0],[0,1,0],[45,121,123]]
[[0,0,0],[1,0,0],[0,1,0],[11,38,123]]
[[0,0,0],[1,0,0],[0,1,0],[1,7,123]]
[[0,0,0],[1,0,0],[0,1,0],[14,68,123]]
[[0,0,0],[1,0,0],[0,1,0],[21,61,123]]
[[0,0,0],[1,0,0],[0,1,0],[39,34,123]]
[[0,0,0],[1,0,0],[0,1,0],[17,26,123]]
[[0,0,0],[1,0,0],[0,1,0],[36,22,123]]
[[0,0,0],[1,0,0],[0,1,0],[11,122,123]]
[[0,0,0],[1,0,0],[0,1,0],[13,115,123]]
[[0,0,0],[1,0,0],[0,1,0],[14,101,123]]
[[0,0,0],[1,0,0],[0,1,0],[35,119,123]]
[[0,0,0],[1,0,0],[0,1,0],[84,40,123]]
[[0,0,0],[1,0,0],[0,1,0],[54,106,123]]
[[0,0,0],[1,0,0],[0,1,0],[4,20,123]]
[[0,0,0],[1,0,0],[0,1,0],[9,73,123]]
[[0,0,0],[1,0,0],[0,1,0],[14,26,123]]
[[0,0,0],[1,0,0],[0,1,0],[4,40,123]]
[[0,0,0],[1,0,0],[0,1,0],[17,98,123]]
[[0,0,0],[1,0,0],[0,1,0],[8,43,123]]
[[0,0,0],[1,0,0],[0,1,0],[3,34,123]]
[[0,0,0],[1,0,0],[0,1,0],[18,65,123]]
[[0,0,0],[1,0,0],[0,1,0],[7,13,123]]
[[0,0,0],[1,0,0],[0,1,0],[27,25,123]]
[[0,0,0],[1,0,0],[0,1,0],[11,44,123]]
[[0,0,0],[1,0,0],[0,1,0],[17,83,123]]
[[0,0,0],[1,0,0],[0,1,0],[11,116,123]]
[[0,0,0],[1,0,0],[0,1,0],[4,7,123]]
[[0,0,0],[1,0,0],[0,1,0],[5,110,123]]
[[0,0,0],[1,0,0],[0,1,0],[15,115,123]]
[[0,0,0],[1,0,0],[0,1,0],[46,83,123]]
[[0,0,0],[1,0,0],[0,1,0],[1,38,123]]
[[0,0,0],[1,0,0],[0,1,0],[7,76,123]]
[[0,0,0],[1,0,0],[0,1,0],[11,53,123]]
[[0,0,0],[1,0,0],[0,1,0],[1,20,123]]
[[0,0,0],[1,0,0],[0,1,0],[5,40,123]]
[[0,0,0],[1,0,0],[0,1,0],[23,98,123]]
[[0,0,0],[1,0,0],[0,1,0],[42,13,123]]
[[0,0,0],[1,0,0],[0,1,0],[5,71,123]]
[[0,0,0],[1,0,0],[0,1,0],[12,94,123]]
[[0,0,0],[1,0,0],[0,1,0],[13,47,123]]
[[0,0,0],[1,0,0],[0,1,0],[13,26,123]]
[[0,0,0],[1,0,0],[0,1,0],[33,50,123]]
[[0,0,0],[1,0,0],[0,1,0],[69,64,123]]
[[0,0,0],[1,0,0],[0,1,0],[1,13,123]]
[[0,0,0],[1,0,0],[0,1,0],[20,50,123]]
[[0,0,0],[1,0,0],[0,1,0],[51,115,123]]
[[0,0,0],[1,0,0],[0,1,0],[15,85,123]]
[[0,0,0],[1,0,0],[0,1,0],[12,100,123]]
[[0,0,0],[1,0,0],[0,1,0],[11,119,123]]
[[0,0,0],[1,0,0],[0,1,0],[10,38,123]]
[[0,0,0],[1,0,0],[0,1,0],[11,65,123]]
[[0,0,0],[1,0,0],[0,1,0],[4,59,123]]
[[0,0,0],[1,0,0],[0,1,0],[2,23,123]]
[[0,0,0],[1,0,0],[0,1,0],[87,119,123]]
[[0,0,0],[1,0,0],[0,1,0],[30,40,123]]
[[0,0,0],[1,0,0],[0,1,0],[6,22,123]]
[[0,0,0],[1,0,0],[0,1,0],[32,95,123]]
[[0,0,0],[1,0,0],[0,1,0],[54,29,123]]
[[0,0,0],[1,0,0],[0,1,0],[8,68,123]]
[[0,0,0],[1,0,0],[0,1,0],[23,89,123]]
[[0,0,0],[1,0,0],[0,1,0],[4,46,123]]
[[0,0,0],[1,0,0],[0,1,0],[60,4,123]]
[[0,0,0],[1,0,0],[0,1,0],[10,34,123]]
[[0,0,0],[1,0,0],[0,1,0],[9,46,123]]
[[0,0,0],[1,0,0],[0,1,0],[11,50,123]]
[[0,0,0],[1,0,0],[0,1,0],[48,19,123]]
[[0,0,0],[1,0,0],[0,1,0],[2,10,123]]
[[0,0,0],[1,0,0],[0,1,0],[4,53,123]]
[[0,0,0],[1,0,0],[0,1,0],[22,43,123]]
[[0,0,0],[1,0,0],[0,1,0],[27,115,123]]
[[0,0,0],[1,0,0],[0,1,0],[26,35,123]]
[[0,0,0],[1,0,0],[0,1,0],[39,1,123]]
[[0,0,0],[1,0,0],[0,1,0],[33,13,123]]
[[0,0,0],[1,0,0],[0,1,0],[15,61,123]]
[[0,0,0],[1,0,0],[0,1,0],[51,91,123]]
[[0,0,0],[1,0,0],[0,1,0],[26,98,123]]
[[0,0,0],[1,0,0],[0,1,0],[34,49,123]]
[[0,0,0],[1,0,0],[0,1,0],[21,62,123]]
[[0,0,0],[1,0,0],[0,1,0],[18,73,123]]
[[0,0,0],[1,0,0],[0,1,0],[3,109,123]]
[[0,0,0],[1,0,0],[0,1,0],[15,112,123]]
[[0,0,0],[1,0,0],[0,1,0],[104,104,123]]
[[0,0,0],[1,0,0],[0,1,0],[66,106,123]]
[[0,0,0],[1,0,0],[0,1,0],[35,65,123]]
[[0,0,0],[1,0,0],[0,1,0],[36,109,123]]
[[0,0,0],[1,0,0],[0,1,0],[2,4,123]]
[[0,0,0],[1,0,0],[0,1,0],[2,89,123]]
[[0,0,0],[1,0,0],[0,1,0],[15,121,123]]
[[0,0,0],[1,0,0],[0,1,0],[26,46,123]]
[[0,0,0],[1,0,0],[0,1,0],[5,77,123]]
[[0,0,0],[1,0,0],[0,1,0],[4,4,123]]
[[0,0,0],[1,0,0],[0,1,0],[3,37,123]]
[[0,0,0],[1,0,0],[0,1,0],[20,80,123]]
[[0,0,0],[1,0,0],[0,1,0],[9,40,123]]
[[0,0,0],[1,0,0],[0,1,0],[17,71,123]]
[[0,0,0],[1,0,0],[0,1,0],[10,56,123]]
[[0,0,0],[1,0,0],[0,1,0],[122,122,123]]
[[0,0,0],[1,0,0],[0,1,0],[102,40,123]]
[[0,0,0],[1,0,0],[0,1,0],[3,80,123]]
[[0,0,0],[1,0,0],[0,1,0],[9,58,123]]
[[0,0,0],[1,0,0],[0,1,0],[3,25,123]]
[[0,0,0],[1,0,0],[0,1,0],[54,91,123]]
[[0,0,0],[1,0,0],[0,1,0],[7,19,123]]
[[0,0,0],[1,0,0],[0,1,0],[33,37,123]]
[[0,0,0],[1,0,0],[0,1,0],[45,7,123]]
[[0,0,0],[1,0,0],[0,1,0],[14,38,123]]
[[0,0,0],[1,0,0],[0,1,0],[83,83,123]]
[[0,0,0],[1,0,0],[0,1,0],[15,27,123]]
[[0,0,0],[1,0,0],[0,1,0],[27,100,123]]
[[0,0,0],[1,0,0],[0,1,0],[54,111,123]]
[[0,0,0],[1,0,0],[0,1,0],[9,37,123]]
[[0,0,0],[1,0,0],[0,1,0],[20,38,123]]
[[0,0,0],[1,0,0],[0,1,0],[99,40,123]]
[[0,0,0],[1,0,0],[0,1,0],[3,94,123]]
[[0,0,0],[1,0,0],[0,1,0],[5,44,123]]
[[0,0,0],[1,0,0],[0,1,0],[20,34,123]]
[[0,0,0],[1,0,0],[0,1,0],[26,68,123]]
[[0,0,0],[1,0,0],[0,1,0],[30,58,123]]
[[0,0,0],[1,0,0],[0,1,0],[18,46,123]]
[[0,0,0],[1,0,0],[0,1,0],[2,17,123]]
[[0,0,0],[1,0,0],[0,1,0],[54,1,123]]
[[0,0,0],[1,0,0],[0,1,0],[10,47,123]]
[[0,0,0],[1,0,0],[0,1,0],[21,103,123]]
[[0,0,0],[1,0,0],[0,1,0],[5,19,123]]
[[0,0,0],[1,0,0],[0,1,0],[13,28,123]]
[[0,0,0],[1,0,0],[0,1,0],[1,11,123]]
[[0,0,0],[1,0,0],[0,1,0],[34,94,123]]
[[0,0,0],[1,0,0],[0,1,0],[83,92,123]]
[[0,0,0],[1,0,0],[0,1,0],[6,43,123]]
[[0,0,0],[1,0,0],[0,1,0],[83,95,123]]
[[0,0,0],[1,0,0],[0,1,0],[17,116,123]]
[[0,0,0],[1,0,0],[0,1,0],[4,49,123]]
[[0,0,0],[1,0,0],[0,1,0],[20,107,123]]
[[0,0,0],[1,0,0],[0,1,0],[7,40,123]]
[[0,0,0],[1,0,0],[0,1,0],[8,10,123]]
[[0,0,0],[1,0,0],[0,1,0],[9,88,123]]
[[0,0,0],[1,0,0],[0,1,0],[34,91,123]]
[[0,0,0],[1,0,0],[0,1,0],[21,31,123]]
[[0,0,0],[1,0,0],[0,1,0],[8,11,123]]
[[0,0,0],[1,0,0],[0,1,0],[8,26,123]]
[[0,0,0],[1,0,0],[0,1,0],[38,91,123]]
[[0,0,0],[1,0,0],[0,1,0],[23,35,123]]
[[0,0,0],[1,0,0],[0,1,0],[4,43,123]]
[[0,0,0],[1,0,0],[0,1,0],[9,94,123]]
[[0,0,0],[1,0,0],[0,1,0],[2,5,123]]
[[0,0,0],[1,0,0],[0,1,0],[12,79,123]]
[[0,0,0],[1,0,0],[0,1,0],[54,70,123]]
[[0,0,0],[1,0,0],[0,1,0],[27,1,123]]
[[0,0,0],[1,0,0],[0,1,0],[45,106,123]]
[[0,0,0],[1,0,0],[0,1,0],[9,103,123]]
[[0,0,0],[1,0,0],[0,1,0],[11,86,123]]
[[0,0,0],[1,0,0],[0,1,0],[3,55,123]]
[[0,0,0],[1,0,0],[0,1,0],[8,44,123]]
[[0,0,0],[1,0,0],[0,1,0],[21,52,123]]
[[0,0,0],[1,0,0],[0,1,0],[51,76,123]]
[[0,0,0],[1,0,0],[0,1,0],[39,94,123]]
[[0,0,0],[1,0,0],[0,1,0],[24,1,123]]
[[0,0,0],[1,0,0],[0,1,0],[18,31,123]]
[[0,0,0],[1,0,0],[0,1,0],[33,19,123]]
[[0,0,0],[1,0,0],[0,1,0],[1,40,123]]
[[0,0,0],[1,0,0],[0,1,0],[14,89,123]]
[[0,0,0],[1,0,0],[0,1,0],[23,23,123]]
[[0,0,0],[1,0,0],[0,1,0],[25,47,123]]
[[0,0,0],[1,0,0],[0,1,0],[8,40,123]]
[[0,0,0],[1,0,0],[0,1,0],[5,95,123]]
[[0,0,0],[1,0,0],[0,1,0],[9,34,123]]
[[0,0,0],[1,0,0],[0,1,0],[5,7,123]]
[[0,0,0],[1,0,0],[0,1,0],[15,79,123]]
[[0,0,0],[1,0,0],[0,1,0],[20,71,123]]
[[0,0,0],[1,0,0],[0,1,0],[3,67,123]]
[[0,0,0],[1,0,0],[0,1,0],[36,34,123]]
[[0,0,0],[1,0,0],[0,1,0],[48,97,123]]
[[0,0,0],[1,0,0],[0,1,0],[6,97,123]]
[[0,0,0],[1,0,0],[0,1,0],[16,109,123]]
[[0,0,0],[1,0,0],[0,1,0],[24,100,123]]
[[0,0,0],[1,0,0],[0,1,0],[5,68,123]]
[[0,0,0],[1,0,0],[0,1,0],[66,91,123]]
[[0,0,0],[1,0,0],[0,1,0],[57,97,123]]
[[0,0,0],[1,0,0],[0,1,0],[3,91,123]]
[[0,0,0],[1,0,0],[0,1,0],[33,115,123]]
[[0,0,0],[1,0,0],[0,1,0],[105,19,123]]
[[0,0,0],[1,0,0],[0,1,0],[45,112,123]]
[[0,0,0],[1,0,0],[0,1,0],[16,16,123]]
[[0,0,0],[1,0,0],[0,1,0],[21,28,123]]
[[0,0,0],[1,0,0],[0,1,0],[9,22,123]]
[[0,0,0],[1,0,0],[0,1,0],[21,67,123]]
[[0,0,0],[1,0,0],[0,1,0],[26,101,123]]
[[0,0,0],[1,0,0],[0,1,0],[69,76,123]]
[[0,0,0],[1,0,0],[0,1,0],[36,118,123]]
[[0,0,0],[1,0,0],[0,1,0],[39,44,123]]
[[0,0,0],[1,0,0],[0,1,0],[22,38,123]]
[[0,0,0],[1,0,0],[0,1,0],[96,40,123]]
[[0,0,0],[1,0,0],[0,1,0],[2,55,123]]
[[0,0,0],[1,0,0],[0,1,0],[48,35,123]]
[[0,0,0],[1,0,0],[0,1,0],[11,80,123]]
[[0,0,0],[1,0,0],[0,1,0],[11,92,123]]
[[0,0,0],[1,0,0],[0,1,0],[5,43,123]]
[[0,0,0],[1,0,0],[0,1,0],[48,28,123]]
[[0,0,0],[1,0,0],[0,1,0],[78,91,123]]
[[0,0,0],[1,0,0],[0,1,0],[11,118,123]]
[[0,0,0],[1,0,0],[0,1,0],[47,65,123]]
[[0,0,0],[1,0,0],[0,1,0],[17,107,123]]
[[0,0,0],[1,0,0],[0,1,0],[6,61,123]]
[[0,0,0],[1,0,0],[0,1,0],[8,16,123]]
[[0,0,0],[1,0,0],[0,1,0],[45,25,123]]
[[0,0,0],[1,0,0],[0,1,0],[6,109,123]]
[[0,0,0],[1,0,0],[0,1,0],[21,76,123]]
[[0,0,0],[1,0,0],[0,1,0],[7,37,123]]
[[0,0,0],[1,0,0],[0,1,0],[3,100,123]]
[[0,0,0],[1,0,0],[0,1,0],[69,97,123]]
[[0,0,0],[1,0,0],[0,1,0],[46,119,123]]
[[0,0,0],[1,0,0],[0,1,0],[32,110,123]]
[[0,0,0],[1,0,0],[0,1,0],[3,40,123]]
[[0,0,0],[1,0,0],[0,1,0],[9,55,123]]
[[0,0,0],[1,0,0],[0,1,0],[33,118,123]]
[[0,0,0],[1,0,0],[0,1,0],[14,65,123]]
[[0,0,0],[1,0,0],[0,1,0],[21,118,123]]
[[0,0,0],[1,0,0],[0,1,0],[9,97,123]]
[[0,0,0],[1,0,0],[0,1,0],[48,79,123]]
[[0,0,0],[1,0,0],[0,1,0],[36,97,123]]
[[0,0,0],[1,0,0],[0,1,0],[17,17,123]]
[[0,0,0],[1,0,0],[0,1,0],[6,94,123]]
[[0,0,0],[1,0,0],[0,1,0],[10,28,123]]
[[0,0,0],[1,0,0],[0,1,0],[17,47,123]]
[[0,0,0],[1,0,0],[0,1,0],[3,4,123]]
[[0,0,0],[1,0,0],[0,1,0],[5,107,123]]
[[0,0,0],[1,0,0],[0,1,0],[12,55,123]]
[[0,0,0],[1,0,0],[0,1,0],[13,35,123]]
[[0,0,0],[1,0,0],[0,1,0],[21,49,123]]
[[0,0,0],[1,0,0],[0,1,0],[22,103,123]]
[[0,0,0],[1,0,0],[0,1,0],[20,68,123]]
[[0,0,0],[1,0,0],[0,1,0],[27,40,123]]
[[0,0,0],[1,0,0],[0,1,0],[8,116,123]]
[[0,0,0],[1,0,0],[0,1,0],[2,47,123]]
[[0,0,0],[1,0,0],[0,1,0],[3,121,123]]
[[0,0,0],[1,0,0],[0,1,0],[14,55,123]]
[[0,0,0],[1,0,0],[0,1,0],[17,122,123]]
[[0,0,0],[1,0,0],[0,1,0],[27,121,123]]
[[0,0,0],[1,0,0],[0,1,0],[86,122,123]]
[[0,0,0],[1,0,0],[0,1,0],[20,65,123]]
[[0,0,0],[1,0,0],[0,1,0],[18,49,123]]
[[0,0,0],[1,0,0],[0,1,0],[24,25,123]]
[[0,0,0],[1,0,0],[0,1,0],[4,79,123]]
[[0,0,0],[1,0,0],[0,1,0],[12,31,123]]
[[0,0,0],[1,0,0],[0,1,0],[12,28,123]]
[[0,0,0],[1,0,0],[0,1,0],[7,38,123]]
[[0,0,0],[1,0,0],[0,1,0],[6,37,123]]
[[0,0,0],[1,0,0],[0,1,0],[9,1,123]]
[[0,0,0],[1,0,0],[0,1,0],[9,74,123]]
[[0,0,0],[1,0,0],[0,1,0],[30,43,123]]
[[0,0,0],[1,0,0],[0,1,0],[33,43,123]]
[[0,0,0],[1,0,0],[0,1,0],[4,44,123]]
[[0,0,0],[1,0,0],[0,1,0],[32,106,123]]
[[0,0,0],[1,0,0],[0,1,0],[104,122,123]]
[[0,0,0],[1,0,0],[0,1,0],[38,38,123]]
[[0,0,0],[1,0,0],[0,1,0],[14,110,123]]
[[0,0,0],[1,0,0],[0,1,0],[8,65,123]]
[[0,0,0],[1,0,0],[0,1,0],[30,10,123]]
[[0,0,0],[1,0,0],[0,1,0],[33,49,123]]
[[0,0,0],[1,0,0],[0,1,0],[2,19,123]]
[[0,0,0],[1,0,0],[0,1,0],[3,112,123]]
[[0,0,0],[1,0,0],[0,1,0],[47,86,123]]
[[0,0,0],[1,0,0],[0,1,0],[18,109,123]]
[[0,0,0],[1,0,0],[0,1,0],[11,89,123]]
[[0,0,0],[1,0,0],[0,1,0],[63,112,123]]
[[0,0,0],[1,0,0],[0,1,0],[18,16,123]]
[[0,0,0],[1,0,0],[0,1,0],[51,7,123]]
[[0,0,0],[1,0,0],[0,1,0],[15,55,123]]
[[0,0,0],[1,0,0],[0,1,0],[30,37,123]]
[[0,0,0],[1,0,0],[0,1,0],[18,118,123]]
[[0,0,0],[1,0,0],[0,1,0],[20,52,123]]
[[0,0,0],[1,0,0],[0,1,0],[5,121,123]]
[[0,0,0],[1,0,0],[0,1,0],[3,79,123]]
[[0,0,0],[1,0,0],[0,1,0],[12,43,123]]
[[0,0,0],[1,0,0],[0,1,0],[18,13,123]]
[[0,0,0],[1,0,0],[0,1,0],[8,52,123]]
[[0,0,0],[1,0,0],[0,1,0],[15,28,123]]
[[0,0,0],[1,0,0],[0,1,0],[23,110,123]]
[[0,0,0],[1,0,0],[0,1,0],[8,38,123]]
[[0,0,0],[1,0,0],[0,1,0],[3,115,123]]
[[0,0,0],[1,0,0],[0,1,0],[2,80,123]]
[[0,0,0],[1,0,0],[0,1,0],[14,35,123]]
[[0,0,0],[1,0,0],[0,1,0],[39,40,123]]
[[0,0,0],[1,0,0],[0,1,0],[5,89,123]]
[[0,0,0],[1,0,0],[0,1,0],[5,38,123]]
[[0,0,0],[1,0,0],[0,1,0],[21,121,123]]
[[0,0,0],[1,0,0],[0,1,0],[3,16,123]]
[[0,0,0],[1,0,0],[0,1,0],[12,25,123]]
[[0,0,0],[1,0,0],[0,1,0],[2,7,123]]
[[0,0,0],[1,0,0],[0,1,0],[33,7,123]]
[[0,0,0],[1,0,0],[0,1,0],[2,14,123]]
[[0,0,0],[1,0,0],[0,1,0],[27,97,123]]
[[0,0,0],[1,0,0],[0,1,0],[6,49,123]]
[[0,0,0],[1,0,0],[0,1,0],[15,49,123]]
[[0,0,0],[1,0,0],[0,1,0],[6,16,123]]
[[0,0,0],[1,0,0],[0,1,0],[2,65,123]]
[[0,0,0],[1,0,0],[0,1,0],[8,8,123]]
[[0,0,0],[1,0,0],[0,1,0],[14,107,123]]
[[0,0,0],[1,0,0],[0,1,0],[27,106,123]]
[[0,0,0],[1,0,0],[0,1,0],[1,5,123]]
[[0,0,0],[1,0,0],[0,1,0],[9,64,123]]
[[0,0,0],[1,0,0],[0,1,0],[8,37,123]]
[[0,0,0],[1,0,0],[0,1,0],[11,98,123]]
[[0,0,0],[1,0,0],[0,1,0],[59,122,123]]
[[0,0,0],[1,0,0],[0,1,0],[12,13,123]]
[[0,0,0],[1,0,0],[0,1,0],[13,13,123]]
[[0,0,0],[1,0,0],[0,1,0],[24,109,123]]
[[0,0,0],[1,0,0],[0,1,0],[2,26,123]]
[[0,0,0],[1,0,0],[0,1,0],[57,108,123]]
[[0,0,0],[1,0,0],[0,1,0],[17,35,123]]
[[0,0,0],[1,0,0],[0,1,0],[38,122,123]]
[[0,0,0],[1,0,0],[0,1,0],[53,122,123]]
[[0,0,0],[1,0,0],[0,1,0],[39,46,123]]
[[0,0,0],[1,0,0],[0,1,0],[81,85,123]]
[[0,0,0],[1,0,0],[0,1,0],[32,89,123]]
[[0,0,0],[1,0,0],[0,1,0],[4,25,123]]
[[0,0,0],[1,0,0],[0,1,0],[42,16,123]]
[[0,0,0],[1,0,0],[0,1,0],[53,59,123]]
[[0,0,0],[1,0,0],[0,1,0],[7,25,123]]
[[0,0,0],[1,0,0],[0,1,0],[2,113,123]]
[[0,0,0],[1,0,0],[0,1,0],[4,19,123]]
[[0,0,0],[1,0,0],[0,1,0],[6,67,123]]
[[0,0,0],[1,0,0],[0,1,0],[18,88,123]]
[[0,0,0],[1,0,0],[0,1,0],[10,32,123]]
[[0,0,0],[1,0,0],[0,1,0],[59,86,123]]
[[0,0,0],[1,0,0],[0,1,0],[20,122,123]]
[[0,0,0],[1,0,0],[0,1,0],[42,22,123]]
[[0,0,0],[1,0,0],[0,1,0],[26,53,123]]
[[0,0,0],[1,0,0],[0,1,0],[4,26,123]]
[[0,0,0],[1,0,0],[0,1,0],[42,40,123]]
[[0,0,0],[1,0,0],[0,1,0],[16,67,123]]
[[0,0,0],[1,0,0],[0,1,0],[6,85,123]]
[[0,0,0],[1,0,0],[0,1,0],[12,64,123]]
[[0,0,0],[1,0,0],[0,1,0],[30,16,123]]
[[0,0,0],[1,0,0],[0,1,0],[55,83,123]]
[[0,0,0],[1,0,0],[0,1,0],[36,16,123]]
[[0,0,0],[1,0,0],[0,1,0],[38,89,123]]
[[0,0,0],[1,0,0],[0,1,0],[10,20,123]]
[[0,0,0],[1,0,0],[0,1,0],[9,31,123]]
[[0,0,0],[1,0,0],[0,1,0],[23,59,123]]
[[0,0,0],[1,0,0],[0,1,0],[7,10,123]]
[[0,0,0],[1,0,0],[0,1,0],[4,8,123]]
[[0,0,0],[1,0,0],[0,1,0],[6,46,123]]
[[0,0,0],[1,0,0],[0,1,0],[3,10,123]]
[[0,0,0],[1,0,0],[0,1,0],[114,19,123]]
[[0,0,0],[1,0,0],[0,1,0],[22,110,123]]
[[0,0,0],[1,0,0],[0,1,0],[7,7,123]]
[[0,0,0],[1,0,0],[0,1,0],[54,112,123]]
[[0,0,0],[1,0,0],[0,1,0],[57,1,123]]
[[0,0,0],[1,0,0],[0,1,0],[2,71,123]]
[[0,0,0],[1,0,0],[0,1,0],[14,47,123]]
[[0,0,0],[1,0,0],[0,1,0],[17,101,123]]
[[0,0,0],[1,0,0],[0,1,0],[2,16,123]]
[[0,0,0],[1,0,0],[0,1,0],[5,20,123]]
[[0,0,0],[1,0,0],[0,1,0],[4,17,123]]
[[0,0,0],[1,0,0],[0,1,0],[48,94,123]]
[[0,0,0],[1,0,0],[0,1,0],[1,17,123]]
[[0,0,0],[1,0,0],[0,1,0],[12,30,123]]
[[0,0,0],[1,0,0],[0,1,0],[48,1,123]]
[[0,0,0],[1,0,0],[0,1,0],[23,92,123]]
[[0,0,0],[1,0,0],[0,1,0],[8,58,123]]
[[0,0,0],[1,0,0],[0,1,0],[7,53,123]]
[[0,0,0],[1,0,0],[0,1,0],[45,97,123]]
[[0,0,0],[1,0,0],[0,1,0],[63,109,123]]
[[0,0,0],[1,0,0],[0,1,0],[13,46,123]]
[[0,0,0],[1,0,0],[0,1,0],[9,115,123]]
[[0,0,0],[1,0,0],[0,1,0],[60,97,123]]
[[0,0,0],[1,0,0],[0,1,0],[66,99,123]]
[[0,0,0],[1,0,0],[0,1,0],[2,95,123]]
[[0,0,0],[1,0,0],[0,1,0],[52,113,123]]
[[0,0,0],[1,0,0],[0,1,0],[5,26,123]]
[[0,0,0],[1,0,0],[0,1,0],[32,47,123]]
[[0,0,0],[1,0,0],[0,1,0],[27,61,123]]
[[0,0,0],[1,0,0],[0,1,0],[2,110,123]]
[[0,0,0],[1,0,0],[0,1,0],[12,91,123]]
[[0,0,0],[1,0,0],[0,1,0],[39,25,123]]
[[0,0,0],[1,0,0],[0,1,0],[12,112,123]]
[[0,0,0],[1,0,0],[0,1,0],[11,32,123]]
[[0,0,0],[1,0,0],[0,1,0],[7,46,123]]
[[0,0,0],[1,0,0],[0,1,0],[9,67,123]]
[[0,0,0],[1,0,0],[0,1,0],[51,114,123]]
[[0,0,0],[1,0,0],[0,1,0],[5,80,123]]
[[0,0,0],[1,0,0],[0,1,0],[6,88,123]]
[[0,0,0],[1,0,0],[0,1,0],[24,61,123]]
[[0,0,0],[1,0,0],[0,1,0],[32,122,123]]
[[0,0,0],[1,0,0],[0,1,0],[2,83,123]]
[[0,0,0],[1,0,0],[0,1,0],[12,16,123]]
[[0,0,0],[1,0,0],[0,1,0],[9,85,123]]
[[0,0,0],[1,0,0],[0,1,0],[42,4,123]]
[[0,0,0],[1,0,0],[0,1,0],[11,26,123]]
[[0,0,0],[1,0,0],[0,1,0],[15,76,123]]
[[0,0,0],[1,0,0],[0,1,0],[12,71,123]]
[[0,0,0],[1,0,0],[0,1,0],[75,70,123]]
[[0,0,0],[1,0,0],[0,1,0],[2,92,123]]
[[0,0,0],[1,0,0],[0,1,0],[11,115,123]]
[[0,0,0],[1,0,0],[0,1,0],[3,22,123]]
[[0,0,0],[1,0,0],[0,1,0],[2,29,123]]
[[0,0,0],[1,0,0],[0,1,0],[11,23,123]]
[[0,0,0],[1,0,0],[0,1,0],[11,107,123]]
[[0,0,0],[1,0,0],[0,1,0],[9,28,123]]
[[0,0,0],[1,0,0],[0,1,0],[2,59,123]]
[[0,0,0],[1,0,0],[0,1,0],[13,113,123]]
[[0,0,0],[1,0,0],[0,1,0],[17,34,123]]
[[0,0,0],[1,0,0],[0,1,0],[12,40,123]]
[[0,0,0],[1,0,0],[0,1,0],[20,40,123]]
[[0,0,0],[1,0,0],[0,1,0],[5,86,123]]
[[0,0,0],[1,0,0],[0,1,0],[2,34,123]]
[[0,0,0],[1,0,0],[0,1,0],[22,109,123]]
[[0,0,0],[1,0,0],[0,1,0],[23,104,123]]
[[0,0,0],[1,0,0],[0,1,0],[66,109,123]]
[[0,0,0],[1,0,0],[0,1,0],[24,46,123]]
[[0,0,0],[1,0,0],[0,1,0],[6,19,123]]
[[0,0,0],[1,0,0],[0,1,0],[5,58,123]]
[[0,0,0],[1,0,0],[0,1,0],[27,46,123]]
[[0,0,0],[1,0,0],[0,1,0],[72,93,123]]
[[0,0,0],[1,0,0],[0,1,0],[18,67,123]]
[[0,0,0],[1,0,0],[0,1,0],[48,117,123]]
[[0,0,0],[1,0,0],[0,1,0],[27,118,123]]
[[0,0,0],[1,0,0],[0,1,0],[8,89,123]]
[[0,0,0],[1,0,0],[0,1,0],[15,16,123]]
[[0,0,0],[1,0,0],[0,1,0],[15,31,123]]
[[0,0,0],[1,0,0],[0,1,0],[26,113,123]]
[[0,0,0],[1,0,0],[0,1,0],[1,8,123]]
[[0,0,0],[1,0,0],[0,1,0],[24,31,123]]
[[0,0,0],[1,0,0],[0,1,0],[11,43,123]]
[[0,0,0],[1,0,0],[0,1,0],[5,119,123]]
[[0,0,0],[1,0,0],[0,1,0],[17,65,123]]
[[0,0,0],[1,0,0],[0,1,0],[18,52,123]]
[[0,0,0],[1,0,0],[0,1,0],[17,20,123]]
[[0,0,0],[1,0,0],[0,1,0],[32,32,123]]
[[0,0,0],[1,0,0],[0,1,0],[6,118,123]]
[[0,0,0],[1,0,0],[0,1,0],[10,46,123]]
[[0,0,0],[1,0,0],[0,1,0],[6,4,123]]
[[0,0,0],[1,0,0],[0,1,0],[69,103,123]]
[[0,0,0],[1,0,0],[0,1,0],[59,59,123]]
[[0,0,0],[1,0,0],[0,1,0],[5,23,123]]
[[0,0,0],[1,0,0],[0,1,0],[17,23,123]]
[[0,0,0],[1,0,0],[0,1,0],[22,34,123]]
[[0,0,0],[1,0,0],[0,1,0],[20,116,123]]
[[0,0,0],[1,0,0],[0,1,0],[20,47,123]]
[[0,0,0],[1,0,0],[0,1,0],[6,112,123]]
[[0,0,0],[1,0,0],[0,1,0],[99,37,123]]
[[0,0,0],[1,0,0],[0,1,0],[16,53,123]]
[[0,0,0],[1,0,0],[0,1,0],[8,20,123]]
[[0,0,0],[1,0,0],[0,1,0],[26,26,123]]
[[0,0,0],[1,0,0],[0,1,0],[59,113,123]]
[[0,0,0],[1,0,0],[0,1,0],[1,1,123]]
[[0,0,0],[1,0,0],[0,1,0],[15,22,123]]
[[0,0,0],[1,0,0],[0,1,0],[81,84,123]]
[[0,0,0],[1,0,0],[0,1,0],[17,28,123]]
[[0,0,0],[1,0,0],[0,1,0],[5,14,123]]
[[0,0,0],[1,0,0],[0,1,0],[20,25,123]]
[[0,0,0],[1,0,0],[0,1,0],[6,76,123]]
[[0,0,0],[1,0,0],[0,1,0],[18,106,123]]
[[0,0,0],[1,0,0],[0,1,0],[9,70,123]]
[[0,0,0],[1,0,0],[0,1,0],[21,22,123]]
[[0,0,0],[1,0,0],[0,1,0],[15,25,123]]
[[0,0,0],[1,0,0],[0,1,0],[15,58,123]]
[[0,0,0],[1,0,0],[0,1,0],[14,28,123]]
[[0,0,0],[1,0,0],[0,1,0],[8,13,123]]
[[0,0,0],[1,0,0],[0,1,0],[6,7,123]]
[[0,0,0],[1,0,0],[0,1,0],[20,101,123]]
[[0,0,0],[1,0,0],[0,1,0],[4,22,123]]
[[0,0,0],[1,0,0],[0,1,0],[12,118,123]]
[[0,0,0],[1,0,0],[0,1,0],[16,28,123]]
[[0,0,0],[1,0,0],[0,1,0],[7,14,123]]
[[0,0,0],[1,0,0],[0,1,0],[5,37,123]]
[[0,0,0],[1,0,0],[0,1,0],[4,11,123]]
[[0,0,0],[1,0,0],[0,1,0],[11,104,123]]
[[0,0,0],[1,0,0],[0,1,0],[17,104,123]]
[[0,0,0],[1,0,0],[0,1,0],[5,8,123]]
[[0,0,0],[1,0,0],[0,1,0],[4,34,123]]
[[0,0,0],[1,0,0],[0,1,0],[4,47,123]]
[[0,0,0],[1,0,0],[0,1,0],[45,31,123]]
[[0,0,0],[1,0,0],[0,1,0],[7,34,123]]
[[0,0,0],[1,0,0],[0,1,0],[47,92,123]]
[[0,0,0],[1,0,0],[0,1,0],[3,1,123]]
[[0,0,0],[1,0,0],[0,1,0],[4,13,123]]
[[0,0,0],[1,0,0],[0,1,0],[15,1,123]]
[[0,0,0],[1,0,0],[0,1,0],[3,46,123]]
[[0,0,0],[1,0,0],[0,1,0],[93,113,123]]
[[0,0,0],[1,0,0],[0,1,0],[9,121,123]]
[[0,0,0],[1,0,0],[0,1,0],[4,55,123]]
[[0,0,0],[1,0,0],[0,1,0],[24,112,123]]
[[0,0,0],[1,0,0],[0,1,0],[48,76,123]]
[[0,0,0],[1,0,0],[0,1,0],[5,34,123]]
[[0,0,0],[1,0,0],[0,1,0],[7,118,123]]
[[0,0,0],[1,0,0],[0,1,0],[15,109,123]]
[[0,0,0],[1,0,0],[0,1,0],[7,26,123]]
[[0,0,0],[1,0,0],[0,1,0],[2,53,123]]
[[0,0,0],[1,0,0],[0,1,0],[14,83,123]]
[[0,0,0],[1,0,0],[0,1,0],[14,113,123]]
[[0,0,0],[1,0,0],[0,1,0],[16,26,123]]
[[0,0,0],[1,0,0],[0,1,0],[2,13,123]]
[[0,0,0],[1,0,0],[0,1,0],[43,91,123]]
[[0,0,0],[1,0,0],[0,1,0],[26,65,123]]
[[0,0,0],[1,0,0],[0,1,0],[9,7,123]]
[[0,0,0],[1,0,0],[0,1,0],[23,112,123]]
[[0,0,0],[1,0,0],[0,1,0],[8,46,123]]
[[0,0,0],[1,0,0],[0,1,0],[5,53,123]]
[[0,0,0],[1,0,0],[0,1,0],[30,52,123]]
[[0,0,0],[1,0,0],[0,1,0],[6,31,123]]
[[0,0,0],[1,0,0],[0,1,0],[81,70,123]]
[[0,0,0],[1,0,0],[0,1,0],[23,53,123]]
[[0,0,0],[1,0,0],[0,1,0],[12,7,123]]
[[0,0,0],[1,0,0],[0,1,0],[10,16,123]]
[[0,0,0],[1,0,0],[0,1,0],[12,34,123]]
[[0,0,0],[1,0,0],[0,1,0],[5,101,123]]
[[0,0,0],[1,0,0],[0,1,0],[72,103,123]]
[[0,0,0],[1,0,0],[0,1,0],[25,58,123]]
[[0,0,0],[1,0,0],[0,1,0],[12,115,123]]
[[0,0,0],[1,0,0],[0,1,0],[9,10,123]]
[[0,0,0],[1,0,0],[0,1,0],[18,64,123]]
[[0,0,0],[1,0,0],[0,1,0],[11,17,123]]
[[0,0,0],[1,0,0],[0,1,0],[4,16,123]]
[[0,0,0],[1,0,0],[0,1,0],[30,1,123]]
[[0,0,0],[1,0,0],[0,1,0],[2,8,123]]
[[0,0,0],[1,0,0],[0,1,0],[2,46,123]]
[[0,0,0],[1,0,0],[0,1,0],[14,80,123]]
[[0,0,0],[1,0,0],[0,1,0],[21,79,123]]
[[0,0,0],[1,0,0],[0,1,0],[6,28,123]]
[[0,0,0],[1,0,0],[0,1,0],[4,32,123]]
[[0,0,0],[1,0,0],[0,1,0],[13,44,123]]
[[0,0,0],[1,0,0],[0,1,0],[2,101,123]]
[[0,0,0],[1,0,0],[0,1,0],[6,100,123]]
[[0,0,0],[1,0,0],[0,1,0],[25,106,123]]
[[0,0,0],[1,0,0],[0,1,0],[27,7,123]]
[[0,0,0],[1,0,0],[0,1,0],[27,109,123]]
[[0,0,0],[1,0,0],[0,1,0],[6,52,123]]
[[0,0,0],[1,0,0],[0,1,0],[8,86,123]]
[[0,0,0],[1,0,0],[0,1,0],[6,40,123]]
[[0,0,0],[1,0,0],[0,1,0],[15,13,123]]
[[0,0,0],[1,0,0],[0,1,0],[13,17,123]]
[[0,0,0],[1,0,0],[0,1,0],[30,61,123]]
[[0,0,0],[1,0,0],[0,1,0],[24,70,123]]
[[0,0,0],[1,0,0],[0,1,0],[35,104,123]]
[[0,0,0],[1,0,0],[0,1,0],[32,50,123]]
[[0,0,0],[1,0,0],[0,1,0],[53,53,123]]
[[0,0,0],[1,0,0],[0,1,0],[42,94,123]]
[[0,0,0],[1,0,0],[0,1,0],[21,16,123]]
[[0,0,0],[1,0,0],[0,1,0],[14,23,123]]
[[0,0,0],[1,0,0],[0,1,0],[11,55,123]]
[[0,0,0],[1,0,0],[0,1,0],[8,92,123]]
[[0,0,0],[1,0,0],[0,1,0],[18,115,123]]
[[0,0,0],[1,0,0],[0,1,0],[9,16,123]]
[[0,0,0],[1,0,0],[0,1,0],[11,11,123]]
[[0,0,0],[1,0,0],[0,1,0],[27,22,123]]
[[0,0,0],[1,0,0],[0,1,0],[1,10,123]]
[[0,0,0],[1,0,0],[0,1,0],[13,112,123]]
[[0,0,0],[1,0,0],[0,1,0],[17,115,123]]
[[0,0,0],[1,0,0],[0,1,0],[18,58,123]]
[[0,0,0],[1,0,0],[0,1,0],[15,37,123]]
[[0,0,0],[1,0,0],[0,1,0],[26,32,123]]
[[0,0,0],[1,0,0],[0,1,0],[27,52,123]]
[[0,0,0],[1,0,0],[0,1,0],[12,19,123]]
[[0,0,0],[1,0,0],[0,1,0],[3,118,123]]
[[0,0,0],[1,0,0],[0,1,0],[35,35,123]]
[[0,0,0],[1,0,0],[0,1,0],[9,91,123]]
[[0,0,0],[1,0,0],[0,1,0],[39,43,123]]
[[0,0,0],[1,0,0],[0,1,0],[9,52,123]]
[[0,0,0],[1,0,0],[0,1,0],[17,119,123]]
[[0,0,0],[1,0,0],[0,1,0],[8,50,123]]
[[0,0,0],[1,0,0],[0,1,0],[20,22,123]]
[[0,0,0],[1,0,0],[0,1,0],[95,122,123]]
[[0,0,0],[1,0,0],[0,1,0],[73,83,123]]
[[0,0,0],[1,0,0],[0,1,0],[78,87,123]]
[[0,0,0],[1,0,0],[0,1,0],[26,104,123]]
[[0,0,0],[1,0,0],[0,1,0],[21,55,123]]
[[0,0,0],[1,0,0],[0,1,0],[60,1,123]]
[[0,0,0],[1,0,0],[0,1,0],[33,121,123]]
[[0,0,0],[1,0,0],[0,1,0],[54,85,123]]
[[0,0,0],[1,0,0],[0,1,0],[34,101,123]]
[[0,0,0],[1,0,0],[0,1,0],[17,92,123]]
[[0,0,0],[1,0,0],[0,1,0],[23,68,123]]
[[0,0,0],[1,0,0],[0,1,0],[21,109,123]]
[[0,0,0],[1,0,0],[0,1,0],[1,22,123]]
[[0,0,0],[1,0,0],[0,1,0],[18,1,123]]
[[0,0,0],[1,0,0],[0,1,0],[24,55,123]]
[[0,0,0],[1,0,0],[0,1,0],[43,95,123]]
[[0,0,0],[1,0,0],[0,1,0],[82,83,123]]
[[0,0,0],[1,0,0],[0,1,0],[69,96,123]]
[[0,0,0],[1,0,0],[0,1,0],[7,35,123]]
[[0,0,0],[1,0,0],[0,1,0],[5,11,123]]
[[0,0,0],[1,0,0],[0,1,0],[30,7,123]]
[[0,0,0],[1,0,0],[0,1,0],[1,26,123]]
[[0,0,0],[1,0,0],[0,1,0],[3,61,123]]
[[0,0,0],[1,0,0],[0,1,0],[43,83,123]]
[[0,0,0],[1,0,0],[0,1,0],[3,73,123]]
[[0,0,0],[1,0,0],[0,1,0],[23,113,123]]
[[0,0,0],[1,0,0],[0,1,0],[93,40,123]]
[[0,0,0],[1,0,0],[0,1,0],[13,50,123]]
[[0,0,0],[1,0,0],[0,1,0],[48,7,123]]
[[0,0,0],[1,0,0],[0,1,0],[57,79,123]]
[[0,0,0],[1,0,0],[0,1,0],[8,95,123]]
[[0,0,0],[1,0,0],[0,1,0],[51,118,123]]
[[0,0,0],[1,0,0],[0,1,0],[14,14,123]]
[[0,0,0],[1,0,0],[0,1,0],[9,33,123]]
[[0,0,0],[1,0,0],[0,1,0],[13,52,123]]
[[0,0,0],[1,0,0],[0,1,0],[1,53,123]]
[[0,0,0],[1,0,0],[0,1,0],[7,119,123]]
[[0,0,0],[1,0,0],[0,1,0],[42,1,123]]
[[0,0,0],[1,0,0],[0,1,0],[36,100,123]]
[[0,0,0],[1,0,0],[0,1,0],[14,49,123]]
[[0,0,0],[1,0,0],[0,1,0],[17,40,123]]
[[0,0,0],[1,0,0],[0,1,0],[47,47,123]]
[[0,0,0],[1,0,0],[0,1,0],[69,58,123]]
[[0,0,0],[1,0,0],[0,1,0],[2,58,123]]
[[0,0,0],[1,0,0],[0,1,0],[7,16,123]]
[[0,0,0],[1,0,0],[0,1,0],[34,43,123]]
[[0,0,0],[1,0,0],[0,1,0],[24,76,123]]
[[0,0,0],[1,0,0],[0,1,0],[15,43,123]]
[[0,0,0],[1,0,0],[0,1,0],[18,25,123]]
[[0,0,0],[1,0,0],[0,1,0],[57,115,123]]
[[0,0,0],[1,0,0],[0,1,0],[9,25,123]]
[[0,0,0],[1,0,0],[0,1,0],[72,85,123]]
[[0,0,0],[1,0,0],[0,1,0],[33,25,123]]
[[0,0,0],[1,0,0],[0,1,0],[18,22,123]]
[[0,0,0],[1,0,0],[0,1,0],[5,46,123]]
[[0,0,0],[1,0,0],[0,1,0],[0,1,123]]
[[0,0,0],[1,0,0],[0,1,0],[12,46,123]]
[[0,0,0],[1,0,0],[0,1,0],[24,59,123]]
[[0,0,0],[1,0,0],[0,1,0],[45,28,123]]
[[0,0,0],[1,0,0],[0,1,0],[23,26,123]]
[[0,0,0],[1,0,0],[0,1,0],[5,65,123]]
