[[0,0,0],[1,0,0],[0,1,0],[29,33,124]]
[[0,0,0],[1,0,0],[1,2,0],[15,34,62]]
[[0,0,0],[1,0,0],[0,1,0],[32,41,124]]
[[0,0,0],[1,0,0],[0,1,0],[7,33,124]]
[[0,0,0],[1,0,0],[0,2,0],[23,20,62]]
[[0,0,0],[1,0,0],[1,2,0],[13,2,62]]
[[0,0,0],[1,0,0],[0,1,0],[34,109,124]]
[[0,0,0],[1,0,0],[0,1,0],[34,115,124]]
[[0,0,0],[1,0,0],[0,1,0],[28,13,124]]
[[0,0,0],[1,0,0],[0,1,0],[22,115,124]]
[[0,0,0],[1,0,0],[0,1,0],[54,71,124]]
[[0,0,0],[1,0,0],[0,1,0],[38,109,124]]
[[0,0,0],[1,0,0],[1,2,0],[5,36,62]]
[[0,0,0],[1,0,0],[0,1,0],[18,71,124]]
[[0,0,0],[1,0,0],[1,2,0],[11,24,62]]
[[0,0,0],[1,0,0],[0,1,0],[8,65,124]]
[[0,0,0],[1,0,0],[0,1,0],[70,86,124]]
[[0,0,0],[1,0,0],[0,1,0],[14,65,124]]
[[0,0,0],[1,0,0],[0,1,0],[0,1,124]]
[[0,0,0],[1,0,0],[0,2,0],[15,44,62]]
[[0,0,0],[1,0,0],[0,1,0],[38,17,124]]
[[0,0,0],[1,0,0],[0,1,0],[28,121,124]]
[[0,0,0],[1,0,0],[0,1,0],[38,1,124]]
[[0,0,0],[1,0,0],[0,1,0],[23,35,124]]
[[0,0,0],[1,0,0],[1,2,0],[1,8,62]]
[[0,0,0],[1,0,0],[0,1,0],[22,91,124]]
[[0,0,0],[1,0,0],[1,2,0],[3,24,62]]
[[0,0,0],[1,0,0],[0,1,0],[92,61,124]]
[[0,0,0],[1,0,0],[0,1,0],[60,1,124]]
[[0,0,0],[1,0,0],[0,1,0],[5,55,124]]
[[0,0,0],[1,0,0],[0,1,0],[58,47,124]]
[[0,0,0],[1,0,0],[0,2,0],[8,48,62]]
[[0,0,0],[1,0,0],[0,1,0],[56,13,124]]
[[0,0,0],[1,0,0],[0,1,0],[14,45,124]]
[[0,0,0],[1,0,0],[0,1,0],[24,70,124]]
[[0,0,0],[1,0,0],[1,2,0],[9,36,62]]
[[0,0,0],[1,0,0],[0,2,0],[3,14,62]]
[[0,0,0],[1,0,0],[0,1,0],[82,103,124]]
[[0,0,0],[1,0,0],[0,1,0],[66,15,124]]
[[0,0,0],[1,0,0],[0,1,0],[34,111,124]]
[[0,0,0],[1,0,0],[1,2,0],[25,6,62]]
[[0,0,0],[1,0,0],[0,1,0],[26,53,124]]
[[0,0,0],[1,0,0],[0,1,0],[11,37,124]]
[[0,0,0],[1,0,0],[0,2,0],[7,18,62]]
[[0,0,0],[1,0,0],[0,1,0],[14,7,124]]
[[0,0,0],[1,0,0],[0,1,0],[112,106,124]]
[[0,0,0],[1,0,0],[0,1,0],[2,43,124]]
[[0,0,0],[1,0,0],[0,1,0],[6,75,124]]
[[0,0,0],[1,0,0],[0,1,0],[46,111,124]]
[[0,0,0],[1,0,0],[0,1,0],[44,21,124]]
[[0,0,0],[1,0,0],[0,1,0],[8,13,124]]
[[0,0,0],[1,0,0],[0,1,0],[30,45,124]]
[[0,0,0],[1,0,0],[0,1,0],[4,101,124]]
[[0,0,0],[1,0,0],[0,1,0],[70,61,124]]
[[0,0,0],[1,0,0],[0,1,0],[6,21,124]]
[[0,0,0],[1,0,0],[0,1,0],[12,21,124]]
[[0,0,0],[1,0,0],[1,2,0],[11,8,62]]
[[0,0,0],[1,0,0],[1,2,0],[19,50,62]]
[[0,0,0],[1,0,0],[0,1,0],[114,19,124]]
[[0,0,0],[1,0,0],[0,1,0],[46,89,124]]
[[0,0,0],[1,0,0],[0,1,0],[24,33,124]]
[[0,0,0],[1,0,0],[0,2,0],[19,28,62]]
[[0,0,0],[1,0,0],[0,1,0],[29,29,124]]
[[0,0,0],[1,0,0],[0,1,0],[40,54,124]]
[[0,0,0],[1,0,0],[0,1,0],[26,103,124]]
[[0,0,0],[1,0,0],[0,1,0],[78,107,124]]
[[0,0,0],[1,0,0],[0,1,0],[18,61,124]]
[[0,0,0],[1,0,0],[0,1,0],[38,47,124]]
[[0,0,0],[1,0,0],[0,2,0],[5,58,62]]
[[0,0,0],[1,0,0],[0,1,0],[48,46,124]]
[[0,0,0],[1,0,0],[0,1,0],[20,29,124]]
[[0,0,0],[1,0,0],[0,1,0],[74,19,124]]
[[0,0,0],[1,0,0],[0,1,0],[18,5,124]]
[[0,0,0],[1,0,0],[0,1,0],[30,65,124]]
[[0,0,0],[1,0,0],[0,1,0],[18,109,124]]
[[0,0,0],[1,0,0],[0,1,0],[50,17,124]]
[[0,0,0],[1,0,0],[0,2,0],[6,52,62]]
[[0,0,0],[1,0,0],[0,2,0],[11,20,62]]
[[0,0,0],[1,0,0],[0,1,0],[78,43,124]]
[[0,0,0],[1,0,0],[0,1,0],[42,97,124]]
[[0,0,0],[1,0,0],[0,1,0],[2,5,124]]
[[0,0,0],[1,0,0],[0,1,0],[52,73,124]]
[[0,0,0],[1,0,0],[0,1,0],[52,104,124]]
[[0,0,0],[1,0,0],[0,1,0],[12,97,124]]
[[0,0,0],[1,0,0],[1,2,0],[9,20,62]]
[[0,0,0],[1,0,0],[0,1,0],[24,105,124]]
[[0,0,0],[2,0,0],[0,1,0],[0,32,62]]
[[0,0,0],[1,0,0],[0,1,0],[16,1,124]]
[[0,0,0],[1,0,0],[0,1,0],[12,41,124]]
[[0,0,0],[1,0,0],[0,1,0],[38,63,124]]
[[0,0,0],[1,0,0],[0,1,0],[78,39,124]]
[[0,0,0],[1,0,0],[1,2,0],[9,40,62]]
[[0,0,0],[1,0,0],[0,1,0],[68,109,124]]
[[0,0,0],[1,0,0],[0,2,0],[14,36,62]]
[[0,0,0],[1,0,0],[0,1,0],[1,7,124]]
[[0,0,0],[1,0,0],[0,1,0],[30,39,124]]
[[0,0,0],[1,0,0],[0,1,0],[2,97,124]]
[[0,0,0],[1,0,0],[1,2,0],[3,20,62]]
[[0,0,0],[1,0,0],[0,1,0],[15,33,124]]
[[0,0,0],[1,0,0],[0,1,0],[2,107,124]]
[[0,0,0],[1,0,0],[0,1,0],[46,115,124]]
[[0,0,0],[1,0,0],[1,2,0],[13,8,62]]
[[0,0,0],[1,0,0],[0,1,0],[18,103,124]]
[[0,0,0],[1,0,0],[1,2,0],[13,42,62]]
[[0,0,0],[1,0,0],[0,1,0],[26,51,124]]
[[0,0,0],[1,0,0],[0,1,0],[86,101,124]]
[[0,0,0],[1,0,0],[0,1,0],[32,13,124]]
[[0,0,0],[1,0,0],[0,1,0],[13,39,124]]
[[0,0,0],[1,0,0],[0,1,0],[8,121,124]]
[[0,0,0],[1,0,0],[0,1,0],[21,109,124]]
[[0,0,0],[1,0,0],[0,1,0],[32,37,124]]
[[0,0,0],[1,0,0],[0,1,0],[6,29,124]]
[[0,0,0],[1,0,0],[0,1,0],[34,123,124]]
[[0,0,0],[1,0,0],[0,1,0],[30,71,124]]
[[0,0,0],[1,0,0],[0,2,0],[13,40,62]]
[[0,0,0],[1,0,0],[0,1,0],[38,95,124]]
[[0,0,0],[1,0,0],[0,1,0],[66,123,124]]
[[0,0,0],[1,0,0],[0,1,0],[26,43,124]]
[[0,0,0],[1,0,0],[0,1,0],[46,59,124]]
[[0,0,0],[1,0,0],[0,1,0],[8,73,124]]
[[0,0,0],[1,0,0],[0,2,0],[3,24,62]]
[[0,0,0],[1,0,0],[0,1,0],[2,101,124]]
[[0,0,0],[1,0,0],[0,1,0],[64,123,124]]
[[0,0,0],[1,0,0],[0,2,0],[3,26,62]]
[[0,0,0],[1,0,0],[0,1,0],[14,85,124]]
[[0,0,0],[1,0,0],[0,1,0],[14,111,124]]
[[0,0,0],[1,0,0],[0,1,0],[10,11,124]]
[[0,0,0],[1,0,0],[0,1,0],[15,45,124]]
[[0,0,0],[1,0,0],[0,2,0],[3,8,62]]
[[0,0,0],[1,0,0],[0,1,0],[100,118,124]]
[[0,0,0],[1,0,0],[0,1,0],[37,57,124]]
[[0,0,0],[1,0,0],[0,2,0],[35,14,62]]
[[0,0,0],[1,0,0],[0,1,0],[46,121,124]]
[[0,0,0],[1,0,0],[0,1,0],[10,33,124]]
[[0,0,0],[1,0,0],[0,1,0],[7,51,124]]
[[0,0,0],[1,0,0],[0,1,0],[58,105,124]]
[[0,0,0],[1,0,0],[0,1,0],[4,45,124]]
[[0,0,0],[1,0,0],[0,1,0],[30,91,124]]
[[0,0,0],[1,0,0],[0,1,0],[12,53,124]]
[[0,0,0],[1,0,0],[0,1,0],[26,117,124]]
[[0,0,0],[1,0,0],[0,1,0],[90,61,124]]
[[0,0,0],[1,0,0],[0,2,0],[23,8,62]]
[[0,0,0],[1,0,0],[0,1,0],[2,30,124]]
[[0,0,0],[1,0,0],[0,1,0],[11,11,124]]
[[0,0,0],[1,0,0],[0,1,0],[5,121,124]]
[[0,0,0],[1,0,0],[0,1,0],[102,79,124]]
[[0,0,0],[1,0,0],[0,1,0],[28,1,124]]
[[0,0,0],[1,0,0],[0,1,0],[2,47,124]]
[[0,0,0],[1,0,0],[0,1,0],[40,37,124]]
[[0,0,0],[1,0,0],[0,1,0],[22,119,124]]
[[0,0,0],[1,0,0],[0,1,0],[70,99,124]]
[[0,0,0],[1,0,0],[0,1,0],[94,47,124]]
[[0,0,0],[1,0,0],[0,1,0],[10,87,124]]
[[0,0,0],[1,0,0],[0,1,0],[40,121,124]]
[[0,0,0],[1,0,0],[0,1,0],[12,61,124]]
[[0,0,0],[1,0,0],[0,2,0],[5,10,62]]
[[0,0,0],[1,0,0],[0,1,0],[12,20,124]]
[[0,0,0],[1,0,0],[0,1,0],[114,119,124]]
[[0,0,0],[1,0,0],[0,1,0],[3,19,124]]
[[0,0,0],[1,0,0],[0,1,0],[28,5,124]]
[[0,0,0],[1,0,0],[0,2,0],[23,2,62]]
[[0,0,0],[1,0,0],[0,1,0],[22,83,124]]
[[0,0,0],[1,0,0],[0,1,0],[3,7,124]]
[[0,0,0],[1,0,0],[0,1,0],[7,43,124]]
[[0,0,0],[1,0,0],[0,1,0],[46,81,124]]
[[0,0,0],[1,0,0],[1,2,0],[39,28,62]]
[[0,0,0],[1,0,0],[0,1,0],[10,61,124]]
[[0,0,0],[1,0,0],[0,1,0],[31,1,124]]
[[0,0,0],[1,0,0],[0,2,0],[19,2,62]]
[[0,0,0],[1,0,0],[0,1,0],[6,61,124]]
[[0,0,0],[1,0,0],[0,1,0],[3,43,124]]
[[0,0,0],[1,0,0],[0,1,0],[54,102,124]]
[[0,0,0],[1,0,0],[1,2,0],[9,8,62]]
[[0,0,0],[1,0,0],[0,1,0],[86,83,124]]
[[0,0,0],[1,0,0],[0,1,0],[18,117,124]]
[[0,0,0],[1,0,0],[0,1,0],[21,29,124]]
[[0,0,0],[1,0,0],[0,1,0],[20,61,124]]
[[0,0,0],[1,0,0],[0,1,0],[16,57,124]]
[[0,0,0],[1,0,0],[0,1,0],[18,83,124]]
[[0,0,0],[1,0,0],[1,2,0],[15,46,62]]
[[0,0,0],[1,0,0],[0,1,0],[54,63,124]]
[[0,0,0],[1,0,0],[0,1,0],[34,113,124]]
[[0,0,0],[1,0,0],[0,1,0],[3,45,124]]
[[0,0,0],[1,0,0],[0,1,0],[12,13,124]]
[[0,0,0],[1,0,0],[0,1,0],[11,19,124]]
[[0,0,0],[1,0,0],[0,1,0],[22,121,124]]
[[0,0,0],[1,0,0],[0,1,0],[3,61,124]]
[[0,0,0],[1,0,0],[0,1,0],[64,61,124]]
[[0,0,0],[1,0,0],[1,2,0],[7,4,62]]
[[0,0,0],[1,0,0],[0,1,0],[1,61,124]]
[[0,0,0],[1,0,0],[0,1,0],[46,79,124]]
[[0,0,0],[1,0,0],[0,1,0],[2,91,124]]
[[0,0,0],[1,0,0],[0,1,0],[40,101,124]]
[[0,0,0],[1,0,0],[0,1,0],[12,9,124]]
[[0,0,0],[1,0,0],[0,1,0],[53,103,124]]
[[0,0,0],[1,0,0],[0,1,0],[14,71,124]]
[[0,0,0],[1,0,0],[0,1,0],[31,63,124]]
[[0,0,0],[1,0,0],[1,2,0],[21,12,62]]
[[0,0,0],[1,0,0],[1,2,0],[37,34,62]]
[[0,0,0],[1,0,0],[0,1,0],[2,45,124]]
[[0,0,0],[1,0,0],[1,2,0],[1,10,62]]
[[0,0,0],[1,0,0],[0,1,0],[15,21,124]]
[[0,0,0],[1,0,0],[0,1,0],[52,77,124]]
[[0,0,0],[1,0,0],[0,1,0],[42,123,124]]
[[0,0,0],[1,0,0],[1,2,0],[7,32,62]]
[[0,0,0],[1,0,0],[1,2,0],[7,38,62]]
[[0,0,0],[1,0,0],[0,1,0],[99,119,124]]
[[0,0,0],[1,0,0],[0,1,0],[20,121,124]]
[[0,0,0],[1,0,0],[0,1,0],[50,79,124]]
[[0,0,0],[1,0,0],[0,1,0],[10,23,124]]
[[0,0,0],[1,0,0],[0,1,0],[4,105,124]]
[[0,0,0],[1,0,0],[1,2,0],[33,28,62]]
[[0,0,0],[1,0,0],[0,1,0],[22,27,124]]
[[0,0,0],[1,0,0],[0,1,0],[54,1,124]]
[[0,0,0],[1,0,0],[0,1,0],[11,15,124]]
[[0,0,0],[1,0,0],[0,1,0],[82,15,124]]
[[0,0,0],[1,0,0],[1,2,0],[13,34,62]]
[[0,0,0],[1,0,0],[0,1,0],[38,59,124]]
[[0,0,0],[1,0,0],[0,1,0],[3,59,124]]
[[0,0,0],[1,0,0],[0,1,0],[1,21,124]]
[[0,0,0],[1,0,0],[0,2,0],[19,32,62]]
[[0,0,0],[1,0,0],[0,1,0],[2,35,124]]
[[0,0,0],[1,0,0],[0,1,0],[5,19,124]]
[[0,0,0],[1,0,0],[0,2,0],[23,24,62]]
[[0,0,0],[1,0,0],[1,2,0],[21,18,62]]
[[0,0,0],[1,0,0],[0,1,0],[50,13,124]]
[[0,0,0],[1,0,0],[0,1,0],[5,43,124]]
[[0,0,0],[1,0,0],[0,1,0],[96,122,124]]
[[0,0,0],[1,0,0],[0,1,0],[18,79,124]]
[[0,0,0],[1,0,0],[1,2,0],[7,16,62]]
[[0,0,0],[1,0,0],[0,1,0],[2,1,124]]
[[0,0,0],[1,0,0],[0,1,0],[22,99,124]]
[[0,0,0],[1,0,0],[0,1,0],[68,88,124]]
[[0,0,0],[1,0,0],[0,1,0],[82,95,124]]
[[0,0,0],[1,0,0],[0,1,0],[16,45,124]]
[[0,0,0],[1,0,0],[0,1,0],[42,115,124]]
[[0,0,0],[1,0,0],[0,1,0],[7,21,124]]
[[0,0,0],[1,0,0],[0,1,0],[50,5,124]]
[[0,0,0],[1,0,0],[0,2,0],[36,54,62]]
[[0,0,0],[1,0,0],[1,2,0],[13,36,62]]
[[0,0,0],[1,0,0],[0,1,0],[8,24,124]]
[[0,0,0],[1,0,0],[1,2,0],[35,34,62]]
[[0,0,0],[1,0,0],[0,1,0],[47,47,124]]
[[0,0,0],[1,0,0],[0,1,0],[10,35,124]]
[[0,0,0],[1,0,0],[0,1,0],[50,63,124]]
[[0,0,0],[1,0,0],[1,2,0],[27,8,62]]
[[0,0,0],[1,0,0],[0,1,0],[38,119,124]]
[[0,0,0],[1,0,0],[0,1,0],[98,89,124]]
[[0,0,0],[1,0,0],[0,1,0],[98,47,124]]
[[0,0,0],[1,0,0],[0,1,0],[2,21,124]]
[[0,0,0],[1,0,0],[0,1,0],[68,97,124]]
[[0,0,0],[1,0,0],[0,1,0],[6,105,124]]
[[0,0,0],[1,0,0],[0,1,0],[120,98,124]]
[[0,0,0],[1,0,0],[0,1,0],[30,87,124]]
[[0,0,0],[1,0,0],[0,1,0],[6,69,124]]
[[0,0,0],[1,0,0],[0,2,0],[16,32,62]]
[[0,0,0],[1,0,0],[0,1,0],[42,111,124]]
[[0,0,0],[1,0,0],[0,1,0],[6,103,124]]
[[0,0,0],[1,0,0],[0,2,0],[33,24,62]]
[[0,0,0],[1,0,0],[0,1,0],[15,15,124]]
[[0,0,0],[1,0,0],[0,1,0],[54,107,124]]
[[0,0,0],[1,0,0],[0,1,0],[4,25,124]]
[[0,0,0],[1,0,0],[0,1,0],[42,29,124]]
[[0,0,0],[1,0,0],[0,1,0],[16,81,124]]
[[0,0,0],[1,0,0],[0,1,0],[74,95,124]]
[[0,0,0],[1,0,0],[0,1,0],[36,1,124]]
[[0,0,0],[1,0,0],[0,1,0],[88,57,124]]
[[0,0,0],[1,0,0],[0,1,0],[8,45,124]]
[[0,0,0],[1,0,0],[0,2,0],[3,10,62]]
[[0,0,0],[1,0,0],[0,1,0],[68,61,124]]
[[0,0,0],[1,0,0],[0,1,0],[64,113,124]]
[[0,0,0],[1,0,0],[0,1,0],[5,45,124]]
[[0,0,0],[1,0,0],[0,1,0],[4,61,124]]
[[0,0,0],[1,0,0],[1,2,0],[3,22,62]]
[[0,0,0],[1,0,0],[0,1,0],[36,58,124]]
[[0,0,0],[1,0,0],[0,1,0],[44,89,124]]
[[0,0,0],[1,0,0],[0,1,0],[2,53,124]]
[[0,0,0],[1,0,0],[0,1,0],[4,9,124]]
[[0,0,0],[1,0,0],[0,1,0],[2,73,124]]
[[0,0,0],[1,0,0],[0,1,0],[18,113,124]]
[[0,0,0],[1,0,0],[0,1,0],[23,39,124]]
[[0,0,0],[1,0,0],[0,1,0],[42,9,124]]
[[0,0,0],[1,0,0],[0,1,0],[30,97,124]]
[[0,0,0],[1,0,0],[0,2,0],[1,6,62]]
[[0,0,0],[1,0,0],[0,1,0],[50,75,124]]
[[0,0,0],[1,0,0],[0,1,0],[18,47,124]]
[[0,0,0],[1,0,0],[0,1,0],[38,45,124]]
[[0,0,0],[1,0,0],[0,2,0],[35,26,62]]
[[0,0,0],[1,0,0],[1,2,0],[19,12,62]]
[[0,0,0],[1,0,0],[0,1,0],[66,27,124]]
[[0,0,0],[1,0,0],[0,1,0],[12,5,124]]
[[0,0,0],[1,0,0],[0,1,0],[9,41,124]]
[[0,0,0],[1,0,0],[1,2,0],[17,6,62]]
[[0,0,0],[1,0,0],[0,1,0],[64,117,124]]
[[0,0,0],[1,0,0],[1,2,0],[25,52,62]]
[[0,0,0],[1,0,0],[0,1,0],[5,41,124]]
[[0,0,0],[1,0,0],[0,1,0],[82,87,124]]
[[0,0,0],[1,0,0],[0,1,0],[46,91,124]]
[[0,0,0],[1,0,0],[0,2,0],[7,52,62]]
[[0,0,0],[1,0,0],[0,1,0],[86,61,124]]
[[0,0,0],[1,0,0],[0,1,0],[42,19,124]]
[[0,0,0],[1,0,0],[0,1,0],[14,37,124]]
[[0,0,0],[1,0,0],[0,1,0],[14,57,124]]
[[0,0,0],[1,0,0],[0,1,0],[18,51,124]]
[[0,0,0],[1,0,0],[1,2,0],[17,40,62]]
[[0,0,0],[1,0,0],[0,1,0],[5,49,124]]
[[0,0,0],[1,0,0],[0,1,0],[6,39,124]]
[[0,0,0],[1,0,0],[1,2,0],[19,4,62]]
[[0,0,0],[1,0,0],[0,1,0],[6,9,124]]
[[0,0,0],[1,0,0],[0,1,0],[56,77,124]]
[[0,0,0],[1,0,0],[0,1,0],[110,39,124]]
[[0,0,0],[1,0,0],[0,1,0],[54,47,124]]
[[0,0,0],[1,0,0],[0,1,0],[52,121,124]]
[[0,0,0],[1,0,0],[0,1,0],[18,55,124]]
[[0,0,0],[1,0,0],[0,1,0],[58,7,124]]
[[0,0,0],[1,0,0],[1,2,0],[3,16,62]]
[[0,0,0],[1,0,0],[0,1,0],[10,77,124]]
[[0,0,0],[1,0,0],[1,2,0],[9,28,62]]
[[0,0,0],[1,0,0],[0,1,0],[7,7,124]]
[[0,0,0],[1,0,0],[0,1,0],[2,119,124]]
[[0,0,0],[1,0,0],[0,1,0],[23,49,124]]
[[0,0,0],[1,0,0],[0,1,0],[9,85,124]]
[[0,0,0],[1,0,0],[1,2,0],[5,28,62]]
[[0,0,0],[1,0,0],[0,1,0],[1,35,124]]
[[0,0,0],[1,0,0],[0,1,0],[10,17,124]]
[[0,0,0],[1,0,0],[0,1,0],[22,117,124]]
[[0,0,0],[1,0,0],[0,1,0],[4,59,124]]
[[0,0,0],[1,0,0],[0,1,0],[28,61,124]]
[[0,0,0],[1,0,0],[0,1,0],[20,74,124]]
[[0,0,0],[1,0,0],[0,1,0],[36,113,124]]
[[0,0,0],[1,0,0],[0,2,0],[5,8,62]]
[[0,0,0],[1,0,0],[0,1,0],[42,3,124]]
[[0,0,0],[1,0,0],[0,1,0],[14,47,124]]
[[0,0,0],[1,0,0],[0,1,0],[63,67,124]]
[[0,0,0],[1,0,0],[0,2,0],[33,6,62]]
[[0,0,0],[1,0,0],[0,1,0],[8,86,124]]
[[0,0,0],[1,0,0],[0,1,0],[7,9,124]]
[[0,0,0],[1,0,0],[0,2,0],[4,56,62]]
[[0,0,0],[1,0,0],[0,1,0],[23,113,124]]
[[0,0,0],[1,0,0],[0,1,0],[34,35,124]]
[[0,0,0],[1,0,0],[0,1,0],[66,3,124]]
[[0,0,0],[1,0,0],[0,1,0],[30,79,124]]
[[0,0,0],[1,0,0],[0,1,0],[10,63,124]]
[[0,0,0],[1,0,0],[0,1,0],[5,53,124]]
[[0,0,0],[1,0,0],[0,1,0],[56,1,124]]
[[0,0,0],[1,0,0],[0,1,0],[6,101,124]]
[[0,0,0],[1,0,0],[0,1,0],[30,53,124]]
[[0,0,0],[1,0,0],[0,2,0],[33,18,62]]
[[0,0,0],[1,0,0],[0,1,0],[52,42,124]]
[[0,0,0],[1,0,0],[0,1,0],[50,67,124]]
[[0,0,0],[1,0,0],[0,1,0],[2,117,124]]
[[0,0,0],[1,0,0],[0,1,0],[34,121,124]]
[[0,0,0],[1,0,0],[0,1,0],[46,19,124]]
[[0,0,0],[1,0,0],[0,1,0],[42,107,124]]
[[0,0,0],[1,0,0],[0,1,0],[66,67,124]]
[[0,0,0],[1,0,0],[0,1,0],[30,35,124]]
[[0,0,0],[1,0,0],[0,2,0],[11,52,62]]
[[0,0,0],[1,0,0],[0,2,0],[19,44,62]]
[[0,0,0],[1,0,0],[1,2,0],[27,58,62]]
[[0,0,0],[1,0,0],[0,1,0],[6,89,124]]
[[0,0,0],[1,0,0],[0,1,0],[22,69,124]]
[[0,0,0],[1,0,0],[0,1,0],[118,59,124]]
[[0,0,0],[1,0,0],[1,2,0],[7,34,62]]
[[0,0,0],[1,0,0],[0,1,0],[9,13,124]]
[[0,0,0],[1,0,0],[0,1,0],[30,7,124]]
[[0,0,0],[1,0,0],[0,1,0],[19,43,124]]
[[0,0,0],[1,0,0],[0,1,0],[6,107,124]]
[[0,0,0],[1,0,0],[0,1,0],[90,15,124]]
[[0,0,0],[1,0,0],[0,1,0],[38,118,124]]
[[0,0,0],[1,0,0],[0,1,0],[34,39,124]]
[[0,0,0],[1,0,0],[0,1,0],[10,85,124]]
[[0,0,0],[1,0,0],[0,2,0],[7,56,62]]
[[0,0,0],[1,0,0],[0,1,0],[16,78,124]]
[[0,0,0],[1,0,0],[0,1,0],[10,25,124]]
[[0,0,0],[1,0,0],[0,1,0],[26,45,124]]
[[0,0,0],[1,0,0],[0,1,0],[68,57,124]]
[[0,0,0],[1,0,0],[0,2,0],[3,60,62]]
[[0,0,0],[1,0,0],[0,1,0],[19,51,124]]
[[0,0,0],[1,0,0],[1,2,0],[7,24,62]]
[[0,0,0],[1,0,0],[0,1,0],[18,99,124]]
[[0,0,0],[1,0,0],[0,1,0],[6,43,124]]
[[0,0,0],[1,0,0],[0,1,0],[93,94,124]]
[[0,0,0],[1,0,0],[0,2,0],[33,10,62]]
[[0,0,0],[1,0,0],[0,1,0],[13,117,124]]
[[0,0,0],[1,0,0],[0,1,0],[2,95,124]]
[[0,0,0],[1,0,0],[0,2,0],[11,42,62]]
[[0,0,0],[1,0,0],[0,1,0],[30,123,124]]
[[0,0,0],[1,0,0],[0,1,0],[5,21,124]]
[[0,0,0],[1,0,0],[0,1,0],[76,81,124]]
[[0,0,0],[1,0,0],[0,1,0],[9,53,124]]
[[0,0,0],[1,0,0],[0,1,0],[74,81,124]]
[[0,0,0],[1,0,0],[0,1,0],[16,85,124]]
[[0,0,0],[1,0,0],[0,1,0],[78,55,124]]
[[0,0,0],[1,0,0],[0,1,0],[24,117,124]]
[[0,0,0],[1,0,0],[0,1,0],[72,84,124]]
[[0,0,0],[1,0,0],[0,1,0],[50,39,124]]
[[0,0,0],[1,0,0],[1,2,0],[27,24,62]]
[[0,0,0],[1,0,0],[0,1,0],[102,87,124]]
[[0,0,0],[1,0,0],[0,1,0],[18,41,124]]
[[0,0,0],[1,0,0],[0,1,0],[9,17,124]]
[[0,0,0],[1,0,0],[0,1,0],[4,5,124]]
[[0,0,0],[1,0,0],[0,1,0],[50,43,124]]
[[0,0,0],[1,0,0],[0,1,0],[64,81,124]]
[[0,0,0],[1,0,0],[0,1,0],[6,73,124]]
[[0,0,0],[1,0,0],[1,2,0],[17,48,62]]
[[0,0,0],[1,0,0],[0,1,0],[22,41,124]]
[[0,0,0],[1,0,0],[0,1,0],[38,87,124]]
[[0,0,0],[1,0,0],[0,1,0],[8,33,124]]
[[0,0,0],[1,0,0],[0,2,0],[13,14,62]]
[[0,0,0],[1,0,0],[0,1,0],[64,30,124]]
[[0,0,0],[1,0,0],[0,1,0],[24,61,124]]
[[0,0,0],[1,0,0],[0,1,0],[1,9,124]]
[[0,0,0],[1,0,0],[0,2,0],[23,36,62]]
[[0,0,0],[1,0,0],[0,1,0],[2,121,124]]
[[0,0,0],[1,0,0],[0,1,0],[40,97,124]]
[[0,0,0],[1,0,0],[0,1,0],[10,37,124]]
[[0,0,0],[1,0,0],[0,1,0],[8,69,124]]
[[0,0,0],[1,0,0],[0,1,0],[86,43,124]]
[[0,0,0],[1,0,0],[0,1,0],[82,59,124]]
[[0,0,0],[1,0,0],[0,2,0],[7,14,62]]
[[0,0,0],[1,0,0],[0,1,0],[34,43,124]]
[[0,0,0],[1,0,0],[0,1,0],[66,89,124]]
[[0,0,0],[1,0,0],[0,1,0],[22,5,124]]
[[0,0,0],[1,0,0],[0,1,0],[26,115,124]]
[[0,0,0],[1,0,0],[0,1,0],[8,81,124]]
[[0,0,0],[1,0,0],[0,1,0],[44,50,124]]
[[0,0,0],[1,0,0],[0,1,0],[70,35,124]]
[[0,0,0],[1,0,0],[0,1,0],[34,19,124]]
[[0,0,0],[1,0,0],[0,2,0],[11,4,62]]
[[0,0,0],[1,0,0],[0,2,0],[11,44,62]]
[[0,0,0],[1,0,0],[0,1,0],[58,1,124]]
[[0,0,0],[1,0,0],[0,1,0],[4,33,124]]
[[0,0,0],[1,0,0],[0,1,0],[52,97,124]]
[[0,0,0],[1,0,0],[0,1,0],[2,7,124]]
[[0,0,0],[1,0,0],[0,1,0],[30,115,124]]
[[0,0,0],[1,0,0],[0,1,0],[42,85,124]]
[[0,0,0],[1,0,0],[0,1,0],[36,9,124]]
[[0,0,0],[1,0,0],[0,1,0],[14,69,124]]
[[0,0,0],[1,0,0],[0,1,0],[70,67,124]]
[[0,0,0],[1,0,0],[1,2,0],[5,20,62]]
[[0,0,0],[1,0,0],[0,1,0],[24,41,124]]
[[0,0,0],[1,0,0],[0,1,0],[5,29,124]]
[[0,0,0],[1,0,0],[0,1,0],[14,1,124]]
[[0,0,0],[1,0,0],[0,1,0],[28,45,124]]
[[0,0,0],[1,0,0],[0,1,0],[80,61,124]]
[[0,0,0],[1,0,0],[0,1,0],[14,79,124]]
[[0,0,0],[1,0,0],[0,1,0],[88,61,124]]
[[0,0,0],[1,0,0],[0,2,0],[13,2,62]]
[[0,0,0],[1,0,0],[0,1,0],[10,115,124]]
[[0,0,0],[1,0,0],[1,2,0],[1,4,62]]
[[0,0,0],[1,0,0],[0,1,0],[38,55,124]]
[[0,0,0],[1,0,0],[0,1,0],[40,117,124]]
[[0,0,0],[1,0,0],[0,1,0],[14,123,124]]
[[0,0,0],[1,0,0],[0,2,0],[45,2,62]]
[[0,0,0],[1,0,0],[0,1,0],[18,7,124]]
[[0,0,0],[1,0,0],[1,2,0],[33,26,62]]
[[0,0,0],[1,0,0],[0,1,0],[2,11,124]]
[[0,0,0],[1,0,0],[0,1,0],[8,101,124]]
[[0,0,0],[1,0,0],[0,1,0],[24,1,124]]
[[0,0,0],[1,0,0],[0,1,0],[12,117,124]]
[[0,0,0],[1,0,0],[0,1,0],[1,43,124]]
[[0,0,0],[1,0,0],[0,1,0],[34,103,124]]
[[0,0,0],[1,0,0],[0,1,0],[28,66,124]]
[[0,0,0],[1,0,0],[0,1,0],[13,35,124]]
[[0,0,0],[1,0,0],[0,1,0],[2,25,124]]
[[0,0,0],[1,0,0],[0,1,0],[6,3,124]]
[[0,0,0],[1,0,0],[0,1,0],[52,21,124]]
[[0,0,0],[1,0,0],[1,2,0],[5,4,62]]
[[0,0,0],[1,0,0],[0,1,0],[44,9,124]]
[[0,0,0],[1,0,0],[0,1,0],[6,7,124]]
[[0,0,0],[1,0,0],[0,1,0],[86,123,124]]
[[0,0,0],[1,0,0],[0,1,0],[32,61,124]]
[[0,0,0],[1,0,0],[0,1,0],[38,89,124]]
[[0,0,0],[1,0,0],[0,1,0],[6,113,124]]
[[0,0,0],[1,0,0],[0,1,0],[26,65,124]]
[[0,0,0],[1,0,0],[0,1,0],[14,25,124]]
[[0,0,0],[1,0,0],[1,2,0],[17,10,62]]
[[0,0,0],[1,0,0],[0,1,0],[42,67,124]]
[[0,0,0],[1,0,0],[1,2,0],[1,6,62]]
[[0,0,0],[1,0,0],[0,2,0],[2,60,62]]
[[0,0,0],[1,0,0],[1,2,0],[9,30,62]]
[[0,0,0],[1,0,0],[1,2,0],[39,20,62]]
[[0,0,0],[1,0,0],[0,1,0],[74,82,124]]
[[0,0,0],[1,0,0],[0,2,0],[11,48,62]]
[[0,0,0],[1,0,0],[0,1,0],[26,1,124]]
[[0,0,0],[1,0,0],[0,1,0],[7,27,124]]
[[0,0,0],[1,0,0],[0,1,0],[8,117,124]]
[[0,0,0],[1,0,0],[0,1,0],[50,123,124]]
[[0,0,0],[1,0,0],[0,1,0],[58,43,124]]
[[0,0,0],[1,0,0],[0,1,0],[12,29,124]]
[[0,0,0],[1,0,0],[0,2,0],[53,10,62]]
[[0,0,0],[1,0,0],[0,1,0],[10,95,124]]
[[0,0,0],[1,0,0],[0,1,0],[22,81,124]]
[[0,0,0],[1,0,0],[0,1,0],[12,49,124]]
[[0,0,0],[1,0,0],[0,1,0],[32,45,124]]
[[0,0,0],[1,0,0],[0,1,0],[9,117,124]]
[[0,0,0],[1,0,0],[0,1,0],[8,37,124]]
[[0,0,0],[1,0,0],[0,1,0],[5,59,124]]
[[0,0,0],[1,0,0],[0,1,0],[7,121,124]]
[[0,0,0],[1,0,0],[0,2,0],[41,14,62]]
[[0,0,0],[1,0,0],[0,1,0],[2,13,124]]
[[0,0,0],[1,0,0],[0,2,0],[13,38,62]]
[[0,0,0],[1,0,0],[0,1,0],[9,27,124]]
[[0,0,0],[1,0,0],[0,1,0],[42,7,124]]
[[0,0,0],[1,0,0],[0,1,0],[24,65,124]]
[[0,0,0],[1,0,0],[0,1,0],[88,6,124]]
[[0,0,0],[1,0,0],[0,1,0],[2,19,124]]
[[0,0,0],[1,0,0],[0,1,0],[34,87,124]]
[[0,0,0],[1,0,0],[0,1,0],[3,21,124]]
[[0,0,0],[1,0,0],[0,1,0],[38,13,124]]
[[0,0,0],[1,0,0],[1,2,0],[43,26,62]]
[[0,0,0],[1,0,0],[0,1,0],[12,101,124]]
[[0,0,0],[1,0,0],[0,1,0],[20,25,124]]
[[0,0,0],[1,0,0],[0,1,0],[14,63,124]]
[[0,0,0],[1,0,0],[0,1,0],[3,11,124]]
[[0,0,0],[1,0,0],[0,1,0],[13,55,124]]
[[0,0,0],[1,0,0],[0,1,0],[10,7,124]]
[[0,0,0],[1,0,0],[1,2,0],[19,2,62]]
[[0,0,0],[1,0,0],[0,2,0],[11,2,62]]
[[0,0,0],[1,0,0],[0,2,0],[7,10,62]]
[[0,0,0],[1,0,0],[0,1,0],[26,105,124]]
[[0,0,0],[1,0,0],[0,1,0],[4,41,124]]
[[0,0,0],[1,0,0],[0,1,0],[14,95,124]]
[[0,0,0],[1,0,0],[0,1,0],[4,117,124]]
[[0,0,0],[1,0,0],[0,1,0],[2,115,124]]
[[0,0,0],[1,0,0],[0,1,0],[10,111,124]]
[[0,0,0],[1,0,0],[0,1,0],[26,83,124]]
[[0,0,0],[1,0,0],[0,1,0],[34,7,124]]
[[0,0,0],[1,0,0],[0,1,0],[1,1,124]]
[[0,0,0],[1,0,0],[0,1,0],[2,77,124]]
[[0,0,0],[1,0,0],[0,1,0],[44,101,124]]
[[0,0,0],[1,0,0],[0,1,0],[3,23,124]]
[[0,0,0],[1,0,0],[0,1,0],[38,79,124]]
[[0,0,0],[1,0,0],[0,2,0],[7,20,62]]
[[0,0,0],[1,0,0],[0,1,0],[8,21,124]]
[[0,0,0],[1,0,0],[0,1,0],[20,85,124]]
[[0,0,0],[1,0,0],[0,2,0],[41,52,62]]
[[0,0,0],[1,0,0],[0,1,0],[14,89,124]]
[[0,0,0],[1,0,0],[1,2,0],[15,10,62]]
[[0,0,0],[1,0,0],[1,2,0],[11,36,62]]
[[0,0,0],[1,0,0],[0,1,0],[31,94,124]]
[[0,0,0],[1,0,0],[1,2,0],[21,48,62]]
[[0,0,0],[1,0,0],[0,1,0],[29,39,124]]
[[0,0,0],[1,0,0],[0,1,0],[10,5,124]]
[[0,0,0],[1,0,0],[0,1,0],[70,75,124]]
[[0,0,0],[1,0,0],[0,1,0],[3,123,124]]
[[0,0,0],[1,0,0],[0,1,0],[20,21,124]]
[[0,0,0],[1,0,0],[0,1,0],[8,53,124]]
[[0,0,0],[1,0,0],[0,1,0],[8,17,124]]
[[0,0,0],[1,0,0],[0,1,0],[14,75,124]]
[[0,0,0],[1,0,0],[0,1,0],[3,25,124]]
[[0,0,0],[1,0,0],[0,1,0],[6,63,124]]
[[0,0,0],[1,0,0],[0,1,0],[66,73,124]]
[[0,0,0],[1,0,0],[0,1,0],[70,43,124]]
[[0,0,0],[1,0,0],[0,1,0],[14,59,124]]
[[0,0,0],[1,0,0],[0,1,0],[4,13,124]]
[[0,0,0],[1,0,0],[0,1,0],[64,92,124]]
[[0,0,0],[1,0,0],[0,1,0],[98,111,124]]
[[0,0,0],[1,0,0],[0,1,0],[36,33,124]]
[[0,0,0],[1,0,0],[0,1,0],[33,37,124]]
[[0,0,0],[1,0,0],[0,1,0],[30,33,124]]
[[0,0,0],[1,0,0],[0,1,0],[98,27,124]]
[[0,0,0],[1,0,0],[0,1,0],[94,19,124]]
[[0,0,0],[1,0,0],[0,2,0],[15,34,62]]
[[0,0,0],[1,0,0],[0,1,0],[26,55,124]]
[[0,0,0],[1,0,0],[0,1,0],[2,103,124]]
[[0,0,0],[1,0,0],[0,1,0],[3,37,124]]
[[0,0,0],[1,0,0],[0,1,0],[44,29,124]]
[[0,0,0],[1,0,0],[0,1,0],[48,101,124]]
[[0,0,0],[1,0,0],[0,1,0],[2,99,124]]
[[0,0,0],[1,0,0],[0,1,0],[110,123,124]]
[[0,0,0],[1,0,0],[0,1,0],[86,115,124]]
[[0,0,0],[1,0,0],[0,1,0],[88,73,124]]
[[0,0,0],[1,0,0],[0,2,0],[3,6,62]]
[[0,0,0],[1,0,0],[0,1,0],[26,41,124]]
[[0,0,0],[1,0,0],[0,1,0],[20,69,124]]
[[0,0,0],[1,0,0],[1,2,0],[13,4,62]]
[[0,0,0],[1,0,0],[1,2,0],[17,2,62]]
[[0,0,0],[1,0,0],[0,1,0],[10,97,124]]
[[0,0,0],[1,0,0],[0,1,0],[17,111,124]]
[[0,0,0],[1,0,0],[0,1,0],[42,21,124]]
[[0,0,0],[1,0,0],[0,1,0],[13,81,124]]
[[0,0,0],[1,0,0],[0,1,0],[1,5,124]]
[[0,0,0],[1,0,0],[0,1,0],[9,15,124]]
[[0,0,0],[1,0,0],[0,1,0],[104,114,124]]
[[0,0,0],[1,0,0],[1,2,0],[5,22,62]]
[[0,0,0],[1,0,0],[0,1,0],[54,9,124]]
[[0,0,0],[1,0,0],[0,1,0],[3,29,124]]
[[0,0,0],[1,0,0],[0,1,0],[21,23,124]]
[[0,0,0],[1,0,0],[0,1,0],[32,1,124]]
[[0,0,0],[1,0,0],[0,1,0],[10,65,124]]
[[0,0,0],[1,0,0],[0,1,0],[50,3,124]]
[[0,0,0],[1,0,0],[0,1,0],[58,101,124]]
[[0,0,0],[1,0,0],[0,1,0],[2,69,124]]
[[0,0,0],[1,0,0],[0,1,0],[42,113,124]]
[[0,0,0],[1,0,0],[0,1,0],[4,37,124]]
[[0,0,0],[1,0,0],[0,1,0],[10,43,124]]
[[0,0,0],[1,0,0],[0,1,0],[38,91,124]]
[[0,0,0],[1,0,0],[0,1,0],[48,17,124]]
[[0,0,0],[1,0,0],[0,1,0],[58,121,124]]
[[0,0,0],[1,0,0],[0,1,0],[22,33,124]]
[[0,0,0],[1,0,0],[0,1,0],[4,17,124]]
[[0,0,0],[1,0,0],[0,1,0],[28,113,124]]
[[0,0,0],[1,0,0],[0,1,0],[34,91,124]]
[[0,0,0],[1,0,0],[0,2,0],[7,4,62]]
[[0,0,0],[1,0,0],[0,1,0],[18,11,124]]
[[0,0,0],[1,0,0],[0,1,0],[38,67,124]]
[[0,0,0],[1,0,0],[0,1,0],[50,59,124]]
[[0,0,0],[1,0,0],[0,1,0],[74,71,124]]
[[0,0,0],[1,0,0],[0,1,0],[4,73,124]]
[[0,0,0],[1,0,0],[0,1,0],[12,1,124]]
[[0,0,0],[1,0,0],[0,1,0],[12,73,124]]
[[0,0,0],[1,0,0],[0,1,0],[14,41,124]]
[[0,0,0],[1,0,0],[0,1,0],[10,51,124]]
[[0,0,0],[1,0,0],[0,1,0],[9,43,124]]
[[0,0,0],[1,0,0],[0,1,0],[54,95,124]]
[[0,0,0],[1,0,0],[0,1,0],[22,103,124]]
[[0,0,0],[1,0,0],[0,2,0],[5,26,62]]
[[0,0,0],[1,0,0],[0,1,0],[26,63,124]]
[[0,0,0],[1,0,0],[0,1,0],[7,57,124]]
[[0,0,0],[1,0,0],[0,1,0],[10,123,124]]
[[0,0,0],[1,0,0],[0,2,0],[15,2,62]]
[[0,0,0],[1,0,0],[0,1,0],[18,67,124]]
[[0,0,0],[1,0,0],[0,1,0],[3,47,124]]
[[0,0,0],[1,0,0],[0,2,0],[33,30,62]]
[[0,0,0],[1,0,0],[0,1,0],[4,89,124]]
[[0,0,0],[1,0,0],[0,1,0],[56,81,124]]
[[0,0,0],[1,0,0],[0,1,0],[20,43,124]]
[[0,0,0],[1,0,0],[0,1,0],[6,35,124]]
[[0,0,0],[1,0,0],[0,1,0],[42,23,124]]
[[0,0,0],[1,0,0],[1,2,0],[41,10,62]]
[[0,0,0],[1,0,0],[1,2,0],[11,30,62]]
[[0,0,0],[1,0,0],[0,1,0],[8,5,124]]
[[0,0,0],[1,0,0],[0,1,0],[7,17,124]]
[[0,0,0],[1,0,0],[0,1,0],[110,55,124]]
[[0,0,0],[1,0,0],[1,2,0],[7,2,62]]
[[0,0,0],[1,0,0],[0,1,0],[76,18,124]]
[[0,0,0],[1,0,0],[0,2,0],[13,44,62]]
[[0,0,0],[1,0,0],[0,1,0],[78,3,124]]
[[0,0,0],[1,0,0],[0,1,0],[40,9,124]]
[[0,0,0],[1,0,0],[0,1,0],[2,75,124]]
[[0,0,0],[1,0,0],[0,2,0],[5,16,62]]
[[0,0,0],[1,0,0],[0,1,0],[45,87,124]]
[[0,0,0],[1,0,0],[0,1,0],[2,41,124]]
[[0,0,0],[1,0,0],[0,1,0],[3,49,124]]
[[0,0,0],[1,0,0],[0,1,0],[6,19,124]]
[[0,0,0],[1,0,0],[0,1,0],[6,65,124]]
[[0,0,0],[1,0,0],[0,1,0],[108,110,124]]
[[0,0,0],[1,0,0],[0,1,0],[2,89,124]]
[[0,0,0],[1,0,0],[1,2,0],[23,52,62]]
[[0,0,0],[1,0,0],[0,1,0],[2,9,124]]
[[0,0,0],[1,0,0],[0,1,0],[22,11,124]]
[[0,0,0],[1,0,0],[0,1,0],[48,105,124]]
[[0,0,0],[1,0,0],[0,1,0],[16,47,124]]
[[0,0,0],[1,0,0],[0,1,0],[26,91,124]]
[[0,0,0],[1,0,0],[0,1,0],[50,51,124]]
[[0,0,0],[1,0,0],[0,1,0],[18,119,124]]
[[0,0,0],[1,0,0],[0,1,0],[30,23,124]]
[[0,0,0],[1,0,0],[0,1,0],[74,23,124]]
[[0,0,0],[1,0,0],[0,1,0],[2,63,124]]
[[0,0,0],[1,0,0],[0,1,0],[106,43,124]]
[[0,0,0],[1,0,0],[0,2,0],[11,46,62]]
[[0,0,0],[1,0,0],[0,1,0],[12,69,124]]
[[0,0,0],[1,0,0],[0,1,0],[84,81,124]]
[[0,0,0],[1,0,0],[0,1,0],[90,83,124]]
[[0,0,0],[1,0,0],[0,2,0],[3,22,62]]
[[0,0,0],[1,0,0],[0,1,0],[2,37,124]]
[[0,0,0],[1,0,0],[0,1,0],[2,71,124]]
[[0,0,0],[1,0,0],[0,1,0],[58,59,124]]
[[0,0,0],[1,0,0],[0,2,0],[42,42,62]]
[[0,0,0],[1,0,0],[0,1,0],[38,3,124]]
[[0,0,0],[1,0,0],[0,1,0],[16,17,124]]
[[0,0,0],[1,0,0],[0,1,0],[42,75,124]]
[[0,0,0],[1,0,0],[0,1,0],[20,37,124]]
[[0,0,0],[1,0,0],[0,1,0],[90,75,124]]
[[0,0,0],[1,0,0],[0,1,0],[8,41,124]]
[[0,0,0],[1,0,0],[0,1,0],[34,59,124]]
[[0,0,0],[1,0,0],[0,1,0],[48,15,124]]
[[0,0,0],[1,0,0],[1,2,0],[21,20,62]]
[[0,0,0],[1,0,0],[0,1,0],[16,49,124]]
[[0,0,0],[1,0,0],[0,2,0],[1,22,62]]
[[0,0,0],[1,0,0],[0,1,0],[1,17,124]]
[[0,0,0],[1,0,0],[0,1,0],[84,57,124]]
[[0,0,0],[1,0,0],[0,1,0],[70,7,124]]
[[0,0,0],[1,0,0],[0,1,0],[6,79,124]]
[[0,0,0],[1,0,0],[0,1,0],[38,117,124]]
[[0,0,0],[1,0,0],[0,1,0],[4,121,124]]
[[0,0,0],[1,0,0],[0,1,0],[74,61,124]]
[[0,0,0],[1,0,0],[0,1,0],[19,47,124]]
[[0,0,0],[1,0,0],[0,1,0],[48,21,124]]
[[0,0,0],[1,0,0],[0,1,0],[16,33,124]]
[[0,0,0],[1,0,0],[0,1,0],[30,27,124]]
[[0,0,0],[1,0,0],[0,1,0],[50,117,124]]
[[0,0,0],[1,0,0],[0,1,0],[34,25,124]]
[[0,0,0],[1,0,0],[1,2,0],[27,26,62]]
[[0,0,0],[1,0,0],[0,1,0],[6,123,124]]
[[0,0,0],[1,0,0],[1,2,0],[15,36,62]]
[[0,0,0],[1,0,0],[0,1,0],[30,103,124]]
[[0,0,0],[1,0,0],[0,1,0],[3,33,124]]
[[0,0,0],[1,0,0],[0,1,0],[5,5,124]]
[[0,0,0],[1,0,0],[1,2,0],[1,24,62]]
[[0,0,0],[1,0,0],[1,2,0],[47,34,62]]
[[0,0,0],[1,0,0],[0,1,0],[122,123,124]]
[[0,0,0],[1,0,0],[0,1,0],[54,119,124]]
[[0,0,0],[1,0,0],[0,1,0],[20,113,124]]
[[0,0,0],[1,0,0],[0,2,0],[45,16,62]]
[[0,0,0],[1,0,0],[0,1,0],[26,67,124]]
[[0,0,0],[1,0,0],[0,1,0],[26,123,124]]
[[0,0,0],[1,0,0],[0,2,0],[23,18,62]]
[[0,0,0],[1,0,0],[0,1,0],[86,111,124]]
[[0,0,0],[1,0,0],[1,2,0],[11,6,62]]
[[0,0,0],[1,0,0],[0,2,0],[11,16,62]]
[[0,0,0],[1,0,0],[0,1,0],[2,3,124]]
[[0,0,0],[1,0,0],[0,1,0],[6,57,124]]
[[0,0,0],[1,0,0],[1,2,0],[49,12,62]]
[[0,0,0],[1,0,0],[0,1,0],[102,123,124]]
[[0,0,0],[1,0,0],[0,1,0],[74,15,124]]
[[0,0,0],[1,0,0],[0,2,0],[34,58,62]]
[[0,0,0],[1,0,0],[0,1,0],[48,85,124]]
[[0,0,0],[1,0,0],[0,1,0],[4,113,124]]
[[0,0,0],[1,0,0],[0,1,0],[3,53,124]]
[[0,0,0],[1,0,0],[0,1,0],[30,49,124]]
[[0,0,0],[1,0,0],[0,2,0],[13,8,62]]
[[0,0,0],[1,0,0],[0,1,0],[22,73,124]]
[[0,0,0],[1,0,0],[0,1,0],[52,85,124]]
[[0,0,0],[1,0,0],[0,1,0],[18,91,124]]
[[0,0,0],[1,0,0],[0,1,0],[17,19,124]]
[[0,0,0],[1,0,0],[0,1,0],[74,111,124]]
[[0,0,0],[1,0,0],[0,1,0],[6,85,124]]
[[0,0,0],[1,0,0],[0,1,0],[16,65,124]]
[[0,0,0],[1,0,0],[0,1,0],[17,113,124]]
[[0,0,0],[1,0,0],[0,1,0],[22,105,124]]
[[0,0,0],[1,0,0],[0,1,0],[16,53,124]]
[[0,0,0],[1,0,0],[0,2,0],[35,10,62]]
[[0,0,0],[1,0,0],[0,1,0],[6,41,124]]
[[0,0,0],[1,0,0],[1,2,0],[3,18,62]]
[[0,0,0],[1,0,0],[0,1,0],[66,90,124]]
[[0,0,0],[1,0,0],[0,1,0],[5,15,124]]
[[0,0,0],[1,0,0],[0,1,0],[22,3,124]]
[[0,0,0],[1,0,0],[0,1,0],[82,55,124]]
[[0,0,0],[1,0,0],[0,1,0],[34,29,124]]
[[0,0,0],[1,0,0],[0,1,0],[16,61,124]]
[[0,0,0],[1,0,0],[0,1,0],[44,19,124]]
[[0,0,0],[1,0,0],[0,2,0],[31,2,62]]
[[0,0,0],[1,0,0],[0,1,0],[44,37,124]]
[[0,0,0],[1,0,0],[0,1,0],[84,10,124]]
[[0,0,0],[1,0,0],[0,1,0],[102,51,124]]
[[0,0,0],[1,0,0],[1,2,0],[3,28,62]]
[[0,0,0],[1,0,0],[0,1,0],[15,47,124]]
[[0,0,0],[1,0,0],[0,1,0],[18,111,124]]
[[0,0,0],[1,0,0],[0,1,0],[14,103,124]]
[[0,0,0],[1,0,0],[0,1,0],[19,109,124]]
[[0,0,0],[1,0,0],[0,1,0],[46,7,124]]
[[0,0,0],[1,0,0],[1,2,0],[35,22,62]]
[[0,0,0],[1,0,0],[0,1,0],[18,25,124]]
[[0,0,0],[1,0,0],[0,2,0],[35,56,62]]
[[0,0,0],[1,0,0],[0,1,0],[22,49,124]]
[[0,0,0],[1,0,0],[0,1,0],[4,21,124]]
[[0,0,0],[1,0,0],[0,1,0],[70,23,124]]
[[0,0,0],[1,0,0],[0,1,0],[8,89,124]]
[[0,0,0],[1,0,0],[1,2,0],[27,56,62]]
[[0,0,0],[1,0,0],[0,1,0],[38,123,124]]
[[0,0,0],[1,0,0],[0,2,0],[3,4,62]]
[[0,0,0],[1,0,0],[0,1,0],[7,13,124]]
[[0,0,0],[1,0,0],[0,1,0],[18,39,124]]
[[0,0,0],[1,0,0],[0,1,0],[56,69,124]]
[[0,0,0],[1,0,0],[0,1,0],[66,95,124]]
[[0,0,0],[1,0,0],[0,1,0],[8,61,124]]
[[0,0,0],[1,0,0],[0,1,0],[54,11,124]]
[[0,0,0],[1,0,0],[0,2,0],[11,12,62]]
[[0,0,0],[1,0,0],[0,1,0],[10,47,124]]
[[0,0,0],[1,0,0],[1,2,0],[31,2,62]]
[[0,0,0],[1,0,0],[0,2,0],[5,20,62]]
[[0,0,0],[1,0,0],[0,2,0],[37,22,62]]
[[0,0,0],[1,0,0],[0,1,0],[74,103,124]]
[[0,0,0],[1,0,0],[0,2,0],[3,18,62]]
[[0,0,0],[1,0,0],[0,1,0],[6,53,124]]
[[0,0,0],[1,0,0],[0,1,0],[22,23,124]]
[[0,0,0],[1,0,0],[0,1,0],[26,59,124]]
[[0,0,0],[1,0,0],[0,1,0],[94,37,124]]
[[0,0,0],[1,0,0],[0,1,0],[94,51,124]]
[[0,0,0],[1,0,0],[0,1,0],[6,1,124]]
[[0,0,0],[1,0,0],[1,2,0],[23,18,62]]
[[0,0,0],[1,0,0],[0,1,0],[4,53,124]]
[[0,0,0],[1,0,0],[0,1,0],[24,77,124]]
[[0,0,0],[1,0,0],[0,1,0],[40,1,124]]
[[0,0,0],[1,0,0],[0,1,0],[18,33,124]]
[[0,0,0],[1,0,0],[0,2,0],[5,56,62]]
[[0,0,0],[1,0,0],[0,1,0],[9,49,124]]
[[0,0,0],[1,0,0],[0,1,0],[38,9,124]]
[[0,0,0],[1,0,0],[0,1,0],[20,33,124]]
[[0,0,0],[1,0,0],[0,2,0],[46,34,62]]
[[0,0,0],[1,0,0],[1,2,0],[23,2,62]]
[[0,0,0],[1,0,0],[0,1,0],[11,39,124]]
[[0,0,0],[1,0,0],[0,1,0],[18,123,124]]
[[0,0,0],[1,0,0],[0,2,0],[7,24,62]]
[[0,0,0],[1,0,0],[0,1,0],[22,39,124]]
[[0,0,0],[1,0,0],[1,2,0],[25,4,62]]
[[0,0,0],[1,0,0],[0,1,0],[82,123,124]]
[[0,0,0],[1,0,0],[1,2,0],[13,40,62]]
[[0,0,0],[1,0,0],[0,1,0],[24,13,124]]
[[0,0,0],[1,0,0],[0,1,0],[6,109,124]]
[[0,0,0],[1,0,0],[0,1,0],[24,57,124]]
[[0,0,0],[1,0,0],[0,1,0],[56,9,124]]
[[0,0,0],[1,0,0],[0,1,0],[14,9,124]]
[[0,0,0],[1,0,0],[0,1,0],[22,77,124]]
[[0,0,0],[1,0,0],[0,1,0],[34,105,124]]
[[0,0,0],[1,0,0],[0,1,0],[22,65,124]]
[[0,0,0],[1,0,0],[0,1,0],[2,111,124]]
[[0,0,0],[1,0,0],[0,1,0],[26,75,124]]
[[0,0,0],[1,0,0],[0,1,0],[11,53,124]]
[[0,0,0],[1,0,0],[0,1,0],[10,21,124]]
[[0,0,0],[1,0,0],[0,1,0],[2,39,124]]
[[0,0,0],[1,0,0],[0,1,0],[28,53,124]]
[[0,0,0],[1,0,0],[0,1,0],[38,5,124]]
[[0,0,0],[1,0,0],[0,1,0],[14,15,124]]
[[0,0,0],[1,0,0],[0,1,0],[86,15,124]]
[[0,0,0],[1,0,0],[0,1,0],[20,45,124]]
[[0,0,0],[1,0,0],[0,1,0],[35,59,124]]
[[0,0,0],[1,0,0],[0,1,0],[54,27,124]]
[[0,0,0],[1,0,0],[0,1,0],[4,77,124]]
[[0,0,0],[1,0,0],[0,1,0],[102,35,124]]
[[0,0,0],[1,0,0],[0,1,0],[36,109,124]]
[[0,0,0],[1,0,0],[0,1,0],[90,123,124]]
[[0,0,0],[1,0,0],[0,1,0],[6,13,124]]
[[0,0,0],[1,0,0],[0,1,0],[11,49,124]]
[[0,0,0],[1,0,0],[0,1,0],[58,91,124]]
[[0,0,0],[1,0,0],[1,2,0],[15,38,62]]
[[0,0,0],[1,0,0],[0,1,0],[22,75,124]]
[[0,0,0],[1,0,0],[0,1,0],[11,57,124]]
[[0,0,0],[1,0,0],[1,2,0],[3,2,62]]
[[0,0,0],[1,0,0],[0,1,0],[6,17,124]]
[[0,0,0],[1,0,0],[1,2,0],[3,32,62]]
[[0,0,0],[1,0,0],[0,1,0],[20,9,124]]
[[0,0,0],[1,0,0],[0,1,0],[30,5,124]]
[[0,0,0],[1,0,0],[0,1,0],[10,89,124]]
[[0,0,0],[1,0,0],[0,1,0],[46,83,124]]
[[0,0,0],[1,0,0],[0,1,0],[6,77,124]]
[[0,0,0],[1,0,0],[0,2,0],[15,16,62]]
[[0,0,0],[1,0,0],[0,1,0],[36,29,124]]
[[0,0,0],[1,0,0],[0,1,0],[10,55,124]]
[[0,0,0],[1,0,0],[1,2,0],[29,28,62]]
[[0,0,0],[1,0,0],[1,2,0],[3,10,62]]
[[0,0,0],[1,0,0],[0,1,0],[14,107,124]]
[[0,0,0],[1,0,0],[0,1,0],[13,115,124]]
[[0,0,0],[1,0,0],[0,1,0],[14,91,124]]
[[0,0,0],[1,0,0],[0,1,0],[94,119,124]]
[[0,0,0],[1,0,0],[0,1,0],[22,55,124]]
[[0,0,0],[1,0,0],[0,1,0],[18,69,124]]
[[0,0,0],[1,0,0],[0,1,0],[13,45,124]]
[[0,0,0],[1,0,0],[0,1,0],[2,59,124]]
[[0,0,0],[1,0,0],[0,1,0],[46,29,124]]
[[0,0,0],[1,0,0],[0,1,0],[48,1,124]]
[[0,0,0],[1,0,0],[0,1,0],[14,97,124]]
[[0,0,0],[1,0,0],[1,2,0],[25,16,62]]
[[0,0,0],[1,0,0],[0,1,0],[2,113,124]]
[[0,0,0],[1,0,0],[0,1,0],[30,15,124]]
[[0,0,0],[1,0,0],[1,2,0],[25,2,62]]
[[0,0,0],[1,0,0],[0,2,0],[1,2,62]]
[[0,0,0],[1,0,0],[0,1,0],[3,55,124]]
[[0,0,0],[1,0,0],[0,1,0],[38,99,124]]
[[0,0,0],[1,0,0],[0,2,0],[41,44,62]]
[[0,0,0],[1,0,0],[0,1,0],[26,57,124]]
[[0,0,0],[1,0,0],[0,1,0],[50,1,124]]
[[0,0,0],[1,0,0],[0,1,0],[18,81,124]]
[[0,0,0],[4,0,0],[0,1,0],[0,1,31]]
[[0,0,0],[1,0,0],[0,1,0],[50,113,124]]
[[0,0,0],[1,0,0],[0,1,0],[13,13,124]]
[[0,0,0],[1,0,0],[0,1,0],[5,23,124]]
[[0,0,0],[1,0,0],[0,1,0],[36,89,124]]
[[0,0,0],[1,0,0],[1,2,0],[17,12,62]]
[[0,0,0],[1,0,0],[0,1,0],[14,119,124]]
[[0,0,0],[1,0,0],[0,1,0],[3,41,124]]
[[0,0,0],[1,0,0],[0,2,0],[61,4,62]]
[[0,0,0],[1,0,0],[0,1,0],[7,49,124]]
[[0,0,0],[1,0,0],[0,1,0],[19,107,124]]
[[0,0,0],[1,0,0],[1,2,0],[7,36,62]]
[[0,0,0],[1,0,0],[0,1,0],[78,51,124]]
[[0,0,0],[1,0,0],[0,1,0],[7,41,124]]
[[0,0,0],[1,0,0],[0,1,0],[54,19,124]]
[[0,0,0],[1,0,0],[0,1,0],[58,119,124]]
[[0,0,0],[1,0,0],[0,1,0],[34,47,124]]
[[0,0,0],[1,0,0],[0,1,0],[5,9,124]]
[[0,0,0],[1,0,0],[0,1,0],[20,17,124]]
[[0,0,0],[1,0,0],[1,2,0],[7,18,62]]
[[0,0,0],[1,0,0],[0,1,0],[6,111,124]]
[[0,0,0],[1,0,0],[0,1,0],[4,57,124]]
[[0,0,0],[1,0,0],[0,1,0],[38,33,124]]
[[0,0,0],[1,0,0],[0,1,0],[16,117,124]]
[[0,0,0],[1,0,0],[0,1,0],[28,65,124]]
[[0,0,0],[1,0,0],[0,1,0],[52,1,124]]
[[0,0,0],[1,0,0],[0,1,0],[64,109,124]]
[[0,0,0],[1,0,0],[0,1,0],[14,83,124]]
[[0,0,0],[1,0,0],[0,1,0],[24,101,124]]
[[0,0,0],[1,0,0],[0,1,0],[12,57,124]]
[[0,0,0],[1,0,0],[0,1,0],[70,59,124]]
[[0,0,0],[1,0,0],[0,1,0],[7,19,124]]
[[0,0,0],[1,0,0],[0,1,0],[10,3,124]]
[[0,0,0],[1,0,0],[0,1,0],[22,63,124]]
[[0,0,0],[1,0,0],[0,1,0],[110,11,124]]
[[0,0,0],[1,0,0],[0,1,0],[21,113,124]]
[[0,0,0],[1,0,0],[0,1,0],[66,103,124]]
[[0,0,0],[1,0,0],[0,1,0],[94,123,124]]
[[0,0,0],[1,0,0],[0,1,0],[2,17,124]]
[[0,0,0],[1,0,0],[0,1,0],[3,35,124]]
[[0,0,0],[1,0,0],[0,1,0],[24,113,124]]
[[0,0,0],[1,0,0],[0,1,0],[41,115,124]]
[[0,0,0],[1,0,0],[0,1,0],[5,17,124]]
[[0,0,0],[1,0,0],[0,1,0],[22,59,124]]
[[0,0,0],[1,0,0],[0,1,0],[10,49,124]]
[[0,0,0],[1,0,0],[0,1,0],[18,65,124]]
[[0,0,0],[1,0,0],[1,2,0],[25,14,62]]
[[0,0,0],[1,0,0],[1,2,0],[11,10,62]]
[[0,0,0],[1,0,0],[0,1,0],[42,91,124]]
[[0,0,0],[1,0,0],[0,2,0],[37,8,62]]
[[0,0,0],[1,0,0],[0,1,0],[10,67,124]]
[[0,0,0],[1,0,0],[0,1,0],[64,121,124]]
[[0,0,0],[1,0,0],[0,1,0],[62,63,124]]
[[0,0,0],[1,0,0],[0,1,0],[11,55,124]]
[[0,0,0],[1,0,0],[0,1,0],[78,123,124]]
[[0,0,0],[1,0,0],[0,1,0],[18,77,124]]
[[0,0,0],[1,0,0],[0,1,0],[12,89,124]]
[[0,0,0],[1,0,0],[0,1,0],[4,49,124]]
[[0,0,0],[1,0,0],[0,1,0],[94,99,124]]
[[0,0,0],[1,0,0],[0,1,0],[22,57,124]]
[[0,0,0],[1,0,0],[1,2,0],[3,14,62]]
[[0,0,0],[1,0,0],[0,1,0],[36,25,124]]
[[0,0,0],[1,0,0],[0,1,0],[34,99,124]]
[[0,0,0],[1,0,0],[0,1,0],[14,61,124]]
[[0,0,0],[1,0,0],[0,1,0],[3,27,124]]
[[0,0,0],[1,0,0],[0,1,0],[8,49,124]]
[[0,0,0],[1,0,0],[0,1,0],[26,39,124]]
[[0,0,0],[1,0,0],[0,1,0],[7,119,124]]
[[0,0,0],[1,0,0],[0,1,0],[56,89,124]]
[[0,0,0],[1,0,0],[0,1,0],[54,39,124]]
[[0,0,0],[1,0,0],[0,1,0],[36,97,124]]
[[0,0,0],[1,0,0],[0,1,0],[15,17,124]]
[[0,0,0],[1,0,0],[0,1,0],[72,89,124]]
[[0,0,0],[1,0,0],[0,1,0],[2,29,124]]
[[0,0,0],[1,0,0],[0,1,0],[34,79,124]]
[[0,0,0],[1,0,0],[0,1,0],[1,11,124]]
[[0,0,0],[1,0,0],[0,1,0],[66,107,124]]
[[0,0,0],[1,0,0],[0,1,0],[58,113,124]]
[[0,0,0],[1,0,0],[0,2,0],[11,14,62]]
[[0,0,0],[1,0,0],[0,1,0],[26,15,124]]
[[0,0,0],[1,0,0],[0,1,0],[34,119,124]]
[[0,0,0],[1,0,0],[0,1,0],[14,35,124]]
[[0,0,0],[1,0,0],[0,1,0],[4,85,124]]
[[0,0,0],[1,0,0],[0,1,0],[26,107,124]]
[[0,0,0],[2,0,0],[0,1,0],[31,1,62]]
[[0,0,0],[1,0,0],[0,2,0],[5,24,62]]
[[0,0,0],[1,0,0],[1,2,0],[59,58,62]]
[[0,0,0],[1,0,0],[0,2,0],[61,2,62]]
[[0,0,0],[1,0,0],[0,2,0],[5,54,62]]
[[0,0,0],[1,0,0],[0,1,0],[20,5,124]]
[[0,0,0],[1,0,0],[0,1,0],[60,34,124]]
[[0,0,0],[1,0,0],[0,1,0],[18,75,124]]
[[0,0,0],[1,0,0],[0,1,0],[9,35,124]]
[[0,0,0],[1,0,0],[0,1,0],[16,41,124]]
[[0,0,0],[1,0,0],[0,1,0],[18,107,124]]
[[0,0,0],[1,0,0],[0,1,0],[9,9,124]]
[[0,0,0],[1,0,0],[0,1,0],[9,51,124]]
[[0,0,0],[1,0,0],[0,1,0],[42,13,124]]
[[0,0,0],[1,0,0],[0,1,0],[106,59,124]]
[[0,0,0],[1,0,0],[0,1,0],[48,108,124]]
[[0,0,0],[1,0,0],[0,1,0],[15,117,124]]
[[0,0,0],[1,0,0],[0,1,0],[5,47,124]]
[[0,0,0],[1,0,0],[0,1,0],[30,75,124]]
[[0,0,0],[1,0,0],[0,1,0],[20,77,124]]
[[0,0,0],[1,0,0],[0,1,0],[10,39,124]]
[[0,0,0],[1,0,0],[0,1,0],[86,7,124]]
[[0,0,0],[1,0,0],[0,1,0],[3,91,124]]
[[0,0,0],[1,0,0],[0,1,0],[22,37,124]]
[[0,0,0],[1,0,0],[0,1,0],[22,107,124]]
[[0,0,0],[1,0,0],[1,2,0],[5,18,62]]
[[0,0,0],[1,0,0],[0,1,0],[56,85,124]]
[[0,0,0],[1,0,0],[0,1,0],[10,71,124]]
[[0,0,0],[1,0,0],[0,1,0],[46,67,124]]
[[0,0,0],[1,0,0],[0,1,0],[26,61,124]]
[[0,0,0],[1,0,0],[0,1,0],[7,23,124]]
[[0,0,0],[1,0,0],[0,1,0],[30,67,124]]
[[0,0,0],[1,0,0],[0,1,0],[78,103,124]]
[[0,0,0],[1,0,0],[0,1,0],[26,87,124]]
[[0,0,0],[1,0,0],[0,1,0],[11,21,124]]
[[0,0,0],[1,0,0],[1,2,0],[45,44,62]]
[[0,0,0],[1,0,0],[0,2,0],[19,12,62]]
[[0,0,0],[1,0,0],[1,2,0],[9,4,62]]
[[0,0,0],[1,0,0],[0,1,0],[44,81,124]]
[[0,0,0],[1,0,0],[0,1,0],[13,113,124]]
[[0,0,0],[1,0,0],[1,2,0],[39,18,62]]
[[0,0,0],[1,0,0],[0,1,0],[114,123,124]]
[[0,0,0],[1,0,0],[1,2,0],[1,12,62]]
[[0,0,0],[1,0,0],[0,1,0],[5,51,124]]
[[0,0,0],[1,0,0],[0,1,0],[78,57,124]]
[[0,0,0],[1,0,0],[0,1,0],[94,61,124]]
[[0,0,0],[1,0,0],[0,2,0],[12,40,62]]
[[0,0,0],[1,0,0],[1,2,0],[5,24,62]]
[[0,0,0],[1,0,0],[0,1,0],[26,121,124]]
[[0,0,0],[1,0,0],[0,1,0],[35,107,124]]
[[0,0,0],[1,0,0],[0,1,0],[26,23,124]]
[[0,0,0],[1,0,0],[0,1,0],[30,107,124]]
[[0,0,0],[1,0,0],[0,1,0],[26,17,124]]
[[0,0,0],[1,0,0],[0,1,0],[58,79,124]]
[[0,0,0],[1,0,0],[0,2,0],[1,8,62]]
[[0,0,0],[1,0,0],[0,1,0],[22,67,124]]
[[0,0,0],[1,0,0],[0,2,0],[19,42,62]]
[[0,0,0],[1,0,0],[1,2,0],[17,44,62]]
[[0,0,0],[1,0,0],[0,2,0],[35,18,62]]
[[0,0,0],[1,0,0],[0,1,0],[11,117,124]]
[[0,0,0],[1,0,0],[0,1,0],[38,107,124]]
[[0,0,0],[1,0,0],[0,2,0],[24,16,62]]
[[0,0,0],[1,0,0],[0,1,0],[14,3,124]]
[[0,0,0],[1,0,0],[0,2,0],[1,14,62]]
[[0,0,0],[1,0,0],[0,2,0],[7,22,62]]
[[0,0,0],[1,0,0],[0,1,0],[90,95,124]]
[[0,0,0],[1,0,0],[0,1,0],[13,15,124]]
[[0,0,0],[1,0,0],[0,1,0],[118,123,124]]
[[0,0,0],[1,0,0],[0,1,0],[22,1,124]]
[[0,0,0],[1,0,0],[0,1,0],[2,109,124]]
[[0,0,0],[1,0,0],[0,1,0],[20,1,124]]
[[0,0,0],[1,0,0],[1,2,0],[19,18,62]]
[[0,0,0],[1,0,0],[0,1,0],[63,63,124]]
[[0,0,0],[1,0,0],[0,1,0],[35,35,124]]
[[0,0,0],[1,0,0],[0,1,0],[24,69,124]]
[[0,0,0],[1,0,0],[0,2,0],[35,28,62]]
[[0,0,0],[1,0,0],[0,1,0],[11,13,124]]
[[0,0,0],[1,0,0],[1,2,0],[23,22,62]]
[[0,0,0],[1,0,0],[0,1,0],[5,57,124]]
[[0,0,0],[1,0,0],[0,1,0],[90,3,124]]
[[0,0,0],[1,0,0],[0,2,0],[3,20,62]]
[[0,0,0],[1,0,0],[0,1,0],[42,37,124]]
[[0,0,0],[1,0,0],[0,1,0],[42,99,124]]
[[0,0,0],[1,0,0],[1,2,0],[9,38,62]]
[[0,0,0],[1,0,0],[0,1,0],[42,83,124]]
[[0,0,0],[1,0,0],[0,1,0],[50,47,124]]
[[0,0,0],[1,0,0],[0,1,0],[8,55,124]]
[[0,0,0],[1,0,0],[0,1,0],[42,47,124]]
[[0,0,0],[1,0,0],[1,2,0],[5,30,62]]
[[0,0,0],[1,0,0],[0,1,0],[86,39,124]]
[[0,0,0],[1,0,0],[0,1,0],[4,28,124]]
[[0,0,0],[1,0,0],[0,1,0],[56,113,124]]
[[0,0,0],[1,0,0],[0,1,0],[82,79,124]]
[[0,0,0],[1,0,0],[0,1,0],[22,123,124]]
[[0,0,0],[1,0,0],[1,2,0],[5,2,62]]
[[0,0,0],[1,0,0],[0,1,0],[26,79,124]]
[[0,0,0],[1,0,0],[0,2,0],[37,26,62]]
[[0,0,0],[1,0,0],[0,1,0],[58,51,124]]
[[0,0,0],[1,0,0],[0,1,0],[58,123,124]]
[[0,0,0],[1,0,0],[0,1,0],[44,85,124]]
[[0,0,0],[1,0,0],[0,1,0],[74,7,124]]
[[0,0,0],[1,0,0],[0,1,0],[12,25,124]]
[[0,0,0],[1,0,0],[0,1,0],[14,115,124]]
[[0,0,0],[1,0,0],[0,1,0],[30,11,124]]
[[0,0,0],[1,0,0],[0,1,0],[94,59,124]]
[[0,0,0],[1,0,0],[1,2,0],[27,10,62]]
[[0,0,0],[1,0,0],[0,1,0],[13,49,124]]
[[0,0,0],[1,0,0],[0,1,0],[4,97,124]]
[[0,0,0],[1,0,0],[0,1,0],[22,111,124]]
[[0,0,0],[1,0,0],[0,1,0],[10,103,124]]
[[0,0,0],[1,0,0],[1,2,0],[5,12,62]]
[[0,0,0],[1,0,0],[0,1,0],[46,21,124]]
[[0,0,0],[1,0,0],[0,1,0],[26,73,124]]
[[0,0,0],[1,0,0],[0,2,0],[13,50,62]]
[[0,0,0],[1,0,0],[0,1,0],[40,116,124]]
[[0,0,0],[1,0,0],[0,1,0],[98,7,124]]
[[0,0,0],[1,0,0],[1,2,0],[41,34,62]]
[[0,0,0],[1,0,0],[0,1,0],[8,25,124]]
[[0,0,0],[1,0,0],[0,2,0],[23,32,62]]
[[0,0,0],[1,0,0],[0,2,0],[7,12,62]]
[[0,0,0],[1,0,0],[1,2,0],[11,42,62]]
[[0,0,0],[1,0,0],[0,1,0],[33,61,124]]
[[0,0,0],[1,0,0],[0,2,0],[13,46,62]]
[[0,0,0],[1,0,0],[0,1,0],[17,51,124]]
[[0,0,0],[1,0,0],[0,2,0],[19,36,62]]
[[0,0,0],[1,0,0],[0,1,0],[54,87,124]]
[[0,0,0],[1,0,0],[0,1,0],[26,101,124]]
[[0,0,0],[1,0,0],[0,1,0],[10,91,124]]
[[0,0,0],[1,0,0],[0,2,0],[7,2,62]]
[[0,0,0],[1,0,0],[1,2,0],[17,8,62]]
[[0,0,0],[1,0,0],[0,1,0],[84,61,124]]
[[0,0,0],[1,0,0],[0,1,0],[78,75,124]]
[[0,0,0],[1,0,0],[0,2,0],[3,12,62]]
[[0,0,0],[1,0,0],[0,1,0],[44,1,124]]
[[0,0,0],[1,0,0],[0,1,0],[24,53,124]]
[[0,0,0],[1,0,0],[0,1,0],[10,1,124]]
[[0,0,0],[1,0,0],[0,1,0],[78,61,124]]
[[0,0,0],[1,0,0],[0,1,0],[14,5,124]]
[[0,0,0],[1,0,0],[0,1,0],[6,99,124]]
[[0,0,0],[1,0,0],[0,1,0],[46,33,124]]
[[0,0,0],[1,0,0],[0,2,0],[45,36,62]]
[[0,0,0],[1,0,0],[0,1,0],[56,100,124]]
[[0,0,0],[1,0,0],[0,1,0],[68,119,124]]
[[0,0,0],[1,0,0],[0,1,0],[60,77,124]]
[[0,0,0],[1,0,0],[0,1,0],[18,15,124]]
[[0,0,0],[1,0,0],[0,1,0],[76,80,124]]
[[0,0,0],[1,0,0],[1,2,0],[9,6,62]]
[[0,0,0],[1,0,0],[0,1,0],[50,87,124]]
[[0,0,0],[1,0,0],[0,1,0],[12,113,124]]
[[0,0,0],[1,0,0],[0,1,0],[10,15,124]]
[[0,0,0],[1,0,0],[0,1,0],[2,105,124]]
[[0,0,0],[1,0,0],[0,1,0],[12,51,124]]
[[0,0,0],[1,0,0],[0,1,0],[66,85,124]]
[[0,0,0],[1,0,0],[0,1,0],[66,55,124]]
[[0,0,0],[1,0,0],[0,2,0],[3,2,62]]
[[0,0,0],[1,0,0],[0,1,0],[36,49,124]]
[[0,0,0],[1,0,0],[0,2,0],[23,34,62]]
[[0,0,0],[1,0,0],[0,1,0],[54,91,124]]
[[0,0,0],[1,0,0],[0,1,0],[26,71,124]]
[[0,0,0],[1,0,0],[1,2,0],[41,32,62]]
[[0,0,0],[1,0,0],[0,1,0],[40,45,124]]
[[0,0,0],[1,0,0],[0,1,0],[60,5,124]]
[[0,0,0],[1,0,0],[1,2,0],[43,42,62]]
[[0,0,0],[1,0,0],[0,1,0],[16,13,124]]
[[0,0,0],[1,0,0],[0,1,0],[4,81,124]]
[[0,0,0],[1,0,0],[0,1,0],[32,53,124]]
[[0,0,0],[1,0,0],[0,1,0],[38,19,124]]
[[0,0,0],[1,0,0],[0,1,0],[58,63,124]]
[[0,0,0],[1,0,0],[0,1,0],[3,3,124]]
[[0,0,0],[1,0,0],[0,1,0],[10,79,124]]
[[0,0,0],[1,0,0],[0,1,0],[50,27,124]]
[[0,0,0],[1,0,0],[0,1,0],[46,99,124]]
[[0,0,0],[1,0,0],[0,1,0],[44,112,124]]
[[0,0,0],[1,0,0],[0,1,0],[7,55,124]]
[[0,0,0],[1,0,0],[0,1,0],[26,3,124]]
[[0,0,0],[1,0,0],[0,1,0],[30,1,124]]
[[0,0,0],[1,0,0],[0,1,0],[18,73,124]]
[[0,0,0],[1,0,0],[1,2,0],[37,6,62]]
[[0,0,0],[1,0,0],[0,1,0],[6,115,124]]
[[0,0,0],[1,0,0],[0,1,0],[6,37,124]]
[[0,0,0],[1,0,0],[0,1,0],[4,1,124]]
[[0,0,0],[1,0,0],[0,1,0],[16,77,124]]
[[0,0,0],[1,0,0],[0,1,0],[38,11,124]]
[[0,0,0],[1,0,0],[0,1,0],[7,11,124]]
[[0,0,0],[1,0,0],[0,1,0],[30,95,124]]
[[0,0,0],[1,0,0],[0,1,0],[22,15,124]]
[[0,0,0],[1,0,0],[0,1,0],[30,111,124]]
[[0,0,0],[1,0,0],[0,1,0],[2,55,124]]
[[0,0,0],[1,0,0],[0,1,0],[2,87,124]]
[[0,0,0],[1,0,0],[0,1,0],[52,11,124]]
[[0,0,0],[1,0,0],[0,1,0],[18,89,124]]
[[0,0,0],[1,0,0],[1,2,0],[15,2,62]]
[[0,0,0],[1,0,0],[0,1,0],[74,35,124]]
[[0,0,0],[1,0,0],[1,2,0],[15,4,62]]
[[0,0,0],[1,0,0],[0,1,0],[66,115,124]]
[[0,0,0],[1,0,0],[0,1,0],[98,123,124]]
[[0,0,0],[1,0,0],[0,1,0],[46,110,124]]
[[0,0,0],[1,0,0],[0,2,0],[41,2,62]]
[[0,0,0],[1,0,0],[0,1,0],[6,97,124]]
[[0,0,0],[1,0,0],[0,1,0],[10,53,124]]
[[0,0,0],[1,0,0],[0,1,0],[4,90,124]]
[[0,0,0],[1,0,0],[0,1,0],[2,123,124]]
[[0,0,0],[1,0,0],[1,2,0],[11,4,62]]
[[0,0,0],[1,0,0],[0,1,0],[14,18,124]]
[[0,0,0],[1,0,0],[1,2,0],[13,12,62]]
[[0,0,0],[1,0,0],[0,1,0],[60,3,124]]
[[0,0,0],[1,0,0],[0,1,0],[20,105,124]]
[[0,0,0],[1,0,0],[0,2,0],[11,50,62]]
[[0,0,0],[1,0,0],[0,1,0],[6,95,124]]
[[0,0,0],[1,0,0],[0,1,0],[14,21,124]]
[[0,0,0],[1,0,0],[0,1,0],[66,23,124]]
[[0,0,0],[1,0,0],[0,1,0],[92,2,124]]
[[0,0,0],[1,0,0],[0,2,0],[3,58,62]]
[[0,0,0],[1,0,0],[0,1,0],[2,67,124]]
[[0,0,0],[1,0,0],[0,1,0],[2,65,124]]
[[0,0,0],[1,0,0],[0,1,0],[66,81,124]]
[[0,0,0],[1,0,0],[0,1,0],[2,23,124]]
[[0,0,0],[1,0,0],[0,1,0],[78,119,124]]
[[0,0,0],[1,0,0],[0,1,0],[40,25,124]]
[[0,0,0],[1,0,0],[0,1,0],[58,35,124]]
[[0,0,0],[1,0,0],[1,2,0],[3,30,62]]
[[0,0,0],[1,0,0],[0,2,0],[20,24,62]]
[[0,0,0],[1,0,0],[1,2,0],[19,40,62]]
[[0,0,0],[1,0,0],[0,1,0],[10,69,124]]
[[0,0,0],[1,0,0],[0,2,0],[5,2,62]]
[[0,0,0],[1,0,0],[0,1,0],[66,11,124]]
[[0,0,0],[1,0,0],[0,1,0],[14,19,124]]
[[0,0,0],[1,0,0],[0,1,0],[28,33,124]]
[[0,0,0],[1,0,0],[0,2,0],[7,54,62]]
[[0,0,0],[1,0,0],[1,2,0],[15,40,62]]
[[0,0,0],[1,0,0],[0,1,0],[10,107,124]]
[[0,0,0],[1,0,0],[1,2,0],[29,18,62]]
[[0,0,0],[1,0,0],[0,1,0],[9,29,124]]
[[0,0,0],[1,0,0],[0,1,0],[6,49,124]]
[[0,0,0],[1,0,0],[1,2,0],[35,12,62]]
[[0,0,0],[1,0,0],[0,1,0],[58,39,124]]
[[0,0,0],[1,0,0],[0,1,0],[1,3,124]]
[[0,0,0],[1,0,0],[0,1,0],[100,87,124]]
[[0,0,0],[1,0,0],[0,2,0],[5,18,62]]
[[0,0,0],[1,0,0],[0,1,0],[6,67,124]]
[[0,0,0],[2,0,0],[0,1,0],[0,1,62]]
[[0,0,0],[1,0,0],[0,1,0],[48,77,124]]
[[0,0,0],[1,0,0],[0,1,0],[14,87,124]]
[[0,0,0],[1,0,0],[0,1,0],[21,51,124]]
[[0,0,0],[1,0,0],[0,1,0],[54,111,124]]
[[0,0,0],[1,0,0],[0,1,0],[31,32,124]]
[[0,0,0],[1,0,0],[1,2,0],[3,26,62]]
[[0,0,0],[1,0,0],[0,1,0],[34,17,124]]
[[0,0,0],[1,0,0],[0,1,0],[26,19,124]]
[[0,0,0],[1,0,0],[0,1,0],[98,95,124]]
[[0,0,0],[1,0,0],[0,1,0],[12,77,124]]
[[0,0,0],[1,0,0],[0,1,0],[6,55,124]]
[[0,0,0],[1,0,0],[0,1,0],[11,119,124]]
[[0,0,0],[1,0,0],[0,1,0],[6,33,124]]
[[0,0,0],[1,0,0],[0,2,0],[13,16,62]]
[[0,0,0],[1,0,0],[0,1,0],[3,15,124]]
[[0,0,0],[1,0,0],[0,1,0],[30,83,124]]
[[0,0,0],[1,0,0],[0,1,0],[14,99,124]]
[[0,0,0],[1,0,0],[0,1,0],[10,29,124]]
[[0,0,0],[1,0,0],[0,1,0],[10,45,124]]
[[0,0,0],[1,0,0],[0,1,0],[93,63,124]]
[[0,0,0],[1,0,0],[0,1,0],[18,95,124]]
[[0,0,0],[1,0,0],[0,1,0],[2,81,124]]
[[0,0,0],[1,0,0],[0,1,0],[94,55,124]]
[[0,0,0],[1,0,0],[0,1,0],[16,37,124]]
[[0,0,0],[1,0,0],[0,1,0],[34,51,124]]
[[0,0,0],[1,0,0],[0,2,0],[15,4,62]]
[[0,0,0],[1,0,0],[0,1,0],[34,1,124]]
[[0,0,0],[1,0,0],[0,1,0],[24,9,124]]
[[0,0,0],[1,0,0],[1,2,0],[7,6,62]]
[[0,0,0],[1,0,0],[0,1,0],[12,85,124]]
[[0,0,0],[1,0,0],[1,2,0],[9,24,62]]
[[0,0,0],[1,0,0],[1,2,0],[25,8,62]]
[[0,0,0],[1,0,0],[0,1,0],[34,11,124]]
[[0,0,0],[1,0,0],[0,1,0],[1,23,124]]
[[0,0,0],[1,0,0],[0,1,0],[10,59,124]]
[[0,0,0],[1,0,0],[0,1,0],[8,109,124]]
[[0,0,0],[1,0,0],[0,2,0],[5,6,62]]
[[0,0,0],[1,0,0],[1,2,0],[5,26,62]]
[[0,0,0],[1,0,0],[0,1,0],[16,113,124]]
[[0,0,0],[1,0,0],[0,1,0],[6,45,124]]
[[0,0,0],[1,0,0],[1,2,0],[11,2,62]]
[[0,0,0],[1,0,0],[0,1,0],[18,19,124]]
[[0,0,0],[1,0,0],[0,1,0],[18,63,124]]
[[0,0,0],[1,0,0],[0,1,0],[50,91,124]]
[[0,0,0],[1,0,0],[0,2,0],[15,10,62]]
[[0,0,0],[1,0,0],[0,1,0],[28,69,124]]
[[0,0,0],[1,0,0],[0,1,0],[32,97,124]]
[[0,0,0],[1,0,0],[0,1,0],[14,67,124]]
[[0,0,0],[1,0,0],[0,1,0],[10,22,124]]
[[0,0,0],[1,0,0],[0,1,0],[60,65,124]]
[[0,0,0],[1,0,0],[0,1,0],[62,1,124]]
[[0,0,0],[1,0,0],[0,1,0],[30,13,124]]
[[0,0,0],[1,0,0],[0,1,0],[58,87,124]]
[[0,0,0],[1,0,0],[0,1,0],[8,1,124]]
[[0,0,0],[1,0,0],[0,1,0],[8,105,124]]
[[0,0,0],[1,0,0],[0,1,0],[82,77,124]]
[[0,0,0],[1,0,0],[0,1,0],[44,105,124]]
[[0,0,0],[1,0,0],[0,1,0],[6,23,124]]
[[0,0,0],[1,0,0],[1,2,0],[5,32,62]]
[[0,0,0],[1,0,0],[0,1,0],[90,107,124]]
[[0,0,0],[1,0,0],[0,1,0],[10,83,124]]
[[0,0,0],[1,0,0],[0,2,0],[41,22,62]]
[[0,0,0],[1,0,0],[0,1,0],[12,17,124]]
[[0,0,0],[1,0,0],[0,1,0],[34,57,124]]
[[0,0,0],[1,0,0],[0,1,0],[78,78,124]]
[[0,0,0],[1,0,0],[0,1,0],[2,15,124]]
[[0,0,0],[1,0,0],[0,1,0],[46,97,124]]
[[0,0,0],[1,0,0],[0,1,0],[6,25,124]]
[[0,0,0],[1,0,0],[0,1,0],[2,51,124]]
[[0,0,0],[1,0,0],[0,1,0],[86,51,124]]
[[0,0,0],[1,0,0],[0,1,0],[70,51,124]]
[[0,0,0],[1,0,0],[1,2,0],[1,2,62]]
[[0,0,0],[1,0,0],[1,2,0],[3,8,62]]
[[0,0,0],[1,0,0],[1,2,0],[3,12,62]]
[[0,0,0],[1,0,0],[0,1,0],[42,63,124]]
[[0,0,0],[1,0,0],[0,1,0],[13,19,124]]
[[0,0,0],[1,0,0],[0,1,0],[82,39,124]]
[[0,0,0],[1,0,0],[0,1,0],[10,105,124]]
[[0,0,0],[1,0,0],[0,2,0],[33,14,62]]
[[0,0,0],[1,0,0],[1,2,0],[15,32,62]]
[[0,0,0],[1,0,0],[0,1,0],[36,27,124]]
[[0,0,0],[1,0,0],[0,1,0],[54,83,124]]
[[0,0,0],[1,0,0],[0,1,0],[106,115,124]]
[[0,0,0],[1,0,0],[0,1,0],[46,1,124]]
[[0,0,0],[1,0,0],[0,1,0],[10,99,124]]
[[0,0,0],[1,0,0],[1,2,0],[11,34,62]]
[[0,0,0],[1,0,0],[0,1,0],[46,109,124]]
[[0,0,0],[1,0,0],[0,2,0],[53,2,62]]
[[0,0,0],[1,0,0],[0,1,0],[58,9,124]]
[[0,0,0],[1,0,0],[0,1,0],[7,87,124]]
[[0,0,0],[1,0,0],[0,1,0],[74,119,124]]
[[0,0,0],[1,0,0],[0,2,0],[3,28,62]]
[[0,0,0],[1,0,0],[0,1,0],[22,71,124]]
[[0,0,0],[1,0,0],[0,1,0],[44,13,124]]
[[0,0,0],[1,0,0],[0,1,0],[13,51,124]]
[[0,0,0],[1,0,0],[0,1,0],[9,57,124]]
[[0,0,0],[1,0,0],[0,1,0],[38,71,124]]
[[0,0,0],[1,0,0],[0,1,0],[34,23,124]]
[[0,0,0],[1,0,0],[0,1,0],[46,71,124]]
[[0,0,0],[1,0,0],[0,1,0],[6,87,124]]
[[0,0,0],[1,0,0],[0,1,0],[42,35,124]]
[[0,0,0],[1,0,0],[0,2,0],[19,4,62]]
[[0,0,0],[1,0,0],[0,1,0],[66,111,124]]
[[0,0,0],[1,0,0],[0,1,0],[13,21,124]]
[[0,0,0],[1,0,0],[0,2,0],[37,56,62]]
[[0,0,0],[1,0,0],[0,2,0],[13,42,62]]
[[0,0,0],[1,0,0],[0,1,0],[1,13,124]]
[[0,0,0],[1,0,0],[0,1,0],[34,122,124]]
[[0,0,0],[1,0,0],[0,1,0],[17,109,124]]
[[0,0,0],[1,0,0],[0,1,0],[18,29,124]]
[[0,0,0],[1,0,0],[0,2,0],[1,24,62]]
[[0,0,0],[1,0,0],[0,2,0],[13,10,62]]
[[0,0,0],[1,0,0],[0,1,0],[42,1,124]]
[[0,0,0],[1,0,0],[1,2,0],[9,32,62]]
[[0,0,0],[1,0,0],[0,1,0],[2,57,124]]
[[0,0,0],[1,0,0],[0,1,0],[70,123,124]]
[[0,0,0],[1,0,0],[0,1,0],[7,59,124]]
[[0,0,0],[1,0,0],[0,1,0],[6,26,124]]
[[0,0,0],[1,0,0],[0,1,0],[4,69,124]]
[[0,0,0],[1,0,0],[0,1,0],[2,33,124]]
[[0,0,0],[1,0,0],[0,1,0],[30,43,124]]
[[0,0,0],[1,0,0],[0,2,0],[13,18,62]]
[[0,0,0],[1,0,0],[1,2,0],[21,10,62]]
[[0,0,0],[1,0,0],[0,1,0],[93,32,124]]
[[0,0,0],[1,0,0],[0,1,0],[100,25,124]]
[[0,0,0],[1,0,0],[0,1,0],[54,123,124]]
[[0,0,0],[1,0,0],[0,1,0],[28,17,124]]
[[0,0,0],[1,0,0],[0,1,0],[34,101,124]]
[[0,0,0],[1,0,0],[0,2,0],[23,40,62]]
[[0,0,0],[1,0,0],[0,1,0],[42,109,124]]
[[0,0,0],[1,0,0],[0,1,0],[30,101,124]]
[[0,0,0],[1,0,0],[0,1,0],[1,37,124]]
[[0,0,0],[1,0,0],[0,1,0],[20,41,124]]
[[0,0,0],[1,0,0],[0,1,0],[66,117,124]]
[[0,0,0],[1,0,0],[0,1,0],[28,49,124]]
[[0,0,0],[1,0,0],[0,1,0],[1,29,124]]
[[0,0,0],[1,0,0],[0,1,0],[12,65,124]]
[[0,0,0],[1,0,0],[0,2,0],[15,48,62]]
[[0,0,0],[1,0,0],[0,1,0],[28,41,124]]
[[0,0,0],[1,0,0],[0,1,0],[30,61,124]]
[[0,0,0],[1,0,0],[0,1,0],[6,47,124]]
[[0,0,0],[1,0,0],[0,1,0],[72,22,124]]
[[0,0,0],[1,0,0],[0,1,0],[6,11,124]]
[[0,0,0],[1,0,0],[0,2,0],[7,8,62]]
[[0,0,0],[1,0,0],[0,1,0],[102,47,124]]
[[0,0,0],[1,0,0],[1,2,0],[9,34,62]]
[[0,0,0],[1,0,0],[0,1,0],[14,49,124]]
[[0,0,0],[1,0,0],[1,2,0],[13,44,62]]
[[0,0,0],[1,0,0],[0,1,0],[22,9,124]]
[[0,0,0],[1,0,0],[0,1,0],[38,23,124]]
[[0,0,0],[1,0,0],[0,1,0],[46,11,124]]
[[0,0,0],[1,0,0],[0,1,0],[30,41,124]]
[[0,0,0],[1,0,0],[0,1,0],[78,87,124]]
[[0,0,0],[1,0,0],[0,1,0],[2,79,124]]
[[0,0,0],[1,0,0],[0,1,0],[24,37,124]]
[[0,0,0],[1,0,0],[0,2,0],[1,10,62]]
[[0,0,0],[1,0,0],[0,1,0],[2,49,124]]
[[0,0,0],[1,0,0],[0,1,0],[60,96,124]]
[[0,0,0],[1,0,0],[0,1,0],[66,99,124]]
[[0,0,0],[1,0,0],[0,1,0],[17,23,124]]
[[0,0,0],[1,0,0],[1,2,0],[37,20,62]]
[[0,0,0],[1,0,0],[0,1,0],[22,7,124]]
[[0,0,0],[1,0,0],[0,1,0],[26,29,124]]
[[0,0,0],[1,0,0],[0,1,0],[40,5,124]]
[[0,0,0],[1,0,0],[0,1,0],[54,3,124]]
[[0,0,0],[1,0,0],[0,1,0],[46,17,124]]
[[0,0,0],[1,0,0],[0,1,0],[18,13,124]]
[[0,0,0],[1,0,0],[1,2,0],[7,22,62]]
[[0,0,0],[1,0,0],[0,1,0],[54,117,124]]
[[0,0,0],[1,0,0],[0,1,0],[42,51,124]]
[[0,0,0],[1,0,0],[0,1,0],[16,121,124]]
[[0,0,0],[1,0,0],[0,1,0],[36,120,124]]
[[0,0,0],[1,0,0],[0,1,0],[90,67,124]]
[[0,0,0],[1,0,0],[0,2,0],[1,4,62]]
[[0,0,0],[1,0,0],[0,1,0],[34,97,124]]
[[0,0,0],[1,0,0],[1,2,0],[21,8,62]]
[[0,0,0],[1,0,0],[0,1,0],[74,57,124]]
[[0,0,0],[1,0,0],[1,2,0],[9,2,62]]
[[0,0,0],[1,0,0],[0,1,0],[26,119,124]]
[[0,0,0],[1,0,0],[0,1,0],[43,103,124]]
[[0,0,0],[1,0,0],[0,1,0],[46,35,124]]
[[0,0,0],[1,0,0],[0,1,0],[116,102,124]]
[[0,0,0],[1,0,0],[0,1,0],[70,15,124]]
[[0,0,0],[1,0,0],[1,2,0],[5,34,62]]
[[0,0,0],[1,0,0],[0,1,0],[106,123,124]]
[[0,0,0],[1,0,0],[0,1,0],[50,25,124]]
[[0,0,0],[1,0,0],[0,2,0],[15,36,62]]
[[0,0,0],[1,0,0],[0,1,0],[74,11,124]]
[[0,0,0],[1,0,0],[0,1,0],[66,61,124]]
[[0,0,0],[1,0,0],[0,1,0],[2,27,124]]
[[0,0,0],[1,0,0],[0,1,0],[32,5,124]]
[[0,0,0],[1,0,0],[0,1,0],[36,117,124]]
[[0,0,0],[1,0,0],[0,1,0],[22,13,124]]
[[0,0,0],[1,0,0],[0,1,0],[20,49,124]]
[[0,0,0],[1,0,0],[0,1,0],[46,47,124]]
[[0,0,0],[1,0,0],[0,1,0],[17,49,124]]
[[0,0,0],[1,0,0],[0,1,0],[1,15,124]]
[[0,0,0],[1,0,0],[0,1,0],[6,83,124]]
[[0,0,0],[1,0,0],[0,1,0],[3,51,124]]
[[0,0,0],[1,0,0],[0,1,0],[18,27,124]]
[[0,0,0],[1,0,0],[0,1,0],[82,27,124]]
[[0,0,0],[1,0,0],[0,1,0],[58,83,124]]
[[0,0,0],[1,0,0],[0,1,0],[16,16,124]]
[[0,0,0],[1,0,0],[0,1,0],[50,107,124]]
[[0,0,0],[1,0,0],[0,1,0],[46,63,124]]
[[0,0,0],[1,0,0],[0,1,0],[26,9,124]]
[[0,0,0],[1,0,0],[0,1,0],[38,103,124]]
[[0,0,0],[1,0,0],[0,1,0],[6,119,124]]
[[0,0,0],[1,0,0],[0,1,0],[50,89,124]]
[[0,0,0],[1,0,0],[0,1,0],[56,38,124]]
[[0,0,0],[1,0,0],[0,2,0],[33,2,62]]
[[0,0,0],[1,0,0],[0,1,0],[32,33,124]]
[[0,0,0],[1,0,0],[1,2,0],[37,14,62]]
[[0,0,0],[1,0,0],[0,1,0],[68,26,124]]
[[0,0,0],[1,0,0],[0,1,0],[10,41,124]]
[[0,0,0],[1,0,0],[0,1,0],[15,43,124]]
[[0,0,0],[1,0,0],[0,1,0],[2,83,124]]
[[0,0,0],[1,0,0],[0,2,0],[45,18,62]]
[[0,0,0],[1,0,0],[0,1,0],[24,17,124]]
[[0,0,0],[1,0,0],[0,1,0],[86,35,124]]
[[0,0,0],[1,0,0],[0,1,0],[63,85,124]]
[[0,0,0],[1,0,0],[0,1,0],[6,15,124]]
[[0,0,0],[1,0,0],[0,1,0],[10,117,124]]
[[0,0,0],[1,0,0],[0,2,0],[19,30,62]]
[[0,0,0],[1,0,0],[0,1,0],[26,11,124]]
[[0,0,0],[1,0,0],[1,2,0],[17,4,62]]
[[0,0,0],[1,0,0],[0,1,0],[18,37,124]]
[[0,0,0],[1,0,0],[0,1,0],[3,57,124]]
[[0,0,0],[1,0,0],[0,1,0],[11,33,124]]
[[0,0,0],[1,0,0],[0,1,0],[50,106,124]]
[[0,0,0],[1,0,0],[0,1,0],[50,55,124]]
[[0,0,0],[1,0,0],[0,1,0],[4,29,124]]
[[0,0,0],[1,0,0],[0,1,0],[5,35,124]]
[[0,0,0],[1,0,0],[0,1,0],[14,113,124]]
[[0,0,0],[1,0,0],[0,1,0],[50,83,124]]
[[0,0,0],[1,0,0],[0,1,0],[30,3,124]]
[[0,0,0],[1,0,0],[0,2,0],[38,50,62]]
[[0,0,0],[1,0,0],[0,1,0],[50,115,124]]
[[0,0,0],[1,0,0],[0,1,0],[52,117,124]]
[[0,0,0],[1,0,0],[0,1,0],[10,27,124]]
[[0,0,0],[1,0,0],[0,2,0],[37,2,62]]
[[0,0,0],[1,0,0],[0,1,0],[72,61,124]]
[[0,0,0],[1,0,0],[0,1,0],[22,53,124]]
[[0,0,0],[1,0,0],[0,1,0],[21,41,124]]
[[0,0,0],[1,0,0],[0,1,0],[16,25,124]]
[[0,0,0],[1,0,0],[0,1,0],[76,61,124]]
[[0,0,0],[1,0,0],[0,1,0],[46,23,124]]
[[0,0,0],[1,0,0],[0,1,0],[8,57,124]]
[[0,0,0],[1,0,0],[0,1,0],[12,33,124]]
[[0,0,0],[1,0,0],[0,1,0],[34,49,124]]
[[0,0,0],[1,0,0],[0,1,0],[58,71,124]]
[[0,0,0],[1,0,0],[0,1,0],[6,91,124]]
[[0,0,0],[1,0,0],[0,1,0],[36,13,124]]
[[0,0,0],[1,0,0],[0,2,0],[54,18,62]]
[[0,0,0],[1,0,0],[0,2,0],[5,14,62]]
[[0,0,0],[1,0,0],[0,1,0],[14,17,124]]
[[0,0,0],[1,0,0],[1,2,0],[13,6,62]]
[[0,0,0],[1,0,0],[0,2,0],[7,50,62]]
[[0,0,0],[1,0,0],[0,1,0],[54,55,124]]
[[0,0,0],[1,0,0],[0,1,0],[43,113,124]]
[[0,0,0],[1,0,0],[0,1,0],[15,35,124]]
[[0,0,0],[1,0,0],[0,1,0],[38,75,124]]
[[0,0,0],[1,0,0],[0,2,0],[5,22,62]]
[[0,0,0],[1,0,0],[0,1,0],[22,61,124]]
[[0,0,0],[1,0,0],[0,1,0],[17,45,124]]
[[0,0,0],[1,0,0],[0,1,0],[50,21,124]]
[[0,0,0],[1,0,0],[0,1,0],[24,39,124]]
[[0,0,0],[1,0,0],[0,1,0],[98,99,124]]
[[0,0,0],[1,0,0],[0,2,0],[11,8,62]]
[[0,0,0],[1,0,0],[0,1,0],[12,81,124]]
[[0,0,0],[1,0,0],[0,1,0],[3,9,124]]
[[0,0,0],[1,0,0],[0,2,0],[3,16,62]]
[[0,0,0],[1,0,0],[0,1,0],[78,15,124]]
[[0,0,0],[1,0,0],[1,2,0],[17,14,62]]
[[0,0,0],[1,0,0],[0,2,0],[5,12,62]]
[[0,0,0],[1,0,0],[0,1,0],[9,39,124]]
[[0,0,0],[1,0,0],[0,1,0],[36,17,124]]
[[0,0,0],[1,0,0],[0,1,0],[40,17,124]]
[[0,0,0],[1,0,0],[1,2,0],[23,16,62]]
[[0,0,0],[1,0,0],[0,1,0],[74,123,124]]
[[0,0,0],[1,0,0],[0,1,0],[34,55,124]]
[[0,0,0],[1,0,0],[0,1,0],[54,101,124]]
[[0,0,0],[1,0,0],[0,1,0],[7,37,124]]
[[0,0,0],[1,0,0],[0,1,0],[26,35,124]]
[[0,0,0],[1,0,0],[0,1,0],[8,9,124]]
[[0,0,0],[1,0,0],[0,2,0],[15,6,62]]
[[0,0,0],[1,0,0],[0,1,0],[40,109,124]]
[[0,0,0],[1,0,0],[0,1,0],[5,7,124]]
[[0,0,0],[1,0,0],[0,1,0],[82,61,124]]
[[0,0,0],[1,0,0],[0,2,0],[15,12,62]]
[[0,0,0],[1,0,0],[0,1,0],[46,27,124]]
[[0,0,0],[1,0,0],[0,1,0],[5,13,124]]
[[0,0,0],[1,0,0],[0,1,0],[14,43,124]]
[[0,0,0],[1,0,0],[0,1,0],[4,65,124]]
[[0,0,0],[1,0,0],[0,1,0],[18,9,124]]
[[0,0,0],[1,0,0],[0,1,0],[3,17,124]]
[[0,0,0],[1,0,0],[0,1,0],[3,13,124]]
[[0,0,0],[1,0,0],[0,1,0],[90,71,124]]
[[0,0,0],[1,0,0],[0,1,0],[34,63,124]]
[[0,0,0],[1,0,0],[0,1,0],[14,27,124]]
[[0,0,0],[1,0,0],[0,1,0],[2,61,124]]
[[0,0,0],[1,0,0],[0,1,0],[42,119,124]]
[[0,0,0],[1,0,0],[1,2,0],[7,26,62]]
[[0,0,0],[1,0,0],[0,1,0],[14,33,124]]
[[0,0,0],[1,0,0],[0,1,0],[10,121,124]]
[[0,0,0],[1,0,0],[0,1,0],[5,89,124]]
[[0,0,0],[1,0,0],[1,2,0],[15,42,62]]
[[0,0,0],[1,0,0],[0,2,0],[35,2,62]]
[[0,0,0],[1,0,0],[1,2,0],[47,36,62]]
[[0,0,0],[1,0,0],[1,2,0],[19,6,62]]
[[0,0,0],[1,0,0],[0,1,0],[42,43,124]]
[[0,0,0],[1,0,0],[0,1,0],[18,45,124]]
[[0,0,0],[1,0,0],[0,1,0],[58,98,124]]
[[0,0,0],[1,0,0],[0,1,0],[15,111,124]]
[[0,0,0],[1,0,0],[0,1,0],[106,23,124]]
[[0,0,0],[1,0,0],[0,1,0],[56,7,124]]
[[0,0,0],[1,0,0],[0,1,0],[70,103,124]]
[[0,0,0],[1,0,0],[0,1,0],[8,77,124]]
[[0,0,0],[1,0,0],[0,1,0],[42,71,124]]
[[0,0,0],[1,0,0],[0,1,0],[6,27,124]]
[[0,0,0],[1,0,0],[1,2,0],[21,2,62]]
[[0,0,0],[1,0,0],[0,2,0],[33,60,62]]
[[0,0,0],[1,0,0],[0,1,0],[66,19,124]]
[[0,0,0],[1,0,0],[0,1,0],[2,85,124]]
[[0,0,0],[1,0,0],[0,1,0],[4,109,124]]
[[0,0,0],[2,0,0],[0,1,0],[31,32,62]]
[[0,0,0],[1,0,0],[1,2,0],[11,28,62]]
[[0,0,0],[1,0,0],[0,1,0],[82,11,124]]
[[0,0,0],[1,0,0],[0,1,0],[46,95,124]]
[[0,0,0],[1,0,0],[0,2,0],[15,8,62]]
[[0,0,0],[1,0,0],[0,1,0],[11,51,124]]
[[0,0,0],[1,0,0],[0,2,0],[37,52,62]]
[[0,0,0],[1,0,0],[0,1,0],[38,29,124]]
[[0,0,0],[1,0,0],[0,1,0],[14,23,124]]
[[0,0,0],[1,0,0],[0,1,0],[14,121,124]]
[[0,0,0],[1,0,0],[0,1,0],[18,87,124]]
[[0,0,0],[1,0,0],[0,1,0],[54,81,124]]
[[0,0,0],[1,0,0],[0,1,0],[16,21,124]]
[[0,0,0],[1,0,0],[0,1,0],[11,41,124]]
[[0,0,0],[1,0,0],[0,1,0],[20,73,124]]
[[0,0,0],[1,0,0],[0,1,0],[18,1,124]]
[[0,0,0],[1,0,0],[0,1,0],[6,51,124]]
[[0,0,0],[1,0,0],[0,1,0],[22,95,124]]
[[0,0,0],[1,0,0],[1,2,0],[23,54,62]]
[[0,0,0],[1,0,0],[0,1,0],[80,14,124]]
[[0,0,0],[1,0,0],[0,1,0],[70,79,124]]
[[0,0,0],[1,0,0],[0,1,0],[14,81,124]]
[[0,0,0],[1,0,0],[0,1,0],[10,75,124]]
[[0,0,0],[1,0,0],[0,1,0],[18,21,124]]
[[0,0,0],[1,0,0],[0,1,0],[18,3,124]]
[[0,0,0],[1,0,0],[0,1,0],[8,97,124]]
[[0,0,0],[1,0,0],[0,1,0],[28,29,124]]
[[0,0,0],[1,0,0],[1,2,0],[5,16,62]]
[[0,0,0],[1,0,0],[0,1,0],[22,19,124]]
[[0,0,0],[1,0,0],[0,1,0],[40,89,124]]
[[0,0,0],[1,0,0],[1,2,0],[3,34,62]]
[[0,0,0],[1,0,0],[0,1,0],[12,82,124]]
[[0,0,0],[1,0,0],[0,1,0],[74,99,124]]
[[0,0,0],[1,0,0],[0,1,0],[35,121,124]]
[[0,0,0],[1,0,0],[0,1,0],[3,5,124]]
[[0,0,0],[1,0,0],[0,1,0],[14,51,124]]
[[0,0,0],[1,0,0],[0,1,0],[18,35,124]]
[[0,0,0],[1,0,0],[1,2,0],[29,2,62]]
[[0,0,0],[1,0,0],[0,1,0],[5,33,124]]
[[0,0,0],[1,0,0],[1,2,0],[29,4,62]]
[[0,0,0],[1,0,0],[0,1,0],[38,25,124]]
[[0,0,0],[1,0,0],[1,2,0],[27,2,62]]
[[0,0,0],[1,0,0],[0,2,0],[19,26,62]]
[[0,0,0],[1,0,0],[0,1,0],[42,114,124]]
[[0,0,0],[1,0,0],[0,1,0],[70,115,124]]
[[0,0,0],[1,0,0],[0,1,0],[30,63,124]]
[[0,0,0],[1,0,0],[1,2,0],[19,8,62]]
[[0,0,0],[1,0,0],[0,1,0],[16,109,124]]
[[0,0,0],[1,0,0],[0,1,0],[10,13,124]]
[[0,0,0],[1,0,0],[0,1,0],[19,45,124]]
[[0,0,0],[1,0,0],[0,1,0],[19,75,124]]
[[0,0,0],[1,0,0],[0,1,0],[38,27,124]]
[[0,0,0],[1,0,0],[0,1,0],[22,43,124]]
[[0,0,0],[1,0,0],[0,1,0],[11,29,124]]
[[0,0,0],[1,0,0],[1,2,0],[29,60,62]]
[[0,0,0],[1,0,0],[0,1,0],[86,77,124]]
[[0,0,0],[1,0,0],[1,2,0],[7,30,62]]
[[0,0,0],[1,0,0],[0,1,0],[6,71,124]]
[[0,0,0],[1,0,0],[0,1,0],[20,65,124]]
[[0,0,0],[1,0,0],[0,1,0],[5,27,124]]
[[0,0,0],[1,0,0],[0,1,0],[58,75,124]]
[[0,0,0],[1,0,0],[0,1,0],[11,115,124]]
[[0,0,0],[1,0,0],[0,1,0],[10,73,124]]
[[0,0,0],[1,0,0],[0,1,0],[33,123,124]]
[[0,0,0],[1,0,0],[1,2,0],[21,50,62]]
[[0,0,0],[1,0,0],[0,1,0],[36,101,124]]
[[0,0,0],[1,0,0],[0,1,0],[6,81,124]]
[[0,0,0],[1,0,0],[0,1,0],[29,97,124]]
[[0,0,0],[1,0,0],[0,1,0],[14,53,124]]
[[0,0,0],[1,0,0],[0,1,0],[34,27,124]]
[[0,0,0],[1,0,0],[0,2,0],[53,20,62]]
[[0,0,0],[1,0,0],[0,1,0],[46,123,124]]
