[[0,0,0],[1,0,0],[0,1,0],[3,11,13]]
[[0,0,0],[1,0,0],[0,1,0],[1,2,13]]
[[0,0,0],[1,0,0],[0,1,0],[2,12,13]]
[[0,0,0],[1,0,0],[0,1,0],[2,2,13]]
[[0,0,0],[1,0,0],[0,1,0],[2,6,13]]
[[0,0,0],[1,0,0],[0,1,0],[3,3,13]]
[[0,0,0],[1,0,0],[0,1,0],[4,4,13]]
[[0,0,0],[1,0,0],[0,1,0],[0,1,13]]
[[0,0,0],[1,0,0],[0,1,0],[2,3,13]]
[[0,0,0],[1,0,0],[0,1,0],[1,3,13]]
[[0,0,0],[1,0,0],[0,1,0],[3,12,13]]
[[0,0,0],[1,0,0],[0,1,0],[4,10,13]]
[[0,0,0],[1,0,0],[0,1,0],[1,1,13]]
[[0,0,0],[1,0,0],[0,1,0],[1,5,13]]
[[0,0,0],[1,0,0],[0,1,0],[2,4,13]]
