[[0,0,0],[1,0,0],[0,1,0],[58,112,130]]
[[0,0,0],[1,0,0],[0,1,0],[35,44,130]]
[[0,0,0],[1,0,0],[0,1,0],[15,41,130]]
[[0,0,0],[1,0,0],[0,1,0],[117,92,130]]
[[0,0,0],[1,0,0],[0,1,0],[19,21,130]]
[[0,0,0],[1,0,0],[0,1,0],[43,63,130]]
[[0,0,0],[1,0,0],[0,1,0],[33,123,130]]
[[0,0,0],[1,0,0],[0,1,0],[100,44,130]]
[[0,0,0],[1,0,0],[0,1,0],[54,92,130]]
[[0,0,0],[1,0,0],[0,1,0],[16,51,130]]
[[0,0,0],[1,0,0],[0,1,0],[30,21,130]]
[[0,0,0],[1,0,0],[0,1,0],[35,31,130]]
[[0,0,0],[1,0,0],[0,1,0],[64,69,130]]
[[0,0,0],[1,0,0],[0,1,0],[48,122,130]]
[[0,0,0],[1,0,0],[0,1,0],[2,34,130]]
[[0,0,0],[1,0,0],[0,1,0],[18,3,130]]
[[0,0,0],[1,0,0],[0,1,0],[54,116,130]]
[[0,0,0],[1,0,0],[0,1,0],[80,77,130]]
[[0,0,0],[1,0,0],[0,1,0],[32,112,130]]
[[0,0,0],[1,0,0],[0,1,0],[35,76,130]]
[[0,0,0],[1,0,0],[0,1,0],[9,123,130]]
[[0,0,0],[1,0,0],[0,1,0],[44,97,130]]
[[0,0,0],[1,0,0],[0,1,0],[2,97,130]]
[[0,0,0],[1,0,0],[0,1,0],[82,51,130]]
[[0,0,0],[1,0,0],[0,1,0],[100,57,130]]
[[0,0,0],[1,0,0],[0,1,0],[80,12,130]]
[[0,0,0],[1,0,0],[0,1,0],[9,77,130]]
[[0,0,0],[1,0,0],[0,1,0],[46,123,130]]
[[0,0,0],[1,0,0],[0,1,0],[6,71,130]]
[[0,0,0],[1,0,0],[0,1,0],[8,97,130]]
[[0,0,0],[1,0,0],[0,1,0],[58,58,130]]
[[0,0,0],[1,0,0],[0,1,0],[32,41,130]]
[[0,0,0],[1,0,0],[0,1,0],[37,49,130]]
[[0,0,0],[1,0,0],[0,1,0],[92,124,130]]
[[0,0,0],[1,0,0],[0,1,0],[54,81,130]]
[[0,0,0],[1,0,0],[0,1,0],[10,30,130]]
[[0,0,0],[1,0,0],[0,1,0],[14,23,130]]
[[0,0,0],[1,0,0],[0,1,0],[85,98,130]]
[[0,0,0],[1,0,0],[0,1,0],[35,122,130]]
[[0,0,0],[1,0,0],[0,1,0],[1,7,130]]
[[0,0,0],[1,0,0],[0,1,0],[38,97,130]]
[[0,0,0],[1,0,0],[0,1,0],[28,64,130]]
[[0,0,0],[2,0,0],[0,1,0],[20,31,65]]
[[0,0,0],[1,0,0],[0,1,0],[55,96,130]]
[[0,0,0],[1,0,0],[0,1,0],[96,69,130]]
[[0,0,0],[1,0,0],[0,1,0],[36,101,130]]
[[0,0,0],[1,0,0],[0,1,0],[56,119,130]]
[[0,0,0],[1,0,0],[0,1,0],[14,112,130]]
[[0,0,0],[1,0,0],[0,1,0],[22,34,130]]
[[0,0,0],[1,0,0],[0,1,0],[7,51,130]]
[[0,0,0],[1,0,0],[0,1,0],[37,109,130]]
[[0,0,0],[1,0,0],[0,1,0],[4,107,130]]
[[0,0,0],[1,0,0],[0,1,0],[62,81,130]]
[[0,0,0],[1,0,0],[0,1,0],[46,127,130]]
[[0,0,0],[1,0,0],[0,1,0],[6,8,130]]
[[0,0,0],[1,0,0],[0,1,0],[15,116,130]]
[[0,0,0],[1,0,0],[0,1,0],[34,102,130]]
[[0,0,0],[1,0,0],[0,1,0],[105,16,130]]
[[0,0,0],[1,0,0],[0,1,0],[36,107,130]]
[[0,0,0],[1,0,0],[0,1,0],[32,84,130]]
[[0,0,0],[1,0,0],[0,1,0],[42,129,130]]
[[0,0,0],[1,0,0],[1,2,0],[14,15,65]]
[[0,0,0],[1,0,0],[0,1,0],[24,33,130]]
[[0,0,0],[1,0,0],[0,1,0],[6,21,130]]
[[0,0,0],[1,0,0],[0,1,0],[4,22,130]]
[[0,0,0],[1,0,0],[0,1,0],[91,105,130]]
[[0,0,0],[2,0,0],[0,1,0],[26,27,65]]
[[0,0,0],[1,0,0],[0,1,0],[56,93,130]]
[[0,0,0],[1,0,0],[0,1,0],[108,114,130]]
[[0,0,0],[1,0,0],[1,2,0],[40,35,65]]
[[0,0,0],[1,0,0],[0,1,0],[30,121,130]]
[[0,0,0],[1,0,0],[0,1,0],[34,127,130]]
[[0,0,0],[2,0,0],[0,1,0],[5,18,65]]
[[0,0,0],[1,0,0],[0,1,0],[24,68,130]]
[[0,0,0],[1,0,0],[0,1,0],[28,38,130]]
[[0,0,0],[1,0,0],[0,1,0],[66,101,130]]
[[0,0,0],[1,0,0],[0,1,0],[64,73,130]]
[[0,0,0],[1,0,0],[0,1,0],[58,107,130]]
[[0,0,0],[1,0,0],[0,1,0],[12,21,130]]
[[0,0,0],[1,0,0],[0,1,0],[10,108,130]]
[[0,0,0],[1,0,0],[0,1,0],[21,31,130]]
[[0,0,0],[1,0,0],[0,1,0],[46,37,130]]
[[0,0,0],[1,0,0],[0,1,0],[91,79,130]]
[[0,0,0],[1,0,0],[0,1,0],[15,106,130]]
[[0,0,0],[1,0,0],[0,1,0],[6,29,130]]
[[0,0,0],[1,0,0],[0,1,0],[75,6,130]]
[[0,0,0],[1,0,0],[0,1,0],[57,109,130]]
[[0,0,0],[1,0,0],[0,1,0],[95,62,130]]
[[0,0,0],[1,0,0],[0,1,0],[35,86,130]]
[[0,0,0],[1,0,0],[0,1,0],[102,49,130]]
[[0,0,0],[1,0,0],[0,1,0],[16,59,130]]
[[0,0,0],[1,0,0],[0,1,0],[4,36,130]]
[[0,0,0],[1,0,0],[0,1,0],[12,41,130]]
[[0,0,0],[1,0,0],[0,1,0],[4,129,130]]
[[0,0,0],[1,0,0],[0,1,0],[8,27,130]]
[[0,0,0],[1,0,0],[0,1,0],[94,47,130]]
[[0,0,0],[1,0,0],[0,1,0],[34,72,130]]
[[0,0,0],[1,0,0],[0,1,0],[20,61,130]]
[[0,0,0],[1,0,0],[0,1,0],[60,97,130]]
[[0,0,0],[1,0,0],[0,1,0],[12,97,130]]
[[0,0,0],[2,0,0],[0,1,0],[30,61,65]]
[[0,0,0],[1,0,0],[0,1,0],[18,88,130]]
[[0,0,0],[1,0,0],[0,1,0],[2,38,130]]
[[0,0,0],[1,0,0],[0,1,0],[118,63,130]]
[[0,0,0],[1,0,0],[0,1,0],[11,123,130]]
[[0,0,0],[1,0,0],[0,1,0],[7,33,130]]
[[0,0,0],[1,0,0],[0,1,0],[95,66,130]]
[[0,0,0],[1,0,0],[0,1,0],[16,83,130]]
[[0,0,0],[1,0,0],[0,1,0],[38,108,130]]
[[0,0,0],[1,0,0],[0,1,0],[32,37,130]]
[[0,0,0],[1,0,0],[0,1,0],[6,81,130]]
[[0,0,0],[1,0,0],[0,1,0],[45,66,130]]
[[0,0,0],[1,0,0],[0,1,0],[42,97,130]]
[[0,0,0],[1,0,0],[0,1,0],[12,54,130]]
[[0,0,0],[1,0,0],[0,1,0],[36,51,130]]
[[0,0,0],[1,0,0],[0,1,0],[35,51,130]]
[[0,0,0],[2,0,0],[0,1,0],[35,31,65]]
[[0,0,0],[1,0,0],[0,1,0],[20,7,130]]
[[0,0,0],[1,0,0],[0,1,0],[75,43,130]]
[[0,0,0],[1,0,0],[0,1,0],[86,83,130]]
[[0,0,0],[1,0,0],[0,1,0],[8,31,130]]
[[0,0,0],[1,0,0],[0,1,0],[74,47,130]]
[[0,0,0],[2,0,0],[0,1,0],[10,31,65]]
[[0,0,0],[1,0,0],[0,1,0],[80,116,130]]
[[0,0,0],[2,0,0],[0,1,0],[13,40,65]]
[[0,0,0],[1,0,0],[0,1,0],[16,11,130]]
[[0,0,0],[1,0,0],[0,1,0],[64,17,130]]
[[0,0,0],[1,0,0],[0,1,0],[4,127,130]]
[[0,0,0],[1,0,0],[0,1,0],[26,27,130]]
[[0,0,0],[1,0,0],[0,1,0],[5,121,130]]
[[0,0,0],[1,0,0],[0,1,0],[66,129,130]]
[[0,0,0],[1,0,0],[0,1,0],[2,54,130]]
[[0,0,0],[1,0,0],[0,1,0],[115,46,130]]
[[0,0,0],[1,0,0],[0,1,0],[118,118,130]]
[[0,0,0],[1,0,0],[0,1,0],[2,47,130]]
[[0,0,0],[1,0,0],[0,1,0],[8,103,130]]
[[0,0,0],[5,0,0],[0,1,0],[13,1,26]]
[[0,0,0],[5,0,0],[0,1,0],[13,14,26]]
[[0,0,0],[1,0,0],[0,1,0],[72,49,130]]
[[0,0,0],[1,0,0],[0,1,0],[11,19,130]]
[[0,0,0],[1,0,0],[0,1,0],[3,61,130]]
[[0,0,0],[1,0,0],[0,1,0],[28,129,130]]
[[0,0,0],[2,0,0],[0,1,0],[45,24,65]]
[[0,0,0],[1,0,0],[0,1,0],[18,61,130]]
[[0,0,0],[1,0,0],[0,1,0],[122,61,130]]
[[0,0,0],[1,0,0],[0,1,0],[62,108,130]]
[[0,0,0],[1,0,0],[0,1,0],[24,42,130]]
[[0,0,0],[1,0,0],[0,1,0],[47,129,130]]
[[0,0,0],[1,0,0],[0,1,0],[30,71,130]]
[[0,0,0],[1,0,0],[0,1,0],[68,88,130]]
[[0,0,0],[1,0,0],[0,1,0],[34,84,130]]
[[0,0,0],[1,0,0],[0,1,0],[14,7,130]]
[[0,0,0],[1,0,0],[0,1,0],[28,43,130]]
[[0,0,0],[1,0,0],[0,1,0],[10,61,130]]
[[0,0,0],[1,0,0],[0,1,0],[55,106,130]]
[[0,0,0],[1,0,0],[0,1,0],[35,6,130]]
[[0,0,0],[1,0,0],[0,1,0],[5,22,130]]
[[0,0,0],[1,0,0],[0,1,0],[77,129,130]]
[[0,0,0],[1,0,0],[0,1,0],[68,43,130]]
[[0,0,0],[1,0,0],[0,1,0],[3,31,130]]
[[0,0,0],[1,0,0],[0,1,0],[64,123,130]]
[[0,0,0],[1,0,0],[0,1,0],[88,69,130]]
[[0,0,0],[1,0,0],[0,1,0],[9,107,130]]
[[0,0,0],[1,0,0],[0,1,0],[2,84,130]]
[[0,0,0],[1,0,0],[0,1,0],[12,107,130]]
[[0,0,0],[1,0,0],[0,1,0],[36,21,130]]
[[0,0,0],[1,0,0],[0,1,0],[2,101,130]]
[[0,0,0],[1,0,0],[0,1,0],[28,71,130]]
[[0,0,0],[1,0,0],[0,1,0],[38,31,130]]
[[0,0,0],[2,0,0],[0,1,0],[45,51,65]]
[[0,0,0],[1,0,0],[0,1,0],[100,83,130]]
[[0,0,0],[1,0,0],[0,1,0],[38,88,130]]
[[0,0,0],[1,0,0],[0,1,0],[17,99,130]]
[[0,0,0],[1,0,0],[0,1,0],[24,49,130]]
[[0,0,0],[1,0,0],[0,1,0],[62,74,130]]
[[0,0,0],[1,0,0],[0,1,0],[105,106,130]]
[[0,0,0],[1,0,0],[0,1,0],[48,129,130]]
[[0,0,0],[1,0,0],[0,1,0],[6,112,130]]
[[0,0,0],[1,0,0],[0,1,0],[2,107,130]]
[[0,0,0],[1,0,0],[0,1,0],[2,43,130]]
[[0,0,0],[1,0,0],[0,1,0],[33,99,130]]
[[0,0,0],[1,0,0],[0,1,0],[114,57,130]]
[[0,0,0],[2,0,0],[0,1,0],[5,36,65]]
[[0,0,0],[1,0,0],[0,1,0],[56,62,130]]
[[0,0,0],[1,0,0],[0,1,0],[5,111,130]]
[[0,0,0],[1,0,0],[0,1,0],[35,101,130]]
[[0,0,0],[1,0,0],[0,1,0],[122,124,130]]
[[0,0,0],[1,0,0],[0,1,0],[37,47,130]]
[[0,0,0],[1,0,0],[0,1,0],[38,47,130]]
[[0,0,0],[1,0,0],[0,1,0],[2,14,130]]
[[0,0,0],[1,0,0],[0,1,0],[90,28,130]]
[[0,0,0],[1,0,0],[0,1,0],[17,121,130]]
[[0,0,0],[1,0,0],[0,1,0],[84,107,130]]
[[0,0,0],[1,0,0],[0,1,0],[48,93,130]]
[[0,0,0],[2,0,0],[0,1,0],[39,14,65]]
[[0,0,0],[1,0,0],[0,1,0],[32,21,130]]
[[0,0,0],[1,0,0],[0,1,0],[5,106,130]]
[[0,0,0],[1,0,0],[0,1,0],[76,73,130]]
[[0,0,0],[1,0,0],[0,1,0],[2,21,130]]
[[0,0,0],[1,0,0],[0,1,0],[3,43,130]]
[[0,0,0],[1,0,0],[0,1,0],[5,6,130]]
[[0,0,0],[1,0,0],[0,1,0],[8,113,130]]
[[0,0,0],[1,0,0],[0,1,0],[46,46,130]]
[[0,0,0],[1,0,0],[0,1,0],[90,106,130]]
[[0,0,0],[2,0,0],[0,1,0],[5,41,65]]
[[0,0,0],[1,0,0],[0,1,0],[12,9,130]]
[[0,0,0],[1,0,0],[0,1,0],[42,74,130]]
[[0,0,0],[1,0,0],[0,1,0],[10,56,130]]
[[0,0,0],[1,0,0],[0,1,0],[64,106,130]]
[[0,0,0],[1,0,0],[0,1,0],[42,111,130]]
[[0,0,0],[1,0,0],[0,1,0],[54,102,130]]
[[0,0,0],[1,0,0],[0,1,0],[72,9,130]]
[[0,0,0],[1,0,0],[0,1,0],[72,129,130]]
[[0,0,0],[1,0,0],[0,1,0],[18,68,130]]
[[0,0,0],[1,0,0],[0,1,0],[34,123,130]]
[[0,0,0],[1,0,0],[0,1,0],[14,42,130]]
[[0,0,0],[1,0,0],[0,1,0],[55,102,130]]
[[0,0,0],[1,0,0],[0,1,0],[68,118,130]]
[[0,0,0],[1,0,0],[0,1,0],[49,57,130]]
[[0,0,0],[1,0,0],[0,2,0],[55,35,65]]
[[0,0,0],[1,0,0],[0,1,0],[82,119,130]]
[[0,0,0],[1,0,0],[0,1,0],[5,16,130]]
[[0,0,0],[1,0,0],[0,1,0],[32,86,130]]
[[0,0,0],[1,0,0],[0,1,0],[42,9,130]]
[[0,0,0],[1,0,0],[0,1,0],[9,83,130]]
[[0,0,0],[1,0,0],[0,1,0],[37,107,130]]
[[0,0,0],[1,0,0],[0,1,0],[10,11,130]]
[[0,0,0],[1,0,0],[0,1,0],[102,29,130]]
[[0,0,0],[1,0,0],[0,1,0],[4,9,130]]
[[0,0,0],[1,0,0],[0,1,0],[11,11,130]]
[[0,0,0],[1,0,0],[0,1,0],[28,11,130]]
[[0,0,0],[1,0,0],[0,1,0],[38,63,130]]
[[0,0,0],[1,0,0],[0,1,0],[12,93,130]]
[[0,0,0],[1,0,0],[0,1,0],[22,121,130]]
[[0,0,0],[1,0,0],[0,1,0],[114,122,130]]
[[0,0,0],[1,0,0],[0,1,0],[17,57,130]]
[[0,0,0],[1,0,0],[0,1,0],[50,101,130]]
[[0,0,0],[1,0,0],[0,1,0],[12,53,130]]
[[0,0,0],[1,0,0],[0,1,0],[44,41,130]]
[[0,0,0],[1,0,0],[0,1,0],[18,83,130]]
[[0,0,0],[1,0,0],[0,1,0],[22,99,130]]
[[0,0,0],[1,0,0],[0,1,0],[28,23,130]]
[[0,0,0],[1,0,0],[0,1,0],[8,118,130]]
[[0,0,0],[1,0,0],[0,1,0],[46,59,130]]
[[0,0,0],[1,0,0],[0,1,0],[15,25,130]]
[[0,0,0],[1,0,0],[0,1,0],[5,48,130]]
[[0,0,0],[1,0,0],[0,1,0],[96,126,130]]
[[0,0,0],[1,0,0],[0,1,0],[48,118,130]]
[[0,0,0],[1,0,0],[0,1,0],[108,83,130]]
[[0,0,0],[1,0,0],[0,1,0],[40,101,130]]
[[0,0,0],[1,0,0],[0,1,0],[85,96,130]]
[[0,0,0],[1,0,0],[0,1,0],[12,61,130]]
[[0,0,0],[1,0,0],[0,1,0],[8,73,130]]
[[0,0,0],[1,0,0],[0,1,0],[39,1,130]]
[[0,0,0],[1,0,0],[0,1,0],[64,27,130]]
[[0,0,0],[1,0,0],[0,1,0],[45,8,130]]
[[0,0,0],[1,0,0],[0,1,0],[27,119,130]]
[[0,0,0],[1,0,0],[0,1,0],[1,21,130]]
[[0,0,0],[1,0,0],[0,1,0],[11,81,130]]
[[0,0,0],[1,0,0],[0,1,0],[8,43,130]]
[[0,0,0],[1,0,0],[0,1,0],[21,27,130]]
[[0,0,0],[1,0,0],[0,1,0],[54,47,130]]
[[0,0,0],[1,0,0],[0,1,0],[3,73,130]]
[[0,0,0],[1,0,0],[0,2,0],[45,55,65]]
[[0,0,0],[1,0,0],[0,1,0],[125,36,130]]
[[0,0,0],[2,0,0],[0,1,0],[15,16,65]]
[[0,0,0],[1,0,0],[0,1,0],[12,7,130]]
[[0,0,0],[1,0,0],[0,1,0],[34,53,130]]
[[0,0,0],[1,0,0],[0,1,0],[22,31,130]]
[[0,0,0],[1,0,0],[0,1,0],[16,24,130]]
[[0,0,0],[1,0,0],[0,1,0],[18,118,130]]
[[0,0,0],[1,0,0],[0,1,0],[24,21,130]]
[[0,0,0],[1,0,0],[0,1,0],[41,51,130]]
[[0,0,0],[1,0,0],[0,1,0],[28,1,130]]
[[0,0,0],[1,0,0],[0,1,0],[125,6,130]]
[[0,0,0],[1,0,0],[1,2,0],[40,30,65]]
[[0,0,0],[1,0,0],[0,1,0],[3,19,130]]
[[0,0,0],[1,0,0],[0,1,0],[55,56,130]]
[[0,0,0],[1,0,0],[0,1,0],[72,72,130]]
[[0,0,0],[1,0,0],[0,1,0],[68,11,130]]
[[0,0,0],[1,0,0],[0,1,0],[85,51,130]]
[[0,0,0],[1,0,0],[0,1,0],[20,59,130]]
[[0,0,0],[1,0,0],[0,1,0],[105,86,130]]
[[0,0,0],[1,0,0],[0,1,0],[27,27,130]]
[[0,0,0],[1,0,0],[0,1,0],[16,71,130]]
[[0,0,0],[1,0,0],[0,2,0],[50,45,65]]
[[0,0,0],[1,0,0],[0,1,0],[13,66,130]]
[[0,0,0],[1,0,0],[0,1,0],[72,69,130]]
[[0,0,0],[1,0,0],[0,1,0],[62,124,130]]
[[0,0,0],[1,0,0],[0,1,0],[12,114,130]]
[[0,0,0],[1,0,0],[0,1,0],[18,57,130]]
[[0,0,0],[1,0,0],[0,1,0],[18,47,130]]
[[0,0,0],[1,0,0],[0,1,0],[4,83,130]]
[[0,0,0],[1,0,0],[0,1,0],[55,86,130]]
[[0,0,0],[1,0,0],[0,1,0],[32,124,130]]
[[0,0,0],[1,0,0],[0,1,0],[12,67,130]]
[[0,0,0],[1,0,0],[0,1,0],[6,69,130]]
[[0,0,0],[1,0,0],[0,1,0],[1,49,130]]
[[0,0,0],[1,0,0],[0,1,0],[7,21,130]]
[[0,0,0],[1,0,0],[0,1,0],[18,74,130]]
[[0,0,0],[1,0,0],[0,1,0],[2,24,130]]
[[0,0,0],[1,0,0],[0,1,0],[34,62,130]]
[[0,0,0],[1,0,0],[0,1,0],[22,29,130]]
[[0,0,0],[1,0,0],[0,1,0],[6,93,130]]
[[0,0,0],[1,0,0],[0,1,0],[60,81,130]]
[[0,0,0],[1,0,0],[0,1,0],[12,23,130]]
[[0,0,0],[1,0,0],[0,1,0],[25,86,130]]
[[0,0,0],[1,0,0],[0,1,0],[7,69,130]]
[[0,0,0],[1,0,0],[0,1,0],[58,7,130]]
[[0,0,0],[1,0,0],[0,1,0],[76,94,130]]
[[0,0,0],[1,0,0],[0,1,0],[15,126,130]]
[[0,0,0],[1,0,0],[0,1,0],[75,81,130]]
[[0,0,0],[1,0,0],[0,1,0],[6,101,130]]
[[0,0,0],[1,0,0],[0,1,0],[48,109,130]]
[[0,0,0],[1,0,0],[0,1,0],[54,62,130]]
[[0,0,0],[1,0,0],[0,1,0],[34,121,130]]
[[0,0,0],[1,0,0],[0,1,0],[48,121,130]]
[[0,0,0],[1,0,0],[0,1,0],[32,3,130]]
[[0,0,0],[1,0,0],[0,1,0],[112,124,130]]
[[0,0,0],[1,0,0],[0,1,0],[11,107,130]]
[[0,0,0],[2,0,0],[0,1,0],[52,40,65]]
[[0,0,0],[1,0,0],[0,1,0],[3,7,130]]
[[0,0,0],[1,0,0],[0,1,0],[85,56,130]]
[[0,0,0],[1,0,0],[0,1,0],[82,129,130]]
[[0,0,0],[1,0,0],[0,1,0],[2,53,130]]
[[0,0,0],[1,0,0],[0,1,0],[75,56,130]]
[[0,0,0],[1,0,0],[0,1,0],[62,84,130]]
[[0,0,0],[1,0,0],[0,1,0],[3,63,130]]
[[0,0,0],[1,0,0],[0,1,0],[36,119,130]]
[[0,0,0],[1,0,0],[0,1,0],[15,71,130]]
[[0,0,0],[1,0,0],[0,1,0],[64,127,130]]
[[0,0,0],[1,0,0],[0,1,0],[90,15,130]]
[[0,0,0],[1,0,0],[0,1,0],[11,47,130]]
[[0,0,0],[1,0,0],[0,1,0],[6,61,130]]
[[0,0,0],[1,0,0],[0,1,0],[8,67,130]]
[[0,0,0],[1,0,0],[0,1,0],[65,66,130]]
[[0,0,0],[1,0,0],[0,1,0],[100,31,130]]
[[0,0,0],[1,0,0],[0,1,0],[38,58,130]]
[[0,0,0],[1,0,0],[0,1,0],[22,69,130]]
[[0,0,0],[1,0,0],[0,1,0],[2,93,130]]
[[0,0,0],[1,0,0],[0,1,0],[5,41,130]]
[[0,0,0],[1,0,0],[0,1,0],[18,113,130]]
[[0,0,0],[1,0,0],[0,1,0],[21,97,130]]
[[0,0,0],[1,0,0],[0,1,0],[62,3,130]]
[[0,0,0],[1,0,0],[0,1,0],[3,59,130]]
[[0,0,0],[1,0,0],[0,1,0],[9,21,130]]
[[0,0,0],[1,0,0],[0,1,0],[18,59,130]]
[[0,0,0],[1,0,0],[0,1,0],[36,1,130]]
[[0,0,0],[1,0,0],[0,1,0],[27,129,130]]
[[0,0,0],[1,0,0],[0,1,0],[45,125,130]]
[[0,0,0],[1,0,0],[0,1,0],[6,9,130]]
[[0,0,0],[1,0,0],[0,1,0],[33,63,130]]
[[0,0,0],[1,0,0],[0,1,0],[52,14,130]]
[[0,0,0],[1,0,0],[0,1,0],[60,71,130]]
[[0,0,0],[1,0,0],[0,1,0],[15,21,130]]
[[0,0,0],[1,0,0],[0,1,0],[18,53,130]]
[[0,0,0],[1,0,0],[0,1,0],[20,121,130]]
[[0,0,0],[1,0,0],[0,1,0],[35,56,130]]
[[0,0,0],[1,0,0],[0,1,0],[34,9,130]]
[[0,0,0],[1,0,0],[0,1,0],[24,129,130]]
[[0,0,0],[1,0,0],[0,1,0],[4,23,130]]
[[0,0,0],[1,0,0],[0,1,0],[75,76,130]]
[[0,0,0],[1,0,0],[0,1,0],[42,3,130]]
[[0,0,0],[1,0,0],[0,1,0],[6,103,130]]
[[0,0,0],[1,0,0],[0,1,0],[14,32,130]]
[[0,0,0],[1,0,0],[0,1,0],[54,1,130]]
[[0,0,0],[1,0,0],[0,1,0],[42,121,130]]
[[0,0,0],[1,0,0],[0,2,0],[5,5,65]]
[[0,0,0],[1,0,0],[0,1,0],[85,86,130]]
[[0,0,0],[1,0,0],[0,1,0],[14,57,130]]
[[0,0,0],[1,0,0],[0,1,0],[8,69,130]]
[[0,0,0],[1,0,0],[0,1,0],[80,51,130]]
[[0,0,0],[1,0,0],[0,1,0],[62,29,130]]
[[0,0,0],[1,0,0],[0,1,0],[38,101,130]]
[[0,0,0],[1,0,0],[0,1,0],[7,7,130]]
[[0,0,0],[1,0,0],[0,1,0],[2,119,130]]
[[0,0,0],[1,0,0],[0,1,0],[70,111,130]]
[[0,0,0],[1,0,0],[0,1,0],[64,122,130]]
[[0,0,0],[1,0,0],[0,1,0],[56,129,130]]
[[0,0,0],[1,0,0],[0,1,0],[95,126,130]]
[[0,0,0],[1,0,0],[0,1,0],[36,113,130]]
[[0,0,0],[1,0,0],[0,1,0],[28,61,130]]
[[0,0,0],[1,0,0],[0,1,0],[36,69,130]]
[[0,0,0],[2,0,0],[0,1,0],[30,51,65]]
[[0,0,0],[1,0,0],[0,1,0],[15,16,130]]
[[0,0,0],[1,0,0],[0,1,0],[72,74,130]]
[[0,0,0],[1,0,0],[0,1,0],[60,58,130]]
[[0,0,0],[1,0,0],[0,1,0],[72,19,130]]
[[0,0,0],[1,0,0],[0,1,0],[48,98,130]]
[[0,0,0],[1,0,0],[0,1,0],[4,61,130]]
[[0,0,0],[1,0,0],[0,1,0],[7,9,130]]
[[0,0,0],[1,0,0],[0,1,0],[2,1,130]]
[[0,0,0],[1,0,0],[0,1,0],[44,122,130]]
[[0,0,0],[1,0,0],[0,1,0],[72,84,130]]
[[0,0,0],[1,0,0],[0,1,0],[18,41,130]]
[[0,0,0],[1,0,0],[0,1,0],[18,51,130]]
[[0,0,0],[1,0,0],[0,1,0],[20,46,130]]
[[0,0,0],[1,0,0],[0,1,0],[58,128,130]]
[[0,0,0],[1,0,0],[0,1,0],[38,119,130]]
[[0,0,0],[1,0,0],[0,1,0],[40,51,130]]
[[0,0,0],[1,0,0],[0,1,0],[13,92,130]]
[[0,0,0],[1,0,0],[0,1,0],[62,69,130]]
[[0,0,0],[1,0,0],[0,1,0],[2,12,130]]
[[0,0,0],[1,0,0],[0,1,0],[98,118,130]]
[[0,0,0],[1,0,0],[0,1,0],[65,1,130]]
[[0,0,0],[1,0,0],[0,1,0],[34,19,130]]
[[0,0,0],[1,0,0],[0,1,0],[8,71,130]]
[[0,0,0],[1,0,0],[0,1,0],[27,47,130]]
[[0,0,0],[1,0,0],[0,1,0],[122,126,130]]
[[0,0,0],[1,0,0],[0,1,0],[6,73,130]]
[[0,0,0],[1,0,0],[0,1,0],[5,71,130]]
[[0,0,0],[1,0,0],[0,1,0],[42,107,130]]
[[0,0,0],[1,0,0],[0,1,0],[84,86,130]]
[[0,0,0],[1,0,0],[0,1,0],[9,97,130]]
[[0,0,0],[1,0,0],[0,1,0],[66,79,130]]
[[0,0,0],[1,0,0],[0,1,0],[10,17,130]]
[[0,0,0],[1,0,0],[0,1,0],[2,73,130]]
[[0,0,0],[1,0,0],[0,1,0],[55,36,130]]
[[0,0,0],[1,0,0],[0,1,0],[82,59,130]]
[[0,0,0],[1,0,0],[0,1,0],[85,124,130]]
[[0,0,0],[1,0,0],[0,1,0],[1,9,130]]
[[0,0,0],[1,0,0],[0,1,0],[19,57,130]]
[[0,0,0],[1,0,0],[0,1,0],[44,7,130]]
[[0,0,0],[1,0,0],[0,1,0],[45,56,130]]
[[0,0,0],[1,0,0],[0,1,0],[9,41,130]]
[[0,0,0],[1,0,0],[0,1,0],[94,73,130]]
[[0,0,0],[1,0,0],[0,1,0],[2,11,130]]
[[0,0,0],[1,0,0],[0,1,0],[4,33,130]]
[[0,0,0],[1,0,0],[0,1,0],[8,108,130]]
[[0,0,0],[1,0,0],[0,1,0],[1,19,130]]
[[0,0,0],[1,0,0],[0,1,0],[112,114,130]]
[[0,0,0],[1,0,0],[0,1,0],[54,37,130]]
[[0,0,0],[1,0,0],[0,1,0],[80,64,130]]
[[0,0,0],[1,0,0],[0,1,0],[4,59,130]]
[[0,0,0],[1,0,0],[0,1,0],[45,96,130]]
[[0,0,0],[1,0,0],[0,1,0],[56,77,130]]
[[0,0,0],[1,0,0],[0,1,0],[32,27,130]]
[[0,0,0],[1,0,0],[0,1,0],[6,89,130]]
[[0,0,0],[1,0,0],[0,1,0],[2,114,130]]
[[0,0,0],[1,0,0],[0,1,0],[75,121,130]]
[[0,0,0],[1,0,0],[0,1,0],[5,101,130]]
[[0,0,0],[1,0,0],[0,1,0],[9,17,130]]
[[0,0,0],[1,0,0],[0,1,0],[56,121,130]]
[[0,0,0],[2,0,0],[0,1,0],[5,31,65]]
[[0,0,0],[1,0,0],[0,1,0],[22,129,130]]
[[0,0,0],[1,0,0],[0,1,0],[34,42,130]]
[[0,0,0],[1,0,0],[0,1,0],[72,33,130]]
[[0,0,0],[2,0,0],[0,1,0],[20,46,65]]
[[0,0,0],[1,0,0],[0,1,0],[55,89,130]]
[[0,0,0],[1,0,0],[0,1,0],[50,42,130]]
[[0,0,0],[1,0,0],[0,1,0],[64,111,130]]
[[0,0,0],[1,0,0],[0,1,0],[35,116,130]]
[[0,0,0],[1,0,0],[0,1,0],[14,37,130]]
[[0,0,0],[1,0,0],[0,1,0],[14,92,130]]
[[0,0,0],[1,0,0],[0,1,0],[16,119,130]]
[[0,0,0],[1,0,0],[0,1,0],[8,123,130]]
[[0,0,0],[1,0,0],[0,1,0],[125,46,130]]
[[0,0,0],[1,0,0],[0,1,0],[84,102,130]]
[[0,0,0],[1,0,0],[0,1,0],[14,1,130]]
[[0,0,0],[1,0,0],[0,1,0],[9,27,130]]
[[0,0,0],[1,0,0],[0,1,0],[18,128,130]]
[[0,0,0],[1,0,0],[0,1,0],[8,83,130]]
[[0,0,0],[1,0,0],[0,2,0],[30,20,65]]
[[0,0,0],[1,0,0],[0,1,0],[24,94,130]]
[[0,0,0],[1,0,0],[0,1,0],[5,96,130]]
[[0,0,0],[1,0,0],[0,1,0],[13,118,130]]
[[0,0,0],[2,0,0],[0,1,0],[25,36,65]]
[[0,0,0],[1,0,0],[0,1,0],[34,103,130]]
[[0,0,0],[1,0,0],[1,2,0],[40,25,65]]
[[0,0,0],[1,0,0],[0,1,0],[15,1,130]]
[[0,0,0],[1,0,0],[0,1,0],[38,118,130]]
[[0,0,0],[1,0,0],[0,1,0],[56,1,130]]
[[0,0,0],[1,0,0],[0,1,0],[6,107,130]]
[[0,0,0],[1,0,0],[0,1,0],[120,24,130]]
[[0,0,0],[1,0,0],[0,1,0],[45,111,130]]
[[0,0,0],[1,0,0],[0,1,0],[64,72,130]]
[[0,0,0],[1,0,0],[0,1,0],[10,111,130]]
[[0,0,0],[1,0,0],[0,1,0],[34,61,130]]
[[0,0,0],[1,0,0],[0,1,0],[2,121,130]]
[[0,0,0],[2,0,0],[0,1,0],[10,41,65]]
[[0,0,0],[2,0,0],[0,1,0],[5,1,65]]
[[0,0,0],[1,0,0],[0,1,0],[39,118,130]]
[[0,0,0],[1,0,0],[0,1,0],[88,108,130]]
[[0,0,0],[1,0,0],[0,1,0],[55,6,130]]
[[0,0,0],[1,0,0],[0,1,0],[8,33,130]]
[[0,0,0],[1,0,0],[0,1,0],[36,99,130]]
[[0,0,0],[1,0,0],[0,1,0],[22,89,130]]
[[0,0,0],[1,0,0],[0,1,0],[15,96,130]]
[[0,0,0],[1,0,0],[0,1,0],[8,38,130]]
[[0,0,0],[1,0,0],[0,1,0],[12,24,130]]
[[0,0,0],[1,0,0],[0,1,0],[30,62,130]]
[[0,0,0],[1,0,0],[0,1,0],[4,103,130]]
[[0,0,0],[1,0,0],[0,1,0],[22,41,130]]
[[0,0,0],[1,0,0],[0,1,0],[8,81,130]]
[[0,0,0],[2,0,0],[0,1,0],[25,6,65]]
[[0,0,0],[1,0,0],[0,1,0],[24,62,130]]
[[0,0,0],[1,0,0],[0,1,0],[36,82,130]]
[[0,0,0],[1,0,0],[0,1,0],[24,1,130]]
[[0,0,0],[1,0,0],[0,1,0],[19,43,130]]
[[0,0,0],[1,0,0],[0,1,0],[2,7,130]]
[[0,0,0],[2,0,0],[0,1,0],[13,14,65]]
[[0,0,0],[1,0,0],[0,1,0],[24,41,130]]
[[0,0,0],[1,0,0],[0,1,0],[116,29,130]]
[[0,0,0],[1,0,0],[0,1,0],[118,128,130]]
[[0,0,0],[1,0,0],[0,1,0],[36,9,130]]
[[0,0,0],[1,0,0],[0,1,0],[6,59,130]]
[[0,0,0],[1,0,0],[0,1,0],[52,105,130]]
[[0,0,0],[1,0,0],[0,1,0],[86,57,130]]
[[0,0,0],[1,0,0],[0,1,0],[38,129,130]]
[[0,0,0],[1,0,0],[0,1,0],[2,19,130]]
[[0,0,0],[1,0,0],[0,1,0],[75,96,130]]
[[0,0,0],[1,0,0],[0,1,0],[28,31,130]]
[[0,0,0],[1,0,0],[0,1,0],[100,5,130]]
[[0,0,0],[1,0,0],[0,1,0],[102,114,130]]
[[0,0,0],[1,0,0],[0,1,0],[76,29,130]]
[[0,0,0],[1,0,0],[0,1,0],[64,67,130]]
[[0,0,0],[1,0,0],[0,1,0],[38,49,130]]
[[0,0,0],[1,0,0],[0,1,0],[42,7,130]]
[[0,0,0],[1,0,0],[0,1,0],[95,16,130]]
[[0,0,0],[1,0,0],[0,1,0],[18,38,130]]
[[0,0,0],[1,0,0],[0,1,0],[110,34,130]]
[[0,0,0],[1,0,0],[0,1,0],[2,103,130]]
[[0,0,0],[1,0,0],[0,1,0],[46,19,130]]
[[0,0,0],[1,0,0],[0,1,0],[12,49,130]]
[[0,0,0],[1,0,0],[0,1,0],[14,69,130]]
[[0,0,0],[1,0,0],[0,1,0],[3,89,130]]
[[0,0,0],[1,0,0],[0,1,0],[24,92,130]]
[[0,0,0],[1,0,0],[0,1,0],[5,21,130]]
[[0,0,0],[1,0,0],[0,1,0],[5,86,130]]
[[0,0,0],[1,0,0],[0,1,0],[66,77,130]]
[[0,0,0],[1,0,0],[0,1,0],[42,54,130]]
[[0,0,0],[1,0,0],[0,1,0],[125,56,130]]
[[0,0,0],[1,0,0],[0,1,0],[64,81,130]]
[[0,0,0],[1,0,0],[0,1,0],[28,103,130]]
[[0,0,0],[1,0,0],[0,1,0],[14,89,130]]
[[0,0,0],[1,0,0],[0,1,0],[6,43,130]]
[[0,0,0],[1,0,0],[0,1,0],[70,35,130]]
[[0,0,0],[1,0,0],[0,1,0],[48,48,130]]
[[0,0,0],[1,0,0],[0,1,0],[24,81,130]]
[[0,0,0],[1,0,0],[0,1,0],[20,21,130]]
[[0,0,0],[1,0,0],[0,1,0],[5,76,130]]
[[0,0,0],[1,0,0],[0,1,0],[22,79,130]]
[[0,0,0],[1,0,0],[0,1,0],[3,11,130]]
[[0,0,0],[1,0,0],[0,1,0],[100,96,130]]
[[0,0,0],[1,0,0],[0,1,0],[36,56,130]]
[[0,0,0],[1,0,0],[0,1,0],[12,64,130]]
[[0,0,0],[1,0,0],[0,1,0],[64,92,130]]
[[0,0,0],[1,0,0],[0,1,0],[17,31,130]]
[[0,0,0],[1,0,0],[0,1,0],[58,68,130]]
[[0,0,0],[1,0,0],[0,1,0],[3,37,130]]
[[0,0,0],[1,0,0],[0,1,0],[5,1,130]]
[[0,0,0],[1,0,0],[0,1,0],[1,1,130]]
[[0,0,0],[1,0,0],[0,1,0],[91,118,130]]
[[0,0,0],[1,0,0],[0,1,0],[48,111,130]]
[[0,0,0],[1,0,0],[0,1,0],[8,17,130]]
[[0,0,0],[1,0,0],[0,1,0],[5,81,130]]
[[0,0,0],[1,0,0],[0,1,0],[28,116,130]]
[[0,0,0],[1,0,0],[0,1,0],[34,7,130]]
[[0,0,0],[1,0,0],[0,1,0],[85,106,130]]
[[0,0,0],[1,0,0],[0,1,0],[14,59,130]]
[[0,0,0],[1,0,0],[0,1,0],[34,58,130]]
[[0,0,0],[1,0,0],[0,1,0],[32,89,130]]
[[0,0,0],[1,0,0],[0,1,0],[64,112,130]]
[[0,0,0],[1,0,0],[0,1,0],[117,118,130]]
[[0,0,0],[1,0,0],[0,1,0],[12,101,130]]
[[0,0,0],[1,0,0],[0,1,0],[50,31,130]]
[[0,0,0],[1,0,0],[0,1,0],[26,1,130]]
[[0,0,0],[1,0,0],[0,1,0],[78,118,130]]
[[0,0,0],[1,0,0],[0,1,0],[44,11,130]]
[[0,0,0],[1,0,0],[0,1,0],[45,86,130]]
[[0,0,0],[1,0,0],[0,1,0],[43,101,130]]
[[0,0,0],[1,0,0],[0,1,0],[38,48,130]]
[[0,0,0],[1,0,0],[0,1,0],[68,123,130]]
[[0,0,0],[1,0,0],[0,1,0],[5,46,130]]
[[0,0,0],[1,0,0],[0,1,0],[75,108,130]]
[[0,0,0],[1,0,0],[0,1,0],[15,31,130]]
[[0,0,0],[1,0,0],[0,1,0],[115,68,130]]
[[0,0,0],[1,0,0],[0,1,0],[32,111,130]]
[[0,0,0],[1,0,0],[0,1,0],[6,113,130]]
[[0,0,0],[1,0,0],[0,1,0],[8,98,130]]
[[0,0,0],[1,0,0],[0,1,0],[92,129,130]]
[[0,0,0],[1,0,0],[0,1,0],[84,122,130]]
[[0,0,0],[1,0,0],[0,1,0],[12,119,130]]
[[0,0,0],[1,0,0],[0,1,0],[22,81,130]]
[[0,0,0],[1,0,0],[0,1,0],[6,63,130]]
[[0,0,0],[1,0,0],[0,1,0],[15,46,130]]
[[0,0,0],[1,0,0],[0,1,0],[35,111,130]]
[[0,0,0],[1,0,0],[0,1,0],[12,121,130]]
[[0,0,0],[1,0,0],[0,1,0],[18,23,130]]
[[0,0,0],[1,0,0],[0,1,0],[12,29,130]]
[[0,0,0],[1,0,0],[0,1,0],[115,66,130]]
[[0,0,0],[1,0,0],[0,1,0],[46,93,130]]
[[0,0,0],[1,0,0],[0,1,0],[4,32,130]]
[[0,0,0],[1,0,0],[0,1,0],[35,46,130]]
[[0,0,0],[1,0,0],[0,1,0],[4,7,130]]
[[0,0,0],[1,0,0],[0,1,0],[74,96,130]]
[[0,0,0],[1,0,0],[0,1,0],[20,85,130]]
[[0,0,0],[1,0,0],[0,1,0],[2,69,130]]
[[0,0,0],[1,0,0],[0,1,0],[55,126,130]]
[[0,0,0],[1,0,0],[0,1,0],[45,112,130]]
[[0,0,0],[1,0,0],[0,1,0],[38,93,130]]
[[0,0,0],[2,0,0],[0,1,0],[13,53,65]]
[[0,0,0],[1,0,0],[0,1,0],[60,6,130]]
[[0,0,0],[1,0,0],[0,1,0],[30,36,130]]
[[0,0,0],[1,0,0],[0,1,0],[8,37,130]]
[[0,0,0],[1,0,0],[0,1,0],[4,87,130]]
[[0,0,0],[1,0,0],[0,1,0],[75,95,130]]
[[0,0,0],[1,0,0],[0,1,0],[58,1,130]]
[[0,0,0],[1,0,0],[0,1,0],[17,129,130]]
[[0,0,0],[1,0,0],[0,1,0],[12,34,130]]
[[0,0,0],[1,0,0],[0,1,0],[85,46,130]]
[[0,0,0],[1,0,0],[0,1,0],[28,88,130]]
[[0,0,0],[1,0,0],[0,1,0],[12,1,130]]
[[0,0,0],[1,0,0],[0,1,0],[6,3,130]]
[[0,0,0],[1,0,0],[0,1,0],[7,27,130]]
[[0,0,0],[1,0,0],[0,1,0],[10,95,130]]
[[0,0,0],[1,0,0],[0,1,0],[14,79,130]]
[[0,0,0],[1,0,0],[0,1,0],[34,107,130]]
[[0,0,0],[1,0,0],[0,1,0],[11,43,130]]
[[0,0,0],[1,0,0],[0,1,0],[84,92,130]]
[[0,0,0],[1,0,0],[0,1,0],[22,109,130]]
[[0,0,0],[1,0,0],[0,1,0],[14,93,130]]
[[0,0,0],[1,0,0],[0,1,0],[60,19,130]]
[[0,0,0],[1,0,0],[0,1,0],[8,87,130]]
[[0,0,0],[1,0,0],[0,1,0],[4,17,130]]
[[0,0,0],[1,0,0],[0,1,0],[42,76,130]]
[[0,0,0],[1,0,0],[0,1,0],[2,77,130]]
[[0,0,0],[1,0,0],[0,1,0],[33,49,130]]
[[0,0,0],[1,0,0],[0,1,0],[60,45,130]]
[[0,0,0],[1,0,0],[0,1,0],[3,21,130]]
[[0,0,0],[1,0,0],[0,1,0],[28,83,130]]
[[0,0,0],[1,0,0],[0,1,0],[7,17,130]]
[[0,0,0],[1,0,0],[0,1,0],[125,16,130]]
[[0,0,0],[1,0,0],[0,1,0],[34,82,130]]
[[0,0,0],[1,0,0],[0,1,0],[84,112,130]]
[[0,0,0],[1,0,0],[0,1,0],[95,86,130]]
[[0,0,0],[1,0,0],[0,1,0],[4,37,130]]
[[0,0,0],[1,0,0],[0,1,0],[8,101,130]]
[[0,0,0],[1,0,0],[0,1,0],[49,121,130]]
[[0,0,0],[1,0,0],[0,1,0],[92,94,130]]
[[0,0,0],[1,0,0],[0,1,0],[72,124,130]]
[[0,0,0],[1,0,0],[0,1,0],[24,112,130]]
[[0,0,0],[1,0,0],[0,1,0],[4,79,130]]
[[0,0,0],[1,0,0],[0,1,0],[6,7,130]]
[[0,0,0],[1,0,0],[0,1,0],[56,114,130]]
[[0,0,0],[1,0,0],[0,1,0],[45,41,130]]
[[0,0,0],[1,0,0],[0,1,0],[2,89,130]]
[[0,0,0],[1,0,0],[0,1,0],[4,43,130]]
[[0,0,0],[1,0,0],[0,1,0],[35,16,130]]
[[0,0,0],[1,0,0],[0,1,0],[96,87,130]]
[[0,0,0],[1,0,0],[0,1,0],[48,99,130]]
[[0,0,0],[1,0,0],[0,1,0],[22,51,130]]
[[0,0,0],[1,0,0],[0,1,0],[46,103,130]]
[[0,0,0],[1,0,0],[0,1,0],[42,113,130]]
[[0,0,0],[1,0,0],[0,1,0],[16,23,130]]
[[0,0,0],[1,0,0],[0,1,0],[26,105,130]]
[[0,0,0],[1,0,0],[0,1,0],[20,20,130]]
[[0,0,0],[1,0,0],[0,1,0],[3,123,130]]
[[0,0,0],[1,0,0],[0,1,0],[7,79,130]]
[[0,0,0],[1,0,0],[0,1,0],[85,6,130]]
[[0,0,0],[1,0,0],[0,1,0],[15,86,130]]
[[0,0,0],[1,0,0],[0,1,0],[2,9,130]]
[[0,0,0],[1,0,0],[0,1,0],[14,82,130]]
[[0,0,0],[1,0,0],[0,1,0],[82,94,130]]
[[0,0,0],[1,0,0],[0,1,0],[27,51,130]]
[[0,0,0],[1,0,0],[0,1,0],[78,79,130]]
[[0,0,0],[1,0,0],[0,1,0],[3,47,130]]
[[0,0,0],[1,0,0],[0,1,0],[14,63,130]]
[[0,0,0],[1,0,0],[0,1,0],[8,53,130]]
[[0,0,0],[1,0,0],[0,1,0],[6,34,130]]
[[0,0,0],[1,0,0],[0,1,0],[3,29,130]]
[[0,0,0],[1,0,0],[0,1,0],[62,64,130]]
[[0,0,0],[1,0,0],[0,1,0],[54,9,130]]
[[0,0,0],[1,0,0],[0,1,0],[74,82,130]]
[[0,0,0],[1,0,0],[0,1,0],[22,11,130]]
[[0,0,0],[1,0,0],[0,1,0],[84,67,130]]
[[0,0,0],[1,0,0],[0,1,0],[95,106,130]]
[[0,0,0],[2,0,0],[0,1,0],[20,4,65]]
[[0,0,0],[1,0,0],[0,1,0],[15,61,130]]
[[0,0,0],[1,0,0],[0,1,0],[39,92,130]]
[[0,0,0],[1,0,0],[0,1,0],[88,103,130]]
[[0,0,0],[1,0,0],[0,1,0],[68,103,130]]
[[0,0,0],[1,0,0],[0,1,0],[68,102,130]]
[[0,0,0],[1,0,0],[0,1,0],[15,6,130]]
[[0,0,0],[1,0,0],[0,1,0],[56,127,130]]
[[0,0,0],[1,0,0],[0,1,0],[88,128,130]]
[[0,0,0],[1,0,0],[0,1,0],[2,71,130]]
[[0,0,0],[1,0,0],[0,1,0],[48,11,130]]
[[0,0,0],[1,0,0],[0,1,0],[125,58,130]]
[[0,0,0],[1,0,0],[0,1,0],[16,69,130]]
[[0,0,0],[1,0,0],[0,1,0],[8,21,130]]
[[0,0,0],[1,0,0],[0,1,0],[10,51,130]]
[[0,0,0],[1,0,0],[0,1,0],[62,19,130]]
[[0,0,0],[1,0,0],[0,1,0],[19,47,130]]
[[0,0,0],[1,0,0],[0,1,0],[18,11,130]]
[[0,0,0],[1,0,0],[0,1,0],[92,53,130]]
[[0,0,0],[1,0,0],[0,1,0],[25,93,130]]
[[0,0,0],[1,0,0],[0,1,0],[16,33,130]]
[[0,0,0],[1,0,0],[0,1,0],[94,122,130]]
[[0,0,0],[1,0,0],[0,1,0],[50,3,130]]
[[0,0,0],[1,0,0],[0,1,0],[56,81,130]]
[[0,0,0],[2,0,0],[0,1,0],[5,44,65]]
[[0,0,0],[1,0,0],[0,1,0],[98,124,130]]
[[0,0,0],[1,0,0],[0,1,0],[3,23,130]]
[[0,0,0],[1,0,0],[0,1,0],[91,66,130]]
[[0,0,0],[1,0,0],[0,1,0],[38,98,130]]
[[0,0,0],[2,0,0],[0,1,0],[45,63,65]]
[[0,0,0],[2,0,0],[0,1,0],[20,56,65]]
[[0,0,0],[1,0,0],[0,1,0],[42,21,130]]
[[0,0,0],[1,0,0],[0,1,0],[115,42,130]]
[[0,0,0],[1,0,0],[0,1,0],[6,19,130]]
[[0,0,0],[1,0,0],[0,1,0],[4,41,130]]
[[0,0,0],[1,0,0],[0,1,0],[105,36,130]]
[[0,0,0],[1,0,0],[0,1,0],[12,69,130]]
[[0,0,0],[1,0,0],[0,1,0],[10,43,130]]
[[0,0,0],[1,0,0],[0,1,0],[54,57,130]]
[[0,0,0],[1,0,0],[0,1,0],[124,127,130]]
[[0,0,0],[2,0,0],[0,1,0],[20,41,65]]
[[0,0,0],[1,0,0],[0,1,0],[16,123,130]]
[[0,0,0],[1,0,0],[0,1,0],[18,67,130]]
[[0,0,0],[2,0,0],[0,1,0],[5,51,65]]
[[0,0,0],[1,0,0],[0,1,0],[32,1,130]]
[[0,0,0],[1,0,0],[0,1,0],[95,51,130]]
[[0,0,0],[1,0,0],[0,1,0],[48,103,130]]
[[0,0,0],[1,0,0],[0,1,0],[38,41,130]]
[[0,0,0],[2,0,0],[0,1,0],[26,1,65]]
[[0,0,0],[2,0,0],[0,1,0],[13,1,65]]
[[0,0,0],[1,0,0],[0,1,0],[47,99,130]]
[[0,0,0],[1,0,0],[0,1,0],[33,33,130]]
[[0,0,0],[1,0,0],[0,1,0],[12,73,130]]
[[0,0,0],[1,0,0],[0,1,0],[33,37,130]]
[[0,0,0],[1,0,0],[0,1,0],[24,47,130]]
[[0,0,0],[1,0,0],[0,1,0],[16,9,130]]
[[0,0,0],[1,0,0],[0,1,0],[4,93,130]]
[[0,0,0],[1,0,0],[0,1,0],[74,37,130]]
[[0,0,0],[1,0,0],[0,1,0],[24,87,130]]
[[0,0,0],[1,0,0],[0,1,0],[92,99,130]]
[[0,0,0],[1,0,0],[0,1,0],[38,106,130]]
[[0,0,0],[1,0,0],[0,1,0],[44,62,130]]
[[0,0,0],[1,0,0],[0,1,0],[25,41,130]]
[[0,0,0],[1,0,0],[0,1,0],[44,121,130]]
[[0,0,0],[1,0,0],[0,1,0],[43,43,130]]
[[0,0,0],[1,0,0],[0,1,0],[17,19,130]]
[[0,0,0],[1,0,0],[0,1,0],[6,41,130]]
[[0,0,0],[1,0,0],[0,1,0],[38,121,130]]
[[0,0,0],[1,0,0],[0,1,0],[38,128,130]]
[[0,0,0],[1,0,0],[0,1,0],[2,99,130]]
[[0,0,0],[1,0,0],[0,1,0],[25,46,130]]
[[0,0,0],[2,0,0],[0,1,0],[52,14,65]]
[[0,0,0],[2,0,0],[0,1,0],[5,57,65]]
[[0,0,0],[1,0,0],[0,1,0],[44,29,130]]
[[0,0,0],[1,0,0],[0,1,0],[2,41,130]]
[[0,0,0],[1,0,0],[0,1,0],[95,6,130]]
[[0,0,0],[1,0,0],[1,2,0],[53,15,65]]
[[0,0,0],[2,0,0],[0,1,0],[45,11,65]]
[[0,0,0],[1,0,0],[0,1,0],[10,31,130]]
[[0,0,0],[1,0,0],[0,1,0],[3,49,130]]
[[0,0,0],[1,0,0],[0,1,0],[78,53,130]]
[[0,0,0],[1,0,0],[0,1,0],[105,51,130]]
[[0,0,0],[1,0,0],[0,1,0],[18,22,130]]
[[0,0,0],[1,0,0],[0,1,0],[35,66,130]]
[[0,0,0],[1,0,0],[0,1,0],[9,43,130]]
[[0,0,0],[1,0,0],[0,1,0],[9,31,130]]
[[0,0,0],[1,0,0],[0,1,0],[8,3,130]]
[[0,0,0],[1,0,0],[0,1,0],[72,114,130]]
[[0,0,0],[1,0,0],[0,1,0],[54,11,130]]
[[0,0,0],[1,0,0],[0,1,0],[2,3,130]]
[[0,0,0],[1,0,0],[0,1,0],[8,29,130]]
[[0,0,0],[1,0,0],[0,1,0],[44,48,130]]
[[0,0,0],[1,0,0],[0,1,0],[115,36,130]]
[[0,0,0],[1,0,0],[0,1,0],[55,1,130]]
[[0,0,0],[1,0,0],[0,1,0],[40,1,130]]
[[0,0,0],[1,0,0],[0,1,0],[4,42,130]]
[[0,0,0],[1,0,0],[0,1,0],[115,76,130]]
[[0,0,0],[1,0,0],[0,1,0],[16,99,130]]
[[0,0,0],[1,0,0],[0,1,0],[38,113,130]]
[[0,0,0],[1,0,0],[0,1,0],[15,76,130]]
[[0,0,0],[1,0,0],[0,1,0],[84,57,130]]
[[0,0,0],[1,0,0],[1,2,0],[40,20,65]]
[[0,0,0],[1,0,0],[0,1,0],[50,29,130]]
[[0,0,0],[1,0,0],[0,1,0],[18,33,130]]
[[0,0,0],[1,0,0],[0,1,0],[117,14,130]]
[[0,0,0],[1,0,0],[0,1,0],[45,36,130]]
[[0,0,0],[1,0,0],[0,1,0],[32,17,130]]
[[0,0,0],[1,0,0],[0,1,0],[34,92,130]]
[[0,0,0],[1,0,0],[0,1,0],[94,112,130]]
[[0,0,0],[1,0,0],[0,1,0],[18,119,130]]
[[0,0,0],[1,0,0],[0,1,0],[16,47,130]]
[[0,0,0],[1,0,0],[0,1,0],[8,41,130]]
[[0,0,0],[1,0,0],[0,1,0],[4,73,130]]
[[0,0,0],[1,0,0],[0,1,0],[75,46,130]]
[[0,0,0],[1,0,0],[0,1,0],[3,53,130]]
[[0,0,0],[1,0,0],[0,1,0],[25,67,130]]
[[0,0,0],[5,0,0],[0,1,0],[0,1,26]]
[[0,0,0],[1,0,0],[0,1,0],[98,98,130]]
[[0,0,0],[1,0,0],[0,1,0],[125,66,130]]
[[0,0,0],[1,0,0],[0,1,0],[14,103,130]]
[[0,0,0],[1,0,0],[0,1,0],[60,84,130]]
[[0,0,0],[1,0,0],[0,1,0],[14,72,130]]
[[0,0,0],[1,0,0],[0,1,0],[28,113,130]]
[[0,0,0],[1,0,0],[0,1,0],[4,89,130]]
[[0,0,0],[1,0,0],[0,1,0],[5,116,130]]
[[0,0,0],[1,0,0],[0,1,0],[28,93,130]]
[[0,0,0],[1,0,0],[0,1,0],[16,17,130]]
[[0,0,0],[1,0,0],[0,1,0],[44,37,130]]
[[0,0,0],[1,0,0],[0,1,0],[35,96,130]]
[[0,0,0],[1,0,0],[1,2,0],[1,15,65]]
[[0,0,0],[1,0,0],[0,1,0],[25,96,130]]
[[0,0,0],[1,0,0],[0,1,0],[28,118,130]]
[[0,0,0],[1,0,0],[0,1,0],[110,112,130]]
[[0,0,0],[1,0,0],[0,1,0],[38,67,130]]
[[0,0,0],[1,0,0],[0,1,0],[6,57,130]]
[[0,0,0],[1,0,0],[0,1,0],[50,81,130]]
[[0,0,0],[1,0,0],[0,1,0],[42,49,130]]
[[0,0,0],[1,0,0],[0,1,0],[125,126,130]]
[[0,0,0],[1,0,0],[0,1,0],[20,51,130]]
[[0,0,0],[1,0,0],[0,1,0],[112,129,130]]
[[0,0,0],[1,0,0],[0,1,0],[105,46,130]]
[[0,0,0],[1,0,0],[0,1,0],[18,129,130]]
[[0,0,0],[1,0,0],[0,1,0],[16,89,130]]
[[0,0,0],[1,0,0],[0,1,0],[22,33,130]]
[[0,0,0],[1,0,0],[0,1,0],[39,14,130]]
[[0,0,0],[1,0,0],[0,1,0],[100,51,130]]
[[0,0,0],[1,0,0],[0,1,0],[16,128,130]]
[[0,0,0],[1,0,0],[0,1,0],[2,111,130]]
[[0,0,0],[1,0,0],[0,1,0],[8,68,130]]
[[0,0,0],[2,0,0],[0,1,0],[15,51,65]]
[[0,0,0],[1,0,0],[0,1,0],[54,51,130]]
[[0,0,0],[1,0,0],[0,1,0],[22,73,130]]
[[0,0,0],[1,0,0],[0,1,0],[16,43,130]]
[[0,0,0],[1,0,0],[0,1,0],[42,23,130]]
[[0,0,0],[1,0,0],[0,1,0],[105,126,130]]
[[0,0,0],[1,0,0],[0,1,0],[7,57,130]]
[[0,0,0],[1,0,0],[0,1,0],[38,3,130]]
[[0,0,0],[1,0,0],[0,1,0],[32,94,130]]
[[0,0,0],[1,0,0],[0,1,0],[74,122,130]]
[[0,0,0],[1,0,0],[0,2,0],[35,10,65]]
[[0,0,0],[1,0,0],[0,1,0],[85,36,130]]
[[0,0,0],[1,0,0],[0,1,0],[17,69,130]]
[[0,0,0],[1,0,0],[0,1,0],[25,28,130]]
[[0,0,0],[1,0,0],[0,1,0],[2,44,130]]
[[0,0,0],[1,0,0],[0,1,0],[18,123,130]]
[[0,0,0],[1,0,0],[0,1,0],[44,82,130]]
[[0,0,0],[1,0,0],[0,1,0],[45,116,130]]
[[0,0,0],[1,0,0],[0,1,0],[55,24,130]]
[[0,0,0],[1,0,0],[0,1,0],[4,121,130]]
[[0,0,0],[1,0,0],[0,1,0],[62,119,130]]
[[0,0,0],[1,0,0],[0,1,0],[12,27,130]]
[[0,0,0],[1,0,0],[0,1,0],[16,49,130]]
[[0,0,0],[1,0,0],[0,1,0],[5,66,130]]
[[0,0,0],[1,0,0],[0,1,0],[2,63,130]]
[[0,0,0],[1,0,0],[0,1,0],[32,73,130]]
[[0,0,0],[1,0,0],[0,1,0],[4,123,130]]
[[0,0,0],[1,0,0],[0,1,0],[68,33,130]]
[[0,0,0],[1,0,0],[0,1,0],[75,17,130]]
[[0,0,0],[2,0,0],[0,1,0],[5,16,65]]
[[0,0,0],[1,0,0],[0,1,0],[15,64,130]]
[[0,0,0],[1,0,0],[0,1,0],[14,102,130]]
[[0,0,0],[1,0,0],[0,1,0],[76,107,130]]
[[0,0,0],[1,0,0],[0,1,0],[2,37,130]]
[[0,0,0],[1,0,0],[0,1,0],[38,38,130]]
[[0,0,0],[1,0,0],[0,1,0],[16,79,130]]
[[0,0,0],[1,0,0],[0,1,0],[44,107,130]]
[[0,0,0],[1,0,0],[0,1,0],[32,67,130]]
[[0,0,0],[1,0,0],[0,1,0],[117,79,130]]
[[0,0,0],[1,0,0],[0,1,0],[68,98,130]]
[[0,0,0],[1,0,0],[0,1,0],[46,72,130]]
[[0,0,0],[2,0,0],[0,1,0],[15,1,65]]
[[0,0,0],[1,0,0],[0,1,0],[68,53,130]]
[[0,0,0],[1,0,0],[0,1,0],[4,77,130]]
[[0,0,0],[1,0,0],[0,1,0],[88,123,130]]
[[0,0,0],[1,0,0],[0,1,0],[58,103,130]]
[[0,0,0],[1,0,0],[0,1,0],[112,79,130]]
[[0,0,0],[1,0,0],[0,1,0],[4,102,130]]
[[0,0,0],[1,0,0],[0,1,0],[18,98,130]]
[[0,0,0],[1,0,0],[0,1,0],[5,56,130]]
[[0,0,0],[1,0,0],[0,1,0],[27,41,130]]
[[0,0,0],[1,0,0],[0,1,0],[50,1,130]]
[[0,0,0],[1,0,0],[0,1,0],[28,98,130]]
[[0,0,0],[1,0,0],[0,1,0],[62,94,130]]
[[0,0,0],[1,0,0],[0,1,0],[14,122,130]]
[[0,0,0],[1,0,0],[0,1,0],[108,128,130]]
[[0,0,0],[1,0,0],[0,1,0],[28,67,130]]
[[0,0,0],[1,0,0],[0,1,0],[6,17,130]]
[[0,0,0],[1,0,0],[0,1,0],[14,97,130]]
[[0,0,0],[1,0,0],[0,1,0],[44,113,130]]
[[0,0,0],[1,0,0],[0,1,0],[48,96,130]]
[[0,0,0],[1,0,0],[0,1,0],[22,124,130]]
[[0,0,0],[1,0,0],[0,1,0],[10,21,130]]
[[0,0,0],[1,0,0],[0,1,0],[1,17,130]]
[[0,0,0],[1,0,0],[0,1,0],[56,101,130]]
[[0,0,0],[1,0,0],[0,1,0],[34,129,130]]
[[0,0,0],[2,0,0],[0,1,0],[40,33,65]]
[[0,0,0],[1,0,0],[0,1,0],[6,79,130]]
[[0,0,0],[1,0,0],[0,1,0],[44,19,130]]
[[0,0,0],[1,0,0],[1,2,0],[27,15,65]]
[[0,0,0],[1,0,0],[0,1,0],[25,119,130]]
[[0,0,0],[1,0,0],[0,1,0],[5,87,130]]
[[0,0,0],[1,0,0],[0,1,0],[46,98,130]]
[[0,0,0],[1,0,0],[0,1,0],[8,129,130]]
[[0,0,0],[1,0,0],[0,1,0],[82,101,130]]
[[0,0,0],[1,0,0],[0,1,0],[12,106,130]]
[[0,0,0],[1,0,0],[0,1,0],[55,16,130]]
[[0,0,0],[1,0,0],[0,1,0],[1,51,130]]
[[0,0,0],[1,0,0],[0,1,0],[3,33,130]]
[[0,0,0],[1,0,0],[0,1,0],[8,79,130]]
[[0,0,0],[1,0,0],[0,1,0],[33,111,130]]
[[0,0,0],[1,0,0],[0,1,0],[5,61,130]]
[[0,0,0],[1,0,0],[0,1,0],[44,103,130]]
[[0,0,0],[1,0,0],[0,1,0],[4,112,130]]
[[0,0,0],[1,0,0],[0,1,0],[32,47,130]]
[[0,0,0],[1,0,0],[0,1,0],[22,49,130]]
[[0,0,0],[1,0,0],[0,1,0],[36,29,130]]
[[0,0,0],[1,0,0],[0,1,0],[56,19,130]]
[[0,0,0],[1,0,0],[0,1,0],[6,77,130]]
[[0,0,0],[1,0,0],[0,1,0],[44,127,130]]
[[0,0,0],[1,0,0],[0,1,0],[28,73,130]]
[[0,0,0],[1,0,0],[0,1,0],[85,126,130]]
[[0,0,0],[1,0,0],[0,1,0],[21,49,130]]
[[0,0,0],[1,0,0],[0,1,0],[12,87,130]]
[[0,0,0],[1,0,0],[0,1,0],[56,3,130]]
[[0,0,0],[1,0,0],[0,1,0],[15,38,130]]
[[0,0,0],[1,0,0],[0,1,0],[18,81,130]]
[[0,0,0],[1,0,0],[0,1,0],[16,127,130]]
[[0,0,0],[1,0,0],[0,1,0],[7,129,130]]
[[0,0,0],[1,0,0],[0,1,0],[2,113,130]]
[[0,0,0],[1,0,0],[0,1,0],[15,129,130]]
[[0,0,0],[1,0,0],[0,1,0],[19,77,130]]
[[0,0,0],[1,0,0],[0,1,0],[28,119,130]]
[[0,0,0],[1,0,0],[0,1,0],[84,21,130]]
[[0,0,0],[1,0,0],[0,1,0],[4,113,130]]
[[0,0,0],[1,0,0],[0,1,0],[13,105,130]]
[[0,0,0],[1,0,0],[1,2,0],[40,40,65]]
[[0,0,0],[1,0,0],[0,1,0],[14,127,130]]
[[0,0,0],[2,0,0],[0,1,0],[10,16,65]]
[[0,0,0],[1,0,0],[0,1,0],[35,1,130]]
[[0,0,0],[1,0,0],[0,2,0],[25,30,65]]
[[0,0,0],[1,0,0],[0,1,0],[54,27,130]]
[[0,0,0],[1,0,0],[0,1,0],[36,103,130]]
[[0,0,0],[1,0,0],[0,1,0],[45,16,130]]
[[0,0,0],[1,0,0],[0,1,0],[58,108,130]]
[[0,0,0],[1,0,0],[0,1,0],[1,11,130]]
[[0,0,0],[1,0,0],[0,1,0],[60,123,130]]
[[0,0,0],[1,0,0],[0,1,0],[105,66,130]]
[[0,0,0],[1,0,0],[0,1,0],[19,97,130]]
[[0,0,0],[1,0,0],[0,1,0],[2,17,130]]
[[0,0,0],[1,0,0],[0,1,0],[18,69,130]]
[[0,0,0],[1,0,0],[0,1,0],[34,99,130]]
[[0,0,0],[1,0,0],[0,1,0],[32,114,130]]
[[0,0,0],[2,0,0],[0,1,0],[5,61,65]]
[[0,0,0],[1,0,0],[0,1,0],[32,54,130]]
[[0,0,0],[1,0,0],[0,1,0],[75,36,130]]
[[0,0,0],[1,0,0],[0,1,0],[36,19,130]]
[[0,0,0],[1,0,0],[0,1,0],[48,1,130]]
[[0,0,0],[2,0,0],[0,1,0],[15,41,65]]
[[0,0,0],[1,0,0],[0,1,0],[14,119,130]]
[[0,0,0],[1,0,0],[0,1,0],[4,49,130]]
[[0,0,0],[1,0,0],[0,1,0],[64,93,130]]
[[0,0,0],[1,0,0],[0,1,0],[35,126,130]]
[[0,0,0],[1,0,0],[0,1,0],[16,27,130]]
[[0,0,0],[1,0,0],[0,1,0],[105,116,130]]
[[0,0,0],[1,0,0],[0,1,0],[9,51,130]]
[[0,0,0],[1,0,0],[0,1,0],[8,49,130]]
[[0,0,0],[1,0,0],[0,1,0],[22,127,130]]
[[0,0,0],[1,0,0],[0,1,0],[62,82,130]]
[[0,0,0],[1,0,0],[0,1,0],[34,29,130]]
[[0,0,0],[1,0,0],[0,1,0],[14,9,130]]
[[0,0,0],[1,0,0],[0,1,0],[13,79,130]]
[[0,0,0],[2,0,0],[0,1,0],[13,27,65]]
[[0,0,0],[1,0,0],[0,1,0],[44,61,130]]
[[0,0,0],[1,0,0],[0,1,0],[4,53,130]]
[[0,0,0],[1,0,0],[0,1,0],[8,58,130]]
[[0,0,0],[1,0,0],[0,1,0],[48,83,130]]
[[0,0,0],[1,0,0],[0,1,0],[4,122,130]]
[[0,0,0],[1,0,0],[0,1,0],[125,116,130]]
[[0,0,0],[1,0,0],[0,1,0],[95,96,130]]
[[0,0,0],[1,0,0],[0,1,0],[38,54,130]]
[[0,0,0],[1,0,0],[0,1,0],[74,107,130]]
[[0,0,0],[1,0,0],[0,1,0],[14,83,130]]
[[0,0,0],[1,0,0],[0,1,0],[4,21,130]]
[[0,0,0],[1,0,0],[0,1,0],[5,9,130]]
[[0,0,0],[1,0,0],[0,1,0],[52,1,130]]
[[0,0,0],[1,0,0],[0,1,0],[22,57,130]]
[[0,0,0],[1,0,0],[0,1,0],[74,102,130]]
[[0,0,0],[1,0,0],[0,1,0],[22,114,130]]
[[0,0,0],[1,0,0],[0,1,0],[125,86,130]]
[[0,0,0],[1,0,0],[0,1,0],[22,84,130]]
[[0,0,0],[1,0,0],[0,1,0],[70,48,130]]
[[0,0,0],[1,0,0],[0,1,0],[24,109,130]]
[[0,0,0],[1,0,0],[0,1,0],[62,97,130]]
[[0,0,0],[1,0,0],[0,1,0],[16,41,130]]
[[0,0,0],[1,0,0],[0,1,0],[36,109,130]]
[[0,0,0],[1,0,0],[0,1,0],[11,59,130]]
[[0,0,0],[1,0,0],[0,1,0],[7,23,130]]
[[0,0,0],[1,0,0],[0,1,0],[62,114,130]]
[[0,0,0],[1,0,0],[0,1,0],[110,86,130]]
[[0,0,0],[1,0,0],[0,1,0],[11,121,130]]
[[0,0,0],[1,0,0],[0,1,0],[20,33,130]]
[[0,0,0],[1,0,0],[0,1,0],[34,47,130]]
[[0,0,0],[1,0,0],[0,1,0],[6,1,130]]
[[0,0,0],[1,0,0],[0,1,0],[19,107,130]]
[[0,0,0],[2,0,0],[0,1,0],[15,6,65]]
[[0,0,0],[1,0,0],[0,1,0],[39,105,130]]
[[0,0,0],[1,0,0],[0,1,0],[5,36,130]]
[[0,0,0],[1,0,0],[0,1,0],[2,116,130]]
[[0,0,0],[1,0,0],[0,1,0],[15,36,130]]
[[0,0,0],[1,0,0],[0,1,0],[24,77,130]]
[[0,0,0],[1,0,0],[0,1,0],[88,118,130]]
[[0,0,0],[1,0,0],[0,1,0],[4,11,130]]
[[0,0,0],[1,0,0],[0,1,0],[10,71,130]]
[[0,0,0],[1,0,0],[0,1,0],[13,14,130]]
[[0,0,0],[1,0,0],[0,1,0],[55,115,130]]
[[0,0,0],[1,0,0],[0,1,0],[28,48,130]]
[[0,0,0],[1,0,0],[0,1,0],[19,113,130]]
[[0,0,0],[1,0,0],[0,1,0],[24,57,130]]
[[0,0,0],[1,0,0],[0,1,0],[2,31,130]]
[[0,0,0],[2,0,0],[0,1,0],[30,64,65]]
[[0,0,0],[1,0,0],[0,1,0],[107,129,130]]
[[0,0,0],[1,0,0],[0,1,0],[63,63,130]]
[[0,0,0],[1,0,0],[0,1,0],[92,51,130]]
[[0,0,0],[1,0,0],[0,1,0],[6,109,130]]
[[0,0,0],[1,0,0],[0,1,0],[85,16,130]]
[[0,0,0],[1,0,0],[0,1,0],[54,112,130]]
[[0,0,0],[1,0,0],[0,1,0],[54,72,130]]
[[0,0,0],[1,0,0],[0,1,0],[24,67,130]]
[[0,0,0],[1,0,0],[0,1,0],[12,57,130]]
[[0,0,0],[1,0,0],[0,1,0],[22,59,130]]
[[0,0,0],[1,0,0],[0,1,0],[22,37,130]]
[[0,0,0],[1,0,0],[0,1,0],[25,36,130]]
[[0,0,0],[1,0,0],[0,1,0],[68,76,130]]
[[0,0,0],[1,0,0],[0,1,0],[22,54,130]]
[[0,0,0],[1,0,0],[0,1,0],[22,77,130]]
[[0,0,0],[2,0,0],[0,1,0],[40,46,65]]
[[0,0,0],[1,0,0],[0,1,0],[15,12,130]]
[[0,0,0],[1,0,0],[0,1,0],[7,119,130]]
[[0,0,0],[1,0,0],[0,1,0],[120,128,130]]
[[0,0,0],[1,0,0],[0,1,0],[38,33,130]]
[[0,0,0],[1,0,0],[0,1,0],[25,76,130]]
[[0,0,0],[1,0,0],[0,1,0],[57,61,130]]
[[0,0,0],[1,0,0],[0,1,0],[8,32,130]]
[[0,0,0],[1,0,0],[0,1,0],[76,89,130]]
[[0,0,0],[1,0,0],[0,1,0],[70,121,130]]
[[0,0,0],[1,0,0],[0,1,0],[22,113,130]]
[[0,0,0],[1,0,0],[0,1,0],[45,34,130]]
[[0,0,0],[1,0,0],[0,1,0],[22,74,130]]
[[0,0,0],[1,0,0],[0,1,0],[24,27,130]]
[[0,0,0],[1,0,0],[0,1,0],[82,84,130]]
[[0,0,0],[1,0,0],[0,1,0],[7,49,130]]
[[0,0,0],[1,0,0],[0,1,0],[18,126,130]]
[[0,0,0],[1,0,0],[0,1,0],[26,79,130]]
[[0,0,0],[1,0,0],[0,1,0],[14,101,130]]
[[0,0,0],[1,0,0],[0,1,0],[33,73,130]]
[[0,0,0],[1,0,0],[0,1,0],[102,129,130]]
[[0,0,0],[1,0,0],[0,1,0],[11,57,130]]
[[0,0,0],[2,0,0],[0,1,0],[20,17,65]]
[[0,0,0],[1,0,0],[0,1,0],[32,34,130]]
[[0,0,0],[1,0,0],[0,1,0],[24,113,130]]
[[0,0,0],[1,0,0],[0,1,0],[70,22,130]]
[[0,0,0],[1,0,0],[0,1,0],[2,29,130]]
[[0,0,0],[1,0,0],[0,1,0],[14,107,130]]
[[0,0,0],[1,0,0],[0,1,0],[56,23,130]]
[[0,0,0],[1,0,0],[0,1,0],[2,59,130]]
[[0,0,0],[1,0,0],[0,1,0],[54,97,130]]
[[0,0,0],[1,0,0],[0,1,0],[17,127,130]]
[[0,0,0],[1,0,0],[0,1,0],[14,11,130]]
[[0,0,0],[1,0,0],[0,1,0],[36,97,130]]
[[0,0,0],[1,0,0],[0,1,0],[58,119,130]]
[[0,0,0],[1,0,0],[0,1,0],[82,114,130]]
[[0,0,0],[1,0,0],[0,1,0],[58,123,130]]
[[0,0,0],[1,0,0],[0,1,0],[42,44,130]]
[[0,0,0],[1,0,0],[0,1,0],[27,109,130]]
[[0,0,0],[1,0,0],[0,1,0],[56,103,130]]
[[0,0,0],[2,0,0],[0,1,0],[10,6,65]]
[[0,0,0],[2,0,0],[0,1,0],[10,21,65]]
[[0,0,0],[1,0,0],[0,1,0],[50,120,130]]
[[0,0,0],[1,0,0],[0,1,0],[90,54,130]]
[[0,0,0],[1,0,0],[0,1,0],[45,106,130]]
[[0,0,0],[1,0,0],[0,1,0],[8,51,130]]
[[0,0,0],[1,0,0],[0,1,0],[98,7,130]]
[[0,0,0],[1,0,0],[0,1,0],[55,76,130]]
[[0,0,0],[1,0,0],[0,1,0],[48,113,130]]
[[0,0,0],[1,0,0],[0,1,0],[12,89,130]]
[[0,0,0],[1,0,0],[0,1,0],[18,43,130]]
[[0,0,0],[1,0,0],[0,1,0],[8,88,130]]
[[0,0,0],[1,0,0],[0,1,0],[1,27,130]]
[[0,0,0],[1,0,0],[0,1,0],[8,48,130]]
[[0,0,0],[1,0,0],[0,1,0],[42,99,130]]
[[0,0,0],[1,0,0],[0,1,0],[20,71,130]]
[[0,0,0],[1,0,0],[0,1,0],[54,23,130]]
[[0,0,0],[1,0,0],[0,1,0],[16,97,130]]
[[0,0,0],[1,0,0],[0,1,0],[34,119,130]]
[[0,0,0],[1,0,0],[0,1,0],[26,40,130]]
[[0,0,0],[1,0,0],[0,1,0],[48,73,130]]
[[0,0,0],[1,0,0],[0,1,0],[108,118,130]]
[[0,0,0],[1,0,0],[0,1,0],[38,7,130]]
[[0,0,0],[1,0,0],[0,1,0],[45,126,130]]
[[0,0,0],[1,0,0],[0,1,0],[32,109,130]]
[[0,0,0],[1,0,0],[0,1,0],[95,88,130]]
[[0,0,0],[1,0,0],[0,1,0],[44,31,130]]
[[0,0,0],[1,0,0],[0,1,0],[44,129,130]]
[[0,0,0],[1,0,0],[0,1,0],[82,127,130]]
[[0,0,0],[1,0,0],[0,1,0],[22,63,130]]
[[0,0,0],[1,0,0],[0,1,0],[4,57,130]]
[[0,0,0],[1,0,0],[0,1,0],[95,36,130]]
[[0,0,0],[1,0,0],[0,1,0],[58,79,130]]
[[0,0,0],[1,0,0],[0,1,0],[92,109,130]]
[[0,0,0],[1,0,0],[0,1,0],[18,77,130]]
[[0,0,0],[1,0,0],[0,1,0],[8,127,130]]
[[0,0,0],[1,0,0],[0,1,0],[5,51,130]]
[[0,0,0],[1,0,0],[0,1,0],[12,109,130]]
[[0,0,0],[1,0,0],[0,1,0],[12,84,130]]
[[0,0,0],[1,0,0],[0,1,0],[112,31,130]]
[[0,0,0],[1,0,0],[0,1,0],[3,27,130]]
[[0,0,0],[1,0,0],[0,1,0],[28,77,130]]
[[0,0,0],[1,0,0],[0,1,0],[7,61,130]]
[[0,0,0],[1,0,0],[0,1,0],[98,103,130]]
[[0,0,0],[2,0,0],[0,1,0],[5,56,65]]
[[0,0,0],[1,0,0],[0,1,0],[25,66,130]]
[[0,0,0],[1,0,0],[0,1,0],[4,51,130]]
[[0,0,0],[1,0,0],[0,1,0],[22,67,130]]
[[0,0,0],[2,0,0],[0,1,0],[10,22,65]]
[[0,0,0],[1,0,0],[0,1,0],[7,19,130]]
[[0,0,0],[1,0,0],[0,1,0],[44,74,130]]
[[0,0,0],[1,0,0],[0,1,0],[34,37,130]]
[[0,0,0],[1,0,0],[0,1,0],[8,18,130]]
[[0,0,0],[1,0,0],[0,1,0],[42,124,130]]
[[0,0,0],[1,0,0],[0,1,0],[6,111,130]]
[[0,0,0],[1,0,0],[0,1,0],[14,3,130]]
[[0,0,0],[1,0,0],[0,1,0],[4,119,130]]
[[0,0,0],[1,0,0],[0,1,0],[33,59,130]]
[[0,0,0],[1,0,0],[0,1,0],[102,124,130]]
[[0,0,0],[1,0,0],[0,1,0],[46,99,130]]
[[0,0,0],[1,0,0],[0,1,0],[25,81,130]]
[[0,0,0],[1,0,0],[0,1,0],[55,66,130]]
[[0,0,0],[1,0,0],[0,1,0],[13,40,130]]
[[0,0,0],[1,0,0],[0,1,0],[54,64,130]]
[[0,0,0],[1,0,0],[0,1,0],[120,115,130]]
[[0,0,0],[1,0,0],[0,1,0],[4,111,130]]
[[0,0,0],[1,0,0],[0,1,0],[117,40,130]]
[[0,0,0],[2,0,0],[0,1,0],[10,9,65]]
[[0,0,0],[1,0,0],[0,1,0],[13,1,130]]
[[0,0,0],[1,0,0],[0,1,0],[30,75,130]]
[[0,0,0],[1,0,0],[0,1,0],[25,51,130]]
[[0,0,0],[1,0,0],[0,1,0],[24,71,130]]
[[0,0,0],[1,0,0],[0,1,0],[41,129,130]]
[[0,0,0],[1,0,0],[0,1,0],[16,7,130]]
[[0,0,0],[1,0,0],[0,1,0],[56,79,130]]
[[0,0,0],[1,0,0],[0,1,0],[14,61,130]]
[[0,0,0],[1,0,0],[0,1,0],[48,58,130]]
[[0,0,0],[1,0,0],[0,1,0],[32,11,130]]
[[0,0,0],[1,0,0],[0,1,0],[75,16,130]]
[[0,0,0],[1,0,0],[0,1,0],[7,29,130]]
[[0,0,0],[1,0,0],[0,1,0],[115,126,130]]
[[0,0,0],[1,0,0],[0,1,0],[9,109,130]]
[[0,0,0],[1,0,0],[0,1,0],[5,113,130]]
[[0,0,0],[1,0,0],[0,1,0],[32,79,130]]
[[0,0,0],[2,0,0],[0,1,0],[10,56,65]]
[[0,0,0],[1,0,0],[0,1,0],[17,59,130]]
[[0,0,0],[1,0,0],[0,1,0],[17,17,130]]
[[0,0,0],[1,0,0],[0,1,0],[22,1,130]]
[[0,0,0],[1,0,0],[0,1,0],[27,59,130]]
[[0,0,0],[1,0,0],[0,1,0],[11,21,130]]
[[0,0,0],[1,0,0],[0,1,0],[8,84,130]]
[[0,0,0],[1,0,0],[0,1,0],[52,27,130]]
[[0,0,0],[1,0,0],[0,1,0],[82,53,130]]
[[0,0,0],[1,0,0],[0,1,0],[32,43,130]]
[[0,0,0],[1,0,0],[0,1,0],[64,83,130]]
[[0,0,0],[1,0,0],[0,1,0],[28,59,130]]
[[0,0,0],[1,0,0],[0,1,0],[91,40,130]]
[[0,0,0],[1,0,0],[0,1,0],[2,74,130]]
[[0,0,0],[1,0,0],[0,1,0],[4,99,130]]
[[0,0,0],[1,0,0],[0,1,0],[66,107,130]]
[[0,0,0],[1,0,0],[0,1,0],[58,88,130]]
[[0,0,0],[1,0,0],[0,1,0],[38,43,130]]
[[0,0,0],[1,0,0],[0,1,0],[38,19,130]]
[[0,0,0],[1,0,0],[0,1,0],[22,122,130]]
[[0,0,0],[1,0,0],[0,1,0],[64,119,130]]
[[0,0,0],[1,0,0],[0,1,0],[32,64,130]]
[[0,0,0],[1,0,0],[0,1,0],[2,67,130]]
[[0,0,0],[1,0,0],[0,1,0],[115,6,130]]
[[0,0,0],[2,0,0],[0,1,0],[25,31,65]]
[[0,0,0],[1,0,0],[0,1,0],[100,18,130]]
[[0,0,0],[1,0,0],[0,1,0],[20,81,130]]
[[0,0,0],[1,0,0],[0,1,0],[75,69,130]]
[[0,0,0],[1,0,0],[0,1,0],[48,108,130]]
[[0,0,0],[2,0,0],[0,1,0],[20,43,65]]
[[0,0,0],[1,0,0],[0,1,0],[37,99,130]]
[[0,0,0],[1,0,0],[0,1,0],[35,36,130]]
[[0,0,0],[1,0,0],[0,1,0],[17,119,130]]
[[0,0,0],[1,0,0],[0,1,0],[14,21,130]]
[[0,0,0],[1,0,0],[0,1,0],[25,54,130]]
[[0,0,0],[2,0,0],[0,1,0],[45,37,65]]
[[0,0,0],[1,0,0],[0,1,0],[24,69,130]]
[[0,0,0],[1,0,0],[0,1,0],[24,32,130]]
[[0,0,0],[2,0,0],[0,1,0],[10,48,65]]
[[0,0,0],[1,0,0],[0,1,0],[59,59,130]]
[[0,0,0],[2,0,0],[0,1,0],[26,40,65]]
[[0,0,0],[1,0,0],[0,1,0],[9,9,130]]
[[0,0,0],[1,0,0],[0,1,0],[25,31,130]]
[[0,0,0],[1,0,0],[0,1,0],[20,124,130]]
[[0,0,0],[1,0,0],[0,1,0],[46,124,130]]
[[0,0,0],[1,0,0],[0,1,0],[18,58,130]]
[[0,0,0],[1,0,0],[0,1,0],[12,51,130]]
[[0,0,0],[1,0,0],[0,1,0],[75,4,130]]
[[0,0,0],[1,0,0],[0,1,0],[105,96,130]]
[[0,0,0],[1,0,0],[0,1,0],[28,7,130]]
[[0,0,0],[1,0,0],[0,1,0],[48,88,130]]
[[0,0,0],[1,0,0],[0,1,0],[14,19,130]]
[[0,0,0],[1,0,0],[0,1,0],[5,11,130]]
[[0,0,0],[1,0,0],[0,1,0],[50,68,130]]
[[0,0,0],[1,0,0],[0,1,0],[82,124,130]]
[[0,0,0],[1,0,0],[0,1,0],[70,74,130]]
[[0,0,0],[1,0,0],[0,1,0],[80,25,130]]
[[0,0,0],[1,0,0],[0,1,0],[3,129,130]]
[[0,0,0],[1,0,0],[0,1,0],[32,53,130]]
[[0,0,0],[1,0,0],[0,1,0],[4,1,130]]
[[0,0,0],[1,0,0],[0,1,0],[7,89,130]]
[[0,0,0],[1,0,0],[0,1,0],[42,94,130]]
[[0,0,0],[1,0,0],[0,1,0],[108,108,130]]
[[0,0,0],[1,0,0],[0,1,0],[44,1,130]]
[[0,0,0],[1,0,0],[0,1,0],[3,3,130]]
[[0,0,0],[1,0,0],[0,1,0],[44,112,130]]
[[0,0,0],[1,0,0],[0,1,0],[32,127,130]]
[[0,0,0],[1,0,0],[0,1,0],[8,8,130]]
[[0,0,0],[1,0,0],[0,1,0],[98,63,130]]
[[0,0,0],[1,0,0],[0,1,0],[6,37,130]]
[[0,0,0],[1,0,0],[0,1,0],[2,127,130]]
[[0,0,0],[1,0,0],[0,1,0],[42,59,130]]
[[0,0,0],[1,0,0],[0,1,0],[22,123,130]]
[[0,0,0],[1,0,0],[0,1,0],[44,126,130]]
[[0,0,0],[1,0,0],[0,1,0],[10,82,130]]
[[0,0,0],[1,0,0],[0,1,0],[6,97,130]]
[[0,0,0],[1,0,0],[0,1,0],[24,3,130]]
[[0,0,0],[1,0,0],[0,1,0],[124,124,130]]
[[0,0,0],[1,0,0],[0,1,0],[8,59,130]]
[[0,0,0],[1,0,0],[0,1,0],[16,77,130]]
[[0,0,0],[1,0,0],[0,1,0],[32,119,130]]
[[0,0,0],[1,0,0],[0,1,0],[72,98,130]]
[[0,0,0],[1,0,0],[0,1,0],[88,98,130]]
[[0,0,0],[1,0,0],[0,1,0],[114,107,130]]
[[0,0,0],[1,0,0],[0,1,0],[55,37,130]]
[[0,0,0],[1,0,0],[0,1,0],[58,127,130]]
[[0,0,0],[1,0,0],[0,1,0],[48,68,130]]
[[0,0,0],[1,0,0],[0,1,0],[18,89,130]]
[[0,0,0],[1,0,0],[0,1,0],[12,28,130]]
[[0,0,0],[1,0,0],[0,1,0],[14,87,130]]
[[0,0,0],[1,0,0],[0,1,0],[58,97,130]]
[[0,0,0],[1,0,0],[0,1,0],[58,63,130]]
[[0,0,0],[1,0,0],[0,1,0],[2,109,130]]
[[0,0,0],[1,0,0],[0,1,0],[39,53,130]]
[[0,0,0],[1,0,0],[0,1,0],[54,99,130]]
[[0,0,0],[2,0,0],[0,1,0],[55,11,65]]
[[0,0,0],[1,0,0],[0,1,0],[28,108,130]]
[[0,0,0],[1,0,0],[0,1,0],[20,1,130]]
[[0,0,0],[2,0,0],[0,1,0],[40,7,65]]
[[0,0,0],[1,0,0],[0,1,0],[6,99,130]]
[[0,0,0],[1,0,0],[0,1,0],[48,89,130]]
[[0,0,0],[1,0,0],[0,1,0],[95,116,130]]
[[0,0,0],[1,0,0],[0,1,0],[5,31,130]]
[[0,0,0],[1,0,0],[0,1,0],[95,76,130]]
[[0,0,0],[1,0,0],[0,1,0],[27,79,130]]
[[0,0,0],[1,0,0],[0,1,0],[17,51,130]]
[[0,0,0],[1,0,0],[0,1,0],[58,93,130]]
[[0,0,0],[1,0,0],[0,1,0],[32,123,130]]
[[0,0,0],[1,0,0],[0,1,0],[100,109,130]]
[[0,0,0],[1,0,0],[0,1,0],[8,109,130]]
[[0,0,0],[1,0,0],[0,1,0],[58,53,130]]
[[0,0,0],[1,0,0],[0,1,0],[106,31,130]]
[[0,0,0],[1,0,0],[0,1,0],[115,116,130]]
[[0,0,0],[1,0,0],[0,1,0],[54,129,130]]
[[0,0,0],[1,0,0],[0,1,0],[12,74,130]]
[[0,0,0],[1,0,0],[0,1,0],[74,17,130]]
[[0,0,0],[1,0,0],[0,1,0],[68,128,130]]
[[0,0,0],[1,0,0],[0,1,0],[12,77,130]]
[[0,0,0],[1,0,0],[0,1,0],[47,79,130]]
[[0,0,0],[1,0,0],[0,1,0],[55,63,130]]
[[0,0,0],[1,0,0],[0,1,0],[125,84,130]]
[[0,0,0],[1,0,0],[0,1,0],[54,111,130]]
[[0,0,0],[1,0,0],[0,1,0],[72,83,130]]
[[0,0,0],[1,0,0],[0,1,0],[2,124,130]]
[[0,0,0],[2,0,0],[0,1,0],[30,1,65]]
[[0,0,0],[1,0,0],[0,1,0],[84,61,130]]
[[0,0,0],[1,0,0],[0,1,0],[24,111,130]]
[[0,0,0],[1,0,0],[0,1,0],[34,51,130]]
[[0,0,0],[1,0,0],[0,1,0],[4,97,130]]
[[0,0,0],[1,0,0],[0,1,0],[30,11,130]]
[[0,0,0],[1,0,0],[0,1,0],[44,87,130]]
[[0,0,0],[1,0,0],[0,1,0],[4,92,130]]
[[0,0,0],[1,0,0],[0,1,0],[22,47,130]]
[[0,0,0],[1,0,0],[0,1,0],[36,49,130]]
[[0,0,0],[1,0,0],[0,1,0],[60,110,130]]
[[0,0,0],[1,0,0],[0,1,0],[8,99,130]]
[[0,0,0],[1,0,0],[0,1,0],[10,1,130]]
[[0,0,0],[1,0,0],[0,1,0],[84,27,130]]
[[0,0,0],[1,0,0],[0,1,0],[55,128,130]]
[[0,0,0],[1,0,0],[0,1,0],[120,102,130]]
[[0,0,0],[1,0,0],[0,1,0],[54,87,130]]
[[0,0,0],[1,0,0],[0,1,0],[12,83,130]]
[[0,0,0],[1,0,0],[0,1,0],[1,3,130]]
[[0,0,0],[1,0,0],[0,1,0],[125,32,130]]
[[0,0,0],[1,0,0],[0,1,0],[7,11,130]]
[[0,0,0],[1,0,0],[0,1,0],[12,94,130]]
[[0,0,0],[1,0,0],[0,1,0],[2,87,130]]
[[0,0,0],[2,0,0],[0,1,0],[5,6,65]]
[[0,0,0],[1,0,0],[0,1,0],[48,97,130]]
[[0,0,0],[1,0,0],[0,1,0],[8,23,130]]
[[0,0,0],[1,0,0],[0,1,0],[4,71,130]]
[[0,0,0],[1,0,0],[0,1,0],[62,89,130]]
[[0,0,0],[2,0,0],[0,1,0],[0,1,65]]
[[0,0,0],[1,0,0],[0,1,0],[9,47,130]]
[[0,0,0],[1,0,0],[0,1,0],[22,64,130]]
[[0,0,0],[1,0,0],[0,1,0],[42,64,130]]
[[0,0,0],[1,0,0],[0,1,0],[33,43,130]]
[[0,0,0],[1,0,0],[0,1,0],[33,107,130]]
[[0,0,0],[1,0,0],[0,1,0],[2,51,130]]
[[0,0,0],[1,0,0],[0,1,0],[2,123,130]]
[[0,0,0],[1,0,0],[0,1,0],[34,1,130]]
[[0,0,0],[1,0,0],[0,1,0],[32,44,130]]
[[0,0,0],[1,0,0],[0,1,0],[3,83,130]]
[[0,0,0],[1,0,0],[0,1,0],[35,109,130]]
[[0,0,0],[1,0,0],[0,1,0],[27,69,130]]
[[0,0,0],[1,0,0],[0,1,0],[54,122,130]]
[[0,0,0],[1,0,0],[0,1,0],[7,53,130]]
[[0,0,0],[1,0,0],[0,1,0],[25,56,130]]
[[0,0,0],[1,0,0],[0,1,0],[12,17,130]]
[[0,0,0],[1,0,0],[0,1,0],[44,3,130]]
[[0,0,0],[1,0,0],[0,1,0],[33,41,130]]
[[0,0,0],[1,0,0],[0,1,0],[116,41,130]]
[[0,0,0],[1,0,0],[0,1,0],[6,67,130]]
[[0,0,0],[1,0,0],[0,1,0],[35,83,130]]
[[0,0,0],[1,0,0],[0,1,0],[62,1,130]]
[[0,0,0],[1,0,0],[0,1,0],[98,128,130]]
[[0,0,0],[1,0,0],[0,1,0],[28,107,130]]
[[0,0,0],[1,0,0],[0,1,0],[90,81,130]]
[[0,0,0],[2,0,0],[0,1,0],[20,36,65]]
[[0,0,0],[1,0,0],[0,1,0],[14,129,130]]
[[0,0,0],[1,0,0],[0,1,0],[30,51,130]]
[[0,0,0],[1,0,0],[0,1,0],[15,66,130]]
[[0,0,0],[1,0,0],[0,1,0],[82,88,130]]
[[0,0,0],[1,0,0],[0,1,0],[4,19,130]]
[[0,0,0],[1,0,0],[0,1,0],[6,33,130]]
[[0,0,0],[1,0,0],[0,1,0],[1,33,130]]
[[0,0,0],[1,0,0],[0,1,0],[128,128,130]]
[[0,0,0],[1,0,0],[0,1,0],[15,11,130]]
[[0,0,0],[1,0,0],[0,1,0],[34,17,130]]
[[0,0,0],[1,0,0],[0,1,0],[36,27,130]]
[[0,0,0],[1,0,0],[0,1,0],[45,1,130]]
[[0,0,0],[1,0,0],[0,1,0],[16,37,130]]
[[0,0,0],[1,0,0],[0,1,0],[30,114,130]]
[[0,0,0],[1,0,0],[0,1,0],[95,46,130]]
[[0,0,0],[1,0,0],[0,1,0],[64,129,130]]
[[0,0,0],[1,0,0],[0,1,0],[12,43,130]]
[[0,0,0],[1,0,0],[0,1,0],[12,124,130]]
[[0,0,0],[1,0,0],[0,1,0],[22,44,130]]
[[0,0,0],[1,0,0],[0,1,0],[34,57,130]]
[[0,0,0],[1,0,0],[0,1,0],[8,28,130]]
[[0,0,0],[1,0,0],[0,1,0],[28,33,130]]
[[0,0,0],[1,0,0],[0,1,0],[30,1,130]]
[[0,0,0],[1,0,0],[0,1,0],[24,102,130]]
[[0,0,0],[1,0,0],[0,1,0],[3,93,130]]
[[0,0,0],[1,0,0],[0,1,0],[4,67,130]]
[[0,0,0],[1,0,0],[0,1,0],[4,81,130]]
[[0,0,0],[1,0,0],[0,2,0],[26,15,65]]
[[0,0,0],[1,0,0],[0,1,0],[125,76,130]]
[[0,0,0],[1,0,0],[0,1,0],[92,59,130]]
[[0,0,0],[1,0,0],[0,1,0],[57,129,130]]
[[0,0,0],[1,0,0],[0,1,0],[15,77,130]]
[[0,0,0],[1,0,0],[0,1,0],[19,121,130]]
[[0,0,0],[1,0,0],[0,1,0],[5,74,130]]
[[0,0,0],[1,0,0],[0,1,0],[10,69,130]]
[[0,0,0],[1,0,0],[0,1,0],[16,76,130]]
[[0,0,0],[1,0,0],[0,1,0],[34,67,130]]
[[0,0,0],[1,0,0],[0,1,0],[115,86,130]]
[[0,0,0],[1,0,0],[0,1,0],[91,92,130]]
[[0,0,0],[1,0,0],[0,1,0],[24,82,130]]
[[0,0,0],[1,0,0],[0,1,0],[48,23,130]]
[[0,0,0],[1,0,0],[0,1,0],[64,102,130]]
[[0,0,0],[1,0,0],[0,1,0],[21,47,130]]
[[0,0,0],[1,0,0],[0,1,0],[16,129,130]]
[[0,0,0],[1,0,0],[0,1,0],[9,57,130]]
[[0,0,0],[1,0,0],[0,1,0],[42,1,130]]
[[0,0,0],[1,0,0],[0,1,0],[95,71,130]]
[[0,0,0],[1,0,0],[0,1,0],[9,11,130]]
[[0,0,0],[1,0,0],[0,1,0],[27,99,130]]
[[0,0,0],[2,0,0],[0,1,0],[25,61,65]]
[[0,0,0],[1,0,0],[0,1,0],[62,129,130]]
[[0,0,0],[1,0,0],[0,1,0],[2,23,130]]
[[0,0,0],[1,0,0],[0,1,0],[4,69,130]]
[[0,0,0],[1,0,0],[0,1,0],[16,31,130]]
[[0,0,0],[1,0,0],[0,1,0],[15,51,130]]
[[0,0,0],[1,0,0],[0,1,0],[24,121,130]]
[[0,0,0],[1,0,0],[0,1,0],[8,19,130]]
[[0,0,0],[1,0,0],[0,1,0],[95,114,130]]
[[0,0,0],[1,0,0],[0,1,0],[104,92,130]]
[[0,0,0],[1,0,0],[0,1,0],[85,76,130]]
[[0,0,0],[1,0,0],[0,1,0],[36,3,130]]
[[0,0,0],[1,0,0],[0,1,0],[75,66,130]]
[[0,0,0],[1,0,0],[0,1,0],[34,101,130]]
[[0,0,0],[1,0,0],[0,1,0],[34,122,130]]
[[0,0,0],[1,0,0],[0,1,0],[6,49,130]]
[[0,0,0],[1,0,0],[0,1,0],[16,93,130]]
[[0,0,0],[1,0,0],[0,1,0],[2,64,130]]
[[0,0,0],[1,0,0],[0,1,0],[110,8,130]]
[[0,0,0],[1,0,0],[0,1,0],[90,2,130]]
[[0,0,0],[1,0,0],[0,1,0],[110,125,130]]
[[0,0,0],[1,0,0],[0,1,0],[8,128,130]]
[[0,0,0],[1,0,0],[0,1,0],[24,37,130]]
[[0,0,0],[1,0,0],[0,1,0],[64,97,130]]
[[0,0,0],[1,0,0],[0,1,0],[64,1,130]]
[[0,0,0],[1,0,0],[0,1,0],[86,79,130]]
[[0,0,0],[1,0,0],[0,1,0],[75,106,130]]
[[0,0,0],[1,0,0],[0,1,0],[86,71,130]]
[[0,0,0],[1,0,0],[0,1,0],[4,82,130]]
[[0,0,0],[1,0,0],[0,1,0],[18,29,130]]
[[0,0,0],[1,0,0],[0,1,0],[54,3,130]]
[[0,0,0],[1,0,0],[0,1,0],[2,27,130]]
[[0,0,0],[1,0,0],[0,1,0],[45,46,130]]
[[0,0,0],[1,0,0],[0,1,0],[8,1,130]]
[[0,0,0],[1,0,0],[0,1,0],[68,79,130]]
[[0,0,0],[1,0,0],[0,1,0],[38,73,130]]
[[0,0,0],[1,0,0],[0,1,0],[9,59,130]]
[[0,0,0],[1,0,0],[0,1,0],[14,49,130]]
[[0,0,0],[1,0,0],[0,1,0],[21,51,130]]
[[0,0,0],[1,0,0],[0,1,0],[2,33,130]]
[[0,0,0],[1,0,0],[0,1,0],[6,47,130]]
[[0,0,0],[1,0,0],[0,1,0],[14,99,130]]
[[0,0,0],[1,0,0],[0,1,0],[66,99,130]]
[[0,0,0],[1,0,0],[0,1,0],[14,67,130]]
[[0,0,0],[1,0,0],[0,1,0],[2,79,130]]
[[0,0,0],[1,0,0],[0,1,0],[18,19,130]]
[[0,0,0],[1,0,0],[0,1,0],[64,87,130]]
[[0,0,0],[1,0,0],[0,1,0],[34,31,130]]
[[0,0,0],[1,0,0],[0,1,0],[3,103,130]]
[[0,0,0],[1,0,0],[0,1,0],[8,93,130]]
[[0,0,0],[1,0,0],[0,1,0],[6,83,130]]
[[0,0,0],[1,0,0],[0,1,0],[2,81,130]]
[[0,0,0],[2,0,0],[0,1,0],[30,12,65]]
[[0,0,0],[1,0,0],[0,1,0],[10,41,130]]
[[0,0,0],[1,0,0],[0,1,0],[39,66,130]]
[[0,0,0],[1,0,0],[0,1,0],[46,1,130]]
[[0,0,0],[1,0,0],[0,1,0],[28,58,130]]
[[0,0,0],[1,0,0],[0,1,0],[18,63,130]]
[[0,0,0],[1,0,0],[0,1,0],[16,67,130]]
[[0,0,0],[1,0,0],[0,1,0],[17,49,130]]
[[0,0,0],[1,0,0],[0,1,0],[28,3,130]]
[[0,0,0],[1,0,0],[0,1,0],[18,18,130]]
[[0,0,0],[1,0,0],[0,1,0],[28,127,130]]
[[0,0,0],[1,0,0],[0,1,0],[55,21,130]]
[[0,0,0],[1,0,0],[0,1,0],[82,9,130]]
[[0,0,0],[1,0,0],[0,1,0],[46,97,130]]
[[0,0,0],[1,0,0],[0,1,0],[88,81,130]]
[[0,0,0],[1,0,0],[0,1,0],[5,126,130]]
[[0,0,0],[1,0,0],[0,1,0],[61,79,130]]
[[0,0,0],[1,0,0],[0,1,0],[46,129,130]]
[[0,0,0],[1,0,0],[0,1,0],[7,111,130]]
[[0,0,0],[1,0,0],[0,1,0],[105,76,130]]
[[0,0,0],[1,0,0],[0,1,0],[42,128,130]]
[[0,0,0],[1,0,0],[0,1,0],[36,57,130]]
[[0,0,0],[1,0,0],[0,1,0],[58,86,130]]
[[0,0,0],[1,0,0],[0,1,0],[25,16,130]]
[[0,0,0],[1,0,0],[0,2,0],[10,60,65]]
[[0,0,0],[1,0,0],[0,1,0],[10,81,130]]
[[0,0,0],[1,0,0],[0,1,0],[85,66,130]]
[[0,0,0],[1,0,0],[0,1,0],[24,19,130]]
[[0,0,0],[1,0,0],[0,1,0],[46,11,130]]
[[0,0,0],[1,0,0],[0,1,0],[3,57,130]]
[[0,0,0],[1,0,0],[0,1,0],[105,6,130]]
[[0,0,0],[1,0,0],[0,1,0],[22,87,130]]
[[0,0,0],[1,0,0],[0,1,0],[117,66,130]]
[[0,0,0],[1,0,0],[0,1,0],[30,88,130]]
[[0,0,0],[1,0,0],[0,1,0],[28,128,130]]
[[0,0,0],[1,0,0],[0,1,0],[6,87,130]]
[[0,0,0],[1,0,0],[0,2,0],[20,40,65]]
[[0,0,0],[2,0,0],[0,1,0],[20,1,65]]
[[0,0,0],[1,0,0],[0,1,0],[115,16,130]]
[[0,0,0],[2,0,0],[0,1,0],[5,11,65]]
[[0,0,0],[1,0,0],[0,1,0],[50,107,130]]
[[0,0,0],[1,0,0],[0,1,0],[12,14,130]]
[[0,0,0],[1,0,0],[0,1,0],[82,19,130]]
[[0,0,0],[1,0,0],[0,1,0],[34,23,130]]
[[0,0,0],[1,0,0],[0,1,0],[8,57,130]]
[[0,0,0],[1,0,0],[0,1,0],[4,12,130]]
[[0,0,0],[1,0,0],[0,1,0],[74,112,130]]
[[0,0,0],[1,0,0],[0,1,0],[56,88,130]]
[[0,0,0],[1,0,0],[0,1,0],[6,23,130]]
[[0,0,0],[1,0,0],[0,1,0],[13,27,130]]
[[0,0,0],[1,0,0],[0,1,0],[56,83,130]]
[[0,0,0],[1,0,0],[0,1,0],[2,57,130]]
[[0,0,0],[1,0,0],[0,1,0],[22,94,130]]
[[0,0,0],[1,0,0],[0,1,0],[62,109,130]]
[[0,0,0],[1,0,0],[0,1,0],[16,87,130]]
[[0,0,0],[1,0,0],[0,1,0],[68,108,130]]
[[0,0,0],[1,0,0],[0,1,0],[36,43,130]]
[[0,0,0],[1,0,0],[0,1,0],[76,79,130]]
[[0,0,0],[1,0,0],[0,1,0],[75,82,130]]
[[0,0,0],[1,0,0],[0,1,0],[9,61,130]]
[[0,0,0],[1,0,0],[0,1,0],[74,109,130]]
[[0,0,0],[1,0,0],[0,1,0],[55,11,130]]
[[0,0,0],[1,0,0],[0,1,0],[58,73,130]]
[[0,0,0],[1,0,0],[0,1,0],[42,63,130]]
[[0,0,0],[1,0,0],[0,1,0],[2,49,130]]
[[0,0,0],[1,0,0],[0,1,0],[60,32,130]]
[[0,0,0],[1,0,0],[0,1,0],[20,41,130]]
[[0,0,0],[1,0,0],[0,1,0],[28,37,130]]
[[0,0,0],[1,0,0],[0,1,0],[62,121,130]]
[[0,0,0],[1,0,0],[0,1,0],[88,53,130]]
[[0,0,0],[1,0,0],[0,1,0],[34,49,130]]
[[0,0,0],[1,0,0],[0,1,0],[20,111,130]]
[[0,0,0],[1,0,0],[0,1,0],[44,92,130]]
[[0,0,0],[1,0,0],[0,1,0],[43,113,130]]
[[0,0,0],[1,0,0],[0,1,0],[62,7,130]]
[[0,0,0],[1,0,0],[0,1,0],[32,69,130]]
[[0,0,0],[1,0,0],[0,1,0],[50,16,130]]
[[0,0,0],[1,0,0],[0,1,0],[12,71,130]]
[[0,0,0],[1,0,0],[0,1,0],[7,59,130]]
[[0,0,0],[1,0,0],[0,1,0],[54,82,130]]
[[0,0,0],[1,0,0],[0,1,0],[125,96,130]]
[[0,0,0],[1,0,0],[0,1,0],[42,79,130]]
[[0,0,0],[1,0,0],[0,1,0],[106,129,130]]
[[0,0,0],[1,0,0],[0,1,0],[12,33,130]]
[[0,0,0],[1,0,0],[0,1,0],[8,111,130]]
[[0,0,0],[1,0,0],[0,1,0],[85,116,130]]
[[0,0,0],[1,0,0],[0,1,0],[42,84,130]]
[[0,0,0],[1,0,0],[1,2,0],[40,5,65]]
[[0,0,0],[1,0,0],[0,1,0],[14,22,130]]
[[0,0,0],[1,0,0],[0,1,0],[36,108,130]]
[[0,0,0],[1,0,0],[0,1,0],[70,126,130]]
[[0,0,0],[1,0,0],[0,1,0],[115,96,130]]
[[0,0,0],[2,0,0],[0,1,0],[10,61,65]]
[[0,0,0],[1,0,0],[0,1,0],[16,102,130]]
[[0,0,0],[1,0,0],[0,1,0],[44,72,130]]
[[0,0,0],[1,0,0],[0,1,0],[54,113,130]]
[[0,0,0],[1,0,0],[0,1,0],[30,41,130]]
[[0,0,0],[1,0,0],[0,1,0],[39,40,130]]
[[0,0,0],[1,0,0],[0,1,0],[19,49,130]]
[[0,0,0],[1,0,0],[0,1,0],[58,81,130]]
[[0,0,0],[1,0,0],[0,1,0],[6,11,130]]
[[0,0,0],[1,0,0],[0,1,0],[14,27,130]]
[[0,0,0],[1,0,0],[0,1,0],[8,47,130]]
[[0,0,0],[1,0,0],[0,1,0],[28,21,130]]
[[0,0,0],[1,0,0],[0,1,0],[44,109,130]]
[[0,0,0],[1,0,0],[0,1,0],[4,27,130]]
[[0,0,0],[1,0,0],[0,1,0],[58,129,130]]
[[0,0,0],[1,0,0],[0,1,0],[18,27,130]]
[[0,0,0],[1,0,0],[0,1,0],[25,2,130]]
[[0,0,0],[1,0,0],[0,1,0],[37,129,130]]
[[0,0,0],[1,0,0],[0,1,0],[72,94,130]]
[[0,0,0],[1,0,0],[0,1,0],[43,83,130]]
[[0,0,0],[1,0,0],[0,1,0],[34,21,130]]
[[0,0,0],[1,0,0],[0,1,0],[75,126,130]]
[[0,0,0],[1,0,0],[0,1,0],[24,29,130]]
[[0,0,0],[1,0,0],[0,1,0],[15,56,130]]
[[0,0,0],[1,0,0],[0,1,0],[12,103,130]]
[[0,0,0],[1,0,0],[0,1,0],[32,33,130]]
[[0,0,0],[10,0,0],[0,1,0],[0,1,13]]
[[0,0,0],[1,0,0],[0,1,0],[32,59,130]]
[[0,0,0],[1,0,0],[0,1,0],[80,38,130]]
[[0,0,0],[1,0,0],[0,1,0],[32,74,130]]
[[0,0,0],[1,0,0],[0,1,0],[74,27,130]]
[[0,0,0],[1,0,0],[0,1,0],[4,109,130]]
[[0,0,0],[1,0,0],[0,1,0],[11,51,130]]
[[0,0,0],[1,0,0],[0,1,0],[2,4,130]]
[[0,0,0],[2,0,0],[0,1,0],[10,36,65]]
[[0,0,0],[1,0,0],[0,1,0],[22,53,130]]
[[0,0,0],[1,0,0],[0,1,0],[8,11,130]]
[[0,0,0],[1,0,0],[0,1,0],[17,89,130]]
[[0,0,0],[1,0,0],[0,1,0],[76,61,130]]
[[0,0,0],[1,0,0],[0,1,0],[34,97,130]]
[[0,0,0],[1,0,0],[0,1,0],[75,116,130]]
[[0,0,0],[1,0,0],[0,1,0],[94,102,130]]
[[0,0,0],[2,0,0],[0,1,0],[40,51,65]]
[[0,0,0],[1,0,0],[0,1,0],[88,88,130]]
[[0,0,0],[1,0,0],[0,1,0],[100,122,130]]
[[0,0,0],[1,0,0],[0,1,0],[12,37,130]]
[[0,0,0],[1,0,0],[0,1,0],[24,72,130]]
[[0,0,0],[1,0,0],[0,1,0],[54,17,130]]
[[0,0,0],[2,0,0],[0,1,0],[35,51,65]]
[[0,0,0],[1,0,0],[0,1,0],[10,4,130]]
[[0,0,0],[1,0,0],[0,1,0],[25,61,130]]
[[0,0,0],[1,0,0],[0,1,0],[42,102,130]]
[[0,0,0],[1,0,0],[0,1,0],[90,51,130]]
[[0,0,0],[1,0,0],[0,1,0],[12,99,130]]
[[0,0,0],[1,0,0],[0,2,0],[60,25,65]]
[[0,0,0],[1,0,0],[0,1,0],[55,46,130]]
[[0,0,0],[1,0,0],[0,1,0],[115,94,130]]
[[0,0,0],[1,0,0],[0,1,0],[10,101,130]]
[[0,0,0],[1,0,0],[0,1,0],[57,59,130]]
[[0,0,0],[1,0,0],[0,1,0],[32,29,130]]
[[0,0,0],[1,0,0],[0,1,0],[8,77,130]]
[[0,0,0],[1,0,0],[0,1,0],[18,28,130]]
[[0,0,0],[1,0,0],[0,1,0],[34,112,130]]
[[0,0,0],[1,0,0],[0,1,0],[4,114,130]]
[[0,0,0],[1,0,0],[0,1,0],[14,62,130]]
[[0,0,0],[1,0,0],[0,1,0],[12,81,130]]
[[0,0,0],[1,0,0],[0,1,0],[9,33,130]]
[[0,0,0],[1,0,0],[0,1,0],[45,76,130]]
[[0,0,0],[1,0,0],[0,1,0],[36,129,130]]
[[0,0,0],[1,0,0],[0,1,0],[32,129,130]]
[[0,0,0],[1,0,0],[0,1,0],[45,6,130]]
[[0,0,0],[1,0,0],[0,1,0],[35,106,130]]
[[0,0,0],[1,0,0],[0,1,0],[4,47,130]]
[[0,0,0],[1,0,0],[0,2,0],[15,50,65]]
[[0,0,0],[1,0,0],[0,1,0],[21,111,130]]
[[0,0,0],[1,0,0],[0,1,0],[5,35,130]]
[[0,0,0],[1,0,0],[0,1,0],[64,82,130]]
[[0,0,0],[1,0,0],[0,1,0],[115,106,130]]
[[0,0,0],[1,0,0],[0,1,0],[46,17,130]]
[[0,0,0],[1,0,0],[0,1,0],[22,24,130]]
[[0,0,0],[1,0,0],[0,1,0],[17,23,130]]
[[0,0,0],[1,0,0],[0,1,0],[91,14,130]]
[[0,0,0],[1,0,0],[0,1,0],[14,17,130]]
[[0,0,0],[1,0,0],[0,1,0],[12,3,130]]
[[0,0,0],[1,0,0],[0,1,0],[24,7,130]]
[[0,0,0],[1,0,0],[0,1,0],[33,103,130]]
[[0,0,0],[1,0,0],[0,1,0],[25,121,130]]
[[0,0,0],[1,0,0],[0,1,0],[56,97,130]]
[[0,0,0],[1,0,0],[0,1,0],[36,123,130]]
[[0,0,0],[1,0,0],[0,1,0],[6,27,130]]
[[0,0,0],[1,0,0],[0,1,0],[13,53,130]]
[[0,0,0],[1,0,0],[0,1,0],[95,56,130]]
[[0,0,0],[1,0,0],[0,1,0],[24,17,130]]
[[0,0,0],[1,0,0],[0,1,0],[108,23,130]]
[[0,0,0],[1,0,0],[0,1,0],[6,119,130]]
[[0,0,0],[1,0,0],[0,1,0],[16,121,130]]
[[0,0,0],[1,0,0],[0,1,0],[4,31,130]]
[[0,0,0],[2,0,0],[0,1,0],[40,59,65]]
[[0,0,0],[1,0,0],[0,1,0],[44,47,130]]
[[0,0,0],[1,0,0],[0,1,0],[48,128,130]]
[[0,0,0],[1,0,0],[0,1,0],[28,19,130]]
[[0,0,0],[1,0,0],[0,1,0],[75,86,130]]
[[0,0,0],[1,0,0],[0,1,0],[40,21,130]]
[[0,0,0],[1,0,0],[0,1,0],[48,7,130]]
[[0,0,0],[1,0,0],[0,1,0],[22,43,130]]
[[0,0,0],[1,0,0],[0,1,0],[3,51,130]]
[[0,0,0],[1,0,0],[0,1,0],[94,128,130]]
[[0,0,0],[1,0,0],[0,1,0],[38,103,130]]
[[0,0,0],[1,0,0],[0,1,0],[7,31,130]]
[[0,0,0],[2,0,0],[0,1,0],[10,51,65]]
[[0,0,0],[1,0,0],[0,1,0],[68,37,130]]
[[0,0,0],[1,0,0],[0,1,0],[2,94,130]]
[[0,0,0],[1,0,0],[0,1,0],[40,41,130]]
[[0,0,0],[1,0,0],[0,1,0],[16,73,130]]
[[0,0,0],[1,0,0],[0,1,0],[9,37,130]]
[[0,0,0],[1,0,0],[0,1,0],[43,103,130]]
[[0,0,0],[1,0,0],[0,1,0],[14,51,130]]
[[0,0,0],[1,0,0],[0,1,0],[122,129,130]]
[[0,0,0],[1,0,0],[0,1,0],[94,127,130]]
[[0,0,0],[1,0,0],[0,1,0],[24,122,130]]
[[0,0,0],[1,0,0],[0,1,0],[36,17,130]]
[[0,0,0],[1,0,0],[0,1,0],[49,69,130]]
[[0,0,0],[1,0,0],[0,1,0],[94,63,130]]
[[0,0,0],[2,0,0],[0,1,0],[25,1,65]]
[[0,0,0],[1,0,0],[0,1,0],[35,121,130]]
[[0,0,0],[1,0,0],[0,1,0],[20,98,130]]
[[0,0,0],[1,0,0],[0,1,0],[106,116,130]]
[[0,0,0],[1,0,0],[0,1,0],[15,121,130]]
[[0,0,0],[1,0,0],[0,1,0],[92,114,130]]
[[0,0,0],[1,0,0],[0,1,0],[8,9,130]]
[[0,0,0],[1,0,0],[0,1,0],[15,81,130]]
[[0,0,0],[1,0,0],[0,1,0],[94,7,130]]
[[0,0,0],[1,0,0],[0,1,0],[102,53,130]]
[[0,0,0],[1,0,0],[0,1,0],[58,118,130]]
[[0,0,0],[1,0,0],[0,1,0],[72,99,130]]
[[0,0,0],[1,0,0],[0,1,0],[68,68,130]]
[[0,0,0],[1,0,0],[0,1,0],[52,79,130]]
[[0,0,0],[1,0,0],[0,1,0],[42,114,130]]
[[0,0,0],[1,0,0],[0,1,0],[46,23,130]]
[[0,0,0],[1,0,0],[0,1,0],[84,7,130]]
[[0,0,0],[1,0,0],[0,1,0],[42,89,130]]
[[0,0,0],[1,0,0],[0,1,0],[38,68,130]]
[[0,0,0],[1,0,0],[0,1,0],[4,29,130]]
[[0,0,0],[1,0,0],[0,1,0],[18,108,130]]
[[0,0,0],[1,0,0],[0,1,0],[120,76,130]]
[[0,0,0],[1,0,0],[0,1,0],[16,21,130]]
[[0,0,0],[1,0,0],[0,1,0],[35,18,130]]
[[0,0,0],[1,0,0],[0,1,0],[125,106,130]]
[[0,0,0],[1,0,0],[0,1,0],[55,116,130]]
[[0,0,0],[1,0,0],[0,1,0],[2,83,130]]
[[0,0,0],[1,0,0],[0,1,0],[28,68,130]]
[[0,0,0],[1,0,0],[0,1,0],[25,106,130]]
[[0,0,0],[1,0,0],[0,1,0],[14,43,130]]
[[0,0,0],[1,0,0],[0,1,0],[6,86,130]]
[[0,0,0],[1,0,0],[0,1,0],[50,55,130]]
[[0,0,0],[1,0,0],[0,1,0],[80,90,130]]
[[0,0,0],[1,0,0],[0,1,0],[48,3,130]]
[[0,0,0],[1,0,0],[0,1,0],[7,127,130]]
[[0,0,0],[1,0,0],[0,1,0],[7,99,130]]
[[0,0,0],[1,0,0],[0,1,0],[10,121,130]]
[[0,0,0],[1,0,0],[0,1,0],[18,71,130]]
[[0,0,0],[1,0,0],[0,1,0],[33,113,130]]
[[0,0,0],[1,0,0],[0,1,0],[12,129,130]]
[[0,0,0],[1,0,0],[0,1,0],[58,98,130]]
[[0,0,0],[1,0,0],[0,1,0],[44,67,130]]
[[0,0,0],[1,0,0],[0,1,0],[115,56,130]]
[[0,0,0],[1,0,0],[0,1,0],[20,72,130]]
[[0,0,0],[1,0,0],[0,1,0],[3,9,130]]
[[0,0,0],[1,0,0],[0,1,0],[6,51,130]]
[[0,0,0],[1,0,0],[0,1,0],[50,94,130]]
[[0,0,0],[1,0,0],[0,1,0],[58,47,130]]
[[0,0,0],[1,0,0],[0,1,0],[32,113,130]]
[[0,0,0],[1,0,0],[0,1,0],[74,92,130]]
[[0,0,0],[1,0,0],[0,1,0],[24,79,130]]
[[0,0,0],[1,0,0],[0,1,0],[28,121,130]]
[[0,0,0],[1,0,0],[0,1,0],[24,11,130]]
[[0,0,0],[1,0,0],[0,1,0],[19,27,130]]
[[0,0,0],[1,0,0],[0,1,0],[28,109,130]]
[[0,0,0],[1,0,0],[0,1,0],[1,47,130]]
[[0,0,0],[1,0,0],[0,1,0],[38,21,130]]
[[0,0,0],[1,0,0],[0,1,0],[28,28,130]]
[[0,0,0],[1,0,0],[0,1,0],[85,72,130]]
[[0,0,0],[1,0,0],[0,1,0],[25,1,130]]
[[0,0,0],[1,0,0],[0,1,0],[42,119,130]]
[[0,0,0],[1,0,0],[0,1,0],[3,113,130]]
[[0,0,0],[1,0,0],[0,1,0],[17,53,130]]
[[0,0,0],[1,0,0],[0,1,0],[4,101,130]]
[[0,0,0],[1,0,0],[0,1,0],[85,85,130]]
[[0,0,0],[1,0,0],[0,1,0],[35,11,130]]
[[0,0,0],[1,0,0],[0,1,0],[42,27,130]]
[[0,0,0],[1,0,0],[0,1,0],[37,81,130]]
[[0,0,0],[1,0,0],[0,1,0],[14,73,130]]
[[0,0,0],[1,0,0],[0,1,0],[25,116,130]]
[[0,0,0],[1,0,0],[0,1,0],[17,37,130]]
[[0,0,0],[1,0,0],[0,1,0],[4,62,130]]
[[0,0,0],[2,0,0],[0,1,0],[5,21,65]]
[[0,0,0],[1,0,0],[0,1,0],[24,43,130]]
[[0,0,0],[1,0,0],[0,1,0],[80,129,130]]
[[0,0,0],[1,0,0],[0,1,0],[105,56,130]]
[[0,0,0],[1,0,0],[0,1,0],[35,57,130]]
[[0,0,0],[1,0,0],[0,1,0],[24,97,130]]
[[0,0,0],[1,0,0],[0,1,0],[18,9,130]]
[[0,0,0],[1,0,0],[0,1,0],[14,77,130]]
[[0,0,0],[2,0,0],[0,1,0],[10,1,65]]
[[0,0,0],[1,0,0],[0,1,0],[19,33,130]]
[[0,0,0],[1,0,0],[0,1,0],[12,19,130]]
[[0,0,0],[1,0,0],[0,1,0],[7,47,130]]
[[0,0,0],[1,0,0],[0,1,0],[62,73,130]]
[[0,0,0],[1,0,0],[0,1,0],[12,79,130]]
[[0,0,0],[1,0,0],[0,1,0],[96,113,130]]
[[0,0,0],[1,0,0],[0,1,0],[46,111,130]]
[[0,0,0],[1,0,0],[0,1,0],[12,123,130]]
[[0,0,0],[1,0,0],[0,1,0],[60,1,130]]
[[0,0,0],[1,0,0],[0,1,0],[25,126,130]]
[[0,0,0],[1,0,0],[0,1,0],[11,41,130]]
[[0,0,0],[1,0,0],[0,1,0],[94,87,130]]
[[0,0,0],[2,0,0],[0,1,0],[5,46,65]]
[[0,0,0],[1,0,0],[0,1,0],[18,87,130]]
[[0,0,0],[1,0,0],[0,1,0],[18,1,130]]
[[0,0,0],[1,0,0],[0,1,0],[32,9,130]]
[[0,0,0],[1,0,0],[0,1,0],[12,44,130]]
[[0,0,0],[1,0,0],[0,1,0],[1,57,130]]
[[0,0,0],[1,0,0],[0,1,0],[38,1,130]]
[[0,0,0],[1,0,0],[0,1,0],[38,29,130]]
[[0,0,0],[1,0,0],[0,1,0],[16,1,130]]
[[0,0,0],[1,0,0],[0,1,0],[0,1,130]]
[[0,0,0],[1,0,0],[0,1,0],[4,72,130]]
[[0,0,0],[1,0,0],[0,1,0],[4,88,130]]
[[0,0,0],[1,0,0],[0,1,0],[34,111,130]]
[[0,0,0],[1,0,0],[0,1,0],[6,129,130]]
[[0,0,0],[1,0,0],[0,1,0],[24,83,130]]
[[0,0,0],[1,0,0],[0,1,0],[3,17,130]]
[[0,0,0],[1,0,0],[0,1,0],[18,48,130]]
[[0,0,0],[1,0,0],[0,1,0],[14,33,130]]
[[0,0,0],[1,0,0],[0,1,0],[2,129,130]]
[[0,0,0],[1,0,0],[0,1,0],[22,96,130]]
[[0,0,0],[1,0,0],[0,1,0],[98,108,130]]
[[0,0,0],[1,0,0],[0,1,0],[36,23,130]]
[[0,0,0],[1,0,0],[0,1,0],[70,100,130]]
[[0,0,0],[1,0,0],[0,1,0],[2,61,130]]
[[0,0,0],[1,0,0],[0,1,0],[44,102,130]]
[[0,0,0],[1,0,0],[0,1,0],[78,105,130]]
[[0,0,0],[1,0,0],[0,1,0],[34,63,130]]
[[0,0,0],[1,0,0],[0,1,0],[25,6,130]]
[[0,0,0],[1,0,0],[0,1,0],[22,19,130]]
[[0,0,0],[1,0,0],[0,1,0],[58,111,130]]
[[0,0,0],[1,0,0],[0,1,0],[18,103,130]]
[[0,0,0],[1,0,0],[0,1,0],[50,11,130]]
