[[0,0,0],[1,0,0],[0,1,0],[26,52,133]]
[[0,0,0],[1,0,0],[0,1,0],[16,55,133]]
[[0,0,0],[1,0,0],[0,1,0],[2,8,133]]
[[0,0,0],[1,0,0],[0,1,0],[27,86,133]]
[[0,0,0],[1,0,0],[0,1,0],[2,33,133]]
[[0,0,0],[1,0,0],[0,1,0],[19,39,133]]
[[0,0,0],[1,0,0],[0,1,0],[33,94,133]]
[[0,0,0],[1,0,0],[0,1,0],[5,25,133]]
[[0,0,0],[1,0,0],[0,1,0],[16,52,133]]
[[0,0,0],[1,0,0],[0,1,0],[46,106,133]]
[[0,0,0],[1,0,0],[0,1,0],[12,87,133]]
[[0,0,0],[1,0,0],[0,1,0],[29,43,133]]
[[0,0,0],[1,0,0],[0,1,0],[32,60,133]]
[[0,0,0],[1,0,0],[0,1,0],[59,132,133]]
[[0,0,0],[1,0,0],[0,1,0],[31,124,133]]
[[0,0,0],[1,0,0],[0,1,0],[31,113,133]]
[[0,0,0],[1,0,0],[0,1,0],[3,74,133]]
[[0,0,0],[1,0,0],[0,1,0],[8,27,133]]
[[0,0,0],[1,0,0],[0,1,0],[14,29,133]]
[[0,0,0],[1,0,0],[0,1,0],[11,55,133]]
[[0,0,0],[1,0,0],[0,1,0],[9,16,133]]
[[0,0,0],[1,0,0],[0,1,0],[1,3,133]]
[[0,0,0],[1,0,0],[0,1,0],[13,86,133]]
[[0,0,0],[1,0,0],[0,1,0],[5,131,133]]
[[0,0,0],[1,0,0],[0,1,0],[22,116,133]]
[[0,0,0],[1,0,0],[0,1,0],[1,39,133]]
[[0,0,0],[1,0,0],[0,1,0],[34,51,133]]
[[0,0,0],[1,0,0],[0,1,0],[22,31,133]]
[[0,0,0],[1,0,0],[0,1,0],[3,36,133]]
[[0,0,0],[1,0,0],[0,1,0],[35,22,133]]
[[0,0,0],[1,0,0],[0,1,0],[14,15,133]]
[[0,0,0],[1,0,0],[0,1,0],[4,33,133]]
[[0,0,0],[1,0,0],[0,1,0],[17,53,133]]
[[0,0,0],[1,0,0],[0,1,0],[27,108,133]]
[[0,0,0],[1,0,0],[0,1,0],[5,46,133]]
[[0,0,0],[1,0,0],[0,1,0],[2,11,133]]
[[0,0,0],[1,0,0],[0,1,0],[1,51,133]]
[[0,0,0],[1,0,0],[0,1,0],[21,71,133]]
[[0,0,0],[1,0,0],[0,1,0],[20,23,133]]
[[0,0,0],[1,0,0],[0,1,0],[13,22,133]]
[[0,0,0],[1,0,0],[0,1,0],[10,27,133]]
[[0,0,0],[1,0,0],[0,1,0],[36,99,133]]
[[0,0,0],[1,0,0],[0,1,0],[9,33,133]]
[[0,0,0],[1,0,0],[0,1,0],[3,32,133]]
[[0,0,0],[1,0,0],[0,1,0],[12,54,133]]
[[0,0,0],[1,0,0],[0,1,0],[27,43,133]]
[[0,0,0],[1,0,0],[0,1,0],[1,26,133]]
[[0,0,0],[1,0,0],[0,1,0],[1,27,133]]
[[0,0,0],[1,0,0],[0,1,0],[28,106,133]]
[[0,0,0],[1,0,0],[0,1,0],[17,22,133]]
[[0,0,0],[1,0,0],[0,1,0],[49,47,133]]
[[0,0,0],[1,0,0],[0,1,0],[2,20,133]]
[[0,0,0],[1,0,0],[0,1,0],[2,45,133]]
[[0,0,0],[1,0,0],[0,1,0],[2,51,133]]
[[0,0,0],[1,0,0],[0,1,0],[6,18,133]]
[[0,0,0],[1,0,0],[0,1,0],[18,117,133]]
[[0,0,0],[1,0,0],[0,1,0],[2,2,133]]
[[0,0,0],[1,0,0],[0,1,0],[70,113,133]]
[[0,0,0],[1,0,0],[0,1,0],[11,130,133]]
[[0,0,0],[1,0,0],[0,1,0],[23,43,133]]
[[0,0,0],[1,0,0],[0,1,0],[5,27,133]]
[[0,0,0],[1,0,0],[0,1,0],[32,115,133]]
[[0,0,0],[1,0,0],[0,1,0],[3,43,133]]
[[0,0,0],[1,0,0],[0,1,0],[28,87,133]]
[[0,0,0],[1,0,0],[0,1,0],[12,24,133]]
[[0,0,0],[1,0,0],[0,1,0],[35,61,133]]
[[0,0,0],[1,0,0],[0,1,0],[18,81,133]]
[[0,0,0],[1,0,0],[0,1,0],[9,90,133]]
[[0,0,0],[1,0,0],[0,1,0],[4,60,133]]
[[0,0,0],[1,0,0],[0,1,0],[3,26,133]]
[[0,0,0],[1,0,0],[0,1,0],[14,63,133]]
[[0,0,0],[1,0,0],[0,1,0],[12,29,133]]
[[0,0,0],[1,0,0],[0,1,0],[13,127,133]]
[[0,0,0],[1,0,0],[0,1,0],[18,22,133]]
[[0,0,0],[1,0,0],[0,1,0],[5,12,133]]
[[0,0,0],[1,0,0],[0,1,0],[3,17,133]]
[[0,0,0],[1,0,0],[0,1,0],[12,46,133]]
[[0,0,0],[1,0,0],[0,1,0],[10,117,133]]
[[0,0,0],[1,0,0],[0,1,0],[7,32,133]]
[[0,0,0],[1,0,0],[0,1,0],[49,123,133]]
[[0,0,0],[1,0,0],[0,1,0],[20,20,133]]
[[0,0,0],[1,0,0],[0,1,0],[17,33,133]]
[[0,0,0],[1,0,0],[0,1,0],[5,50,133]]
[[0,0,0],[1,0,0],[0,1,0],[3,52,133]]
[[0,0,0],[1,0,0],[0,1,0],[5,66,133]]
[[0,0,0],[1,0,0],[0,1,0],[23,83,133]]
[[0,0,0],[1,0,0],[0,1,0],[35,80,133]]
[[0,0,0],[1,0,0],[0,1,0],[7,85,133]]
[[0,0,0],[1,0,0],[0,1,0],[7,29,133]]
[[0,0,0],[1,0,0],[0,1,0],[21,29,133]]
[[0,0,0],[1,0,0],[0,1,0],[2,15,133]]
[[0,0,0],[1,0,0],[0,1,0],[29,29,133]]
[[0,0,0],[1,0,0],[0,1,0],[14,106,133]]
[[0,0,0],[1,0,0],[0,1,0],[6,8,133]]
[[0,0,0],[1,0,0],[0,1,0],[2,22,133]]
[[0,0,0],[1,0,0],[0,1,0],[13,18,133]]
[[0,0,0],[1,0,0],[0,1,0],[2,3,133]]
[[0,0,0],[1,0,0],[0,1,0],[9,12,133]]
[[0,0,0],[1,0,0],[0,1,0],[8,127,133]]
[[0,0,0],[1,0,0],[0,1,0],[32,88,133]]
[[0,0,0],[1,0,0],[0,1,0],[4,102,133]]
[[0,0,0],[1,0,0],[0,1,0],[45,51,133]]
[[0,0,0],[1,0,0],[0,1,0],[30,62,133]]
[[0,0,0],[1,0,0],[0,1,0],[28,68,133]]
[[0,0,0],[1,0,0],[0,1,0],[26,129,133]]
[[0,0,0],[1,0,0],[0,1,0],[10,125,133]]
[[0,0,0],[1,0,0],[0,1,0],[13,34,133]]
[[0,0,0],[1,0,0],[0,1,0],[8,32,133]]
[[0,0,0],[1,0,0],[0,1,0],[2,118,133]]
[[0,0,0],[1,0,0],[0,1,0],[6,29,133]]
[[0,0,0],[1,0,0],[0,1,0],[4,130,133]]
[[0,0,0],[1,0,0],[0,1,0],[31,110,133]]
[[0,0,0],[1,0,0],[0,1,0],[9,11,133]]
[[0,0,0],[1,0,0],[0,1,0],[16,118,133]]
[[0,0,0],[7,0,0],[0,1,0],[0,1,19]]
[[0,0,0],[1,0,0],[0,1,0],[2,54,133]]
[[0,0,0],[1,0,0],[0,1,0],[2,61,133]]
[[0,0,0],[1,0,0],[0,1,0],[4,31,133]]
[[0,0,0],[1,0,0],[0,1,0],[35,43,133]]
[[0,0,0],[1,0,0],[0,1,0],[5,33,133]]
[[0,0,0],[1,0,0],[0,1,0],[10,18,133]]
[[0,0,0],[1,0,0],[0,1,0],[5,22,133]]
[[0,0,0],[1,0,0],[0,1,0],[3,11,133]]
[[0,0,0],[1,0,0],[0,1,0],[27,120,133]]
[[0,0,0],[1,0,0],[0,1,0],[6,128,133]]
[[0,0,0],[1,0,0],[0,1,0],[44,62,133]]
[[0,0,0],[1,0,0],[0,1,0],[6,45,133]]
[[0,0,0],[1,0,0],[0,1,0],[19,115,133]]
[[0,0,0],[1,0,0],[0,1,0],[28,22,133]]
[[0,0,0],[1,0,0],[0,1,0],[6,53,133]]
[[0,0,0],[1,0,0],[0,1,0],[7,64,133]]
[[0,0,0],[1,0,0],[0,1,0],[15,44,133]]
[[0,0,0],[1,0,0],[0,1,0],[10,17,133]]
[[0,0,0],[1,0,0],[0,1,0],[14,22,133]]
[[0,0,0],[1,0,0],[0,1,0],[26,109,133]]
[[0,0,0],[1,0,0],[0,1,0],[7,71,133]]
[[0,0,0],[1,0,0],[0,1,0],[7,89,133]]
[[0,0,0],[1,0,0],[0,1,0],[5,5,133]]
[[0,0,0],[1,0,0],[0,1,0],[6,93,133]]
[[0,0,0],[1,0,0],[0,1,0],[22,48,133]]
[[0,0,0],[1,0,0],[0,1,0],[7,50,133]]
[[0,0,0],[1,0,0],[0,1,0],[39,97,133]]
[[0,0,0],[1,0,0],[0,1,0],[9,13,133]]
[[0,0,0],[1,0,0],[0,1,0],[3,12,133]]
[[0,0,0],[1,0,0],[0,1,0],[49,66,133]]
[[0,0,0],[1,0,0],[0,1,0],[5,48,133]]
[[0,0,0],[1,0,0],[0,1,0],[5,52,133]]
[[0,0,0],[1,0,0],[0,1,0],[24,44,133]]
[[0,0,0],[1,0,0],[0,1,0],[13,124,133]]
[[0,0,0],[1,0,0],[0,1,0],[23,51,133]]
[[0,0,0],[1,0,0],[0,1,0],[16,20,133]]
[[0,0,0],[1,0,0],[0,1,0],[21,43,133]]
[[0,0,0],[1,0,0],[0,1,0],[7,120,133]]
[[0,0,0],[1,0,0],[0,1,0],[16,34,133]]
[[0,0,0],[1,0,0],[0,1,0],[4,88,133]]
[[0,0,0],[1,0,0],[0,1,0],[9,20,133]]
[[0,0,0],[1,0,0],[0,1,0],[12,20,133]]
[[0,0,0],[1,0,0],[0,1,0],[1,32,133]]
[[0,0,0],[1,0,0],[0,1,0],[28,11,133]]
[[0,0,0],[1,0,0],[0,1,0],[3,96,133]]
[[0,0,0],[1,0,0],[0,1,0],[17,117,133]]
[[0,0,0],[1,0,0],[0,1,0],[63,128,133]]
[[0,0,0],[1,0,0],[0,1,0],[10,29,133]]
[[0,0,0],[1,0,0],[0,1,0],[1,34,133]]
[[0,0,0],[1,0,0],[0,1,0],[11,52,133]]
[[0,0,0],[1,0,0],[0,1,0],[8,53,133]]
[[0,0,0],[1,0,0],[0,1,0],[12,58,133]]
[[0,0,0],[1,0,0],[0,1,0],[21,1,133]]
[[0,0,0],[1,0,0],[0,1,0],[13,58,133]]
[[0,0,0],[1,0,0],[0,1,0],[86,132,133]]
[[0,0,0],[1,0,0],[0,1,0],[8,54,133]]
[[0,0,0],[1,0,0],[0,1,0],[6,50,133]]
[[0,0,0],[1,0,0],[0,1,0],[42,106,133]]
[[0,0,0],[1,0,0],[0,1,0],[15,15,133]]
[[0,0,0],[1,0,0],[0,1,0],[6,71,133]]
[[0,0,0],[1,0,0],[0,1,0],[8,88,133]]
[[0,0,0],[1,0,0],[0,1,0],[13,83,133]]
[[0,0,0],[1,0,0],[0,1,0],[13,37,133]]
[[0,0,0],[1,0,0],[0,1,0],[8,47,133]]
[[0,0,0],[1,0,0],[0,1,0],[4,27,133]]
[[0,0,0],[1,0,0],[0,1,0],[24,96,133]]
[[0,0,0],[1,0,0],[0,1,0],[12,103,133]]
[[0,0,0],[1,0,0],[0,1,0],[5,41,133]]
[[0,0,0],[1,0,0],[0,1,0],[30,83,133]]
[[0,0,0],[1,0,0],[0,1,0],[14,1,133]]
[[0,0,0],[1,0,0],[0,1,0],[6,10,133]]
[[0,0,0],[1,0,0],[0,1,0],[49,113,133]]
[[0,0,0],[1,0,0],[0,1,0],[17,51,133]]
[[0,0,0],[1,0,0],[0,1,0],[39,113,133]]
[[0,0,0],[1,0,0],[0,1,0],[24,103,133]]
[[0,0,0],[1,0,0],[0,1,0],[13,48,133]]
[[0,0,0],[1,0,0],[0,1,0],[22,36,133]]
[[0,0,0],[1,0,0],[0,1,0],[10,75,133]]
[[0,0,0],[1,0,0],[0,1,0],[28,29,133]]
[[0,0,0],[1,0,0],[0,1,0],[2,125,133]]
[[0,0,0],[1,0,0],[0,1,0],[4,109,133]]
[[0,0,0],[1,0,0],[0,1,0],[24,117,133]]
[[0,0,0],[1,0,0],[0,1,0],[1,18,133]]
[[0,0,0],[1,0,0],[0,1,0],[6,41,133]]
[[0,0,0],[1,0,0],[0,1,0],[14,44,133]]
[[0,0,0],[1,0,0],[0,1,0],[21,78,133]]
[[0,0,0],[1,0,0],[0,1,0],[3,47,133]]
[[0,0,0],[1,0,0],[0,1,0],[12,66,133]]
[[0,0,0],[1,0,0],[0,1,0],[11,18,133]]
[[0,0,0],[1,0,0],[0,1,0],[22,55,133]]
[[0,0,0],[1,0,0],[0,1,0],[18,29,133]]
[[0,0,0],[1,0,0],[0,1,0],[3,23,133]]
[[0,0,0],[1,0,0],[0,1,0],[8,12,133]]
[[0,0,0],[1,0,0],[0,1,0],[12,53,133]]
[[0,0,0],[1,0,0],[0,1,0],[12,26,133]]
[[0,0,0],[1,0,0],[0,1,0],[24,72,133]]
[[0,0,0],[1,0,0],[0,1,0],[7,78,133]]
[[0,0,0],[1,0,0],[0,1,0],[5,115,133]]
[[0,0,0],[1,0,0],[0,1,0],[4,51,133]]
[[0,0,0],[1,0,0],[0,1,0],[42,43,133]]
[[0,0,0],[1,0,0],[0,1,0],[29,86,133]]
[[0,0,0],[1,0,0],[0,1,0],[5,55,133]]
[[0,0,0],[1,0,0],[0,1,0],[18,116,133]]
[[0,0,0],[1,0,0],[0,1,0],[2,60,133]]
[[0,0,0],[1,0,0],[0,1,0],[56,116,133]]
[[0,0,0],[1,0,0],[0,1,0],[77,64,133]]
[[0,0,0],[1,0,0],[0,1,0],[23,48,133]]
[[0,0,0],[1,0,0],[0,1,0],[10,30,133]]
[[0,0,0],[1,0,0],[0,1,0],[34,34,133]]
[[0,0,0],[1,0,0],[0,1,0],[49,104,133]]
[[0,0,0],[1,0,0],[0,1,0],[17,124,133]]
[[0,0,0],[1,0,0],[0,1,0],[12,101,133]]
[[0,0,0],[1,0,0],[0,1,0],[34,45,133]]
[[0,0,0],[1,0,0],[0,1,0],[5,30,133]]
[[0,0,0],[1,0,0],[0,1,0],[4,50,133]]
[[0,0,0],[1,0,0],[0,1,0],[3,39,133]]
[[0,0,0],[1,0,0],[0,1,0],[63,90,133]]
[[0,0,0],[1,0,0],[0,1,0],[11,39,133]]
[[0,0,0],[1,0,0],[0,1,0],[6,58,133]]
[[0,0,0],[1,0,0],[0,1,0],[24,48,133]]
[[0,0,0],[1,0,0],[0,1,0],[15,120,133]]
[[0,0,0],[1,0,0],[0,1,0],[6,9,133]]
[[0,0,0],[1,0,0],[0,1,0],[28,1,133]]
[[0,0,0],[1,0,0],[0,1,0],[17,44,133]]
[[0,0,0],[1,0,0],[0,1,0],[21,113,133]]
[[0,0,0],[1,0,0],[0,1,0],[6,107,133]]
[[0,0,0],[1,0,0],[0,1,0],[3,45,133]]
[[0,0,0],[1,0,0],[0,1,0],[31,31,133]]
[[0,0,0],[1,0,0],[0,1,0],[13,93,133]]
[[0,0,0],[1,0,0],[0,1,0],[8,23,133]]
[[0,0,0],[1,0,0],[0,1,0],[3,60,133]]
[[0,0,0],[1,0,0],[0,1,0],[2,52,133]]
[[0,0,0],[1,0,0],[0,1,0],[1,9,133]]
[[0,0,0],[1,0,0],[0,1,0],[44,83,133]]
[[0,0,0],[1,0,0],[0,1,0],[5,9,133]]
[[0,0,0],[1,0,0],[0,1,0],[13,125,133]]
[[0,0,0],[1,0,0],[0,1,0],[63,85,133]]
[[0,0,0],[1,0,0],[0,1,0],[4,23,133]]
[[0,0,0],[1,0,0],[0,1,0],[4,116,133]]
[[0,0,0],[1,0,0],[0,1,0],[22,53,133]]
[[0,0,0],[1,0,0],[0,1,0],[5,122,133]]
[[0,0,0],[1,0,0],[0,1,0],[62,86,133]]
[[0,0,0],[1,0,0],[0,1,0],[34,86,133]]
[[0,0,0],[1,0,0],[0,1,0],[36,108,133]]
[[0,0,0],[1,0,0],[0,1,0],[16,123,133]]
[[0,0,0],[1,0,0],[0,1,0],[19,20,133]]
[[0,0,0],[1,0,0],[0,1,0],[17,68,133]]
[[0,0,0],[1,0,0],[0,1,0],[5,47,133]]
[[0,0,0],[1,0,0],[0,1,0],[6,47,133]]
[[0,0,0],[1,0,0],[0,1,0],[35,118,133]]
[[0,0,0],[1,0,0],[0,1,0],[54,108,133]]
[[0,0,0],[1,0,0],[0,1,0],[35,36,133]]
[[0,0,0],[1,0,0],[0,1,0],[3,103,133]]
[[0,0,0],[1,0,0],[0,1,0],[26,54,133]]
[[0,0,0],[1,0,0],[0,1,0],[6,17,133]]
[[0,0,0],[1,0,0],[0,1,0],[4,52,133]]
[[0,0,0],[1,0,0],[0,1,0],[54,73,133]]
[[0,0,0],[1,0,0],[0,1,0],[77,113,133]]
[[0,0,0],[1,0,0],[0,1,0],[2,62,133]]
[[0,0,0],[1,0,0],[0,1,0],[33,52,133]]
[[0,0,0],[1,0,0],[0,1,0],[9,39,133]]
[[0,0,0],[1,0,0],[0,1,0],[75,94,133]]
[[0,0,0],[1,0,0],[0,1,0],[86,86,133]]
[[0,0,0],[1,0,0],[0,1,0],[17,32,133]]
[[0,0,0],[1,0,0],[0,1,0],[32,48,133]]
[[0,0,0],[1,0,0],[0,1,0],[9,26,133]]
[[0,0,0],[1,0,0],[0,1,0],[8,39,133]]
[[0,0,0],[1,0,0],[0,1,0],[27,128,133]]
[[0,0,0],[1,0,0],[0,1,0],[2,132,133]]
[[0,0,0],[1,0,0],[0,1,0],[6,23,133]]
[[0,0,0],[1,0,0],[0,1,0],[31,33,133]]
[[0,0,0],[1,0,0],[0,1,0],[3,110,133]]
[[0,0,0],[1,0,0],[0,1,0],[4,111,133]]
[[0,0,0],[1,0,0],[0,1,0],[3,13,133]]
[[0,0,0],[1,0,0],[0,1,0],[8,55,133]]
[[0,0,0],[1,0,0],[0,1,0],[7,70,133]]
[[0,0,0],[1,0,0],[0,1,0],[9,44,133]]
[[0,0,0],[1,0,0],[0,1,0],[2,32,133]]
[[0,0,0],[1,0,0],[0,1,0],[3,27,133]]
[[0,0,0],[1,0,0],[0,1,0],[10,25,133]]
[[0,0,0],[1,0,0],[0,1,0],[11,27,133]]
[[0,0,0],[1,0,0],[0,1,0],[12,45,133]]
[[0,0,0],[1,0,0],[0,1,0],[2,50,133]]
[[0,0,0],[1,0,0],[0,1,0],[16,83,133]]
[[0,0,0],[1,0,0],[0,1,0],[15,34,133]]
[[0,0,0],[1,0,0],[0,1,0],[4,29,133]]
[[0,0,0],[1,0,0],[0,1,0],[73,96,133]]
[[0,0,0],[1,0,0],[0,1,0],[4,36,133]]
[[0,0,0],[1,0,0],[0,1,0],[11,20,133]]
[[0,0,0],[1,0,0],[0,1,0],[20,30,133]]
[[0,0,0],[1,0,0],[0,1,0],[30,104,133]]
[[0,0,0],[1,0,0],[0,1,0],[2,12,133]]
[[0,0,0],[1,0,0],[0,1,0],[3,3,133]]
[[0,0,0],[1,0,0],[0,1,0],[3,34,133]]
[[0,0,0],[1,0,0],[0,1,0],[2,31,133]]
[[0,0,0],[1,0,0],[0,1,0],[3,8,133]]
[[0,0,0],[1,0,0],[0,1,0],[21,85,133]]
[[0,0,0],[1,0,0],[0,1,0],[3,48,133]]
[[0,0,0],[1,0,0],[0,1,0],[4,37,133]]
[[0,0,0],[1,0,0],[0,1,0],[3,58,133]]
[[0,0,0],[1,0,0],[0,1,0],[10,15,133]]
[[0,0,0],[1,0,0],[0,1,0],[6,24,133]]
[[0,0,0],[1,0,0],[0,1,0],[76,77,133]]
[[0,0,0],[1,0,0],[0,1,0],[14,101,133]]
[[0,0,0],[1,0,0],[0,1,0],[18,24,133]]
[[0,0,0],[1,0,0],[0,1,0],[2,25,133]]
[[0,0,0],[1,0,0],[0,1,0],[10,48,133]]
[[0,0,0],[1,0,0],[0,1,0],[27,107,133]]
[[0,0,0],[1,0,0],[0,1,0],[31,82,133]]
[[0,0,0],[1,0,0],[0,1,0],[2,44,133]]
[[0,0,0],[1,0,0],[0,1,0],[23,45,133]]
[[0,0,0],[1,0,0],[0,1,0],[12,32,133]]
[[0,0,0],[1,0,0],[0,1,0],[24,82,133]]
[[0,0,0],[1,0,0],[0,1,0],[26,118,133]]
[[0,0,0],[1,0,0],[0,1,0],[3,30,133]]
[[0,0,0],[1,0,0],[0,1,0],[11,53,133]]
[[0,0,0],[1,0,0],[0,1,0],[23,34,133]]
[[0,0,0],[1,0,0],[0,1,0],[45,108,133]]
[[0,0,0],[1,0,0],[0,1,0],[84,88,133]]
[[0,0,0],[1,0,0],[0,1,0],[49,85,133]]
[[0,0,0],[1,0,0],[0,1,0],[1,20,133]]
[[0,0,0],[1,0,0],[0,1,0],[26,73,133]]
[[0,0,0],[1,0,0],[0,1,0],[3,59,133]]
[[0,0,0],[1,0,0],[0,1,0],[24,33,133]]
[[0,0,0],[1,0,0],[0,1,0],[56,99,133]]
[[0,0,0],[1,0,0],[0,1,0],[1,15,133]]
[[0,0,0],[1,0,0],[0,1,0],[9,129,133]]
[[0,0,0],[1,0,0],[0,1,0],[63,33,133]]
[[0,0,0],[1,0,0],[0,1,0],[3,41,133]]
[[0,0,0],[1,0,0],[0,1,0],[1,16,133]]
[[0,0,0],[1,0,0],[0,1,0],[23,46,133]]
[[0,0,0],[1,0,0],[0,1,0],[3,53,133]]
[[0,0,0],[1,0,0],[0,1,0],[8,60,133]]
[[0,0,0],[1,0,0],[0,1,0],[39,88,133]]
[[0,0,0],[1,0,0],[0,1,0],[12,44,133]]
[[0,0,0],[1,0,0],[0,1,0],[10,45,133]]
[[0,0,0],[1,0,0],[0,1,0],[65,132,133]]
[[0,0,0],[1,0,0],[0,1,0],[20,24,133]]
[[0,0,0],[1,0,0],[0,1,0],[4,15,133]]
[[0,0,0],[1,0,0],[0,1,0],[11,33,133]]
[[0,0,0],[1,0,0],[0,1,0],[14,78,133]]
[[0,0,0],[1,0,0],[0,1,0],[11,66,133]]
[[0,0,0],[1,0,0],[0,1,0],[6,36,133]]
[[0,0,0],[1,0,0],[0,1,0],[23,132,133]]
[[0,0,0],[1,0,0],[0,1,0],[12,27,133]]
[[0,0,0],[1,0,0],[0,1,0],[9,83,133]]
[[0,0,0],[1,0,0],[0,1,0],[7,43,133]]
[[0,0,0],[1,0,0],[0,1,0],[43,96,133]]
[[0,0,0],[1,0,0],[0,1,0],[22,93,133]]
[[0,0,0],[1,0,0],[0,1,0],[4,92,133]]
[[0,0,0],[1,0,0],[0,1,0],[11,15,133]]
[[0,0,0],[1,0,0],[0,1,0],[39,53,133]]
[[0,0,0],[1,0,0],[0,1,0],[26,94,133]]
[[0,0,0],[1,0,0],[0,1,0],[49,1,133]]
[[0,0,0],[1,0,0],[0,1,0],[38,115,133]]
[[0,0,0],[1,0,0],[0,1,0],[6,72,133]]
[[0,0,0],[1,0,0],[0,1,0],[5,60,133]]
[[0,0,0],[1,0,0],[0,1,0],[5,129,133]]
[[0,0,0],[1,0,0],[0,1,0],[10,26,133]]
[[0,0,0],[1,0,0],[0,1,0],[39,109,133]]
[[0,0,0],[1,0,0],[0,1,0],[2,6,133]]
[[0,0,0],[1,0,0],[0,1,0],[52,124,133]]
[[0,0,0],[1,0,0],[0,1,0],[17,75,133]]
[[0,0,0],[1,0,0],[0,1,0],[6,11,133]]
[[0,0,0],[1,0,0],[0,1,0],[2,37,133]]
[[0,0,0],[1,0,0],[0,1,0],[12,51,133]]
[[0,0,0],[1,0,0],[0,1,0],[31,68,133]]
[[0,0,0],[1,0,0],[0,1,0],[7,113,133]]
[[0,0,0],[1,0,0],[0,1,0],[35,113,133]]
[[0,0,0],[1,0,0],[0,1,0],[2,40,133]]
[[0,0,0],[1,0,0],[0,1,0],[3,37,133]]
[[0,0,0],[1,0,0],[0,1,0],[4,20,133]]
[[0,0,0],[1,0,0],[0,1,0],[15,81,133]]
[[0,0,0],[1,0,0],[0,1,0],[28,120,133]]
[[0,0,0],[1,0,0],[0,1,0],[17,26,133]]
[[0,0,0],[1,0,0],[0,1,0],[1,11,133]]
[[0,0,0],[1,0,0],[0,1,0],[6,26,133]]
[[0,0,0],[1,0,0],[0,1,0],[2,104,133]]
[[0,0,0],[1,0,0],[0,1,0],[8,31,133]]
[[0,0,0],[1,0,0],[0,1,0],[11,29,133]]
[[0,0,0],[1,0,0],[0,1,0],[9,132,133]]
[[0,0,0],[1,0,0],[0,1,0],[5,17,133]]
[[0,0,0],[1,0,0],[0,1,0],[32,46,133]]
[[0,0,0],[1,0,0],[0,1,0],[30,34,133]]
[[0,0,0],[1,0,0],[0,1,0],[13,26,133]]
[[0,0,0],[1,0,0],[0,1,0],[17,60,133]]
[[0,0,0],[1,0,0],[0,1,0],[3,55,133]]
[[0,0,0],[1,0,0],[0,1,0],[14,25,133]]
[[0,0,0],[1,0,0],[0,1,0],[13,36,133]]
[[0,0,0],[1,0,0],[0,1,0],[17,131,133]]
[[0,0,0],[1,0,0],[0,1,0],[10,124,133]]
[[0,0,0],[1,0,0],[0,1,0],[4,61,133]]
[[0,0,0],[1,0,0],[0,1,0],[11,16,133]]
[[0,0,0],[1,0,0],[0,1,0],[32,123,133]]
[[0,0,0],[1,0,0],[0,1,0],[63,106,133]]
[[0,0,0],[1,0,0],[0,1,0],[21,120,133]]
[[0,0,0],[1,0,0],[0,1,0],[56,2,133]]
[[0,0,0],[1,0,0],[0,1,0],[23,23,133]]
[[0,0,0],[1,0,0],[0,1,0],[19,96,133]]
[[0,0,0],[1,0,0],[0,1,0],[56,59,133]]
[[0,0,0],[1,0,0],[0,1,0],[2,17,133]]
[[0,0,0],[1,0,0],[0,1,0],[24,27,133]]
[[0,0,0],[1,0,0],[0,1,0],[84,69,133]]
[[0,0,0],[1,0,0],[0,1,0],[27,30,133]]
[[0,0,0],[1,0,0],[0,1,0],[95,77,133]]
[[0,0,0],[1,0,0],[0,1,0],[7,106,133]]
[[0,0,0],[1,0,0],[0,1,0],[54,94,133]]
[[0,0,0],[1,0,0],[0,1,0],[6,90,133]]
[[0,0,0],[1,0,0],[0,1,0],[18,53,133]]
[[0,0,0],[1,0,0],[0,1,0],[1,4,133]]
[[0,0,0],[1,0,0],[0,1,0],[21,36,133]]
[[0,0,0],[1,0,0],[0,1,0],[39,123,133]]
[[0,0,0],[1,0,0],[0,1,0],[48,124,133]]
[[0,0,0],[1,0,0],[0,1,0],[15,29,133]]
[[0,0,0],[1,0,0],[0,1,0],[5,72,133]]
[[0,0,0],[1,0,0],[0,1,0],[84,126,133]]
[[0,0,0],[1,0,0],[0,1,0],[28,49,133]]
[[0,0,0],[1,0,0],[0,1,0],[9,53,133]]
[[0,0,0],[1,0,0],[0,1,0],[4,4,133]]
[[0,0,0],[1,0,0],[0,1,0],[23,97,133]]
[[0,0,0],[1,0,0],[0,1,0],[4,40,133]]
[[0,0,0],[1,0,0],[0,1,0],[4,46,133]]
[[0,0,0],[1,0,0],[0,1,0],[10,47,133]]
[[0,0,0],[1,0,0],[0,1,0],[44,104,133]]
[[0,0,0],[1,0,0],[0,1,0],[16,24,133]]
[[0,0,0],[1,0,0],[0,1,0],[5,10,133]]
[[0,0,0],[1,0,0],[0,1,0],[31,48,133]]
[[0,0,0],[1,0,0],[0,1,0],[2,10,133]]
[[0,0,0],[1,0,0],[0,1,0],[9,125,133]]
[[0,0,0],[1,0,0],[0,1,0],[12,23,133]]
[[0,0,0],[1,0,0],[0,1,0],[26,43,133]]
[[0,0,0],[1,0,0],[0,1,0],[12,17,133]]
[[0,0,0],[1,0,0],[0,1,0],[21,75,133]]
[[0,0,0],[1,0,0],[0,1,0],[56,40,133]]
[[0,0,0],[1,0,0],[0,1,0],[11,124,133]]
[[0,0,0],[1,0,0],[0,1,0],[2,36,133]]
[[0,0,0],[1,0,0],[0,1,0],[1,13,133]]
[[0,0,0],[1,0,0],[0,1,0],[76,58,133]]
[[0,0,0],[1,0,0],[0,1,0],[11,127,133]]
[[0,0,0],[1,0,0],[0,1,0],[4,65,133]]
[[0,0,0],[1,0,0],[0,1,0],[14,6,133]]
[[0,0,0],[1,0,0],[0,1,0],[7,108,133]]
[[0,0,0],[1,0,0],[0,1,0],[11,44,133]]
[[0,0,0],[1,0,0],[0,1,0],[10,62,133]]
[[0,0,0],[1,0,0],[0,1,0],[6,79,133]]
[[0,0,0],[1,0,0],[0,1,0],[7,13,133]]
[[0,0,0],[1,0,0],[0,1,0],[9,29,133]]
[[0,0,0],[1,0,0],[0,1,0],[9,55,133]]
[[0,0,0],[1,0,0],[0,1,0],[29,48,133]]
[[0,0,0],[1,0,0],[0,1,0],[8,10,133]]
[[0,0,0],[1,0,0],[0,1,0],[46,53,133]]
[[0,0,0],[1,0,0],[0,1,0],[12,122,133]]
[[0,0,0],[1,0,0],[0,1,0],[6,22,133]]
[[0,0,0],[1,0,0],[0,1,0],[5,59,133]]
[[0,0,0],[1,0,0],[0,1,0],[1,36,133]]
[[0,0,0],[1,0,0],[0,1,0],[4,81,133]]
[[0,0,0],[1,0,0],[0,1,0],[30,113,133]]
[[0,0,0],[1,0,0],[0,1,0],[53,123,133]]
[[0,0,0],[1,0,0],[0,1,0],[4,10,133]]
[[0,0,0],[1,0,0],[0,1,0],[15,26,133]]
[[0,0,0],[1,0,0],[0,1,0],[11,30,133]]
[[0,0,0],[1,0,0],[0,1,0],[31,131,133]]
[[0,0,0],[1,0,0],[0,1,0],[16,16,133]]
[[0,0,0],[1,0,0],[0,1,0],[11,116,133]]
[[0,0,0],[1,0,0],[0,1,0],[35,29,133]]
[[0,0,0],[1,0,0],[0,1,0],[16,54,133]]
[[0,0,0],[1,0,0],[0,1,0],[3,132,133]]
[[0,0,0],[1,0,0],[0,1,0],[49,127,133]]
[[0,0,0],[1,0,0],[0,1,0],[3,25,133]]
[[0,0,0],[1,0,0],[0,1,0],[4,59,133]]
[[0,0,0],[1,0,0],[0,1,0],[43,53,133]]
[[0,0,0],[1,0,0],[0,1,0],[10,34,133]]
[[0,0,0],[1,0,0],[0,1,0],[8,45,133]]
[[0,0,0],[1,0,0],[0,1,0],[6,15,133]]
[[0,0,0],[1,0,0],[0,1,0],[2,43,133]]
[[0,0,0],[1,0,0],[0,1,0],[13,45,133]]
[[0,0,0],[1,0,0],[0,1,0],[12,31,133]]
[[0,0,0],[1,0,0],[0,1,0],[2,24,133]]
[[0,0,0],[1,0,0],[0,1,0],[9,127,133]]
[[0,0,0],[1,0,0],[0,1,0],[14,50,133]]
[[0,0,0],[1,0,0],[0,1,0],[28,125,133]]
[[0,0,0],[1,0,0],[0,1,0],[5,31,133]]
[[0,0,0],[1,0,0],[0,1,0],[16,30,133]]
[[0,0,0],[1,0,0],[0,1,0],[15,125,133]]
[[0,0,0],[1,0,0],[0,1,0],[5,24,133]]
[[0,0,0],[1,0,0],[0,1,0],[2,5,133]]
[[0,0,0],[1,0,0],[0,1,0],[23,33,133]]
[[0,0,0],[1,0,0],[0,1,0],[27,39,133]]
[[0,0,0],[1,0,0],[0,1,0],[10,52,133]]
[[0,0,0],[1,0,0],[0,1,0],[4,53,133]]
[[0,0,0],[1,0,0],[0,1,0],[14,43,133]]
[[0,0,0],[1,0,0],[0,1,0],[32,45,133]]
[[0,0,0],[1,0,0],[0,1,0],[21,15,133]]
[[0,0,0],[1,0,0],[0,1,0],[32,51,133]]
[[0,0,0],[1,0,0],[0,1,0],[17,30,133]]
[[0,0,0],[1,0,0],[0,1,0],[66,125,133]]
[[0,0,0],[1,0,0],[0,1,0],[17,47,133]]
[[0,0,0],[1,0,0],[0,1,0],[8,16,133]]
[[0,0,0],[1,0,0],[0,1,0],[9,40,133]]
[[0,0,0],[1,0,0],[0,1,0],[4,18,133]]
[[0,0,0],[1,0,0],[0,1,0],[56,22,133]]
[[0,0,0],[1,0,0],[0,1,0],[29,113,133]]
[[0,0,0],[1,0,0],[0,1,0],[5,44,133]]
[[0,0,0],[1,0,0],[0,1,0],[5,110,133]]
[[0,0,0],[1,0,0],[0,1,0],[12,94,133]]
[[0,0,0],[1,0,0],[0,1,0],[1,45,133]]
[[0,0,0],[1,0,0],[0,1,0],[2,4,133]]
[[0,0,0],[1,0,0],[0,1,0],[19,58,133]]
[[0,0,0],[1,0,0],[0,1,0],[12,47,133]]
[[0,0,0],[1,0,0],[0,1,0],[9,48,133]]
[[0,0,0],[1,0,0],[0,1,0],[39,104,133]]
[[0,0,0],[1,0,0],[0,1,0],[4,44,133]]
[[0,0,0],[1,0,0],[0,1,0],[34,128,133]]
[[0,0,0],[1,0,0],[0,1,0],[14,64,133]]
[[0,0,0],[1,0,0],[0,1,0],[44,128,133]]
[[0,0,0],[1,0,0],[0,1,0],[4,12,133]]
[[0,0,0],[1,0,0],[0,1,0],[6,6,133]]
[[0,0,0],[1,0,0],[0,1,0],[22,39,133]]
[[0,0,0],[1,0,0],[0,1,0],[2,23,133]]
[[0,0,0],[1,0,0],[0,1,0],[8,61,133]]
[[0,0,0],[1,0,0],[0,1,0],[7,99,133]]
[[0,0,0],[1,0,0],[0,1,0],[56,85,133]]
[[0,0,0],[1,0,0],[0,1,0],[35,99,133]]
[[0,0,0],[1,0,0],[0,1,0],[4,25,133]]
[[0,0,0],[1,0,0],[0,1,0],[5,61,133]]
[[0,0,0],[1,0,0],[0,1,0],[56,78,133]]
[[0,0,0],[1,0,0],[0,1,0],[98,71,133]]
[[0,0,0],[1,0,0],[0,1,0],[9,22,133]]
[[0,0,0],[1,0,0],[0,1,0],[8,107,133]]
[[0,0,0],[1,0,0],[0,1,0],[12,59,133]]
[[0,0,0],[1,0,0],[0,1,0],[8,18,133]]
[[0,0,0],[1,0,0],[0,1,0],[15,53,133]]
[[0,0,0],[1,0,0],[0,1,0],[42,120,133]]
[[0,0,0],[1,0,0],[0,1,0],[18,109,133]]
[[0,0,0],[1,0,0],[0,1,0],[4,123,133]]
[[0,0,0],[1,0,0],[0,1,0],[2,26,133]]
[[0,0,0],[1,0,0],[0,1,0],[48,128,133]]
[[0,0,0],[1,0,0],[0,1,0],[19,1,133]]
[[0,0,0],[1,0,0],[0,1,0],[16,45,133]]
[[0,0,0],[1,0,0],[0,1,0],[4,24,133]]
[[0,0,0],[1,0,0],[0,1,0],[11,47,133]]
[[0,0,0],[1,0,0],[0,1,0],[18,46,133]]
[[0,0,0],[1,0,0],[0,1,0],[15,123,133]]
[[0,0,0],[1,0,0],[0,1,0],[6,37,133]]
[[0,0,0],[1,0,0],[0,1,0],[9,68,133]]
[[0,0,0],[1,0,0],[0,1,0],[11,128,133]]
[[0,0,0],[1,0,0],[0,1,0],[2,47,133]]
[[0,0,0],[1,0,0],[0,1,0],[35,23,133]]
[[0,0,0],[1,0,0],[0,1,0],[7,8,133]]
[[0,0,0],[1,0,0],[0,1,0],[10,96,133]]
[[0,0,0],[1,0,0],[0,1,0],[3,5,133]]
[[0,0,0],[1,0,0],[0,1,0],[56,92,133]]
[[0,0,0],[1,0,0],[0,1,0],[4,64,133]]
[[0,0,0],[1,0,0],[0,1,0],[2,90,133]]
[[0,0,0],[1,0,0],[0,1,0],[11,24,133]]
[[0,0,0],[1,0,0],[0,1,0],[3,54,133]]
[[0,0,0],[1,0,0],[0,1,0],[15,20,133]]
[[0,0,0],[1,0,0],[0,1,0],[23,69,133]]
[[0,0,0],[1,0,0],[0,1,0],[10,23,133]]
[[0,0,0],[1,0,0],[0,1,0],[13,43,133]]
[[0,0,0],[1,0,0],[0,1,0],[27,88,133]]
[[0,0,0],[1,0,0],[0,1,0],[6,32,133]]
[[0,0,0],[1,0,0],[0,1,0],[21,64,133]]
[[0,0,0],[1,0,0],[0,1,0],[5,130,133]]
[[0,0,0],[1,0,0],[0,1,0],[26,101,133]]
[[0,0,0],[1,0,0],[0,1,0],[15,27,133]]
[[0,0,0],[1,0,0],[0,1,0],[26,66,133]]
[[0,0,0],[1,0,0],[0,1,0],[59,96,133]]
[[0,0,0],[1,0,0],[0,1,0],[6,30,133]]
[[0,0,0],[1,0,0],[0,1,0],[3,51,133]]
[[0,0,0],[1,0,0],[0,1,0],[44,118,133]]
[[0,0,0],[1,0,0],[0,1,0],[7,36,133]]
[[0,0,0],[1,0,0],[0,1,0],[2,66,133]]
[[0,0,0],[1,0,0],[0,1,0],[26,51,133]]
[[0,0,0],[1,0,0],[0,1,0],[93,132,133]]
[[0,0,0],[1,0,0],[0,1,0],[12,123,133]]
[[0,0,0],[1,0,0],[0,1,0],[72,132,133]]
[[0,0,0],[1,0,0],[0,1,0],[39,116,133]]
[[0,0,0],[1,0,0],[0,1,0],[84,31,133]]
[[0,0,0],[1,0,0],[0,1,0],[4,74,133]]
[[0,0,0],[1,0,0],[0,1,0],[7,51,133]]
[[0,0,0],[1,0,0],[0,1,0],[6,43,133]]
[[0,0,0],[1,0,0],[0,1,0],[13,59,133]]
[[0,0,0],[1,0,0],[0,1,0],[11,60,133]]
[[0,0,0],[1,0,0],[0,1,0],[2,41,133]]
[[0,0,0],[1,0,0],[0,1,0],[32,36,133]]
[[0,0,0],[1,0,0],[0,1,0],[35,4,133]]
[[0,0,0],[1,0,0],[0,1,0],[5,54,133]]
[[0,0,0],[1,0,0],[0,1,0],[21,56,133]]
[[0,0,0],[1,0,0],[0,1,0],[3,68,133]]
[[0,0,0],[1,0,0],[0,1,0],[84,12,133]]
[[0,0,0],[1,0,0],[0,1,0],[13,128,133]]
[[0,0,0],[1,0,0],[0,1,0],[3,6,133]]
[[0,0,0],[1,0,0],[0,1,0],[12,30,133]]
[[0,0,0],[1,0,0],[0,1,0],[6,62,133]]
[[0,0,0],[1,0,0],[0,1,0],[8,11,133]]
[[0,0,0],[1,0,0],[0,1,0],[33,43,133]]
[[0,0,0],[1,0,0],[0,1,0],[84,99,133]]
[[0,0,0],[1,0,0],[0,1,0],[5,45,133]]
[[0,0,0],[1,0,0],[0,1,0],[26,45,133]]
[[0,0,0],[1,0,0],[0,1,0],[12,12,133]]
[[0,0,0],[1,0,0],[0,1,0],[2,113,133]]
[[0,0,0],[1,0,0],[0,1,0],[31,118,133]]
[[0,0,0],[1,0,0],[0,1,0],[38,20,133]]
[[0,0,0],[1,0,0],[0,1,0],[21,132,133]]
[[0,0,0],[1,0,0],[0,1,0],[5,26,133]]
[[0,0,0],[1,0,0],[0,1,0],[13,25,133]]
[[0,0,0],[1,0,0],[0,1,0],[23,125,133]]
[[0,0,0],[1,0,0],[0,1,0],[33,82,133]]
[[0,0,0],[1,0,0],[0,1,0],[23,115,133]]
[[0,0,0],[1,0,0],[0,1,0],[1,5,133]]
[[0,0,0],[1,0,0],[0,1,0],[10,127,133]]
[[0,0,0],[1,0,0],[0,1,0],[14,92,133]]
[[0,0,0],[1,0,0],[0,1,0],[4,17,133]]
[[0,0,0],[1,0,0],[0,1,0],[11,102,133]]
[[0,0,0],[1,0,0],[0,1,0],[23,130,133]]
[[0,0,0],[1,0,0],[0,1,0],[2,55,133]]
[[0,0,0],[1,0,0],[0,1,0],[18,20,133]]
[[0,0,0],[1,0,0],[0,1,0],[10,36,133]]
[[0,0,0],[1,0,0],[0,1,0],[24,54,133]]
[[0,0,0],[1,0,0],[0,1,0],[14,8,133]]
[[0,0,0],[1,0,0],[0,1,0],[26,115,133]]
[[0,0,0],[1,0,0],[0,1,0],[3,117,133]]
[[0,0,0],[1,0,0],[0,1,0],[1,23,133]]
[[0,0,0],[1,0,0],[0,1,0],[4,48,133]]
[[0,0,0],[1,0,0],[0,1,0],[15,36,133]]
[[0,0,0],[1,0,0],[0,1,0],[56,97,133]]
[[0,0,0],[1,0,0],[0,1,0],[4,54,133]]
[[0,0,0],[1,0,0],[0,1,0],[11,81,133]]
[[0,0,0],[1,0,0],[0,1,0],[1,29,133]]
[[0,0,0],[1,0,0],[0,1,0],[8,44,133]]
[[0,0,0],[1,0,0],[0,1,0],[35,42,133]]
[[0,0,0],[1,0,0],[0,1,0],[9,34,133]]
[[0,0,0],[1,0,0],[0,1,0],[5,73,133]]
[[0,0,0],[1,0,0],[0,1,0],[57,20,133]]
[[0,0,0],[1,0,0],[0,1,0],[105,105,133]]
[[0,0,0],[1,0,0],[0,1,0],[3,40,133]]
[[0,0,0],[1,0,0],[0,1,0],[14,85,133]]
[[0,0,0],[1,0,0],[0,1,0],[6,16,133]]
[[0,0,0],[1,0,0],[0,1,0],[1,8,133]]
[[0,0,0],[1,0,0],[0,1,0],[5,43,133]]
[[0,0,0],[1,0,0],[0,1,0],[10,54,133]]
[[0,0,0],[1,0,0],[0,1,0],[70,120,133]]
[[0,0,0],[1,0,0],[0,1,0],[10,20,133]]
[[0,0,0],[1,0,0],[0,1,0],[10,46,133]]
[[0,0,0],[1,0,0],[0,1,0],[10,68,133]]
[[0,0,0],[1,0,0],[0,1,0],[3,22,133]]
[[0,0,0],[1,0,0],[0,1,0],[32,109,133]]
[[0,0,0],[1,0,0],[0,1,0],[12,15,133]]
[[0,0,0],[1,0,0],[0,1,0],[23,92,133]]
[[0,0,0],[1,0,0],[0,1,0],[2,34,133]]
[[0,0,0],[1,0,0],[0,1,0],[30,90,133]]
[[0,0,0],[1,0,0],[0,1,0],[11,36,133]]
[[0,0,0],[1,0,0],[0,1,0],[4,73,133]]
[[0,0,0],[1,0,0],[0,1,0],[39,46,133]]
[[0,0,0],[1,0,0],[0,1,0],[24,46,133]]
[[0,0,0],[1,0,0],[0,1,0],[54,66,133]]
[[0,0,0],[1,0,0],[0,1,0],[14,120,133]]
[[0,0,0],[1,0,0],[0,1,0],[18,59,133]]
[[0,0,0],[1,0,0],[0,1,0],[21,127,133]]
[[0,0,0],[1,0,0],[0,1,0],[30,132,133]]
[[0,0,0],[1,0,0],[0,1,0],[63,109,133]]
[[0,0,0],[1,0,0],[0,1,0],[39,39,133]]
[[0,0,0],[1,0,0],[0,1,0],[29,108,133]]
[[0,0,0],[1,0,0],[0,1,0],[9,23,133]]
[[0,0,0],[1,0,0],[0,1,0],[38,1,133]]
[[0,0,0],[1,0,0],[0,1,0],[6,60,133]]
[[0,0,0],[1,0,0],[0,1,0],[6,51,133]]
[[0,0,0],[1,0,0],[0,1,0],[3,10,133]]
[[0,0,0],[1,0,0],[0,1,0],[4,8,133]]
[[0,0,0],[1,0,0],[0,1,0],[6,44,133]]
[[0,0,0],[1,0,0],[0,1,0],[23,62,133]]
[[0,0,0],[1,0,0],[0,1,0],[56,1,133]]
[[0,0,0],[1,0,0],[0,1,0],[7,15,133]]
[[0,0,0],[1,0,0],[0,1,0],[8,8,133]]
[[0,0,0],[1,0,0],[0,1,0],[9,15,133]]
[[0,0,0],[1,0,0],[0,1,0],[13,13,133]]
[[0,0,0],[1,0,0],[0,1,0],[16,36,133]]
[[0,0,0],[1,0,0],[0,1,0],[42,113,133]]
[[0,0,0],[1,0,0],[0,1,0],[15,51,133]]
[[0,0,0],[1,0,0],[0,1,0],[15,25,133]]
[[0,0,0],[1,0,0],[0,1,0],[32,107,133]]
[[0,0,0],[1,0,0],[0,1,0],[32,32,133]]
[[0,0,0],[1,0,0],[0,1,0],[5,15,133]]
[[0,0,0],[1,0,0],[0,1,0],[17,125,133]]
[[0,0,0],[1,0,0],[0,1,0],[4,22,133]]
[[0,0,0],[1,0,0],[0,1,0],[3,46,133]]
[[0,0,0],[1,0,0],[0,1,0],[26,33,133]]
[[0,0,0],[1,0,0],[0,1,0],[11,123,133]]
[[0,0,0],[1,0,0],[0,1,0],[11,41,133]]
[[0,0,0],[1,0,0],[0,1,0],[9,69,133]]
[[0,0,0],[1,0,0],[0,1,0],[2,94,133]]
[[0,0,0],[1,0,0],[0,1,0],[3,20,133]]
[[0,0,0],[1,0,0],[0,1,0],[63,71,133]]
[[0,0,0],[1,0,0],[0,1,0],[20,31,133]]
[[0,0,0],[1,0,0],[0,1,0],[33,44,133]]
[[0,0,0],[1,0,0],[0,1,0],[33,108,133]]
[[0,0,0],[1,0,0],[0,1,0],[13,33,133]]
[[0,0,0],[1,0,0],[0,1,0],[18,39,133]]
[[0,0,0],[1,0,0],[0,1,0],[3,16,133]]
[[0,0,0],[1,0,0],[0,1,0],[4,11,133]]
[[0,0,0],[1,0,0],[0,1,0],[22,26,133]]
[[0,0,0],[1,0,0],[0,1,0],[30,36,133]]
[[0,0,0],[1,0,0],[0,1,0],[63,113,133]]
[[0,0,0],[1,0,0],[0,1,0],[3,24,133]]
[[0,0,0],[1,0,0],[0,1,0],[17,61,133]]
[[0,0,0],[1,0,0],[0,1,0],[2,97,133]]
[[0,0,0],[1,0,0],[0,1,0],[16,97,133]]
[[0,0,0],[1,0,0],[0,1,0],[8,52,133]]
[[0,0,0],[1,0,0],[0,1,0],[2,111,133]]
[[0,0,0],[1,0,0],[0,1,0],[18,88,133]]
[[0,0,0],[1,0,0],[0,1,0],[21,18,133]]
[[0,0,0],[1,0,0],[0,1,0],[46,60,133]]
[[0,0,0],[1,0,0],[0,1,0],[59,131,133]]
[[0,0,0],[1,0,0],[0,1,0],[10,10,133]]
[[0,0,0],[1,0,0],[0,1,0],[9,9,133]]
[[0,0,0],[1,0,0],[0,1,0],[3,75,133]]
[[0,0,0],[1,0,0],[0,1,0],[5,23,133]]
[[0,0,0],[1,0,0],[0,1,0],[55,72,133]]
[[0,0,0],[1,0,0],[0,1,0],[1,1,133]]
[[0,0,0],[1,0,0],[0,1,0],[48,72,133]]
[[0,0,0],[1,0,0],[0,1,0],[84,107,133]]
[[0,0,0],[1,0,0],[0,1,0],[2,69,133]]
[[0,0,0],[1,0,0],[0,1,0],[114,20,133]]
[[0,0,0],[1,0,0],[0,1,0],[49,15,133]]
[[0,0,0],[1,0,0],[0,1,0],[24,34,133]]
[[0,0,0],[1,0,0],[0,1,0],[49,9,133]]
[[0,0,0],[1,0,0],[0,1,0],[23,104,133]]
[[0,0,0],[1,0,0],[0,1,0],[3,15,133]]
[[0,0,0],[1,0,0],[0,1,0],[4,26,133]]
[[0,0,0],[1,0,0],[0,1,0],[45,54,133]]
[[0,0,0],[1,0,0],[0,1,0],[5,51,133]]
[[0,0,0],[1,0,0],[0,1,0],[4,47,133]]
[[0,0,0],[1,0,0],[0,1,0],[5,58,133]]
[[0,0,0],[1,0,0],[0,1,0],[2,29,133]]
[[0,0,0],[1,0,0],[0,1,0],[18,18,133]]
[[0,0,0],[1,0,0],[0,1,0],[9,24,133]]
[[0,0,0],[1,0,0],[0,1,0],[9,54,133]]
[[0,0,0],[1,0,0],[0,1,0],[11,46,133]]
[[0,0,0],[1,0,0],[0,1,0],[5,94,133]]
[[0,0,0],[1,0,0],[0,1,0],[11,25,133]]
[[0,0,0],[1,0,0],[0,1,0],[16,104,133]]
[[0,0,0],[1,0,0],[0,1,0],[31,65,133]]
[[0,0,0],[1,0,0],[0,1,0],[51,132,133]]
[[0,0,0],[1,0,0],[0,1,0],[10,39,133]]
[[0,0,0],[1,0,0],[0,1,0],[32,64,133]]
[[0,0,0],[1,0,0],[0,1,0],[5,101,133]]
[[0,0,0],[1,0,0],[0,1,0],[64,108,133]]
[[0,0,0],[1,0,0],[0,1,0],[43,72,133]]
[[0,0,0],[1,0,0],[0,1,0],[63,1,133]]
[[0,0,0],[1,0,0],[0,1,0],[24,31,133]]
[[0,0,0],[1,0,0],[0,1,0],[53,53,133]]
[[0,0,0],[1,0,0],[0,1,0],[32,83,133]]
[[0,0,0],[1,0,0],[0,1,0],[56,113,133]]
[[0,0,0],[1,0,0],[0,1,0],[2,9,133]]
[[0,0,0],[1,0,0],[0,1,0],[3,50,133]]
[[0,0,0],[1,0,0],[0,1,0],[26,36,133]]
[[0,0,0],[1,0,0],[0,1,0],[7,127,133]]
[[0,0,0],[1,0,0],[0,1,0],[84,50,133]]
[[0,0,0],[1,0,0],[0,1,0],[5,37,133]]
[[0,0,0],[1,0,0],[0,1,0],[44,110,133]]
[[0,0,0],[1,0,0],[0,1,0],[4,32,133]]
[[0,0,0],[1,0,0],[0,1,0],[5,36,133]]
[[0,0,0],[1,0,0],[0,1,0],[6,40,133]]
[[0,0,0],[1,0,0],[0,1,0],[32,130,133]]
[[0,0,0],[1,0,0],[0,1,0],[11,17,133]]
[[0,0,0],[1,0,0],[0,1,0],[30,66,133]]
[[0,0,0],[1,0,0],[0,1,0],[9,59,133]]
[[0,0,0],[1,0,0],[0,1,0],[2,46,133]]
[[0,0,0],[1,0,0],[0,1,0],[1,17,133]]
[[0,0,0],[1,0,0],[0,1,0],[57,1,133]]
[[0,0,0],[1,0,0],[0,1,0],[18,123,133]]
[[0,0,0],[1,0,0],[0,1,0],[23,73,133]]
[[0,0,0],[1,0,0],[0,1,0],[9,18,133]]
[[0,0,0],[1,0,0],[0,1,0],[8,34,133]]
[[0,0,0],[1,0,0],[0,1,0],[33,66,133]]
[[0,0,0],[1,0,0],[0,1,0],[2,27,133]]
[[0,0,0],[1,0,0],[0,1,0],[6,33,133]]
[[0,0,0],[1,0,0],[0,1,0],[12,108,133]]
[[0,0,0],[1,0,0],[0,1,0],[52,101,133]]
[[0,0,0],[1,0,0],[0,1,0],[31,108,133]]
[[0,0,0],[1,0,0],[0,1,0],[20,22,133]]
[[0,0,0],[1,0,0],[0,1,0],[17,39,133]]
[[0,0,0],[1,0,0],[0,1,0],[1,24,133]]
[[0,0,0],[1,0,0],[0,1,0],[6,129,133]]
[[0,0,0],[1,0,0],[0,1,0],[16,27,133]]
[[0,0,0],[1,0,0],[0,1,0],[15,62,133]]
[[0,0,0],[1,0,0],[0,1,0],[9,51,133]]
[[0,0,0],[1,0,0],[0,1,0],[3,82,133]]
[[0,0,0],[1,0,0],[0,1,0],[2,16,133]]
[[0,0,0],[1,0,0],[0,1,0],[8,48,133]]
[[0,0,0],[1,0,0],[0,1,0],[27,51,133]]
[[0,0,0],[1,0,0],[0,1,0],[18,58,133]]
[[0,0,0],[1,0,0],[0,1,0],[2,48,133]]
[[0,0,0],[1,0,0],[0,1,0],[11,37,133]]
[[0,0,0],[1,0,0],[0,1,0],[5,20,133]]
[[0,0,0],[1,0,0],[0,1,0],[12,60,133]]
[[0,0,0],[1,0,0],[0,1,0],[5,34,133]]
[[0,0,0],[1,0,0],[0,1,0],[4,13,133]]
[[0,0,0],[1,0,0],[0,1,0],[13,65,133]]
[[0,0,0],[1,0,0],[0,1,0],[73,117,133]]
[[0,0,0],[1,0,0],[0,1,0],[35,120,133]]
[[0,0,0],[1,0,0],[0,1,0],[3,33,133]]
[[0,0,0],[1,0,0],[0,1,0],[3,89,133]]
[[0,0,0],[1,0,0],[0,1,0],[23,53,133]]
[[0,0,0],[1,0,0],[0,1,0],[20,29,133]]
[[0,0,0],[1,0,0],[0,1,0],[8,62,133]]
[[0,0,0],[1,0,0],[0,1,0],[5,80,133]]
[[0,0,0],[1,0,0],[0,1,0],[13,46,133]]
[[0,0,0],[1,0,0],[0,1,0],[10,110,133]]
[[0,0,0],[1,0,0],[0,1,0],[21,50,133]]
[[0,0,0],[1,0,0],[0,1,0],[7,92,133]]
[[0,0,0],[1,0,0],[0,1,0],[16,124,133]]
[[0,0,0],[1,0,0],[0,1,0],[30,55,133]]
[[0,0,0],[1,0,0],[0,1,0],[2,75,133]]
[[0,0,0],[1,0,0],[0,1,0],[8,22,133]]
[[0,0,0],[1,0,0],[0,1,0],[15,17,133]]
[[0,0,0],[1,0,0],[0,1,0],[28,30,133]]
[[0,0,0],[1,0,0],[0,1,0],[1,10,133]]
[[0,0,0],[1,0,0],[0,1,0],[19,77,133]]
[[0,0,0],[1,0,0],[0,1,0],[10,59,133]]
[[0,0,0],[1,0,0],[0,1,0],[16,132,133]]
[[0,0,0],[1,0,0],[0,1,0],[9,41,133]]
[[0,0,0],[1,0,0],[0,1,0],[4,55,133]]
[[0,0,0],[1,0,0],[0,1,0],[24,53,133]]
[[0,0,0],[1,0,0],[0,1,0],[6,20,133]]
[[0,0,0],[1,0,0],[0,1,0],[48,48,133]]
[[0,0,0],[1,0,0],[0,1,0],[2,59,133]]
[[0,0,0],[1,0,0],[0,1,0],[26,26,133]]
[[0,0,0],[1,0,0],[0,1,0],[18,102,133]]
[[0,0,0],[1,0,0],[0,1,0],[2,53,133]]
[[0,0,0],[1,0,0],[0,1,0],[11,32,133]]
[[0,0,0],[1,0,0],[0,1,0],[42,50,133]]
[[0,0,0],[1,0,0],[0,1,0],[10,16,133]]
[[0,0,0],[1,0,0],[0,1,0],[11,88,133]]
[[0,0,0],[1,0,0],[0,1,0],[8,20,133]]
[[0,0,0],[1,0,0],[0,1,0],[6,86,133]]
[[0,0,0],[1,0,0],[0,1,0],[13,51,133]]
[[0,0,0],[1,0,0],[0,1,0],[2,83,133]]
[[0,0,0],[1,0,0],[0,1,0],[4,6,133]]
[[0,0,0],[1,0,0],[0,1,0],[3,61,133]]
[[0,0,0],[1,0,0],[0,1,0],[34,43,133]]
[[0,0,0],[1,0,0],[0,1,0],[3,62,133]]
[[0,0,0],[1,0,0],[0,1,0],[8,36,133]]
[[0,0,0],[1,0,0],[0,1,0],[5,8,133]]
[[0,0,0],[1,0,0],[0,1,0],[57,77,133]]
[[0,0,0],[1,0,0],[0,1,0],[15,37,133]]
[[0,0,0],[1,0,0],[0,1,0],[12,34,133]]
[[0,0,0],[1,0,0],[0,1,0],[10,61,133]]
[[0,0,0],[1,0,0],[0,1,0],[63,52,133]]
[[0,0,0],[1,0,0],[0,1,0],[24,68,133]]
[[0,0,0],[1,0,0],[0,1,0],[11,58,133]]
[[0,0,0],[1,0,0],[0,1,0],[27,69,133]]
[[0,0,0],[1,0,0],[0,1,0],[13,39,133]]
[[0,0,0],[1,0,0],[0,1,0],[14,82,133]]
[[0,0,0],[1,0,0],[0,1,0],[27,72,133]]
[[0,0,0],[1,0,0],[0,1,0],[57,96,133]]
[[0,0,0],[1,0,0],[0,1,0],[6,64,133]]
[[0,0,0],[1,0,0],[0,1,0],[3,131,133]]
[[0,0,0],[1,0,0],[0,1,0],[16,62,133]]
[[0,0,0],[1,0,0],[0,1,0],[17,20,133]]
[[0,0,0],[1,0,0],[0,1,0],[20,44,133]]
[[0,0,0],[1,0,0],[0,1,0],[4,34,133]]
[[0,0,0],[1,0,0],[0,1,0],[2,58,133]]
[[0,0,0],[1,0,0],[0,1,0],[33,116,133]]
[[0,0,0],[1,0,0],[0,1,0],[62,93,133]]
[[0,0,0],[1,0,0],[0,1,0],[42,1,133]]
[[0,0,0],[1,0,0],[0,1,0],[4,16,133]]
[[0,0,0],[1,0,0],[0,1,0],[75,115,133]]
[[0,0,0],[1,0,0],[0,1,0],[10,86,133]]
[[0,0,0],[1,0,0],[0,1,0],[59,82,133]]
[[0,0,0],[1,0,0],[0,1,0],[12,39,133]]
[[0,0,0],[1,0,0],[0,1,0],[24,55,133]]
[[0,0,0],[1,0,0],[0,1,0],[10,33,133]]
[[0,0,0],[1,0,0],[0,1,0],[14,71,133]]
[[0,0,0],[1,0,0],[0,1,0],[28,64,133]]
[[0,0,0],[1,0,0],[0,1,0],[9,32,133]]
[[0,0,0],[1,0,0],[0,1,0],[13,79,133]]
[[0,0,0],[1,0,0],[0,1,0],[59,113,133]]
[[0,0,0],[1,0,0],[0,1,0],[11,104,133]]
[[0,0,0],[1,0,0],[0,1,0],[10,82,133]]
[[0,0,0],[1,0,0],[0,1,0],[12,115,133]]
[[0,0,0],[1,0,0],[0,1,0],[6,34,133]]
[[0,0,0],[1,0,0],[0,1,0],[45,110,133]]
[[0,0,0],[1,0,0],[0,1,0],[4,45,133]]
[[0,0,0],[1,0,0],[0,1,0],[3,29,133]]
[[0,0,0],[1,0,0],[0,1,0],[15,24,133]]
[[0,0,0],[1,0,0],[0,1,0],[24,110,133]]
[[0,0,0],[1,0,0],[0,1,0],[16,31,133]]
[[0,0,0],[1,0,0],[0,1,0],[30,85,133]]
[[0,0,0],[1,0,0],[0,1,0],[49,36,133]]
[[0,0,0],[1,0,0],[0,1,0],[46,46,133]]
[[0,0,0],[1,0,0],[0,1,0],[44,125,133]]
[[0,0,0],[1,0,0],[0,1,0],[1,30,133]]
[[0,0,0],[1,0,0],[0,1,0],[9,87,133]]
[[0,0,0],[1,0,0],[0,1,0],[26,59,133]]
[[0,0,0],[1,0,0],[0,1,0],[7,1,133]]
[[0,0,0],[1,0,0],[0,1,0],[9,27,133]]
[[0,0,0],[1,0,0],[0,1,0],[4,58,133]]
[[0,0,0],[1,0,0],[0,1,0],[18,44,133]]
[[0,0,0],[1,0,0],[0,1,0],[16,22,133]]
[[0,0,0],[1,0,0],[0,1,0],[42,15,133]]
[[0,0,0],[1,0,0],[0,1,0],[14,99,133]]
[[0,0,0],[1,0,0],[0,1,0],[38,58,133]]
[[0,0,0],[1,0,0],[0,1,0],[16,99,133]]
[[0,0,0],[1,0,0],[0,1,0],[8,13,133]]
[[0,0,0],[1,0,0],[0,1,0],[2,64,133]]
[[0,0,0],[1,0,0],[0,1,0],[26,31,133]]
[[0,0,0],[1,0,0],[0,1,0],[16,48,133]]
[[0,0,0],[1,0,0],[0,1,0],[3,18,133]]
[[0,0,0],[1,0,0],[0,1,0],[8,51,133]]
[[0,0,0],[1,0,0],[0,1,0],[44,107,133]]
[[0,0,0],[1,0,0],[0,1,0],[31,103,133]]
[[0,0,0],[1,0,0],[0,1,0],[11,125,133]]
[[0,0,0],[1,0,0],[0,1,0],[13,64,133]]
[[0,0,0],[1,0,0],[0,1,0],[0,1,133]]
[[0,0,0],[1,0,0],[0,1,0],[8,24,133]]
[[0,0,0],[1,0,0],[0,1,0],[2,13,133]]
[[0,0,0],[1,0,0],[0,1,0],[13,52,133]]
[[0,0,0],[1,0,0],[0,1,0],[1,2,133]]
[[0,0,0],[1,0,0],[0,1,0],[11,59,133]]
[[0,0,0],[1,0,0],[0,1,0],[28,127,133]]
[[0,0,0],[1,0,0],[0,1,0],[35,1,133]]
[[0,0,0],[1,0,0],[0,1,0],[2,30,133]]
[[0,0,0],[1,0,0],[0,1,0],[35,8,133]]
[[0,0,0],[1,0,0],[0,1,0],[11,13,133]]
[[0,0,0],[1,0,0],[0,1,0],[31,117,133]]
[[0,0,0],[1,0,0],[0,1,0],[6,55,133]]
[[0,0,0],[1,0,0],[0,1,0],[20,54,133]]
[[0,0,0],[1,0,0],[0,1,0],[28,113,133]]
[[0,0,0],[1,0,0],[0,1,0],[3,9,133]]
[[0,0,0],[1,0,0],[0,1,0],[14,127,133]]
[[0,0,0],[1,0,0],[0,1,0],[7,22,133]]
[[0,0,0],[1,0,0],[0,1,0],[11,11,133]]
[[0,0,0],[1,0,0],[0,1,0],[13,44,133]]
[[0,0,0],[1,0,0],[0,1,0],[2,39,133]]
[[0,0,0],[1,0,0],[0,1,0],[5,13,133]]
[[0,0,0],[1,0,0],[0,1,0],[3,31,133]]
[[0,0,0],[1,0,0],[0,1,0],[10,12,133]]
[[0,0,0],[1,0,0],[0,1,0],[91,119,133]]
[[0,0,0],[1,0,0],[0,1,0],[3,93,133]]
[[0,0,0],[1,0,0],[0,1,0],[13,72,133]]
[[0,0,0],[1,0,0],[0,1,0],[56,8,133]]
[[0,0,0],[1,0,0],[0,1,0],[1,6,133]]
[[0,0,0],[1,0,0],[0,1,0],[44,132,133]]
[[0,0,0],[1,0,0],[0,1,0],[2,18,133]]
[[0,0,0],[1,0,0],[0,1,0],[5,53,133]]
[[0,0,0],[1,0,0],[0,1,0],[6,12,133]]
[[0,0,0],[1,0,0],[0,1,0],[9,104,133]]
[[0,0,0],[1,0,0],[0,1,0],[28,50,133]]
[[0,0,0],[1,0,0],[0,1,0],[8,29,133]]
[[0,0,0],[1,0,0],[0,1,0],[98,112,133]]
[[0,0,0],[1,0,0],[0,1,0],[17,24,133]]
[[0,0,0],[1,0,0],[0,1,0],[6,54,133]]
[[0,0,0],[1,0,0],[0,1,0],[5,18,133]]
[[0,0,0],[1,0,0],[0,1,0],[16,23,133]]
[[0,0,0],[1,0,0],[0,1,0],[3,44,133]]
[[0,0,0],[1,0,0],[0,1,0],[9,118,133]]
[[0,0,0],[1,0,0],[0,1,0],[13,17,133]]
[[0,0,0],[1,0,0],[0,1,0],[28,78,133]]
[[0,0,0],[1,0,0],[0,1,0],[8,50,133]]
[[0,0,0],[1,0,0],[0,1,0],[9,30,133]]
[[0,0,0],[1,0,0],[0,1,0],[4,39,133]]
[[0,0,0],[1,0,0],[0,1,0],[23,113,133]]
