[[0,0,0],[1,0,0],[0,1,0],[2,8,139]]
[[0,0,0],[1,0,0],[0,1,0],[4,21,139]]
[[0,0,0],[1,0,0],[0,1,0],[2,33,139]]
[[0,0,0],[1,0,0],[0,1,0],[25,124,139]]
[[0,0,0],[1,0,0],[0,1,0],[3,49,139]]
[[0,0,0],[1,0,0],[0,1,0],[13,15,139]]
[[0,0,0],[1,0,0],[0,1,0],[16,127,139]]
[[0,0,0],[1,0,0],[0,1,0],[17,55,139]]
[[0,0,0],[1,0,0],[0,1,0],[17,41,139]]
[[0,0,0],[1,0,0],[0,1,0],[27,52,139]]
[[0,0,0],[1,0,0],[0,1,0],[43,105,139]]
[[0,0,0],[1,0,0],[0,1,0],[9,57,139]]
[[0,0,0],[1,0,0],[0,1,0],[1,3,139]]
[[0,0,0],[1,0,0],[0,1,0],[7,23,139]]
[[0,0,0],[1,0,0],[0,1,0],[5,25,139]]
[[0,0,0],[1,0,0],[0,1,0],[11,55,139]]
[[0,0,0],[1,0,0],[0,1,0],[8,27,139]]
[[0,0,0],[1,0,0],[0,1,0],[9,16,139]]
[[0,0,0],[1,0,0],[0,1,0],[9,62,139]]
[[0,0,0],[1,0,0],[0,1,0],[27,32,139]]
[[0,0,0],[1,0,0],[0,1,0],[3,36,139]]
[[0,0,0],[1,0,0],[0,1,0],[6,52,139]]
[[0,0,0],[1,0,0],[0,1,0],[18,25,139]]
[[0,0,0],[1,0,0],[0,1,0],[21,57,139]]
[[0,0,0],[1,0,0],[0,1,0],[4,33,139]]
[[0,0,0],[1,0,0],[0,1,0],[12,56,139]]
[[0,0,0],[1,0,0],[0,1,0],[1,39,139]]
[[0,0,0],[1,0,0],[0,1,0],[5,46,139]]
[[0,0,0],[1,0,0],[0,1,0],[17,48,139]]
[[0,0,0],[1,0,0],[0,1,0],[1,63,139]]
[[0,0,0],[1,0,0],[0,1,0],[37,105,139]]
[[0,0,0],[1,0,0],[0,1,0],[6,59,139]]
[[0,0,0],[1,0,0],[0,1,0],[4,56,139]]
[[0,0,0],[1,0,0],[0,1,0],[13,132,139]]
[[0,0,0],[1,0,0],[0,1,0],[4,57,139]]
[[0,0,0],[1,0,0],[0,1,0],[5,136,139]]
[[0,0,0],[1,0,0],[0,1,0],[13,50,139]]
[[0,0,0],[1,0,0],[0,1,0],[7,134,139]]
[[0,0,0],[1,0,0],[0,1,0],[3,32,139]]
[[0,0,0],[1,0,0],[0,1,0],[12,54,139]]
[[0,0,0],[1,0,0],[0,1,0],[30,118,139]]
[[0,0,0],[1,0,0],[0,1,0],[12,129,139]]
[[0,0,0],[1,0,0],[0,1,0],[7,55,139]]
[[0,0,0],[1,0,0],[0,1,0],[2,11,139]]
[[0,0,0],[1,0,0],[0,1,0],[23,52,139]]
[[0,0,0],[1,0,0],[0,1,0],[34,110,139]]
[[0,0,0],[1,0,0],[0,1,0],[43,99,139]]
[[0,0,0],[1,0,0],[0,1,0],[2,45,139]]
[[0,0,0],[1,0,0],[0,1,0],[17,22,139]]
[[0,0,0],[1,0,0],[0,1,0],[3,138,139]]
[[0,0,0],[1,0,0],[0,1,0],[1,27,139]]
[[0,0,0],[1,0,0],[0,1,0],[2,20,139]]
[[0,0,0],[1,0,0],[0,1,0],[2,51,139]]
[[0,0,0],[1,0,0],[0,1,0],[24,41,139]]
[[0,0,0],[1,0,0],[0,1,0],[36,50,139]]
[[0,0,0],[1,0,0],[0,1,0],[10,44,139]]
[[0,0,0],[1,0,0],[0,1,0],[11,130,139]]
[[0,0,0],[1,0,0],[0,1,0],[2,2,139]]
[[0,0,0],[1,0,0],[0,1,0],[21,24,139]]
[[0,0,0],[1,0,0],[0,1,0],[7,49,139]]
[[0,0,0],[1,0,0],[0,1,0],[6,18,139]]
[[0,0,0],[1,0,0],[0,1,0],[32,115,139]]
[[0,0,0],[1,0,0],[0,1,0],[63,77,139]]
[[0,0,0],[1,0,0],[0,1,0],[23,43,139]]
[[0,0,0],[1,0,0],[0,1,0],[23,122,139]]
[[0,0,0],[1,0,0],[0,1,0],[5,27,139]]
[[0,0,0],[1,0,0],[0,1,0],[3,17,139]]
[[0,0,0],[1,0,0],[0,1,0],[1,56,139]]
[[0,0,0],[1,0,0],[0,1,0],[3,26,139]]
[[0,0,0],[1,0,0],[0,1,0],[3,43,139]]
[[0,0,0],[1,0,0],[0,1,0],[12,24,139]]
[[0,0,0],[1,0,0],[0,1,0],[12,29,139]]
[[0,0,0],[1,0,0],[0,1,0],[18,22,139]]
[[0,0,0],[1,0,0],[0,1,0],[13,127,139]]
[[0,0,0],[1,0,0],[0,1,0],[12,46,139]]
[[0,0,0],[1,0,0],[0,1,0],[4,60,139]]
[[0,0,0],[1,0,0],[0,1,0],[8,56,139]]
[[0,0,0],[1,0,0],[0,1,0],[5,12,139]]
[[0,0,0],[1,0,0],[0,1,0],[7,32,139]]
[[0,0,0],[1,0,0],[0,1,0],[17,33,139]]
[[0,0,0],[1,0,0],[0,1,0],[2,42,139]]
[[0,0,0],[1,0,0],[0,1,0],[26,39,139]]
[[0,0,0],[1,0,0],[0,1,0],[2,28,139]]
[[0,0,0],[1,0,0],[0,1,0],[3,52,139]]
[[0,0,0],[1,0,0],[0,1,0],[3,28,139]]
[[0,0,0],[1,0,0],[0,1,0],[43,118,139]]
[[0,0,0],[1,0,0],[0,1,0],[21,45,139]]
[[0,0,0],[1,0,0],[0,1,0],[2,15,139]]
[[0,0,0],[1,0,0],[0,1,0],[5,50,139]]
[[0,0,0],[1,0,0],[0,1,0],[16,25,139]]
[[0,0,0],[1,0,0],[0,1,0],[7,11,139]]
[[0,0,0],[1,0,0],[0,1,0],[5,66,139]]
[[0,0,0],[1,0,0],[0,1,0],[21,40,139]]
[[0,0,0],[1,0,0],[0,1,0],[15,43,139]]
[[0,0,0],[1,0,0],[0,1,0],[23,124,139]]
[[0,0,0],[1,0,0],[0,1,0],[6,8,139]]
[[0,0,0],[1,0,0],[0,1,0],[2,22,139]]
[[0,0,0],[1,0,0],[0,1,0],[9,12,139]]
[[0,0,0],[1,0,0],[0,1,0],[2,38,139]]
[[0,0,0],[1,0,0],[0,1,0],[2,3,139]]
[[0,0,0],[1,0,0],[0,1,0],[2,56,139]]
[[0,0,0],[1,0,0],[0,1,0],[9,11,139]]
[[0,0,0],[1,0,0],[0,1,0],[12,22,139]]
[[0,0,0],[1,0,0],[0,1,0],[6,29,139]]
[[0,0,0],[1,0,0],[0,1,0],[10,24,139]]
[[0,0,0],[1,0,0],[0,1,0],[15,129,139]]
[[0,0,0],[1,0,0],[0,1,0],[5,49,139]]
[[0,0,0],[1,0,0],[0,1,0],[2,61,139]]
[[0,0,0],[1,0,0],[0,1,0],[3,64,139]]
[[0,0,0],[1,0,0],[0,1,0],[4,31,139]]
[[0,0,0],[1,0,0],[0,1,0],[8,32,139]]
[[0,0,0],[1,0,0],[0,1,0],[12,33,139]]
[[0,0,0],[1,0,0],[0,1,0],[2,54,139]]
[[0,0,0],[1,0,0],[0,1,0],[18,34,139]]
[[0,0,0],[1,0,0],[0,1,0],[16,51,139]]
[[0,0,0],[1,0,0],[0,1,0],[10,18,139]]
[[0,0,0],[1,0,0],[0,1,0],[5,33,139]]
[[0,0,0],[1,0,0],[0,1,0],[4,62,139]]
[[0,0,0],[1,0,0],[0,1,0],[7,52,139]]
[[0,0,0],[1,0,0],[0,1,0],[8,63,139]]
[[0,0,0],[1,0,0],[0,1,0],[37,40,139]]
[[0,0,0],[1,0,0],[0,1,0],[6,45,139]]
[[0,0,0],[1,0,0],[0,1,0],[19,48,139]]
[[0,0,0],[1,0,0],[0,1,0],[5,22,139]]
[[0,0,0],[1,0,0],[0,1,0],[4,14,139]]
[[0,0,0],[1,0,0],[0,1,0],[25,43,139]]
[[0,0,0],[1,0,0],[0,1,0],[24,123,139]]
[[0,0,0],[1,0,0],[0,1,0],[3,11,139]]
[[0,0,0],[1,0,0],[0,1,0],[10,40,139]]
[[0,0,0],[1,0,0],[0,1,0],[16,40,139]]
[[0,0,0],[1,0,0],[0,1,0],[15,44,139]]
[[0,0,0],[1,0,0],[0,1,0],[7,65,139]]
[[0,0,0],[1,0,0],[0,1,0],[21,21,139]]
[[0,0,0],[1,0,0],[0,1,0],[6,53,139]]
[[0,0,0],[1,0,0],[0,1,0],[7,64,139]]
[[0,0,0],[1,0,0],[0,1,0],[5,5,139]]
[[0,0,0],[1,0,0],[0,1,0],[7,50,139]]
[[0,0,0],[1,0,0],[0,1,0],[5,52,139]]
[[0,0,0],[1,0,0],[0,1,0],[3,12,139]]
[[0,0,0],[1,0,0],[0,1,0],[9,13,139]]
[[0,0,0],[1,0,0],[0,1,0],[9,133,139]]
[[0,0,0],[1,0,0],[0,1,0],[5,48,139]]
[[0,0,0],[1,0,0],[0,1,0],[10,13,139]]
[[0,0,0],[1,0,0],[0,1,0],[2,35,139]]
[[0,0,0],[1,0,0],[0,1,0],[1,34,139]]
[[0,0,0],[1,0,0],[0,1,0],[10,29,139]]
[[0,0,0],[1,0,0],[0,1,0],[11,22,139]]
[[0,0,0],[1,0,0],[0,1,0],[12,62,139]]
[[0,0,0],[1,0,0],[0,1,0],[7,136,139]]
[[0,0,0],[1,0,0],[0,1,0],[4,63,139]]
[[0,0,0],[1,0,0],[0,1,0],[11,52,139]]
[[0,0,0],[1,0,0],[0,1,0],[13,37,139]]
[[0,0,0],[1,0,0],[0,1,0],[8,53,139]]
[[0,0,0],[1,0,0],[0,1,0],[8,47,139]]
[[0,0,0],[1,0,0],[0,1,0],[15,15,139]]
[[0,0,0],[1,0,0],[0,1,0],[6,50,139]]
[[0,0,0],[1,0,0],[0,1,0],[9,45,139]]
[[0,0,0],[1,0,0],[0,1,0],[17,51,139]]
[[0,0,0],[1,0,0],[0,1,0],[25,118,139]]
[[0,0,0],[1,0,0],[0,1,0],[7,9,139]]
[[0,0,0],[1,0,0],[0,1,0],[2,67,139]]
[[0,0,0],[1,0,0],[0,1,0],[4,27,139]]
[[0,0,0],[1,0,0],[0,1,0],[5,39,139]]
[[0,0,0],[1,0,0],[0,1,0],[9,47,139]]
[[0,0,0],[1,0,0],[0,1,0],[6,10,139]]
[[0,0,0],[1,0,0],[0,1,0],[5,137,139]]
[[0,0,0],[1,0,0],[0,1,0],[1,33,139]]
[[0,0,0],[1,0,0],[0,1,0],[1,18,139]]
[[0,0,0],[1,0,0],[0,1,0],[7,20,139]]
[[0,0,0],[1,0,0],[0,1,0],[8,21,139]]
[[0,0,0],[1,0,0],[0,1,0],[3,38,139]]
[[0,0,0],[1,0,0],[0,1,0],[3,47,139]]
[[0,0,0],[1,0,0],[0,1,0],[1,21,139]]
[[0,0,0],[1,0,0],[0,1,0],[2,49,139]]
[[0,0,0],[1,0,0],[0,1,0],[8,133,139]]
[[0,0,0],[1,0,0],[0,1,0],[24,117,139]]
[[0,0,0],[1,0,0],[0,1,0],[11,18,139]]
[[0,0,0],[1,0,0],[0,1,0],[12,52,139]]
[[0,0,0],[1,0,0],[0,1,0],[42,109,139]]
[[0,0,0],[1,0,0],[0,1,0],[4,51,139]]
[[0,0,0],[1,0,0],[0,1,0],[47,104,139]]
[[0,0,0],[1,0,0],[0,1,0],[30,44,139]]
[[0,0,0],[1,0,0],[0,1,0],[8,12,139]]
[[0,0,0],[1,0,0],[0,1,0],[23,37,139]]
[[0,0,0],[1,0,0],[0,1,0],[19,123,139]]
[[0,0,0],[1,0,0],[0,1,0],[2,60,139]]
[[0,0,0],[1,0,0],[0,1,0],[12,26,139]]
[[0,0,0],[1,0,0],[0,1,0],[5,55,139]]
[[0,0,0],[1,0,0],[0,1,0],[43,97,139]]
[[0,0,0],[1,0,0],[0,1,0],[3,23,139]]
[[0,0,0],[1,0,0],[0,1,0],[16,50,139]]
[[0,0,0],[1,0,0],[0,1,0],[19,43,139]]
[[0,0,0],[1,0,0],[0,1,0],[5,30,139]]
[[0,0,0],[1,0,0],[0,1,0],[10,30,139]]
[[0,0,0],[1,0,0],[0,1,0],[27,49,139]]
[[0,0,0],[1,0,0],[0,1,0],[25,41,139]]
[[0,0,0],[1,0,0],[0,1,0],[5,29,139]]
[[0,0,0],[1,0,0],[0,1,0],[8,19,139]]
[[0,0,0],[1,0,0],[0,1,0],[34,34,139]]
[[0,0,0],[1,0,0],[0,1,0],[11,39,139]]
[[0,0,0],[1,0,0],[0,1,0],[6,58,139]]
[[0,0,0],[1,0,0],[0,1,0],[17,124,139]]
[[0,0,0],[1,0,0],[0,1,0],[13,49,139]]
[[0,0,0],[1,0,0],[0,1,0],[19,130,139]]
[[0,0,0],[1,0,0],[0,1,0],[4,50,139]]
[[0,0,0],[1,0,0],[0,1,0],[6,9,139]]
[[0,0,0],[1,0,0],[0,1,0],[4,136,139]]
[[0,0,0],[1,0,0],[0,1,0],[41,99,139]]
[[0,0,0],[1,0,0],[0,1,0],[3,39,139]]
[[0,0,0],[1,0,0],[0,1,0],[27,114,139]]
[[0,0,0],[1,0,0],[0,1,0],[1,25,139]]
[[0,0,0],[1,0,0],[0,1,0],[3,45,139]]
[[0,0,0],[1,0,0],[0,1,0],[9,50,139]]
[[0,0,0],[1,0,0],[0,1,0],[12,128,139]]
[[0,0,0],[1,0,0],[0,1,0],[26,119,139]]
[[0,0,0],[1,0,0],[0,1,0],[2,52,139]]
[[0,0,0],[1,0,0],[0,1,0],[8,23,139]]
[[0,0,0],[1,0,0],[0,1,0],[3,60,139]]
[[0,0,0],[1,0,0],[0,1,0],[1,9,139]]
[[0,0,0],[1,0,0],[0,1,0],[19,55,139]]
[[0,0,0],[1,0,0],[0,1,0],[4,23,139]]
[[0,0,0],[1,0,0],[0,1,0],[5,47,139]]
[[0,0,0],[1,0,0],[0,1,0],[5,9,139]]
[[0,0,0],[1,0,0],[0,1,0],[6,17,139]]
[[0,0,0],[1,0,0],[0,1,0],[6,47,139]]
[[0,0,0],[1,0,0],[0,1,0],[34,44,139]]
[[0,0,0],[1,0,0],[0,1,0],[15,131,139]]
[[0,0,0],[1,0,0],[0,1,0],[36,49,139]]
[[0,0,0],[1,0,0],[0,1,0],[4,52,139]]
[[0,0,0],[1,0,0],[0,1,0],[5,63,139]]
[[0,0,0],[1,0,0],[0,1,0],[3,65,139]]
[[0,0,0],[1,0,0],[0,1,0],[13,24,139]]
[[0,0,0],[1,0,0],[0,1,0],[9,43,139]]
[[0,0,0],[1,0,0],[0,1,0],[9,39,139]]
[[0,0,0],[1,0,0],[0,1,0],[1,44,139]]
[[0,0,0],[1,0,0],[0,1,0],[2,62,139]]
[[0,0,0],[1,0,0],[0,1,0],[10,22,139]]
[[0,0,0],[1,0,0],[0,1,0],[3,66,139]]
[[0,0,0],[1,0,0],[0,1,0],[3,21,139]]
[[0,0,0],[1,0,0],[0,1,0],[5,57,139]]
[[0,0,0],[1,0,0],[0,1,0],[6,14,139]]
[[0,0,0],[1,0,0],[0,1,0],[7,41,139]]
[[0,0,0],[1,0,0],[0,1,0],[3,13,139]]
[[0,0,0],[1,0,0],[0,1,0],[18,126,139]]
[[0,0,0],[1,0,0],[0,1,0],[21,46,139]]
[[0,0,0],[1,0,0],[0,1,0],[36,43,139]]
[[0,0,0],[1,0,0],[0,1,0],[13,16,139]]
[[0,0,0],[1,0,0],[0,1,0],[11,27,139]]
[[0,0,0],[1,0,0],[0,1,0],[37,49,139]]
[[0,0,0],[1,0,0],[0,1,0],[10,25,139]]
[[0,0,0],[1,0,0],[0,1,0],[7,57,139]]
[[0,0,0],[1,0,0],[0,1,0],[6,23,139]]
[[0,0,0],[1,0,0],[0,1,0],[3,27,139]]
[[0,0,0],[1,0,0],[0,1,0],[8,55,139]]
[[0,0,0],[1,0,0],[0,1,0],[2,32,139]]
[[0,0,0],[1,0,0],[0,1,0],[4,29,139]]
[[0,0,0],[1,0,0],[0,1,0],[24,32,139]]
[[0,0,0],[1,0,0],[0,1,0],[2,12,139]]
[[0,0,0],[1,0,0],[0,1,0],[2,50,139]]
[[0,0,0],[1,0,0],[0,1,0],[3,3,139]]
[[0,0,0],[1,0,0],[0,1,0],[4,36,139]]
[[0,0,0],[1,0,0],[0,1,0],[9,36,139]]
[[0,0,0],[1,0,0],[0,1,0],[2,31,139]]
[[0,0,0],[1,0,0],[0,1,0],[42,98,139]]
[[0,0,0],[1,0,0],[0,1,0],[18,61,139]]
[[0,0,0],[1,0,0],[0,1,0],[3,48,139]]
[[0,0,0],[1,0,0],[0,1,0],[27,44,139]]
[[0,0,0],[1,0,0],[0,1,0],[18,36,139]]
[[0,0,0],[1,0,0],[0,1,0],[13,30,139]]
[[0,0,0],[1,0,0],[0,1,0],[7,21,139]]
[[0,0,0],[1,0,0],[0,1,0],[1,41,139]]
[[0,0,0],[1,0,0],[0,1,0],[33,41,139]]
[[0,0,0],[1,0,0],[0,1,0],[43,43,139]]
[[0,0,0],[1,0,0],[0,1,0],[3,8,139]]
[[0,0,0],[1,0,0],[0,1,0],[3,58,139]]
[[0,0,0],[1,0,0],[0,1,0],[3,34,139]]
[[0,0,0],[1,0,0],[0,1,0],[8,64,139]]
[[0,0,0],[1,0,0],[0,1,0],[2,44,139]]
[[0,0,0],[1,0,0],[0,1,0],[4,37,139]]
[[0,0,0],[1,0,0],[0,1,0],[30,50,139]]
[[0,0,0],[1,0,0],[0,1,0],[25,32,139]]
[[0,0,0],[1,0,0],[0,1,0],[12,32,139]]
[[0,0,0],[1,0,0],[0,1,0],[13,19,139]]
[[0,0,0],[1,0,0],[0,1,0],[21,128,139]]
[[0,0,0],[1,0,0],[0,1,0],[10,48,139]]
[[0,0,0],[1,0,0],[0,1,0],[10,15,139]]
[[0,0,0],[1,0,0],[0,1,0],[13,55,139]]
[[0,0,0],[1,0,0],[0,1,0],[1,7,139]]
[[0,0,0],[1,0,0],[0,1,0],[19,57,139]]
[[0,0,0],[1,0,0],[0,1,0],[2,25,139]]
[[0,0,0],[1,0,0],[0,1,0],[3,30,139]]
[[0,0,0],[1,0,0],[0,1,0],[10,19,139]]
[[0,0,0],[1,0,0],[0,1,0],[1,15,139]]
[[0,0,0],[1,0,0],[0,1,0],[26,118,139]]
[[0,0,0],[1,0,0],[0,1,0],[5,56,139]]
[[0,0,0],[1,0,0],[0,1,0],[3,59,139]]
[[0,0,0],[1,0,0],[0,1,0],[4,38,139]]
[[0,0,0],[1,0,0],[0,1,0],[18,47,139]]
[[0,0,0],[1,0,0],[0,1,0],[16,21,139]]
[[0,0,0],[1,0,0],[0,1,0],[47,100,139]]
[[0,0,0],[1,0,0],[0,1,0],[5,64,139]]
[[0,0,0],[1,0,0],[0,1,0],[3,41,139]]
[[0,0,0],[1,0,0],[0,1,0],[15,47,139]]
[[0,0,0],[1,0,0],[0,1,0],[36,115,139]]
[[0,0,0],[1,0,0],[0,1,0],[1,48,139]]
[[0,0,0],[1,0,0],[0,1,0],[41,118,139]]
[[0,0,0],[1,0,0],[0,1,0],[4,15,139]]
[[0,0,0],[1,0,0],[0,1,0],[12,44,139]]
[[0,0,0],[1,0,0],[0,1,0],[3,53,139]]
[[0,0,0],[1,0,0],[0,1,0],[30,119,139]]
[[0,0,0],[1,0,0],[0,1,0],[10,45,139]]
[[0,0,0],[1,0,0],[0,1,0],[1,16,139]]
[[0,0,0],[1,0,0],[0,1,0],[8,60,139]]
[[0,0,0],[1,0,0],[0,1,0],[18,43,139]]
[[0,0,0],[1,0,0],[0,1,0],[24,42,139]]
[[0,0,0],[1,0,0],[0,1,0],[12,27,139]]
[[0,0,0],[1,0,0],[0,1,0],[8,43,139]]
[[0,0,0],[1,0,0],[0,1,0],[7,47,139]]
[[0,0,0],[1,0,0],[0,1,0],[40,48,139]]
[[0,0,0],[1,0,0],[0,1,0],[40,109,139]]
[[0,0,0],[1,0,0],[0,1,0],[2,6,139]]
[[0,0,0],[1,0,0],[0,1,0],[10,26,139]]
[[0,0,0],[1,0,0],[0,1,0],[5,60,139]]
[[0,0,0],[1,0,0],[0,1,0],[2,37,139]]
[[0,0,0],[1,0,0],[0,1,0],[2,40,139]]
[[0,0,0],[1,0,0],[0,1,0],[55,104,139]]
[[0,0,0],[1,0,0],[0,1,0],[6,11,139]]
[[0,0,0],[1,0,0],[0,1,0],[2,57,139]]
[[0,0,0],[1,0,0],[0,1,0],[4,20,139]]
[[0,0,0],[1,0,0],[0,1,0],[16,56,139]]
[[0,0,0],[1,0,0],[0,1,0],[12,51,139]]
[[0,0,0],[1,0,0],[0,1,0],[13,32,139]]
[[0,0,0],[1,0,0],[0,1,0],[17,26,139]]
[[0,0,0],[1,0,0],[0,1,0],[25,122,139]]
[[0,0,0],[1,0,0],[0,1,0],[1,11,139]]
[[0,0,0],[1,0,0],[0,1,0],[6,26,139]]
[[0,0,0],[1,0,0],[0,1,0],[3,37,139]]
[[0,0,0],[1,0,0],[0,1,0],[11,134,139]]
[[0,0,0],[1,0,0],[0,1,0],[8,31,139]]
[[0,0,0],[1,0,0],[0,1,0],[34,106,139]]
[[0,0,0],[1,0,0],[0,1,0],[6,56,139]]
[[0,0,0],[1,0,0],[0,1,0],[26,37,139]]
[[0,0,0],[1,0,0],[0,1,0],[5,17,139]]
[[0,0,0],[1,0,0],[0,1,0],[32,46,139]]
[[0,0,0],[1,0,0],[0,1,0],[9,132,139]]
[[0,0,0],[1,0,0],[0,1,0],[6,57,139]]
[[0,0,0],[1,0,0],[0,1,0],[17,131,139]]
[[0,0,0],[1,0,0],[0,1,0],[18,41,139]]
[[0,0,0],[1,0,0],[0,1,0],[24,39,139]]
[[0,0,0],[1,0,0],[0,1,0],[7,30,139]]
[[0,0,0],[1,0,0],[0,1,0],[10,65,139]]
[[0,0,0],[1,0,0],[0,1,0],[3,19,139]]
[[0,0,0],[1,0,0],[0,1,0],[4,61,139]]
[[0,0,0],[1,0,0],[0,1,0],[7,18,139]]
[[0,0,0],[1,0,0],[0,1,0],[17,60,139]]
[[0,0,0],[1,0,0],[0,1,0],[4,49,139]]
[[0,0,0],[1,0,0],[0,1,0],[21,120,139]]
[[0,0,0],[1,0,0],[0,1,0],[4,30,139]]
[[0,0,0],[1,0,0],[0,1,0],[37,108,139]]
[[0,0,0],[1,0,0],[0,1,0],[9,17,139]]
[[0,0,0],[1,0,0],[0,1,0],[3,55,139]]
[[0,0,0],[1,0,0],[0,1,0],[19,32,139]]
[[0,0,0],[1,0,0],[0,1,0],[15,33,139]]
[[0,0,0],[1,0,0],[0,1,0],[13,36,139]]
[[0,0,0],[1,0,0],[0,1,0],[26,57,139]]
[[0,0,0],[1,0,0],[0,1,0],[18,50,139]]
[[0,0,0],[1,0,0],[0,1,0],[2,17,139]]
[[0,0,0],[1,0,0],[0,1,0],[36,44,139]]
[[0,0,0],[1,0,0],[0,1,0],[11,49,139]]
[[0,0,0],[1,0,0],[0,1,0],[4,7,139]]
[[0,0,0],[1,0,0],[0,1,0],[6,27,139]]
[[0,0,0],[1,0,0],[0,1,0],[13,60,139]]
[[0,0,0],[1,0,0],[0,1,0],[4,42,139]]
[[0,0,0],[1,0,0],[0,1,0],[26,121,139]]
[[0,0,0],[1,0,0],[0,1,0],[34,121,139]]
[[0,0,0],[1,0,0],[0,1,0],[1,4,139]]
[[0,0,0],[1,0,0],[0,1,0],[34,42,139]]
[[0,0,0],[1,0,0],[0,1,0],[18,53,139]]
[[0,0,0],[1,0,0],[0,1,0],[40,111,139]]
[[0,0,0],[1,0,0],[0,1,0],[5,7,139]]
[[0,0,0],[1,0,0],[0,1,0],[17,19,139]]
[[0,0,0],[1,0,0],[0,1,0],[33,117,139]]
[[0,0,0],[1,0,0],[0,1,0],[21,27,139]]
[[0,0,0],[1,0,0],[0,1,0],[26,46,139]]
[[0,0,0],[1,0,0],[0,1,0],[15,29,139]]
[[0,0,0],[1,0,0],[0,1,0],[5,40,139]]
[[0,0,0],[1,0,0],[0,1,0],[4,40,139]]
[[0,0,0],[1,0,0],[0,1,0],[9,53,139]]
[[0,0,0],[1,0,0],[0,1,0],[4,4,139]]
[[0,0,0],[1,0,0],[0,1,0],[4,46,139]]
[[0,0,0],[1,0,0],[0,1,0],[12,23,139]]
[[0,0,0],[1,0,0],[0,1,0],[2,10,139]]
[[0,0,0],[1,0,0],[0,1,0],[5,10,139]]
[[0,0,0],[1,0,0],[0,1,0],[27,34,139]]
[[0,0,0],[1,0,0],[0,1,0],[18,40,139]]
[[0,0,0],[1,0,0],[0,1,0],[10,47,139]]
[[0,0,0],[1,0,0],[0,1,0],[19,129,139]]
[[0,0,0],[1,0,0],[0,1,0],[25,125,139]]
[[0,0,0],[1,0,0],[0,1,0],[16,19,139]]
[[0,0,0],[1,0,0],[0,1,0],[16,24,139]]
[[0,0,0],[1,0,0],[0,1,0],[17,129,139]]
[[0,0,0],[1,0,0],[0,1,0],[11,54,139]]
[[0,0,0],[1,0,0],[0,1,0],[1,13,139]]
[[0,0,0],[1,0,0],[0,1,0],[7,13,139]]
[[0,0,0],[1,0,0],[0,1,0],[2,36,139]]
[[0,0,0],[1,0,0],[0,1,0],[11,44,139]]
[[0,0,0],[1,0,0],[0,1,0],[19,42,139]]
[[0,0,0],[1,0,0],[0,1,0],[13,23,139]]
[[0,0,0],[1,0,0],[0,1,0],[9,14,139]]
[[0,0,0],[1,0,0],[0,1,0],[12,17,139]]
[[0,0,0],[1,0,0],[0,1,0],[1,42,139]]
[[0,0,0],[1,0,0],[0,1,0],[6,65,139]]
[[0,0,0],[1,0,0],[0,1,0],[10,62,139]]
[[0,0,0],[1,0,0],[0,1,0],[4,41,139]]
[[0,0,0],[1,0,0],[0,1,0],[15,23,139]]
[[0,0,0],[1,0,0],[0,1,0],[6,22,139]]
[[0,0,0],[1,0,0],[0,1,0],[40,100,139]]
[[0,0,0],[1,0,0],[0,1,0],[17,17,139]]
[[0,0,0],[1,0,0],[0,1,0],[8,10,139]]
[[0,0,0],[1,0,0],[0,1,0],[23,40,139]]
[[0,0,0],[1,0,0],[0,1,0],[6,135,139]]
[[0,0,0],[1,0,0],[0,1,0],[5,59,139]]
[[0,0,0],[1,0,0],[0,1,0],[13,133,139]]
[[0,0,0],[1,0,0],[0,1,0],[4,10,139]]
[[0,0,0],[1,0,0],[0,1,0],[11,30,139]]
[[0,0,0],[1,0,0],[0,1,0],[30,33,139]]
[[0,0,0],[1,0,0],[0,1,0],[15,26,139]]
[[0,0,0],[1,0,0],[0,1,0],[24,50,139]]
[[0,0,0],[1,0,0],[0,1,0],[10,34,139]]
[[0,0,0],[1,0,0],[0,1,0],[3,7,139]]
[[0,0,0],[1,0,0],[0,1,0],[13,54,139]]
[[0,0,0],[1,0,0],[0,1,0],[3,25,139]]
[[0,0,0],[1,0,0],[0,1,0],[6,15,139]]
[[0,0,0],[1,0,0],[0,1,0],[4,59,139]]
[[0,0,0],[1,0,0],[0,1,0],[7,12,139]]
[[0,0,0],[1,0,0],[0,1,0],[37,106,139]]
[[0,0,0],[1,0,0],[0,1,0],[2,138,139]]
[[0,0,0],[1,0,0],[0,1,0],[13,45,139]]
[[0,0,0],[1,0,0],[0,1,0],[43,109,139]]
[[0,0,0],[1,0,0],[0,1,0],[5,31,139]]
[[0,0,0],[1,0,0],[0,1,0],[2,24,139]]
[[0,0,0],[1,0,0],[0,1,0],[2,43,139]]
[[0,0,0],[1,0,0],[0,1,0],[11,50,139]]
[[0,0,0],[1,0,0],[0,1,0],[21,41,139]]
[[0,0,0],[1,0,0],[0,1,0],[16,30,139]]
[[0,0,0],[1,0,0],[0,1,0],[46,115,139]]
[[0,0,0],[1,0,0],[0,1,0],[5,24,139]]
[[0,0,0],[1,0,0],[0,1,0],[10,38,139]]
[[0,0,0],[1,0,0],[0,1,0],[12,42,139]]
[[0,0,0],[1,0,0],[0,1,0],[24,51,139]]
[[0,0,0],[1,0,0],[0,1,0],[2,5,139]]
[[0,0,0],[1,0,0],[0,1,0],[26,55,139]]
[[0,0,0],[1,0,0],[0,1,0],[7,48,139]]
[[0,0,0],[1,0,0],[0,1,0],[11,132,139]]
[[0,0,0],[1,0,0],[0,1,0],[19,23,139]]
[[0,0,0],[1,0,0],[0,1,0],[16,57,139]]
[[0,0,0],[1,0,0],[0,1,0],[4,53,139]]
[[0,0,0],[1,0,0],[0,1,0],[7,135,139]]
[[0,0,0],[1,0,0],[0,1,0],[17,47,139]]
[[0,0,0],[1,0,0],[0,1,0],[7,58,139]]
[[0,0,0],[1,0,0],[0,1,0],[27,115,139]]
[[0,0,0],[1,0,0],[0,1,0],[21,121,139]]
[[0,0,0],[1,0,0],[0,1,0],[39,106,139]]
[[0,0,0],[1,0,0],[0,1,0],[27,117,139]]
[[0,0,0],[1,0,0],[0,1,0],[5,135,139]]
[[0,0,0],[1,0,0],[0,1,0],[9,48,139]]
[[0,0,0],[1,0,0],[0,1,0],[6,6,139]]
[[0,0,0],[1,0,0],[0,1,0],[2,4,139]]
[[0,0,0],[1,0,0],[0,1,0],[4,18,139]]
[[0,0,0],[1,0,0],[0,1,0],[9,40,139]]
[[0,0,0],[1,0,0],[0,1,0],[5,61,139]]
[[0,0,0],[1,0,0],[0,1,0],[11,63,139]]
[[0,0,0],[1,0,0],[0,1,0],[27,42,139]]
[[0,0,0],[1,0,0],[0,1,0],[8,61,139]]
[[0,0,0],[1,0,0],[0,1,0],[8,18,139]]
[[0,0,0],[1,0,0],[0,1,0],[4,44,139]]
[[0,0,0],[1,0,0],[0,1,0],[40,117,139]]
[[0,0,0],[1,0,0],[0,1,0],[2,23,139]]
[[0,0,0],[1,0,0],[0,1,0],[12,59,139]]
[[0,0,0],[1,0,0],[0,1,0],[4,12,139]]
[[0,0,0],[1,0,0],[0,1,0],[2,26,139]]
[[0,0,0],[1,0,0],[0,1,0],[19,127,139]]
[[0,0,0],[1,0,0],[0,1,0],[2,14,139]]
[[0,0,0],[1,0,0],[0,1,0],[17,56,139]]
[[0,0,0],[1,0,0],[0,1,0],[10,55,139]]
[[0,0,0],[1,0,0],[0,1,0],[4,68,139]]
[[0,0,0],[1,0,0],[0,1,0],[4,25,139]]
[[0,0,0],[1,0,0],[0,1,0],[9,22,139]]
[[0,0,0],[1,0,0],[0,1,0],[54,105,139]]
[[0,0,0],[1,0,0],[0,1,0],[6,63,139]]
[[0,0,0],[1,0,0],[0,1,0],[4,24,139]]
[[0,0,0],[1,0,0],[0,1,0],[1,12,139]]
[[0,0,0],[1,0,0],[0,1,0],[2,19,139]]
[[0,0,0],[1,0,0],[0,1,0],[3,137,139]]
[[0,0,0],[1,0,0],[0,1,0],[16,61,139]]
[[0,0,0],[1,0,0],[0,1,0],[3,35,139]]
[[0,0,0],[1,0,0],[0,1,0],[11,47,139]]
[[0,0,0],[1,0,0],[0,1,0],[2,47,139]]
[[0,0,0],[1,0,0],[0,1,0],[2,21,139]]
[[0,0,0],[1,0,0],[0,1,0],[46,111,139]]
[[0,0,0],[1,0,0],[0,1,0],[18,46,139]]
[[0,0,0],[1,0,0],[0,1,0],[5,62,139]]
[[0,0,0],[1,0,0],[0,1,0],[21,52,139]]
[[0,0,0],[1,0,0],[0,1,0],[11,24,139]]
[[0,0,0],[1,0,0],[0,1,0],[6,37,139]]
[[0,0,0],[1,0,0],[0,1,0],[3,54,139]]
[[0,0,0],[1,0,0],[0,1,0],[3,5,139]]
[[0,0,0],[1,0,0],[0,1,0],[7,54,139]]
[[0,0,0],[1,0,0],[0,1,0],[10,64,139]]
[[0,0,0],[1,0,0],[0,1,0],[13,43,139]]
[[0,0,0],[1,0,0],[0,1,0],[4,64,139]]
[[0,0,0],[1,0,0],[0,1,0],[6,32,139]]
[[0,0,0],[1,0,0],[0,1,0],[33,36,139]]
[[0,0,0],[1,0,0],[0,1,0],[66,75,139]]
[[0,0,0],[1,0,0],[0,1,0],[10,58,139]]
[[0,0,0],[1,0,0],[0,1,0],[7,19,139]]
[[0,0,0],[1,0,0],[0,1,0],[4,19,139]]
[[0,0,0],[1,0,0],[0,1,0],[9,42,139]]
[[0,0,0],[1,0,0],[0,1,0],[23,39,139]]
[[0,0,0],[1,0,0],[0,1,0],[5,19,139]]
[[0,0,0],[1,0,0],[0,1,0],[3,63,139]]
[[0,0,0],[1,0,0],[0,1,0],[3,51,139]]
[[0,0,0],[1,0,0],[0,1,0],[7,31,139]]
[[0,0,0],[1,0,0],[0,1,0],[18,21,139]]
[[0,0,0],[1,0,0],[0,1,0],[11,133,139]]
[[0,0,0],[1,0,0],[0,1,0],[16,32,139]]
[[0,0,0],[1,0,0],[0,1,0],[7,133,139]]
[[0,0,0],[1,0,0],[0,1,0],[34,109,139]]
[[0,0,0],[1,0,0],[0,1,0],[6,30,139]]
[[0,0,0],[1,0,0],[0,1,0],[2,66,139]]
[[0,0,0],[1,0,0],[0,1,0],[27,126,139]]
[[0,0,0],[1,0,0],[0,1,0],[13,59,139]]
[[0,0,0],[1,0,0],[0,1,0],[11,60,139]]
[[0,0,0],[1,0,0],[0,1,0],[8,40,139]]
[[0,0,0],[1,0,0],[0,1,0],[19,21,139]]
[[0,0,0],[1,0,0],[0,1,0],[6,43,139]]
[[0,0,0],[1,0,0],[0,1,0],[13,128,139]]
[[0,0,0],[1,0,0],[0,1,0],[3,6,139]]
[[0,0,0],[1,0,0],[0,1,0],[5,54,139]]
[[0,0,0],[1,0,0],[0,1,0],[2,41,139]]
[[0,0,0],[1,0,0],[0,1,0],[5,45,139]]
[[0,0,0],[1,0,0],[0,1,0],[7,25,139]]
[[0,0,0],[1,0,0],[0,1,0],[8,11,139]]
[[0,0,0],[1,0,0],[0,1,0],[25,119,139]]
[[0,0,0],[1,0,0],[0,1,0],[15,126,139]]
[[0,0,0],[1,0,0],[0,1,0],[5,26,139]]
[[0,0,0],[1,0,0],[0,1,0],[23,125,139]]
[[0,0,0],[1,0,0],[0,1,0],[25,47,139]]
[[0,0,0],[1,0,0],[0,1,0],[13,25,139]]
[[0,0,0],[1,0,0],[0,1,0],[15,132,139]]
[[0,0,0],[1,0,0],[0,1,0],[3,57,139]]
[[0,0,0],[1,0,0],[0,1,0],[10,36,139]]
[[0,0,0],[1,0,0],[0,1,0],[16,125,139]]
[[0,0,0],[1,0,0],[0,1,0],[4,17,139]]
[[0,0,0],[1,0,0],[0,1,0],[6,42,139]]
[[0,0,0],[1,0,0],[0,1,0],[15,36,139]]
[[0,0,0],[1,0,0],[0,1,0],[21,124,139]]
[[0,0,0],[1,0,0],[0,1,0],[1,5,139]]
[[0,0,0],[1,0,0],[0,1,0],[1,40,139]]
[[0,0,0],[1,0,0],[0,1,0],[2,55,139]]
[[0,0,0],[1,0,0],[0,1,0],[33,33,139]]
[[0,0,0],[1,0,0],[0,1,0],[2,7,139]]
[[0,0,0],[1,0,0],[0,1,0],[4,54,139]]
[[0,0,0],[1,0,0],[0,1,0],[4,48,139]]
[[0,0,0],[1,0,0],[0,1,0],[26,115,139]]
[[0,0,0],[1,0,0],[0,1,0],[17,27,139]]
[[0,0,0],[1,0,0],[0,1,0],[7,53,139]]
[[0,0,0],[1,0,0],[0,1,0],[6,16,139]]
[[0,0,0],[1,0,0],[0,1,0],[16,46,139]]
[[0,0,0],[1,0,0],[0,1,0],[9,34,139]]
[[0,0,0],[1,0,0],[0,1,0],[8,44,139]]
[[0,0,0],[1,0,0],[0,1,0],[48,92,139]]
[[0,0,0],[1,0,0],[0,1,0],[36,118,139]]
[[0,0,0],[1,0,0],[0,1,0],[7,38,139]]
[[0,0,0],[1,0,0],[0,1,0],[3,40,139]]
[[0,0,0],[1,0,0],[0,1,0],[24,37,139]]
[[0,0,0],[1,0,0],[0,1,0],[1,8,139]]
[[0,0,0],[1,0,0],[0,1,0],[3,42,139]]
[[0,0,0],[1,0,0],[0,1,0],[7,61,139]]
[[0,0,0],[1,0,0],[0,1,0],[50,104,139]]
[[0,0,0],[1,0,0],[0,1,0],[7,39,139]]
[[0,0,0],[1,0,0],[0,1,0],[3,22,139]]
[[0,0,0],[1,0,0],[0,1,0],[27,40,139]]
[[0,0,0],[1,0,0],[0,1,0],[5,43,139]]
[[0,0,0],[1,0,0],[0,1,0],[10,46,139]]
[[0,0,0],[1,0,0],[0,1,0],[34,39,139]]
[[0,0,0],[1,0,0],[0,1,0],[10,54,139]]
[[0,0,0],[1,0,0],[0,1,0],[16,39,139]]
[[0,0,0],[1,0,0],[0,1,0],[15,60,139]]
[[0,0,0],[1,0,0],[0,1,0],[7,10,139]]
[[0,0,0],[1,0,0],[0,1,0],[5,38,139]]
[[0,0,0],[1,0,0],[0,1,0],[2,34,139]]
[[0,0,0],[1,0,0],[0,1,0],[3,56,139]]
[[0,0,0],[1,0,0],[0,1,0],[4,67,139]]
[[0,0,0],[1,0,0],[0,1,0],[24,47,139]]
[[0,0,0],[1,0,0],[0,1,0],[9,23,139]]
[[0,0,0],[1,0,0],[0,1,0],[7,37,139]]
[[0,0,0],[1,0,0],[0,1,0],[32,122,139]]
[[0,0,0],[1,0,0],[0,1,0],[7,42,139]]
[[0,0,0],[1,0,0],[0,1,0],[37,115,139]]
[[0,0,0],[1,0,0],[0,1,0],[7,24,139]]
[[0,0,0],[1,0,0],[0,1,0],[6,51,139]]
[[0,0,0],[1,0,0],[0,1,0],[17,45,139]]
[[0,0,0],[1,0,0],[0,1,0],[8,38,139]]
[[0,0,0],[1,0,0],[0,1,0],[6,67,139]]
[[0,0,0],[1,0,0],[0,1,0],[4,8,139]]
[[0,0,0],[1,0,0],[0,1,0],[3,10,139]]
[[0,0,0],[1,0,0],[0,1,0],[21,125,139]]
[[0,0,0],[1,0,0],[0,1,0],[9,56,139]]
[[0,0,0],[1,0,0],[0,1,0],[15,45,139]]
[[0,0,0],[1,0,0],[0,1,0],[6,60,139]]
[[0,0,0],[1,0,0],[0,1,0],[6,61,139]]
[[0,0,0],[1,0,0],[0,1,0],[11,21,139]]
[[0,0,0],[1,0,0],[0,1,0],[26,50,139]]
[[0,0,0],[1,0,0],[0,1,0],[41,43,139]]
[[0,0,0],[1,0,0],[0,1,0],[8,8,139]]
[[0,0,0],[1,0,0],[0,1,0],[6,44,139]]
[[0,0,0],[1,0,0],[0,1,0],[12,16,139]]
[[0,0,0],[1,0,0],[0,1,0],[11,26,139]]
[[0,0,0],[1,0,0],[0,1,0],[5,15,139]]
[[0,0,0],[1,0,0],[0,1,0],[15,25,139]]
[[0,0,0],[1,0,0],[0,1,0],[15,127,139]]
[[0,0,0],[1,0,0],[0,1,0],[18,122,139]]
[[0,0,0],[1,0,0],[0,1,0],[24,36,139]]
[[0,0,0],[1,0,0],[0,1,0],[13,13,139]]
[[0,0,0],[1,0,0],[0,1,0],[11,41,139]]
[[0,0,0],[1,0,0],[0,1,0],[7,7,139]]
[[0,0,0],[1,0,0],[0,1,0],[15,59,139]]
[[0,0,0],[1,0,0],[0,1,0],[2,65,139]]
[[0,0,0],[1,0,0],[0,1,0],[7,46,139]]
[[0,0,0],[1,0,0],[0,1,0],[13,129,139]]
[[0,0,0],[1,0,0],[0,1,0],[4,22,139]]
[[0,0,0],[1,0,0],[0,1,0],[3,20,139]]
[[0,0,0],[1,0,0],[0,1,0],[12,40,139]]
[[0,0,0],[1,0,0],[0,1,0],[3,46,139]]
[[0,0,0],[1,0,0],[0,1,0],[26,33,139]]
[[0,0,0],[1,0,0],[0,1,0],[37,42,139]]
[[0,0,0],[1,0,0],[0,1,0],[6,134,139]]
[[0,0,0],[1,0,0],[0,1,0],[6,46,139]]
[[0,0,0],[1,0,0],[0,1,0],[3,16,139]]
[[0,0,0],[1,0,0],[0,1,0],[15,56,139]]
[[0,0,0],[1,0,0],[0,1,0],[25,54,139]]
[[0,0,0],[1,0,0],[0,1,0],[30,37,139]]
[[0,0,0],[1,0,0],[0,1,0],[2,63,139]]
[[0,0,0],[1,0,0],[0,1,0],[12,64,139]]
[[0,0,0],[1,0,0],[0,1,0],[8,65,139]]
[[0,0,0],[1,0,0],[0,1,0],[25,27,139]]
[[0,0,0],[1,0,0],[0,1,0],[8,52,139]]
[[0,0,0],[1,0,0],[0,1,0],[4,11,139]]
[[0,0,0],[1,0,0],[0,1,0],[3,24,139]]
[[0,0,0],[1,0,0],[0,1,0],[30,36,139]]
[[0,0,0],[1,0,0],[0,1,0],[9,9,139]]
[[0,0,0],[1,0,0],[0,1,0],[10,131,139]]
[[0,0,0],[1,0,0],[0,1,0],[6,49,139]]
[[0,0,0],[1,0,0],[0,1,0],[1,1,139]]
[[0,0,0],[1,0,0],[0,1,0],[24,34,139]]
[[0,0,0],[1,0,0],[0,1,0],[5,14,139]]
[[0,0,0],[1,0,0],[0,1,0],[10,130,139]]
[[0,0,0],[1,0,0],[0,1,0],[5,23,139]]
[[0,0,0],[1,0,0],[0,1,0],[10,10,139]]
[[0,0,0],[1,0,0],[0,1,0],[17,130,139]]
[[0,0,0],[1,0,0],[0,1,0],[2,69,139]]
[[0,0,0],[1,0,0],[0,1,0],[19,124,139]]
[[0,0,0],[1,0,0],[0,1,0],[15,39,139]]
[[0,0,0],[1,0,0],[0,1,0],[4,47,139]]
[[0,0,0],[1,0,0],[0,1,0],[2,29,139]]
[[0,0,0],[1,0,0],[0,1,0],[4,26,139]]
[[0,0,0],[1,0,0],[0,1,0],[8,58,139]]
[[0,0,0],[1,0,0],[0,1,0],[5,51,139]]
[[0,0,0],[1,0,0],[0,1,0],[3,15,139]]
[[0,0,0],[1,0,0],[0,1,0],[5,58,139]]
[[0,0,0],[1,0,0],[0,1,0],[11,25,139]]
[[0,0,0],[1,0,0],[0,1,0],[11,46,139]]
[[0,0,0],[1,0,0],[0,1,0],[6,21,139]]
[[0,0,0],[1,0,0],[0,1,0],[12,57,139]]
[[0,0,0],[1,0,0],[0,1,0],[19,45,139]]
[[0,0,0],[1,0,0],[0,1,0],[16,18,139]]
[[0,0,0],[1,0,0],[0,1,0],[18,18,139]]
[[0,0,0],[1,0,0],[0,1,0],[21,42,139]]
[[0,0,0],[1,0,0],[0,1,0],[9,54,139]]
[[0,0,0],[1,0,0],[0,1,0],[9,24,139]]
[[0,0,0],[1,0,0],[0,1,0],[65,76,139]]
[[0,0,0],[1,0,0],[0,1,0],[49,110,139]]
[[0,0,0],[1,0,0],[0,1,0],[16,26,139]]
[[0,0,0],[1,0,0],[0,1,0],[17,34,139]]
[[0,0,0],[1,0,0],[0,1,0],[8,30,139]]
[[0,0,0],[1,0,0],[0,1,0],[25,55,139]]
[[0,0,0],[1,0,0],[0,1,0],[9,31,139]]
[[0,0,0],[1,0,0],[0,1,0],[25,46,139]]
[[0,0,0],[1,0,0],[0,1,0],[11,43,139]]
[[0,0,0],[1,0,0],[0,1,0],[10,32,139]]
[[0,0,0],[1,0,0],[0,1,0],[15,41,139]]
[[0,0,0],[1,0,0],[0,1,0],[44,44,139]]
[[0,0,0],[1,0,0],[0,1,0],[9,59,139]]
[[0,0,0],[1,0,0],[0,1,0],[10,57,139]]
[[0,0,0],[1,0,0],[0,1,0],[42,48,139]]
[[0,0,0],[1,0,0],[0,1,0],[5,36,139]]
[[0,0,0],[1,0,0],[0,1,0],[8,34,139]]
[[0,0,0],[1,0,0],[0,1,0],[2,9,139]]
[[0,0,0],[1,0,0],[0,1,0],[6,33,139]]
[[0,0,0],[1,0,0],[0,1,0],[1,17,139]]
[[0,0,0],[1,0,0],[0,1,0],[5,37,139]]
[[0,0,0],[1,0,0],[0,1,0],[4,32,139]]
[[0,0,0],[1,0,0],[0,1,0],[6,40,139]]
[[0,0,0],[1,0,0],[0,1,0],[3,50,139]]
[[0,0,0],[1,0,0],[0,1,0],[7,27,139]]
[[0,0,0],[1,0,0],[0,1,0],[11,17,139]]
[[0,0,0],[1,0,0],[0,1,0],[32,47,139]]
[[0,0,0],[1,0,0],[0,1,0],[23,128,139]]
[[0,0,0],[1,0,0],[0,1,0],[7,59,139]]
[[0,0,0],[1,0,0],[0,1,0],[9,18,139]]
[[0,0,0],[1,0,0],[0,1,0],[11,131,139]]
[[0,0,0],[1,0,0],[0,1,0],[2,46,139]]
[[0,0,0],[1,0,0],[0,1,0],[18,123,139]]
[[0,0,0],[1,0,0],[0,1,0],[1,24,139]]
[[0,0,0],[1,0,0],[0,1,0],[2,27,139]]
[[0,0,0],[1,0,0],[0,1,0],[17,39,139]]
[[0,0,0],[1,0,0],[0,1,0],[11,37,139]]
[[0,0,0],[1,0,0],[0,1,0],[4,13,139]]
[[0,0,0],[1,0,0],[0,1,0],[2,16,139]]
[[0,0,0],[1,0,0],[0,1,0],[5,20,139]]
[[0,0,0],[1,0,0],[0,1,0],[3,33,139]]
[[0,0,0],[1,0,0],[0,1,0],[8,48,139]]
[[0,0,0],[1,0,0],[0,1,0],[2,48,139]]
[[0,0,0],[1,0,0],[0,1,0],[7,14,139]]
[[0,0,0],[1,0,0],[0,1,0],[6,38,139]]
[[0,0,0],[1,0,0],[0,1,0],[44,48,139]]
[[0,0,0],[1,0,0],[0,1,0],[25,115,139]]
[[0,0,0],[1,0,0],[0,1,0],[5,34,139]]
[[0,0,0],[1,0,0],[0,1,0],[16,124,139]]
[[0,0,0],[1,0,0],[0,1,0],[61,80,139]]
[[0,0,0],[1,0,0],[0,1,0],[13,46,139]]
[[0,0,0],[1,0,0],[0,1,0],[8,22,139]]
[[0,0,0],[1,0,0],[0,1,0],[30,55,139]]
[[0,0,0],[1,0,0],[0,1,0],[9,41,139]]
[[0,0,0],[1,0,0],[0,1,0],[19,125,139]]
[[0,0,0],[1,0,0],[0,1,0],[9,131,139]]
[[0,0,0],[1,0,0],[0,1,0],[21,50,139]]
[[0,0,0],[1,0,0],[0,1,0],[6,20,139]]
[[0,0,0],[1,0,0],[0,1,0],[1,10,139]]
[[0,0,0],[1,0,0],[0,1,0],[10,53,139]]
[[0,0,0],[1,0,0],[0,1,0],[18,45,139]]
[[0,0,0],[1,0,0],[0,1,0],[4,55,139]]
[[0,0,0],[1,0,0],[0,1,0],[16,42,139]]
[[0,0,0],[1,0,0],[0,1,0],[10,16,139]]
[[0,0,0],[1,0,0],[0,1,0],[11,129,139]]
[[0,0,0],[1,0,0],[0,1,0],[9,52,139]]
[[0,0,0],[1,0,0],[0,1,0],[27,46,139]]
[[0,0,0],[1,0,0],[0,1,0],[7,16,139]]
[[0,0,0],[1,0,0],[0,1,0],[23,127,139]]
[[0,0,0],[1,0,0],[0,1,0],[2,53,139]]
[[0,0,0],[1,0,0],[0,1,0],[2,59,139]]
[[0,0,0],[1,0,0],[0,1,0],[1,19,139]]
[[0,0,0],[1,0,0],[0,1,0],[3,61,139]]
[[0,0,0],[1,0,0],[0,1,0],[4,6,139]]
[[0,0,0],[1,0,0],[0,1,0],[19,122,139]]
[[0,0,0],[1,0,0],[0,1,0],[8,36,139]]
[[0,0,0],[1,0,0],[0,1,0],[5,8,139]]
[[0,0,0],[1,0,0],[0,1,0],[13,51,139]]
[[0,0,0],[1,0,0],[0,1,0],[19,54,139]]
[[0,0,0],[1,0,0],[0,1,0],[15,37,139]]
[[0,0,0],[1,0,0],[0,1,0],[30,122,139]]
[[0,0,0],[1,0,0],[0,1,0],[3,62,139]]
[[0,0,0],[1,0,0],[0,1,0],[12,34,139]]
[[0,0,0],[1,0,0],[0,1,0],[11,19,139]]
[[0,0,0],[1,0,0],[0,1,0],[25,127,139]]
[[0,0,0],[1,0,0],[0,1,0],[19,26,139]]
[[0,0,0],[1,0,0],[0,1,0],[5,21,139]]
[[0,0,0],[1,0,0],[0,1,0],[19,22,139]]
[[0,0,0],[1,0,0],[0,1,0],[16,62,139]]
[[0,0,0],[1,0,0],[0,1,0],[2,58,139]]
[[0,0,0],[1,0,0],[0,1,0],[12,39,139]]
[[0,0,0],[1,0,0],[0,1,0],[13,41,139]]
[[0,0,0],[1,0,0],[0,1,0],[10,50,139]]
[[0,0,0],[1,0,0],[0,1,0],[4,34,139]]
[[0,0,0],[1,0,0],[0,1,0],[17,123,139]]
[[0,0,0],[1,0,0],[0,1,0],[4,16,139]]
[[0,0,0],[1,0,0],[0,1,0],[9,135,139]]
[[0,0,0],[1,0,0],[0,1,0],[9,32,139]]
[[0,0,0],[1,0,0],[0,1,0],[10,33,139]]
[[0,0,0],[1,0,0],[0,1,0],[24,56,139]]
[[0,0,0],[1,0,0],[0,1,0],[23,55,139]]
[[0,0,0],[1,0,0],[0,1,0],[36,105,139]]
[[0,0,0],[1,0,0],[0,1,0],[3,29,139]]
[[0,0,0],[1,0,0],[0,1,0],[6,34,139]]
[[0,0,0],[1,0,0],[0,1,0],[1,47,139]]
[[0,0,0],[1,0,0],[0,1,0],[19,59,139]]
[[0,0,0],[1,0,0],[0,1,0],[15,50,139]]
[[0,0,0],[1,0,0],[0,1,0],[7,34,139]]
[[0,0,0],[1,0,0],[0,1,0],[25,33,139]]
[[0,0,0],[1,0,0],[0,1,0],[23,120,139]]
[[0,0,0],[1,0,0],[0,1,0],[19,121,139]]
[[0,0,0],[1,0,0],[0,1,0],[9,27,139]]
[[0,0,0],[1,0,0],[0,1,0],[15,24,139]]
[[0,0,0],[1,0,0],[0,1,0],[16,130,139]]
[[0,0,0],[1,0,0],[0,1,0],[15,48,139]]
[[0,0,0],[1,0,0],[0,1,0],[4,58,139]]
[[0,0,0],[1,0,0],[0,1,0],[4,28,139]]
[[0,0,0],[1,0,0],[0,1,0],[9,60,139]]
[[0,0,0],[1,0,0],[0,1,0],[8,132,139]]
[[0,0,0],[1,0,0],[0,1,0],[1,30,139]]
[[0,0,0],[1,0,0],[0,1,0],[44,101,139]]
[[0,0,0],[1,0,0],[0,1,0],[8,13,139]]
[[0,0,0],[1,0,0],[0,1,0],[43,101,139]]
[[0,0,0],[1,0,0],[0,1,0],[7,26,139]]
[[0,0,0],[1,0,0],[0,1,0],[8,51,139]]
[[0,0,0],[1,0,0],[0,1,0],[12,36,139]]
[[0,0,0],[1,0,0],[0,1,0],[12,48,139]]
[[0,0,0],[1,0,0],[0,1,0],[2,64,139]]
[[0,0,0],[1,0,0],[0,1,0],[27,50,139]]
[[0,0,0],[1,0,0],[0,1,0],[19,49,139]]
[[0,0,0],[1,0,0],[0,1,0],[7,45,139]]
[[0,0,0],[1,0,0],[0,1,0],[2,13,139]]
[[0,0,0],[1,0,0],[0,1,0],[8,46,139]]
[[0,0,0],[1,0,0],[0,1,0],[26,117,139]]
[[0,0,0],[1,0,0],[0,1,0],[1,2,139]]
[[0,0,0],[1,0,0],[0,1,0],[24,24,139]]
[[0,0,0],[1,0,0],[0,1,0],[3,18,139]]
[[0,0,0],[1,0,0],[0,1,0],[8,24,139]]
[[0,0,0],[1,0,0],[0,1,0],[0,1,139]]
[[0,0,0],[1,0,0],[0,1,0],[7,56,139]]
[[0,0,0],[1,0,0],[0,1,0],[17,59,139]]
[[0,0,0],[1,0,0],[0,1,0],[11,11,139]]
[[0,0,0],[1,0,0],[0,1,0],[5,13,139]]
[[0,0,0],[1,0,0],[0,1,0],[26,47,139]]
[[0,0,0],[1,0,0],[0,1,0],[13,52,139]]
[[0,0,0],[1,0,0],[0,1,0],[50,110,139]]
[[0,0,0],[1,0,0],[0,1,0],[13,44,139]]
[[0,0,0],[1,0,0],[0,1,0],[9,25,139]]
[[0,0,0],[1,0,0],[0,1,0],[3,31,139]]
[[0,0,0],[1,0,0],[0,1,0],[3,9,139]]
[[0,0,0],[1,0,0],[0,1,0],[2,30,139]]
[[0,0,0],[1,0,0],[0,1,0],[10,12,139]]
[[0,0,0],[1,0,0],[0,1,0],[6,55,139]]
[[0,0,0],[1,0,0],[0,1,0],[2,39,139]]
[[0,0,0],[1,0,0],[0,1,0],[7,60,139]]
[[0,0,0],[1,0,0],[0,1,0],[1,6,139]]
[[0,0,0],[1,0,0],[0,1,0],[18,27,139]]
[[0,0,0],[1,0,0],[0,1,0],[16,44,139]]
[[0,0,0],[1,0,0],[0,1,0],[15,54,139]]
[[0,0,0],[1,0,0],[0,1,0],[24,125,139]]
[[0,0,0],[1,0,0],[0,1,0],[2,18,139]]
[[0,0,0],[1,0,0],[0,1,0],[8,29,139]]
[[0,0,0],[1,0,0],[0,1,0],[5,53,139]]
[[0,0,0],[1,0,0],[0,1,0],[6,54,139]]
[[0,0,0],[1,0,0],[0,1,0],[6,12,139]]
[[0,0,0],[1,0,0],[0,1,0],[16,23,139]]
[[0,0,0],[1,0,0],[0,1,0],[17,24,139]]
[[0,0,0],[1,0,0],[0,1,0],[1,62,139]]
[[0,0,0],[1,0,0],[0,1,0],[15,21,139]]
[[0,0,0],[1,0,0],[0,1,0],[3,14,139]]
[[0,0,0],[1,0,0],[0,1,0],[10,133,139]]
[[0,0,0],[1,0,0],[0,1,0],[44,106,139]]
[[0,0,0],[1,0,0],[0,1,0],[8,50,139]]
[[0,0,0],[1,0,0],[0,1,0],[40,40,139]]
[[0,0,0],[1,0,0],[0,1,0],[5,18,139]]
[[0,0,0],[1,0,0],[0,1,0],[8,66,139]]
[[0,0,0],[1,0,0],[0,1,0],[9,30,139]]
[[0,0,0],[1,0,0],[0,1,0],[47,94,139]]
[[0,0,0],[1,0,0],[0,1,0],[4,39,139]]
[[0,0,0],[1,0,0],[0,1,0],[6,39,139]]
[[0,0,0],[1,0,0],[0,1,0],[18,30,139]]
[[0,0,0],[1,0,0],[0,1,0],[13,17,139]]
[[0,0,0],[1,0,0],[0,1,0],[13,130,139]]
[[0,0,0],[1,0,0],[0,1,0],[16,55,139]]
