[[0,0,0],[1,0,0],[0,1,0],[2,1,14]]
[[0,0,0],[1,0,0],[0,1,0],[8,13,14]]
[[0,0,0],[1,0,0],[0,1,0],[10,5,14]]
[[0,0,0],[1,0,0],[0,1,0],[2,3,14]]
[[0,0,0],[1,0,0],[0,1,0],[7,1,14]]
[[0,0,0],[1,0,0],[0,1,0],[3,3,14]]
[[0,0,0],[1,0,0],[0,1,0],[2,13,14]]
[[0,0,0],[1,0,0],[0,1,0],[2,9,14]]
[[0,0,0],[1,0,0],[0,1,0],[0,1,14]]
[[0,0,0],[1,0,0],[0,1,0],[3,13,14]]
[[0,0,0],[1,0,0],[0,1,0],[4,4,14]]
[[0,0,0],[1,0,0],[0,1,0],[6,3,14]]
[[0,0,0],[1,0,0],[0,1,0],[2,11,14]]
[[0,0,0],[1,0,0],[0,1,0],[8,9,14]]
[[0,0,0],[1,0,0],[0,1,0],[6,13,14]]
[[0,0,0],[1,0,0],[0,1,0],[6,1,14]]
[[0,0,0],[1,0,0],[0,1,0],[2,6,14]]
[[0,0,0],[1,0,0],[0,1,0],[2,5,14]]
[[0,0,0],[2,0,0],[0,1,0],[0,1,7]]
[[0,0,0],[1,0,0],[0,1,0],[4,13,14]]
[[0,0,0],[1,0,0],[0,1,0],[4,1,14]]
[[0,0,0],[1,0,0],[0,1,0],[4,11,14]]
[[0,0,0],[1,0,0],[0,1,0],[3,5,14]]
[[0,0,0],[1,0,0],[0,1,0],[10,12,14]]
[[0,0,0],[1,0,0],[0,1,0],[9,13,14]]
[[0,0,0],[1,0,0],[0,1,0],[7,8,14]]
[[0,0,0],[1,0,0],[0,1,0],[1,3,14]]
[[0,0,0],[1,0,0],[0,1,0],[1,1,14]]
