[[0,0,0],[1,0,0],[0,1,0],[15,70,141]]
[[0,0,0],[1,0,0],[0,1,0],[2,8,141]]
[[0,0,0],[1,0,0],[0,1,0],[30,1,141]]
[[0,0,0],[1,0,0],[0,1,0],[59,140,141]]
[[0,0,0],[1,0,0],[0,1,0],[23,38,141]]
[[0,0,0],[1,0,0],[0,1,0],[19,37,141]]
[[0,0,0],[1,0,0],[0,1,0],[33,127,141]]
[[0,0,0],[1,0,0],[0,1,0],[35,86,141]]
[[0,0,0],[1,0,0],[0,1,0],[8,104,141]]
[[0,0,0],[1,0,0],[0,1,0],[26,95,141]]
[[0,0,0],[1,0,0],[0,1,0],[17,55,141]]
[[0,0,0],[1,0,0],[0,1,0],[3,49,141]]
[[0,0,0],[1,0,0],[0,1,0],[32,35,141]]
[[0,0,0],[1,0,0],[0,1,0],[32,62,141]]
[[0,0,0],[1,0,0],[0,1,0],[17,41,141]]
[[0,0,0],[1,0,0],[0,1,0],[27,52,141]]
[[0,0,0],[1,0,0],[0,1,0],[5,25,141]]
[[0,0,0],[1,0,0],[0,1,0],[60,130,141]]
[[0,0,0],[1,0,0],[0,1,0],[14,23,141]]
[[0,0,0],[1,0,0],[0,1,0],[11,55,141]]
[[0,0,0],[1,0,0],[0,1,0],[17,119,141]]
[[0,0,0],[1,0,0],[0,1,0],[7,23,141]]
[[0,0,0],[1,0,0],[0,1,0],[9,16,141]]
[[0,0,0],[1,0,0],[0,1,0],[30,7,141]]
[[0,0,0],[1,0,0],[0,1,0],[17,74,141]]
[[0,0,0],[1,0,0],[0,1,0],[7,88,141]]
[[0,0,0],[1,0,0],[0,1,0],[13,20,141]]
[[0,0,0],[1,0,0],[0,1,0],[27,58,141]]
[[0,0,0],[1,0,0],[0,1,0],[31,124,141]]
[[0,0,0],[1,0,0],[0,1,0],[6,52,141]]
[[0,0,0],[1,0,0],[0,1,0],[8,86,141]]
[[0,0,0],[1,0,0],[0,1,0],[14,59,141]]
[[0,0,0],[1,0,0],[0,1,0],[18,25,141]]
[[0,0,0],[1,0,0],[0,1,0],[35,59,141]]
[[0,0,0],[1,0,0],[0,1,0],[12,106,141]]
[[0,0,0],[1,0,0],[0,1,0],[20,37,141]]
[[0,0,0],[1,0,0],[0,1,0],[60,7,141]]
[[0,0,0],[1,0,0],[0,1,0],[21,16,141]]
[[0,0,0],[1,0,0],[0,1,0],[11,35,141]]
[[0,0,0],[1,0,0],[0,1,0],[55,89,141]]
[[0,0,0],[1,0,0],[0,1,0],[5,46,141]]
[[0,0,0],[1,0,0],[0,1,0],[22,22,141]]
[[0,0,0],[1,0,0],[0,1,0],[3,106,141]]
[[0,0,0],[1,0,0],[0,1,0],[7,137,141]]
[[0,0,0],[1,0,0],[0,1,0],[42,31,141]]
[[0,0,0],[1,0,0],[0,1,0],[33,133,141]]
[[0,0,0],[1,0,0],[0,1,0],[4,56,141]]
[[0,0,0],[1,0,0],[0,1,0],[12,1,141]]
[[0,0,0],[1,0,0],[0,1,0],[13,22,141]]
[[0,0,0],[1,0,0],[0,1,0],[13,38,141]]
[[0,0,0],[1,0,0],[0,1,0],[59,65,141]]
[[0,0,0],[1,0,0],[0,1,0],[99,67,141]]
[[0,0,0],[1,0,0],[0,1,0],[5,128,141]]
[[0,0,0],[1,0,0],[0,1,0],[37,58,141]]
[[0,0,0],[1,0,0],[0,1,0],[2,11,141]]
[[0,0,0],[1,0,0],[0,1,0],[14,98,141]]
[[0,0,0],[1,0,0],[0,1,0],[1,37,141]]
[[0,0,0],[1,0,0],[0,1,0],[20,23,141]]
[[0,0,0],[1,0,0],[0,1,0],[23,68,141]]
[[0,0,0],[1,0,0],[0,1,0],[50,62,141]]
[[0,0,0],[1,0,0],[0,1,0],[96,67,141]]
[[0,0,0],[1,0,0],[0,1,0],[48,4,141]]
[[0,0,0],[1,0,0],[0,1,0],[9,76,141]]
[[0,0,0],[1,0,0],[0,1,0],[111,61,141]]
[[0,0,0],[1,0,0],[0,1,0],[21,19,141]]
[[0,0,0],[1,0,0],[0,1,0],[1,26,141]]
[[0,0,0],[1,0,0],[0,1,0],[2,20,141]]
[[0,0,0],[1,0,0],[0,1,0],[36,58,141]]
[[0,0,0],[1,0,0],[0,1,0],[7,35,141]]
[[0,0,0],[1,0,0],[0,1,0],[10,44,141]]
[[0,0,0],[1,0,0],[0,1,0],[17,80,141]]
[[0,0,0],[1,0,0],[0,1,0],[22,50,141]]
[[0,0,0],[1,0,0],[0,1,0],[12,97,141]]
[[0,0,0],[1,0,0],[0,1,0],[2,2,141]]
[[0,0,0],[1,0,0],[0,1,0],[12,130,141]]
[[0,0,0],[1,0,0],[0,1,0],[11,68,141]]
[[0,0,0],[1,0,0],[0,1,0],[1,56,141]]
[[0,0,0],[1,0,0],[0,1,0],[2,70,141]]
[[0,0,0],[1,0,0],[0,1,0],[23,122,141]]
[[0,0,0],[1,0,0],[0,1,0],[3,43,141]]
[[0,0,0],[1,0,0],[0,1,0],[21,7,141]]
[[0,0,0],[1,0,0],[0,1,0],[8,95,141]]
[[0,0,0],[1,0,0],[0,1,0],[60,13,141]]
[[0,0,0],[1,0,0],[0,1,0],[51,1,141]]
[[0,0,0],[1,0,0],[0,1,0],[21,91,141]]
[[0,0,0],[1,0,0],[0,1,0],[32,41,141]]
[[0,0,0],[1,0,0],[0,1,0],[20,20,141]]
[[0,0,0],[1,0,0],[0,1,0],[18,4,141]]
[[0,0,0],[1,0,0],[0,1,0],[8,56,141]]
[[0,0,0],[1,0,0],[0,1,0],[12,46,141]]
[[0,0,0],[1,0,0],[0,1,0],[1,46,141]]
[[0,0,0],[1,0,0],[0,1,0],[12,88,141]]
[[0,0,0],[1,0,0],[0,1,0],[14,32,141]]
[[0,0,0],[1,0,0],[0,1,0],[7,32,141]]
[[0,0,0],[1,0,0],[0,1,0],[36,31,141]]
[[0,0,0],[1,0,0],[0,1,0],[8,17,141]]
[[0,0,0],[1,0,0],[0,1,0],[21,70,141]]
[[0,0,0],[1,0,0],[0,1,0],[78,67,141]]
[[0,0,0],[1,0,0],[0,1,0],[96,79,141]]
[[0,0,0],[1,0,0],[0,1,0],[3,52,141]]
[[0,0,0],[1,0,0],[0,1,0],[19,29,141]]
[[0,0,0],[1,0,0],[0,1,0],[2,68,141]]
[[0,0,0],[1,0,0],[0,1,0],[51,4,141]]
[[0,0,0],[1,0,0],[0,1,0],[51,13,141]]
[[0,0,0],[1,0,0],[0,1,0],[2,28,141]]
[[0,0,0],[1,0,0],[0,1,0],[3,28,141]]
[[0,0,0],[1,0,0],[0,1,0],[7,11,141]]
[[0,0,0],[1,0,0],[0,1,0],[29,101,141]]
[[0,0,0],[1,0,0],[0,1,0],[5,50,141]]
[[0,0,0],[1,0,0],[0,1,0],[9,82,141]]
[[0,0,0],[1,0,0],[0,1,0],[94,48,141]]
[[0,0,0],[1,0,0],[0,1,0],[23,86,141]]
[[0,0,0],[1,0,0],[0,1,0],[15,43,141]]
[[0,0,0],[1,0,0],[0,1,0],[24,22,141]]
[[0,0,0],[1,0,0],[0,1,0],[23,119,141]]
[[0,0,0],[1,0,0],[0,1,0],[2,22,141]]
[[0,0,0],[1,0,0],[0,1,0],[99,82,141]]
[[0,0,0],[1,0,0],[0,1,0],[11,95,141]]
[[0,0,0],[1,0,0],[0,1,0],[15,82,141]]
[[0,0,0],[1,0,0],[0,1,0],[35,128,141]]
[[0,0,0],[1,0,0],[0,1,0],[30,76,141]]
[[0,0,0],[1,0,0],[0,1,0],[2,38,141]]
[[0,0,0],[1,0,0],[0,1,0],[29,29,141]]
[[0,0,0],[1,0,0],[0,1,0],[2,122,141]]
[[0,0,0],[1,0,0],[0,1,0],[6,106,141]]
[[0,0,0],[1,0,0],[0,1,0],[27,55,141]]
[[0,0,0],[1,0,0],[0,1,0],[12,10,141]]
[[0,0,0],[1,0,0],[0,1,0],[6,1,141]]
[[0,0,0],[1,0,0],[0,1,0],[18,77,141]]
[[0,0,0],[1,0,0],[0,1,0],[2,56,141]]
[[0,0,0],[1,0,0],[0,1,0],[20,49,141]]
[[0,0,0],[1,0,0],[0,1,0],[29,65,141]]
[[0,0,0],[1,0,0],[0,1,0],[13,34,141]]
[[0,0,0],[1,0,0],[0,1,0],[45,28,141]]
[[0,0,0],[1,0,0],[0,1,0],[36,13,141]]
[[0,0,0],[1,0,0],[0,1,0],[20,56,141]]
[[0,0,0],[1,0,0],[0,1,0],[57,16,141]]
[[0,0,0],[1,0,0],[0,1,0],[14,17,141]]
[[0,0,0],[1,0,0],[0,1,0],[5,49,141]]
[[0,0,0],[1,0,0],[0,1,0],[51,103,141]]
[[0,0,0],[1,0,0],[0,1,0],[12,22,141]]
[[0,0,0],[1,0,0],[0,1,0],[6,13,141]]
[[0,0,0],[1,0,0],[0,1,0],[8,32,141]]
[[0,0,0],[1,0,0],[0,1,0],[7,17,141]]
[[0,0,0],[1,0,0],[0,1,0],[80,80,141]]
[[0,0,0],[1,0,0],[0,1,0],[5,32,141]]
[[0,0,0],[1,0,0],[0,1,0],[2,61,141]]
[[0,0,0],[1,0,0],[0,1,0],[3,64,141]]
[[0,0,0],[1,0,0],[0,1,0],[29,44,141]]
[[0,0,0],[1,0,0],[0,1,0],[4,31,141]]
[[0,0,0],[1,0,0],[0,1,0],[11,83,141]]
[[0,0,0],[1,0,0],[0,1,0],[18,34,141]]
[[0,0,0],[1,0,0],[0,1,0],[75,114,141]]
[[0,0,0],[1,0,0],[0,1,0],[20,110,141]]
[[0,0,0],[1,0,0],[0,1,0],[14,116,141]]
[[0,0,0],[1,0,0],[0,1,0],[41,89,141]]
[[0,0,0],[1,0,0],[0,1,0],[25,70,141]]
[[0,0,0],[1,0,0],[0,1,0],[36,106,141]]
[[0,0,0],[1,0,0],[0,1,0],[4,62,141]]
[[0,0,0],[1,0,0],[0,1,0],[7,52,141]]
[[0,0,0],[1,0,0],[0,1,0],[16,40,141]]
[[0,0,0],[1,0,0],[0,1,0],[10,40,141]]
[[0,0,0],[1,0,0],[0,1,0],[24,67,141]]
[[0,0,0],[1,0,0],[0,1,0],[108,46,141]]
[[0,0,0],[1,0,0],[0,1,0],[5,22,141]]
[[0,0,0],[1,0,0],[0,1,0],[4,14,141]]
[[0,0,0],[1,0,0],[0,1,0],[63,82,141]]
[[0,0,0],[1,0,0],[0,1,0],[20,86,141]]
[[0,0,0],[1,0,0],[0,1,0],[6,70,141]]
[[0,0,0],[1,0,0],[0,1,0],[7,65,141]]
[[0,0,0],[1,0,0],[0,1,0],[33,109,141]]
[[0,0,0],[1,0,0],[0,1,0],[35,124,141]]
[[0,0,0],[1,0,0],[0,1,0],[62,140,141]]
[[0,0,0],[1,0,0],[0,1,0],[10,17,141]]
[[0,0,0],[1,0,0],[0,1,0],[27,79,141]]
[[0,0,0],[1,0,0],[0,1,0],[5,5,141]]
[[0,0,0],[1,0,0],[0,1,0],[35,44,141]]
[[0,0,0],[1,0,0],[0,1,0],[30,82,141]]
[[0,0,0],[1,0,0],[0,1,0],[3,85,141]]
[[0,0,0],[1,0,0],[0,1,0],[15,4,141]]
[[0,0,0],[1,0,0],[0,1,0],[7,50,141]]
[[0,0,0],[1,0,0],[0,1,0],[20,74,141]]
[[0,0,0],[1,0,0],[0,1,0],[5,52,141]]
[[0,0,0],[1,0,0],[0,1,0],[21,58,141]]
[[0,0,0],[1,0,0],[0,1,0],[48,22,141]]
[[0,0,0],[1,0,0],[0,1,0],[9,13,141]]
[[0,0,0],[1,0,0],[0,1,0],[9,133,141]]
[[0,0,0],[1,0,0],[0,1,0],[95,95,141]]
[[0,0,0],[1,0,0],[0,1,0],[21,37,141]]
[[0,0,0],[1,0,0],[0,1,0],[35,116,141]]
[[0,0,0],[1,0,0],[0,1,0],[55,95,141]]
[[0,0,0],[1,0,0],[0,1,0],[81,61,141]]
[[0,0,0],[1,0,0],[0,1,0],[12,133,141]]
[[0,0,0],[1,0,0],[0,1,0],[39,133,141]]
[[0,0,0],[1,0,0],[0,1,0],[57,127,141]]
[[0,0,0],[1,0,0],[0,1,0],[36,4,141]]
[[0,0,0],[1,0,0],[0,1,0],[42,103,141]]
[[0,0,0],[1,0,0],[0,1,0],[45,133,141]]
[[0,0,0],[1,0,0],[0,1,0],[36,112,141]]
[[0,0,0],[1,0,0],[0,1,0],[21,43,141]]
[[0,0,0],[1,0,0],[0,1,0],[2,35,141]]
[[0,0,0],[1,0,0],[0,1,0],[30,112,141]]
[[0,0,0],[1,0,0],[0,1,0],[16,34,141]]
[[0,0,0],[1,0,0],[0,1,0],[29,55,141]]
[[0,0,0],[1,0,0],[0,1,0],[21,1,141]]
[[0,0,0],[1,0,0],[0,1,0],[15,64,141]]
[[0,0,0],[1,0,0],[0,1,0],[25,31,141]]
[[0,0,0],[1,0,0],[0,1,0],[11,22,141]]
[[0,0,0],[1,0,0],[0,1,0],[5,92,141]]
[[0,0,0],[1,0,0],[0,1,0],[35,122,141]]
[[0,0,0],[1,0,0],[0,1,0],[7,136,141]]
[[0,0,0],[1,0,0],[0,1,0],[10,29,141]]
[[0,0,0],[1,0,0],[0,1,0],[8,53,141]]
[[0,0,0],[1,0,0],[0,1,0],[12,58,141]]
[[0,0,0],[1,0,0],[0,1,0],[36,133,141]]
[[0,0,0],[1,0,0],[0,1,0],[7,28,141]]
[[0,0,0],[1,0,0],[0,1,0],[4,35,141]]
[[0,0,0],[1,0,0],[0,1,0],[12,61,141]]
[[0,0,0],[1,0,0],[0,1,0],[23,116,141]]
[[0,0,0],[1,0,0],[0,1,0],[12,103,141]]
[[0,0,0],[1,0,0],[0,1,0],[35,50,141]]
[[0,0,0],[1,0,0],[0,1,0],[60,22,141]]
[[0,0,0],[1,0,0],[0,1,0],[57,10,141]]
[[0,0,0],[1,0,0],[0,1,0],[24,4,141]]
[[0,0,0],[1,0,0],[0,1,0],[2,67,141]]
[[0,0,0],[1,0,0],[0,1,0],[10,43,141]]
[[0,0,0],[1,0,0],[0,1,0],[25,118,141]]
[[0,0,0],[1,0,0],[0,1,0],[9,112,141]]
[[0,0,0],[1,0,0],[0,1,0],[6,10,141]]
[[0,0,0],[1,0,0],[0,1,0],[35,101,141]]
[[0,0,0],[1,0,0],[0,1,0],[66,124,141]]
[[0,0,0],[1,0,0],[0,1,0],[5,137,141]]
[[0,0,0],[1,0,0],[0,1,0],[59,74,141]]
[[0,0,0],[1,0,0],[0,1,0],[5,41,141]]
[[0,0,0],[1,0,0],[0,1,0],[16,35,141]]
[[0,0,0],[1,0,0],[0,1,0],[2,125,141]]
[[0,0,0],[1,0,0],[0,1,0],[9,49,141]]
[[0,0,0],[1,0,0],[0,1,0],[2,77,141]]
[[0,0,0],[1,0,0],[0,1,0],[7,20,141]]
[[0,0,0],[1,0,0],[0,1,0],[14,86,141]]
[[0,0,0],[1,0,0],[0,1,0],[14,44,141]]
[[0,0,0],[1,0,0],[0,1,0],[12,85,141]]
[[0,0,0],[1,0,0],[0,1,0],[32,104,141]]
[[0,0,0],[1,0,0],[0,1,0],[2,49,141]]
[[0,0,0],[1,0,0],[0,1,0],[7,44,141]]
[[0,0,0],[1,0,0],[0,1,0],[9,106,141]]
[[0,0,0],[1,0,0],[0,1,0],[20,28,141]]
[[0,0,0],[1,0,0],[0,1,0],[12,52,141]]
[[0,0,0],[1,0,0],[0,1,0],[11,110,141]]
[[0,0,0],[1,0,0],[0,1,0],[24,64,141]]
[[0,0,0],[1,0,0],[0,1,0],[22,59,141]]
[[0,0,0],[1,0,0],[0,1,0],[30,73,141]]
[[0,0,0],[1,0,0],[0,1,0],[66,115,141]]
[[0,0,0],[1,0,0],[0,1,0],[5,98,141]]
[[0,0,0],[1,0,0],[0,1,0],[24,85,141]]
[[0,0,0],[1,0,0],[0,1,0],[51,127,141]]
[[0,0,0],[1,0,0],[0,1,0],[42,43,141]]
[[0,0,0],[1,0,0],[0,1,0],[84,105,141]]
[[0,0,0],[1,0,0],[0,1,0],[29,86,141]]
[[0,0,0],[1,0,0],[0,1,0],[24,40,141]]
[[0,0,0],[1,0,0],[0,1,0],[14,58,141]]
[[0,0,0],[1,0,0],[0,1,0],[42,109,141]]
[[0,0,0],[1,0,0],[0,1,0],[14,41,141]]
[[0,0,0],[1,0,0],[0,1,0],[24,10,141]]
[[0,0,0],[1,0,0],[0,1,0],[3,88,141]]
[[0,0,0],[1,0,0],[0,1,0],[5,74,141]]
[[0,0,0],[1,0,0],[0,1,0],[15,73,141]]
[[0,0,0],[1,0,0],[0,1,0],[3,70,141]]
[[0,0,0],[1,0,0],[0,1,0],[30,13,141]]
[[0,0,0],[1,0,0],[0,1,0],[31,112,141]]
[[0,0,0],[1,0,0],[0,1,0],[20,35,141]]
[[0,0,0],[1,0,0],[0,1,0],[5,55,141]]
[[0,0,0],[1,0,0],[0,1,0],[33,34,141]]
[[0,0,0],[1,0,0],[0,1,0],[19,43,141]]
[[0,0,0],[1,0,0],[0,1,0],[51,138,141]]
[[0,0,0],[1,0,0],[0,1,0],[51,22,141]]
[[0,0,0],[1,0,0],[0,1,0],[50,140,141]]
[[0,0,0],[1,0,0],[0,1,0],[14,122,141]]
[[0,0,0],[1,0,0],[0,1,0],[42,52,141]]
[[0,0,0],[1,0,0],[0,1,0],[42,34,141]]
[[0,0,0],[1,0,0],[0,1,0],[6,58,141]]
[[0,0,0],[1,0,0],[0,1,0],[27,49,141]]
[[0,0,0],[1,0,0],[0,1,0],[29,80,141]]
[[0,0,0],[1,0,0],[0,1,0],[5,29,141]]
[[0,0,0],[1,0,0],[0,1,0],[14,20,141]]
[[0,0,0],[1,0,0],[0,1,0],[33,31,141]]
[[0,0,0],[1,0,0],[0,1,0],[3,127,141]]
[[0,0,0],[1,0,0],[0,1,0],[18,127,141]]
[[0,0,0],[1,0,0],[0,1,0],[4,50,141]]
[[0,0,0],[1,0,0],[0,1,0],[24,118,141]]
[[0,0,0],[1,0,0],[0,1,0],[10,85,141]]
[[0,0,0],[1,0,0],[0,1,0],[5,113,141]]
[[0,0,0],[1,0,0],[0,1,0],[5,83,141]]
[[0,0,0],[1,0,0],[0,1,0],[33,76,141]]
[[0,0,0],[1,0,0],[0,1,0],[17,25,141]]
[[0,0,0],[1,0,0],[0,1,0],[1,25,141]]
[[0,0,0],[1,0,0],[0,1,0],[3,45,141]]
[[0,0,0],[1,0,0],[0,1,0],[8,98,141]]
[[0,0,0],[1,0,0],[0,1,0],[21,34,141]]
[[0,0,0],[1,0,0],[0,1,0],[27,10,141]]
[[0,0,0],[1,0,0],[0,1,0],[8,23,141]]
[[0,0,0],[1,0,0],[0,1,0],[3,97,141]]
[[0,0,0],[1,0,0],[0,1,0],[2,52,141]]
[[0,0,0],[1,0,0],[0,1,0],[62,62,141]]
[[0,0,0],[1,0,0],[0,1,0],[19,55,141]]
[[0,0,0],[1,0,0],[0,1,0],[45,109,141]]
[[0,0,0],[1,0,0],[0,1,0],[5,122,141]]
[[0,0,0],[1,0,0],[0,1,0],[18,70,141]]
[[0,0,0],[1,0,0],[0,1,0],[30,64,141]]
[[0,0,0],[1,0,0],[0,1,0],[18,103,141]]
[[0,0,0],[1,0,0],[0,1,0],[32,80,141]]
[[0,0,0],[1,0,0],[0,1,0],[66,76,141]]
[[0,0,0],[1,0,0],[0,1,0],[4,23,141]]
[[0,0,0],[1,0,0],[0,1,0],[15,67,141]]
[[0,0,0],[1,0,0],[0,1,0],[18,97,141]]
[[0,0,0],[1,0,0],[0,1,0],[17,68,141]]
[[0,0,0],[1,0,0],[0,1,0],[18,85,141]]
[[0,0,0],[1,0,0],[0,1,0],[99,46,141]]
[[0,0,0],[1,0,0],[0,1,0],[6,91,141]]
[[0,0,0],[1,0,0],[0,1,0],[111,46,141]]
[[0,0,0],[1,0,0],[0,1,0],[36,49,141]]
[[0,0,0],[1,0,0],[0,1,0],[4,52,141]]
[[0,0,0],[1,0,0],[0,1,0],[36,1,141]]
[[0,0,0],[1,0,0],[0,1,0],[2,98,141]]
[[0,0,0],[1,0,0],[0,1,0],[51,136,141]]
[[0,0,0],[1,0,0],[0,1,0],[18,130,141]]
[[0,0,0],[1,0,0],[0,1,0],[81,121,141]]
[[0,0,0],[1,0,0],[0,1,0],[24,16,141]]
[[0,0,0],[1,0,0],[0,1,0],[3,103,141]]
[[0,0,0],[1,0,0],[0,1,0],[15,88,141]]
[[0,0,0],[1,0,0],[0,1,0],[2,116,141]]
[[0,0,0],[1,0,0],[0,1,0],[33,52,141]]
[[0,0,0],[1,0,0],[0,1,0],[36,10,141]]
[[0,0,0],[1,0,0],[0,1,0],[27,67,141]]
[[0,0,0],[1,0,0],[0,1,0],[44,50,141]]
[[0,0,0],[1,0,0],[0,1,0],[9,39,141]]
[[0,0,0],[1,0,0],[0,1,0],[15,19,141]]
[[0,0,0],[1,0,0],[0,1,0],[12,67,141]]
[[0,0,0],[1,0,0],[0,1,0],[2,62,141]]
[[0,0,0],[1,0,0],[0,1,0],[10,22,141]]
[[0,0,0],[1,0,0],[0,1,0],[9,43,141]]
[[0,0,0],[1,0,0],[0,1,0],[49,140,141]]
[[0,0,0],[1,0,0],[0,1,0],[19,41,141]]
[[0,0,0],[1,0,0],[0,1,0],[26,62,141]]
[[0,0,0],[1,0,0],[0,1,0],[6,124,141]]
[[0,0,0],[1,0,0],[0,1,0],[66,10,141]]
[[0,0,0],[1,0,0],[0,1,0],[51,139,141]]
[[0,0,0],[1,0,0],[0,1,0],[66,29,141]]
[[0,0,0],[1,0,0],[0,1,0],[29,89,141]]
[[0,0,0],[1,0,0],[0,1,0],[27,73,141]]
[[0,0,0],[1,0,0],[0,1,0],[30,65,141]]
[[0,0,0],[1,0,0],[0,1,0],[60,129,141]]
[[0,0,0],[1,0,0],[0,1,0],[7,41,141]]
[[0,0,0],[1,0,0],[0,1,0],[48,103,141]]
[[0,0,0],[1,0,0],[0,1,0],[11,136,141]]
[[0,0,0],[1,0,0],[0,1,0],[45,1,141]]
[[0,0,0],[1,0,0],[0,1,0],[59,104,141]]
[[0,0,0],[1,0,0],[0,1,0],[3,13,141]]
[[0,0,0],[1,0,0],[0,1,0],[42,53,141]]
[[0,0,0],[1,0,0],[0,1,0],[17,32,141]]
[[0,0,0],[1,0,0],[0,1,0],[14,40,141]]
[[0,0,0],[1,0,0],[0,1,0],[81,14,141]]
[[0,0,0],[1,0,0],[0,1,0],[21,46,141]]
[[0,0,0],[1,0,0],[0,1,0],[63,139,141]]
[[0,0,0],[1,0,0],[0,1,0],[22,25,141]]
[[0,0,0],[1,0,0],[0,1,0],[75,100,141]]
[[0,0,0],[1,0,0],[0,1,0],[14,16,141]]
[[0,0,0],[1,0,0],[0,1,0],[8,55,141]]
[[0,0,0],[1,0,0],[0,1,0],[2,32,141]]
[[0,0,0],[1,0,0],[0,1,0],[63,126,141]]
[[0,0,0],[1,0,0],[0,1,0],[12,70,141]]
[[0,0,0],[1,0,0],[0,1,0],[63,4,141]]
[[0,0,0],[1,0,0],[0,1,0],[4,29,141]]
[[0,0,0],[1,0,0],[0,1,0],[13,29,141]]
[[0,0,0],[1,0,0],[0,1,0],[8,59,141]]
[[0,0,0],[1,0,0],[0,1,0],[89,89,141]]
[[0,0,0],[1,0,0],[0,1,0],[8,122,141]]
[[0,0,0],[1,0,0],[0,1,0],[23,56,141]]
[[0,0,0],[1,0,0],[0,1,0],[63,88,141]]
[[0,0,0],[1,0,0],[0,1,0],[29,98,141]]
[[0,0,0],[1,0,0],[0,1,0],[2,50,141]]
[[0,0,0],[1,0,0],[0,1,0],[74,115,141]]
[[0,0,0],[1,0,0],[0,1,0],[26,140,141]]
[[0,0,0],[1,0,0],[0,1,0],[75,118,141]]
[[0,0,0],[1,0,0],[0,1,0],[14,37,141]]
[[0,0,0],[1,0,0],[0,1,0],[42,115,141]]
[[0,0,0],[1,0,0],[0,1,0],[39,4,141]]
[[0,0,0],[1,0,0],[0,1,0],[14,137,141]]
[[0,0,0],[1,0,0],[0,1,0],[54,100,141]]
[[0,0,0],[1,0,0],[0,1,0],[2,31,141]]
[[0,0,0],[1,0,0],[0,1,0],[27,16,141]]
[[0,0,0],[1,0,0],[0,1,0],[10,14,141]]
[[0,0,0],[1,0,0],[0,1,0],[11,20,141]]
[[0,0,0],[1,0,0],[0,1,0],[35,98,141]]
[[0,0,0],[1,0,0],[0,1,0],[18,61,141]]
[[0,0,0],[1,0,0],[0,1,0],[15,97,141]]
[[0,0,0],[1,0,0],[0,1,0],[3,34,141]]
[[0,0,0],[1,0,0],[0,1,0],[3,58,141]]
[[0,0,0],[1,0,0],[0,1,0],[8,64,141]]
[[0,0,0],[1,0,0],[0,1,0],[63,103,141]]
[[0,0,0],[1,0,0],[0,1,0],[27,37,141]]
[[0,0,0],[1,0,0],[0,1,0],[1,41,141]]
[[0,0,0],[1,0,0],[0,1,0],[2,86,141]]
[[0,0,0],[1,0,0],[0,1,0],[8,35,141]]
[[0,0,0],[1,0,0],[0,1,0],[12,83,141]]
[[0,0,0],[1,0,0],[0,1,0],[20,50,141]]
[[0,0,0],[1,0,0],[0,1,0],[39,22,141]]
[[0,0,0],[1,0,0],[0,1,0],[13,19,141]]
[[0,0,0],[1,0,0],[0,1,0],[14,101,141]]
[[0,0,0],[1,0,0],[0,1,0],[2,44,141]]
[[0,0,0],[1,0,0],[0,1,0],[4,37,141]]
[[0,0,0],[1,0,0],[0,1,0],[26,110,141]]
[[0,0,0],[1,0,0],[0,1,0],[1,7,141]]
[[0,0,0],[1,0,0],[0,1,0],[51,16,141]]
[[0,0,0],[1,0,0],[0,1,0],[74,74,141]]
[[0,0,0],[1,0,0],[0,1,0],[13,55,141]]
[[0,0,0],[1,0,0],[0,1,0],[90,100,141]]
[[0,0,0],[1,0,0],[0,1,0],[5,28,141]]
[[0,0,0],[1,0,0],[0,1,0],[5,104,141]]
[[0,0,0],[1,0,0],[0,1,0],[6,136,141]]
[[0,0,0],[1,0,0],[0,1,0],[2,25,141]]
[[0,0,0],[1,0,0],[0,1,0],[8,68,141]]
[[0,0,0],[1,0,0],[0,1,0],[11,140,141]]
[[0,0,0],[1,0,0],[0,1,0],[51,40,141]]
[[0,0,0],[1,0,0],[0,1,0],[14,125,141]]
[[0,0,0],[1,0,0],[0,1,0],[20,92,141]]
[[0,0,0],[1,0,0],[0,1,0],[8,110,141]]
[[0,0,0],[1,0,0],[0,1,0],[6,121,141]]
[[0,0,0],[1,0,0],[0,1,0],[11,62,141]]
[[0,0,0],[1,0,0],[0,1,0],[2,74,141]]
[[0,0,0],[1,0,0],[0,1,0],[96,91,141]]
[[0,0,0],[1,0,0],[0,1,0],[3,133,141]]
[[0,0,0],[1,0,0],[0,1,0],[5,56,141]]
[[0,0,0],[1,0,0],[0,1,0],[17,89,141]]
[[0,0,0],[1,0,0],[0,1,0],[4,38,141]]
[[0,0,0],[1,0,0],[0,1,0],[114,46,141]]
[[0,0,0],[1,0,0],[0,1,0],[36,115,141]]
[[0,0,0],[1,0,0],[0,1,0],[22,29,141]]
[[0,0,0],[1,0,0],[0,1,0],[5,64,141]]
[[0,0,0],[1,0,0],[0,1,0],[36,46,141]]
[[0,0,0],[1,0,0],[0,1,0],[54,4,141]]
[[0,0,0],[1,0,0],[0,1,0],[29,59,141]]
[[0,0,0],[1,0,0],[0,1,0],[39,28,141]]
[[0,0,0],[1,0,0],[0,1,0],[1,16,141]]
[[0,0,0],[1,0,0],[0,1,0],[84,115,141]]
[[0,0,0],[3,0,0],[0,1,0],[0,1,47]]
[[0,0,0],[1,0,0],[0,1,0],[69,139,141]]
[[0,0,0],[1,0,0],[0,1,0],[9,46,141]]
[[0,0,0],[1,0,0],[0,1,0],[33,46,141]]
[[0,0,0],[1,0,0],[0,1,0],[26,35,141]]
[[0,0,0],[1,0,0],[0,1,0],[33,10,141]]
[[0,0,0],[1,0,0],[0,1,0],[3,124,141]]
[[0,0,0],[1,0,0],[0,1,0],[18,133,141]]
[[0,0,0],[1,0,0],[0,1,0],[22,73,141]]
[[0,0,0],[1,0,0],[0,1,0],[17,50,141]]
[[0,0,0],[1,0,0],[0,1,0],[15,100,141]]
[[0,0,0],[1,0,0],[0,1,0],[18,43,141]]
[[0,0,0],[1,0,0],[0,1,0],[20,98,141]]
[[0,0,0],[1,0,0],[0,1,0],[15,52,141]]
[[0,0,0],[1,0,0],[0,1,0],[5,77,141]]
[[0,0,0],[1,0,0],[0,1,0],[32,140,141]]
[[0,0,0],[1,0,0],[0,1,0],[20,95,141]]
[[0,0,0],[1,0,0],[0,1,0],[2,89,141]]
[[0,0,0],[1,0,0],[0,1,0],[8,43,141]]
[[0,0,0],[1,0,0],[0,1,0],[20,80,141]]
[[0,0,0],[1,0,0],[0,1,0],[66,133,141]]
[[0,0,0],[1,0,0],[0,1,0],[54,106,141]]
[[0,0,0],[1,0,0],[0,1,0],[69,91,141]]
[[0,0,0],[1,0,0],[0,1,0],[39,58,141]]
[[0,0,0],[1,0,0],[0,1,0],[27,25,141]]
[[0,0,0],[1,0,0],[0,1,0],[2,107,141]]
[[0,0,0],[1,0,0],[0,1,0],[15,85,141]]
[[0,0,0],[1,0,0],[0,1,0],[5,139,141]]
[[0,0,0],[1,0,0],[0,1,0],[26,56,141]]
[[0,0,0],[1,0,0],[0,1,0],[39,109,141]]
[[0,0,0],[1,0,0],[0,1,0],[12,73,141]]
[[0,0,0],[1,0,0],[0,1,0],[20,104,141]]
[[0,0,0],[1,0,0],[0,1,0],[29,68,141]]
[[0,0,0],[1,0,0],[0,1,0],[45,52,141]]
[[0,0,0],[1,0,0],[0,1,0],[24,7,141]]
[[0,0,0],[1,0,0],[0,1,0],[17,98,141]]
[[0,0,0],[1,0,0],[0,1,0],[22,32,141]]
[[0,0,0],[1,0,0],[0,1,0],[2,40,141]]
[[0,0,0],[1,0,0],[0,1,0],[4,20,141]]
[[0,0,0],[1,0,0],[0,1,0],[16,56,141]]
[[0,0,0],[1,0,0],[0,1,0],[2,37,141]]
[[0,0,0],[1,0,0],[0,1,0],[57,38,141]]
[[0,0,0],[1,0,0],[0,1,0],[3,37,141]]
[[0,0,0],[1,0,0],[0,1,0],[24,73,141]]
[[0,0,0],[1,0,0],[0,1,0],[11,56,141]]
[[0,0,0],[1,0,0],[0,1,0],[2,104,141]]
[[0,0,0],[1,0,0],[0,1,0],[8,31,141]]
[[0,0,0],[1,0,0],[0,1,0],[11,134,141]]
[[0,0,0],[1,0,0],[0,1,0],[17,26,141]]
[[0,0,0],[1,0,0],[0,1,0],[7,40,141]]
[[0,0,0],[1,0,0],[0,1,0],[1,11,141]]
[[0,0,0],[1,0,0],[0,1,0],[5,17,141]]
[[0,0,0],[1,0,0],[0,1,0],[105,46,141]]
[[0,0,0],[1,0,0],[0,1,0],[8,41,141]]
[[0,0,0],[1,0,0],[0,1,0],[11,29,141]]
[[0,0,0],[1,0,0],[0,1,0],[14,25,141]]
[[0,0,0],[1,0,0],[0,1,0],[36,130,141]]
[[0,0,0],[1,0,0],[0,1,0],[14,26,141]]
[[0,0,0],[1,0,0],[0,1,0],[17,83,141]]
[[0,0,0],[1,0,0],[0,1,0],[10,65,141]]
[[0,0,0],[1,0,0],[0,1,0],[8,26,141]]
[[0,0,0],[1,0,0],[0,1,0],[42,133,141]]
[[0,0,0],[1,0,0],[0,1,0],[57,85,141]]
[[0,0,0],[1,0,0],[0,1,0],[3,19,141]]
[[0,0,0],[1,0,0],[0,1,0],[4,49,141]]
[[0,0,0],[1,0,0],[0,1,0],[4,61,141]]
[[0,0,0],[1,0,0],[0,1,0],[33,136,141]]
[[0,0,0],[1,0,0],[0,1,0],[33,70,141]]
[[0,0,0],[1,0,0],[0,1,0],[13,26,141]]
[[0,0,0],[1,0,0],[0,1,0],[27,82,141]]
[[0,0,0],[1,0,0],[0,1,0],[3,55,141]]
[[0,0,0],[1,0,0],[0,1,0],[20,140,141]]
[[0,0,0],[1,0,0],[0,1,0],[12,79,141]]
[[0,0,0],[1,0,0],[0,1,0],[66,85,141]]
[[0,0,0],[1,0,0],[0,1,0],[41,110,141]]
[[0,0,0],[1,0,0],[0,1,0],[15,33,141]]
[[0,0,0],[1,0,0],[0,1,0],[5,35,141]]
[[0,0,0],[1,0,0],[0,1,0],[23,41,141]]
[[0,0,0],[1,0,0],[0,1,0],[2,17,141]]
[[0,0,0],[1,0,0],[0,1,0],[11,16,141]]
[[0,0,0],[1,0,0],[0,1,0],[18,100,141]]
[[0,0,0],[1,0,0],[0,1,0],[28,46,141]]
[[0,0,0],[1,0,0],[0,1,0],[14,56,141]]
[[0,0,0],[1,0,0],[0,1,0],[19,32,141]]
[[0,0,0],[1,0,0],[0,1,0],[14,68,141]]
[[0,0,0],[1,0,0],[0,1,0],[25,56,141]]
[[0,0,0],[1,0,0],[0,1,0],[6,25,141]]
[[0,0,0],[1,0,0],[0,1,0],[69,120,141]]
[[0,0,0],[1,0,0],[0,1,0],[4,7,141]]
[[0,0,0],[1,0,0],[0,1,0],[14,133,141]]
[[0,0,0],[1,0,0],[0,1,0],[41,65,141]]
[[0,0,0],[1,0,0],[0,1,0],[23,23,141]]
[[0,0,0],[1,0,0],[0,1,0],[36,136,141]]
[[0,0,0],[1,0,0],[0,1,0],[51,121,141]]
[[0,0,0],[1,0,0],[0,1,0],[30,4,141]]
[[0,0,0],[1,0,0],[0,1,0],[1,4,141]]
[[0,0,0],[1,0,0],[0,1,0],[15,106,141]]
[[0,0,0],[1,0,0],[0,1,0],[27,130,141]]
[[0,0,0],[1,0,0],[0,1,0],[10,56,141]]
[[0,0,0],[1,0,0],[0,1,0],[41,104,141]]
[[0,0,0],[1,0,0],[0,1,0],[27,139,141]]
[[0,0,0],[1,0,0],[0,1,0],[6,127,141]]
[[0,0,0],[1,0,0],[0,1,0],[21,27,141]]
[[0,0,0],[1,0,0],[0,1,0],[5,7,141]]
[[0,0,0],[1,0,0],[0,1,0],[4,4,141]]
[[0,0,0],[1,0,0],[0,1,0],[21,61,141]]
[[0,0,0],[1,0,0],[0,1,0],[6,103,141]]
[[0,0,0],[1,0,0],[0,1,0],[5,40,141]]
[[0,0,0],[1,0,0],[0,1,0],[4,40,141]]
[[0,0,0],[1,0,0],[0,1,0],[72,73,141]]
[[0,0,0],[1,0,0],[0,1,0],[28,49,141]]
[[0,0,0],[1,0,0],[0,1,0],[39,31,141]]
[[0,0,0],[1,0,0],[0,1,0],[4,46,141]]
[[0,0,0],[1,0,0],[0,1,0],[27,34,141]]
[[0,0,0],[1,0,0],[0,1,0],[5,10,141]]
[[0,0,0],[1,0,0],[0,1,0],[63,16,141]]
[[0,0,0],[1,0,0],[0,1,0],[2,10,141]]
[[0,0,0],[1,0,0],[0,1,0],[19,28,141]]
[[0,0,0],[1,0,0],[0,1,0],[57,100,141]]
[[0,0,0],[1,0,0],[0,1,0],[25,125,141]]
[[0,0,0],[1,0,0],[0,1,0],[54,25,141]]
[[0,0,0],[1,0,0],[0,1,0],[3,67,141]]
[[0,0,0],[1,0,0],[0,1,0],[29,95,141]]
[[0,0,0],[1,0,0],[0,1,0],[57,133,141]]
[[0,0,0],[1,0,0],[0,1,0],[50,89,141]]
[[0,0,0],[1,0,0],[0,1,0],[16,79,141]]
[[0,0,0],[1,0,0],[0,1,0],[66,136,141]]
[[0,0,0],[1,0,0],[0,1,0],[29,119,141]]
[[0,0,0],[1,0,0],[0,1,0],[1,13,141]]
[[0,0,0],[1,0,0],[0,1,0],[24,88,141]]
[[0,0,0],[1,0,0],[0,1,0],[15,133,141]]
[[0,0,0],[1,0,0],[0,1,0],[27,1,141]]
[[0,0,0],[1,0,0],[0,1,0],[4,65,141]]
[[0,0,0],[1,0,0],[0,1,0],[11,44,141]]
[[0,0,0],[1,0,0],[0,1,0],[10,62,141]]
[[0,0,0],[1,0,0],[0,1,0],[4,41,141]]
[[0,0,0],[1,0,0],[0,1,0],[6,79,141]]
[[0,0,0],[1,0,0],[0,1,0],[7,13,141]]
[[0,0,0],[1,0,0],[0,1,0],[15,10,141]]
[[0,0,0],[1,0,0],[0,1,0],[47,95,141]]
[[0,0,0],[1,0,0],[0,1,0],[19,128,141]]
[[0,0,0],[1,0,0],[0,1,0],[9,55,141]]
[[0,0,0],[1,0,0],[0,1,0],[33,22,141]]
[[0,0,0],[1,0,0],[0,1,0],[9,73,141]]
[[0,0,0],[1,0,0],[0,1,0],[29,122,141]]
[[0,0,0],[1,0,0],[0,1,0],[36,40,141]]
[[0,0,0],[1,0,0],[0,1,0],[45,7,141]]
[[0,0,0],[1,0,0],[0,1,0],[14,89,141]]
[[0,0,0],[1,0,0],[0,1,0],[6,22,141]]
[[0,0,0],[1,0,0],[0,1,0],[62,101,141]]
[[0,0,0],[1,0,0],[0,1,0],[8,140,141]]
[[0,0,0],[1,0,0],[0,1,0],[4,91,141]]
[[0,0,0],[1,0,0],[0,1,0],[17,17,141]]
[[0,0,0],[1,0,0],[0,1,0],[96,140,141]]
[[0,0,0],[1,0,0],[0,1,0],[54,13,141]]
[[0,0,0],[1,0,0],[0,1,0],[12,100,141]]
[[0,0,0],[1,0,0],[0,1,0],[8,131,141]]
[[0,0,0],[1,0,0],[0,1,0],[8,10,141]]
[[0,0,0],[1,0,0],[0,1,0],[19,38,141]]
[[0,0,0],[1,0,0],[0,1,0],[5,59,141]]
[[0,0,0],[1,0,0],[0,1,0],[93,96,141]]
[[0,0,0],[1,0,0],[0,1,0],[4,10,141]]
[[0,0,0],[1,0,0],[0,1,0],[50,50,141]]
[[0,0,0],[1,0,0],[0,1,0],[24,127,141]]
[[0,0,0],[1,0,0],[0,1,0],[33,1,141]]
[[0,0,0],[1,0,0],[0,1,0],[13,133,141]]
[[0,0,0],[1,0,0],[0,1,0],[36,55,141]]
[[0,0,0],[1,0,0],[0,1,0],[18,73,141]]
[[0,0,0],[1,0,0],[0,1,0],[42,112,141]]
[[0,0,0],[1,0,0],[0,1,0],[16,16,141]]
[[0,0,0],[1,0,0],[0,1,0],[17,110,141]]
[[0,0,0],[1,0,0],[0,1,0],[54,115,141]]
[[0,0,0],[1,0,0],[0,1,0],[29,41,141]]
[[0,0,0],[1,0,0],[0,1,0],[27,31,141]]
[[0,0,0],[1,0,0],[0,1,0],[3,7,141]]
[[0,0,0],[1,0,0],[0,1,0],[14,34,141]]
[[0,0,0],[1,0,0],[0,1,0],[36,25,141]]
[[0,0,0],[1,0,0],[0,1,0],[140,140,141]]
[[0,0,0],[1,0,0],[0,1,0],[11,116,141]]
[[0,0,0],[1,0,0],[0,1,0],[9,86,141]]
[[0,0,0],[1,0,0],[0,1,0],[62,122,141]]
[[0,0,0],[1,0,0],[0,1,0],[24,1,141]]
[[0,0,0],[1,0,0],[0,1,0],[3,25,141]]
[[0,0,0],[1,0,0],[0,1,0],[4,59,141]]
[[0,0,0],[1,0,0],[0,1,0],[12,55,141]]
[[0,0,0],[1,0,0],[0,1,0],[6,97,141]]
[[0,0,0],[1,0,0],[0,1,0],[51,106,141]]
[[0,0,0],[1,0,0],[0,1,0],[3,139,141]]
[[0,0,0],[1,0,0],[0,1,0],[36,127,141]]
[[0,0,0],[1,0,0],[0,1,0],[32,98,141]]
[[0,0,0],[1,0,0],[0,1,0],[9,109,141]]
[[0,0,0],[1,0,0],[0,1,0],[42,25,141]]
[[0,0,0],[1,0,0],[0,1,0],[2,43,141]]
[[0,0,0],[1,0,0],[0,1,0],[11,50,141]]
[[0,0,0],[1,0,0],[0,1,0],[3,100,141]]
[[0,0,0],[1,0,0],[0,1,0],[11,101,141]]
[[0,0,0],[1,0,0],[0,1,0],[30,22,141]]
[[0,0,0],[1,0,0],[0,1,0],[17,128,141]]
[[0,0,0],[1,0,0],[0,1,0],[10,38,141]]
[[0,0,0],[1,0,0],[0,1,0],[12,31,141]]
[[0,0,0],[1,0,0],[0,1,0],[11,38,141]]
[[0,0,0],[1,0,0],[0,1,0],[44,68,141]]
[[0,0,0],[1,0,0],[0,1,0],[42,100,141]]
[[0,0,0],[1,0,0],[0,1,0],[3,109,141]]
[[0,0,0],[1,0,0],[0,1,0],[28,125,141]]
[[0,0,0],[1,0,0],[0,1,0],[44,74,141]]
[[0,0,0],[1,0,0],[0,1,0],[41,41,141]]
[[0,0,0],[1,0,0],[0,1,0],[10,52,141]]
[[0,0,0],[1,0,0],[0,1,0],[33,55,141]]
[[0,0,0],[1,0,0],[0,1,0],[36,109,141]]
[[0,0,0],[1,0,0],[0,1,0],[17,116,141]]
[[0,0,0],[1,0,0],[0,1,0],[2,5,141]]
[[0,0,0],[1,0,0],[0,1,0],[33,139,141]]
[[0,0,0],[1,0,0],[0,1,0],[29,32,141]]
[[0,0,0],[1,0,0],[0,1,0],[31,115,141]]
[[0,0,0],[1,0,0],[0,1,0],[18,124,141]]
[[0,0,0],[1,0,0],[0,1,0],[21,121,141]]
[[0,0,0],[1,0,0],[0,1,0],[4,53,141]]
[[0,0,0],[1,0,0],[0,1,0],[23,35,141]]
[[0,0,0],[1,0,0],[0,1,0],[7,58,141]]
[[0,0,0],[1,0,0],[0,1,0],[27,115,141]]
[[0,0,0],[1,0,0],[0,1,0],[18,13,141]]
[[0,0,0],[1,0,0],[0,1,0],[6,130,141]]
[[0,0,0],[1,0,0],[0,1,0],[5,110,141]]
[[0,0,0],[1,0,0],[0,1,0],[4,43,141]]
[[0,0,0],[1,0,0],[0,1,0],[13,28,141]]
[[0,0,0],[1,0,0],[0,1,0],[32,95,141]]
[[0,0,0],[1,0,0],[0,1,0],[11,61,141]]
[[0,0,0],[1,0,0],[0,1,0],[9,37,141]]
[[0,0,0],[1,0,0],[0,1,0],[8,16,141]]
[[0,0,0],[1,0,0],[0,1,0],[9,40,141]]
[[0,0,0],[1,0,0],[0,1,0],[24,58,141]]
[[0,0,0],[1,0,0],[0,1,0],[20,65,141]]
[[0,0,0],[1,0,0],[0,1,0],[44,128,141]]
[[0,0,0],[1,0,0],[0,1,0],[5,95,141]]
[[0,0,0],[1,0,0],[0,1,0],[5,44,141]]
[[0,0,0],[1,0,0],[0,1,0],[12,28,141]]
[[0,0,0],[1,0,0],[0,1,0],[36,19,141]]
[[0,0,0],[1,0,0],[0,1,0],[8,61,141]]
[[0,0,0],[1,0,0],[0,1,0],[2,4,141]]
[[0,0,0],[1,0,0],[0,1,0],[25,37,141]]
[[0,0,0],[1,0,0],[0,1,0],[5,61,141]]
[[0,0,0],[1,0,0],[0,1,0],[4,44,141]]
[[0,0,0],[1,0,0],[0,1,0],[10,28,141]]
[[0,0,0],[1,0,0],[0,1,0],[25,50,141]]
[[0,0,0],[1,0,0],[0,1,0],[51,91,141]]
[[0,0,0],[1,0,0],[0,1,0],[8,74,141]]
[[0,0,0],[1,0,0],[0,1,0],[2,14,141]]
[[0,0,0],[1,0,0],[0,1,0],[2,23,141]]
[[0,0,0],[1,0,0],[0,1,0],[18,7,141]]
[[0,0,0],[1,0,0],[0,1,0],[4,68,141]]
[[0,0,0],[1,0,0],[0,1,0],[78,85,141]]
[[0,0,0],[1,0,0],[0,1,0],[33,62,141]]
[[0,0,0],[1,0,0],[0,1,0],[2,26,141]]
[[0,0,0],[1,0,0],[0,1,0],[12,13,141]]
[[0,0,0],[1,0,0],[0,1,0],[4,25,141]]
[[0,0,0],[1,0,0],[0,1,0],[9,103,141]]
[[0,0,0],[1,0,0],[0,1,0],[10,55,141]]
[[0,0,0],[1,0,0],[0,1,0],[96,82,141]]
[[0,0,0],[1,0,0],[0,1,0],[8,107,141]]
[[0,0,0],[1,0,0],[0,1,0],[2,19,141]]
[[0,0,0],[1,0,0],[0,1,0],[51,115,141]]
[[0,0,0],[1,0,0],[0,1,0],[72,100,141]]
[[0,0,0],[1,0,0],[0,1,0],[9,64,141]]
[[0,0,0],[1,0,0],[0,1,0],[39,1,141]]
[[0,0,0],[1,0,0],[0,1,0],[69,130,141]]
[[0,0,0],[1,0,0],[0,1,0],[26,68,141]]
[[0,0,0],[1,0,0],[0,1,0],[21,31,141]]
[[0,0,0],[1,0,0],[0,1,0],[63,133,141]]
[[0,0,0],[1,0,0],[0,1,0],[8,119,141]]
[[0,0,0],[1,0,0],[0,1,0],[3,91,141]]
[[0,0,0],[1,0,0],[0,1,0],[90,52,141]]
[[0,0,0],[1,0,0],[0,1,0],[21,28,141]]
[[0,0,0],[1,0,0],[0,1,0],[30,40,141]]
[[0,0,0],[1,0,0],[0,1,0],[20,107,141]]
[[0,0,0],[1,0,0],[0,1,0],[15,55,141]]
[[0,0,0],[1,0,0],[0,1,0],[17,35,141]]
[[0,0,0],[1,0,0],[0,1,0],[18,28,141]]
[[0,0,0],[1,0,0],[0,1,0],[27,68,141]]
[[0,0,0],[1,0,0],[0,1,0],[30,58,141]]
[[0,0,0],[1,0,0],[0,1,0],[18,46,141]]
[[0,0,0],[1,0,0],[0,1,0],[21,52,141]]
[[0,0,0],[1,0,0],[0,1,0],[21,136,141]]
[[0,0,0],[1,0,0],[0,1,0],[3,130,141]]
[[0,0,0],[1,0,0],[0,1,0],[5,89,141]]
[[0,0,0],[1,0,0],[0,1,0],[2,80,141]]
[[0,0,0],[1,0,0],[0,1,0],[6,37,141]]
[[0,0,0],[1,0,0],[0,1,0],[23,44,141]]
[[0,0,0],[1,0,0],[0,1,0],[11,128,141]]
[[0,0,0],[1,0,0],[0,1,0],[5,62,141]]
[[0,0,0],[1,0,0],[0,1,0],[42,49,141]]
[[0,0,0],[1,0,0],[0,1,0],[14,38,141]]
[[0,0,0],[1,0,0],[0,1,0],[15,112,141]]
[[0,0,0],[1,0,0],[0,1,0],[47,48,141]]
[[0,0,0],[1,0,0],[0,1,0],[10,23,141]]
[[0,0,0],[1,0,0],[0,1,0],[13,43,141]]
[[0,0,0],[1,0,0],[0,1,0],[23,137,141]]
[[0,0,0],[1,0,0],[0,1,0],[9,136,141]]
[[0,0,0],[1,0,0],[0,1,0],[10,37,141]]
[[0,0,0],[1,0,0],[0,1,0],[2,119,141]]
[[0,0,0],[1,0,0],[0,1,0],[87,102,141]]
[[0,0,0],[1,0,0],[0,1,0],[63,32,141]]
[[0,0,0],[1,0,0],[0,1,0],[74,140,141]]
[[0,0,0],[1,0,0],[0,1,0],[60,82,141]]
[[0,0,0],[1,0,0],[0,1,0],[102,79,141]]
[[0,0,0],[1,0,0],[0,1,0],[4,64,141]]
[[0,0,0],[1,0,0],[0,1,0],[27,88,141]]
[[0,0,0],[1,0,0],[0,1,0],[7,19,141]]
[[0,0,0],[1,0,0],[0,1,0],[21,25,141]]
[[0,0,0],[1,0,0],[0,1,0],[29,35,141]]
[[0,0,0],[1,0,0],[0,1,0],[33,37,141]]
[[0,0,0],[1,0,0],[0,1,0],[21,139,141]]
[[0,0,0],[1,0,0],[0,1,0],[32,128,141]]
[[0,0,0],[1,0,0],[0,1,0],[33,49,141]]
[[0,0,0],[1,0,0],[0,1,0],[36,34,141]]
[[0,0,0],[1,0,0],[0,1,0],[26,101,141]]
[[0,0,0],[1,0,0],[0,1,0],[4,19,141]]
[[0,0,0],[1,0,0],[0,1,0],[10,58,141]]
[[0,0,0],[1,0,0],[0,1,0],[40,55,141]]
[[0,0,0],[1,0,0],[0,1,0],[13,35,141]]
[[0,0,0],[1,0,0],[0,1,0],[54,7,141]]
[[0,0,0],[1,0,0],[0,1,0],[84,61,141]]
[[0,0,0],[1,0,0],[0,1,0],[117,46,141]]
[[0,0,0],[1,0,0],[0,1,0],[5,19,141]]
[[0,0,0],[1,0,0],[0,1,0],[75,112,141]]
[[0,0,0],[1,0,0],[0,1,0],[14,65,141]]
[[0,0,0],[1,0,0],[0,1,0],[21,64,141]]
[[0,0,0],[1,0,0],[0,1,0],[78,91,141]]
[[0,0,0],[1,0,0],[0,1,0],[16,32,141]]
[[0,0,0],[1,0,0],[0,1,0],[11,133,141]]
[[0,0,0],[1,0,0],[0,1,0],[18,136,141]]
[[0,0,0],[1,0,0],[0,1,0],[30,46,141]]
[[0,0,0],[1,0,0],[0,1,0],[37,37,141]]
[[0,0,0],[1,0,0],[0,1,0],[14,62,141]]
[[0,0,0],[1,0,0],[0,1,0],[13,59,141]]
[[0,0,0],[1,0,0],[0,1,0],[29,115,141]]
[[0,0,0],[1,0,0],[0,1,0],[13,134,141]]
[[0,0,0],[1,0,0],[0,1,0],[3,112,141]]
[[0,0,0],[1,0,0],[0,1,0],[8,40,141]]
[[0,0,0],[1,0,0],[0,1,0],[9,97,141]]
[[0,0,0],[1,0,0],[0,1,0],[33,7,141]]
[[0,0,0],[1,0,0],[0,1,0],[45,25,141]]
[[0,0,0],[1,0,0],[0,1,0],[24,49,141]]
[[0,0,0],[1,0,0],[0,1,0],[9,88,141]]
[[0,0,0],[1,0,0],[0,1,0],[6,43,141]]
[[0,0,0],[1,0,0],[0,1,0],[54,112,141]]
[[0,0,0],[1,0,0],[0,1,0],[44,56,141]]
[[0,0,0],[1,0,0],[0,1,0],[2,41,141]]
[[0,0,0],[1,0,0],[0,1,0],[20,89,141]]
[[0,0,0],[1,0,0],[0,1,0],[20,125,141]]
[[0,0,0],[1,0,0],[0,1,0],[51,130,141]]
[[0,0,0],[1,0,0],[0,1,0],[3,4,141]]
[[0,0,0],[1,0,0],[0,1,0],[7,25,141]]
[[0,0,0],[1,0,0],[0,1,0],[20,38,141]]
[[0,0,0],[1,0,0],[0,1,0],[5,107,141]]
[[0,0,0],[1,0,0],[0,1,0],[30,19,141]]
[[0,0,0],[1,0,0],[0,1,0],[2,113,141]]
[[0,0,0],[1,0,0],[0,1,0],[15,79,141]]
[[0,0,0],[1,0,0],[0,1,0],[12,25,141]]
[[0,0,0],[1,0,0],[0,1,0],[66,1,141]]
[[0,0,0],[1,0,0],[0,1,0],[5,26,141]]
[[0,0,0],[1,0,0],[0,1,0],[54,1,141]]
[[0,0,0],[1,0,0],[0,1,0],[51,44,141]]
[[0,0,0],[1,0,0],[0,1,0],[8,11,141]]
[[0,0,0],[1,0,0],[0,1,0],[13,25,141]]
[[0,0,0],[1,0,0],[0,1,0],[33,19,141]]
[[0,0,0],[1,0,0],[0,1,0],[33,43,141]]
[[0,0,0],[1,0,0],[0,1,0],[11,23,141]]
[[0,0,0],[1,0,0],[0,1,0],[23,125,141]]
[[0,0,0],[1,0,0],[0,1,0],[2,71,141]]
[[0,0,0],[1,0,0],[0,1,0],[8,116,141]]
[[0,0,0],[1,0,0],[0,1,0],[6,85,141]]
[[0,0,0],[1,0,0],[0,1,0],[14,92,141]]
[[0,0,0],[1,0,0],[0,1,0],[4,17,141]]
[[0,0,0],[1,0,0],[0,1,0],[39,115,141]]
[[0,0,0],[1,0,0],[0,1,0],[54,135,141]]
[[0,0,0],[1,0,0],[0,1,0],[6,42,141]]
[[0,0,0],[1,0,0],[0,1,0],[27,124,141]]
[[0,0,0],[1,0,0],[0,1,0],[80,140,141]]
[[0,0,0],[1,0,0],[0,1,0],[17,122,141]]
[[0,0,0],[1,0,0],[0,1,0],[44,59,141]]
[[0,0,0],[1,0,0],[0,1,0],[21,124,141]]
[[0,0,0],[1,0,0],[0,1,0],[23,28,141]]
[[0,0,0],[1,0,0],[0,1,0],[36,28,141]]
[[0,0,0],[1,0,0],[0,1,0],[1,5,141]]
[[0,0,0],[1,0,0],[0,1,0],[20,58,141]]
[[0,0,0],[1,0,0],[0,1,0],[1,40,141]]
[[0,0,0],[1,0,0],[0,1,0],[14,140,141]]
[[0,0,0],[1,0,0],[0,1,0],[62,65,141]]
[[0,0,0],[1,0,0],[0,1,0],[23,130,141]]
[[0,0,0],[1,0,0],[0,1,0],[2,55,141]]
[[0,0,0],[1,0,0],[0,1,0],[96,61,141]]
[[0,0,0],[1,0,0],[0,1,0],[29,74,141]]
[[0,0,0],[1,0,0],[0,1,0],[2,7,141]]
[[0,0,0],[1,0,0],[0,1,0],[1,29,141]]
[[0,0,0],[1,0,0],[0,1,0],[13,61,141]]
[[0,0,0],[1,0,0],[0,1,0],[1,23,141]]
[[0,0,0],[1,0,0],[0,1,0],[11,80,141]]
[[0,0,0],[1,0,0],[0,1,0],[32,89,141]]
[[0,0,0],[1,0,0],[0,1,0],[7,38,141]]
[[0,0,0],[1,0,0],[0,1,0],[7,53,141]]
[[0,0,0],[1,0,0],[0,1,0],[30,70,141]]
[[0,0,0],[1,0,0],[0,1,0],[6,16,141]]
[[0,0,0],[1,0,0],[0,1,0],[24,37,141]]
[[0,0,0],[1,0,0],[0,1,0],[1,8,141]]
[[0,0,0],[1,0,0],[0,1,0],[72,117,141]]
[[0,0,0],[1,0,0],[0,1,0],[8,44,141]]
[[0,0,0],[1,0,0],[0,1,0],[36,64,141]]
[[0,0,0],[1,0,0],[0,1,0],[89,140,141]]
[[0,0,0],[1,0,0],[0,1,0],[9,34,141]]
[[0,0,0],[1,0,0],[0,1,0],[66,82,141]]
[[0,0,0],[1,0,0],[0,1,0],[17,140,141]]
[[0,0,0],[1,0,0],[0,1,0],[22,38,141]]
[[0,0,0],[1,0,0],[0,1,0],[10,20,141]]
[[0,0,0],[1,0,0],[0,1,0],[18,31,141]]
[[0,0,0],[1,0,0],[0,1,0],[35,95,141]]
[[0,0,0],[1,0,0],[0,1,0],[3,40,141]]
[[0,0,0],[1,0,0],[0,1,0],[50,104,141]]
[[0,0,0],[1,0,0],[0,1,0],[1,43,141]]
[[0,0,0],[1,0,0],[0,1,0],[10,46,141]]
[[0,0,0],[1,0,0],[0,1,0],[16,59,141]]
[[0,0,0],[1,0,0],[0,1,0],[45,97,141]]
[[0,0,0],[1,0,0],[0,1,0],[5,43,141]]
[[0,0,0],[1,0,0],[0,1,0],[7,61,141]]
[[0,0,0],[1,0,0],[0,1,0],[3,22,141]]
[[0,0,0],[1,0,0],[0,1,0],[33,64,141]]
[[0,0,0],[1,0,0],[0,1,0],[32,86,141]]
[[0,0,0],[1,0,0],[0,1,0],[23,110,141]]
[[0,0,0],[1,0,0],[0,1,0],[11,98,141]]
[[0,0,0],[1,0,0],[0,1,0],[36,67,141]]
[[0,0,0],[1,0,0],[0,1,0],[7,10,141]]
[[0,0,0],[1,0,0],[0,1,0],[2,34,141]]
[[0,0,0],[1,0,0],[0,1,0],[21,127,141]]
[[0,0,0],[1,0,0],[0,1,0],[24,71,141]]
[[0,0,0],[1,0,0],[0,1,0],[75,20,141]]
[[0,0,0],[1,0,0],[0,1,0],[54,16,141]]
[[0,0,0],[1,0,0],[0,1,0],[18,16,141]]
[[0,0,0],[1,0,0],[0,1,0],[5,38,141]]
[[0,0,0],[1,0,0],[0,1,0],[5,86,141]]
[[0,0,0],[1,0,0],[0,1,0],[59,62,141]]
[[0,0,0],[1,0,0],[0,1,0],[39,46,141]]
[[0,0,0],[1,0,0],[0,1,0],[24,46,141]]
[[0,0,0],[1,0,0],[0,1,0],[8,128,141]]
[[0,0,0],[1,0,0],[0,1,0],[3,136,141]]
[[0,0,0],[1,0,0],[0,1,0],[17,133,141]]
[[0,0,0],[1,0,0],[0,1,0],[6,89,141]]
[[0,0,0],[1,0,0],[0,1,0],[27,4,141]]
[[0,0,0],[1,0,0],[0,1,0],[63,79,141]]
[[0,0,0],[1,0,0],[0,1,0],[6,109,141]]
[[0,0,0],[1,0,0],[0,1,0],[29,40,141]]
[[0,0,0],[1,0,0],[0,1,0],[33,115,141]]
[[0,0,0],[1,0,0],[0,1,0],[60,85,141]]
[[0,0,0],[1,0,0],[0,1,0],[12,136,141]]
[[0,0,0],[1,0,0],[0,1,0],[7,37,141]]
[[0,0,0],[1,0,0],[0,1,0],[8,38,141]]
[[0,0,0],[1,0,0],[0,1,0],[24,25,141]]
[[0,0,0],[1,0,0],[0,1,0],[14,95,141]]
[[0,0,0],[1,0,0],[0,1,0],[3,10,141]]
[[0,0,0],[1,0,0],[0,1,0],[3,115,141]]
[[0,0,0],[1,0,0],[0,1,0],[14,35,141]]
[[0,0,0],[1,0,0],[0,1,0],[29,140,141]]
[[0,0,0],[1,0,0],[0,1,0],[15,28,141]]
[[0,0,0],[1,0,0],[0,1,0],[42,4,141]]
[[0,0,0],[1,0,0],[0,1,0],[6,67,141]]
[[0,0,0],[1,0,0],[0,1,0],[4,8,141]]
[[0,0,0],[1,0,0],[0,1,0],[57,132,141]]
[[0,0,0],[1,0,0],[0,1,0],[14,74,141]]
[[0,0,0],[1,0,0],[0,1,0],[48,1,141]]
[[0,0,0],[1,0,0],[0,1,0],[69,124,141]]
[[0,0,0],[1,0,0],[0,1,0],[11,92,141]]
[[0,0,0],[1,0,0],[0,1,0],[6,112,141]]
[[0,0,0],[1,0,0],[0,1,0],[36,59,141]]
[[0,0,0],[1,0,0],[0,1,0],[9,100,141]]
[[0,0,0],[1,0,0],[0,1,0],[6,61,141]]
[[0,0,0],[1,0,0],[0,1,0],[48,28,141]]
[[0,0,0],[1,0,0],[0,1,0],[35,140,141]]
[[0,0,0],[1,0,0],[0,1,0],[5,67,141]]
[[0,0,0],[1,0,0],[0,1,0],[8,8,141]]
[[0,0,0],[1,0,0],[0,1,0],[18,49,141]]
[[0,0,0],[1,0,0],[0,1,0],[11,14,141]]
[[0,0,0],[1,0,0],[0,1,0],[48,16,141]]
[[0,0,0],[1,0,0],[0,1,0],[26,50,141]]
[[0,0,0],[1,0,0],[0,1,0],[60,19,141]]
[[0,0,0],[1,0,0],[0,1,0],[12,16,141]]
[[0,0,0],[1,0,0],[0,1,0],[72,118,141]]
[[0,0,0],[1,0,0],[0,1,0],[15,25,141]]
[[0,0,0],[1,0,0],[0,1,0],[9,124,141]]
[[0,0,0],[1,0,0],[0,1,0],[39,7,141]]
[[0,0,0],[1,0,0],[0,1,0],[30,43,141]]
[[0,0,0],[1,0,0],[0,1,0],[5,140,141]]
[[0,0,0],[1,0,0],[0,1,0],[60,91,141]]
[[0,0,0],[1,0,0],[0,1,0],[15,127,141]]
[[0,0,0],[1,0,0],[0,1,0],[32,32,141]]
[[0,0,0],[1,0,0],[0,1,0],[17,125,141]]
[[0,0,0],[1,0,0],[0,1,0],[13,13,141]]
[[0,0,0],[1,0,0],[0,1,0],[7,7,141]]
[[0,0,0],[1,0,0],[0,1,0],[7,46,141]]
[[0,0,0],[1,0,0],[0,1,0],[30,124,141]]
[[0,0,0],[1,0,0],[0,1,0],[2,65,141]]
[[0,0,0],[1,0,0],[0,1,0],[11,41,141]]
[[0,0,0],[1,0,0],[0,1,0],[41,74,141]]
[[0,0,0],[1,0,0],[0,1,0],[54,124,141]]
[[0,0,0],[1,0,0],[0,1,0],[12,82,141]]
[[0,0,0],[1,0,0],[0,1,0],[27,121,141]]
[[0,0,0],[1,0,0],[0,1,0],[3,121,141]]
[[0,0,0],[1,0,0],[0,1,0],[94,95,141]]
[[0,0,0],[1,0,0],[0,1,0],[30,16,141]]
[[0,0,0],[1,0,0],[0,1,0],[24,28,141]]
[[0,0,0],[1,0,0],[0,1,0],[12,40,141]]
[[0,0,0],[1,0,0],[0,1,0],[4,22,141]]
[[0,0,0],[1,0,0],[0,1,0],[3,46,141]]
[[0,0,0],[1,0,0],[0,1,0],[44,95,141]]
[[0,0,0],[1,0,0],[0,1,0],[21,49,141]]
[[0,0,0],[1,0,0],[0,1,0],[20,130,141]]
[[0,0,0],[1,0,0],[0,1,0],[9,121,141]]
[[0,0,0],[1,0,0],[0,1,0],[2,110,141]]
[[0,0,0],[1,0,0],[0,1,0],[27,61,141]]
[[0,0,0],[1,0,0],[0,1,0],[45,139,141]]
[[0,0,0],[1,0,0],[0,1,0],[6,46,141]]
[[0,0,0],[1,0,0],[0,1,0],[12,109,141]]
[[0,0,0],[1,0,0],[0,1,0],[2,92,141]]
[[0,0,0],[1,0,0],[0,1,0],[3,16,141]]
[[0,0,0],[1,0,0],[0,1,0],[11,89,141]]
[[0,0,0],[1,0,0],[0,1,0],[6,19,141]]
[[0,0,0],[1,0,0],[0,1,0],[15,46,141]]
[[0,0,0],[1,0,0],[0,1,0],[6,82,141]]
[[0,0,0],[1,0,0],[0,1,0],[12,64,141]]
[[0,0,0],[1,0,0],[0,1,0],[8,65,141]]
[[0,0,0],[1,0,0],[0,1,0],[9,85,141]]
[[0,0,0],[1,0,0],[0,1,0],[41,140,141]]
[[0,0,0],[1,0,0],[0,1,0],[4,11,141]]
[[0,0,0],[1,0,0],[0,1,0],[8,52,141]]
[[0,0,0],[1,0,0],[0,1,0],[39,139,141]]
[[0,0,0],[1,0,0],[0,1,0],[20,128,141]]
[[0,0,0],[1,0,0],[0,1,0],[42,22,141]]
[[0,0,0],[1,0,0],[0,1,0],[9,1,141]]
[[0,0,0],[1,0,0],[0,1,0],[56,80,141]]
[[0,0,0],[1,0,0],[0,1,0],[63,112,141]]
[[0,0,0],[1,0,0],[0,1,0],[15,139,141]]
[[0,0,0],[1,0,0],[0,1,0],[3,79,141]]
[[0,0,0],[1,0,0],[0,1,0],[1,1,141]]
[[0,0,0],[1,0,0],[0,1,0],[6,49,141]]
[[0,0,0],[1,0,0],[0,1,0],[32,44,141]]
[[0,0,0],[1,0,0],[0,1,0],[47,1,141]]
[[0,0,0],[1,0,0],[0,1,0],[23,74,141]]
[[0,0,0],[1,0,0],[0,1,0],[78,124,141]]
[[0,0,0],[1,0,0],[0,1,0],[14,31,141]]
[[0,0,0],[1,0,0],[0,1,0],[24,34,141]]
[[0,0,0],[1,0,0],[0,1,0],[32,40,141]]
[[0,0,0],[1,0,0],[0,1,0],[90,99,141]]
[[0,0,0],[1,0,0],[0,1,0],[21,133,141]]
[[0,0,0],[1,0,0],[0,1,0],[10,10,141]]
[[0,0,0],[1,0,0],[0,1,0],[5,14,141]]
[[0,0,0],[1,0,0],[0,1,0],[5,23,141]]
[[0,0,0],[1,0,0],[0,1,0],[19,124,141]]
[[0,0,0],[1,0,0],[0,1,0],[30,52,141]]
[[0,0,0],[1,0,0],[0,1,0],[21,88,141]]
[[0,0,0],[1,0,0],[0,1,0],[17,130,141]]
[[0,0,0],[1,0,0],[0,1,0],[15,58,141]]
[[0,0,0],[1,0,0],[0,1,0],[20,119,141]]
[[0,0,0],[1,0,0],[0,1,0],[4,26,141]]
[[0,0,0],[1,0,0],[0,1,0],[56,56,141]]
[[0,0,0],[1,0,0],[0,1,0],[18,67,141]]
[[0,0,0],[1,0,0],[0,1,0],[51,37,141]]
[[0,0,0],[1,0,0],[0,1,0],[5,58,141]]
[[0,0,0],[1,0,0],[0,1,0],[15,109,141]]
[[0,0,0],[1,0,0],[0,1,0],[15,49,141]]
[[0,0,0],[1,0,0],[0,1,0],[6,4,141]]
[[0,0,0],[1,0,0],[0,1,0],[2,29,141]]
[[0,0,0],[1,0,0],[0,1,0],[9,28,141]]
[[0,0,0],[1,0,0],[0,1,0],[8,58,141]]
[[0,0,0],[1,0,0],[0,1,0],[3,1,141]]
[[0,0,0],[1,0,0],[0,1,0],[15,103,141]]
[[0,0,0],[1,0,0],[0,1,0],[2,134,141]]
[[0,0,0],[1,0,0],[0,1,0],[75,73,141]]
[[0,0,0],[1,0,0],[0,1,0],[11,46,141]]
[[0,0,0],[1,0,0],[0,1,0],[8,89,141]]
[[0,0,0],[1,0,0],[0,1,0],[2,128,141]]
[[0,0,0],[1,0,0],[0,1,0],[14,107,141]]
[[0,0,0],[1,0,0],[0,1,0],[3,92,141]]
[[0,0,0],[1,0,0],[0,1,0],[5,134,141]]
[[0,0,0],[1,0,0],[0,1,0],[2,95,141]]
[[0,0,0],[1,0,0],[0,1,0],[81,108,141]]
[[0,0,0],[1,0,0],[0,1,0],[6,31,141]]
[[0,0,0],[1,0,0],[0,1,0],[11,137,141]]
[[0,0,0],[1,0,0],[0,1,0],[21,100,141]]
[[0,0,0],[1,0,0],[0,1,0],[14,46,141]]
[[0,0,0],[1,0,0],[0,1,0],[6,100,141]]
[[0,0,0],[1,0,0],[0,1,0],[28,34,141]]
[[0,0,0],[1,0,0],[0,1,0],[27,7,141]]
[[0,0,0],[1,0,0],[0,1,0],[19,34,141]]
[[0,0,0],[1,0,0],[0,1,0],[12,7,141]]
[[0,0,0],[1,0,0],[0,1,0],[5,101,141]]
[[0,0,0],[1,0,0],[0,1,0],[9,31,141]]
[[0,0,0],[1,0,0],[0,1,0],[69,82,141]]
[[0,0,0],[1,0,0],[0,1,0],[102,46,141]]
[[0,0,0],[1,0,0],[0,1,0],[12,118,141]]
[[0,0,0],[1,0,0],[0,1,0],[16,28,141]]
[[0,0,0],[1,0,0],[0,1,0],[23,107,141]]
[[0,0,0],[1,0,0],[0,1,0],[20,116,141]]
[[0,0,0],[1,0,0],[0,1,0],[15,80,141]]
[[0,0,0],[1,0,0],[0,1,0],[17,38,141]]
[[0,0,0],[1,0,0],[0,1,0],[6,88,141]]
[[0,0,0],[1,0,0],[0,1,0],[17,34,141]]
[[0,0,0],[1,0,0],[0,1,0],[99,85,141]]
[[0,0,0],[1,0,0],[0,1,0],[24,31,141]]
[[0,0,0],[1,0,0],[0,1,0],[10,32,141]]
[[0,0,0],[1,0,0],[0,1,0],[11,43,141]]
[[0,0,0],[1,0,0],[0,1,0],[56,98,141]]
[[0,0,0],[1,0,0],[0,1,0],[24,136,141]]
[[0,0,0],[1,0,0],[0,1,0],[44,44,141]]
[[0,0,0],[1,0,0],[0,1,0],[15,22,141]]
[[0,0,0],[1,0,0],[0,1,0],[63,1,141]]
[[0,0,0],[1,0,0],[0,1,0],[13,56,141]]
[[0,0,0],[1,0,0],[0,1,0],[30,31,141]]
[[0,0,0],[1,0,0],[0,1,0],[45,31,141]]
[[0,0,0],[1,0,0],[0,1,0],[90,73,141]]
[[0,0,0],[1,0,0],[0,1,0],[1,31,141]]
[[0,0,0],[1,0,0],[0,1,0],[41,68,141]]
[[0,0,0],[1,0,0],[0,1,0],[8,92,141]]
[[0,0,0],[1,0,0],[0,1,0],[90,5,141]]
[[0,0,0],[1,0,0],[0,1,0],[9,67,141]]
[[0,0,0],[1,0,0],[0,1,0],[73,95,141]]
[[0,0,0],[1,0,0],[0,1,0],[1,17,141]]
[[0,0,0],[1,0,0],[0,1,0],[18,19,141]]
[[0,0,0],[1,0,0],[0,1,0],[9,115,141]]
[[0,0,0],[1,0,0],[0,1,0],[26,65,141]]
[[0,0,0],[1,0,0],[0,1,0],[5,37,141]]
[[0,0,0],[1,0,0],[0,1,0],[57,19,141]]
[[0,0,0],[1,0,0],[0,1,0],[30,67,141]]
[[0,0,0],[1,0,0],[0,1,0],[44,110,141]]
[[0,0,0],[1,0,0],[0,1,0],[8,34,141]]
[[0,0,0],[1,0,0],[0,1,0],[42,130,141]]
[[0,0,0],[1,0,0],[0,1,0],[7,59,141]]
[[0,0,0],[1,0,0],[0,1,0],[18,76,141]]
[[0,0,0],[1,0,0],[0,1,0],[23,128,141]]
[[0,0,0],[1,0,0],[0,1,0],[6,40,141]]
[[0,0,0],[1,0,0],[0,1,0],[45,40,141]]
[[0,0,0],[1,0,0],[0,1,0],[11,17,141]]
[[0,0,0],[1,0,0],[0,1,0],[15,76,141]]
[[0,0,0],[1,0,0],[0,1,0],[58,95,141]]
[[0,0,0],[1,0,0],[0,1,0],[39,124,141]]
[[0,0,0],[1,0,0],[0,1,0],[2,46,141]]
[[0,0,0],[1,0,0],[0,1,0],[57,1,141]]
[[0,0,0],[1,0,0],[0,1,0],[75,67,141]]
[[0,0,0],[1,0,0],[0,1,0],[11,131,141]]
[[0,0,0],[1,0,0],[0,1,0],[81,118,141]]
[[0,0,0],[1,0,0],[0,1,0],[42,46,141]]
[[0,0,0],[1,0,0],[0,1,0],[14,83,141]]
[[0,0,0],[1,0,0],[0,1,0],[51,34,141]]
[[0,0,0],[1,0,0],[0,1,0],[49,95,141]]
[[0,0,0],[1,0,0],[0,1,0],[42,124,141]]
[[0,0,0],[1,0,0],[0,1,0],[21,79,141]]
[[0,0,0],[1,0,0],[0,1,0],[21,97,141]]
[[0,0,0],[1,0,0],[0,1,0],[32,55,141]]
[[0,0,0],[1,0,0],[0,1,0],[69,1,141]]
[[0,0,0],[1,0,0],[0,1,0],[18,58,141]]
[[0,0,0],[1,0,0],[0,1,0],[44,140,141]]
[[0,0,0],[1,0,0],[0,1,0],[3,82,141]]
[[0,0,0],[1,0,0],[0,1,0],[12,91,141]]
[[0,0,0],[1,0,0],[0,1,0],[11,37,141]]
[[0,0,0],[1,0,0],[0,1,0],[31,50,141]]
[[0,0,0],[1,0,0],[0,1,0],[5,20,141]]
[[0,0,0],[1,0,0],[0,1,0],[66,123,141]]
[[0,0,0],[1,0,0],[0,1,0],[2,16,141]]
[[0,0,0],[1,0,0],[0,1,0],[11,107,141]]
[[0,0,0],[1,0,0],[0,1,0],[26,125,141]]
[[0,0,0],[1,0,0],[0,1,0],[15,1,141]]
[[0,0,0],[1,0,0],[0,1,0],[4,13,141]]
[[0,0,0],[1,0,0],[0,1,0],[7,14,141]]
[[0,0,0],[1,0,0],[0,1,0],[19,44,141]]
[[0,0,0],[1,0,0],[0,1,0],[75,130,141]]
[[0,0,0],[1,0,0],[0,1,0],[5,125,141]]
[[0,0,0],[1,0,0],[0,1,0],[35,89,141]]
[[0,0,0],[1,0,0],[0,1,0],[42,28,141]]
[[0,0,0],[1,0,0],[0,1,0],[78,111,141]]
[[0,0,0],[1,0,0],[0,1,0],[33,121,141]]
[[0,0,0],[1,0,0],[0,1,0],[20,29,141]]
[[0,0,0],[1,0,0],[0,1,0],[21,74,141]]
[[0,0,0],[1,0,0],[0,1,0],[39,49,141]]
[[0,0,0],[1,0,0],[0,1,0],[9,10,141]]
[[0,0,0],[1,0,0],[0,1,0],[21,13,141]]
[[0,0,0],[1,0,0],[0,1,0],[1,22,141]]
[[0,0,0],[1,0,0],[0,1,0],[45,46,141]]
[[0,0,0],[1,0,0],[0,1,0],[17,137,141]]
[[0,0,0],[1,0,0],[0,1,0],[9,139,141]]
[[0,0,0],[1,0,0],[0,1,0],[5,119,141]]
[[0,0,0],[1,0,0],[0,1,0],[6,118,141]]
[[0,0,0],[1,0,0],[0,1,0],[30,55,141]]
[[0,0,0],[1,0,0],[0,1,0],[8,22,141]]
[[0,0,0],[1,0,0],[0,1,0],[8,62,141]]
[[0,0,0],[1,0,0],[0,1,0],[5,80,141]]
[[0,0,0],[1,0,0],[0,1,0],[13,46,141]]
[[0,0,0],[1,0,0],[0,1,0],[8,67,141]]
[[0,0,0],[1,0,0],[0,1,0],[30,121,141]]
[[0,0,0],[1,0,0],[0,1,0],[60,133,141]]
[[0,0,0],[1,0,0],[0,1,0],[9,7,141]]
[[0,0,0],[1,0,0],[0,1,0],[26,80,141]]
[[0,0,0],[1,0,0],[0,1,0],[11,74,141]]
[[0,0,0],[1,0,0],[0,1,0],[15,13,141]]
[[0,0,0],[1,0,0],[0,1,0],[65,65,141]]
[[0,0,0],[1,0,0],[0,1,0],[1,10,141]]
[[0,0,0],[1,0,0],[0,1,0],[4,55,141]]
[[0,0,0],[1,0,0],[0,1,0],[20,26,141]]
[[0,0,0],[1,0,0],[0,1,0],[10,16,141]]
[[0,0,0],[1,0,0],[0,1,0],[2,59,141]]
[[0,0,0],[1,0,0],[0,1,0],[8,20,141]]
[[0,0,0],[1,0,0],[0,1,0],[26,26,141]]
[[0,0,0],[1,0,0],[0,1,0],[7,16,141]]
[[0,0,0],[1,0,0],[0,1,0],[9,52,141]]
[[0,0,0],[1,0,0],[0,1,0],[27,46,141]]
[[0,0,0],[1,0,0],[0,1,0],[48,10,141]]
[[0,0,0],[1,0,0],[0,1,0],[12,112,141]]
[[0,0,0],[1,0,0],[0,1,0],[2,83,141]]
[[0,0,0],[1,0,0],[0,1,0],[60,1,141]]
[[0,0,0],[1,0,0],[0,1,0],[87,76,141]]
[[0,0,0],[1,0,0],[0,1,0],[2,53,141]]
[[0,0,0],[1,0,0],[0,1,0],[11,32,141]]
[[0,0,0],[1,0,0],[0,1,0],[15,16,141]]
[[0,0,0],[1,0,0],[0,1,0],[16,41,141]]
[[0,0,0],[1,0,0],[0,1,0],[14,80,141]]
[[0,0,0],[1,0,0],[0,1,0],[1,19,141]]
[[0,0,0],[1,0,0],[0,1,0],[3,61,141]]
[[0,0,0],[1,0,0],[0,1,0],[57,139,141]]
[[0,0,0],[1,0,0],[0,1,0],[30,49,141]]
[[0,0,0],[1,0,0],[0,1,0],[5,8,141]]
[[0,0,0],[1,0,0],[0,1,0],[17,40,141]]
[[0,0,0],[1,0,0],[0,1,0],[22,35,141]]
[[0,0,0],[1,0,0],[0,1,0],[17,92,141]]
[[0,0,0],[1,0,0],[0,1,0],[17,65,141]]
[[0,0,0],[1,0,0],[0,1,0],[60,16,141]]
[[0,0,0],[1,0,0],[0,1,0],[39,61,141]]
[[0,0,0],[1,0,0],[0,1,0],[12,34,141]]
[[0,0,0],[1,0,0],[0,1,0],[3,118,141]]
[[0,0,0],[1,0,0],[0,1,0],[5,11,141]]
[[0,0,0],[1,0,0],[0,1,0],[45,130,141]]
[[0,0,0],[1,0,0],[0,1,0],[11,19,141]]
[[0,0,0],[1,0,0],[0,1,0],[17,46,141]]
[[0,0,0],[1,0,0],[0,1,0],[69,115,141]]
[[0,0,0],[1,0,0],[0,1,0],[45,43,141]]
[[0,0,0],[1,0,0],[0,1,0],[26,29,141]]
[[0,0,0],[1,0,0],[0,1,0],[8,134,141]]
[[0,0,0],[1,0,0],[0,1,0],[6,64,141]]
[[0,0,0],[1,0,0],[0,1,0],[7,62,141]]
[[0,0,0],[1,0,0],[0,1,0],[16,62,141]]
[[0,0,0],[1,0,0],[0,1,0],[45,10,141]]
[[0,0,0],[1,0,0],[0,1,0],[17,20,141]]
[[0,0,0],[1,0,0],[0,1,0],[35,35,141]]
[[0,0,0],[1,0,0],[0,1,0],[18,37,141]]
[[0,0,0],[1,0,0],[0,1,0],[18,52,141]]
[[0,0,0],[1,0,0],[0,1,0],[2,58,141]]
[[0,0,0],[1,0,0],[0,1,0],[29,128,141]]
[[0,0,0],[1,0,0],[0,1,0],[96,46,141]]
[[0,0,0],[1,0,0],[0,1,0],[10,49,141]]
[[0,0,0],[1,0,0],[0,1,0],[87,91,141]]
[[0,0,0],[1,0,0],[0,1,0],[6,76,141]]
[[0,0,0],[1,0,0],[0,1,0],[56,140,141]]
[[0,0,0],[1,0,0],[0,1,0],[59,59,141]]
[[0,0,0],[1,0,0],[0,1,0],[45,50,141]]
[[0,0,0],[1,0,0],[0,1,0],[20,44,141]]
[[0,0,0],[1,0,0],[0,1,0],[28,40,141]]
[[0,0,0],[1,0,0],[0,1,0],[60,35,141]]
[[0,0,0],[1,0,0],[0,1,0],[31,64,141]]
[[0,0,0],[1,0,0],[0,1,0],[4,34,141]]
[[0,0,0],[1,0,0],[0,1,0],[11,104,141]]
[[0,0,0],[1,0,0],[0,1,0],[13,62,141]]
[[0,0,0],[1,0,0],[0,1,0],[4,16,141]]
[[0,0,0],[1,0,0],[0,1,0],[42,1,141]]
[[0,0,0],[1,0,0],[0,1,0],[27,70,141]]
[[0,0,0],[1,0,0],[0,1,0],[33,61,141]]
[[0,0,0],[1,0,0],[0,1,0],[24,55,141]]
[[0,0,0],[1,0,0],[0,1,0],[18,10,141]]
[[0,0,0],[1,0,0],[0,1,0],[12,4,141]]
[[0,0,0],[1,0,0],[0,1,0],[14,49,141]]
[[0,0,0],[1,0,0],[0,1,0],[26,104,141]]
[[0,0,0],[1,0,0],[0,1,0],[57,103,141]]
[[0,0,0],[1,0,0],[0,1,0],[17,104,141]]
[[0,0,0],[1,0,0],[0,1,0],[17,23,141]]
[[0,0,0],[1,0,0],[0,1,0],[6,34,141]]
[[0,0,0],[1,0,0],[0,1,0],[9,70,141]]
[[0,0,0],[1,0,0],[0,1,0],[18,106,141]]
[[0,0,0],[1,0,0],[0,1,0],[6,7,141]]
[[0,0,0],[1,0,0],[0,1,0],[19,59,141]]
[[0,0,0],[1,0,0],[0,1,0],[7,34,141]]
[[0,0,0],[1,0,0],[0,1,0],[2,101,141]]
[[0,0,0],[1,0,0],[0,1,0],[78,118,141]]
[[0,0,0],[1,0,0],[0,1,0],[16,31,141]]
[[0,0,0],[1,0,0],[0,1,0],[12,37,141]]
[[0,0,0],[1,0,0],[0,1,0],[4,28,141]]
[[0,0,0],[1,0,0],[0,1,0],[4,58,141]]
[[0,0,0],[1,0,0],[0,1,0],[18,64,141]]
[[0,0,0],[1,0,0],[0,1,0],[19,19,141]]
[[0,0,0],[1,0,0],[0,1,0],[50,122,141]]
[[0,0,0],[1,0,0],[0,1,0],[44,101,141]]
[[0,0,0],[1,0,0],[0,1,0],[21,22,141]]
[[0,0,0],[1,0,0],[0,1,0],[16,22,141]]
[[0,0,0],[1,0,0],[0,1,0],[7,26,141]]
[[0,0,0],[1,0,0],[0,1,0],[12,36,141]]
[[0,0,0],[1,0,0],[0,1,0],[8,80,141]]
[[0,0,0],[1,0,0],[0,1,0],[14,14,141]]
[[0,0,0],[1,0,0],[0,1,0],[29,110,141]]
[[0,0,0],[1,0,0],[0,1,0],[2,64,141]]
[[0,0,0],[1,0,0],[0,1,0],[26,116,141]]
[[0,0,0],[1,0,0],[0,1,0],[72,85,141]]
[[0,0,0],[1,0,0],[0,1,0],[24,24,141]]
[[0,0,0],[1,0,0],[0,1,0],[8,46,141]]
[[0,0,0],[1,0,0],[0,1,0],[20,55,141]]
[[0,0,0],[1,0,0],[0,1,0],[2,13,141]]
[[0,0,0],[1,0,0],[0,1,0],[27,76,141]]
[[0,0,0],[1,0,0],[0,1,0],[84,109,141]]
[[0,0,0],[1,0,0],[0,1,0],[11,125,141]]
[[0,0,0],[1,0,0],[0,1,0],[15,40,141]]
[[0,0,0],[1,0,0],[0,1,0],[1,2,141]]
[[0,0,0],[1,0,0],[0,1,0],[11,59,141]]
[[0,0,0],[1,0,0],[0,1,0],[7,56,141]]
[[0,0,0],[1,0,0],[0,1,0],[0,1,141]]
[[0,0,0],[1,0,0],[0,1,0],[5,65,141]]
[[0,0,0],[1,0,0],[0,1,0],[39,13,141]]
[[0,0,0],[1,0,0],[0,1,0],[6,28,141]]
[[0,0,0],[1,0,0],[0,1,0],[17,59,141]]
[[0,0,0],[1,0,0],[0,1,0],[11,11,141]]
[[0,0,0],[1,0,0],[0,1,0],[13,44,141]]
[[0,0,0],[1,0,0],[0,1,0],[5,13,141]]
[[0,0,0],[1,0,0],[0,1,0],[3,31,141]]
[[0,0,0],[1,0,0],[0,1,0],[3,76,141]]
[[0,0,0],[1,0,0],[0,1,0],[45,49,141]]
[[0,0,0],[1,0,0],[0,1,0],[6,55,141]]
[[0,0,0],[1,0,0],[0,1,0],[2,131,141]]
[[0,0,0],[1,0,0],[0,1,0],[9,25,141]]
[[0,0,0],[1,0,0],[0,1,0],[36,70,141]]
[[0,0,0],[1,0,0],[0,1,0],[32,68,141]]
[[0,0,0],[1,0,0],[0,1,0],[2,140,141]]
[[0,0,0],[1,0,0],[0,1,0],[16,44,141]]
[[0,0,0],[1,0,0],[0,1,0],[8,29,141]]
[[0,0,0],[1,0,0],[0,1,0],[9,79,141]]
[[0,0,0],[1,0,0],[0,1,0],[23,140,141]]
[[0,0,0],[1,0,0],[0,1,0],[11,40,141]]
[[0,0,0],[1,0,0],[0,1,0],[5,53,141]]
[[0,0,0],[1,0,0],[0,1,0],[32,56,141]]
[[0,0,0],[1,0,0],[0,1,0],[16,23,141]]
[[0,0,0],[1,0,0],[0,1,0],[3,73,141]]
[[0,0,0],[1,0,0],[0,1,0],[18,1,141]]
[[0,0,0],[1,0,0],[0,1,0],[33,25,141]]
[[0,0,0],[1,0,0],[0,1,0],[26,86,141]]
[[0,0,0],[1,0,0],[0,1,0],[41,101,141]]
[[0,0,0],[1,0,0],[0,1,0],[39,55,141]]
[[0,0,0],[1,0,0],[0,1,0],[45,13,141]]
[[0,0,0],[1,0,0],[0,1,0],[8,14,141]]
[[0,0,0],[1,0,0],[0,1,0],[65,140,141]]
[[0,0,0],[1,0,0],[0,1,0],[15,130,141]]
[[0,0,0],[1,0,0],[0,1,0],[9,61,141]]
[[0,0,0],[1,0,0],[0,1,0],[12,49,141]]
[[0,0,0],[1,0,0],[0,1,0],[48,34,141]]
[[0,0,0],[1,0,0],[0,1,0],[18,82,141]]
[[0,0,0],[1,0,0],[0,1,0],[10,133,141]]
[[0,0,0],[1,0,0],[0,1,0],[9,19,141]]
[[0,0,0],[1,0,0],[0,1,0],[29,116,141]]
[[0,0,0],[1,0,0],[0,1,0],[48,46,141]]
[[0,0,0],[1,0,0],[0,1,0],[8,50,141]]
[[0,0,0],[1,0,0],[0,1,0],[9,118,141]]
[[0,0,0],[1,0,0],[0,1,0],[22,28,141]]
[[0,0,0],[1,0,0],[0,1,0],[42,37,141]]
[[0,0,0],[1,0,0],[0,1,0],[18,30,141]]
[[0,0,0],[1,0,0],[0,1,0],[14,119,141]]
[[0,0,0],[1,0,0],[0,1,0],[13,130,141]]
[[0,0,0],[1,0,0],[0,1,0],[48,7,141]]
[[0,0,0],[1,0,0],[0,1,0],[24,70,141]]
[[0,0,0],[1,0,0],[0,1,0],[6,115,141]]
[[0,0,0],[1,0,0],[0,1,0],[29,49,141]]
[[0,0,0],[1,0,0],[0,1,0],[62,104,141]]
