[[0,0,0],[1,0,0],[0,1,0],[50,11,142]]
[[0,0,0],[1,0,0],[0,1,0],[44,51,142]]
[[0,0,0],[1,0,0],[0,1,0],[58,111,142]]
[[0,0,0],[1,0,0],[0,1,0],[18,103,142]]
[[0,0,0],[1,0,0],[0,1,0],[30,21,142]]
[[0,0,0],[1,0,0],[0,1,0],[26,51,142]]
[[0,0,0],[1,0,0],[0,1,0],[18,3,142]]
[[0,0,0],[1,0,0],[0,1,0],[2,85,142]]
[[0,0,0],[1,0,0],[0,1,0],[2,97,142]]
[[0,0,0],[1,0,0],[0,1,0],[4,39,142]]
[[0,0,0],[1,0,0],[0,1,0],[16,51,142]]
[[0,0,0],[1,0,0],[0,1,0],[48,19,142]]
[[0,0,0],[1,0,0],[0,1,0],[10,13,142]]
[[0,0,0],[1,0,0],[0,1,0],[5,33,142]]
[[0,0,0],[1,0,0],[0,1,0],[30,131,142]]
[[0,0,0],[1,0,0],[0,1,0],[68,115,142]]
[[0,0,0],[1,0,0],[0,1,0],[14,23,142]]
[[0,0,0],[1,0,0],[0,1,0],[34,109,142]]
[[0,0,0],[1,0,0],[0,1,0],[42,101,142]]
[[0,0,0],[1,0,0],[0,1,0],[14,65,142]]
[[0,0,0],[1,0,0],[0,1,0],[14,111,142]]
[[0,0,0],[1,0,0],[0,1,0],[14,81,142]]
[[0,0,0],[1,0,0],[0,1,0],[82,99,142]]
[[0,0,0],[1,0,0],[0,1,0],[60,9,142]]
[[0,0,0],[1,0,0],[0,1,0],[1,7,142]]
[[0,0,0],[1,0,0],[0,1,0],[50,35,142]]
[[0,0,0],[1,0,0],[0,1,0],[23,125,142]]
[[0,0,0],[1,0,0],[0,1,0],[40,139,142]]
[[0,0,0],[1,0,0],[0,1,0],[7,51,142]]
[[0,0,0],[1,0,0],[0,1,0],[46,133,142]]
[[0,0,0],[1,0,0],[0,1,0],[37,109,142]]
[[0,0,0],[1,0,0],[0,1,0],[11,63,142]]
[[0,0,0],[1,0,0],[0,1,0],[16,133,142]]
[[0,0,0],[1,0,0],[0,1,0],[14,53,142]]
[[0,0,0],[1,0,0],[0,1,0],[4,107,142]]
[[0,0,0],[1,0,0],[0,1,0],[38,17,142]]
[[0,0,0],[1,0,0],[0,1,0],[48,131,142]]
[[0,0,0],[1,0,0],[0,1,0],[72,93,142]]
[[0,0,0],[1,0,0],[0,1,0],[36,107,142]]
[[0,0,0],[1,0,0],[0,1,0],[26,53,142]]
[[0,0,0],[1,0,0],[0,1,0],[31,123,142]]
[[0,0,0],[1,0,0],[0,1,0],[48,135,142]]
[[0,0,0],[1,0,0],[0,1,0],[6,75,142]]
[[0,0,0],[1,0,0],[0,1,0],[56,93,142]]
[[0,0,0],[1,0,0],[0,1,0],[18,21,142]]
[[0,0,0],[1,0,0],[0,1,0],[72,87,142]]
[[0,0,0],[1,0,0],[0,1,0],[6,21,142]]
[[0,0,0],[1,0,0],[0,1,0],[52,137,142]]
[[0,0,0],[1,0,0],[0,1,0],[30,121,142]]
[[0,0,0],[1,0,0],[0,1,0],[34,127,142]]
[[0,0,0],[1,0,0],[0,1,0],[33,45,142]]
[[0,0,0],[1,0,0],[0,1,0],[20,103,142]]
[[0,0,0],[1,0,0],[0,1,0],[8,119,142]]
[[0,0,0],[1,0,0],[0,1,0],[70,139,142]]
[[0,0,0],[1,0,0],[0,1,0],[12,21,142]]
[[0,0,0],[1,0,0],[0,1,0],[28,63,142]]
[[0,0,0],[1,0,0],[0,1,0],[11,29,142]]
[[0,0,0],[1,0,0],[0,1,0],[32,13,142]]
[[0,0,0],[1,0,0],[0,1,0],[2,5,142]]
[[0,0,0],[1,0,0],[0,1,0],[46,37,142]]
[[0,0,0],[1,0,0],[0,1,0],[8,121,142]]
[[0,0,0],[1,0,0],[0,1,0],[22,35,142]]
[[0,0,0],[1,0,0],[0,1,0],[6,29,142]]
[[0,0,0],[1,0,0],[0,1,0],[21,31,142]]
[[0,0,0],[1,0,0],[0,1,0],[10,109,142]]
[[0,0,0],[1,0,0],[0,1,0],[98,53,142]]
[[0,0,0],[1,0,0],[0,1,0],[60,129,142]]
[[0,0,0],[1,0,0],[0,1,0],[12,41,142]]
[[0,0,0],[1,0,0],[0,1,0],[4,129,142]]
[[0,0,0],[1,0,0],[0,1,0],[16,59,142]]
[[0,0,0],[1,0,0],[0,1,0],[52,141,142]]
[[0,0,0],[1,0,0],[0,1,0],[4,75,142]]
[[0,0,0],[1,0,0],[0,1,0],[7,35,142]]
[[0,0,0],[1,0,0],[0,1,0],[40,131,142]]
[[0,0,0],[1,0,0],[0,1,0],[7,33,142]]
[[0,0,0],[1,0,0],[0,1,0],[86,67,142]]
[[0,0,0],[1,0,0],[0,1,0],[68,91,142]]
[[0,0,0],[1,0,0],[0,1,0],[14,85,142]]
[[0,0,0],[1,0,0],[0,1,0],[26,117,142]]
[[0,0,0],[1,0,0],[0,1,0],[12,97,142]]
[[0,0,0],[1,0,0],[0,1,0],[8,27,142]]
[[0,0,0],[1,0,0],[0,1,0],[6,81,142]]
[[0,0,0],[1,0,0],[0,1,0],[32,141,142]]
[[0,0,0],[1,0,0],[0,1,0],[8,31,142]]
[[0,0,0],[1,0,0],[0,1,0],[17,39,142]]
[[0,0,0],[1,0,0],[0,1,0],[16,83,142]]
[[0,0,0],[1,0,0],[0,1,0],[26,139,142]]
[[0,0,0],[1,0,0],[0,1,0],[40,37,142]]
[[0,0,0],[1,0,0],[0,1,0],[28,5,142]]
[[0,0,0],[1,0,0],[0,1,0],[82,132,142]]
[[0,0,0],[1,0,0],[0,1,0],[16,11,142]]
[[0,0,0],[1,0,0],[0,1,0],[4,45,142]]
[[0,0,0],[1,0,0],[0,1,0],[26,27,142]]
[[0,0,0],[1,0,0],[0,1,0],[20,7,142]]
[[0,0,0],[1,0,0],[0,1,0],[8,65,142]]
[[0,0,0],[1,0,0],[0,1,0],[4,127,142]]
[[0,0,0],[1,0,0],[0,1,0],[18,5,142]]
[[0,0,0],[1,0,0],[0,1,0],[34,115,142]]
[[0,0,0],[1,0,0],[0,1,0],[2,131,142]]
[[0,0,0],[1,0,0],[0,1,0],[14,137,142]]
[[0,0,0],[1,0,0],[0,1,0],[3,61,142]]
[[0,0,0],[1,0,0],[0,1,0],[2,47,142]]
[[0,0,0],[1,0,0],[0,1,0],[8,103,142]]
[[0,0,0],[1,0,0],[0,1,0],[14,7,142]]
[[0,0,0],[1,0,0],[0,1,0],[28,43,142]]
[[0,0,0],[1,0,0],[0,1,0],[4,125,142]]
[[0,0,0],[1,0,0],[0,1,0],[38,59,142]]
[[0,0,0],[1,0,0],[0,1,0],[46,51,142]]
[[0,0,0],[1,0,0],[0,1,0],[20,125,142]]
[[0,0,0],[1,0,0],[0,1,0],[3,31,142]]
[[0,0,0],[1,0,0],[0,1,0],[50,5,142]]
[[0,0,0],[1,0,0],[0,1,0],[52,35,142]]
[[0,0,0],[1,0,0],[0,1,0],[6,125,142]]
[[0,0,0],[1,0,0],[0,1,0],[14,29,142]]
[[0,0,0],[1,0,0],[0,1,0],[12,107,142]]
[[0,0,0],[1,0,0],[0,1,0],[30,39,142]]
[[0,0,0],[1,0,0],[0,1,0],[72,141,142]]
[[0,0,0],[1,0,0],[0,1,0],[14,139,142]]
[[0,0,0],[1,0,0],[0,1,0],[10,61,142]]
[[0,0,0],[1,0,0],[0,1,0],[38,31,142]]
[[0,0,0],[1,0,0],[0,1,0],[5,55,142]]
[[0,0,0],[1,0,0],[0,1,0],[2,45,142]]
[[0,0,0],[1,0,0],[0,1,0],[11,31,142]]
[[0,0,0],[1,0,0],[0,1,0],[36,21,142]]
[[0,0,0],[1,0,0],[0,1,0],[2,101,142]]
[[0,0,0],[1,0,0],[0,1,0],[30,47,142]]
[[0,0,0],[1,0,0],[0,1,0],[2,35,142]]
[[0,0,0],[1,0,0],[0,1,0],[36,63,142]]
[[0,0,0],[1,0,0],[0,1,0],[7,39,142]]
[[0,0,0],[1,0,0],[0,1,0],[2,107,142]]
[[0,0,0],[1,0,0],[0,1,0],[2,43,142]]
[[0,0,0],[1,0,0],[0,1,0],[114,57,142]]
[[0,0,0],[1,0,0],[0,1,0],[33,51,142]]
[[0,0,0],[1,0,0],[0,1,0],[24,25,142]]
[[0,0,0],[1,0,0],[0,1,0],[40,127,142]]
[[0,0,0],[1,0,0],[0,1,0],[44,21,142]]
[[0,0,0],[1,0,0],[0,1,0],[8,13,142]]
[[0,0,0],[1,0,0],[0,1,0],[60,109,142]]
[[0,0,0],[1,0,0],[0,1,0],[50,119,142]]
[[0,0,0],[1,0,0],[0,1,0],[66,137,142]]
[[0,0,0],[1,0,0],[0,1,0],[4,25,142]]
[[0,0,0],[1,0,0],[0,1,0],[48,129,142]]
[[0,0,0],[1,0,0],[0,1,0],[50,17,142]]
[[0,0,0],[1,0,0],[0,1,0],[82,89,142]]
[[0,0,0],[1,0,0],[0,1,0],[12,75,142]]
[[0,0,0],[1,0,0],[0,1,0],[84,107,142]]
[[0,0,0],[1,0,0],[0,1,0],[8,113,142]]
[[0,0,0],[1,0,0],[0,1,0],[12,9,142]]
[[0,0,0],[1,0,0],[0,1,0],[76,101,142]]
[[0,0,0],[1,0,0],[0,1,0],[66,7,142]]
[[0,0,0],[1,0,0],[0,1,0],[86,101,142]]
[[0,0,0],[1,0,0],[0,1,0],[2,21,142]]
[[0,0,0],[1,0,0],[0,1,0],[3,43,142]]
[[0,0,0],[1,0,0],[0,1,0],[72,129,142]]
[[0,0,0],[1,0,0],[0,1,0],[68,141,142]]
[[0,0,0],[1,0,0],[0,1,0],[42,9,142]]
[[0,0,0],[1,0,0],[0,1,0],[20,87,142]]
[[0,0,0],[1,0,0],[0,1,0],[34,123,142]]
[[0,0,0],[1,0,0],[0,1,0],[96,53,142]]
[[0,0,0],[1,0,0],[0,1,0],[10,11,142]]
[[0,0,0],[1,0,0],[0,1,0],[28,11,142]]
[[0,0,0],[1,0,0],[0,1,0],[16,45,142]]
[[0,0,0],[1,0,0],[0,1,0],[38,63,142]]
[[0,0,0],[1,0,0],[0,1,0],[26,33,142]]
[[0,0,0],[1,0,0],[0,1,0],[11,11,142]]
[[0,0,0],[1,0,0],[0,1,0],[37,107,142]]
[[0,0,0],[1,0,0],[0,1,0],[4,9,142]]
[[0,0,0],[1,0,0],[0,1,0],[21,29,142]]
[[0,0,0],[1,0,0],[0,1,0],[12,5,142]]
[[0,0,0],[1,0,0],[0,1,0],[44,41,142]]
[[0,0,0],[1,0,0],[0,1,0],[18,83,142]]
[[0,0,0],[1,0,0],[0,1,0],[12,53,142]]
[[0,0,0],[1,0,0],[0,1,0],[12,93,142]]
[[0,0,0],[1,0,0],[0,1,0],[22,121,142]]
[[0,0,0],[1,0,0],[0,1,0],[22,99,142]]
[[0,0,0],[1,0,0],[0,1,0],[4,95,142]]
[[0,0,0],[1,0,0],[0,1,0],[28,23,142]]
[[0,0,0],[1,0,0],[0,1,0],[15,25,142]]
[[0,0,0],[1,0,0],[0,1,0],[34,75,142]]
[[0,0,0],[1,0,0],[0,1,0],[12,111,142]]
[[0,0,0],[1,0,0],[0,1,0],[86,109,142]]
[[0,0,0],[1,0,0],[0,1,0],[6,39,142]]
[[0,0,0],[1,0,0],[0,1,0],[80,97,142]]
[[0,0,0],[1,0,0],[0,1,0],[76,117,142]]
[[0,0,0],[1,0,0],[0,1,0],[16,141,142]]
[[0,0,0],[1,0,0],[0,1,0],[12,61,142]]
[[0,0,0],[1,0,0],[0,1,0],[8,73,142]]
[[0,0,0],[1,0,0],[0,1,0],[42,123,142]]
[[0,0,0],[1,0,0],[0,1,0],[1,21,142]]
[[0,0,0],[1,0,0],[0,1,0],[20,11,142]]
[[0,0,0],[1,0,0],[0,1,0],[12,7,142]]
[[0,0,0],[1,0,0],[0,1,0],[8,43,142]]
[[0,0,0],[1,0,0],[0,1,0],[15,45,142]]
[[0,0,0],[1,0,0],[0,1,0],[10,35,142]]
[[0,0,0],[1,0,0],[0,1,0],[1,35,142]]
[[0,0,0],[1,0,0],[0,1,0],[24,21,142]]
[[0,0,0],[1,0,0],[0,1,0],[98,69,142]]
[[0,0,0],[1,0,0],[0,1,0],[34,53,142]]
[[0,0,0],[1,0,0],[0,1,0],[28,1,142]]
[[0,0,0],[1,0,0],[0,1,0],[3,19,142]]
[[0,0,0],[1,0,0],[0,1,0],[60,91,142]]
[[0,0,0],[1,0,0],[0,1,0],[16,57,142]]
[[0,0,0],[1,0,0],[0,1,0],[7,43,142]]
[[0,0,0],[1,0,0],[0,1,0],[16,103,142]]
[[0,0,0],[1,0,0],[0,1,0],[20,59,142]]
[[0,0,0],[1,0,0],[0,1,0],[4,83,142]]
[[0,0,0],[1,0,0],[0,1,0],[76,87,142]]
[[0,0,0],[1,0,0],[0,1,0],[18,47,142]]
[[0,0,0],[1,0,0],[0,1,0],[38,45,142]]
[[0,0,0],[1,0,0],[0,1,0],[18,93,142]]
[[0,0,0],[1,0,0],[0,1,0],[76,67,142]]
[[0,0,0],[1,0,0],[0,1,0],[18,57,142]]
[[0,0,0],[1,0,0],[0,1,0],[46,43,142]]
[[0,0,0],[1,0,0],[0,1,0],[12,67,142]]
[[0,0,0],[1,0,0],[0,1,0],[6,69,142]]
[[0,0,0],[1,0,0],[0,1,0],[28,81,142]]
[[0,0,0],[1,0,0],[0,1,0],[22,29,142]]
[[0,0,0],[1,0,0],[0,1,0],[6,93,142]]
[[0,0,0],[1,0,0],[0,1,0],[66,3,142]]
[[0,0,0],[1,0,0],[0,1,0],[22,27,142]]
[[0,0,0],[1,0,0],[0,1,0],[30,53,142]]
[[0,0,0],[1,0,0],[0,1,0],[28,15,142]]
[[0,0,0],[1,0,0],[0,1,0],[60,141,142]]
[[0,0,0],[1,0,0],[0,1,0],[18,85,142]]
[[0,0,0],[1,0,0],[0,1,0],[25,29,142]]
[[0,0,0],[1,0,0],[0,1,0],[7,21,142]]
[[0,0,0],[1,0,0],[0,1,0],[12,23,142]]
[[0,0,0],[1,0,0],[0,1,0],[32,40,142]]
[[0,0,0],[1,0,0],[0,1,0],[48,33,142]]
[[0,0,0],[1,0,0],[0,1,0],[4,105,142]]
[[0,0,0],[1,0,0],[0,1,0],[2,91,142]]
[[0,0,0],[1,0,0],[0,1,0],[6,101,142]]
[[0,0,0],[1,0,0],[0,1,0],[15,15,142]]
[[0,0,0],[1,0,0],[0,1,0],[24,137,142]]
[[0,0,0],[1,0,0],[0,1,0],[40,121,142]]
[[0,0,0],[1,0,0],[0,1,0],[48,121,142]]
[[0,0,0],[1,0,0],[0,1,0],[34,65,142]]
[[0,0,0],[1,0,0],[0,1,0],[34,121,142]]
[[0,0,0],[1,0,0],[0,1,0],[54,25,142]]
[[0,0,0],[1,0,0],[0,1,0],[3,63,142]]
[[0,0,0],[1,0,0],[0,1,0],[12,39,142]]
[[0,0,0],[1,0,0],[0,1,0],[32,3,142]]
[[0,0,0],[1,0,0],[0,1,0],[21,39,142]]
[[0,0,0],[1,0,0],[0,1,0],[3,7,142]]
[[0,0,0],[1,0,0],[0,1,0],[34,113,142]]
[[0,0,0],[1,0,0],[0,1,0],[11,15,142]]
[[0,0,0],[1,0,0],[0,1,0],[88,55,142]]
[[0,0,0],[1,0,0],[0,1,0],[56,25,142]]
[[0,0,0],[1,0,0],[0,1,0],[38,57,142]]
[[0,0,0],[1,0,0],[0,1,0],[6,61,142]]
[[0,0,0],[1,0,0],[0,1,0],[2,53,142]]
[[0,0,0],[1,0,0],[0,1,0],[64,127,142]]
[[0,0,0],[1,0,0],[0,1,0],[11,47,142]]
[[0,0,0],[1,0,0],[0,1,0],[64,137,142]]
[[0,0,0],[1,0,0],[0,1,0],[10,85,142]]
[[0,0,0],[1,0,0],[0,1,0],[46,137,142]]
[[0,0,0],[1,0,0],[0,1,0],[42,19,142]]
[[0,0,0],[1,0,0],[0,1,0],[76,77,142]]
[[0,0,0],[1,0,0],[0,1,0],[22,69,142]]
[[0,0,0],[1,0,0],[0,1,0],[8,125,142]]
[[0,0,0],[1,0,0],[0,1,0],[52,123,142]]
[[0,0,0],[1,0,0],[0,1,0],[25,27,142]]
[[0,0,0],[1,0,0],[0,1,0],[2,93,142]]
[[0,0,0],[1,0,0],[0,1,0],[10,77,142]]
[[0,0,0],[1,0,0],[0,1,0],[5,19,142]]
[[0,0,0],[1,0,0],[0,1,0],[9,21,142]]
[[0,0,0],[1,0,0],[0,1,0],[5,41,142]]
[[0,0,0],[1,0,0],[0,1,0],[36,1,142]]
[[0,0,0],[1,0,0],[0,1,0],[62,105,142]]
[[0,0,0],[1,0,0],[0,1,0],[32,139,142]]
[[0,0,0],[1,0,0],[0,1,0],[23,49,142]]
[[0,0,0],[1,0,0],[0,1,0],[12,131,142]]
[[0,0,0],[1,0,0],[0,1,0],[18,59,142]]
[[0,0,0],[1,0,0],[0,1,0],[76,83,142]]
[[0,0,0],[1,0,0],[0,1,0],[37,41,142]]
[[0,0,0],[1,0,0],[0,1,0],[15,21,142]]
[[0,0,0],[1,0,0],[0,1,0],[41,103,142]]
[[0,0,0],[1,0,0],[0,1,0],[62,3,142]]
[[0,0,0],[1,0,0],[0,1,0],[2,117,142]]
[[0,0,0],[1,0,0],[0,1,0],[3,59,142]]
[[0,0,0],[1,0,0],[0,1,0],[62,137,142]]
[[0,0,0],[1,0,0],[0,1,0],[6,9,142]]
[[0,0,0],[1,0,0],[0,1,0],[24,129,142]]
[[0,0,0],[1,0,0],[0,1,0],[10,23,142]]
[[0,0,0],[1,0,0],[0,1,0],[54,1,142]]
[[0,0,0],[1,0,0],[0,1,0],[42,3,142]]
[[0,0,0],[1,0,0],[0,1,0],[6,103,142]]
[[0,0,0],[1,0,0],[0,1,0],[7,25,142]]
[[0,0,0],[1,0,0],[0,1,0],[14,57,142]]
[[0,0,0],[1,0,0],[0,1,0],[52,13,142]]
[[0,0,0],[1,0,0],[0,1,0],[48,141,142]]
[[0,0,0],[1,0,0],[0,1,0],[4,23,142]]
[[0,0,0],[1,0,0],[0,1,0],[68,7,142]]
[[0,0,0],[1,0,0],[0,1,0],[50,141,142]]
[[0,0,0],[1,0,0],[0,1,0],[3,65,142]]
[[0,0,0],[1,0,0],[0,1,0],[20,129,142]]
[[0,0,0],[1,0,0],[0,1,0],[7,7,142]]
[[0,0,0],[1,0,0],[0,1,0],[36,113,142]]
[[0,0,0],[1,0,0],[0,1,0],[2,119,142]]
[[0,0,0],[1,0,0],[0,1,0],[2,1,142]]
[[0,0,0],[1,0,0],[0,1,0],[22,17,142]]
[[0,0,0],[1,0,0],[0,1,0],[4,61,142]]
[[0,0,0],[1,0,0],[0,1,0],[27,127,142]]
[[0,0,0],[1,0,0],[0,1,0],[12,55,142]]
[[0,0,0],[1,0,0],[0,1,0],[15,135,142]]
[[0,0,0],[1,0,0],[0,1,0],[26,7,142]]
[[0,0,0],[1,0,0],[0,1,0],[7,9,142]]
[[0,0,0],[1,0,0],[0,1,0],[16,81,142]]
[[0,0,0],[1,0,0],[0,1,0],[28,61,142]]
[[0,0,0],[1,0,0],[0,1,0],[64,133,142]]
[[0,0,0],[1,0,0],[0,1,0],[34,43,142]]
[[0,0,0],[1,0,0],[0,1,0],[18,41,142]]
[[0,0,0],[1,0,0],[0,1,0],[30,115,142]]
[[0,0,0],[1,0,0],[0,1,0],[8,45,142]]
[[0,0,0],[1,0,0],[0,1,0],[34,19,142]]
[[0,0,0],[1,0,0],[0,1,0],[96,118,142]]
[[0,0,0],[1,0,0],[0,1,0],[77,137,142]]
[[0,0,0],[1,0,0],[0,1,0],[2,133,142]]
[[0,0,0],[1,0,0],[0,1,0],[18,99,142]]
[[0,0,0],[1,0,0],[0,1,0],[27,47,142]]
[[0,0,0],[1,0,0],[0,1,0],[6,73,142]]
[[0,0,0],[1,0,0],[0,1,0],[5,139,142]]
[[0,0,0],[1,0,0],[0,1,0],[24,51,142]]
[[0,0,0],[1,0,0],[0,1,0],[10,17,142]]
[[0,0,0],[1,0,0],[0,1,0],[2,73,142]]
[[0,0,0],[1,0,0],[0,1,0],[5,49,142]]
[[0,0,0],[1,0,0],[0,1,0],[4,33,142]]
[[0,0,0],[1,0,0],[0,1,0],[9,41,142]]
[[0,0,0],[1,0,0],[0,1,0],[1,9,142]]
[[0,0,0],[1,0,0],[0,1,0],[34,39,142]]
[[0,0,0],[1,0,0],[0,1,0],[10,25,142]]
[[0,0,0],[1,0,0],[0,1,0],[2,11,142]]
[[0,0,0],[1,0,0],[0,1,0],[26,45,142]]
[[0,0,0],[1,0,0],[0,1,0],[21,21,142]]
[[0,0,0],[1,0,0],[0,1,0],[48,115,142]]
[[0,0,0],[1,0,0],[0,1,0],[32,27,142]]
[[0,0,0],[1,0,0],[0,1,0],[4,59,142]]
[[0,0,0],[1,0,0],[0,1,0],[10,62,142]]
[[0,0,0],[1,0,0],[0,1,0],[80,103,142]]
[[0,0,0],[1,0,0],[0,1,0],[22,129,142]]
[[0,0,0],[1,0,0],[0,1,0],[58,141,142]]
[[0,0,0],[1,0,0],[0,1,0],[14,37,142]]
[[0,0,0],[1,0,0],[0,1,0],[6,89,142]]
[[0,0,0],[1,0,0],[0,1,0],[87,127,142]]
[[0,0,0],[1,0,0],[0,1,0],[94,67,142]]
[[0,0,0],[1,0,0],[0,1,0],[9,17,142]]
[[0,0,0],[1,0,0],[0,1,0],[2,139,142]]
[[0,0,0],[1,0,0],[0,1,0],[64,111,142]]
[[0,0,0],[1,0,0],[0,1,0],[27,39,142]]
[[0,0,0],[1,0,0],[0,1,0],[30,77,142]]
[[0,0,0],[1,0,0],[0,1,0],[10,115,142]]
[[0,0,0],[1,0,0],[0,1,0],[58,135,142]]
[[0,0,0],[1,0,0],[0,1,0],[9,27,142]]
[[0,0,0],[1,0,0],[0,1,0],[9,13,142]]
[[0,0,0],[1,0,0],[0,1,0],[8,83,142]]
[[0,0,0],[1,0,0],[0,1,0],[8,123,142]]
[[0,0,0],[1,0,0],[0,1,0],[14,1,142]]
[[0,0,0],[1,0,0],[0,1,0],[32,61,142]]
[[0,0,0],[1,0,0],[0,1,0],[56,1,142]]
[[0,0,0],[1,0,0],[0,1,0],[4,5,142]]
[[0,0,0],[1,0,0],[0,1,0],[44,45,142]]
[[0,0,0],[1,0,0],[0,1,0],[10,37,142]]
[[0,0,0],[1,0,0],[0,1,0],[66,1,142]]
[[0,0,0],[1,0,0],[0,1,0],[54,103,142]]
[[0,0,0],[1,0,0],[0,1,0],[14,47,142]]
[[0,0,0],[1,0,0],[0,1,0],[25,53,142]]
[[0,0,0],[1,0,0],[0,1,0],[6,107,142]]
[[0,0,0],[1,0,0],[0,1,0],[34,61,142]]
[[0,0,0],[1,0,0],[0,1,0],[62,123,142]]
[[0,0,0],[1,0,0],[0,1,0],[52,7,142]]
[[0,0,0],[1,0,0],[0,1,0],[9,53,142]]
[[0,0,0],[1,0,0],[0,1,0],[2,121,142]]
[[0,0,0],[1,0,0],[0,1,0],[50,43,142]]
[[0,0,0],[1,0,0],[0,1,0],[10,111,142]]
[[0,0,0],[1,0,0],[0,1,0],[66,113,142]]
[[0,0,0],[1,0,0],[0,1,0],[40,49,142]]
[[0,0,0],[1,0,0],[0,1,0],[8,33,142]]
[[0,0,0],[1,0,0],[0,1,0],[2,95,142]]
[[0,0,0],[1,0,0],[0,1,0],[16,101,142]]
[[0,0,0],[1,0,0],[0,1,0],[8,81,142]]
[[0,0,0],[1,0,0],[0,1,0],[26,65,142]]
[[0,0,0],[1,0,0],[0,1,0],[10,63,142]]
[[0,0,0],[1,0,0],[0,1,0],[4,55,142]]
[[0,0,0],[1,0,0],[0,1,0],[50,103,142]]
[[0,0,0],[1,0,0],[0,1,0],[24,1,142]]
[[0,0,0],[1,0,0],[0,1,0],[4,103,142]]
[[0,0,0],[1,0,0],[0,1,0],[22,41,142]]
[[0,0,0],[1,0,0],[0,1,0],[16,85,142]]
[[0,0,0],[1,0,0],[0,1,0],[10,5,142]]
[[0,0,0],[1,0,0],[0,1,0],[2,25,142]]
[[0,0,0],[1,0,0],[0,1,0],[18,131,142]]
[[0,0,0],[1,0,0],[0,1,0],[2,7,142]]
[[0,0,0],[1,0,0],[0,1,0],[20,55,142]]
[[0,0,0],[1,0,0],[0,1,0],[18,7,142]]
[[0,0,0],[1,0,0],[0,1,0],[2,19,142]]
[[0,0,0],[1,0,0],[0,1,0],[18,101,142]]
[[0,0,0],[1,0,0],[0,1,0],[36,9,142]]
[[0,0,0],[1,0,0],[0,1,0],[24,41,142]]
[[0,0,0],[1,0,0],[0,1,0],[28,117,142]]
[[0,0,0],[1,0,0],[0,1,0],[27,121,142]]
[[0,0,0],[1,0,0],[0,1,0],[6,59,142]]
[[0,0,0],[1,0,0],[0,1,0],[8,35,142]]
[[0,0,0],[1,0,0],[0,1,0],[90,124,142]]
[[0,0,0],[1,0,0],[0,1,0],[86,57,142]]
[[0,0,0],[1,0,0],[0,1,0],[54,7,142]]
[[0,0,0],[1,0,0],[0,1,0],[76,109,142]]
[[0,0,0],[1,0,0],[0,1,0],[60,113,142]]
[[0,0,0],[1,0,0],[0,1,0],[12,141,142]]
[[0,0,0],[1,0,0],[0,1,0],[42,7,142]]
[[0,0,0],[1,0,0],[0,1,0],[72,91,142]]
[[0,0,0],[1,0,0],[0,1,0],[94,49,142]]
[[0,0,0],[1,0,0],[0,1,0],[71,72,142]]
[[0,0,0],[1,0,0],[0,1,0],[14,69,142]]
[[0,0,0],[1,0,0],[0,1,0],[5,53,142]]
[[0,0,0],[1,0,0],[0,1,0],[12,49,142]]
[[0,0,0],[1,0,0],[0,1,0],[30,117,142]]
[[0,0,0],[1,0,0],[0,1,0],[78,89,142]]
[[0,0,0],[1,0,0],[0,1,0],[2,103,142]]
[[0,0,0],[1,0,0],[0,1,0],[22,79,142]]
[[0,0,0],[1,0,0],[0,1,0],[32,133,142]]
[[0,0,0],[1,0,0],[0,1,0],[14,89,142]]
[[0,0,0],[1,0,0],[0,1,0],[5,21,142]]
[[0,0,0],[1,0,0],[0,1,0],[24,81,142]]
[[0,0,0],[1,0,0],[0,1,0],[70,119,142]]
[[0,0,0],[1,0,0],[0,1,0],[20,99,142]]
[[0,0,0],[1,0,0],[0,1,0],[44,55,142]]
[[0,0,0],[1,0,0],[0,1,0],[8,85,142]]
[[0,0,0],[1,0,0],[0,1,0],[1,1,142]]
[[0,0,0],[1,0,0],[0,1,0],[6,43,142]]
[[0,0,0],[1,0,0],[0,1,0],[20,21,142]]
[[0,0,0],[1,0,0],[0,1,0],[3,37,142]]
[[0,0,0],[1,0,0],[0,1,0],[8,17,142]]
[[0,0,0],[1,0,0],[0,1,0],[78,69,142]]
[[0,0,0],[1,0,0],[0,1,0],[3,11,142]]
[[0,0,0],[1,0,0],[0,1,0],[15,19,142]]
[[0,0,0],[1,0,0],[0,1,0],[86,69,142]]
[[0,0,0],[1,0,0],[0,1,0],[48,111,142]]
[[0,0,0],[1,0,0],[0,1,0],[25,55,142]]
[[0,0,0],[1,0,0],[0,1,0],[46,141,142]]
[[0,0,0],[1,0,0],[0,1,0],[14,59,142]]
[[0,0,0],[1,0,0],[0,1,0],[14,109,142]]
[[0,0,0],[1,0,0],[0,1,0],[92,55,142]]
[[0,0,0],[1,0,0],[0,1,0],[74,113,142]]
[[0,0,0],[1,0,0],[0,1,0],[44,11,142]]
[[0,0,0],[1,0,0],[0,1,0],[43,101,142]]
[[0,0,0],[1,0,0],[0,1,0],[12,101,142]]
[[0,0,0],[1,0,0],[0,1,0],[4,91,142]]
[[0,0,0],[1,0,0],[0,1,0],[50,31,142]]
[[0,0,0],[1,0,0],[0,1,0],[48,127,142]]
[[0,0,0],[1,0,0],[0,1,0],[20,131,142]]
[[0,0,0],[1,0,0],[0,1,0],[21,25,142]]
[[0,0,0],[1,0,0],[0,1,0],[26,1,142]]
[[0,0,0],[1,0,0],[0,1,0],[10,7,142]]
[[0,0,0],[1,0,0],[0,1,0],[52,97,142]]
[[0,0,0],[1,0,0],[0,1,0],[6,63,142]]
[[0,0,0],[1,0,0],[0,1,0],[6,113,142]]
[[0,0,0],[1,0,0],[0,1,0],[50,105,142]]
[[0,0,0],[1,0,0],[0,1,0],[32,111,142]]
[[0,0,0],[1,0,0],[0,1,0],[12,119,142]]
[[0,0,0],[1,0,0],[0,1,0],[14,141,142]]
[[0,0,0],[1,0,0],[0,1,0],[60,135,142]]
[[0,0,0],[1,0,0],[0,1,0],[26,89,142]]
[[0,0,0],[1,0,0],[0,1,0],[18,23,142]]
[[0,0,0],[1,0,0],[0,1,0],[12,29,142]]
[[0,0,0],[1,0,0],[0,1,0],[12,60,142]]
[[0,0,0],[1,0,0],[0,1,0],[48,39,142]]
[[0,0,0],[1,0,0],[0,1,0],[4,7,142]]
[[0,0,0],[1,0,0],[0,1,0],[44,9,142]]
[[0,0,0],[1,0,0],[0,1,0],[22,5,142]]
[[0,0,0],[1,0,0],[0,1,0],[48,101,142]]
[[0,0,0],[1,0,0],[0,1,0],[20,35,142]]
[[0,0,0],[1,0,0],[0,1,0],[24,35,142]]
[[0,0,0],[1,0,0],[0,1,0],[20,85,142]]
[[0,0,0],[1,0,0],[0,1,0],[2,69,142]]
[[0,0,0],[1,0,0],[0,1,0],[20,141,142]]
[[0,0,0],[1,0,0],[0,1,0],[5,29,142]]
[[0,0,0],[1,0,0],[0,1,0],[4,117,142]]
[[0,0,0],[1,0,0],[0,1,0],[17,129,142]]
[[0,0,0],[1,0,0],[0,1,0],[5,59,142]]
[[0,0,0],[1,0,0],[0,1,0],[8,37,142]]
[[0,0,0],[1,0,0],[0,1,0],[58,1,142]]
[[0,0,0],[1,0,0],[0,1,0],[6,3,142]]
[[0,0,0],[1,0,0],[0,1,0],[4,87,142]]
[[0,0,0],[1,0,0],[0,1,0],[12,1,142]]
[[0,0,0],[1,0,0],[0,1,0],[4,17,142]]
[[0,0,0],[1,0,0],[0,1,0],[4,13,142]]
[[0,0,0],[1,0,0],[0,1,0],[40,9,142]]
[[0,0,0],[1,0,0],[0,1,0],[14,79,142]]
[[0,0,0],[1,0,0],[0,1,0],[10,95,142]]
[[0,0,0],[1,0,0],[0,1,0],[24,93,142]]
[[0,0,0],[1,0,0],[0,1,0],[12,133,142]]
[[0,0,0],[1,0,0],[0,1,0],[14,93,142]]
[[0,0,0],[1,0,0],[0,1,0],[7,17,142]]
[[0,0,0],[1,0,0],[0,1,0],[2,77,142]]
[[0,0,0],[1,0,0],[0,1,0],[8,87,142]]
[[0,0,0],[1,0,0],[0,1,0],[44,23,142]]
[[0,0,0],[1,0,0],[0,1,0],[52,125,142]]
[[0,0,0],[1,0,0],[0,1,0],[3,25,142]]
[[0,0,0],[1,0,0],[0,1,0],[24,75,142]]
[[0,0,0],[1,0,0],[0,1,0],[1,5,142]]
[[0,0,0],[1,0,0],[0,1,0],[72,123,142]]
[[0,0,0],[1,0,0],[0,1,0],[3,21,142]]
[[0,0,0],[1,0,0],[0,1,0],[28,83,142]]
[[0,0,0],[1,0,0],[0,1,0],[11,35,142]]
[[0,0,0],[1,0,0],[0,1,0],[8,101,142]]
[[0,0,0],[1,0,0],[0,1,0],[84,117,142]]
[[0,0,0],[1,0,0],[0,1,0],[26,83,142]]
[[0,0,0],[1,0,0],[0,1,0],[52,93,142]]
[[0,0,0],[1,0,0],[0,1,0],[4,37,142]]
[[0,0,0],[1,0,0],[0,1,0],[22,137,142]]
[[0,0,0],[1,0,0],[0,1,0],[4,79,142]]
[[0,0,0],[1,0,0],[0,1,0],[84,97,142]]
[[0,0,0],[1,0,0],[0,1,0],[46,103,142]]
[[0,0,0],[1,0,0],[0,1,0],[46,139,142]]
[[0,0,0],[1,0,0],[0,1,0],[6,7,142]]
[[0,0,0],[1,0,0],[0,1,0],[14,41,142]]
[[0,0,0],[1,0,0],[0,1,0],[88,126,142]]
[[0,0,0],[1,0,0],[0,1,0],[22,51,142]]
[[0,0,0],[1,0,0],[0,1,0],[30,31,142]]
[[0,0,0],[1,0,0],[0,1,0],[2,89,142]]
[[0,0,0],[1,0,0],[0,1,0],[4,43,142]]
[[0,0,0],[1,0,0],[0,1,0],[42,113,142]]
[[0,0,0],[1,0,0],[0,1,0],[48,99,142]]
[[0,0,0],[1,0,0],[0,1,0],[12,117,142]]
[[0,0,0],[1,0,0],[0,1,0],[16,56,142]]
[[0,0,0],[1,0,0],[0,1,0],[2,13,142]]
[[0,0,0],[1,0,0],[0,1,0],[36,45,142]]
[[0,0,0],[1,0,0],[0,1,0],[31,31,142]]
[[0,0,0],[1,0,0],[0,1,0],[26,47,142]]
[[0,0,0],[1,0,0],[0,1,0],[42,127,142]]
[[0,0,0],[1,0,0],[0,1,0],[3,47,142]]
[[0,0,0],[1,0,0],[0,1,0],[14,25,142]]
[[0,0,0],[1,0,0],[0,1,0],[2,9,142]]
[[0,0,0],[1,0,0],[0,1,0],[3,29,142]]
[[0,0,0],[1,0,0],[0,1,0],[56,111,142]]
[[0,0,0],[1,0,0],[0,1,0],[66,133,142]]
[[0,0,0],[1,0,0],[0,1,0],[84,67,142]]
[[0,0,0],[1,0,0],[0,1,0],[14,63,142]]
[[0,0,0],[1,0,0],[0,1,0],[20,25,142]]
[[0,0,0],[1,0,0],[0,1,0],[8,53,142]]
[[0,0,0],[1,0,0],[0,1,0],[54,9,142]]
[[0,0,0],[1,0,0],[0,1,0],[56,127,142]]
[[0,0,0],[1,0,0],[0,1,0],[22,11,142]]
[[0,0,0],[1,0,0],[0,1,0],[2,115,142]]
[[0,0,0],[1,0,0],[0,1,0],[54,119,142]]
[[0,0,0],[1,0,0],[0,1,0],[26,141,142]]
[[0,0,0],[1,0,0],[0,1,0],[14,75,142]]
[[0,0,0],[1,0,0],[0,1,0],[22,135,142]]
[[0,0,0],[1,0,0],[0,1,0],[58,121,142]]
[[0,0,0],[1,0,0],[0,1,0],[10,65,142]]
[[0,0,0],[1,0,0],[0,1,0],[42,33,142]]
[[0,0,0],[1,0,0],[0,1,0],[50,3,142]]
[[0,0,0],[1,0,0],[0,1,0],[9,15,142]]
[[0,0,0],[1,0,0],[0,1,0],[8,21,142]]
[[0,0,0],[1,0,0],[0,1,0],[10,51,142]]
[[0,0,0],[1,0,0],[0,1,0],[20,47,142]]
[[0,0,0],[1,0,0],[0,1,0],[18,127,142]]
[[0,0,0],[1,0,0],[0,1,0],[18,11,142]]
[[0,0,0],[1,0,0],[0,1,0],[62,19,142]]
[[0,0,0],[1,0,0],[0,1,0],[36,33,142]]
[[0,0,0],[1,0,0],[0,1,0],[11,25,142]]
[[0,0,0],[1,0,0],[0,1,0],[10,43,142]]
[[0,0,0],[1,0,0],[0,1,0],[16,33,142]]
[[0,0,0],[1,0,0],[0,1,0],[30,49,142]]
[[0,0,0],[1,0,0],[0,1,0],[3,23,142]]
[[0,0,0],[1,0,0],[0,1,0],[66,93,142]]
[[0,0,0],[1,0,0],[0,1,0],[48,37,142]]
[[0,0,0],[1,0,0],[0,1,0],[6,19,142]]
[[0,0,0],[1,0,0],[0,1,0],[64,79,142]]
[[0,0,0],[1,0,0],[0,1,0],[4,68,142]]
[[0,0,0],[1,0,0],[0,1,0],[110,55,142]]
[[0,0,0],[1,0,0],[0,1,0],[4,41,142]]
[[0,0,0],[1,0,0],[0,1,0],[18,67,142]]
[[0,0,0],[1,0,0],[0,1,0],[20,43,142]]
[[0,0,0],[1,0,0],[0,1,0],[14,95,142]]
[[0,0,0],[1,0,0],[0,1,0],[104,65,142]]
[[0,0,0],[1,0,0],[0,1,0],[32,1,142]]
[[0,0,0],[1,0,0],[0,1,0],[82,111,142]]
[[0,0,0],[1,0,0],[0,1,0],[14,133,142]]
[[0,0,0],[1,0,0],[0,1,0],[6,123,142]]
[[0,0,0],[1,0,0],[0,1,0],[33,33,142]]
[[0,0,0],[1,0,0],[0,1,0],[12,73,142]]
[[0,0,0],[1,0,0],[0,1,0],[24,47,142]]
[[0,0,0],[1,0,0],[0,1,0],[6,131,142]]
[[0,0,0],[1,0,0],[0,1,0],[70,133,142]]
[[0,0,0],[1,0,0],[0,1,0],[4,93,142]]
[[0,0,0],[1,0,0],[0,1,0],[32,19,142]]
[[0,0,0],[1,0,0],[0,1,0],[26,55,142]]
[[0,0,0],[1,0,0],[0,1,0],[24,87,142]]
[[0,0,0],[1,0,0],[0,1,0],[2,99,142]]
[[0,0,0],[1,0,0],[0,1,0],[43,107,142]]
[[0,0,0],[1,0,0],[0,1,0],[30,113,142]]
[[0,0,0],[1,0,0],[0,1,0],[38,39,142]]
[[0,0,0],[1,0,0],[0,1,0],[21,131,142]]
[[0,0,0],[1,0,0],[0,1,0],[5,5,142]]
[[0,0,0],[1,0,0],[0,1,0],[30,135,142]]
[[0,0,0],[1,0,0],[0,1,0],[71,1,142]]
[[0,0,0],[1,0,0],[0,1,0],[6,41,142]]
[[0,0,0],[1,0,0],[0,1,0],[2,41,142]]
[[0,0,0],[1,0,0],[0,1,0],[28,25,142]]
[[0,0,0],[1,0,0],[0,1,0],[3,49,142]]
[[0,0,0],[1,0,0],[0,1,0],[34,137,142]]
[[0,0,0],[1,0,0],[0,1,0],[44,29,142]]
[[0,0,0],[1,0,0],[0,1,0],[36,127,142]]
[[0,0,0],[1,0,0],[0,1,0],[82,69,142]]
[[0,0,0],[1,0,0],[0,1,0],[9,43,142]]
[[0,0,0],[1,0,0],[0,1,0],[10,31,142]]
[[0,0,0],[1,0,0],[0,1,0],[2,3,142]]
[[0,0,0],[1,0,0],[0,1,0],[24,127,142]]
[[0,0,0],[1,0,0],[0,1,0],[8,3,142]]
[[0,0,0],[1,0,0],[0,1,0],[8,29,142]]
[[0,0,0],[1,0,0],[0,1,0],[44,115,142]]
[[0,0,0],[1,0,0],[0,1,0],[24,5,142]]
[[0,0,0],[1,0,0],[0,1,0],[9,31,142]]
[[0,0,0],[1,0,0],[0,1,0],[7,139,142]]
[[0,0,0],[1,0,0],[0,1,0],[42,57,142]]
[[0,0,0],[1,0,0],[0,1,0],[106,51,142]]
[[0,0,0],[1,0,0],[0,1,0],[26,137,142]]
[[0,0,0],[1,0,0],[0,1,0],[42,39,142]]
[[0,0,0],[1,0,0],[0,1,0],[10,97,142]]
[[0,0,0],[1,0,0],[0,1,0],[40,1,142]]
[[0,0,0],[1,0,0],[0,1,0],[24,31,142]]
[[0,0,0],[1,0,0],[0,1,0],[18,33,142]]
[[0,0,0],[1,0,0],[0,1,0],[30,27,142]]
[[0,0,0],[1,0,0],[0,1,0],[20,3,142]]
[[0,0,0],[1,0,0],[0,1,0],[40,59,142]]
[[0,0,0],[1,0,0],[0,1,0],[44,123,142]]
[[0,0,0],[1,0,0],[0,1,0],[74,69,142]]
[[0,0,0],[1,0,0],[0,1,0],[50,29,142]]
[[0,0,0],[1,0,0],[0,1,0],[60,17,142]]
[[0,0,0],[1,0,0],[0,1,0],[74,111,142]]
[[0,0,0],[1,0,0],[0,1,0],[8,107,142]]
[[0,0,0],[1,0,0],[0,1,0],[6,85,142]]
[[0,0,0],[1,0,0],[0,1,0],[16,99,142]]
[[0,0,0],[1,0,0],[0,1,0],[16,47,142]]
[[0,0,0],[1,0,0],[0,1,0],[16,65,142]]
[[0,0,0],[1,0,0],[0,1,0],[32,17,142]]
[[0,0,0],[1,0,0],[0,1,0],[4,73,142]]
[[0,0,0],[1,0,0],[0,1,0],[3,53,142]]
[[0,0,0],[1,0,0],[0,1,0],[32,75,142]]
[[0,0,0],[1,0,0],[0,1,0],[6,65,142]]
[[0,0,0],[1,0,0],[0,1,0],[20,37,142]]
[[0,0,0],[1,0,0],[0,1,0],[8,41,142]]
[[0,0,0],[1,0,0],[0,1,0],[18,91,142]]
[[0,0,0],[1,0,0],[0,1,0],[22,45,142]]
[[0,0,0],[1,0,0],[0,1,0],[6,53,142]]
[[0,0,0],[1,0,0],[0,1,0],[78,136,142]]
[[0,0,0],[1,0,0],[0,1,0],[38,117,142]]
[[0,0,0],[1,0,0],[0,1,0],[4,89,142]]
[[0,0,0],[1,0,0],[0,1,0],[38,67,142]]
[[0,0,0],[1,0,0],[0,1,0],[20,51,142]]
[[0,0,0],[1,0,0],[0,1,0],[6,117,142]]
[[0,0,0],[1,0,0],[0,1,0],[27,45,142]]
[[0,0,0],[1,0,0],[0,1,0],[18,129,142]]
[[0,0,0],[1,0,0],[0,1,0],[8,5,142]]
[[0,0,0],[1,0,0],[0,1,0],[16,17,142]]
[[0,0,0],[1,0,0],[0,1,0],[8,137,142]]
[[0,0,0],[1,0,0],[0,1,0],[48,17,142]]
[[0,0,0],[1,0,0],[0,1,0],[42,49,142]]
[[0,0,0],[1,0,0],[0,1,0],[86,59,142]]
[[0,0,0],[1,0,0],[0,1,0],[16,89,142]]
[[0,0,0],[1,0,0],[0,1,0],[22,33,142]]
[[0,0,0],[1,0,0],[0,1,0],[6,57,142]]
[[0,0,0],[1,0,0],[0,1,0],[80,134,142]]
[[0,0,0],[1,0,0],[0,1,0],[16,61,142]]
[[0,0,0],[1,0,0],[0,1,0],[3,69,142]]
[[0,0,0],[1,0,0],[0,1,0],[24,131,142]]
[[0,0,0],[1,0,0],[0,1,0],[2,111,142]]
[[0,0,0],[1,0,0],[0,1,0],[60,23,142]]
[[0,0,0],[1,0,0],[0,1,0],[37,53,142]]
[[0,0,0],[1,0,0],[0,1,0],[16,43,142]]
[[0,0,0],[1,0,0],[0,1,0],[42,23,142]]
[[0,0,0],[1,0,0],[0,1,0],[38,5,142]]
[[0,0,0],[1,0,0],[0,1,0],[52,113,142]]
[[0,0,0],[1,0,0],[0,1,0],[38,3,142]]
[[0,0,0],[1,0,0],[0,1,0],[22,139,142]]
[[0,0,0],[1,0,0],[0,1,0],[5,15,142]]
[[0,0,0],[1,0,0],[0,1,0],[30,23,142]]
[[0,0,0],[1,0,0],[0,1,0],[74,89,142]]
[[0,0,0],[1,0,0],[0,1,0],[26,63,142]]
[[0,0,0],[1,0,0],[0,1,0],[10,47,142]]
[[0,0,0],[1,0,0],[0,1,0],[22,73,142]]
[[0,0,0],[1,0,0],[0,1,0],[22,50,142]]
[[0,0,0],[1,0,0],[0,1,0],[76,138,142]]
[[0,0,0],[1,0,0],[0,1,0],[74,103,142]]
[[0,0,0],[1,0,0],[0,1,0],[62,119,142]]
[[0,0,0],[1,0,0],[0,1,0],[12,27,142]]
[[0,0,0],[1,0,0],[0,1,0],[6,35,142]]
[[0,0,0],[1,0,0],[0,1,0],[4,121,142]]
[[0,0,0],[1,0,0],[0,1,0],[2,75,142]]
[[0,0,0],[1,0,0],[0,1,0],[2,63,142]]
[[0,0,0],[1,0,0],[0,1,0],[32,65,142]]
[[0,0,0],[1,0,0],[0,1,0],[32,73,142]]
[[0,0,0],[1,0,0],[0,1,0],[62,87,142]]
[[0,0,0],[1,0,0],[0,1,0],[42,17,142]]
[[0,0,0],[1,0,0],[0,1,0],[3,141,142]]
[[0,0,0],[1,0,0],[0,1,0],[9,49,142]]
[[0,0,0],[1,0,0],[0,1,0],[4,123,142]]
[[0,0,0],[1,0,0],[0,1,0],[60,103,142]]
[[0,0,0],[1,0,0],[0,1,0],[76,107,142]]
[[0,0,0],[1,0,0],[0,1,0],[16,79,142]]
[[0,0,0],[1,0,0],[0,1,0],[3,55,142]]
[[0,0,0],[1,0,0],[0,1,0],[4,77,142]]
[[0,0,0],[1,0,0],[0,1,0],[16,29,142]]
[[0,0,0],[1,0,0],[0,1,0],[58,103,142]]
[[0,0,0],[1,0,0],[0,1,0],[86,113,142]]
[[0,0,0],[1,0,0],[0,1,0],[2,37,142]]
[[0,0,0],[1,0,0],[0,1,0],[6,66,142]]
[[0,0,0],[1,0,0],[0,1,0],[9,67,142]]
[[0,0,0],[1,0,0],[0,1,0],[8,89,142]]
[[0,0,0],[1,0,0],[0,1,0],[50,1,142]]
[[0,0,0],[1,0,0],[0,1,0],[40,125,142]]
[[0,0,0],[1,0,0],[0,1,0],[1,59,142]]
[[0,0,0],[1,0,0],[0,1,0],[11,133,142]]
[[0,0,0],[1,0,0],[0,1,0],[26,67,142]]
[[0,0,0],[1,0,0],[0,1,0],[24,141,142]]
[[0,0,0],[1,0,0],[0,1,0],[74,137,142]]
[[0,0,0],[1,0,0],[0,1,0],[6,17,142]]
[[0,0,0],[1,0,0],[0,1,0],[52,23,142]]
[[0,0,0],[1,0,0],[0,1,0],[34,129,142]]
[[0,0,0],[1,0,0],[0,1,0],[10,21,142]]
[[0,0,0],[1,0,0],[0,1,0],[1,17,142]]
[[0,0,0],[1,0,0],[0,1,0],[6,79,142]]
[[0,0,0],[1,0,0],[0,1,0],[28,115,142]]
[[0,0,0],[1,0,0],[0,1,0],[2,39,142]]
[[0,0,0],[1,0,0],[0,1,0],[14,97,142]]
[[0,0,0],[1,0,0],[0,1,0],[10,89,142]]
[[0,0,0],[1,0,0],[0,1,0],[25,119,142]]
[[0,0,0],[1,0,0],[0,1,0],[28,131,142]]
[[0,0,0],[1,0,0],[0,1,0],[20,17,142]]
[[0,0,0],[1,0,0],[0,1,0],[30,25,142]]
[[0,0,0],[1,0,0],[0,1,0],[11,27,142]]
[[0,0,0],[1,0,0],[0,1,0],[8,79,142]]
[[0,0,0],[1,0,0],[0,1,0],[64,141,142]]
[[0,0,0],[1,0,0],[0,1,0],[27,53,142]]
[[0,0,0],[1,0,0],[0,1,0],[44,19,142]]
[[0,0,0],[1,0,0],[0,1,0],[33,111,142]]
[[0,0,0],[1,0,0],[0,1,0],[8,95,142]]
[[0,0,0],[1,0,0],[0,1,0],[3,33,142]]
[[0,0,0],[1,0,0],[0,1,0],[18,135,142]]
[[0,0,0],[1,0,0],[0,1,0],[15,47,142]]
[[0,0,0],[1,0,0],[0,1,0],[5,61,142]]
[[0,0,0],[1,0,0],[0,1,0],[44,103,142]]
[[0,0,0],[1,0,0],[0,1,0],[6,77,142]]
[[0,0,0],[1,0,0],[0,1,0],[18,25,142]]
[[0,0,0],[1,0,0],[0,1,0],[16,139,142]]
[[0,0,0],[1,0,0],[0,1,0],[22,93,142]]
[[0,0,0],[1,0,0],[0,1,0],[22,49,142]]
[[0,0,0],[1,0,0],[0,1,0],[28,73,142]]
[[0,0,0],[1,0,0],[0,1,0],[32,47,142]]
[[0,0,0],[1,0,0],[0,1,0],[28,65,142]]
[[0,0,0],[1,0,0],[0,1,0],[20,139,142]]
[[0,0,0],[1,0,0],[0,1,0],[10,49,142]]
[[0,0,0],[1,0,0],[0,1,0],[82,65,142]]
[[0,0,0],[1,0,0],[0,1,0],[12,87,142]]
[[0,0,0],[1,0,0],[0,1,0],[56,3,142]]
[[0,0,0],[1,0,0],[0,1,0],[3,39,142]]
[[0,0,0],[1,0,0],[0,1,0],[18,81,142]]
[[0,0,0],[1,0,0],[0,1,0],[7,13,142]]
[[0,0,0],[1,0,0],[0,1,0],[30,55,142]]
[[0,0,0],[1,0,0],[0,1,0],[46,25,142]]
[[0,0,0],[1,0,0],[0,1,0],[2,113,142]]
[[0,0,0],[1,0,0],[0,1,0],[12,95,142]]
[[0,0,0],[1,0,0],[0,1,0],[4,113,142]]
[[0,0,0],[1,0,0],[0,1,0],[16,127,142]]
[[0,0,0],[1,0,0],[0,1,0],[60,131,142]]
[[0,0,0],[1,0,0],[0,1,0],[40,43,142]]
[[0,0,0],[1,0,0],[0,1,0],[14,91,142]]
[[0,0,0],[1,0,0],[0,1,0],[15,129,142]]
[[0,0,0],[1,0,0],[0,1,0],[10,119,142]]
[[0,0,0],[1,0,0],[0,1,0],[36,137,142]]
[[0,0,0],[1,0,0],[0,1,0],[42,31,142]]
[[0,0,0],[1,0,0],[0,1,0],[2,17,142]]
[[0,0,0],[1,0,0],[0,1,0],[28,53,142]]
[[0,0,0],[1,0,0],[0,1,0],[102,69,142]]
[[0,0,0],[1,0,0],[0,1,0],[17,43,142]]
[[0,0,0],[1,0,0],[0,1,0],[22,75,142]]
[[0,0,0],[1,0,0],[0,1,0],[26,123,142]]
[[0,0,0],[1,0,0],[0,1,0],[28,75,142]]
[[0,0,0],[1,0,0],[0,1,0],[20,45,142]]
[[0,0,0],[1,0,0],[0,1,0],[74,121,142]]
[[0,0,0],[1,0,0],[0,1,0],[24,45,142]]
[[0,0,0],[1,0,0],[0,1,0],[4,49,142]]
[[0,0,0],[1,0,0],[0,1,0],[1,11,142]]
[[0,0,0],[1,0,0],[0,1,0],[18,69,142]]
[[0,0,0],[1,0,0],[0,1,0],[6,13,142]]
[[0,0,0],[1,0,0],[0,1,0],[30,5,142]]
[[0,0,0],[1,0,0],[0,1,0],[102,51,142]]
[[0,0,0],[1,0,0],[0,1,0],[16,27,142]]
[[0,0,0],[1,0,0],[0,1,0],[60,15,142]]
[[0,0,0],[1,0,0],[0,1,0],[48,1,142]]
[[0,0,0],[1,0,0],[0,1,0],[11,17,142]]
[[0,0,0],[1,0,0],[0,1,0],[72,81,142]]
[[0,0,0],[1,0,0],[0,1,0],[5,23,142]]
[[0,0,0],[1,0,0],[0,1,0],[22,127,142]]
[[0,0,0],[1,0,0],[0,1,0],[8,49,142]]
[[0,0,0],[1,0,0],[0,1,0],[28,141,142]]
[[0,0,0],[1,0,0],[0,1,0],[34,29,142]]
[[0,0,0],[1,0,0],[0,1,0],[14,9,142]]
[[0,0,0],[1,0,0],[0,1,0],[52,31,142]]
[[0,0,0],[1,0,0],[0,1,0],[12,115,142]]
[[0,0,0],[1,0,0],[0,1,0],[42,55,142]]
[[0,0,0],[1,0,0],[0,1,0],[54,141,142]]
[[0,0,0],[1,0,0],[0,1,0],[9,51,142]]
[[0,0,0],[1,0,0],[0,1,0],[22,23,142]]
[[0,0,0],[1,0,0],[0,1,0],[74,107,142]]
[[0,0,0],[1,0,0],[0,1,0],[14,15,142]]
[[0,0,0],[1,0,0],[0,1,0],[6,141,142]]
[[0,0,0],[1,0,0],[0,1,0],[5,47,142]]
[[0,0,0],[1,0,0],[0,1,0],[4,53,142]]
[[0,0,0],[1,0,0],[0,1,0],[74,75,142]]
[[0,0,0],[1,0,0],[0,1,0],[30,141,142]]
[[0,0,0],[1,0,0],[0,1,0],[42,137,142]]
[[0,0,0],[1,0,0],[0,1,0],[56,9,142]]
[[0,0,0],[1,0,0],[0,1,0],[5,69,142]]
[[0,0,0],[1,0,0],[0,1,0],[52,1,142]]
[[0,0,0],[1,0,0],[0,1,0],[4,21,142]]
[[0,0,0],[1,0,0],[0,1,0],[66,103,142]]
[[0,0,0],[1,0,0],[0,1,0],[5,9,142]]
[[0,0,0],[1,0,0],[0,1,0],[10,67,142]]
[[0,0,0],[1,0,0],[0,1,0],[8,75,142]]
[[0,0,0],[1,0,0],[0,1,0],[23,121,142]]
[[0,0,0],[1,0,0],[0,1,0],[37,113,142]]
[[0,0,0],[1,0,0],[0,1,0],[3,41,142]]
[[0,0,0],[1,0,0],[0,1,0],[8,61,142]]
[[0,0,0],[1,0,0],[0,1,0],[22,57,142]]
[[0,0,0],[1,0,0],[0,1,0],[21,59,142]]
[[0,0,0],[1,0,0],[0,1,0],[30,17,142]]
[[0,0,0],[1,0,0],[0,1,0],[70,97,142]]
[[0,0,0],[1,0,0],[0,1,0],[4,135,142]]
[[0,0,0],[1,0,0],[0,1,0],[12,15,142]]
[[0,0,0],[1,0,0],[0,1,0],[11,135,142]]
[[0,0,0],[1,0,0],[0,1,0],[11,59,142]]
[[0,0,0],[1,0,0],[0,1,0],[18,107,142]]
[[0,0,0],[1,0,0],[0,1,0],[34,47,142]]
[[0,0,0],[1,0,0],[0,1,0],[6,1,142]]
[[0,0,0],[1,0,0],[0,1,0],[7,23,142]]
[[0,0,0],[1,0,0],[0,1,0],[30,15,142]]
[[0,0,0],[1,0,0],[0,1,0],[46,13,142]]
[[0,0,0],[1,0,0],[0,1,0],[24,77,142]]
[[0,0,0],[1,0,0],[0,1,0],[15,17,142]]
[[0,0,0],[1,0,0],[0,1,0],[32,49,142]]
[[0,0,0],[1,0,0],[0,1,0],[22,65,142]]
[[0,0,0],[1,0,0],[0,1,0],[38,9,142]]
[[0,0,0],[1,0,0],[0,1,0],[22,55,142]]
[[0,0,0],[1,0,0],[0,1,0],[27,49,142]]
[[0,0,0],[1,0,0],[0,1,0],[46,41,142]]
[[0,0,0],[1,0,0],[0,1,0],[26,61,142]]
[[0,0,0],[1,0,0],[0,1,0],[4,11,142]]
[[0,0,0],[1,0,0],[0,1,0],[21,123,142]]
[[0,0,0],[1,0,0],[0,1,0],[2,31,142]]
[[0,0,0],[1,0,0],[0,1,0],[3,35,142]]
[[0,0,0],[1,0,0],[0,1,0],[74,83,142]]
[[0,0,0],[1,0,0],[0,1,0],[34,133,142]]
[[0,0,0],[1,0,0],[0,1,0],[6,109,142]]
[[0,0,0],[1,0,0],[0,1,0],[20,57,142]]
[[0,0,0],[1,0,0],[0,1,0],[26,46,142]]
[[0,0,0],[1,0,0],[0,1,0],[52,139,142]]
[[0,0,0],[1,0,0],[0,1,0],[18,75,142]]
[[0,0,0],[1,0,0],[0,1,0],[88,59,142]]
[[0,0,0],[1,0,0],[0,1,0],[92,51,142]]
[[0,0,0],[1,0,0],[0,1,0],[56,99,142]]
[[0,0,0],[1,0,0],[0,1,0],[20,9,142]]
[[0,0,0],[1,0,0],[0,1,0],[12,57,142]]
[[0,0,0],[1,0,0],[0,1,0],[26,75,142]]
[[0,0,0],[1,0,0],[0,1,0],[36,25,142]]
[[0,0,0],[1,0,0],[0,1,0],[54,35,142]]
[[0,0,0],[1,0,0],[0,1,0],[52,37,142]]
[[0,0,0],[1,0,0],[0,1,0],[26,15,142]]
[[0,0,0],[1,0,0],[0,1,0],[42,37,142]]
[[0,0,0],[1,0,0],[0,1,0],[10,39,142]]
[[0,0,0],[1,0,0],[0,1,0],[22,37,142]]
[[0,0,0],[1,0,0],[0,1,0],[9,35,142]]
[[0,0,0],[1,0,0],[0,1,0],[4,63,142]]
[[0,0,0],[1,0,0],[0,1,0],[68,3,142]]
[[0,0,0],[1,0,0],[0,1,0],[2,141,142]]
[[0,0,0],[1,0,0],[0,1,0],[22,59,142]]
[[0,0,0],[1,0,0],[0,1,0],[15,63,142]]
[[0,0,0],[1,0,0],[0,1,0],[34,135,142]]
[[0,0,0],[1,0,0],[0,1,0],[11,13,142]]
[[0,0,0],[1,0,0],[0,1,0],[118,49,142]]
[[0,0,0],[1,0,0],[0,1,0],[76,89,142]]
[[0,0,0],[1,0,0],[0,1,0],[23,45,142]]
[[0,0,0],[1,0,0],[0,1,0],[38,33,142]]
[[0,0,0],[1,0,0],[0,1,0],[28,55,142]]
[[0,0,0],[1,0,0],[0,1,0],[26,39,142]]
[[0,0,0],[1,0,0],[0,1,0],[10,55,142]]
[[0,0,0],[1,0,0],[0,1,0],[14,105,142]]
[[0,0,0],[1,0,0],[0,1,0],[7,49,142]]
[[0,0,0],[1,0,0],[0,1,0],[40,35,142]]
[[0,0,0],[1,0,0],[0,1,0],[12,137,142]]
[[0,0,0],[1,0,0],[0,1,0],[54,137,142]]
[[0,0,0],[1,0,0],[0,1,0],[14,101,142]]
[[0,0,0],[1,0,0],[0,1,0],[70,101,142]]
[[0,0,0],[1,0,0],[0,1,0],[28,51,142]]
[[0,0,0],[1,0,0],[0,1,0],[44,33,142]]
[[0,0,0],[1,0,0],[0,1,0],[28,79,142]]
[[0,0,0],[1,0,0],[0,1,0],[10,133,142]]
[[0,0,0],[1,0,0],[0,1,0],[24,27,142]]
[[0,0,0],[1,0,0],[0,1,0],[12,63,142]]
[[0,0,0],[1,0,0],[0,1,0],[21,33,142]]
[[0,0,0],[1,0,0],[0,1,0],[23,37,142]]
[[0,0,0],[1,0,0],[0,1,0],[26,79,142]]
[[0,0,0],[1,0,0],[0,1,0],[2,29,142]]
[[0,0,0],[1,0,0],[0,1,0],[40,63,142]]
[[0,0,0],[1,0,0],[0,1,0],[17,127,142]]
[[0,0,0],[1,0,0],[0,1,0],[14,107,142]]
[[0,0,0],[1,0,0],[0,1,0],[5,17,142]]
[[0,0,0],[1,0,0],[0,1,0],[90,59,142]]
[[0,0,0],[1,0,0],[0,1,0],[48,45,142]]
[[0,0,0],[1,0,0],[0,1,0],[14,11,142]]
[[0,0,0],[1,0,0],[0,1,0],[10,103,142]]
[[0,0,0],[1,0,0],[0,1,0],[104,110,142]]
[[0,0,0],[1,0,0],[0,1,0],[58,119,142]]
[[0,0,0],[1,0,0],[0,1,0],[46,113,142]]
[[0,0,0],[1,0,0],[0,1,0],[56,23,142]]
[[0,0,0],[1,0,0],[0,1,0],[2,59,142]]
[[0,0,0],[1,0,0],[0,1,0],[106,108,142]]
[[0,0,0],[1,0,0],[0,1,0],[86,91,142]]
[[0,0,0],[1,0,0],[0,1,0],[4,15,142]]
[[0,0,0],[1,0,0],[0,1,0],[60,83,142]]
[[0,0,0],[1,0,0],[0,1,0],[70,1,142]]
[[0,0,0],[1,0,0],[0,1,0],[8,51,142]]
[[0,0,0],[1,0,0],[0,1,0],[12,89,142]]
[[0,0,0],[1,0,0],[0,1,0],[4,115,142]]
[[0,0,0],[1,0,0],[0,1,0],[84,89,142]]
[[0,0,0],[1,0,0],[0,1,0],[30,42,142]]
[[0,0,0],[1,0,0],[0,1,0],[44,17,142]]
[[0,0,0],[1,0,0],[0,1,0],[26,73,142]]
[[0,0,0],[1,0,0],[0,1,0],[66,141,142]]
[[0,0,0],[1,0,0],[0,1,0],[26,21,142]]
[[0,0,0],[1,0,0],[0,1,0],[48,113,142]]
[[0,0,0],[1,0,0],[0,1,0],[16,91,142]]
[[0,0,0],[1,0,0],[0,1,0],[24,73,142]]
[[0,0,0],[1,0,0],[0,1,0],[24,53,142]]
[[0,0,0],[1,0,0],[0,1,0],[20,91,142]]
[[0,0,0],[1,0,0],[0,1,0],[8,55,142]]
[[0,0,0],[1,0,0],[0,1,0],[25,127,142]]
[[0,0,0],[1,0,0],[0,1,0],[22,63,142]]
[[0,0,0],[1,0,0],[0,1,0],[46,33,142]]
[[0,0,0],[1,0,0],[0,1,0],[35,35,142]]
[[0,0,0],[1,0,0],[0,1,0],[16,97,142]]
[[0,0,0],[1,0,0],[0,1,0],[14,35,142]]
[[0,0,0],[1,0,0],[0,1,0],[38,7,142]]
[[0,0,0],[1,0,0],[0,1,0],[4,85,142]]
[[0,0,0],[1,0,0],[0,1,0],[8,127,142]]
[[0,0,0],[1,0,0],[0,1,0],[5,51,142]]
[[0,0,0],[1,0,0],[0,1,0],[44,129,142]]
[[0,0,0],[1,0,0],[0,1,0],[20,5,142]]
[[0,0,0],[1,0,0],[0,1,0],[18,77,142]]
[[0,0,0],[1,0,0],[0,1,0],[7,65,142]]
[[0,0,0],[1,0,0],[0,1,0],[4,57,142]]
[[0,0,0],[1,0,0],[0,1,0],[98,77,142]]
[[0,0,0],[1,0,0],[0,1,0],[44,31,142]]
[[0,0,0],[1,0,0],[0,1,0],[26,87,142]]
[[0,0,0],[1,0,0],[0,1,0],[8,139,142]]
[[0,0,0],[1,0,0],[0,1,0],[8,91,142]]
[[0,0,0],[1,0,0],[0,1,0],[4,51,142]]
[[0,0,0],[1,0,0],[0,1,0],[7,19,142]]
[[0,0,0],[1,0,0],[0,1,0],[17,55,142]]
[[0,0,0],[1,0,0],[0,1,0],[36,141,142]]
[[0,0,0],[1,0,0],[0,1,0],[22,67,142]]
[[0,0,0],[1,0,0],[0,1,0],[12,109,142]]
[[0,0,0],[1,0,0],[0,1,0],[32,137,142]]
[[0,0,0],[1,0,0],[0,1,0],[3,27,142]]
[[0,0,0],[1,0,0],[0,1,0],[28,77,142]]
[[0,0,0],[1,0,0],[0,1,0],[8,25,142]]
[[0,0,0],[1,0,0],[0,1,0],[6,111,142]]
[[0,0,0],[1,0,0],[0,1,0],[48,5,142]]
[[0,0,0],[1,0,0],[0,1,0],[8,39,142]]
[[0,0,0],[1,0,0],[0,1,0],[34,73,142]]
[[0,0,0],[1,0,0],[0,1,0],[34,37,142]]
[[0,0,0],[1,0,0],[0,1,0],[34,5,142]]
[[0,0,0],[1,0,0],[0,1,0],[130,13,142]]
[[0,0,0],[1,0,0],[0,1,0],[14,3,142]]
[[0,0,0],[1,0,0],[0,1,0],[4,119,142]]
[[0,0,0],[1,0,0],[0,1,0],[44,141,142]]
[[0,0,0],[1,0,0],[0,1,0],[4,111,142]]
[[0,0,0],[1,0,0],[0,1,0],[64,121,142]]
[[0,0,0],[1,0,0],[0,1,0],[11,55,142]]
[[0,0,0],[1,0,0],[0,1,0],[16,7,142]]
[[0,0,0],[1,0,0],[0,1,0],[52,103,142]]
[[0,0,0],[1,0,0],[0,1,0],[58,13,142]]
[[0,0,0],[1,0,0],[0,1,0],[26,13,142]]
[[0,0,0],[1,0,0],[0,1,0],[78,67,142]]
[[0,0,0],[1,0,0],[0,1,0],[39,39,142]]
[[0,0,0],[1,0,0],[0,1,0],[12,31,142]]
[[0,0,0],[1,0,0],[0,1,0],[9,63,142]]
[[0,0,0],[1,0,0],[0,1,0],[52,99,142]]
[[0,0,0],[1,0,0],[0,1,0],[14,61,142]]
[[0,0,0],[1,0,0],[0,1,0],[16,19,142]]
[[0,0,0],[1,0,0],[0,1,0],[12,25,142]]
[[0,0,0],[1,0,0],[0,1,0],[32,125,142]]
[[0,0,0],[1,0,0],[0,1,0],[5,37,142]]
[[0,0,0],[1,0,0],[0,1,0],[5,63,142]]
[[0,0,0],[1,0,0],[0,1,0],[30,67,142]]
[[0,0,0],[1,0,0],[0,1,0],[17,17,142]]
[[0,0,0],[1,0,0],[0,1,0],[22,1,142]]
[[0,0,0],[1,0,0],[0,1,0],[17,41,142]]
[[0,0,0],[1,0,0],[0,1,0],[32,79,142]]
[[0,0,0],[1,0,0],[0,1,0],[16,13,142]]
[[0,0,0],[1,0,0],[0,1,0],[14,5,142]]
[[0,0,0],[1,0,0],[0,1,0],[22,85,142]]
[[0,0,0],[1,0,0],[0,1,0],[78,99,142]]
[[0,0,0],[1,0,0],[0,1,0],[1,31,142]]
[[0,0,0],[1,0,0],[0,1,0],[20,97,142]]
[[0,0,0],[1,0,0],[0,1,0],[14,58,142]]
[[0,0,0],[1,0,0],[0,1,0],[17,59,142]]
[[0,0,0],[1,0,0],[0,1,0],[32,43,142]]
[[0,0,0],[1,0,0],[0,1,0],[14,115,142]]
[[0,0,0],[1,0,0],[0,1,0],[52,27,142]]
[[0,0,0],[1,0,0],[0,1,0],[10,79,142]]
[[0,0,0],[1,0,0],[0,1,0],[4,99,142]]
[[0,0,0],[1,0,0],[0,1,0],[2,105,142]]
[[0,0,0],[1,0,0],[0,1,0],[26,17,142]]
[[0,0,0],[1,0,0],[0,1,0],[34,139,142]]
[[0,0,0],[1,0,0],[0,1,0],[30,81,142]]
[[0,0,0],[1,0,0],[0,1,0],[68,133,142]]
[[0,0,0],[1,0,0],[0,1,0],[38,19,142]]
[[0,0,0],[1,0,0],[0,1,0],[46,21,142]]
[[0,0,0],[1,0,0],[0,1,0],[2,67,142]]
[[0,0,0],[1,0,0],[0,1,0],[28,39,142]]
[[0,0,0],[1,0,0],[0,1,0],[38,35,142]]
[[0,0,0],[1,0,0],[0,1,0],[38,43,142]]
[[0,0,0],[1,0,0],[0,1,0],[108,49,142]]
[[0,0,0],[1,0,0],[0,1,0],[80,83,142]]
[[0,0,0],[1,0,0],[0,1,0],[7,55,142]]
[[0,0,0],[1,0,0],[0,1,0],[14,21,142]]
[[0,0,0],[1,0,0],[0,1,0],[26,23,142]]
[[0,0,0],[1,0,0],[0,1,0],[80,107,142]]
[[0,0,0],[1,0,0],[0,1,0],[4,141,142]]
[[0,0,0],[1,0,0],[0,1,0],[4,35,142]]
[[0,0,0],[1,0,0],[0,1,0],[6,115,142]]
[[0,0,0],[1,0,0],[0,1,0],[38,125,142]]
[[0,0,0],[1,0,0],[0,1,0],[9,9,142]]
[[0,0,0],[1,0,0],[0,1,0],[20,83,142]]
[[0,0,0],[1,0,0],[0,1,0],[10,135,142]]
[[0,0,0],[1,0,0],[0,1,0],[58,115,142]]
[[0,0,0],[1,0,0],[0,1,0],[25,31,142]]
[[0,0,0],[1,0,0],[0,1,0],[28,7,142]]
[[0,0,0],[1,0,0],[0,1,0],[18,15,142]]
[[0,0,0],[1,0,0],[0,1,0],[40,7,142]]
[[0,0,0],[1,0,0],[0,1,0],[10,15,142]]
[[0,0,0],[1,0,0],[0,1,0],[52,33,142]]
[[0,0,0],[1,0,0],[0,1,0],[20,63,142]]
[[0,0,0],[1,0,0],[0,1,0],[32,53,142]]
[[0,0,0],[1,0,0],[0,1,0],[40,141,142]]
[[0,0,0],[1,0,0],[0,1,0],[4,1,142]]
[[0,0,0],[1,0,0],[0,1,0],[10,91,142]]
[[0,0,0],[1,0,0],[0,1,0],[50,41,142]]
[[0,0,0],[1,0,0],[0,1,0],[32,121,142]]
[[0,0,0],[1,0,0],[0,1,0],[14,19,142]]
[[0,0,0],[1,0,0],[0,1,0],[3,3,142]]
[[0,0,0],[1,0,0],[0,1,0],[24,95,142]]
[[0,0,0],[1,0,0],[0,1,0],[68,1,142]]
[[0,0,0],[1,0,0],[0,1,0],[94,69,142]]
[[0,0,0],[1,0,0],[0,1,0],[44,1,142]]
[[0,0,0],[1,0,0],[0,1,0],[42,59,142]]
[[0,0,0],[1,0,0],[0,1,0],[32,127,142]]
[[0,0,0],[1,0,0],[0,1,0],[2,127,142]]
[[0,0,0],[1,0,0],[0,1,0],[72,85,142]]
[[0,0,0],[1,0,0],[0,1,0],[6,37,142]]
[[0,0,0],[1,0,0],[0,1,0],[36,47,142]]
[[0,0,0],[1,0,0],[0,1,0],[6,97,142]]
[[0,0,0],[1,0,0],[0,1,0],[20,135,142]]
[[0,0,0],[1,0,0],[0,1,0],[24,3,142]]
[[0,0,0],[1,0,0],[0,1,0],[4,139,142]]
[[0,0,0],[1,0,0],[0,1,0],[10,45,142]]
[[0,0,0],[1,0,0],[0,1,0],[22,123,142]]
[[0,0,0],[1,0,0],[0,1,0],[40,45,142]]
[[0,0,0],[1,0,0],[0,1,0],[1,53,142]]
[[0,0,0],[1,0,0],[0,1,0],[6,55,142]]
[[0,0,0],[1,0,0],[0,1,0],[50,99,142]]
[[0,0,0],[1,0,0],[0,1,0],[16,77,142]]
[[0,0,0],[1,0,0],[0,1,0],[26,131,142]]
[[0,0,0],[1,0,0],[0,1,0],[8,59,142]]
[[0,0,0],[1,0,0],[0,1,0],[106,55,142]]
[[0,0,0],[1,0,0],[0,1,0],[1,23,142]]
[[0,0,0],[1,0,0],[0,1,0],[50,27,142]]
[[0,0,0],[1,0,0],[0,1,0],[18,89,142]]
[[0,0,0],[1,0,0],[0,1,0],[22,133,142]]
[[0,0,0],[1,0,0],[0,1,0],[102,61,142]]
[[0,0,0],[1,0,0],[0,1,0],[12,113,142]]
[[0,0,0],[1,0,0],[0,1,0],[86,128,142]]
[[0,0,0],[1,0,0],[0,1,0],[2,109,142]]
[[0,0,0],[1,0,0],[0,1,0],[44,135,142]]
[[0,0,0],[1,0,0],[0,1,0],[20,1,142]]
[[0,0,0],[1,0,0],[0,1,0],[80,109,142]]
[[0,0,0],[1,0,0],[0,1,0],[66,97,142]]
[[0,0,0],[1,0,0],[0,1,0],[11,137,142]]
[[0,0,0],[1,0,0],[0,1,0],[3,15,142]]
[[0,0,0],[1,0,0],[0,1,0],[6,99,142]]
[[0,0,0],[1,0,0],[0,1,0],[30,83,142]]
[[0,0,0],[1,0,0],[0,1,0],[1,39,142]]
[[0,0,0],[1,0,0],[0,1,0],[5,31,142]]
[[0,0,0],[1,0,0],[0,1,0],[38,105,142]]
[[0,0,0],[1,0,0],[0,1,0],[8,109,142]]
[[0,0,0],[1,0,0],[0,1,0],[48,35,142]]
[[0,0,0],[1,0,0],[0,1,0],[36,111,142]]
[[0,0,0],[1,0,0],[0,1,0],[12,91,142]]
[[0,0,0],[1,0,0],[0,1,0],[17,33,142]]
[[0,0,0],[1,0,0],[0,1,0],[32,123,142]]
[[0,0,0],[1,0,0],[0,1,0],[60,5,142]]
[[0,0,0],[1,0,0],[0,1,0],[34,141,142]]
[[0,0,0],[1,0,0],[0,1,0],[31,113,142]]
[[0,0,0],[1,0,0],[0,1,0],[54,111,142]]
[[0,0,0],[1,0,0],[0,1,0],[22,25,142]]
[[0,0,0],[1,0,0],[0,1,0],[6,45,142]]
[[0,0,0],[1,0,0],[0,1,0],[10,107,142]]
[[0,0,0],[1,0,0],[0,1,0],[18,73,142]]
[[0,0,0],[1,0,0],[0,1,0],[12,47,142]]
[[0,0,0],[1,0,0],[0,1,0],[44,137,142]]
[[0,0,0],[1,0,0],[0,1,0],[9,23,142]]
[[0,0,0],[1,0,0],[0,1,0],[12,77,142]]
[[0,0,0],[1,0,0],[0,1,0],[4,97,142]]
[[0,0,0],[1,0,0],[0,1,0],[70,141,142]]
[[0,0,0],[1,0,0],[0,1,0],[22,47,142]]
[[0,0,0],[1,0,0],[0,1,0],[72,73,142]]
[[0,0,0],[1,0,0],[0,1,0],[30,11,142]]
[[0,0,0],[1,0,0],[0,1,0],[84,130,142]]
[[0,0,0],[1,0,0],[0,1,0],[8,141,142]]
[[0,0,0],[1,0,0],[0,1,0],[8,99,142]]
[[0,0,0],[1,0,0],[0,1,0],[50,109,142]]
[[0,0,0],[1,0,0],[0,1,0],[100,53,142]]
[[0,0,0],[1,0,0],[0,1,0],[14,55,142]]
[[0,0,0],[1,0,0],[0,1,0],[10,1,142]]
[[0,0,0],[1,0,0],[0,1,0],[1,3,142]]
[[0,0,0],[1,0,0],[0,1,0],[94,97,142]]
[[0,0,0],[1,0,0],[0,1,0],[42,141,142]]
[[0,0,0],[1,0,0],[0,1,0],[40,105,142]]
[[0,0,0],[1,0,0],[0,1,0],[58,27,142]]
[[0,0,0],[1,0,0],[0,1,0],[12,83,142]]
[[0,0,0],[1,0,0],[0,1,0],[8,64,142]]
[[0,0,0],[1,0,0],[0,1,0],[38,11,142]]
[[0,0,0],[1,0,0],[0,1,0],[7,11,142]]
[[0,0,0],[1,0,0],[0,1,0],[54,91,142]]
[[0,0,0],[1,0,0],[0,1,0],[21,55,142]]
[[0,0,0],[1,0,0],[0,1,0],[20,75,142]]
[[0,0,0],[1,0,0],[0,1,0],[46,117,142]]
[[0,0,0],[1,0,0],[0,1,0],[2,87,142]]
[[0,0,0],[1,0,0],[0,1,0],[2,51,142]]
[[0,0,0],[1,0,0],[0,1,0],[48,95,142]]
[[0,0,0],[1,0,0],[0,1,0],[8,23,142]]
[[0,0,0],[1,0,0],[0,1,0],[34,1,142]]
[[0,0,0],[2,0,0],[0,1,0],[0,1,71]]
[[0,0,0],[1,0,0],[0,1,0],[9,47,142]]
[[0,0,0],[1,0,0],[0,1,0],[24,9,142]]
[[0,0,0],[1,0,0],[0,1,0],[34,13,142]]
[[0,0,0],[1,0,0],[0,1,0],[23,23,142]]
[[0,0,0],[1,0,0],[0,1,0],[6,127,142]]
[[0,0,0],[1,0,0],[0,1,0],[2,123,142]]
[[0,0,0],[1,0,0],[0,1,0],[20,95,142]]
[[0,0,0],[1,0,0],[0,1,0],[12,45,142]]
[[0,0,0],[1,0,0],[0,1,0],[78,65,142]]
[[0,0,0],[1,0,0],[0,1,0],[40,25,142]]
[[0,0,0],[1,0,0],[0,1,0],[62,9,142]]
[[0,0,0],[1,0,0],[0,1,0],[9,29,142]]
[[0,0,0],[1,0,0],[0,1,0],[2,135,142]]
[[0,0,0],[1,0,0],[0,1,0],[4,133,142]]
[[0,0,0],[1,0,0],[0,1,0],[7,53,142]]
[[0,0,0],[1,0,0],[0,1,0],[6,67,142]]
[[0,0,0],[1,0,0],[0,1,0],[10,53,142]]
[[0,0,0],[1,0,0],[0,1,0],[94,120,142]]
[[0,0,0],[1,0,0],[0,1,0],[44,3,142]]
[[0,0,0],[1,0,0],[0,1,0],[30,73,142]]
[[0,0,0],[1,0,0],[0,1,0],[92,122,142]]
[[0,0,0],[1,0,0],[0,1,0],[33,41,142]]
[[0,0,0],[1,0,0],[0,1,0],[2,55,142]]
[[0,0,0],[1,0,0],[0,1,0],[8,63,142]]
[[0,0,0],[1,0,0],[0,1,0],[4,19,142]]
[[0,0,0],[1,0,0],[0,1,0],[12,35,142]]
[[0,0,0],[1,0,0],[0,1,0],[62,1,142]]
[[0,0,0],[1,0,0],[0,1,0],[9,45,142]]
[[0,0,0],[1,0,0],[0,1,0],[10,99,142]]
[[0,0,0],[1,0,0],[0,1,0],[9,65,142]]
[[0,0,0],[1,0,0],[0,1,0],[20,27,142]]
[[0,0,0],[1,0,0],[0,1,0],[6,33,142]]
[[0,0,0],[1,0,0],[0,1,0],[1,33,142]]
[[0,0,0],[1,0,0],[0,1,0],[16,37,142]]
[[0,0,0],[1,0,0],[0,1,0],[68,105,142]]
[[0,0,0],[1,0,0],[0,1,0],[74,140,142]]
[[0,0,0],[1,0,0],[0,1,0],[2,65,142]]
[[0,0,0],[1,0,0],[0,1,0],[62,141,142]]
[[0,0,0],[1,0,0],[0,1,0],[12,43,142]]
[[0,0,0],[1,0,0],[0,1,0],[30,51,142]]
[[0,0,0],[1,0,0],[0,1,0],[24,119,142]]
[[0,0,0],[1,0,0],[0,1,0],[36,27,142]]
[[0,0,0],[1,0,0],[0,1,0],[56,21,142]]
[[0,0,0],[1,0,0],[0,1,0],[60,3,142]]
[[0,0,0],[1,0,0],[0,1,0],[24,123,142]]
[[0,0,0],[1,0,0],[0,1,0],[10,19,142]]
[[0,0,0],[1,0,0],[0,1,0],[44,105,142]]
[[0,0,0],[1,0,0],[0,1,0],[16,39,142]]
[[0,0,0],[1,0,0],[0,1,0],[10,83,142]]
[[0,0,0],[1,0,0],[0,1,0],[4,67,142]]
[[0,0,0],[1,0,0],[0,1,0],[4,81,142]]
[[0,0,0],[1,0,0],[0,1,0],[92,67,142]]
[[0,0,0],[1,0,0],[0,1,0],[92,59,142]]
[[0,0,0],[1,0,0],[0,1,0],[38,111,142]]
[[0,0,0],[1,0,0],[0,1,0],[5,25,142]]
[[0,0,0],[1,0,0],[0,1,0],[64,139,142]]
[[0,0,0],[1,0,0],[0,1,0],[28,33,142]]
[[0,0,0],[1,0,0],[0,1,0],[15,23,142]]
[[0,0,0],[1,0,0],[0,1,0],[26,3,142]]
[[0,0,0],[1,0,0],[0,1,0],[5,67,142]]
[[0,0,0],[1,0,0],[0,1,0],[20,52,142]]
[[0,0,0],[1,0,0],[0,1,0],[30,1,142]]
[[0,0,0],[1,0,0],[0,1,0],[74,77,142]]
[[0,0,0],[1,0,0],[0,1,0],[20,31,142]]
[[0,0,0],[1,0,0],[0,1,0],[10,69,142]]
[[0,0,0],[1,0,0],[0,1,0],[34,67,142]]
[[0,0,0],[1,0,0],[0,1,0],[9,135,142]]
[[0,0,0],[1,0,0],[0,1,0],[32,135,142]]
[[0,0,0],[1,0,0],[0,1,0],[48,23,142]]
[[0,0,0],[1,0,0],[0,1,0],[32,115,142]]
[[0,0,0],[1,0,0],[0,1,0],[18,97,142]]
[[0,0,0],[1,0,0],[0,1,0],[72,77,142]]
[[0,0,0],[1,0,0],[0,1,0],[102,112,142]]
[[0,0,0],[1,0,0],[0,1,0],[21,47,142]]
[[0,0,0],[1,0,0],[0,1,0],[38,141,142]]
[[0,0,0],[1,0,0],[0,1,0],[74,135,142]]
[[0,0,0],[1,0,0],[0,1,0],[24,85,142]]
[[0,0,0],[1,0,0],[0,1,0],[6,95,142]]
[[0,0,0],[1,0,0],[0,1,0],[60,101,142]]
[[0,0,0],[1,0,0],[0,1,0],[9,11,142]]
[[0,0,0],[1,0,0],[0,1,0],[36,41,142]]
[[0,0,0],[1,0,0],[0,1,0],[42,1,142]]
[[0,0,0],[1,0,0],[0,1,0],[16,129,142]]
[[0,0,0],[1,0,0],[0,1,0],[1,41,142]]
[[0,0,0],[1,0,0],[0,1,0],[66,11,142]]
[[0,0,0],[1,0,0],[0,1,0],[3,67,142]]
[[0,0,0],[1,0,0],[0,1,0],[16,31,142]]
[[0,0,0],[1,0,0],[0,1,0],[8,19,142]]
[[0,0,0],[1,0,0],[0,1,0],[36,3,142]]
[[0,0,0],[1,0,0],[0,1,0],[16,75,142]]
[[0,0,0],[1,0,0],[0,1,0],[15,51,142]]
[[0,0,0],[1,0,0],[0,1,0],[2,15,142]]
[[0,0,0],[1,0,0],[0,1,0],[2,23,142]]
[[0,0,0],[1,0,0],[0,1,0],[16,55,142]]
[[0,0,0],[1,0,0],[0,1,0],[48,133,142]]
[[0,0,0],[1,0,0],[0,1,0],[10,59,142]]
[[0,0,0],[1,0,0],[0,1,0],[24,121,142]]
[[0,0,0],[1,0,0],[0,1,0],[10,141,142]]
[[0,0,0],[1,0,0],[0,1,0],[18,95,142]]
[[0,0,0],[1,0,0],[0,1,0],[18,13,142]]
[[0,0,0],[1,0,0],[0,1,0],[25,49,142]]
[[0,0,0],[1,0,0],[0,1,0],[17,21,142]]
[[0,0,0],[1,0,0],[0,1,0],[16,93,142]]
[[0,0,0],[1,0,0],[0,1,0],[66,111,142]]
[[0,0,0],[1,0,0],[0,1,0],[38,115,142]]
[[0,0,0],[1,0,0],[0,1,0],[20,39,142]]
[[0,0,0],[1,0,0],[0,1,0],[24,37,142]]
[[0,0,0],[1,0,0],[0,1,0],[44,13,142]]
[[0,0,0],[1,0,0],[0,1,0],[44,35,142]]
[[0,0,0],[1,0,0],[0,1,0],[14,131,142]]
[[0,0,0],[1,0,0],[0,1,0],[50,135,142]]
[[0,0,0],[1,0,0],[0,1,0],[64,1,142]]
[[0,0,0],[1,0,0],[0,1,0],[40,103,142]]
[[0,0,0],[1,0,0],[0,1,0],[36,37,142]]
[[0,0,0],[1,0,0],[0,1,0],[10,57,142]]
[[0,0,0],[1,0,0],[0,1,0],[18,29,142]]
[[0,0,0],[1,0,0],[0,1,0],[30,13,142]]
[[0,0,0],[1,0,0],[0,1,0],[54,3,142]]
[[0,0,0],[1,0,0],[0,1,0],[26,37,142]]
[[0,0,0],[1,0,0],[0,1,0],[21,35,142]]
[[0,0,0],[1,0,0],[0,1,0],[8,1,142]]
[[0,0,0],[1,0,0],[0,1,0],[7,137,142]]
[[0,0,0],[1,0,0],[0,1,0],[21,51,142]]
[[0,0,0],[1,0,0],[0,1,0],[26,81,142]]
[[0,0,0],[1,0,0],[0,1,0],[2,27,142]]
[[0,0,0],[1,0,0],[0,1,0],[30,61,142]]
[[0,0,0],[1,0,0],[0,1,0],[41,107,142]]
[[0,0,0],[1,0,0],[0,1,0],[32,7,142]]
[[0,0,0],[1,0,0],[0,1,0],[2,33,142]]
[[0,0,0],[1,0,0],[0,1,0],[1,15,142]]
[[0,0,0],[1,0,0],[0,1,0],[6,47,142]]
[[0,0,0],[1,0,0],[0,1,0],[124,19,142]]
[[0,0,0],[1,0,0],[0,1,0],[34,41,142]]
[[0,0,0],[1,0,0],[0,1,0],[26,19,142]]
[[0,0,0],[1,0,0],[0,1,0],[40,5,142]]
[[0,0,0],[1,0,0],[0,1,0],[15,53,142]]
[[0,0,0],[1,0,0],[0,1,0],[14,49,142]]
[[0,0,0],[1,0,0],[0,1,0],[22,9,142]]
[[0,0,0],[1,0,0],[0,1,0],[20,127,142]]
[[0,0,0],[1,0,0],[0,1,0],[12,85,142]]
[[0,0,0],[1,0,0],[0,1,0],[2,79,142]]
[[0,0,0],[1,0,0],[0,1,0],[28,44,142]]
[[0,0,0],[1,0,0],[0,1,0],[50,131,142]]
[[0,0,0],[1,0,0],[0,1,0],[8,93,142]]
[[0,0,0],[1,0,0],[0,1,0],[34,31,142]]
[[0,0,0],[1,0,0],[0,1,0],[14,67,142]]
[[0,0,0],[1,0,0],[0,1,0],[2,81,142]]
[[0,0,0],[1,0,0],[0,1,0],[10,41,142]]
[[0,0,0],[1,0,0],[0,1,0],[64,101,142]]
[[0,0,0],[1,0,0],[0,1,0],[6,83,142]]
[[0,0,0],[1,0,0],[0,1,0],[32,25,142]]
[[0,0,0],[1,0,0],[0,1,0],[42,35,142]]
[[0,0,0],[1,0,0],[0,1,0],[12,135,142]]
[[0,0,0],[1,0,0],[0,1,0],[8,105,142]]
[[0,0,0],[1,0,0],[0,1,0],[18,63,142]]
[[0,0,0],[1,0,0],[0,1,0],[10,29,142]]
[[0,0,0],[1,0,0],[0,1,0],[50,133,142]]
[[0,0,0],[1,0,0],[0,1,0],[46,1,142]]
[[0,0,0],[1,0,0],[0,1,0],[18,37,142]]
[[0,0,0],[1,0,0],[0,1,0],[2,70,142]]
[[0,0,0],[1,0,0],[0,1,0],[32,23,142]]
[[0,0,0],[1,0,0],[0,1,0],[6,15,142]]
[[0,0,0],[1,0,0],[0,1,0],[28,127,142]]
[[0,0,0],[1,0,0],[0,1,0],[26,127,142]]
[[0,0,0],[1,0,0],[0,1,0],[46,97,142]]
[[0,0,0],[1,0,0],[0,1,0],[46,129,142]]
[[0,0,0],[1,0,0],[0,1,0],[34,117,142]]
[[0,0,0],[1,0,0],[0,1,0],[64,91,142]]
[[0,0,0],[1,0,0],[0,1,0],[42,15,142]]
[[0,0,0],[1,0,0],[0,1,0],[46,35,142]]
[[0,0,0],[1,0,0],[0,1,0],[58,9,142]]
[[0,0,0],[1,0,0],[0,1,0],[58,87,142]]
[[0,0,0],[1,0,0],[0,1,0],[82,115,142]]
[[0,0,0],[1,0,0],[0,1,0],[24,19,142]]
[[0,0,0],[1,0,0],[0,1,0],[26,31,142]]
[[0,0,0],[1,0,0],[0,1,0],[10,105,142]]
[[0,0,0],[1,0,0],[0,1,0],[10,81,142]]
[[0,0,0],[1,0,0],[0,1,0],[16,107,142]]
[[0,0,0],[1,0,0],[0,1,0],[6,25,142]]
[[0,0,0],[1,0,0],[0,1,0],[8,15,142]]
[[0,0,0],[1,0,0],[0,1,0],[26,11,142]]
[[0,0,0],[1,0,0],[0,1,0],[22,87,142]]
[[0,0,0],[1,0,0],[0,1,0],[16,105,142]]
[[0,0,0],[1,0,0],[0,1,0],[3,57,142]]
[[0,0,0],[1,0,0],[0,1,0],[6,87,142]]
[[0,0,0],[1,0,0],[0,1,0],[40,23,142]]
[[0,0,0],[1,0,0],[0,1,0],[38,131,142]]
[[0,0,0],[1,0,0],[0,1,0],[24,63,142]]
[[0,0,0],[1,0,0],[0,1,0],[6,121,142]]
[[0,0,0],[1,0,0],[0,1,0],[34,23,142]]
[[0,0,0],[1,0,0],[0,1,0],[8,57,142]]
[[0,0,0],[1,0,0],[0,1,0],[16,87,142]]
[[0,0,0],[1,0,0],[0,1,0],[6,23,142]]
[[0,0,0],[1,0,0],[0,1,0],[6,91,142]]
[[0,0,0],[1,0,0],[0,1,0],[25,47,142]]
[[0,0,0],[1,0,0],[0,1,0],[100,114,142]]
[[0,0,0],[1,0,0],[0,1,0],[110,51,142]]
[[0,0,0],[1,0,0],[0,1,0],[2,57,142]]
[[0,0,0],[1,0,0],[0,1,0],[26,9,142]]
[[0,0,0],[1,0,0],[0,1,0],[36,43,142]]
[[0,0,0],[1,0,0],[0,1,0],[40,113,142]]
[[0,0,0],[1,0,0],[0,1,0],[30,37,142]]
[[0,0,0],[1,0,0],[0,1,0],[2,49,142]]
[[0,0,0],[1,0,0],[0,1,0],[8,135,142]]
[[0,0,0],[1,0,0],[0,1,0],[7,67,142]]
[[0,0,0],[1,0,0],[0,1,0],[28,37,142]]
[[0,0,0],[1,0,0],[0,1,0],[5,7,142]]
[[0,0,0],[1,0,0],[0,1,0],[11,33,142]]
[[0,0,0],[1,0,0],[0,1,0],[72,75,142]]
[[0,0,0],[1,0,0],[0,1,0],[80,113,142]]
[[0,0,0],[1,0,0],[0,1,0],[82,107,142]]
[[0,0,0],[1,0,0],[0,1,0],[18,54,142]]
[[0,0,0],[1,0,0],[0,1,0],[20,41,142]]
[[0,0,0],[1,0,0],[0,1,0],[36,36,142]]
[[0,0,0],[1,0,0],[0,1,0],[28,49,142]]
[[0,0,0],[1,0,0],[0,1,0],[1,29,142]]
[[0,0,0],[1,0,0],[0,1,0],[20,15,142]]
[[0,0,0],[1,0,0],[0,1,0],[23,129,142]]
[[0,0,0],[1,0,0],[0,1,0],[56,105,142]]
[[0,0,0],[1,0,0],[0,1,0],[24,39,142]]
[[0,0,0],[1,0,0],[0,1,0],[4,65,142]]
[[0,0,0],[1,0,0],[0,1,0],[68,5,142]]
[[0,0,0],[1,0,0],[0,1,0],[28,17,142]]
[[0,0,0],[1,0,0],[0,1,0],[8,111,142]]
[[0,0,0],[1,0,0],[0,1,0],[20,79,142]]
[[0,0,0],[1,0,0],[0,1,0],[7,59,142]]
[[0,0,0],[1,0,0],[0,1,0],[54,101,142]]
[[0,0,0],[1,0,0],[0,1,0],[29,119,142]]
[[0,0,0],[1,0,0],[0,1,0],[26,77,142]]
[[0,0,0],[1,0,0],[0,1,0],[30,43,142]]
[[0,0,0],[1,0,0],[0,1,0],[12,33,142]]
[[0,0,0],[1,0,0],[0,1,0],[98,49,142]]
[[0,0,0],[1,0,0],[0,1,0],[54,113,142]]
[[0,0,0],[1,0,0],[0,1,0],[30,41,142]]
[[0,0,0],[1,0,0],[0,1,0],[8,47,142]]
[[0,0,0],[1,0,0],[0,1,0],[39,41,142]]
[[0,0,0],[1,0,0],[0,1,0],[80,125,142]]
[[0,0,0],[1,0,0],[0,1,0],[10,117,142]]
[[0,0,0],[1,0,0],[0,1,0],[10,139,142]]
[[0,0,0],[1,0,0],[0,1,0],[58,5,142]]
[[0,0,0],[1,0,0],[0,1,0],[28,21,142]]
[[0,0,0],[1,0,0],[0,1,0],[40,111,142]]
[[0,0,0],[1,0,0],[0,1,0],[24,29,142]]
[[0,0,0],[1,0,0],[0,1,0],[6,11,142]]
[[0,0,0],[1,0,0],[0,1,0],[62,135,142]]
[[0,0,0],[1,0,0],[0,1,0],[4,27,142]]
[[0,0,0],[1,0,0],[0,1,0],[58,129,142]]
[[0,0,0],[1,0,0],[0,1,0],[14,113,142]]
[[0,0,0],[1,0,0],[0,1,0],[18,27,142]]
[[0,0,0],[1,0,0],[0,1,0],[26,119,142]]
[[0,0,0],[1,0,0],[0,1,0],[10,113,142]]
[[0,0,0],[1,0,0],[0,1,0],[54,123,142]]
[[0,0,0],[1,0,0],[0,1,0],[16,131,142]]
[[0,0,0],[1,0,0],[0,1,0],[24,91,142]]
[[0,0,0],[1,0,0],[0,1,0],[50,21,142]]
[[0,0,0],[1,0,0],[0,1,0],[34,21,142]]
[[0,0,0],[1,0,0],[0,1,0],[38,15,142]]
[[0,0,0],[1,0,0],[0,1,0],[48,25,142]]
[[0,0,0],[1,0,0],[0,1,0],[22,141,142]]
[[0,0,0],[1,0,0],[0,1,0],[80,89,142]]
[[0,0,0],[1,0,0],[0,1,0],[4,109,142]]
[[0,0,0],[1,0,0],[0,1,0],[32,33,142]]
[[0,0,0],[1,0,0],[0,1,0],[28,47,142]]
[[0,0,0],[1,0,0],[0,1,0],[88,107,142]]
[[0,0,0],[1,0,0],[0,1,0],[16,137,142]]
[[0,0,0],[1,0,0],[0,1,0],[86,107,142]]
[[0,0,0],[1,0,0],[0,1,0],[18,49,142]]
[[0,0,0],[1,0,0],[0,1,0],[80,65,142]]
[[0,0,0],[1,0,0],[0,1,0],[90,69,142]]
[[0,0,0],[1,0,0],[0,1,0],[20,73,142]]
[[0,0,0],[1,0,0],[0,1,0],[22,53,142]]
[[0,0,0],[1,0,0],[0,1,0],[38,23,142]]
[[0,0,0],[1,0,0],[0,1,0],[11,51,142]]
[[0,0,0],[1,0,0],[0,1,0],[12,37,142]]
[[0,0,0],[1,0,0],[0,1,0],[5,13,142]]
[[0,0,0],[1,0,0],[0,1,0],[28,41,142]]
[[0,0,0],[1,0,0],[0,1,0],[8,11,142]]
[[0,0,0],[1,0,0],[0,1,0],[54,17,142]]
[[0,0,0],[1,0,0],[0,1,0],[22,13,142]]
[[0,0,0],[1,0,0],[0,1,0],[28,133,142]]
[[0,0,0],[1,0,0],[0,1,0],[16,135,142]]
[[0,0,0],[1,0,0],[0,1,0],[62,93,142]]
[[0,0,0],[1,0,0],[0,1,0],[8,77,142]]
[[0,0,0],[1,0,0],[0,1,0],[34,38,142]]
[[0,0,0],[1,0,0],[0,1,0],[10,101,142]]
[[0,0,0],[1,0,0],[0,1,0],[18,137,142]]
[[0,0,0],[1,0,0],[0,1,0],[12,99,142]]
[[0,0,0],[1,0,0],[0,1,0],[34,45,142]]
[[0,0,0],[1,0,0],[0,1,0],[32,29,142]]
[[0,0,0],[1,0,0],[0,1,0],[36,129,142]]
[[0,0,0],[1,0,0],[0,1,0],[12,81,142]]
[[0,0,0],[1,0,0],[0,1,0],[3,13,142]]
[[0,0,0],[1,0,0],[0,1,0],[5,35,142]]
[[0,0,0],[1,0,0],[0,1,0],[4,47,142]]
[[0,0,0],[1,0,0],[0,1,0],[9,33,142]]
[[0,0,0],[1,0,0],[0,1,0],[56,141,142]]
[[0,0,0],[1,0,0],[0,1,0],[16,25,142]]
[[0,0,0],[1,0,0],[0,1,0],[17,45,142]]
[[0,0,0],[1,0,0],[0,1,0],[32,129,142]]
[[0,0,0],[1,0,0],[0,1,0],[27,29,142]]
[[0,0,0],[1,0,0],[0,1,0],[25,121,142]]
[[0,0,0],[1,0,0],[0,1,0],[56,97,142]]
[[0,0,0],[1,0,0],[0,1,0],[12,3,142]]
[[0,0,0],[1,0,0],[0,1,0],[24,7,142]]
[[0,0,0],[1,0,0],[0,1,0],[4,131,142]]
[[0,0,0],[1,0,0],[0,1,0],[98,116,142]]
[[0,0,0],[1,0,0],[0,1,0],[82,61,142]]
[[0,0,0],[1,0,0],[0,1,0],[14,39,142]]
[[0,0,0],[1,0,0],[0,1,0],[14,17,142]]
[[0,0,0],[1,0,0],[0,1,0],[36,123,142]]
[[0,0,0],[1,0,0],[0,1,0],[24,17,142]]
[[0,0,0],[1,0,0],[0,1,0],[20,13,142]]
[[0,0,0],[1,0,0],[0,1,0],[30,133,142]]
[[0,0,0],[1,0,0],[0,1,0],[6,27,142]]
[[0,0,0],[1,0,0],[0,1,0],[4,31,142]]
[[0,0,0],[1,0,0],[0,1,0],[6,119,142]]
[[0,0,0],[1,0,0],[0,1,0],[22,95,142]]
[[0,0,0],[1,0,0],[0,1,0],[5,27,142]]
[[0,0,0],[1,0,0],[0,1,0],[20,49,142]]
[[0,0,0],[1,0,0],[0,1,0],[46,125,142]]
[[0,0,0],[1,0,0],[0,1,0],[56,137,142]]
[[0,0,0],[1,0,0],[0,1,0],[3,51,142]]
[[0,0,0],[1,0,0],[0,1,0],[56,7,142]]
[[0,0,0],[1,0,0],[0,1,0],[43,103,142]]
[[0,0,0],[1,0,0],[0,1,0],[40,21,142]]
[[0,0,0],[1,0,0],[0,1,0],[7,31,142]]
[[0,0,0],[1,0,0],[0,1,0],[18,141,142]]
[[0,0,0],[1,0,0],[0,1,0],[16,73,142]]
[[0,0,0],[1,0,0],[0,1,0],[36,17,142]]
[[0,0,0],[1,0,0],[0,1,0],[30,129,142]]
[[0,0,0],[1,0,0],[0,1,0],[40,41,142]]
[[0,0,0],[1,0,0],[0,1,0],[64,135,142]]
[[0,0,0],[1,0,0],[0,1,0],[14,51,142]]
[[0,0,0],[1,0,0],[0,1,0],[10,27,142]]
[[0,0,0],[1,0,0],[0,1,0],[38,25,142]]
[[0,0,0],[1,0,0],[0,1,0],[58,139,142]]
[[0,0,0],[1,0,0],[0,1,0],[7,63,142]]
[[0,0,0],[1,0,0],[0,1,0],[44,27,142]]
[[0,0,0],[1,0,0],[0,1,0],[92,101,142]]
[[0,0,0],[1,0,0],[0,1,0],[54,89,142]]
[[0,0,0],[1,0,0],[0,1,0],[8,9,142]]
[[0,0,0],[1,0,0],[0,1,0],[24,48,142]]
[[0,0,0],[1,0,0],[0,1,0],[6,31,142]]
[[0,0,0],[1,0,0],[0,1,0],[15,43,142]]
[[0,0,0],[1,0,0],[0,1,0],[31,39,142]]
[[0,0,0],[1,0,0],[0,1,0],[2,83,142]]
[[0,0,0],[1,0,0],[0,1,0],[106,69,142]]
[[0,0,0],[1,0,0],[0,1,0],[4,29,142]]
[[0,0,0],[1,0,0],[0,1,0],[44,99,142]]
[[0,0,0],[1,0,0],[0,1,0],[52,19,142]]
[[0,0,0],[1,0,0],[0,1,0],[38,27,142]]
[[0,0,0],[1,0,0],[0,1,0],[66,119,142]]
[[0,0,0],[1,0,0],[0,1,0],[70,109,142]]
[[0,0,0],[1,0,0],[0,1,0],[16,95,142]]
[[0,0,0],[1,0,0],[0,1,0],[18,125,142]]
[[0,0,0],[1,0,0],[0,1,0],[14,43,142]]
[[0,0,0],[1,0,0],[0,1,0],[86,77,142]]
[[0,0,0],[1,0,0],[0,1,0],[50,127,142]]
[[0,0,0],[1,0,0],[0,1,0],[10,121,142]]
[[0,0,0],[1,0,0],[0,1,0],[20,65,142]]
[[0,0,0],[1,0,0],[0,1,0],[20,53,142]]
[[0,0,0],[1,0,0],[0,1,0],[6,137,142]]
[[0,0,0],[1,0,0],[0,1,0],[40,109,142]]
[[0,0,0],[1,0,0],[0,1,0],[48,3,142]]
[[0,0,0],[1,0,0],[0,1,0],[28,139,142]]
[[0,0,0],[1,0,0],[0,1,0],[78,83,142]]
[[0,0,0],[1,0,0],[0,1,0],[6,51,142]]
[[0,0,0],[1,0,0],[0,1,0],[24,79,142]]
[[0,0,0],[1,0,0],[0,1,0],[30,3,142]]
[[0,0,0],[1,0,0],[0,1,0],[74,99,142]]
[[0,0,0],[1,0,0],[0,1,0],[24,133,142]]
[[0,0,0],[1,0,0],[0,1,0],[3,9,142]]
[[0,0,0],[1,0,0],[0,1,0],[30,45,142]]
[[0,0,0],[1,0,0],[0,1,0],[10,75,142]]
[[0,0,0],[1,0,0],[0,1,0],[16,111,142]]
[[0,0,0],[1,0,0],[0,1,0],[27,43,142]]
[[0,0,0],[1,0,0],[0,1,0],[42,43,142]]
[[0,0,0],[1,0,0],[0,1,0],[14,73,142]]
[[0,0,0],[1,0,0],[0,1,0],[4,101,142]]
[[0,0,0],[1,0,0],[0,1,0],[92,65,142]]
[[0,0,0],[1,0,0],[0,1,0],[46,135,142]]
[[0,0,0],[1,0,0],[0,1,0],[56,29,142]]
[[0,0,0],[1,0,0],[0,1,0],[2,125,142]]
[[0,0,0],[1,0,0],[0,1,0],[40,57,142]]
[[0,0,0],[1,0,0],[0,1,0],[42,117,142]]
[[0,0,0],[1,0,0],[0,1,0],[7,47,142]]
[[0,0,0],[1,0,0],[0,1,0],[30,59,142]]
[[0,0,0],[1,0,0],[0,1,0],[3,5,142]]
[[0,0,0],[1,0,0],[0,1,0],[15,29,142]]
[[0,0,0],[1,0,0],[0,1,0],[18,9,142]]
[[0,0,0],[1,0,0],[0,1,0],[14,77,142]]
[[0,0,0],[1,0,0],[0,1,0],[24,43,142]]
[[0,0,0],[1,0,0],[0,1,0],[12,19,142]]
[[0,0,0],[1,0,0],[0,1,0],[10,73,142]]
[[0,0,0],[1,0,0],[0,1,0],[2,137,142]]
[[0,0,0],[1,0,0],[0,1,0],[46,111,142]]
[[0,0,0],[1,0,0],[0,1,0],[60,1,142]]
[[0,0,0],[1,0,0],[0,1,0],[18,1,142]]
[[0,0,0],[1,0,0],[0,1,0],[12,79,142]]
[[0,0,0],[1,0,0],[0,1,0],[38,29,142]]
[[0,0,0],[1,0,0],[0,1,0],[26,125,142]]
[[0,0,0],[1,0,0],[0,1,0],[52,133,142]]
[[0,0,0],[1,0,0],[0,1,0],[38,1,142]]
[[0,0,0],[1,0,0],[0,1,0],[82,75,142]]
[[0,0,0],[1,0,0],[0,1,0],[16,35,142]]
[[0,0,0],[1,0,0],[0,1,0],[40,11,142]]
[[0,0,0],[1,0,0],[0,1,0],[6,129,142]]
[[0,0,0],[1,0,0],[0,1,0],[18,87,142]]
[[0,0,0],[1,0,0],[0,1,0],[24,83,142]]
[[0,0,0],[1,0,0],[0,1,0],[2,129,142]]
[[0,0,0],[1,0,0],[0,1,0],[36,135,142]]
[[0,0,0],[1,0,0],[0,1,0],[3,17,142]]
[[0,0,0],[1,0,0],[0,1,0],[18,35,142]]
[[0,0,0],[1,0,0],[0,1,0],[16,109,142]]
[[0,0,0],[1,0,0],[0,1,0],[16,1,142]]
[[0,0,0],[1,0,0],[0,1,0],[0,1,142]]
[[0,0,0],[1,0,0],[0,1,0],[34,15,142]]
[[0,0,0],[1,0,0],[0,1,0],[46,27,142]]
[[0,0,0],[1,0,0],[0,1,0],[2,61,142]]
[[0,0,0],[1,0,0],[0,1,0],[15,27,142]]
[[0,0,0],[1,0,0],[0,1,0],[5,39,142]]
[[0,0,0],[1,0,0],[0,1,0],[28,29,142]]
[[0,0,0],[1,0,0],[0,1,0],[22,19,142]]
[[0,0,0],[1,0,0],[0,1,0],[73,141,142]]
[[0,0,0],[1,0,0],[0,1,0],[36,131,142]]
[[0,0,0],[1,0,0],[0,1,0],[78,107,142]]
[[0,0,0],[1,0,0],[0,1,0],[15,41,142]]
[[0,0,0],[1,0,0],[0,1,0],[36,23,142]]
[[0,0,0],[1,0,0],[0,1,0],[74,125,142]]
