[[0,0,0],[1,0,0],[0,1,0],[6,39,145]]
[[0,0,0],[1,0,0],[0,1,0],[2,33,145]]
[[0,0,0],[1,0,0],[0,1,0],[7,63,145]]
[[0,0,0],[1,0,0],[0,1,0],[21,39,145]]
[[0,0,0],[1,0,0],[0,1,0],[8,66,145]]
[[0,0,0],[1,0,0],[0,1,0],[23,38,145]]
[[0,0,0],[1,0,0],[0,1,0],[5,25,145]]
[[0,0,0],[1,0,0],[0,1,0],[4,21,145]]
[[0,0,0],[1,0,0],[0,1,0],[12,14,145]]
[[0,0,0],[1,0,0],[0,1,0],[22,74,145]]
[[0,0,0],[1,0,0],[0,1,0],[15,141,145]]
[[0,0,0],[1,0,0],[0,1,0],[17,119,145]]
[[0,0,0],[1,0,0],[0,1,0],[8,27,145]]
[[0,0,0],[1,0,0],[0,1,0],[60,121,145]]
[[0,0,0],[1,0,0],[0,1,0],[80,131,145]]
[[0,0,0],[1,0,0],[0,1,0],[25,11,145]]
[[0,0,0],[1,0,0],[0,1,0],[25,61,145]]
[[0,0,0],[1,0,0],[0,1,0],[16,52,145]]
[[0,0,0],[1,0,0],[0,1,0],[17,54,145]]
[[0,0,0],[1,0,0],[0,1,0],[22,104,145]]
[[0,0,0],[1,0,0],[0,1,0],[70,86,145]]
[[0,0,0],[1,0,0],[0,1,0],[3,49,145]]
[[0,0,0],[1,0,0],[0,1,0],[15,91,145]]
[[0,0,0],[1,0,0],[0,1,0],[3,36,145]]
[[0,0,0],[1,0,0],[0,1,0],[6,59,145]]
[[0,0,0],[1,0,0],[0,1,0],[17,74,145]]
[[0,0,0],[1,0,0],[0,1,0],[2,79,145]]
[[0,0,0],[1,0,0],[0,1,0],[32,144,145]]
[[0,0,0],[1,0,0],[0,1,0],[9,57,145]]
[[0,0,0],[1,0,0],[0,1,0],[45,6,145]]
[[0,0,0],[1,0,0],[0,1,0],[18,132,145]]
[[0,0,0],[1,0,0],[0,1,0],[7,104,145]]
[[0,0,0],[1,0,0],[0,1,0],[1,3,145]]
[[0,0,0],[1,0,0],[0,1,0],[27,32,145]]
[[0,0,0],[1,0,0],[0,1,0],[52,94,145]]
[[0,0,0],[1,0,0],[0,1,0],[40,121,145]]
[[0,0,0],[1,0,0],[0,1,0],[35,131,145]]
[[0,0,0],[1,0,0],[0,1,0],[1,51,145]]
[[0,0,0],[1,0,0],[0,1,0],[5,131,145]]
[[0,0,0],[1,0,0],[0,1,0],[30,86,145]]
[[0,0,0],[1,0,0],[0,1,0],[44,77,145]]
[[0,0,0],[1,0,0],[0,1,0],[17,48,145]]
[[0,0,0],[1,0,0],[0,1,0],[2,11,145]]
[[0,0,0],[1,0,0],[0,1,0],[22,69,145]]
[[0,0,0],[1,0,0],[0,1,0],[63,111,145]]
[[0,0,0],[1,0,0],[0,1,0],[9,62,145]]
[[0,0,0],[1,0,0],[0,1,0],[77,99,145]]
[[0,0,0],[1,0,0],[0,1,0],[70,96,145]]
[[0,0,0],[1,0,0],[0,1,0],[31,144,145]]
[[0,0,0],[1,0,0],[0,1,0],[9,33,145]]
[[0,0,0],[1,0,0],[0,1,0],[17,53,145]]
[[0,0,0],[1,0,0],[0,1,0],[7,114,145]]
[[0,0,0],[1,0,0],[0,1,0],[17,144,145]]
[[0,0,0],[1,0,0],[0,1,0],[3,32,145]]
[[0,0,0],[1,0,0],[0,1,0],[12,54,145]]
[[0,0,0],[1,0,0],[0,1,0],[4,57,145]]
[[0,0,0],[1,0,0],[0,1,0],[5,46,145]]
[[0,0,0],[1,0,0],[0,1,0],[1,27,145]]
[[0,0,0],[1,0,0],[0,1,0],[8,123,145]]
[[0,0,0],[1,0,0],[0,1,0],[24,41,145]]
[[0,0,0],[1,0,0],[0,1,0],[39,92,145]]
[[0,0,0],[1,0,0],[0,1,0],[4,56,145]]
[[0,0,0],[1,0,0],[0,1,0],[13,53,145]]
[[0,0,0],[1,0,0],[0,1,0],[23,68,145]]
[[0,0,0],[1,0,0],[0,1,0],[10,21,145]]
[[0,0,0],[1,0,0],[0,1,0],[3,138,145]]
[[0,0,0],[1,0,0],[0,1,0],[70,76,145]]
[[0,0,0],[1,0,0],[0,1,0],[44,92,145]]
[[0,0,0],[1,0,0],[0,1,0],[49,112,145]]
[[0,0,0],[1,0,0],[0,1,0],[13,38,145]]
[[0,0,0],[1,0,0],[0,1,0],[1,37,145]]
[[0,0,0],[1,0,0],[0,1,0],[2,51,145]]
[[0,0,0],[1,0,0],[0,1,0],[80,8,145]]
[[0,0,0],[5,0,0],[0,1,0],[0,1,29]]
[[0,0,0],[1,0,0],[0,1,0],[5,136,145]]
[[0,0,0],[1,0,0],[0,1,0],[7,134,145]]
[[0,0,0],[1,0,0],[0,1,0],[7,68,145]]
[[0,0,0],[1,0,0],[0,1,0],[12,134,145]]
[[0,0,0],[1,0,0],[0,1,0],[6,18,145]]
[[0,0,0],[1,0,0],[0,1,0],[28,28,145]]
[[0,0,0],[1,0,0],[0,1,0],[23,43,145]]
[[0,0,0],[1,0,0],[0,1,0],[25,21,145]]
[[0,0,0],[1,0,0],[0,1,0],[1,26,145]]
[[0,0,0],[1,0,0],[0,1,0],[3,43,145]]
[[0,0,0],[1,0,0],[0,1,0],[35,6,145]]
[[0,0,0],[1,0,0],[0,1,0],[45,14,145]]
[[0,0,0],[1,0,0],[0,1,0],[7,144,145]]
[[0,0,0],[1,0,0],[0,1,0],[10,71,145]]
[[0,0,0],[1,0,0],[0,1,0],[7,49,145]]
[[0,0,0],[1,0,0],[0,1,0],[17,22,145]]
[[0,0,0],[1,0,0],[0,1,0],[75,81,145]]
[[0,0,0],[1,0,0],[0,1,0],[2,2,145]]
[[0,0,0],[1,0,0],[0,1,0],[12,46,145]]
[[0,0,0],[1,0,0],[0,1,0],[14,32,145]]
[[0,0,0],[1,0,0],[0,1,0],[12,119,145]]
[[0,0,0],[1,0,0],[0,1,0],[95,86,145]]
[[0,0,0],[1,0,0],[0,1,0],[11,28,145]]
[[0,0,0],[1,0,0],[0,1,0],[70,47,145]]
[[0,0,0],[1,0,0],[0,1,0],[12,24,145]]
[[0,0,0],[1,0,0],[0,1,0],[8,56,145]]
[[0,0,0],[1,0,0],[0,1,0],[25,141,145]]
[[0,0,0],[1,0,0],[0,1,0],[35,61,145]]
[[0,0,0],[1,0,0],[0,1,0],[3,28,145]]
[[0,0,0],[1,0,0],[0,1,0],[2,42,145]]
[[0,0,0],[1,0,0],[0,1,0],[17,33,145]]
[[0,0,0],[1,0,0],[0,1,0],[3,26,145]]
[[0,0,0],[1,0,0],[0,1,0],[12,99,145]]
[[0,0,0],[1,0,0],[0,1,0],[3,17,145]]
[[0,0,0],[1,0,0],[0,1,0],[45,56,145]]
[[0,0,0],[1,0,0],[0,1,0],[5,106,145]]
[[0,0,0],[1,0,0],[0,1,0],[5,66,145]]
[[0,0,0],[1,0,0],[0,1,0],[60,21,145]]
[[0,0,0],[1,0,0],[0,1,0],[49,126,145]]
[[0,0,0],[1,0,0],[0,1,0],[2,68,145]]
[[0,0,0],[1,0,0],[0,1,0],[6,8,145]]
[[0,0,0],[1,0,0],[0,1,0],[58,30,145]]
[[0,0,0],[1,0,0],[0,1,0],[11,64,145]]
[[0,0,0],[1,0,0],[0,1,0],[9,12,145]]
[[0,0,0],[1,0,0],[0,1,0],[7,67,145]]
[[0,0,0],[1,0,0],[0,1,0],[13,18,145]]
[[0,0,0],[1,0,0],[0,1,0],[9,102,145]]
[[0,0,0],[1,0,0],[0,1,0],[7,11,145]]
[[0,0,0],[1,0,0],[0,1,0],[2,38,145]]
[[0,0,0],[1,0,0],[0,1,0],[2,28,145]]
[[0,0,0],[1,0,0],[0,1,0],[14,17,145]]
[[0,0,0],[1,0,0],[0,1,0],[3,52,145]]
[[0,0,0],[1,0,0],[0,1,0],[11,48,145]]
[[0,0,0],[1,0,0],[0,1,0],[5,111,145]]
[[0,0,0],[1,0,0],[0,1,0],[28,68,145]]
[[0,0,0],[1,0,0],[0,1,0],[28,103,145]]
[[0,0,0],[1,0,0],[0,1,0],[9,11,145]]
[[0,0,0],[1,0,0],[0,1,0],[12,22,145]]
[[0,0,0],[1,0,0],[0,1,0],[35,21,145]]
[[0,0,0],[1,0,0],[0,1,0],[2,22,145]]
[[0,0,0],[1,0,0],[0,1,0],[32,52,145]]
[[0,0,0],[1,0,0],[0,1,0],[4,102,145]]
[[0,0,0],[1,0,0],[0,1,0],[7,81,145]]
[[0,0,0],[1,0,0],[0,1,0],[35,111,145]]
[[0,0,0],[1,0,0],[0,1,0],[16,51,145]]
[[0,0,0],[1,0,0],[0,1,0],[3,64,145]]
[[0,0,0],[1,0,0],[0,1,0],[10,126,145]]
[[0,0,0],[1,0,0],[0,1,0],[2,3,145]]
[[0,0,0],[1,0,0],[0,1,0],[7,17,145]]
[[0,0,0],[1,0,0],[0,1,0],[45,51,145]]
[[0,0,0],[1,0,0],[0,1,0],[2,56,145]]
[[0,0,0],[1,0,0],[0,1,0],[17,84,145]]
[[0,0,0],[1,0,0],[0,1,0],[13,34,145]]
[[0,0,0],[1,0,0],[0,1,0],[50,26,145]]
[[0,0,0],[1,0,0],[0,1,0],[3,11,145]]
[[0,0,0],[1,0,0],[0,1,0],[102,144,145]]
[[0,0,0],[1,0,0],[0,1,0],[22,49,145]]
[[0,0,0],[1,0,0],[0,1,0],[6,141,145]]
[[0,0,0],[1,0,0],[0,1,0],[18,78,145]]
[[0,0,0],[1,0,0],[0,1,0],[8,32,145]]
[[0,0,0],[1,0,0],[0,1,0],[12,33,145]]
[[0,0,0],[1,0,0],[0,1,0],[15,44,145]]
[[0,0,0],[1,0,0],[0,1,0],[8,63,145]]
[[0,0,0],[1,0,0],[0,1,0],[19,48,145]]
[[0,0,0],[1,0,0],[0,1,0],[4,14,145]]
[[0,0,0],[1,0,0],[0,1,0],[27,99,145]]
[[0,0,0],[1,0,0],[0,1,0],[2,61,145]]
[[0,0,0],[1,0,0],[0,1,0],[7,64,145]]
[[0,0,0],[1,0,0],[0,1,0],[2,129,145]]
[[0,0,0],[1,0,0],[0,1,0],[4,31,145]]
[[0,0,0],[1,0,0],[0,1,0],[2,54,145]]
[[0,0,0],[1,0,0],[0,1,0],[23,32,145]]
[[0,0,0],[1,0,0],[0,1,0],[47,124,145]]
[[0,0,0],[1,0,0],[0,1,0],[72,144,145]]
[[0,0,0],[1,0,0],[0,1,0],[18,138,145]]
[[0,0,0],[1,0,0],[0,1,0],[30,41,145]]
[[0,0,0],[1,0,0],[0,1,0],[7,52,145]]
[[0,0,0],[1,0,0],[0,1,0],[12,21,145]]
[[0,0,0],[1,0,0],[0,1,0],[19,92,145]]
[[0,0,0],[1,0,0],[0,1,0],[20,86,145]]
[[0,0,0],[1,0,0],[0,1,0],[55,11,145]]
[[0,0,0],[1,0,0],[0,1,0],[55,33,145]]
[[0,0,0],[1,0,0],[0,1,0],[4,62,145]]
[[0,0,0],[1,0,0],[0,1,0],[9,13,145]]
[[0,0,0],[1,0,0],[0,1,0],[34,117,145]]
[[0,0,0],[1,0,0],[0,1,0],[21,21,145]]
[[0,0,0],[1,0,0],[0,1,0],[14,22,145]]
[[0,0,0],[1,0,0],[0,1,0],[20,126,145]]
[[0,0,0],[1,0,0],[0,1,0],[6,53,145]]
[[0,0,0],[1,0,0],[0,1,0],[70,111,145]]
[[0,0,0],[1,0,0],[0,1,0],[7,89,145]]
[[0,0,0],[1,0,0],[0,1,0],[27,54,145]]
[[0,0,0],[1,0,0],[0,1,0],[54,62,145]]
[[0,0,0],[1,0,0],[0,1,0],[16,34,145]]
[[0,0,0],[1,0,0],[0,1,0],[14,51,145]]
[[0,0,0],[1,0,0],[0,1,0],[15,6,145]]
[[0,0,0],[1,0,0],[0,1,0],[22,124,145]]
[[0,0,0],[1,0,0],[0,1,0],[25,1,145]]
[[0,0,0],[1,0,0],[0,1,0],[65,101,145]]
[[0,0,0],[1,0,0],[0,1,0],[60,111,145]]
[[0,0,0],[1,0,0],[0,1,0],[3,12,145]]
[[0,0,0],[1,0,0],[0,1,0],[62,79,145]]
[[0,0,0],[1,0,0],[0,1,0],[37,104,145]]
[[0,0,0],[1,0,0],[0,1,0],[7,79,145]]
[[0,0,0],[1,0,0],[0,1,0],[16,131,145]]
[[0,0,0],[1,0,0],[0,1,0],[38,88,145]]
[[0,0,0],[1,0,0],[0,1,0],[3,78,145]]
[[0,0,0],[1,0,0],[0,1,0],[3,108,145]]
[[0,0,0],[1,0,0],[0,1,0],[10,78,145]]
[[0,0,0],[1,0,0],[0,1,0],[55,16,145]]
[[0,0,0],[1,0,0],[0,1,0],[8,53,145]]
[[0,0,0],[1,0,0],[0,1,0],[23,63,145]]
[[0,0,0],[1,0,0],[0,1,0],[8,54,145]]
[[0,0,0],[1,0,0],[0,1,0],[7,28,145]]
[[0,0,0],[1,0,0],[0,1,0],[28,31,145]]
[[0,0,0],[1,0,0],[0,1,0],[11,22,145]]
[[0,0,0],[1,0,0],[0,1,0],[1,32,145]]
[[0,0,0],[1,0,0],[0,1,0],[8,88,145]]
[[0,0,0],[1,0,0],[0,1,0],[35,76,145]]
[[0,0,0],[1,0,0],[0,1,0],[1,34,145]]
[[0,0,0],[1,0,0],[0,1,0],[25,31,145]]
[[0,0,0],[1,0,0],[0,1,0],[24,102,145]]
[[0,0,0],[1,0,0],[0,1,0],[26,91,145]]
[[0,0,0],[1,0,0],[0,1,0],[7,9,145]]
[[0,0,0],[1,0,0],[0,1,0],[4,27,145]]
[[0,0,0],[1,0,0],[0,1,0],[12,62,145]]
[[0,0,0],[1,0,0],[0,1,0],[100,46,145]]
[[0,0,0],[1,0,0],[0,1,0],[54,122,145]]
[[0,0,0],[1,0,0],[0,1,0],[11,139,145]]
[[0,0,0],[1,0,0],[0,1,0],[15,15,145]]
[[0,0,0],[1,0,0],[0,1,0],[90,111,145]]
[[0,0,0],[1,0,0],[0,1,0],[27,119,145]]
[[0,0,0],[1,0,0],[0,1,0],[15,136,145]]
[[0,0,0],[1,0,0],[0,1,0],[19,132,145]]
[[0,0,0],[1,0,0],[0,1,0],[110,46,145]]
[[0,0,0],[1,0,0],[0,1,0],[14,42,145]]
[[0,0,0],[1,0,0],[0,1,0],[12,69,145]]
[[0,0,0],[1,0,0],[0,1,0],[8,21,145]]
[[0,0,0],[1,0,0],[0,1,0],[13,48,145]]
[[0,0,0],[1,0,0],[0,1,0],[10,101,145]]
[[0,0,0],[1,0,0],[0,1,0],[4,63,145]]
[[0,0,0],[1,0,0],[0,1,0],[50,125,145]]
[[0,0,0],[1,0,0],[0,1,0],[13,37,145]]
[[0,0,0],[1,0,0],[0,1,0],[55,91,145]]
[[0,0,0],[1,0,0],[0,1,0],[19,27,145]]
[[0,0,0],[1,0,0],[0,1,0],[1,21,145]]
[[0,0,0],[1,0,0],[0,1,0],[22,36,145]]
[[0,0,0],[1,0,0],[0,1,0],[40,77,145]]
[[0,0,0],[1,0,0],[0,1,0],[49,132,145]]
[[0,0,0],[1,0,0],[0,1,0],[14,48,145]]
[[0,0,0],[1,0,0],[0,1,0],[9,47,145]]
[[0,0,0],[1,0,0],[0,1,0],[36,54,145]]
[[0,0,0],[1,0,0],[0,1,0],[40,136,145]]
[[0,0,0],[1,0,0],[0,1,0],[3,38,145]]
[[0,0,0],[1,0,0],[0,1,0],[5,41,145]]
[[0,0,0],[1,0,0],[0,1,0],[24,64,145]]
[[0,0,0],[1,0,0],[0,1,0],[2,67,145]]
[[0,0,0],[1,0,0],[0,1,0],[30,21,145]]
[[0,0,0],[1,0,0],[0,1,0],[9,112,145]]
[[0,0,0],[1,0,0],[0,1,0],[9,49,145]]
[[0,0,0],[1,0,0],[0,1,0],[5,141,145]]
[[0,0,0],[1,0,0],[0,1,0],[27,144,145]]
[[0,0,0],[1,0,0],[0,1,0],[52,104,145]]
[[0,0,0],[1,0,0],[0,1,0],[12,76,145]]
[[0,0,0],[1,0,0],[0,1,0],[8,12,145]]
[[0,0,0],[1,0,0],[0,1,0],[11,18,145]]
[[0,0,0],[1,0,0],[0,1,0],[12,53,145]]
[[0,0,0],[1,0,0],[0,1,0],[3,88,145]]
[[0,0,0],[1,0,0],[0,1,0],[47,104,145]]
[[0,0,0],[1,0,0],[0,1,0],[17,132,145]]
[[0,0,0],[1,0,0],[0,1,0],[24,92,145]]
[[0,0,0],[1,0,0],[0,1,0],[28,59,145]]
[[0,0,0],[1,0,0],[0,1,0],[6,41,145]]
[[0,0,0],[1,0,0],[0,1,0],[11,77,145]]
[[0,0,0],[1,0,0],[0,1,0],[24,72,145]]
[[0,0,0],[1,0,0],[0,1,0],[8,133,145]]
[[0,0,0],[1,0,0],[0,1,0],[24,117,145]]
[[0,0,0],[1,0,0],[0,1,0],[4,107,145]]
[[0,0,0],[1,0,0],[0,1,0],[7,44,145]]
[[0,0,0],[1,0,0],[0,1,0],[14,44,145]]
[[0,0,0],[1,0,0],[0,1,0],[20,6,145]]
[[0,0,0],[1,0,0],[0,1,0],[3,47,145]]
[[0,0,0],[1,0,0],[0,1,0],[77,144,145]]
[[0,0,0],[1,0,0],[0,1,0],[2,49,145]]
[[0,0,0],[1,0,0],[0,1,0],[7,139,145]]
[[0,0,0],[1,0,0],[0,1,0],[4,77,145]]
[[0,0,0],[1,0,0],[0,1,0],[17,124,145]]
[[0,0,0],[1,0,0],[0,1,0],[13,49,145]]
[[0,0,0],[1,0,0],[0,1,0],[1,52,145]]
[[0,0,0],[1,0,0],[0,1,0],[23,48,145]]
[[0,0,0],[1,0,0],[0,1,0],[3,23,145]]
[[0,0,0],[1,0,0],[0,1,0],[4,51,145]]
[[0,0,0],[1,0,0],[0,1,0],[22,54,145]]
[[0,0,0],[1,0,0],[0,1,0],[27,134,145]]
[[0,0,0],[1,0,0],[0,1,0],[3,39,145]]
[[0,0,0],[1,0,0],[0,1,0],[14,52,145]]
[[0,0,0],[1,0,0],[0,1,0],[11,39,145]]
[[0,0,0],[1,0,0],[0,1,0],[44,103,145]]
[[0,0,0],[1,0,0],[0,1,0],[8,19,145]]
[[0,0,0],[1,0,0],[0,1,0],[31,86,145]]
[[0,0,0],[1,0,0],[0,1,0],[35,71,145]]
[[0,0,0],[1,0,0],[0,1,0],[15,73,145]]
[[0,0,0],[1,0,0],[0,1,0],[8,138,145]]
[[0,0,0],[1,0,0],[0,1,0],[19,47,145]]
[[0,0,0],[1,0,0],[0,1,0],[27,49,145]]
[[0,0,0],[1,0,0],[0,1,0],[58,1,145]]
[[0,0,0],[1,0,0],[0,1,0],[5,83,145]]
[[0,0,0],[1,0,0],[0,1,0],[10,81,145]]
[[0,0,0],[1,0,0],[0,1,0],[34,132,145]]
[[0,0,0],[1,0,0],[0,1,0],[22,144,145]]
[[0,0,0],[1,0,0],[0,1,0],[63,118,145]]
[[0,0,0],[1,0,0],[0,1,0],[2,52,145]]
[[0,0,0],[1,0,0],[0,1,0],[80,96,145]]
[[0,0,0],[1,0,0],[0,1,0],[26,124,145]]
[[0,0,0],[1,0,0],[0,1,0],[6,9,145]]
[[0,0,0],[1,0,0],[0,1,0],[55,4,145]]
[[0,0,0],[1,0,0],[0,1,0],[5,76,145]]
[[0,0,0],[1,0,0],[0,1,0],[10,1,145]]
[[0,0,0],[1,0,0],[0,1,0],[17,44,145]]
[[0,0,0],[1,0,0],[0,1,0],[12,144,145]]
[[0,0,0],[1,0,0],[0,1,0],[75,86,145]]
[[0,0,0],[1,0,0],[0,1,0],[12,41,145]]
[[0,0,0],[1,0,0],[0,1,0],[25,86,145]]
[[0,0,0],[1,0,0],[0,1,0],[5,6,145]]
[[0,0,0],[1,0,0],[0,1,0],[25,34,145]]
[[0,0,0],[1,0,0],[0,1,0],[8,98,145]]
[[0,0,0],[1,0,0],[0,1,0],[15,96,145]]
[[0,0,0],[1,0,0],[0,1,0],[1,9,145]]
[[0,0,0],[1,0,0],[0,1,0],[24,43,145]]
[[0,0,0],[1,0,0],[0,1,0],[14,142,145]]
[[0,0,0],[1,0,0],[0,1,0],[8,23,145]]
[[0,0,0],[1,0,0],[0,1,0],[6,47,145]]
[[0,0,0],[1,0,0],[0,1,0],[17,99,145]]
[[0,0,0],[1,0,0],[0,1,0],[3,103,145]]
[[0,0,0],[1,0,0],[0,1,0],[6,17,145]]
[[0,0,0],[1,0,0],[0,1,0],[18,103,145]]
[[0,0,0],[1,0,0],[0,1,0],[4,23,145]]
[[0,0,0],[1,0,0],[0,1,0],[12,38,145]]
[[0,0,0],[1,0,0],[0,1,0],[36,49,145]]
[[0,0,0],[1,0,0],[0,1,0],[1,44,145]]
[[0,0,0],[1,0,0],[0,1,0],[32,69,145]]
[[0,0,0],[1,0,0],[0,1,0],[12,67,145]]
[[0,0,0],[1,0,0],[0,1,0],[26,42,145]]
[[0,0,0],[1,0,0],[0,1,0],[19,82,145]]
[[0,0,0],[1,0,0],[0,1,0],[3,66,145]]
[[0,0,0],[1,0,0],[0,1,0],[16,72,145]]
[[0,0,0],[1,0,0],[0,1,0],[15,131,145]]
[[0,0,0],[1,0,0],[0,1,0],[13,137,145]]
[[0,0,0],[1,0,0],[0,1,0],[3,21,145]]
[[0,0,0],[1,0,0],[0,1,0],[65,1,145]]
[[0,0,0],[1,0,0],[0,1,0],[9,43,145]]
[[0,0,0],[1,0,0],[0,1,0],[6,14,145]]
[[0,0,0],[1,0,0],[0,1,0],[7,41,145]]
[[0,0,0],[1,0,0],[0,1,0],[55,101,145]]
[[0,0,0],[1,0,0],[0,1,0],[62,124,145]]
[[0,0,0],[1,0,0],[0,1,0],[4,52,145]]
[[0,0,0],[1,0,0],[0,1,0],[7,84,145]]
[[0,0,0],[1,0,0],[0,1,0],[90,106,145]]
[[0,0,0],[1,0,0],[0,1,0],[31,46,145]]
[[0,0,0],[1,0,0],[0,1,0],[19,41,145]]
[[0,0,0],[1,0,0],[0,1,0],[2,62,145]]
[[0,0,0],[1,0,0],[0,1,0],[6,23,145]]
[[0,0,0],[1,0,0],[0,1,0],[9,44,145]]
[[0,0,0],[1,0,0],[0,1,0],[2,109,145]]
[[0,0,0],[1,0,0],[0,1,0],[80,86,145]]
[[0,0,0],[1,0,0],[0,1,0],[3,13,145]]
[[0,0,0],[1,0,0],[0,1,0],[75,100,145]]
[[0,0,0],[1,0,0],[0,1,0],[3,98,145]]
[[0,0,0],[1,0,0],[0,1,0],[13,16,145]]
[[0,0,0],[1,0,0],[0,1,0],[24,32,145]]
[[0,0,0],[1,0,0],[0,1,0],[11,27,145]]
[[0,0,0],[1,0,0],[0,1,0],[32,54,145]]
[[0,0,0],[1,0,0],[0,1,0],[17,134,145]]
[[0,0,0],[1,0,0],[0,1,0],[8,59,145]]
[[0,0,0],[1,0,0],[0,1,0],[12,124,145]]
[[0,0,0],[1,0,0],[0,1,0],[45,1,145]]
[[0,0,0],[1,0,0],[0,1,0],[9,26,145]]
[[0,0,0],[1,0,0],[0,1,0],[26,62,145]]
[[0,0,0],[1,0,0],[0,1,0],[11,136,145]]
[[0,0,0],[1,0,0],[0,1,0],[4,127,145]]
[[0,0,0],[1,0,0],[0,1,0],[60,96,145]]
[[0,0,0],[1,0,0],[0,1,0],[47,54,145]]
[[0,0,0],[1,0,0],[0,1,0],[14,16,145]]
[[0,0,0],[1,0,0],[0,1,0],[48,113,145]]
[[0,0,0],[1,0,0],[0,1,0],[7,57,145]]
[[0,0,0],[1,0,0],[0,1,0],[2,12,145]]
[[0,0,0],[1,0,0],[0,1,0],[3,3,145]]
[[0,0,0],[1,0,0],[0,1,0],[4,36,145]]
[[0,0,0],[1,0,0],[0,1,0],[3,27,145]]
[[0,0,0],[1,0,0],[0,1,0],[7,33,145]]
[[0,0,0],[1,0,0],[0,1,0],[4,84,145]]
[[0,0,0],[1,0,0],[0,1,0],[2,32,145]]
[[0,0,0],[1,0,0],[0,1,0],[7,21,145]]
[[0,0,0],[1,0,0],[0,1,0],[3,34,145]]
[[0,0,0],[1,0,0],[0,1,0],[4,71,145]]
[[0,0,0],[1,0,0],[0,1,0],[70,1,145]]
[[0,0,0],[1,0,0],[0,1,0],[25,16,145]]
[[0,0,0],[1,0,0],[0,1,0],[85,86,145]]
[[0,0,0],[1,0,0],[0,1,0],[4,37,145]]
[[0,0,0],[1,0,0],[0,1,0],[54,107,145]]
[[0,0,0],[1,0,0],[0,1,0],[27,44,145]]
[[0,0,0],[1,0,0],[0,1,0],[9,36,145]]
[[0,0,0],[1,0,0],[0,1,0],[34,141,145]]
[[0,0,0],[1,0,0],[0,1,0],[65,110,145]]
[[0,0,0],[1,0,0],[0,1,0],[1,7,145]]
[[0,0,0],[1,0,0],[0,1,0],[3,113,145]]
[[0,0,0],[1,0,0],[0,1,0],[39,78,145]]
[[0,0,0],[1,0,0],[0,1,0],[19,57,145]]
[[0,0,0],[1,0,0],[0,1,0],[2,44,145]]
[[0,0,0],[1,0,0],[0,1,0],[1,49,145]]
[[0,0,0],[1,0,0],[0,1,0],[35,121,145]]
[[0,0,0],[1,0,0],[0,1,0],[20,96,145]]
[[0,0,0],[1,0,0],[0,1,0],[14,137,145]]
[[0,0,0],[1,0,0],[0,1,0],[1,41,145]]
[[0,0,0],[1,0,0],[0,1,0],[18,24,145]]
[[0,0,0],[1,0,0],[0,1,0],[2,31,145]]
[[0,0,0],[1,0,0],[0,1,0],[14,37,145]]
[[0,0,0],[1,0,0],[0,1,0],[8,64,145]]
[[0,0,0],[1,0,0],[0,1,0],[63,143,145]]
[[0,0,0],[1,0,0],[0,1,0],[3,8,145]]
[[0,0,0],[1,0,0],[0,1,0],[8,42,145]]
[[0,0,0],[1,0,0],[0,1,0],[50,96,145]]
[[0,0,0],[1,0,0],[0,1,0],[3,48,145]]
[[0,0,0],[1,0,0],[0,1,0],[31,56,145]]
[[0,0,0],[1,0,0],[0,1,0],[13,19,145]]
[[0,0,0],[1,0,0],[0,1,0],[6,24,145]]
[[0,0,0],[1,0,0],[0,1,0],[2,74,145]]
[[0,0,0],[1,0,0],[0,1,0],[5,56,145]]
[[0,0,0],[1,0,0],[0,1,0],[17,42,145]]
[[0,0,0],[1,0,0],[0,1,0],[4,117,145]]
[[0,0,0],[1,0,0],[0,1,0],[3,41,145]]
[[0,0,0],[1,0,0],[0,1,0],[2,86,145]]
[[0,0,0],[1,0,0],[0,1,0],[12,32,145]]
[[0,0,0],[1,0,0],[0,1,0],[38,78,145]]
[[0,0,0],[1,0,0],[0,1,0],[92,144,145]]
[[0,0,0],[1,0,0],[0,1,0],[20,16,145]]
[[0,0,0],[1,0,0],[0,1,0],[3,53,145]]
[[0,0,0],[1,0,0],[0,1,0],[3,59,145]]
[[0,0,0],[1,0,0],[0,1,0],[25,136,145]]
[[0,0,0],[1,0,0],[0,1,0],[19,98,145]]
[[0,0,0],[1,0,0],[0,1,0],[8,68,145]]
[[0,0,0],[1,0,0],[0,1,0],[17,89,145]]
[[0,0,0],[1,0,0],[0,1,0],[4,38,145]]
[[0,0,0],[1,0,0],[0,1,0],[50,126,145]]
[[0,0,0],[1,0,0],[0,1,0],[3,133,145]]
[[0,0,0],[1,0,0],[0,1,0],[70,105,145]]
[[0,0,0],[1,0,0],[0,1,0],[69,102,145]]
[[0,0,0],[1,0,0],[0,1,0],[2,89,145]]
[[0,0,0],[1,0,0],[0,1,0],[20,36,145]]
[[0,0,0],[1,0,0],[0,1,0],[15,86,145]]
[[0,0,0],[1,0,0],[0,1,0],[12,89,145]]
[[0,0,0],[1,0,0],[0,1,0],[12,27,145]]
[[0,0,0],[1,0,0],[0,1,0],[13,104,145]]
[[0,0,0],[1,0,0],[0,1,0],[22,131,145]]
[[0,0,0],[1,0,0],[0,1,0],[12,44,145]]
[[0,0,0],[1,0,0],[0,1,0],[40,48,145]]
[[0,0,0],[1,0,0],[0,1,0],[29,59,145]]
[[0,0,0],[1,0,0],[0,1,0],[27,27,145]]
[[0,0,0],[1,0,0],[0,1,0],[18,43,145]]
[[0,0,0],[1,0,0],[0,1,0],[19,142,145]]
[[0,0,0],[1,0,0],[0,1,0],[23,94,145]]
[[0,0,0],[1,0,0],[0,1,0],[24,42,145]]
[[0,0,0],[1,0,0],[0,1,0],[8,43,145]]
[[0,0,0],[1,0,0],[0,1,0],[6,36,145]]
[[0,0,0],[1,0,0],[0,1,0],[18,26,145]]
[[0,0,0],[1,0,0],[0,1,0],[19,102,145]]
[[0,0,0],[1,0,0],[0,1,0],[17,71,145]]
[[0,0,0],[1,0,0],[0,1,0],[2,6,145]]
[[0,0,0],[1,0,0],[0,1,0],[2,37,145]]
[[0,0,0],[1,0,0],[0,1,0],[40,106,145]]
[[0,0,0],[1,0,0],[0,1,0],[2,57,145]]
[[0,0,0],[1,0,0],[0,1,0],[7,43,145]]
[[0,0,0],[1,0,0],[0,1,0],[4,92,145]]
[[0,0,0],[1,0,0],[0,1,0],[32,79,145]]
[[0,0,0],[1,0,0],[0,1,0],[15,61,145]]
[[0,0,0],[1,0,0],[0,1,0],[13,143,145]]
[[0,0,0],[1,0,0],[0,1,0],[3,69,145]]
[[0,0,0],[1,0,0],[0,1,0],[10,26,145]]
[[0,0,0],[1,0,0],[0,1,0],[4,132,145]]
[[0,0,0],[1,0,0],[0,1,0],[7,47,145]]
[[0,0,0],[1,0,0],[0,1,0],[13,47,145]]
[[0,0,0],[1,0,0],[0,1,0],[1,38,145]]
[[0,0,0],[1,0,0],[0,1,0],[55,120,145]]
[[0,0,0],[1,0,0],[0,1,0],[10,136,145]]
[[0,0,0],[1,0,0],[0,1,0],[9,63,145]]
[[0,0,0],[1,0,0],[0,1,0],[6,26,145]]
[[0,0,0],[1,0,0],[0,1,0],[6,11,145]]
[[0,0,0],[1,0,0],[0,1,0],[18,98,145]]
[[0,0,0],[1,0,0],[0,1,0],[25,81,145]]
[[0,0,0],[1,0,0],[0,1,0],[34,107,145]]
[[0,0,0],[1,0,0],[0,1,0],[6,57,145]]
[[0,0,0],[1,0,0],[0,1,0],[2,104,145]]
[[0,0,0],[1,0,0],[0,1,0],[8,31,145]]
[[0,0,0],[1,0,0],[0,1,0],[15,11,145]]
[[0,0,0],[1,0,0],[0,1,0],[18,41,145]]
[[0,0,0],[1,0,0],[0,1,0],[14,26,145]]
[[0,0,0],[1,0,0],[0,1,0],[52,59,145]]
[[0,0,0],[1,0,0],[0,1,0],[34,142,145]]
[[0,0,0],[1,0,0],[0,1,0],[1,11,145]]
[[0,0,0],[1,0,0],[0,1,0],[23,126,145]]
[[0,0,0],[1,0,0],[0,1,0],[3,37,145]]
[[0,0,0],[1,0,0],[0,1,0],[15,81,145]]
[[0,0,0],[1,0,0],[0,1,0],[60,144,145]]
[[0,0,0],[1,0,0],[0,1,0],[13,32,145]]
[[0,0,0],[1,0,0],[0,1,0],[50,9,145]]
[[0,0,0],[1,0,0],[0,1,0],[17,131,145]]
[[0,0,0],[1,0,0],[0,1,0],[6,56,145]]
[[0,0,0],[1,0,0],[0,1,0],[55,126,145]]
[[0,0,0],[1,0,0],[0,1,0],[14,36,145]]
[[0,0,0],[1,0,0],[0,1,0],[75,131,145]]
[[0,0,0],[1,0,0],[0,1,0],[5,96,145]]
[[0,0,0],[1,0,0],[0,1,0],[9,132,145]]
[[0,0,0],[1,0,0],[0,1,0],[6,27,145]]
[[0,0,0],[1,0,0],[0,1,0],[14,39,145]]
[[0,0,0],[1,0,0],[0,1,0],[4,49,145]]
[[0,0,0],[1,0,0],[0,1,0],[11,49,145]]
[[0,0,0],[1,0,0],[0,1,0],[25,92,145]]
[[0,0,0],[1,0,0],[0,1,0],[45,41,145]]
[[0,0,0],[1,0,0],[0,1,0],[4,7,145]]
[[0,0,0],[1,0,0],[0,1,0],[40,11,145]]
[[0,0,0],[1,0,0],[0,1,0],[36,52,145]]
[[0,0,0],[1,0,0],[0,1,0],[20,97,145]]
[[0,0,0],[1,0,0],[0,1,0],[8,26,145]]
[[0,0,0],[1,0,0],[0,1,0],[20,39,145]]
[[0,0,0],[1,0,0],[0,1,0],[25,56,145]]
[[0,0,0],[1,0,0],[0,1,0],[20,1,145]]
[[0,0,0],[1,0,0],[0,1,0],[39,126,145]]
[[0,0,0],[1,0,0],[0,1,0],[15,101,145]]
[[0,0,0],[1,0,0],[0,1,0],[4,72,145]]
[[0,0,0],[1,0,0],[0,1,0],[15,106,145]]
[[0,0,0],[1,0,0],[0,1,0],[12,79,145]]
[[0,0,0],[1,0,0],[0,1,0],[26,48,145]]
[[0,0,0],[1,0,0],[0,1,0],[39,117,145]]
[[0,0,0],[1,0,0],[0,1,0],[13,26,145]]
[[0,0,0],[1,0,0],[0,1,0],[4,42,145]]
[[0,0,0],[1,0,0],[0,1,0],[18,93,145]]
[[0,0,0],[1,0,0],[0,1,0],[8,118,145]]
[[0,0,0],[1,0,0],[0,1,0],[45,111,145]]
[[0,0,0],[1,0,0],[0,1,0],[3,19,145]]
[[0,0,0],[1,0,0],[0,1,0],[4,61,145]]
[[0,0,0],[1,0,0],[0,1,0],[18,53,145]]
[[0,0,0],[1,0,0],[0,1,0],[25,76,145]]
[[0,0,0],[1,0,0],[0,1,0],[23,41,145]]
[[0,0,0],[1,0,0],[0,1,0],[65,86,145]]
[[0,0,0],[1,0,0],[0,1,0],[23,23,145]]
[[0,0,0],[1,0,0],[0,1,0],[28,63,145]]
[[0,0,0],[1,0,0],[0,1,0],[14,18,145]]
[[0,0,0],[1,0,0],[0,1,0],[49,118,145]]
[[0,0,0],[1,0,0],[0,1,0],[2,124,145]]
[[0,0,0],[1,0,0],[0,1,0],[35,31,145]]
[[0,0,0],[1,0,0],[0,1,0],[47,69,145]]
[[0,0,0],[1,0,0],[0,1,0],[65,111,145]]
[[0,0,0],[1,0,0],[0,1,0],[37,39,145]]
[[0,0,0],[1,0,0],[0,1,0],[2,17,145]]
[[0,0,0],[1,0,0],[0,1,0],[10,76,145]]
[[0,0,0],[1,0,0],[0,1,0],[4,4,145]]
[[0,0,0],[1,0,0],[0,1,0],[39,77,145]]
[[0,0,0],[1,0,0],[0,1,0],[10,41,145]]
[[0,0,0],[1,0,0],[0,1,0],[1,4,145]]
[[0,0,0],[1,0,0],[0,1,0],[71,88,145]]
[[0,0,0],[1,0,0],[0,1,0],[4,46,145]]
[[0,0,0],[1,0,0],[0,1,0],[10,107,145]]
[[0,0,0],[1,0,0],[0,1,0],[35,53,145]]
[[0,0,0],[1,0,0],[0,1,0],[16,24,145]]
[[0,0,0],[1,0,0],[0,1,0],[12,23,145]]
[[0,0,0],[1,0,0],[0,1,0],[40,111,145]]
[[0,0,0],[1,0,0],[0,1,0],[3,67,145]]
[[0,0,0],[1,0,0],[0,1,0],[17,19,145]]
[[0,0,0],[1,0,0],[0,1,0],[37,48,145]]
[[0,0,0],[1,0,0],[0,1,0],[28,93,145]]
[[0,0,0],[1,0,0],[0,1,0],[4,142,145]]
[[0,0,0],[1,0,0],[0,1,0],[18,48,145]]
[[0,0,0],[1,0,0],[0,1,0],[61,143,145]]
[[0,0,0],[1,0,0],[0,1,0],[25,91,145]]
[[0,0,0],[1,0,0],[0,1,0],[23,93,145]]
[[0,0,0],[1,0,0],[0,1,0],[12,17,145]]
[[0,0,0],[1,0,0],[0,1,0],[4,41,145]]
[[0,0,0],[1,0,0],[0,1,0],[1,13,145]]
[[0,0,0],[1,0,0],[0,1,0],[25,96,145]]
[[0,0,0],[1,0,0],[0,1,0],[13,23,145]]
[[0,0,0],[1,0,0],[0,1,0],[5,112,145]]
[[0,0,0],[1,0,0],[0,1,0],[11,54,145]]
[[0,0,0],[1,0,0],[0,1,0],[6,22,145]]
[[0,0,0],[1,0,0],[0,1,0],[2,36,145]]
[[0,0,0],[1,0,0],[0,1,0],[13,42,145]]
[[0,0,0],[1,0,0],[0,1,0],[20,71,145]]
[[0,0,0],[1,0,0],[0,1,0],[22,139,145]]
[[0,0,0],[1,0,0],[0,1,0],[60,126,145]]
[[0,0,0],[1,0,0],[0,1,0],[60,11,145]]
[[0,0,0],[1,0,0],[0,1,0],[28,88,145]]
[[0,0,0],[1,0,0],[0,1,0],[72,134,145]]
[[0,0,0],[1,0,0],[0,1,0],[7,13,145]]
[[0,0,0],[1,0,0],[0,1,0],[37,44,145]]
[[0,0,0],[1,0,0],[0,1,0],[11,44,145]]
[[0,0,0],[1,0,0],[0,1,0],[20,66,145]]
[[0,0,0],[1,0,0],[0,1,0],[23,108,145]]
[[0,0,0],[1,0,0],[0,1,0],[3,7,145]]
[[0,0,0],[1,0,0],[0,1,0],[25,63,145]]
[[0,0,0],[1,0,0],[0,1,0],[103,103,145]]
[[0,0,0],[1,0,0],[0,1,0],[17,17,145]]
[[0,0,0],[1,0,0],[0,1,0],[34,102,145]]
[[0,0,0],[1,0,0],[0,1,0],[19,38,145]]
[[0,0,0],[1,0,0],[0,1,0],[4,59,145]]
[[0,0,0],[1,0,0],[0,1,0],[45,131,145]]
[[0,0,0],[1,0,0],[0,1,0],[2,43,145]]
[[0,0,0],[1,0,0],[0,1,0],[37,69,145]]
[[0,0,0],[1,0,0],[0,1,0],[27,31,145]]
[[0,0,0],[1,0,0],[0,1,0],[35,41,145]]
[[0,0,0],[1,0,0],[0,1,0],[40,26,145]]
[[0,0,0],[1,0,0],[0,1,0],[34,62,145]]
[[0,0,0],[1,0,0],[0,1,0],[12,31,145]]
[[0,0,0],[1,0,0],[0,1,0],[47,101,145]]
[[0,0,0],[1,0,0],[0,1,0],[23,134,145]]
[[0,0,0],[1,0,0],[0,1,0],[5,31,145]]
[[0,0,0],[1,0,0],[0,1,0],[16,54,145]]
[[0,0,0],[1,0,0],[0,1,0],[41,134,145]]
[[0,0,0],[1,0,0],[0,1,0],[27,41,145]]
[[0,0,0],[1,0,0],[0,1,0],[14,34,145]]
[[0,0,0],[1,0,0],[0,1,0],[90,76,145]]
[[0,0,0],[1,0,0],[0,1,0],[28,108,145]]
[[0,0,0],[1,0,0],[0,1,0],[100,91,145]]
[[0,0,0],[1,0,0],[0,1,0],[5,71,145]]
[[0,0,0],[1,0,0],[0,1,0],[9,138,145]]
[[0,0,0],[1,0,0],[0,1,0],[10,51,145]]
[[0,0,0],[1,0,0],[0,1,0],[7,12,145]]
[[0,0,0],[1,0,0],[0,1,0],[20,46,145]]
[[0,0,0],[1,0,0],[0,1,0],[40,41,145]]
[[0,0,0],[1,0,0],[0,1,0],[2,24,145]]
[[0,0,0],[1,0,0],[0,1,0],[58,117,145]]
[[0,0,0],[1,0,0],[0,1,0],[22,47,145]]
[[0,0,0],[1,0,0],[0,1,0],[17,47,145]]
[[0,0,0],[1,0,0],[0,1,0],[85,90,145]]
[[0,0,0],[1,0,0],[0,1,0],[7,48,145]]
[[0,0,0],[1,0,0],[0,1,0],[22,52,145]]
[[0,0,0],[1,0,0],[0,1,0],[40,131,145]]
[[0,0,0],[1,0,0],[0,1,0],[4,18,145]]
[[0,0,0],[1,0,0],[0,1,0],[4,53,145]]
[[0,0,0],[1,0,0],[0,1,0],[63,63,145]]
[[0,0,0],[1,0,0],[0,1,0],[11,63,145]]
[[0,0,0],[1,0,0],[0,1,0],[27,39,145]]
[[0,0,0],[1,0,0],[0,1,0],[50,136,145]]
[[0,0,0],[1,0,0],[0,1,0],[4,44,145]]
[[0,0,0],[1,0,0],[0,1,0],[13,103,145]]
[[0,0,0],[1,0,0],[0,1,0],[4,12,145]]
[[0,0,0],[1,0,0],[0,1,0],[32,59,145]]
[[0,0,0],[1,0,0],[0,1,0],[5,61,145]]
[[0,0,0],[1,0,0],[0,1,0],[4,43,145]]
[[0,0,0],[1,0,0],[0,1,0],[12,28,145]]
[[0,0,0],[1,0,0],[0,1,0],[2,14,145]]
[[0,0,0],[1,0,0],[0,1,0],[7,99,145]]
[[0,0,0],[1,0,0],[0,1,0],[11,61,145]]
[[0,0,0],[1,0,0],[0,1,0],[50,1,145]]
[[0,0,0],[1,0,0],[0,1,0],[14,132,145]]
[[0,0,0],[1,0,0],[0,1,0],[12,94,145]]
[[0,0,0],[1,0,0],[0,1,0],[8,18,145]]
[[0,0,0],[1,0,0],[0,1,0],[86,88,145]]
[[0,0,0],[1,0,0],[0,1,0],[2,4,145]]
[[0,0,0],[1,0,0],[0,1,0],[23,42,145]]
[[0,0,0],[1,0,0],[0,1,0],[9,22,145]]
[[0,0,0],[1,0,0],[0,1,0],[38,118,145]]
[[0,0,0],[1,0,0],[0,1,0],[38,54,145]]
[[0,0,0],[1,0,0],[0,1,0],[1,12,145]]
[[0,0,0],[1,0,0],[0,1,0],[12,59,145]]
[[0,0,0],[1,0,0],[0,1,0],[28,118,145]]
[[0,0,0],[1,0,0],[0,1,0],[9,48,145]]
[[0,0,0],[1,0,0],[0,1,0],[9,37,145]]
[[0,0,0],[1,0,0],[0,1,0],[6,6,145]]
[[0,0,0],[1,0,0],[0,1,0],[3,143,145]]
[[0,0,0],[1,0,0],[0,1,0],[2,23,145]]
[[0,0,0],[1,0,0],[0,1,0],[55,26,145]]
[[0,0,0],[1,0,0],[0,1,0],[59,72,145]]
[[0,0,0],[1,0,0],[0,1,0],[2,19,145]]
[[0,0,0],[1,0,0],[0,1,0],[22,94,145]]
[[0,0,0],[1,0,0],[0,1,0],[2,26,145]]
[[0,0,0],[1,0,0],[0,1,0],[21,126,145]]
[[0,0,0],[1,0,0],[0,1,0],[9,141,145]]
[[0,0,0],[1,0,0],[0,1,0],[18,28,145]]
[[0,0,0],[1,0,0],[0,1,0],[2,47,145]]
[[0,0,0],[1,0,0],[0,1,0],[6,37,145]]
[[0,0,0],[1,0,0],[0,1,0],[18,118,145]]
[[0,0,0],[1,0,0],[0,1,0],[6,63,145]]
[[0,0,0],[1,0,0],[0,1,0],[4,24,145]]
[[0,0,0],[1,0,0],[0,1,0],[6,48,145]]
[[0,0,0],[1,0,0],[0,1,0],[21,51,145]]
[[0,0,0],[1,0,0],[0,1,0],[45,106,145]]
[[0,0,0],[1,0,0],[0,1,0],[11,24,145]]
[[0,0,0],[1,0,0],[0,1,0],[2,21,145]]
[[0,0,0],[1,0,0],[0,1,0],[16,101,145]]
[[0,0,0],[1,0,0],[0,1,0],[7,54,145]]
[[0,0,0],[1,0,0],[0,1,0],[18,46,145]]
[[0,0,0],[1,0,0],[0,1,0],[70,101,145]]
[[0,0,0],[1,0,0],[0,1,0],[35,82,145]]
[[0,0,0],[1,0,0],[0,1,0],[19,117,145]]
[[0,0,0],[1,0,0],[0,1,0],[78,78,145]]
[[0,0,0],[1,0,0],[0,1,0],[2,119,145]]
[[0,0,0],[1,0,0],[0,1,0],[10,96,145]]
[[0,0,0],[1,0,0],[0,1,0],[4,64,145]]
[[0,0,0],[1,0,0],[0,1,0],[3,54,145]]
[[0,0,0],[1,0,0],[0,1,0],[38,108,145]]
[[0,0,0],[1,0,0],[0,1,0],[5,121,145]]
[[0,0,0],[1,0,0],[0,1,0],[9,42,145]]
[[0,0,0],[1,0,0],[0,1,0],[20,68,145]]
[[0,0,0],[1,0,0],[0,1,0],[39,108,145]]
[[0,0,0],[1,0,0],[0,1,0],[3,63,145]]
[[0,0,0],[1,0,0],[0,1,0],[9,122,145]]
[[0,0,0],[1,0,0],[0,1,0],[7,31,145]]
[[0,0,0],[1,0,0],[0,1,0],[13,43,145]]
[[0,0,0],[1,0,0],[0,1,0],[6,32,145]]
[[0,0,0],[1,0,0],[0,1,0],[62,99,145]]
[[0,0,0],[1,0,0],[0,1,0],[28,54,145]]
[[0,0,0],[1,0,0],[0,1,0],[17,139,145]]
[[0,0,0],[1,0,0],[0,1,0],[14,62,145]]
[[0,0,0],[1,0,0],[0,1,0],[9,72,145]]
[[0,0,0],[1,0,0],[0,1,0],[7,19,145]]
[[0,0,0],[1,0,0],[0,1,0],[4,19,145]]
[[0,0,0],[1,0,0],[0,1,0],[37,37,145]]
[[0,0,0],[1,0,0],[0,1,0],[28,123,145]]
[[0,0,0],[1,0,0],[0,1,0],[3,51,145]]
[[0,0,0],[1,0,0],[0,1,0],[2,66,145]]
[[0,0,0],[1,0,0],[0,1,0],[54,93,145]]
[[0,0,0],[1,0,0],[0,1,0],[3,6,145]]
[[0,0,0],[1,0,0],[0,1,0],[48,69,145]]
[[0,0,0],[1,0,0],[0,1,0],[3,68,145]]
[[0,0,0],[1,0,0],[0,1,0],[38,38,145]]
[[0,0,0],[1,0,0],[0,1,0],[29,1,145]]
[[0,0,0],[1,0,0],[0,1,0],[102,102,145]]
[[0,0,0],[1,0,0],[0,1,0],[13,139,145]]
[[0,0,0],[1,0,0],[0,1,0],[21,32,145]]
[[0,0,0],[1,0,0],[0,1,0],[30,11,145]]
[[0,0,0],[1,0,0],[0,1,0],[26,51,145]]
[[0,0,0],[1,0,0],[0,1,0],[4,113,145]]
[[0,0,0],[1,0,0],[0,1,0],[6,66,145]]
[[0,0,0],[1,0,0],[0,1,0],[14,72,145]]
[[0,0,0],[1,0,0],[0,1,0],[116,59,145]]
[[0,0,0],[1,0,0],[0,1,0],[116,30,145]]
[[0,0,0],[1,0,0],[0,1,0],[7,51,145]]
[[0,0,0],[1,0,0],[0,1,0],[18,32,145]]
[[0,0,0],[1,0,0],[0,1,0],[5,26,145]]
[[0,0,0],[1,0,0],[0,1,0],[5,54,145]]
[[0,0,0],[1,0,0],[0,1,0],[2,41,145]]
[[0,0,0],[1,0,0],[0,1,0],[18,51,145]]
[[0,0,0],[1,0,0],[0,1,0],[22,24,145]]
[[0,0,0],[1,0,0],[0,1,0],[19,36,145]]
[[0,0,0],[1,0,0],[0,1,0],[10,6,145]]
[[0,0,0],[1,0,0],[0,1,0],[13,128,145]]
[[0,0,0],[1,0,0],[0,1,0],[9,77,145]]
[[0,0,0],[1,0,0],[0,1,0],[35,56,145]]
[[0,0,0],[1,0,0],[0,1,0],[6,62,145]]
[[0,0,0],[1,0,0],[0,1,0],[37,74,145]]
[[0,0,0],[1,0,0],[0,1,0],[8,11,145]]
[[0,0,0],[1,0,0],[0,1,0],[40,66,145]]
[[0,0,0],[1,0,0],[0,1,0],[4,17,145]]
[[0,0,0],[1,0,0],[0,1,0],[2,7,145]]
[[0,0,0],[1,0,0],[0,1,0],[13,61,145]]
[[0,0,0],[1,0,0],[0,1,0],[4,48,145]]
[[0,0,0],[1,0,0],[0,1,0],[12,12,145]]
[[0,0,0],[1,0,0],[0,1,0],[4,54,145]]
[[0,0,0],[1,0,0],[0,1,0],[3,57,145]]
[[0,0,0],[1,0,0],[0,1,0],[7,53,145]]
[[0,0,0],[1,0,0],[0,1,0],[23,59,145]]
[[0,0,0],[1,0,0],[0,1,0],[30,6,145]]
[[0,0,0],[1,0,0],[0,1,0],[24,37,145]]
[[0,0,0],[1,0,0],[0,1,0],[52,69,145]]
[[0,0,0],[1,0,0],[0,1,0],[11,138,145]]
[[0,0,0],[1,0,0],[0,1,0],[25,71,145]]
[[0,0,0],[1,0,0],[0,1,0],[9,117,145]]
[[0,0,0],[1,0,0],[0,1,0],[6,16,145]]
[[0,0,0],[1,0,0],[0,1,0],[10,36,145]]
[[0,0,0],[1,0,0],[0,1,0],[49,62,145]]
[[0,0,0],[1,0,0],[0,1,0],[23,28,145]]
[[0,0,0],[1,0,0],[0,1,0],[6,42,145]]
[[0,0,0],[1,0,0],[0,1,0],[5,91,145]]
[[0,0,0],[1,0,0],[0,1,0],[10,20,145]]
[[0,0,0],[1,0,0],[0,1,0],[15,36,145]]
[[0,0,0],[1,0,0],[0,1,0],[3,42,145]]
[[0,0,0],[1,0,0],[0,1,0],[1,23,145]]
[[0,0,0],[1,0,0],[0,1,0],[16,59,145]]
[[0,0,0],[1,0,0],[0,1,0],[7,61,145]]
[[0,0,0],[1,0,0],[0,1,0],[15,31,145]]
[[0,0,0],[1,0,0],[0,1,0],[32,89,145]]
[[0,0,0],[1,0,0],[0,1,0],[16,46,145]]
[[0,0,0],[1,0,0],[0,1,0],[7,39,145]]
[[0,0,0],[1,0,0],[0,1,0],[3,56,145]]
[[0,0,0],[1,0,0],[0,1,0],[7,38,145]]
[[0,0,0],[1,0,0],[0,1,0],[23,118,145]]
[[0,0,0],[1,0,0],[0,1,0],[31,34,145]]
[[0,0,0],[1,0,0],[0,1,0],[11,36,145]]
[[0,0,0],[1,0,0],[0,1,0],[3,83,145]]
[[0,0,0],[1,0,0],[0,1,0],[1,8,145]]
[[0,0,0],[1,0,0],[0,1,0],[7,74,145]]
[[0,0,0],[1,0,0],[0,1,0],[18,59,145]]
[[0,0,0],[1,0,0],[0,1,0],[16,37,145]]
[[0,0,0],[1,0,0],[0,1,0],[3,22,145]]
[[0,0,0],[1,0,0],[0,1,0],[17,36,145]]
[[0,0,0],[1,0,0],[0,1,0],[14,21,145]]
[[0,0,0],[1,0,0],[0,1,0],[4,67,145]]
[[0,0,0],[1,0,0],[0,1,0],[20,106,145]]
[[0,0,0],[1,0,0],[0,1,0],[80,37,145]]
[[0,0,0],[1,0,0],[0,1,0],[10,46,145]]
[[0,0,0],[1,0,0],[0,1,0],[2,34,145]]
[[0,0,0],[1,0,0],[0,1,0],[14,102,145]]
[[0,0,0],[1,0,0],[0,1,0],[5,86,145]]
[[0,0,0],[1,0,0],[0,1,0],[65,141,145]]
[[0,0,0],[1,0,0],[0,1,0],[37,51,145]]
[[0,0,0],[1,0,0],[0,1,0],[20,81,145]]
[[0,0,0],[1,0,0],[0,1,0],[35,141,145]]
[[0,0,0],[1,0,0],[0,1,0],[6,51,145]]
[[0,0,0],[1,0,0],[0,1,0],[16,39,145]]
[[0,0,0],[1,0,0],[0,1,0],[7,24,145]]
[[0,0,0],[1,0,0],[0,1,0],[8,128,145]]
[[0,0,0],[1,0,0],[0,1,0],[21,53,145]]
[[0,0,0],[1,0,0],[0,1,0],[12,114,145]]
[[0,0,0],[1,0,0],[0,1,0],[41,46,145]]
[[0,0,0],[1,0,0],[0,1,0],[13,68,145]]
[[0,0,0],[1,0,0],[0,1,0],[4,8,145]]
[[0,0,0],[1,0,0],[0,1,0],[20,51,145]]
[[0,0,0],[1,0,0],[0,1,0],[59,62,145]]
[[0,0,0],[1,0,0],[0,1,0],[10,66,145]]
[[0,0,0],[1,0,0],[0,1,0],[7,37,145]]
[[0,0,0],[1,0,0],[0,1,0],[37,89,145]]
[[0,0,0],[1,0,0],[0,1,0],[100,104,145]]
[[0,0,0],[1,0,0],[0,1,0],[6,44,145]]
[[0,0,0],[1,0,0],[0,1,0],[29,117,145]]
[[0,0,0],[1,0,0],[0,1,0],[6,61,145]]
[[0,0,0],[1,0,0],[0,1,0],[11,21,145]]
[[0,0,0],[1,0,0],[0,1,0],[10,121,145]]
[[0,0,0],[1,0,0],[0,1,0],[9,23,145]]
[[0,0,0],[1,0,0],[0,1,0],[60,86,145]]
[[0,0,0],[1,0,0],[0,1,0],[18,49,145]]
[[0,0,0],[1,0,0],[0,1,0],[12,16,145]]
[[0,0,0],[1,0,0],[0,1,0],[15,111,145]]
[[0,0,0],[1,0,0],[0,1,0],[14,74,145]]
[[0,0,0],[1,0,0],[0,1,0],[9,56,145]]
[[0,0,0],[1,0,0],[0,1,0],[62,144,145]]
[[0,0,0],[1,0,0],[0,1,0],[8,38,145]]
[[0,0,0],[1,0,0],[0,1,0],[54,132,145]]
[[0,0,0],[1,0,0],[0,1,0],[15,51,145]]
[[0,0,0],[1,0,0],[0,1,0],[30,16,145]]
[[0,0,0],[1,0,0],[0,1,0],[24,36,145]]
[[0,0,0],[1,0,0],[0,1,0],[35,140,145]]
[[0,0,0],[1,0,0],[0,1,0],[4,22,145]]
[[0,0,0],[1,0,0],[0,1,0],[27,132,145]]
[[0,0,0],[1,0,0],[0,1,0],[32,39,145]]
[[0,0,0],[1,0,0],[0,1,0],[80,91,145]]
[[0,0,0],[1,0,0],[0,1,0],[8,37,145]]
[[0,0,0],[1,0,0],[0,1,0],[70,18,145]]
[[0,0,0],[1,0,0],[0,1,0],[5,81,145]]
[[0,0,0],[1,0,0],[0,1,0],[6,46,145]]
[[0,0,0],[1,0,0],[0,1,0],[87,59,145]]
[[0,0,0],[1,0,0],[0,1,0],[50,67,145]]
[[0,0,0],[1,0,0],[0,1,0],[2,99,145]]
[[0,0,0],[1,0,0],[0,1,0],[20,31,145]]
[[0,0,0],[1,0,0],[0,1,0],[8,8,145]]
[[0,0,0],[1,0,0],[0,1,0],[13,13,145]]
[[0,0,0],[1,0,0],[0,1,0],[18,63,145]]
[[0,0,0],[1,0,0],[0,1,0],[7,7,145]]
[[0,0,0],[1,0,0],[0,1,0],[27,61,145]]
[[0,0,0],[1,0,0],[0,1,0],[37,79,145]]
[[0,0,0],[1,0,0],[0,1,0],[23,123,145]]
[[0,0,0],[1,0,0],[0,1,0],[5,16,145]]
[[0,0,0],[1,0,0],[0,1,0],[21,49,145]]
[[0,0,0],[1,0,0],[0,1,0],[6,82,145]]
[[0,0,0],[1,0,0],[0,1,0],[60,91,145]]
[[0,0,0],[1,0,0],[0,1,0],[12,18,145]]
[[0,0,0],[1,0,0],[0,1,0],[13,31,145]]
[[0,0,0],[1,0,0],[0,1,0],[11,41,145]]
[[0,0,0],[1,0,0],[0,1,0],[19,56,145]]
[[0,0,0],[1,0,0],[0,1,0],[3,24,145]]
[[0,0,0],[1,0,0],[0,1,0],[39,72,145]]
[[0,0,0],[1,0,0],[0,1,0],[90,86,145]]
[[0,0,0],[1,0,0],[0,1,0],[63,113,145]]
[[0,0,0],[1,0,0],[0,1,0],[2,94,145]]
[[0,0,0],[1,0,0],[0,1,0],[40,19,145]]
[[0,0,0],[1,0,0],[0,1,0],[8,52,145]]
[[0,0,0],[1,0,0],[0,1,0],[15,56,145]]
[[0,0,0],[1,0,0],[0,1,0],[17,61,145]]
[[0,0,0],[1,0,0],[0,1,0],[8,103,145]]
[[0,0,0],[1,0,0],[0,1,0],[18,39,145]]
[[0,0,0],[1,0,0],[0,1,0],[10,31,145]]
[[0,0,0],[1,0,0],[0,1,0],[7,141,145]]
[[0,0,0],[1,0,0],[0,1,0],[18,88,145]]
[[0,0,0],[1,0,0],[0,1,0],[3,16,145]]
[[0,0,0],[1,0,0],[0,1,0],[47,144,145]]
[[0,0,0],[1,0,0],[0,1,0],[13,78,145]]
[[0,0,0],[1,0,0],[0,1,0],[9,9,145]]
[[0,0,0],[1,0,0],[0,1,0],[23,88,145]]
[[0,0,0],[1,0,0],[0,1,0],[2,63,145]]
[[0,0,0],[1,0,0],[0,1,0],[32,44,145]]
[[0,0,0],[1,0,0],[0,1,0],[6,49,145]]
[[0,0,0],[1,0,0],[0,1,0],[4,11,145]]
[[0,0,0],[1,0,0],[0,1,0],[12,64,145]]
[[0,0,0],[1,0,0],[0,1,0],[48,123,145]]
[[0,0,0],[1,0,0],[0,1,0],[2,69,145]]
[[0,0,0],[1,0,0],[0,1,0],[30,36,145]]
[[0,0,0],[1,0,0],[0,1,0],[15,46,145]]
[[0,0,0],[1,0,0],[0,1,0],[35,126,145]]
[[0,0,0],[1,0,0],[0,1,0],[22,44,145]]
[[0,0,0],[1,0,0],[0,1,0],[50,21,145]]
[[0,0,0],[1,0,0],[0,1,0],[12,104,145]]
[[0,0,0],[1,0,0],[0,1,0],[49,77,145]]
[[0,0,0],[1,0,0],[0,1,0],[63,112,145]]
[[0,0,0],[1,0,0],[0,1,0],[20,91,145]]
[[0,0,0],[1,0,0],[0,1,0],[28,98,145]]
[[0,0,0],[1,0,0],[0,1,0],[1,1,145]]
[[0,0,0],[1,0,0],[0,1,0],[13,118,145]]
[[0,0,0],[1,0,0],[0,1,0],[7,129,145]]
[[0,0,0],[1,0,0],[0,1,0],[5,51,145]]
[[0,0,0],[1,0,0],[0,1,0],[48,138,145]]
[[0,0,0],[1,0,0],[0,1,0],[34,123,145]]
[[0,0,0],[1,0,0],[0,1,0],[48,117,145]]
[[0,0,0],[1,0,0],[0,1,0],[2,134,145]]
[[0,0,0],[1,0,0],[0,1,0],[40,16,145]]
[[0,0,0],[1,0,0],[0,1,0],[32,64,145]]
[[0,0,0],[1,0,0],[0,1,0],[6,21,145]]
[[0,0,0],[1,0,0],[0,1,0],[4,26,145]]
[[0,0,0],[1,0,0],[0,1,0],[9,31,145]]
[[0,0,0],[1,0,0],[0,1,0],[20,61,145]]
[[0,0,0],[1,0,0],[0,1,0],[22,34,145]]
[[0,0,0],[1,0,0],[0,1,0],[18,18,145]]
[[0,0,0],[1,0,0],[0,1,0],[55,136,145]]
[[0,0,0],[1,0,0],[0,1,0],[80,95,145]]
[[0,0,0],[1,0,0],[0,1,0],[16,18,145]]
[[0,0,0],[1,0,0],[0,1,0],[100,86,145]]
[[0,0,0],[1,0,0],[0,1,0],[40,135,145]]
[[0,0,0],[1,0,0],[0,1,0],[16,28,145]]
[[0,0,0],[1,0,0],[0,1,0],[12,57,145]]
[[0,0,0],[1,0,0],[0,1,0],[17,34,145]]
[[0,0,0],[1,0,0],[0,1,0],[9,24,145]]
[[0,0,0],[1,0,0],[0,1,0],[3,114,145]]
[[0,0,0],[1,0,0],[0,1,0],[45,31,145]]
[[0,0,0],[1,0,0],[0,1,0],[2,84,145]]
[[0,0,0],[1,0,0],[0,1,0],[69,107,145]]
[[0,0,0],[1,0,0],[0,1,0],[11,137,145]]
[[0,0,0],[1,0,0],[0,1,0],[28,56,145]]
[[0,0,0],[1,0,0],[0,1,0],[17,28,145]]
[[0,0,0],[1,0,0],[0,1,0],[5,101,145]]
[[0,0,0],[1,0,0],[0,1,0],[9,67,145]]
[[0,0,0],[1,0,0],[0,1,0],[24,57,145]]
[[0,0,0],[1,0,0],[0,1,0],[9,108,145]]
[[0,0,0],[1,0,0],[0,1,0],[3,128,145]]
[[0,0,0],[1,0,0],[0,1,0],[40,6,145]]
[[0,0,0],[1,0,0],[0,1,0],[7,27,145]]
[[0,0,0],[1,0,0],[0,1,0],[7,59,145]]
[[0,0,0],[1,0,0],[0,1,0],[1,17,145]]
[[0,0,0],[1,0,0],[0,1,0],[9,18,145]]
[[0,0,0],[1,0,0],[0,1,0],[13,56,145]]
[[0,0,0],[1,0,0],[0,1,0],[14,27,145]]
[[0,0,0],[1,0,0],[0,1,0],[36,48,145]]
[[0,0,0],[1,0,0],[0,1,0],[11,43,145]]
[[0,0,0],[1,0,0],[0,1,0],[2,46,145]]
[[0,0,0],[1,0,0],[0,1,0],[14,57,145]]
[[0,0,0],[1,0,0],[0,1,0],[25,46,145]]
[[0,0,0],[1,0,0],[0,1,0],[22,99,145]]
[[0,0,0],[1,0,0],[0,1,0],[30,31,145]]
[[0,0,0],[1,0,0],[0,1,0],[13,88,145]]
[[0,0,0],[1,0,0],[0,1,0],[15,41,145]]
[[0,0,0],[1,0,0],[0,1,0],[4,32,145]]
[[0,0,0],[1,0,0],[0,1,0],[2,9,145]]
[[0,0,0],[1,0,0],[0,1,0],[31,44,145]]
[[0,0,0],[1,0,0],[0,1,0],[44,44,145]]
[[0,0,0],[1,0,0],[0,1,0],[8,78,145]]
[[0,0,0],[1,0,0],[0,1,0],[70,134,145]]
[[0,0,0],[1,0,0],[0,1,0],[9,59,145]]
[[0,0,0],[1,0,0],[0,1,0],[5,36,145]]
[[0,0,0],[1,0,0],[0,1,0],[10,91,145]]
[[0,0,0],[1,0,0],[0,1,0],[49,122,145]]
[[0,0,0],[1,0,0],[0,1,0],[8,34,145]]
[[0,0,0],[1,0,0],[0,1,0],[6,33,145]]
[[0,0,0],[1,0,0],[0,1,0],[13,138,145]]
[[0,0,0],[1,0,0],[0,1,0],[2,27,145]]
[[0,0,0],[1,0,0],[0,1,0],[16,53,145]]
[[0,0,0],[1,0,0],[0,1,0],[2,16,145]]
[[0,0,0],[1,0,0],[0,1,0],[8,48,145]]
[[0,0,0],[1,0,0],[0,1,0],[15,1,145]]
[[0,0,0],[1,0,0],[0,1,0],[13,108,145]]
[[0,0,0],[1,0,0],[0,1,0],[2,48,145]]
[[0,0,0],[1,0,0],[0,1,0],[7,94,145]]
[[0,0,0],[1,0,0],[0,1,0],[4,13,145]]
[[0,0,0],[1,0,0],[0,1,0],[22,89,145]]
[[0,0,0],[1,0,0],[0,1,0],[24,112,145]]
[[0,0,0],[1,0,0],[0,1,0],[32,124,145]]
[[0,0,0],[1,0,0],[0,1,0],[3,33,145]]
[[0,0,0],[1,0,0],[0,1,0],[18,108,145]]
[[0,0,0],[1,0,0],[0,1,0],[30,61,145]]
[[0,0,0],[1,0,0],[0,1,0],[45,141,145]]
[[0,0,0],[1,0,0],[0,1,0],[20,21,145]]
[[0,0,0],[1,0,0],[0,1,0],[80,66,145]]
[[0,0,0],[1,0,0],[0,1,0],[13,46,145]]
[[0,0,0],[1,0,0],[0,1,0],[2,72,145]]
[[0,0,0],[1,0,0],[0,1,0],[10,106,145]]
[[0,0,0],[1,0,0],[0,1,0],[9,139,145]]
[[0,0,0],[1,0,0],[0,1,0],[4,82,145]]
[[0,0,0],[1,0,0],[0,1,0],[9,137,145]]
[[0,0,0],[1,0,0],[0,1,0],[2,114,145]]
[[0,0,0],[1,0,0],[0,1,0],[7,14,145]]
[[0,0,0],[1,0,0],[0,1,0],[1,22,145]]
[[0,0,0],[1,0,0],[0,1,0],[11,37,145]]
[[0,0,0],[1,0,0],[0,1,0],[24,93,145]]
[[0,0,0],[1,0,0],[0,1,0],[14,54,145]]
[[0,0,0],[1,0,0],[0,1,0],[13,123,145]]
[[0,0,0],[1,0,0],[0,1,0],[9,41,145]]
[[0,0,0],[1,0,0],[0,1,0],[8,22,145]]
[[0,0,0],[1,0,0],[0,1,0],[50,46,145]]
[[0,0,0],[1,0,0],[0,1,0],[2,144,145]]
[[0,0,0],[1,0,0],[0,1,0],[26,26,145]]
[[0,0,0],[1,0,0],[0,1,0],[9,52,145]]
[[0,0,0],[1,0,0],[0,1,0],[6,38,145]]
[[0,0,0],[1,0,0],[0,1,0],[10,11,145]]
[[0,0,0],[1,0,0],[0,1,0],[48,48,145]]
[[0,0,0],[1,0,0],[0,1,0],[25,121,145]]
[[0,0,0],[1,0,0],[0,1,0],[11,32,145]]
[[0,0,0],[1,0,0],[0,1,0],[60,1,145]]
[[0,0,0],[1,0,0],[0,1,0],[9,21,145]]
[[0,0,0],[1,0,0],[0,1,0],[20,26,145]]
[[0,0,0],[1,0,0],[0,1,0],[10,16,145]]
[[0,0,0],[1,0,0],[0,1,0],[60,28,145]]
[[0,0,0],[1,0,0],[0,1,0],[8,69,145]]
[[0,0,0],[1,0,0],[0,1,0],[8,67,145]]
[[0,0,0],[1,0,0],[0,1,0],[60,115,145]]
[[0,0,0],[1,0,0],[0,1,0],[1,19,145]]
[[0,0,0],[1,0,0],[0,1,0],[19,77,145]]
[[0,0,0],[1,0,0],[0,1,0],[1,28,145]]
[[0,0,0],[1,0,0],[0,1,0],[15,16,145]]
[[0,0,0],[1,0,0],[0,1,0],[3,62,145]]
[[0,0,0],[1,0,0],[0,1,0],[19,122,145]]
[[0,0,0],[1,0,0],[0,1,0],[24,53,145]]
[[0,0,0],[1,0,0],[0,1,0],[2,59,145]]
[[0,0,0],[1,0,0],[0,1,0],[13,113,145]]
[[0,0,0],[1,0,0],[0,1,0],[7,16,145]]
[[0,0,0],[1,0,0],[0,1,0],[5,11,145]]
[[0,0,0],[1,0,0],[0,1,0],[2,53,145]]
[[0,0,0],[1,0,0],[0,1,0],[11,19,145]]
[[0,0,0],[1,0,0],[0,1,0],[3,144,145]]
[[0,0,0],[1,0,0],[0,1,0],[88,88,145]]
[[0,0,0],[1,0,0],[0,1,0],[4,66,145]]
[[0,0,0],[1,0,0],[0,1,0],[13,21,145]]
[[0,0,0],[1,0,0],[0,1,0],[15,102,145]]
[[0,0,0],[1,0,0],[0,1,0],[5,21,145]]
[[0,0,0],[1,0,0],[0,1,0],[23,27,145]]
[[0,0,0],[1,0,0],[0,1,0],[6,111,145]]
[[0,0,0],[1,0,0],[0,1,0],[4,6,145]]
[[0,0,0],[1,0,0],[0,1,0],[79,102,145]]
[[0,0,0],[1,0,0],[0,1,0],[10,61,145]]
[[0,0,0],[1,0,0],[0,1,0],[17,49,145]]
[[0,0,0],[1,0,0],[0,1,0],[16,41,145]]
[[0,0,0],[1,0,0],[0,1,0],[13,51,145]]
[[0,0,0],[1,0,0],[0,1,0],[55,36,145]]
[[0,0,0],[1,0,0],[0,1,0],[27,69,145]]
[[0,0,0],[1,0,0],[0,1,0],[55,1,145]]
[[0,0,0],[1,0,0],[0,1,0],[8,36,145]]
[[0,0,0],[1,0,0],[0,1,0],[7,62,145]]
[[0,0,0],[1,0,0],[0,1,0],[3,61,145]]
[[0,0,0],[1,0,0],[0,1,0],[19,22,145]]
[[0,0,0],[1,0,0],[0,1,0],[14,82,145]]
[[0,0,0],[1,0,0],[0,1,0],[37,134,145]]
[[0,0,0],[1,0,0],[0,1,0],[3,118,145]]
[[0,0,0],[1,0,0],[0,1,0],[13,57,145]]
[[0,0,0],[1,0,0],[0,1,0],[9,92,145]]
[[0,0,0],[1,0,0],[0,1,0],[60,101,145]]
[[0,0,0],[1,0,0],[0,1,0],[16,62,145]]
[[0,0,0],[1,0,0],[0,1,0],[4,16,145]]
[[0,0,0],[1,0,0],[0,1,0],[12,34,145]]
[[0,0,0],[1,0,0],[0,1,0],[40,51,145]]
[[0,0,0],[1,0,0],[0,1,0],[40,1,145]]
[[0,0,0],[1,0,0],[0,1,0],[13,39,145]]
[[0,0,0],[1,0,0],[0,1,0],[1,59,145]]
[[0,0,0],[1,0,0],[0,1,0],[45,130,145]]
[[0,0,0],[1,0,0],[0,1,0],[18,52,145]]
[[0,0,0],[1,0,0],[0,1,0],[50,38,145]]
[[0,0,0],[1,0,0],[0,1,0],[10,86,145]]
[[0,0,0],[1,0,0],[0,1,0],[45,43,145]]
[[0,0,0],[1,0,0],[0,1,0],[34,56,145]]
[[0,0,0],[1,0,0],[0,1,0],[20,101,145]]
[[0,0,0],[1,0,0],[0,1,0],[6,64,145]]
[[0,0,0],[1,0,0],[0,1,0],[21,96,145]]
[[0,0,0],[1,0,0],[0,1,0],[9,32,145]]
[[0,0,0],[1,0,0],[0,1,0],[18,113,145]]
[[0,0,0],[1,0,0],[0,1,0],[10,49,145]]
[[0,0,0],[1,0,0],[0,1,0],[14,28,145]]
[[0,0,0],[1,0,0],[0,1,0],[12,84,145]]
[[0,0,0],[1,0,0],[0,1,0],[34,47,145]]
[[0,0,0],[1,0,0],[0,1,0],[52,144,145]]
[[0,0,0],[1,0,0],[0,1,0],[13,62,145]]
[[0,0,0],[1,0,0],[0,1,0],[70,6,145]]
[[0,0,0],[1,0,0],[0,1,0],[4,34,145]]
[[0,0,0],[1,0,0],[0,1,0],[8,139,145]]
[[0,0,0],[1,0,0],[0,1,0],[19,59,145]]
[[0,0,0],[1,0,0],[0,1,0],[12,39,145]]
[[0,0,0],[1,0,0],[0,1,0],[7,34,145]]
[[0,0,0],[1,0,0],[0,1,0],[11,51,145]]
[[0,0,0],[1,0,0],[0,1,0],[4,112,145]]
[[0,0,0],[1,0,0],[0,1,0],[17,104,145]]
[[0,0,0],[1,0,0],[0,1,0],[35,26,145]]
[[0,0,0],[1,0,0],[0,1,0],[24,59,145]]
[[0,0,0],[1,0,0],[0,1,0],[27,89,145]]
[[0,0,0],[1,0,0],[0,1,0],[48,93,145]]
[[0,0,0],[1,0,0],[0,1,0],[39,52,145]]
[[0,0,0],[1,0,0],[0,1,0],[8,28,145]]
[[0,0,0],[1,0,0],[0,1,0],[24,77,145]]
[[0,0,0],[1,0,0],[0,1,0],[23,138,145]]
[[0,0,0],[1,0,0],[0,1,0],[3,123,145]]
[[0,0,0],[1,0,0],[0,1,0],[1,14,145]]
[[0,0,0],[1,0,0],[0,1,0],[100,133,145]]
[[0,0,0],[1,0,0],[0,1,0],[25,26,145]]
[[0,0,0],[1,0,0],[0,1,0],[39,47,145]]
[[0,0,0],[1,0,0],[0,1,0],[6,34,145]]
[[0,0,0],[1,0,0],[0,1,0],[18,64,145]]
[[0,0,0],[1,0,0],[0,1,0],[16,38,145]]
[[0,0,0],[1,0,0],[0,1,0],[35,24,145]]
[[0,0,0],[1,0,0],[0,1,0],[45,101,145]]
[[0,0,0],[1,0,0],[0,1,0],[26,59,145]]
[[0,0,0],[1,0,0],[0,1,0],[12,74,145]]
[[0,0,0],[1,0,0],[0,1,0],[28,119,145]]
[[0,0,0],[1,0,0],[0,1,0],[19,19,145]]
[[0,0,0],[1,0,0],[0,1,0],[13,98,145]]
[[0,0,0],[1,0,0],[0,1,0],[17,79,145]]
[[0,0,0],[1,0,0],[0,1,0],[18,33,145]]
[[0,0,0],[1,0,0],[0,1,0],[8,13,145]]
[[0,0,0],[1,0,0],[0,1,0],[7,26,145]]
[[0,0,0],[1,0,0],[0,1,0],[16,31,145]]
[[0,0,0],[1,0,0],[0,1,0],[52,99,145]]
[[0,0,0],[1,0,0],[0,1,0],[4,28,145]]
[[0,0,0],[1,0,0],[0,1,0],[44,51,145]]
[[0,0,0],[1,0,0],[0,1,0],[8,51,145]]
[[0,0,0],[1,0,0],[0,1,0],[38,113,145]]
[[0,0,0],[1,0,0],[0,1,0],[14,112,145]]
[[0,0,0],[1,0,0],[0,1,0],[21,48,145]]
[[0,0,0],[1,0,0],[0,1,0],[8,46,145]]
[[0,0,0],[1,0,0],[0,1,0],[5,126,145]]
[[0,0,0],[1,0,0],[0,1,0],[12,48,145]]
[[0,0,0],[1,0,0],[0,1,0],[9,27,145]]
[[0,0,0],[1,0,0],[0,1,0],[18,44,145]]
[[0,0,0],[1,0,0],[0,1,0],[0,1,145]]
[[0,0,0],[1,0,0],[0,1,0],[19,49,145]]
[[0,0,0],[1,0,0],[0,1,0],[2,13,145]]
[[0,0,0],[1,0,0],[0,1,0],[16,22,145]]
[[0,0,0],[1,0,0],[0,1,0],[55,62,145]]
[[0,0,0],[1,0,0],[0,1,0],[22,64,145]]
[[0,0,0],[1,0,0],[0,1,0],[8,24,145]]
[[0,0,0],[1,0,0],[0,1,0],[12,36,145]]
[[0,0,0],[1,0,0],[0,1,0],[11,59,145]]
[[0,0,0],[1,0,0],[0,1,0],[35,1,145]]
[[0,0,0],[1,0,0],[0,1,0],[2,64,145]]
[[0,0,0],[1,0,0],[0,1,0],[50,101,145]]
[[0,0,0],[1,0,0],[0,1,0],[37,144,145]]
[[0,0,0],[1,0,0],[0,1,0],[11,13,145]]
[[0,0,0],[1,0,0],[0,1,0],[14,14,145]]
[[0,0,0],[1,0,0],[0,1,0],[7,119,145]]
[[0,0,0],[1,0,0],[0,1,0],[3,18,145]]
[[0,0,0],[1,0,0],[0,1,0],[3,9,145]]
[[0,0,0],[1,0,0],[0,1,0],[50,36,145]]
[[0,0,0],[1,0,0],[0,1,0],[45,72,145]]
[[0,0,0],[1,0,0],[0,1,0],[2,39,145]]
[[0,0,0],[1,0,0],[0,1,0],[13,64,145]]
[[0,0,0],[1,0,0],[0,1,0],[44,107,145]]
[[0,0,0],[1,0,0],[0,1,0],[9,107,145]]
[[0,0,0],[1,0,0],[0,1,0],[24,107,145]]
[[0,0,0],[1,0,0],[0,1,0],[38,53,145]]
[[0,0,0],[1,0,0],[0,1,0],[3,31,145]]
[[0,0,0],[1,0,0],[0,1,0],[18,23,145]]
[[0,0,0],[1,0,0],[0,1,0],[36,51,145]]
[[0,0,0],[1,0,0],[0,1,0],[1,2,145]]
[[0,0,0],[1,0,0],[0,1,0],[23,36,145]]
[[0,0,0],[1,0,0],[0,1,0],[6,28,145]]
[[0,0,0],[1,0,0],[0,1,0],[2,18,145]]
[[0,0,0],[1,0,0],[0,1,0],[10,141,145]]
[[0,0,0],[1,0,0],[0,1,0],[8,33,145]]
[[0,0,0],[1,0,0],[0,1,0],[8,93,145]]
[[0,0,0],[1,0,0],[0,1,0],[11,11,145]]
[[0,0,0],[1,0,0],[0,1,0],[112,144,145]]
[[0,0,0],[1,0,0],[0,1,0],[6,12,145]]
[[0,0,0],[1,0,0],[0,1,0],[20,11,145]]
[[0,0,0],[1,0,0],[0,1,0],[100,17,145]]
[[0,0,0],[1,0,0],[0,1,0],[44,72,145]]
[[0,0,0],[1,0,0],[0,1,0],[44,142,145]]
[[0,0,0],[1,0,0],[0,1,0],[8,108,145]]
[[0,0,0],[1,0,0],[0,1,0],[29,30,145]]
[[0,0,0],[1,0,0],[0,1,0],[6,54,145]]
[[0,0,0],[1,0,0],[0,1,0],[35,66,145]]
[[0,0,0],[1,0,0],[0,1,0],[19,72,145]]
[[0,0,0],[1,0,0],[0,1,0],[8,14,145]]
[[0,0,0],[1,0,0],[0,1,0],[3,93,145]]
[[0,0,0],[1,0,0],[0,1,0],[2,139,145]]
[[0,0,0],[1,0,0],[0,1,0],[65,126,145]]
[[0,0,0],[1,0,0],[0,1,0],[16,23,145]]
[[0,0,0],[1,0,0],[0,1,0],[29,88,145]]
[[0,0,0],[1,0,0],[0,1,0],[15,21,145]]
[[0,0,0],[1,0,0],[0,1,0],[9,79,145]]
[[0,0,0],[1,0,0],[0,1,0],[1,6,145]]
[[0,0,0],[1,0,0],[0,1,0],[16,44,145]]
[[0,0,0],[1,0,0],[0,1,0],[44,132,145]]
[[0,0,0],[1,0,0],[0,1,0],[85,71,145]]
[[0,0,0],[1,0,0],[0,1,0],[22,28,145]]
[[0,0,0],[1,0,0],[0,1,0],[22,42,145]]
[[0,0,0],[1,0,0],[0,1,0],[4,39,145]]
[[0,0,0],[1,0,0],[0,1,0],[13,17,145]]
[[0,0,0],[1,0,0],[0,1,0],[25,36,145]]
[[0,0,0],[1,0,0],[0,1,0],[32,56,145]]
[[0,0,0],[1,0,0],[0,1,0],[30,1,145]]
[[0,0,0],[1,0,0],[0,1,0],[3,14,145]]
[[0,0,0],[1,0,0],[0,1,0],[47,94,145]]
[[0,0,0],[1,0,0],[0,1,0],[7,142,145]]
[[0,0,0],[1,0,0],[0,1,0],[6,68,145]]
[[0,0,0],[1,0,0],[0,1,0],[38,123,145]]
[[0,0,0],[1,0,0],[0,1,0],[9,61,145]]
[[0,0,0],[1,0,0],[0,1,0],[5,1,145]]
[[0,0,0],[1,0,0],[0,1,0],[17,24,145]]
[[0,0,0],[1,0,0],[0,1,0],[9,38,145]]
[[0,0,0],[1,0,0],[0,1,0],[19,37,145]]
[[0,0,0],[1,0,0],[0,1,0],[3,44,145]]
[[0,0,0],[1,0,0],[0,1,0],[13,136,145]]
[[0,0,0],[1,0,0],[0,1,0],[28,78,145]]
[[0,0,0],[1,0,0],[0,1,0],[2,8,145]]
[[0,0,0],[1,0,0],[0,1,0],[80,124,145]]
[[0,0,0],[1,0,0],[0,1,0],[4,122,145]]
