[[0,0,0],[1,0,0],[0,1,0],[94,31,148]]
[[0,0,0],[1,0,0],[1,2,0],[13,2,74]]
[[0,0,0],[1,0,0],[0,1,0],[23,137,148]]
[[0,0,0],[1,0,0],[0,1,0],[18,3,148]]
[[0,0,0],[1,0,0],[0,1,0],[2,61,148]]
[[0,0,0],[1,0,0],[0,1,0],[50,11,148]]
[[0,0,0],[1,0,0],[0,1,0],[22,19,148]]
[[0,0,0],[1,0,0],[1,2,0],[9,36,74]]
[[0,0,0],[1,0,0],[0,1,0],[18,103,148]]
[[0,0,0],[1,0,0],[0,1,0],[26,103,148]]
[[0,0,0],[1,0,0],[0,1,0],[67,83,148]]
[[0,0,0],[1,0,0],[0,1,0],[2,97,148]]
[[0,0,0],[1,0,0],[0,1,0],[68,81,148]]
[[0,0,0],[1,0,0],[1,2,0],[19,50,74]]
[[0,0,0],[1,0,0],[1,2,0],[15,14,74]]
[[0,0,0],[1,0,0],[0,1,0],[1,25,148]]
[[0,0,0],[1,0,0],[0,1,0],[15,41,148]]
[[0,0,0],[1,0,0],[0,1,0],[42,139,148]]
[[0,0,0],[1,0,0],[0,1,0],[30,131,148]]
[[0,0,0],[1,0,0],[0,1,0],[19,21,148]]
[[0,0,0],[1,0,0],[0,2,0],[7,18,74]]
[[0,0,0],[1,0,0],[0,1,0],[20,29,148]]
[[0,0,0],[1,0,0],[0,1,0],[5,33,148]]
[[0,0,0],[1,0,0],[0,1,0],[2,85,148]]
[[0,0,0],[1,0,0],[0,1,0],[18,109,148]]
[[0,0,0],[1,0,0],[0,1,0],[30,21,148]]
[[0,0,0],[1,0,0],[0,1,0],[46,123,148]]
[[0,0,0],[1,0,0],[0,1,0],[94,147,148]]
[[0,0,0],[1,0,0],[0,1,0],[66,19,148]]
[[0,0,0],[1,0,0],[0,1,0],[14,81,148]]
[[0,0,0],[1,0,0],[0,1,0],[32,41,148]]
[[0,0,0],[1,0,0],[0,1,0],[10,13,148]]
[[0,0,0],[1,0,0],[0,1,0],[50,33,148]]
[[0,0,0],[1,0,0],[1,2,0],[1,8,74]]
[[0,0,0],[1,0,0],[0,1,0],[1,7,148]]
[[0,0,0],[1,0,0],[1,2,0],[25,6,74]]
[[0,0,0],[1,0,0],[0,1,0],[138,23,148]]
[[0,0,0],[1,0,0],[0,1,0],[114,146,148]]
[[0,0,0],[1,0,0],[0,1,0],[122,138,148]]
[[0,0,0],[1,0,0],[0,1,0],[8,97,148]]
[[0,0,0],[1,0,0],[0,1,0],[11,63,148]]
[[0,0,0],[1,0,0],[0,1,0],[14,65,148]]
[[0,0,0],[1,0,0],[0,1,0],[50,35,148]]
[[0,0,0],[1,0,0],[1,2,0],[59,22,74]]
[[0,0,0],[1,0,0],[0,1,0],[14,23,148]]
[[0,0,0],[1,0,0],[0,1,0],[116,65,148]]
[[0,0,0],[1,0,0],[1,2,0],[5,36,74]]
[[0,0,0],[1,0,0],[0,1,0],[100,86,148]]
[[0,0,0],[1,0,0],[0,1,0],[46,127,148]]
[[0,0,0],[1,0,0],[0,2,0],[17,50,74]]
[[0,0,0],[1,0,0],[0,1,0],[16,133,148]]
[[0,0,0],[1,0,0],[0,1,0],[58,133,148]]
[[0,0,0],[1,0,0],[0,1,0],[14,53,148]]
[[0,0,0],[1,0,0],[0,1,0],[88,113,148]]
[[0,0,0],[1,0,0],[0,1,0],[23,29,148]]
[[0,0,0],[1,0,0],[0,1,0],[38,17,148]]
[[0,0,0],[1,0,0],[0,1,0],[114,19,148]]
[[0,0,0],[1,0,0],[0,1,0],[7,51,148]]
[[0,0,0],[1,0,0],[0,2,0],[6,64,74]]
[[0,0,0],[1,0,0],[0,1,0],[2,143,148]]
[[0,0,0],[1,0,0],[1,2,0],[15,34,74]]
[[0,0,0],[1,0,0],[0,1,0],[18,21,148]]
[[0,0,0],[1,0,0],[0,2,0],[11,20,74]]
[[0,0,0],[1,0,0],[0,1,0],[24,33,148]]
[[0,0,0],[1,0,0],[1,2,0],[9,40,74]]
[[0,0,0],[1,0,0],[0,2,0],[13,22,74]]
[[0,0,0],[1,0,0],[0,1,0],[46,133,148]]
[[0,0,0],[1,0,0],[1,2,0],[17,54,74]]
[[0,0,0],[1,0,0],[1,2,0],[31,12,74]]
[[0,0,0],[1,0,0],[0,1,0],[42,5,148]]
[[0,0,0],[1,0,0],[0,1,0],[30,57,148]]
[[0,0,0],[1,0,0],[0,1,0],[13,61,148]]
[[0,0,0],[1,0,0],[0,1,0],[6,75,148]]
[[0,0,0],[1,0,0],[0,2,0],[3,14,74]]
[[0,0,0],[1,0,0],[1,2,0],[53,14,74]]
[[0,0,0],[1,0,0],[0,2,0],[13,58,74]]
[[0,0,0],[1,0,0],[0,1,0],[6,21,148]]
[[0,0,0],[1,0,0],[0,1,0],[26,53,148]]
[[0,0,0],[1,0,0],[1,2,0],[55,46,74]]
[[0,0,0],[1,0,0],[0,1,0],[32,13,148]]
[[0,0,0],[1,0,0],[0,1,0],[70,31,148]]
[[0,0,0],[1,0,0],[0,1,0],[8,121,148]]
[[0,0,0],[1,0,0],[0,1,0],[2,5,148]]
[[0,0,0],[1,0,0],[0,1,0],[7,45,148]]
[[0,0,0],[1,0,0],[0,1,0],[52,137,148]]
[[0,0,0],[1,0,0],[1,2,0],[9,20,74]]
[[0,0,0],[1,0,0],[0,1,0],[10,33,148]]
[[0,0,0],[1,0,0],[1,2,0],[41,24,74]]
[[0,0,0],[1,0,0],[0,1,0],[60,129,148]]
[[0,0,0],[1,0,0],[0,1,0],[12,21,148]]
[[0,0,0],[1,0,0],[0,1,0],[90,127,148]]
[[0,0,0],[1,0,0],[0,1,0],[10,147,148]]
[[0,0,0],[1,0,0],[1,2,0],[11,8,74]]
[[0,0,0],[1,0,0],[0,1,0],[78,43,148]]
[[0,0,0],[1,0,0],[0,1,0],[22,35,148]]
[[0,0,0],[1,0,0],[0,1,0],[34,127,148]]
[[0,0,0],[1,0,0],[0,1,0],[6,29,148]]
[[0,0,0],[1,0,0],[0,1,0],[30,121,148]]
[[0,0,0],[1,0,0],[0,1,0],[78,85,148]]
[[0,0,0],[1,0,0],[0,1,0],[62,35,148]]
[[0,0,0],[1,0,0],[0,1,0],[30,91,148]]
[[0,0,0],[1,0,0],[0,1,0],[70,139,148]]
[[0,0,0],[1,0,0],[1,2,0],[19,48,74]]
[[0,0,0],[1,0,0],[0,1,0],[37,112,148]]
[[0,0,0],[1,0,0],[0,1,0],[21,137,148]]
[[0,0,0],[1,0,0],[0,1,0],[38,95,148]]
[[0,0,0],[1,0,0],[0,1,0],[11,29,148]]
[[0,0,0],[1,0,0],[0,1,0],[94,39,148]]
[[0,0,0],[1,0,0],[0,1,0],[58,107,148]]
[[0,0,0],[1,0,0],[0,1,0],[35,45,148]]
[[0,0,0],[1,0,0],[0,1,0],[18,133,148]]
[[0,0,0],[1,0,0],[0,1,0],[49,137,148]]
[[0,0,0],[1,0,0],[0,1,0],[22,115,148]]
[[0,0,0],[1,0,0],[0,1,0],[12,41,148]]
[[0,0,0],[1,0,0],[0,1,0],[42,45,148]]
[[0,0,0],[1,0,0],[0,1,0],[26,43,148]]
[[0,0,0],[1,0,0],[0,1,0],[94,47,148]]
[[0,0,0],[1,0,0],[0,1,0],[10,109,148]]
[[0,0,0],[1,0,0],[0,1,0],[16,59,148]]
[[0,0,0],[1,0,0],[1,2,0],[41,20,74]]
[[0,0,0],[1,0,0],[0,1,0],[7,35,148]]
[[0,0,0],[1,0,0],[0,1,0],[20,61,148]]
[[0,0,0],[1,0,0],[0,1,0],[12,13,148]]
[[0,0,0],[1,0,0],[0,1,0],[32,141,148]]
[[0,0,0],[1,0,0],[0,1,0],[86,67,148]]
[[0,0,0],[1,0,0],[0,2,0],[31,44,74]]
[[0,0,0],[1,0,0],[0,1,0],[21,31,148]]
[[0,0,0],[1,0,0],[0,1,0],[34,27,148]]
[[0,0,0],[1,0,0],[0,1,0],[29,49,148]]
[[0,0,0],[1,0,0],[0,1,0],[14,85,148]]
[[0,0,0],[1,0,0],[0,1,0],[11,101,148]]
[[0,0,0],[1,0,0],[0,1,0],[30,85,148]]
[[0,0,0],[1,0,0],[0,1,0],[66,125,148]]
[[0,0,0],[1,0,0],[0,1,0],[6,81,148]]
[[0,0,0],[1,0,0],[0,1,0],[4,129,148]]
[[0,0,0],[1,0,0],[0,1,0],[134,147,148]]
[[0,0,0],[1,0,0],[0,2,0],[3,8,74]]
[[0,0,0],[1,0,0],[0,1,0],[40,29,148]]
[[0,0,0],[1,0,0],[0,1,0],[12,97,148]]
[[0,0,0],[1,0,0],[1,2,0],[57,14,74]]
[[0,0,0],[1,0,0],[0,1,0],[40,145,148]]
[[0,0,0],[1,0,0],[0,1,0],[4,45,148]]
[[0,0,0],[1,0,0],[0,1,0],[7,33,148]]
[[0,0,0],[1,0,0],[0,2,0],[42,66,74]]
[[0,0,0],[1,0,0],[0,1,0],[25,125,148]]
[[0,0,0],[1,0,0],[0,1,0],[14,71,148]]
[[0,0,0],[1,0,0],[0,1,0],[136,50,148]]
[[0,0,0],[1,0,0],[0,1,0],[10,131,148]]
[[0,0,0],[1,0,0],[0,1,0],[2,47,148]]
[[0,0,0],[1,0,0],[0,1,0],[26,139,148]]
[[0,0,0],[1,0,0],[0,1,0],[86,83,148]]
[[0,0,0],[1,0,0],[0,1,0],[11,143,148]]
[[0,0,0],[1,0,0],[0,1,0],[28,129,148]]
[[0,0,0],[1,0,0],[0,1,0],[46,115,148]]
[[0,0,0],[1,0,0],[0,1,0],[11,19,148]]
[[0,0,0],[1,0,0],[0,1,0],[50,79,148]]
[[0,0,0],[1,0,0],[0,1,0],[18,5,148]]
[[0,0,0],[1,0,0],[0,1,0],[38,59,148]]
[[0,0,0],[1,0,0],[0,2,0],[19,56,74]]
[[0,0,0],[1,0,0],[1,2,0],[29,16,74]]
[[0,0,0],[1,0,0],[0,1,0],[64,17,148]]
[[0,0,0],[1,0,0],[0,2,0],[5,66,74]]
[[0,0,0],[1,0,0],[0,1,0],[78,133,148]]
[[0,0,0],[1,0,0],[0,1,0],[14,7,148]]
[[0,0,0],[1,0,0],[0,1,0],[8,65,148]]
[[0,0,0],[1,0,0],[0,1,0],[18,61,148]]
[[0,0,0],[1,0,0],[0,1,0],[2,131,148]]
[[0,0,0],[1,0,0],[0,1,0],[110,103,148]]
[[0,0,0],[1,0,0],[0,1,0],[6,133,148]]
[[0,0,0],[1,0,0],[1,2,0],[3,20,74]]
[[0,0,0],[1,0,0],[0,1,0],[22,91,148]]
[[0,0,0],[1,0,0],[0,1,0],[75,75,148]]
[[0,0,0],[1,0,0],[0,1,0],[3,31,148]]
[[0,0,0],[1,0,0],[0,1,0],[93,93,148]]
[[0,0,0],[1,0,0],[0,1,0],[6,125,148]]
[[0,0,0],[1,0,0],[0,2,0],[5,30,74]]
[[0,0,0],[1,0,0],[0,1,0],[14,137,148]]
[[0,0,0],[1,0,0],[0,1,0],[3,61,148]]
[[0,0,0],[1,0,0],[0,1,0],[9,69,148]]
[[0,0,0],[1,0,0],[0,1,0],[46,121,148]]
[[0,0,0],[1,0,0],[0,2,0],[3,24,74]]
[[0,0,0],[1,0,0],[0,1,0],[41,119,148]]
[[0,0,0],[1,0,0],[0,2,0],[23,2,74]]
[[0,0,0],[1,0,0],[0,1,0],[11,31,148]]
[[0,0,0],[1,0,0],[0,2,0],[5,10,74]]
[[0,0,0],[1,0,0],[0,1,0],[8,30,148]]
[[0,0,0],[1,0,0],[0,1,0],[32,6,148]]
[[0,0,0],[1,0,0],[0,1,0],[48,41,148]]
[[0,0,0],[1,0,0],[0,1,0],[3,71,148]]
[[0,0,0],[1,0,0],[0,1,0],[50,5,148]]
[[0,0,0],[1,0,0],[0,1,0],[46,66,148]]
[[0,0,0],[1,0,0],[0,1,0],[30,47,148]]
[[0,0,0],[1,0,0],[0,1,0],[14,29,148]]
[[0,0,0],[1,0,0],[0,1,0],[4,125,148]]
[[0,0,0],[1,0,0],[0,1,0],[2,101,148]]
[[0,0,0],[1,0,0],[0,2,0],[9,58,74]]
[[0,0,0],[1,0,0],[0,1,0],[130,71,148]]
[[0,0,0],[1,0,0],[0,1,0],[2,45,148]]
[[0,0,0],[1,0,0],[1,2,0],[13,8,74]]
[[0,0,0],[1,0,0],[1,2,0],[25,12,74]]
[[0,0,0],[1,0,0],[0,1,0],[106,135,148]]
[[0,0,0],[1,0,0],[0,1,0],[53,101,148]]
[[0,0,0],[1,0,0],[0,2,0],[17,54,74]]
[[0,0,0],[1,0,0],[0,1,0],[70,63,148]]
[[0,0,0],[1,0,0],[0,1,0],[2,107,148]]
[[0,0,0],[1,0,0],[0,1,0],[2,43,148]]
[[0,0,0],[1,0,0],[1,2,0],[39,34,74]]
[[0,0,0],[1,0,0],[0,1,0],[78,39,148]]
[[0,0,0],[1,0,0],[1,2,0],[5,42,74]]
[[0,0,0],[1,0,0],[0,1,0],[138,147,148]]
[[0,0,0],[1,0,0],[0,1,0],[50,119,148]]
[[0,0,0],[1,0,0],[0,1,0],[60,109,148]]
[[0,0,0],[1,0,0],[0,1,0],[70,93,148]]
[[0,0,0],[1,0,0],[0,2,0],[23,4,74]]
[[0,0,0],[1,0,0],[0,1,0],[14,139,148]]
[[0,0,0],[1,0,0],[0,1,0],[38,31,148]]
[[0,0,0],[1,0,0],[0,1,0],[36,21,148]]
[[0,0,0],[1,0,0],[0,1,0],[38,47,148]]
[[0,0,0],[1,0,0],[0,1,0],[8,13,148]]
[[0,0,0],[1,0,0],[0,1,0],[60,125,148]]
[[0,0,0],[1,0,0],[1,2,0],[15,46,74]]
[[0,0,0],[1,0,0],[0,2,0],[41,32,74]]
[[0,0,0],[1,0,0],[0,1,0],[32,21,148]]
[[0,0,0],[1,0,0],[0,1,0],[19,63,148]]
[[0,0,0],[1,0,0],[0,1,0],[46,79,148]]
[[0,0,0],[1,0,0],[0,1,0],[76,73,148]]
[[0,0,0],[1,0,0],[1,2,0],[1,10,74]]
[[0,0,0],[1,0,0],[0,2,0],[19,14,74]]
[[0,0,0],[1,0,0],[0,1,0],[7,39,148]]
[[0,0,0],[1,0,0],[0,1,0],[46,105,148]]
[[0,0,0],[1,0,0],[0,1,0],[13,39,148]]
[[0,0,0],[1,0,0],[0,1,0],[24,49,148]]
[[0,0,0],[1,0,0],[0,1,0],[24,25,148]]
[[0,0,0],[1,0,0],[0,1,0],[35,41,148]]
[[0,0,0],[1,0,0],[0,1,0],[2,35,148]]
[[0,0,0],[1,0,0],[0,1,0],[114,57,148]]
[[0,0,0],[1,0,0],[0,1,0],[126,7,148]]
[[0,0,0],[1,0,0],[0,1,0],[4,25,148]]
[[0,0,0],[1,0,0],[0,1,0],[48,129,148]]
[[0,0,0],[1,0,0],[0,1,0],[6,143,148]]
[[0,0,0],[1,0,0],[1,2,0],[9,8,74]]
[[0,0,0],[1,0,0],[0,1,0],[3,43,148]]
[[0,0,0],[1,0,0],[1,2,0],[7,32,74]]
[[0,0,0],[1,0,0],[0,1,0],[8,113,148]]
[[0,0,0],[1,0,0],[0,1,0],[18,79,148]]
[[0,0,0],[1,0,0],[0,1,0],[12,9,148]]
[[0,0,0],[1,0,0],[0,1,0],[29,29,148]]
[[0,0,0],[1,0,0],[0,1,0],[41,145,148]]
[[0,0,0],[1,0,0],[0,1,0],[20,18,148]]
[[0,0,0],[1,0,0],[1,2,0],[27,14,74]]
[[0,0,0],[1,0,0],[0,1,0],[30,147,148]]
[[0,0,0],[1,0,0],[0,1,0],[7,71,148]]
[[0,0,0],[1,0,0],[0,2,0],[47,14,74]]
[[0,0,0],[1,0,0],[0,1,0],[82,119,148]]
[[0,0,0],[1,0,0],[0,1,0],[130,87,148]]
[[0,0,0],[1,0,0],[0,1,0],[68,118,148]]
[[0,0,0],[1,0,0],[0,1,0],[86,101,148]]
[[0,0,0],[1,0,0],[0,1,0],[2,21,148]]
[[0,0,0],[1,0,0],[1,2,0],[7,38,74]]
[[0,0,0],[1,0,0],[0,1,0],[58,67,148]]
[[0,0,0],[1,0,0],[0,1,0],[10,11,148]]
[[0,0,0],[1,0,0],[0,1,0],[4,9,148]]
[[0,0,0],[1,0,0],[0,1,0],[17,25,148]]
[[0,0,0],[1,0,0],[0,2,0],[3,26,74]]
[[0,0,0],[1,0,0],[0,1,0],[34,123,148]]
[[0,0,0],[1,0,0],[0,1,0],[106,99,148]]
[[0,0,0],[1,0,0],[0,1,0],[12,93,148]]
[[0,0,0],[1,0,0],[0,1,0],[75,105,148]]
[[0,0,0],[1,0,0],[1,2,0],[39,16,74]]
[[0,0,0],[1,0,0],[0,1,0],[44,41,148]]
[[0,0,0],[1,0,0],[0,1,0],[16,45,148]]
[[0,0,0],[1,0,0],[0,1,0],[42,115,148]]
[[0,0,0],[1,0,0],[0,1,0],[37,75,148]]
[[0,0,0],[1,0,0],[0,1,0],[34,75,148]]
[[0,0,0],[1,0,0],[0,1,0],[26,33,148]]
[[0,0,0],[1,0,0],[0,1,0],[22,99,148]]
[[0,0,0],[1,0,0],[1,2,0],[1,16,74]]
[[0,0,0],[1,0,0],[0,1,0],[11,139,148]]
[[0,0,0],[1,0,0],[0,1,0],[38,63,148]]
[[0,0,0],[1,0,0],[0,1,0],[12,125,148]]
[[0,0,0],[1,0,0],[0,1,0],[15,25,148]]
[[0,0,0],[1,0,0],[0,1,0],[46,59,148]]
[[0,0,0],[1,0,0],[0,2,0],[11,56,74]]
[[0,0,0],[1,0,0],[1,2,0],[35,34,74]]
[[0,0,0],[1,0,0],[0,1,0],[54,79,148]]
[[0,0,0],[1,0,0],[0,2,0],[19,2,74]]
[[0,0,0],[1,0,0],[0,1,0],[12,5,148]]
[[0,0,0],[1,0,0],[0,1,0],[34,71,148]]
[[0,0,0],[1,0,0],[0,1,0],[18,83,148]]
[[0,0,0],[1,0,0],[0,1,0],[122,101,148]]
[[0,0,0],[1,0,0],[0,1,0],[12,61,148]]
[[0,0,0],[1,0,0],[0,1,0],[10,87,148]]
[[0,0,0],[1,0,0],[1,2,0],[7,4,74]]
[[0,0,0],[1,0,0],[0,1,0],[54,29,148]]
[[0,0,0],[1,0,0],[0,1,0],[92,57,148]]
[[0,0,0],[1,0,0],[1,2,0],[11,40,74]]
[[0,0,0],[1,0,0],[0,1,0],[6,39,148]]
[[0,0,0],[1,0,0],[0,1,0],[50,75,148]]
[[0,0,0],[1,0,0],[0,1,0],[16,141,148]]
[[0,0,0],[1,0,0],[0,1,0],[128,58,148]]
[[0,0,0],[1,0,0],[1,2,0],[21,12,74]]
[[0,0,0],[1,0,0],[1,2,0],[27,20,74]]
[[0,0,0],[1,0,0],[0,1,0],[22,31,148]]
[[0,0,0],[1,0,0],[0,1,0],[50,13,148]]
[[0,0,0],[1,0,0],[0,1,0],[3,73,148]]
[[0,0,0],[1,0,0],[0,1,0],[42,29,148]]
[[0,0,0],[1,0,0],[0,1,0],[8,73,148]]
[[0,0,0],[1,0,0],[0,1,0],[28,1,148]]
[[0,0,0],[1,0,0],[0,1,0],[11,69,148]]
[[0,0,0],[1,0,0],[0,2,0],[21,36,74]]
[[0,0,0],[1,0,0],[0,1,0],[40,146,148]]
[[0,0,0],[1,0,0],[1,2,0],[33,32,74]]
[[0,0,0],[1,0,0],[0,1,0],[68,117,148]]
[[0,0,0],[1,0,0],[0,2,0],[9,2,74]]
[[0,0,0],[1,0,0],[0,1,0],[116,70,148]]
[[0,0,0],[1,0,0],[0,1,0],[126,83,148]]
[[0,0,0],[1,0,0],[1,2,0],[7,16,74]]
[[0,0,0],[1,0,0],[0,1,0],[14,143,148]]
[[0,0,0],[1,0,0],[0,2,0],[3,10,74]]
[[0,0,0],[1,0,0],[0,1,0],[42,123,148]]
[[0,0,0],[1,0,0],[0,1,0],[16,57,148]]
[[0,0,0],[1,0,0],[0,1,0],[10,35,148]]
[[0,0,0],[1,0,0],[0,1,0],[64,117,148]]
[[0,0,0],[1,0,0],[0,1,0],[66,87,148]]
[[0,0,0],[1,0,0],[1,2,0],[13,36,74]]
[[0,0,0],[1,0,0],[0,1,0],[92,73,148]]
[[0,0,0],[1,0,0],[0,1,0],[6,69,148]]
[[0,0,0],[1,0,0],[0,1,0],[60,29,148]]
[[0,0,0],[1,0,0],[0,1,0],[126,134,148]]
[[0,0,0],[1,0,0],[0,1,0],[1,35,148]]
[[0,0,0],[1,0,0],[1,2,0],[3,22,74]]
[[0,0,0],[1,0,0],[0,2,0],[11,6,74]]
[[0,0,0],[1,0,0],[0,1,0],[50,125,148]]
[[0,0,0],[1,0,0],[0,1,0],[18,93,148]]
[[0,0,0],[1,0,0],[0,1,0],[3,19,148]]
[[0,0,0],[1,0,0],[0,2,0],[13,52,74]]
[[0,0,0],[1,0,0],[0,1,0],[54,107,148]]
[[0,0,0],[1,0,0],[0,1,0],[25,29,148]]
[[0,0,0],[1,0,0],[0,1,0],[30,87,148]]
[[0,0,0],[1,0,0],[0,1,0],[18,85,148]]
[[0,0,0],[1,0,0],[0,1,0],[7,21,148]]
[[0,0,0],[1,0,0],[0,1,0],[30,119,148]]
[[0,0,0],[1,0,0],[0,1,0],[6,93,148]]
[[0,0,0],[1,0,0],[0,1,0],[18,57,148]]
[[0,0,0],[1,0,0],[0,2,0],[19,38,74]]
[[0,0,0],[1,0,0],[0,1,0],[22,119,148]]
[[0,0,0],[1,0,0],[0,1,0],[18,47,148]]
[[0,0,0],[1,0,0],[0,1,0],[122,147,148]]
[[0,0,0],[1,0,0],[0,1,0],[28,81,148]]
[[0,0,0],[1,0,0],[0,1,0],[118,23,148]]
[[0,0,0],[1,0,0],[0,1,0],[32,145,148]]
[[0,0,0],[1,0,0],[0,2,0],[3,70,74]]
[[0,0,0],[1,0,0],[0,1,0],[38,45,148]]
[[0,0,0],[1,0,0],[0,1,0],[4,105,148]]
[[0,0,0],[1,0,0],[0,2,0],[1,6,74]]
[[0,0,0],[1,0,0],[0,1,0],[46,43,148]]
[[0,0,0],[1,0,0],[0,1,0],[22,27,148]]
[[0,0,0],[1,0,0],[0,1,0],[90,31,148]]
[[0,0,0],[1,0,0],[0,1,0],[6,101,148]]
[[0,0,0],[1,0,0],[0,1,0],[24,137,148]]
[[0,0,0],[1,0,0],[0,1,0],[34,145,148]]
[[0,0,0],[1,0,0],[0,1,0],[70,99,148]]
[[0,0,0],[1,0,0],[1,2,0],[33,18,74]]
[[0,0,0],[1,0,0],[0,1,0],[66,3,148]]
[[0,0,0],[1,0,0],[0,1,0],[22,29,148]]
[[0,0,0],[1,0,0],[0,1,0],[34,121,148]]
[[0,0,0],[1,0,0],[1,2,0],[13,46,74]]
[[0,0,0],[1,0,0],[0,1,0],[30,53,148]]
[[0,0,0],[1,0,0],[0,1,0],[41,41,148]]
[[0,0,0],[1,0,0],[0,1,0],[48,121,148]]
[[0,0,0],[1,0,0],[1,2,0],[47,10,74]]
[[0,0,0],[1,0,0],[0,1,0],[3,7,148]]
[[0,0,0],[1,0,0],[0,1,0],[98,15,148]]
[[0,0,0],[1,0,0],[0,1,0],[14,147,148]]
[[0,0,0],[1,0,0],[0,1,0],[2,91,148]]
[[0,0,0],[1,0,0],[0,2,0],[9,14,74]]
[[0,0,0],[1,0,0],[0,1,0],[106,117,148]]
[[0,0,0],[1,0,0],[0,1,0],[15,15,148]]
[[0,0,0],[1,0,0],[0,1,0],[7,69,148]]
[[0,0,0],[1,0,0],[0,1,0],[3,63,148]]
[[0,0,0],[1,0,0],[0,1,0],[28,57,148]]
[[0,0,0],[1,0,0],[0,1,0],[92,97,148]]
[[0,0,0],[1,0,0],[0,1,0],[114,131,148]]
[[0,0,0],[1,0,0],[0,1,0],[110,39,148]]
[[0,0,0],[1,0,0],[0,1,0],[42,103,148]]
[[0,0,0],[1,0,0],[0,1,0],[54,25,148]]
[[0,0,0],[1,0,0],[0,1,0],[90,15,148]]
[[0,0,0],[1,0,0],[0,1,0],[6,61,148]]
[[0,0,0],[1,0,0],[0,1,0],[11,15,148]]
[[0,0,0],[1,0,0],[0,1,0],[42,19,148]]
[[0,0,0],[1,0,0],[0,1,0],[34,147,148]]
[[0,0,0],[1,0,0],[1,2,0],[5,28,74]]
[[0,0,0],[1,0,0],[0,1,0],[102,99,148]]
[[0,0,0],[1,0,0],[0,1,0],[56,25,148]]
[[0,0,0],[1,0,0],[0,1,0],[82,129,148]]
[[0,0,0],[1,0,0],[1,2,0],[35,72,74]]
[[0,0,0],[1,0,0],[0,1,0],[64,137,148]]
[[0,0,0],[1,0,0],[1,2,0],[25,52,74]]
[[0,0,0],[1,0,0],[0,1,0],[86,127,148]]
[[0,0,0],[1,0,0],[0,1,0],[54,63,148]]
[[0,0,0],[1,0,0],[0,1,0],[66,39,148]]
[[0,0,0],[1,0,0],[0,1,0],[2,53,148]]
[[0,0,0],[1,0,0],[0,1,0],[34,69,148]]
[[0,0,0],[1,0,0],[0,1,0],[10,85,148]]
[[0,0,0],[1,0,0],[0,1,0],[60,25,148]]
[[0,0,0],[1,0,0],[0,1,0],[3,45,148]]
[[0,0,0],[1,0,0],[0,1,0],[11,47,148]]
[[0,0,0],[1,0,0],[0,1,0],[5,43,148]]
[[0,0,0],[2,0,0],[0,1,0],[0,38,74]]
[[0,0,0],[1,0,0],[0,1,0],[76,145,148]]
[[0,0,0],[1,0,0],[0,1,0],[8,67,148]]
[[0,0,0],[1,0,0],[0,1,0],[18,113,148]]
[[0,0,0],[1,0,0],[0,1,0],[5,19,148]]
[[0,0,0],[1,0,0],[0,1,0],[9,21,148]]
[[0,0,0],[1,0,0],[0,1,0],[30,123,148]]
[[0,0,0],[1,0,0],[0,1,0],[18,59,148]]
[[0,0,0],[1,0,0],[0,1,0],[46,75,148]]
[[0,0,0],[1,0,0],[0,1,0],[22,69,148]]
[[0,0,0],[1,0,0],[0,1,0],[62,3,148]]
[[0,0,0],[1,0,0],[1,2,0],[33,16,74]]
[[0,0,0],[1,0,0],[0,1,0],[46,137,148]]
[[0,0,0],[1,0,0],[0,1,0],[8,104,148]]
[[0,0,0],[1,0,0],[0,1,0],[10,77,148]]
[[0,0,0],[1,0,0],[0,1,0],[8,125,148]]
[[0,0,0],[1,0,0],[0,1,0],[58,25,148]]
[[0,0,0],[1,0,0],[0,1,0],[5,41,148]]
[[0,0,0],[1,0,0],[0,1,0],[62,15,148]]
[[0,0,0],[1,0,0],[0,1,0],[30,79,148]]
[[0,0,0],[1,0,0],[0,1,0],[15,21,148]]
[[0,0,0],[1,0,0],[0,1,0],[18,53,148]]
[[0,0,0],[1,0,0],[0,1,0],[56,130,148]]
[[0,0,0],[1,0,0],[0,1,0],[30,9,148]]
[[0,0,0],[1,0,0],[0,1,0],[70,105,148]]
[[0,0,0],[1,0,0],[0,1,0],[2,93,148]]
[[0,0,0],[1,0,0],[0,1,0],[31,119,148]]
[[0,0,0],[1,0,0],[0,1,0],[24,129,148]]
[[0,0,0],[1,0,0],[0,1,0],[52,109,148]]
[[0,0,0],[1,0,0],[0,1,0],[36,1,148]]
[[0,0,0],[1,0,0],[0,1,0],[34,35,148]]
[[0,0,0],[1,0,0],[0,1,0],[76,125,148]]
[[0,0,0],[1,0,0],[1,2,0],[9,28,74]]
[[0,0,0],[1,0,0],[0,1,0],[38,87,148]]
[[0,0,0],[1,0,0],[0,1,0],[3,59,148]]
[[0,0,0],[1,0,0],[0,1,0],[106,127,148]]
[[0,0,0],[1,0,0],[0,1,0],[68,7,148]]
[[0,0,0],[1,0,0],[0,1,0],[54,1,148]]
[[0,0,0],[1,0,0],[0,1,0],[2,117,148]]
[[0,0,0],[1,0,0],[0,1,0],[8,145,148]]
[[0,0,0],[1,0,0],[0,1,0],[60,121,148]]
[[0,0,0],[1,0,0],[0,1,0],[14,57,148]]
[[0,0,0],[1,0,0],[0,1,0],[50,67,148]]
[[0,0,0],[1,0,0],[0,1,0],[6,9,148]]
[[0,0,0],[1,0,0],[0,1,0],[134,43,148]]
[[0,0,0],[1,0,0],[0,2,0],[17,56,74]]
[[0,0,0],[1,0,0],[0,1,0],[56,129,148]]
[[0,0,0],[1,0,0],[0,1,0],[34,9,148]]
[[0,0,0],[1,0,0],[0,1,0],[42,3,148]]
[[0,0,0],[1,0,0],[0,1,0],[42,70,148]]
[[0,0,0],[1,0,0],[0,1,0],[6,103,148]]
[[0,0,0],[1,0,0],[0,1,0],[3,65,148]]
[[0,0,0],[1,0,0],[1,2,0],[15,48,74]]
[[0,0,0],[1,0,0],[0,1,0],[20,129,148]]
[[0,0,0],[1,0,0],[0,1,0],[66,67,148]]
[[0,0,0],[1,0,0],[0,1,0],[72,101,148]]
[[0,0,0],[1,0,0],[0,1,0],[32,80,148]]
[[0,0,0],[1,0,0],[0,1,0],[19,35,148]]
[[0,0,0],[1,0,0],[0,1,0],[36,113,148]]
[[0,0,0],[1,0,0],[0,1,0],[60,105,148]]
[[0,0,0],[1,0,0],[0,1,0],[8,69,148]]
[[0,0,0],[1,0,0],[0,1,0],[78,115,148]]
[[0,0,0],[1,0,0],[0,1,0],[23,51,148]]
[[0,0,0],[1,0,0],[0,1,0],[118,39,148]]
[[0,0,0],[1,0,0],[1,2,0],[15,8,74]]
[[0,0,0],[1,0,0],[0,2,0],[21,44,74]]
[[0,0,0],[1,0,0],[0,1,0],[16,81,148]]
[[0,0,0],[1,0,0],[0,1,0],[36,69,148]]
[[0,0,0],[1,0,0],[1,2,0],[17,6,74]]
[[0,0,0],[1,0,0],[0,1,0],[2,1,148]]
[[0,0,0],[1,0,0],[0,1,0],[7,9,148]]
[[0,0,0],[1,0,0],[0,1,0],[35,49,148]]
[[0,0,0],[1,0,0],[0,1,0],[82,95,148]]
[[0,0,0],[1,0,0],[1,2,0],[43,14,74]]
[[0,0,0],[1,0,0],[0,1,0],[52,13,148]]
[[0,0,0],[1,0,0],[0,1,0],[34,43,148]]
[[0,0,0],[1,0,0],[0,1,0],[7,7,148]]
[[0,0,0],[1,0,0],[0,1,0],[38,69,148]]
[[0,0,0],[1,0,0],[0,1,0],[2,119,148]]
[[0,0,0],[1,0,0],[0,1,0],[26,7,148]]
[[0,0,0],[1,0,0],[1,2,0],[3,40,74]]
[[0,0,0],[1,0,0],[0,1,0],[50,141,148]]
[[0,0,0],[1,0,0],[0,1,0],[58,147,148]]
[[0,0,0],[1,0,0],[0,1,0],[64,122,148]]
[[0,0,0],[1,0,0],[0,1,0],[38,119,148]]
[[0,0,0],[1,0,0],[0,1,0],[2,133,148]]
[[0,0,0],[1,0,0],[0,1,0],[8,45,148]]
[[0,0,0],[1,0,0],[0,2,0],[3,72,74]]
[[0,0,0],[1,0,0],[0,1,0],[6,105,148]]
[[0,0,0],[1,0,0],[0,2,0],[73,2,74]]
[[0,0,0],[1,0,0],[0,1,0],[22,17,148]]
[[0,0,0],[1,0,0],[0,1,0],[24,88,148]]
[[0,0,0],[1,0,0],[0,1,0],[4,61,148]]
[[0,0,0],[1,0,0],[0,1,0],[1,73,148]]
[[0,0,0],[1,0,0],[0,1,0],[18,51,148]]
[[0,0,0],[1,0,0],[0,1,0],[30,115,148]]
[[0,0,0],[1,0,0],[0,1,0],[15,135,148]]
[[0,0,0],[1,0,0],[0,2,0],[21,38,74]]
[[0,0,0],[1,0,0],[0,1,0],[18,99,148]]
[[0,0,0],[1,0,0],[0,1,0],[28,45,148]]
[[0,0,0],[1,0,0],[0,1,0],[42,107,148]]
[[0,0,0],[1,0,0],[0,1,0],[86,63,148]]
[[0,0,0],[1,0,0],[0,1,0],[54,143,148]]
[[0,0,0],[1,0,0],[0,1,0],[80,133,148]]
[[0,0,0],[1,0,0],[0,1,0],[24,61,148]]
[[0,0,0],[1,0,0],[0,1,0],[18,31,148]]
[[0,0,0],[1,0,0],[0,1,0],[118,59,148]]
[[0,0,0],[1,0,0],[0,2,0],[5,8,74]]
[[0,0,0],[1,0,0],[0,1,0],[82,59,148]]
[[0,0,0],[1,0,0],[0,1,0],[11,61,148]]
[[0,0,0],[1,0,0],[0,2,0],[11,22,74]]
[[0,0,0],[1,0,0],[0,1,0],[62,47,148]]
[[0,0,0],[1,0,0],[0,1,0],[116,144,148]]
[[0,0,0],[1,0,0],[1,2,0],[27,18,74]]
[[0,0,0],[1,0,0],[0,1,0],[102,87,148]]
[[0,0,0],[1,0,0],[1,2,0],[27,58,74]]
[[0,0,0],[1,0,0],[0,1,0],[66,17,148]]
[[0,0,0],[1,0,0],[0,1,0],[34,39,148]]
[[0,0,0],[1,0,0],[0,1,0],[2,11,148]]
[[0,0,0],[1,0,0],[0,1,0],[98,135,148]]
[[0,0,0],[1,0,0],[0,1,0],[68,85,148]]
[[0,0,0],[1,0,0],[0,1,0],[64,113,148]]
[[0,0,0],[1,0,0],[0,1,0],[6,73,148]]
[[0,0,0],[1,0,0],[0,1,0],[5,71,148]]
[[0,0,0],[1,0,0],[0,1,0],[94,65,148]]
[[0,0,0],[1,0,0],[1,2,0],[3,16,74]]
[[0,0,0],[1,0,0],[0,1,0],[31,121,148]]
[[0,0,0],[1,0,0],[0,1,0],[94,73,148]]
[[0,0,0],[1,0,0],[0,1,0],[106,73,148]]
[[0,0,0],[1,0,0],[1,2,0],[37,2,74]]
[[0,0,0],[1,0,0],[0,1,0],[82,131,148]]
[[0,0,0],[1,0,0],[1,2,0],[25,20,74]]
[[0,0,0],[1,0,0],[0,1,0],[58,19,148]]
[[0,0,0],[1,0,0],[0,1,0],[10,17,148]]
[[0,0,0],[1,0,0],[0,1,0],[2,73,148]]
[[0,0,0],[1,0,0],[0,1,0],[1,19,148]]
[[0,0,0],[1,0,0],[0,1,0],[10,25,148]]
[[0,0,0],[1,0,0],[0,2,0],[24,28,74]]
[[0,0,0],[1,0,0],[0,1,0],[52,9,148]]
[[0,0,0],[1,0,0],[0,1,0],[86,123,148]]
[[0,0,0],[1,0,0],[0,1,0],[48,138,148]]
[[0,0,0],[1,0,0],[0,1,0],[1,9,148]]
[[0,0,0],[1,0,0],[0,1,0],[24,51,148]]
[[0,0,0],[1,0,0],[0,1,0],[94,67,148]]
[[0,0,0],[1,0,0],[0,1,0],[86,137,148]]
[[0,0,0],[1,0,0],[0,1,0],[34,83,148]]
[[0,0,0],[1,0,0],[0,1,0],[6,89,148]]
[[0,0,0],[1,0,0],[0,1,0],[5,49,148]]
[[0,0,0],[1,0,0],[0,1,0],[2,139,148]]
[[0,0,0],[1,0,0],[0,1,0],[114,147,148]]
[[0,0,0],[1,0,0],[0,1,0],[4,33,148]]
[[0,0,0],[1,0,0],[0,1,0],[112,73,148]]
[[0,0,0],[1,0,0],[0,1,0],[50,62,148]]
[[0,0,0],[1,0,0],[0,1,0],[22,129,148]]
[[0,0,0],[1,0,0],[0,1,0],[15,55,148]]
[[0,0,0],[1,0,0],[0,1,0],[10,115,148]]
[[0,0,0],[1,0,0],[0,1,0],[18,55,148]]
[[0,0,0],[1,0,0],[0,1,0],[50,39,148]]
[[0,0,0],[1,0,0],[0,1,0],[75,83,148]]
[[0,0,0],[1,0,0],[0,1,0],[46,145,148]]
[[0,0,0],[1,0,0],[0,1,0],[84,102,148]]
[[0,0,0],[1,0,0],[0,2,0],[47,56,74]]
[[0,0,0],[1,0,0],[0,1,0],[9,17,148]]
[[0,0,0],[1,0,0],[0,1,0],[4,5,148]]
[[0,0,0],[1,0,0],[0,2,0],[10,56,74]]
[[0,0,0],[1,0,0],[0,1,0],[54,21,148]]
[[0,0,0],[1,0,0],[0,1,0],[19,59,148]]
[[0,0,0],[1,0,0],[0,1,0],[50,9,148]]
[[0,0,0],[1,0,0],[0,1,0],[34,103,148]]
[[0,0,0],[1,0,0],[0,1,0],[54,103,148]]
[[0,0,0],[1,0,0],[0,2,0],[13,14,74]]
[[0,0,0],[1,0,0],[0,1,0],[102,107,148]]
[[0,0,0],[1,0,0],[0,1,0],[30,77,148]]
[[0,0,0],[1,0,0],[1,2,0],[47,24,74]]
[[0,0,0],[1,0,0],[0,1,0],[56,1,148]]
[[0,0,0],[1,0,0],[0,1,0],[94,71,148]]
[[0,0,0],[1,0,0],[0,1,0],[58,145,148]]
[[0,0,0],[1,0,0],[0,2,0],[9,28,74]]
[[0,0,0],[1,0,0],[0,1,0],[31,45,148]]
[[0,0,0],[1,0,0],[0,2,0],[19,44,74]]
[[0,0,0],[1,0,0],[0,1,0],[66,1,148]]
[[0,0,0],[1,0,0],[0,1,0],[58,117,148]]
[[0,0,0],[1,0,0],[0,1,0],[86,143,148]]
[[0,0,0],[1,0,0],[0,1,0],[32,61,148]]
[[0,0,0],[1,0,0],[0,1,0],[14,1,148]]
[[0,0,0],[1,0,0],[0,1,0],[86,73,148]]
[[0,0,0],[1,0,0],[0,2,0],[9,64,74]]
[[0,0,0],[1,0,0],[0,1,0],[44,45,148]]
[[0,0,0],[1,0,0],[0,1,0],[2,121,148]]
[[0,0,0],[1,0,0],[0,1,0],[24,65,148]]
[[0,0,0],[1,0,0],[0,1,0],[126,131,148]]
[[0,0,0],[1,0,0],[0,1,0],[60,13,148]]
[[0,0,0],[1,0,0],[0,1,0],[36,77,148]]
[[0,0,0],[1,0,0],[0,1,0],[9,25,148]]
[[0,0,0],[1,0,0],[0,2,0],[46,58,74]]
[[0,0,0],[1,0,0],[0,1,0],[6,107,148]]
[[0,0,0],[1,0,0],[0,2,0],[17,20,74]]
[[0,0,0],[1,0,0],[0,1,0],[10,63,148]]
[[0,0,0],[1,0,0],[0,1,0],[70,127,148]]
[[0,0,0],[1,0,0],[0,1,0],[62,25,148]]
[[0,0,0],[1,0,0],[0,1,0],[90,119,148]]
[[0,0,0],[1,0,0],[1,2,0],[1,4,74]]
[[0,0,0],[1,0,0],[0,1,0],[50,43,148]]
[[0,0,0],[1,0,0],[0,1,0],[16,101,148]]
[[0,0,0],[1,0,0],[1,2,0],[7,24,74]]
[[0,0,0],[1,0,0],[0,1,0],[8,81,148]]
[[0,0,0],[1,0,0],[0,1,0],[22,41,148]]
[[0,0,0],[2,0,0],[0,1,0],[37,38,74]]
[[0,0,0],[1,0,0],[0,1,0],[2,25,148]]
[[0,0,0],[1,0,0],[1,2,0],[43,24,74]]
[[0,0,0],[1,0,0],[0,1,0],[24,1,148]]
[[0,0,0],[1,0,0],[0,2,0],[45,2,74]]
[[0,0,0],[1,0,0],[0,1,0],[2,7,148]]
[[0,0,0],[1,0,0],[0,1,0],[30,35,148]]
[[0,0,0],[1,0,0],[0,1,0],[66,113,148]]
[[0,0,0],[1,0,0],[0,1,0],[40,61,148]]
[[0,0,0],[1,0,0],[0,1,0],[8,33,148]]
[[0,0,0],[1,0,0],[0,1,0],[20,55,148]]
[[0,0,0],[1,0,0],[0,1,0],[36,9,148]]
[[0,0,0],[1,0,0],[0,1,0],[26,65,148]]
[[0,0,0],[1,0,0],[0,1,0],[2,95,148]]
[[0,0,0],[1,0,0],[0,1,0],[76,81,148]]
[[0,0,0],[1,0,0],[1,2,0],[17,48,74]]
[[0,0,0],[1,0,0],[0,1,0],[18,131,148]]
[[0,0,0],[1,0,0],[0,1,0],[22,89,148]]
[[0,0,0],[1,0,0],[0,1,0],[54,43,148]]
[[0,0,0],[1,0,0],[0,1,0],[6,59,148]]
[[0,0,0],[1,0,0],[0,1,0],[38,139,148]]
[[0,0,0],[1,0,0],[0,1,0],[2,19,148]]
[[0,0,0],[1,0,0],[0,1,0],[54,7,148]]
[[0,0,0],[1,0,0],[0,1,0],[20,89,148]]
[[0,0,0],[1,0,0],[1,2,0],[17,10,74]]
[[0,0,0],[1,0,0],[0,1,0],[18,7,148]]
[[0,0,0],[1,0,0],[0,1,0],[10,5,148]]
[[0,0,0],[1,0,0],[0,1,0],[18,101,148]]
[[0,0,0],[1,0,0],[0,1,0],[5,53,148]]
[[0,0,0],[1,0,0],[0,2,0],[36,4,74]]
[[0,0,0],[1,0,0],[0,1,0],[38,49,148]]
[[0,0,0],[1,0,0],[0,1,0],[30,7,148]]
[[0,0,0],[1,0,0],[0,2,0],[11,4,74]]
[[0,0,0],[1,0,0],[0,2,0],[19,50,74]]
[[0,0,0],[1,0,0],[0,1,0],[14,123,148]]
[[0,0,0],[1,0,0],[0,1,0],[12,49,148]]
[[0,0,0],[1,0,0],[0,1,0],[54,133,148]]
[[0,0,0],[1,0,0],[0,1,0],[66,143,148]]
[[0,0,0],[1,0,0],[0,1,0],[13,35,148]]
[[0,0,0],[1,0,0],[0,1,0],[2,103,148]]
[[0,0,0],[1,0,0],[0,1,0],[46,19,148]]
[[0,0,0],[1,0,0],[0,1,0],[12,141,148]]
[[0,0,0],[1,0,0],[0,1,0],[5,21,148]]
[[0,0,0],[1,0,0],[1,2,0],[5,20,74]]
[[0,0,0],[1,0,0],[0,1,0],[70,119,148]]
[[0,0,0],[1,0,0],[0,1,0],[52,129,148]]
[[0,0,0],[1,0,0],[0,1,0],[118,71,148]]
[[0,0,0],[1,0,0],[0,1,0],[42,7,148]]
[[0,0,0],[1,0,0],[0,1,0],[8,85,148]]
[[0,0,0],[1,0,0],[0,1,0],[48,27,148]]
[[0,0,0],[1,0,0],[0,1,0],[14,69,148]]
[[0,0,0],[1,0,0],[1,2,0],[5,4,74]]
[[0,0,0],[1,0,0],[0,1,0],[14,89,148]]
[[0,0,0],[1,0,0],[0,1,0],[66,47,148]]
[[0,0,0],[1,0,0],[0,1,0],[3,11,148]]
[[0,0,0],[1,0,0],[0,1,0],[66,109,148]]
[[0,0,0],[1,0,0],[0,1,0],[78,47,148]]
[[0,0,0],[1,0,0],[0,1,0],[40,117,148]]
[[0,0,0],[1,0,0],[0,2,0],[23,36,74]]
[[0,0,0],[1,0,0],[0,1,0],[78,55,148]]
[[0,0,0],[1,0,0],[0,1,0],[46,141,148]]
[[0,0,0],[1,0,0],[0,1,0],[8,17,148]]
[[0,0,0],[1,0,0],[0,1,0],[14,109,148]]
[[0,0,0],[1,0,0],[0,1,0],[5,65,148]]
[[0,0,0],[1,0,0],[0,2,0],[41,34,74]]
[[0,0,0],[1,0,0],[0,1,0],[22,79,148]]
[[0,0,0],[1,0,0],[0,1,0],[34,7,148]]
[[0,0,0],[1,0,0],[0,2,0],[47,28,74]]
[[0,0,0],[1,0,0],[0,1,0],[6,43,148]]
[[0,0,0],[1,0,0],[0,1,0],[70,35,148]]
[[0,0,0],[1,0,0],[0,2,0],[7,10,74]]
[[0,0,0],[1,0,0],[0,1,0],[14,59,148]]
[[0,0,0],[1,0,0],[0,1,0],[24,81,148]]
[[0,0,0],[1,0,0],[0,2,0],[41,14,74]]
[[0,0,0],[1,0,0],[0,2,0],[7,14,74]]
[[0,0,0],[1,0,0],[1,2,0],[19,2,74]]
[[0,0,0],[1,0,0],[0,1,0],[52,21,148]]
[[0,0,0],[1,0,0],[0,2,0],[9,26,74]]
[[0,0,0],[1,0,0],[0,1,0],[50,31,148]]
[[0,0,0],[1,0,0],[0,1,0],[98,139,148]]
[[0,0,0],[1,0,0],[0,1,0],[1,1,148]]
[[0,0,0],[1,0,0],[0,1,0],[62,5,148]]
[[0,0,0],[1,0,0],[0,1,0],[36,76,148]]
[[0,0,0],[1,0,0],[0,1,0],[47,139,148]]
[[0,0,0],[1,0,0],[0,1,0],[50,105,148]]
[[0,0,0],[1,0,0],[0,1,0],[52,97,148]]
[[0,0,0],[1,0,0],[0,1,0],[86,43,148]]
[[0,0,0],[1,0,0],[0,1,0],[126,147,148]]
[[0,0,0],[1,0,0],[0,1,0],[6,113,148]]
[[0,0,0],[1,0,0],[0,1,0],[13,65,148]]
[[0,0,0],[1,0,0],[0,1,0],[88,135,148]]
[[0,0,0],[1,0,0],[0,1,0],[26,1,148]]
[[0,0,0],[1,0,0],[0,1,0],[12,101,148]]
[[0,0,0],[1,0,0],[0,2,0],[31,16,74]]
[[0,0,0],[1,0,0],[1,2,0],[23,12,74]]
[[0,0,0],[1,0,0],[0,1,0],[26,115,148]]
[[0,0,0],[1,0,0],[0,2,0],[21,8,74]]
[[0,0,0],[1,0,0],[0,1,0],[75,93,148]]
[[0,0,0],[1,0,0],[0,1,0],[18,23,148]]
[[0,0,0],[1,0,0],[1,2,0],[1,6,74]]
[[0,0,0],[1,0,0],[0,1,0],[12,29,148]]
[[0,0,0],[1,0,0],[0,1,0],[10,7,148]]
[[0,0,0],[1,0,0],[0,2,0],[13,2,74]]
[[0,0,0],[1,0,0],[0,1,0],[6,63,148]]
[[0,0,0],[1,0,0],[0,1,0],[44,117,148]]
[[0,0,0],[1,0,0],[1,2,0],[13,48,74]]
[[0,0,0],[1,0,0],[0,1,0],[62,91,148]]
[[0,0,0],[1,0,0],[0,1,0],[12,121,148]]
[[0,0,0],[1,0,0],[0,1,0],[132,33,148]]
[[0,0,0],[1,0,0],[0,2,0],[21,12,74]]
[[0,0,0],[1,0,0],[0,1,0],[20,85,148]]
[[0,0,0],[1,0,0],[0,1,0],[88,73,148]]
[[0,0,0],[1,0,0],[0,1,0],[34,87,148]]
[[0,0,0],[1,0,0],[0,1,0],[2,69,148]]
[[0,0,0],[1,0,0],[0,1,0],[72,1,148]]
[[0,0,0],[1,0,0],[1,2,0],[17,2,74]]
[[0,0,0],[1,0,0],[0,1,0],[48,101,148]]
[[0,0,0],[1,0,0],[0,1,0],[94,139,148]]
[[0,0,0],[1,0,0],[0,1,0],[58,101,148]]
[[0,0,0],[1,0,0],[0,1,0],[70,131,148]]
[[0,0,0],[1,0,0],[0,1,0],[14,145,148]]
[[0,0,0],[1,0,0],[0,1,0],[30,127,148]]
[[0,0,0],[1,0,0],[0,1,0],[5,29,148]]
[[0,0,0],[1,0,0],[0,1,0],[54,95,148]]
[[0,0,0],[1,0,0],[0,1,0],[37,1,148]]
[[0,0,0],[1,0,0],[1,2,0],[23,10,74]]
[[0,0,0],[1,0,0],[0,1,0],[13,67,148]]
[[0,0,0],[1,0,0],[0,1,0],[22,5,148]]
[[0,0,0],[1,0,0],[0,1,0],[7,27,148]]
[[0,0,0],[1,0,0],[0,1,0],[26,99,148]]
[[0,0,0],[1,0,0],[0,1,0],[15,141,148]]
[[0,0,0],[1,0,0],[0,1,0],[4,117,148]]
[[0,0,0],[1,0,0],[0,1,0],[10,95,148]]
[[0,0,0],[1,0,0],[0,1,0],[34,107,148]]
[[0,0,0],[1,0,0],[1,2,0],[9,30,74]]
[[0,0,0],[1,0,0],[0,1,0],[12,26,148]]
[[0,0,0],[1,0,0],[0,1,0],[20,141,148]]
[[0,0,0],[1,0,0],[0,1,0],[4,17,148]]
[[0,0,0],[1,0,0],[0,1,0],[5,59,148]]
[[0,0,0],[1,0,0],[0,1,0],[4,13,148]]
[[0,0,0],[1,0,0],[0,1,0],[58,1,148]]
[[0,0,0],[1,0,0],[0,2,0],[11,2,74]]
[[0,0,0],[1,0,0],[0,1,0],[142,71,148]]
[[0,0,0],[1,0,0],[0,1,0],[24,93,148]]
[[0,0,0],[1,0,0],[0,1,0],[12,1,148]]
[[0,0,0],[1,0,0],[0,2,0],[35,40,74]]
[[0,0,0],[1,0,0],[1,2,0],[41,38,74]]
[[0,0,0],[1,0,0],[0,1,0],[3,21,148]]
[[0,0,0],[1,0,0],[0,1,0],[7,17,148]]
[[0,0,0],[1,0,0],[0,1,0],[2,77,148]]
[[0,0,0],[1,0,0],[0,2,0],[21,2,74]]
[[0,0,0],[1,0,0],[0,1,0],[6,3,148]]
[[0,0,0],[1,0,0],[0,1,0],[114,63,148]]
[[0,0,0],[1,0,0],[0,1,0],[46,57,148]]
[[0,0,0],[1,0,0],[0,1,0],[14,79,148]]
[[0,0,0],[1,0,0],[0,2,0],[7,20,74]]
[[0,0,0],[1,0,0],[0,1,0],[78,59,148]]
[[0,0,0],[1,0,0],[0,1,0],[14,93,148]]
[[0,0,0],[1,0,0],[0,1,0],[16,96,148]]
[[0,0,0],[1,0,0],[0,1,0],[86,125,148]]
[[0,0,0],[1,0,0],[0,1,0],[92,94,148]]
[[0,0,0],[1,0,0],[0,2,0],[7,4,74]]
[[0,0,0],[1,0,0],[0,1,0],[88,61,148]]
[[0,0,0],[1,0,0],[0,1,0],[56,133,148]]
[[0,0,0],[1,0,0],[0,2,0],[9,16,74]]
[[0,0,0],[1,0,0],[0,1,0],[3,25,148]]
[[0,0,0],[1,0,0],[0,1,0],[1,5,148]]
[[0,0,0],[1,0,0],[0,1,0],[58,95,148]]
[[0,0,0],[1,0,0],[1,2,0],[39,8,74]]
[[0,0,0],[1,0,0],[0,1,0],[54,127,148]]
[[0,0,0],[1,0,0],[0,1,0],[2,89,148]]
[[0,0,0],[1,0,0],[0,1,0],[11,35,148]]
[[0,0,0],[1,0,0],[0,1,0],[46,103,148]]
[[0,0,0],[1,0,0],[0,1,0],[26,83,148]]
[[0,0,0],[1,0,0],[0,1,0],[46,131,148]]
[[0,0,0],[1,0,0],[0,1,0],[53,59,148]]
[[0,0,0],[1,0,0],[0,1,0],[26,147,148]]
[[0,0,0],[1,0,0],[1,2,0],[31,8,74]]
[[0,0,0],[1,0,0],[0,1,0],[6,7,148]]
[[0,0,0],[1,0,0],[0,1,0],[30,31,148]]
[[0,0,0],[1,0,0],[0,1,0],[54,59,148]]
[[0,0,0],[1,0,0],[0,1,0],[12,117,148]]
[[0,0,0],[1,0,0],[0,1,0],[26,47,148]]
[[0,0,0],[1,0,0],[1,2,0],[11,36,74]]
[[0,0,0],[1,0,0],[1,2,0],[21,48,74]]
[[0,0,0],[1,0,0],[0,2,0],[2,72,74]]
[[0,0,0],[1,0,0],[0,1,0],[36,45,148]]
[[0,0,0],[1,0,0],[0,1,0],[2,13,148]]
[[0,0,0],[1,0,0],[0,1,0],[42,113,148]]
[[0,0,0],[1,0,0],[0,1,0],[74,1,148]]
[[0,0,0],[1,0,0],[0,1,0],[22,51,148]]
[[0,0,0],[1,0,0],[0,1,0],[14,41,148]]
[[0,0,0],[1,0,0],[0,1,0],[38,91,148]]
[[0,0,0],[1,0,0],[0,1,0],[14,63,148]]
[[0,0,0],[1,0,0],[0,1,0],[20,25,148]]
[[0,0,0],[1,0,0],[0,1,0],[8,53,148]]
[[0,0,0],[1,0,0],[0,1,0],[14,25,148]]
[[0,0,0],[1,0,0],[0,1,0],[17,47,148]]
[[0,0,0],[1,0,0],[1,2,0],[41,10,74]]
[[0,0,0],[1,0,0],[0,1,0],[31,31,148]]
[[0,0,0],[1,0,0],[1,2,0],[11,30,74]]
[[0,0,0],[1,0,0],[0,1,0],[8,117,148]]
[[0,0,0],[1,0,0],[0,1,0],[2,9,148]]
[[0,0,0],[1,0,0],[0,1,0],[94,131,148]]
[[0,0,0],[1,0,0],[0,2,0],[7,68,74]]
[[0,0,0],[1,0,0],[1,2,0],[13,4,74]]
[[0,0,0],[1,0,0],[0,1,0],[22,11,148]]
[[0,0,0],[1,0,0],[0,1,0],[54,9,148]]
[[0,0,0],[1,0,0],[0,1,0],[15,59,148]]
[[0,0,0],[1,0,0],[0,1,0],[24,89,148]]
[[0,0,0],[1,0,0],[0,1,0],[98,27,148]]
[[0,0,0],[1,0,0],[0,1,0],[82,135,148]]
[[0,0,0],[1,0,0],[0,1,0],[22,135,148]]
[[0,0,0],[1,0,0],[0,1,0],[26,141,148]]
[[0,0,0],[1,0,0],[0,2,0],[9,12,74]]
[[0,0,0],[1,0,0],[0,1,0],[2,115,148]]
[[0,0,0],[1,0,0],[0,1,0],[58,43,148]]
[[0,0,0],[1,0,0],[1,2,0],[5,22,74]]
[[0,0,0],[1,0,0],[0,2,0],[3,6,74]]
[[0,0,0],[1,0,0],[0,1,0],[10,65,148]]
[[0,0,0],[1,0,0],[0,1,0],[3,29,148]]
[[0,0,0],[1,0,0],[0,1,0],[16,69,148]]
[[0,0,0],[1,0,0],[0,1,0],[42,33,148]]
[[0,0,0],[1,0,0],[0,1,0],[94,11,148]]
[[0,0,0],[1,0,0],[0,1,0],[10,51,148]]
[[0,0,0],[1,0,0],[0,1,0],[8,21,148]]
[[0,0,0],[1,0,0],[0,1,0],[2,71,148]]
[[0,0,0],[1,0,0],[0,1,0],[78,3,148]]
[[0,0,0],[1,0,0],[1,2,0],[9,46,74]]
[[0,0,0],[1,0,0],[0,1,0],[54,119,148]]
[[0,0,0],[1,0,0],[0,1,0],[50,3,148]]
[[0,0,0],[1,0,0],[0,1,0],[20,133,148]]
[[0,0,0],[1,0,0],[0,1,0],[70,75,148]]
[[0,0,0],[1,0,0],[0,1,0],[18,127,148]]
[[0,0,0],[1,0,0],[0,1,0],[38,13,148]]
[[0,0,0],[1,0,0],[0,1,0],[62,31,148]]
[[0,0,0],[1,0,0],[0,1,0],[58,99,148]]
[[0,0,0],[1,0,0],[0,1,0],[4,41,148]]
[[0,0,0],[1,0,0],[0,1,0],[10,43,148]]
[[0,0,0],[1,0,0],[0,1,0],[9,15,148]]
[[0,0,0],[1,0,0],[0,1,0],[11,25,148]]
[[0,0,0],[1,0,0],[0,1,0],[62,71,148]]
[[0,0,0],[1,0,0],[0,1,0],[18,11,148]]
[[0,0,0],[1,0,0],[0,1,0],[14,75,148]]
[[0,0,0],[1,0,0],[0,1,0],[14,95,148]]
[[0,0,0],[1,0,0],[0,1,0],[62,19,148]]
[[0,0,0],[1,0,0],[0,1,0],[6,19,148]]
[[0,0,0],[1,0,0],[0,1,0],[13,55,148]]
[[0,0,0],[1,0,0],[0,1,0],[110,147,148]]
[[0,0,0],[1,0,0],[0,1,0],[10,123,148]]
[[0,0,0],[1,0,0],[0,1,0],[50,59,148]]
[[0,0,0],[1,0,0],[1,2,0],[27,60,74]]
[[0,0,0],[1,0,0],[0,1,0],[42,65,148]]
[[0,0,0],[1,0,0],[0,1,0],[18,67,148]]
[[0,0,0],[1,0,0],[0,1,0],[68,9,148]]
[[0,0,0],[1,0,0],[0,1,0],[3,23,148]]
[[0,0,0],[1,0,0],[0,2,0],[17,48,74]]
[[0,0,0],[1,0,0],[0,1,0],[30,49,148]]
[[0,0,0],[1,0,0],[0,1,0],[28,10,148]]
[[0,0,0],[1,0,0],[0,1,0],[32,1,148]]
[[0,0,0],[1,0,0],[0,1,0],[130,115,148]]
[[0,0,0],[1,0,0],[0,1,0],[6,123,148]]
[[0,0,0],[1,0,0],[0,2,0],[3,30,74]]
[[0,0,0],[1,0,0],[0,1,0],[52,145,148]]
[[0,0,0],[1,0,0],[0,1,0],[111,38,148]]
[[0,0,0],[1,0,0],[0,1,0],[28,85,148]]
[[0,0,0],[1,0,0],[0,1,0],[12,69,148]]
[[0,0,0],[1,0,0],[0,1,0],[66,93,148]]
[[0,0,0],[1,0,0],[0,1,0],[110,55,148]]
[[0,0,0],[1,0,0],[0,1,0],[13,139,148]]
[[0,0,0],[1,0,0],[0,1,0],[12,73,148]]
[[0,0,0],[1,0,0],[0,2,0],[14,48,74]]
[[0,0,0],[1,0,0],[0,2,0],[13,24,74]]
[[0,0,0],[1,0,0],[1,2,0],[21,4,74]]
[[0,0,0],[1,0,0],[0,1,0],[52,29,148]]
[[0,0,0],[1,0,0],[0,2,0],[1,12,74]]
[[0,0,0],[1,0,0],[0,1,0],[42,75,148]]
[[0,0,0],[1,0,0],[0,1,0],[38,41,148]]
[[0,0,0],[1,0,0],[0,1,0],[82,7,148]]
[[0,0,0],[1,0,0],[0,1,0],[34,91,148]]
[[0,0,0],[1,0,0],[0,1,0],[82,63,148]]
[[0,0,0],[1,0,0],[1,2,0],[7,2,74]]
[[0,0,0],[1,0,0],[0,2,0],[21,48,74]]
[[0,0,0],[1,0,0],[0,1,0],[2,145,148]]
[[0,0,0],[1,0,0],[0,1,0],[38,121,148]]
[[0,0,0],[1,0,0],[0,1,0],[6,131,148]]
[[0,0,0],[1,0,0],[0,1,0],[16,9,148]]
[[0,0,0],[1,0,0],[0,1,0],[4,93,148]]
[[0,0,0],[1,0,0],[0,1,0],[10,31,148]]
[[0,0,0],[1,0,0],[0,1,0],[5,5,148]]
[[0,0,0],[1,0,0],[0,1,0],[60,89,148]]
[[0,0,0],[1,0,0],[0,1,0],[26,55,148]]
[[0,0,0],[1,0,0],[0,1,0],[106,43,148]]
[[0,0,0],[1,0,0],[0,1,0],[24,5,148]]
[[0,0,0],[1,0,0],[0,1,0],[106,51,148]]
[[0,0,0],[1,0,0],[0,1,0],[2,99,148]]
[[0,0,0],[1,0,0],[0,1,0],[9,31,148]]
[[0,0,0],[1,0,0],[0,2,0],[5,26,74]]
[[0,0,0],[1,0,0],[0,1,0],[78,147,148]]
[[0,0,0],[1,0,0],[0,1,0],[9,43,148]]
[[0,0,0],[1,0,0],[0,1,0],[6,41,148]]
[[0,0,0],[1,0,0],[0,1,0],[30,135,148]]
[[0,0,0],[1,0,0],[0,1,0],[2,41,148]]
[[0,0,0],[1,0,0],[0,1,0],[72,114,148]]
[[0,0,0],[1,0,0],[0,1,0],[26,41,148]]
[[0,0,0],[1,0,0],[0,1,0],[42,57,148]]
[[0,0,0],[1,0,0],[0,1,0],[26,137,148]]
[[0,0,0],[1,0,0],[0,2,0],[5,16,74]]
[[0,0,0],[1,0,0],[0,1,0],[22,3,148]]
[[0,0,0],[1,0,0],[0,1,0],[3,49,148]]
[[0,0,0],[1,0,0],[0,2,0],[11,60,74]]
[[0,0,0],[1,0,0],[0,1,0],[2,3,148]]
[[0,0,0],[1,0,0],[0,1,0],[41,71,148]]
[[0,0,0],[1,0,0],[0,1,0],[18,119,148]]
[[0,0,0],[1,0,0],[0,1,0],[82,23,148]]
[[0,0,0],[1,0,0],[0,1,0],[4,73,148]]
[[0,0,0],[1,0,0],[0,1,0],[52,25,148]]
[[0,0,0],[1,0,0],[0,1,0],[8,29,148]]
[[0,0,0],[1,0,0],[0,1,0],[3,53,148]]
[[0,0,0],[1,0,0],[0,1,0],[6,139,148]]
[[0,0,0],[1,0,0],[0,1,0],[19,93,148]]
[[0,0,0],[1,0,0],[0,1,0],[18,91,148]]
[[0,0,0],[1,0,0],[0,1,0],[14,103,148]]
[[0,0,0],[1,0,0],[1,2,0],[11,48,74]]
[[0,0,0],[1,0,0],[0,1,0],[42,39,148]]
[[0,0,0],[1,0,0],[0,1,0],[20,101,148]]
[[0,0,0],[1,0,0],[0,1,0],[40,1,148]]
[[0,0,0],[1,0,0],[0,1,0],[12,100,148]]
[[0,0,0],[1,0,0],[0,1,0],[30,27,148]]
[[0,0,0],[1,0,0],[0,1,0],[6,85,148]]
[[0,0,0],[1,0,0],[0,1,0],[16,65,148]]
[[0,0,0],[1,0,0],[0,1,0],[84,81,148]]
[[0,0,0],[1,0,0],[0,1,0],[19,65,148]]
[[0,0,0],[1,0,0],[0,1,0],[30,103,148]]
[[0,0,0],[1,0,0],[0,1,0],[32,17,148]]
[[0,0,0],[1,0,0],[0,2,0],[5,28,74]]
[[0,0,0],[1,0,0],[0,1,0],[3,147,148]]
[[0,0,0],[1,0,0],[0,1,0],[16,17,148]]
[[0,0,0],[1,0,0],[0,1,0],[56,56,148]]
[[0,0,0],[1,0,0],[0,2,0],[3,22,74]]
[[0,0,0],[1,0,0],[0,1,0],[22,45,148]]
[[0,0,0],[1,0,0],[0,1,0],[8,41,148]]
[[0,0,0],[1,0,0],[0,1,0],[20,145,148]]
[[0,0,0],[1,0,0],[0,1,0],[108,73,148]]
[[0,0,0],[1,0,0],[0,1,0],[16,61,148]]
[[0,0,0],[1,0,0],[0,1,0],[72,3,148]]
[[0,0,0],[1,0,0],[0,1,0],[6,57,148]]
[[0,0,0],[1,0,0],[0,1,0],[35,131,148]]
[[0,0,0],[1,0,0],[0,1,0],[6,53,148]]
[[0,0,0],[1,0,0],[0,1,0],[4,89,148]]
[[0,0,0],[1,0,0],[0,1,0],[16,89,148]]
[[0,0,0],[1,0,0],[0,1,0],[6,65,148]]
[[0,0,0],[1,0,0],[0,1,0],[22,139,148]]
[[0,0,0],[1,0,0],[0,1,0],[22,33,148]]
[[0,0,0],[1,0,0],[0,1,0],[28,93,148]]
[[0,0,0],[1,0,0],[0,2,0],[13,8,74]]
[[0,0,0],[1,0,0],[0,1,0],[8,5,148]]
[[0,0,0],[1,0,0],[0,1,0],[6,117,148]]
[[0,0,0],[1,0,0],[0,1,0],[11,53,148]]
[[0,0,0],[1,0,0],[0,1,0],[86,59,148]]
[[0,0,0],[1,0,0],[0,1,0],[26,59,148]]
[[0,0,0],[1,0,0],[0,1,0],[54,135,148]]
[[0,0,0],[1,0,0],[0,1,0],[90,73,148]]
[[0,0,0],[1,0,0],[0,1,0],[42,23,148]]
[[0,0,0],[1,0,0],[0,1,0],[34,81,148]]
[[0,0,0],[1,0,0],[0,1,0],[38,67,148]]
[[0,0,0],[1,0,0],[0,2,0],[49,58,74]]
[[0,0,0],[1,0,0],[0,1,0],[22,73,148]]
[[0,0,0],[1,0,0],[0,1,0],[40,72,148]]
[[0,0,0],[1,0,0],[0,1,0],[3,69,148]]
[[0,0,0],[1,0,0],[0,1,0],[38,123,148]]
[[0,0,0],[1,0,0],[0,1,0],[114,115,148]]
[[0,0,0],[1,0,0],[0,1,0],[102,73,148]]
[[0,0,0],[1,0,0],[0,1,0],[18,123,148]]
[[0,0,0],[1,0,0],[0,1,0],[22,103,148]]
[[0,0,0],[1,0,0],[0,1,0],[2,75,148]]
[[0,0,0],[1,0,0],[0,1,0],[18,39,148]]
[[0,0,0],[1,0,0],[0,1,0],[19,137,148]]
[[0,0,0],[1,0,0],[0,1,0],[62,119,148]]
[[0,0,0],[1,0,0],[0,1,0],[26,63,148]]
[[0,0,0],[1,0,0],[1,2,0],[15,36,74]]
[[0,0,0],[1,0,0],[1,2,0],[13,50,74]]
[[0,0,0],[1,0,0],[0,2,0],[31,2,74]]
[[0,0,0],[1,0,0],[0,2,0],[5,20,74]]
[[0,0,0],[1,0,0],[0,1,0],[54,51,148]]
[[0,0,0],[1,0,0],[0,2,0],[47,22,74]]
[[0,0,0],[1,0,0],[0,1,0],[7,57,148]]
[[0,0,0],[1,0,0],[0,1,0],[26,145,148]]
[[0,0,0],[1,0,0],[0,1,0],[10,47,148]]
[[0,0,0],[1,0,0],[1,2,0],[29,8,74]]
[[0,0,0],[1,0,0],[0,1,0],[75,85,148]]
[[0,0,0],[1,0,0],[0,1,0],[54,5,148]]
[[0,0,0],[1,0,0],[0,1,0],[124,62,148]]
[[0,0,0],[1,0,0],[0,1,0],[38,3,148]]
[[0,0,0],[1,0,0],[0,1,0],[16,49,148]]
[[0,0,0],[1,0,0],[0,1,0],[24,13,148]]
[[0,0,0],[1,0,0],[1,2,0],[3,28,74]]
[[0,0,0],[1,0,0],[0,1,0],[5,15,148]]
[[0,0,0],[1,0,0],[0,1,0],[70,7,148]]
[[0,0,0],[1,0,0],[0,1,0],[32,73,148]]
[[0,0,0],[1,0,0],[1,2,0],[3,38,74]]
[[0,0,0],[1,0,0],[0,1,0],[4,121,148]]
[[0,0,0],[1,0,0],[0,1,0],[50,117,148]]
[[0,0,0],[1,0,0],[0,1,0],[6,35,148]]
[[0,0,0],[1,0,0],[1,2,0],[21,20,74]]
[[0,0,0],[1,0,0],[0,1,0],[16,29,148]]
[[0,0,0],[1,0,0],[0,2,0],[35,6,74]]
[[0,0,0],[1,0,0],[0,1,0],[9,49,148]]
[[0,0,0],[1,0,0],[0,1,0],[31,47,148]]
[[0,0,0],[1,0,0],[0,1,0],[26,91,148]]
[[0,0,0],[1,0,0],[0,1,0],[50,51,148]]
[[0,0,0],[1,0,0],[0,1,0],[42,17,148]]
[[0,0,0],[1,0,0],[1,2,0],[25,4,74]]
[[0,0,0],[1,0,0],[0,1,0],[8,89,148]]
[[0,0,0],[1,0,0],[0,1,0],[2,63,148]]
[[0,0,0],[1,0,0],[1,2,0],[21,14,74]]
[[0,0,0],[1,0,0],[0,1,0],[58,103,148]]
[[0,0,0],[1,0,0],[0,1,0],[4,77,148]]
[[0,0,0],[1,0,0],[0,1,0],[90,123,148]]
[[0,0,0],[1,0,0],[0,1,0],[26,67,148]]
[[0,0,0],[1,0,0],[0,1,0],[98,73,148]]
[[0,0,0],[1,0,0],[0,1,0],[62,23,148]]
[[0,0,0],[1,0,0],[0,1,0],[58,59,148]]
[[0,0,0],[1,0,0],[0,1,0],[90,91,148]]
[[0,0,0],[1,0,0],[1,2,0],[27,56,74]]
[[0,0,0],[1,0,0],[0,1,0],[82,55,148]]
[[0,0,0],[1,0,0],[0,1,0],[3,55,148]]
[[0,0,0],[1,0,0],[0,2,0],[9,20,74]]
[[0,0,0],[1,0,0],[0,1,0],[52,23,148]]
[[0,0,0],[1,0,0],[0,1,0],[16,53,148]]
[[0,0,0],[1,0,0],[0,2,0],[45,8,74]]
[[0,0,0],[1,0,0],[0,1,0],[6,17,148]]
[[0,0,0],[1,0,0],[0,1,0],[2,39,148]]
[[0,0,0],[1,0,0],[0,1,0],[42,131,148]]
[[0,0,0],[1,0,0],[0,1,0],[111,112,148]]
[[0,0,0],[1,0,0],[0,1,0],[56,101,148]]
[[0,0,0],[1,0,0],[0,2,0],[22,32,74]]
[[0,0,0],[1,0,0],[0,2,0],[11,16,74]]
[[0,0,0],[1,0,0],[0,1,0],[34,129,148]]
[[0,0,0],[1,0,0],[0,1,0],[1,17,148]]
[[0,0,0],[1,0,0],[0,1,0],[18,105,148]]
[[0,0,0],[1,0,0],[0,1,0],[40,33,148]]
[[0,0,0],[1,0,0],[1,2,0],[49,12,74]]
[[0,0,0],[1,0,0],[0,1,0],[40,125,148]]
[[0,0,0],[1,0,0],[0,1,0],[10,21,148]]
[[0,0,0],[1,0,0],[0,1,0],[64,141,148]]
[[0,0,0],[1,0,0],[0,1,0],[6,79,148]]
[[0,0,0],[1,0,0],[0,1,0],[50,1,148]]
[[0,0,0],[1,0,0],[0,1,0],[11,141,148]]
[[0,0,0],[1,0,0],[0,1,0],[90,83,148]]
[[0,0,0],[1,0,0],[0,2,0],[1,16,74]]
[[0,0,0],[1,0,0],[0,2,0],[3,18,74]]
[[0,0,0],[1,0,0],[0,1,0],[10,89,148]]
[[0,0,0],[1,0,0],[1,2,0],[13,10,74]]
[[0,0,0],[1,0,0],[0,1,0],[7,41,148]]
[[0,0,0],[1,0,0],[0,1,0],[24,141,148]]
[[0,0,0],[1,0,0],[0,1,0],[11,27,148]]
[[0,0,0],[1,0,0],[0,2,0],[7,24,74]]
[[0,0,0],[1,0,0],[0,1,0],[86,147,148]]
[[0,0,0],[1,0,0],[0,1,0],[14,97,148]]
[[0,0,0],[1,0,0],[0,1,0],[45,121,148]]
[[0,0,0],[1,0,0],[0,1,0],[3,33,148]]
[[0,0,0],[1,0,0],[0,1,0],[82,123,148]]
[[0,0,0],[1,0,0],[0,2,0],[7,62,74]]
[[0,0,0],[1,0,0],[1,2,0],[3,2,74]]
[[0,0,0],[1,0,0],[0,1,0],[23,131,148]]
[[0,0,0],[1,0,0],[0,1,0],[5,61,148]]
[[0,0,0],[1,0,0],[0,1,0],[28,65,148]]
[[0,0,0],[1,0,0],[1,2,0],[7,28,74]]
[[0,0,0],[1,0,0],[0,1,0],[22,147,148]]
[[0,0,0],[1,0,0],[0,1,0],[20,17,148]]
[[0,0,0],[1,0,0],[0,1,0],[90,135,148]]
[[0,0,0],[1,0,0],[0,1,0],[3,39,148]]
[[0,0,0],[1,0,0],[0,1,0],[18,135,148]]
[[0,0,0],[1,0,0],[0,1,0],[144,42,148]]
[[0,0,0],[1,0,0],[0,1,0],[15,47,148]]
[[0,0,0],[1,0,0],[0,1,0],[8,129,148]]
[[0,0,0],[1,0,0],[1,2,0],[43,6,74]]
[[0,0,0],[1,0,0],[0,1,0],[58,109,148]]
[[0,0,0],[1,0,0],[0,1,0],[26,57,148]]
[[0,0,0],[1,0,0],[0,1,0],[138,143,148]]
[[0,0,0],[1,0,0],[1,2,0],[27,22,74]]
[[0,0,0],[1,0,0],[0,1,0],[18,94,148]]
[[0,0,0],[1,0,0],[1,2,0],[3,18,74]]
[[0,0,0],[1,0,0],[0,1,0],[18,25,148]]
[[0,0,0],[1,0,0],[0,1,0],[4,137,148]]
[[0,0,0],[1,0,0],[0,2,0],[11,54,74]]
[[0,0,0],[1,0,0],[0,1,0],[30,55,148]]
[[0,0,0],[1,0,0],[1,2,0],[19,42,74]]
[[0,0,0],[1,0,0],[0,1,0],[46,7,148]]
[[0,0,0],[1,0,0],[0,1,0],[66,75,148]]
[[0,0,0],[1,0,0],[0,2,0],[31,34,74]]
[[0,0,0],[1,0,0],[1,2,0],[29,14,74]]
[[0,0,0],[1,0,0],[0,1,0],[6,77,148]]
[[0,0,0],[1,0,0],[0,1,0],[10,49,148]]
[[0,0,0],[1,0,0],[0,1,0],[50,113,148]]
[[0,0,0],[1,0,0],[0,1,0],[28,73,148]]
[[0,0,0],[1,0,0],[0,1,0],[36,29,148]]
[[0,0,0],[1,0,0],[0,1,0],[36,137,148]]
[[0,0,0],[1,0,0],[0,1,0],[42,31,148]]
[[0,0,0],[1,0,0],[0,1,0],[4,113,148]]
[[0,0,0],[1,0,0],[0,1,0],[22,49,148]]
[[0,0,0],[1,0,0],[0,2,0],[3,4,74]]
[[0,0,0],[1,0,0],[1,2,0],[13,40,74]]
[[0,0,0],[1,0,0],[0,2,0],[32,12,74]]
[[0,0,0],[1,0,0],[1,2,0],[25,2,74]]
[[0,0,0],[1,0,0],[0,1,0],[14,127,148]]
[[0,0,0],[1,0,0],[0,1,0],[14,91,148]]
[[0,0,0],[1,0,0],[1,2,0],[31,2,74]]
[[0,0,0],[1,0,0],[0,1,0],[26,133,148]]
[[0,0,0],[1,0,0],[0,1,0],[22,105,148]]
[[0,0,0],[1,0,0],[0,1,0],[10,119,148]]
[[0,0,0],[1,0,0],[0,1,0],[22,75,148]]
[[0,0,0],[1,0,0],[0,1,0],[36,121,148]]
[[0,0,0],[1,0,0],[1,2,0],[23,2,74]]
[[0,0,0],[1,0,0],[0,1,0],[7,13,148]]
[[0,0,0],[1,0,0],[1,2,0],[15,6,74]]
[[0,0,0],[1,0,0],[0,2,0],[23,38,74]]
[[0,0,0],[1,0,0],[0,1,0],[2,113,148]]
[[0,0,0],[1,0,0],[0,1,0],[26,123,148]]
[[0,0,0],[1,0,0],[0,1,0],[34,143,148]]
[[0,0,0],[1,0,0],[0,1,0],[98,81,148]]
[[0,0,0],[1,0,0],[0,1,0],[4,49,148]]
[[0,0,0],[1,0,0],[0,1,0],[60,15,148]]
[[0,0,0],[1,0,0],[0,1,0],[11,17,148]]
[[0,0,0],[1,0,0],[0,1,0],[5,23,148]]
[[0,0,0],[1,0,0],[0,1,0],[110,11,148]]
[[0,0,0],[1,0,0],[0,1,0],[30,5,148]]
[[0,0,0],[1,0,0],[0,1,0],[102,51,148]]
[[0,0,0],[1,0,0],[0,1,0],[54,27,148]]
[[0,0,0],[1,0,0],[0,1,0],[34,99,148]]
[[0,0,0],[1,0,0],[0,1,0],[28,53,148]]
[[0,0,0],[1,0,0],[0,1,0],[2,17,148]]
[[0,0,0],[1,0,0],[0,1,0],[22,127,148]]
[[0,0,0],[1,0,0],[0,1,0],[1,11,148]]
[[0,0,0],[1,0,0],[0,1,0],[8,49,148]]
[[0,0,0],[1,0,0],[0,1,0],[18,69,148]]
[[0,0,0],[1,0,0],[0,2,0],[1,26,74]]
[[0,0,0],[1,0,0],[0,1,0],[14,119,148]]
[[0,0,0],[1,0,0],[0,1,0],[30,137,148]]
[[0,0,0],[1,0,0],[0,1,0],[24,45,148]]
[[0,0,0],[1,0,0],[0,1,0],[90,79,148]]
[[0,0,0],[1,0,0],[0,1,0],[78,73,148]]
[[0,0,0],[1,0,0],[0,1,0],[22,39,148]]
[[0,0,0],[1,0,0],[0,1,0],[48,1,148]]
[[0,0,0],[1,0,0],[0,1,0],[40,65,148]]
[[0,0,0],[1,0,0],[0,1,0],[34,79,148]]
[[0,0,0],[1,0,0],[0,1,0],[44,61,148]]
[[0,0,0],[1,0,0],[0,1,0],[24,14,148]]
[[0,0,0],[1,0,0],[0,1,0],[6,13,148]]
[[0,0,0],[1,0,0],[0,1,0],[72,97,148]]
[[0,0,0],[1,0,0],[0,1,0],[62,139,148]]
[[0,0,0],[1,0,0],[0,1,0],[26,107,148]]
[[0,0,0],[1,0,0],[0,1,0],[10,127,148]]
[[0,0,0],[1,0,0],[0,2,0],[18,40,74]]
[[0,0,0],[1,0,0],[0,2,0],[17,10,74]]
[[0,0,0],[1,0,0],[0,1,0],[66,127,148]]
[[0,0,0],[1,0,0],[0,1,0],[14,83,148]]
[[0,0,0],[1,0,0],[0,1,0],[74,75,148]]
[[0,0,0],[1,0,0],[0,1,0],[70,147,148]]
[[0,0,0],[1,0,0],[0,1,0],[4,108,148]]
[[0,0,0],[1,0,0],[0,1,0],[22,23,148]]
[[0,0,0],[1,0,0],[0,1,0],[50,95,148]]
[[0,0,0],[1,0,0],[0,1,0],[66,103,148]]
[[0,0,0],[1,0,0],[1,2,0],[11,44,74]]
[[0,0,0],[1,0,0],[1,2,0],[15,38,74]]
[[0,0,0],[1,0,0],[0,1,0],[34,29,148]]
[[0,0,0],[1,0,0],[0,2,0],[1,2,74]]
[[0,0,0],[1,0,0],[0,1,0],[14,9,148]]
[[0,0,0],[1,0,0],[0,1,0],[14,15,148]]
[[0,0,0],[1,0,0],[0,1,0],[42,13,148]]
[[0,0,0],[1,0,0],[0,1,0],[52,1,148]]
[[0,0,0],[1,0,0],[0,1,0],[14,98,148]]
[[0,0,0],[1,0,0],[0,2,0],[49,2,74]]
[[0,0,0],[1,0,0],[0,1,0],[21,91,148]]
[[0,0,0],[1,0,0],[0,1,0],[4,53,148]]
[[0,0,0],[1,0,0],[0,2,0],[9,66,74]]
[[0,0,0],[1,0,0],[1,2,0],[3,10,74]]
[[0,0,0],[1,0,0],[0,1,0],[3,41,148]]
[[0,0,0],[1,0,0],[0,1,0],[94,123,148]]
[[0,0,0],[1,0,0],[0,1,0],[100,73,148]]
[[0,0,0],[1,0,0],[0,1,0],[5,69,148]]
[[0,0,0],[1,0,0],[0,1,0],[4,21,148]]
[[0,0,0],[1,0,0],[0,1,0],[116,107,148]]
[[0,0,0],[1,0,0],[0,1,0],[5,9,148]]
[[0,0,0],[1,0,0],[0,1,0],[42,137,148]]
[[0,0,0],[1,0,0],[0,1,0],[72,5,148]]
[[0,0,0],[1,0,0],[1,2,0],[3,32,74]]
[[0,0,0],[1,0,0],[0,1,0],[7,23,148]]
[[0,0,0],[1,0,0],[0,1,0],[62,97,148]]
[[0,0,0],[1,0,0],[0,1,0],[10,67,148]]
[[0,0,0],[1,0,0],[0,1,0],[20,33,148]]
[[0,0,0],[1,0,0],[0,1,0],[30,15,148]]
[[0,0,0],[1,0,0],[0,1,0],[126,63,148]]
[[0,0,0],[1,0,0],[0,1,0],[102,91,148]]
[[0,0,0],[4,0,0],[0,1,0],[0,1,37]]
[[0,0,0],[1,0,0],[0,1,0],[34,47,148]]
[[0,0,0],[1,0,0],[0,1,0],[30,17,148]]
[[0,0,0],[1,0,0],[1,2,0],[3,36,74]]
[[0,0,0],[1,0,0],[0,1,0],[90,55,148]]
[[0,0,0],[1,0,0],[0,1,0],[8,61,148]]
[[0,0,0],[1,0,0],[0,1,0],[18,107,148]]
[[0,0,0],[1,0,0],[0,1,0],[62,147,148]]
[[0,0,0],[1,0,0],[1,2,0],[7,40,74]]
[[0,0,0],[1,0,0],[0,1,0],[122,51,148]]
[[0,0,0],[1,0,0],[0,1,0],[16,41,148]]
[[0,0,0],[1,0,0],[0,1,0],[22,65,148]]
[[0,0,0],[1,0,0],[0,1,0],[46,83,148]]
[[0,0,0],[1,0,0],[0,1,0],[82,97,148]]
[[0,0,0],[1,0,0],[1,2,0],[3,14,74]]
[[0,0,0],[1,0,0],[0,1,0],[18,143,148]]
[[0,0,0],[1,0,0],[0,1,0],[32,49,148]]
[[0,0,0],[1,0,0],[0,1,0],[20,57,148]]
[[0,0,0],[1,0,0],[0,1,0],[58,137,148]]
[[0,0,0],[1,0,0],[0,1,0],[38,143,148]]
[[0,0,0],[1,0,0],[0,1,0],[15,17,148]]
[[0,0,0],[1,0,0],[0,1,0],[3,35,148]]
[[0,0,0],[1,0,0],[0,1,0],[6,1,148]]
[[0,0,0],[1,0,0],[0,1,0],[38,9,148]]
[[0,0,0],[1,0,0],[0,1,0],[22,55,148]]
[[0,0,0],[1,0,0],[0,1,0],[24,77,148]]
[[0,0,0],[1,0,0],[0,1,0],[66,147,148]]
[[0,0,0],[1,0,0],[0,1,0],[46,29,148]]
[[0,0,0],[1,0,0],[0,1,0],[90,7,148]]
[[0,0,0],[1,0,0],[0,1,0],[46,67,148]]
[[0,0,0],[1,0,0],[0,1,0],[68,101,148]]
[[0,0,0],[1,0,0],[1,2,0],[7,42,74]]
[[0,0,0],[1,0,0],[1,2,0],[51,34,74]]
[[0,0,0],[1,0,0],[0,1,0],[54,19,148]]
[[0,0,0],[1,0,0],[0,1,0],[25,135,148]]
[[0,0,0],[1,0,0],[0,1,0],[10,71,148]]
[[0,0,0],[1,0,0],[0,1,0],[54,35,148]]
[[0,0,0],[1,0,0],[0,1,0],[26,49,148]]
[[0,0,0],[1,0,0],[0,1,0],[46,41,148]]
[[0,0,0],[1,0,0],[0,1,0],[18,75,148]]
[[0,0,0],[1,0,0],[0,1,0],[2,31,148]]
[[0,0,0],[1,0,0],[0,2,0],[31,22,74]]
[[0,0,0],[1,0,0],[0,1,0],[9,35,148]]
[[0,0,0],[1,0,0],[0,1,0],[42,91,148]]
[[0,0,0],[1,0,0],[0,1,0],[20,9,148]]
[[0,0,0],[1,0,0],[0,1,0],[10,3,148]]
[[0,0,0],[1,0,0],[1,2,0],[7,18,74]]
[[0,0,0],[1,0,0],[0,1,0],[6,109,148]]
[[0,0,0],[1,0,0],[0,1,0],[22,77,148]]
[[0,0,0],[1,0,0],[0,1,0],[2,141,148]]
[[0,0,0],[1,0,0],[0,1,0],[12,57,148]]
[[0,0,0],[1,0,0],[0,1,0],[13,13,148]]
[[0,0,0],[1,0,0],[0,1,0],[82,133,148]]
[[0,0,0],[1,0,0],[0,1,0],[26,75,148]]
[[0,0,0],[1,0,0],[0,1,0],[134,47,148]]
[[0,0,0],[1,0,0],[1,2,0],[7,36,74]]
[[0,0,0],[1,0,0],[1,2,0],[45,34,74]]
[[0,0,0],[1,0,0],[0,1,0],[82,73,148]]
[[0,0,0],[1,0,0],[0,1,0],[72,113,148]]
[[0,0,0],[1,0,0],[0,1,0],[78,129,148]]
[[0,0,0],[1,0,0],[0,1,0],[22,59,148]]
[[0,0,0],[1,0,0],[0,1,0],[22,107,148]]
[[0,0,0],[1,0,0],[1,2,0],[29,64,74]]
[[0,0,0],[1,0,0],[0,1,0],[26,39,148]]
[[0,0,0],[1,0,0],[0,1,0],[23,45,148]]
[[0,0,0],[1,0,0],[0,1,0],[50,19,148]]
[[0,0,0],[1,0,0],[0,1,0],[10,55,148]]
[[0,0,0],[1,0,0],[0,1,0],[70,101,148]]
[[0,0,0],[1,0,0],[0,1,0],[10,39,148]]
[[0,0,0],[1,0,0],[0,1,0],[12,137,148]]
[[0,0,0],[1,0,0],[0,1,0],[7,49,148]]
[[0,0,0],[1,0,0],[0,1,0],[12,63,148]]
[[0,0,0],[1,0,0],[1,2,0],[9,44,74]]
[[0,0,0],[1,0,0],[0,1,0],[21,53,148]]
[[0,0,0],[1,0,0],[0,1,0],[26,79,148]]
[[0,0,0],[1,0,0],[0,1,0],[140,46,148]]
[[0,0,0],[1,0,0],[0,1,0],[40,129,148]]
[[0,0,0],[1,0,0],[0,2,0],[11,14,74]]
[[0,0,0],[1,0,0],[0,2,0],[19,12,74]]
[[0,0,0],[1,0,0],[1,2,0],[1,12,74]]
[[0,0,0],[1,0,0],[1,2,0],[25,14,74]]
[[0,0,0],[1,0,0],[0,1,0],[44,33,148]]
[[0,0,0],[1,0,0],[0,1,0],[64,145,148]]
[[0,0,0],[1,0,0],[1,2,0],[11,10,74]]
[[0,0,0],[1,0,0],[0,1,0],[14,105,148]]
[[0,0,0],[1,0,0],[0,1,0],[31,43,148]]
[[0,0,0],[1,0,0],[0,1,0],[7,105,148]]
[[0,0,0],[1,0,0],[0,1,0],[21,133,148]]
[[0,0,0],[1,0,0],[0,1,0],[34,3,148]]
[[0,0,0],[1,0,0],[0,1,0],[80,73,148]]
[[0,0,0],[1,0,0],[1,2,0],[17,16,74]]
[[0,0,0],[1,0,0],[0,1,0],[19,131,148]]
[[0,0,0],[1,0,0],[0,1,0],[14,101,148]]
[[0,0,0],[1,0,0],[0,2,0],[60,30,74]]
[[0,0,0],[1,0,0],[0,1,0],[54,97,148]]
[[0,0,0],[1,0,0],[0,1,0],[90,147,148]]
[[0,0,0],[1,0,0],[0,2,0],[21,54,74]]
[[0,0,0],[1,0,0],[0,2,0],[12,52,74]]
[[0,0,0],[1,0,0],[0,1,0],[5,145,148]]
[[0,0,0],[1,0,0],[0,1,0],[42,83,148]]
[[0,0,0],[1,0,0],[0,1,0],[90,47,148]]
[[0,0,0],[1,0,0],[0,1,0],[48,45,148]]
[[0,0,0],[1,0,0],[0,1,0],[44,17,148]]
[[0,0,0],[1,0,0],[0,1,0],[2,59,148]]
[[0,0,0],[1,0,0],[0,1,0],[14,107,148]]
[[0,0,0],[1,0,0],[0,1,0],[5,17,148]]
[[0,0,0],[1,0,0],[0,1,0],[2,29,148]]
[[0,0,0],[1,0,0],[0,1,0],[98,7,148]]
[[0,0,0],[1,0,0],[0,1,0],[48,113,148]]
[[0,0,0],[1,0,0],[0,1,0],[38,147,148]]
[[0,0,0],[1,0,0],[0,1,0],[19,139,148]]
[[0,0,0],[1,0,0],[0,2,0],[3,32,74]]
[[0,0,0],[1,0,0],[0,1,0],[14,11,148]]
[[0,0,0],[1,0,0],[0,1,0],[10,103,148]]
[[0,0,0],[1,0,0],[0,1,0],[78,91,148]]
[[0,0,0],[1,0,0],[0,1,0],[24,73,148]]
[[0,0,0],[1,0,0],[0,1,0],[130,139,148]]
[[0,0,0],[1,0,0],[0,1,0],[26,73,148]]
[[0,0,0],[1,0,0],[0,1,0],[24,101,148]]
[[0,0,0],[1,0,0],[0,1,0],[58,131,148]]
[[0,0,0],[1,0,0],[0,1,0],[78,123,148]]
[[0,0,0],[1,0,0],[0,1,0],[16,117,148]]
[[0,0,0],[1,0,0],[0,2,0],[35,28,74]]
[[0,0,0],[1,0,0],[0,1,0],[78,103,148]]
[[0,0,0],[1,0,0],[1,2,0],[5,24,74]]
[[0,0,0],[1,0,0],[0,1,0],[12,89,148]]
[[0,0,0],[1,0,0],[0,2,0],[3,34,74]]
[[0,0,0],[1,0,0],[0,1,0],[70,1,148]]
[[0,0,0],[1,0,0],[0,1,0],[18,43,148]]
[[0,0,0],[1,0,0],[0,1,0],[25,87,148]]
[[0,0,0],[1,0,0],[0,1,0],[62,131,148]]
[[0,0,0],[1,0,0],[0,1,0],[45,105,148]]
[[0,0,0],[1,0,0],[0,1,0],[118,142,148]]
[[0,0,0],[1,0,0],[0,1,0],[24,53,148]]
[[0,0,0],[1,0,0],[0,2,0],[23,42,74]]
[[0,0,0],[1,0,0],[1,2,0],[9,4,74]]
[[0,0,0],[1,0,0],[0,1,0],[51,135,148]]
[[0,0,0],[1,0,0],[0,1,0],[82,147,148]]
[[0,0,0],[1,0,0],[0,2,0],[21,34,74]]
[[0,0,0],[1,0,0],[0,1,0],[54,23,148]]
[[0,0,0],[1,0,0],[0,1,0],[26,21,148]]
[[0,0,0],[1,0,0],[0,1,0],[5,51,148]]
[[0,0,0],[1,0,0],[0,1,0],[58,113,148]]
[[0,0,0],[1,0,0],[0,2,0],[5,24,74]]
[[0,0,0],[1,0,0],[0,1,0],[37,38,148]]
[[0,0,0],[1,0,0],[0,1,0],[60,126,148]]
[[0,0,0],[1,0,0],[0,1,0],[16,97,148]]
[[0,0,0],[1,0,0],[0,1,0],[34,119,148]]
[[0,0,0],[1,0,0],[0,1,0],[17,55,148]]
[[0,0,0],[1,0,0],[0,1,0],[14,35,148]]
[[0,0,0],[1,0,0],[0,1,0],[38,7,148]]
[[0,0,0],[1,0,0],[0,1,0],[4,85,148]]
[[0,0,0],[1,0,0],[0,1,0],[22,90,148]]
[[0,0,0],[1,0,0],[1,2,0],[17,36,74]]
[[0,0,0],[1,0,0],[0,1,0],[28,77,148]]
[[0,0,0],[1,0,0],[0,1,0],[54,58,148]]
[[0,0,0],[1,0,0],[0,1,0],[98,55,148]]
[[0,0,0],[1,0,0],[0,1,0],[38,135,148]]
[[0,0,0],[1,0,0],[0,1,0],[8,25,148]]
[[0,0,0],[1,0,0],[0,2,0],[3,20,74]]
[[0,0,0],[1,0,0],[0,1,0],[98,103,148]]
[[0,0,0],[1,0,0],[0,1,0],[20,5,148]]
[[0,0,0],[1,0,0],[0,1,0],[44,129,148]]
[[0,0,0],[1,0,0],[0,1,0],[4,57,148]]
[[0,0,0],[1,0,0],[0,1,0],[36,141,148]]
[[0,0,0],[1,0,0],[0,1,0],[7,61,148]]
[[0,0,0],[1,0,0],[0,1,0],[102,95,148]]
[[0,0,0],[1,0,0],[0,1,0],[22,67,148]]
[[0,0,0],[1,0,0],[0,1,0],[84,139,148]]
[[0,0,0],[1,0,0],[0,1,0],[32,137,148]]
[[0,0,0],[1,0,0],[0,1,0],[17,135,148]]
[[0,0,0],[1,0,0],[1,2,0],[19,18,74]]
[[0,0,0],[1,0,0],[0,1,0],[56,113,148]]
[[0,0,0],[1,0,0],[0,2,0],[21,46,74]]
[[0,0,0],[1,0,0],[0,1,0],[10,125,148]]
[[0,0,0],[1,0,0],[1,2,0],[19,52,74]]
[[0,0,0],[1,0,0],[0,1,0],[34,78,148]]
[[0,0,0],[1,0,0],[0,1,0],[34,5,148]]
[[0,0,0],[1,0,0],[0,1,0],[18,77,148]]
[[0,0,0],[1,0,0],[0,1,0],[12,109,148]]
[[0,0,0],[1,0,0],[0,1,0],[26,87,148]]
[[0,0,0],[1,0,0],[0,1,0],[3,27,148]]
[[0,0,0],[1,0,0],[0,1,0],[52,5,148]]
[[0,0,0],[1,0,0],[0,1,0],[7,19,148]]
[[0,0,0],[1,0,0],[0,1,0],[26,129,148]]
[[0,0,0],[1,0,0],[1,2,0],[45,44,74]]
[[0,0,0],[1,0,0],[0,1,0],[26,71,148]]
[[0,0,0],[1,0,0],[0,1,0],[58,13,148]]
[[0,0,0],[1,0,0],[0,1,0],[20,109,148]]
[[0,0,0],[1,0,0],[0,1,0],[111,75,148]]
[[0,0,0],[1,0,0],[0,1,0],[98,147,148]]
[[0,0,0],[1,0,0],[0,1,0],[26,13,148]]
[[0,0,0],[1,0,0],[1,2,0],[23,48,74]]
[[0,0,0],[1,0,0],[0,1,0],[34,73,148]]
[[0,0,0],[1,0,0],[0,1,0],[86,39,148]]
[[0,0,0],[1,0,0],[0,1,0],[30,75,148]]
[[0,0,0],[1,0,0],[0,2,0],[35,8,74]]
[[0,0,0],[1,0,0],[0,2,0],[35,24,74]]
[[0,0,0],[1,0,0],[0,1,0],[9,63,148]]
[[0,0,0],[1,0,0],[0,1,0],[14,3,148]]
[[0,0,0],[1,0,0],[0,1,0],[67,113,148]]
[[0,0,0],[1,0,0],[1,2,0],[5,2,74]]
[[0,0,0],[1,0,0],[0,1,0],[50,47,148]]
[[0,0,0],[1,0,0],[0,2,0],[23,52,74]]
[[0,0,0],[1,0,0],[0,2,0],[5,70,74]]
[[0,0,0],[1,0,0],[0,1,0],[30,67,148]]
[[0,0,0],[1,0,0],[1,2,0],[19,16,74]]
[[0,0,0],[1,0,0],[0,1,0],[70,81,148]]
[[0,0,0],[1,0,0],[0,2,0],[7,2,74]]
[[0,0,0],[1,0,0],[0,1,0],[96,61,148]]
[[0,0,0],[1,0,0],[1,2,0],[5,18,74]]
[[0,0,0],[1,0,0],[0,1,0],[78,67,148]]
[[0,0,0],[1,0,0],[0,1,0],[82,79,148]]
[[0,0,0],[1,0,0],[1,2,0],[17,8,74]]
[[0,0,0],[1,0,0],[0,1,0],[70,71,148]]
[[0,0,0],[1,0,0],[1,2,0],[21,58,74]]
[[0,0,0],[1,0,0],[0,1,0],[22,85,148]]
[[0,0,0],[1,0,0],[0,1,0],[5,63,148]]
[[0,0,0],[1,0,0],[0,1,0],[14,61,148]]
[[0,0,0],[1,0,0],[0,1,0],[14,115,148]]
[[0,0,0],[1,0,0],[0,1,0],[11,21,148]]
[[0,0,0],[1,0,0],[0,1,0],[22,1,148]]
[[0,0,0],[1,0,0],[0,1,0],[32,125,148]]
[[0,0,0],[1,0,0],[0,1,0],[5,57,148]]
[[0,0,0],[1,0,0],[0,1,0],[3,109,148]]
[[0,0,0],[1,0,0],[0,1,0],[76,133,148]]
[[0,0,0],[1,0,0],[0,1,0],[22,15,148]]
[[0,0,0],[1,0,0],[0,1,0],[34,139,148]]
[[0,0,0],[1,0,0],[0,1,0],[1,31,148]]
[[0,0,0],[1,0,0],[1,2,0],[5,30,74]]
[[0,0,0],[1,0,0],[0,1,0],[26,17,148]]
[[0,0,0],[1,0,0],[0,1,0],[130,147,148]]
[[0,0,0],[1,0,0],[0,1,0],[12,25,148]]
[[0,0,0],[1,0,0],[0,1,0],[32,43,148]]
[[0,0,0],[1,0,0],[0,1,0],[98,123,148]]
[[0,0,0],[1,0,0],[0,1,0],[16,13,148]]
[[0,0,0],[1,0,0],[0,1,0],[66,107,148]]
[[0,0,0],[1,0,0],[0,1,0],[32,77,148]]
[[0,0,0],[1,0,0],[0,2,0],[17,14,74]]
[[0,0,0],[1,0,0],[0,2,0],[13,50,74]]
[[0,0,0],[1,0,0],[0,1,0],[17,59,148]]
[[0,0,0],[1,0,0],[0,2,0],[17,2,74]]
[[0,0,0],[1,0,0],[0,2,0],[1,14,74]]
[[0,0,0],[1,0,0],[0,1,0],[10,79,148]]
[[0,0,0],[1,0,0],[0,2,0],[21,16,74]]
[[0,0,0],[1,0,0],[0,1,0],[102,3,148]]
[[0,0,0],[1,0,0],[0,1,0],[7,55,148]]
[[0,0,0],[1,0,0],[0,1,0],[38,19,148]]
[[0,0,0],[1,0,0],[1,2,0],[41,40,74]]
[[0,0,0],[1,0,0],[0,1,0],[14,5,148]]
[[0,0,0],[1,0,0],[0,1,0],[2,105,148]]
[[0,0,0],[1,0,0],[0,1,0],[114,67,148]]
[[0,0,0],[1,0,0],[0,1,0],[31,133,148]]
[[0,0,0],[1,0,0],[0,1,0],[15,65,148]]
[[0,0,0],[1,0,0],[0,2,0],[1,8,74]]
[[0,0,0],[1,0,0],[0,1,0],[20,92,148]]
[[0,0,0],[1,0,0],[0,2,0],[19,42,74]]
[[0,0,0],[1,0,0],[0,1,0],[30,81,148]]
[[0,0,0],[1,0,0],[0,1,0],[24,69,148]]
[[0,0,0],[1,0,0],[0,1,0],[14,21,148]]
[[0,0,0],[1,0,0],[0,1,0],[31,81,148]]
[[0,0,0],[1,0,0],[0,1,0],[104,81,148]]
[[0,0,0],[1,0,0],[1,2,0],[9,6,74]]
[[0,0,0],[1,0,0],[0,1,0],[4,141,148]]
[[0,0,0],[1,0,0],[0,1,0],[84,105,148]]
[[0,0,0],[1,0,0],[0,1,0],[6,115,148]]
[[0,0,0],[1,0,0],[0,1,0],[90,3,148]]
[[0,0,0],[1,0,0],[0,1,0],[2,67,148]]
[[0,0,0],[1,0,0],[0,1,0],[9,9,148]]
[[0,0,0],[1,0,0],[0,1,0],[114,135,148]]
[[0,0,0],[1,0,0],[1,2,0],[11,42,74]]
[[0,0,0],[1,0,0],[0,1,0],[38,83,148]]
[[0,0,0],[1,0,0],[0,1,0],[38,35,148]]
[[0,0,0],[1,0,0],[0,1,0],[20,81,148]]
[[0,0,0],[1,0,0],[0,1,0],[94,129,148]]
[[0,0,0],[1,0,0],[0,1,0],[48,137,148]]
[[0,0,0],[1,0,0],[0,1,0],[30,89,148]]
[[0,0,0],[1,0,0],[0,2,0],[31,32,74]]
[[0,0,0],[1,0,0],[0,1,0],[20,77,148]]
[[0,0,0],[1,0,0],[0,1,0],[26,23,148]]
[[0,0,0],[1,0,0],[0,1,0],[13,17,148]]
[[0,0,0],[1,0,0],[0,1,0],[14,19,148]]
[[0,0,0],[1,0,0],[0,2,0],[17,46,74]]
[[0,0,0],[1,0,0],[0,1,0],[38,107,148]]
[[0,0,0],[1,0,0],[1,2,0],[23,22,74]]
[[0,0,0],[1,0,0],[0,1,0],[46,31,148]]
[[0,0,0],[1,0,0],[0,1,0],[96,90,148]]
[[0,0,0],[1,0,0],[0,1,0],[58,115,148]]
[[0,0,0],[1,0,0],[0,2,0],[3,12,74]]
[[0,0,0],[1,0,0],[0,1,0],[82,71,148]]
[[0,0,0],[1,0,0],[0,1,0],[26,143,148]]
[[0,0,0],[1,0,0],[1,2,0],[31,10,74]]
[[0,0,0],[1,0,0],[0,1,0],[32,53,148]]
[[0,0,0],[1,0,0],[0,1,0],[13,25,148]]
[[0,0,0],[1,0,0],[0,1,0],[25,31,148]]
[[0,0,0],[1,0,0],[0,1,0],[40,141,148]]
[[0,0,0],[1,0,0],[0,1,0],[10,15,148]]
[[0,0,0],[1,0,0],[0,1,0],[98,101,148]]
[[0,0,0],[1,0,0],[0,1,0],[10,135,148]]
[[0,0,0],[1,0,0],[1,2,0],[9,38,74]]
[[0,0,0],[1,0,0],[1,2,0],[43,42,74]]
[[0,0,0],[1,0,0],[0,2,0],[17,58,74]]
[[0,0,0],[1,0,0],[0,1,0],[3,3,148]]
[[0,0,0],[1,0,0],[0,1,0],[82,83,148]]
[[0,0,0],[1,0,0],[1,2,0],[71,70,74]]
[[0,0,0],[1,0,0],[0,1,0],[18,15,148]]
[[0,0,0],[1,0,0],[0,1,0],[30,95,148]]
[[0,0,0],[1,0,0],[0,1,0],[44,53,148]]
[[0,0,0],[1,0,0],[0,1,0],[58,39,148]]
[[0,0,0],[1,0,0],[0,1,0],[4,1,148]]
[[0,0,0],[1,0,0],[0,1,0],[44,68,148]]
[[0,0,0],[1,0,0],[0,2,0],[9,62,74]]
[[0,0,0],[1,0,0],[1,2,0],[27,10,74]]
[[0,0,0],[1,0,0],[0,1,0],[10,91,148]]
[[0,0,0],[1,0,0],[0,1,0],[44,1,148]]
[[0,0,0],[1,0,0],[0,1,0],[32,121,148]]
[[0,0,0],[1,0,0],[0,1,0],[1,53,148]]
[[0,0,0],[1,0,0],[0,1,0],[98,65,148]]
[[0,0,0],[1,0,0],[0,2,0],[35,38,74]]
[[0,0,0],[1,0,0],[0,1,0],[13,49,148]]
[[0,0,0],[1,0,0],[0,1,0],[6,55,148]]
[[0,0,0],[1,0,0],[0,1,0],[52,134,148]]
[[0,0,0],[1,0,0],[0,1,0],[68,1,148]]
[[0,0,0],[1,0,0],[0,1,0],[42,59,148]]
[[0,0,0],[1,0,0],[0,1,0],[98,63,148]]
[[0,0,0],[1,0,0],[0,1,0],[26,131,148]]
[[0,0,0],[1,0,0],[0,1,0],[130,130,148]]
[[0,0,0],[1,0,0],[1,2,0],[11,4,74]]
[[0,0,0],[1,0,0],[0,1,0],[2,127,148]]
[[0,0,0],[1,0,0],[1,2,0],[29,66,74]]
[[0,0,0],[1,0,0],[0,1,0],[50,99,148]]
[[0,0,0],[1,0,0],[0,1,0],[22,123,148]]
[[0,0,0],[1,0,0],[0,1,0],[10,45,148]]
[[0,0,0],[1,0,0],[0,1,0],[62,75,148]]
[[0,0,0],[1,0,0],[0,1,0],[88,98,148]]
[[0,0,0],[1,0,0],[0,1,0],[104,73,148]]
[[0,0,0],[1,0,0],[0,1,0],[6,97,148]]
[[0,0,0],[1,0,0],[0,1,0],[50,87,148]]
[[0,0,0],[1,0,0],[0,1,0],[12,113,148]]
[[0,0,0],[1,0,0],[0,1,0],[70,145,148]]
[[0,0,0],[1,0,0],[0,1,0],[106,55,148]]
[[0,0,0],[1,0,0],[0,1,0],[118,143,148]]
[[0,0,0],[1,0,0],[1,2,0],[5,12,74]]
[[0,0,0],[1,0,0],[0,2,0],[3,2,74]]
[[0,0,0],[1,0,0],[0,2,0],[1,20,74]]
[[0,0,0],[1,0,0],[0,1,0],[16,77,148]]
[[0,0,0],[1,0,0],[0,1,0],[110,113,148]]
[[0,0,0],[1,0,0],[0,2,0],[7,12,74]]
[[0,0,0],[1,0,0],[1,2,0],[13,12,74]]
[[0,0,0],[1,0,0],[0,1,0],[2,109,148]]
[[0,0,0],[1,0,0],[0,1,0],[20,1,148]]
[[0,0,0],[1,0,0],[0,1,0],[78,143,148]]
[[0,0,0],[1,0,0],[0,1,0],[25,133,148]]
[[0,0,0],[1,0,0],[0,1,0],[54,99,148]]
[[0,0,0],[1,0,0],[0,1,0],[1,23,148]]
[[0,0,0],[1,0,0],[1,2,0],[3,30,74]]
[[0,0,0],[1,0,0],[0,1,0],[18,89,148]]
[[0,0,0],[1,0,0],[0,1,0],[22,133,148]]
[[0,0,0],[1,0,0],[0,1,0],[70,27,148]]
[[0,0,0],[1,0,0],[1,2,0],[19,40,74]]
[[0,0,0],[1,0,0],[0,1,0],[14,87,148]]
[[0,0,0],[1,0,0],[1,2,0],[51,42,74]]
[[0,0,0],[1,0,0],[0,1,0],[46,15,148]]
[[0,0,0],[1,0,0],[1,2,0],[35,2,74]]
[[0,0,0],[1,0,0],[0,1,0],[58,63,148]]
[[0,0,0],[1,0,0],[0,1,0],[126,95,148]]
[[0,0,0],[1,0,0],[0,1,0],[5,31,148]]
[[0,0,0],[1,0,0],[0,2,0],[23,30,74]]
[[0,0,0],[1,0,0],[0,1,0],[60,5,148]]
[[0,0,0],[1,0,0],[1,2,0],[15,4,74]]
[[0,0,0],[1,0,0],[0,1,0],[30,83,148]]
[[0,0,0],[1,0,0],[0,1,0],[120,140,148]]
[[0,0,0],[1,0,0],[0,1,0],[13,23,148]]
[[0,0,0],[1,0,0],[1,2,0],[15,40,74]]
[[0,0,0],[1,0,0],[0,2,0],[7,30,74]]
[[0,0,0],[1,0,0],[0,2,0],[41,68,74]]
[[0,0,0],[1,0,0],[0,1,0],[3,15,148]]
[[0,0,0],[1,0,0],[0,1,0],[14,31,148]]
[[0,0,0],[1,0,0],[0,1,0],[6,99,148]]
[[0,0,0],[1,0,0],[0,2,0],[59,16,74]]
[[0,0,0],[1,0,0],[0,1,0],[36,73,148]]
[[0,0,0],[1,0,0],[0,1,0],[18,73,148]]
[[0,0,0],[1,0,0],[0,1,0],[30,125,148]]
[[0,0,0],[1,0,0],[0,1,0],[10,107,148]]
[[0,0,0],[1,0,0],[0,1,0],[50,121,148]]
[[0,0,0],[1,0,0],[0,1,0],[17,51,148]]
[[0,0,0],[1,0,0],[0,1,0],[58,93,148]]
[[0,0,0],[1,0,0],[1,2,0],[29,22,74]]
[[0,0,0],[1,0,0],[0,1,0],[34,51,148]]
[[0,0,0],[1,0,0],[0,1,0],[22,25,148]]
[[0,0,0],[1,0,0],[0,1,0],[36,49,148]]
[[0,0,0],[1,0,0],[0,2,0],[7,66,74]]
[[0,0,0],[1,0,0],[0,1,0],[146,147,148]]
[[0,0,0],[1,0,0],[0,1,0],[30,11,148]]
[[0,0,0],[1,0,0],[0,1,0],[12,77,148]]
[[0,0,0],[1,0,0],[0,1,0],[10,1,148]]
[[0,0,0],[1,0,0],[0,1,0],[8,141,148]]
[[0,0,0],[1,0,0],[0,1,0],[78,141,148]]
[[0,0,0],[1,0,0],[0,1,0],[94,15,148]]
[[0,0,0],[1,0,0],[0,1,0],[50,91,148]]
[[0,0,0],[1,0,0],[0,1,0],[6,45,148]]
[[0,0,0],[1,0,0],[1,2,0],[15,2,74]]
[[0,0,0],[1,0,0],[0,1,0],[66,139,148]]
[[0,0,0],[1,0,0],[0,1,0],[80,137,148]]
[[0,0,0],[1,0,0],[0,1,0],[9,23,148]]
[[0,0,0],[1,0,0],[0,1,0],[4,97,148]]
[[0,0,0],[1,0,0],[0,1,0],[58,27,148]]
[[0,0,0],[1,0,0],[0,1,0],[80,106,148]]
[[0,0,0],[1,0,0],[0,1,0],[22,47,148]]
[[0,0,0],[1,0,0],[0,2,0],[41,2,74]]
[[0,0,0],[1,0,0],[0,1,0],[8,133,148]]
[[0,0,0],[1,0,0],[0,1,0],[20,93,148]]
[[0,0,0],[1,0,0],[0,1,0],[30,82,148]]
[[0,0,0],[1,0,0],[0,1,0],[122,19,148]]
[[0,0,0],[1,0,0],[0,1,0],[10,93,148]]
[[0,0,0],[1,0,0],[0,1,0],[70,19,148]]
[[0,0,0],[1,0,0],[1,2,0],[31,20,74]]
[[0,0,0],[1,0,0],[0,1,0],[2,51,148]]
[[0,0,0],[1,0,0],[0,1,0],[46,117,148]]
[[0,0,0],[1,0,0],[0,1,0],[7,11,148]]
[[0,0,0],[1,0,0],[0,1,0],[14,55,148]]
[[0,0,0],[1,0,0],[0,1,0],[50,109,148]]
[[0,0,0],[1,0,0],[0,1,0],[4,71,148]]
[[0,0,0],[1,0,0],[0,1,0],[54,91,148]]
[[0,0,0],[1,0,0],[0,1,0],[94,55,148]]
[[0,0,0],[1,0,0],[0,1,0],[110,99,148]]
[[0,0,0],[1,0,0],[1,2,0],[33,30,74]]
[[0,0,0],[1,0,0],[0,1,0],[1,3,148]]
[[0,0,0],[1,0,0],[0,1,0],[34,1,148]]
[[0,0,0],[1,0,0],[0,1,0],[2,87,148]]
[[0,0,0],[1,0,0],[0,2,0],[13,54,74]]
[[0,0,0],[1,0,0],[0,2,0],[7,26,74]]
[[0,0,0],[1,0,0],[0,1,0],[34,13,148]]
[[0,0,0],[2,0,0],[0,1,0],[0,1,74]]
[[0,0,0],[2,0,0],[0,1,0],[37,1,74]]
[[0,0,0],[1,0,0],[0,1,0],[2,135,148]]
[[0,0,0],[1,0,0],[0,1,0],[4,133,148]]
[[0,0,0],[1,0,0],[0,2,0],[5,18,74]]
[[0,0,0],[1,0,0],[0,1,0],[9,47,148]]
[[0,0,0],[1,0,0],[1,2,0],[23,56,74]]
[[0,0,0],[1,0,0],[1,2,0],[9,24,74]]
[[0,0,0],[1,0,0],[0,1,0],[23,23,148]]
[[0,0,0],[1,0,0],[0,1,0],[22,71,148]]
[[0,0,0],[1,0,0],[0,1,0],[2,123,148]]
[[0,0,0],[1,0,0],[0,1,0],[26,97,148]]
[[0,0,0],[1,0,0],[0,2,0],[13,56,74]]
[[0,0,0],[1,0,0],[1,2,0],[3,26,74]]
[[0,0,0],[1,0,0],[0,1,0],[38,71,148]]
[[0,0,0],[1,0,0],[0,2,0],[45,30,74]]
[[0,0,0],[1,0,0],[0,2,0],[31,20,74]]
[[0,0,0],[1,0,0],[0,1,0],[12,45,148]]
[[0,0,0],[1,0,0],[0,1,0],[10,53,148]]
[[0,0,0],[1,0,0],[1,2,0],[11,2,74]]
[[0,0,0],[1,0,0],[0,1,0],[90,81,148]]
[[0,0,0],[1,0,0],[0,1,0],[30,73,148]]
[[0,0,0],[1,0,0],[0,1,0],[29,129,148]]
[[0,0,0],[1,0,0],[0,1,0],[9,45,148]]
[[0,0,0],[1,0,0],[0,1,0],[9,65,148]]
[[0,0,0],[1,0,0],[0,1,0],[6,127,148]]
[[0,0,0],[1,0,0],[0,1,0],[9,29,148]]
[[0,0,0],[1,0,0],[0,1,0],[62,1,148]]
[[0,0,0],[1,0,0],[0,1,0],[2,110,148]]
[[0,0,0],[1,0,0],[0,1,0],[20,137,148]]
[[0,0,0],[1,0,0],[1,2,0],[21,56,74]]
[[0,0,0],[1,0,0],[0,1,0],[70,51,148]]
[[0,0,0],[1,0,0],[0,1,0],[4,145,148]]
[[0,0,0],[1,0,0],[0,1,0],[2,55,148]]
[[0,0,0],[1,0,0],[0,1,0],[70,125,148]]
[[0,0,0],[1,0,0],[0,2,0],[11,64,74]]
[[0,0,0],[1,0,0],[0,2,0],[7,28,74]]
[[0,0,0],[1,0,0],[1,2,0],[5,40,74]]
[[0,0,0],[1,0,0],[0,1,0],[6,67,148]]
[[0,0,0],[1,0,0],[0,1,0],[6,106,148]]
[[0,0,0],[1,0,0],[0,1,0],[10,19,148]]
[[0,0,0],[1,0,0],[1,2,0],[5,26,74]]
[[0,0,0],[1,0,0],[0,2,0],[5,68,74]]
[[0,0,0],[1,0,0],[0,2,0],[13,16,74]]
[[0,0,0],[1,0,0],[0,1,0],[2,65,148]]
[[0,0,0],[1,0,0],[0,1,0],[30,99,148]]
[[0,0,0],[1,0,0],[0,1,0],[58,35,148]]
[[0,0,0],[1,0,0],[0,1,0],[10,99,148]]
[[0,0,0],[1,0,0],[0,2,0],[50,50,74]]
[[0,0,0],[1,0,0],[0,1,0],[10,83,148]]
[[0,0,0],[1,0,0],[0,2,0],[5,2,74]]
[[0,0,0],[1,0,0],[0,1,0],[5,25,148]]
[[0,0,0],[1,0,0],[0,1,0],[48,53,148]]
[[0,0,0],[1,0,0],[1,2,0],[19,54,74]]
[[0,0,0],[1,0,0],[0,1,0],[23,31,148]]
[[0,0,0],[1,0,0],[0,1,0],[30,51,148]]
[[0,0,0],[1,0,0],[0,1,0],[28,33,148]]
[[0,0,0],[1,0,0],[0,1,0],[34,17,148]]
[[0,0,0],[1,0,0],[0,1,0],[36,39,148]]
[[0,0,0],[1,0,0],[0,1,0],[56,21,148]]
[[0,0,0],[1,0,0],[0,1,0],[4,81,148]]
[[0,0,0],[1,0,0],[0,1,0],[6,33,148]]
[[0,0,0],[1,0,0],[0,1,0],[26,3,148]]
[[0,0,0],[1,0,0],[0,2,0],[9,24,74]]
[[0,0,0],[1,0,0],[0,1,0],[30,1,148]]
[[0,0,0],[1,0,0],[0,1,0],[48,29,148]]
[[0,0,0],[1,0,0],[0,1,0],[15,23,148]]
[[0,0,0],[1,0,0],[0,1,0],[10,145,148]]
[[0,0,0],[1,0,0],[0,1,0],[28,69,148]]
[[0,0,0],[1,0,0],[0,1,0],[86,51,148]]
[[0,0,0],[1,0,0],[1,2,0],[7,44,74]]
[[0,0,0],[1,0,0],[1,2,0],[23,8,74]]
[[0,0,0],[1,0,0],[0,1,0],[22,145,148]]
[[0,0,0],[1,0,0],[0,2,0],[5,6,74]]
[[0,0,0],[1,0,0],[1,2,0],[5,32,74]]
[[0,0,0],[1,0,0],[0,1,0],[66,51,148]]
[[0,0,0],[1,0,0],[0,1,0],[13,21,148]]
[[0,0,0],[1,0,0],[0,2,0],[8,60,74]]
[[0,0,0],[1,0,0],[0,1,0],[72,77,148]]
[[0,0,0],[1,0,0],[0,1,0],[78,11,148]]
[[0,0,0],[1,0,0],[0,2,0],[73,4,74]]
[[0,0,0],[1,0,0],[0,1,0],[11,65,148]]
[[0,0,0],[1,0,0],[0,1,0],[92,131,148]]
[[0,0,0],[1,0,0],[0,2,0],[41,22,74]]
[[0,0,0],[1,0,0],[0,1,0],[42,1,148]]
[[0,0,0],[1,0,0],[0,1,0],[5,67,148]]
[[0,0,0],[1,0,0],[0,1,0],[66,11,148]]
[[0,0,0],[1,0,0],[0,2,0],[31,14,74]]
[[0,0,0],[1,0,0],[1,2,0],[33,2,74]]
[[0,0,0],[1,0,0],[0,1,0],[66,91,148]]
[[0,0,0],[1,0,0],[0,1,0],[60,101,148]]
[[0,0,0],[1,0,0],[0,1,0],[15,51,148]]
[[0,0,0],[1,0,0],[0,2,0],[23,46,74]]
[[0,0,0],[1,0,0],[0,1,0],[9,11,148]]
[[0,0,0],[1,0,0],[0,1,0],[13,51,148]]
[[0,0,0],[1,0,0],[0,1,0],[4,69,148]]
[[0,0,0],[1,0,0],[0,1,0],[24,85,148]]
[[0,0,0],[1,0,0],[0,1,0],[78,23,148]]
[[0,0,0],[1,0,0],[0,1,0],[3,67,148]]
[[0,0,0],[1,0,0],[0,1,0],[25,49,148]]
[[0,0,0],[1,0,0],[0,2,0],[19,54,74]]
[[0,0,0],[1,0,0],[0,1,0],[18,97,148]]
[[0,0,0],[1,0,0],[0,1,0],[96,73,148]]
[[0,0,0],[1,0,0],[0,1,0],[2,15,148]]
[[0,0,0],[1,0,0],[0,2,0],[19,10,74]]
[[0,0,0],[1,0,0],[0,1,0],[30,139,148]]
[[0,0,0],[1,0,0],[0,1,0],[48,133,148]]
[[0,0,0],[1,0,0],[0,1,0],[9,57,148]]
[[0,0,0],[1,0,0],[0,1,0],[16,93,148]]
[[0,0,0],[1,0,0],[0,1,0],[1,41,148]]
[[0,0,0],[1,0,0],[0,1,0],[50,45,148]]
[[0,0,0],[1,0,0],[0,1,0],[86,55,148]]
[[0,0,0],[1,0,0],[0,1,0],[68,13,148]]
[[0,0,0],[1,0,0],[0,1,0],[62,79,148]]
[[0,0,0],[1,0,0],[0,1,0],[18,95,148]]
[[0,0,0],[1,0,0],[0,1,0],[6,95,148]]
[[0,0,0],[1,0,0],[0,1,0],[6,49,148]]
[[0,0,0],[1,0,0],[0,1,0],[2,23,148]]
[[0,0,0],[1,0,0],[0,1,0],[19,133,148]]
[[0,0,0],[1,0,0],[0,1,0],[64,1,148]]
[[0,0,0],[1,0,0],[0,1,0],[38,115,148]]
[[0,0,0],[1,0,0],[0,1,0],[10,141,148]]
[[0,0,0],[1,0,0],[0,1,0],[17,21,148]]
[[0,0,0],[1,0,0],[0,1,0],[104,82,148]]
[[0,0,0],[1,0,0],[0,1,0],[110,127,148]]
[[0,0,0],[1,0,0],[0,1,0],[26,69,148]]
[[0,0,0],[1,0,0],[1,2,0],[7,6,74]]
[[0,0,0],[1,0,0],[0,1,0],[10,59,148]]
[[0,0,0],[1,0,0],[0,1,0],[82,43,148]]
[[0,0,0],[1,0,0],[1,2,0],[15,32,74]]
[[0,0,0],[1,0,0],[0,1,0],[64,5,148]]
[[0,0,0],[1,0,0],[0,1,0],[122,119,148]]
[[0,0,0],[1,0,0],[0,1,0],[54,3,148]]
[[0,0,0],[1,0,0],[0,1,0],[10,57,148]]
[[0,0,0],[1,0,0],[0,1,0],[26,81,148]]
[[0,0,0],[1,0,0],[0,1,0],[18,29,148]]
[[0,0,0],[1,0,0],[0,1,0],[30,61,148]]
[[0,0,0],[1,0,0],[0,1,0],[98,23,148]]
[[0,0,0],[1,0,0],[0,1,0],[14,131,148]]
[[0,0,0],[1,0,0],[0,1,0],[21,35,148]]
[[0,0,0],[1,0,0],[0,1,0],[6,47,148]]
[[0,0,0],[1,0,0],[0,1,0],[46,71,148]]
[[0,0,0],[1,0,0],[0,1,0],[14,49,148]]
[[0,0,0],[1,0,0],[0,1,0],[2,33,148]]
[[0,0,0],[1,0,0],[0,1,0],[78,95,148]]
[[0,0,0],[1,0,0],[0,1,0],[50,25,148]]
[[0,0,0],[1,0,0],[0,1,0],[2,27,148]]
[[0,0,0],[1,0,0],[0,1,0],[116,33,148]]
[[0,0,0],[1,0,0],[1,2,0],[3,8,74]]
[[0,0,0],[1,0,0],[0,2,0],[11,18,74]]
[[0,0,0],[1,0,0],[0,1,0],[8,1,148]]
[[0,0,0],[1,0,0],[0,1,0],[12,85,148]]
[[0,0,0],[1,0,0],[0,1,0],[2,79,148]]
[[0,0,0],[1,0,0],[0,1,0],[40,5,148]]
[[0,0,0],[1,0,0],[0,1,0],[50,131,148]]
[[0,0,0],[1,0,0],[0,1,0],[10,129,148]]
[[0,0,0],[1,0,0],[0,2,0],[19,4,74]]
[[0,0,0],[1,0,0],[0,1,0],[38,73,148]]
[[0,0,0],[1,0,0],[1,2,0],[11,38,74]]
[[0,0,0],[1,0,0],[0,1,0],[9,59,148]]
[[0,0,0],[1,0,0],[0,1,0],[1,15,148]]
[[0,0,0],[1,0,0],[0,1,0],[66,99,148]]
[[0,0,0],[1,0,0],[0,1,0],[6,83,148]]
[[0,0,0],[1,0,0],[1,2,0],[9,42,74]]
[[0,0,0],[1,0,0],[0,1,0],[50,71,148]]
[[0,0,0],[1,0,0],[0,1,0],[48,64,148]]
[[0,0,0],[1,0,0],[0,1,0],[14,99,148]]
[[0,0,0],[1,0,0],[0,2,0],[20,36,74]]
[[0,0,0],[1,0,0],[0,1,0],[10,29,148]]
[[0,0,0],[1,0,0],[0,1,0],[47,113,148]]
[[0,0,0],[1,0,0],[0,1,0],[110,79,148]]
[[0,0,0],[1,0,0],[0,1,0],[24,125,148]]
[[0,0,0],[1,0,0],[0,1,0],[58,143,148]]
[[0,0,0],[1,0,0],[0,1,0],[18,19,148]]
[[0,0,0],[1,0,0],[0,1,0],[110,27,148]]
[[0,0,0],[1,0,0],[0,1,0],[110,73,148]]
[[0,0,0],[1,0,0],[0,1,0],[18,63,148]]
[[0,0,0],[1,0,0],[1,2,0],[55,18,74]]
[[0,0,0],[1,0,0],[0,1,0],[8,93,148]]
[[0,0,0],[1,0,0],[0,1,0],[42,35,148]]
[[0,0,0],[1,0,0],[0,2,0],[49,26,74]]
[[0,0,0],[1,0,0],[0,2,0],[47,2,74]]
[[0,0,0],[1,0,0],[0,1,0],[86,103,148]]
[[0,0,0],[1,0,0],[0,1,0],[8,105,148]]
[[0,0,0],[1,0,0],[0,1,0],[2,81,148]]
[[0,0,0],[1,0,0],[0,1,0],[10,41,148]]
[[0,0,0],[1,0,0],[0,2,0],[9,60,74]]
[[0,0,0],[1,0,0],[0,1,0],[34,11,148]]
[[0,0,0],[1,0,0],[0,1,0],[36,117,148]]
[[0,0,0],[1,0,0],[0,1,0],[28,145,148]]
[[0,0,0],[1,0,0],[0,1,0],[50,133,148]]
[[0,0,0],[1,0,0],[1,2,0],[1,2,74]]
[[0,0,0],[1,0,0],[0,1,0],[42,109,148]]
[[0,0,0],[1,0,0],[1,2,0],[49,8,74]]
[[0,0,0],[1,0,0],[0,1,0],[6,15,148]]
[[0,0,0],[1,0,0],[0,1,0],[16,113,148]]
[[0,0,0],[1,0,0],[0,1,0],[46,1,148]]
[[0,0,0],[1,0,0],[1,2,0],[7,22,74]]
[[0,0,0],[1,0,0],[0,1,0],[114,61,148]]
[[0,0,0],[1,0,0],[0,2,0],[13,20,74]]
[[0,0,0],[1,0,0],[1,2,0],[3,12,74]]
[[0,0,0],[1,0,0],[0,1,0],[1,13,148]]
[[0,0,0],[1,0,0],[1,2,0],[9,32,74]]
[[0,0,0],[1,0,0],[0,1,0],[17,49,148]]
[[0,0,0],[1,0,0],[0,1,0],[70,135,148]]
[[0,0,0],[1,0,0],[0,1,0],[54,117,148]]
[[0,0,0],[1,0,0],[0,2,0],[3,28,74]]
[[0,0,0],[1,0,0],[0,1,0],[26,127,148]]
[[0,0,0],[1,0,0],[0,1,0],[46,147,148]]
[[0,0,0],[1,0,0],[0,1,0],[114,31,148]]
[[0,0,0],[1,0,0],[0,1,0],[6,25,148]]
[[0,0,0],[1,0,0],[1,2,0],[27,62,74]]
[[0,0,0],[1,0,0],[0,2,0],[13,60,74]]
[[0,0,0],[1,0,0],[1,2,0],[11,34,74]]
[[0,0,0],[1,0,0],[1,2,0],[41,4,74]]
[[0,0,0],[1,0,0],[0,1,0],[110,43,148]]
[[0,0,0],[1,0,0],[0,1,0],[6,87,148]]
[[0,0,0],[1,0,0],[0,1,0],[66,31,148]]
[[0,0,0],[1,0,0],[0,1,0],[42,15,148]]
[[0,0,0],[1,0,0],[0,1,0],[34,117,148]]
[[0,0,0],[1,0,0],[0,1,0],[2,147,148]]
[[0,0,0],[1,0,0],[0,1,0],[46,35,148]]
[[0,0,0],[1,0,0],[0,1,0],[120,66,148]]
[[0,0,0],[1,0,0],[0,1,0],[62,11,148]]
[[0,0,0],[1,0,0],[0,1,0],[102,39,148]]
[[0,0,0],[1,0,0],[0,1,0],[26,31,148]]
[[0,0,0],[1,0,0],[0,2,0],[23,40,74]]
[[0,0,0],[1,0,0],[0,1,0],[10,81,148]]
[[0,0,0],[1,0,0],[0,1,0],[6,121,148]]
[[0,0,0],[1,0,0],[1,2,0],[23,60,74]]
[[0,0,0],[1,0,0],[0,1,0],[58,87,148]]
[[0,0,0],[1,0,0],[0,1,0],[8,57,148]]
[[0,0,0],[1,0,0],[0,1,0],[82,115,148]]
[[0,0,0],[1,0,0],[0,1,0],[22,87,148]]
[[0,0,0],[1,0,0],[0,1,0],[13,41,148]]
[[0,0,0],[1,0,0],[0,1,0],[46,11,148]]
[[0,0,0],[1,0,0],[0,1,0],[5,107,148]]
[[0,0,0],[1,0,0],[0,1,0],[7,143,148]]
[[0,0,0],[1,0,0],[0,1,0],[78,87,148]]
[[0,0,0],[1,0,0],[0,1,0],[6,23,148]]
[[0,0,0],[1,0,0],[0,1,0],[6,91,148]]
[[0,0,0],[1,0,0],[0,1,0],[31,131,148]]
[[0,0,0],[1,0,0],[0,2,0],[13,62,74]]
[[0,0,0],[1,0,0],[0,2,0],[17,44,74]]
[[0,0,0],[1,0,0],[0,1,0],[10,105,148]]
[[0,0,0],[1,0,0],[0,1,0],[3,57,148]]
[[0,0,0],[1,0,0],[0,1,0],[62,95,148]]
[[0,0,0],[1,0,0],[0,1,0],[82,27,148]]
[[0,0,0],[1,0,0],[0,2,0],[59,32,74]]
[[0,0,0],[1,0,0],[0,1,0],[26,11,148]]
[[0,0,0],[1,0,0],[0,1,0],[16,105,148]]
[[0,0,0],[1,0,0],[0,1,0],[75,87,148]]
[[0,0,0],[1,0,0],[0,1,0],[54,83,148]]
[[0,0,0],[1,0,0],[0,1,0],[2,57,148]]
[[0,0,0],[1,0,0],[0,1,0],[42,11,148]]
[[0,0,0],[1,0,0],[0,1,0],[50,107,148]]
[[0,0,0],[1,0,0],[0,2,0],[17,6,74]]
[[0,0,0],[1,0,0],[0,1,0],[26,86,148]]
[[0,0,0],[1,0,0],[0,1,0],[28,125,148]]
[[0,0,0],[1,0,0],[0,1,0],[34,23,148]]
[[0,0,0],[1,0,0],[0,1,0],[106,67,148]]
[[0,0,0],[1,0,0],[1,2,0],[11,26,74]]
[[0,0,0],[1,0,0],[0,1,0],[38,131,148]]
[[0,0,0],[1,0,0],[0,1,0],[40,113,148]]
[[0,0,0],[1,0,0],[0,1,0],[26,9,148]]
[[0,0,0],[1,0,0],[0,1,0],[142,147,148]]
[[0,0,0],[1,0,0],[0,1,0],[80,113,148]]
[[0,0,0],[1,0,0],[0,2,0],[1,10,74]]
[[0,0,0],[1,0,0],[0,1,0],[6,135,148]]
[[0,0,0],[1,0,0],[0,1,0],[42,63,148]]
[[0,0,0],[1,0,0],[0,1,0],[7,67,148]]
[[0,0,0],[1,0,0],[0,1,0],[13,19,148]]
[[0,0,0],[1,0,0],[0,1,0],[56,105,148]]
[[0,0,0],[1,0,0],[0,1,0],[4,34,148]]
[[0,0,0],[1,0,0],[0,2,0],[9,18,74]]
[[0,0,0],[1,0,0],[0,1,0],[46,47,148]]
[[0,0,0],[1,0,0],[0,1,0],[26,35,148]]
[[0,0,0],[1,0,0],[0,1,0],[9,61,148]]
[[0,0,0],[1,0,0],[0,1,0],[122,135,148]]
[[0,0,0],[1,0,0],[1,2,0],[9,34,74]]
[[0,0,0],[1,0,0],[1,2,0],[13,28,74]]
[[0,0,0],[1,0,0],[0,2,0],[7,8,74]]
[[0,0,0],[1,0,0],[0,1,0],[29,45,148]]
[[0,0,0],[1,0,0],[0,1,0],[26,29,148]]
[[0,0,0],[1,0,0],[0,1,0],[108,78,148]]
[[0,0,0],[1,0,0],[0,1,0],[5,7,148]]
[[0,0,0],[1,0,0],[0,1,0],[46,143,148]]
[[0,0,0],[1,0,0],[0,1,0],[20,41,148]]
[[0,0,0],[1,0,0],[0,1,0],[2,49,148]]
[[0,0,0],[1,0,0],[0,2,0],[9,22,74]]
[[0,0,0],[1,0,0],[0,1,0],[28,49,148]]
[[0,0,0],[1,0,0],[0,1,0],[34,49,148]]
[[0,0,0],[1,0,0],[0,1,0],[46,63,148]]
[[0,0,0],[1,0,0],[0,1,0],[7,59,148]]
[[0,0,0],[1,0,0],[0,1,0],[13,141,148]]
[[0,0,0],[1,0,0],[0,1,0],[62,121,148]]
[[0,0,0],[1,0,0],[1,2,0],[15,50,74]]
[[0,0,0],[1,0,0],[0,1,0],[42,95,148]]
[[0,0,0],[1,0,0],[0,1,0],[102,139,148]]
[[0,0,0],[1,0,0],[0,2,0],[19,16,74]]
[[0,0,0],[1,0,0],[1,2,0],[33,68,74]]
[[0,0,0],[1,0,0],[0,1,0],[15,67,148]]
[[0,0,0],[1,0,0],[0,1,0],[1,29,148]]
[[0,0,0],[1,0,0],[0,1,0],[26,77,148]]
[[0,0,0],[1,0,0],[0,1,0],[98,115,148]]
[[0,0,0],[1,0,0],[0,2,0],[37,2,74]]
[[0,0,0],[1,0,0],[0,1,0],[22,143,148]]
[[0,0,0],[1,0,0],[0,1,0],[4,65,148]]
[[0,0,0],[1,0,0],[1,2,0],[5,34,74]]
[[0,0,0],[1,0,0],[0,1,0],[30,43,148]]
[[0,0,0],[1,0,0],[0,1,0],[62,7,148]]
[[0,0,0],[1,0,0],[0,1,0],[32,69,148]]
[[0,0,0],[1,0,0],[0,1,0],[70,5,148]]
[[0,0,0],[1,0,0],[0,2,0],[1,4,74]]
[[0,0,0],[1,0,0],[0,1,0],[40,137,148]]
[[0,0,0],[1,0,0],[0,2,0],[48,54,74]]
[[0,0,0],[1,0,0],[0,1,0],[102,119,148]]
[[0,0,0],[1,0,0],[0,1,0],[54,101,148]]
[[0,0,0],[1,0,0],[0,1,0],[76,147,148]]
[[0,0,0],[1,0,0],[0,1,0],[12,33,148]]
[[0,0,0],[1,0,0],[0,1,0],[30,41,148]]
[[0,0,0],[1,0,0],[0,1,0],[42,79,148]]
[[0,0,0],[1,0,0],[0,1,0],[10,139,148]]
[[0,0,0],[1,0,0],[0,2,0],[59,2,74]]
[[0,0,0],[1,0,0],[0,1,0],[14,27,148]]
[[0,0,0],[1,0,0],[0,1,0],[10,117,148]]
[[0,0,0],[1,0,0],[0,1,0],[32,5,148]]
[[0,0,0],[1,0,0],[0,1,0],[18,27,148]]
[[0,0,0],[1,0,0],[0,1,0],[84,73,148]]
[[0,0,0],[1,0,0],[0,1,0],[132,54,148]]
[[0,0,0],[1,0,0],[1,2,0],[13,44,74]]
[[0,0,0],[1,0,0],[0,1,0],[34,95,148]]
[[0,0,0],[1,0,0],[0,1,0],[14,113,148]]
[[0,0,0],[1,0,0],[0,1,0],[50,21,148]]
[[0,0,0],[1,0,0],[1,2,0],[21,8,74]]
[[0,0,0],[1,0,0],[0,1,0],[16,22,148]]
[[0,0,0],[1,0,0],[0,2,0],[7,16,74]]
[[0,0,0],[1,0,0],[0,1,0],[6,11,148]]
[[0,0,0],[1,0,0],[0,1,0],[86,107,148]]
[[0,0,0],[1,0,0],[0,1,0],[36,2,148]]
[[0,0,0],[1,0,0],[0,1,0],[22,61,148]]
[[0,0,0],[1,0,0],[0,1,0],[38,15,148]]
[[0,0,0],[1,0,0],[0,1,0],[50,83,148]]
[[0,0,0],[1,0,0],[0,1,0],[28,21,148]]
[[0,0,0],[1,0,0],[0,2,0],[5,22,74]]
[[0,0,0],[1,0,0],[0,1,0],[84,65,148]]
[[0,0,0],[1,0,0],[1,2,0],[21,44,74]]
[[0,0,0],[1,0,0],[1,2,0],[51,10,74]]
[[0,0,0],[1,0,0],[0,1,0],[44,109,148]]
[[0,0,0],[1,0,0],[0,1,0],[4,109,148]]
[[0,0,0],[1,0,0],[0,1,0],[10,113,148]]
[[0,0,0],[1,0,0],[0,1,0],[22,141,148]]
[[0,0,0],[1,0,0],[0,1,0],[22,53,148]]
[[0,0,0],[1,0,0],[0,1,0],[38,23,148]]
[[0,0,0],[1,0,0],[0,1,0],[62,135,148]]
[[0,0,0],[1,0,0],[0,2,0],[11,8,74]]
[[0,0,0],[1,0,0],[0,1,0],[18,49,148]]
[[0,0,0],[1,0,0],[1,2,0],[17,46,74]]
[[0,0,0],[1,0,0],[0,1,0],[34,21,148]]
[[0,0,0],[1,0,0],[1,2,0],[9,2,74]]
[[0,0,0],[1,0,0],[0,1,0],[28,133,148]]
[[0,0,0],[1,0,0],[0,1,0],[20,73,148]]
[[0,0,0],[1,0,0],[0,2,0],[49,52,74]]
[[0,0,0],[1,0,0],[0,1,0],[62,93,148]]
[[0,0,0],[1,0,0],[0,1,0],[106,47,148]]
[[0,0,0],[1,0,0],[0,1,0],[18,137,148]]
[[0,0,0],[1,0,0],[0,1,0],[16,137,148]]
[[0,0,0],[1,0,0],[0,1,0],[58,71,148]]
[[0,0,0],[1,0,0],[1,2,0],[5,38,74]]
[[0,0,0],[1,0,0],[0,1,0],[17,139,148]]
[[0,0,0],[1,0,0],[0,1,0],[8,77,148]]
[[0,0,0],[1,0,0],[0,2,0],[5,14,74]]
[[0,0,0],[1,0,0],[0,1,0],[5,13,148]]
[[0,0,0],[1,0,0],[0,1,0],[12,81,148]]
[[0,0,0],[1,0,0],[0,1,0],[28,41,148]]
[[0,0,0],[1,0,0],[0,1,0],[114,59,148]]
[[0,0,0],[1,0,0],[0,1,0],[26,95,148]]
[[0,0,0],[1,0,0],[0,2,0],[45,18,74]]
[[0,0,0],[1,0,0],[0,1,0],[34,45,148]]
[[0,0,0],[1,0,0],[0,1,0],[13,63,148]]
[[0,0,0],[1,0,0],[0,1,0],[54,17,148]]
[[0,0,0],[1,0,0],[0,1,0],[9,33,148]]
[[0,0,0],[1,0,0],[0,1,0],[70,79,148]]
[[0,0,0],[1,0,0],[0,1,0],[90,51,148]]
[[0,0,0],[1,0,0],[1,2,0],[17,4,74]]
[[0,0,0],[1,0,0],[1,2,0],[25,24,74]]
[[0,0,0],[1,0,0],[0,1,0],[10,102,148]]
[[0,0,0],[1,0,0],[0,2,0],[3,16,74]]
[[0,0,0],[1,0,0],[0,1,0],[3,13,148]]
[[0,0,0],[1,0,0],[0,1,0],[32,129,148]]
[[0,0,0],[1,0,0],[0,1,0],[70,15,148]]
[[0,0,0],[1,0,0],[0,1,0],[10,101,148]]
[[0,0,0],[1,0,0],[0,2,0],[31,24,74]]
[[0,0,0],[1,0,0],[0,1,0],[16,25,148]]
[[0,0,0],[1,0,0],[0,1,0],[58,33,148]]
[[0,0,0],[1,0,0],[0,1,0],[76,110,148]]
[[0,0,0],[1,0,0],[0,1,0],[86,87,148]]
[[0,0,0],[1,0,0],[0,1,0],[106,143,148]]
[[0,0,0],[1,0,0],[0,1,0],[14,17,148]]
[[0,0,0],[1,0,0],[0,1,0],[36,129,148]]
[[0,0,0],[1,0,0],[1,2,0],[17,14,74]]
[[0,0,0],[1,0,0],[0,2,0],[5,12,74]]
[[0,0,0],[1,0,0],[0,1,0],[6,27,148]]
[[0,0,0],[1,0,0],[0,1,0],[17,95,148]]
[[0,0,0],[1,0,0],[0,1,0],[6,119,148]]
[[0,0,0],[1,0,0],[0,1,0],[14,39,148]]
[[0,0,0],[1,0,0],[0,1,0],[84,101,148]]
[[0,0,0],[1,0,0],[0,1,0],[18,147,148]]
[[0,0,0],[1,0,0],[0,1,0],[5,35,148]]
[[0,0,0],[1,0,0],[0,1,0],[42,87,148]]
[[0,0,0],[1,0,0],[0,2,0],[45,10,74]]
[[0,0,0],[1,0,0],[1,2,0],[35,16,74]]
[[0,0,0],[1,0,0],[0,1,0],[112,41,148]]
[[0,0,0],[1,0,0],[1,2,0],[11,28,74]]
[[0,0,0],[1,0,0],[1,2,0],[13,6,74]]
[[0,0,0],[1,0,0],[0,1,0],[17,45,148]]
[[0,0,0],[1,0,0],[0,1,0],[58,23,148]]
[[0,0,0],[1,0,0],[0,1,0],[134,67,148]]
[[0,0,0],[1,0,0],[0,1,0],[22,43,148]]
[[0,0,0],[1,0,0],[0,1,0],[52,60,148]]
[[0,0,0],[1,0,0],[0,1,0],[13,137,148]]
[[0,0,0],[1,0,0],[0,1,0],[62,99,148]]
[[0,0,0],[1,0,0],[0,1,0],[20,13,148]]
[[0,0,0],[1,0,0],[0,1,0],[30,129,148]]
[[0,0,0],[1,0,0],[0,1,0],[7,31,148]]
[[0,0,0],[1,0,0],[0,1,0],[5,27,148]]
[[0,0,0],[1,0,0],[0,1,0],[54,75,148]]
[[0,0,0],[1,0,0],[0,1,0],[14,51,148]]
[[0,0,0],[1,0,0],[0,1,0],[9,141,148]]
[[0,0,0],[1,0,0],[0,1,0],[42,147,148]]
[[0,0,0],[1,0,0],[0,1,0],[28,84,148]]
[[0,0,0],[1,0,0],[0,1,0],[20,49,148]]
[[0,0,0],[1,0,0],[0,1,0],[102,55,148]]
[[0,0,0],[1,0,0],[0,2,0],[41,18,74]]
[[0,0,0],[1,0,0],[0,1,0],[3,51,148]]
[[0,0,0],[1,0,0],[0,1,0],[18,45,148]]
[[0,0,0],[1,0,0],[0,1,0],[19,19,148]]
[[0,0,0],[1,0,0],[1,2,0],[19,6,74]]
[[0,0,0],[1,0,0],[0,1,0],[7,145,148]]
[[0,0,0],[1,0,0],[0,1,0],[16,73,148]]
[[0,0,0],[1,0,0],[0,1,0],[118,19,148]]
[[0,0,0],[1,0,0],[0,1,0],[18,141,148]]
[[0,0,0],[1,0,0],[0,1,0],[7,63,148]]
[[0,0,0],[1,0,0],[1,2,0],[21,2,74]]
[[0,0,0],[1,0,0],[0,1,0],[6,147,148]]
[[0,0,0],[1,0,0],[0,1,0],[16,145,148]]
[[0,0,0],[1,0,0],[0,2,0],[9,10,74]]
[[0,0,0],[1,0,0],[1,2,0],[23,16,74]]
[[0,0,0],[1,0,0],[1,2,0],[23,54,74]]
[[0,0,0],[1,0,0],[0,1,0],[10,27,148]]
[[0,0,0],[1,0,0],[0,1,0],[2,83,148]]
[[0,0,0],[1,0,0],[0,1,0],[86,27,148]]
[[0,0,0],[1,0,0],[0,2,0],[17,42,74]]
[[0,0,0],[1,0,0],[1,2,0],[45,22,74]]
[[0,0,0],[1,0,0],[1,2,0],[39,14,74]]
[[0,0,0],[1,0,0],[0,1,0],[8,9,148]]
[[0,0,0],[1,0,0],[0,1,0],[54,147,148]]
[[0,0,0],[1,0,0],[0,1,0],[50,147,148]]
[[0,0,0],[1,0,0],[0,1,0],[56,125,148]]
[[0,0,0],[1,0,0],[0,1,0],[58,139,148]]
[[0,0,0],[1,0,0],[0,2,0],[11,24,74]]
[[0,0,0],[1,0,0],[0,1,0],[50,127,148]]
[[0,0,0],[1,0,0],[0,1,0],[15,49,148]]
[[0,0,0],[1,0,0],[0,1,0],[46,23,148]]
[[0,0,0],[1,0,0],[0,1,0],[19,55,148]]
[[0,0,0],[1,0,0],[0,1,0],[66,35,148]]
[[0,0,0],[1,0,0],[1,2,0],[5,16,74]]
[[0,0,0],[1,0,0],[0,1,0],[20,65,148]]
[[0,0,0],[1,0,0],[0,1,0],[10,121,148]]
[[0,0,0],[1,0,0],[0,1,0],[78,83,148]]
[[0,0,0],[1,0,0],[0,1,0],[58,11,148]]
[[0,0,0],[1,0,0],[0,1,0],[6,31,148]]
[[0,0,0],[1,0,0],[0,1,0],[16,21,148]]
[[0,0,0],[1,0,0],[0,1,0],[94,115,148]]
[[0,0,0],[1,0,0],[0,1,0],[4,29,148]]
[[0,0,0],[1,0,0],[0,1,0],[30,3,148]]
[[0,0,0],[1,0,0],[0,1,0],[24,133,148]]
[[0,0,0],[1,0,0],[0,1,0],[6,51,148]]
[[0,0,0],[1,0,0],[0,1,0],[3,9,148]]
[[0,0,0],[1,0,0],[0,2,0],[35,20,74]]
[[0,0,0],[1,0,0],[0,1,0],[6,137,148]]
[[0,0,0],[1,0,0],[0,1,0],[28,13,148]]
[[0,0,0],[1,0,0],[1,2,0],[33,20,74]]
[[0,0,0],[1,0,0],[0,1,0],[128,132,148]]
[[0,0,0],[1,0,0],[1,2,0],[7,26,74]]
[[0,0,0],[1,0,0],[0,1,0],[14,45,148]]
[[0,0,0],[1,0,0],[1,2,0],[39,26,74]]
[[0,0,0],[1,0,0],[0,1,0],[38,51,148]]
[[0,0,0],[1,0,0],[1,2,0],[15,42,74]]
[[0,0,0],[1,0,0],[0,1,0],[118,107,148]]
[[0,0,0],[1,0,0],[1,2,0],[3,34,74]]
[[0,0,0],[1,0,0],[0,1,0],[102,147,148]]
[[0,0,0],[1,0,0],[0,1,0],[10,75,148]]
[[0,0,0],[1,0,0],[0,2,0],[35,2,74]]
[[0,0,0],[1,0,0],[0,1,0],[56,17,148]]
[[0,0,0],[1,0,0],[0,1,0],[46,53,148]]
[[0,0,0],[1,0,0],[0,1,0],[42,119,148]]
[[0,0,0],[1,0,0],[0,1,0],[48,117,148]]
[[0,0,0],[1,0,0],[0,1,0],[44,142,148]]
[[0,0,0],[1,0,0],[0,1,0],[30,45,148]]
[[0,0,0],[1,0,0],[0,1,0],[4,101,148]]
[[0,0,0],[1,0,0],[1,2,0],[29,4,74]]
[[0,0,0],[1,0,0],[0,1,0],[58,75,148]]
[[0,0,0],[1,0,0],[0,1,0],[106,147,148]]
[[0,0,0],[1,0,0],[1,2,0],[27,2,74]]
[[0,0,0],[1,0,0],[0,1,0],[40,57,148]]
[[0,0,0],[1,0,0],[0,1,0],[1,47,148]]
[[0,0,0],[1,0,0],[0,1,0],[23,55,148]]
[[0,0,0],[1,0,0],[0,1,0],[38,75,148]]
[[0,0,0],[1,0,0],[1,2,0],[31,26,74]]
[[0,0,0],[1,0,0],[0,1,0],[38,21,148]]
[[0,0,0],[1,0,0],[0,1,0],[18,9,148]]
[[0,0,0],[1,0,0],[0,1,0],[14,77,148]]
[[0,0,0],[1,0,0],[0,1,0],[46,135,148]]
[[0,0,0],[1,0,0],[0,1,0],[30,63,148]]
[[0,0,0],[1,0,0],[0,1,0],[24,97,148]]
[[0,0,0],[1,0,0],[0,1,0],[106,71,148]]
[[0,0,0],[1,0,0],[0,1,0],[78,117,148]]
[[0,0,0],[1,0,0],[0,1,0],[34,77,148]]
[[0,0,0],[1,0,0],[1,2,0],[35,6,74]]
[[0,0,0],[1,0,0],[0,1,0],[60,1,148]]
[[0,0,0],[1,0,0],[0,1,0],[42,27,148]]
[[0,0,0],[1,0,0],[0,1,0],[94,87,148]]
[[0,0,0],[1,0,0],[0,1,0],[122,27,148]]
[[0,0,0],[1,0,0],[0,1,0],[98,143,148]]
[[0,0,0],[1,0,0],[0,1,0],[122,15,148]]
[[0,0,0],[1,0,0],[0,1,0],[14,73,148]]
[[0,0,0],[1,0,0],[0,1,0],[34,55,148]]
[[0,0,0],[1,0,0],[0,1,0],[12,105,148]]
[[0,0,0],[1,0,0],[0,1,0],[3,5,148]]
[[0,0,0],[1,0,0],[0,2,0],[45,60,74]]
[[0,0,0],[1,0,0],[0,1,0],[32,9,148]]
[[0,0,0],[1,0,0],[0,1,0],[60,117,148]]
[[0,0,0],[1,0,0],[0,1,0],[70,107,148]]
[[0,0,0],[1,0,0],[1,2,0],[29,2,74]]
[[0,0,0],[1,0,0],[1,2,0],[45,24,74]]
[[0,0,0],[1,0,0],[0,1,0],[2,137,148]]
[[0,0,0],[1,0,0],[0,1,0],[2,125,148]]
[[0,0,0],[1,0,0],[1,2,0],[19,46,74]]
[[0,0,0],[1,0,0],[0,1,0],[66,15,148]]
[[0,0,0],[1,0,0],[0,1,0],[0,1,148]]
[[0,0,0],[1,0,0],[0,1,0],[10,73,148]]
[[0,0,0],[1,0,0],[0,1,0],[52,133,148]]
[[0,0,0],[1,0,0],[0,1,0],[18,35,148]]
[[0,0,0],[1,0,0],[0,1,0],[2,129,148]]
[[0,0,0],[1,0,0],[0,1,0],[62,115,148]]
[[0,0,0],[1,0,0],[0,1,0],[44,5,148]]
[[0,0,0],[1,0,0],[1,2,0],[3,24,74]]
[[0,0,0],[1,0,0],[0,2,0],[4,68,74]]
[[0,0,0],[1,0,0],[0,1,0],[11,41,148]]
[[0,0,0],[1,0,0],[0,1,0],[18,1,148]]
[[0,0,0],[1,0,0],[0,1,0],[34,15,148]]
[[0,0,0],[1,0,0],[0,1,0],[84,85,148]]
[[0,0,0],[1,0,0],[0,1,0],[46,27,148]]
[[0,0,0],[1,0,0],[0,2,0],[23,10,74]]
[[0,0,0],[1,0,0],[0,1,0],[32,117,148]]
[[0,0,0],[1,0,0],[0,2,0],[11,62,74]]
[[0,0,0],[1,0,0],[0,1,0],[16,1,148]]
[[0,0,0],[1,0,0],[0,1,0],[38,1,148]]
[[0,0,0],[1,0,0],[0,1,0],[124,136,148]]
[[0,0,0],[1,0,0],[1,2,0],[1,22,74]]
[[0,0,0],[1,0,0],[1,2,0],[11,24,74]]
[[0,0,0],[1,0,0],[0,1,0],[13,29,148]]
[[0,0,0],[1,0,0],[0,1,0],[118,147,148]]
[[0,0,0],[1,0,0],[0,2,0],[5,32,74]]
[[0,0,0],[1,0,0],[0,1,0],[102,65,148]]
[[0,0,0],[1,0,0],[0,1,0],[6,129,148]]
[[0,0,0],[1,0,0],[0,1,0],[28,29,148]]
[[0,0,0],[1,0,0],[0,1,0],[14,135,148]]
[[0,0,0],[1,0,0],[1,2,0],[7,30,74]]
[[0,0,0],[1,0,0],[0,1,0],[3,17,148]]
[[0,0,0],[1,0,0],[0,1,0],[5,39,148]]
[[0,0,0],[1,0,0],[0,2,0],[7,64,74]]
[[0,0,0],[1,0,0],[0,1,0],[14,33,148]]
