[[0,0,0],[1,0,0],[0,1,0],[17,41,149]]
[[0,0,0],[1,0,0],[0,1,0],[5,25,149]]
[[0,0,0],[1,0,0],[0,1,0],[33,127,149]]
[[0,0,0],[1,0,0],[0,1,0],[12,19,149]]
[[0,0,0],[1,0,0],[0,1,0],[7,63,149]]
[[0,0,0],[1,0,0],[0,1,0],[35,117,149]]
[[0,0,0],[1,0,0],[0,1,0],[8,66,149]]
[[0,0,0],[1,0,0],[0,1,0],[7,23,149]]
[[0,0,0],[1,0,0],[0,1,0],[4,21,149]]
[[0,0,0],[1,0,0],[0,1,0],[12,14,149]]
[[0,0,0],[1,0,0],[0,1,0],[26,52,149]]
[[0,0,0],[1,0,0],[0,1,0],[13,20,149]]
[[0,0,0],[1,0,0],[0,1,0],[31,54,149]]
[[0,0,0],[1,0,0],[0,1,0],[8,27,149]]
[[0,0,0],[1,0,0],[0,1,0],[17,54,149]]
[[0,0,0],[1,0,0],[0,1,0],[37,47,149]]
[[0,0,0],[1,0,0],[0,1,0],[5,147,149]]
[[0,0,0],[1,0,0],[0,1,0],[1,39,149]]
[[0,0,0],[1,0,0],[0,1,0],[22,31,149]]
[[0,0,0],[1,0,0],[0,1,0],[3,36,149]]
[[0,0,0],[1,0,0],[0,1,0],[6,52,149]]
[[0,0,0],[1,0,0],[0,1,0],[14,59,149]]
[[0,0,0],[1,0,0],[0,1,0],[18,38,149]]
[[0,0,0],[1,0,0],[0,1,0],[3,49,149]]
[[0,0,0],[1,0,0],[0,1,0],[6,59,149]]
[[0,0,0],[1,0,0],[0,1,0],[21,57,149]]
[[0,0,0],[1,0,0],[0,1,0],[9,57,149]]
[[0,0,0],[1,0,0],[0,1,0],[11,55,149]]
[[0,0,0],[1,0,0],[0,1,0],[18,132,149]]
[[0,0,0],[1,0,0],[0,1,0],[9,16,149]]
[[0,0,0],[1,0,0],[0,1,0],[1,3,149]]
[[0,0,0],[1,0,0],[0,1,0],[21,134,149]]
[[0,0,0],[1,0,0],[0,1,0],[17,48,149]]
[[0,0,0],[1,0,0],[0,1,0],[2,11,149]]
[[0,0,0],[1,0,0],[0,1,0],[9,62,149]]
[[0,0,0],[1,0,0],[0,1,0],[37,53,149]]
[[0,0,0],[1,0,0],[0,1,0],[13,22,149]]
[[0,0,0],[1,0,0],[0,1,0],[11,35,149]]
[[0,0,0],[1,0,0],[0,1,0],[4,33,149]]
[[0,0,0],[1,0,0],[0,1,0],[17,53,149]]
[[0,0,0],[1,0,0],[0,1,0],[4,57,149]]
[[0,0,0],[1,0,0],[0,1,0],[9,33,149]]
[[0,0,0],[1,0,0],[0,1,0],[3,32,149]]
[[0,0,0],[1,0,0],[0,1,0],[17,136,149]]
[[0,0,0],[1,0,0],[0,1,0],[5,46,149]]
[[0,0,0],[1,0,0],[0,1,0],[21,55,149]]
[[0,0,0],[1,0,0],[0,1,0],[22,22,149]]
[[0,0,0],[1,0,0],[0,1,0],[2,20,149]]
[[0,0,0],[1,0,0],[0,1,0],[16,43,149]]
[[0,0,0],[1,0,0],[0,1,0],[4,56,149]]
[[0,0,0],[1,0,0],[0,1,0],[2,45,149]]
[[0,0,0],[1,0,0],[0,1,0],[2,51,149]]
[[0,0,0],[1,0,0],[0,1,0],[63,89,149]]
[[0,0,0],[1,0,0],[0,1,0],[13,38,149]]
[[0,0,0],[1,0,0],[0,1,0],[10,27,149]]
[[0,0,0],[1,0,0],[0,1,0],[6,18,149]]
[[0,0,0],[1,0,0],[0,1,0],[11,68,149]]
[[0,0,0],[1,0,0],[0,1,0],[7,35,149]]
[[0,0,0],[1,0,0],[0,1,0],[7,144,149]]
[[0,0,0],[1,0,0],[0,1,0],[1,26,149]]
[[0,0,0],[1,0,0],[0,1,0],[3,43,149]]
[[0,0,0],[1,0,0],[0,1,0],[7,49,149]]
[[0,0,0],[1,0,0],[0,1,0],[27,38,149]]
[[0,0,0],[1,0,0],[0,1,0],[2,70,149]]
[[0,0,0],[1,0,0],[0,1,0],[14,63,149]]
[[0,0,0],[1,0,0],[0,1,0],[49,109,149]]
[[0,0,0],[1,0,0],[0,1,0],[2,2,149]]
[[0,0,0],[1,0,0],[0,1,0],[18,22,149]]
[[0,0,0],[1,0,0],[0,1,0],[12,46,149]]
[[0,0,0],[1,0,0],[0,1,0],[1,46,149]]
[[0,0,0],[1,0,0],[0,1,0],[12,138,149]]
[[0,0,0],[1,0,0],[0,1,0],[14,32,149]]
[[0,0,0],[1,0,0],[0,1,0],[7,32,149]]
[[0,0,0],[1,0,0],[0,1,0],[13,67,149]]
[[0,0,0],[1,0,0],[0,1,0],[9,142,149]]
[[0,0,0],[1,0,0],[0,1,0],[5,27,149]]
[[0,0,0],[1,0,0],[0,1,0],[8,15,149]]
[[0,0,0],[1,0,0],[0,1,0],[14,139,149]]
[[0,0,0],[1,0,0],[0,1,0],[20,20,149]]
[[0,0,0],[1,0,0],[0,1,0],[8,56,149]]
[[0,0,0],[1,0,0],[0,1,0],[12,24,149]]
[[0,0,0],[1,0,0],[0,1,0],[3,28,149]]
[[0,0,0],[1,0,0],[0,1,0],[21,24,149]]
[[0,0,0],[1,0,0],[0,1,0],[4,60,149]]
[[0,0,0],[1,0,0],[0,1,0],[3,26,149]]
[[0,0,0],[1,0,0],[0,1,0],[43,127,149]]
[[0,0,0],[1,0,0],[0,1,0],[10,63,149]]
[[0,0,0],[1,0,0],[0,1,0],[72,79,149]]
[[0,0,0],[1,0,0],[0,1,0],[2,42,149]]
[[0,0,0],[1,0,0],[0,1,0],[19,29,149]]
[[0,0,0],[1,0,0],[0,1,0],[31,123,149]]
[[0,0,0],[1,0,0],[0,1,0],[11,144,149]]
[[0,0,0],[1,0,0],[0,1,0],[5,66,149]]
[[0,0,0],[1,0,0],[0,1,0],[26,39,149]]
[[0,0,0],[1,0,0],[0,1,0],[5,12,149]]
[[0,0,0],[1,0,0],[0,1,0],[3,17,149]]
[[0,0,0],[1,0,0],[0,1,0],[26,40,149]]
[[0,0,0],[1,0,0],[0,1,0],[31,127,149]]
[[0,0,0],[1,0,0],[0,1,0],[2,15,149]]
[[0,0,0],[1,0,0],[0,1,0],[2,68,149]]
[[0,0,0],[1,0,0],[0,1,0],[34,129,149]]
[[0,0,0],[1,0,0],[0,1,0],[6,8,149]]
[[0,0,0],[1,0,0],[0,1,0],[21,33,149]]
[[0,0,0],[1,0,0],[0,1,0],[13,18,149]]
[[0,0,0],[1,0,0],[0,1,0],[21,40,149]]
[[0,0,0],[1,0,0],[0,1,0],[20,133,149]]
[[0,0,0],[1,0,0],[0,1,0],[35,128,149]]
[[0,0,0],[1,0,0],[0,1,0],[7,11,149]]
[[0,0,0],[1,0,0],[0,1,0],[2,38,149]]
[[0,0,0],[1,0,0],[0,1,0],[3,52,149]]
[[0,0,0],[1,0,0],[0,1,0],[9,12,149]]
[[0,0,0],[1,0,0],[0,1,0],[14,17,149]]
[[0,0,0],[1,0,0],[0,1,0],[2,28,149]]
[[0,0,0],[1,0,0],[0,1,0],[1,60,149]]
[[0,0,0],[1,0,0],[0,1,0],[68,83,149]]
[[0,0,0],[1,0,0],[0,1,0],[11,48,149]]
[[0,0,0],[1,0,0],[0,1,0],[21,29,149]]
[[0,0,0],[1,0,0],[0,1,0],[6,29,149]]
[[0,0,0],[1,0,0],[0,1,0],[29,29,149]]
[[0,0,0],[1,0,0],[0,1,0],[5,32,149]]
[[0,0,0],[1,0,0],[0,1,0],[9,11,149]]
[[0,0,0],[1,0,0],[0,1,0],[2,22,149]]
[[0,0,0],[1,0,0],[0,1,0],[2,3,149]]
[[0,0,0],[1,0,0],[0,1,0],[7,17,149]]
[[0,0,0],[1,0,0],[0,1,0],[16,51,149]]
[[0,0,0],[1,0,0],[0,1,0],[3,64,149]]
[[0,0,0],[1,0,0],[0,1,0],[20,57,149]]
[[0,0,0],[1,0,0],[0,1,0],[2,56,149]]
[[0,0,0],[1,0,0],[0,1,0],[26,129,149]]
[[0,0,0],[1,0,0],[0,1,0],[29,44,149]]
[[0,0,0],[1,0,0],[0,1,0],[68,96,149]]
[[0,0,0],[1,0,0],[0,1,0],[7,145,149]]
[[0,0,0],[1,0,0],[0,1,0],[8,32,149]]
[[0,0,0],[1,0,0],[0,1,0],[20,33,149]]
[[0,0,0],[1,0,0],[0,1,0],[10,40,149]]
[[0,0,0],[1,0,0],[0,1,0],[12,33,149]]
[[0,0,0],[1,0,0],[0,1,0],[10,18,149]]
[[0,0,0],[1,0,0],[0,1,0],[3,11,149]]
[[0,0,0],[1,0,0],[0,1,0],[22,49,149]]
[[0,0,0],[1,0,0],[0,1,0],[8,63,149]]
[[0,0,0],[1,0,0],[0,1,0],[5,49,149]]
[[0,0,0],[1,0,0],[0,1,0],[2,54,149]]
[[0,0,0],[1,0,0],[0,1,0],[19,48,149]]
[[0,0,0],[1,0,0],[0,1,0],[4,14,149]]
[[0,0,0],[1,0,0],[0,1,0],[2,61,149]]
[[0,0,0],[1,0,0],[0,1,0],[4,31,149]]
[[0,0,0],[1,0,0],[0,1,0],[7,52,149]]
[[0,0,0],[1,0,0],[0,1,0],[12,21,149]]
[[0,0,0],[1,0,0],[0,1,0],[5,22,149]]
[[0,0,0],[1,0,0],[0,1,0],[1,55,149]]
[[0,0,0],[1,0,0],[0,1,0],[9,13,149]]
[[0,0,0],[1,0,0],[0,1,0],[21,37,149]]
[[0,0,0],[1,0,0],[0,1,0],[6,45,149]]
[[0,0,0],[1,0,0],[0,1,0],[4,62,149]]
[[0,0,0],[1,0,0],[0,1,0],[6,53,149]]
[[0,0,0],[1,0,0],[0,1,0],[21,21,149]]
[[0,0,0],[1,0,0],[0,1,0],[10,17,149]]
[[0,0,0],[1,0,0],[0,1,0],[14,22,149]]
[[0,0,0],[1,0,0],[0,1,0],[5,52,149]]
[[0,0,0],[1,0,0],[0,1,0],[6,70,149]]
[[0,0,0],[1,0,0],[0,1,0],[5,5,149]]
[[0,0,0],[1,0,0],[0,1,0],[7,65,149]]
[[0,0,0],[1,0,0],[0,1,0],[22,48,149]]
[[0,0,0],[1,0,0],[0,1,0],[62,95,149]]
[[0,0,0],[1,0,0],[0,1,0],[5,146,149]]
[[0,0,0],[1,0,0],[0,1,0],[29,123,149]]
[[0,0,0],[1,0,0],[0,1,0],[16,34,149]]
[[0,0,0],[1,0,0],[0,1,0],[3,12,149]]
[[0,0,0],[1,0,0],[0,1,0],[14,19,149]]
[[0,0,0],[1,0,0],[0,1,0],[1,54,149]]
[[0,0,0],[1,0,0],[0,1,0],[60,111,149]]
[[0,0,0],[1,0,0],[0,1,0],[7,66,149]]
[[0,0,0],[1,0,0],[0,1,0],[39,127,149]]
[[0,0,0],[1,0,0],[0,1,0],[10,29,149]]
[[0,0,0],[1,0,0],[0,1,0],[16,20,149]]
[[0,0,0],[1,0,0],[0,1,0],[10,140,149]]
[[0,0,0],[1,0,0],[0,1,0],[8,53,149]]
[[0,0,0],[1,0,0],[0,1,0],[55,95,149]]
[[0,0,0],[1,0,0],[0,1,0],[33,39,149]]
[[0,0,0],[1,0,0],[0,1,0],[10,13,149]]
[[0,0,0],[1,0,0],[0,1,0],[8,54,149]]
[[0,0,0],[1,0,0],[0,1,0],[19,138,149]]
[[0,0,0],[1,0,0],[0,1,0],[9,45,149]]
[[0,0,0],[1,0,0],[0,1,0],[29,126,149]]
[[0,0,0],[1,0,0],[0,1,0],[2,35,149]]
[[0,0,0],[1,0,0],[0,1,0],[16,137,149]]
[[0,0,0],[1,0,0],[0,1,0],[7,28,149]]
[[0,0,0],[1,0,0],[0,1,0],[14,66,149]]
[[0,0,0],[1,0,0],[0,1,0],[7,9,149]]
[[0,0,0],[1,0,0],[0,1,0],[4,35,149]]
[[0,0,0],[1,0,0],[0,1,0],[4,27,149]]
[[0,0,0],[1,0,0],[0,1,0],[13,140,149]]
[[0,0,0],[1,0,0],[0,1,0],[1,34,149]]
[[0,0,0],[1,0,0],[0,1,0],[11,52,149]]
[[0,0,0],[1,0,0],[0,1,0],[17,62,149]]
[[0,0,0],[1,0,0],[0,1,0],[31,133,149]]
[[0,0,0],[1,0,0],[0,1,0],[12,62,149]]
[[0,0,0],[1,0,0],[0,1,0],[19,132,149]]
[[0,0,0],[1,0,0],[0,1,0],[10,43,149]]
[[0,0,0],[1,0,0],[0,1,0],[14,42,149]]
[[0,0,0],[1,0,0],[0,1,0],[11,139,149]]
[[0,0,0],[1,0,0],[0,1,0],[8,21,149]]
[[0,0,0],[1,0,0],[0,1,0],[20,62,149]]
[[0,0,0],[1,0,0],[0,1,0],[39,113,149]]
[[0,0,0],[1,0,0],[0,1,0],[12,69,149]]
[[0,0,0],[1,0,0],[0,1,0],[13,48,149]]
[[0,0,0],[1,0,0],[0,1,0],[38,117,149]]
[[0,0,0],[1,0,0],[0,1,0],[4,63,149]]
[[0,0,0],[1,0,0],[0,1,0],[1,21,149]]
[[0,0,0],[1,0,0],[0,1,0],[13,37,149]]
[[0,0,0],[1,0,0],[0,1,0],[26,134,149]]
[[0,0,0],[1,0,0],[0,1,0],[19,27,149]]
[[0,0,0],[1,0,0],[0,1,0],[9,47,149]]
[[0,0,0],[1,0,0],[0,1,0],[1,18,149]]
[[0,0,0],[1,0,0],[0,1,0],[55,96,149]]
[[0,0,0],[1,0,0],[0,1,0],[12,52,149]]
[[0,0,0],[1,0,0],[0,1,0],[5,41,149]]
[[0,0,0],[1,0,0],[0,1,0],[5,39,149]]
[[0,0,0],[1,0,0],[0,1,0],[16,35,149]]
[[0,0,0],[1,0,0],[0,1,0],[2,67,149]]
[[0,0,0],[1,0,0],[0,1,0],[3,38,149]]
[[0,0,0],[1,0,0],[0,1,0],[6,10,149]]
[[0,0,0],[1,0,0],[0,1,0],[49,113,149]]
[[0,0,0],[1,0,0],[0,1,0],[11,18,149]]
[[0,0,0],[1,0,0],[0,1,0],[14,58,149]]
[[0,0,0],[1,0,0],[0,1,0],[8,12,149]]
[[0,0,0],[1,0,0],[0,1,0],[6,41,149]]
[[0,0,0],[1,0,0],[0,1,0],[5,55,149]]
[[0,0,0],[1,0,0],[0,1,0],[31,45,149]]
[[0,0,0],[1,0,0],[0,1,0],[3,47,149]]
[[0,0,0],[1,0,0],[0,1,0],[12,66,149]]
[[0,0,0],[1,0,0],[0,1,0],[2,49,149]]
[[0,0,0],[1,0,0],[0,1,0],[7,44,149]]
[[0,0,0],[1,0,0],[0,1,0],[3,70,149]]
[[0,0,0],[1,0,0],[0,1,0],[13,49,149]]
[[0,0,0],[1,0,0],[0,1,0],[42,109,149]]
[[0,0,0],[1,0,0],[0,1,0],[39,111,149]]
[[0,0,0],[1,0,0],[0,1,0],[3,23,149]]
[[0,0,0],[1,0,0],[0,1,0],[11,143,149]]
[[0,0,0],[1,0,0],[0,1,0],[4,51,149]]
[[0,0,0],[1,0,0],[0,1,0],[3,39,149]]
[[0,0,0],[1,0,0],[0,1,0],[14,52,149]]
[[0,0,0],[1,0,0],[0,1,0],[6,58,149]]
[[0,0,0],[1,0,0],[0,1,0],[19,43,149]]
[[0,0,0],[1,0,0],[0,1,0],[14,41,149]]
[[0,0,0],[1,0,0],[0,1,0],[22,54,149]]
[[0,0,0],[1,0,0],[0,1,0],[5,29,149]]
[[0,0,0],[1,0,0],[0,1,0],[19,47,149]]
[[0,0,0],[1,0,0],[0,1,0],[8,19,149]]
[[0,0,0],[1,0,0],[0,1,0],[2,60,149]]
[[0,0,0],[1,0,0],[0,1,0],[20,35,149]]
[[0,0,0],[1,0,0],[0,1,0],[27,49,149]]
[[0,0,0],[1,0,0],[0,1,0],[6,145,149]]
[[0,0,0],[1,0,0],[0,1,0],[33,40,149]]
[[0,0,0],[1,0,0],[0,1,0],[8,142,149]]
[[0,0,0],[1,0,0],[0,1,0],[19,60,149]]
[[0,0,0],[1,0,0],[0,1,0],[3,45,149]]
[[0,0,0],[1,0,0],[0,1,0],[3,60,149]]
[[0,0,0],[1,0,0],[0,1,0],[2,52,149]]
[[0,0,0],[1,0,0],[0,1,0],[6,9,149]]
[[0,0,0],[1,0,0],[0,1,0],[22,135,149]]
[[0,0,0],[1,0,0],[0,1,0],[21,34,149]]
[[0,0,0],[1,0,0],[0,1,0],[7,143,149]]
[[0,0,0],[1,0,0],[0,1,0],[8,23,149]]
[[0,0,0],[1,0,0],[0,1,0],[24,35,149]]
[[0,0,0],[1,0,0],[0,1,0],[6,47,149]]
[[0,0,0],[1,0,0],[0,1,0],[1,9,149]]
[[0,0,0],[1,0,0],[0,1,0],[5,9,149]]
[[0,0,0],[1,0,0],[0,1,0],[6,17,149]]
[[0,0,0],[1,0,0],[0,1,0],[4,23,149]]
[[0,0,0],[1,0,0],[0,1,0],[12,67,149]]
[[0,0,0],[1,0,0],[0,1,0],[12,38,149]]
[[0,0,0],[1,0,0],[0,1,0],[10,22,149]]
[[0,0,0],[1,0,0],[0,1,0],[3,66,149]]
[[0,0,0],[1,0,0],[0,1,0],[1,44,149]]
[[0,0,0],[1,0,0],[0,1,0],[14,67,149]]
[[0,0,0],[1,0,0],[0,1,0],[5,63,149]]
[[0,0,0],[1,0,0],[0,1,0],[5,57,149]]
[[0,0,0],[1,0,0],[0,1,0],[13,137,149]]
[[0,0,0],[1,0,0],[0,1,0],[3,21,149]]
[[0,0,0],[1,0,0],[0,1,0],[3,65,149]]
[[0,0,0],[1,0,0],[0,1,0],[5,47,149]]
[[0,0,0],[1,0,0],[0,1,0],[5,42,149]]
[[0,0,0],[1,0,0],[0,1,0],[7,41,149]]
[[0,0,0],[1,0,0],[0,1,0],[9,43,149]]
[[0,0,0],[1,0,0],[0,1,0],[6,14,149]]
[[0,0,0],[1,0,0],[0,1,0],[8,71,149]]
[[0,0,0],[1,0,0],[0,1,0],[13,24,149]]
[[0,0,0],[1,0,0],[0,1,0],[12,68,149]]
[[0,0,0],[1,0,0],[0,1,0],[4,52,149]]
[[0,0,0],[1,0,0],[0,1,0],[2,62,149]]
[[0,0,0],[1,0,0],[0,1,0],[6,23,149]]
[[0,0,0],[1,0,0],[0,1,0],[14,136,149]]
[[0,0,0],[1,0,0],[0,1,0],[3,13,149]]
[[0,0,0],[1,0,0],[0,1,0],[22,27,149]]
[[0,0,0],[1,0,0],[0,1,0],[9,44,149]]
[[0,0,0],[1,0,0],[0,1,0],[17,134,149]]
[[0,0,0],[1,0,0],[0,1,0],[13,16,149]]
[[0,0,0],[1,0,0],[0,1,0],[44,120,149]]
[[0,0,0],[1,0,0],[0,1,0],[13,29,149]]
[[0,0,0],[1,0,0],[0,1,0],[8,59,149]]
[[0,0,0],[1,0,0],[0,1,0],[2,50,149]]
[[0,0,0],[1,0,0],[0,1,0],[33,57,149]]
[[0,0,0],[1,0,0],[0,1,0],[8,143,149]]
[[0,0,0],[1,0,0],[0,1,0],[9,26,149]]
[[0,0,0],[1,0,0],[0,1,0],[27,128,149]]
[[0,0,0],[1,0,0],[0,1,0],[7,57,149]]
[[0,0,0],[1,0,0],[0,1,0],[4,36,149]]
[[0,0,0],[1,0,0],[0,1,0],[14,16,149]]
[[0,0,0],[1,0,0],[0,1,0],[8,55,149]]
[[0,0,0],[1,0,0],[0,1,0],[7,70,149]]
[[0,0,0],[1,0,0],[0,1,0],[2,32,149]]
[[0,0,0],[1,0,0],[0,1,0],[2,12,149]]
[[0,0,0],[1,0,0],[0,1,0],[3,3,149]]
[[0,0,0],[1,0,0],[0,1,0],[3,34,149]]
[[0,0,0],[1,0,0],[0,1,0],[3,27,149]]
[[0,0,0],[1,0,0],[0,1,0],[18,36,149]]
[[0,0,0],[1,0,0],[0,1,0],[7,21,149]]
[[0,0,0],[1,0,0],[0,1,0],[12,45,149]]
[[0,0,0],[1,0,0],[0,1,0],[7,146,149]]
[[0,0,0],[1,0,0],[0,1,0],[27,44,149]]
[[0,0,0],[1,0,0],[0,1,0],[16,63,149]]
[[0,0,0],[1,0,0],[0,1,0],[16,135,149]]
[[0,0,0],[1,0,0],[0,1,0],[21,137,149]]
[[0,0,0],[1,0,0],[0,1,0],[18,61,149]]
[[0,0,0],[1,0,0],[0,1,0],[4,37,149]]
[[0,0,0],[1,0,0],[0,1,0],[1,7,149]]
[[0,0,0],[1,0,0],[0,1,0],[4,29,149]]
[[0,0,0],[1,0,0],[0,1,0],[9,36,149]]
[[0,0,0],[1,0,0],[0,1,0],[5,28,149]]
[[0,0,0],[1,0,0],[0,1,0],[11,20,149]]
[[0,0,0],[1,0,0],[0,1,0],[2,25,149]]
[[0,0,0],[1,0,0],[0,1,0],[18,24,149]]
[[0,0,0],[1,0,0],[0,1,0],[2,44,149]]
[[0,0,0],[1,0,0],[0,1,0],[1,49,149]]
[[0,0,0],[1,0,0],[0,1,0],[35,121,149]]
[[0,0,0],[1,0,0],[0,1,0],[11,141,149]]
[[0,0,0],[1,0,0],[0,1,0],[14,137,149]]
[[0,0,0],[1,0,0],[0,1,0],[3,30,149]]
[[0,0,0],[1,0,0],[0,1,0],[13,55,149]]
[[0,0,0],[1,0,0],[0,1,0],[2,31,149]]
[[0,0,0],[1,0,0],[0,1,0],[10,14,149]]
[[0,0,0],[1,0,0],[0,1,0],[3,8,149]]
[[0,0,0],[1,0,0],[0,1,0],[8,42,149]]
[[0,0,0],[1,0,0],[0,1,0],[1,20,149]]
[[0,0,0],[1,0,0],[0,1,0],[3,48,149]]
[[0,0,0],[1,0,0],[0,1,0],[3,58,149]]
[[0,0,0],[1,0,0],[0,1,0],[10,15,149]]
[[0,0,0],[1,0,0],[0,1,0],[24,33,149]]
[[0,0,0],[1,0,0],[0,1,0],[6,24,149]]
[[0,0,0],[1,0,0],[0,1,0],[8,35,149]]
[[0,0,0],[1,0,0],[0,1,0],[22,128,149]]
[[0,0,0],[1,0,0],[0,1,0],[1,48,149]]
[[0,0,0],[1,0,0],[0,1,0],[5,64,149]]
[[0,0,0],[1,0,0],[0,1,0],[2,74,149]]
[[0,0,0],[1,0,0],[0,1,0],[5,56,149]]
[[0,0,0],[1,0,0],[0,1,0],[3,41,149]]
[[0,0,0],[1,0,0],[0,1,0],[1,16,149]]
[[0,0,0],[1,0,0],[0,1,0],[3,53,149]]
[[0,0,0],[1,0,0],[0,1,0],[14,33,149]]
[[0,0,0],[1,0,0],[0,1,0],[3,59,149]]
[[0,0,0],[1,0,0],[0,1,0],[44,47,149]]
[[0,0,0],[1,0,0],[0,1,0],[8,68,149]]
[[0,0,0],[1,0,0],[0,1,0],[11,140,149]]
[[0,0,0],[1,0,0],[0,1,0],[4,38,149]]
[[0,0,0],[1,0,0],[0,1,0],[4,15,149]]
[[0,0,0],[1,0,0],[0,1,0],[26,132,149]]
[[0,0,0],[1,0,0],[0,1,0],[18,47,149]]
[[0,0,0],[1,0,0],[0,1,0],[33,38,149]]
[[0,0,0],[1,0,0],[0,1,0],[8,60,149]]
[[0,0,0],[1,0,0],[0,1,0],[12,27,149]]
[[0,0,0],[1,0,0],[0,1,0],[18,133,149]]
[[0,0,0],[1,0,0],[0,1,0],[12,44,149]]
[[0,0,0],[1,0,0],[0,1,0],[10,45,149]]
[[0,0,0],[1,0,0],[0,1,0],[22,131,149]]
[[0,0,0],[1,0,0],[0,1,0],[18,43,149]]
[[0,0,0],[1,0,0],[0,1,0],[54,106,149]]
[[0,0,0],[1,0,0],[0,1,0],[6,72,149]]
[[0,0,0],[1,0,0],[0,1,0],[5,60,149]]
[[0,0,0],[1,0,0],[0,1,0],[11,33,149]]
[[0,0,0],[1,0,0],[0,1,0],[11,66,149]]
[[0,0,0],[1,0,0],[0,1,0],[6,36,149]]
[[0,0,0],[1,0,0],[0,1,0],[37,131,149]]
[[0,0,0],[1,0,0],[0,1,0],[8,43,149]]
[[0,0,0],[1,0,0],[0,1,0],[2,6,149]]
[[0,0,0],[1,0,0],[0,1,0],[2,57,149]]
[[0,0,0],[1,0,0],[0,1,0],[49,101,149]]
[[0,0,0],[1,0,0],[0,1,0],[7,43,149]]
[[0,0,0],[1,0,0],[0,1,0],[29,36,149]]
[[0,0,0],[1,0,0],[0,1,0],[2,37,149]]
[[0,0,0],[1,0,0],[0,1,0],[22,62,149]]
[[0,0,0],[1,0,0],[0,1,0],[26,44,149]]
[[0,0,0],[1,0,0],[0,1,0],[2,40,149]]
[[0,0,0],[1,0,0],[0,1,0],[3,69,149]]
[[0,0,0],[1,0,0],[0,1,0],[13,143,149]]
[[0,0,0],[1,0,0],[0,1,0],[1,38,149]]
[[0,0,0],[1,0,0],[0,1,0],[9,63,149]]
[[0,0,0],[1,0,0],[0,1,0],[7,47,149]]
[[0,0,0],[1,0,0],[0,1,0],[13,47,149]]
[[0,0,0],[1,0,0],[0,1,0],[6,11,149]]
[[0,0,0],[1,0,0],[0,1,0],[8,31,149]]
[[0,0,0],[1,0,0],[0,1,0],[18,66,149]]
[[0,0,0],[1,0,0],[0,1,0],[18,54,149]]
[[0,0,0],[1,0,0],[0,1,0],[6,57,149]]
[[0,0,0],[1,0,0],[0,1,0],[3,37,149]]
[[0,0,0],[1,0,0],[0,1,0],[4,20,149]]
[[0,0,0],[1,0,0],[0,1,0],[19,139,149]]
[[0,0,0],[1,0,0],[0,1,0],[1,11,149]]
[[0,0,0],[1,0,0],[0,1,0],[14,36,149]]
[[0,0,0],[1,0,0],[0,1,0],[31,121,149]]
[[0,0,0],[1,0,0],[0,1,0],[6,56,149]]
[[0,0,0],[1,0,0],[0,1,0],[10,67,149]]
[[0,0,0],[1,0,0],[0,1,0],[4,49,149]]
[[0,0,0],[1,0,0],[0,1,0],[11,29,149]]
[[0,0,0],[1,0,0],[0,1,0],[14,68,149]]
[[0,0,0],[1,0,0],[0,1,0],[29,129,149]]
[[0,0,0],[1,0,0],[0,1,0],[7,40,149]]
[[0,0,0],[1,0,0],[0,1,0],[6,27,149]]
[[0,0,0],[1,0,0],[0,1,0],[18,65,149]]
[[0,0,0],[1,0,0],[0,1,0],[29,54,149]]
[[0,0,0],[1,0,0],[0,1,0],[39,126,149]]
[[0,0,0],[1,0,0],[0,1,0],[11,49,149]]
[[0,0,0],[1,0,0],[0,1,0],[4,7,149]]
[[0,0,0],[1,0,0],[0,1,0],[5,17,149]]
[[0,0,0],[1,0,0],[0,1,0],[20,39,149]]
[[0,0,0],[1,0,0],[0,1,0],[12,139,149]]
[[0,0,0],[1,0,0],[0,1,0],[34,54,149]]
[[0,0,0],[1,0,0],[0,1,0],[13,60,149]]
[[0,0,0],[1,0,0],[0,1,0],[34,121,149]]
[[0,0,0],[1,0,0],[0,1,0],[7,18,149]]
[[0,0,0],[1,0,0],[0,1,0],[13,26,149]]
[[0,0,0],[1,0,0],[0,1,0],[4,42,149]]
[[0,0,0],[1,0,0],[0,1,0],[3,55,149]]
[[0,0,0],[1,0,0],[0,1,0],[4,72,149]]
[[0,0,0],[1,0,0],[0,1,0],[7,69,149]]
[[0,0,0],[1,0,0],[0,1,0],[13,36,149]]
[[0,0,0],[1,0,0],[0,1,0],[9,17,149]]
[[0,0,0],[1,0,0],[0,1,0],[39,117,149]]
[[0,0,0],[1,0,0],[0,1,0],[3,19,149]]
[[0,0,0],[1,0,0],[0,1,0],[4,61,149]]
[[0,0,0],[1,0,0],[0,1,0],[11,16,149]]
[[0,0,0],[1,0,0],[0,1,0],[18,53,149]]
[[0,0,0],[1,0,0],[0,1,0],[34,42,149]]
[[0,0,0],[1,0,0],[0,1,0],[27,130,149]]
[[0,0,0],[1,0,0],[0,1,0],[4,30,149]]
[[0,0,0],[1,0,0],[0,1,0],[5,35,149]]
[[0,0,0],[1,0,0],[0,1,0],[2,17,149]]
[[0,0,0],[1,0,0],[0,1,0],[26,46,149]]
[[0,0,0],[1,0,0],[0,1,0],[19,33,149]]
[[0,0,0],[1,0,0],[0,1,0],[24,27,149]]
[[0,0,0],[1,0,0],[0,1,0],[11,42,149]]
[[0,0,0],[1,0,0],[0,1,0],[9,53,149]]
[[0,0,0],[1,0,0],[0,1,0],[4,4,149]]
[[0,0,0],[1,0,0],[0,1,0],[43,108,149]]
[[0,0,0],[1,0,0],[0,1,0],[4,40,149]]
[[0,0,0],[1,0,0],[0,1,0],[1,4,149]]
[[0,0,0],[1,0,0],[0,1,0],[5,7,149]]
[[0,0,0],[1,0,0],[0,1,0],[4,46,149]]
[[0,0,0],[1,0,0],[0,1,0],[39,130,149]]
[[0,0,0],[1,0,0],[0,1,0],[16,24,149]]
[[0,0,0],[1,0,0],[0,1,0],[27,34,149]]
[[0,0,0],[1,0,0],[0,1,0],[40,111,149]]
[[0,0,0],[1,0,0],[0,1,0],[29,31,149]]
[[0,0,0],[1,0,0],[0,1,0],[2,10,149]]
[[0,0,0],[1,0,0],[0,1,0],[12,23,149]]
[[0,0,0],[1,0,0],[0,1,0],[9,58,149]]
[[0,0,0],[1,0,0],[0,1,0],[18,48,149]]
[[0,0,0],[1,0,0],[0,1,0],[3,67,149]]
[[0,0,0],[1,0,0],[0,1,0],[37,48,149]]
[[0,0,0],[1,0,0],[0,1,0],[49,103,149]]
[[0,0,0],[1,0,0],[0,1,0],[21,61,149]]
[[0,0,0],[1,0,0],[0,1,0],[54,111,149]]
[[0,0,0],[1,0,0],[0,1,0],[20,27,149]]
[[0,0,0],[1,0,0],[0,1,0],[5,40,149]]
[[0,0,0],[1,0,0],[0,1,0],[4,41,149]]
[[0,0,0],[1,0,0],[0,1,0],[27,129,149]]
[[0,0,0],[1,0,0],[0,1,0],[2,148,149]]
[[0,0,0],[1,0,0],[0,1,0],[1,13,149]]
[[0,0,0],[1,0,0],[0,1,0],[45,45,149]]
[[0,0,0],[1,0,0],[0,1,0],[10,47,149]]
[[0,0,0],[1,0,0],[0,1,0],[21,131,149]]
[[0,0,0],[1,0,0],[0,1,0],[5,10,149]]
[[0,0,0],[1,0,0],[0,1,0],[19,63,149]]
[[0,0,0],[1,0,0],[0,1,0],[10,62,149]]
[[0,0,0],[1,0,0],[0,1,0],[9,14,149]]
[[0,0,0],[1,0,0],[0,1,0],[26,43,149]]
[[0,0,0],[1,0,0],[0,1,0],[11,54,149]]
[[0,0,0],[1,0,0],[0,1,0],[8,10,149]]
[[0,0,0],[1,0,0],[0,1,0],[65,88,149]]
[[0,0,0],[1,0,0],[0,1,0],[6,22,149]]
[[0,0,0],[1,0,0],[0,1,0],[29,127,149]]
[[0,0,0],[1,0,0],[0,1,0],[2,36,149]]
[[0,0,0],[1,0,0],[0,1,0],[4,65,149]]
[[0,0,0],[1,0,0],[0,1,0],[39,119,149]]
[[0,0,0],[1,0,0],[0,1,0],[7,13,149]]
[[0,0,0],[1,0,0],[0,1,0],[4,10,149]]
[[0,0,0],[1,0,0],[0,1,0],[9,143,149]]
[[0,0,0],[1,0,0],[0,1,0],[3,7,149]]
[[0,0,0],[1,0,0],[0,1,0],[29,135,149]]
[[0,0,0],[1,0,0],[0,1,0],[6,65,149]]
[[0,0,0],[1,0,0],[0,1,0],[16,16,149]]
[[0,0,0],[1,0,0],[0,1,0],[5,59,149]]
[[0,0,0],[1,0,0],[0,1,0],[4,59,149]]
[[0,0,0],[1,0,0],[0,1,0],[29,125,149]]
[[0,0,0],[1,0,0],[0,1,0],[8,45,149]]
[[0,0,0],[1,0,0],[0,1,0],[35,39,149]]
[[0,0,0],[1,0,0],[0,1,0],[6,15,149]]
[[0,0,0],[1,0,0],[0,1,0],[43,109,149]]
[[0,0,0],[1,0,0],[0,1,0],[2,43,149]]
[[0,0,0],[1,0,0],[0,1,0],[13,54,149]]
[[0,0,0],[1,0,0],[0,1,0],[26,130,149]]
[[0,0,0],[1,0,0],[0,1,0],[24,127,149]]
[[0,0,0],[1,0,0],[0,1,0],[3,148,149]]
[[0,0,0],[1,0,0],[0,1,0],[19,46,149]]
[[0,0,0],[1,0,0],[0,1,0],[12,55,149]]
[[0,0,0],[1,0,0],[0,1,0],[16,54,149]]
[[0,0,0],[1,0,0],[0,1,0],[12,31,149]]
[[0,0,0],[1,0,0],[0,1,0],[3,25,149]]
[[0,0,0],[1,0,0],[0,1,0],[10,34,149]]
[[0,0,0],[1,0,0],[0,1,0],[12,42,149]]
[[0,0,0],[1,0,0],[0,1,0],[5,31,149]]
[[0,0,0],[1,0,0],[0,1,0],[5,68,149]]
[[0,0,0],[1,0,0],[0,1,0],[27,125,149]]
[[0,0,0],[1,0,0],[0,1,0],[5,24,149]]
[[0,0,0],[1,0,0],[0,1,0],[2,5,149]]
[[0,0,0],[1,0,0],[0,1,0],[5,71,149]]
[[0,0,0],[1,0,0],[0,1,0],[10,52,149]]
[[0,0,0],[1,0,0],[0,1,0],[10,38,149]]
[[0,0,0],[1,0,0],[0,1,0],[7,12,149]]
[[0,0,0],[1,0,0],[0,1,0],[2,24,149]]
[[0,0,0],[1,0,0],[0,1,0],[18,139,149]]
[[0,0,0],[1,0,0],[0,1,0],[31,120,149]]
[[0,0,0],[1,0,0],[0,1,0],[19,140,149]]
[[0,0,0],[1,0,0],[0,1,0],[22,47,149]]
[[0,0,0],[1,0,0],[0,1,0],[18,60,149]]
[[0,0,0],[1,0,0],[0,1,0],[26,127,149]]
[[0,0,0],[1,0,0],[0,1,0],[8,16,149]]
[[0,0,0],[1,0,0],[0,1,0],[16,29,149]]
[[0,0,0],[1,0,0],[0,1,0],[63,100,149]]
[[0,0,0],[1,0,0],[0,1,0],[7,48,149]]
[[0,0,0],[1,0,0],[0,1,0],[7,58,149]]
[[0,0,0],[1,0,0],[0,1,0],[9,40,149]]
[[0,0,0],[1,0,0],[0,1,0],[4,146,149]]
[[0,0,0],[1,0,0],[0,1,0],[4,18,149]]
[[0,0,0],[1,0,0],[0,1,0],[13,28,149]]
[[0,0,0],[1,0,0],[0,1,0],[11,63,149]]
[[0,0,0],[1,0,0],[0,1,0],[1,45,149]]
[[0,0,0],[1,0,0],[0,1,0],[4,53,149]]
[[0,0,0],[1,0,0],[0,1,0],[43,45,149]]
[[0,0,0],[1,0,0],[0,1,0],[4,44,149]]
[[0,0,0],[1,0,0],[0,1,0],[20,65,149]]
[[0,0,0],[1,0,0],[0,1,0],[4,12,149]]
[[0,0,0],[1,0,0],[0,1,0],[12,28,149]]
[[0,0,0],[1,0,0],[0,1,0],[4,43,149]]
[[0,0,0],[1,0,0],[0,1,0],[2,14,149]]
[[0,0,0],[1,0,0],[0,1,0],[35,49,149]]
[[0,0,0],[1,0,0],[0,1,0],[5,61,149]]
[[0,0,0],[1,0,0],[0,1,0],[44,53,149]]
[[0,0,0],[1,0,0],[0,1,0],[9,22,149]]
[[0,0,0],[1,0,0],[0,1,0],[5,44,149]]
[[0,0,0],[1,0,0],[0,1,0],[12,59,149]]
[[0,0,0],[1,0,0],[0,1,0],[8,18,149]]
[[0,0,0],[1,0,0],[0,1,0],[2,4,149]]
[[0,0,0],[1,0,0],[0,1,0],[4,68,149]]
[[0,0,0],[1,0,0],[0,1,0],[12,47,149]]
[[0,0,0],[1,0,0],[0,1,0],[9,48,149]]
[[0,0,0],[1,0,0],[0,1,0],[20,137,149]]
[[0,0,0],[1,0,0],[0,1,0],[1,12,149]]
[[0,0,0],[1,0,0],[0,1,0],[21,129,149]]
[[0,0,0],[1,0,0],[0,1,0],[10,55,149]]
[[0,0,0],[1,0,0],[0,1,0],[6,6,149]]
[[0,0,0],[1,0,0],[0,1,0],[16,61,149]]
[[0,0,0],[1,0,0],[0,1,0],[2,23,149]]
[[0,0,0],[1,0,0],[0,1,0],[2,19,149]]
[[0,0,0],[1,0,0],[0,1,0],[20,131,149]]
[[0,0,0],[1,0,0],[0,1,0],[4,25,149]]
[[0,0,0],[1,0,0],[0,1,0],[24,60,149]]
[[0,0,0],[1,0,0],[0,1,0],[9,141,149]]
[[0,0,0],[1,0,0],[0,1,0],[2,26,149]]
[[0,0,0],[1,0,0],[0,1,0],[6,37,149]]
[[0,0,0],[1,0,0],[0,1,0],[3,147,149]]
[[0,0,0],[1,0,0],[0,1,0],[6,63,149]]
[[0,0,0],[1,0,0],[0,1,0],[3,35,149]]
[[0,0,0],[1,0,0],[0,1,0],[2,47,149]]
[[0,0,0],[1,0,0],[0,1,0],[14,38,149]]
[[0,0,0],[1,0,0],[0,1,0],[4,24,149]]
[[0,0,0],[1,0,0],[0,1,0],[16,45,149]]
[[0,0,0],[1,0,0],[0,1,0],[11,47,149]]
[[0,0,0],[1,0,0],[0,1,0],[6,48,149]]
[[0,0,0],[1,0,0],[0,1,0],[21,31,149]]
[[0,0,0],[1,0,0],[0,1,0],[5,62,149]]
[[0,0,0],[1,0,0],[0,1,0],[46,111,149]]
[[0,0,0],[1,0,0],[0,1,0],[7,54,149]]
[[0,0,0],[1,0,0],[0,1,0],[16,67,149]]
[[0,0,0],[1,0,0],[0,1,0],[22,40,149]]
[[0,0,0],[1,0,0],[0,1,0],[11,24,149]]
[[0,0,0],[1,0,0],[0,1,0],[2,21,149]]
[[0,0,0],[1,0,0],[0,1,0],[10,23,149]]
[[0,0,0],[1,0,0],[0,1,0],[13,35,149]]
[[0,0,0],[1,0,0],[0,1,0],[3,5,149]]
[[0,0,0],[1,0,0],[0,1,0],[22,37,149]]
[[0,0,0],[1,0,0],[0,1,0],[4,64,149]]
[[0,0,0],[1,0,0],[0,1,0],[21,135,149]]
[[0,0,0],[1,0,0],[0,1,0],[17,57,149]]
[[0,0,0],[1,0,0],[0,1,0],[5,19,149]]
[[0,0,0],[1,0,0],[0,1,0],[3,54,149]]
[[0,0,0],[1,0,0],[0,1,0],[3,63,149]]
[[0,0,0],[1,0,0],[0,1,0],[13,43,149]]
[[0,0,0],[1,0,0],[0,1,0],[9,42,149]]
[[0,0,0],[1,0,0],[0,1,0],[10,37,149]]
[[0,0,0],[1,0,0],[0,1,0],[11,31,149]]
[[0,0,0],[1,0,0],[0,1,0],[1,66,149]]
[[0,0,0],[1,0,0],[0,1,0],[10,58,149]]
[[0,0,0],[1,0,0],[0,1,0],[40,55,149]]
[[0,0,0],[1,0,0],[0,1,0],[17,141,149]]
[[0,0,0],[1,0,0],[0,1,0],[7,19,149]]
[[0,0,0],[1,0,0],[0,1,0],[27,47,149]]
[[0,0,0],[1,0,0],[0,1,0],[4,19,149]]
[[0,0,0],[1,0,0],[0,1,0],[17,139,149]]
[[0,0,0],[1,0,0],[0,1,0],[14,62,149]]
[[0,0,0],[1,0,0],[0,1,0],[13,59,149]]
[[0,0,0],[1,0,0],[0,1,0],[11,60,149]]
[[0,0,0],[1,0,0],[0,1,0],[27,45,149]]
[[0,0,0],[1,0,0],[0,1,0],[26,133,149]]
[[0,0,0],[1,0,0],[0,1,0],[3,68,149]]
[[0,0,0],[1,0,0],[0,1,0],[19,40,149]]
[[0,0,0],[1,0,0],[0,1,0],[13,139,149]]
[[0,0,0],[1,0,0],[0,1,0],[3,51,149]]
[[0,0,0],[1,0,0],[0,1,0],[2,66,149]]
[[0,0,0],[1,0,0],[0,1,0],[14,60,149]]
[[0,0,0],[1,0,0],[0,1,0],[26,51,149]]
[[0,0,0],[1,0,0],[0,1,0],[3,6,149]]
[[0,0,0],[1,0,0],[0,1,0],[38,38,149]]
[[0,0,0],[1,0,0],[0,1,0],[11,142,149]]
[[0,0,0],[1,0,0],[0,1,0],[6,66,149]]
[[0,0,0],[1,0,0],[0,1,0],[35,129,149]]
[[0,0,0],[1,0,0],[0,1,0],[7,51,149]]
[[0,0,0],[1,0,0],[0,1,0],[2,71,149]]
[[0,0,0],[1,0,0],[0,1,0],[5,26,149]]
[[0,0,0],[1,0,0],[0,1,0],[2,41,149]]
[[0,0,0],[1,0,0],[0,1,0],[18,51,149]]
[[0,0,0],[1,0,0],[0,1,0],[8,40,149]]
[[0,0,0],[1,0,0],[0,1,0],[19,36,149]]
[[0,0,0],[1,0,0],[0,1,0],[5,54,149]]
[[0,0,0],[1,0,0],[0,1,0],[22,24,149]]
[[0,0,0],[1,0,0],[0,1,0],[4,17,149]]
[[0,0,0],[1,0,0],[0,1,0],[6,62,149]]
[[0,0,0],[1,0,0],[0,1,0],[12,43,149]]
[[0,0,0],[1,0,0],[0,1,0],[8,11,149]]
[[0,0,0],[1,0,0],[0,1,0],[2,7,149]]
[[0,0,0],[1,0,0],[0,1,0],[5,45,149]]
[[0,0,0],[1,0,0],[0,1,0],[4,54,149]]
[[0,0,0],[1,0,0],[0,1,0],[3,57,149]]
[[0,0,0],[1,0,0],[0,1,0],[7,53,149]]
[[0,0,0],[1,0,0],[0,1,0],[22,60,149]]
[[0,0,0],[1,0,0],[0,1,0],[1,5,149]]
[[0,0,0],[1,0,0],[0,1,0],[6,42,149]]
[[0,0,0],[1,0,0],[0,1,0],[21,138,149]]
[[0,0,0],[1,0,0],[0,1,0],[2,55,149]]
[[0,0,0],[1,0,0],[0,1,0],[6,16,149]]
[[0,0,0],[1,0,0],[0,1,0],[24,54,149]]
[[0,0,0],[1,0,0],[0,1,0],[5,43,149]]
[[0,0,0],[1,0,0],[0,1,0],[1,40,149]]
[[0,0,0],[1,0,0],[0,1,0],[14,140,149]]
[[0,0,0],[1,0,0],[0,1,0],[10,54,149]]
[[0,0,0],[1,0,0],[0,1,0],[3,42,149]]
[[0,0,0],[1,0,0],[0,1,0],[18,31,149]]
[[0,0,0],[1,0,0],[0,1,0],[10,20,149]]
[[0,0,0],[1,0,0],[0,1,0],[17,27,149]]
[[0,0,0],[1,0,0],[0,1,0],[7,61,149]]
[[0,0,0],[1,0,0],[0,1,0],[1,29,149]]
[[0,0,0],[1,0,0],[0,1,0],[9,34,149]]
[[0,0,0],[1,0,0],[0,1,0],[17,140,149]]
[[0,0,0],[1,0,0],[0,1,0],[16,46,149]]
[[0,0,0],[1,0,0],[0,1,0],[33,54,149]]
[[0,0,0],[1,0,0],[0,1,0],[3,40,149]]
[[0,0,0],[1,0,0],[0,1,0],[7,38,149]]
[[0,0,0],[1,0,0],[0,1,0],[5,38,149]]
[[0,0,0],[1,0,0],[0,1,0],[1,43,149]]
[[0,0,0],[1,0,0],[0,1,0],[11,36,149]]
[[0,0,0],[1,0,0],[0,1,0],[4,73,149]]
[[0,0,0],[1,0,0],[0,1,0],[40,124,149]]
[[0,0,0],[1,0,0],[0,1,0],[47,108,149]]
[[0,0,0],[1,0,0],[0,1,0],[1,8,149]]
[[0,0,0],[1,0,0],[0,1,0],[7,39,149]]
[[0,0,0],[1,0,0],[0,1,0],[3,56,149]]
[[0,0,0],[1,0,0],[0,1,0],[17,133,149]]
[[0,0,0],[1,0,0],[0,1,0],[21,59,149]]
[[0,0,0],[1,0,0],[0,1,0],[40,42,149]]
[[0,0,0],[1,0,0],[0,1,0],[4,67,149]]
[[0,0,0],[1,0,0],[0,1,0],[10,46,149]]
[[0,0,0],[1,0,0],[0,1,0],[3,22,149]]
[[0,0,0],[1,0,0],[0,1,0],[17,36,149]]
[[0,0,0],[1,0,0],[0,1,0],[5,145,149]]
[[0,0,0],[1,0,0],[0,1,0],[2,34,149]]
[[0,0,0],[1,0,0],[0,1,0],[39,46,149]]
[[0,0,0],[1,0,0],[0,1,0],[7,24,149]]
[[0,0,0],[1,0,0],[0,1,0],[24,46,149]]
[[0,0,0],[1,0,0],[0,1,0],[6,35,149]]
[[0,0,0],[1,0,0],[0,1,0],[6,51,149]]
[[0,0,0],[1,0,0],[0,1,0],[3,10,149]]
[[0,0,0],[1,0,0],[0,1,0],[20,51,149]]
[[0,0,0],[1,0,0],[0,1,0],[7,10,149]]
[[0,0,0],[1,0,0],[0,1,0],[4,8,149]]
[[0,0,0],[1,0,0],[0,1,0],[39,39,149]]
[[0,0,0],[1,0,0],[0,1,0],[6,44,149]]
[[0,0,0],[1,0,0],[0,1,0],[10,66,149]]
[[0,0,0],[1,0,0],[0,1,0],[7,37,149]]
[[0,0,0],[1,0,0],[0,1,0],[6,61,149]]
[[0,0,0],[1,0,0],[0,1,0],[11,21,149]]
[[0,0,0],[1,0,0],[0,1,0],[14,35,149]]
[[0,0,0],[1,0,0],[0,1,0],[9,23,149]]
[[0,0,0],[1,0,0],[0,1,0],[17,45,149]]
[[0,0,0],[1,0,0],[0,1,0],[8,38,149]]
[[0,0,0],[1,0,0],[0,1,0],[7,42,149]]
[[0,0,0],[1,0,0],[0,1,0],[6,60,149]]
[[0,0,0],[1,0,0],[0,1,0],[10,60,149]]
[[0,0,0],[1,0,0],[0,1,0],[24,36,149]]
[[0,0,0],[1,0,0],[0,1,0],[4,22,149]]
[[0,0,0],[1,0,0],[0,1,0],[8,37,149]]
[[0,0,0],[1,0,0],[0,1,0],[2,65,149]]
[[0,0,0],[1,0,0],[0,1,0],[20,130,149]]
[[0,0,0],[1,0,0],[0,1,0],[5,67,149]]
[[0,0,0],[1,0,0],[0,1,0],[8,8,149]]
[[0,0,0],[1,0,0],[0,1,0],[11,14,149]]
[[0,0,0],[1,0,0],[0,1,0],[6,46,149]]
[[0,0,0],[1,0,0],[0,1,0],[9,15,149]]
[[0,0,0],[1,0,0],[0,1,0],[20,31,149]]
[[0,0,0],[1,0,0],[0,1,0],[13,13,149]]
[[0,0,0],[1,0,0],[0,1,0],[7,7,149]]
[[0,0,0],[1,0,0],[0,1,0],[21,49,149]]
[[0,0,0],[1,0,0],[0,1,0],[43,128,149]]
[[0,0,0],[1,0,0],[0,1,0],[12,18,149]]
[[0,0,0],[1,0,0],[0,1,0],[46,104,149]]
[[0,0,0],[1,0,0],[0,1,0],[5,15,149]]
[[0,0,0],[1,0,0],[0,1,0],[3,46,149]]
[[0,0,0],[1,0,0],[0,1,0],[31,49,149]]
[[0,0,0],[1,0,0],[0,1,0],[40,110,149]]
[[0,0,0],[1,0,0],[0,1,0],[6,144,149]]
[[0,0,0],[1,0,0],[0,1,0],[9,69,149]]
[[0,0,0],[1,0,0],[0,1,0],[3,24,149]]
[[0,0,0],[1,0,0],[0,1,0],[17,61,149]]
[[0,0,0],[1,0,0],[0,1,0],[3,20,149]]
[[0,0,0],[1,0,0],[0,1,0],[24,38,149]]
[[0,0,0],[1,0,0],[0,1,0],[13,33,149]]
[[0,0,0],[1,0,0],[0,1,0],[14,31,149]]
[[0,0,0],[1,0,0],[0,1,0],[20,60,149]]
[[0,0,0],[1,0,0],[0,1,0],[3,16,149]]
[[0,0,0],[1,0,0],[0,1,0],[21,133,149]]
[[0,0,0],[1,0,0],[0,1,0],[4,11,149]]
[[0,0,0],[1,0,0],[0,1,0],[10,10,149]]
[[0,0,0],[1,0,0],[0,1,0],[9,9,149]]
[[0,0,0],[1,0,0],[0,1,0],[5,23,149]]
[[0,0,0],[1,0,0],[0,1,0],[2,63,149]]
[[0,0,0],[1,0,0],[0,1,0],[6,49,149]]
[[0,0,0],[1,0,0],[0,1,0],[8,65,149]]
[[0,0,0],[1,0,0],[0,1,0],[22,44,149]]
[[0,0,0],[1,0,0],[0,1,0],[40,113,149]]
[[0,0,0],[1,0,0],[0,1,0],[2,69,149]]
[[0,0,0],[1,0,0],[0,1,0],[13,141,149]]
[[0,0,0],[1,0,0],[0,1,0],[20,40,149]]
[[0,0,0],[1,0,0],[0,1,0],[16,139,149]]
[[0,0,0],[1,0,0],[0,1,0],[34,123,149]]
[[0,0,0],[1,0,0],[0,1,0],[4,47,149]]
[[0,0,0],[1,0,0],[0,1,0],[5,58,149]]
[[0,0,0],[1,0,0],[0,1,0],[1,1,149]]
[[0,0,0],[1,0,0],[0,1,0],[45,113,149]]
[[0,0,0],[1,0,0],[0,1,0],[3,71,149]]
[[0,0,0],[1,0,0],[0,1,0],[9,54,149]]
[[0,0,0],[1,0,0],[0,1,0],[5,14,149]]
[[0,0,0],[1,0,0],[0,1,0],[34,53,149]]
[[0,0,0],[1,0,0],[0,1,0],[6,21,149]]
[[0,0,0],[1,0,0],[0,1,0],[3,15,149]]
[[0,0,0],[1,0,0],[0,1,0],[4,26,149]]
[[0,0,0],[1,0,0],[0,1,0],[9,31,149]]
[[0,0,0],[1,0,0],[0,1,0],[2,29,149]]
[[0,0,0],[1,0,0],[0,1,0],[12,57,149]]
[[0,0,0],[1,0,0],[0,1,0],[9,24,149]]
[[0,0,0],[1,0,0],[0,1,0],[21,38,149]]
[[0,0,0],[1,0,0],[0,1,0],[14,47,149]]
[[0,0,0],[1,0,0],[0,1,0],[16,26,149]]
[[0,0,0],[1,0,0],[0,1,0],[19,34,149]]
[[0,0,0],[1,0,0],[0,1,0],[17,38,149]]
[[0,0,0],[1,0,0],[0,1,0],[18,42,149]]
[[0,0,0],[1,0,0],[0,1,0],[17,34,149]]
[[0,0,0],[1,0,0],[0,1,0],[24,136,149]]
[[0,0,0],[1,0,0],[0,1,0],[10,39,149]]
[[0,0,0],[1,0,0],[0,1,0],[7,27,149]]
[[0,0,0],[1,0,0],[0,1,0],[26,36,149]]
[[0,0,0],[1,0,0],[0,1,0],[9,67,149]]
[[0,0,0],[1,0,0],[0,1,0],[24,57,149]]
[[0,0,0],[1,0,0],[0,1,0],[7,59,149]]
[[0,0,0],[1,0,0],[0,1,0],[6,40,149]]
[[0,0,0],[1,0,0],[0,1,0],[11,17,149]]
[[0,0,0],[1,0,0],[0,1,0],[11,57,149]]
[[0,0,0],[1,0,0],[0,1,0],[2,46,149]]
[[0,0,0],[1,0,0],[0,1,0],[1,17,149]]
[[0,0,0],[1,0,0],[0,1,0],[9,18,149]]
[[0,0,0],[1,0,0],[0,1,0],[19,53,149]]
[[0,0,0],[1,0,0],[0,1,0],[11,43,149]]
[[0,0,0],[1,0,0],[0,1,0],[2,9,149]]
[[0,0,0],[1,0,0],[0,1,0],[44,44,149]]
[[0,0,0],[1,0,0],[0,1,0],[29,133,149]]
[[0,0,0],[1,0,0],[0,1,0],[35,130,149]]
[[0,0,0],[1,0,0],[0,1,0],[5,37,149]]
[[0,0,0],[1,0,0],[0,1,0],[1,24,149]]
[[0,0,0],[1,0,0],[0,1,0],[4,32,149]]
[[0,0,0],[1,0,0],[0,1,0],[19,136,149]]
[[0,0,0],[1,0,0],[0,1,0],[16,27,149]]
[[0,0,0],[1,0,0],[0,1,0],[9,59,149]]
[[0,0,0],[1,0,0],[0,1,0],[8,34,149]]
[[0,0,0],[1,0,0],[0,1,0],[13,138,149]]
[[0,0,0],[1,0,0],[0,1,0],[6,33,149]]
[[0,0,0],[1,0,0],[0,1,0],[2,27,149]]
[[0,0,0],[1,0,0],[0,1,0],[2,16,149]]
[[0,0,0],[1,0,0],[0,1,0],[45,127,149]]
[[0,0,0],[1,0,0],[0,1,0],[10,42,149]]
[[0,0,0],[1,0,0],[0,1,0],[8,48,149]]
[[0,0,0],[1,0,0],[0,1,0],[2,48,149]]
[[0,0,0],[1,0,0],[0,1,0],[42,121,149]]
[[0,0,0],[1,0,0],[0,1,0],[42,124,149]]
[[0,0,0],[1,0,0],[0,1,0],[20,22,149]]
[[0,0,0],[1,0,0],[0,1,0],[5,20,149]]
[[0,0,0],[1,0,0],[0,1,0],[33,121,149]]
[[0,0,0],[1,0,0],[0,1,0],[12,60,149]]
[[0,0,0],[1,0,0],[0,1,0],[5,34,149]]
[[0,0,0],[1,0,0],[0,1,0],[4,13,149]]
[[0,0,0],[1,0,0],[0,1,0],[3,33,149]]
[[0,0,0],[1,0,0],[0,1,0],[26,125,149]]
[[0,0,0],[1,0,0],[0,1,0],[2,72,149]]
[[0,0,0],[1,0,0],[0,1,0],[7,14,149]]
[[0,0,0],[1,0,0],[0,1,0],[1,22,149]]
[[0,0,0],[1,0,0],[0,1,0],[16,140,149]]
[[0,0,0],[1,0,0],[0,1,0],[13,46,149]]
[[0,0,0],[1,0,0],[0,1,0],[11,37,149]]
[[0,0,0],[1,0,0],[0,1,0],[8,22,149]]
[[0,0,0],[1,0,0],[0,1,0],[1,10,149]]
[[0,0,0],[1,0,0],[0,1,0],[13,65,149]]
[[0,0,0],[1,0,0],[0,1,0],[9,41,149]]
[[0,0,0],[1,0,0],[0,1,0],[22,132,149]]
[[0,0,0],[1,0,0],[0,1,0],[6,20,149]]
[[0,0,0],[1,0,0],[0,1,0],[48,48,149]]
[[0,0,0],[1,0,0],[0,1,0],[26,26,149]]
[[0,0,0],[1,0,0],[0,1,0],[10,70,149]]
[[0,0,0],[1,0,0],[0,1,0],[6,38,149]]
[[0,0,0],[1,0,0],[0,1,0],[9,52,149]]
[[0,0,0],[1,0,0],[0,1,0],[8,62,149]]
[[0,0,0],[1,0,0],[0,1,0],[10,53,149]]
[[0,0,0],[1,0,0],[0,1,0],[9,21,149]]
[[0,0,0],[1,0,0],[0,1,0],[11,32,149]]
[[0,0,0],[1,0,0],[0,1,0],[4,69,149]]
[[0,0,0],[1,0,0],[0,1,0],[10,16,149]]
[[0,0,0],[1,0,0],[0,1,0],[5,69,149]]
[[0,0,0],[1,0,0],[0,1,0],[8,20,149]]
[[0,0,0],[1,0,0],[0,1,0],[8,69,149]]
[[0,0,0],[1,0,0],[0,1,0],[60,115,149]]
[[0,0,0],[1,0,0],[0,1,0],[4,55,149]]
[[0,0,0],[1,0,0],[0,1,0],[1,19,149]]
[[0,0,0],[1,0,0],[0,1,0],[2,59,149]]
[[0,0,0],[1,0,0],[0,1,0],[34,130,149]]
[[0,0,0],[1,0,0],[0,1,0],[7,16,149]]
[[0,0,0],[1,0,0],[0,1,0],[3,62,149]]
[[0,0,0],[1,0,0],[0,1,0],[17,40,149]]
[[0,0,0],[1,0,0],[0,1,0],[22,35,149]]
[[0,0,0],[1,0,0],[0,1,0],[4,66,149]]
[[0,0,0],[1,0,0],[0,1,0],[2,53,149]]
[[0,0,0],[1,0,0],[0,1,0],[11,19,149]]
[[0,0,0],[1,0,0],[0,1,0],[35,46,149]]
[[0,0,0],[1,0,0],[0,1,0],[63,101,149]]
[[0,0,0],[1,0,0],[0,1,0],[5,21,149]]
[[0,0,0],[1,0,0],[0,1,0],[4,6,149]]
[[0,0,0],[1,0,0],[0,1,0],[17,49,149]]
[[0,0,0],[1,0,0],[0,1,0],[11,58,149]]
[[0,0,0],[1,0,0],[0,1,0],[7,62,149]]
[[0,0,0],[1,0,0],[0,1,0],[3,61,149]]
[[0,0,0],[1,0,0],[0,1,0],[8,36,149]]
[[0,0,0],[1,0,0],[0,1,0],[40,126,149]]
[[0,0,0],[1,0,0],[0,1,0],[5,8,149]]
[[0,0,0],[1,0,0],[0,1,0],[16,62,149]]
[[0,0,0],[1,0,0],[0,1,0],[12,34,149]]
[[0,0,0],[1,0,0],[0,1,0],[4,16,149]]
[[0,0,0],[1,0,0],[0,1,0],[9,145,149]]
[[0,0,0],[1,0,0],[0,1,0],[13,41,149]]
[[0,0,0],[1,0,0],[0,1,0],[13,63,149]]
[[0,0,0],[1,0,0],[0,1,0],[21,35,149]]
[[0,0,0],[1,0,0],[0,1,0],[10,33,149]]
[[0,0,0],[1,0,0],[0,1,0],[13,39,149]]
[[0,0,0],[1,0,0],[0,1,0],[18,52,149]]
[[0,0,0],[1,0,0],[0,1,0],[9,32,149]]
[[0,0,0],[1,0,0],[0,1,0],[14,28,149]]
[[0,0,0],[1,0,0],[0,1,0],[6,64,149]]
[[0,0,0],[1,0,0],[0,1,0],[49,115,149]]
[[0,0,0],[1,0,0],[0,1,0],[17,20,149]]
[[0,0,0],[1,0,0],[0,1,0],[17,138,149]]
[[0,0,0],[1,0,0],[0,1,0],[20,44,149]]
[[0,0,0],[1,0,0],[0,1,0],[8,70,149]]
[[0,0,0],[1,0,0],[0,1,0],[2,58,149]]
[[0,0,0],[1,0,0],[0,1,0],[31,40,149]]
[[0,0,0],[1,0,0],[0,1,0],[4,45,149]]
[[0,0,0],[1,0,0],[0,1,0],[19,59,149]]
[[0,0,0],[1,0,0],[0,1,0],[12,39,149]]
[[0,0,0],[1,0,0],[0,1,0],[7,34,149]]
[[0,0,0],[1,0,0],[0,1,0],[11,51,149]]
[[0,0,0],[1,0,0],[0,1,0],[55,103,149]]
[[0,0,0],[1,0,0],[0,1,0],[24,59,149]]
[[0,0,0],[1,0,0],[0,1,0],[1,14,149]]
[[0,0,0],[1,0,0],[0,1,0],[8,28,149]]
[[0,0,0],[1,0,0],[0,1,0],[6,34,149]]
[[0,0,0],[1,0,0],[0,1,0],[16,38,149]]
[[0,0,0],[1,0,0],[0,1,0],[3,29,149]]
[[0,0,0],[1,0,0],[0,1,0],[45,119,149]]
[[0,0,0],[1,0,0],[0,1,0],[19,131,149]]
[[0,0,0],[1,0,0],[0,1,0],[8,13,149]]
[[0,0,0],[1,0,0],[0,1,0],[16,31,149]]
[[0,0,0],[1,0,0],[0,1,0],[27,33,149]]
[[0,0,0],[1,0,0],[0,1,0],[4,28,149]]
[[0,0,0],[1,0,0],[0,1,0],[16,48,149]]
[[0,0,0],[1,0,0],[0,1,0],[7,26,149]]
[[0,0,0],[1,0,0],[0,1,0],[8,46,149]]
[[0,0,0],[1,0,0],[0,1,0],[8,51,149]]
[[0,0,0],[1,0,0],[0,1,0],[38,113,149]]
[[0,0,0],[1,0,0],[0,1,0],[12,48,149]]
[[0,0,0],[1,0,0],[0,1,0],[9,27,149]]
[[0,0,0],[1,0,0],[0,1,0],[4,58,149]]
[[0,0,0],[1,0,0],[0,1,0],[18,44,149]]
[[0,0,0],[1,0,0],[0,1,0],[0,1,149]]
[[0,0,0],[1,0,0],[0,1,0],[29,42,149]]
[[0,0,0],[1,0,0],[0,1,0],[19,49,149]]
[[0,0,0],[1,0,0],[0,1,0],[8,24,149]]
[[0,0,0],[1,0,0],[0,1,0],[12,36,149]]
[[0,0,0],[1,0,0],[0,1,0],[2,13,149]]
[[0,0,0],[1,0,0],[0,1,0],[9,60,149]]
[[0,0,0],[1,0,0],[0,1,0],[35,47,149]]
[[0,0,0],[1,0,0],[0,1,0],[14,53,149]]
[[0,0,0],[1,0,0],[0,1,0],[2,64,149]]
[[0,0,0],[1,0,0],[0,1,0],[13,52,149]]
[[0,0,0],[1,0,0],[0,1,0],[11,59,149]]
[[0,0,0],[1,0,0],[0,1,0],[7,56,149]]
[[0,0,0],[1,0,0],[0,1,0],[11,13,149]]
[[0,0,0],[1,0,0],[0,1,0],[3,18,149]]
[[0,0,0],[1,0,0],[0,1,0],[5,65,149]]
[[0,0,0],[1,0,0],[0,1,0],[6,55,149]]
[[0,0,0],[1,0,0],[0,1,0],[44,113,149]]
[[0,0,0],[1,0,0],[0,1,0],[3,9,149]]
[[0,0,0],[1,0,0],[0,1,0],[2,39,149]]
[[0,0,0],[1,0,0],[0,1,0],[3,31,149]]
[[0,0,0],[1,0,0],[0,1,0],[10,12,149]]
[[0,0,0],[1,0,0],[0,1,0],[7,45,149]]
[[0,0,0],[1,0,0],[0,1,0],[27,57,149]]
[[0,0,0],[1,0,0],[0,1,0],[6,28,149]]
[[0,0,0],[1,0,0],[0,1,0],[17,59,149]]
[[0,0,0],[1,0,0],[0,1,0],[1,2,149]]
[[0,0,0],[1,0,0],[0,1,0],[2,30,149]]
[[0,0,0],[1,0,0],[0,1,0],[7,60,149]]
[[0,0,0],[1,0,0],[0,1,0],[20,54,149]]
[[0,0,0],[1,0,0],[0,1,0],[2,18,149]]
[[0,0,0],[1,0,0],[0,1,0],[5,53,149]]
[[0,0,0],[1,0,0],[0,1,0],[10,141,149]]
[[0,0,0],[1,0,0],[0,1,0],[6,12,149]]
[[0,0,0],[1,0,0],[0,1,0],[47,106,149]]
[[0,0,0],[1,0,0],[0,1,0],[11,11,149]]
[[0,0,0],[1,0,0],[0,1,0],[37,128,149]]
[[0,0,0],[1,0,0],[0,1,0],[13,44,149]]
[[0,0,0],[1,0,0],[0,1,0],[5,13,149]]
[[0,0,0],[1,0,0],[0,1,0],[10,143,149]]
[[0,0,0],[1,0,0],[0,1,0],[44,106,149]]
[[0,0,0],[1,0,0],[0,1,0],[8,14,149]]
[[0,0,0],[1,0,0],[0,1,0],[6,54,149]]
[[0,0,0],[1,0,0],[0,1,0],[1,6,149]]
[[0,0,0],[1,0,0],[0,1,0],[17,37,149]]
[[0,0,0],[1,0,0],[0,1,0],[19,133,149]]
[[0,0,0],[1,0,0],[0,1,0],[22,42,149]]
[[0,0,0],[1,0,0],[0,1,0],[4,39,149]]
[[0,0,0],[1,0,0],[0,1,0],[8,29,149]]
[[0,0,0],[1,0,0],[0,1,0],[17,135,149]]
[[0,0,0],[1,0,0],[0,1,0],[6,68,149]]
[[0,0,0],[1,0,0],[0,1,0],[3,14,149]]
[[0,0,0],[1,0,0],[0,1,0],[9,61,149]]
[[0,0,0],[1,0,0],[0,1,0],[11,40,149]]
[[0,0,0],[1,0,0],[0,1,0],[17,24,149]]
[[0,0,0],[1,0,0],[0,1,0],[9,38,149]]
[[0,0,0],[1,0,0],[0,1,0],[5,18,149]]
[[0,0,0],[1,0,0],[0,1,0],[19,37,149]]
[[0,0,0],[1,0,0],[0,1,0],[3,44,149]]
[[0,0,0],[1,0,0],[0,1,0],[40,40,149]]
[[0,0,0],[1,0,0],[0,1,0],[2,8,149]]
[[0,0,0],[1,0,0],[0,1,0],[20,53,149]]
[[0,0,0],[1,0,0],[0,1,0],[6,39,149]]
[[0,0,0],[1,0,0],[0,1,0],[2,33,149]]
