[[0,0,0],[1,0,0],[0,1,0],[3,3,15]]
[[0,0,0],[1,0,0],[0,1,0],[1,4,15]]
[[0,0,0],[1,0,0],[0,1,0],[10,11,15]]
[[0,0,0],[1,0,0],[0,1,0],[6,4,15]]
[[0,0,0],[1,0,0],[0,1,0],[10,6,15]]
[[0,0,0],[1,0,0],[0,1,0],[12,4,15]]
[[0,0,0],[1,0,0],[0,1,0],[7,14,15]]
[[0,0,0],[1,0,0],[0,1,0],[0,1,15]]
[[0,0,0],[1,0,0],[0,1,0],[2,8,15]]
[[0,0,0],[1,0,0],[0,1,0],[9,12,15]]
[[0,0,0],[1,0,0],[0,1,0],[3,7,15]]
[[0,0,0],[1,0,0],[0,1,0],[3,8,15]]
[[0,0,0],[3,0,0],[0,1,0],[0,1,5]]
[[0,0,0],[1,0,0],[0,1,0],[5,11,15]]
[[0,0,0],[1,0,0],[0,1,0],[3,13,15]]
[[0,0,0],[1,0,0],[0,1,0],[5,6,15]]
[[0,0,0],[1,0,0],[0,1,0],[6,1,15]]
[[0,0,0],[1,0,0],[0,1,0],[3,1,15]]
[[0,0,0],[1,0,0],[0,1,0],[2,4,15]]
[[0,0,0],[1,0,0],[0,1,0],[3,4,15]]
[[0,0,0],[1,0,0],[0,1,0],[7,11,15]]
[[0,0,0],[1,0,0],[0,1,0],[11,11,15]]
[[0,0,0],[1,0,0],[0,1,0],[2,14,15]]
[[0,0,0],[1,0,0],[0,1,0],[2,2,15]]
[[0,0,0],[1,0,0],[0,1,0],[12,14,15]]
[[0,0,0],[1,0,0],[0,1,0],[14,14,15]]
[[0,0,0],[1,0,0],[0,1,0],[2,7,15]]
[[0,0,0],[1,0,0],[0,1,0],[5,1,15]]
[[0,0,0],[1,0,0],[0,1,0],[9,13,15]]
[[0,0,0],[1,0,0],[0,1,0],[1,2,15]]
[[0,0,0],[1,0,0],[0,1,0],[1,1,15]]
