[[0,0,0],[1,0,0],[0,1,0],[16,69,157]]
[[0,0,0],[1,0,0],[0,1,0],[8,66,157]]
[[0,0,0],[1,0,0],[0,1,0],[11,71,157]]
[[0,0,0],[1,0,0],[0,1,0],[6,39,157]]
[[0,0,0],[1,0,0],[0,1,0],[29,43,157]]
[[0,0,0],[1,0,0],[0,1,0],[5,25,157]]
[[0,0,0],[1,0,0],[0,1,0],[22,33,157]]
[[0,0,0],[1,0,0],[0,1,0],[12,19,157]]
[[0,0,0],[1,0,0],[0,1,0],[3,74,157]]
[[0,0,0],[1,0,0],[0,1,0],[7,23,157]]
[[0,0,0],[1,0,0],[0,1,0],[17,54,157]]
[[0,0,0],[1,0,0],[0,1,0],[4,21,157]]
[[0,0,0],[1,0,0],[0,1,0],[12,14,157]]
[[0,0,0],[1,0,0],[0,1,0],[32,43,157]]
[[0,0,0],[1,0,0],[0,1,0],[13,20,157]]
[[0,0,0],[1,0,0],[0,1,0],[34,51,157]]
[[0,0,0],[1,0,0],[0,1,0],[3,36,157]]
[[0,0,0],[1,0,0],[0,1,0],[6,52,157]]
[[0,0,0],[1,0,0],[0,1,0],[8,27,157]]
[[0,0,0],[1,0,0],[0,1,0],[18,38,157]]
[[0,0,0],[1,0,0],[0,1,0],[3,49,157]]
[[0,0,0],[1,0,0],[0,1,0],[13,15,157]]
[[0,0,0],[1,0,0],[0,1,0],[32,60,157]]
[[0,0,0],[1,0,0],[0,1,0],[24,65,157]]
[[0,0,0],[1,0,0],[0,1,0],[31,52,157]]
[[0,0,0],[1,0,0],[0,1,0],[9,57,157]]
[[0,0,0],[1,0,0],[0,1,0],[22,137,157]]
[[0,0,0],[1,0,0],[0,1,0],[9,16,157]]
[[0,0,0],[1,0,0],[0,1,0],[1,3,157]]
[[0,0,0],[1,0,0],[0,1,0],[27,58,157]]
[[0,0,0],[1,0,0],[0,1,0],[9,62,157]]
[[0,0,0],[1,0,0],[0,1,0],[18,25,157]]
[[0,0,0],[1,0,0],[0,1,0],[4,33,157]]
[[0,0,0],[1,0,0],[0,1,0],[13,50,157]]
[[0,0,0],[1,0,0],[0,1,0],[2,11,157]]
[[0,0,0],[1,0,0],[0,1,0],[20,23,157]]
[[0,0,0],[1,0,0],[0,1,0],[7,55,157]]
[[0,0,0],[1,0,0],[0,1,0],[3,32,157]]
[[0,0,0],[1,0,0],[0,1,0],[12,54,157]]
[[0,0,0],[1,0,0],[0,1,0],[5,46,157]]
[[0,0,0],[1,0,0],[0,1,0],[22,22,157]]
[[0,0,0],[1,0,0],[0,1,0],[17,53,157]]
[[0,0,0],[1,0,0],[0,1,0],[23,52,157]]
[[0,0,0],[1,0,0],[0,1,0],[4,57,157]]
[[0,0,0],[1,0,0],[0,1,0],[4,56,157]]
[[0,0,0],[1,0,0],[0,1,0],[2,45,157]]
[[0,0,0],[1,0,0],[0,1,0],[2,51,157]]
[[0,0,0],[1,0,0],[0,1,0],[13,38,157]]
[[0,0,0],[1,0,0],[0,1,0],[15,143,157]]
[[0,0,0],[1,0,0],[0,1,0],[1,27,157]]
[[0,0,0],[1,0,0],[0,1,0],[42,125,157]]
[[0,0,0],[1,0,0],[0,1,0],[28,28,157]]
[[0,0,0],[1,0,0],[0,1,0],[32,53,157]]
[[0,0,0],[1,0,0],[0,1,0],[3,72,157]]
[[0,0,0],[1,0,0],[0,1,0],[2,20,157]]
[[0,0,0],[1,0,0],[0,1,0],[15,32,157]]
[[0,0,0],[1,0,0],[0,1,0],[14,148,157]]
[[0,0,0],[1,0,0],[0,1,0],[19,147,157]]
[[0,0,0],[1,0,0],[0,1,0],[10,44,157]]
[[0,0,0],[1,0,0],[0,1,0],[6,18,157]]
[[0,0,0],[1,0,0],[0,1,0],[7,49,157]]
[[0,0,0],[1,0,0],[0,1,0],[23,43,157]]
[[0,0,0],[1,0,0],[0,1,0],[7,68,157]]
[[0,0,0],[1,0,0],[0,1,0],[2,70,157]]
[[0,0,0],[1,0,0],[0,1,0],[3,155,157]]
[[0,0,0],[1,0,0],[0,1,0],[17,149,157]]
[[0,0,0],[1,0,0],[0,1,0],[3,43,157]]
[[0,0,0],[1,0,0],[0,1,0],[8,15,157]]
[[0,0,0],[1,0,0],[0,1,0],[28,32,157]]
[[0,0,0],[1,0,0],[0,1,0],[2,2,157]]
[[0,0,0],[1,0,0],[0,1,0],[8,56,157]]
[[0,0,0],[1,0,0],[0,1,0],[1,46,157]]
[[0,0,0],[1,0,0],[0,1,0],[14,32,157]]
[[0,0,0],[1,0,0],[0,1,0],[7,32,157]]
[[0,0,0],[1,0,0],[0,1,0],[13,67,157]]
[[0,0,0],[1,0,0],[0,1,0],[5,27,157]]
[[0,0,0],[1,0,0],[0,1,0],[3,26,157]]
[[0,0,0],[1,0,0],[0,1,0],[67,114,157]]
[[0,0,0],[1,0,0],[0,1,0],[27,29,157]]
[[0,0,0],[1,0,0],[0,1,0],[2,42,157]]
[[0,0,0],[1,0,0],[0,1,0],[26,39,157]]
[[0,0,0],[1,0,0],[0,1,0],[3,17,157]]
[[0,0,0],[1,0,0],[0,1,0],[25,141,157]]
[[0,0,0],[1,0,0],[0,1,0],[3,28,157]]
[[0,0,0],[1,0,0],[0,1,0],[68,98,157]]
[[0,0,0],[1,0,0],[0,1,0],[5,153,157]]
[[0,0,0],[1,0,0],[0,1,0],[4,60,157]]
[[0,0,0],[1,0,0],[0,1,0],[26,136,157]]
[[0,0,0],[1,0,0],[0,1,0],[2,15,157]]
[[0,0,0],[1,0,0],[0,1,0],[5,66,157]]
[[0,0,0],[1,0,0],[0,1,0],[18,141,157]]
[[0,0,0],[1,0,0],[0,1,0],[16,25,157]]
[[0,0,0],[1,0,0],[0,1,0],[13,146,157]]
[[0,0,0],[1,0,0],[0,1,0],[5,12,157]]
[[0,0,0],[1,0,0],[0,1,0],[26,40,157]]
[[0,0,0],[1,0,0],[0,1,0],[7,67,157]]
[[0,0,0],[1,0,0],[0,1,0],[2,38,157]]
[[0,0,0],[1,0,0],[0,1,0],[31,127,157]]
[[0,0,0],[1,0,0],[0,1,0],[3,52,157]]
[[0,0,0],[1,0,0],[0,1,0],[9,12,157]]
[[0,0,0],[1,0,0],[0,1,0],[2,68,157]]
[[0,0,0],[1,0,0],[0,1,0],[13,70,157]]
[[0,0,0],[1,0,0],[0,1,0],[6,8,157]]
[[0,0,0],[1,0,0],[0,1,0],[2,28,157]]
[[0,0,0],[1,0,0],[0,1,0],[26,58,157]]
[[0,0,0],[1,0,0],[0,1,0],[7,11,157]]
[[0,0,0],[1,0,0],[0,1,0],[20,56,157]]
[[0,0,0],[1,0,0],[0,1,0],[11,64,157]]
[[0,0,0],[1,0,0],[0,1,0],[6,29,157]]
[[0,0,0],[1,0,0],[0,1,0],[22,68,157]]
[[0,0,0],[1,0,0],[0,1,0],[61,127,157]]
[[0,0,0],[1,0,0],[0,1,0],[9,11,157]]
[[0,0,0],[1,0,0],[0,1,0],[23,26,157]]
[[0,0,0],[1,0,0],[0,1,0],[11,48,157]]
[[0,0,0],[1,0,0],[0,1,0],[12,22,157]]
[[0,0,0],[1,0,0],[0,1,0],[2,22,157]]
[[0,0,0],[1,0,0],[0,1,0],[11,147,157]]
[[0,0,0],[1,0,0],[0,1,0],[2,3,157]]
[[0,0,0],[1,0,0],[0,1,0],[7,17,157]]
[[0,0,0],[1,0,0],[0,1,0],[5,32,157]]
[[0,0,0],[1,0,0],[0,1,0],[3,64,157]]
[[0,0,0],[1,0,0],[0,1,0],[2,56,157]]
[[0,0,0],[1,0,0],[0,1,0],[19,50,157]]
[[0,0,0],[1,0,0],[0,1,0],[30,128,157]]
[[0,0,0],[1,0,0],[0,1,0],[13,34,157]]
[[0,0,0],[1,0,0],[0,1,0],[5,33,157]]
[[0,0,0],[1,0,0],[0,1,0],[18,34,157]]
[[0,0,0],[1,0,0],[0,1,0],[10,24,157]]
[[0,0,0],[1,0,0],[0,1,0],[10,18,157]]
[[0,0,0],[1,0,0],[0,1,0],[33,126,157]]
[[0,0,0],[1,0,0],[0,1,0],[12,72,157]]
[[0,0,0],[1,0,0],[0,1,0],[22,49,157]]
[[0,0,0],[1,0,0],[0,1,0],[5,49,157]]
[[0,0,0],[1,0,0],[0,1,0],[15,30,157]]
[[0,0,0],[1,0,0],[0,1,0],[10,40,157]]
[[0,0,0],[1,0,0],[0,1,0],[24,67,157]]
[[0,0,0],[1,0,0],[0,1,0],[12,33,157]]
[[0,0,0],[1,0,0],[0,1,0],[2,54,157]]
[[0,0,0],[1,0,0],[0,1,0],[3,11,157]]
[[0,0,0],[1,0,0],[0,1,0],[4,14,157]]
[[0,0,0],[1,0,0],[0,1,0],[2,61,157]]
[[0,0,0],[1,0,0],[0,1,0],[47,119,157]]
[[0,0,0],[1,0,0],[0,1,0],[4,31,157]]
[[0,0,0],[1,0,0],[0,1,0],[15,44,157]]
[[0,0,0],[1,0,0],[0,1,0],[27,138,157]]
[[0,0,0],[1,0,0],[0,1,0],[6,45,157]]
[[0,0,0],[1,0,0],[0,1,0],[25,142,157]]
[[0,0,0],[1,0,0],[0,1,0],[4,62,157]]
[[0,0,0],[1,0,0],[0,1,0],[7,52,157]]
[[0,0,0],[1,0,0],[0,1,0],[5,52,157]]
[[0,0,0],[1,0,0],[0,1,0],[5,22,157]]
[[0,0,0],[1,0,0],[0,1,0],[25,43,157]]
[[0,0,0],[1,0,0],[0,1,0],[9,13,157]]
[[0,0,0],[1,0,0],[0,1,0],[6,70,157]]
[[0,0,0],[1,0,0],[0,1,0],[7,65,157]]
[[0,0,0],[1,0,0],[0,1,0],[6,53,157]]
[[0,0,0],[1,0,0],[0,1,0],[22,48,157]]
[[0,0,0],[1,0,0],[0,1,0],[14,22,157]]
[[0,0,0],[1,0,0],[0,1,0],[5,5,157]]
[[0,0,0],[1,0,0],[0,1,0],[23,146,157]]
[[0,0,0],[1,0,0],[0,1,0],[16,34,157]]
[[0,0,0],[1,0,0],[0,1,0],[6,153,157]]
[[0,0,0],[1,0,0],[0,1,0],[3,12,157]]
[[0,0,0],[1,0,0],[0,1,0],[14,51,157]]
[[0,0,0],[1,0,0],[0,1,0],[9,20,157]]
[[0,0,0],[1,0,0],[0,1,0],[29,51,157]]
[[0,0,0],[1,0,0],[0,1,0],[14,19,157]]
[[0,0,0],[1,0,0],[0,1,0],[12,20,157]]
[[0,0,0],[1,0,0],[0,1,0],[16,71,157]]
[[0,0,0],[1,0,0],[0,1,0],[14,61,157]]
[[0,0,0],[1,0,0],[0,1,0],[7,66,157]]
[[0,0,0],[1,0,0],[0,1,0],[8,54,157]]
[[0,0,0],[1,0,0],[0,1,0],[10,29,157]]
[[0,0,0],[1,0,0],[0,1,0],[34,57,157]]
[[0,0,0],[1,0,0],[0,1,0],[8,53,157]]
[[0,0,0],[1,0,0],[0,1,0],[2,35,157]]
[[0,0,0],[1,0,0],[0,1,0],[39,51,157]]
[[0,0,0],[1,0,0],[0,1,0],[36,133,157]]
[[0,0,0],[1,0,0],[0,1,0],[7,28,157]]
[[0,0,0],[1,0,0],[0,1,0],[10,13,157]]
[[0,0,0],[1,0,0],[0,1,0],[14,66,157]]
[[0,0,0],[1,0,0],[0,1,0],[4,35,157]]
[[0,0,0],[1,0,0],[0,1,0],[6,50,157]]
[[0,0,0],[1,0,0],[0,1,0],[1,34,157]]
[[0,0,0],[1,0,0],[0,1,0],[1,32,157]]
[[0,0,0],[1,0,0],[0,1,0],[25,31,157]]
[[0,0,0],[1,0,0],[0,1,0],[29,138,157]]
[[0,0,0],[1,0,0],[0,1,0],[7,9,157]]
[[0,0,0],[1,0,0],[0,1,0],[11,22,157]]
[[0,0,0],[1,0,0],[0,1,0],[58,115,157]]
[[0,0,0],[1,0,0],[0,1,0],[16,143,157]]
[[0,0,0],[1,0,0],[0,1,0],[28,130,157]]
[[0,0,0],[1,0,0],[0,1,0],[4,27,157]]
[[0,0,0],[1,0,0],[0,1,0],[11,52,157]]
[[0,0,0],[1,0,0],[0,1,0],[4,63,157]]
[[0,0,0],[1,0,0],[0,1,0],[13,58,157]]
[[0,0,0],[1,0,0],[0,1,0],[13,37,157]]
[[0,0,0],[1,0,0],[0,1,0],[8,47,157]]
[[0,0,0],[1,0,0],[0,1,0],[17,29,157]]
[[0,0,0],[1,0,0],[0,1,0],[14,42,157]]
[[0,0,0],[1,0,0],[0,1,0],[8,21,157]]
[[0,0,0],[1,0,0],[0,1,0],[15,15,157]]
[[0,0,0],[1,0,0],[0,1,0],[1,18,157]]
[[0,0,0],[1,0,0],[0,1,0],[17,146,157]]
[[0,0,0],[1,0,0],[0,1,0],[49,132,157]]
[[0,0,0],[1,0,0],[0,1,0],[2,67,157]]
[[0,0,0],[1,0,0],[0,1,0],[3,38,157]]
[[0,0,0],[1,0,0],[0,1,0],[6,10,157]]
[[0,0,0],[1,0,0],[0,1,0],[19,27,157]]
[[0,0,0],[1,0,0],[0,1,0],[17,51,157]]
[[0,0,0],[1,0,0],[0,1,0],[9,47,157]]
[[0,0,0],[1,0,0],[0,1,0],[12,52,157]]
[[0,0,0],[1,0,0],[0,1,0],[31,137,157]]
[[0,0,0],[1,0,0],[0,1,0],[5,41,157]]
[[0,0,0],[1,0,0],[0,1,0],[24,64,157]]
[[0,0,0],[1,0,0],[0,1,0],[14,48,157]]
[[0,0,0],[1,0,0],[0,1,0],[5,39,157]]
[[0,0,0],[1,0,0],[0,1,0],[25,65,157]]
[[0,0,0],[1,0,0],[0,1,0],[43,122,157]]
[[0,0,0],[1,0,0],[0,1,0],[9,49,157]]
[[0,0,0],[1,0,0],[0,1,0],[23,60,157]]
[[0,0,0],[1,0,0],[0,1,0],[24,40,157]]
[[0,0,0],[1,0,0],[0,1,0],[7,151,157]]
[[0,0,0],[1,0,0],[0,1,0],[14,58,157]]
[[0,0,0],[1,0,0],[0,1,0],[3,47,157]]
[[0,0,0],[1,0,0],[0,1,0],[8,12,157]]
[[0,0,0],[1,0,0],[0,1,0],[22,65,157]]
[[0,0,0],[1,0,0],[0,1,0],[12,66,157]]
[[0,0,0],[1,0,0],[0,1,0],[2,49,157]]
[[0,0,0],[1,0,0],[0,1,0],[7,44,157]]
[[0,0,0],[1,0,0],[0,1,0],[3,70,157]]
[[0,0,0],[1,0,0],[0,1,0],[71,114,157]]
[[0,0,0],[1,0,0],[0,1,0],[6,41,157]]
[[0,0,0],[1,0,0],[0,1,0],[11,149,157]]
[[0,0,0],[1,0,0],[0,1,0],[5,55,157]]
[[0,0,0],[1,0,0],[0,1,0],[67,91,157]]
[[0,0,0],[1,0,0],[0,1,0],[4,77,157]]
[[0,0,0],[1,0,0],[0,1,0],[40,125,157]]
[[0,0,0],[1,0,0],[0,1,0],[5,30,157]]
[[0,0,0],[1,0,0],[0,1,0],[22,51,157]]
[[0,0,0],[1,0,0],[0,1,0],[51,127,157]]
[[0,0,0],[1,0,0],[0,1,0],[6,58,157]]
[[0,0,0],[1,0,0],[0,1,0],[13,49,157]]
[[0,0,0],[1,0,0],[0,1,0],[14,41,157]]
[[0,0,0],[1,0,0],[0,1,0],[5,29,157]]
[[0,0,0],[1,0,0],[0,1,0],[3,23,157]]
[[0,0,0],[1,0,0],[0,1,0],[12,26,157]]
[[0,0,0],[1,0,0],[0,1,0],[36,53,157]]
[[0,0,0],[1,0,0],[0,1,0],[19,47,157]]
[[0,0,0],[1,0,0],[0,1,0],[2,60,157]]
[[0,0,0],[1,0,0],[0,1,0],[4,50,157]]
[[0,0,0],[1,0,0],[0,1,0],[3,39,157]]
[[0,0,0],[1,0,0],[0,1,0],[14,52,157]]
[[0,0,0],[1,0,0],[0,1,0],[16,50,157]]
[[0,0,0],[1,0,0],[0,1,0],[17,67,157]]
[[0,0,0],[1,0,0],[0,1,0],[1,25,157]]
[[0,0,0],[1,0,0],[0,1,0],[22,143,157]]
[[0,0,0],[1,0,0],[0,1,0],[3,45,157]]
[[0,0,0],[1,0,0],[0,1,0],[14,20,157]]
[[0,0,0],[1,0,0],[0,1,0],[34,34,157]]
[[0,0,0],[1,0,0],[0,1,0],[9,50,157]]
[[0,0,0],[1,0,0],[0,1,0],[23,141,157]]
[[0,0,0],[1,0,0],[0,1,0],[34,132,157]]
[[0,0,0],[1,0,0],[0,1,0],[3,60,157]]
[[0,0,0],[1,0,0],[0,1,0],[24,48,157]]
[[0,0,0],[1,0,0],[0,1,0],[2,52,157]]
[[0,0,0],[1,0,0],[0,1,0],[53,116,157]]
[[0,0,0],[1,0,0],[0,1,0],[19,55,157]]
[[0,0,0],[1,0,0],[0,1,0],[6,9,157]]
[[0,0,0],[1,0,0],[0,1,0],[17,25,157]]
[[0,0,0],[1,0,0],[0,1,0],[29,39,157]]
[[0,0,0],[1,0,0],[0,1,0],[2,76,157]]
[[0,0,0],[1,0,0],[0,1,0],[17,44,157]]
[[0,0,0],[1,0,0],[0,1,0],[17,68,157]]
[[0,0,0],[1,0,0],[0,1,0],[30,135,157]]
[[0,0,0],[1,0,0],[0,1,0],[49,133,157]]
[[0,0,0],[1,0,0],[0,1,0],[57,121,157]]
[[0,0,0],[1,0,0],[0,1,0],[6,17,157]]
[[0,0,0],[1,0,0],[0,1,0],[1,9,157]]
[[0,0,0],[1,0,0],[0,1,0],[24,43,157]]
[[0,0,0],[1,0,0],[0,1,0],[12,38,157]]
[[0,0,0],[1,0,0],[0,1,0],[18,70,157]]
[[0,0,0],[1,0,0],[0,1,0],[40,43,157]]
[[0,0,0],[1,0,0],[0,1,0],[5,9,157]]
[[0,0,0],[1,0,0],[0,1,0],[3,65,157]]
[[0,0,0],[1,0,0],[0,1,0],[4,23,157]]
[[0,0,0],[1,0,0],[0,1,0],[9,39,157]]
[[0,0,0],[1,0,0],[0,1,0],[5,42,157]]
[[0,0,0],[1,0,0],[0,1,0],[10,22,157]]
[[0,0,0],[1,0,0],[0,1,0],[34,125,157]]
[[0,0,0],[1,0,0],[0,1,0],[3,66,157]]
[[0,0,0],[1,0,0],[0,1,0],[14,67,157]]
[[0,0,0],[1,0,0],[0,1,0],[5,57,157]]
[[0,0,0],[1,0,0],[0,1,0],[3,21,157]]
[[0,0,0],[1,0,0],[0,1,0],[4,52,157]]
[[0,0,0],[1,0,0],[0,1,0],[30,30,157]]
[[0,0,0],[1,0,0],[0,1,0],[7,41,157]]
[[0,0,0],[1,0,0],[0,1,0],[6,14,157]]
[[0,0,0],[1,0,0],[0,1,0],[3,13,157]]
[[0,0,0],[1,0,0],[0,1,0],[12,68,157]]
[[0,0,0],[1,0,0],[0,1,0],[17,32,157]]
[[0,0,0],[1,0,0],[0,1,0],[33,134,157]]
[[0,0,0],[1,0,0],[0,1,0],[2,62,157]]
[[0,0,0],[1,0,0],[0,1,0],[6,23,157]]
[[0,0,0],[1,0,0],[0,1,0],[10,25,157]]
[[0,0,0],[1,0,0],[0,1,0],[32,126,157]]
[[0,0,0],[1,0,0],[0,1,0],[11,27,157]]
[[0,0,0],[1,0,0],[0,1,0],[31,51,157]]
[[0,0,0],[1,0,0],[0,1,0],[9,26,157]]
[[0,0,0],[1,0,0],[0,1,0],[2,73,157]]
[[0,0,0],[1,0,0],[0,1,0],[13,29,157]]
[[0,0,0],[1,0,0],[0,1,0],[7,70,157]]
[[0,0,0],[1,0,0],[0,1,0],[30,53,157]]
[[0,0,0],[1,0,0],[0,1,0],[42,134,157]]
[[0,0,0],[1,0,0],[0,1,0],[2,12,157]]
[[0,0,0],[1,0,0],[0,1,0],[2,50,157]]
[[0,0,0],[1,0,0],[0,1,0],[3,3,157]]
[[0,0,0],[1,0,0],[0,1,0],[33,57,157]]
[[0,0,0],[1,0,0],[0,1,0],[5,154,157]]
[[0,0,0],[1,0,0],[0,1,0],[14,40,157]]
[[0,0,0],[1,0,0],[0,1,0],[7,57,157]]
[[0,0,0],[1,0,0],[0,1,0],[23,136,157]]
[[0,0,0],[1,0,0],[0,1,0],[14,16,157]]
[[0,0,0],[1,0,0],[0,1,0],[8,55,157]]
[[0,0,0],[1,0,0],[0,1,0],[2,32,157]]
[[0,0,0],[1,0,0],[0,1,0],[12,70,157]]
[[0,0,0],[1,0,0],[0,1,0],[3,34,157]]
[[0,0,0],[1,0,0],[0,1,0],[3,27,157]]
[[0,0,0],[1,0,0],[0,1,0],[15,34,157]]
[[0,0,0],[1,0,0],[0,1,0],[4,29,157]]
[[0,0,0],[1,0,0],[0,1,0],[15,68,157]]
[[0,0,0],[1,0,0],[0,1,0],[18,36,157]]
[[0,0,0],[1,0,0],[0,1,0],[49,111,157]]
[[0,0,0],[1,0,0],[0,1,0],[7,21,157]]
[[0,0,0],[1,0,0],[0,1,0],[4,71,157]]
[[0,0,0],[1,0,0],[0,1,0],[12,147,157]]
[[0,0,0],[1,0,0],[0,1,0],[10,48,157]]
[[0,0,0],[1,0,0],[0,1,0],[2,44,157]]
[[0,0,0],[1,0,0],[0,1,0],[4,37,157]]
[[0,0,0],[1,0,0],[0,1,0],[14,37,157]]
[[0,0,0],[1,0,0],[0,1,0],[1,7,157]]
[[0,0,0],[1,0,0],[0,1,0],[9,36,157]]
[[0,0,0],[1,0,0],[0,1,0],[28,61,157]]
[[0,0,0],[1,0,0],[0,1,0],[77,103,157]]
[[0,0,0],[1,0,0],[0,1,0],[13,55,157]]
[[0,0,0],[1,0,0],[0,1,0],[11,53,157]]
[[0,0,0],[1,0,0],[0,1,0],[3,156,157]]
[[0,0,0],[1,0,0],[0,1,0],[10,14,157]]
[[0,0,0],[1,0,0],[0,1,0],[2,31,157]]
[[0,0,0],[1,0,0],[0,1,0],[5,28,157]]
[[0,0,0],[1,0,0],[0,1,0],[11,20,157]]
[[0,0,0],[1,0,0],[0,1,0],[1,20,157]]
[[0,0,0],[1,0,0],[0,1,0],[3,48,157]]
[[0,0,0],[1,0,0],[0,1,0],[2,25,157]]
[[0,0,0],[1,0,0],[0,1,0],[3,58,157]]
[[0,0,0],[1,0,0],[0,1,0],[8,64,157]]
[[0,0,0],[1,0,0],[0,1,0],[10,19,157]]
[[0,0,0],[1,0,0],[0,1,0],[3,30,157]]
[[0,0,0],[1,0,0],[0,1,0],[13,30,157]]
[[0,0,0],[1,0,0],[0,1,0],[8,35,157]]
[[0,0,0],[1,0,0],[0,1,0],[11,152,157]]
[[0,0,0],[1,0,0],[0,1,0],[11,62,157]]
[[0,0,0],[1,0,0],[0,1,0],[2,74,157]]
[[0,0,0],[1,0,0],[0,1,0],[3,8,157]]
[[0,0,0],[1,0,0],[0,1,0],[8,42,157]]
[[0,0,0],[1,0,0],[0,1,0],[31,56,157]]
[[0,0,0],[1,0,0],[0,1,0],[5,56,157]]
[[0,0,0],[1,0,0],[0,1,0],[13,19,157]]
[[0,0,0],[1,0,0],[0,1,0],[12,32,157]]
[[0,0,0],[1,0,0],[0,1,0],[10,15,157]]
[[0,0,0],[1,0,0],[0,1,0],[6,24,157]]
[[0,0,0],[1,0,0],[0,1,0],[5,64,157]]
[[0,0,0],[1,0,0],[0,1,0],[3,41,157]]
[[0,0,0],[1,0,0],[0,1,0],[18,140,157]]
[[0,0,0],[1,0,0],[0,1,0],[1,16,157]]
[[0,0,0],[1,0,0],[0,1,0],[23,46,157]]
[[0,0,0],[1,0,0],[0,1,0],[3,53,157]]
[[0,0,0],[1,0,0],[0,1,0],[14,33,157]]
[[0,0,0],[1,0,0],[0,1,0],[25,136,157]]
[[0,0,0],[1,0,0],[0,1,0],[1,15,157]]
[[0,0,0],[1,0,0],[0,1,0],[4,15,157]]
[[0,0,0],[1,0,0],[0,1,0],[6,69,157]]
[[0,0,0],[1,0,0],[0,1,0],[3,59,157]]
[[0,0,0],[1,0,0],[0,1,0],[20,146,157]]
[[0,0,0],[1,0,0],[0,1,0],[4,38,157]]
[[0,0,0],[1,0,0],[0,1,0],[4,154,157]]
[[0,0,0],[1,0,0],[0,1,0],[22,43,157]]
[[0,0,0],[1,0,0],[0,1,0],[39,135,157]]
[[0,0,0],[1,0,0],[0,1,0],[20,36,157]]
[[0,0,0],[1,0,0],[0,1,0],[11,70,157]]
[[0,0,0],[1,0,0],[0,1,0],[15,47,157]]
[[0,0,0],[1,0,0],[0,1,0],[12,27,157]]
[[0,0,0],[1,0,0],[0,1,0],[12,44,157]]
[[0,0,0],[1,0,0],[0,1,0],[27,27,157]]
[[0,0,0],[1,0,0],[0,1,0],[8,60,157]]
[[0,0,0],[1,0,0],[0,1,0],[14,149,157]]
[[0,0,0],[1,0,0],[0,1,0],[39,58,157]]
[[0,0,0],[1,0,0],[0,1,0],[43,115,157]]
[[0,0,0],[1,0,0],[0,1,0],[6,36,157]]
[[0,0,0],[1,0,0],[0,1,0],[17,50,157]]
[[0,0,0],[1,0,0],[0,1,0],[2,6,157]]
[[0,0,0],[1,0,0],[0,1,0],[11,65,157]]
[[0,0,0],[1,0,0],[0,1,0],[6,72,157]]
[[0,0,0],[1,0,0],[0,1,0],[19,142,157]]
[[0,0,0],[1,0,0],[0,1,0],[5,60,157]]
[[0,0,0],[1,0,0],[0,1,0],[11,33,157]]
[[0,0,0],[1,0,0],[0,1,0],[20,139,157]]
[[0,0,0],[1,0,0],[0,1,0],[24,42,157]]
[[0,0,0],[1,0,0],[0,1,0],[22,32,157]]
[[0,0,0],[1,0,0],[0,1,0],[2,40,157]]
[[0,0,0],[1,0,0],[0,1,0],[36,123,157]]
[[0,0,0],[1,0,0],[0,1,0],[2,57,157]]
[[0,0,0],[1,0,0],[0,1,0],[7,43,157]]
[[0,0,0],[1,0,0],[0,1,0],[22,142,157]]
[[0,0,0],[1,0,0],[0,1,0],[11,15,157]]
[[0,0,0],[1,0,0],[0,1,0],[2,37,157]]
[[0,0,0],[1,0,0],[0,1,0],[1,38,157]]
[[0,0,0],[1,0,0],[0,1,0],[7,47,157]]
[[0,0,0],[1,0,0],[0,1,0],[6,26,157]]
[[0,0,0],[1,0,0],[0,1,0],[3,69,157]]
[[0,0,0],[1,0,0],[0,1,0],[9,153,157]]
[[0,0,0],[1,0,0],[0,1,0],[8,31,157]]
[[0,0,0],[1,0,0],[0,1,0],[17,26,157]]
[[0,0,0],[1,0,0],[0,1,0],[10,26,157]]
[[0,0,0],[1,0,0],[0,1,0],[18,54,157]]
[[0,0,0],[1,0,0],[0,1,0],[13,47,157]]
[[0,0,0],[1,0,0],[0,1,0],[32,38,157]]
[[0,0,0],[1,0,0],[0,1,0],[4,20,157]]
[[0,0,0],[1,0,0],[0,1,0],[28,53,157]]
[[0,0,0],[1,0,0],[0,1,0],[6,11,157]]
[[0,0,0],[1,0,0],[0,1,0],[18,41,157]]
[[0,0,0],[1,0,0],[0,1,0],[6,57,157]]
[[0,0,0],[1,0,0],[0,1,0],[3,37,157]]
[[0,0,0],[1,0,0],[0,1,0],[19,139,157]]
[[0,0,0],[1,0,0],[0,1,0],[17,60,157]]
[[0,0,0],[1,0,0],[0,1,0],[22,30,157]]
[[0,0,0],[1,0,0],[0,1,0],[7,40,157]]
[[0,0,0],[1,0,0],[0,1,0],[1,11,157]]
[[0,0,0],[1,0,0],[0,1,0],[25,60,157]]
[[0,0,0],[1,0,0],[0,1,0],[18,65,157]]
[[0,0,0],[1,0,0],[0,1,0],[14,36,157]]
[[0,0,0],[1,0,0],[0,1,0],[13,71,157]]
[[0,0,0],[1,0,0],[0,1,0],[5,17,157]]
[[0,0,0],[1,0,0],[0,1,0],[6,56,157]]
[[0,0,0],[1,0,0],[0,1,0],[13,60,157]]
[[0,0,0],[1,0,0],[0,1,0],[51,116,157]]
[[0,0,0],[1,0,0],[0,1,0],[8,73,157]]
[[0,0,0],[1,0,0],[0,1,0],[14,56,157]]
[[0,0,0],[1,0,0],[0,1,0],[53,130,157]]
[[0,0,0],[1,0,0],[0,1,0],[4,42,157]]
[[0,0,0],[1,0,0],[0,1,0],[14,68,157]]
[[0,0,0],[1,0,0],[0,1,0],[25,133,157]]
[[0,0,0],[1,0,0],[0,1,0],[4,72,157]]
[[0,0,0],[1,0,0],[0,1,0],[16,148,157]]
[[0,0,0],[1,0,0],[0,1,0],[25,56,157]]
[[0,0,0],[1,0,0],[0,1,0],[6,27,157]]
[[0,0,0],[1,0,0],[0,1,0],[36,130,157]]
[[0,0,0],[1,0,0],[0,1,0],[11,49,157]]
[[0,0,0],[1,0,0],[0,1,0],[4,7,157]]
[[0,0,0],[1,0,0],[0,1,0],[20,39,157]]
[[0,0,0],[1,0,0],[0,1,0],[16,66,157]]
[[0,0,0],[1,0,0],[0,1,0],[3,19,157]]
[[0,0,0],[1,0,0],[0,1,0],[4,61,157]]
[[0,0,0],[1,0,0],[0,1,0],[7,18,157]]
[[0,0,0],[1,0,0],[0,1,0],[13,26,157]]
[[0,0,0],[1,0,0],[0,1,0],[3,55,157]]
[[0,0,0],[1,0,0],[0,1,0],[51,109,157]]
[[0,0,0],[1,0,0],[0,1,0],[51,121,157]]
[[0,0,0],[1,0,0],[0,1,0],[14,18,157]]
[[0,0,0],[1,0,0],[0,1,0],[7,69,157]]
[[0,0,0],[1,0,0],[0,1,0],[9,17,157]]
[[0,0,0],[1,0,0],[0,1,0],[4,30,157]]
[[0,0,0],[1,0,0],[0,1,0],[26,57,157]]
[[0,0,0],[1,0,0],[0,1,0],[2,17,157]]
[[0,0,0],[1,0,0],[0,1,0],[42,132,157]]
[[0,0,0],[1,0,0],[0,1,0],[19,32,157]]
[[0,0,0],[1,0,0],[0,1,0],[19,33,157]]
[[0,0,0],[1,0,0],[0,1,0],[18,50,157]]
[[0,0,0],[1,0,0],[0,1,0],[9,53,157]]
[[0,0,0],[1,0,0],[0,1,0],[4,4,157]]
[[0,0,0],[1,0,0],[0,1,0],[23,135,157]]
[[0,0,0],[1,0,0],[0,1,0],[23,49,157]]
[[0,0,0],[1,0,0],[0,1,0],[71,88,157]]
[[0,0,0],[1,0,0],[0,1,0],[4,40,157]]
[[0,0,0],[1,0,0],[0,1,0],[28,42,157]]
[[0,0,0],[1,0,0],[0,1,0],[24,27,157]]
[[0,0,0],[1,0,0],[0,1,0],[1,4,157]]
[[0,0,0],[1,0,0],[0,1,0],[29,143,157]]
[[0,0,0],[1,0,0],[0,1,0],[4,46,157]]
[[0,0,0],[1,0,0],[0,1,0],[10,56,157]]
[[0,0,0],[1,0,0],[0,1,0],[17,43,157]]
[[0,0,0],[1,0,0],[0,1,0],[2,10,157]]
[[0,0,0],[1,0,0],[0,1,0],[5,72,157]]
[[0,0,0],[1,0,0],[0,1,0],[12,23,157]]
[[0,0,0],[1,0,0],[0,1,0],[5,7,157]]
[[0,0,0],[1,0,0],[0,1,0],[9,58,157]]
[[0,0,0],[1,0,0],[0,1,0],[3,67,157]]
[[0,0,0],[1,0,0],[0,1,0],[39,130,157]]
[[0,0,0],[1,0,0],[0,1,0],[5,40,157]]
[[0,0,0],[1,0,0],[0,1,0],[16,19,157]]
[[0,0,0],[1,0,0],[0,1,0],[18,48,157]]
[[0,0,0],[1,0,0],[0,1,0],[28,49,157]]
[[0,0,0],[1,0,0],[0,1,0],[15,69,157]]
[[0,0,0],[1,0,0],[0,1,0],[5,10,157]]
[[0,0,0],[1,0,0],[0,1,0],[12,17,157]]
[[0,0,0],[1,0,0],[0,1,0],[19,28,157]]
[[0,0,0],[1,0,0],[0,1,0],[10,62,157]]
[[0,0,0],[1,0,0],[0,1,0],[9,14,157]]
[[0,0,0],[1,0,0],[0,1,0],[4,41,157]]
[[0,0,0],[1,0,0],[0,1,0],[27,53,157]]
[[0,0,0],[1,0,0],[0,1,0],[13,23,157]]
[[0,0,0],[1,0,0],[0,1,0],[10,47,157]]
[[0,0,0],[1,0,0],[0,1,0],[27,135,157]]
[[0,0,0],[1,0,0],[0,1,0],[1,42,157]]
[[0,0,0],[1,0,0],[0,1,0],[6,22,157]]
[[0,0,0],[1,0,0],[0,1,0],[4,65,157]]
[[0,0,0],[1,0,0],[0,1,0],[26,142,157]]
[[0,0,0],[1,0,0],[0,1,0],[19,42,157]]
[[0,0,0],[1,0,0],[0,1,0],[23,40,157]]
[[0,0,0],[1,0,0],[0,1,0],[13,42,157]]
[[0,0,0],[1,0,0],[0,1,0],[8,10,157]]
[[0,0,0],[1,0,0],[0,1,0],[11,44,157]]
[[0,0,0],[1,0,0],[0,1,0],[19,61,157]]
[[0,0,0],[1,0,0],[0,1,0],[7,13,157]]
[[0,0,0],[1,0,0],[0,1,0],[2,36,157]]
[[0,0,0],[1,0,0],[0,1,0],[4,10,157]]
[[0,0,0],[1,0,0],[0,1,0],[9,151,157]]
[[0,0,0],[1,0,0],[0,1,0],[22,139,157]]
[[0,0,0],[1,0,0],[0,1,0],[11,30,157]]
[[0,0,0],[1,0,0],[0,1,0],[6,65,157]]
[[0,0,0],[1,0,0],[0,1,0],[16,147,157]]
[[0,0,0],[1,0,0],[0,1,0],[16,16,157]]
[[0,0,0],[1,0,0],[0,1,0],[20,66,157]]
[[0,0,0],[1,0,0],[0,1,0],[12,146,157]]
[[0,0,0],[1,0,0],[0,1,0],[1,36,157]]
[[0,0,0],[1,0,0],[0,1,0],[9,29,157]]
[[0,0,0],[1,0,0],[0,1,0],[3,7,157]]
[[0,0,0],[1,0,0],[0,1,0],[17,17,157]]
[[0,0,0],[1,0,0],[0,1,0],[6,15,157]]
[[0,0,0],[1,0,0],[0,1,0],[5,59,157]]
[[0,0,0],[1,0,0],[0,1,0],[14,147,157]]
[[0,0,0],[1,0,0],[0,1,0],[13,54,157]]
[[0,0,0],[1,0,0],[0,1,0],[4,59,157]]
[[0,0,0],[1,0,0],[0,1,0],[12,55,157]]
[[0,0,0],[1,0,0],[0,1,0],[14,55,157]]
[[0,0,0],[1,0,0],[0,1,0],[60,122,157]]
[[0,0,0],[1,0,0],[0,1,0],[2,43,157]]
[[0,0,0],[1,0,0],[0,1,0],[11,148,157]]
[[0,0,0],[1,0,0],[0,1,0],[15,26,157]]
[[0,0,0],[1,0,0],[0,1,0],[11,50,157]]
[[0,0,0],[1,0,0],[0,1,0],[10,148,157]]
[[0,0,0],[1,0,0],[0,1,0],[10,34,157]]
[[0,0,0],[1,0,0],[0,1,0],[5,31,157]]
[[0,0,0],[1,0,0],[0,1,0],[29,136,157]]
[[0,0,0],[1,0,0],[0,1,0],[34,62,157]]
[[0,0,0],[1,0,0],[0,1,0],[16,30,157]]
[[0,0,0],[1,0,0],[0,1,0],[40,119,157]]
[[0,0,0],[1,0,0],[0,1,0],[12,31,157]]
[[0,0,0],[1,0,0],[0,1,0],[5,68,157]]
[[0,0,0],[1,0,0],[0,1,0],[11,38,157]]
[[0,0,0],[1,0,0],[0,1,0],[3,25,157]]
[[0,0,0],[1,0,0],[0,1,0],[5,24,157]]
[[0,0,0],[1,0,0],[0,1,0],[23,33,157]]
[[0,0,0],[1,0,0],[0,1,0],[7,12,157]]
[[0,0,0],[1,0,0],[0,1,0],[20,46,157]]
[[0,0,0],[1,0,0],[0,1,0],[13,150,157]]
[[0,0,0],[1,0,0],[0,1,0],[2,24,157]]
[[0,0,0],[1,0,0],[0,1,0],[2,5,157]]
[[0,0,0],[1,0,0],[0,1,0],[5,71,157]]
[[0,0,0],[1,0,0],[0,1,0],[43,116,157]]
[[0,0,0],[1,0,0],[0,1,0],[16,57,157]]
[[0,0,0],[1,0,0],[0,1,0],[7,58,157]]
[[0,0,0],[1,0,0],[0,1,0],[22,52,157]]
[[0,0,0],[1,0,0],[0,1,0],[19,140,157]]
[[0,0,0],[1,0,0],[0,1,0],[13,28,157]]
[[0,0,0],[1,0,0],[0,1,0],[8,16,157]]
[[0,0,0],[1,0,0],[0,1,0],[5,70,157]]
[[0,0,0],[1,0,0],[0,1,0],[7,48,157]]
[[0,0,0],[1,0,0],[0,1,0],[9,40,157]]
[[0,0,0],[1,0,0],[0,1,0],[13,149,157]]
[[0,0,0],[1,0,0],[0,1,0],[20,65,157]]
[[0,0,0],[1,0,0],[0,1,0],[36,36,157]]
[[0,0,0],[1,0,0],[0,1,0],[4,18,157]]
[[0,0,0],[1,0,0],[0,1,0],[27,42,157]]
[[0,0,0],[1,0,0],[0,1,0],[4,53,157]]
[[0,0,0],[1,0,0],[0,1,0],[19,30,157]]
[[0,0,0],[1,0,0],[0,1,0],[5,61,157]]
[[0,0,0],[1,0,0],[0,1,0],[4,44,157]]
[[0,0,0],[1,0,0],[0,1,0],[14,64,157]]
[[0,0,0],[1,0,0],[0,1,0],[4,12,157]]
[[0,0,0],[1,0,0],[0,1,0],[8,74,157]]
[[0,0,0],[1,0,0],[0,1,0],[4,43,157]]
[[0,0,0],[1,0,0],[0,1,0],[23,54,157]]
[[0,0,0],[1,0,0],[0,1,0],[2,14,157]]
[[0,0,0],[1,0,0],[0,1,0],[15,53,157]]
[[0,0,0],[1,0,0],[0,1,0],[4,68,157]]
[[0,0,0],[1,0,0],[0,1,0],[9,48,157]]
[[0,0,0],[1,0,0],[0,1,0],[18,68,157]]
[[0,0,0],[1,0,0],[0,1,0],[10,55,157]]
[[0,0,0],[1,0,0],[0,1,0],[9,22,157]]
[[0,0,0],[1,0,0],[0,1,0],[5,44,157]]
[[0,0,0],[1,0,0],[0,1,0],[6,6,157]]
[[0,0,0],[1,0,0],[0,1,0],[8,61,157]]
[[0,0,0],[1,0,0],[0,1,0],[2,19,157]]
[[0,0,0],[1,0,0],[0,1,0],[2,4,157]]
[[0,0,0],[1,0,0],[0,1,0],[12,47,157]]
[[0,0,0],[1,0,0],[0,1,0],[1,12,157]]
[[0,0,0],[1,0,0],[0,1,0],[2,23,157]]
[[0,0,0],[1,0,0],[0,1,0],[17,56,157]]
[[0,0,0],[1,0,0],[0,1,0],[11,150,157]]
[[0,0,0],[1,0,0],[0,1,0],[2,26,157]]
[[0,0,0],[1,0,0],[0,1,0],[4,25,157]]
[[0,0,0],[1,0,0],[0,1,0],[18,28,157]]
[[0,0,0],[1,0,0],[0,1,0],[3,35,157]]
[[0,0,0],[1,0,0],[0,1,0],[2,47,157]]
[[0,0,0],[1,0,0],[0,1,0],[17,143,157]]
[[0,0,0],[1,0,0],[0,1,0],[4,24,157]]
[[0,0,0],[1,0,0],[0,1,0],[6,48,157]]
[[0,0,0],[1,0,0],[0,1,0],[6,37,157]]
[[0,0,0],[1,0,0],[0,1,0],[16,70,157]]
[[0,0,0],[1,0,0],[0,1,0],[15,150,157]]
[[0,0,0],[1,0,0],[0,1,0],[31,141,157]]
[[0,0,0],[1,0,0],[0,1,0],[5,62,157]]
[[0,0,0],[1,0,0],[0,1,0],[7,54,157]]
[[0,0,0],[1,0,0],[0,1,0],[14,38,157]]
[[0,0,0],[1,0,0],[0,1,0],[13,147,157]]
[[0,0,0],[1,0,0],[0,1,0],[11,24,157]]
[[0,0,0],[1,0,0],[0,1,0],[15,20,157]]
[[0,0,0],[1,0,0],[0,1,0],[10,23,157]]
[[0,0,0],[1,0,0],[0,1,0],[25,48,157]]
[[0,0,0],[1,0,0],[0,1,0],[19,51,157]]
[[0,0,0],[1,0,0],[0,1,0],[25,29,157]]
[[0,0,0],[1,0,0],[0,1,0],[16,67,157]]
[[0,0,0],[1,0,0],[0,1,0],[18,46,157]]
[[0,0,0],[1,0,0],[0,1,0],[13,145,157]]
[[0,0,0],[1,0,0],[0,1,0],[2,21,157]]
[[0,0,0],[1,0,0],[0,1,0],[17,142,157]]
[[0,0,0],[1,0,0],[0,1,0],[9,68,157]]
[[0,0,0],[1,0,0],[0,1,0],[26,38,157]]
[[0,0,0],[1,0,0],[0,1,0],[26,66,157]]
[[0,0,0],[1,0,0],[0,1,0],[3,5,157]]
[[0,0,0],[1,0,0],[0,1,0],[10,64,157]]
[[0,0,0],[1,0,0],[0,1,0],[3,54,157]]
[[0,0,0],[1,0,0],[0,1,0],[5,19,157]]
[[0,0,0],[1,0,0],[0,1,0],[3,63,157]]
[[0,0,0],[1,0,0],[0,1,0],[9,42,157]]
[[0,0,0],[1,0,0],[0,1,0],[10,37,157]]
[[0,0,0],[1,0,0],[0,1,0],[1,66,157]]
[[0,0,0],[1,0,0],[0,1,0],[7,31,157]]
[[0,0,0],[1,0,0],[0,1,0],[4,64,157]]
[[0,0,0],[1,0,0],[0,1,0],[17,141,157]]
[[0,0,0],[1,0,0],[0,1,0],[17,57,157]]
[[0,0,0],[1,0,0],[0,1,0],[29,56,157]]
[[0,0,0],[1,0,0],[0,1,0],[7,19,157]]
[[0,0,0],[1,0,0],[0,1,0],[6,32,157]]
[[0,0,0],[1,0,0],[0,1,0],[43,133,157]]
[[0,0,0],[1,0,0],[0,1,0],[8,150,157]]
[[0,0,0],[1,0,0],[0,1,0],[11,31,157]]
[[0,0,0],[1,0,0],[0,1,0],[28,54,157]]
[[0,0,0],[1,0,0],[0,1,0],[10,58,157]]
[[0,0,0],[1,0,0],[0,1,0],[4,19,157]]
[[0,0,0],[1,0,0],[0,1,0],[14,62,157]]
[[0,0,0],[1,0,0],[0,1,0],[15,27,157]]
[[0,0,0],[1,0,0],[0,1,0],[77,82,157]]
[[0,0,0],[1,0,0],[0,1,0],[11,60,157]]
[[0,0,0],[1,0,0],[0,1,0],[1,67,157]]
[[0,0,0],[1,0,0],[0,1,0],[25,134,157]]
[[0,0,0],[1,0,0],[0,1,0],[3,68,157]]
[[0,0,0],[1,0,0],[0,1,0],[3,51,157]]
[[0,0,0],[1,0,0],[0,1,0],[28,65,157]]
[[0,0,0],[1,0,0],[0,1,0],[3,6,157]]
[[0,0,0],[1,0,0],[0,1,0],[6,30,157]]
[[0,0,0],[1,0,0],[0,1,0],[7,51,157]]
[[0,0,0],[1,0,0],[0,1,0],[19,40,157]]
[[0,0,0],[1,0,0],[0,1,0],[5,26,157]]
[[0,0,0],[1,0,0],[0,1,0],[2,66,157]]
[[0,0,0],[1,0,0],[0,1,0],[14,72,157]]
[[0,0,0],[1,0,0],[0,1,0],[18,51,157]]
[[0,0,0],[1,0,0],[0,1,0],[23,31,157]]
[[0,0,0],[1,0,0],[0,1,0],[8,40,157]]
[[0,0,0],[1,0,0],[0,1,0],[6,66,157]]
[[0,0,0],[1,0,0],[0,1,0],[19,36,157]]
[[0,0,0],[1,0,0],[0,1,0],[25,47,157]]
[[0,0,0],[1,0,0],[0,1,0],[30,60,157]]
[[0,0,0],[1,0,0],[0,1,0],[2,71,157]]
[[0,0,0],[1,0,0],[0,1,0],[6,43,157]]
[[0,0,0],[1,0,0],[0,1,0],[4,17,157]]
[[0,0,0],[1,0,0],[0,1,0],[2,41,157]]
[[0,0,0],[1,0,0],[0,1,0],[12,43,157]]
[[0,0,0],[1,0,0],[0,1,0],[5,75,157]]
[[0,0,0],[1,0,0],[0,1,0],[5,54,157]]
[[0,0,0],[1,0,0],[0,1,0],[5,45,157]]
[[0,0,0],[1,0,0],[0,1,0],[20,58,157]]
[[0,0,0],[1,0,0],[0,1,0],[12,12,157]]
[[0,0,0],[1,0,0],[0,1,0],[29,58,157]]
[[0,0,0],[1,0,0],[0,1,0],[34,46,157]]
[[0,0,0],[1,0,0],[0,1,0],[6,62,157]]
[[0,0,0],[1,0,0],[0,1,0],[12,30,157]]
[[0,0,0],[1,0,0],[0,1,0],[8,11,157]]
[[0,0,0],[1,0,0],[0,1,0],[13,25,157]]
[[0,0,0],[1,0,0],[0,1,0],[13,148,157]]
[[0,0,0],[1,0,0],[0,1,0],[2,7,157]]
[[0,0,0],[1,0,0],[0,1,0],[12,50,157]]
[[0,0,0],[1,0,0],[0,1,0],[13,61,157]]
[[0,0,0],[1,0,0],[0,1,0],[4,48,157]]
[[0,0,0],[1,0,0],[0,1,0],[6,42,157]]
[[0,0,0],[1,0,0],[0,1,0],[4,54,157]]
[[0,0,0],[1,0,0],[0,1,0],[3,57,157]]
[[0,0,0],[1,0,0],[0,1,0],[7,53,157]]
[[0,0,0],[1,0,0],[0,1,0],[9,71,157]]
[[0,0,0],[1,0,0],[0,1,0],[6,16,157]]
[[0,0,0],[1,0,0],[0,1,0],[10,36,157]]
[[0,0,0],[1,0,0],[0,1,0],[6,74,157]]
[[0,0,0],[1,0,0],[0,1,0],[22,60,157]]
[[0,0,0],[1,0,0],[0,1,0],[1,5,157]]
[[0,0,0],[1,0,0],[0,1,0],[8,44,157]]
[[0,0,0],[1,0,0],[0,1,0],[1,40,157]]
[[0,0,0],[1,0,0],[0,1,0],[3,42,157]]
[[0,0,0],[1,0,0],[0,1,0],[10,20,157]]
[[0,0,0],[1,0,0],[0,1,0],[42,42,157]]
[[0,0,0],[1,0,0],[0,1,0],[2,55,157]]
[[0,0,0],[1,0,0],[0,1,0],[18,20,157]]
[[0,0,0],[1,0,0],[0,1,0],[5,43,157]]
[[0,0,0],[1,0,0],[0,1,0],[7,61,157]]
[[0,0,0],[1,0,0],[0,1,0],[1,29,157]]
[[0,0,0],[1,0,0],[0,1,0],[10,54,157]]
[[0,0,0],[1,0,0],[0,1,0],[1,23,157]]
[[0,0,0],[1,0,0],[0,1,0],[16,46,157]]
[[0,0,0],[1,0,0],[0,1,0],[27,40,157]]
[[0,0,0],[1,0,0],[0,1,0],[7,38,157]]
[[0,0,0],[1,0,0],[0,1,0],[2,78,157]]
[[0,0,0],[1,0,0],[0,1,0],[22,58,157]]
[[0,0,0],[1,0,0],[0,1,0],[28,52,157]]
[[0,0,0],[1,0,0],[0,1,0],[1,8,157]]
[[0,0,0],[1,0,0],[0,1,0],[9,34,157]]
[[0,0,0],[1,0,0],[0,1,0],[31,34,157]]
[[0,0,0],[1,0,0],[0,1,0],[5,73,157]]
[[0,0,0],[1,0,0],[0,1,0],[7,74,157]]
[[0,0,0],[1,0,0],[0,1,0],[3,40,157]]
[[0,0,0],[1,0,0],[0,1,0],[14,21,157]]
[[0,0,0],[1,0,0],[0,1,0],[4,67,157]]
[[0,0,0],[1,0,0],[0,1,0],[1,43,157]]
[[0,0,0],[1,0,0],[0,1,0],[4,73,157]]
[[0,0,0],[1,0,0],[0,1,0],[10,46,157]]
[[0,0,0],[1,0,0],[0,1,0],[7,39,157]]
[[0,0,0],[1,0,0],[0,1,0],[3,56,157]]
[[0,0,0],[1,0,0],[0,1,0],[3,22,157]]
[[0,0,0],[1,0,0],[0,1,0],[24,134,157]]
[[0,0,0],[1,0,0],[0,1,0],[16,39,157]]
[[0,0,0],[1,0,0],[0,1,0],[7,24,157]]
[[0,0,0],[1,0,0],[0,1,0],[6,35,157]]
[[0,0,0],[1,0,0],[0,1,0],[8,72,157]]
[[0,0,0],[1,0,0],[0,1,0],[6,51,157]]
[[0,0,0],[1,0,0],[0,1,0],[3,10,157]]
[[0,0,0],[1,0,0],[0,1,0],[7,10,157]]
[[0,0,0],[1,0,0],[0,1,0],[15,60,157]]
[[0,0,0],[1,0,0],[0,1,0],[2,34,157]]
[[0,0,0],[1,0,0],[0,1,0],[4,8,157]]
[[0,0,0],[1,0,0],[0,1,0],[10,74,157]]
[[0,0,0],[1,0,0],[0,1,0],[19,65,157]]
[[0,0,0],[1,0,0],[0,1,0],[10,66,157]]
[[0,0,0],[1,0,0],[0,1,0],[13,68,157]]
[[0,0,0],[1,0,0],[0,1,0],[6,61,157]]
[[0,0,0],[1,0,0],[0,1,0],[11,21,157]]
[[0,0,0],[1,0,0],[0,1,0],[9,23,157]]
[[0,0,0],[1,0,0],[0,1,0],[6,152,157]]
[[0,0,0],[1,0,0],[0,1,0],[11,26,157]]
[[0,0,0],[1,0,0],[0,1,0],[6,44,157]]
[[0,0,0],[1,0,0],[0,1,0],[8,38,157]]
[[0,0,0],[1,0,0],[0,1,0],[7,37,157]]
[[0,0,0],[1,0,0],[0,1,0],[7,42,157]]
[[0,0,0],[1,0,0],[0,1,0],[27,36,157]]
[[0,0,0],[1,0,0],[0,1,0],[12,16,157]]
[[0,0,0],[1,0,0],[0,1,0],[15,28,157]]
[[0,0,0],[1,0,0],[0,1,0],[6,67,157]]
[[0,0,0],[1,0,0],[0,1,0],[30,43,157]]
[[0,0,0],[1,0,0],[0,1,0],[11,151,157]]
[[0,0,0],[1,0,0],[0,1,0],[4,76,157]]
[[0,0,0],[1,0,0],[0,1,0],[8,57,157]]
[[0,0,0],[1,0,0],[0,1,0],[25,52,157]]
[[0,0,0],[1,0,0],[0,1,0],[9,56,157]]
[[0,0,0],[1,0,0],[0,1,0],[6,60,157]]
[[0,0,0],[1,0,0],[0,1,0],[24,52,157]]
[[0,0,0],[1,0,0],[0,1,0],[15,51,157]]
[[0,0,0],[1,0,0],[0,1,0],[2,65,157]]
[[0,0,0],[1,0,0],[0,1,0],[5,67,157]]
[[0,0,0],[1,0,0],[0,1,0],[8,8,157]]
[[0,0,0],[1,0,0],[0,1,0],[27,132,157]]
[[0,0,0],[1,0,0],[0,1,0],[24,28,157]]
[[0,0,0],[1,0,0],[0,1,0],[20,31,157]]
[[0,0,0],[1,0,0],[0,1,0],[12,40,157]]
[[0,0,0],[1,0,0],[0,1,0],[4,22,157]]
[[0,0,0],[1,0,0],[0,1,0],[8,37,157]]
[[0,0,0],[1,0,0],[0,1,0],[23,62,157]]
[[0,0,0],[1,0,0],[0,1,0],[42,117,157]]
[[0,0,0],[1,0,0],[0,1,0],[12,18,157]]
[[0,0,0],[1,0,0],[0,1,0],[6,46,157]]
[[0,0,0],[1,0,0],[0,1,0],[5,15,157]]
[[0,0,0],[1,0,0],[0,1,0],[9,15,157]]
[[0,0,0],[1,0,0],[0,1,0],[34,133,157]]
[[0,0,0],[1,0,0],[0,1,0],[30,39,157]]
[[0,0,0],[1,0,0],[0,1,0],[13,13,157]]
[[0,0,0],[1,0,0],[0,1,0],[7,7,157]]
[[0,0,0],[1,0,0],[0,1,0],[11,41,157]]
[[0,0,0],[1,0,0],[0,1,0],[9,69,157]]
[[0,0,0],[1,0,0],[0,1,0],[3,20,157]]
[[0,0,0],[1,0,0],[0,1,0],[17,61,157]]
[[0,0,0],[1,0,0],[0,1,0],[3,46,157]]
[[0,0,0],[1,0,0],[0,1,0],[8,52,157]]
[[0,0,0],[1,0,0],[0,1,0],[9,150,157]]
[[0,0,0],[1,0,0],[0,1,0],[13,31,157]]
[[0,0,0],[1,0,0],[0,1,0],[15,56,157]]
[[0,0,0],[1,0,0],[0,1,0],[3,24,157]]
[[0,0,0],[1,0,0],[0,1,0],[3,16,157]]
[[0,0,0],[1,0,0],[0,1,0],[9,9,157]]
[[0,0,0],[1,0,0],[0,1,0],[13,33,157]]
[[0,0,0],[1,0,0],[0,1,0],[7,153,157]]
[[0,0,0],[1,0,0],[0,1,0],[2,63,157]]
[[0,0,0],[1,0,0],[0,1,0],[26,34,157]]
[[0,0,0],[1,0,0],[0,1,0],[12,64,157]]
[[0,0,0],[1,0,0],[0,1,0],[6,49,157]]
[[0,0,0],[1,0,0],[0,1,0],[24,141,157]]
[[0,0,0],[1,0,0],[0,1,0],[8,65,157]]
[[0,0,0],[1,0,0],[0,1,0],[2,156,157]]
[[0,0,0],[1,0,0],[0,1,0],[20,60,157]]
[[0,0,0],[1,0,0],[0,1,0],[32,40,157]]
[[0,0,0],[1,0,0],[0,1,0],[4,11,157]]
[[0,0,0],[1,0,0],[0,1,0],[10,10,157]]
[[0,0,0],[1,0,0],[0,1,0],[3,75,157]]
[[0,0,0],[1,0,0],[0,1,0],[5,23,157]]
[[0,0,0],[1,0,0],[0,1,0],[30,36,157]]
[[0,0,0],[1,0,0],[0,1,0],[2,69,157]]
[[0,0,0],[1,0,0],[0,1,0],[5,51,157]]
[[0,0,0],[1,0,0],[0,1,0],[4,47,157]]
[[0,0,0],[1,0,0],[0,1,0],[5,58,157]]
[[0,0,0],[1,0,0],[0,1,0],[1,1,157]]
[[0,0,0],[1,0,0],[0,1,0],[28,33,157]]
[[0,0,0],[1,0,0],[0,1,0],[11,25,157]]
[[0,0,0],[1,0,0],[0,1,0],[5,14,157]]
[[0,0,0],[1,0,0],[0,1,0],[3,71,157]]
[[0,0,0],[1,0,0],[0,1,0],[15,58,157]]
[[0,0,0],[1,0,0],[0,1,0],[3,15,157]]
[[0,0,0],[1,0,0],[0,1,0],[15,147,157]]
[[0,0,0],[1,0,0],[0,1,0],[9,65,157]]
[[0,0,0],[1,0,0],[0,1,0],[4,26,157]]
[[0,0,0],[1,0,0],[0,1,0],[9,54,157]]
[[0,0,0],[1,0,0],[0,1,0],[58,121,157]]
[[0,0,0],[1,0,0],[0,1,0],[15,49,157]]
[[0,0,0],[1,0,0],[0,1,0],[2,29,157]]
[[0,0,0],[1,0,0],[0,1,0],[10,73,157]]
[[0,0,0],[1,0,0],[0,1,0],[8,58,157]]
[[0,0,0],[1,0,0],[0,1,0],[12,57,157]]
[[0,0,0],[1,0,0],[0,1,0],[17,58,157]]
[[0,0,0],[1,0,0],[0,1,0],[6,21,157]]
[[0,0,0],[1,0,0],[0,1,0],[22,34,157]]
[[0,0,0],[1,0,0],[0,1,0],[16,28,157]]
[[0,0,0],[1,0,0],[0,1,0],[16,26,157]]
[[0,0,0],[1,0,0],[0,1,0],[17,34,157]]
[[0,0,0],[1,0,0],[0,1,0],[14,70,157]]
[[0,0,0],[1,0,0],[0,1,0],[40,135,157]]
[[0,0,0],[1,0,0],[0,1,0],[11,72,157]]
[[0,0,0],[1,0,0],[0,1,0],[15,18,157]]
[[0,0,0],[1,0,0],[0,1,0],[10,39,157]]
[[0,0,0],[1,0,0],[0,1,0],[9,24,157]]
[[0,0,0],[1,0,0],[0,1,0],[14,46,157]]
[[0,0,0],[1,0,0],[0,1,0],[14,47,157]]
[[0,0,0],[1,0,0],[0,1,0],[26,139,157]]
[[0,0,0],[1,0,0],[0,1,0],[13,151,157]]
[[0,0,0],[1,0,0],[0,1,0],[1,31,157]]
[[0,0,0],[1,0,0],[0,1,0],[28,133,157]]
[[0,0,0],[1,0,0],[0,1,0],[28,56,157]]
[[0,0,0],[1,0,0],[0,1,0],[8,30,157]]
[[0,0,0],[1,0,0],[0,1,0],[11,57,157]]
[[0,0,0],[1,0,0],[0,1,0],[7,27,157]]
[[0,0,0],[1,0,0],[0,1,0],[9,67,157]]
[[0,0,0],[1,0,0],[0,1,0],[1,17,157]]
[[0,0,0],[1,0,0],[0,1,0],[14,27,157]]
[[0,0,0],[1,0,0],[0,1,0],[7,59,157]]
[[0,0,0],[1,0,0],[0,1,0],[10,32,157]]
[[0,0,0],[1,0,0],[0,1,0],[11,43,157]]
[[0,0,0],[1,0,0],[0,1,0],[6,40,157]]
[[0,0,0],[1,0,0],[0,1,0],[11,17,157]]
[[0,0,0],[1,0,0],[0,1,0],[10,151,157]]
[[0,0,0],[1,0,0],[0,1,0],[2,46,157]]
[[0,0,0],[1,0,0],[0,1,0],[13,56,157]]
[[0,0,0],[1,0,0],[0,1,0],[1,24,157]]
[[0,0,0],[1,0,0],[0,1,0],[5,36,157]]
[[0,0,0],[1,0,0],[0,1,0],[16,27,157]]
[[0,0,0],[1,0,0],[0,1,0],[14,24,157]]
[[0,0,0],[1,0,0],[0,1,0],[15,62,157]]
[[0,0,0],[1,0,0],[0,1,0],[2,9,157]]
[[0,0,0],[1,0,0],[0,1,0],[34,135,157]]
[[0,0,0],[1,0,0],[0,1,0],[26,65,157]]
[[0,0,0],[1,0,0],[0,1,0],[5,37,157]]
[[0,0,0],[1,0,0],[0,1,0],[8,34,157]]
[[0,0,0],[1,0,0],[0,1,0],[4,32,157]]
[[0,0,0],[1,0,0],[0,1,0],[16,53,157]]
[[0,0,0],[1,0,0],[0,1,0],[20,48,157]]
[[0,0,0],[1,0,0],[0,1,0],[20,138,157]]
[[0,0,0],[1,0,0],[0,1,0],[9,35,157]]
[[0,0,0],[1,0,0],[0,1,0],[42,121,157]]
[[0,0,0],[1,0,0],[0,1,0],[5,20,157]]
[[0,0,0],[1,0,0],[0,1,0],[2,27,157]]
[[0,0,0],[1,0,0],[0,1,0],[2,16,157]]
[[0,0,0],[1,0,0],[0,1,0],[10,42,157]]
[[0,0,0],[1,0,0],[0,1,0],[12,60,157]]
[[0,0,0],[1,0,0],[0,1,0],[4,70,157]]
[[0,0,0],[1,0,0],[0,1,0],[4,13,157]]
[[0,0,0],[1,0,0],[0,1,0],[42,46,157]]
[[0,0,0],[1,0,0],[0,1,0],[46,113,157]]
[[0,0,0],[1,0,0],[0,1,0],[2,48,157]]
[[0,0,0],[1,0,0],[0,1,0],[19,44,157]]
[[0,0,0],[1,0,0],[0,1,0],[3,33,157]]
[[0,0,0],[1,0,0],[0,1,0],[17,39,157]]
[[0,0,0],[1,0,0],[0,1,0],[20,29,157]]
[[0,0,0],[1,0,0],[0,1,0],[25,58,157]]
[[0,0,0],[1,0,0],[0,1,0],[2,72,157]]
[[0,0,0],[1,0,0],[0,1,0],[5,34,157]]
[[0,0,0],[1,0,0],[0,1,0],[18,57,157]]
[[0,0,0],[1,0,0],[0,1,0],[1,22,157]]
[[0,0,0],[1,0,0],[0,1,0],[9,51,157]]
[[0,0,0],[1,0,0],[0,1,0],[47,121,157]]
[[0,0,0],[1,0,0],[0,1,0],[47,133,157]]
[[0,0,0],[1,0,0],[0,1,0],[8,22,157]]
[[0,0,0],[1,0,0],[0,1,0],[23,66,157]]
[[0,0,0],[1,0,0],[0,1,0],[27,51,157]]
[[0,0,0],[1,0,0],[0,1,0],[7,14,157]]
[[0,0,0],[1,0,0],[0,1,0],[9,41,157]]
[[0,0,0],[1,0,0],[0,1,0],[13,46,157]]
[[0,0,0],[1,0,0],[0,1,0],[6,20,157]]
[[0,0,0],[1,0,0],[0,1,0],[2,75,157]]
[[0,0,0],[1,0,0],[0,1,0],[6,38,157]]
[[0,0,0],[1,0,0],[0,1,0],[14,54,157]]
[[0,0,0],[1,0,0],[0,1,0],[1,10,157]]
[[0,0,0],[1,0,0],[0,1,0],[10,53,157]]
[[0,0,0],[1,0,0],[0,1,0],[9,21,157]]
[[0,0,0],[1,0,0],[0,1,0],[20,26,157]]
[[0,0,0],[1,0,0],[0,1,0],[10,16,157]]
[[0,0,0],[1,0,0],[0,1,0],[8,20,157]]
[[0,0,0],[1,0,0],[0,1,0],[23,53,157]]
[[0,0,0],[1,0,0],[0,1,0],[10,70,157]]
[[0,0,0],[1,0,0],[0,1,0],[8,62,157]]
[[0,0,0],[1,0,0],[0,1,0],[8,67,157]]
[[0,0,0],[1,0,0],[0,1,0],[4,69,157]]
[[0,0,0],[1,0,0],[0,1,0],[5,69,157]]
[[0,0,0],[1,0,0],[0,1,0],[1,19,157]]
[[0,0,0],[1,0,0],[0,1,0],[8,69,157]]
[[0,0,0],[1,0,0],[0,1,0],[52,128,157]]
[[0,0,0],[1,0,0],[0,1,0],[15,17,157]]
[[0,0,0],[1,0,0],[0,1,0],[4,55,157]]
[[0,0,0],[1,0,0],[0,1,0],[19,54,157]]
[[0,0,0],[1,0,0],[0,1,0],[24,53,157]]
[[0,0,0],[1,0,0],[0,1,0],[34,43,157]]
[[0,0,0],[1,0,0],[0,1,0],[2,59,157]]
[[0,0,0],[1,0,0],[0,1,0],[7,16,157]]
[[0,0,0],[1,0,0],[0,1,0],[1,28,157]]
[[0,0,0],[1,0,0],[0,1,0],[13,21,157]]
[[0,0,0],[1,0,0],[0,1,0],[3,62,157]]
[[0,0,0],[1,0,0],[0,1,0],[29,61,157]]
[[0,0,0],[1,0,0],[0,1,0],[4,66,157]]
[[0,0,0],[1,0,0],[0,1,0],[2,53,157]]
[[0,0,0],[1,0,0],[0,1,0],[11,19,157]]
[[0,0,0],[1,0,0],[0,1,0],[15,65,157]]
[[0,0,0],[1,0,0],[0,1,0],[5,155,157]]
[[0,0,0],[1,0,0],[0,1,0],[3,61,157]]
[[0,0,0],[1,0,0],[0,1,0],[13,51,157]]
[[0,0,0],[1,0,0],[0,1,0],[20,69,157]]
[[0,0,0],[1,0,0],[0,1,0],[8,36,157]]
[[0,0,0],[1,0,0],[0,1,0],[5,8,157]]
[[0,0,0],[1,0,0],[0,1,0],[5,21,157]]
[[0,0,0],[1,0,0],[0,1,0],[4,6,157]]
[[0,0,0],[1,0,0],[0,1,0],[10,149,157]]
[[0,0,0],[1,0,0],[0,1,0],[19,22,157]]
[[0,0,0],[1,0,0],[0,1,0],[13,57,157]]
[[0,0,0],[1,0,0],[0,1,0],[7,62,157]]
[[0,0,0],[1,0,0],[0,1,0],[12,34,157]]
[[0,0,0],[1,0,0],[0,1,0],[20,25,157]]
[[0,0,0],[1,0,0],[0,1,0],[24,139,157]]
[[0,0,0],[1,0,0],[0,1,0],[40,57,157]]
[[0,0,0],[1,0,0],[0,1,0],[6,76,157]]
[[0,0,0],[1,0,0],[0,1,0],[13,41,157]]
[[0,0,0],[1,0,0],[0,1,0],[1,70,157]]
[[0,0,0],[1,0,0],[0,1,0],[26,64,157]]
[[0,0,0],[1,0,0],[0,1,0],[9,32,157]]
[[0,0,0],[1,0,0],[0,1,0],[17,147,157]]
[[0,0,0],[1,0,0],[0,1,0],[10,50,157]]
[[0,0,0],[1,0,0],[0,1,0],[4,16,157]]
[[0,0,0],[1,0,0],[0,1,0],[6,64,157]]
[[0,0,0],[1,0,0],[0,1,0],[16,60,157]]
[[0,0,0],[1,0,0],[0,1,0],[10,33,157]]
[[0,0,0],[1,0,0],[0,1,0],[8,70,157]]
[[0,0,0],[1,0,0],[0,1,0],[14,49,157]]
[[0,0,0],[1,0,0],[0,1,0],[8,75,157]]
[[0,0,0],[1,0,0],[0,1,0],[18,52,157]]
[[0,0,0],[1,0,0],[0,1,0],[2,58,157]]
[[0,0,0],[1,0,0],[0,1,0],[39,137,157]]
[[0,0,0],[1,0,0],[0,1,0],[4,45,157]]
[[0,0,0],[1,0,0],[0,1,0],[7,152,157]]
[[0,0,0],[1,0,0],[0,1,0],[31,135,157]]
[[0,0,0],[1,0,0],[0,1,0],[12,39,157]]
[[0,0,0],[1,0,0],[0,1,0],[26,141,157]]
[[0,0,0],[1,0,0],[0,1,0],[4,34,157]]
[[0,0,0],[1,0,0],[0,1,0],[16,142,157]]
[[0,0,0],[1,0,0],[0,1,0],[13,62,157]]
[[0,0,0],[1,0,0],[0,1,0],[23,138,157]]
[[0,0,0],[1,0,0],[0,1,0],[15,50,157]]
[[0,0,0],[1,0,0],[0,1,0],[7,34,157]]
[[0,0,0],[1,0,0],[0,1,0],[17,148,157]]
[[0,0,0],[1,0,0],[0,1,0],[11,51,157]]
[[0,0,0],[1,0,0],[0,1,0],[53,128,157]]
[[0,0,0],[1,0,0],[0,1,0],[15,48,157]]
[[0,0,0],[1,0,0],[0,1,0],[1,14,157]]
[[0,0,0],[1,0,0],[0,1,0],[16,64,157]]
[[0,0,0],[1,0,0],[0,1,0],[8,28,157]]
[[0,0,0],[1,0,0],[0,1,0],[3,29,157]]
[[0,0,0],[1,0,0],[0,1,0],[18,64,157]]
[[0,0,0],[1,0,0],[0,1,0],[16,38,157]]
[[0,0,0],[1,0,0],[0,1,0],[18,33,157]]
[[0,0,0],[1,0,0],[0,1,0],[8,13,157]]
[[0,0,0],[1,0,0],[0,1,0],[7,154,157]]
[[0,0,0],[1,0,0],[0,1,0],[46,46,157]]
[[0,0,0],[1,0,0],[0,1,0],[16,48,157]]
[[0,0,0],[1,0,0],[0,1,0],[7,26,157]]
[[0,0,0],[1,0,0],[0,1,0],[4,28,157]]
[[0,0,0],[1,0,0],[0,1,0],[12,48,157]]
[[0,0,0],[1,0,0],[0,1,0],[9,149,157]]
[[0,0,0],[1,0,0],[0,1,0],[9,27,157]]
[[0,0,0],[1,0,0],[0,1,0],[4,58,157]]
[[0,0,0],[1,0,0],[0,1,0],[40,58,157]]
[[0,0,0],[1,0,0],[0,1,0],[8,46,157]]
[[0,0,0],[1,0,0],[0,1,0],[28,48,157]]
[[0,0,0],[1,0,0],[0,1,0],[8,24,157]]
[[0,0,0],[1,0,0],[0,1,0],[2,13,157]]
[[0,0,0],[1,0,0],[0,1,0],[9,60,157]]
[[0,0,0],[1,0,0],[0,1,0],[1,30,157]]
[[0,0,0],[1,0,0],[0,1,0],[14,53,157]]
[[0,0,0],[1,0,0],[0,1,0],[20,43,157]]
[[0,0,0],[1,0,0],[0,1,0],[16,22,157]]
[[0,0,0],[1,0,0],[0,1,0],[7,56,157]]
[[0,0,0],[1,0,0],[0,1,0],[0,1,157]]
[[0,0,0],[1,0,0],[0,1,0],[18,69,157]]
[[0,0,0],[1,0,0],[0,1,0],[5,65,157]]
[[0,0,0],[1,0,0],[0,1,0],[14,14,157]]
[[0,0,0],[1,0,0],[0,1,0],[67,93,157]]
[[0,0,0],[1,0,0],[0,1,0],[2,64,157]]
[[0,0,0],[1,0,0],[0,1,0],[13,52,157]]
[[0,0,0],[1,0,0],[0,1,0],[3,31,157]]
[[0,0,0],[1,0,0],[0,1,0],[11,13,157]]
[[0,0,0],[1,0,0],[0,1,0],[26,47,157]]
[[0,0,0],[1,0,0],[0,1,0],[25,135,157]]
[[0,0,0],[1,0,0],[0,1,0],[3,18,157]]
[[0,0,0],[1,0,0],[0,1,0],[6,55,157]]
[[0,0,0],[1,0,0],[0,1,0],[18,27,157]]
[[0,0,0],[1,0,0],[0,1,0],[3,9,157]]
[[0,0,0],[1,0,0],[0,1,0],[1,2,157]]
[[0,0,0],[1,0,0],[0,1,0],[2,39,157]]
[[0,0,0],[1,0,0],[0,1,0],[27,62,157]]
[[0,0,0],[1,0,0],[0,1,0],[10,12,157]]
[[0,0,0],[1,0,0],[0,1,0],[7,60,157]]
[[0,0,0],[1,0,0],[0,1,0],[18,23,157]]
[[0,0,0],[1,0,0],[0,1,0],[23,58,157]]
[[0,0,0],[1,0,0],[0,1,0],[6,28,157]]
[[0,0,0],[1,0,0],[0,1,0],[5,13,157]]
[[0,0,0],[1,0,0],[0,1,0],[23,140,157]]
[[0,0,0],[1,0,0],[0,1,0],[2,30,157]]
[[0,0,0],[1,0,0],[0,1,0],[23,36,157]]
[[0,0,0],[1,0,0],[0,1,0],[2,18,157]]
[[0,0,0],[1,0,0],[0,1,0],[9,25,157]]
[[0,0,0],[1,0,0],[0,1,0],[5,53,157]]
[[0,0,0],[1,0,0],[0,1,0],[6,12,157]]
[[0,0,0],[1,0,0],[0,1,0],[7,73,157]]
[[0,0,0],[1,0,0],[0,1,0],[3,73,157]]
[[0,0,0],[1,0,0],[0,1,0],[34,127,157]]
[[0,0,0],[1,0,0],[0,1,0],[1,6,157]]
[[0,0,0],[1,0,0],[0,1,0],[8,14,157]]
[[0,0,0],[1,0,0],[0,1,0],[15,21,157]]
[[0,0,0],[1,0,0],[0,1,0],[16,44,157]]
[[0,0,0],[1,0,0],[0,1,0],[8,50,157]]
[[0,0,0],[1,0,0],[0,1,0],[8,29,157]]
[[0,0,0],[1,0,0],[0,1,0],[1,53,157]]
[[0,0,0],[1,0,0],[0,1,0],[6,68,157]]
[[0,0,0],[1,0,0],[0,1,0],[11,40,157]]
[[0,0,0],[1,0,0],[0,1,0],[17,24,157]]
[[0,0,0],[1,0,0],[0,1,0],[4,39,157]]
[[0,0,0],[1,0,0],[0,1,0],[40,40,157]]
[[0,0,0],[1,0,0],[0,1,0],[2,8,157]]
[[0,0,0],[1,0,0],[0,1,0],[25,36,157]]
[[0,0,0],[1,0,0],[0,1,0],[2,33,157]]
[[0,0,0],[1,0,0],[0,1,0],[3,14,157]]
[[0,0,0],[1,0,0],[0,1,0],[9,38,157]]
[[0,0,0],[1,0,0],[0,1,0],[5,18,157]]
[[0,0,0],[1,0,0],[0,1,0],[8,151,157]]
[[0,0,0],[1,0,0],[0,1,0],[9,30,157]]
[[0,0,0],[1,0,0],[0,1,0],[33,127,157]]
[[0,0,0],[1,0,0],[0,1,0],[3,44,157]]
