[[0,0,0],[1,0,0],[0,1,0],[5,39,158]]
[[0,0,0],[1,0,0],[0,1,0],[37,39,158]]
[[0,0,0],[1,0,0],[0,1,0],[28,29,158]]
[[0,0,0],[1,0,0],[0,1,0],[36,59,158]]
[[0,0,0],[1,0,0],[0,1,0],[14,33,158]]
[[0,0,0],[1,0,0],[0,1,0],[22,19,158]]
[[0,0,0],[1,0,0],[0,1,0],[38,133,158]]
[[0,0,0],[1,0,0],[0,1,0],[2,97,158]]
[[0,0,0],[1,0,0],[0,1,0],[14,121,158]]
[[0,0,0],[1,0,0],[0,1,0],[4,39,158]]
[[0,0,0],[1,0,0],[0,1,0],[26,103,158]]
[[0,0,0],[1,0,0],[0,1,0],[7,73,158]]
[[0,0,0],[1,0,0],[0,1,0],[15,41,158]]
[[0,0,0],[1,0,0],[0,1,0],[24,55,158]]
[[0,0,0],[1,0,0],[0,1,0],[114,124,158]]
[[0,0,0],[1,0,0],[0,1,0],[42,139,158]]
[[0,0,0],[1,0,0],[0,1,0],[16,51,158]]
[[0,0,0],[1,0,0],[0,1,0],[48,19,158]]
[[0,0,0],[1,0,0],[0,1,0],[50,11,158]]
[[0,0,0],[1,0,0],[0,1,0],[92,71,158]]
[[0,0,0],[1,0,0],[0,1,0],[5,33,158]]
[[0,0,0],[1,0,0],[0,1,0],[44,51,158]]
[[0,0,0],[1,0,0],[0,1,0],[18,103,158]]
[[0,0,0],[1,0,0],[0,1,0],[18,109,158]]
[[0,0,0],[1,0,0],[0,1,0],[30,21,158]]
[[0,0,0],[1,0,0],[0,1,0],[26,51,158]]
[[0,0,0],[1,0,0],[0,1,0],[19,21,158]]
[[0,0,0],[1,0,0],[0,1,0],[46,123,158]]
[[0,0,0],[1,0,0],[0,1,0],[30,131,158]]
[[0,0,0],[1,0,0],[0,1,0],[2,85,158]]
[[0,0,0],[1,0,0],[0,1,0],[32,41,158]]
[[0,0,0],[1,0,0],[0,1,0],[90,77,158]]
[[0,0,0],[1,0,0],[0,1,0],[24,105,158]]
[[0,0,0],[1,0,0],[0,1,0],[14,81,158]]
[[0,0,0],[1,0,0],[0,1,0],[10,13,158]]
[[0,0,0],[1,0,0],[0,1,0],[82,99,158]]
[[0,0,0],[1,0,0],[0,1,0],[26,93,158]]
[[0,0,0],[1,0,0],[0,1,0],[110,59,158]]
[[0,0,0],[1,0,0],[0,1,0],[4,147,158]]
[[0,0,0],[1,0,0],[0,1,0],[72,157,158]]
[[0,0,0],[1,0,0],[0,1,0],[8,97,158]]
[[0,0,0],[1,0,0],[0,1,0],[1,7,158]]
[[0,0,0],[1,0,0],[0,1,0],[30,19,158]]
[[0,0,0],[1,0,0],[0,1,0],[52,147,158]]
[[0,0,0],[1,0,0],[0,1,0],[6,71,158]]
[[0,0,0],[1,0,0],[0,1,0],[14,23,158]]
[[0,0,0],[1,0,0],[0,1,0],[33,47,158]]
[[0,0,0],[1,0,0],[0,1,0],[36,139,158]]
[[0,0,0],[1,0,0],[0,1,0],[14,65,158]]
[[0,0,0],[1,0,0],[0,1,0],[14,111,158]]
[[0,0,0],[1,0,0],[0,1,0],[88,71,158]]
[[0,0,0],[1,0,0],[0,1,0],[11,63,158]]
[[0,0,0],[1,0,0],[0,1,0],[14,53,158]]
[[0,0,0],[1,0,0],[0,1,0],[76,141,158]]
[[0,0,0],[1,0,0],[0,1,0],[96,69,158]]
[[0,0,0],[1,0,0],[0,1,0],[38,17,158]]
[[0,0,0],[1,0,0],[0,1,0],[46,127,158]]
[[0,0,0],[1,0,0],[0,1,0],[40,139,158]]
[[0,0,0],[1,0,0],[0,1,0],[23,35,158]]
[[0,0,0],[1,0,0],[0,1,0],[7,51,158]]
[[0,0,0],[1,0,0],[0,1,0],[2,143,158]]
[[0,0,0],[1,0,0],[0,1,0],[46,133,158]]
[[0,0,0],[1,0,0],[0,1,0],[24,33,158]]
[[0,0,0],[1,0,0],[0,1,0],[118,51,158]]
[[0,0,0],[1,0,0],[0,1,0],[70,9,158]]
[[0,0,0],[1,0,0],[0,1,0],[42,129,158]]
[[0,0,0],[1,0,0],[0,1,0],[18,21,158]]
[[0,0,0],[1,0,0],[0,1,0],[4,107,158]]
[[0,0,0],[1,0,0],[0,1,0],[42,5,158]]
[[0,0,0],[1,0,0],[0,1,0],[30,57,158]]
[[0,0,0],[1,0,0],[0,1,0],[23,65,158]]
[[0,0,0],[1,0,0],[0,1,0],[57,125,158]]
[[0,0,0],[1,0,0],[0,1,0],[64,19,158]]
[[0,0,0],[1,0,0],[0,1,0],[48,131,158]]
[[0,0,0],[1,0,0],[0,1,0],[26,53,158]]
[[0,0,0],[1,0,0],[0,1,0],[7,45,158]]
[[0,0,0],[1,0,0],[0,1,0],[48,135,158]]
[[0,0,0],[1,0,0],[0,1,0],[6,75,158]]
[[0,0,0],[1,0,0],[0,1,0],[14,155,158]]
[[0,0,0],[1,0,0],[0,1,0],[72,13,158]]
[[0,0,0],[1,0,0],[0,1,0],[6,21,158]]
[[0,0,0],[1,0,0],[0,1,0],[12,21,158]]
[[0,0,0],[1,0,0],[0,1,0],[32,13,158]]
[[0,0,0],[1,0,0],[0,1,0],[2,5,158]]
[[0,0,0],[1,0,0],[0,1,0],[8,121,158]]
[[0,0,0],[1,0,0],[0,1,0],[10,33,158]]
[[0,0,0],[1,0,0],[0,1,0],[22,35,158]]
[[0,0,0],[1,0,0],[0,1,0],[66,101,158]]
[[0,0,0],[1,0,0],[0,1,0],[6,29,158]]
[[0,0,0],[1,0,0],[0,1,0],[38,61,158]]
[[0,0,0],[1,0,0],[0,1,0],[34,127,158]]
[[0,0,0],[1,0,0],[0,1,0],[4,149,158]]
[[0,0,0],[1,0,0],[0,1,0],[106,91,158]]
[[0,0,0],[1,0,0],[0,1,0],[74,147,158]]
[[0,0,0],[1,0,0],[0,1,0],[120,47,158]]
[[0,0,0],[1,0,0],[0,1,0],[16,153,158]]
[[0,0,0],[1,0,0],[0,1,0],[35,45,158]]
[[0,0,0],[1,0,0],[0,1,0],[20,103,158]]
[[0,0,0],[1,0,0],[0,1,0],[58,107,158]]
[[0,0,0],[1,0,0],[0,1,0],[22,115,158]]
[[0,0,0],[1,0,0],[0,1,0],[12,41,158]]
[[0,0,0],[1,0,0],[0,1,0],[26,43,158]]
[[0,0,0],[1,0,0],[0,1,0],[8,119,158]]
[[0,0,0],[1,0,0],[0,1,0],[16,59,158]]
[[0,0,0],[1,0,0],[0,1,0],[62,35,158]]
[[0,0,0],[1,0,0],[0,1,0],[70,157,158]]
[[0,0,0],[1,0,0],[0,1,0],[11,29,158]]
[[0,0,0],[1,0,0],[0,1,0],[46,37,158]]
[[0,0,0],[1,0,0],[0,1,0],[7,35,158]]
[[0,0,0],[1,0,0],[0,1,0],[26,157,158]]
[[0,0,0],[1,0,0],[0,1,0],[20,61,158]]
[[0,0,0],[1,0,0],[0,1,0],[10,109,158]]
[[0,0,0],[1,0,0],[0,1,0],[68,91,158]]
[[0,0,0],[1,0,0],[0,1,0],[36,71,158]]
[[0,0,0],[1,0,0],[0,1,0],[14,85,158]]
[[0,0,0],[1,0,0],[0,1,0],[30,85,158]]
[[0,0,0],[1,0,0],[0,1,0],[8,27,158]]
[[0,0,0],[1,0,0],[0,1,0],[6,81,158]]
[[0,0,0],[1,0,0],[0,1,0],[12,13,158]]
[[0,0,0],[1,0,0],[0,1,0],[32,141,158]]
[[0,0,0],[1,0,0],[0,1,0],[86,89,158]]
[[0,0,0],[1,0,0],[0,1,0],[4,129,158]]
[[0,0,0],[1,0,0],[0,1,0],[8,31,158]]
[[0,0,0],[1,0,0],[0,1,0],[52,141,158]]
[[0,0,0],[1,0,0],[0,1,0],[40,29,158]]
[[0,0,0],[1,0,0],[0,1,0],[4,75,158]]
[[0,0,0],[1,0,0],[0,1,0],[16,83,158]]
[[0,0,0],[1,0,0],[0,1,0],[40,131,158]]
[[0,0,0],[1,0,0],[0,1,0],[40,145,158]]
[[0,0,0],[1,0,0],[0,1,0],[7,33,158]]
[[0,0,0],[1,0,0],[0,1,0],[32,37,158]]
[[0,0,0],[1,0,0],[0,1,0],[4,45,158]]
[[0,0,0],[1,0,0],[0,1,0],[26,27,158]]
[[0,0,0],[1,0,0],[0,1,0],[36,51,158]]
[[0,0,0],[1,0,0],[0,1,0],[14,71,158]]
[[0,0,0],[1,0,0],[0,1,0],[28,137,158]]
[[0,0,0],[1,0,0],[0,1,0],[28,147,158]]
[[0,0,0],[1,0,0],[0,1,0],[2,47,158]]
[[0,0,0],[1,0,0],[0,1,0],[32,81,158]]
[[0,0,0],[1,0,0],[0,1,0],[8,103,158]]
[[0,0,0],[1,0,0],[0,1,0],[16,11,158]]
[[0,0,0],[1,0,0],[0,1,0],[86,145,158]]
[[0,0,0],[1,0,0],[0,1,0],[18,61,158]]
[[0,0,0],[1,0,0],[0,1,0],[20,7,158]]
[[0,0,0],[1,0,0],[0,1,0],[10,131,158]]
[[0,0,0],[1,0,0],[0,1,0],[14,7,158]]
[[0,0,0],[1,0,0],[0,1,0],[8,65,158]]
[[0,0,0],[1,0,0],[0,1,0],[82,156,158]]
[[0,0,0],[1,0,0],[0,1,0],[16,63,158]]
[[0,0,0],[1,0,0],[0,1,0],[4,127,158]]
[[0,0,0],[1,0,0],[0,1,0],[18,5,158]]
[[0,0,0],[1,0,0],[0,1,0],[30,65,158]]
[[0,0,0],[1,0,0],[0,1,0],[66,121,158]]
[[0,0,0],[1,0,0],[0,1,0],[2,131,158]]
[[0,0,0],[1,0,0],[0,1,0],[11,19,158]]
[[0,0,0],[1,0,0],[0,1,0],[38,59,158]]
[[0,0,0],[1,0,0],[0,1,0],[46,51,158]]
[[0,0,0],[1,0,0],[0,1,0],[3,31,158]]
[[0,0,0],[1,0,0],[0,1,0],[6,125,158]]
[[0,0,0],[1,0,0],[0,1,0],[3,61,158]]
[[0,0,0],[1,0,0],[0,1,0],[72,133,158]]
[[0,0,0],[1,0,0],[0,1,0],[36,81,158]]
[[0,0,0],[1,0,0],[0,1,0],[46,121,158]]
[[0,0,0],[1,0,0],[0,1,0],[6,133,158]]
[[0,0,0],[1,0,0],[0,1,0],[60,21,158]]
[[0,0,0],[1,0,0],[0,1,0],[42,143,158]]
[[0,0,0],[1,0,0],[0,1,0],[21,69,158]]
[[0,0,0],[1,0,0],[0,1,0],[12,127,158]]
[[0,0,0],[1,0,0],[0,1,0],[10,61,158]]
[[0,0,0],[1,0,0],[0,1,0],[22,91,158]]
[[0,0,0],[1,0,0],[0,1,0],[30,71,158]]
[[0,0,0],[1,0,0],[0,1,0],[11,153,158]]
[[0,0,0],[1,0,0],[0,1,0],[5,55,158]]
[[0,0,0],[1,0,0],[0,1,0],[28,101,158]]
[[0,0,0],[1,0,0],[0,1,0],[28,71,158]]
[[0,0,0],[1,0,0],[0,1,0],[50,151,158]]
[[0,0,0],[1,0,0],[0,1,0],[4,151,158]]
[[0,0,0],[1,0,0],[0,1,0],[4,125,158]]
[[0,0,0],[1,0,0],[0,1,0],[2,45,158]]
[[0,0,0],[1,0,0],[0,1,0],[20,157,158]]
[[0,0,0],[1,0,0],[0,1,0],[72,7,158]]
[[0,0,0],[1,0,0],[0,1,0],[11,31,158]]
[[0,0,0],[1,0,0],[0,1,0],[5,75,158]]
[[0,0,0],[1,0,0],[0,1,0],[50,5,158]]
[[0,0,0],[1,0,0],[0,1,0],[10,149,158]]
[[0,0,0],[1,0,0],[0,1,0],[14,29,158]]
[[0,0,0],[1,0,0],[0,1,0],[3,71,158]]
[[0,0,0],[1,0,0],[0,1,0],[2,101,158]]
[[0,0,0],[1,0,0],[0,1,0],[30,47,158]]
[[0,0,0],[1,0,0],[0,1,0],[12,107,158]]
[[0,0,0],[1,0,0],[0,1,0],[38,31,158]]
[[0,0,0],[1,0,0],[0,1,0],[24,151,158]]
[[0,0,0],[1,0,0],[0,1,0],[38,137,158]]
[[0,0,0],[1,0,0],[0,1,0],[2,107,158]]
[[0,0,0],[1,0,0],[0,1,0],[2,43,158]]
[[0,0,0],[1,0,0],[0,1,0],[40,127,158]]
[[0,0,0],[1,0,0],[0,1,0],[114,69,158]]
[[0,0,0],[1,0,0],[0,1,0],[8,13,158]]
[[0,0,0],[1,0,0],[0,1,0],[48,139,158]]
[[0,0,0],[1,0,0],[0,1,0],[60,109,158]]
[[0,0,0],[1,0,0],[0,1,0],[9,151,158]]
[[0,0,0],[1,0,0],[0,1,0],[50,17,158]]
[[0,0,0],[1,0,0],[0,1,0],[36,153,158]]
[[0,0,0],[1,0,0],[0,1,0],[52,157,158]]
[[0,0,0],[1,0,0],[0,1,0],[13,39,158]]
[[0,0,0],[1,0,0],[0,1,0],[36,21,158]]
[[0,0,0],[1,0,0],[0,1,0],[3,157,158]]
[[0,0,0],[1,0,0],[0,1,0],[24,49,158]]
[[0,0,0],[1,0,0],[0,1,0],[56,33,158]]
[[0,0,0],[1,0,0],[0,1,0],[74,117,158]]
[[0,0,0],[1,0,0],[0,1,0],[2,35,158]]
[[0,0,0],[1,0,0],[0,1,0],[6,143,158]]
[[0,0,0],[1,0,0],[0,1,0],[46,155,158]]
[[0,0,0],[1,0,0],[0,1,0],[8,113,158]]
[[0,0,0],[1,0,0],[0,1,0],[7,39,158]]
[[0,0,0],[1,0,0],[0,1,0],[12,9,158]]
[[0,0,0],[1,0,0],[0,1,0],[10,157,158]]
[[0,0,0],[1,0,0],[0,1,0],[66,7,158]]
[[0,0,0],[1,0,0],[0,1,0],[4,25,158]]
[[0,0,0],[1,0,0],[0,1,0],[82,89,158]]
[[0,0,0],[1,0,0],[0,1,0],[3,43,158]]
[[0,0,0],[1,0,0],[0,1,0],[48,9,158]]
[[0,0,0],[1,0,0],[0,1,0],[12,75,158]]
[[0,0,0],[1,0,0],[0,1,0],[29,29,158]]
[[0,0,0],[1,0,0],[0,1,0],[5,77,158]]
[[0,0,0],[1,0,0],[0,1,0],[20,87,158]]
[[0,0,0],[1,0,0],[0,1,0],[30,147,158]]
[[0,0,0],[1,0,0],[0,1,0],[10,11,158]]
[[0,0,0],[1,0,0],[0,1,0],[7,71,158]]
[[0,0,0],[1,0,0],[0,1,0],[28,11,158]]
[[0,0,0],[1,0,0],[0,1,0],[2,21,158]]
[[0,0,0],[1,0,0],[0,1,0],[82,119,158]]
[[0,0,0],[1,0,0],[0,1,0],[15,37,158]]
[[0,0,0],[1,0,0],[0,1,0],[81,157,158]]
[[0,0,0],[1,0,0],[0,1,0],[68,97,158]]
[[0,0,0],[1,0,0],[0,1,0],[4,9,158]]
[[0,0,0],[1,0,0],[0,1,0],[17,25,158]]
[[0,0,0],[1,0,0],[0,1,0],[44,41,158]]
[[0,0,0],[1,0,0],[0,1,0],[16,64,158]]
[[0,0,0],[1,0,0],[0,1,0],[56,39,158]]
[[0,0,0],[1,0,0],[0,1,0],[42,9,158]]
[[0,0,0],[1,0,0],[0,1,0],[30,97,158]]
[[0,0,0],[1,0,0],[0,1,0],[110,128,158]]
[[0,0,0],[1,0,0],[0,1,0],[12,53,158]]
[[0,0,0],[1,0,0],[0,1,0],[12,93,158]]
[[0,0,0],[1,0,0],[0,1,0],[16,45,158]]
[[0,0,0],[1,0,0],[0,1,0],[103,135,158]]
[[0,0,0],[1,0,0],[0,1,0],[48,149,158]]
[[0,0,0],[1,0,0],[0,1,0],[15,25,158]]
[[0,0,0],[1,0,0],[0,1,0],[78,1,158]]
[[0,0,0],[1,0,0],[0,1,0],[96,97,158]]
[[0,0,0],[1,0,0],[0,1,0],[11,11,158]]
[[0,0,0],[1,0,0],[0,1,0],[34,75,158]]
[[0,0,0],[1,0,0],[0,1,0],[24,107,158]]
[[0,0,0],[1,0,0],[0,1,0],[21,29,158]]
[[0,0,0],[1,0,0],[0,1,0],[12,5,158]]
[[0,0,0],[1,0,0],[0,1,0],[66,157,158]]
[[0,0,0],[1,0,0],[0,1,0],[27,33,158]]
[[0,0,0],[1,0,0],[0,1,0],[46,49,158]]
[[0,0,0],[1,0,0],[0,1,0],[12,125,158]]
[[0,0,0],[1,0,0],[0,1,0],[44,131,158]]
[[0,0,0],[1,0,0],[0,1,0],[18,83,158]]
[[0,0,0],[1,0,0],[0,1,0],[112,93,158]]
[[0,0,0],[1,0,0],[0,1,0],[10,87,158]]
[[0,0,0],[1,0,0],[0,1,0],[54,29,158]]
[[0,0,0],[1,0,0],[0,1,0],[134,25,158]]
[[0,0,0],[1,0,0],[0,1,0],[4,95,158]]
[[0,0,0],[1,0,0],[0,1,0],[28,23,158]]
[[0,0,0],[1,0,0],[0,1,0],[17,57,158]]
[[0,0,0],[1,0,0],[0,1,0],[21,147,158]]
[[0,0,0],[1,0,0],[0,1,0],[21,61,158]]
[[0,0,0],[1,0,0],[0,1,0],[12,61,158]]
[[0,0,0],[1,0,0],[0,1,0],[12,111,158]]
[[0,0,0],[1,0,0],[0,1,0],[50,13,158]]
[[0,0,0],[1,0,0],[0,1,0],[20,11,158]]
[[0,0,0],[1,0,0],[0,1,0],[6,39,158]]
[[0,0,0],[1,0,0],[0,1,0],[22,31,158]]
[[0,0,0],[1,0,0],[0,1,0],[80,97,158]]
[[0,0,0],[1,0,0],[0,1,0],[21,27,158]]
[[0,0,0],[1,0,0],[0,1,0],[74,157,158]]
[[0,0,0],[1,0,0],[0,1,0],[65,97,158]]
[[0,0,0],[1,0,0],[0,1,0],[3,73,158]]
[[0,0,0],[1,0,0],[0,1,0],[54,47,158]]
[[0,0,0],[1,0,0],[0,1,0],[8,73,158]]
[[0,0,0],[1,0,0],[0,1,0],[28,1,158]]
[[0,0,0],[1,0,0],[0,1,0],[42,123,158]]
[[0,0,0],[1,0,0],[0,1,0],[16,57,158]]
[[0,0,0],[1,0,0],[0,1,0],[68,117,158]]
[[0,0,0],[1,0,0],[0,1,0],[12,7,158]]
[[0,0,0],[1,0,0],[0,1,0],[88,129,158]]
[[0,0,0],[1,0,0],[0,1,0],[8,43,158]]
[[0,0,0],[1,0,0],[0,1,0],[15,45,158]]
[[0,0,0],[1,0,0],[0,1,0],[10,35,158]]
[[0,0,0],[1,0,0],[0,1,0],[46,153,158]]
[[0,0,0],[1,0,0],[0,1,0],[50,125,158]]
[[0,0,0],[1,0,0],[0,1,0],[24,21,158]]
[[0,0,0],[1,0,0],[0,1,0],[34,53,158]]
[[0,0,0],[1,0,0],[0,1,0],[96,142,158]]
[[0,0,0],[1,0,0],[0,1,0],[3,19,158]]
[[0,0,0],[1,0,0],[0,1,0],[6,74,158]]
[[0,0,0],[1,0,0],[0,1,0],[12,67,158]]
[[0,0,0],[1,0,0],[0,1,0],[6,69,158]]
[[0,0,0],[1,0,0],[0,1,0],[27,27,158]]
[[0,0,0],[1,0,0],[0,1,0],[34,151,158]]
[[0,0,0],[1,0,0],[0,1,0],[6,93,158]]
[[0,0,0],[1,0,0],[0,1,0],[60,29,158]]
[[0,0,0],[1,0,0],[0,1,0],[116,47,158]]
[[0,0,0],[1,0,0],[0,1,0],[16,103,158]]
[[0,0,0],[1,0,0],[0,1,0],[68,11,158]]
[[0,0,0],[1,0,0],[0,1,0],[8,155,158]]
[[0,0,0],[1,0,0],[0,1,0],[4,83,158]]
[[0,0,0],[1,0,0],[0,1,0],[8,131,158]]
[[0,0,0],[1,0,0],[0,1,0],[28,15,158]]
[[0,0,0],[1,0,0],[0,1,0],[106,61,158]]
[[0,0,0],[1,0,0],[0,1,0],[54,107,158]]
[[0,0,0],[1,0,0],[0,1,0],[18,47,158]]
[[0,0,0],[1,0,0],[0,1,0],[38,45,158]]
[[0,0,0],[1,0,0],[0,1,0],[18,85,158]]
[[0,0,0],[1,0,0],[0,1,0],[7,21,158]]
[[0,0,0],[1,0,0],[0,1,0],[12,23,158]]
[[0,0,0],[1,0,0],[0,1,0],[58,7,158]]
[[0,0,0],[1,0,0],[0,1,0],[34,145,158]]
[[0,0,0],[1,0,0],[0,1,0],[72,103,158]]
[[0,0,0],[1,0,0],[0,1,0],[24,103,158]]
[[0,0,0],[1,0,0],[0,1,0],[28,81,158]]
[[0,0,0],[1,0,0],[0,1,0],[32,145,158]]
[[0,0,0],[1,0,0],[0,1,0],[22,29,158]]
[[0,0,0],[1,0,0],[0,1,0],[66,3,158]]
[[0,0,0],[1,0,0],[0,1,0],[4,105,158]]
[[0,0,0],[1,0,0],[0,1,0],[22,27,158]]
[[0,0,0],[1,0,0],[0,1,0],[6,101,158]]
[[0,0,0],[1,0,0],[0,1,0],[30,53,158]]
[[0,0,0],[1,0,0],[0,1,0],[50,149,158]]
[[0,0,0],[1,0,0],[0,1,0],[24,137,158]]
[[0,0,0],[1,0,0],[0,1,0],[5,45,158]]
[[0,0,0],[1,0,0],[0,1,0],[40,121,158]]
[[0,0,0],[1,0,0],[0,1,0],[38,155,158]]
[[0,0,0],[1,0,0],[0,1,0],[34,65,158]]
[[0,0,0],[1,0,0],[0,1,0],[60,33,158]]
[[0,0,0],[1,0,0],[0,1,0],[3,63,158]]
[[0,0,0],[1,0,0],[0,1,0],[22,83,158]]
[[0,0,0],[1,0,0],[0,1,0],[28,57,158]]
[[0,0,0],[1,0,0],[0,1,0],[32,3,158]]
[[0,0,0],[1,0,0],[0,1,0],[21,39,158]]
[[0,0,0],[1,0,0],[0,1,0],[3,7,158]]
[[0,0,0],[1,0,0],[0,1,0],[24,153,158]]
[[0,0,0],[1,0,0],[0,1,0],[100,75,158]]
[[0,0,0],[1,0,0],[0,1,0],[14,147,158]]
[[0,0,0],[1,0,0],[0,1,0],[2,91,158]]
[[0,0,0],[1,0,0],[0,1,0],[7,69,158]]
[[0,0,0],[1,0,0],[0,1,0],[15,15,158]]
[[0,0,0],[1,0,0],[0,1,0],[82,91,158]]
[[0,0,0],[1,0,0],[0,1,0],[6,61,158]]
[[0,0,0],[1,0,0],[0,1,0],[38,57,158]]
[[0,0,0],[1,0,0],[0,1,0],[88,141,158]]
[[0,0,0],[1,0,0],[0,1,0],[56,147,158]]
[[0,0,0],[1,0,0],[0,1,0],[106,132,158]]
[[0,0,0],[1,0,0],[0,1,0],[104,55,158]]
[[0,0,0],[1,0,0],[0,1,0],[20,143,158]]
[[0,0,0],[1,0,0],[0,1,0],[34,147,158]]
[[0,0,0],[1,0,0],[0,1,0],[64,127,158]]
[[0,0,0],[1,0,0],[0,1,0],[54,25,158]]
[[0,0,0],[1,0,0],[0,1,0],[64,29,158]]
[[0,0,0],[1,0,0],[0,1,0],[24,59,158]]
[[0,0,0],[1,0,0],[0,1,0],[12,39,158]]
[[0,0,0],[1,0,0],[0,1,0],[64,137,158]]
[[0,0,0],[1,0,0],[0,1,0],[86,127,158]]
[[0,0,0],[1,0,0],[0,1,0],[10,85,158]]
[[0,0,0],[1,0,0],[0,1,0],[3,45,158]]
[[0,0,0],[1,0,0],[0,1,0],[42,19,158]]
[[0,0,0],[1,0,0],[0,1,0],[11,15,158]]
[[0,0,0],[1,0,0],[0,1,0],[118,77,158]]
[[0,0,0],[1,0,0],[0,1,0],[2,53,158]]
[[0,0,0],[1,0,0],[0,1,0],[34,69,158]]
[[0,0,0],[1,0,0],[0,1,0],[128,51,158]]
[[0,0,0],[1,0,0],[0,1,0],[64,155,158]]
[[0,0,0],[1,0,0],[0,1,0],[28,157,158]]
[[0,0,0],[1,0,0],[0,1,0],[18,113,158]]
[[0,0,0],[1,0,0],[0,1,0],[8,67,158]]
[[0,0,0],[1,0,0],[0,1,0],[28,89,158]]
[[0,0,0],[1,0,0],[0,1,0],[108,51,158]]
[[0,0,0],[1,0,0],[0,1,0],[5,19,158]]
[[0,0,0],[1,0,0],[0,1,0],[11,47,158]]
[[0,0,0],[1,0,0],[0,1,0],[5,43,158]]
[[0,0,0],[1,0,0],[0,1,0],[9,21,158]]
[[0,0,0],[1,0,0],[0,1,0],[82,109,158]]
[[0,0,0],[1,0,0],[0,1,0],[13,43,158]]
[[0,0,0],[1,0,0],[0,1,0],[12,131,158]]
[[0,0,0],[1,0,0],[0,1,0],[8,125,158]]
[[0,0,0],[1,0,0],[0,1,0],[106,53,158]]
[[0,0,0],[1,0,0],[0,1,0],[30,9,158]]
[[0,0,0],[1,0,0],[0,1,0],[96,91,158]]
[[0,0,0],[1,0,0],[0,1,0],[2,93,158]]
[[0,0,0],[1,0,0],[0,1,0],[10,77,158]]
[[0,0,0],[1,0,0],[0,1,0],[92,69,158]]
[[0,0,0],[1,0,0],[0,1,0],[42,121,158]]
[[0,0,0],[1,0,0],[0,1,0],[52,109,158]]
[[0,0,0],[1,0,0],[0,1,0],[5,41,158]]
[[0,0,0],[1,0,0],[0,1,0],[36,1,158]]
[[0,0,0],[1,0,0],[0,1,0],[10,23,158]]
[[0,0,0],[1,0,0],[0,1,0],[54,1,158]]
[[0,0,0],[1,0,0],[0,1,0],[18,53,158]]
[[0,0,0],[1,0,0],[0,1,0],[60,121,158]]
[[0,0,0],[1,0,0],[0,1,0],[76,125,158]]
[[0,0,0],[1,0,0],[0,1,0],[2,117,158]]
[[0,0,0],[1,0,0],[0,1,0],[3,59,158]]
[[0,0,0],[1,0,0],[0,1,0],[3,65,158]]
[[0,0,0],[1,0,0],[0,1,0],[70,13,158]]
[[0,0,0],[1,0,0],[0,1,0],[32,157,158]]
[[0,0,0],[1,0,0],[0,1,0],[6,9,158]]
[[0,0,0],[1,0,0],[0,1,0],[56,157,158]]
[[0,0,0],[1,0,0],[0,1,0],[23,51,158]]
[[0,0,0],[1,0,0],[0,1,0],[34,9,158]]
[[0,0,0],[1,0,0],[0,1,0],[24,157,158]]
[[0,0,0],[1,0,0],[0,1,0],[2,1,158]]
[[0,0,0],[1,0,0],[0,1,0],[68,113,158]]
[[0,0,0],[1,0,0],[0,1,0],[35,49,158]]
[[0,0,0],[1,0,0],[0,1,0],[42,3,158]]
[[0,0,0],[1,0,0],[0,1,0],[112,57,158]]
[[0,0,0],[1,0,0],[0,1,0],[6,103,158]]
[[0,0,0],[1,0,0],[0,1,0],[7,25,158]]
[[0,0,0],[1,0,0],[0,1,0],[52,13,158]]
[[0,0,0],[1,0,0],[0,1,0],[72,101,158]]
[[0,0,0],[1,0,0],[0,1,0],[32,15,158]]
[[0,0,0],[1,0,0],[0,1,0],[4,23,158]]
[[0,0,0],[1,0,0],[0,1,0],[12,55,158]]
[[0,0,0],[1,0,0],[0,1,0],[8,69,158]]
[[0,0,0],[1,0,0],[0,1,0],[26,7,158]]
[[0,0,0],[1,0,0],[0,1,0],[52,121,158]]
[[0,0,0],[1,0,0],[0,1,0],[7,9,158]]
[[0,0,0],[1,0,0],[0,1,0],[54,45,158]]
[[0,0,0],[1,0,0],[0,1,0],[16,81,158]]
[[0,0,0],[1,0,0],[0,1,0],[36,69,158]]
[[0,0,0],[1,0,0],[0,1,0],[107,131,158]]
[[0,0,0],[1,0,0],[0,1,0],[34,43,158]]
[[0,0,0],[1,0,0],[0,1,0],[38,69,158]]
[[0,0,0],[1,0,0],[0,1,0],[7,7,158]]
[[0,0,0],[1,0,0],[0,1,0],[40,15,158]]
[[0,0,0],[1,0,0],[0,1,0],[18,41,158]]
[[0,0,0],[1,0,0],[0,1,0],[19,141,158]]
[[0,0,0],[1,0,0],[0,1,0],[2,119,158]]
[[0,0,0],[1,0,0],[0,1,0],[8,45,158]]
[[0,0,0],[1,0,0],[0,1,0],[34,19,158]]
[[0,0,0],[1,0,0],[0,1,0],[4,61,158]]
[[0,0,0],[1,0,0],[0,1,0],[18,51,158]]
[[0,0,0],[1,0,0],[0,1,0],[2,133,158]]
[[0,0,0],[1,0,0],[0,1,0],[19,51,158]]
[[0,0,0],[1,0,0],[0,1,0],[18,99,158]]
[[0,0,0],[1,0,0],[0,1,0],[17,63,158]]
[[0,0,0],[1,0,0],[0,1,0],[6,105,158]]
[[0,0,0],[1,0,0],[0,1,0],[28,61,158]]
[[0,0,0],[1,0,0],[0,1,0],[8,157,158]]
[[0,0,0],[1,0,0],[0,1,0],[64,133,158]]
[[0,0,0],[1,0,0],[0,1,0],[98,119,158]]
[[0,0,0],[1,0,0],[0,1,0],[8,71,158]]
[[0,0,0],[1,0,0],[0,1,0],[80,133,158]]
[[0,0,0],[1,0,0],[0,1,0],[54,139,158]]
[[0,0,0],[1,0,0],[0,1,0],[24,61,158]]
[[0,0,0],[1,0,0],[0,1,0],[18,31,158]]
[[0,0,0],[1,0,0],[0,1,0],[28,45,158]]
[[0,0,0],[1,0,0],[0,1,0],[38,42,158]]
[[0,0,0],[1,0,0],[0,1,0],[68,157,158]]
[[0,0,0],[1,0,0],[0,1,0],[14,157,158]]
[[0,0,0],[1,0,0],[0,1,0],[2,151,158]]
[[0,0,0],[1,0,0],[0,1,0],[62,125,158]]
[[0,0,0],[1,0,0],[0,1,0],[66,27,158]]
[[0,0,0],[1,0,0],[0,1,0],[9,41,158]]
[[0,0,0],[1,0,0],[0,1,0],[1,19,158]]
[[0,0,0],[1,0,0],[0,1,0],[10,25,158]]
[[0,0,0],[1,0,0],[0,1,0],[2,11,158]]
[[0,0,0],[1,0,0],[0,1,0],[6,73,158]]
[[0,0,0],[1,0,0],[0,1,0],[5,71,158]]
[[0,0,0],[1,0,0],[0,1,0],[20,151,158]]
[[0,0,0],[1,0,0],[0,1,0],[8,151,158]]
[[0,0,0],[1,0,0],[0,1,0],[44,155,158]]
[[0,0,0],[1,0,0],[0,1,0],[36,44,158]]
[[0,0,0],[1,0,0],[0,1,0],[24,51,158]]
[[0,0,0],[1,0,0],[0,1,0],[10,17,158]]
[[0,0,0],[1,0,0],[0,1,0],[4,59,158]]
[[0,0,0],[1,0,0],[0,1,0],[2,73,158]]
[[0,0,0],[1,0,0],[0,1,0],[44,7,158]]
[[0,0,0],[1,0,0],[0,1,0],[34,83,158]]
[[0,0,0],[1,0,0],[0,1,0],[5,49,158]]
[[0,0,0],[1,0,0],[0,1,0],[23,67,158]]
[[0,0,0],[1,0,0],[0,1,0],[4,33,158]]
[[0,0,0],[1,0,0],[0,1,0],[26,54,158]]
[[0,0,0],[1,0,0],[0,1,0],[52,9,158]]
[[0,0,0],[1,0,0],[0,1,0],[79,1,158]]
[[0,0,0],[1,0,0],[0,1,0],[1,9,158]]
[[0,0,0],[1,0,0],[0,1,0],[6,89,158]]
[[0,0,0],[1,0,0],[0,1,0],[16,119,158]]
[[0,0,0],[1,0,0],[0,1,0],[2,139,158]]
[[0,0,0],[1,0,0],[0,1,0],[54,37,158]]
[[0,0,0],[1,0,0],[0,1,0],[10,115,158]]
[[0,0,0],[1,0,0],[0,1,0],[18,55,158]]
[[0,0,0],[1,0,0],[0,1,0],[36,151,158]]
[[0,0,0],[1,0,0],[0,1,0],[9,13,158]]
[[0,0,0],[1,0,0],[0,1,0],[8,83,158]]
[[0,0,0],[1,0,0],[0,1,0],[20,107,158]]
[[0,0,0],[1,0,0],[0,1,0],[50,39,158]]
[[0,0,0],[1,0,0],[0,1,0],[80,103,158]]
[[0,0,0],[1,0,0],[0,1,0],[24,56,158]]
[[0,0,0],[1,0,0],[0,1,0],[8,123,158]]
[[0,0,0],[1,0,0],[0,1,0],[82,87,158]]
[[0,0,0],[1,0,0],[0,1,0],[14,37,158]]
[[0,0,0],[1,0,0],[0,1,0],[80,85,158]]
[[0,0,0],[1,0,0],[0,1,0],[108,101,158]]
[[0,0,0],[1,0,0],[0,1,0],[56,1,158]]
[[0,0,0],[1,0,0],[0,1,0],[56,121,158]]
[[0,0,0],[1,0,0],[0,1,0],[94,71,158]]
[[0,0,0],[1,0,0],[0,1,0],[4,5,158]]
[[0,0,0],[1,0,0],[0,1,0],[46,151,158]]
[[0,0,0],[1,0,0],[0,1,0],[66,1,158]]
[[0,0,0],[1,0,0],[0,1,0],[19,59,158]]
[[0,0,0],[1,0,0],[0,1,0],[48,157,158]]
[[0,0,0],[1,0,0],[0,1,0],[56,41,158]]
[[0,0,0],[1,0,0],[0,1,0],[9,27,158]]
[[0,0,0],[1,0,0],[0,1,0],[58,145,158]]
[[0,0,0],[1,0,0],[0,1,0],[30,151,158]]
[[0,0,0],[1,0,0],[0,1,0],[108,59,158]]
[[0,0,0],[1,0,0],[0,1,0],[31,45,158]]
[[0,0,0],[1,0,0],[0,1,0],[24,65,158]]
[[0,0,0],[1,0,0],[0,1,0],[10,151,158]]
[[0,0,0],[1,0,0],[0,1,0],[14,1,158]]
[[0,0,0],[1,0,0],[0,1,0],[9,25,158]]
[[0,0,0],[1,0,0],[0,1,0],[86,73,158]]
[[0,0,0],[1,0,0],[0,1,0],[46,157,158]]
[[0,0,0],[1,0,0],[0,1,0],[42,67,158]]
[[0,0,0],[1,0,0],[0,1,0],[2,121,158]]
[[0,0,0],[1,0,0],[0,1,0],[86,121,158]]
[[0,0,0],[1,0,0],[0,1,0],[40,49,158]]
[[0,0,0],[1,0,0],[0,1,0],[70,127,158]]
[[0,0,0],[1,0,0],[0,1,0],[90,119,158]]
[[0,0,0],[1,0,0],[0,1,0],[16,101,158]]
[[0,0,0],[1,0,0],[0,1,0],[52,115,158]]
[[0,0,0],[1,0,0],[0,1,0],[34,61,158]]
[[0,0,0],[1,0,0],[0,1,0],[13,47,158]]
[[0,0,0],[1,0,0],[0,1,0],[8,81,158]]
[[0,0,0],[1,0,0],[0,1,0],[10,63,158]]
[[0,0,0],[1,0,0],[0,1,0],[62,123,158]]
[[0,0,0],[1,0,0],[0,1,0],[52,7,158]]
[[0,0,0],[1,0,0],[0,1,0],[24,1,158]]
[[0,0,0],[1,0,0],[0,1,0],[10,111,158]]
[[0,0,0],[1,0,0],[0,1,0],[50,43,158]]
[[0,0,0],[1,0,0],[0,1,0],[4,103,158]]
[[0,0,0],[1,0,0],[0,1,0],[17,71,158]]
[[0,0,0],[1,0,0],[0,1,0],[22,41,158]]
[[0,0,0],[1,0,0],[0,1,0],[68,149,158]]
[[0,0,0],[1,0,0],[0,1,0],[2,25,158]]
[[0,0,0],[1,0,0],[0,1,0],[32,45,158]]
[[0,0,0],[1,0,0],[0,1,0],[23,33,158]]
[[0,0,0],[1,0,0],[0,1,0],[2,95,158]]
[[0,0,0],[1,0,0],[0,1,0],[49,127,158]]
[[0,0,0],[1,0,0],[0,1,0],[2,7,158]]
[[0,0,0],[1,0,0],[0,1,0],[26,65,158]]
[[0,0,0],[1,0,0],[0,1,0],[2,19,158]]
[[0,0,0],[1,0,0],[0,1,0],[30,35,158]]
[[0,0,0],[1,0,0],[0,1,0],[110,77,158]]
[[0,0,0],[1,0,0],[0,1,0],[36,9,158]]
[[0,0,0],[1,0,0],[0,1,0],[64,157,158]]
[[0,0,0],[1,0,0],[0,1,0],[4,55,158]]
[[0,0,0],[1,0,0],[0,1,0],[24,41,158]]
[[0,0,0],[1,0,0],[0,1,0],[22,89,158]]
[[0,0,0],[1,0,0],[0,1,0],[36,67,158]]
[[0,0,0],[1,0,0],[0,1,0],[6,59,158]]
[[0,0,0],[1,0,0],[0,1,0],[16,85,158]]
[[0,0,0],[1,0,0],[0,1,0],[10,5,158]]
[[0,0,0],[1,0,0],[0,1,0],[54,7,158]]
[[0,0,0],[1,0,0],[0,1,0],[68,155,158]]
[[0,0,0],[1,0,0],[0,1,0],[16,149,158]]
[[0,0,0],[1,0,0],[0,1,0],[30,7,158]]
[[0,0,0],[1,0,0],[0,1,0],[20,89,158]]
[[0,0,0],[1,0,0],[0,1,0],[19,43,158]]
[[0,0,0],[1,0,0],[0,1,0],[72,91,158]]
[[0,0,0],[1,0,0],[0,1,0],[14,123,158]]
[[0,0,0],[1,0,0],[0,1,0],[19,61,158]]
[[0,0,0],[1,0,0],[0,1,0],[18,7,158]]
[[0,0,0],[1,0,0],[0,1,0],[28,52,158]]
[[0,0,0],[1,0,0],[0,1,0],[18,101,158]]
[[0,0,0],[1,0,0],[0,1,0],[2,153,158]]
[[0,0,0],[1,0,0],[0,1,0],[8,35,158]]
[[0,0,0],[1,0,0],[0,1,0],[12,49,158]]
[[0,0,0],[1,0,0],[0,1,0],[54,133,158]]
[[0,0,0],[1,0,0],[0,1,0],[106,77,158]]
[[0,0,0],[1,0,0],[0,1,0],[52,129,158]]
[[0,0,0],[1,0,0],[0,1,0],[2,103,158]]
[[0,0,0],[1,0,0],[0,1,0],[33,131,158]]
[[0,0,0],[1,0,0],[0,1,0],[12,149,158]]
[[0,0,0],[1,0,0],[0,1,0],[42,7,158]]
[[0,0,0],[1,0,0],[0,1,0],[28,31,158]]
[[0,0,0],[1,0,0],[0,1,0],[50,57,158]]
[[0,0,0],[1,0,0],[0,1,0],[18,145,158]]
[[0,0,0],[1,0,0],[0,1,0],[14,69,158]]
[[0,0,0],[1,0,0],[0,1,0],[14,89,158]]
[[0,0,0],[1,0,0],[0,1,0],[5,21,158]]
[[0,0,0],[1,0,0],[0,1,0],[66,109,158]]
[[0,0,0],[1,0,0],[0,1,0],[8,85,158]]
[[0,0,0],[1,0,0],[0,1,0],[20,21,158]]
[[0,0,0],[1,0,0],[0,1,0],[8,17,158]]
[[0,0,0],[1,0,0],[0,1,0],[3,11,158]]
[[0,0,0],[1,0,0],[0,1,0],[15,19,158]]
[[0,0,0],[1,0,0],[0,1,0],[5,65,158]]
[[0,0,0],[1,0,0],[0,1,0],[32,133,158]]
[[0,0,0],[1,0,0],[0,1,0],[14,59,158]]
[[0,0,0],[1,0,0],[0,1,0],[24,81,158]]
[[0,0,0],[1,0,0],[0,1,0],[17,31,158]]
[[0,0,0],[1,0,0],[0,1,0],[14,109,158]]
[[0,0,0],[1,0,0],[0,1,0],[20,99,158]]
[[0,0,0],[1,0,0],[0,1,0],[62,155,158]]
[[0,0,0],[1,0,0],[0,1,0],[4,91,158]]
[[0,0,0],[1,0,0],[0,1,0],[62,5,158]]
[[0,0,0],[1,0,0],[0,1,0],[50,31,158]]
[[0,0,0],[1,0,0],[0,1,0],[34,7,158]]
[[0,0,0],[1,0,0],[0,1,0],[1,1,158]]
[[0,0,0],[1,0,0],[0,1,0],[6,43,158]]
[[0,0,0],[1,0,0],[0,1,0],[27,145,158]]
[[0,0,0],[1,0,0],[0,1,0],[3,37,158]]
[[0,0,0],[1,0,0],[0,1,0],[6,113,158]]
[[0,0,0],[1,0,0],[0,1,0],[12,119,158]]
[[0,0,0],[1,0,0],[0,1,0],[44,11,158]]
[[0,0,0],[1,0,0],[0,1,0],[12,101,158]]
[[0,0,0],[1,0,0],[0,1,0],[60,135,158]]
[[0,0,0],[1,0,0],[0,1,0],[48,127,158]]
[[0,0,0],[1,0,0],[0,1,0],[88,135,158]]
[[0,0,0],[1,0,0],[0,1,0],[62,27,158]]
[[0,0,0],[1,0,0],[0,1,0],[26,1,158]]
[[0,0,0],[1,0,0],[0,1,0],[38,55,158]]
[[0,0,0],[1,0,0],[0,1,0],[50,157,158]]
[[0,0,0],[1,0,0],[0,1,0],[10,7,158]]
[[0,0,0],[1,0,0],[0,1,0],[6,63,158]]
[[0,0,0],[1,0,0],[0,1,0],[44,117,158]]
[[0,0,0],[1,0,0],[0,1,0],[18,23,158]]
[[0,0,0],[1,0,0],[0,1,0],[22,81,158]]
[[0,0,0],[1,0,0],[0,1,0],[27,35,158]]
[[0,0,0],[1,0,0],[0,1,0],[12,121,158]]
[[0,0,0],[1,0,0],[0,1,0],[12,29,158]]
[[0,0,0],[1,0,0],[0,1,0],[36,11,158]]
[[0,0,0],[1,0,0],[0,1,0],[30,33,158]]
[[0,0,0],[1,0,0],[0,1,0],[80,157,158]]
[[0,0,0],[1,0,0],[0,1,0],[8,143,158]]
[[0,0,0],[1,0,0],[0,1,0],[4,7,158]]
[[0,0,0],[1,0,0],[0,1,0],[26,89,158]]
[[0,0,0],[1,0,0],[0,1,0],[72,1,158]]
[[0,0,0],[1,0,0],[0,1,0],[76,127,158]]
[[0,0,0],[1,0,0],[0,1,0],[44,9,158]]
[[0,0,0],[1,0,0],[0,1,0],[26,149,158]]
[[0,0,0],[1,0,0],[0,1,0],[58,101,158]]
[[0,0,0],[1,0,0],[0,1,0],[24,35,158]]
[[0,0,0],[1,0,0],[0,1,0],[20,147,158]]
[[0,0,0],[1,0,0],[0,1,0],[35,43,158]]
[[0,0,0],[1,0,0],[0,1,0],[20,85,158]]
[[0,0,0],[1,0,0],[0,1,0],[2,69,158]]
[[0,0,0],[1,0,0],[0,1,0],[34,87,158]]
[[0,0,0],[1,0,0],[0,1,0],[5,29,158]]
[[0,0,0],[1,0,0],[0,1,0],[19,23,158]]
[[0,0,0],[1,0,0],[0,1,0],[48,39,158]]
[[0,0,0],[1,0,0],[0,1,0],[14,145,158]]
[[0,0,0],[1,0,0],[0,1,0],[36,15,158]]
[[0,0,0],[1,0,0],[0,1,0],[22,5,158]]
[[0,0,0],[1,0,0],[0,1,0],[35,47,158]]
[[0,0,0],[1,0,0],[0,1,0],[124,47,158]]
[[0,0,0],[1,0,0],[0,1,0],[20,35,158]]
[[0,0,0],[1,0,0],[0,1,0],[22,109,158]]
[[0,0,0],[1,0,0],[0,1,0],[20,141,158]]
[[0,0,0],[1,0,0],[0,1,0],[4,17,158]]
[[0,0,0],[1,0,0],[0,1,0],[4,13,158]]
[[0,0,0],[1,0,0],[0,1,0],[4,117,158]]
[[0,0,0],[1,0,0],[0,1,0],[10,95,158]]
[[0,0,0],[1,0,0],[0,1,0],[24,93,158]]
[[0,0,0],[1,0,0],[0,1,0],[7,17,158]]
[[0,0,0],[1,0,0],[0,1,0],[8,37,158]]
[[0,0,0],[1,0,0],[0,1,0],[2,77,158]]
[[0,0,0],[1,0,0],[0,1,0],[58,1,158]]
[[0,0,0],[1,0,0],[0,1,0],[44,23,158]]
[[0,0,0],[1,0,0],[0,1,0],[6,3,158]]
[[0,0,0],[1,0,0],[0,1,0],[48,147,158]]
[[0,0,0],[1,0,0],[0,1,0],[52,125,158]]
[[0,0,0],[1,0,0],[0,1,0],[4,87,158]]
[[0,0,0],[1,0,0],[0,1,0],[12,1,158]]
[[0,0,0],[1,0,0],[0,1,0],[3,21,158]]
[[0,0,0],[1,0,0],[0,1,0],[28,83,158]]
[[0,0,0],[1,0,0],[0,1,0],[11,43,158]]
[[0,0,0],[1,0,0],[0,1,0],[22,157,158]]
[[0,0,0],[1,0,0],[0,1,0],[40,9,158]]
[[0,0,0],[1,0,0],[0,1,0],[9,71,158]]
[[0,0,0],[1,0,0],[0,1,0],[12,133,158]]
[[0,0,0],[1,0,0],[0,1,0],[4,37,158]]
[[0,0,0],[1,0,0],[0,1,0],[14,93,158]]
[[0,0,0],[1,0,0],[0,1,0],[22,137,158]]
[[0,0,0],[1,0,0],[0,1,0],[31,129,158]]
[[0,0,0],[1,0,0],[0,1,0],[8,87,158]]
[[0,0,0],[1,0,0],[0,1,0],[54,127,158]]
[[0,0,0],[1,0,0],[0,1,0],[33,139,158]]
[[0,0,0],[1,0,0],[0,1,0],[16,23,158]]
[[0,0,0],[1,0,0],[0,1,0],[3,25,158]]
[[0,0,0],[1,0,0],[0,1,0],[28,143,158]]
[[0,0,0],[1,0,0],[0,1,0],[26,105,158]]
[[0,0,0],[1,0,0],[0,1,0],[56,47,158]]
[[0,0,0],[1,0,0],[0,1,0],[56,133,158]]
[[0,0,0],[1,0,0],[0,1,0],[1,5,158]]
[[0,0,0],[1,0,0],[0,1,0],[2,89,158]]
[[0,0,0],[1,0,0],[0,1,0],[44,65,158]]
[[0,0,0],[1,0,0],[0,1,0],[8,101,158]]
[[0,0,0],[1,0,0],[0,1,0],[26,83,158]]
[[0,0,0],[1,0,0],[0,1,0],[40,135,158]]
[[0,0,0],[1,0,0],[0,1,0],[46,131,158]]
[[0,0,0],[1,0,0],[0,1,0],[26,147,158]]
[[0,0,0],[1,0,0],[0,1,0],[2,13,158]]
[[0,0,0],[1,0,0],[0,1,0],[33,127,158]]
[[0,0,0],[1,0,0],[0,1,0],[36,45,158]]
[[0,0,0],[1,0,0],[0,1,0],[6,7,158]]
[[0,0,0],[1,0,0],[0,1,0],[14,41,158]]
[[0,0,0],[1,0,0],[0,1,0],[30,31,158]]
[[0,0,0],[1,0,0],[0,1,0],[4,43,158]]
[[0,0,0],[1,0,0],[0,1,0],[27,31,158]]
[[0,0,0],[1,0,0],[0,1,0],[26,47,158]]
[[0,0,0],[1,0,0],[0,1,0],[42,127,158]]
[[0,0,0],[1,0,0],[0,1,0],[14,25,158]]
[[0,0,0],[1,0,0],[0,1,0],[74,1,158]]
[[0,0,0],[1,0,0],[0,1,0],[14,63,158]]
[[0,0,0],[1,0,0],[0,1,0],[20,25,158]]
[[0,0,0],[1,0,0],[0,1,0],[26,153,158]]
[[0,0,0],[1,0,0],[0,1,0],[8,53,158]]
[[0,0,0],[1,0,0],[0,1,0],[34,59,158]]
[[0,0,0],[1,0,0],[0,1,0],[52,49,158]]
[[0,0,0],[1,0,0],[0,1,0],[15,59,158]]
[[0,0,0],[1,0,0],[0,1,0],[12,147,158]]
[[0,0,0],[1,0,0],[0,1,0],[3,47,158]]
[[0,0,0],[1,0,0],[0,1,0],[8,117,158]]
[[0,0,0],[1,0,0],[0,1,0],[11,151,158]]
[[0,0,0],[1,0,0],[0,1,0],[2,9,158]]
[[0,0,0],[1,0,0],[0,1,0],[74,101,158]]
[[0,0,0],[1,0,0],[0,1,0],[22,11,158]]
[[0,0,0],[1,0,0],[0,1,0],[2,115,158]]
[[0,0,0],[1,0,0],[0,1,0],[7,155,158]]
[[0,0,0],[1,0,0],[0,1,0],[3,29,158]]
[[0,0,0],[1,0,0],[0,1,0],[24,89,158]]
[[0,0,0],[1,0,0],[0,1,0],[52,155,158]]
[[0,0,0],[1,0,0],[0,1,0],[16,69,158]]
[[0,0,0],[1,0,0],[0,1,0],[60,157,158]]
[[0,0,0],[1,0,0],[0,1,0],[108,130,158]]
[[0,0,0],[1,0,0],[0,1,0],[12,59,158]]
[[0,0,0],[1,0,0],[0,1,0],[82,135,158]]
[[0,0,0],[1,0,0],[0,1,0],[26,141,158]]
[[0,0,0],[1,0,0],[0,1,0],[60,39,158]]
[[0,0,0],[1,0,0],[0,1,0],[42,33,158]]
[[0,0,0],[1,0,0],[0,1,0],[90,125,158]]
[[0,0,0],[1,0,0],[0,1,0],[8,21,158]]
[[0,0,0],[1,0,0],[0,1,0],[16,155,158]]
[[0,0,0],[1,0,0],[0,1,0],[98,87,158]]
[[0,0,0],[1,0,0],[0,1,0],[2,71,158]]
[[0,0,0],[1,0,0],[0,1,0],[78,3,158]]
[[0,0,0],[1,0,0],[0,1,0],[108,71,158]]
[[0,0,0],[1,0,0],[0,1,0],[94,75,158]]
[[0,0,0],[1,0,0],[0,1,0],[10,43,158]]
[[0,0,0],[1,0,0],[0,1,0],[62,31,158]]
[[0,0,0],[1,0,0],[0,1,0],[13,55,158]]
[[0,0,0],[1,0,0],[0,1,0],[14,75,158]]
[[0,0,0],[1,0,0],[0,1,0],[48,37,158]]
[[0,0,0],[1,0,0],[0,1,0],[66,153,158]]
[[0,0,0],[1,0,0],[0,1,0],[6,19,158]]
[[0,0,0],[1,0,0],[0,1,0],[2,157,158]]
[[0,0,0],[1,0,0],[0,1,0],[10,123,158]]
[[0,0,0],[1,0,0],[0,1,0],[9,15,158]]
[[0,0,0],[1,0,0],[0,1,0],[62,117,158]]
[[0,0,0],[1,0,0],[0,1,0],[4,41,158]]
[[0,0,0],[1,0,0],[0,1,0],[18,67,158]]
[[0,0,0],[1,0,0],[0,1,0],[32,35,158]]
[[0,0,0],[1,0,0],[0,1,0],[20,47,158]]
[[0,0,0],[1,0,0],[0,1,0],[20,43,158]]
[[0,0,0],[1,0,0],[0,1,0],[104,57,158]]
[[0,0,0],[1,0,0],[0,1,0],[18,11,158]]
[[0,0,0],[1,0,0],[0,1,0],[14,95,158]]
[[0,0,0],[1,0,0],[0,1,0],[82,145,158]]
[[0,0,0],[1,0,0],[0,1,0],[100,61,158]]
[[0,0,0],[1,0,0],[0,1,0],[44,15,158]]
[[0,0,0],[1,0,0],[0,1,0],[56,131,158]]
[[0,0,0],[1,0,0],[0,1,0],[42,65,158]]
[[0,0,0],[1,0,0],[0,1,0],[16,33,158]]
[[0,0,0],[1,0,0],[0,1,0],[30,49,158]]
[[0,0,0],[1,0,0],[0,1,0],[66,93,158]]
[[0,0,0],[1,0,0],[0,1,0],[28,85,158]]
[[0,0,0],[1,0,0],[0,1,0],[3,23,158]]
[[0,0,0],[1,0,0],[0,1,0],[12,69,158]]
[[0,0,0],[1,0,0],[0,1,0],[10,155,158]]
[[0,0,0],[1,0,0],[0,1,0],[32,1,158]]
[[0,0,0],[1,0,0],[0,1,0],[110,55,158]]
[[0,0,0],[1,0,0],[0,1,0],[6,123,158]]
[[0,0,0],[1,0,0],[0,1,0],[24,47,158]]
[[0,0,0],[1,0,0],[0,1,0],[44,39,158]]
[[0,0,0],[1,0,0],[0,1,0],[43,119,158]]
[[0,0,0],[1,0,0],[0,1,0],[42,75,158]]
[[0,0,0],[1,0,0],[0,1,0],[24,87,158]]
[[0,0,0],[1,0,0],[0,1,0],[2,145,158]]
[[0,0,0],[1,0,0],[0,1,0],[34,125,158]]
[[0,0,0],[1,0,0],[0,1,0],[22,101,158]]
[[0,0,0],[1,0,0],[0,1,0],[74,151,158]]
[[0,0,0],[1,0,0],[0,1,0],[38,41,158]]
[[0,0,0],[1,0,0],[0,1,0],[6,131,158]]
[[0,0,0],[1,0,0],[0,1,0],[34,91,158]]
[[0,0,0],[1,0,0],[0,1,0],[16,9,158]]
[[0,0,0],[1,0,0],[0,1,0],[4,93,158]]
[[0,0,0],[1,0,0],[0,1,0],[11,71,158]]
[[0,0,0],[1,0,0],[0,1,0],[7,153,158]]
[[0,0,0],[1,0,0],[0,1,0],[38,121,158]]
[[0,0,0],[1,0,0],[0,1,0],[32,19,158]]
[[0,0,0],[1,0,0],[0,1,0],[28,25,158]]
[[0,0,0],[1,0,0],[0,1,0],[60,99,158]]
[[0,0,0],[1,0,0],[0,1,0],[26,55,158]]
[[0,0,0],[1,0,0],[0,1,0],[34,46,158]]
[[0,0,0],[1,0,0],[0,1,0],[92,99,158]]
[[0,0,0],[1,0,0],[0,1,0],[44,29,158]]
[[0,0,0],[1,0,0],[0,1,0],[2,99,158]]
[[0,0,0],[1,0,0],[0,1,0],[9,43,158]]
[[0,0,0],[1,0,0],[0,1,0],[10,31,158]]
[[0,0,0],[1,0,0],[0,1,0],[5,5,158]]
[[0,0,0],[1,0,0],[0,1,0],[30,135,158]]
[[0,0,0],[1,0,0],[0,1,0],[26,41,158]]
[[0,0,0],[1,0,0],[0,1,0],[24,5,158]]
[[0,0,0],[1,0,0],[0,1,0],[9,31,158]]
[[0,0,0],[1,0,0],[0,1,0],[32,151,158]]
[[0,0,0],[1,0,0],[0,1,0],[42,57,158]]
[[0,0,0],[1,0,0],[0,1,0],[26,137,158]]
[[0,0,0],[1,0,0],[0,1,0],[6,41,158]]
[[0,0,0],[1,0,0],[0,1,0],[78,147,158]]
[[0,0,0],[1,0,0],[0,1,0],[2,41,158]]
[[0,0,0],[1,0,0],[0,1,0],[10,97,158]]
[[0,0,0],[1,0,0],[0,1,0],[3,49,158]]
[[0,0,0],[1,0,0],[0,1,0],[54,11,158]]
[[0,0,0],[1,0,0],[0,1,0],[84,154,158]]
[[0,0,0],[1,0,0],[0,1,0],[44,123,158]]
[[0,0,0],[1,0,0],[0,1,0],[36,127,158]]
[[0,0,0],[1,0,0],[0,1,0],[56,15,158]]
[[0,0,0],[1,0,0],[0,1,0],[50,29,158]]
[[0,0,0],[1,0,0],[0,1,0],[2,3,158]]
[[0,0,0],[1,0,0],[0,1,0],[8,3,158]]
[[0,0,0],[1,0,0],[0,1,0],[8,29,158]]
[[0,0,0],[1,0,0],[0,1,0],[44,115,158]]
[[0,0,0],[1,0,0],[0,1,0],[16,47,158]]
[[0,0,0],[1,0,0],[0,1,0],[18,119,158]]
[[0,0,0],[1,0,0],[0,1,0],[4,73,158]]
[[0,0,0],[1,0,0],[0,1,0],[42,39,158]]
[[0,0,0],[1,0,0],[0,1,0],[112,126,158]]
[[0,0,0],[1,0,0],[0,1,0],[92,119,158]]
[[0,0,0],[1,0,0],[0,1,0],[40,1,158]]
[[0,0,0],[1,0,0],[0,1,0],[58,17,158]]
[[0,0,0],[1,0,0],[0,1,0],[18,33,158]]
[[0,0,0],[1,0,0],[0,1,0],[30,27,158]]
[[0,0,0],[1,0,0],[0,1,0],[24,31,158]]
[[0,0,0],[1,0,0],[0,1,0],[32,93,158]]
[[0,0,0],[1,0,0],[0,1,0],[20,3,158]]
[[0,0,0],[1,0,0],[0,1,0],[6,139,158]]
[[0,0,0],[1,0,0],[0,1,0],[88,119,158]]
[[0,0,0],[1,0,0],[0,1,0],[14,153,158]]
[[0,0,0],[1,0,0],[0,1,0],[18,91,158]]
[[0,0,0],[1,0,0],[0,1,0],[128,61,158]]
[[0,0,0],[1,0,0],[0,1,0],[20,101,158]]
[[0,0,0],[1,0,0],[0,1,0],[60,17,158]]
[[0,0,0],[1,0,0],[0,1,0],[8,107,158]]
[[0,0,0],[1,0,0],[0,1,0],[6,85,158]]
[[0,0,0],[1,0,0],[0,1,0],[86,141,158]]
[[0,0,0],[1,0,0],[0,1,0],[9,75,158]]
[[0,0,0],[1,0,0],[0,1,0],[16,99,158]]
[[0,0,0],[1,0,0],[0,1,0],[72,3,158]]
[[0,0,0],[1,0,0],[0,1,0],[16,65,158]]
[[0,0,0],[1,0,0],[0,1,0],[8,153,158]]
[[0,0,0],[1,0,0],[0,1,0],[20,145,158]]
[[0,0,0],[1,0,0],[0,1,0],[32,48,158]]
[[0,0,0],[1,0,0],[0,1,0],[10,70,158]]
[[0,0,0],[1,0,0],[0,1,0],[80,105,158]]
[[0,0,0],[1,0,0],[0,1,0],[16,17,158]]
[[0,0,0],[1,0,0],[0,1,0],[48,17,158]]
[[0,0,0],[1,0,0],[0,1,0],[6,65,158]]
[[0,0,0],[1,0,0],[0,1,0],[66,9,158]]
[[0,0,0],[1,0,0],[0,1,0],[22,97,158]]
[[0,0,0],[1,0,0],[0,1,0],[8,41,158]]
[[0,0,0],[1,0,0],[0,1,0],[16,89,158]]
[[0,0,0],[1,0,0],[0,1,0],[6,57,158]]
[[0,0,0],[1,0,0],[0,1,0],[17,147,158]]
[[0,0,0],[1,0,0],[0,1,0],[16,61,158]]
[[0,0,0],[1,0,0],[0,1,0],[68,135,158]]
[[0,0,0],[1,0,0],[0,1,0],[2,111,158]]
[[0,0,0],[1,0,0],[0,1,0],[6,53,158]]
[[0,0,0],[1,0,0],[0,1,0],[44,37,158]]
[[0,0,0],[1,0,0],[0,1,0],[4,89,158]]
[[0,0,0],[1,0,0],[0,1,0],[34,81,158]]
[[0,0,0],[1,0,0],[0,1,0],[26,59,158]]
[[0,0,0],[1,0,0],[0,1,0],[42,23,158]]
[[0,0,0],[1,0,0],[0,1,0],[38,67,158]]
[[0,0,0],[1,0,0],[0,1,0],[22,139,158]]
[[0,0,0],[1,0,0],[0,1,0],[27,45,158]]
[[0,0,0],[1,0,0],[0,1,0],[28,93,158]]
[[0,0,0],[1,0,0],[0,1,0],[8,5,158]]
[[0,0,0],[1,0,0],[0,1,0],[8,137,158]]
[[0,0,0],[1,0,0],[0,1,0],[110,75,158]]
[[0,0,0],[1,0,0],[0,1,0],[42,49,158]]
[[0,0,0],[1,0,0],[0,1,0],[76,7,158]]
[[0,0,0],[1,0,0],[0,1,0],[54,135,158]]
[[0,0,0],[1,0,0],[0,1,0],[22,73,158]]
[[0,0,0],[1,0,0],[0,1,0],[3,69,158]]
[[0,0,0],[1,0,0],[0,1,0],[70,17,158]]
[[0,0,0],[1,0,0],[0,1,0],[54,51,158]]
[[0,0,0],[1,0,0],[0,1,0],[12,27,158]]
[[0,0,0],[1,0,0],[0,1,0],[40,155,158]]
[[0,0,0],[1,0,0],[0,1,0],[18,123,158]]
[[0,0,0],[1,0,0],[0,1,0],[16,43,158]]
[[0,0,0],[1,0,0],[0,1,0],[38,153,158]]
[[0,0,0],[1,0,0],[0,1,0],[38,3,158]]
[[0,0,0],[1,0,0],[0,1,0],[22,103,158]]
[[0,0,0],[1,0,0],[0,1,0],[19,143,158]]
[[0,0,0],[1,0,0],[0,1,0],[2,75,158]]
[[0,0,0],[1,0,0],[0,1,0],[18,39,158]]
[[0,0,0],[1,0,0],[0,1,0],[40,119,158]]
[[0,0,0],[1,0,0],[0,1,0],[5,15,158]]
[[0,0,0],[1,0,0],[0,1,0],[8,72,158]]
[[0,0,0],[1,0,0],[0,1,0],[26,63,158]]
[[0,0,0],[1,0,0],[0,1,0],[24,13,158]]
[[0,0,0],[1,0,0],[0,1,0],[32,65,158]]
[[0,0,0],[1,0,0],[0,1,0],[54,5,158]]
[[0,0,0],[1,0,0],[0,1,0],[10,47,158]]
[[0,0,0],[1,0,0],[0,1,0],[32,73,158]]
[[0,0,0],[1,0,0],[0,1,0],[44,71,158]]
[[0,0,0],[1,0,0],[0,1,0],[36,65,158]]
[[0,0,0],[1,0,0],[0,1,0],[4,123,158]]
[[0,0,0],[1,0,0],[0,1,0],[16,49,158]]
[[0,0,0],[1,0,0],[0,1,0],[60,103,158]]
[[0,0,0],[1,0,0],[0,1,0],[6,35,158]]
[[0,0,0],[1,0,0],[0,1,0],[4,121,158]]
[[0,0,0],[1,0,0],[0,1,0],[26,91,158]]
[[0,0,0],[1,0,0],[0,1,0],[50,117,158]]
[[0,0,0],[1,0,0],[0,1,0],[98,61,158]]
[[0,0,0],[1,0,0],[0,1,0],[2,63,158]]
[[0,0,0],[1,0,0],[0,1,0],[34,25,158]]
[[0,0,0],[1,0,0],[0,1,0],[2,149,158]]
[[0,0,0],[1,0,0],[0,1,0],[16,29,158]]
[[0,0,0],[1,0,0],[0,1,0],[58,103,158]]
[[0,0,0],[1,0,0],[0,1,0],[9,49,158]]
[[0,0,0],[1,0,0],[0,1,0],[2,37,158]]
[[0,0,0],[1,0,0],[0,1,0],[122,73,158]]
[[0,0,0],[1,0,0],[0,1,0],[12,157,158]]
[[0,0,0],[1,0,0],[0,1,0],[32,67,158]]
[[0,0,0],[1,0,0],[0,1,0],[27,41,158]]
[[0,0,0],[1,0,0],[0,1,0],[8,89,158]]
[[0,0,0],[1,0,0],[0,1,0],[15,145,158]]
[[0,0,0],[1,0,0],[0,1,0],[1,59,158]]
[[0,0,0],[1,0,0],[0,1,0],[98,140,158]]
[[0,0,0],[1,0,0],[0,1,0],[98,73,158]]
[[0,0,0],[1,0,0],[0,1,0],[16,53,158]]
[[0,0,0],[1,0,0],[0,1,0],[26,67,158]]
[[0,0,0],[1,0,0],[0,1,0],[56,145,158]]
[[0,0,0],[1,0,0],[0,1,0],[6,17,158]]
[[0,0,0],[1,0,0],[0,1,0],[15,39,158]]
[[0,0,0],[1,0,0],[0,1,0],[102,77,158]]
[[0,0,0],[1,0,0],[0,1,0],[52,23,158]]
[[0,0,0],[1,0,0],[0,1,0],[48,15,158]]
[[0,0,0],[1,0,0],[0,1,0],[3,55,158]]
[[0,0,0],[1,0,0],[0,1,0],[34,129,158]]
[[0,0,0],[1,0,0],[0,1,0],[10,21,158]]
[[0,0,0],[1,0,0],[0,1,0],[1,17,158]]
[[0,0,0],[1,0,0],[0,1,0],[40,33,158]]
[[0,0,0],[1,0,0],[0,1,0],[50,1,158]]
[[0,0,0],[1,0,0],[0,1,0],[2,39,158]]
[[0,0,0],[1,0,0],[0,1,0],[42,131,158]]
[[0,0,0],[1,0,0],[0,1,0],[88,123,158]]
[[0,0,0],[1,0,0],[0,1,0],[10,89,158]]
[[0,0,0],[1,0,0],[0,1,0],[12,151,158]]
[[0,0,0],[1,0,0],[0,1,0],[18,105,158]]
[[0,0,0],[1,0,0],[0,1,0],[48,21,158]]
[[0,0,0],[1,0,0],[0,1,0],[74,137,158]]
[[0,0,0],[1,0,0],[0,1,0],[56,155,158]]
[[0,0,0],[1,0,0],[0,1,0],[64,141,158]]
[[0,0,0],[1,0,0],[0,1,0],[90,83,158]]
[[0,0,0],[1,0,0],[0,1,0],[8,95,158]]
[[0,0,0],[1,0,0],[0,1,0],[28,67,158]]
[[0,0,0],[1,0,0],[0,1,0],[3,33,158]]
[[0,0,0],[1,0,0],[0,1,0],[5,61,158]]
[[0,0,0],[1,0,0],[0,1,0],[28,131,158]]
[[0,0,0],[1,0,0],[0,1,0],[20,17,158]]
[[0,0,0],[1,0,0],[0,1,0],[30,25,158]]
[[0,0,0],[1,0,0],[0,1,0],[37,133,158]]
[[0,0,0],[1,0,0],[0,1,0],[94,77,158]]
[[0,0,0],[1,0,0],[0,1,0],[8,129,158]]
[[0,0,0],[1,0,0],[0,1,0],[26,57,158]]
[[0,0,0],[1,0,0],[0,1,0],[20,139,158]]
[[0,0,0],[1,0,0],[0,1,0],[12,87,158]]
[[0,0,0],[1,0,0],[0,1,0],[3,39,158]]
[[0,0,0],[1,0,0],[0,1,0],[24,147,158]]
[[0,0,0],[1,0,0],[0,1,0],[18,81,158]]
[[0,0,0],[1,0,0],[0,1,0],[15,47,158]]
[[0,0,0],[1,0,0],[0,1,0],[52,39,158]]
[[0,0,0],[1,0,0],[0,1,0],[82,101,158]]
[[0,0,0],[1,0,0],[0,1,0],[30,55,158]]
[[0,0,0],[1,0,0],[0,1,0],[46,25,158]]
[[0,0,0],[1,0,0],[0,1,0],[80,87,158]]
[[0,0,0],[1,0,0],[0,1,0],[6,77,158]]
[[0,0,0],[1,0,0],[0,1,0],[22,93,158]]
[[0,0,0],[1,0,0],[0,1,0],[28,73,158]]
[[0,0,0],[1,0,0],[0,1,0],[4,137,158]]
[[0,0,0],[1,0,0],[0,1,0],[12,95,158]]
[[0,0,0],[1,0,0],[0,1,0],[4,113,158]]
[[0,0,0],[1,0,0],[0,1,0],[32,47,158]]
[[0,0,0],[1,0,0],[0,1,0],[32,131,158]]
[[0,0,0],[1,0,0],[0,1,0],[10,49,158]]
[[0,0,0],[1,0,0],[0,1,0],[32,149,158]]
[[0,0,0],[1,0,0],[0,1,0],[88,111,158]]
[[0,0,0],[1,0,0],[0,1,0],[18,62,158]]
[[0,0,0],[1,0,0],[0,1,0],[10,119,158]]
[[0,0,0],[1,0,0],[0,1,0],[36,137,158]]
[[0,0,0],[1,0,0],[0,1,0],[7,13,158]]
[[0,0,0],[1,0,0],[0,1,0],[22,105,158]]
[[0,0,0],[1,0,0],[0,1,0],[11,73,158]]
[[0,0,0],[1,0,0],[0,1,0],[14,127,158]]
[[0,0,0],[1,0,0],[0,1,0],[2,113,158]]
[[0,0,0],[1,0,0],[0,1,0],[24,135,158]]
[[0,0,0],[1,0,0],[0,1,0],[18,151,158]]
[[0,0,0],[1,0,0],[0,1,0],[22,75,158]]
[[0,0,0],[1,0,0],[0,1,0],[34,143,158]]
[[0,0,0],[1,0,0],[0,1,0],[16,127,158]]
[[0,0,0],[1,0,0],[0,1,0],[60,131,158]]
[[0,0,0],[1,0,0],[0,1,0],[4,49,158]]
[[0,0,0],[1,0,0],[0,1,0],[40,43,158]]
[[0,0,0],[1,0,0],[0,1,0],[19,37,158]]
[[0,0,0],[1,0,0],[0,1,0],[30,5,158]]
[[0,0,0],[1,0,0],[0,1,0],[28,35,158]]
[[0,0,0],[1,0,0],[0,1,0],[16,27,158]]
[[0,0,0],[1,0,0],[0,1,0],[2,17,158]]
[[0,0,0],[1,0,0],[0,1,0],[28,53,158]]
[[0,0,0],[1,0,0],[0,1,0],[11,17,158]]
[[0,0,0],[1,0,0],[0,1,0],[34,149,158]]
[[0,0,0],[1,0,0],[0,1,0],[5,23,158]]
[[0,0,0],[1,0,0],[0,1,0],[8,49,158]]
[[0,0,0],[1,0,0],[0,1,0],[36,19,158]]
[[0,0,0],[1,0,0],[0,1,0],[20,45,158]]
[[0,0,0],[1,0,0],[0,1,0],[14,119,158]]
[[0,0,0],[1,0,0],[0,1,0],[54,27,158]]
[[0,0,0],[1,0,0],[0,1,0],[32,91,158]]
[[0,0,0],[1,0,0],[0,1,0],[17,145,158]]
[[0,0,0],[1,0,0],[0,1,0],[1,11,158]]
[[0,0,0],[1,0,0],[0,1,0],[42,55,158]]
[[0,0,0],[1,0,0],[0,1,0],[40,65,158]]
[[0,0,0],[1,0,0],[0,1,0],[18,69,158]]
[[0,0,0],[1,0,0],[0,1,0],[54,141,158]]
[[0,0,0],[1,0,0],[0,1,0],[6,13,158]]
[[0,0,0],[1,0,0],[0,1,0],[21,67,158]]
[[0,0,0],[1,0,0],[0,1,0],[46,149,158]]
[[0,0,0],[1,0,0],[0,1,0],[3,77,158]]
[[0,0,0],[1,0,0],[0,1,0],[50,15,158]]
[[0,0,0],[1,0,0],[0,1,0],[74,107,158]]
[[0,0,0],[1,0,0],[0,1,0],[38,145,158]]
[[0,0,0],[1,0,0],[0,1,0],[22,39,158]]
[[0,0,0],[1,0,0],[0,1,0],[48,1,158]]
[[0,0,0],[1,0,0],[0,1,0],[29,131,158]]
[[0,0,0],[1,0,0],[0,1,0],[70,147,158]]
[[0,0,0],[1,0,0],[0,1,0],[90,99,158]]
[[0,0,0],[1,0,0],[0,1,0],[34,29,158]]
[[0,0,0],[1,0,0],[0,1,0],[14,9,158]]
[[0,0,0],[1,0,0],[0,1,0],[60,35,158]]
[[0,0,0],[1,0,0],[0,1,0],[12,115,158]]
[[0,0,0],[1,0,0],[0,1,0],[56,9,158]]
[[0,0,0],[1,0,0],[0,1,0],[52,1,158]]
[[0,0,0],[1,0,0],[0,1,0],[10,127,158]]
[[0,0,0],[1,0,0],[0,1,0],[13,151,158]]
[[0,0,0],[1,0,0],[0,1,0],[14,83,158]]
[[0,0,0],[1,0,0],[0,1,0],[9,51,158]]
[[0,0,0],[1,0,0],[0,1,0],[46,39,158]]
[[0,0,0],[1,0,0],[0,1,0],[22,23,158]]
[[0,0,0],[1,0,0],[0,1,0],[66,103,158]]
[[0,0,0],[1,0,0],[0,1,0],[28,99,158]]
[[0,0,0],[1,0,0],[0,1,0],[42,13,158]]
[[0,0,0],[1,0,0],[0,1,0],[14,15,158]]
[[0,0,0],[1,0,0],[0,1,0],[13,71,158]]
[[0,0,0],[1,0,0],[0,1,0],[6,141,158]]
[[0,0,0],[1,0,0],[0,1,0],[62,17,158]]
[[0,0,0],[1,0,0],[0,1,0],[5,47,158]]
[[0,0,0],[1,0,0],[0,1,0],[4,53,158]]
[[0,0,0],[1,0,0],[0,1,0],[13,37,158]]
[[0,0,0],[1,0,0],[0,1,0],[6,145,158]]
[[0,0,0],[1,0,0],[0,1,0],[3,41,158]]
[[0,0,0],[1,0,0],[0,1,0],[27,133,158]]
[[0,0,0],[1,0,0],[0,1,0],[8,115,158]]
[[0,0,0],[1,0,0],[0,1,0],[30,141,158]]
[[0,0,0],[1,0,0],[0,1,0],[4,135,158]]
[[0,0,0],[1,0,0],[0,1,0],[5,69,158]]
[[0,0,0],[1,0,0],[0,1,0],[94,119,158]]
[[0,0,0],[1,0,0],[0,1,0],[4,21,158]]
[[0,0,0],[1,0,0],[0,1,0],[18,153,158]]
[[0,0,0],[1,0,0],[0,1,0],[20,33,158]]
[[0,0,0],[1,0,0],[0,1,0],[34,155,158]]
[[0,0,0],[1,0,0],[0,1,0],[11,39,158]]
[[0,0,0],[1,0,0],[0,1,0],[16,125,158]]
[[0,0,0],[1,0,0],[0,1,0],[5,9,158]]
[[0,0,0],[1,0,0],[0,1,0],[102,75,158]]
[[0,0,0],[1,0,0],[0,1,0],[88,97,158]]
[[0,0,0],[1,0,0],[0,1,0],[72,5,158]]
[[0,0,0],[1,0,0],[0,1,0],[78,157,158]]
[[0,0,0],[1,0,0],[0,1,0],[7,23,158]]
[[0,0,0],[1,0,0],[0,1,0],[10,67,158]]
[[0,0,0],[1,0,0],[0,1,0],[14,66,158]]
[[0,0,0],[1,0,0],[0,1,0],[42,61,158]]
[[0,0,0],[1,0,0],[0,1,0],[24,109,158]]
[[0,0,0],[1,0,0],[0,1,0],[8,61,158]]
[[0,0,0],[1,0,0],[0,1,0],[46,13,158]]
[[0,0,0],[1,0,0],[0,1,0],[48,63,158]]
[[0,0,0],[1,0,0],[0,1,0],[18,121,158]]
[[0,0,0],[1,0,0],[0,1,0],[22,65,158]]
[[0,0,0],[1,0,0],[0,1,0],[1,69,158]]
[[0,0,0],[1,0,0],[0,1,0],[12,15,158]]
[[0,0,0],[1,0,0],[0,1,0],[16,41,158]]
[[0,0,0],[1,0,0],[0,1,0],[82,97,158]]
[[0,0,0],[1,0,0],[0,1,0],[58,137,158]]
[[0,0,0],[1,0,0],[0,1,0],[18,107,158]]
[[0,0,0],[1,0,0],[0,1,0],[18,143,158]]
[[0,0,0],[1,0,0],[0,1,0],[38,143,158]]
[[0,0,0],[1,0,0],[0,1,0],[6,1,158]]
[[0,0,0],[1,0,0],[0,1,0],[3,35,158]]
[[0,0,0],[1,0,0],[0,1,0],[86,152,158]]
[[0,0,0],[1,0,0],[0,1,0],[15,17,158]]
[[0,0,0],[1,0,0],[0,1,0],[32,49,158]]
[[0,0,0],[1,0,0],[0,1,0],[20,57,158]]
[[0,0,0],[1,0,0],[0,1,0],[38,9,158]]
[[0,0,0],[1,0,0],[0,1,0],[18,65,158]]
[[0,0,0],[1,0,0],[0,1,0],[54,19,158]]
[[0,0,0],[1,0,0],[0,1,0],[10,71,158]]
[[0,0,0],[1,0,0],[0,1,0],[26,15,158]]
[[0,0,0],[1,0,0],[0,1,0],[46,67,158]]
[[0,0,0],[1,0,0],[0,1,0],[4,11,158]]
[[0,0,0],[1,0,0],[0,1,0],[2,31,158]]
[[0,0,0],[1,0,0],[0,1,0],[26,49,158]]
[[0,0,0],[1,0,0],[0,1,0],[6,109,158]]
[[0,0,0],[1,0,0],[0,1,0],[27,139,158]]
[[0,0,0],[1,0,0],[0,1,0],[44,157,158]]
[[0,0,0],[1,0,0],[0,1,0],[22,77,158]]
[[0,0,0],[1,0,0],[0,1,0],[9,35,158]]
[[0,0,0],[1,0,0],[0,1,0],[52,43,158]]
[[0,0,0],[1,0,0],[0,1,0],[24,57,158]]
[[0,0,0],[1,0,0],[0,1,0],[18,75,158]]
[[0,0,0],[1,0,0],[0,1,0],[2,141,158]]
[[0,0,0],[1,0,0],[0,1,0],[15,63,158]]
[[0,0,0],[1,0,0],[0,1,0],[20,9,158]]
[[0,0,0],[1,0,0],[0,1,0],[12,57,158]]
[[0,0,0],[1,0,0],[0,1,0],[26,75,158]]
[[0,0,0],[1,0,0],[0,1,0],[21,139,158]]
[[0,0,0],[1,0,0],[0,1,0],[34,135,158]]
[[0,0,0],[1,0,0],[0,1,0],[60,145,158]]
[[0,0,0],[1,0,0],[0,1,0],[11,13,158]]
[[0,0,0],[1,0,0],[0,1,0],[12,153,158]]
[[0,0,0],[1,0,0],[0,1,0],[11,149,158]]
[[0,0,0],[1,0,0],[0,1,0],[26,39,158]]
[[0,0,0],[1,0,0],[0,1,0],[13,13,158]]
[[0,0,0],[1,0,0],[0,1,0],[10,55,158]]
[[0,0,0],[1,0,0],[0,1,0],[78,129,158]]
[[0,0,0],[1,0,0],[0,1,0],[76,131,158]]
[[0,0,0],[1,0,0],[0,1,0],[28,135,158]]
[[0,0,0],[1,0,0],[0,1,0],[10,39,158]]
[[0,0,0],[1,0,0],[0,1,0],[22,37,158]]
[[0,0,0],[1,0,0],[0,1,0],[4,63,158]]
[[0,0,0],[1,0,0],[0,1,0],[32,155,158]]
[[0,0,0],[1,0,0],[0,1,0],[22,59,158]]
[[0,0,0],[1,0,0],[0,1,0],[22,107,158]]
[[0,0,0],[1,0,0],[0,1,0],[38,157,158]]
[[0,0,0],[1,0,0],[0,1,0],[28,51,158]]
[[0,0,0],[1,0,0],[0,1,0],[70,121,158]]
[[0,0,0],[1,0,0],[0,1,0],[12,63,158]]
[[0,0,0],[1,0,0],[0,1,0],[54,33,158]]
[[0,0,0],[1,0,0],[0,1,0],[11,57,158]]
[[0,0,0],[1,0,0],[0,1,0],[48,49,158]]
[[0,0,0],[1,0,0],[0,1,0],[28,55,158]]
[[0,0,0],[1,0,0],[0,1,0],[14,105,158]]
[[0,0,0],[1,0,0],[0,1,0],[40,35,158]]
[[0,0,0],[1,0,0],[0,1,0],[40,63,158]]
[[0,0,0],[1,0,0],[0,1,0],[84,99,158]]
[[0,0,0],[1,0,0],[0,1,0],[14,101,158]]
[[0,0,0],[1,0,0],[0,1,0],[46,113,158]]
[[0,0,0],[1,0,0],[0,1,0],[44,33,158]]
[[0,0,0],[1,0,0],[0,1,0],[64,145,158]]
[[0,0,0],[1,0,0],[0,1,0],[4,15,158]]
[[0,0,0],[1,0,0],[0,1,0],[10,133,158]]
[[0,0,0],[1,0,0],[0,1,0],[24,27,158]]
[[0,0,0],[1,0,0],[0,1,0],[18,157,158]]
[[0,0,0],[1,0,0],[0,1,0],[21,33,158]]
[[0,0,0],[1,0,0],[0,1,0],[45,57,158]]
[[0,0,0],[1,0,0],[0,1,0],[2,29,158]]
[[0,0,0],[1,0,0],[0,1,0],[8,51,158]]
[[0,0,0],[1,0,0],[0,1,0],[14,107,158]]
[[0,0,0],[1,0,0],[0,1,0],[5,17,158]]
[[0,0,0],[1,0,0],[0,1,0],[20,117,158]]
[[0,0,0],[1,0,0],[0,1,0],[42,73,158]]
[[0,0,0],[1,0,0],[0,1,0],[48,153,158]]
[[0,0,0],[1,0,0],[0,1,0],[84,89,158]]
[[0,0,0],[1,0,0],[0,1,0],[14,11,158]]
[[0,0,0],[1,0,0],[0,1,0],[10,103,158]]
[[0,0,0],[1,0,0],[0,1,0],[4,157,158]]
[[0,0,0],[1,0,0],[0,1,0],[2,59,158]]
[[0,0,0],[1,0,0],[0,1,0],[66,141,158]]
[[0,0,0],[1,0,0],[0,1,0],[16,143,158]]
[[0,0,0],[1,0,0],[0,1,0],[16,91,158]]
[[0,0,0],[1,0,0],[0,1,0],[16,117,158]]
[[0,0,0],[1,0,0],[0,1,0],[1,27,158]]
[[0,0,0],[1,0,0],[0,1,0],[70,1,158]]
[[0,0,0],[1,0,0],[0,1,0],[4,115,158]]
[[0,0,0],[1,0,0],[0,1,0],[64,149,158]]
[[0,0,0],[1,0,0],[0,1,0],[62,157,158]]
[[0,0,0],[1,0,0],[0,1,0],[4,76,158]]
[[0,0,0],[1,0,0],[0,1,0],[64,23,158]]
[[0,0,0],[1,0,0],[0,1,0],[22,63,158]]
[[0,0,0],[1,0,0],[0,1,0],[26,21,158]]
[[0,0,0],[1,0,0],[0,1,0],[18,43,158]]
[[0,0,0],[1,0,0],[0,1,0],[8,127,158]]
[[0,0,0],[1,0,0],[0,1,0],[106,59,158]]
[[0,0,0],[1,0,0],[0,1,0],[68,153,158]]
[[0,0,0],[1,0,0],[0,1,0],[32,95,158]]
[[0,0,0],[1,0,0],[0,1,0],[24,53,158]]
[[0,0,0],[1,0,0],[0,1,0],[98,77,158]]
[[0,0,0],[1,0,0],[0,1,0],[100,138,158]]
[[0,0,0],[1,0,0],[0,1,0],[44,31,158]]
[[0,0,0],[1,0,0],[0,1,0],[104,134,158]]
[[0,0,0],[1,0,0],[0,1,0],[20,91,158]]
[[0,0,0],[1,0,0],[0,1,0],[58,113,158]]
[[0,0,0],[1,0,0],[0,1,0],[8,91,158]]
[[0,0,0],[1,0,0],[0,1,0],[20,71,158]]
[[0,0,0],[1,0,0],[0,1,0],[76,143,158]]
[[0,0,0],[1,0,0],[0,1,0],[7,61,158]]
[[0,0,0],[1,0,0],[0,1,0],[46,33,158]]
[[0,0,0],[1,0,0],[0,1,0],[22,67,158]]
[[0,0,0],[1,0,0],[0,1,0],[16,97,158]]
[[0,0,0],[1,0,0],[0,1,0],[32,137,158]]
[[0,0,0],[1,0,0],[0,1,0],[14,35,158]]
[[0,0,0],[1,0,0],[0,1,0],[38,7,158]]
[[0,0,0],[1,0,0],[0,1,0],[4,85,158]]
[[0,0,0],[1,0,0],[0,1,0],[88,150,158]]
[[0,0,0],[1,0,0],[0,1,0],[56,113,158]]
[[0,0,0],[1,0,0],[0,1,0],[32,85,158]]
[[0,0,0],[1,0,0],[0,1,0],[20,5,158]]
[[0,0,0],[1,0,0],[0,1,0],[6,111,158]]
[[0,0,0],[1,0,0],[0,1,0],[44,129,158]]
[[0,0,0],[1,0,0],[0,1,0],[18,77,158]]
[[0,0,0],[1,0,0],[0,1,0],[7,65,158]]
[[0,0,0],[1,0,0],[0,1,0],[4,57,158]]
[[0,0,0],[1,0,0],[0,1,0],[8,139,158]]
[[0,0,0],[1,0,0],[0,1,0],[94,99,158]]
[[0,0,0],[1,0,0],[0,1,0],[10,125,158]]
[[0,0,0],[1,0,0],[0,1,0],[8,39,158]]
[[0,0,0],[1,0,0],[0,1,0],[4,51,158]]
[[0,0,0],[1,0,0],[0,1,0],[34,37,158]]
[[0,0,0],[1,0,0],[0,1,0],[34,5,158]]
[[0,0,0],[1,0,0],[0,1,0],[7,19,158]]
[[0,0,0],[1,0,0],[0,1,0],[56,31,158]]
[[0,0,0],[1,0,0],[0,1,0],[26,71,158]]
[[0,0,0],[1,0,0],[0,1,0],[3,27,158]]
[[0,0,0],[1,0,0],[0,1,0],[20,109,158]]
[[0,0,0],[1,0,0],[0,1,0],[68,17,158]]
[[0,0,0],[1,0,0],[0,1,0],[4,111,158]]
[[0,0,0],[1,0,0],[0,1,0],[52,5,158]]
[[0,0,0],[1,0,0],[0,1,0],[30,75,158]]
[[0,0,0],[1,0,0],[0,1,0],[58,15,158]]
[[0,0,0],[1,0,0],[0,1,0],[74,97,158]]
[[0,0,0],[1,0,0],[0,1,0],[54,39,158]]
[[0,0,0],[1,0,0],[0,1,0],[26,155,158]]
[[0,0,0],[1,0,0],[0,1,0],[26,13,158]]
[[0,0,0],[1,0,0],[0,1,0],[12,31,158]]
[[0,0,0],[1,0,0],[0,1,0],[32,11,158]]
[[0,0,0],[1,0,0],[0,1,0],[24,139,158]]
[[0,0,0],[1,0,0],[0,1,0],[9,63,158]]
[[0,0,0],[1,0,0],[0,1,0],[88,125,158]]
[[0,0,0],[1,0,0],[0,1,0],[16,19,158]]
[[0,0,0],[1,0,0],[0,1,0],[14,3,158]]
[[0,0,0],[1,0,0],[0,1,0],[4,119,158]]
[[0,0,0],[1,0,0],[0,1,0],[44,141,158]]
[[0,0,0],[1,0,0],[0,1,0],[36,157,158]]
[[0,0,0],[1,0,0],[0,1,0],[11,55,158]]
[[0,0,0],[1,0,0],[0,1,0],[16,7,158]]
[[0,0,0],[1,0,0],[0,1,0],[92,75,158]]
[[0,0,0],[1,0,0],[0,1,0],[5,63,158]]
[[0,0,0],[1,0,0],[0,1,0],[30,67,158]]
[[0,0,0],[1,0,0],[0,1,0],[22,1,158]]
[[0,0,0],[1,0,0],[0,1,0],[40,67,158]]
[[0,0,0],[1,0,0],[0,1,0],[39,39,158]]
[[0,0,0],[1,0,0],[0,1,0],[22,85,158]]
[[0,0,0],[1,0,0],[0,1,0],[1,31,158]]
[[0,0,0],[1,0,0],[0,1,0],[70,155,158]]
[[0,0,0],[1,0,0],[0,1,0],[20,97,158]]
[[0,0,0],[1,0,0],[0,1,0],[14,61,158]]
[[0,0,0],[1,0,0],[0,1,0],[22,15,158]]
[[0,0,0],[1,0,0],[0,1,0],[32,43,158]]
[[0,0,0],[1,0,0],[0,1,0],[38,53,158]]
[[0,0,0],[1,0,0],[0,1,0],[4,143,158]]
[[0,0,0],[1,0,0],[0,1,0],[12,68,158]]
[[0,0,0],[1,0,0],[0,1,0],[44,63,158]]
[[0,0,0],[1,0,0],[0,1,0],[12,25,158]]
[[0,0,0],[1,0,0],[0,1,0],[4,99,158]]
[[0,0,0],[1,0,0],[0,1,0],[5,37,158]]
[[0,0,0],[1,0,0],[0,1,0],[5,57,158]]
[[0,0,0],[1,0,0],[0,1,0],[30,149,158]]
[[0,0,0],[1,0,0],[0,1,0],[29,47,158]]
[[0,0,0],[1,0,0],[0,1,0],[26,17,158]]
[[0,0,0],[1,0,0],[0,1,0],[17,17,158]]
[[0,0,0],[1,0,0],[0,1,0],[34,139,158]]
[[0,0,0],[1,0,0],[0,1,0],[15,57,158]]
[[0,0,0],[1,0,0],[0,1,0],[32,153,158]]
[[0,0,0],[1,0,0],[0,1,0],[104,89,158]]
[[0,0,0],[1,0,0],[0,1,0],[16,13,158]]
[[0,0,0],[1,0,0],[0,1,0],[60,151,158]]
[[0,0,0],[1,0,0],[0,1,0],[38,19,158]]
[[0,0,0],[1,0,0],[0,1,0],[14,5,158]]
[[0,0,0],[1,0,0],[0,1,0],[28,59,158]]
[[0,0,0],[1,0,0],[0,1,0],[46,21,158]]
[[0,0,0],[1,0,0],[0,1,0],[80,83,158]]
[[0,0,0],[1,0,0],[0,1,0],[7,55,158]]
[[0,0,0],[1,0,0],[0,1,0],[2,105,158]]
[[0,0,0],[1,0,0],[0,1,0],[14,21,158]]
[[0,0,0],[1,0,0],[0,1,0],[15,65,158]]
[[0,0,0],[1,0,0],[0,1,0],[44,133,158]]
[[0,0,0],[1,0,0],[0,1,0],[30,81,158]]
[[0,0,0],[1,0,0],[0,1,0],[4,141,158]]
[[0,0,0],[1,0,0],[0,1,0],[4,35,158]]
[[0,0,0],[1,0,0],[0,1,0],[6,115,158]]
[[0,0,0],[1,0,0],[0,1,0],[84,87,158]]
[[0,0,0],[1,0,0],[0,1,0],[2,67,158]]
[[0,0,0],[1,0,0],[0,1,0],[9,9,158]]
[[0,0,0],[1,0,0],[0,1,0],[38,125,158]]
[[0,0,0],[1,0,0],[0,1,0],[24,69,158]]
[[0,0,0],[1,0,0],[0,1,0],[20,83,158]]
[[0,0,0],[1,0,0],[0,1,0],[20,81,158]]
[[0,0,0],[1,0,0],[0,1,0],[30,89,158]]
[[0,0,0],[1,0,0],[0,1,0],[48,137,158]]
[[0,0,0],[1,0,0],[0,1,0],[28,7,158]]
[[0,0,0],[1,0,0],[0,1,0],[38,43,158]]
[[0,0,0],[1,0,0],[0,1,0],[94,129,158]]
[[0,0,0],[1,0,0],[0,1,0],[40,7,158]]
[[0,0,0],[1,0,0],[0,1,0],[26,23,158]]
[[0,0,0],[1,0,0],[0,1,0],[42,135,158]]
[[0,0,0],[1,0,0],[0,1,0],[20,63,158]]
[[0,0,0],[1,0,0],[0,1,0],[80,107,158]]
[[0,0,0],[1,0,0],[0,1,0],[37,61,158]]
[[0,0,0],[1,0,0],[0,1,0],[32,53,158]]
[[0,0,0],[1,0,0],[0,1,0],[13,25,158]]
[[0,0,0],[1,0,0],[0,1,0],[64,11,158]]
[[0,0,0],[1,0,0],[0,1,0],[50,41,158]]
[[0,0,0],[1,0,0],[0,1,0],[10,135,158]]
[[0,0,0],[1,0,0],[0,1,0],[56,153,158]]
[[0,0,0],[1,0,0],[0,1,0],[58,115,158]]
[[0,0,0],[1,0,0],[0,1,0],[17,65,158]]
[[0,0,0],[1,0,0],[0,1,0],[3,3,158]]
[[0,0,0],[1,0,0],[0,1,0],[82,83,158]]
[[0,0,0],[1,0,0],[0,1,0],[18,15,158]]
[[0,0,0],[1,0,0],[0,1,0],[26,143,158]]
[[0,0,0],[1,0,0],[0,1,0],[94,69,158]]
[[0,0,0],[1,0,0],[0,1,0],[12,51,158]]
[[0,0,0],[1,0,0],[0,1,0],[10,15,158]]
[[0,0,0],[1,0,0],[0,1,0],[32,127,158]]
[[0,0,0],[1,0,0],[0,1,0],[100,87,158]]
[[0,0,0],[1,0,0],[0,1,0],[6,37,158]]
[[0,0,0],[1,0,0],[0,1,0],[13,149,158]]
[[0,0,0],[1,0,0],[0,1,0],[58,39,158]]
[[0,0,0],[1,0,0],[0,1,0],[4,1,158]]
[[0,0,0],[1,0,0],[0,1,0],[10,91,158]]
[[0,0,0],[1,0,0],[0,1,0],[24,3,158]]
[[0,0,0],[1,0,0],[0,1,0],[64,107,158]]
[[0,0,0],[1,0,0],[0,1,0],[24,95,158]]
[[0,0,0],[1,0,0],[0,1,0],[68,1,158]]
[[0,0,0],[1,0,0],[0,1,0],[44,1,158]]
[[0,0,0],[1,0,0],[0,1,0],[40,45,158]]
[[0,0,0],[1,0,0],[0,1,0],[2,127,158]]
[[0,0,0],[1,0,0],[0,1,0],[13,49,158]]
[[0,0,0],[1,0,0],[0,1,0],[6,55,158]]
[[0,0,0],[1,0,0],[0,1,0],[6,97,158]]
[[0,0,0],[1,0,0],[0,1,0],[8,59,158]]
[[0,0,0],[1,0,0],[0,1,0],[4,139,158]]
[[0,0,0],[1,0,0],[0,1,0],[10,45,158]]
[[0,0,0],[1,0,0],[0,1,0],[22,58,158]]
[[0,0,0],[1,0,0],[0,1,0],[12,113,158]]
[[0,0,0],[1,0,0],[0,1,0],[58,155,158]]
[[0,0,0],[1,0,0],[0,1,0],[2,109,158]]
[[0,0,0],[1,0,0],[0,1,0],[20,1,158]]
[[0,0,0],[1,0,0],[0,1,0],[66,97,158]]
[[0,0,0],[1,0,0],[0,1,0],[14,87,158]]
[[0,0,0],[1,0,0],[0,1,0],[96,119,158]]
[[0,0,0],[1,0,0],[0,1,0],[1,39,158]]
[[0,0,0],[1,0,0],[0,1,0],[1,23,158]]
[[0,0,0],[1,0,0],[0,1,0],[58,157,158]]
[[0,0,0],[1,0,0],[0,1,0],[5,31,158]]
[[0,0,0],[1,0,0],[0,1,0],[8,109,158]]
[[0,0,0],[1,0,0],[0,1,0],[58,127,158]]
[[0,0,0],[1,0,0],[0,1,0],[12,91,158]]
[[0,0,0],[1,0,0],[0,1,0],[17,33,158]]
[[0,0,0],[1,0,0],[0,1,0],[60,5,158]]
[[0,0,0],[1,0,0],[0,1,0],[102,136,158]]
[[0,0,0],[1,0,0],[0,1,0],[3,15,158]]
[[0,0,0],[1,0,0],[0,1,0],[6,99,158]]
[[0,0,0],[1,0,0],[0,1,0],[48,35,158]]
[[0,0,0],[1,0,0],[0,1,0],[17,51,158]]
[[0,0,0],[1,0,0],[0,1,0],[10,107,158]]
[[0,0,0],[1,0,0],[0,1,0],[14,31,158]]
[[0,0,0],[1,0,0],[0,1,0],[18,73,158]]
[[0,0,0],[1,0,0],[0,1,0],[64,151,158]]
[[0,0,0],[1,0,0],[0,1,0],[84,75,158]]
[[0,0,0],[1,0,0],[0,1,0],[23,147,158]]
[[0,0,0],[1,0,0],[0,1,0],[32,147,158]]
[[0,0,0],[1,0,0],[0,1,0],[24,111,158]]
[[0,0,0],[1,0,0],[0,1,0],[34,51,158]]
[[0,0,0],[1,0,0],[0,1,0],[50,121,158]]
[[0,0,0],[1,0,0],[0,1,0],[72,15,158]]
[[0,0,0],[1,0,0],[0,1,0],[52,55,158]]
[[0,0,0],[1,0,0],[0,1,0],[36,49,158]]
[[0,0,0],[1,0,0],[0,1,0],[8,141,158]]
[[0,0,0],[1,0,0],[0,1,0],[54,111,158]]
[[0,0,0],[1,0,0],[0,1,0],[22,25,158]]
[[0,0,0],[1,0,0],[0,1,0],[82,77,158]]
[[0,0,0],[1,0,0],[0,1,0],[6,45,158]]
[[0,0,0],[1,0,0],[0,1,0],[10,1,158]]
[[0,0,0],[1,0,0],[0,1,0],[12,47,158]]
[[0,0,0],[1,0,0],[0,1,0],[78,141,158]]
[[0,0,0],[1,0,0],[0,1,0],[9,23,158]]
[[0,0,0],[1,0,0],[0,1,0],[4,97,158]]
[[0,0,0],[1,0,0],[0,1,0],[58,27,158]]
[[0,0,0],[1,0,0],[0,1,0],[16,157,158]]
[[0,0,0],[1,0,0],[0,1,0],[22,47,158]]
[[0,0,0],[1,0,0],[0,1,0],[66,139,158]]
[[0,0,0],[1,0,0],[0,1,0],[28,149,158]]
[[0,0,0],[1,0,0],[0,1,0],[46,117,158]]
[[0,0,0],[1,0,0],[0,1,0],[8,99,158]]
[[0,0,0],[1,0,0],[0,1,0],[70,19,158]]
[[0,0,0],[1,0,0],[0,1,0],[50,109,158]]
[[0,0,0],[1,0,0],[0,1,0],[2,51,158]]
[[0,0,0],[1,0,0],[0,1,0],[14,55,158]]
[[0,0,0],[1,0,0],[0,1,0],[8,133,158]]
[[0,0,0],[1,0,0],[0,1,0],[10,93,158]]
[[0,0,0],[1,0,0],[0,1,0],[1,3,158]]
[[0,0,0],[1,0,0],[0,1,0],[34,1,158]]
[[0,0,0],[1,0,0],[0,1,0],[15,69,158]]
[[0,0,0],[1,0,0],[0,1,0],[42,141,158]]
[[0,0,0],[1,0,0],[0,1,0],[12,83,158]]
[[0,0,0],[1,0,0],[0,1,0],[24,9,158]]
[[0,0,0],[1,0,0],[0,1,0],[4,71,158]]
[[0,0,0],[1,0,0],[0,1,0],[38,11,158]]
[[0,0,0],[1,0,0],[0,1,0],[7,11,158]]
[[0,0,0],[1,0,0],[0,1,0],[34,13,158]]
[[0,0,0],[1,0,0],[0,1,0],[86,75,158]]
[[0,0,0],[1,0,0],[0,1,0],[21,55,158]]
[[0,0,0],[1,0,0],[0,1,0],[23,61,158]]
[[0,0,0],[1,0,0],[0,1,0],[20,95,158]]
[[0,0,0],[1,0,0],[0,1,0],[40,157,158]]
[[0,0,0],[1,0,0],[0,1,0],[2,87,158]]
[[0,0,0],[1,0,0],[0,1,0],[8,23,158]]
[[0,0,0],[2,0,0],[0,1,0],[0,1,79]]
[[0,0,0],[1,0,0],[0,1,0],[62,9,158]]
[[0,0,0],[1,0,0],[0,1,0],[118,120,158]]
[[0,0,0],[1,0,0],[0,1,0],[2,135,158]]
[[0,0,0],[1,0,0],[0,1,0],[4,133,158]]
[[0,0,0],[1,0,0],[0,1,0],[9,47,158]]
[[0,0,0],[1,0,0],[0,1,0],[12,17,158]]
[[0,0,0],[1,0,0],[0,1,0],[10,53,158]]
[[0,0,0],[1,0,0],[0,1,0],[30,73,158]]
[[0,0,0],[1,0,0],[0,1,0],[88,109,158]]
[[0,0,0],[1,0,0],[0,1,0],[26,97,158]]
[[0,0,0],[1,0,0],[0,1,0],[48,61,158]]
[[0,0,0],[1,0,0],[0,1,0],[6,127,158]]
[[0,0,0],[1,0,0],[0,1,0],[22,71,158]]
[[0,0,0],[1,0,0],[0,1,0],[2,123,158]]
[[0,0,0],[1,0,0],[0,1,0],[36,83,158]]
[[0,0,0],[1,0,0],[0,1,0],[8,63,158]]
[[0,0,0],[1,0,0],[0,1,0],[13,73,158]]
[[0,0,0],[1,0,0],[0,1,0],[12,45,158]]
[[0,0,0],[1,0,0],[0,1,0],[12,35,158]]
[[0,0,0],[1,0,0],[0,1,0],[32,87,158]]
[[0,0,0],[1,0,0],[0,1,0],[4,145,158]]
[[0,0,0],[1,0,0],[0,1,0],[62,1,158]]
[[0,0,0],[1,0,0],[0,1,0],[9,45,158]]
[[0,0,0],[1,0,0],[0,1,0],[9,65,158]]
[[0,0,0],[1,0,0],[0,1,0],[38,81,158]]
[[0,0,0],[1,0,0],[0,1,0],[9,29,158]]
[[0,0,0],[1,0,0],[0,1,0],[16,37,158]]
[[0,0,0],[1,0,0],[0,1,0],[54,157,158]]
[[0,0,0],[1,0,0],[0,1,0],[6,67,158]]
[[0,0,0],[1,0,0],[0,1,0],[2,65,158]]
[[0,0,0],[1,0,0],[0,1,0],[6,157,158]]
[[0,0,0],[1,0,0],[0,1,0],[2,55,158]]
[[0,0,0],[1,0,0],[0,1,0],[4,19,158]]
[[0,0,0],[1,0,0],[0,1,0],[10,19,158]]
[[0,0,0],[1,0,0],[0,1,0],[34,17,158]]
[[0,0,0],[1,0,0],[0,1,0],[30,99,158]]
[[0,0,0],[1,0,0],[0,1,0],[20,27,158]]
[[0,0,0],[1,0,0],[0,1,0],[10,99,158]]
[[0,0,0],[1,0,0],[0,1,0],[84,111,158]]
[[0,0,0],[1,0,0],[0,1,0],[6,33,158]]
[[0,0,0],[1,0,0],[0,1,0],[10,83,158]]
[[0,0,0],[1,0,0],[0,1,0],[1,33,158]]
[[0,0,0],[1,0,0],[0,1,0],[4,67,158]]
[[0,0,0],[1,0,0],[0,1,0],[4,81,158]]
[[0,0,0],[1,0,0],[0,1,0],[5,25,158]]
[[0,0,0],[1,0,0],[0,1,0],[34,57,158]]
[[0,0,0],[1,0,0],[0,1,0],[30,145,158]]
[[0,0,0],[1,0,0],[0,1,0],[12,43,158]]
[[0,0,0],[1,0,0],[0,1,0],[28,33,158]]
[[0,0,0],[1,0,0],[0,1,0],[76,1,158]]
[[0,0,0],[1,0,0],[0,1,0],[72,11,158]]
[[0,0,0],[1,0,0],[0,1,0],[60,3,158]]
[[0,0,0],[1,0,0],[0,1,0],[86,119,158]]
[[0,0,0],[1,0,0],[0,1,0],[26,3,158]]
[[0,0,0],[1,0,0],[0,1,0],[30,1,158]]
[[0,0,0],[1,0,0],[0,1,0],[22,145,158]]
[[0,0,0],[1,0,0],[0,1,0],[19,29,158]]
[[0,0,0],[1,0,0],[0,1,0],[48,29,158]]
[[0,0,0],[1,0,0],[0,1,0],[34,85,158]]
[[0,0,0],[1,0,0],[0,1,0],[16,39,158]]
[[0,0,0],[1,0,0],[0,1,0],[17,149,158]]
[[0,0,0],[1,0,0],[0,1,0],[20,31,158]]
[[0,0,0],[1,0,0],[0,1,0],[20,149,158]]
[[0,0,0],[1,0,0],[0,1,0],[78,125,158]]
[[0,0,0],[1,0,0],[0,1,0],[74,155,158]]
[[0,0,0],[1,0,0],[0,1,0],[13,21,158]]
[[0,0,0],[1,0,0],[0,1,0],[60,107,158]]
[[0,0,0],[1,0,0],[0,1,0],[62,133,158]]
[[0,0,0],[1,0,0],[0,1,0],[5,67,158]]
[[0,0,0],[1,0,0],[0,1,0],[11,65,158]]
[[0,0,0],[1,0,0],[0,1,0],[9,11,158]]
[[0,0,0],[1,0,0],[0,1,0],[90,148,158]]
[[0,0,0],[1,0,0],[0,1,0],[36,41,158]]
[[0,0,0],[1,0,0],[0,1,0],[52,47,158]]
[[0,0,0],[1,0,0],[0,1,0],[42,1,158]]
[[0,0,0],[1,0,0],[0,1,0],[64,95,158]]
[[0,0,0],[1,0,0],[0,1,0],[18,97,158]]
[[0,0,0],[1,0,0],[0,1,0],[84,93,158]]
[[0,0,0],[1,0,0],[0,1,0],[3,67,158]]
[[0,0,0],[1,0,0],[0,1,0],[8,19,158]]
[[0,0,0],[1,0,0],[0,1,0],[36,3,158]]
[[0,0,0],[1,0,0],[0,1,0],[2,15,158]]
[[0,0,0],[1,0,0],[0,1,0],[62,129,158]]
[[0,0,0],[1,0,0],[0,1,0],[16,55,158]]
[[0,0,0],[1,0,0],[0,1,0],[30,139,158]]
[[0,0,0],[1,0,0],[0,1,0],[4,69,158]]
[[0,0,0],[1,0,0],[0,1,0],[48,133,158]]
[[0,0,0],[1,0,0],[0,1,0],[74,135,158]]
[[0,0,0],[1,0,0],[0,1,0],[20,105,158]]
[[0,0,0],[1,0,0],[0,1,0],[68,13,158]]
[[0,0,0],[1,0,0],[0,1,0],[6,95,158]]
[[0,0,0],[1,0,0],[0,1,0],[18,95,158]]
[[0,0,0],[1,0,0],[0,1,0],[6,49,158]]
[[0,0,0],[1,0,0],[0,1,0],[142,25,158]]
[[0,0,0],[1,0,0],[0,1,0],[72,115,158]]
[[0,0,0],[1,0,0],[0,1,0],[62,101,158]]
[[0,0,0],[1,0,0],[0,1,0],[32,83,158]]
[[0,0,0],[1,0,0],[0,1,0],[42,157,158]]
[[0,0,0],[1,0,0],[0,1,0],[16,93,158]]
[[0,0,0],[1,0,0],[0,1,0],[66,111,158]]
[[0,0,0],[1,0,0],[0,1,0],[16,31,158]]
[[0,0,0],[1,0,0],[0,1,0],[34,131,158]]
[[0,0,0],[1,0,0],[0,1,0],[24,37,158]]
[[0,0,0],[1,0,0],[0,1,0],[26,69,158]]
[[0,0,0],[1,0,0],[0,1,0],[2,23,158]]
[[0,0,0],[1,0,0],[0,1,0],[44,35,158]]
[[0,0,0],[1,0,0],[0,1,0],[43,135,158]]
[[0,0,0],[1,0,0],[0,1,0],[10,59,158]]
[[0,0,0],[1,0,0],[0,1,0],[64,1,158]]
[[0,0,0],[1,0,0],[0,1,0],[5,155,158]]
[[0,0,0],[1,0,0],[0,1,0],[10,57,158]]
[[0,0,0],[1,0,0],[0,1,0],[36,37,158]]
[[0,0,0],[1,0,0],[0,1,0],[18,13,158]]
[[0,0,0],[1,0,0],[0,1,0],[18,29,158]]
[[0,0,0],[1,0,0],[0,1,0],[64,5,158]]
[[0,0,0],[1,0,0],[0,1,0],[54,3,158]]
[[0,0,0],[1,0,0],[0,1,0],[26,37,158]]
[[0,0,0],[1,0,0],[0,1,0],[68,21,158]]
[[0,0,0],[1,0,0],[0,1,0],[36,133,158]]
[[0,0,0],[1,0,0],[0,1,0],[26,81,158]]
[[0,0,0],[1,0,0],[0,1,0],[94,144,158]]
[[0,0,0],[1,0,0],[0,1,0],[20,39,158]]
[[0,0,0],[1,0,0],[0,1,0],[44,13,158]]
[[0,0,0],[1,0,0],[0,1,0],[2,33,158]]
[[0,0,0],[1,0,0],[0,1,0],[6,47,158]]
[[0,0,0],[1,0,0],[0,1,0],[14,131,158]]
[[0,0,0],[1,0,0],[0,1,0],[50,135,158]]
[[0,0,0],[1,0,0],[0,1,0],[78,151,158]]
[[0,0,0],[1,0,0],[0,1,0],[14,49,158]]
[[0,0,0],[1,0,0],[0,1,0],[22,9,158]]
[[0,0,0],[1,0,0],[0,1,0],[50,25,158]]
[[0,0,0],[1,0,0],[0,1,0],[8,1,158]]
[[0,0,0],[1,0,0],[0,1,0],[12,85,158]]
[[0,0,0],[1,0,0],[0,1,0],[21,51,158]]
[[0,0,0],[1,0,0],[0,1,0],[2,27,158]]
[[0,0,0],[1,0,0],[0,1,0],[9,59,158]]
[[0,0,0],[1,0,0],[0,1,0],[1,15,158]]
[[0,0,0],[1,0,0],[0,1,0],[68,129,158]]
[[0,0,0],[1,0,0],[0,1,0],[6,83,158]]
[[0,0,0],[1,0,0],[0,1,0],[86,139,158]]
[[0,0,0],[1,0,0],[0,1,0],[10,129,158]]
[[0,0,0],[1,0,0],[0,1,0],[26,19,158]]
[[0,0,0],[1,0,0],[0,1,0],[40,5,158]]
[[0,0,0],[1,0,0],[0,1,0],[110,73,158]]
[[0,0,0],[1,0,0],[0,1,0],[17,143,158]]
[[0,0,0],[1,0,0],[0,1,0],[18,19,158]]
[[0,0,0],[1,0,0],[0,1,0],[90,101,158]]
[[0,0,0],[1,0,0],[0,1,0],[18,63,158]]
[[0,0,0],[1,0,0],[0,1,0],[10,29,158]]
[[0,0,0],[1,0,0],[0,1,0],[36,125,158]]
[[0,0,0],[1,0,0],[0,1,0],[14,99,158]]
[[0,0,0],[1,0,0],[0,1,0],[8,93,158]]
[[0,0,0],[1,0,0],[0,1,0],[62,145,158]]
[[0,0,0],[1,0,0],[0,1,0],[14,67,158]]
[[0,0,0],[1,0,0],[0,1,0],[2,81,158]]
[[0,0,0],[1,0,0],[0,1,0],[10,41,158]]
[[0,0,0],[1,0,0],[0,1,0],[64,101,158]]
[[0,0,0],[1,0,0],[0,1,0],[36,87,158]]
[[0,0,0],[1,0,0],[0,1,0],[42,35,158]]
[[0,0,0],[1,0,0],[0,1,0],[12,135,158]]
[[0,0,0],[1,0,0],[0,1,0],[30,157,158]]
[[0,0,0],[1,0,0],[0,1,0],[8,105,158]]
[[0,0,0],[1,0,0],[0,1,0],[114,61,158]]
[[0,0,0],[1,0,0],[0,1,0],[6,15,158]]
[[0,0,0],[1,0,0],[0,1,0],[64,15,158]]
[[0,0,0],[1,0,0],[0,1,0],[1,13,158]]
[[0,0,0],[1,0,0],[0,1,0],[84,119,158]]
[[0,0,0],[1,0,0],[0,1,0],[28,145,158]]
[[0,0,0],[1,0,0],[0,1,0],[46,1,158]]
[[0,0,0],[1,0,0],[0,1,0],[16,113,158]]
[[0,0,0],[1,0,0],[0,1,0],[32,23,158]]
[[0,0,0],[1,0,0],[0,1,0],[60,139,158]]
[[0,0,0],[1,0,0],[0,1,0],[16,67,158]]
[[0,0,0],[1,0,0],[0,1,0],[58,9,158]]
[[0,0,0],[1,0,0],[0,1,0],[12,65,158]]
[[0,0,0],[1,0,0],[0,1,0],[6,25,158]]
[[0,0,0],[1,0,0],[0,1,0],[2,147,158]]
[[0,0,0],[1,0,0],[0,1,0],[62,11,158]]
[[0,0,0],[1,0,0],[0,1,0],[52,127,158]]
[[0,0,0],[1,0,0],[0,1,0],[43,121,158]]
[[0,0,0],[1,0,0],[0,1,0],[50,143,158]]
[[0,0,0],[1,0,0],[0,1,0],[46,129,158]]
[[0,0,0],[1,0,0],[0,1,0],[6,87,158]]
[[0,0,0],[1,0,0],[0,1,0],[42,15,158]]
[[0,0,0],[1,0,0],[0,1,0],[46,35,158]]
[[0,0,0],[1,0,0],[0,1,0],[24,19,158]]
[[0,0,0],[1,0,0],[0,1,0],[46,11,158]]
[[0,0,0],[1,0,0],[0,1,0],[10,105,158]]
[[0,0,0],[1,0,0],[0,1,0],[10,81,158]]
[[0,0,0],[1,0,0],[0,1,0],[6,121,158]]
[[0,0,0],[1,0,0],[0,1,0],[8,15,158]]
[[0,0,0],[1,0,0],[0,1,0],[8,57,158]]
[[0,0,0],[1,0,0],[0,1,0],[22,87,158]]
[[0,0,0],[1,0,0],[0,1,0],[16,105,158]]
[[0,0,0],[1,0,0],[0,1,0],[42,11,158]]
[[0,0,0],[1,0,0],[0,1,0],[16,87,158]]
[[0,0,0],[1,0,0],[0,1,0],[3,57,158]]
[[0,0,0],[1,0,0],[0,1,0],[6,23,158]]
[[0,0,0],[1,0,0],[0,1,0],[6,91,158]]
[[0,0,0],[1,0,0],[0,1,0],[1,37,158]]
[[0,0,0],[1,0,0],[0,1,0],[2,57,158]]
[[0,0,0],[1,0,0],[0,1,0],[32,57,158]]
[[0,0,0],[1,0,0],[0,1,0],[40,133,158]]
[[0,0,0],[1,0,0],[0,1,0],[38,131,158]]
[[0,0,0],[1,0,0],[0,1,0],[26,9,158]]
[[0,0,0],[1,0,0],[0,1,0],[24,63,158]]
[[0,0,0],[1,0,0],[0,1,0],[84,145,158]]
[[0,0,0],[1,0,0],[0,1,0],[116,122,158]]
[[0,0,0],[1,0,0],[0,1,0],[22,151,158]]
[[0,0,0],[1,0,0],[0,1,0],[36,145,158]]
[[0,0,0],[1,0,0],[0,1,0],[84,129,158]]
[[0,0,0],[1,0,0],[0,1,0],[80,117,158]]
[[0,0,0],[1,0,0],[0,1,0],[8,135,158]]
[[0,0,0],[1,0,0],[0,1,0],[7,67,158]]
[[0,0,0],[1,0,0],[0,1,0],[22,155,158]]
[[0,0,0],[1,0,0],[0,1,0],[6,135,158]]
[[0,0,0],[1,0,0],[0,1,0],[42,63,158]]
[[0,0,0],[1,0,0],[0,1,0],[13,19,158]]
[[0,0,0],[1,0,0],[0,1,0],[48,43,158]]
[[0,0,0],[1,0,0],[0,1,0],[92,146,158]]
[[0,0,0],[1,0,0],[0,1,0],[36,43,158]]
[[0,0,0],[1,0,0],[0,1,0],[28,153,158]]
[[0,0,0],[1,0,0],[0,1,0],[2,49,158]]
[[0,0,0],[1,0,0],[0,1,0],[31,61,158]]
[[0,0,0],[1,0,0],[0,1,0],[26,35,158]]
[[0,0,0],[1,0,0],[0,1,0],[34,49,158]]
[[0,0,0],[1,0,0],[0,1,0],[29,45,158]]
[[0,0,0],[1,0,0],[0,1,0],[5,7,158]]
[[0,0,0],[1,0,0],[0,1,0],[11,33,158]]
[[0,0,0],[1,0,0],[0,1,0],[62,121,158]]
[[0,0,0],[1,0,0],[0,1,0],[46,143,158]]
[[0,0,0],[1,0,0],[0,1,0],[20,41,158]]
[[0,0,0],[1,0,0],[0,1,0],[56,135,158]]
[[0,0,0],[1,0,0],[0,1,0],[1,29,158]]
[[0,0,0],[1,0,0],[0,1,0],[20,15,158]]
[[0,0,0],[1,0,0],[0,1,0],[20,111,158]]
[[0,0,0],[1,0,0],[0,1,0],[46,63,158]]
[[0,0,0],[1,0,0],[0,1,0],[7,59,158]]
[[0,0,0],[1,0,0],[0,1,0],[24,39,158]]
[[0,0,0],[1,0,0],[0,1,0],[4,65,158]]
[[0,0,0],[1,0,0],[0,1,0],[76,153,158]]
[[0,0,0],[1,0,0],[0,1,0],[26,77,158]]
[[0,0,0],[1,0,0],[0,1,0],[62,7,158]]
[[0,0,0],[1,0,0],[0,1,0],[32,69,158]]
[[0,0,0],[1,0,0],[0,1,0],[74,5,158]]
[[0,0,0],[1,0,0],[0,1,0],[68,143,158]]
[[0,0,0],[1,0,0],[0,1,0],[124,55,158]]
[[0,0,0],[1,0,0],[0,1,0],[12,71,158]]
[[0,0,0],[1,0,0],[0,1,0],[48,13,158]]
[[0,0,0],[1,0,0],[0,1,0],[70,5,158]]
[[0,0,0],[1,0,0],[0,1,0],[30,41,158]]
[[0,0,0],[1,0,0],[0,1,0],[24,15,158]]
[[0,0,0],[1,0,0],[0,1,0],[28,17,158]]
[[0,0,0],[1,0,0],[0,1,0],[34,157,158]]
[[0,0,0],[1,0,0],[0,1,0],[10,117,158]]
[[0,0,0],[1,0,0],[0,1,0],[8,111,158]]
[[0,0,0],[1,0,0],[0,1,0],[48,125,158]]
[[0,0,0],[1,0,0],[0,1,0],[10,139,158]]
[[0,0,0],[1,0,0],[0,1,0],[14,27,158]]
[[0,0,0],[1,0,0],[0,1,0],[32,5,158]]
[[0,0,0],[1,0,0],[0,1,0],[12,33,158]]
[[0,0,0],[1,0,0],[0,1,0],[24,29,158]]
[[0,0,0],[1,0,0],[0,1,0],[118,41,158]]
[[0,0,0],[1,0,0],[0,1,0],[4,27,158]]
[[0,0,0],[1,0,0],[0,1,0],[14,113,158]]
[[0,0,0],[1,0,0],[0,1,0],[18,27,158]]
[[0,0,0],[1,0,0],[0,1,0],[54,113,158]]
[[0,0,0],[1,0,0],[0,1,0],[8,47,158]]
[[0,0,0],[1,0,0],[0,1,0],[42,71,158]]
[[0,0,0],[1,0,0],[0,1,0],[50,21,158]]
[[0,0,0],[1,0,0],[0,1,0],[28,21,158]]
[[0,0,0],[1,0,0],[0,1,0],[58,37,158]]
[[0,0,0],[1,0,0],[0,1,0],[22,141,158]]
[[0,0,0],[1,0,0],[0,1,0],[4,109,158]]
[[0,0,0],[1,0,0],[0,1,0],[32,33,158]]
[[0,0,0],[1,0,0],[0,1,0],[80,111,158]]
[[0,0,0],[1,0,0],[0,1,0],[28,47,158]]
[[0,0,0],[1,0,0],[0,1,0],[6,11,158]]
[[0,0,0],[1,0,0],[0,1,0],[62,135,158]]
[[0,0,0],[1,0,0],[0,1,0],[18,49,158]]
[[0,0,0],[1,0,0],[0,1,0],[50,111,158]]
[[0,0,0],[1,0,0],[0,1,0],[10,113,158]]
[[0,0,0],[1,0,0],[0,1,0],[22,53,158]]
[[0,0,0],[1,0,0],[0,1,0],[12,103,158]]
[[0,0,0],[1,0,0],[0,1,0],[56,117,158]]
[[0,0,0],[1,0,0],[0,1,0],[38,23,158]]
[[0,0,0],[1,0,0],[0,1,0],[11,51,158]]
[[0,0,0],[1,0,0],[0,1,0],[32,59,158]]
[[0,0,0],[1,0,0],[0,1,0],[24,91,158]]
[[0,0,0],[1,0,0],[0,1,0],[22,13,158]]
[[0,0,0],[1,0,0],[0,1,0],[34,21,158]]
[[0,0,0],[1,0,0],[0,1,0],[36,31,158]]
[[0,0,0],[1,0,0],[0,1,0],[28,133,158]]
[[0,0,0],[1,0,0],[0,1,0],[20,73,158]]
[[0,0,0],[1,0,0],[0,1,0],[40,40,158]]
[[0,0,0],[1,0,0],[0,1,0],[12,99,158]]
[[0,0,0],[1,0,0],[0,1,0],[12,37,158]]
[[0,0,0],[1,0,0],[0,1,0],[34,45,158]]
[[0,0,0],[1,0,0],[0,1,0],[5,13,158]]
[[0,0,0],[1,0,0],[0,1,0],[28,41,158]]
[[0,0,0],[1,0,0],[0,1,0],[8,11,158]]
[[0,0,0],[1,0,0],[0,1,0],[50,155,158]]
[[0,0,0],[1,0,0],[0,1,0],[52,131,158]]
[[0,0,0],[1,0,0],[0,1,0],[50,115,158]]
[[0,0,0],[1,0,0],[0,1,0],[13,63,158]]
[[0,0,0],[1,0,0],[0,1,0],[12,81,158]]
[[0,0,0],[1,0,0],[0,1,0],[26,95,158]]
[[0,0,0],[1,0,0],[0,1,0],[3,13,158]]
[[0,0,0],[1,0,0],[0,1,0],[4,47,158]]
[[0,0,0],[1,0,0],[0,1,0],[90,71,158]]
[[0,0,0],[1,0,0],[0,1,0],[10,101,158]]
[[0,0,0],[1,0,0],[0,1,0],[9,33,158]]
[[0,0,0],[1,0,0],[0,1,0],[76,157,158]]
[[0,0,0],[1,0,0],[0,1,0],[76,121,158]]
[[0,0,0],[1,0,0],[0,1,0],[86,99,158]]
[[0,0,0],[1,0,0],[0,1,0],[32,29,158]]
[[0,0,0],[1,0,0],[0,1,0],[27,29,158]]
[[0,0,0],[1,0,0],[0,1,0],[36,129,158]]
[[0,0,0],[1,0,0],[0,1,0],[58,33,158]]
[[0,0,0],[1,0,0],[0,1,0],[12,3,158]]
[[0,0,0],[1,0,0],[0,1,0],[114,77,158]]
[[0,0,0],[1,0,0],[0,1,0],[4,131,158]]
[[0,0,0],[1,0,0],[0,1,0],[46,17,158]]
[[0,0,0],[1,0,0],[0,1,0],[5,35,158]]
[[0,0,0],[1,0,0],[0,1,0],[46,55,158]]
[[0,0,0],[1,0,0],[0,1,0],[14,39,158]]
[[0,0,0],[1,0,0],[0,1,0],[64,131,158]]
[[0,0,0],[1,0,0],[0,1,0],[14,17,158]]
[[0,0,0],[1,0,0],[0,1,0],[36,123,158]]
[[0,0,0],[1,0,0],[0,1,0],[86,87,158]]
[[0,0,0],[1,0,0],[0,1,0],[30,133,158]]
[[0,0,0],[1,0,0],[0,1,0],[6,27,158]]
[[0,0,0],[1,0,0],[0,1,0],[16,121,158]]
[[0,0,0],[1,0,0],[0,1,0],[56,141,158]]
[[0,0,0],[1,0,0],[0,1,0],[6,119,158]]
[[0,0,0],[1,0,0],[0,1,0],[17,45,158]]
[[0,0,0],[1,0,0],[0,1,0],[22,95,158]]
[[0,0,0],[1,0,0],[0,1,0],[58,23,158]]
[[0,0,0],[1,0,0],[0,1,0],[36,53,158]]
[[0,0,0],[1,0,0],[0,1,0],[24,7,158]]
[[0,0,0],[1,0,0],[0,1,0],[54,145,158]]
[[0,0,0],[1,0,0],[0,1,0],[28,19,158]]
[[0,0,0],[1,0,0],[0,1,0],[6,153,158]]
[[0,0,0],[1,0,0],[0,1,0],[40,21,158]]
[[0,0,0],[1,0,0],[0,1,0],[58,153,158]]
[[0,0,0],[1,0,0],[0,1,0],[24,17,158]]
[[0,0,0],[1,0,0],[0,1,0],[20,13,158]]
[[0,0,0],[1,0,0],[0,1,0],[7,31,158]]
[[0,0,0],[1,0,0],[0,1,0],[22,43,158]]
[[0,0,0],[1,0,0],[0,1,0],[4,31,158]]
[[0,0,0],[1,0,0],[0,1,0],[36,17,158]]
[[0,0,0],[1,0,0],[0,1,0],[40,17,158]]
[[0,0,0],[1,0,0],[0,1,0],[30,129,158]]
[[0,0,0],[1,0,0],[0,1,0],[68,131,158]]
[[0,0,0],[1,0,0],[0,1,0],[5,27,158]]
[[0,0,0],[1,0,0],[0,1,0],[20,49,158]]
[[0,0,0],[1,0,0],[0,1,0],[48,7,158]]
[[0,0,0],[1,0,0],[0,1,0],[18,45,158]]
[[0,0,0],[1,0,0],[0,1,0],[14,51,158]]
[[0,0,0],[1,0,0],[0,1,0],[3,51,158]]
[[0,0,0],[1,0,0],[0,1,0],[32,55,158]]
[[0,0,0],[1,0,0],[0,1,0],[64,125,158]]
[[0,0,0],[1,0,0],[0,1,0],[19,19,158]]
[[0,0,0],[1,0,0],[0,1,0],[20,119,158]]
[[0,0,0],[1,0,0],[0,1,0],[45,127,158]]
[[0,0,0],[1,0,0],[0,1,0],[82,149,158]]
[[0,0,0],[1,0,0],[0,1,0],[37,125,158]]
[[0,0,0],[1,0,0],[0,1,0],[38,25,158]]
[[0,0,0],[1,0,0],[0,1,0],[18,141,158]]
[[0,0,0],[1,0,0],[0,1,0],[16,73,158]]
[[0,0,0],[1,0,0],[0,1,0],[20,155,158]]
[[0,0,0],[1,0,0],[0,1,0],[2,155,158]]
[[0,0,0],[1,0,0],[0,1,0],[7,63,158]]
[[0,0,0],[1,0,0],[0,1,0],[14,149,158]]
[[0,0,0],[1,0,0],[0,1,0],[13,59,158]]
[[0,0,0],[1,0,0],[0,1,0],[6,147,158]]
[[0,0,0],[1,0,0],[0,1,0],[7,75,158]]
[[0,0,0],[1,0,0],[0,1,0],[14,117,158]]
[[0,0,0],[1,0,0],[0,1,0],[79,80,158]]
[[0,0,0],[1,0,0],[0,1,0],[88,99,158]]
[[0,0,0],[1,0,0],[0,1,0],[31,39,158]]
[[0,0,0],[1,0,0],[0,1,0],[10,27,158]]
[[0,0,0],[1,0,0],[0,1,0],[13,57,158]]
[[0,0,0],[1,0,0],[0,1,0],[2,83,158]]
[[0,0,0],[1,0,0],[0,1,0],[104,109,158]]
[[0,0,0],[1,0,0],[0,1,0],[78,153,158]]
[[0,0,0],[1,0,0],[0,1,0],[50,147,158]]
[[0,0,0],[1,0,0],[0,1,0],[21,41,158]]
[[0,0,0],[1,0,0],[0,1,0],[86,77,158]]
[[0,0,0],[1,0,0],[0,1,0],[2,78,158]]
[[0,0,0],[1,0,0],[0,1,0],[46,23,158]]
[[0,0,0],[1,0,0],[0,1,0],[10,121,158]]
[[0,0,0],[1,0,0],[0,1,0],[80,81,158]]
[[0,0,0],[1,0,0],[0,1,0],[20,65,158]]
[[0,0,0],[1,0,0],[0,1,0],[20,53,158]]
[[0,0,0],[1,0,0],[0,1,0],[8,9,158]]
[[0,0,0],[1,0,0],[0,1,0],[58,11,158]]
[[0,0,0],[1,0,0],[0,1,0],[6,31,158]]
[[0,0,0],[1,0,0],[0,1,0],[16,21,158]]
[[0,0,0],[1,0,0],[0,1,0],[19,55,158]]
[[0,0,0],[1,0,0],[0,1,0],[4,29,158]]
[[0,0,0],[1,0,0],[0,1,0],[28,139,158]]
[[0,0,0],[1,0,0],[0,1,0],[76,155,158]]
[[0,0,0],[1,0,0],[0,1,0],[6,51,158]]
[[0,0,0],[1,0,0],[0,1,0],[16,95,158]]
[[0,0,0],[1,0,0],[0,1,0],[15,35,158]]
[[0,0,0],[1,0,0],[0,1,0],[14,43,158]]
[[0,0,0],[1,0,0],[0,1,0],[42,25,158]]
[[0,0,0],[1,0,0],[0,1,0],[30,3,158]]
[[0,0,0],[1,0,0],[0,1,0],[38,51,158]]
[[0,0,0],[1,0,0],[0,1,0],[3,9,158]]
[[0,0,0],[1,0,0],[0,1,0],[6,137,158]]
[[0,0,0],[1,0,0],[0,1,0],[22,153,158]]
[[0,0,0],[1,0,0],[0,1,0],[14,45,158]]
[[0,0,0],[1,0,0],[0,1,0],[10,75,158]]
[[0,0,0],[1,0,0],[0,1,0],[66,145,158]]
[[0,0,0],[1,0,0],[0,1,0],[12,129,158]]
[[0,0,0],[1,0,0],[0,1,0],[48,3,158]]
[[0,0,0],[1,0,0],[0,1,0],[16,111,158]]
[[0,0,0],[1,0,0],[0,1,0],[24,11,158]]
[[0,0,0],[1,0,0],[0,1,0],[9,39,158]]
[[0,0,0],[1,0,0],[0,1,0],[18,71,158]]
[[0,0,0],[1,0,0],[0,1,0],[92,125,158]]
[[0,0,0],[1,0,0],[0,1,0],[30,45,158]]
[[0,0,0],[1,0,0],[0,1,0],[49,111,158]]
[[0,0,0],[1,0,0],[0,1,0],[20,60,158]]
[[0,0,0],[1,0,0],[0,1,0],[4,101,158]]
[[0,0,0],[1,0,0],[0,1,0],[29,51,158]]
[[0,0,0],[1,0,0],[0,1,0],[17,37,158]]
[[0,0,0],[1,0,0],[0,1,0],[70,89,158]]
[[0,0,0],[1,0,0],[0,1,0],[56,29,158]]
[[0,0,0],[1,0,0],[0,1,0],[24,97,158]]
[[0,0,0],[1,0,0],[0,1,0],[106,71,158]]
[[0,0,0],[1,0,0],[0,1,0],[28,87,158]]
[[0,0,0],[1,0,0],[0,1,0],[12,123,158]]
[[0,0,0],[1,0,0],[0,1,0],[38,21,158]]
[[0,0,0],[1,0,0],[0,1,0],[38,75,158]]
[[0,0,0],[1,0,0],[0,1,0],[18,9,158]]
[[0,0,0],[1,0,0],[0,1,0],[14,77,158]]
[[0,0,0],[1,0,0],[0,1,0],[17,67,158]]
[[0,0,0],[1,0,0],[0,1,0],[24,43,158]]
[[0,0,0],[1,0,0],[0,1,0],[62,111,158]]
[[0,0,0],[1,0,0],[0,1,0],[60,1,158]]
[[0,0,0],[1,0,0],[0,1,0],[20,115,158]]
[[0,0,0],[1,0,0],[0,1,0],[30,50,158]]
[[0,0,0],[1,0,0],[0,1,0],[12,105,158]]
[[0,0,0],[1,0,0],[0,1,0],[28,155,158]]
[[0,0,0],[1,0,0],[0,1,0],[38,29,158]]
[[0,0,0],[1,0,0],[0,1,0],[18,115,158]]
[[0,0,0],[1,0,0],[0,1,0],[2,125,158]]
[[0,0,0],[1,0,0],[0,1,0],[7,47,158]]
[[0,0,0],[1,0,0],[0,1,0],[4,155,158]]
[[0,0,0],[1,0,0],[0,1,0],[30,59,158]]
[[0,0,0],[1,0,0],[0,1,0],[3,5,158]]
[[0,0,0],[1,0,0],[0,1,0],[7,37,158]]
[[0,0,0],[1,0,0],[0,1,0],[12,19,158]]
[[0,0,0],[1,0,0],[0,1,0],[10,73,158]]
[[0,0,0],[1,0,0],[0,1,0],[58,21,158]]
[[0,0,0],[1,0,0],[0,1,0],[18,87,158]]
[[0,0,0],[1,0,0],[0,1,0],[2,129,158]]
[[0,0,0],[1,0,0],[0,1,0],[2,137,158]]
[[0,0,0],[1,0,0],[0,1,0],[70,107,158]]
[[0,0,0],[1,0,0],[0,1,0],[36,135,158]]
[[0,0,0],[1,0,0],[0,1,0],[1,57,158]]
[[0,0,0],[1,0,0],[0,1,0],[44,5,158]]
[[0,0,0],[1,0,0],[0,1,0],[18,1,158]]
[[0,0,0],[1,0,0],[0,1,0],[16,151,158]]
[[0,0,0],[1,0,0],[0,1,0],[0,1,158]]
[[0,0,0],[1,0,0],[0,1,0],[34,15,158]]
[[0,0,0],[1,0,0],[0,1,0],[48,151,158]]
[[0,0,0],[1,0,0],[0,1,0],[38,1,158]]
[[0,0,0],[1,0,0],[0,1,0],[36,131,158]]
[[0,0,0],[1,0,0],[0,1,0],[56,45,158]]
[[0,0,0],[1,0,0],[0,1,0],[16,35,158]]
[[0,0,0],[1,0,0],[0,1,0],[40,11,158]]
[[0,0,0],[1,0,0],[0,1,0],[112,47,158]]
[[0,0,0],[1,0,0],[0,1,0],[6,129,158]]
[[0,0,0],[1,0,0],[0,1,0],[24,83,158]]
[[0,0,0],[1,0,0],[0,1,0],[74,125,158]]
[[0,0,0],[1,0,0],[0,1,0],[19,149,158]]
[[0,0,0],[1,0,0],[0,1,0],[3,17,158]]
[[0,0,0],[1,0,0],[0,1,0],[92,127,158]]
[[0,0,0],[1,0,0],[0,1,0],[16,1,158]]
[[0,0,0],[1,0,0],[0,1,0],[58,111,158]]
[[0,0,0],[1,0,0],[0,1,0],[83,155,158]]
[[0,0,0],[1,0,0],[0,1,0],[13,69,158]]
[[0,0,0],[1,0,0],[0,1,0],[3,75,158]]
[[0,0,0],[1,0,0],[0,1,0],[72,131,158]]
[[0,0,0],[1,0,0],[0,1,0],[2,61,158]]
[[0,0,0],[1,0,0],[0,1,0],[15,27,158]]
[[0,0,0],[1,0,0],[0,1,0],[18,3,158]]
