[[0,0,0],[1,0,0],[0,1,0],[2,61,159]]
[[0,0,0],[1,0,0],[0,1,0],[38,133,159]]
[[0,0,0],[1,0,0],[0,1,0],[66,124,159]]
[[0,0,0],[1,0,0],[0,1,0],[23,137,159]]
[[0,0,0],[1,0,0],[0,1,0],[54,31,159]]
[[0,0,0],[1,0,0],[0,1,0],[60,142,159]]
[[0,0,0],[1,0,0],[0,1,0],[30,148,159]]
[[0,0,0],[1,0,0],[0,1,0],[15,40,159]]
[[0,0,0],[1,0,0],[0,1,0],[36,55,159]]
[[0,0,0],[1,0,0],[0,1,0],[24,55,159]]
[[0,0,0],[1,0,0],[0,1,0],[48,19,159]]
[[0,0,0],[1,0,0],[0,1,0],[11,158,159]]
[[0,0,0],[1,0,0],[0,1,0],[8,44,159]]
[[0,0,0],[1,0,0],[0,1,0],[23,143,159]]
[[0,0,0],[1,0,0],[0,1,0],[18,112,159]]
[[0,0,0],[1,0,0],[0,1,0],[17,68,159]]
[[0,0,0],[1,0,0],[0,1,0],[6,100,159]]
[[0,0,0],[1,0,0],[0,1,0],[18,109,159]]
[[0,0,0],[1,0,0],[0,1,0],[110,110,159]]
[[0,0,0],[1,0,0],[0,1,0],[27,157,159]]
[[0,0,0],[1,0,0],[0,1,0],[1,25,159]]
[[0,0,0],[1,0,0],[0,1,0],[44,110,159]]
[[0,0,0],[1,0,0],[0,1,0],[69,13,159]]
[[0,0,0],[1,0,0],[0,1,0],[22,52,159]]
[[0,0,0],[1,0,0],[0,1,0],[25,82,159]]
[[0,0,0],[1,0,0],[0,1,0],[14,26,159]]
[[0,0,0],[1,0,0],[0,1,0],[93,133,159]]
[[0,0,0],[1,0,0],[0,1,0],[33,88,159]]
[[0,0,0],[1,0,0],[0,1,0],[10,13,159]]
[[0,0,0],[1,0,0],[0,1,0],[2,34,159]]
[[0,0,0],[1,0,0],[0,1,0],[69,148,159]]
[[0,0,0],[1,0,0],[0,1,0],[31,137,159]]
[[0,0,0],[1,0,0],[0,1,0],[27,154,159]]
[[0,0,0],[1,0,0],[0,1,0],[14,116,159]]
[[0,0,0],[1,0,0],[0,1,0],[28,64,159]]
[[0,0,0],[1,0,0],[0,1,0],[41,140,159]]
[[0,0,0],[1,0,0],[0,1,0],[14,86,159]]
[[0,0,0],[1,0,0],[0,1,0],[30,19,159]]
[[0,0,0],[1,0,0],[0,1,0],[1,7,159]]
[[0,0,0],[1,0,0],[0,1,0],[14,23,159]]
[[0,0,0],[1,0,0],[0,1,0],[28,34,159]]
[[0,0,0],[1,0,0],[0,1,0],[56,119,159]]
[[0,0,0],[1,0,0],[0,1,0],[36,139,159]]
[[0,0,0],[1,0,0],[0,1,0],[35,122,159]]
[[0,0,0],[1,0,0],[0,1,0],[14,65,159]]
[[0,0,0],[1,0,0],[0,1,0],[3,136,159]]
[[0,0,0],[1,0,0],[0,1,0],[18,34,159]]
[[0,0,0],[1,0,0],[0,1,0],[22,34,159]]
[[0,0,0],[1,0,0],[0,1,0],[23,35,159]]
[[0,0,0],[1,0,0],[0,1,0],[2,143,159]]
[[0,0,0],[1,0,0],[0,1,0],[33,28,159]]
[[0,0,0],[1,0,0],[0,1,0],[102,111,159]]
[[0,0,0],[1,0,0],[0,1,0],[55,107,159]]
[[0,0,0],[1,0,0],[0,1,0],[15,70,159]]
[[0,0,0],[1,0,0],[0,1,0],[60,37,159]]
[[0,0,0],[1,0,0],[0,1,0],[23,62,159]]
[[0,0,0],[1,0,0],[0,1,0],[24,64,159]]
[[0,0,0],[1,0,0],[0,1,0],[6,48,159]]
[[0,0,0],[1,0,0],[0,1,0],[4,22,159]]
[[0,0,0],[1,0,0],[0,1,0],[9,55,159]]
[[0,0,0],[1,0,0],[0,1,0],[2,8,159]]
[[0,0,0],[1,0,0],[0,1,0],[14,74,159]]
[[0,0,0],[1,0,0],[0,1,0],[9,124,159]]
[[0,0,0],[1,0,0],[0,1,0],[39,82,159]]
[[0,0,0],[1,0,0],[0,1,0],[14,155,159]]
[[0,0,0],[1,0,0],[0,1,0],[72,13,159]]
[[0,0,0],[1,0,0],[0,1,0],[21,40,159]]
[[0,0,0],[1,0,0],[0,1,0],[33,85,159]]
[[0,0,0],[1,0,0],[0,1,0],[15,28,159]]
[[0,0,0],[1,0,0],[0,1,0],[2,5,159]]
[[0,0,0],[1,0,0],[0,1,0],[23,47,159]]
[[0,0,0],[1,0,0],[0,1,0],[38,61,159]]
[[0,0,0],[1,0,0],[0,1,0],[15,109,159]]
[[0,0,0],[1,0,0],[0,1,0],[60,47,159]]
[[0,0,0],[1,0,0],[0,1,0],[30,91,159]]
[[0,0,0],[1,0,0],[0,1,0],[26,104,159]]
[[0,0,0],[1,0,0],[0,1,0],[38,95,159]]
[[0,0,0],[1,0,0],[0,1,0],[18,40,159]]
[[0,0,0],[1,0,0],[0,1,0],[58,107,159]]
[[0,0,0],[1,0,0],[0,1,0],[92,158,159]]
[[0,0,0],[1,0,0],[0,1,0],[17,44,159]]
[[0,0,0],[1,0,0],[0,1,0],[11,29,159]]
[[0,0,0],[1,0,0],[0,1,0],[78,135,159]]
[[0,0,0],[1,0,0],[0,1,0],[7,35,159]]
[[0,0,0],[1,0,0],[0,1,0],[2,38,159]]
[[0,0,0],[1,0,0],[0,1,0],[8,146,159]]
[[0,0,0],[1,0,0],[0,1,0],[13,62,159]]
[[0,0,0],[1,0,0],[0,1,0],[21,31,159]]
[[0,0,0],[1,0,0],[0,1,0],[15,100,159]]
[[0,0,0],[1,0,0],[0,1,0],[72,154,159]]
[[0,0,0],[1,0,0],[0,1,0],[33,91,159]]
[[0,0,0],[1,0,0],[0,1,0],[36,71,159]]
[[0,0,0],[1,0,0],[0,1,0],[8,52,159]]
[[0,0,0],[1,0,0],[0,1,0],[11,101,159]]
[[0,0,0],[1,0,0],[0,1,0],[78,82,159]]
[[0,0,0],[1,0,0],[0,1,0],[34,134,159]]
[[0,0,0],[1,0,0],[0,1,0],[38,92,159]]
[[0,0,0],[1,0,0],[0,1,0],[8,34,159]]
[[0,0,0],[1,0,0],[0,1,0],[12,13,159]]
[[0,0,0],[1,0,0],[0,1,0],[8,116,159]]
[[0,0,0],[1,0,0],[0,1,0],[35,86,159]]
[[0,0,0],[1,0,0],[0,1,0],[57,109,159]]
[[0,0,0],[1,0,0],[0,1,0],[9,46,159]]
[[0,0,0],[1,0,0],[0,1,0],[18,52,159]]
[[0,0,0],[1,0,0],[0,1,0],[4,20,159]]
[[0,0,0],[1,0,0],[0,1,0],[21,109,159]]
[[0,0,0],[1,0,0],[0,1,0],[56,92,159]]
[[0,0,0],[1,0,0],[0,1,0],[39,22,159]]
[[0,0,0],[1,0,0],[0,1,0],[37,124,159]]
[[0,0,0],[1,0,0],[0,1,0],[12,97,159]]
[[0,0,0],[1,0,0],[0,1,0],[11,116,159]]
[[0,0,0],[1,0,0],[0,1,0],[11,26,159]]
[[0,0,0],[1,0,0],[0,1,0],[45,64,159]]
[[0,0,0],[1,0,0],[0,1,0],[59,116,159]]
[[0,0,0],[1,0,0],[0,1,0],[74,74,159]]
[[0,0,0],[1,0,0],[0,1,0],[24,70,159]]
[[0,0,0],[1,0,0],[0,1,0],[2,47,159]]
[[0,0,0],[1,0,0],[0,1,0],[27,88,159]]
[[0,0,0],[1,0,0],[0,1,0],[45,58,159]]
[[0,0,0],[1,0,0],[0,1,0],[23,122,159]]
[[0,0,0],[1,0,0],[0,1,0],[5,146,159]]
[[0,0,0],[1,0,0],[0,1,0],[18,61,159]]
[[0,0,0],[1,0,0],[0,1,0],[8,65,159]]
[[0,0,0],[1,0,0],[0,1,0],[25,62,159]]
[[0,0,0],[1,0,0],[0,1,0],[11,143,159]]
[[0,0,0],[1,0,0],[0,1,0],[28,43,159]]
[[0,0,0],[1,0,0],[0,1,0],[46,115,159]]
[[0,0,0],[1,0,0],[0,1,0],[66,121,159]]
[[0,0,0],[1,0,0],[0,1,0],[2,131,159]]
[[0,0,0],[1,0,0],[0,1,0],[11,19,159]]
[[0,0,0],[1,0,0],[0,1,0],[15,22,159]]
[[0,0,0],[1,0,0],[0,1,0],[3,31,159]]
[[0,0,0],[1,0,0],[0,1,0],[14,137,159]]
[[0,0,0],[1,0,0],[0,1,0],[3,61,159]]
[[0,0,0],[1,0,0],[0,1,0],[23,89,159]]
[[0,0,0],[1,0,0],[0,1,0],[126,52,159]]
[[0,0,0],[1,0,0],[0,1,0],[6,133,159]]
[[0,0,0],[1,0,0],[0,1,0],[72,141,159]]
[[0,0,0],[1,0,0],[0,1,0],[12,127,159]]
[[0,0,0],[1,0,0],[0,1,0],[4,46,159]]
[[0,0,0],[1,0,0],[0,1,0],[39,67,159]]
[[0,0,0],[1,0,0],[0,1,0],[5,55,159]]
[[0,0,0],[1,0,0],[0,1,0],[57,50,159]]
[[0,0,0],[1,0,0],[0,1,0],[13,152,159]]
[[0,0,0],[1,0,0],[0,1,0],[5,64,159]]
[[0,0,0],[1,0,0],[0,1,0],[72,7,159]]
[[0,0,0],[1,0,0],[0,1,0],[11,31,159]]
[[0,0,0],[1,0,0],[0,1,0],[17,26,159]]
[[0,0,0],[1,0,0],[0,1,0],[72,136,159]]
[[0,0,0],[1,0,0],[0,1,0],[99,97,159]]
[[0,0,0],[1,0,0],[0,1,0],[75,138,159]]
[[0,0,0],[1,0,0],[0,1,0],[56,140,159]]
[[0,0,0],[1,0,0],[0,1,0],[2,101,159]]
[[0,0,0],[1,0,0],[0,1,0],[5,83,159]]
[[0,0,0],[1,0,0],[0,1,0],[6,112,159]]
[[0,0,0],[1,0,0],[0,1,0],[8,26,159]]
[[0,0,0],[1,0,0],[0,1,0],[12,154,159]]
[[0,0,0],[1,0,0],[0,1,0],[65,101,159]]
[[0,0,0],[1,0,0],[0,1,0],[75,109,159]]
[[0,0,0],[1,0,0],[0,1,0],[38,137,159]]
[[0,0,0],[1,0,0],[0,1,0],[38,47,159]]
[[0,0,0],[1,0,0],[0,1,0],[5,22,159]]
[[0,0,0],[1,0,0],[0,1,0],[2,43,159]]
[[0,0,0],[1,0,0],[0,1,0],[2,107,159]]
[[0,0,0],[1,0,0],[0,1,0],[8,13,159]]
[[0,0,0],[1,0,0],[0,1,0],[48,139,159]]
[[0,0,0],[1,0,0],[0,1,0],[9,151,159]]
[[0,0,0],[1,0,0],[0,1,0],[61,122,159]]
[[0,0,0],[1,0,0],[0,1,0],[2,14,159]]
[[0,0,0],[1,0,0],[0,1,0],[3,157,159]]
[[0,0,0],[1,0,0],[0,1,0],[84,88,159]]
[[0,0,0],[1,0,0],[0,1,0],[2,35,159]]
[[0,0,0],[1,0,0],[0,1,0],[9,52,159]]
[[0,0,0],[1,0,0],[0,1,0],[38,86,159]]
[[0,0,0],[1,0,0],[0,1,0],[8,113,159]]
[[0,0,0],[1,0,0],[0,1,0],[18,79,159]]
[[0,0,0],[1,0,0],[0,1,0],[10,10,159]]
[[0,0,0],[1,0,0],[0,1,0],[37,47,159]]
[[0,0,0],[1,0,0],[0,1,0],[35,101,159]]
[[0,0,0],[1,0,0],[0,1,0],[9,154,159]]
[[0,0,0],[1,0,0],[0,1,0],[4,25,159]]
[[0,0,0],[1,0,0],[0,1,0],[102,70,159]]
[[0,0,0],[1,0,0],[0,1,0],[3,43,159]]
[[0,0,0],[1,0,0],[0,1,0],[33,76,159]]
[[0,0,0],[1,0,0],[0,1,0],[57,136,159]]
[[0,0,0],[1,0,0],[0,1,0],[3,40,159]]
[[0,0,0],[1,0,0],[0,1,0],[27,46,159]]
[[0,0,0],[1,0,0],[0,1,0],[48,46,159]]
[[0,0,0],[1,0,0],[0,1,0],[41,55,159]]
[[0,0,0],[1,0,0],[0,1,0],[126,37,159]]
[[0,0,0],[1,0,0],[0,1,0],[123,73,159]]
[[0,0,0],[1,0,0],[0,1,0],[7,71,159]]
[[0,0,0],[1,0,0],[0,1,0],[158,158,159]]
[[0,0,0],[1,0,0],[0,1,0],[2,122,159]]
[[0,0,0],[1,0,0],[0,1,0],[51,1,159]]
[[0,0,0],[1,0,0],[0,1,0],[15,37,159]]
[[0,0,0],[1,0,0],[0,1,0],[81,157,159]]
[[0,0,0],[1,0,0],[0,1,0],[65,98,159]]
[[0,0,0],[1,0,0],[0,1,0],[2,10,159]]
[[0,0,0],[1,0,0],[0,1,0],[41,68,159]]
[[0,0,0],[1,0,0],[0,1,0],[3,133,159]]
[[0,0,0],[1,0,0],[0,1,0],[33,13,159]]
[[0,0,0],[1,0,0],[0,1,0],[45,70,159]]
[[0,0,0],[1,0,0],[0,1,0],[44,86,159]]
[[0,0,0],[1,0,0],[0,1,0],[7,28,159]]
[[0,0,0],[1,0,0],[0,1,0],[22,56,159]]
[[0,0,0],[1,0,0],[0,1,0],[15,25,159]]
[[0,0,0],[1,0,0],[0,1,0],[57,156,159]]
[[0,0,0],[1,0,0],[0,1,0],[78,1,159]]
[[0,0,0],[1,0,0],[0,1,0],[96,97,159]]
[[0,0,0],[1,0,0],[0,1,0],[11,11,159]]
[[0,0,0],[1,0,0],[0,1,0],[7,56,159]]
[[0,0,0],[1,0,0],[0,1,0],[27,80,159]]
[[0,0,0],[1,0,0],[0,1,0],[6,70,159]]
[[0,0,0],[1,0,0],[0,1,0],[111,52,159]]
[[0,0,0],[1,0,0],[0,1,0],[2,134,159]]
[[0,0,0],[1,0,0],[0,1,0],[5,158,159]]
[[0,0,0],[1,0,0],[0,1,0],[9,157,159]]
[[0,0,0],[1,0,0],[0,1,0],[5,122,159]]
[[0,0,0],[1,0,0],[0,1,0],[60,10,159]]
[[0,0,0],[1,0,0],[0,1,0],[63,136,159]]
[[0,0,0],[1,0,0],[0,1,0],[9,40,159]]
[[0,0,0],[1,0,0],[0,1,0],[27,1,159]]
[[0,0,0],[1,0,0],[0,1,0],[21,61,159]]
[[0,0,0],[1,0,0],[0,1,0],[22,31,159]]
[[0,0,0],[1,0,0],[0,1,0],[48,31,159]]
[[0,0,0],[1,0,0],[0,1,0],[18,118,159]]
[[0,0,0],[1,0,0],[0,1,0],[39,1,159]]
[[0,0,0],[1,0,0],[0,1,0],[5,110,159]]
[[0,0,0],[1,0,0],[0,1,0],[15,52,159]]
[[0,0,0],[1,0,0],[0,1,0],[3,73,159]]
[[0,0,0],[1,0,0],[0,1,0],[78,154,159]]
[[0,0,0],[1,0,0],[0,1,0],[87,115,159]]
[[0,0,0],[1,0,0],[0,1,0],[8,73,159]]
[[0,0,0],[1,0,0],[0,1,0],[12,40,159]]
[[0,0,0],[1,0,0],[0,1,0],[9,28,159]]
[[0,0,0],[1,0,0],[0,1,0],[12,7,159]]
[[0,0,0],[1,0,0],[0,1,0],[38,134,159]]
[[0,0,0],[1,0,0],[0,1,0],[14,143,159]]
[[0,0,0],[1,0,0],[0,1,0],[8,43,159]]
[[0,0,0],[1,0,0],[0,1,0],[93,88,159]]
[[0,0,0],[1,0,0],[0,1,0],[4,70,159]]
[[0,0,0],[1,0,0],[0,1,0],[3,145,159]]
[[0,0,0],[1,0,0],[0,1,0],[10,35,159]]
[[0,0,0],[1,0,0],[0,1,0],[11,113,159]]
[[0,0,0],[1,0,0],[0,1,0],[36,58,159]]
[[0,0,0],[1,0,0],[0,1,0],[1,35,159]]
[[0,0,0],[1,0,0],[0,1,0],[7,14,159]]
[[0,0,0],[1,0,0],[0,1,0],[65,158,159]]
[[0,0,0],[1,0,0],[0,1,0],[3,19,159]]
[[0,0,0],[1,0,0],[0,1,0],[12,67,159]]
[[0,0,0],[1,0,0],[0,1,0],[27,27,159]]
[[0,0,0],[1,0,0],[0,1,0],[7,43,159]]
[[0,0,0],[1,0,0],[0,1,0],[8,131,159]]
[[0,0,0],[1,0,0],[0,1,0],[35,136,159]]
[[0,0,0],[1,0,0],[0,1,0],[18,85,159]]
[[0,0,0],[1,0,0],[0,1,0],[38,152,159]]
[[0,0,0],[1,0,0],[0,1,0],[69,103,159]]
[[0,0,0],[1,0,0],[0,1,0],[2,76,159]]
[[0,0,0],[1,0,0],[0,1,0],[86,158,159]]
[[0,0,0],[1,0,0],[0,1,0],[53,54,159]]
[[0,0,0],[1,0,0],[0,1,0],[24,103,159]]
[[0,0,0],[1,0,0],[0,1,0],[107,107,159]]
[[0,0,0],[1,0,0],[0,1,0],[13,34,159]]
[[0,0,0],[1,0,0],[0,1,0],[59,140,159]]
[[0,0,0],[1,0,0],[0,1,0],[39,64,159]]
[[0,0,0],[1,0,0],[0,1,0],[6,101,159]]
[[0,0,0],[1,0,0],[0,1,0],[38,74,159]]
[[0,0,0],[1,0,0],[0,1,0],[41,41,159]]
[[0,0,0],[1,0,0],[0,1,0],[17,70,159]]
[[0,0,0],[1,0,0],[0,1,0],[84,136,159]]
[[0,0,0],[1,0,0],[0,1,0],[38,155,159]]
[[0,0,0],[1,0,0],[0,1,0],[33,46,159]]
[[0,0,0],[1,0,0],[0,1,0],[56,65,159]]
[[0,0,0],[1,0,0],[0,1,0],[3,7,159]]
[[0,0,0],[1,0,0],[0,1,0],[1,61,159]]
[[0,0,0],[1,0,0],[0,1,0],[26,140,159]]
[[0,0,0],[1,0,0],[0,1,0],[44,134,159]]
[[0,0,0],[1,0,0],[0,1,0],[6,61,159]]
[[0,0,0],[1,0,0],[0,1,0],[19,31,159]]
[[0,0,0],[1,0,0],[0,1,0],[14,110,159]]
[[0,0,0],[1,0,0],[0,1,0],[11,107,159]]
[[0,0,0],[1,0,0],[0,1,0],[36,124,159]]
[[0,0,0],[1,0,0],[0,1,0],[4,52,159]]
[[0,0,0],[1,0,0],[0,1,0],[86,127,159]]
[[0,0,0],[1,0,0],[0,1,0],[51,151,159]]
[[0,0,0],[1,0,0],[0,1,0],[42,19,159]]
[[0,0,0],[1,0,0],[0,1,0],[57,154,159]]
[[0,0,0],[1,0,0],[0,1,0],[60,25,159]]
[[0,0,0],[1,0,0],[0,1,0],[27,94,159]]
[[0,0,0],[1,0,0],[0,1,0],[57,46,159]]
[[0,0,0],[1,0,0],[0,1,0],[63,124,159]]
[[0,0,0],[1,0,0],[0,1,0],[10,50,159]]
[[0,0,0],[1,0,0],[0,1,0],[55,158,159]]
[[0,0,0],[1,0,0],[0,1,0],[114,52,159]]
[[0,0,0],[1,0,0],[0,1,0],[23,110,159]]
[[0,0,0],[1,0,0],[0,1,0],[17,116,159]]
[[0,0,0],[1,0,0],[0,1,0],[44,89,159]]
[[0,0,0],[1,0,0],[0,1,0],[39,13,159]]
[[0,0,0],[1,0,0],[0,1,0],[12,148,159]]
[[0,0,0],[1,0,0],[0,1,0],[27,76,159]]
[[0,0,0],[1,0,0],[0,1,0],[5,19,159]]
[[0,0,0],[1,0,0],[0,1,0],[11,47,159]]
[[0,0,0],[1,0,0],[0,1,0],[5,43,159]]
[[0,0,0],[1,0,0],[0,1,0],[5,157,159]]
[[0,0,0],[1,0,0],[0,1,0],[24,154,159]]
[[0,0,0],[1,0,0],[0,1,0],[13,43,159]]
[[0,0,0],[1,0,0],[0,1,0],[45,31,159]]
[[0,0,0],[1,0,0],[0,1,0],[2,32,159]]
[[0,0,0],[1,0,0],[0,1,0],[26,74,159]]
[[0,0,0],[1,0,0],[0,1,0],[8,104,159]]
[[0,0,0],[1,0,0],[0,1,0],[8,125,159]]
[[0,0,0],[1,0,0],[0,1,0],[6,4,159]]
[[0,0,0],[1,0,0],[0,1,0],[78,112,159]]
[[0,0,0],[1,0,0],[0,1,0],[21,97,159]]
[[0,0,0],[1,0,0],[0,1,0],[42,121,159]]
[[0,0,0],[1,0,0],[0,1,0],[60,7,159]]
[[0,0,0],[1,0,0],[0,1,0],[41,74,159]]
[[0,0,0],[1,0,0],[0,1,0],[5,41,159]]
[[0,0,0],[1,0,0],[0,1,0],[36,1,159]]
[[0,0,0],[1,0,0],[0,1,0],[66,94,159]]
[[0,0,0],[1,0,0],[0,1,0],[10,23,159]]
[[0,0,0],[1,0,0],[0,1,0],[11,52,159]]
[[0,0,0],[1,0,0],[0,1,0],[54,1,159]]
[[0,0,0],[1,0,0],[0,1,0],[30,79,159]]
[[0,0,0],[1,0,0],[0,1,0],[34,130,159]]
[[0,0,0],[1,0,0],[0,1,0],[31,134,159]]
[[0,0,0],[1,0,0],[0,1,0],[17,77,159]]
[[0,0,0],[1,0,0],[0,1,0],[35,56,159]]
[[0,0,0],[1,0,0],[0,1,0],[4,10,159]]
[[0,0,0],[1,0,0],[0,1,0],[51,7,159]]
[[0,0,0],[1,0,0],[0,1,0],[68,134,159]]
[[0,0,0],[1,0,0],[0,1,0],[9,85,159]]
[[0,0,0],[1,0,0],[0,1,0],[60,115,159]]
[[0,0,0],[1,0,0],[0,1,0],[39,37,159]]
[[0,0,0],[1,0,0],[0,1,0],[19,34,159]]
[[0,0,0],[1,0,0],[0,1,0],[75,148,159]]
[[0,0,0],[1,0,0],[0,1,0],[77,134,159]]
[[0,0,0],[1,0,0],[0,1,0],[42,70,159]]
[[0,0,0],[1,0,0],[0,1,0],[7,25,159]]
[[0,0,0],[1,0,0],[0,1,0],[6,103,159]]
[[0,0,0],[1,0,0],[0,1,0],[4,23,159]]
[[0,0,0],[1,0,0],[0,1,0],[12,55,159]]
[[0,0,0],[1,0,0],[0,1,0],[27,10,159]]
[[0,0,0],[1,0,0],[0,1,0],[4,44,159]]
[[0,0,0],[1,0,0],[0,1,0],[51,136,159]]
[[0,0,0],[1,0,0],[0,1,0],[7,7,159]]
[[0,0,0],[1,0,0],[0,1,0],[36,28,159]]
[[0,0,0],[1,0,0],[0,1,0],[2,119,159]]
[[0,0,0],[1,0,0],[0,1,0],[93,67,159]]
[[0,0,0],[1,0,0],[0,1,0],[24,145,159]]
[[0,0,0],[1,0,0],[0,1,0],[3,115,159]]
[[0,0,0],[1,0,0],[0,1,0],[27,28,159]]
[[0,0,0],[1,0,0],[0,1,0],[24,88,159]]
[[0,0,0],[1,0,0],[0,1,0],[4,61,159]]
[[0,0,0],[1,0,0],[0,1,0],[35,137,159]]
[[0,0,0],[1,0,0],[0,1,0],[59,77,159]]
[[0,0,0],[1,0,0],[0,1,0],[38,119,159]]
[[0,0,0],[1,0,0],[0,1,0],[23,50,159]]
[[0,0,0],[1,0,0],[0,1,0],[17,134,159]]
[[0,0,0],[1,0,0],[0,1,0],[75,124,159]]
[[0,0,0],[1,0,0],[0,1,0],[21,52,159]]
[[0,0,0],[1,0,0],[0,1,0],[24,148,159]]
[[0,0,0],[1,0,0],[0,1,0],[57,148,159]]
[[0,0,0],[1,0,0],[0,1,0],[57,16,159]]
[[0,0,0],[1,0,0],[0,1,0],[8,71,159]]
[[0,0,0],[1,0,0],[0,1,0],[44,122,159]]
[[0,0,0],[1,0,0],[0,1,0],[13,46,159]]
[[0,0,0],[1,0,0],[0,1,0],[106,54,159]]
[[0,0,0],[1,0,0],[0,1,0],[54,139,159]]
[[0,0,0],[1,0,0],[0,1,0],[24,61,159]]
[[0,0,0],[1,0,0],[0,1,0],[18,31,159]]
[[0,0,0],[1,0,0],[0,1,0],[61,112,159]]
[[0,0,0],[1,0,0],[0,1,0],[65,119,159]]
[[0,0,0],[1,0,0],[0,1,0],[63,142,159]]
[[0,0,0],[1,0,0],[0,1,0],[65,149,159]]
[[0,0,0],[1,0,0],[0,1,0],[9,88,159]]
[[0,0,0],[1,0,0],[0,1,0],[11,110,159]]
[[0,0,0],[1,0,0],[0,1,0],[56,95,159]]
[[0,0,0],[1,0,0],[0,1,0],[11,61,159]]
[[0,0,0],[1,0,0],[0,1,0],[17,86,159]]
[[0,0,0],[1,0,0],[0,1,0],[111,155,159]]
[[0,0,0],[1,0,0],[0,1,0],[18,142,159]]
[[0,0,0],[1,0,0],[0,1,0],[7,70,159]]
[[0,0,0],[1,0,0],[0,1,0],[1,19,159]]
[[0,0,0],[1,0,0],[0,1,0],[10,25,159]]
[[0,0,0],[1,0,0],[0,1,0],[2,11,159]]
[[0,0,0],[1,0,0],[0,1,0],[6,73,159]]
[[0,0,0],[1,0,0],[0,1,0],[5,71,159]]
[[0,0,0],[1,0,0],[0,1,0],[10,17,159]]
[[0,0,0],[1,0,0],[0,1,0],[4,59,159]]
[[0,0,0],[1,0,0],[0,1,0],[2,73,159]]
[[0,0,0],[1,0,0],[0,1,0],[5,49,159]]
[[0,0,0],[1,0,0],[0,1,0],[10,62,159]]
[[0,0,0],[1,0,0],[0,1,0],[69,38,159]]
[[0,0,0],[1,0,0],[0,1,0],[17,140,159]]
[[0,0,0],[1,0,0],[0,1,0],[38,116,159]]
[[0,0,0],[1,0,0],[0,1,0],[143,158,159]]
[[0,0,0],[1,0,0],[0,1,0],[8,50,159]]
[[0,0,0],[1,0,0],[0,1,0],[14,92,159]]
[[0,0,0],[1,0,0],[0,1,0],[89,89,159]]
[[0,0,0],[1,0,0],[0,1,0],[15,55,159]]
[[0,0,0],[1,0,0],[0,1,0],[18,4,159]]
[[0,0,0],[1,0,0],[0,1,0],[56,77,159]]
[[0,0,0],[1,0,0],[0,1,0],[9,19,159]]
[[0,0,0],[1,0,0],[0,1,0],[54,37,159]]
[[0,0,0],[1,0,0],[0,1,0],[18,55,159]]
[[0,0,0],[1,0,0],[0,1,0],[36,151,159]]
[[0,0,0],[1,0,0],[0,1,0],[9,13,159]]
[[0,0,0],[1,0,0],[0,1,0],[8,83,159]]
[[0,0,0],[1,0,0],[0,1,0],[5,28,159]]
[[0,0,0],[1,0,0],[0,1,0],[4,14,159]]
[[0,0,0],[1,0,0],[0,1,0],[3,151,159]]
[[0,0,0],[1,0,0],[0,1,0],[60,124,159]]
[[0,0,0],[1,0,0],[0,1,0],[24,94,159]]
[[0,0,0],[1,0,0],[0,1,0],[5,101,159]]
[[0,0,0],[1,0,0],[0,1,0],[17,155,159]]
[[0,0,0],[1,0,0],[0,1,0],[3,127,159]]
[[0,0,0],[1,0,0],[0,1,0],[15,1,159]]
[[0,0,0],[1,0,0],[0,1,0],[66,1,159]]
[[0,0,0],[1,0,0],[0,1,0],[23,56,159]]
[[0,0,0],[1,0,0],[0,1,0],[3,118,159]]
[[0,0,0],[1,0,0],[0,1,0],[7,154,159]]
[[0,0,0],[1,0,0],[0,1,0],[9,118,159]]
[[0,0,0],[1,0,0],[0,1,0],[30,151,159]]
[[0,0,0],[1,0,0],[0,1,0],[35,65,159]]
[[0,0,0],[1,0,0],[0,1,0],[87,94,159]]
[[0,0,0],[1,0,0],[0,1,0],[5,52,159]]
[[0,0,0],[1,0,0],[0,1,0],[10,151,159]]
[[0,0,0],[1,0,0],[0,1,0],[24,46,159]]
[[0,0,0],[1,0,0],[0,1,0],[33,22,159]]
[[0,0,0],[1,0,0],[0,1,0],[42,67,159]]
[[0,0,0],[1,0,0],[0,1,0],[10,37,159]]
[[0,0,0],[1,0,0],[0,1,0],[11,155,159]]
[[0,0,0],[1,0,0],[0,1,0],[74,98,159]]
[[0,0,0],[1,0,0],[0,1,0],[114,91,159]]
[[0,0,0],[1,0,0],[0,1,0],[21,13,159]]
[[0,0,0],[1,0,0],[0,1,0],[11,131,159]]
[[0,0,0],[1,0,0],[0,1,0],[51,52,159]]
[[0,0,0],[1,0,0],[0,1,0],[24,1,159]]
[[0,0,0],[1,0,0],[0,1,0],[60,22,159]]
[[0,0,0],[1,0,0],[0,1,0],[22,41,159]]
[[0,0,0],[1,0,0],[0,1,0],[4,103,159]]
[[0,0,0],[1,0,0],[0,1,0],[36,88,159]]
[[0,0,0],[1,0,0],[0,1,0],[9,139,159]]
[[0,0,0],[1,0,0],[0,1,0],[68,149,159]]
[[0,0,0],[1,0,0],[0,1,0],[8,38,159]]
[[0,0,0],[1,0,0],[0,1,0],[2,25,159]]
[[0,0,0],[1,0,0],[0,1,0],[2,95,159]]
[[0,0,0],[1,0,0],[0,1,0],[5,58,159]]
[[0,0,0],[1,0,0],[0,1,0],[2,7,159]]
[[0,0,0],[1,0,0],[0,1,0],[26,65,159]]
[[0,0,0],[1,0,0],[0,1,0],[2,19,159]]
[[0,0,0],[1,0,0],[0,1,0],[17,98,159]]
[[0,0,0],[1,0,0],[0,1,0],[4,55,159]]
[[0,0,0],[1,0,0],[0,1,0],[72,4,159]]
[[0,0,0],[1,0,0],[0,1,0],[36,10,159]]
[[0,0,0],[1,0,0],[0,1,0],[12,88,159]]
[[0,0,0],[1,0,0],[0,1,0],[5,92,159]]
[[0,0,0],[1,0,0],[0,1,0],[8,74,159]]
[[0,0,0],[1,0,0],[0,1,0],[54,52,159]]
[[0,0,0],[1,0,0],[0,1,0],[8,86,159]]
[[0,0,0],[1,0,0],[0,1,0],[30,7,159]]
[[0,0,0],[1,0,0],[0,1,0],[19,43,159]]
[[0,0,0],[1,0,0],[0,1,0],[12,118,159]]
[[0,0,0],[1,0,0],[0,1,0],[36,136,159]]
[[0,0,0],[1,0,0],[0,1,0],[33,94,159]]
[[0,0,0],[1,0,0],[0,1,0],[18,7,159]]
[[0,0,0],[1,0,0],[0,1,0],[119,119,159]]
[[0,0,0],[1,0,0],[0,1,0],[30,136,159]]
[[0,0,0],[1,0,0],[0,1,0],[9,136,159]]
[[0,0,0],[1,0,0],[0,1,0],[41,110,159]]
[[0,0,0],[1,0,0],[0,1,0],[119,149,159]]
[[0,0,0],[1,0,0],[0,1,0],[21,7,159]]
[[0,0,0],[1,0,0],[0,1,0],[31,76,159]]
[[0,0,0],[1,0,0],[0,1,0],[54,10,159]]
[[0,0,0],[1,0,0],[0,1,0],[45,151,159]]
[[0,0,0],[1,0,0],[0,1,0],[8,35,159]]
[[0,0,0],[1,0,0],[0,1,0],[13,35,159]]
[[0,0,0],[1,0,0],[0,1,0],[42,7,159]]
[[0,0,0],[1,0,0],[0,1,0],[18,145,159]]
[[0,0,0],[1,0,0],[0,1,0],[38,89,159]]
[[0,0,0],[1,0,0],[0,1,0],[66,109,159]]
[[0,0,0],[1,0,0],[0,1,0],[41,65,159]]
[[0,0,0],[1,0,0],[0,1,0],[63,150,159]]
[[0,0,0],[1,0,0],[0,1,0],[60,153,159]]
[[0,0,0],[1,0,0],[0,1,0],[23,116,159]]
[[0,0,0],[1,0,0],[0,1,0],[4,26,159]]
[[0,0,0],[1,0,0],[0,1,0],[8,17,159]]
[[0,0,0],[1,0,0],[0,1,0],[30,70,159]]
[[0,0,0],[1,0,0],[0,1,0],[27,16,159]]
[[0,0,0],[1,0,0],[0,1,0],[15,19,159]]
[[0,0,0],[1,0,0],[0,1,0],[77,143,159]]
[[0,0,0],[1,0,0],[0,1,0],[5,65,159]]
[[0,0,0],[1,0,0],[0,1,0],[14,59,159]]
[[0,0,0],[1,0,0],[0,1,0],[17,31,159]]
[[0,0,0],[1,0,0],[0,1,0],[90,70,159]]
[[0,0,0],[1,0,0],[0,1,0],[21,148,159]]
[[0,0,0],[1,0,0],[0,1,0],[9,1,159]]
[[0,0,0],[1,0,0],[0,1,0],[5,86,159]]
[[0,0,0],[1,0,0],[0,1,0],[105,61,159]]
[[0,0,0],[1,0,0],[0,1,0],[12,64,159]]
[[0,0,0],[1,0,0],[0,1,0],[9,70,159]]
[[0,0,0],[1,0,0],[0,1,0],[63,115,159]]
[[0,0,0],[1,0,0],[0,1,0],[5,76,159]]
[[0,0,0],[1,0,0],[0,1,0],[33,55,159]]
[[0,0,0],[1,0,0],[0,1,0],[1,1,159]]
[[0,0,0],[1,0,0],[0,1,0],[6,43,159]]
[[0,0,0],[1,0,0],[0,1,0],[27,145,159]]
[[0,0,0],[1,0,0],[0,1,0],[3,37,159]]
[[0,0,0],[1,0,0],[0,1,0],[1,56,159]]
[[0,0,0],[1,0,0],[0,1,0],[56,158,159]]
[[0,0,0],[1,0,0],[0,1,0],[9,79,159]]
[[0,0,0],[1,0,0],[0,1,0],[15,31,159]]
[[0,0,0],[1,0,0],[0,1,0],[2,56,159]]
[[0,0,0],[1,0,0],[0,1,0],[69,144,159]]
[[0,0,0],[1,0,0],[0,1,0],[48,127,159]]
[[0,0,0],[1,0,0],[0,1,0],[21,25,159]]
[[0,0,0],[1,0,0],[0,1,0],[6,136,159]]
[[0,0,0],[1,0,0],[0,1,0],[13,65,159]]
[[0,0,0],[1,0,0],[0,1,0],[5,46,159]]
[[0,0,0],[1,0,0],[0,1,0],[59,68,159]]
[[0,0,0],[1,0,0],[0,1,0],[8,98,159]]
[[0,0,0],[1,0,0],[0,1,0],[15,46,159]]
[[0,0,0],[1,0,0],[0,1,0],[74,134,159]]
[[0,0,0],[1,0,0],[0,1,0],[35,71,159]]
[[0,0,0],[1,0,0],[0,1,0],[12,121,159]]
[[0,0,0],[1,0,0],[0,1,0],[4,50,159]]
[[0,0,0],[1,0,0],[0,1,0],[36,22,159]]
[[0,0,0],[1,0,0],[0,1,0],[5,8,159]]
[[0,0,0],[1,0,0],[0,1,0],[15,79,159]]
[[0,0,0],[1,0,0],[0,1,0],[4,56,159]]
[[0,0,0],[1,0,0],[0,1,0],[4,7,159]]
[[0,0,0],[1,0,0],[0,1,0],[72,1,159]]
[[0,0,0],[1,0,0],[0,1,0],[57,103,159]]
[[0,0,0],[1,0,0],[0,1,0],[26,149,159]]
[[0,0,0],[1,0,0],[0,1,0],[30,52,159]]
[[0,0,0],[1,0,0],[0,1,0],[75,157,159]]
[[0,0,0],[1,0,0],[0,1,0],[54,109,159]]
[[0,0,0],[1,0,0],[0,1,0],[5,29,159]]
[[0,0,0],[1,0,0],[0,1,0],[10,46,159]]
[[0,0,0],[1,0,0],[0,1,0],[31,34,159]]
[[0,0,0],[1,0,0],[0,1,0],[41,146,159]]
[[0,0,0],[1,0,0],[0,1,0],[41,86,159]]
[[0,0,0],[1,0,0],[0,1,0],[4,32,159]]
[[0,0,0],[1,0,0],[0,1,0],[107,119,159]]
[[0,0,0],[1,0,0],[0,1,0],[25,137,159]]
[[0,0,0],[1,0,0],[0,1,0],[21,37,159]]
[[0,0,0],[1,0,0],[0,1,0],[35,47,159]]
[[0,0,0],[1,0,0],[0,1,0],[4,17,159]]
[[0,0,0],[1,0,0],[0,1,0],[17,158,159]]
[[0,0,0],[1,0,0],[0,1,0],[4,13,159]]
[[0,0,0],[1,0,0],[0,1,0],[44,146,159]]
[[0,0,0],[1,0,0],[0,1,0],[5,59,159]]
[[0,0,0],[1,0,0],[0,1,0],[7,17,159]]
[[0,0,0],[1,0,0],[0,1,0],[8,37,159]]
[[0,0,0],[1,0,0],[0,1,0],[33,49,159]]
[[0,0,0],[1,0,0],[0,1,0],[2,77,159]]
[[0,0,0],[1,0,0],[0,1,0],[60,19,159]]
[[0,0,0],[1,0,0],[0,1,0],[1,26,159]]
[[0,0,0],[1,0,0],[0,1,0],[65,92,159]]
[[0,0,0],[1,0,0],[0,1,0],[4,58,159]]
[[0,0,0],[1,0,0],[0,1,0],[12,1,159]]
[[0,0,0],[1,0,0],[0,1,0],[18,36,159]]
[[0,0,0],[1,0,0],[0,1,0],[8,140,159]]
[[0,0,0],[1,0,0],[0,1,0],[38,130,159]]
[[0,0,0],[1,0,0],[0,1,0],[11,43,159]]
[[0,0,0],[1,0,0],[0,1,0],[36,70,159]]
[[0,0,0],[1,0,0],[0,1,0],[61,101,159]]
[[0,0,0],[1,0,0],[0,1,0],[12,133,159]]
[[0,0,0],[1,0,0],[0,1,0],[6,88,159]]
[[0,0,0],[1,0,0],[0,1,0],[4,37,159]]
[[0,0,0],[1,0,0],[0,1,0],[54,127,159]]
[[0,0,0],[1,0,0],[0,1,0],[22,28,159]]
[[0,0,0],[1,0,0],[0,1,0],[33,139,159]]
[[0,0,0],[1,0,0],[0,1,0],[14,50,159]]
[[0,0,0],[1,0,0],[0,1,0],[3,70,159]]
[[0,0,0],[1,0,0],[0,1,0],[3,25,159]]
[[0,0,0],[1,0,0],[0,1,0],[57,40,159]]
[[0,0,0],[1,0,0],[0,1,0],[1,5,159]]
[[0,0,0],[1,0,0],[0,1,0],[2,89,159]]
[[0,0,0],[1,0,0],[0,1,0],[1,52,159]]
[[0,0,0],[1,0,0],[0,1,0],[11,35,159]]
[[0,0,0],[1,0,0],[0,1,0],[39,79,159]]
[[0,0,0],[1,0,0],[0,1,0],[8,101,159]]
[[0,0,0],[1,0,0],[0,1,0],[74,139,159]]
[[0,0,0],[1,0,0],[0,1,0],[2,158,159]]
[[0,0,0],[3,0,0],[0,1,0],[0,1,53]]
[[0,0,0],[1,0,0],[0,1,0],[24,112,159]]
[[0,0,0],[1,0,0],[0,1,0],[41,143,159]]
[[0,0,0],[1,0,0],[0,1,0],[2,13,159]]
[[0,0,0],[1,0,0],[0,1,0],[12,112,159]]
[[0,0,0],[1,0,0],[0,1,0],[72,124,159]]
[[0,0,0],[1,0,0],[0,1,0],[12,58,159]]
[[0,0,0],[1,0,0],[0,1,0],[21,79,159]]
[[0,0,0],[1,0,0],[0,1,0],[6,7,159]]
[[0,0,0],[1,0,0],[0,1,0],[14,41,159]]
[[0,0,0],[1,0,0],[0,1,0],[30,31,159]]
[[0,0,0],[1,0,0],[0,1,0],[4,43,159]]
[[0,0,0],[1,0,0],[0,1,0],[35,68,159]]
[[0,0,0],[1,0,0],[0,1,0],[18,148,159]]
[[0,0,0],[1,0,0],[0,1,0],[27,31,159]]
[[0,0,0],[1,0,0],[0,1,0],[42,127,159]]
[[0,0,0],[1,0,0],[0,1,0],[26,47,159]]
[[0,0,0],[1,0,0],[0,1,0],[14,25,159]]
[[0,0,0],[1,0,0],[0,1,0],[17,47,159]]
[[0,0,0],[1,0,0],[0,1,0],[14,28,159]]
[[0,0,0],[1,0,0],[0,1,0],[33,52,159]]
[[0,0,0],[1,0,0],[0,1,0],[13,70,159]]
[[0,0,0],[1,0,0],[0,1,0],[23,98,159]]
[[0,0,0],[1,0,0],[0,1,0],[69,7,159]]
[[0,0,0],[1,0,0],[0,1,0],[59,155,159]]
[[0,0,0],[1,0,0],[0,1,0],[23,77,159]]
[[0,0,0],[1,0,0],[0,1,0],[44,143,159]]
[[0,0,0],[1,0,0],[0,1,0],[24,52,159]]
[[0,0,0],[1,0,0],[0,1,0],[110,143,159]]
[[0,0,0],[1,0,0],[0,1,0],[15,34,159]]
[[0,0,0],[1,0,0],[0,1,0],[15,85,159]]
[[0,0,0],[1,0,0],[0,1,0],[87,76,159]]
[[0,0,0],[1,0,0],[0,1,0],[2,2,159]]
[[0,0,0],[1,0,0],[0,1,0],[31,31,159]]
[[0,0,0],[1,0,0],[0,1,0],[11,151,159]]
[[0,0,0],[1,0,0],[0,1,0],[7,155,159]]
[[0,0,0],[1,0,0],[0,1,0],[21,19,159]]
[[0,0,0],[1,0,0],[0,1,0],[15,61,159]]
[[0,0,0],[1,0,0],[0,1,0],[19,47,159]]
[[0,0,0],[1,0,0],[0,1,0],[54,34,159]]
[[0,0,0],[1,0,0],[0,1,0],[6,34,159]]
[[0,0,0],[1,0,0],[0,1,0],[23,119,159]]
[[0,0,0],[1,0,0],[0,1,0],[10,65,159]]
[[0,0,0],[1,0,0],[0,1,0],[2,71,159]]
[[0,0,0],[1,0,0],[0,1,0],[9,100,159]]
[[0,0,0],[1,0,0],[0,1,0],[60,28,159]]
[[0,0,0],[1,0,0],[0,1,0],[19,22,159]]
[[0,0,0],[1,0,0],[0,1,0],[2,86,159]]
[[0,0,0],[1,0,0],[0,1,0],[9,142,159]]
[[0,0,0],[1,0,0],[0,1,0],[116,116,159]]
[[0,0,0],[1,0,0],[0,1,0],[11,25,159]]
[[0,0,0],[1,0,0],[0,1,0],[10,43,159]]
[[0,0,0],[1,0,0],[0,1,0],[13,64,159]]
[[0,0,0],[1,0,0],[0,1,0],[6,19,159]]
[[0,0,0],[1,0,0],[0,1,0],[69,157,159]]
[[0,0,0],[1,0,0],[0,1,0],[4,68,159]]
[[0,0,0],[1,0,0],[0,1,0],[63,148,159]]
[[0,0,0],[1,0,0],[0,1,0],[4,41,159]]
[[0,0,0],[1,0,0],[0,1,0],[59,137,159]]
[[0,0,0],[1,0,0],[0,1,0],[135,49,159]]
[[0,0,0],[1,0,0],[0,1,0],[14,95,159]]
[[0,0,0],[1,0,0],[0,1,0],[9,121,159]]
[[0,0,0],[1,0,0],[0,1,0],[42,65,159]]
[[0,0,0],[1,0,0],[0,1,0],[22,38,159]]
[[0,0,0],[1,0,0],[0,1,0],[15,94,159]]
[[0,0,0],[1,0,0],[0,1,0],[132,52,159]]
[[0,0,0],[1,0,0],[0,1,0],[30,49,159]]
[[0,0,0],[1,0,0],[0,1,0],[3,94,159]]
[[0,0,0],[1,0,0],[0,1,0],[9,10,159]]
[[0,0,0],[1,0,0],[0,1,0],[38,98,159]]
[[0,0,0],[1,0,0],[0,1,0],[23,92,159]]
[[0,0,0],[1,0,0],[0,1,0],[54,28,159]]
[[0,0,0],[1,0,0],[0,1,0],[12,73,159]]
[[0,0,0],[1,0,0],[0,1,0],[30,58,159]]
[[0,0,0],[1,0,0],[0,1,0],[27,55,159]]
[[0,0,0],[1,0,0],[0,1,0],[6,148,159]]
[[0,0,0],[1,0,0],[0,1,0],[35,155,159]]
[[0,0,0],[1,0,0],[0,1,0],[5,38,159]]
[[0,0,0],[1,0,0],[0,1,0],[69,19,159]]
[[0,0,0],[1,0,0],[0,1,0],[15,127,159]]
[[0,0,0],[1,0,0],[0,1,0],[2,98,159]]
[[0,0,0],[1,0,0],[0,1,0],[33,82,159]]
[[0,0,0],[1,0,0],[0,1,0],[69,100,159]]
[[0,0,0],[1,0,0],[0,1,0],[17,38,159]]
[[0,0,0],[1,0,0],[0,1,0],[7,34,159]]
[[0,0,0],[1,0,0],[0,1,0],[14,14,159]]
[[0,0,0],[1,0,0],[0,1,0],[38,41,159]]
[[0,0,0],[1,0,0],[0,1,0],[3,76,159]]
[[0,0,0],[1,0,0],[0,1,0],[61,107,159]]
[[0,0,0],[1,0,0],[0,1,0],[27,34,159]]
[[0,0,0],[1,0,0],[0,1,0],[23,140,159]]
[[0,0,0],[1,0,0],[0,1,0],[2,46,159]]
[[0,0,0],[1,0,0],[0,1,0],[24,22,159]]
[[0,0,0],[1,0,0],[0,1,0],[17,107,159]]
[[0,0,0],[1,0,0],[0,1,0],[8,56,159]]
[[0,0,0],[1,0,0],[0,1,0],[11,152,159]]
[[0,0,0],[1,0,0],[0,1,0],[34,52,159]]
[[0,0,0],[1,0,0],[0,1,0],[59,154,159]]
[[0,0,0],[1,0,0],[0,1,0],[17,19,159]]
[[0,0,0],[1,0,0],[0,1,0],[102,82,159]]
[[0,0,0],[1,0,0],[0,1,0],[9,43,159]]
[[0,0,0],[1,0,0],[0,1,0],[24,40,159]]
[[0,0,0],[1,0,0],[0,1,0],[25,46,159]]
[[0,0,0],[1,0,0],[0,1,0],[21,154,159]]
[[0,0,0],[1,0,0],[0,1,0],[5,5,159]]
[[0,0,0],[1,0,0],[0,1,0],[9,127,159]]
[[0,0,0],[1,0,0],[0,1,0],[120,146,159]]
[[0,0,0],[1,0,0],[0,1,0],[3,46,159]]
[[0,0,0],[1,0,0],[0,1,0],[44,62,159]]
[[0,0,0],[1,0,0],[0,1,0],[9,31,159]]
[[0,0,0],[1,0,0],[0,1,0],[26,137,159]]
[[0,0,0],[1,0,0],[0,1,0],[11,50,159]]
[[0,0,0],[1,0,0],[0,1,0],[44,140,159]]
[[0,0,0],[1,0,0],[0,1,0],[110,119,159]]
[[0,0,0],[1,0,0],[0,1,0],[2,41,159]]
[[0,0,0],[1,0,0],[0,1,0],[10,97,159]]
[[0,0,0],[1,0,0],[0,1,0],[3,49,159]]
[[0,0,0],[1,0,0],[0,1,0],[38,113,159]]
[[0,0,0],[1,0,0],[0,1,0],[41,71,159]]
[[0,0,0],[1,0,0],[0,1,0],[12,22,159]]
[[0,0,0],[1,0,0],[0,1,0],[8,29,159]]
[[0,0,0],[1,0,0],[0,1,0],[15,76,159]]
[[0,0,0],[1,0,0],[0,1,0],[6,142,159]]
[[0,0,0],[1,0,0],[0,1,0],[3,121,159]]
[[0,0,0],[1,0,0],[0,1,0],[4,73,159]]
[[0,0,0],[1,0,0],[0,1,0],[138,43,159]]
[[0,0,0],[1,0,0],[0,1,0],[5,116,159]]
[[0,0,0],[1,0,0],[0,1,0],[1,64,159]]
[[0,0,0],[1,0,0],[0,1,0],[6,139,159]]
[[0,0,0],[1,0,0],[0,1,0],[19,65,159]]
[[0,0,0],[1,0,0],[0,1,0],[45,62,159]]
[[0,0,0],[1,0,0],[0,1,0],[42,136,159]]
[[0,0,0],[1,0,0],[0,1,0],[2,140,159]]
[[0,0,0],[1,0,0],[0,1,0],[27,4,159]]
[[0,0,0],[1,0,0],[0,1,0],[34,44,159]]
[[0,0,0],[1,0,0],[0,1,0],[18,91,159]]
[[0,0,0],[1,0,0],[0,1,0],[56,56,159]]
[[0,0,0],[1,0,0],[0,1,0],[105,85,159]]
[[0,0,0],[1,0,0],[0,1,0],[8,107,159]]
[[0,0,0],[1,0,0],[0,1,0],[90,82,159]]
[[0,0,0],[1,0,0],[0,1,0],[6,85,159]]
[[0,0,0],[1,0,0],[0,1,0],[12,100,159]]
[[0,0,0],[1,0,0],[0,1,0],[21,100,159]]
[[0,0,0],[1,0,0],[0,1,0],[60,40,159]]
[[0,0,0],[1,0,0],[0,1,0],[2,26,159]]
[[0,0,0],[1,0,0],[0,1,0],[23,148,159]]
[[0,0,0],[1,0,0],[0,1,0],[110,158,159]]
[[0,0,0],[1,0,0],[0,1,0],[45,52,159]]
[[0,0,0],[1,0,0],[0,1,0],[45,10,159]]
[[0,0,0],[1,0,0],[0,1,0],[144,16,159]]
[[0,0,0],[1,0,0],[0,1,0],[8,41,159]]
[[0,0,0],[1,0,0],[0,1,0],[84,151,159]]
[[0,0,0],[1,0,0],[0,1,0],[96,117,159]]
[[0,0,0],[1,0,0],[0,1,0],[78,136,159]]
[[0,0,0],[1,0,0],[0,1,0],[19,145,159]]
[[0,0,0],[1,0,0],[0,1,0],[5,152,159]]
[[0,0,0],[1,0,0],[0,1,0],[26,59,159]]
[[0,0,0],[1,0,0],[0,1,0],[3,34,159]]
[[0,0,0],[1,0,0],[0,1,0],[6,52,159]]
[[0,0,0],[1,0,0],[0,1,0],[13,44,159]]
[[0,0,0],[1,0,0],[0,1,0],[7,52,159]]
[[0,0,0],[1,0,0],[0,1,0],[74,89,159]]
[[0,0,0],[1,0,0],[0,1,0],[8,137,159]]
[[0,0,0],[1,0,0],[0,1,0],[42,49,159]]
[[0,0,0],[1,0,0],[0,1,0],[21,22,159]]
[[0,0,0],[1,0,0],[0,1,0],[10,64,159]]
[[0,0,0],[1,0,0],[0,1,0],[38,62,159]]
[[0,0,0],[1,0,0],[0,1,0],[44,59,159]]
[[0,0,0],[1,0,0],[0,1,0],[25,28,159]]
[[0,0,0],[1,0,0],[0,1,0],[2,44,159]]
[[0,0,0],[1,0,0],[0,1,0],[8,68,159]]
[[0,0,0],[1,0,0],[0,1,0],[102,73,159]]
[[0,0,0],[1,0,0],[0,1,0],[75,85,159]]
[[0,0,0],[1,0,0],[0,1,0],[2,104,159]]
[[0,0,0],[1,0,0],[0,1,0],[77,158,159]]
[[0,0,0],[1,0,0],[0,1,0],[3,148,159]]
[[0,0,0],[1,0,0],[0,1,0],[17,113,159]]
[[0,0,0],[1,0,0],[0,1,0],[18,82,159]]
[[0,0,0],[1,0,0],[0,1,0],[19,143,159]]
[[0,0,0],[1,0,0],[0,1,0],[10,26,159]]
[[0,0,0],[1,0,0],[0,1,0],[10,47,159]]
[[0,0,0],[1,0,0],[0,1,0],[18,10,159]]
[[0,0,0],[1,0,0],[0,1,0],[22,50,159]]
[[0,0,0],[1,0,0],[0,1,0],[11,146,159]]
[[0,0,0],[1,0,0],[0,1,0],[33,10,159]]
[[0,0,0],[1,0,0],[0,1,0],[8,134,159]]
[[0,0,0],[1,0,0],[0,1,0],[39,55,159]]
[[0,0,0],[1,0,0],[0,1,0],[23,142,159]]
[[0,0,0],[1,0,0],[0,1,0],[60,103,159]]
[[0,0,0],[1,0,0],[0,1,0],[17,64,159]]
[[0,0,0],[1,0,0],[0,1,0],[10,38,159]]
[[0,0,0],[1,0,0],[0,1,0],[3,4,159]]
[[0,0,0],[1,0,0],[0,1,0],[2,62,159]]
[[0,0,0],[1,0,0],[0,1,0],[2,40,159]]
[[0,0,0],[1,0,0],[0,1,0],[25,37,159]]
[[0,0,0],[1,0,0],[0,1,0],[4,77,159]]
[[0,0,0],[1,0,0],[0,1,0],[2,149,159]]
[[0,0,0],[1,0,0],[0,1,0],[57,157,159]]
[[0,0,0],[1,0,0],[0,1,0],[58,103,159]]
[[0,0,0],[1,0,0],[0,1,0],[9,49,159]]
[[0,0,0],[1,0,0],[0,1,0],[2,37,159]]
[[0,0,0],[1,0,0],[0,1,0],[68,89,159]]
[[0,0,0],[1,0,0],[0,1,0],[5,56,159]]
[[0,0,0],[1,0,0],[0,1,0],[39,76,159]]
[[0,0,0],[1,0,0],[0,1,0],[9,67,159]]
[[0,0,0],[1,0,0],[0,1,0],[90,123,159]]
[[0,0,0],[1,0,0],[0,1,0],[8,89,159]]
[[0,0,0],[1,0,0],[0,1,0],[15,64,159]]
[[0,0,0],[1,0,0],[0,1,0],[15,145,159]]
[[0,0,0],[1,0,0],[0,1,0],[76,107,159]]
[[0,0,0],[1,0,0],[0,1,0],[11,122,159]]
[[0,0,0],[1,0,0],[0,1,0],[53,107,159]]
[[0,0,0],[1,0,0],[0,1,0],[44,107,159]]
[[0,0,0],[1,0,0],[0,1,0],[4,4,159]]
[[0,0,0],[1,0,0],[0,1,0],[7,46,159]]
[[0,0,0],[1,0,0],[0,1,0],[1,59,159]]
[[0,0,0],[1,0,0],[0,1,0],[21,112,159]]
[[0,0,0],[1,0,0],[0,1,0],[38,38,159]]
[[0,0,0],[1,0,0],[0,1,0],[15,39,159]]
[[0,0,0],[1,0,0],[0,1,0],[108,52,159]]
[[0,0,0],[1,0,0],[0,1,0],[11,62,159]]
[[0,0,0],[1,0,0],[0,1,0],[3,55,159]]
[[0,0,0],[1,0,0],[0,1,0],[14,122,159]]
[[0,0,0],[1,0,0],[0,1,0],[75,1,159]]
[[0,0,0],[1,0,0],[0,1,0],[23,71,159]]
[[0,0,0],[1,0,0],[0,1,0],[7,64,159]]
[[0,0,0],[1,0,0],[0,1,0],[1,17,159]]
[[0,0,0],[1,0,0],[0,1,0],[39,34,159]]
[[0,0,0],[1,0,0],[0,1,0],[3,85,159]]
[[0,0,0],[1,0,0],[0,1,0],[51,34,159]]
[[0,0,0],[1,0,0],[0,1,0],[6,79,159]]
[[0,0,0],[1,0,0],[0,1,0],[14,134,159]]
[[0,0,0],[1,0,0],[0,1,0],[12,151,159]]
[[0,0,0],[1,0,0],[0,1,0],[56,101,159]]
[[0,0,0],[1,0,0],[0,1,0],[2,50,159]]
[[0,0,0],[1,0,0],[0,1,0],[13,148,159]]
[[0,0,0],[1,0,0],[0,1,0],[44,149,159]]
[[0,0,0],[1,0,0],[0,1,0],[36,52,159]]
[[0,0,0],[1,0,0],[0,1,0],[5,34,159]]
[[0,0,0],[1,0,0],[0,1,0],[7,41,159]]
[[0,0,0],[1,0,0],[0,1,0],[72,16,159]]
[[0,0,0],[1,0,0],[0,1,0],[45,121,159]]
[[0,0,0],[1,0,0],[0,1,0],[123,49,159]]
[[0,0,0],[1,0,0],[0,1,0],[69,97,159]]
[[0,0,0],[1,0,0],[0,1,0],[5,61,159]]
[[0,0,0],[1,0,0],[0,1,0],[51,139,159]]
[[0,0,0],[1,0,0],[0,1,0],[30,25,159]]
[[0,0,0],[1,0,0],[0,1,0],[33,154,159]]
[[0,0,0],[1,0,0],[0,1,0],[21,49,159]]
[[0,0,0],[1,0,0],[0,1,0],[2,22,159]]
[[0,0,0],[1,0,0],[0,1,0],[129,52,159]]
[[0,0,0],[1,0,0],[0,1,0],[30,4,159]]
[[0,0,0],[1,0,0],[0,1,0],[23,26,159]]
[[0,0,0],[1,0,0],[0,1,0],[2,52,159]]
[[0,0,0],[1,0,0],[0,1,0],[39,157,159]]
[[0,0,0],[1,0,0],[0,1,0],[11,68,159]]
[[0,0,0],[1,0,0],[0,1,0],[48,52,159]]
[[0,0,0],[1,0,0],[0,1,0],[56,74,159]]
[[0,0,0],[1,0,0],[0,1,0],[60,31,159]]
[[0,0,0],[1,0,0],[0,1,0],[17,83,159]]
[[0,0,0],[1,0,0],[0,1,0],[30,55,159]]
[[0,0,0],[1,0,0],[0,1,0],[23,58,159]]
[[0,0,0],[1,0,0],[0,1,0],[18,94,159]]
[[0,0,0],[1,0,0],[0,1,0],[3,124,159]]
[[0,0,0],[1,0,0],[0,1,0],[12,95,159]]
[[0,0,0],[1,0,0],[0,1,0],[102,85,159]]
[[0,0,0],[1,0,0],[0,1,0],[15,91,159]]
[[0,0,0],[1,0,0],[0,1,0],[13,26,159]]
[[0,0,0],[1,0,0],[0,1,0],[26,128,159]]
[[0,0,0],[1,0,0],[0,1,0],[5,140,159]]
[[0,0,0],[1,0,0],[0,1,0],[33,157,159]]
[[0,0,0],[1,0,0],[0,1,0],[10,49,159]]
[[0,0,0],[1,0,0],[0,1,0],[96,85,159]]
[[0,0,0],[1,0,0],[0,1,0],[3,28,159]]
[[0,0,0],[1,0,0],[0,1,0],[77,116,159]]
[[0,0,0],[1,0,0],[0,1,0],[42,31,159]]
[[0,0,0],[1,0,0],[0,1,0],[9,133,159]]
[[0,0,0],[1,0,0],[0,1,0],[27,40,159]]
[[0,0,0],[1,0,0],[0,1,0],[87,103,159]]
[[0,0,0],[1,0,0],[0,1,0],[39,121,159]]
[[0,0,0],[1,0,0],[0,1,0],[78,29,159]]
[[0,0,0],[1,0,0],[0,1,0],[7,13,159]]
[[0,0,0],[1,0,0],[0,1,0],[12,52,159]]
[[0,0,0],[1,0,0],[0,1,0],[11,73,159]]
[[0,0,0],[1,0,0],[0,1,0],[2,113,159]]
[[0,0,0],[1,0,0],[0,1,0],[17,58,159]]
[[0,0,0],[1,0,0],[0,1,0],[18,151,159]]
[[0,0,0],[1,0,0],[0,1,0],[90,17,159]]
[[0,0,0],[1,0,0],[0,1,0],[4,49,159]]
[[0,0,0],[1,0,0],[0,1,0],[105,108,159]]
[[0,0,0],[1,0,0],[0,1,0],[19,37,159]]
[[0,0,0],[1,0,0],[0,1,0],[28,35,159]]
[[0,0,0],[1,0,0],[0,1,0],[60,4,159]]
[[0,0,0],[1,0,0],[0,1,0],[2,17,159]]
[[0,0,0],[1,0,0],[0,1,0],[57,112,159]]
[[0,0,0],[1,0,0],[0,1,0],[11,17,159]]
[[0,0,0],[1,0,0],[0,1,0],[11,22,159]]
[[0,0,0],[1,0,0],[0,1,0],[26,98,159]]
[[0,0,0],[1,0,0],[0,1,0],[5,23,159]]
[[0,0,0],[1,0,0],[0,1,0],[36,19,159]]
[[0,0,0],[1,0,0],[0,1,0],[14,119,159]]
[[0,0,0],[1,0,0],[0,1,0],[15,4,159]]
[[0,0,0],[1,0,0],[0,1,0],[17,145,159]]
[[0,0,0],[1,0,0],[0,1,0],[1,11,159]]
[[0,0,0],[1,0,0],[0,1,0],[42,55,159]]
[[0,0,0],[1,0,0],[0,1,0],[105,73,159]]
[[0,0,0],[1,0,0],[0,1,0],[6,13,159]]
[[0,0,0],[1,0,0],[0,1,0],[21,67,159]]
[[0,0,0],[1,0,0],[0,1,0],[15,115,159]]
[[0,0,0],[1,0,0],[0,1,0],[1,22,159]]
[[0,0,0],[1,0,0],[0,1,0],[44,44,159]]
[[0,0,0],[1,0,0],[0,1,0],[72,97,159]]
[[0,0,0],[1,0,0],[0,1,0],[48,1,159]]
[[0,0,0],[1,0,0],[0,1,0],[11,154,159]]
[[0,0,0],[1,0,0],[0,1,0],[57,142,159]]
[[0,0,0],[1,0,0],[0,1,0],[27,61,159]]
[[0,0,0],[1,0,0],[0,1,0],[15,13,159]]
[[0,0,0],[1,0,0],[0,1,0],[35,140,159]]
[[0,0,0],[1,0,0],[0,1,0],[69,142,159]]
[[0,0,0],[1,0,0],[0,1,0],[7,20,159]]
[[0,0,0],[1,0,0],[0,1,0],[12,115,159]]
[[0,0,0],[1,0,0],[0,1,0],[60,112,159]]
[[0,0,0],[1,0,0],[0,1,0],[31,52,159]]
[[0,0,0],[1,0,0],[0,1,0],[143,143,159]]
[[0,0,0],[1,0,0],[0,1,0],[14,98,159]]
[[0,0,0],[1,0,0],[0,1,0],[14,83,159]]
[[0,0,0],[1,0,0],[0,1,0],[13,151,159]]
[[0,0,0],[1,0,0],[0,1,0],[66,103,159]]
[[0,0,0],[1,0,0],[0,1,0],[9,98,159]]
[[0,0,0],[1,0,0],[0,1,0],[8,110,159]]
[[0,0,0],[1,0,0],[0,1,0],[13,71,159]]
[[0,0,0],[1,0,0],[0,1,0],[6,154,159]]
[[0,0,0],[1,0,0],[0,1,0],[5,47,159]]
[[0,0,0],[1,0,0],[0,1,0],[8,58,159]]
[[0,0,0],[1,0,0],[0,1,0],[6,145,159]]
[[0,0,0],[1,0,0],[0,1,0],[84,100,159]]
[[0,0,0],[1,0,0],[0,1,0],[8,92,159]]
[[0,0,0],[1,0,0],[0,1,0],[15,112,159]]
[[0,0,0],[1,0,0],[0,1,0],[27,133,159]]
[[0,0,0],[1,0,0],[0,1,0],[75,97,159]]
[[0,0,0],[1,0,0],[0,1,0],[77,149,159]]
[[0,0,0],[1,0,0],[0,1,0],[11,59,159]]
[[0,0,0],[1,0,0],[0,1,0],[68,146,159]]
[[0,0,0],[1,0,0],[0,1,0],[144,122,159]]
[[0,0,0],[1,0,0],[0,1,0],[79,134,159]]
[[0,0,0],[1,0,0],[0,1,0],[63,34,159]]
[[0,0,0],[1,0,0],[0,1,0],[7,23,159]]
[[0,0,0],[1,0,0],[0,1,0],[10,67,159]]
[[0,0,0],[1,0,0],[0,1,0],[78,124,159]]
[[0,0,0],[1,0,0],[0,1,0],[42,61,159]]
[[0,0,0],[1,0,0],[0,1,0],[24,109,159]]
[[0,0,0],[1,0,0],[0,1,0],[39,130,159]]
[[0,0,0],[1,0,0],[0,1,0],[18,121,159]]
[[0,0,0],[1,0,0],[0,1,0],[90,115,159]]
[[0,0,0],[1,0,0],[0,1,0],[65,122,159]]
[[0,0,0],[1,0,0],[0,1,0],[52,52,159]]
[[0,0,0],[1,0,0],[0,1,0],[51,55,159]]
[[0,0,0],[1,0,0],[0,1,0],[2,116,159]]
[[0,0,0],[1,0,0],[0,1,0],[21,151,159]]
[[0,0,0],[1,0,0],[0,1,0],[38,143,159]]
[[0,0,0],[1,0,0],[0,1,0],[6,1,159]]
[[0,0,0],[1,0,0],[0,1,0],[19,25,159]]
[[0,0,0],[1,0,0],[0,1,0],[3,139,159]]
[[0,0,0],[1,0,0],[0,1,0],[66,147,159]]
[[0,0,0],[1,0,0],[0,1,0],[35,59,159]]
[[0,0,0],[1,0,0],[0,1,0],[66,100,159]]
[[0,0,0],[1,0,0],[0,1,0],[35,107,159]]
[[0,0,0],[1,0,0],[0,1,0],[26,56,159]]
[[0,0,0],[1,0,0],[0,1,0],[57,145,159]]
[[0,0,0],[1,0,0],[0,1,0],[4,11,159]]
[[0,0,0],[1,0,0],[0,1,0],[35,110,159]]
[[0,0,0],[1,0,0],[0,1,0],[2,31,159]]
[[0,0,0],[1,0,0],[0,1,0],[15,103,159]]
[[0,0,0],[1,0,0],[0,1,0],[17,104,159]]
[[0,0,0],[1,0,0],[0,1,0],[6,109,159]]
[[0,0,0],[1,0,0],[0,1,0],[27,139,159]]
[[0,0,0],[1,0,0],[0,1,0],[21,34,159]]
[[0,0,0],[1,0,0],[0,1,0],[30,28,159]]
[[0,0,0],[1,0,0],[0,1,0],[14,158,159]]
[[0,0,0],[1,0,0],[0,1,0],[107,110,159]]
[[0,0,0],[1,0,0],[0,1,0],[6,46,159]]
[[0,0,0],[1,0,0],[0,1,0],[54,112,159]]
[[0,0,0],[1,0,0],[0,1,0],[45,157,159]]
[[0,0,0],[1,0,0],[0,1,0],[18,154,159]]
[[0,0,0],[1,0,0],[0,1,0],[11,13,159]]
[[0,0,0],[1,0,0],[0,1,0],[11,149,159]]
[[0,0,0],[1,0,0],[0,1,0],[13,13,159]]
[[0,0,0],[1,0,0],[0,1,0],[11,95,159]]
[[0,0,0],[1,0,0],[0,1,0],[10,55,159]]
[[0,0,0],[1,0,0],[0,1,0],[7,49,159]]
[[0,0,0],[1,0,0],[0,1,0],[23,104,159]]
[[0,0,0],[1,0,0],[0,1,0],[90,121,159]]
[[0,0,0],[1,0,0],[0,1,0],[21,58,159]]
[[0,0,0],[1,0,0],[0,1,0],[68,158,159]]
[[0,0,0],[1,0,0],[0,1,0],[28,79,159]]
[[0,0,0],[1,0,0],[0,1,0],[8,16,159]]
[[0,0,0],[1,0,0],[0,1,0],[39,52,159]]
[[0,0,0],[1,0,0],[0,1,0],[23,37,159]]
[[0,0,0],[1,0,0],[0,1,0],[45,37,159]]
[[0,0,0],[1,0,0],[0,1,0],[3,154,159]]
[[0,0,0],[1,0,0],[0,1,0],[2,128,159]]
[[0,0,0],[1,0,0],[0,1,0],[69,124,159]]
[[0,0,0],[1,0,0],[0,1,0],[59,119,159]]
[[0,0,0],[1,0,0],[0,1,0],[9,91,159]]
[[0,0,0],[1,0,0],[0,1,0],[14,101,159]]
[[0,0,0],[1,0,0],[0,1,0],[5,26,159]]
[[0,0,0],[1,0,0],[0,1,0],[5,50,159]]
[[0,0,0],[1,0,0],[0,1,0],[90,88,159]]
[[0,0,0],[1,0,0],[0,1,0],[27,100,159]]
[[0,0,0],[1,0,0],[0,1,0],[119,158,159]]
[[0,0,0],[1,0,0],[0,1,0],[21,33,159]]
[[0,0,0],[1,0,0],[0,1,0],[26,158,159]]
[[0,0,0],[1,0,0],[0,1,0],[5,62,159]]
[[0,0,0],[1,0,0],[0,1,0],[2,29,159]]
[[0,0,0],[1,0,0],[0,1,0],[30,34,159]]
[[0,0,0],[1,0,0],[0,1,0],[33,73,159]]
[[0,0,0],[1,0,0],[0,1,0],[14,107,159]]
[[0,0,0],[1,0,0],[0,1,0],[75,103,159]]
[[0,0,0],[1,0,0],[0,1,0],[5,17,159]]
[[0,0,0],[1,0,0],[0,1,0],[12,76,159]]
[[0,0,0],[1,0,0],[0,1,0],[42,73,159]]
[[0,0,0],[1,0,0],[0,1,0],[111,49,159]]
[[0,0,0],[1,0,0],[0,1,0],[34,50,159]]
[[0,0,0],[1,0,0],[0,1,0],[14,140,159]]
[[0,0,0],[1,0,0],[0,1,0],[2,59,159]]
[[0,0,0],[1,0,0],[0,1,0],[4,28,159]]
[[0,0,0],[1,0,0],[0,1,0],[10,68,159]]
[[0,0,0],[1,0,0],[0,1,0],[17,35,159]]
[[0,0,0],[1,0,0],[0,1,0],[14,44,159]]
[[0,0,0],[1,0,0],[0,1,0],[24,73,159]]
[[0,0,0],[1,0,0],[0,1,0],[78,103,159]]
[[0,0,0],[1,0,0],[0,1,0],[23,25,159]]
[[0,0,0],[1,0,0],[0,1,0],[36,85,159]]
[[0,0,0],[1,0,0],[0,1,0],[48,154,159]]
[[0,0,0],[1,0,0],[0,1,0],[33,136,159]]
[[0,0,0],[1,0,0],[0,1,0],[35,35,159]]
[[0,0,0],[1,0,0],[0,1,0],[53,1,159]]
[[0,0,0],[1,0,0],[0,1,0],[17,146,159]]
[[0,0,0],[1,0,0],[0,1,0],[18,43,159]]
[[0,0,0],[1,0,0],[0,1,0],[5,20,159]]
[[0,0,0],[1,0,0],[0,1,0],[12,70,159]]
[[0,0,0],[1,0,0],[0,1,0],[26,50,159]]
[[0,0,0],[1,0,0],[0,1,0],[38,77,159]]
[[0,0,0],[1,0,0],[0,1,0],[6,28,159]]
[[0,0,0],[1,0,0],[0,1,0],[45,115,159]]
[[0,0,0],[1,0,0],[0,1,0],[2,152,159]]
[[0,0,0],[1,0,0],[0,1,0],[8,55,159]]
[[0,0,0],[1,0,0],[0,1,0],[3,91,159]]
[[0,0,0],[1,0,0],[0,1,0],[36,46,159]]
[[0,0,0],[1,0,0],[0,1,0],[24,30,159]]
[[0,0,0],[1,0,0],[0,1,0],[7,61,159]]
[[0,0,0],[1,0,0],[0,1,0],[63,7,159]]
[[0,0,0],[1,0,0],[0,1,0],[17,55,159]]
[[0,0,0],[1,0,0],[0,1,0],[23,149,159]]
[[0,0,0],[1,0,0],[0,1,0],[7,100,159]]
[[0,0,0],[1,0,0],[0,1,0],[14,35,159]]
[[0,0,0],[1,0,0],[0,1,0],[7,65,159]]
[[0,0,0],[1,0,0],[0,1,0],[41,116,159]]
[[0,0,0],[1,0,0],[0,1,0],[14,46,159]]
[[0,0,0],[1,0,0],[0,1,0],[21,70,159]]
[[0,0,0],[1,0,0],[0,1,0],[38,122,159]]
[[0,0,0],[1,0,0],[0,1,0],[51,58,159]]
[[0,0,0],[1,0,0],[0,1,0],[51,28,159]]
[[0,0,0],[1,0,0],[0,1,0],[33,61,159]]
[[0,0,0],[1,0,0],[0,1,0],[7,44,159]]
[[0,0,0],[1,0,0],[0,1,0],[6,130,159]]
[[0,0,0],[1,0,0],[0,1,0],[75,32,159]]
[[0,0,0],[1,0,0],[0,1,0],[34,37,159]]
[[0,0,0],[1,0,0],[0,1,0],[7,19,159]]
[[0,0,0],[1,0,0],[0,1,0],[33,31,159]]
[[0,0,0],[1,0,0],[0,1,0],[12,109,159]]
[[0,0,0],[1,0,0],[0,1,0],[63,112,159]]
[[0,0,0],[1,0,0],[0,1,0],[26,71,159]]
[[0,0,0],[1,0,0],[0,1,0],[11,77,159]]
[[0,0,0],[1,0,0],[0,1,0],[9,64,159]]
[[0,0,0],[1,0,0],[0,1,0],[26,155,159]]
[[0,0,0],[1,0,0],[0,1,0],[12,31,159]]
[[0,0,0],[1,0,0],[0,1,0],[34,73,159]]
[[0,0,0],[1,0,0],[0,1,0],[24,139,159]]
[[0,0,0],[1,0,0],[0,1,0],[9,34,159]]
[[0,0,0],[1,0,0],[0,1,0],[35,61,159]]
[[0,0,0],[1,0,0],[0,1,0],[57,115,159]]
[[0,0,0],[1,0,0],[0,1,0],[48,16,159]]
[[0,0,0],[1,0,0],[0,1,0],[9,109,159]]
[[0,0,0],[1,0,0],[0,1,0],[89,158,159]]
[[0,0,0],[1,0,0],[0,1,0],[9,76,159]]
[[0,0,0],[1,0,0],[0,1,0],[11,55,159]]
[[0,0,0],[1,0,0],[0,1,0],[30,67,159]]
[[0,0,0],[1,0,0],[0,1,0],[11,28,159]]
[[0,0,0],[1,0,0],[0,1,0],[110,122,159]]
[[0,0,0],[1,0,0],[0,1,0],[33,64,159]]
[[0,0,0],[1,0,0],[0,1,0],[17,41,159]]
[[0,0,0],[1,0,0],[0,1,0],[66,41,159]]
[[0,0,0],[1,0,0],[0,1,0],[48,4,159]]
[[0,0,0],[1,0,0],[0,1,0],[59,158,159]]
[[0,0,0],[1,0,0],[0,1,0],[7,16,159]]
[[0,0,0],[1,0,0],[0,1,0],[3,109,159]]
[[0,0,0],[1,0,0],[0,1,0],[22,85,159]]
[[0,0,0],[1,0,0],[0,1,0],[1,31,159]]
[[0,0,0],[1,0,0],[0,1,0],[30,76,159]]
[[0,0,0],[1,0,0],[0,1,0],[14,58,159]]
[[0,0,0],[1,0,0],[0,1,0],[5,113,159]]
[[0,0,0],[1,0,0],[0,1,0],[14,64,159]]
[[0,0,0],[1,0,0],[0,1,0],[12,25,159]]
[[0,0,0],[1,0,0],[0,1,0],[117,43,159]]
[[0,0,0],[1,0,0],[0,1,0],[30,10,159]]
[[0,0,0],[1,0,0],[0,1,0],[2,74,159]]
[[0,0,0],[1,0,0],[0,1,0],[77,146,159]]
[[0,0,0],[1,0,0],[0,1,0],[17,17,159]]
[[0,0,0],[1,0,0],[0,1,0],[34,139,159]]
[[0,0,0],[1,0,0],[0,1,0],[45,145,159]]
[[0,0,0],[1,0,0],[0,1,0],[66,115,159]]
[[0,0,0],[1,0,0],[0,1,0],[63,22,159]]
[[0,0,0],[1,0,0],[0,1,0],[60,151,159]]
[[0,0,0],[1,0,0],[0,1,0],[51,22,159]]
[[0,0,0],[1,0,0],[0,1,0],[31,133,159]]
[[0,0,0],[1,0,0],[0,1,0],[6,118,159]]
[[0,0,0],[1,0,0],[0,1,0],[17,59,159]]
[[0,0,0],[1,0,0],[0,1,0],[59,152,159]]
[[0,0,0],[1,0,0],[0,1,0],[87,126,159]]
[[0,0,0],[1,0,0],[0,1,0],[24,136,159]]
[[0,0,0],[1,0,0],[0,1,0],[46,124,159]]
[[0,0,0],[1,0,0],[0,1,0],[4,35,159]]
[[0,0,0],[1,0,0],[0,1,0],[6,115,159]]
[[0,0,0],[1,0,0],[0,1,0],[5,125,159]]
[[0,0,0],[1,0,0],[0,1,0],[17,119,159]]
[[0,0,0],[1,0,0],[0,1,0],[2,67,159]]
[[0,0,0],[1,0,0],[0,1,0],[9,7,159]]
[[0,0,0],[1,0,0],[0,1,0],[1,14,159]]
[[0,0,0],[1,0,0],[0,1,0],[23,38,159]]
[[0,0,0],[1,0,0],[0,1,0],[41,158,159]]
[[0,0,0],[1,0,0],[0,1,0],[19,41,159]]
[[0,0,0],[1,0,0],[0,1,0],[26,28,159]]
[[0,0,0],[1,0,0],[0,1,0],[13,25,159]]
[[0,0,0],[1,0,0],[0,1,0],[5,11,159]]
[[0,0,0],[1,0,0],[0,1,0],[59,59,159]]
[[0,0,0],[1,0,0],[0,1,0],[30,40,159]]
[[0,0,0],[1,0,0],[0,1,0],[75,145,159]]
[[0,0,0],[1,0,0],[0,1,0],[13,17,159]]
[[0,0,0],[1,0,0],[0,1,0],[38,107,159]]
[[0,0,0],[1,0,0],[0,1,0],[17,65,159]]
[[0,0,0],[1,0,0],[0,1,0],[25,31,159]]
[[0,0,0],[1,0,0],[0,1,0],[9,112,159]]
[[0,0,0],[1,0,0],[0,1,0],[63,1,159]]
[[0,0,0],[1,0,0],[0,1,0],[26,143,159]]
[[0,0,0],[1,0,0],[0,1,0],[42,34,159]]
[[0,0,0],[1,0,0],[0,1,0],[59,86,159]]
[[0,0,0],[1,0,0],[0,1,0],[6,37,159]]
[[0,0,0],[1,0,0],[0,1,0],[26,101,159]]
[[0,0,0],[1,0,0],[0,1,0],[120,52,159]]
[[0,0,0],[1,0,0],[0,1,0],[33,1,159]]
[[0,0,0],[1,0,0],[0,1,0],[19,68,159]]
[[0,0,0],[1,0,0],[0,1,0],[11,128,159]]
[[0,0,0],[1,0,0],[0,1,0],[64,107,159]]
[[0,0,0],[1,0,0],[0,1,0],[87,73,159]]
[[0,0,0],[1,0,0],[0,1,0],[69,91,159]]
[[0,0,0],[1,0,0],[0,1,0],[72,118,159]]
[[0,0,0],[1,0,0],[0,1,0],[8,8,159]]
[[0,0,0],[1,0,0],[0,1,0],[84,133,159]]
[[0,0,0],[1,0,0],[0,1,0],[44,68,159]]
[[0,0,0],[1,0,0],[0,1,0],[44,58,159]]
[[0,0,0],[1,0,0],[0,1,0],[126,67,159]]
[[0,0,0],[1,0,0],[0,1,0],[69,1,159]]
[[0,0,0],[1,0,0],[0,1,0],[3,16,159]]
[[0,0,0],[1,0,0],[0,1,0],[13,49,159]]
[[0,0,0],[1,0,0],[0,1,0],[6,55,159]]
[[0,0,0],[1,0,0],[0,1,0],[36,4,159]]
[[0,0,0],[1,0,0],[0,1,0],[6,97,159]]
[[0,0,0],[1,0,0],[0,1,0],[6,10,159]]
[[0,0,0],[1,0,0],[0,1,0],[9,73,159]]
[[0,0,0],[1,0,0],[0,1,0],[57,124,159]]
[[0,0,0],[1,0,0],[0,1,0],[8,59,159]]
[[0,0,0],[1,0,0],[0,1,0],[17,34,159]]
[[0,0,0],[1,0,0],[0,1,0],[12,28,159]]
[[0,0,0],[1,0,0],[0,1,0],[41,44,159]]
[[0,0,0],[1,0,0],[0,1,0],[8,20,159]]
[[0,0,0],[1,0,0],[0,1,0],[18,46,159]]
[[0,0,0],[1,0,0],[0,1,0],[39,7,159]]
[[0,0,0],[1,0,0],[0,1,0],[3,22,159]]
[[0,0,0],[1,0,0],[0,1,0],[23,101,159]]
[[0,0,0],[1,0,0],[0,1,0],[22,46,159]]
[[0,0,0],[1,0,0],[0,1,0],[38,158,159]]
[[0,0,0],[1,0,0],[0,1,0],[35,158,159]]
[[0,0,0],[1,0,0],[0,1,0],[11,134,159]]
[[0,0,0],[1,0,0],[0,1,0],[23,74,159]]
[[0,0,0],[1,0,0],[0,1,0],[17,56,159]]
[[0,0,0],[1,0,0],[0,1,0],[19,62,159]]
[[0,0,0],[1,0,0],[0,1,0],[11,46,159]]
[[0,0,0],[1,0,0],[0,1,0],[39,70,159]]
[[0,0,0],[1,0,0],[0,1,0],[27,142,159]]
[[0,0,0],[1,0,0],[0,1,0],[10,74,159]]
[[0,0,0],[1,0,0],[0,1,0],[31,44,159]]
[[0,0,0],[1,0,0],[0,1,0],[66,97,159]]
[[0,0,0],[1,0,0],[0,1,0],[39,46,159]]
[[0,0,0],[1,0,0],[0,1,0],[66,22,159]]
[[0,0,0],[1,0,0],[0,1,0],[6,16,159]]
[[0,0,0],[1,0,0],[0,1,0],[54,46,159]]
[[0,0,0],[1,0,0],[0,1,0],[63,157,159]]
[[0,0,0],[1,0,0],[0,1,0],[17,151,159]]
[[0,0,0],[1,0,0],[0,1,0],[1,23,159]]
[[0,0,0],[1,0,0],[0,1,0],[18,89,159]]
[[0,0,0],[1,0,0],[0,1,0],[5,31,159]]
[[0,0,0],[1,0,0],[0,1,0],[75,112,159]]
[[0,0,0],[1,0,0],[0,1,0],[6,124,159]]
[[0,0,0],[1,0,0],[0,1,0],[12,91,159]]
[[0,0,0],[1,0,0],[0,1,0],[48,148,159]]
[[0,0,0],[1,0,0],[0,1,0],[13,23,159]]
[[0,0,0],[1,0,0],[0,1,0],[27,79,159]]
[[0,0,0],[1,0,0],[0,1,0],[117,52,159]]
[[0,0,0],[1,0,0],[0,1,0],[11,119,159]]
[[0,0,0],[1,0,0],[0,1,0],[8,152,159]]
[[0,0,0],[1,0,0],[0,1,0],[33,145,159]]
[[0,0,0],[1,0,0],[0,1,0],[59,124,159]]
[[0,0,0],[1,0,0],[0,1,0],[27,58,159]]
[[0,0,0],[1,0,0],[0,1,0],[12,16,159]]
[[0,0,0],[1,0,0],[0,1,0],[17,62,159]]
[[0,0,0],[1,0,0],[0,1,0],[42,154,159]]
[[0,0,0],[1,0,0],[0,1,0],[36,130,159]]
[[0,0,0],[1,0,0],[0,1,0],[81,133,159]]
[[0,0,0],[1,0,0],[0,1,0],[15,73,159]]
[[0,0,0],[1,0,0],[0,1,0],[11,56,159]]
[[0,0,0],[1,0,0],[0,1,0],[99,85,159]]
[[0,0,0],[1,0,0],[0,1,0],[14,31,159]]
[[0,0,0],[1,0,0],[0,1,0],[5,10,159]]
[[0,0,0],[1,0,0],[0,1,0],[33,130,159]]
[[0,0,0],[1,0,0],[0,1,0],[3,97,159]]
[[0,0,0],[1,0,0],[0,1,0],[23,95,159]]
[[0,0,0],[1,0,0],[0,1,0],[41,92,159]]
[[0,0,0],[1,0,0],[0,1,0],[111,64,159]]
[[0,0,0],[1,0,0],[0,1,0],[7,58,159]]
[[0,0,0],[1,0,0],[0,1,0],[5,73,159]]
[[0,0,0],[1,0,0],[0,1,0],[3,104,159]]
[[0,0,0],[1,0,0],[0,1,0],[3,88,159]]
[[0,0,0],[1,0,0],[0,1,0],[5,70,159]]
[[0,0,0],[1,0,0],[0,1,0],[24,16,159]]
[[0,0,0],[1,0,0],[0,1,0],[66,25,159]]
[[0,0,0],[1,0,0],[0,1,0],[30,82,159]]
[[0,0,0],[1,0,0],[0,1,0],[44,56,159]]
[[0,0,0],[1,0,0],[0,1,0],[65,134,159]]
[[0,0,0],[1,0,0],[0,1,0],[11,44,159]]
[[0,0,0],[1,0,0],[0,1,0],[63,100,159]]
[[0,0,0],[1,0,0],[0,1,0],[21,28,159]]
[[0,0,0],[1,0,0],[0,1,0],[41,89,159]]
[[0,0,0],[1,0,0],[0,1,0],[21,73,159]]
[[0,0,0],[1,0,0],[0,1,0],[11,70,159]]
[[0,0,0],[1,0,0],[0,1,0],[87,82,159]]
[[0,0,0],[1,0,0],[0,1,0],[4,71,159]]
[[0,0,0],[1,0,0],[0,1,0],[54,13,159]]
[[0,0,0],[1,0,0],[0,1,0],[8,64,159]]
[[0,0,0],[1,0,0],[0,1,0],[7,11,159]]
[[0,0,0],[1,0,0],[0,1,0],[5,128,159]]
[[0,0,0],[1,0,0],[0,1,0],[57,19,159]]
[[0,0,0],[1,0,0],[0,1,0],[8,14,159]]
[[0,0,0],[1,0,0],[0,1,0],[21,55,159]]
[[0,0,0],[1,0,0],[0,1,0],[21,145,159]]
[[0,0,0],[1,0,0],[0,1,0],[12,94,159]]
[[0,0,0],[1,0,0],[0,1,0],[24,76,159]]
[[0,0,0],[1,0,0],[0,1,0],[21,64,159]]
[[0,0,0],[1,0,0],[0,1,0],[8,23,159]]
[[0,0,0],[1,0,0],[0,1,0],[3,52,159]]
[[0,0,0],[1,0,0],[0,1,0],[25,139,159]]
[[0,0,0],[1,0,0],[0,1,0],[90,133,159]]
[[0,0,0],[1,0,0],[0,1,0],[25,56,159]]
[[0,0,0],[1,0,0],[0,1,0],[15,124,159]]
[[0,0,0],[1,0,0],[0,1,0],[37,128,159]]
[[0,0,0],[1,0,0],[0,1,0],[48,61,159]]
[[0,0,0],[1,0,0],[0,1,0],[33,43,159]]
[[0,0,0],[1,0,0],[0,1,0],[23,23,159]]
[[0,0,0],[1,0,0],[0,1,0],[8,10,159]]
[[0,0,0],[1,0,0],[0,1,0],[6,127,159]]
[[0,0,0],[1,0,0],[0,1,0],[92,122,159]]
[[0,0,0],[1,0,0],[0,1,0],[54,4,159]]
[[0,0,0],[1,0,0],[0,1,0],[38,71,159]]
[[0,0,0],[1,0,0],[0,1,0],[24,58,159]]
[[0,0,0],[1,0,0],[0,1,0],[38,44,159]]
[[0,0,0],[1,0,0],[0,1,0],[26,26,159]]
[[0,0,0],[1,0,0],[0,1,0],[9,45,159]]
[[0,0,0],[1,0,0],[0,1,0],[2,110,159]]
[[0,0,0],[1,0,0],[0,1,0],[8,70,159]]
[[0,0,0],[1,0,0],[0,1,0],[15,151,159]]
[[0,0,0],[1,0,0],[0,1,0],[107,116,159]]
[[0,0,0],[1,0,0],[0,1,0],[6,67,159]]
[[0,0,0],[1,0,0],[0,1,0],[2,65,159]]
[[0,0,0],[1,0,0],[0,1,0],[5,68,159]]
[[0,0,0],[1,0,0],[0,1,0],[28,50,159]]
[[0,0,0],[1,0,0],[0,1,0],[2,55,159]]
[[0,0,0],[1,0,0],[0,1,0],[6,40,159]]
[[0,0,0],[1,0,0],[0,1,0],[4,19,159]]
[[0,0,0],[1,0,0],[0,1,0],[10,19,159]]
[[0,0,0],[1,0,0],[0,1,0],[12,124,159]]
[[0,0,0],[1,0,0],[0,1,0],[23,31,159]]
[[0,0,0],[1,0,0],[0,1,0],[21,142,159]]
[[0,0,0],[1,0,0],[0,1,0],[4,67,159]]
[[0,0,0],[1,0,0],[0,1,0],[60,100,159]]
[[0,0,0],[1,0,0],[0,1,0],[24,28,159]]
[[0,0,0],[1,0,0],[0,1,0],[9,130,159]]
[[0,0,0],[1,0,0],[0,1,0],[9,82,159]]
[[0,0,0],[1,0,0],[0,1,0],[26,152,159]]
[[0,0,0],[1,0,0],[0,1,0],[5,25,159]]
[[0,0,0],[1,0,0],[0,1,0],[17,152,159]]
[[0,0,0],[1,0,0],[0,1,0],[30,145,159]]
[[0,0,0],[1,0,0],[0,1,0],[36,148,159]]
[[0,0,0],[1,0,0],[0,1,0],[12,43,159]]
[[0,0,0],[1,0,0],[0,1,0],[14,146,159]]
[[0,0,0],[1,0,0],[0,1,0],[8,46,159]]
[[0,0,0],[1,0,0],[0,1,0],[45,1,159]]
[[0,0,0],[1,0,0],[0,1,0],[13,38,159]]
[[0,0,0],[1,0,0],[0,1,0],[26,62,159]]
[[0,0,0],[1,0,0],[0,1,0],[30,1,159]]
[[0,0,0],[1,0,0],[0,1,0],[93,120,159]]
[[0,0,0],[1,0,0],[0,1,0],[3,79,159]]
[[0,0,0],[1,0,0],[0,1,0],[17,149,159]]
[[0,0,0],[1,0,0],[0,1,0],[7,50,159]]
[[0,0,0],[1,0,0],[0,1,0],[35,134,159]]
[[0,0,0],[1,0,0],[0,1,0],[18,76,159]]
[[0,0,0],[1,0,0],[0,1,0],[39,16,159]]
[[0,0,0],[1,0,0],[0,1,0],[74,155,159]]
[[0,0,0],[1,0,0],[0,1,0],[1,8,159]]
[[0,0,0],[1,0,0],[0,1,0],[22,44,159]]
[[0,0,0],[1,0,0],[0,1,0],[59,122,159]]
[[0,0,0],[1,0,0],[0,1,0],[3,64,159]]
[[0,0,0],[1,0,0],[0,1,0],[23,41,159]]
[[0,0,0],[1,0,0],[0,1,0],[8,28,159]]
[[0,0,0],[1,0,0],[0,1,0],[39,25,159]]
[[0,0,0],[1,0,0],[0,1,0],[5,67,159]]
[[0,0,0],[1,0,0],[0,1,0],[36,79,159]]
[[0,0,0],[1,0,0],[0,1,0],[5,74,159]]
[[0,0,0],[1,0,0],[0,1,0],[5,104,159]]
[[0,0,0],[1,0,0],[0,1,0],[11,65,159]]
[[0,0,0],[1,0,0],[0,1,0],[42,1,159]]
[[0,0,0],[1,0,0],[0,1,0],[54,130,159]]
[[0,0,0],[1,0,0],[0,1,0],[87,88,159]]
[[0,0,0],[1,0,0],[0,1,0],[5,98,159]]
[[0,0,0],[1,0,0],[0,1,0],[8,76,159]]
[[0,0,0],[1,0,0],[0,1,0],[19,142,159]]
[[0,0,0],[1,0,0],[0,1,0],[51,157,159]]
[[0,0,0],[1,0,0],[0,1,0],[14,56,159]]
[[0,0,0],[1,0,0],[0,1,0],[59,95,159]]
[[0,0,0],[1,0,0],[0,1,0],[18,97,159]]
[[0,0,0],[1,0,0],[0,1,0],[3,67,159]]
[[0,0,0],[1,0,0],[0,1,0],[8,19,159]]
[[0,0,0],[1,0,0],[0,1,0],[2,20,159]]
[[0,0,0],[1,0,0],[0,1,0],[24,82,159]]
[[0,0,0],[1,0,0],[0,1,0],[30,139,159]]
[[0,0,0],[1,0,0],[0,1,0],[24,85,159]]
[[0,0,0],[1,0,0],[0,1,0],[10,14,159]]
[[0,0,0],[1,0,0],[0,1,0],[15,10,159]]
[[0,0,0],[1,0,0],[0,1,0],[6,49,159]]
[[0,0,0],[1,0,0],[0,1,0],[10,22,159]]
[[0,0,0],[1,0,0],[0,1,0],[37,52,159]]
[[0,0,0],[1,0,0],[0,1,0],[38,65,159]]
[[0,0,0],[1,0,0],[0,1,0],[2,16,159]]
[[0,0,0],[1,0,0],[0,1,0],[5,119,159]]
[[0,0,0],[1,0,0],[0,1,0],[4,16,159]]
[[0,0,0],[1,0,0],[0,1,0],[24,37,159]]
[[0,0,0],[1,0,0],[0,1,0],[9,22,159]]
[[0,0,0],[1,0,0],[0,1,0],[2,23,159]]
[[0,0,0],[1,0,0],[0,1,0],[1,38,159]]
[[0,0,0],[1,0,0],[0,1,0],[64,97,159]]
[[0,0,0],[1,0,0],[0,1,0],[5,155,159]]
[[0,0,0],[1,0,0],[0,1,0],[36,37,159]]
[[0,0,0],[1,0,0],[0,1,0],[17,128,159]]
[[0,0,0],[1,0,0],[0,1,0],[42,58,159]]
[[0,0,0],[1,0,0],[0,1,0],[18,13,159]]
[[0,0,0],[1,0,0],[0,1,0],[3,112,159]]
[[0,0,0],[1,0,0],[0,1,0],[23,158,159]]
[[0,0,0],[1,0,0],[0,1,0],[26,37,159]]
[[0,0,0],[1,0,0],[0,1,0],[99,114,159]]
[[0,0,0],[1,0,0],[0,1,0],[3,58,159]]
[[0,0,0],[1,0,0],[0,1,0],[2,64,159]]
[[0,0,0],[1,0,0],[0,1,0],[65,65,159]]
[[0,0,0],[1,0,0],[0,1,0],[1,2,159]]
[[0,0,0],[1,0,0],[0,1,0],[12,130,159]]
[[0,0,0],[1,0,0],[0,1,0],[8,128,159]]
[[0,0,0],[1,0,0],[0,1,0],[59,149,159]]
[[0,0,0],[1,0,0],[0,1,0],[44,124,159]]
[[0,0,0],[1,0,0],[0,1,0],[30,61,159]]
[[0,0,0],[1,0,0],[0,1,0],[41,107,159]]
[[0,0,0],[1,0,0],[0,1,0],[42,16,159]]
[[0,0,0],[1,0,0],[0,1,0],[51,130,159]]
[[0,0,0],[1,0,0],[0,1,0],[56,68,159]]
[[0,0,0],[1,0,0],[0,1,0],[106,107,159]]
[[0,0,0],[1,0,0],[0,1,0],[45,46,159]]
[[0,0,0],[1,0,0],[0,1,0],[57,25,159]]
[[0,0,0],[1,0,0],[0,1,0],[87,20,159]]
[[0,0,0],[1,0,0],[0,1,0],[30,13,159]]
[[0,0,0],[1,0,0],[0,1,0],[4,8,159]]
[[0,0,0],[1,0,0],[0,1,0],[4,64,159]]
[[0,0,0],[1,0,0],[0,1,0],[87,121,159]]
[[0,0,0],[1,0,0],[0,1,0],[2,79,159]]
[[0,0,0],[1,0,0],[0,1,0],[65,148,159]]
[[0,0,0],[1,0,0],[0,1,0],[28,44,159]]
[[0,0,0],[1,0,0],[0,1,0],[21,118,159]]
[[0,0,0],[1,0,0],[0,1,0],[6,64,159]]
[[0,0,0],[1,0,0],[0,1,0],[42,28,159]]
[[0,0,0],[1,0,0],[0,1,0],[6,76,159]]
[[0,0,0],[1,0,0],[0,1,0],[3,103,159]]
[[0,0,0],[1,0,0],[0,1,0],[44,158,159]]
[[0,0,0],[1,0,0],[0,1,0],[18,19,159]]
[[0,0,0],[1,0,0],[0,1,0],[10,29,159]]
[[0,0,0],[1,0,0],[0,1,0],[15,82,159]]
[[0,0,0],[1,0,0],[0,1,0],[42,148,159]]
[[0,0,0],[1,0,0],[0,1,0],[69,139,159]]
[[0,0,0],[1,0,0],[0,1,0],[14,67,159]]
[[0,0,0],[1,0,0],[0,1,0],[2,70,159]]
[[0,0,0],[1,0,0],[0,1,0],[41,101,159]]
[[0,0,0],[1,0,0],[0,1,0],[9,115,159]]
[[0,0,0],[1,0,0],[0,1,0],[19,38,159]]
[[0,0,0],[1,0,0],[0,1,0],[59,101,159]]
[[0,0,0],[1,0,0],[0,1,0],[11,86,159]]
[[0,0,0],[1,0,0],[0,1,0],[15,148,159]]
[[0,0,0],[1,0,0],[0,1,0],[12,10,159]]
[[0,0,0],[1,0,0],[0,1,0],[17,122,159]]
[[0,0,0],[1,0,0],[0,1,0],[1,13,159]]
[[0,0,0],[1,0,0],[0,1,0],[12,136,159]]
[[0,0,0],[1,0,0],[0,1,0],[18,37,159]]
[[0,0,0],[1,0,0],[0,1,0],[19,148,159]]
[[0,0,0],[1,0,0],[0,1,0],[9,16,159]]
[[0,0,0],[1,0,0],[0,1,0],[26,44,159]]
[[0,0,0],[1,0,0],[0,1,0],[107,122,159]]
[[0,0,0],[1,0,0],[0,1,0],[27,19,159]]
[[0,0,0],[1,0,0],[0,1,0],[81,88,159]]
[[0,0,0],[1,0,0],[0,1,0],[9,94,159]]
[[0,0,0],[1,0,0],[0,1,0],[6,58,159]]
[[0,0,0],[1,0,0],[0,1,0],[56,110,159]]
[[0,0,0],[1,0,0],[0,1,0],[8,149,159]]
[[0,0,0],[1,0,0],[0,1,0],[6,25,159]]
[[0,0,0],[1,0,0],[0,1,0],[5,14,159]]
[[0,0,0],[1,0,0],[0,1,0],[12,42,159]]
[[0,0,0],[1,0,0],[0,1,0],[42,118,159]]
[[0,0,0],[1,0,0],[0,1,0],[5,137,159]]
[[0,0,0],[1,0,0],[0,1,0],[26,134,159]]
[[0,0,0],[1,0,0],[0,1,0],[24,19,159]]
[[0,0,0],[1,0,0],[0,1,0],[13,41,159]]
[[0,0,0],[1,0,0],[0,1,0],[26,31,159]]
[[0,0,0],[1,0,0],[0,1,0],[5,95,159]]
[[0,0,0],[1,0,0],[0,1,0],[11,64,159]]
[[0,0,0],[1,0,0],[0,1,0],[6,121,159]]
[[0,0,0],[1,0,0],[0,1,0],[9,58,159]]
[[0,0,0],[1,0,0],[0,1,0],[57,118,159]]
[[0,0,0],[1,0,0],[0,1,0],[12,46,159]]
[[0,0,0],[1,0,0],[0,1,0],[30,88,159]]
[[0,0,0],[1,0,0],[0,1,0],[27,148,159]]
[[0,0,0],[1,0,0],[0,1,0],[5,107,159]]
[[0,0,0],[1,0,0],[0,1,0],[108,158,159]]
[[0,0,0],[1,0,0],[0,1,0],[6,91,159]]
[[0,0,0],[1,0,0],[0,1,0],[102,94,159]]
[[0,0,0],[1,0,0],[0,1,0],[1,37,159]]
[[0,0,0],[1,0,0],[0,1,0],[6,94,159]]
[[0,0,0],[1,0,0],[0,1,0],[3,1,159]]
[[0,0,0],[1,0,0],[0,1,0],[5,131,159]]
[[0,0,0],[1,0,0],[0,1,0],[30,37,159]]
[[0,0,0],[1,0,0],[0,1,0],[26,86,159]]
[[0,0,0],[1,0,0],[0,1,0],[36,145,159]]
[[0,0,0],[1,0,0],[0,1,0],[84,129,159]]
[[0,0,0],[1,0,0],[0,1,0],[7,26,159]]
[[0,0,0],[1,0,0],[0,1,0],[7,67,159]]
[[0,0,0],[1,0,0],[0,1,0],[10,52,159]]
[[0,0,0],[1,0,0],[0,1,0],[59,134,159]]
[[0,0,0],[1,0,0],[0,1,0],[48,43,159]]
[[0,0,0],[1,0,0],[0,1,0],[18,124,159]]
[[0,0,0],[1,0,0],[0,1,0],[2,49,159]]
[[0,0,0],[1,0,0],[0,1,0],[31,61,159]]
[[0,0,0],[1,0,0],[0,1,0],[4,34,159]]
[[0,0,0],[1,0,0],[0,1,0],[8,122,159]]
[[0,0,0],[1,0,0],[0,1,0],[9,61,159]]
[[0,0,0],[1,0,0],[0,1,0],[5,7,159]]
[[0,0,0],[1,0,0],[0,1,0],[25,146,159]]
[[0,0,0],[1,0,0],[0,1,0],[15,97,159]]
[[0,0,0],[1,0,0],[0,1,0],[15,92,159]]
[[0,0,0],[1,0,0],[0,1,0],[30,100,159]]
[[0,0,0],[1,0,0],[0,1,0],[3,100,159]]
[[0,0,0],[1,0,0],[0,1,0],[14,34,159]]
[[0,0,0],[1,0,0],[0,1,0],[42,52,159]]
[[0,0,0],[1,0,0],[0,1,0],[57,31,159]]
[[0,0,0],[1,0,0],[0,1,0],[22,143,159]]
[[0,0,0],[1,0,0],[0,1,0],[4,74,159]]
[[0,0,0],[1,0,0],[0,1,0],[81,132,159]]
[[0,0,0],[1,0,0],[0,1,0],[4,65,159]]
[[0,0,0],[1,0,0],[0,1,0],[26,77,159]]
[[0,0,0],[1,0,0],[0,1,0],[13,28,159]]
[[0,0,0],[1,0,0],[0,1,0],[56,149,159]]
[[0,0,0],[1,0,0],[0,1,0],[21,1,159]]
[[0,0,0],[1,0,0],[0,1,0],[15,67,159]]
[[0,0,0],[1,0,0],[0,1,0],[13,52,159]]
[[0,0,0],[1,0,0],[0,1,0],[56,86,159]]
[[0,0,0],[1,0,0],[0,1,0],[10,34,159]]
[[0,0,0],[1,0,0],[0,1,0],[17,61,159]]
[[0,0,0],[1,0,0],[0,1,0],[63,121,159]]
[[0,0,0],[1,0,0],[0,1,0],[51,127,159]]
[[0,0,0],[1,0,0],[0,1,0],[66,130,159]]
[[0,0,0],[1,0,0],[0,1,0],[5,32,159]]
[[0,0,0],[1,0,0],[0,1,0],[93,118,159]]
[[0,0,0],[1,0,0],[0,1,0],[23,152,159]]
[[0,0,0],[1,0,0],[0,1,0],[13,50,159]]
[[0,0,0],[1,0,0],[0,1,0],[41,152,159]]
[[0,0,0],[1,0,0],[0,1,0],[15,157,159]]
[[0,0,0],[1,0,0],[0,1,0],[14,113,159]]
[[0,0,0],[1,0,0],[0,1,0],[74,158,159]]
[[0,0,0],[1,0,0],[0,1,0],[8,47,159]]
[[0,0,0],[1,0,0],[0,1,0],[39,43,159]]
[[0,0,0],[1,0,0],[0,1,0],[14,22,159]]
[[0,0,0],[1,0,0],[0,1,0],[22,61,159]]
[[0,0,0],[1,0,0],[0,1,0],[35,128,159]]
[[0,0,0],[1,0,0],[0,1,0],[46,61,159]]
[[0,0,0],[1,0,0],[0,1,0],[48,25,159]]
[[0,0,0],[1,0,0],[0,1,0],[3,130,159]]
[[0,0,0],[1,0,0],[0,1,0],[88,107,159]]
[[0,0,0],[1,0,0],[0,1,0],[18,49,159]]
[[0,0,0],[1,0,0],[0,1,0],[12,103,159]]
[[0,0,0],[1,0,0],[0,1,0],[17,110,159]]
[[0,0,0],[1,0,0],[0,1,0],[18,64,159]]
[[0,0,0],[1,0,0],[0,1,0],[11,83,159]]
[[0,0,0],[1,0,0],[0,1,0],[36,31,159]]
[[0,0,0],[1,0,0],[0,1,0],[28,133,159]]
[[0,0,0],[1,0,0],[0,1,0],[5,89,159]]
[[0,0,0],[1,0,0],[0,1,0],[21,16,159]]
[[0,0,0],[1,0,0],[0,1,0],[42,4,159]]
[[0,0,0],[1,0,0],[0,1,0],[27,52,159]]
[[0,0,0],[1,0,0],[0,1,0],[34,38,159]]
[[0,0,0],[1,0,0],[0,1,0],[8,77,159]]
[[0,0,0],[1,0,0],[0,1,0],[117,149,159]]
[[0,0,0],[1,0,0],[0,1,0],[2,4,159]]
[[0,0,0],[1,0,0],[0,1,0],[96,70,159]]
[[0,0,0],[1,0,0],[0,1,0],[12,37,159]]
[[0,0,0],[1,0,0],[0,1,0],[5,13,159]]
[[0,0,0],[1,0,0],[0,1,0],[18,28,159]]
[[0,0,0],[1,0,0],[0,1,0],[8,11,159]]
[[0,0,0],[1,0,0],[0,1,0],[17,89,159]]
[[0,0,0],[1,0,0],[0,1,0],[14,62,159]]
[[0,0,0],[1,0,0],[0,1,0],[87,133,159]]
[[0,0,0],[1,0,0],[0,1,0],[27,7,159]]
[[0,0,0],[1,0,0],[0,1,0],[39,68,159]]
[[0,0,0],[1,0,0],[0,1,0],[17,50,159]]
[[0,0,0],[1,0,0],[0,1,0],[26,95,159]]
[[0,0,0],[1,0,0],[0,1,0],[3,13,159]]
[[0,0,0],[1,0,0],[0,1,0],[4,47,159]]
[[0,0,0],[1,0,0],[0,1,0],[92,92,159]]
[[0,0,0],[1,0,0],[0,1,0],[45,55,159]]
[[0,0,0],[1,0,0],[0,1,0],[1,44,159]]
[[0,0,0],[1,0,0],[0,1,0],[12,82,159]]
[[0,0,0],[1,0,0],[0,1,0],[2,68,159]]
[[0,0,0],[1,0,0],[0,1,0],[3,82,159]]
[[0,0,0],[1,0,0],[0,1,0],[11,89,159]]
[[0,0,0],[1,0,0],[0,1,0],[17,95,159]]
[[0,0,0],[1,0,0],[0,1,0],[48,55,159]]
[[0,0,0],[1,0,0],[0,1,0],[14,104,159]]
[[0,0,0],[1,0,0],[0,1,0],[5,44,159]]
[[0,0,0],[1,0,0],[0,1,0],[5,35,159]]
[[0,0,0],[1,0,0],[0,1,0],[30,64,159]]
[[0,0,0],[1,0,0],[0,1,0],[14,17,159]]
[[0,0,0],[1,0,0],[0,1,0],[63,154,159]]
[[0,0,0],[1,0,0],[0,1,0],[69,151,159]]
[[0,0,0],[1,0,0],[0,1,0],[64,103,159]]
[[0,0,0],[1,0,0],[0,1,0],[36,154,159]]
[[0,0,0],[1,0,0],[0,1,0],[97,107,159]]
[[0,0,0],[1,0,0],[0,1,0],[23,83,159]]
[[0,0,0],[1,0,0],[0,1,0],[24,7,159]]
[[0,0,0],[1,0,0],[0,1,0],[7,31,159]]
[[0,0,0],[1,0,0],[0,1,0],[41,56,159]]
[[0,0,0],[1,0,0],[0,1,0],[65,68,159]]
[[0,0,0],[1,0,0],[0,1,0],[35,119,159]]
[[0,0,0],[1,0,0],[0,1,0],[22,43,159]]
[[0,0,0],[1,0,0],[0,1,0],[4,31,159]]
[[0,0,0],[1,0,0],[0,1,0],[35,74,159]]
[[0,0,0],[1,0,0],[0,1,0],[48,7,159]]
[[0,0,0],[1,0,0],[0,1,0],[3,142,159]]
[[0,0,0],[1,0,0],[0,1,0],[7,10,159]]
[[0,0,0],[1,0,0],[0,1,0],[3,51,159]]
[[0,0,0],[1,0,0],[0,1,0],[19,19,159]]
[[0,0,0],[1,0,0],[0,1,0],[9,37,159]]
[[0,0,0],[1,0,0],[0,1,0],[3,10,159]]
[[0,0,0],[1,0,0],[0,1,0],[45,127,159]]
[[0,0,0],[1,0,0],[0,1,0],[8,158,159]]
[[0,0,0],[1,0,0],[0,1,0],[68,68,159]]
[[0,0,0],[1,0,0],[0,1,0],[2,146,159]]
[[0,0,0],[1,0,0],[0,1,0],[14,149,159]]
[[0,0,0],[1,0,0],[0,1,0],[13,59,159]]
[[0,0,0],[1,0,0],[0,1,0],[1,10,159]]
[[0,0,0],[1,0,0],[0,1,0],[48,130,159]]
[[0,0,0],[1,0,0],[0,1,0],[39,154,159]]
[[0,0,0],[1,0,0],[0,1,0],[1,58,159]]
[[0,0,0],[1,0,0],[0,1,0],[15,43,159]]
[[0,0,0],[1,0,0],[0,1,0],[24,10,159]]
[[0,0,0],[1,0,0],[0,1,0],[2,83,159]]
[[0,0,0],[1,0,0],[0,1,0],[24,4,159]]
[[0,0,0],[1,0,0],[0,1,0],[116,158,159]]
[[0,0,0],[1,0,0],[0,1,0],[6,22,159]]
[[0,0,0],[1,0,0],[0,1,0],[44,95,159]]
[[0,0,0],[1,0,0],[0,1,0],[2,92,159]]
[[0,0,0],[1,0,0],[0,1,0],[93,14,159]]
[[0,0,0],[1,0,0],[0,1,0],[18,70,159]]
[[0,0,0],[1,0,0],[0,1,0],[21,88,159]]
[[0,0,0],[1,0,0],[0,1,0],[38,68,159]]
[[0,0,0],[1,0,0],[0,1,0],[15,49,159]]
[[0,0,0],[1,0,0],[0,1,0],[6,31,159]]
[[0,0,0],[1,0,0],[0,1,0],[36,13,159]]
[[0,0,0],[1,0,0],[0,1,0],[19,46,159]]
[[0,0,0],[1,0,0],[0,1,0],[4,29,159]]
[[0,0,0],[1,0,0],[0,1,0],[65,86,159]]
[[0,0,0],[1,0,0],[0,1,0],[25,50,159]]
[[0,0,0],[1,0,0],[0,1,0],[5,143,159]]
[[0,0,0],[1,0,0],[0,1,0],[123,52,159]]
[[0,0,0],[1,0,0],[0,1,0],[24,79,159]]
[[0,0,0],[1,0,0],[0,1,0],[11,140,159]]
[[0,0,0],[1,0,0],[0,1,0],[28,46,159]]
[[0,0,0],[1,0,0],[0,1,0],[27,151,159]]
[[0,0,0],[1,0,0],[0,1,0],[81,100,159]]
[[0,0,0],[1,0,0],[0,1,0],[57,1,159]]
[[0,0,0],[1,0,0],[0,1,0],[46,52,159]]
[[0,0,0],[1,0,0],[0,1,0],[2,58,159]]
[[0,0,0],[1,0,0],[0,1,0],[66,145,159]]
[[0,0,0],[1,0,0],[0,1,0],[7,68,159]]
[[0,0,0],[1,0,0],[0,1,0],[7,74,159]]
[[0,0,0],[1,0,0],[0,1,0],[45,49,159]]
[[0,0,0],[1,0,0],[0,1,0],[45,28,159]]
[[0,0,0],[1,0,0],[0,1,0],[2,80,159]]
[[0,0,0],[1,0,0],[0,1,0],[10,58,159]]
[[0,0,0],[1,0,0],[0,1,0],[74,92,159]]
[[0,0,0],[1,0,0],[0,1,0],[17,37,159]]
[[0,0,0],[1,0,0],[0,1,0],[105,82,159]]
[[0,0,0],[1,0,0],[0,1,0],[120,40,159]]
[[0,0,0],[1,0,0],[0,1,0],[24,97,159]]
[[0,0,0],[1,0,0],[0,1,0],[23,55,159]]
[[0,0,0],[1,0,0],[0,1,0],[21,85,159]]
[[0,0,0],[1,0,0],[0,1,0],[15,58,159]]
[[0,0,0],[1,0,0],[0,1,0],[14,77,159]]
[[0,0,0],[1,0,0],[0,1,0],[17,67,159]]
[[0,0,0],[1,0,0],[0,1,0],[21,157,159]]
[[0,0,0],[1,0,0],[0,1,0],[24,43,159]]
[[0,0,0],[1,0,0],[0,1,0],[12,4,159]]
[[0,0,0],[1,0,0],[0,1,0],[14,68,159]]
[[0,0,0],[1,0,0],[0,1,0],[77,119,159]]
[[0,0,0],[1,0,0],[0,1,0],[14,73,159]]
[[0,0,0],[1,0,0],[0,1,0],[86,86,159]]
[[0,0,0],[1,0,0],[0,1,0],[4,62,159]]
[[0,0,0],[1,0,0],[0,1,0],[77,77,159]]
[[0,0,0],[1,0,0],[0,1,0],[60,1,159]]
[[0,0,0],[1,0,0],[0,1,0],[19,88,159]]
[[0,0,0],[1,0,0],[0,1,0],[18,115,159]]
[[0,0,0],[1,0,0],[0,1,0],[2,125,159]]
[[0,0,0],[1,0,0],[0,1,0],[7,47,159]]
[[0,0,0],[1,0,0],[0,1,0],[7,37,159]]
[[0,0,0],[1,0,0],[0,1,0],[33,79,159]]
[[0,0,0],[1,0,0],[0,1,0],[22,146,159]]
[[0,0,0],[1,0,0],[0,1,0],[1,4,159]]
[[0,0,0],[1,0,0],[0,1,0],[12,19,159]]
[[0,0,0],[1,0,0],[0,1,0],[2,137,159]]
[[0,0,0],[1,0,0],[0,1,0],[11,41,159]]
[[0,0,0],[1,0,0],[0,1,0],[48,22,159]]
[[0,0,0],[1,0,0],[0,1,0],[18,1,159]]
[[0,0,0],[1,0,0],[0,1,0],[14,151,159]]
[[0,0,0],[1,0,0],[0,1,0],[35,113,159]]
[[0,0,0],[1,0,0],[0,1,0],[12,79,159]]
[[0,0,0],[1,0,0],[0,1,0],[0,1,159]]
[[0,0,0],[1,0,0],[0,1,0],[42,151,159]]
[[0,0,0],[1,0,0],[0,1,0],[27,73,159]]
[[0,0,0],[1,0,0],[0,1,0],[8,22,159]]
[[0,0,0],[1,0,0],[0,1,0],[11,92,159]]
[[0,0,0],[1,0,0],[0,1,0],[2,28,159]]
[[0,0,0],[1,0,0],[0,1,0],[14,128,159]]
[[0,0,0],[1,0,0],[0,1,0],[77,86,159]]
[[0,0,0],[1,0,0],[0,1,0],[4,38,159]]
[[0,0,0],[1,0,0],[0,1,0],[68,110,159]]
[[0,0,0],[1,0,0],[0,1,0],[11,23,159]]
[[0,0,0],[1,0,0],[0,1,0],[24,83,159]]
[[0,0,0],[1,0,0],[0,1,0],[19,149,159]]
[[0,0,0],[1,0,0],[0,1,0],[11,14,159]]
