[[0,0,0],[1,0,0],[0,1,0],[9,38,163]]
[[0,0,0],[1,0,0],[0,1,0],[5,18,163]]
[[0,0,0],[1,0,0],[0,1,0],[8,27,163]]
[[0,0,0],[1,0,0],[0,1,0],[17,24,163]]
[[0,0,0],[1,0,0],[0,1,0],[50,131,163]]
[[0,0,0],[1,0,0],[0,1,0],[1,3,163]]
[[0,0,0],[1,0,0],[0,1,0],[26,61,163]]
[[0,0,0],[1,0,0],[0,1,0],[28,55,163]]
[[0,0,0],[1,0,0],[0,1,0],[18,25,163]]
[[0,0,0],[1,0,0],[0,1,0],[3,74,163]]
[[0,0,0],[1,0,0],[0,1,0],[4,39,163]]
[[0,0,0],[1,0,0],[0,1,0],[4,160,163]]
[[0,0,0],[1,0,0],[0,1,0],[33,59,163]]
[[0,0,0],[1,0,0],[0,1,0],[6,39,163]]
[[0,0,0],[1,0,0],[0,1,0],[54,127,163]]
[[0,0,0],[1,0,0],[0,1,0],[9,16,163]]
[[0,0,0],[1,0,0],[0,1,0],[13,17,163]]
[[0,0,0],[1,0,0],[0,1,0],[9,30,163]]
[[0,0,0],[1,0,0],[0,1,0],[22,69,163]]
[[0,0,0],[1,0,0],[0,1,0],[12,19,163]]
[[0,0,0],[1,0,0],[0,1,0],[14,59,163]]
[[0,0,0],[1,0,0],[0,1,0],[9,62,163]]
[[0,0,0],[1,0,0],[0,1,0],[3,36,163]]
[[0,0,0],[1,0,0],[0,1,0],[6,52,163]]
[[0,0,0],[1,0,0],[0,1,0],[7,160,163]]
[[0,0,0],[1,0,0],[0,1,0],[18,62,163]]
[[0,0,0],[1,0,0],[0,1,0],[6,59,163]]
[[0,0,0],[1,0,0],[0,1,0],[17,153,163]]
[[0,0,0],[1,0,0],[0,1,0],[19,31,163]]
[[0,0,0],[1,0,0],[0,1,0],[4,33,163]]
[[0,0,0],[1,0,0],[0,1,0],[2,79,163]]
[[0,0,0],[1,0,0],[0,1,0],[5,46,163]]
[[0,0,0],[1,0,0],[0,1,0],[21,55,163]]
[[0,0,0],[1,0,0],[0,1,0],[4,57,163]]
[[0,0,0],[1,0,0],[0,1,0],[3,72,163]]
[[0,0,0],[1,0,0],[0,1,0],[17,55,163]]
[[0,0,0],[1,0,0],[0,1,0],[2,33,163]]
[[0,0,0],[1,0,0],[0,1,0],[16,52,163]]
[[0,0,0],[1,0,0],[0,1,0],[4,56,163]]
[[0,0,0],[1,0,0],[0,1,0],[43,129,163]]
[[0,0,0],[1,0,0],[0,1,0],[7,23,163]]
[[0,0,0],[1,0,0],[0,1,0],[7,55,163]]
[[0,0,0],[1,0,0],[0,1,0],[3,49,163]]
[[0,0,0],[1,0,0],[0,1,0],[16,69,163]]
[[0,0,0],[1,0,0],[0,1,0],[28,28,163]]
[[0,0,0],[1,0,0],[0,1,0],[1,26,163]]
[[0,0,0],[1,0,0],[0,1,0],[9,76,163]]
[[0,0,0],[1,0,0],[0,1,0],[21,57,163]]
[[0,0,0],[1,0,0],[0,1,0],[22,147,163]]
[[0,0,0],[1,0,0],[0,1,0],[27,38,163]]
[[0,0,0],[1,0,0],[0,1,0],[2,45,163]]
[[0,0,0],[1,0,0],[0,1,0],[17,149,163]]
[[0,0,0],[1,0,0],[0,1,0],[15,66,163]]
[[0,0,0],[1,0,0],[0,1,0],[17,22,163]]
[[0,0,0],[1,0,0],[0,1,0],[10,44,163]]
[[0,0,0],[1,0,0],[0,1,0],[55,110,163]]
[[0,0,0],[1,0,0],[0,1,0],[12,56,163]]
[[0,0,0],[1,0,0],[0,1,0],[1,39,163]]
[[0,0,0],[1,0,0],[0,1,0],[12,35,163]]
[[0,0,0],[1,0,0],[0,1,0],[7,68,163]]
[[0,0,0],[1,0,0],[0,1,0],[19,25,163]]
[[0,0,0],[1,0,0],[0,1,0],[6,18,163]]
[[0,0,0],[1,0,0],[0,1,0],[11,68,163]]
[[0,0,0],[1,0,0],[0,1,0],[17,53,163]]
[[0,0,0],[1,0,0],[0,1,0],[8,15,163]]
[[0,0,0],[1,0,0],[0,1,0],[7,35,163]]
[[0,0,0],[1,0,0],[0,1,0],[22,22,163]]
[[0,0,0],[1,0,0],[0,1,0],[3,43,163]]
[[0,0,0],[1,0,0],[0,1,0],[19,71,163]]
[[0,0,0],[1,0,0],[0,1,0],[13,22,163]]
[[0,0,0],[1,0,0],[0,1,0],[7,49,163]]
[[0,0,0],[1,0,0],[0,1,0],[40,62,163]]
[[0,0,0],[1,0,0],[0,1,0],[13,38,163]]
[[0,0,0],[1,0,0],[0,1,0],[25,141,163]]
[[0,0,0],[1,0,0],[0,1,0],[29,142,163]]
[[0,0,0],[1,0,0],[0,1,0],[2,11,163]]
[[0,0,0],[1,0,0],[0,1,0],[3,17,163]]
[[0,0,0],[1,0,0],[0,1,0],[21,143,163]]
[[0,0,0],[1,0,0],[0,1,0],[47,118,163]]
[[0,0,0],[1,0,0],[0,1,0],[10,27,163]]
[[0,0,0],[1,0,0],[0,1,0],[11,28,163]]
[[0,0,0],[1,0,0],[0,1,0],[14,154,163]]
[[0,0,0],[1,0,0],[0,1,0],[3,32,163]]
[[0,0,0],[1,0,0],[0,1,0],[9,33,163]]
[[0,0,0],[1,0,0],[0,1,0],[7,32,163]]
[[0,0,0],[1,0,0],[0,1,0],[15,32,163]]
[[0,0,0],[1,0,0],[0,1,0],[27,43,163]]
[[0,0,0],[1,0,0],[0,1,0],[58,113,163]]
[[0,0,0],[1,0,0],[0,1,0],[3,77,163]]
[[0,0,0],[1,0,0],[0,1,0],[2,20,163]]
[[0,0,0],[1,0,0],[0,1,0],[8,56,163]]
[[0,0,0],[1,0,0],[0,1,0],[2,28,163]]
[[0,0,0],[1,0,0],[0,1,0],[25,147,163]]
[[0,0,0],[1,0,0],[0,1,0],[2,2,163]]
[[0,0,0],[1,0,0],[0,1,0],[2,51,163]]
[[0,0,0],[1,0,0],[0,1,0],[19,29,163]]
[[0,0,0],[1,0,0],[0,1,0],[7,11,163]]
[[0,0,0],[1,0,0],[0,1,0],[5,27,163]]
[[0,0,0],[1,0,0],[0,1,0],[2,15,163]]
[[0,0,0],[1,0,0],[0,1,0],[4,80,163]]
[[0,0,0],[1,0,0],[0,1,0],[6,8,163]]
[[0,0,0],[1,0,0],[0,1,0],[21,60,163]]
[[0,0,0],[1,0,0],[0,1,0],[33,146,163]]
[[0,0,0],[1,0,0],[0,1,0],[23,26,163]]
[[0,0,0],[1,0,0],[0,1,0],[13,18,163]]
[[0,0,0],[1,0,0],[0,1,0],[12,46,163]]
[[0,0,0],[1,0,0],[0,1,0],[2,22,163]]
[[0,0,0],[1,0,0],[0,1,0],[9,12,163]]
[[0,0,0],[1,0,0],[0,1,0],[4,60,163]]
[[0,0,0],[1,0,0],[0,1,0],[21,66,163]]
[[0,0,0],[1,0,0],[0,1,0],[3,26,163]]
[[0,0,0],[1,0,0],[0,1,0],[2,70,163]]
[[0,0,0],[1,0,0],[0,1,0],[14,63,163]]
[[0,0,0],[1,0,0],[0,1,0],[14,32,163]]
[[0,0,0],[1,0,0],[0,1,0],[2,38,163]]
[[0,0,0],[1,0,0],[0,1,0],[10,24,163]]
[[0,0,0],[1,0,0],[0,1,0],[30,62,163]]
[[0,0,0],[1,0,0],[0,1,0],[5,12,163]]
[[0,0,0],[1,0,0],[0,1,0],[2,56,163]]
[[0,0,0],[1,0,0],[0,1,0],[2,68,163]]
[[0,0,0],[1,0,0],[0,1,0],[13,67,163]]
[[0,0,0],[1,0,0],[0,1,0],[13,34,163]]
[[0,0,0],[1,0,0],[0,1,0],[12,22,163]]
[[0,0,0],[1,0,0],[0,1,0],[23,149,163]]
[[0,0,0],[1,0,0],[0,1,0],[27,64,163]]
[[0,0,0],[1,0,0],[0,1,0],[20,20,163]]
[[0,0,0],[1,0,0],[0,1,0],[36,47,163]]
[[0,0,0],[1,0,0],[0,1,0],[3,28,163]]
[[0,0,0],[1,0,0],[0,1,0],[7,157,163]]
[[0,0,0],[1,0,0],[0,1,0],[2,42,163]]
[[0,0,0],[1,0,0],[0,1,0],[18,34,163]]
[[0,0,0],[1,0,0],[0,1,0],[2,61,163]]
[[0,0,0],[1,0,0],[0,1,0],[19,50,163]]
[[0,0,0],[1,0,0],[0,1,0],[3,64,163]]
[[0,0,0],[1,0,0],[0,1,0],[26,149,163]]
[[0,0,0],[1,0,0],[0,1,0],[5,66,163]]
[[0,0,0],[1,0,0],[0,1,0],[12,153,163]]
[[0,0,0],[1,0,0],[0,1,0],[23,143,163]]
[[0,0,0],[1,0,0],[0,1,0],[32,139,163]]
[[0,0,0],[1,0,0],[0,1,0],[21,29,163]]
[[0,0,0],[1,0,0],[0,1,0],[5,22,163]]
[[0,0,0],[1,0,0],[0,1,0],[29,44,163]]
[[0,0,0],[1,0,0],[0,1,0],[16,25,163]]
[[0,0,0],[1,0,0],[0,1,0],[5,33,163]]
[[0,0,0],[1,0,0],[0,1,0],[16,40,163]]
[[0,0,0],[1,0,0],[0,1,0],[1,55,163]]
[[0,0,0],[1,0,0],[0,1,0],[19,64,163]]
[[0,0,0],[1,0,0],[0,1,0],[6,45,163]]
[[0,0,0],[1,0,0],[0,1,0],[25,142,163]]
[[0,0,0],[1,0,0],[0,1,0],[20,32,163]]
[[0,0,0],[1,0,0],[0,1,0],[7,67,163]]
[[0,0,0],[1,0,0],[0,1,0],[6,53,163]]
[[0,0,0],[1,0,0],[0,1,0],[15,30,163]]
[[0,0,0],[1,0,0],[0,1,0],[6,70,163]]
[[0,0,0],[1,0,0],[0,1,0],[2,3,163]]
[[0,0,0],[1,0,0],[0,1,0],[20,56,163]]
[[0,0,0],[1,0,0],[0,1,0],[16,47,163]]
[[0,0,0],[1,0,0],[0,1,0],[9,11,163]]
[[0,0,0],[1,0,0],[0,1,0],[5,32,163]]
[[0,0,0],[1,0,0],[0,1,0],[6,29,163]]
[[0,0,0],[1,0,0],[0,1,0],[10,154,163]]
[[0,0,0],[1,0,0],[0,1,0],[12,33,163]]
[[0,0,0],[1,0,0],[0,1,0],[30,42,163]]
[[0,0,0],[1,0,0],[0,1,0],[10,35,163]]
[[0,0,0],[1,0,0],[0,1,0],[7,17,163]]
[[0,0,0],[1,0,0],[0,1,0],[4,31,163]]
[[0,0,0],[1,0,0],[0,1,0],[3,78,163]]
[[0,0,0],[1,0,0],[0,1,0],[2,54,163]]
[[0,0,0],[1,0,0],[0,1,0],[16,20,163]]
[[0,0,0],[1,0,0],[0,1,0],[9,157,163]]
[[0,0,0],[1,0,0],[0,1,0],[3,11,163]]
[[0,0,0],[1,0,0],[0,1,0],[10,40,163]]
[[0,0,0],[1,0,0],[0,1,0],[20,33,163]]
[[0,0,0],[1,0,0],[0,1,0],[4,62,163]]
[[0,0,0],[1,0,0],[0,1,0],[16,149,163]]
[[0,0,0],[1,0,0],[0,1,0],[8,63,163]]
[[0,0,0],[1,0,0],[0,1,0],[17,63,163]]
[[0,0,0],[1,0,0],[0,1,0],[21,21,163]]
[[0,0,0],[1,0,0],[0,1,0],[28,31,163]]
[[0,0,0],[1,0,0],[0,1,0],[4,14,163]]
[[0,0,0],[1,0,0],[0,1,0],[7,77,163]]
[[0,0,0],[1,0,0],[0,1,0],[7,64,163]]
[[0,0,0],[1,0,0],[0,1,0],[12,20,163]]
[[0,0,0],[1,0,0],[0,1,0],[7,66,163]]
[[0,0,0],[1,0,0],[0,1,0],[29,55,163]]
[[0,0,0],[1,0,0],[0,1,0],[7,71,163]]
[[0,0,0],[1,0,0],[0,1,0],[2,35,163]]
[[0,0,0],[1,0,0],[0,1,0],[10,29,163]]
[[0,0,0],[1,0,0],[0,1,0],[1,32,163]]
[[0,0,0],[1,0,0],[0,1,0],[5,5,163]]
[[0,0,0],[1,0,0],[0,1,0],[7,65,163]]
[[0,0,0],[1,0,0],[0,1,0],[25,45,163]]
[[0,0,0],[1,0,0],[0,1,0],[7,50,163]]
[[0,0,0],[1,0,0],[0,1,0],[12,21,163]]
[[0,0,0],[1,0,0],[0,1,0],[3,12,163]]
[[0,0,0],[1,0,0],[0,1,0],[14,42,163]]
[[0,0,0],[1,0,0],[0,1,0],[9,13,163]]
[[0,0,0],[1,0,0],[0,1,0],[4,63,163]]
[[0,0,0],[1,0,0],[0,1,0],[5,48,163]]
[[0,0,0],[1,0,0],[0,1,0],[16,58,163]]
[[0,0,0],[1,0,0],[0,1,0],[6,71,163]]
[[0,0,0],[1,0,0],[0,1,0],[24,44,163]]
[[0,0,0],[1,0,0],[0,1,0],[5,161,163]]
[[0,0,0],[1,0,0],[0,1,0],[7,9,163]]
[[0,0,0],[1,0,0],[0,1,0],[5,39,163]]
[[0,0,0],[1,0,0],[0,1,0],[14,153,163]]
[[0,0,0],[1,0,0],[0,1,0],[15,57,163]]
[[0,0,0],[1,0,0],[0,1,0],[16,71,163]]
[[0,0,0],[1,0,0],[0,1,0],[17,62,163]]
[[0,0,0],[1,0,0],[0,1,0],[21,30,163]]
[[0,0,0],[1,0,0],[0,1,0],[9,156,163]]
[[0,0,0],[1,0,0],[0,1,0],[13,73,163]]
[[0,0,0],[1,0,0],[0,1,0],[25,53,163]]
[[0,0,0],[1,0,0],[0,1,0],[9,20,163]]
[[0,0,0],[1,0,0],[0,1,0],[17,152,163]]
[[0,0,0],[1,0,0],[0,1,0],[14,19,163]]
[[0,0,0],[1,0,0],[0,1,0],[7,20,163]]
[[0,0,0],[1,0,0],[0,1,0],[1,33,163]]
[[0,0,0],[1,0,0],[0,1,0],[20,144,163]]
[[0,0,0],[1,0,0],[0,1,0],[11,22,163]]
[[0,0,0],[1,0,0],[0,1,0],[19,27,163]]
[[0,0,0],[1,0,0],[0,1,0],[25,31,163]]
[[0,0,0],[1,0,0],[0,1,0],[21,23,163]]
[[0,0,0],[1,0,0],[0,1,0],[23,60,163]]
[[0,0,0],[1,0,0],[0,1,0],[1,21,163]]
[[0,0,0],[1,0,0],[0,1,0],[14,66,163]]
[[0,0,0],[1,0,0],[0,1,0],[18,151,163]]
[[0,0,0],[1,0,0],[0,1,0],[12,62,163]]
[[0,0,0],[1,0,0],[0,1,0],[11,52,163]]
[[0,0,0],[1,0,0],[0,1,0],[7,44,163]]
[[0,0,0],[1,0,0],[0,1,0],[3,38,163]]
[[0,0,0],[1,0,0],[0,1,0],[13,58,163]]
[[0,0,0],[1,0,0],[0,1,0],[15,15,163]]
[[0,0,0],[1,0,0],[0,1,0],[17,64,163]]
[[0,0,0],[1,0,0],[0,1,0],[37,129,163]]
[[0,0,0],[1,0,0],[0,1,0],[8,54,163]]
[[0,0,0],[1,0,0],[0,1,0],[12,66,163]]
[[0,0,0],[1,0,0],[0,1,0],[12,69,163]]
[[0,0,0],[1,0,0],[0,1,0],[6,50,163]]
[[0,0,0],[1,0,0],[0,1,0],[13,37,163]]
[[0,0,0],[1,0,0],[0,1,0],[5,55,163]]
[[0,0,0],[1,0,0],[0,1,0],[4,35,163]]
[[0,0,0],[1,0,0],[0,1,0],[3,23,163]]
[[0,0,0],[1,0,0],[0,1,0],[4,27,163]]
[[0,0,0],[1,0,0],[0,1,0],[9,47,163]]
[[0,0,0],[1,0,0],[0,1,0],[25,65,163]]
[[0,0,0],[1,0,0],[0,1,0],[22,54,163]]
[[0,0,0],[1,0,0],[0,1,0],[2,67,163]]
[[0,0,0],[1,0,0],[0,1,0],[5,74,163]]
[[0,0,0],[1,0,0],[0,1,0],[9,49,163]]
[[0,0,0],[1,0,0],[0,1,0],[8,21,163]]
[[0,0,0],[1,0,0],[0,1,0],[6,10,163]]
[[0,0,0],[1,0,0],[0,1,0],[13,48,163]]
[[0,0,0],[1,0,0],[0,1,0],[12,76,163]]
[[0,0,0],[1,0,0],[0,1,0],[8,156,163]]
[[0,0,0],[1,0,0],[0,1,0],[8,77,163]]
[[0,0,0],[1,0,0],[0,1,0],[30,57,163]]
[[0,0,0],[1,0,0],[0,1,0],[5,30,163]]
[[0,0,0],[1,0,0],[0,1,0],[2,77,163]]
[[0,0,0],[1,0,0],[0,1,0],[14,30,163]]
[[0,0,0],[1,0,0],[0,1,0],[3,47,163]]
[[0,0,0],[1,0,0],[0,1,0],[2,49,163]]
[[0,0,0],[1,0,0],[0,1,0],[17,67,163]]
[[0,0,0],[1,0,0],[0,1,0],[38,59,163]]
[[0,0,0],[1,0,0],[0,1,0],[8,12,163]]
[[0,0,0],[1,0,0],[0,1,0],[11,18,163]]
[[0,0,0],[1,0,0],[0,1,0],[9,50,163]]
[[0,0,0],[1,0,0],[0,1,0],[14,150,163]]
[[0,0,0],[1,0,0],[0,1,0],[12,26,163]]
[[0,0,0],[1,0,0],[0,1,0],[36,135,163]]
[[0,0,0],[1,0,0],[0,1,0],[2,52,163]]
[[0,0,0],[1,0,0],[0,1,0],[22,65,163]]
[[0,0,0],[1,0,0],[0,1,0],[3,45,163]]
[[0,0,0],[1,0,0],[0,1,0],[32,37,163]]
[[0,0,0],[1,0,0],[0,1,0],[8,23,163]]
[[0,0,0],[1,0,0],[0,1,0],[3,60,163]]
[[0,0,0],[1,0,0],[0,1,0],[2,60,163]]
[[0,0,0],[1,0,0],[0,1,0],[23,141,163]]
[[0,0,0],[1,0,0],[0,1,0],[3,70,163]]
[[0,0,0],[1,0,0],[0,1,0],[4,23,163]]
[[0,0,0],[1,0,0],[0,1,0],[19,55,163]]
[[0,0,0],[1,0,0],[0,1,0],[13,153,163]]
[[0,0,0],[1,0,0],[0,1,0],[12,38,163]]
[[0,0,0],[1,0,0],[0,1,0],[5,9,163]]
[[0,0,0],[1,0,0],[0,1,0],[29,39,163]]
[[0,0,0],[1,0,0],[0,1,0],[14,20,163]]
[[0,0,0],[1,0,0],[0,1,0],[38,127,163]]
[[0,0,0],[1,0,0],[0,1,0],[10,30,163]]
[[0,0,0],[1,0,0],[0,1,0],[4,50,163]]
[[0,0,0],[1,0,0],[0,1,0],[6,9,163]]
[[0,0,0],[1,0,0],[0,1,0],[5,29,163]]
[[0,0,0],[1,0,0],[0,1,0],[22,143,163]]
[[0,0,0],[1,0,0],[0,1,0],[3,39,163]]
[[0,0,0],[1,0,0],[0,1,0],[11,39,163]]
[[0,0,0],[1,0,0],[0,1,0],[6,58,163]]
[[0,0,0],[1,0,0],[0,1,0],[6,17,163]]
[[0,0,0],[1,0,0],[0,1,0],[6,47,163]]
[[0,0,0],[1,0,0],[0,1,0],[5,76,163]]
[[0,0,0],[1,0,0],[0,1,0],[17,150,163]]
[[0,0,0],[1,0,0],[0,1,0],[3,65,163]]
[[0,0,0],[1,0,0],[0,1,0],[15,19,163]]
[[0,0,0],[1,0,0],[0,1,0],[3,66,163]]
[[0,0,0],[1,0,0],[0,1,0],[3,21,163]]
[[0,0,0],[1,0,0],[0,1,0],[1,9,163]]
[[0,0,0],[1,0,0],[0,1,0],[9,43,163]]
[[0,0,0],[1,0,0],[0,1,0],[31,43,163]]
[[0,0,0],[1,0,0],[0,1,0],[44,120,163]]
[[0,0,0],[1,0,0],[0,1,0],[6,14,163]]
[[0,0,0],[1,0,0],[0,1,0],[30,135,163]]
[[0,0,0],[1,0,0],[0,1,0],[2,73,163]]
[[0,0,0],[1,0,0],[0,1,0],[9,26,163]]
[[0,0,0],[1,0,0],[0,1,0],[26,62,163]]
[[0,0,0],[1,0,0],[0,1,0],[15,71,163]]
[[0,0,0],[1,0,0],[0,1,0],[8,39,163]]
[[0,0,0],[1,0,0],[0,1,0],[22,25,163]]
[[0,0,0],[1,0,0],[0,1,0],[2,76,163]]
[[0,0,0],[1,0,0],[0,1,0],[14,67,163]]
[[0,0,0],[1,0,0],[0,1,0],[26,148,163]]
[[0,0,0],[1,0,0],[0,1,0],[7,57,163]]
[[0,0,0],[1,0,0],[0,1,0],[14,40,163]]
[[0,0,0],[1,0,0],[0,1,0],[7,33,163]]
[[0,0,0],[1,0,0],[0,1,0],[6,23,163]]
[[0,0,0],[1,0,0],[0,1,0],[5,47,163]]
[[0,0,0],[1,0,0],[0,1,0],[38,52,163]]
[[0,0,0],[1,0,0],[0,1,0],[31,57,163]]
[[0,0,0],[1,0,0],[0,1,0],[13,16,163]]
[[0,0,0],[1,0,0],[0,1,0],[11,27,163]]
[[0,0,0],[1,0,0],[0,1,0],[5,42,163]]
[[0,0,0],[1,0,0],[0,1,0],[12,45,163]]
[[0,0,0],[1,0,0],[0,1,0],[10,25,163]]
[[0,0,0],[1,0,0],[0,1,0],[13,24,163]]
[[0,0,0],[1,0,0],[0,1,0],[13,29,163]]
[[0,0,0],[1,0,0],[0,1,0],[2,50,163]]
[[0,0,0],[1,0,0],[0,1,0],[4,29,163]]
[[0,0,0],[1,0,0],[0,1,0],[9,36,163]]
[[0,0,0],[1,0,0],[0,1,0],[30,30,163]]
[[0,0,0],[1,0,0],[0,1,0],[4,52,163]]
[[0,0,0],[1,0,0],[0,1,0],[5,63,163]]
[[0,0,0],[1,0,0],[0,1,0],[1,44,163]]
[[0,0,0],[1,0,0],[0,1,0],[2,62,163]]
[[0,0,0],[1,0,0],[0,1,0],[10,22,163]]
[[0,0,0],[1,0,0],[0,1,0],[11,20,163]]
[[0,0,0],[1,0,0],[0,1,0],[4,36,163]]
[[0,0,0],[1,0,0],[0,1,0],[10,77,163]]
[[0,0,0],[1,0,0],[0,1,0],[10,155,163]]
[[0,0,0],[1,0,0],[0,1,0],[4,71,163]]
[[0,0,0],[1,0,0],[0,1,0],[5,57,163]]
[[0,0,0],[1,0,0],[0,1,0],[9,39,163]]
[[0,0,0],[1,0,0],[0,1,0],[3,8,163]]
[[0,0,0],[1,0,0],[0,1,0],[2,31,163]]
[[0,0,0],[1,0,0],[0,1,0],[18,61,163]]
[[0,0,0],[1,0,0],[0,1,0],[3,48,163]]
[[0,0,0],[1,0,0],[0,1,0],[7,158,163]]
[[0,0,0],[1,0,0],[0,1,0],[25,66,163]]
[[0,0,0],[1,0,0],[0,1,0],[10,14,163]]
[[0,0,0],[1,0,0],[0,1,0],[13,19,163]]
[[0,0,0],[1,0,0],[0,1,0],[6,24,163]]
[[0,0,0],[1,0,0],[0,1,0],[10,15,163]]
[[0,0,0],[1,0,0],[0,1,0],[8,35,163]]
[[0,0,0],[1,0,0],[0,1,0],[17,32,163]]
[[0,0,0],[1,0,0],[0,1,0],[42,134,163]]
[[0,0,0],[1,0,0],[0,1,0],[1,7,163]]
[[0,0,0],[1,0,0],[0,1,0],[3,58,163]]
[[0,0,0],[1,0,0],[0,1,0],[17,72,163]]
[[0,0,0],[1,0,0],[0,1,0],[2,44,163]]
[[0,0,0],[1,0,0],[0,1,0],[9,44,163]]
[[0,0,0],[1,0,0],[0,1,0],[3,13,163]]
[[0,0,0],[1,0,0],[0,1,0],[3,27,163]]
[[0,0,0],[1,0,0],[0,1,0],[21,46,163]]
[[0,0,0],[1,0,0],[0,1,0],[5,28,163]]
[[0,0,0],[1,0,0],[0,1,0],[8,55,163]]
[[0,0,0],[1,0,0],[0,1,0],[2,32,163]]
[[0,0,0],[1,0,0],[0,1,0],[14,33,163]]
[[0,0,0],[1,0,0],[0,1,0],[18,24,163]]
[[0,0,0],[1,0,0],[0,1,0],[13,55,163]]
[[0,0,0],[1,0,0],[0,1,0],[3,30,163]]
[[0,0,0],[1,0,0],[0,1,0],[8,42,163]]
[[0,0,0],[1,0,0],[0,1,0],[13,156,163]]
[[0,0,0],[1,0,0],[0,1,0],[8,59,163]]
[[0,0,0],[1,0,0],[0,1,0],[3,59,163]]
[[0,0,0],[1,0,0],[0,1,0],[4,38,163]]
[[0,0,0],[1,0,0],[0,1,0],[30,141,163]]
[[0,0,0],[1,0,0],[0,1,0],[16,153,163]]
[[0,0,0],[1,0,0],[0,1,0],[42,139,163]]
[[0,0,0],[1,0,0],[0,1,0],[39,135,163]]
[[0,0,0],[1,0,0],[0,1,0],[28,61,163]]
[[0,0,0],[1,0,0],[0,1,0],[20,30,163]]
[[0,0,0],[1,0,0],[0,1,0],[2,12,163]]
[[0,0,0],[1,0,0],[0,1,0],[5,64,163]]
[[0,0,0],[1,0,0],[0,1,0],[3,41,163]]
[[0,0,0],[1,0,0],[0,1,0],[2,74,163]]
[[0,0,0],[1,0,0],[0,1,0],[5,56,163]]
[[0,0,0],[1,0,0],[0,1,0],[3,3,163]]
[[0,0,0],[1,0,0],[0,1,0],[23,56,163]]
[[0,0,0],[1,0,0],[0,1,0],[3,34,163]]
[[0,0,0],[1,0,0],[0,1,0],[6,73,163]]
[[0,0,0],[1,0,0],[0,1,0],[1,16,163]]
[[0,0,0],[1,0,0],[0,1,0],[8,60,163]]
[[0,0,0],[1,0,0],[0,1,0],[3,162,163]]
[[0,0,0],[1,0,0],[0,1,0],[4,37,163]]
[[0,0,0],[1,0,0],[0,1,0],[6,69,163]]
[[0,0,0],[1,0,0],[0,1,0],[20,50,163]]
[[0,0,0],[1,0,0],[0,1,0],[20,24,163]]
[[0,0,0],[1,0,0],[0,1,0],[27,37,163]]
[[0,0,0],[1,0,0],[0,1,0],[12,44,163]]
[[0,0,0],[1,0,0],[0,1,0],[12,75,163]]
[[0,0,0],[1,0,0],[0,1,0],[11,65,163]]
[[0,0,0],[1,0,0],[0,1,0],[19,57,163]]
[[0,0,0],[1,0,0],[0,1,0],[18,43,163]]
[[0,0,0],[1,0,0],[0,1,0],[30,50,163]]
[[0,0,0],[1,0,0],[0,1,0],[9,159,163]]
[[0,0,0],[1,0,0],[0,1,0],[12,32,163]]
[[0,0,0],[1,0,0],[0,1,0],[22,148,163]]
[[0,0,0],[1,0,0],[0,1,0],[17,50,163]]
[[0,0,0],[1,0,0],[0,1,0],[10,48,163]]
[[0,0,0],[1,0,0],[0,1,0],[2,25,163]]
[[0,0,0],[1,0,0],[0,1,0],[23,34,163]]
[[0,0,0],[1,0,0],[0,1,0],[37,131,163]]
[[0,0,0],[1,0,0],[0,1,0],[37,139,163]]
[[0,0,0],[1,0,0],[0,1,0],[10,19,163]]
[[0,0,0],[1,0,0],[0,1,0],[11,66,163]]
[[0,0,0],[1,0,0],[0,1,0],[1,20,163]]
[[0,0,0],[1,0,0],[0,1,0],[8,68,163]]
[[0,0,0],[1,0,0],[0,1,0],[6,77,163]]
[[0,0,0],[1,0,0],[0,1,0],[11,62,163]]
[[0,0,0],[1,0,0],[0,1,0],[6,72,163]]
[[0,0,0],[1,0,0],[0,1,0],[1,15,163]]
[[0,0,0],[1,0,0],[0,1,0],[38,134,163]]
[[0,0,0],[1,0,0],[0,1,0],[18,47,163]]
[[0,0,0],[1,0,0],[0,1,0],[52,127,163]]
[[0,0,0],[1,0,0],[0,1,0],[9,155,163]]
[[0,0,0],[1,0,0],[0,1,0],[39,59,163]]
[[0,0,0],[1,0,0],[0,1,0],[7,47,163]]
[[0,0,0],[1,0,0],[0,1,0],[3,53,163]]
[[0,0,0],[1,0,0],[0,1,0],[23,46,163]]
[[0,0,0],[1,0,0],[0,1,0],[6,158,163]]
[[0,0,0],[1,0,0],[0,1,0],[20,36,163]]
[[0,0,0],[1,0,0],[0,1,0],[2,57,163]]
[[0,0,0],[1,0,0],[0,1,0],[4,15,163]]
[[0,0,0],[1,0,0],[0,1,0],[22,43,163]]
[[0,0,0],[1,0,0],[0,1,0],[22,32,163]]
[[0,0,0],[1,0,0],[0,1,0],[43,58,163]]
[[0,0,0],[1,0,0],[0,1,0],[44,55,163]]
[[0,0,0],[1,0,0],[0,1,0],[12,51,163]]
[[0,0,0],[1,0,0],[0,1,0],[11,33,163]]
[[0,0,0],[1,0,0],[0,1,0],[17,26,163]]
[[0,0,0],[1,0,0],[0,1,0],[3,37,163]]
[[0,0,0],[1,0,0],[0,1,0],[8,43,163]]
[[0,0,0],[1,0,0],[0,1,0],[4,20,163]]
[[0,0,0],[1,0,0],[0,1,0],[6,36,163]]
[[0,0,0],[1,0,0],[0,1,0],[15,52,163]]
[[0,0,0],[1,0,0],[0,1,0],[9,63,163]]
[[0,0,0],[1,0,0],[0,1,0],[8,73,163]]
[[0,0,0],[1,0,0],[0,1,0],[22,142,163]]
[[0,0,0],[1,0,0],[0,1,0],[6,26,163]]
[[0,0,0],[1,0,0],[0,1,0],[6,57,163]]
[[0,0,0],[1,0,0],[0,1,0],[16,148,163]]
[[0,0,0],[1,0,0],[0,1,0],[19,52,163]]
[[0,0,0],[1,0,0],[0,1,0],[11,29,163]]
[[0,0,0],[1,0,0],[0,1,0],[7,43,163]]
[[0,0,0],[1,0,0],[0,1,0],[24,39,163]]
[[0,0,0],[1,0,0],[0,1,0],[11,15,163]]
[[0,0,0],[1,0,0],[0,1,0],[18,65,163]]
[[0,0,0],[1,0,0],[0,1,0],[7,30,163]]
[[0,0,0],[1,0,0],[0,1,0],[23,67,163]]
[[0,0,0],[1,0,0],[0,1,0],[14,25,163]]
[[0,0,0],[1,0,0],[0,1,0],[3,69,163]]
[[0,0,0],[1,0,0],[0,1,0],[5,17,163]]
[[0,0,0],[1,0,0],[0,1,0],[7,18,163]]
[[0,0,0],[1,0,0],[0,1,0],[25,67,163]]
[[0,0,0],[1,0,0],[0,1,0],[13,26,163]]
[[0,0,0],[1,0,0],[0,1,0],[13,47,163]]
[[0,0,0],[1,0,0],[0,1,0],[10,26,163]]
[[0,0,0],[1,0,0],[0,1,0],[38,46,163]]
[[0,0,0],[1,0,0],[0,1,0],[5,60,163]]
[[0,0,0],[1,0,0],[0,1,0],[9,17,163]]
[[0,0,0],[1,0,0],[0,1,0],[14,36,163]]
[[0,0,0],[1,0,0],[0,1,0],[2,37,163]]
[[0,0,0],[1,0,0],[0,1,0],[67,112,163]]
[[0,0,0],[1,0,0],[0,1,0],[6,11,163]]
[[0,0,0],[1,0,0],[0,1,0],[2,6,163]]
[[0,0,0],[1,0,0],[0,1,0],[52,124,163]]
[[0,0,0],[1,0,0],[0,1,0],[4,7,163]]
[[0,0,0],[1,0,0],[0,1,0],[12,152,163]]
[[0,0,0],[1,0,0],[0,1,0],[4,30,163]]
[[0,0,0],[1,0,0],[0,1,0],[19,33,163]]
[[0,0,0],[1,0,0],[0,1,0],[2,40,163]]
[[0,0,0],[1,0,0],[0,1,0],[5,35,163]]
[[0,0,0],[1,0,0],[0,1,0],[1,11,163]]
[[0,0,0],[1,0,0],[0,1,0],[26,57,163]]
[[0,0,0],[1,0,0],[0,1,0],[2,17,163]]
[[0,0,0],[1,0,0],[0,1,0],[4,72,163]]
[[0,0,0],[1,0,0],[0,1,0],[13,60,163]]
[[0,0,0],[1,0,0],[0,1,0],[1,4,163]]
[[0,0,0],[1,0,0],[0,1,0],[33,50,163]]
[[0,0,0],[1,0,0],[0,1,0],[8,26,163]]
[[0,0,0],[1,0,0],[0,1,0],[29,31,163]]
[[0,0,0],[1,0,0],[0,1,0],[20,39,163]]
[[0,0,0],[1,0,0],[0,1,0],[7,40,163]]
[[0,0,0],[1,0,0],[0,1,0],[50,129,163]]
[[0,0,0],[1,0,0],[0,1,0],[20,150,163]]
[[0,0,0],[1,0,0],[0,1,0],[23,30,163]]
[[0,0,0],[1,0,0],[0,1,0],[10,65,163]]
[[0,0,0],[1,0,0],[0,1,0],[18,71,163]]
[[0,0,0],[1,0,0],[0,1,0],[14,18,163]]
[[0,0,0],[1,0,0],[0,1,0],[5,72,163]]
[[0,0,0],[1,0,0],[0,1,0],[37,61,163]]
[[0,0,0],[1,0,0],[0,1,0],[17,19,163]]
[[0,0,0],[1,0,0],[0,1,0],[7,69,163]]
[[0,0,0],[1,0,0],[0,1,0],[17,43,163]]
[[0,0,0],[1,0,0],[0,1,0],[3,55,163]]
[[0,0,0],[1,0,0],[0,1,0],[11,16,163]]
[[0,0,0],[1,0,0],[0,1,0],[21,62,163]]
[[0,0,0],[1,0,0],[0,1,0],[3,19,163]]
[[0,0,0],[1,0,0],[0,1,0],[4,61,163]]
[[0,0,0],[1,0,0],[0,1,0],[20,27,163]]
[[0,0,0],[1,0,0],[0,1,0],[25,149,163]]
[[0,0,0],[1,0,0],[0,1,0],[13,36,163]]
[[0,0,0],[1,0,0],[0,1,0],[4,46,163]]
[[0,0,0],[1,0,0],[0,1,0],[6,27,163]]
[[0,0,0],[1,0,0],[0,1,0],[4,49,163]]
[[0,0,0],[1,0,0],[0,1,0],[5,160,163]]
[[0,0,0],[1,0,0],[0,1,0],[31,134,163]]
[[0,0,0],[1,0,0],[0,1,0],[14,56,163]]
[[0,0,0],[1,0,0],[0,1,0],[19,32,163]]
[[0,0,0],[1,0,0],[0,1,0],[12,23,163]]
[[0,0,0],[1,0,0],[0,1,0],[2,10,163]]
[[0,0,0],[1,0,0],[0,1,0],[5,10,163]]
[[0,0,0],[1,0,0],[0,1,0],[16,24,163]]
[[0,0,0],[1,0,0],[0,1,0],[28,42,163]]
[[0,0,0],[1,0,0],[0,1,0],[4,42,163]]
[[0,0,0],[1,0,0],[0,1,0],[11,54,163]]
[[0,0,0],[1,0,0],[0,1,0],[18,53,163]]
[[0,0,0],[1,0,0],[0,1,0],[2,36,163]]
[[0,0,0],[1,0,0],[0,1,0],[5,7,163]]
[[0,0,0],[1,0,0],[0,1,0],[20,71,163]]
[[0,0,0],[1,0,0],[0,1,0],[12,17,163]]
[[0,0,0],[1,0,0],[0,1,0],[15,29,163]]
[[0,0,0],[1,0,0],[0,1,0],[17,21,163]]
[[0,0,0],[1,0,0],[0,1,0],[23,148,163]]
[[0,0,0],[1,0,0],[0,1,0],[7,13,163]]
[[0,0,0],[1,0,0],[0,1,0],[9,58,163]]
[[0,0,0],[1,0,0],[0,1,0],[10,76,163]]
[[0,0,0],[1,0,0],[0,1,0],[9,14,163]]
[[0,0,0],[1,0,0],[0,1,0],[56,124,163]]
[[0,0,0],[1,0,0],[0,1,0],[6,65,163]]
[[0,0,0],[1,0,0],[0,1,0],[25,140,163]]
[[0,0,0],[1,0,0],[0,1,0],[10,62,163]]
[[0,0,0],[1,0,0],[0,1,0],[5,40,163]]
[[0,0,0],[1,0,0],[0,1,0],[4,40,163]]
[[0,0,0],[1,0,0],[0,1,0],[4,4,163]]
[[0,0,0],[1,0,0],[0,1,0],[5,59,163]]
[[0,0,0],[1,0,0],[0,1,0],[21,147,163]]
[[0,0,0],[1,0,0],[0,1,0],[23,152,163]]
[[0,0,0],[1,0,0],[0,1,0],[19,38,163]]
[[0,0,0],[1,0,0],[0,1,0],[11,157,163]]
[[0,0,0],[1,0,0],[0,1,0],[32,61,163]]
[[0,0,0],[1,0,0],[0,1,0],[43,121,163]]
[[0,0,0],[1,0,0],[0,1,0],[3,67,163]]
[[0,0,0],[1,0,0],[0,1,0],[15,26,163]]
[[0,0,0],[1,0,0],[0,1,0],[62,113,163]]
[[0,0,0],[1,0,0],[0,1,0],[11,30,163]]
[[0,0,0],[1,0,0],[0,1,0],[4,10,163]]
[[0,0,0],[1,0,0],[0,1,0],[3,7,163]]
[[0,0,0],[1,0,0],[0,1,0],[26,43,163]]
[[0,0,0],[1,0,0],[0,1,0],[22,56,163]]
[[0,0,0],[1,0,0],[0,1,0],[16,16,163]]
[[0,0,0],[1,0,0],[0,1,0],[1,42,163]]
[[0,0,0],[1,0,0],[0,1,0],[16,54,163]]
[[0,0,0],[1,0,0],[0,1,0],[24,50,163]]
[[0,0,0],[1,0,0],[0,1,0],[40,127,163]]
[[0,0,0],[1,0,0],[0,1,0],[10,34,163]]
[[0,0,0],[1,0,0],[0,1,0],[4,59,163]]
[[0,0,0],[1,0,0],[0,1,0],[1,13,163]]
[[0,0,0],[1,0,0],[0,1,0],[13,54,163]]
[[0,0,0],[1,0,0],[0,1,0],[32,66,163]]
[[0,0,0],[1,0,0],[0,1,0],[4,65,163]]
[[0,0,0],[1,0,0],[0,1,0],[14,34,163]]
[[0,0,0],[1,0,0],[0,1,0],[13,23,163]]
[[0,0,0],[1,0,0],[0,1,0],[8,10,163]]
[[0,0,0],[1,0,0],[0,1,0],[6,79,163]]
[[0,0,0],[1,0,0],[0,1,0],[2,43,163]]
[[0,0,0],[1,0,0],[0,1,0],[9,29,163]]
[[0,0,0],[1,0,0],[0,1,0],[15,23,163]]
[[0,0,0],[1,0,0],[0,1,0],[27,142,163]]
[[0,0,0],[1,0,0],[0,1,0],[6,22,163]]
[[0,0,0],[1,0,0],[0,1,0],[1,36,163]]
[[0,0,0],[1,0,0],[0,1,0],[50,50,163]]
[[0,0,0],[1,0,0],[0,1,0],[5,31,163]]
[[0,0,0],[1,0,0],[0,1,0],[17,17,163]]
[[0,0,0],[1,0,0],[0,1,0],[12,42,163]]
[[0,0,0],[1,0,0],[0,1,0],[11,50,163]]
[[0,0,0],[1,0,0],[0,1,0],[33,131,163]]
[[0,0,0],[1,0,0],[0,1,0],[29,135,163]]
[[0,0,0],[1,0,0],[0,1,0],[2,5,163]]
[[0,0,0],[1,0,0],[0,1,0],[19,61,163]]
[[0,0,0],[1,0,0],[0,1,0],[23,33,163]]
[[0,0,0],[1,0,0],[0,1,0],[25,42,163]]
[[0,0,0],[1,0,0],[0,1,0],[3,25,163]]
[[0,0,0],[1,0,0],[0,1,0],[26,55,163]]
[[0,0,0],[1,0,0],[0,1,0],[5,70,163]]
[[0,0,0],[1,0,0],[0,1,0],[23,57,163]]
[[0,0,0],[1,0,0],[0,1,0],[16,57,163]]
[[0,0,0],[1,0,0],[0,1,0],[33,147,163]]
[[0,0,0],[1,0,0],[0,1,0],[17,47,163]]
[[0,0,0],[1,0,0],[0,1,0],[13,45,163]]
[[0,0,0],[1,0,0],[0,1,0],[5,71,163]]
[[0,0,0],[1,0,0],[0,1,0],[6,15,163]]
[[0,0,0],[1,0,0],[0,1,0],[16,29,163]]
[[0,0,0],[1,0,0],[0,1,0],[4,18,163]]
[[0,0,0],[1,0,0],[0,1,0],[7,76,163]]
[[0,0,0],[1,0,0],[0,1,0],[9,40,163]]
[[0,0,0],[1,0,0],[0,1,0],[31,38,163]]
[[0,0,0],[1,0,0],[0,1,0],[12,47,163]]
[[0,0,0],[1,0,0],[0,1,0],[5,68,163]]
[[0,0,0],[1,0,0],[0,1,0],[7,12,163]]
[[0,0,0],[1,0,0],[0,1,0],[14,64,163]]
[[0,0,0],[1,0,0],[0,1,0],[5,44,163]]
[[0,0,0],[1,0,0],[0,1,0],[10,38,163]]
[[0,0,0],[1,0,0],[0,1,0],[6,75,163]]
[[0,0,0],[1,0,0],[0,1,0],[6,6,163]]
[[0,0,0],[1,0,0],[0,1,0],[2,24,163]]
[[0,0,0],[1,0,0],[0,1,0],[4,44,163]]
[[0,0,0],[1,0,0],[0,1,0],[2,23,163]]
[[0,0,0],[1,0,0],[0,1,0],[12,28,163]]
[[0,0,0],[1,0,0],[0,1,0],[14,50,163]]
[[0,0,0],[1,0,0],[0,1,0],[8,61,163]]
[[0,0,0],[1,0,0],[0,1,0],[5,24,163]]
[[0,0,0],[1,0,0],[0,1,0],[19,23,163]]
[[0,0,0],[1,0,0],[0,1,0],[12,59,163]]
[[0,0,0],[1,0,0],[0,1,0],[1,12,163]]
[[0,0,0],[1,0,0],[0,1,0],[17,56,163]]
[[0,0,0],[1,0,0],[0,1,0],[21,67,163]]
[[0,0,0],[1,0,0],[0,1,0],[25,28,163]]
[[0,0,0],[1,0,0],[0,1,0],[4,43,163]]
[[0,0,0],[1,0,0],[0,1,0],[11,61,163]]
[[0,0,0],[1,0,0],[0,1,0],[2,19,163]]
[[0,0,0],[1,0,0],[0,1,0],[11,47,163]]
[[0,0,0],[1,0,0],[0,1,0],[8,16,163]]
[[0,0,0],[1,0,0],[0,1,0],[2,21,163]]
[[0,0,0],[1,0,0],[0,1,0],[2,4,163]]
[[0,0,0],[1,0,0],[0,1,0],[28,60,163]]
[[0,0,0],[1,0,0],[0,1,0],[10,28,163]]
[[0,0,0],[1,0,0],[0,1,0],[30,40,163]]
[[0,0,0],[1,0,0],[0,1,0],[13,28,163]]
[[0,0,0],[1,0,0],[0,1,0],[15,55,163]]
[[0,0,0],[1,0,0],[0,1,0],[3,35,163]]
[[0,0,0],[1,0,0],[0,1,0],[9,48,163]]
[[0,0,0],[1,0,0],[0,1,0],[36,36,163]]
[[0,0,0],[1,0,0],[0,1,0],[15,150,163]]
[[0,0,0],[1,0,0],[0,1,0],[4,12,163]]
[[0,0,0],[1,0,0],[0,1,0],[2,14,163]]
[[0,0,0],[1,0,0],[0,1,0],[23,64,163]]
[[0,0,0],[1,0,0],[0,1,0],[27,141,163]]
[[0,0,0],[1,0,0],[0,1,0],[8,18,163]]
[[0,0,0],[1,0,0],[0,1,0],[4,25,163]]
[[0,0,0],[1,0,0],[0,1,0],[15,20,163]]
[[0,0,0],[1,0,0],[0,1,0],[15,53,163]]
[[0,0,0],[1,0,0],[0,1,0],[10,37,163]]
[[0,0,0],[1,0,0],[0,1,0],[10,23,163]]
[[0,0,0],[1,0,0],[0,1,0],[2,26,163]]
[[0,0,0],[1,0,0],[0,1,0],[10,58,163]]
[[0,0,0],[1,0,0],[0,1,0],[10,55,163]]
[[0,0,0],[1,0,0],[0,1,0],[21,25,163]]
[[0,0,0],[1,0,0],[0,1,0],[4,68,163]]
[[0,0,0],[1,0,0],[0,1,0],[20,72,163]]
[[0,0,0],[1,0,0],[0,1,0],[11,155,163]]
[[0,0,0],[1,0,0],[0,1,0],[33,37,163]]
[[0,0,0],[1,0,0],[0,1,0],[6,32,163]]
[[0,0,0],[1,0,0],[0,1,0],[11,73,163]]
[[0,0,0],[1,0,0],[0,1,0],[6,63,163]]
[[0,0,0],[1,0,0],[0,1,0],[4,24,163]]
[[0,0,0],[1,0,0],[0,1,0],[9,66,163]]
[[0,0,0],[1,0,0],[0,1,0],[1,67,163]]
[[0,0,0],[1,0,0],[0,1,0],[7,19,163]]
[[0,0,0],[1,0,0],[0,1,0],[16,45,163]]
[[0,0,0],[1,0,0],[0,1,0],[4,19,163]]
[[0,0,0],[1,0,0],[0,1,0],[29,64,163]]
[[0,0,0],[1,0,0],[0,1,0],[21,28,163]]
[[0,0,0],[1,0,0],[0,1,0],[9,42,163]]
[[0,0,0],[1,0,0],[0,1,0],[15,27,163]]
[[0,0,0],[1,0,0],[0,1,0],[29,56,163]]
[[0,0,0],[1,0,0],[0,1,0],[18,21,163]]
[[0,0,0],[1,0,0],[0,1,0],[6,30,163]]
[[0,0,0],[1,0,0],[0,1,0],[30,58,163]]
[[0,0,0],[1,0,0],[0,1,0],[9,68,163]]
[[0,0,0],[1,0,0],[0,1,0],[3,63,163]]
[[0,0,0],[1,0,0],[0,1,0],[3,51,163]]
[[0,0,0],[1,0,0],[0,1,0],[2,47,163]]
[[0,0,0],[1,0,0],[0,1,0],[6,37,163]]
[[0,0,0],[1,0,0],[0,1,0],[14,38,163]]
[[0,0,0],[1,0,0],[0,1,0],[6,48,163]]
[[0,0,0],[1,0,0],[0,1,0],[2,81,163]]
[[0,0,0],[1,0,0],[0,1,0],[33,47,163]]
[[0,0,0],[1,0,0],[0,1,0],[16,32,163]]
[[0,0,0],[1,0,0],[0,1,0],[3,5,163]]
[[0,0,0],[1,0,0],[0,1,0],[5,62,163]]
[[0,0,0],[1,0,0],[0,1,0],[6,43,163]]
[[0,0,0],[1,0,0],[0,1,0],[19,21,163]]
[[0,0,0],[1,0,0],[0,1,0],[4,74,163]]
[[0,0,0],[1,0,0],[0,1,0],[11,24,163]]
[[0,0,0],[1,0,0],[0,1,0],[4,64,163]]
[[0,0,0],[1,0,0],[0,1,0],[47,140,163]]
[[0,0,0],[1,0,0],[0,1,0],[3,54,163]]
[[0,0,0],[1,0,0],[0,1,0],[19,40,163]]
[[0,0,0],[1,0,0],[0,1,0],[7,54,163]]
[[0,0,0],[1,0,0],[0,1,0],[10,64,163]]
[[0,0,0],[1,0,0],[0,1,0],[31,147,163]]
[[0,0,0],[1,0,0],[0,1,0],[13,43,163]]
[[0,0,0],[1,0,0],[0,1,0],[12,30,163]]
[[0,0,0],[1,0,0],[0,1,0],[8,11,163]]
[[0,0,0],[1,0,0],[0,1,0],[14,60,163]]
[[0,0,0],[1,0,0],[0,1,0],[37,54,163]]
[[0,0,0],[1,0,0],[0,1,0],[5,45,163]]
[[0,0,0],[1,0,0],[0,1,0],[17,66,163]]
[[0,0,0],[1,0,0],[0,1,0],[2,71,163]]
[[0,0,0],[1,0,0],[0,1,0],[3,57,163]]
[[0,0,0],[1,0,0],[0,1,0],[21,149,163]]
[[0,0,0],[1,0,0],[0,1,0],[8,157,163]]
[[0,0,0],[1,0,0],[0,1,0],[5,19,163]]
[[0,0,0],[1,0,0],[0,1,0],[5,75,163]]
[[0,0,0],[1,0,0],[0,1,0],[15,155,163]]
[[0,0,0],[1,0,0],[0,1,0],[50,55,163]]
[[0,0,0],[1,0,0],[0,1,0],[2,66,163]]
[[0,0,0],[1,0,0],[0,1,0],[7,31,163]]
[[0,0,0],[1,0,0],[0,1,0],[1,5,163]]
[[0,0,0],[1,0,0],[0,1,0],[11,31,163]]
[[0,0,0],[1,0,0],[0,1,0],[4,17,163]]
[[0,0,0],[1,0,0],[0,1,0],[2,7,163]]
[[0,0,0],[1,0,0],[0,1,0],[59,122,163]]
[[0,0,0],[1,0,0],[0,1,0],[15,36,163]]
[[0,0,0],[1,0,0],[0,1,0],[9,72,163]]
[[0,0,0],[1,0,0],[0,1,0],[4,54,163]]
[[0,0,0],[1,0,0],[0,1,0],[6,66,163]]
[[0,0,0],[1,0,0],[0,1,0],[4,48,163]]
[[0,0,0],[1,0,0],[0,1,0],[7,53,163]]
[[0,0,0],[1,0,0],[0,1,0],[1,40,163]]
[[0,0,0],[1,0,0],[0,1,0],[7,51,163]]
[[0,0,0],[1,0,0],[0,1,0],[23,31,163]]
[[0,0,0],[1,0,0],[0,1,0],[5,54,163]]
[[0,0,0],[1,0,0],[0,1,0],[11,60,163]]
[[0,0,0],[1,0,0],[0,1,0],[2,41,163]]
[[0,0,0],[1,0,0],[0,1,0],[9,34,163]]
[[0,0,0],[1,0,0],[0,1,0],[28,65,163]]
[[0,0,0],[1,0,0],[0,1,0],[8,44,163]]
[[0,0,0],[1,0,0],[0,1,0],[38,63,163]]
[[0,0,0],[1,0,0],[0,1,0],[7,25,163]]
[[0,0,0],[1,0,0],[0,1,0],[8,40,163]]
[[0,0,0],[1,0,0],[0,1,0],[3,68,163]]
[[0,0,0],[1,0,0],[0,1,0],[25,146,163]]
[[0,0,0],[1,0,0],[0,1,0],[3,6,163]]
[[0,0,0],[1,0,0],[0,1,0],[6,16,163]]
[[0,0,0],[1,0,0],[0,1,0],[1,43,163]]
[[0,0,0],[1,0,0],[0,1,0],[6,62,163]]
[[0,0,0],[1,0,0],[0,1,0],[1,29,163]]
[[0,0,0],[1,0,0],[0,1,0],[5,73,163]]
[[0,0,0],[1,0,0],[0,1,0],[7,38,163]]
[[0,0,0],[1,0,0],[0,1,0],[25,47,163]]
[[0,0,0],[1,0,0],[0,1,0],[18,31,163]]
[[0,0,0],[1,0,0],[0,1,0],[12,12,163]]
[[0,0,0],[1,0,0],[0,1,0],[5,26,163]]
[[0,0,0],[1,0,0],[0,1,0],[10,54,163]]
[[0,0,0],[1,0,0],[0,1,0],[22,24,163]]
[[0,0,0],[1,0,0],[0,1,0],[3,22,163]]
[[0,0,0],[1,0,0],[0,1,0],[27,40,163]]
[[0,0,0],[1,0,0],[0,1,0],[14,45,163]]
[[0,0,0],[1,0,0],[0,1,0],[15,156,163]]
[[0,0,0],[1,0,0],[0,1,0],[29,58,163]]
[[0,0,0],[1,0,0],[0,1,0],[2,34,163]]
[[0,0,0],[1,0,0],[0,1,0],[10,36,163]]
[[0,0,0],[1,0,0],[0,1,0],[2,55,163]]
[[0,0,0],[1,0,0],[0,1,0],[4,79,163]]
[[0,0,0],[1,0,0],[0,1,0],[24,61,163]]
[[0,0,0],[1,0,0],[0,1,0],[6,35,163]]
[[0,0,0],[1,0,0],[0,1,0],[24,46,163]]
[[0,0,0],[1,0,0],[0,1,0],[13,74,163]]
[[0,0,0],[1,0,0],[0,1,0],[7,10,163]]
[[0,0,0],[1,0,0],[0,1,0],[9,74,163]]
[[0,0,0],[1,0,0],[0,1,0],[8,72,163]]
[[0,0,0],[1,0,0],[0,1,0],[1,23,163]]
[[0,0,0],[1,0,0],[0,1,0],[20,64,163]]
[[0,0,0],[1,0,0],[0,1,0],[7,37,163]]
[[0,0,0],[1,0,0],[0,1,0],[4,67,163]]
[[0,0,0],[1,0,0],[0,1,0],[16,37,163]]
[[0,0,0],[1,0,0],[0,1,0],[3,40,163]]
[[0,0,0],[1,0,0],[0,1,0],[18,153,163]]
[[0,0,0],[1,0,0],[0,1,0],[40,124,163]]
[[0,0,0],[1,0,0],[0,1,0],[10,20,163]]
[[0,0,0],[1,0,0],[0,1,0],[6,51,163]]
[[0,0,0],[1,0,0],[0,1,0],[8,38,163]]
[[0,0,0],[1,0,0],[0,1,0],[5,43,163]]
[[0,0,0],[1,0,0],[0,1,0],[10,60,163]]
[[0,0,0],[1,0,0],[0,1,0],[15,45,163]]
[[0,0,0],[1,0,0],[0,1,0],[1,8,163]]
[[0,0,0],[1,0,0],[0,1,0],[1,50,163]]
[[0,0,0],[1,0,0],[0,1,0],[4,8,163]]
[[0,0,0],[1,0,0],[0,1,0],[3,42,163]]
[[0,0,0],[1,0,0],[0,1,0],[3,10,163]]
[[0,0,0],[1,0,0],[0,1,0],[7,61,163]]
[[0,0,0],[1,0,0],[0,1,0],[19,151,163]]
[[0,0,0],[1,0,0],[0,1,0],[12,15,163]]
[[0,0,0],[1,0,0],[0,1,0],[6,44,163]]
[[0,0,0],[1,0,0],[0,1,0],[2,78,163]]
[[0,0,0],[1,0,0],[0,1,0],[10,46,163]]
[[0,0,0],[1,0,0],[0,1,0],[6,61,163]]
[[0,0,0],[1,0,0],[0,1,0],[8,37,163]]
[[0,0,0],[1,0,0],[0,1,0],[11,21,163]]
[[0,0,0],[1,0,0],[0,1,0],[3,56,163]]
[[0,0,0],[1,0,0],[0,1,0],[20,52,163]]
[[0,0,0],[1,0,0],[0,1,0],[23,62,163]]
[[0,0,0],[1,0,0],[0,1,0],[13,13,163]]
[[0,0,0],[1,0,0],[0,1,0],[8,8,163]]
[[0,0,0],[1,0,0],[0,1,0],[11,36,163]]
[[0,0,0],[1,0,0],[0,1,0],[9,15,163]]
[[0,0,0],[1,0,0],[0,1,0],[4,73,163]]
[[0,0,0],[1,0,0],[0,1,0],[19,65,163]]
[[0,0,0],[1,0,0],[0,1,0],[5,15,163]]
[[0,0,0],[1,0,0],[0,1,0],[7,46,163]]
[[0,0,0],[1,0,0],[0,1,0],[23,151,163]]
[[0,0,0],[1,0,0],[0,1,0],[39,39,163]]
[[0,0,0],[1,0,0],[0,1,0],[24,28,163]]
[[0,0,0],[1,0,0],[0,1,0],[24,36,163]]
[[0,0,0],[1,0,0],[0,1,0],[10,66,163]]
[[0,0,0],[1,0,0],[0,1,0],[17,155,163]]
[[0,0,0],[1,0,0],[0,1,0],[32,32,163]]
[[0,0,0],[1,0,0],[0,1,0],[27,36,163]]
[[0,0,0],[1,0,0],[0,1,0],[13,155,163]]
[[0,0,0],[1,0,0],[0,1,0],[2,65,163]]
[[0,0,0],[1,0,0],[0,1,0],[30,59,163]]
[[0,0,0],[1,0,0],[0,1,0],[10,74,163]]
[[0,0,0],[1,0,0],[0,1,0],[15,56,163]]
[[0,0,0],[1,0,0],[0,1,0],[25,54,163]]
[[0,0,0],[1,0,0],[0,1,0],[27,61,163]]
[[0,0,0],[1,0,0],[0,1,0],[3,20,163]]
[[0,0,0],[1,0,0],[0,1,0],[7,42,163]]
[[0,0,0],[1,0,0],[0,1,0],[7,24,163]]
[[0,0,0],[1,0,0],[0,1,0],[43,128,163]]
[[0,0,0],[1,0,0],[0,1,0],[9,56,163]]
[[0,0,0],[1,0,0],[0,1,0],[14,74,163]]
[[0,0,0],[1,0,0],[0,1,0],[6,67,163]]
[[0,0,0],[1,0,0],[0,1,0],[12,71,163]]
[[0,0,0],[1,0,0],[0,1,0],[10,157,163]]
[[0,0,0],[1,0,0],[0,1,0],[13,31,163]]
[[0,0,0],[1,0,0],[0,1,0],[24,52,163]]
[[0,0,0],[1,0,0],[0,1,0],[11,26,163]]
[[0,0,0],[1,0,0],[0,1,0],[4,11,163]]
[[0,0,0],[1,0,0],[0,1,0],[3,24,163]]
[[0,0,0],[1,0,0],[0,1,0],[11,14,163]]
[[0,0,0],[1,0,0],[0,1,0],[5,67,163]]
[[0,0,0],[1,0,0],[0,1,0],[8,65,163]]
[[0,0,0],[1,0,0],[0,1,0],[19,69,163]]
[[0,0,0],[1,0,0],[0,1,0],[22,26,163]]
[[0,0,0],[1,0,0],[0,1,0],[32,133,163]]
[[0,0,0],[1,0,0],[0,1,0],[7,7,163]]
[[0,0,0],[1,0,0],[0,1,0],[24,141,163]]
[[0,0,0],[1,0,0],[0,1,0],[4,76,163]]
[[0,0,0],[1,0,0],[0,1,0],[20,40,163]]
[[0,0,0],[1,0,0],[0,1,0],[4,22,163]]
[[0,0,0],[1,0,0],[0,1,0],[32,39,163]]
[[0,0,0],[1,0,0],[0,1,0],[12,40,163]]
[[0,0,0],[1,0,0],[0,1,0],[3,46,163]]
[[0,0,0],[1,0,0],[0,1,0],[9,9,163]]
[[0,0,0],[1,0,0],[0,1,0],[14,31,163]]
[[0,0,0],[1,0,0],[0,1,0],[20,60,163]]
[[0,0,0],[1,0,0],[0,1,0],[2,69,163]]
[[0,0,0],[1,0,0],[0,1,0],[6,46,163]]
[[0,0,0],[1,0,0],[0,1,0],[20,31,163]]
[[0,0,0],[1,0,0],[0,1,0],[9,69,163]]
[[0,0,0],[1,0,0],[0,1,0],[18,63,163]]
[[0,0,0],[1,0,0],[0,1,0],[15,63,163]]
[[0,0,0],[1,0,0],[0,1,0],[18,39,163]]
[[0,0,0],[1,0,0],[0,1,0],[26,146,163]]
[[0,0,0],[1,0,0],[0,1,0],[15,39,163]]
[[0,0,0],[1,0,0],[0,1,0],[3,16,163]]
[[0,0,0],[1,0,0],[0,1,0],[12,18,163]]
[[0,0,0],[1,0,0],[0,1,0],[4,47,163]]
[[0,0,0],[1,0,0],[0,1,0],[15,72,163]]
[[0,0,0],[1,0,0],[0,1,0],[31,60,163]]
[[0,0,0],[1,0,0],[0,1,0],[5,51,163]]
[[0,0,0],[1,0,0],[0,1,0],[3,15,163]]
[[0,0,0],[1,0,0],[0,1,0],[5,58,163]]
[[0,0,0],[1,0,0],[0,1,0],[16,18,163]]
[[0,0,0],[1,0,0],[0,1,0],[2,63,163]]
[[0,0,0],[1,0,0],[0,1,0],[18,67,163]]
[[0,0,0],[1,0,0],[0,1,0],[9,65,163]]
[[0,0,0],[1,0,0],[0,1,0],[11,46,163]]
[[0,0,0],[1,0,0],[0,1,0],[8,52,163]]
[[0,0,0],[1,0,0],[0,1,0],[11,154,163]]
[[0,0,0],[1,0,0],[0,1,0],[3,71,163]]
[[0,0,0],[1,0,0],[0,1,0],[11,72,163]]
[[0,0,0],[1,0,0],[0,1,0],[9,24,163]]
[[0,0,0],[1,0,0],[0,1,0],[16,154,163]]
[[0,0,0],[1,0,0],[0,1,0],[28,147,163]]
[[0,0,0],[1,0,0],[0,1,0],[8,30,163]]
[[0,0,0],[1,0,0],[0,1,0],[5,23,163]]
[[0,0,0],[1,0,0],[0,1,0],[10,10,163]]
[[0,0,0],[1,0,0],[0,1,0],[3,75,163]]
[[0,0,0],[1,0,0],[0,1,0],[47,52,163]]
[[0,0,0],[1,0,0],[0,1,0],[59,105,163]]
[[0,0,0],[1,0,0],[0,1,0],[1,1,163]]
[[0,0,0],[1,0,0],[0,1,0],[16,26,163]]
[[0,0,0],[1,0,0],[0,1,0],[1,58,163]]
[[0,0,0],[1,0,0],[0,1,0],[5,14,163]]
[[0,0,0],[1,0,0],[0,1,0],[4,75,163]]
[[0,0,0],[1,0,0],[0,1,0],[25,55,163]]
[[0,0,0],[1,0,0],[0,1,0],[13,56,163]]
[[0,0,0],[1,0,0],[0,1,0],[10,32,163]]
[[0,0,0],[1,0,0],[0,1,0],[28,56,163]]
[[0,0,0],[1,0,0],[0,1,0],[9,67,163]]
[[0,0,0],[1,0,0],[0,1,0],[17,28,163]]
[[0,0,0],[1,0,0],[0,1,0],[30,134,163]]
[[0,0,0],[1,0,0],[0,1,0],[6,21,163]]
[[0,0,0],[1,0,0],[0,1,0],[2,29,163]]
[[0,0,0],[1,0,0],[0,1,0],[2,9,163]]
[[0,0,0],[1,0,0],[0,1,0],[4,26,163]]
[[0,0,0],[1,0,0],[0,1,0],[5,37,163]]
[[0,0,0],[1,0,0],[0,1,0],[30,67,163]]
[[0,0,0],[1,0,0],[0,1,0],[4,32,163]]
[[0,0,0],[1,0,0],[0,1,0],[58,121,163]]
[[0,0,0],[1,0,0],[0,1,0],[3,50,163]]
[[0,0,0],[1,0,0],[0,1,0],[7,27,163]]
[[0,0,0],[1,0,0],[0,1,0],[11,57,163]]
[[0,0,0],[1,0,0],[0,1,0],[21,38,163]]
[[0,0,0],[1,0,0],[0,1,0],[11,25,163]]
[[0,0,0],[1,0,0],[0,1,0],[5,36,163]]
[[0,0,0],[1,0,0],[0,1,0],[6,159,163]]
[[0,0,0],[1,0,0],[0,1,0],[9,54,163]]
[[0,0,0],[1,0,0],[0,1,0],[12,57,163]]
[[0,0,0],[1,0,0],[0,1,0],[19,45,163]]
[[0,0,0],[1,0,0],[0,1,0],[7,72,163]]
[[0,0,0],[1,0,0],[0,1,0],[10,69,163]]
[[0,0,0],[1,0,0],[0,1,0],[14,47,163]]
[[0,0,0],[1,0,0],[0,1,0],[2,46,163]]
[[0,0,0],[1,0,0],[0,1,0],[19,34,163]]
[[0,0,0],[1,0,0],[0,1,0],[55,128,163]]
[[0,0,0],[1,0,0],[0,1,0],[14,151,163]]
[[0,0,0],[1,0,0],[0,1,0],[9,31,163]]
[[0,0,0],[1,0,0],[0,1,0],[8,78,163]]
[[0,0,0],[1,0,0],[0,1,0],[38,130,163]]
[[0,0,0],[1,0,0],[0,1,0],[16,27,163]]
[[0,0,0],[1,0,0],[0,1,0],[17,39,163]]
[[0,0,0],[1,0,0],[0,1,0],[1,24,163]]
[[0,0,0],[1,0,0],[0,1,0],[17,34,163]]
[[0,0,0],[1,0,0],[0,1,0],[16,28,163]]
[[0,0,0],[1,0,0],[0,1,0],[10,42,163]]
[[0,0,0],[1,0,0],[0,1,0],[11,43,163]]
[[0,0,0],[1,0,0],[0,1,0],[19,53,163]]
[[0,0,0],[1,0,0],[0,1,0],[2,16,163]]
[[0,0,0],[1,0,0],[0,1,0],[13,151,163]]
[[0,0,0],[1,0,0],[0,1,0],[8,48,163]]
[[0,0,0],[1,0,0],[0,1,0],[6,40,163]]
[[0,0,0],[1,0,0],[0,1,0],[4,13,163]]
[[0,0,0],[1,0,0],[0,1,0],[10,57,163]]
[[0,0,0],[1,0,0],[0,1,0],[5,20,163]]
[[0,0,0],[1,0,0],[0,1,0],[5,34,163]]
[[0,0,0],[1,0,0],[0,1,0],[9,18,163]]
[[0,0,0],[1,0,0],[0,1,0],[44,127,163]]
[[0,0,0],[1,0,0],[0,1,0],[1,17,163]]
[[0,0,0],[1,0,0],[0,1,0],[6,33,163]]
[[0,0,0],[1,0,0],[0,1,0],[14,27,163]]
[[0,0,0],[1,0,0],[0,1,0],[52,113,163]]
[[0,0,0],[1,0,0],[0,1,0],[4,70,163]]
[[0,0,0],[1,0,0],[0,1,0],[2,72,163]]
[[0,0,0],[1,0,0],[0,1,0],[2,27,163]]
[[0,0,0],[1,0,0],[0,1,0],[40,50,163]]
[[0,0,0],[1,0,0],[0,1,0],[20,22,163]]
[[0,0,0],[1,0,0],[0,1,0],[21,50,163]]
[[0,0,0],[1,0,0],[0,1,0],[1,10,163]]
[[0,0,0],[1,0,0],[0,1,0],[9,51,163]]
[[0,0,0],[1,0,0],[0,1,0],[8,22,163]]
[[0,0,0],[1,0,0],[0,1,0],[56,119,163]]
[[0,0,0],[1,0,0],[0,1,0],[11,74,163]]
[[0,0,0],[1,0,0],[0,1,0],[3,161,163]]
[[0,0,0],[1,0,0],[0,1,0],[10,59,163]]
[[0,0,0],[1,0,0],[0,1,0],[26,26,163]]
[[0,0,0],[1,0,0],[0,1,0],[1,28,163]]
[[0,0,0],[1,0,0],[0,1,0],[9,52,163]]
[[0,0,0],[1,0,0],[0,1,0],[10,53,163]]
[[0,0,0],[1,0,0],[0,1,0],[11,32,163]]
[[0,0,0],[1,0,0],[0,1,0],[21,144,163]]
[[0,0,0],[1,0,0],[0,1,0],[2,59,163]]
[[0,0,0],[1,0,0],[0,1,0],[17,31,163]]
[[0,0,0],[1,0,0],[0,1,0],[18,58,163]]
[[0,0,0],[1,0,0],[0,1,0],[32,55,163]]
[[0,0,0],[1,0,0],[0,1,0],[4,69,163]]
[[0,0,0],[1,0,0],[0,1,0],[2,48,163]]
[[0,0,0],[1,0,0],[0,1,0],[4,66,163]]
[[0,0,0],[1,0,0],[0,1,0],[7,14,163]]
[[0,0,0],[1,0,0],[0,1,0],[19,44,163]]
[[0,0,0],[1,0,0],[0,1,0],[11,37,163]]
[[0,0,0],[1,0,0],[0,1,0],[10,16,163]]
[[0,0,0],[1,0,0],[0,1,0],[9,21,163]]
[[0,0,0],[1,0,0],[0,1,0],[43,56,163]]
[[0,0,0],[1,0,0],[0,1,0],[14,54,163]]
[[0,0,0],[1,0,0],[0,1,0],[31,53,163]]
[[0,0,0],[1,0,0],[0,1,0],[3,33,163]]
[[0,0,0],[1,0,0],[0,1,0],[1,19,163]]
[[0,0,0],[1,0,0],[0,1,0],[12,60,163]]
[[0,0,0],[1,0,0],[0,1,0],[13,65,163]]
[[0,0,0],[1,0,0],[0,1,0],[3,61,163]]
[[0,0,0],[1,0,0],[0,1,0],[29,149,163]]
[[0,0,0],[1,0,0],[0,1,0],[6,38,163]]
[[0,0,0],[1,0,0],[0,1,0],[8,36,163]]
[[0,0,0],[1,0,0],[0,1,0],[5,8,163]]
[[0,0,0],[1,0,0],[0,1,0],[8,62,163]]
[[0,0,0],[1,0,0],[0,1,0],[1,22,163]]
[[0,0,0],[1,0,0],[0,1,0],[5,69,163]]
[[0,0,0],[1,0,0],[0,1,0],[15,65,163]]
[[0,0,0],[1,0,0],[0,1,0],[13,21,163]]
[[0,0,0],[1,0,0],[0,1,0],[4,55,163]]
[[0,0,0],[1,0,0],[0,1,0],[8,67,163]]
[[0,0,0],[1,0,0],[0,1,0],[8,69,163]]
[[0,0,0],[1,0,0],[0,1,0],[2,75,163]]
[[0,0,0],[1,0,0],[0,1,0],[13,39,163]]
[[0,0,0],[1,0,0],[0,1,0],[8,75,163]]
[[0,0,0],[1,0,0],[0,1,0],[17,147,163]]
[[0,0,0],[1,0,0],[0,1,0],[25,143,163]]
[[0,0,0],[1,0,0],[0,1,0],[6,20,163]]
[[0,0,0],[1,0,0],[0,1,0],[11,58,163]]
[[0,0,0],[1,0,0],[0,1,0],[7,16,163]]
[[0,0,0],[1,0,0],[0,1,0],[2,53,163]]
[[0,0,0],[1,0,0],[0,1,0],[19,148,163]]
[[0,0,0],[1,0,0],[0,1,0],[15,149,163]]
[[0,0,0],[1,0,0],[0,1,0],[16,151,163]]
[[0,0,0],[1,0,0],[0,1,0],[21,44,163]]
[[0,0,0],[1,0,0],[0,1,0],[21,151,163]]
[[0,0,0],[1,0,0],[0,1,0],[13,154,163]]
[[0,0,0],[1,0,0],[0,1,0],[28,40,163]]
[[0,0,0],[1,0,0],[0,1,0],[47,134,163]]
[[0,0,0],[1,0,0],[0,1,0],[2,58,163]]
[[0,0,0],[1,0,0],[0,1,0],[4,6,163]]
[[0,0,0],[1,0,0],[0,1,0],[27,46,163]]
[[0,0,0],[1,0,0],[0,1,0],[72,108,163]]
[[0,0,0],[1,0,0],[0,1,0],[13,51,163]]
[[0,0,0],[1,0,0],[0,1,0],[37,56,163]]
[[0,0,0],[1,0,0],[0,1,0],[28,137,163]]
[[0,0,0],[1,0,0],[0,1,0],[3,62,163]]
[[0,0,0],[1,0,0],[0,1,0],[9,32,163]]
[[0,0,0],[1,0,0],[0,1,0],[19,54,163]]
[[0,0,0],[1,0,0],[0,1,0],[11,156,163]]
[[0,0,0],[1,0,0],[0,1,0],[16,60,163]]
[[0,0,0],[1,0,0],[0,1,0],[17,40,163]]
[[0,0,0],[1,0,0],[0,1,0],[17,23,163]]
[[0,0,0],[1,0,0],[0,1,0],[28,139,163]]
[[0,0,0],[1,0,0],[0,1,0],[6,34,163]]
[[0,0,0],[1,0,0],[0,1,0],[5,21,163]]
[[0,0,0],[1,0,0],[0,1,0],[7,62,163]]
[[0,0,0],[1,0,0],[0,1,0],[39,144,163]]
[[0,0,0],[1,0,0],[0,1,0],[1,47,163]]
[[0,0,0],[1,0,0],[0,1,0],[20,25,163]]
[[0,0,0],[1,0,0],[0,1,0],[10,49,163]]
[[0,0,0],[1,0,0],[0,1,0],[15,50,163]]
[[0,0,0],[1,0,0],[0,1,0],[4,28,163]]
[[0,0,0],[1,0,0],[0,1,0],[4,34,163]]
[[0,0,0],[1,0,0],[0,1,0],[4,16,163]]
[[0,0,0],[1,0,0],[0,1,0],[13,63,163]]
[[0,0,0],[1,0,0],[0,1,0],[12,39,163]]
[[0,0,0],[1,0,0],[0,1,0],[16,38,163]]
[[0,0,0],[1,0,0],[0,1,0],[20,44,163]]
[[0,0,0],[1,0,0],[0,1,0],[24,140,163]]
[[0,0,0],[1,0,0],[0,1,0],[15,48,163]]
[[0,0,0],[1,0,0],[0,1,0],[24,55,163]]
[[0,0,0],[1,0,0],[0,1,0],[4,58,163]]
[[0,0,0],[1,0,0],[0,1,0],[19,19,163]]
[[0,0,0],[1,0,0],[0,1,0],[26,64,163]]
[[0,0,0],[1,0,0],[0,1,0],[10,50,163]]
[[0,0,0],[1,0,0],[0,1,0],[15,153,163]]
[[0,0,0],[1,0,0],[0,1,0],[38,129,163]]
[[0,0,0],[1,0,0],[0,1,0],[12,36,163]]
[[0,0,0],[1,0,0],[0,1,0],[14,28,163]]
[[0,0,0],[1,0,0],[0,1,0],[8,28,163]]
[[0,0,0],[1,0,0],[0,1,0],[8,13,163]]
[[0,0,0],[1,0,0],[0,1,0],[2,64,163]]
[[0,0,0],[1,0,0],[0,1,0],[8,51,163]]
[[0,0,0],[1,0,0],[0,1,0],[57,135,163]]
[[0,0,0],[1,0,0],[0,1,0],[4,45,163]]
[[0,0,0],[1,0,0],[0,1,0],[11,153,163]]
[[0,0,0],[1,0,0],[0,1,0],[31,135,163]]
[[0,0,0],[1,0,0],[0,1,0],[12,48,163]]
[[0,0,0],[1,0,0],[0,1,0],[7,34,163]]
[[0,0,0],[1,0,0],[0,1,0],[3,29,163]]
[[0,0,0],[1,0,0],[0,1,0],[24,26,163]]
[[0,0,0],[1,0,0],[0,1,0],[7,159,163]]
[[0,0,0],[1,0,0],[0,1,0],[18,33,163]]
[[0,0,0],[1,0,0],[0,1,0],[15,24,163]]
[[0,0,0],[1,0,0],[0,1,0],[25,59,163]]
[[0,0,0],[1,0,0],[0,1,0],[14,53,163]]
[[0,0,0],[1,0,0],[0,1,0],[1,14,163]]
[[0,0,0],[1,0,0],[0,1,0],[27,62,163]]
[[0,0,0],[1,0,0],[0,1,0],[20,54,163]]
[[0,0,0],[1,0,0],[0,1,0],[7,56,163]]
[[0,0,0],[1,0,0],[0,1,0],[2,30,163]]
[[0,0,0],[1,0,0],[0,1,0],[1,30,163]]
[[0,0,0],[1,0,0],[0,1,0],[20,45,163]]
[[0,0,0],[1,0,0],[0,1,0],[9,27,163]]
[[0,0,0],[1,0,0],[0,1,0],[14,73,163]]
[[0,0,0],[1,0,0],[0,1,0],[11,158,163]]
[[0,0,0],[1,0,0],[0,1,0],[11,11,163]]
[[0,0,0],[1,0,0],[0,1,0],[12,74,163]]
[[0,0,0],[1,0,0],[0,1,0],[9,25,163]]
[[0,0,0],[1,0,0],[0,1,0],[29,42,163]]
[[0,0,0],[1,0,0],[0,1,0],[18,23,163]]
[[0,0,0],[1,0,0],[0,1,0],[19,146,163]]
[[0,0,0],[1,0,0],[0,1,0],[26,31,163]]
[[0,0,0],[1,0,0],[0,1,0],[26,69,163]]
[[0,0,0],[1,0,0],[0,1,0],[1,6,163]]
[[0,0,0],[1,0,0],[0,1,0],[67,130,163]]
[[0,0,0],[1,0,0],[0,1,0],[16,48,163]]
[[0,0,0],[1,0,0],[0,1,0],[8,46,163]]
[[0,0,0],[1,0,0],[0,1,0],[5,53,163]]
[[0,0,0],[1,0,0],[0,1,0],[37,144,163]]
[[0,0,0],[1,0,0],[0,1,0],[25,44,163]]
[[0,0,0],[1,0,0],[0,1,0],[3,18,163]]
[[0,0,0],[1,0,0],[0,1,0],[58,129,163]]
[[0,0,0],[1,0,0],[0,1,0],[7,73,163]]
[[0,0,0],[1,0,0],[0,1,0],[13,64,163]]
[[0,0,0],[1,0,0],[0,1,0],[7,45,163]]
[[0,0,0],[1,0,0],[0,1,0],[2,13,163]]
[[0,0,0],[1,0,0],[0,1,0],[1,62,163]]
[[0,0,0],[1,0,0],[0,1,0],[0,1,163]]
[[0,0,0],[1,0,0],[0,1,0],[3,14,163]]
[[0,0,0],[1,0,0],[0,1,0],[5,159,163]]
[[0,0,0],[1,0,0],[0,1,0],[6,68,163]]
[[0,0,0],[1,0,0],[0,1,0],[6,54,163]]
[[0,0,0],[1,0,0],[0,1,0],[22,64,163]]
[[0,0,0],[1,0,0],[0,1,0],[8,14,163]]
[[0,0,0],[1,0,0],[0,1,0],[1,2,163]]
[[0,0,0],[1,0,0],[0,1,0],[24,24,163]]
[[0,0,0],[1,0,0],[0,1,0],[8,24,163]]
[[0,0,0],[1,0,0],[0,1,0],[9,61,163]]
[[0,0,0],[1,0,0],[0,1,0],[11,59,163]]
[[0,0,0],[1,0,0],[0,1,0],[24,66,163]]
[[0,0,0],[1,0,0],[0,1,0],[6,28,163]]
[[0,0,0],[1,0,0],[0,1,0],[3,44,163]]
[[0,0,0],[1,0,0],[0,1,0],[14,75,163]]
[[0,0,0],[1,0,0],[0,1,0],[15,21,163]]
[[0,0,0],[1,0,0],[0,1,0],[29,38,163]]
[[0,0,0],[1,0,0],[0,1,0],[11,13,163]]
[[0,0,0],[1,0,0],[0,1,0],[22,28,163]]
[[0,0,0],[1,0,0],[0,1,0],[3,76,163]]
[[0,0,0],[1,0,0],[0,1,0],[5,78,163]]
[[0,0,0],[1,0,0],[0,1,0],[3,9,163]]
[[0,0,0],[1,0,0],[0,1,0],[8,66,163]]
[[0,0,0],[1,0,0],[0,1,0],[10,12,163]]
[[0,0,0],[1,0,0],[0,1,0],[6,55,163]]
[[0,0,0],[1,0,0],[0,1,0],[5,65,163]]
[[0,0,0],[1,0,0],[0,1,0],[2,39,163]]
[[0,0,0],[1,0,0],[0,1,0],[5,13,163]]
[[0,0,0],[1,0,0],[0,1,0],[22,149,163]]
[[0,0,0],[1,0,0],[0,1,0],[18,27,163]]
[[0,0,0],[1,0,0],[0,1,0],[52,55,163]]
[[0,0,0],[1,0,0],[0,1,0],[26,52,163]]
[[0,0,0],[1,0,0],[0,1,0],[13,44,163]]
[[0,0,0],[1,0,0],[0,1,0],[4,21,163]]
[[0,0,0],[1,0,0],[0,1,0],[3,31,163]]
[[0,0,0],[1,0,0],[0,1,0],[18,150,163]]
[[0,0,0],[1,0,0],[0,1,0],[19,37,163]]
[[0,0,0],[1,0,0],[0,1,0],[7,60,163]]
[[0,0,0],[1,0,0],[0,1,0],[16,55,163]]
[[0,0,0],[1,0,0],[0,1,0],[15,54,163]]
[[0,0,0],[1,0,0],[0,1,0],[24,69,163]]
[[0,0,0],[1,0,0],[0,1,0],[2,8,163]]
[[0,0,0],[1,0,0],[0,1,0],[2,18,163]]
[[0,0,0],[1,0,0],[0,1,0],[16,44,163]]
[[0,0,0],[1,0,0],[0,1,0],[19,152,163]]
[[0,0,0],[1,0,0],[0,1,0],[37,47,163]]
[[0,0,0],[1,0,0],[0,1,0],[3,73,163]]
[[0,0,0],[1,0,0],[0,1,0],[2,162,163]]
[[0,0,0],[1,0,0],[0,1,0],[6,12,163]]
[[0,0,0],[1,0,0],[0,1,0],[13,152,163]]
[[0,0,0],[1,0,0],[0,1,0],[7,63,163]]
[[0,0,0],[1,0,0],[0,1,0],[18,147,163]]
[[0,0,0],[1,0,0],[0,1,0],[5,25,163]]
[[0,0,0],[1,0,0],[0,1,0],[31,52,163]]
[[0,0,0],[1,0,0],[0,1,0],[8,76,163]]
[[0,0,0],[1,0,0],[0,1,0],[8,29,163]]
[[0,0,0],[1,0,0],[0,1,0],[32,60,163]]
