[[0,0,0],[1,0,0],[0,1,0],[87,59,165]]
[[0,0,0],[1,0,0],[0,1,0],[0,1,165]]
[[0,0,0],[1,0,0],[0,1,0],[153,153,165]]
[[0,0,0],[1,0,0],[0,1,0],[35,76,165]]
[[0,0,0],[1,0,0],[0,1,0],[39,151,165]]
[[0,0,0],[1,0,0],[0,1,0],[11,23,165]]
[[0,0,0],[1,0,0],[0,1,0],[18,48,165]]
[[0,0,0],[1,0,0],[0,1,0],[14,116,165]]
[[0,0,0],[1,0,0],[0,1,0],[93,163,165]]
[[0,0,0],[1,0,0],[0,1,0],[14,86,165]]
[[0,0,0],[1,0,0],[0,1,0],[12,142,165]]
[[0,0,0],[1,0,0],[0,1,0],[23,137,165]]
[[0,0,0],[1,0,0],[0,1,0],[16,151,165]]
[[0,0,0],[1,0,0],[0,1,0],[40,159,165]]
[[0,0,0],[1,0,0],[0,1,0],[14,26,165]]
[[0,0,0],[1,0,0],[0,1,0],[92,164,165]]
[[0,0,0],[1,0,0],[0,1,0],[37,49,165]]
[[0,0,0],[1,0,0],[0,1,0],[25,6,165]]
[[0,0,0],[1,0,0],[0,1,0],[115,139,165]]
[[0,0,0],[1,0,0],[0,1,0],[27,73,165]]
[[0,0,0],[1,0,0],[0,1,0],[102,109,165]]
[[0,0,0],[1,0,0],[0,1,0],[3,136,165]]
[[0,0,0],[1,0,0],[0,1,0],[18,103,165]]
[[0,0,0],[1,0,0],[0,1,0],[18,112,165]]
[[0,0,0],[1,0,0],[0,1,0],[27,163,165]]
[[0,0,0],[1,0,0],[0,1,0],[3,106,165]]
[[0,0,0],[1,0,0],[0,1,0],[14,23,165]]
[[0,0,0],[1,0,0],[0,1,0],[100,6,165]]
[[0,0,0],[1,0,0],[0,1,0],[48,74,165]]
[[0,0,0],[1,0,0],[0,1,0],[50,26,165]]
[[0,0,0],[1,0,0],[0,1,0],[29,58,165]]
[[0,0,0],[1,0,0],[0,1,0],[1,7,165]]
[[0,0,0],[1,0,0],[0,1,0],[72,138,165]]
[[0,0,0],[1,0,0],[0,1,0],[69,148,165]]
[[0,0,0],[1,0,0],[0,1,0],[38,133,165]]
[[0,0,0],[1,0,0],[0,1,0],[138,23,165]]
[[0,0,0],[1,0,0],[0,1,0],[23,29,165]]
[[0,0,0],[1,0,0],[1,5,0],[22,22,33]]
[[0,0,0],[1,0,0],[0,1,0],[23,46,165]]
[[0,0,0],[1,0,0],[0,1,0],[34,56,165]]
[[0,0,0],[1,0,0],[0,1,0],[93,123,165]]
[[0,0,0],[1,0,0],[0,1,0],[114,19,165]]
[[0,0,0],[1,0,0],[0,1,0],[18,34,165]]
[[0,0,0],[1,0,0],[0,1,0],[8,136,165]]
[[0,0,0],[1,0,0],[0,1,0],[22,34,165]]
[[0,0,0],[1,0,0],[1,3,0],[11,44,55]]
[[0,0,0],[1,0,0],[0,1,0],[39,73,165]]
[[0,0,0],[1,0,0],[0,1,0],[29,97,165]]
[[0,0,0],[1,0,0],[0,1,0],[117,126,165]]
[[0,0,0],[1,0,0],[0,1,0],[69,127,165]]
[[0,0,0],[1,0,0],[0,1,0],[39,139,165]]
[[0,0,0],[1,0,0],[0,1,0],[4,152,165]]
[[0,0,0],[1,0,0],[0,1,0],[29,151,165]]
[[0,0,0],[1,0,0],[1,3,0],[1,25,55]]
[[0,0,0],[1,0,0],[0,1,0],[155,21,165]]
[[0,0,0],[1,0,0],[0,1,0],[57,29,165]]
[[0,0,0],[1,0,0],[0,1,0],[7,164,165]]
[[0,0,0],[1,0,0],[0,1,0],[24,64,165]]
[[0,0,0],[1,0,0],[0,1,0],[32,41,165]]
[[0,0,0],[1,0,0],[0,1,0],[42,129,165]]
[[0,0,0],[1,0,0],[0,1,0],[57,153,165]]
[[0,0,0],[1,0,0],[0,1,0],[85,131,165]]
[[0,0,0],[1,0,0],[0,1,0],[87,29,165]]
[[0,0,0],[1,0,0],[0,1,0],[9,124,165]]
[[0,0,0],[1,0,0],[0,1,0],[108,91,165]]
[[0,0,0],[1,0,0],[0,1,0],[85,141,165]]
[[0,0,0],[1,0,0],[0,1,0],[84,159,165]]
[[0,0,0],[1,0,0],[0,1,0],[20,80,165]]
[[0,0,0],[1,0,0],[0,1,0],[26,104,165]]
[[0,0,0],[1,0,0],[0,1,0],[78,43,165]]
[[0,0,0],[1,0,0],[0,1,0],[3,163,165]]
[[0,0,0],[1,0,0],[0,1,0],[70,96,165]]
[[0,0,0],[1,0,0],[0,1,0],[108,61,165]]
[[0,0,0],[1,0,0],[0,1,0],[10,86,165]]
[[0,0,0],[1,0,0],[0,1,0],[93,98,165]]
[[0,0,0],[1,0,0],[0,1,0],[30,91,165]]
[[0,0,0],[1,0,0],[0,1,0],[14,112,165]]
[[0,0,0],[1,0,0],[0,1,0],[4,107,165]]
[[0,0,0],[1,0,0],[0,1,0],[28,34,165]]
[[0,0,0],[1,0,0],[0,1,0],[101,107,165]]
[[0,0,0],[1,0,0],[0,1,0],[37,109,165]]
[[0,0,0],[1,0,0],[0,1,0],[2,8,165]]
[[0,0,0],[1,0,0],[0,1,0],[28,38,165]]
[[0,0,0],[1,0,0],[0,1,0],[18,133,165]]
[[0,0,0],[1,0,0],[0,1,0],[72,13,165]]
[[0,0,0],[1,0,0],[0,1,0],[14,74,165]]
[[0,0,0],[1,0,0],[0,1,0],[7,82,165]]
[[0,0,0],[1,0,0],[0,1,0],[39,82,165]]
[[0,0,0],[1,0,0],[0,1,0],[82,164,165]]
[[0,0,0],[1,0,0],[0,1,0],[23,47,165]]
[[0,0,0],[1,0,0],[0,1,0],[38,92,165]]
[[0,0,0],[1,0,0],[0,1,0],[26,34,165]]
[[0,0,0],[1,0,0],[0,1,0],[10,96,165]]
[[0,0,0],[1,0,0],[0,1,0],[57,109,165]]
[[0,0,0],[1,0,0],[0,1,0],[85,147,165]]
[[0,0,0],[1,0,0],[0,1,0],[21,31,165]]
[[0,0,0],[1,0,0],[0,1,0],[114,37,165]]
[[0,0,0],[1,0,0],[0,1,0],[45,154,165]]
[[0,0,0],[1,0,0],[0,1,0],[45,22,165]]
[[0,0,0],[1,0,0],[0,1,0],[12,134,165]]
[[0,0,0],[1,0,0],[0,1,0],[29,116,165]]
[[0,0,0],[1,0,0],[0,1,0],[77,155,165]]
[[0,0,0],[1,0,0],[0,1,0],[40,148,165]]
[[0,0,0],[1,0,0],[0,1,0],[42,159,165]]
[[0,0,0],[3,0,0],[0,1,0],[5,6,55]]
[[0,0,0],[1,0,0],[0,1,0],[50,86,165]]
[[0,0,0],[1,0,0],[0,1,0],[60,46,165]]
[[0,0,0],[1,0,0],[0,1,0],[19,53,165]]
[[0,0,0],[1,0,0],[0,1,0],[154,27,165]]
[[0,0,0],[1,0,0],[0,1,0],[36,42,165]]
[[0,0,0],[1,0,0],[0,1,0],[2,38,165]]
[[0,0,0],[1,0,0],[0,1,0],[27,14,165]]
[[0,0,0],[3,0,0],[0,1,0],[10,1,55]]
[[0,0,0],[1,0,0],[0,1,0],[24,54,165]]
[[0,0,0],[1,0,0],[0,1,0],[40,131,165]]
[[0,0,0],[1,0,0],[0,1,0],[8,119,165]]
[[0,0,0],[1,0,0],[0,1,0],[108,153,165]]
[[0,0,0],[1,0,0],[0,1,0],[140,147,165]]
[[0,0,0],[1,0,0],[0,1,0],[77,133,165]]
[[0,0,0],[1,0,0],[0,1,0],[26,43,165]]
[[0,0,0],[1,0,0],[0,1,0],[8,31,165]]
[[0,0,0],[1,0,0],[0,1,0],[89,91,165]]
[[0,0,0],[1,0,0],[2,3,0],[30,10,55]]
[[0,0,0],[1,0,0],[0,1,0],[1,46,165]]
[[0,0,0],[1,0,0],[0,1,0],[12,13,165]]
[[0,0,0],[1,0,0],[0,1,0],[21,109,165]]
[[0,0,0],[1,0,0],[0,1,0],[9,137,165]]
[[0,0,0],[1,0,0],[0,1,0],[15,106,165]]
[[0,0,0],[1,0,0],[0,1,0],[38,61,165]]
[[0,0,0],[1,0,0],[0,1,0],[14,161,165]]
[[0,0,0],[3,0,0],[0,1,0],[10,46,55]]
[[0,0,0],[1,0,0],[0,1,0],[4,127,165]]
[[0,0,0],[1,0,0],[0,1,0],[35,86,165]]
[[0,0,0],[1,0,0],[0,1,0],[9,148,165]]
[[0,0,0],[3,0,0],[0,1,0],[15,29,55]]
[[0,0,0],[1,0,0],[0,1,0],[8,103,165]]
[[0,0,0],[1,0,0],[0,1,0],[54,142,165]]
[[0,0,0],[1,0,0],[0,1,0],[93,93,165]]
[[0,0,0],[1,0,0],[0,1,0],[12,97,165]]
[[0,0,0],[1,0,0],[0,1,0],[1,28,165]]
[[0,0,0],[1,0,0],[0,1,0],[20,61,165]]
[[0,0,0],[1,0,0],[0,1,0],[3,61,165]]
[[0,0,0],[1,0,0],[0,1,0],[138,148,165]]
[[0,0,0],[1,0,0],[0,1,0],[8,146,165]]
[[0,0,0],[1,0,0],[0,1,0],[4,151,165]]
[[0,0,0],[1,0,0],[0,1,0],[72,119,165]]
[[0,0,0],[1,0,0],[0,1,0],[13,68,165]]
[[0,0,0],[1,0,0],[0,1,0],[11,67,165]]
[[0,0,0],[1,0,0],[0,1,0],[8,52,165]]
[[0,0,0],[1,0,0],[0,1,0],[57,43,165]]
[[0,0,0],[1,0,0],[0,1,0],[52,104,165]]
[[0,0,0],[1,0,0],[0,1,0],[18,61,165]]
[[0,0,0],[1,0,0],[0,1,0],[69,37,165]]
[[0,0,0],[1,0,0],[0,1,0],[23,89,165]]
[[0,0,0],[1,0,0],[1,3,0],[45,35,55]]
[[0,0,0],[1,0,0],[0,1,0],[41,164,165]]
[[0,0,0],[1,0,0],[0,1,0],[8,116,165]]
[[0,0,0],[1,0,0],[0,1,0],[114,92,165]]
[[0,0,0],[1,0,0],[0,1,0],[56,71,165]]
[[0,0,0],[1,0,0],[0,1,0],[56,92,165]]
[[0,0,0],[1,0,0],[0,1,0],[130,141,165]]
[[0,0,0],[1,0,0],[0,1,0],[35,51,165]]
[[0,0,0],[1,0,0],[0,1,0],[12,54,165]]
[[0,0,0],[1,0,0],[0,1,0],[10,131,165]]
[[0,0,0],[1,0,0],[0,1,0],[108,109,165]]
[[0,0,0],[1,0,0],[0,1,0],[9,46,165]]
[[0,0,0],[1,0,0],[0,1,0],[5,146,165]]
[[0,0,0],[1,0,0],[0,1,0],[35,6,165]]
[[0,0,0],[1,0,0],[0,1,0],[57,133,165]]
[[0,0,0],[1,0,0],[0,1,0],[36,91,165]]
[[0,0,0],[1,0,0],[0,1,0],[38,137,165]]
[[0,0,0],[1,0,0],[0,1,0],[23,122,165]]
[[0,0,0],[1,0,0],[0,1,0],[27,114,165]]
[[0,0,0],[1,0,0],[0,1,0],[39,67,165]]
[[0,0,0],[1,0,0],[0,1,0],[17,26,165]]
[[0,0,0],[1,0,0],[0,1,0],[4,46,165]]
[[0,0,0],[1,0,0],[0,1,0],[72,133,165]]
[[0,0,0],[1,0,0],[0,1,0],[25,161,165]]
[[0,0,0],[1,0,0],[0,1,0],[14,71,165]]
[[0,0,0],[1,0,0],[0,1,0],[2,131,165]]
[[0,0,0],[1,0,0],[0,1,0],[20,157,165]]
[[0,0,0],[1,0,0],[0,1,0],[102,79,165]]
[[0,0,0],[1,0,0],[0,1,0],[2,47,165]]
[[0,0,0],[1,0,0],[0,1,0],[2,107,165]]
[[0,0,0],[1,0,0],[0,1,0],[2,43,165]]
[[0,0,0],[1,0,0],[0,1,0],[24,151,165]]
[[0,0,0],[1,0,0],[0,1,0],[22,78,165]]
[[0,0,0],[1,0,0],[0,1,0],[24,49,165]]
[[0,0,0],[1,0,0],[0,1,0],[9,69,165]]
[[0,0,0],[1,0,0],[0,1,0],[126,7,165]]
[[0,0,0],[1,0,0],[0,1,0],[48,129,165]]
[[0,0,0],[1,0,0],[0,1,0],[114,152,165]]
[[0,0,0],[1,0,0],[0,1,0],[39,42,165]]
[[0,0,0],[1,0,0],[0,1,0],[18,79,165]]
[[0,0,0],[1,0,0],[0,1,0],[24,42,165]]
[[0,0,0],[3,0,0],[0,1,0],[10,16,55]]
[[0,0,0],[1,0,0],[0,1,0],[14,29,165]]
[[0,0,0],[1,0,0],[0,1,0],[103,103,165]]
[[0,0,0],[1,0,0],[0,1,0],[8,13,165]]
[[0,0,0],[1,0,0],[0,1,0],[29,29,165]]
[[0,0,0],[1,0,0],[0,1,0],[28,43,165]]
[[0,0,0],[1,0,0],[0,1,0],[57,136,165]]
[[0,0,0],[1,0,0],[0,1,0],[84,107,165]]
[[0,0,0],[1,0,0],[0,1,0],[36,94,165]]
[[0,0,0],[1,0,0],[0,1,0],[63,13,165]]
[[0,0,0],[1,0,0],[0,1,0],[3,31,165]]
[[0,0,0],[1,0,0],[0,1,0],[8,26,165]]
[[0,0,0],[1,0,0],[0,1,0],[10,61,165]]
[[0,0,0],[1,0,0],[0,1,0],[70,63,165]]
[[0,0,0],[1,0,0],[0,1,0],[50,151,165]]
[[0,0,0],[1,0,0],[0,1,0],[63,151,165]]
[[0,0,0],[1,0,0],[0,1,0],[21,46,165]]
[[0,0,0],[1,0,0],[0,1,0],[17,79,165]]
[[0,0,0],[1,0,0],[0,1,0],[72,7,165]]
[[0,0,0],[1,0,0],[0,1,0],[3,43,165]]
[[0,0,0],[1,0,0],[0,1,0],[45,88,165]]
[[0,0,0],[1,0,0],[0,1,0],[38,86,165]]
[[0,0,0],[3,0,0],[0,1,0],[11,12,55]]
[[0,0,0],[1,0,0],[0,1,0],[56,104,165]]
[[0,0,0],[1,0,0],[0,1,0],[5,6,165]]
[[0,0,0],[1,0,0],[0,1,0],[47,101,165]]
[[0,0,0],[1,0,0],[0,1,0],[2,101,165]]
[[0,0,0],[1,0,0],[0,1,0],[26,161,165]]
[[0,0,0],[1,0,0],[0,1,0],[48,139,165]]
[[0,0,0],[1,0,0],[0,1,0],[123,153,165]]
[[0,0,0],[1,0,0],[0,1,0],[2,122,165]]
[[0,0,0],[1,0,0],[0,1,0],[42,74,165]]
[[0,0,0],[1,0,0],[0,1,0],[18,158,165]]
[[0,0,0],[1,0,0],[0,1,0],[54,102,165]]
[[0,0,0],[1,0,0],[0,1,0],[72,129,165]]
[[0,0,0],[1,0,0],[0,1,0],[51,1,165]]
[[0,0,0],[1,0,0],[0,1,0],[3,157,165]]
[[0,0,0],[1,0,0],[0,1,0],[100,156,165]]
[[0,0,0],[1,0,0],[1,3,0],[45,5,55]]
[[0,0,0],[1,0,0],[1,3,0],[45,30,55]]
[[0,0,0],[1,0,0],[0,1,0],[22,159,165]]
[[0,0,0],[1,0,0],[0,1,0],[5,16,165]]
[[0,0,0],[1,0,0],[0,1,0],[32,86,165]]
[[0,0,0],[1,0,0],[0,1,0],[35,101,165]]
[[0,0,0],[1,0,0],[0,1,0],[6,112,165]]
[[0,0,0],[1,0,0],[0,1,0],[160,96,165]]
[[0,0,0],[1,0,0],[0,1,0],[38,47,165]]
[[0,0,0],[1,0,0],[0,1,0],[5,111,165]]
[[0,0,0],[1,0,0],[0,1,0],[2,14,165]]
[[0,0,0],[1,0,0],[0,1,0],[37,107,165]]
[[0,0,0],[1,0,0],[0,1,0],[145,131,165]]
[[0,0,0],[1,0,0],[0,1,0],[130,36,165]]
[[0,0,0],[1,0,0],[0,1,0],[10,36,165]]
[[0,0,0],[1,0,0],[0,1,0],[48,93,165]]
[[0,0,0],[1,0,0],[0,1,0],[39,142,165]]
[[0,0,0],[1,0,0],[0,1,0],[160,6,165]]
[[0,0,0],[1,0,0],[0,1,0],[25,101,165]]
[[0,0,0],[1,0,0],[0,1,0],[50,17,165]]
[[0,0,0],[1,0,0],[0,1,0],[5,106,165]]
[[0,0,0],[1,0,0],[0,1,0],[71,104,165]]
[[0,0,0],[1,0,0],[0,1,0],[7,71,165]]
[[0,0,0],[1,0,0],[0,1,0],[53,103,165]]
[[0,0,0],[1,0,0],[0,1,0],[29,142,165]]
[[0,0,0],[1,0,0],[0,1,0],[35,41,165]]
[[0,0,0],[1,0,0],[0,1,0],[22,56,165]]
[[0,0,0],[1,0,0],[0,1,0],[50,101,165]]
[[0,0,0],[1,0,0],[0,1,0],[13,31,165]]
[[0,0,0],[1,0,0],[0,1,0],[8,113,165]]
[[0,0,0],[1,0,0],[0,1,0],[7,28,165]]
[[0,0,0],[1,0,0],[0,1,0],[35,156,165]]
[[0,0,0],[1,0,0],[0,1,0],[24,107,165]]
[[0,0,0],[1,0,0],[0,1,0],[93,43,165]]
[[0,0,0],[1,0,0],[0,1,0],[130,56,165]]
[[0,0,0],[1,0,0],[0,1,0],[10,56,165]]
[[0,0,0],[1,0,0],[0,1,0],[15,136,165]]
[[0,0,0],[1,0,0],[0,1,0],[21,61,165]]
[[0,0,0],[1,0,0],[0,1,0],[3,133,165]]
[[0,0,0],[1,0,0],[0,1,0],[29,41,165]]
[[0,0,0],[1,0,0],[0,1,0],[63,59,165]]
[[0,0,0],[1,0,0],[0,1,0],[48,31,165]]
[[0,0,0],[1,0,0],[0,1,0],[7,56,165]]
[[0,0,0],[1,0,0],[0,1,0],[108,83,165]]
[[0,0,0],[1,0,0],[0,1,0],[16,64,165]]
[[0,0,0],[1,0,0],[0,1,0],[18,68,165]]
[[0,0,0],[1,0,0],[0,1,0],[9,102,165]]
[[0,0,0],[1,0,0],[0,1,0],[27,1,165]]
[[0,0,0],[1,0,0],[0,1,0],[138,133,165]]
[[0,0,0],[1,0,0],[0,1,0],[40,6,165]]
[[0,0,0],[1,0,0],[0,1,0],[63,153,165]]
[[0,0,0],[1,0,0],[0,1,0],[8,73,165]]
[[0,0,0],[1,0,0],[0,1,0],[39,1,165]]
[[0,0,0],[1,0,0],[0,1,0],[78,1,165]]
[[0,0,0],[1,0,0],[0,1,0],[129,162,165]]
[[0,0,0],[1,0,0],[0,1,0],[104,164,165]]
[[0,0,0],[1,0,0],[0,1,0],[9,157,165]]
[[0,0,0],[1,0,0],[0,1,0],[6,116,165]]
[[0,0,0],[1,0,0],[0,1,0],[10,35,165]]
[[0,0,0],[1,0,0],[0,1,0],[125,131,165]]
[[0,0,0],[1,0,0],[0,1,0],[72,139,165]]
[[0,0,0],[1,0,0],[0,1,0],[18,118,165]]
[[0,0,0],[1,0,0],[0,1,0],[18,83,165]]
[[0,0,0],[1,0,0],[0,1,0],[80,86,165]]
[[0,0,0],[1,0,0],[0,1,0],[12,7,165]]
[[0,0,0],[1,0,0],[0,1,0],[29,152,165]]
[[0,0,0],[1,0,0],[0,1,0],[79,164,165]]
[[0,0,0],[1,0,0],[0,1,0],[115,7,165]]
[[0,0,0],[1,0,0],[0,1,0],[66,34,165]]
[[0,0,0],[1,0,0],[0,1,0],[6,39,165]]
[[0,0,0],[1,0,0],[0,1,0],[30,46,165]]
[[0,0,0],[1,0,0],[0,1,0],[65,146,165]]
[[0,0,0],[1,0,0],[0,1,0],[6,82,165]]
[[0,0,0],[1,0,0],[0,1,0],[27,106,165]]
[[0,0,0],[1,0,0],[0,1,0],[72,72,165]]
[[0,0,0],[1,0,0],[0,1,0],[12,164,165]]
[[0,0,0],[1,0,0],[0,1,0],[48,118,165]]
[[0,0,0],[1,0,0],[0,1,0],[55,56,165]]
[[0,0,0],[1,0,0],[0,1,0],[85,51,165]]
[[0,0,0],[1,0,0],[1,3,0],[6,40,55]]
[[0,0,0],[1,0,0],[0,1,0],[147,49,165]]
[[0,0,0],[1,0,0],[0,1,0],[80,53,165]]
[[0,0,0],[1,0,0],[0,1,0],[96,4,165]]
[[0,0,0],[1,0,0],[0,1,0],[2,134,165]]
[[0,0,0],[1,0,0],[0,1,0],[85,96,165]]
[[0,0,0],[1,0,0],[0,1,0],[27,119,165]]
[[0,0,0],[1,0,0],[0,1,0],[12,114,165]]
[[0,0,0],[1,0,0],[0,1,0],[20,106,165]]
[[0,0,0],[1,0,0],[0,1,0],[40,115,165]]
[[0,0,0],[1,0,0],[0,1,0],[29,113,165]]
[[0,0,0],[1,0,0],[0,1,0],[6,6,165]]
[[0,0,0],[1,0,0],[0,1,0],[12,67,165]]
[[0,0,0],[1,0,0],[0,1,0],[24,103,165]]
[[0,0,0],[1,0,0],[0,1,0],[14,152,165]]
[[0,0,0],[1,0,0],[0,1,0],[1,49,165]]
[[0,0,0],[1,0,0],[0,1,0],[130,126,165]]
[[0,0,0],[1,0,0],[2,3,0],[5,45,55]]
[[0,0,0],[1,0,0],[0,1,0],[8,43,165]]
[[0,0,0],[1,0,0],[0,1,0],[75,136,165]]
[[0,0,0],[1,0,0],[0,1,0],[121,78,165]]
[[0,0,0],[1,0,0],[0,1,0],[50,50,165]]
[[0,0,0],[1,0,0],[0,1,0],[96,109,165]]
[[0,0,0],[1,0,0],[0,1,0],[9,28,165]]
[[0,0,0],[1,0,0],[0,1,0],[3,73,165]]
[[0,0,0],[1,0,0],[0,1,0],[107,107,165]]
[[0,0,0],[1,0,0],[0,1,0],[7,14,165]]
[[0,0,0],[1,0,0],[0,1,0],[121,111,165]]
[[0,0,0],[1,0,0],[0,1,0],[38,134,165]]
[[0,0,0],[1,0,0],[0,1,0],[13,34,165]]
[[0,0,0],[1,0,0],[0,1,0],[114,129,165]]
[[0,0,0],[1,0,0],[0,1,0],[25,130,165]]
[[0,0,0],[1,0,0],[0,1,0],[54,162,165]]
[[0,0,0],[1,0,0],[0,1,0],[154,162,165]]
[[0,0,0],[1,0,0],[0,1,0],[72,103,165]]
[[0,0,0],[1,0,0],[0,1,0],[15,52,165]]
[[0,0,0],[1,0,0],[0,1,0],[46,164,165]]
[[0,0,0],[1,0,0],[0,1,0],[114,74,165]]
[[0,0,0],[1,0,0],[0,1,0],[65,161,165]]
[[0,0,0],[5,0,0],[0,1,0],[22,23,33]]
[[0,0,0],[1,0,0],[0,1,0],[36,58,165]]
[[0,0,0],[1,0,0],[0,1,0],[43,56,165]]
[[0,0,0],[1,0,0],[0,1,0],[87,148,165]]
[[0,0,0],[3,0,0],[0,1,0],[11,34,55]]
[[0,0,0],[1,0,0],[0,1,0],[3,19,165]]
[[0,0,0],[1,0,0],[0,1,0],[27,103,165]]
[[0,0,0],[1,0,0],[0,1,0],[39,64,165]]
[[0,0,0],[1,0,0],[0,1,0],[78,58,165]]
[[0,0,0],[1,0,0],[0,1,0],[35,136,165]]
[[0,0,0],[1,0,0],[0,1,0],[16,71,165]]
[[0,0,0],[1,0,0],[0,1,0],[36,64,165]]
[[0,0,0],[1,0,0],[0,1,0],[154,147,165]]
[[0,0,0],[1,0,0],[0,1,0],[41,149,165]]
[[0,0,0],[1,0,0],[0,1,0],[51,126,165]]
[[0,0,0],[1,0,0],[0,1,0],[69,102,165]]
[[0,0,0],[1,0,0],[0,1,0],[160,126,165]]
[[0,0,0],[1,0,0],[0,1,0],[36,34,165]]
[[0,0,0],[1,0,0],[0,1,0],[8,131,165]]
[[0,0,0],[1,0,0],[0,1,0],[41,41,165]]
[[0,0,0],[1,0,0],[0,1,0],[26,151,165]]
[[0,0,0],[1,0,0],[0,1,0],[3,7,165]]
[[0,0,0],[1,0,0],[0,1,0],[81,41,165]]
[[0,0,0],[1,0,0],[0,1,0],[57,87,165]]
[[0,0,0],[1,0,0],[0,1,0],[13,16,165]]
[[0,0,0],[1,0,0],[0,1,0],[18,93,165]]
[[0,0,0],[1,0,0],[0,1,0],[17,94,165]]
[[0,0,0],[1,0,0],[0,1,0],[47,47,165]]
[[0,0,0],[1,0,0],[0,1,0],[3,63,165]]
[[0,0,0],[1,0,0],[0,1,0],[63,138,165]]
[[0,0,0],[1,0,0],[0,1,0],[115,141,165]]
[[0,0,0],[1,0,0],[0,1,0],[19,136,165]]
[[0,0,0],[1,0,0],[0,1,0],[20,96,165]]
[[0,0,0],[1,0,0],[0,1,0],[63,38,165]]
[[0,0,0],[1,0,0],[0,1,0],[114,157,165]]
[[0,0,0],[1,0,0],[0,1,0],[10,126,165]]
[[0,0,0],[1,0,0],[0,1,0],[36,119,165]]
[[0,0,0],[1,0,0],[0,1,0],[57,46,165]]
[[0,0,0],[1,0,0],[0,1,0],[84,136,165]]
[[0,0,0],[1,0,0],[0,1,0],[95,27,165]]
[[0,0,0],[1,0,0],[0,1,0],[25,86,165]]
[[0,0,0],[1,0,0],[0,1,0],[6,61,165]]
[[0,0,0],[1,0,0],[0,1,0],[24,153,165]]
[[0,0,0],[1,0,0],[0,1,0],[39,136,165]]
[[0,0,0],[1,0,0],[0,1,0],[42,19,165]]
[[0,0,0],[1,0,0],[0,1,0],[2,76,165]]
[[0,0,0],[1,0,0],[0,1,0],[9,32,165]]
[[0,0,0],[1,0,0],[0,1,0],[111,109,165]]
[[0,0,0],[1,0,0],[0,1,0],[26,74,165]]
[[0,0,0],[1,0,0],[0,1,0],[24,137,165]]
[[0,0,0],[1,0,0],[0,1,0],[26,92,165]]
[[0,0,0],[1,0,0],[0,1,0],[63,124,165]]
[[0,0,0],[1,0,0],[0,1,0],[50,149,165]]
[[0,0,0],[1,0,0],[0,1,0],[29,134,165]]
[[0,0,0],[1,0,0],[0,1,0],[100,111,165]]
[[0,0,0],[1,0,0],[0,1,0],[108,146,165]]
[[0,0,0],[1,0,0],[0,1,0],[22,69,165]]
[[0,0,0],[1,0,0],[0,1,0],[19,103,165]]
[[0,0,0],[1,0,0],[0,1,0],[84,157,165]]
[[0,0,0],[3,0,0],[0,1,0],[5,16,55]]
[[0,0,0],[1,0,0],[0,1,0],[143,78,165]]
[[0,0,0],[1,0,0],[0,1,0],[54,62,165]]
[[0,0,0],[1,0,0],[0,1,0],[65,24,165]]
[[0,0,0],[1,0,0],[0,1,0],[13,163,165]]
[[0,0,0],[1,0,0],[0,1,0],[162,164,165]]
[[0,0,0],[1,0,0],[0,1,0],[53,116,165]]
[[0,0,0],[1,0,0],[0,1,0],[96,147,165]]
[[0,0,0],[1,0,0],[0,1,0],[6,4,165]]
[[0,0,0],[1,0,0],[0,1,0],[14,164,165]]
[[0,0,0],[1,0,0],[0,1,0],[101,164,165]]
[[0,0,0],[1,0,0],[0,1,0],[51,7,165]]
[[0,0,0],[1,0,0],[0,1,0],[27,76,165]]
[[0,0,0],[1,0,0],[0,1,0],[108,123,165]]
[[0,0,0],[1,0,0],[0,1,0],[4,52,165]]
[[0,0,0],[1,0,0],[0,1,0],[80,9,165]]
[[0,0,0],[1,0,0],[0,1,0],[52,109,165]]
[[0,0,0],[1,0,0],[0,1,0],[36,1,165]]
[[0,0,0],[1,0,0],[0,1,0],[140,48,165]]
[[0,0,0],[1,0,0],[0,1,0],[80,136,165]]
[[0,0,0],[1,0,0],[0,1,0],[37,41,165]]
[[0,0,0],[1,0,0],[0,1,0],[12,39,165]]
[[0,0,0],[1,0,0],[0,1,0],[24,142,165]]
[[0,0,0],[1,0,0],[0,1,0],[2,53,165]]
[[0,0,0],[3,0,0],[0,1,0],[5,1,55]]
[[0,0,0],[1,0,0],[0,1,0],[32,71,165]]
[[0,0,0],[1,0,0],[0,1,0],[27,112,165]]
[[0,0,0],[1,0,0],[0,1,0],[27,129,165]]
[[0,0,0],[1,0,0],[0,1,0],[24,118,165]]
[[0,0,0],[1,0,0],[0,1,0],[85,59,165]]
[[0,0,0],[1,0,0],[0,1,0],[25,97,165]]
[[0,0,0],[1,0,0],[0,1,0],[17,116,165]]
[[0,0,0],[1,0,0],[0,1,0],[44,89,165]]
[[0,0,0],[1,0,0],[0,1,0],[77,12,165]]
[[0,0,0],[1,0,0],[0,1,0],[41,103,165]]
[[0,0,0],[1,0,0],[0,1,0],[63,93,165]]
[[0,0,0],[1,0,0],[0,1,0],[47,109,165]]
[[0,0,0],[1,0,0],[0,1,0],[39,13,165]]
[[0,0,0],[1,0,0],[0,1,0],[8,67,165]]
[[0,0,0],[1,0,0],[0,1,0],[87,164,165]]
[[0,0,0],[1,0,0],[0,1,0],[2,32,165]]
[[0,0,0],[1,0,0],[0,1,0],[4,23,165]]
[[0,0,0],[1,0,0],[0,1,0],[27,144,165]]
[[0,0,0],[1,0,0],[0,1,0],[44,144,165]]
[[0,0,0],[1,0,0],[0,1,0],[3,8,165]]
[[0,0,0],[1,0,0],[0,1,0],[77,134,165]]
[[0,0,0],[1,0,0],[0,1,0],[54,1,165]]
[[0,0,0],[1,0,0],[0,1,0],[23,43,165]]
[[0,0,0],[1,0,0],[0,1,0],[38,101,165]]
[[0,0,0],[1,0,0],[0,1,0],[13,43,165]]
[[0,0,0],[1,0,0],[0,1,0],[27,161,165]]
[[0,0,0],[1,0,0],[0,1,0],[60,121,165]]
[[0,0,0],[1,0,0],[0,1,0],[8,104,165]]
[[0,0,0],[1,0,0],[0,1,0],[17,32,165]]
[[0,0,0],[1,0,0],[0,1,0],[70,111,165]]
[[0,0,0],[1,0,0],[0,1,0],[154,57,165]]
[[0,0,0],[1,0,0],[0,1,0],[5,41,165]]
[[0,0,0],[1,0,0],[0,1,0],[3,68,165]]
[[0,0,0],[1,0,0],[0,1,0],[27,54,165]]
[[0,0,0],[1,0,0],[0,1,0],[35,164,165]]
[[0,0,0],[1,0,0],[0,1,0],[50,141,165]]
[[0,0,0],[1,0,0],[0,1,0],[21,97,165]]
[[0,0,0],[1,0,0],[0,1,0],[3,138,165]]
[[0,0,0],[1,0,0],[0,1,0],[20,86,165]]
[[0,0,0],[1,0,0],[0,1,0],[95,126,165]]
[[0,0,0],[1,0,0],[0,1,0],[18,113,165]]
[[0,0,0],[1,0,0],[0,1,0],[48,38,165]]
[[0,0,0],[1,0,0],[0,1,0],[93,161,165]]
[[0,0,0],[1,0,0],[0,1,0],[24,98,165]]
[[0,0,0],[1,0,0],[0,1,0],[48,78,165]]
[[0,0,0],[1,0,0],[0,1,0],[96,76,165]]
[[0,0,0],[1,0,0],[0,1,0],[84,109,165]]
[[0,0,0],[1,0,0],[0,1,0],[96,114,165]]
[[0,0,0],[3,0,0],[0,1,0],[11,1,55]]
[[0,0,0],[1,0,0],[0,1,0],[39,37,165]]
[[0,0,0],[1,0,0],[0,1,0],[69,64,165]]
[[0,0,0],[1,0,0],[0,1,0],[154,144,165]]
[[0,0,0],[1,0,0],[0,1,0],[51,136,165]]
[[0,0,0],[3,0,0],[0,1,0],[5,47,55]]
[[0,0,0],[3,0,0],[0,1,0],[30,24,55]]
[[0,0,0],[1,0,0],[0,1,0],[22,144,165]]
[[0,0,0],[1,0,0],[0,1,0],[48,98,165]]
[[0,0,0],[1,0,0],[0,1,0],[11,100,165]]
[[0,0,0],[1,0,0],[0,1,0],[21,52,165]]
[[0,0,0],[1,0,0],[0,1,0],[24,148,165]]
[[0,0,0],[1,0,0],[0,1,0],[72,84,165]]
[[0,0,0],[1,0,0],[0,1,0],[6,103,165]]
[[0,0,0],[1,0,0],[0,1,0],[115,18,165]]
[[0,0,0],[1,0,0],[0,1,0],[8,148,165]]
[[0,0,0],[1,0,0],[0,1,0],[39,112,165]]
[[0,0,0],[1,0,0],[0,1,0],[23,107,165]]
[[0,0,0],[1,0,0],[0,1,0],[14,32,165]]
[[0,0,0],[1,0,0],[0,1,0],[18,138,165]]
[[0,0,0],[1,0,0],[0,1,0],[93,153,165]]
[[0,0,0],[1,0,0],[0,1,0],[3,152,165]]
[[0,0,0],[3,0,0],[0,1,0],[5,14,55]]
[[0,0,0],[1,0,0],[0,1,0],[7,7,165]]
[[0,0,0],[1,0,0],[0,1,0],[36,28,165]]
[[0,0,0],[1,0,0],[0,1,0],[2,119,165]]
[[0,0,0],[1,0,0],[0,1,0],[121,56,165]]
[[0,0,0],[1,0,0],[0,1,0],[13,46,165]]
[[0,0,0],[1,0,0],[0,1,0],[29,82,165]]
[[0,0,0],[1,0,0],[0,1,0],[29,128,165]]
[[0,0,0],[1,0,0],[0,1,0],[84,148,165]]
[[0,0,0],[1,0,0],[0,1,0],[17,86,165]]
[[0,0,0],[1,0,0],[0,1,0],[63,114,165]]
[[0,0,0],[1,0,0],[0,1,0],[88,89,165]]
[[0,0,0],[1,0,0],[0,1,0],[39,163,165]]
[[0,0,0],[1,0,0],[0,1,0],[33,133,165]]
[[0,0,0],[1,0,0],[0,1,0],[24,61,165]]
[[0,0,0],[1,0,0],[0,1,0],[5,139,165]]
[[0,0,0],[1,0,0],[0,1,0],[18,31,165]]
[[0,0,0],[1,0,0],[0,1,0],[93,83,165]]
[[0,0,0],[1,0,0],[0,1,0],[15,16,165]]
[[0,0,0],[1,0,0],[0,1,0],[57,148,165]]
[[0,0,0],[1,0,0],[0,1,0],[28,61,165]]
[[0,0,0],[1,0,0],[0,1,0],[2,73,165]]
[[0,0,0],[1,0,0],[0,1,0],[39,72,165]]
[[0,0,0],[1,0,0],[0,1,0],[27,28,165]]
[[0,0,0],[1,0,0],[0,1,0],[93,109,165]]
[[0,0,0],[1,0,0],[0,1,0],[4,61,165]]
[[0,0,0],[1,0,0],[0,1,0],[145,31,165]]
[[0,0,0],[1,0,0],[0,1,0],[27,124,165]]
[[0,0,0],[1,0,0],[0,1,0],[44,122,165]]
[[0,0,0],[1,0,0],[0,1,0],[48,138,165]]
[[0,0,0],[3,0,0],[0,1,0],[5,41,55]]
[[0,0,0],[1,0,0],[0,1,0],[23,67,165]]
[[0,0,0],[1,0,0],[0,1,0],[114,147,165]]
[[0,0,0],[1,0,0],[0,1,0],[79,109,165]]
[[0,0,0],[1,0,0],[0,1,0],[9,19,165]]
[[0,0,0],[1,0,0],[0,1,0],[11,78,165]]
[[0,0,0],[1,0,0],[0,1,0],[20,151,165]]
[[0,0,0],[1,0,0],[0,1,0],[53,128,165]]
[[0,0,0],[1,0,0],[0,1,0],[20,58,165]]
[[0,0,0],[1,0,0],[0,1,0],[14,157,165]]
[[0,0,0],[1,0,0],[0,1,0],[4,59,165]]
[[0,0,0],[1,0,0],[0,1,0],[1,19,165]]
[[0,0,0],[1,0,0],[0,1,0],[50,39,165]]
[[0,0,0],[1,0,0],[0,1,0],[69,119,165]]
[[0,0,0],[1,0,0],[0,1,0],[40,51,165]]
[[0,0,0],[1,0,0],[0,1,0],[3,151,165]]
[[0,0,0],[1,0,0],[0,1,0],[38,164,165]]
[[0,0,0],[1,0,0],[0,1,0],[65,1,165]]
[[0,0,0],[1,0,0],[0,1,0],[8,71,165]]
[[0,0,0],[1,0,0],[0,1,0],[40,156,165]]
[[0,0,0],[1,0,0],[0,1,0],[147,162,165]]
[[0,0,0],[1,0,0],[0,1,0],[44,155,165]]
[[0,0,0],[3,0,0],[0,1,0],[22,1,55]]
[[0,0,0],[1,0,0],[0,1,0],[51,64,165]]
[[0,0,0],[1,0,0],[0,1,0],[17,134,165]]
[[0,0,0],[1,0,0],[0,1,0],[67,149,165]]
[[0,0,0],[1,0,0],[0,1,0],[5,101,165]]
[[0,0,0],[1,0,0],[0,1,0],[9,17,165]]
[[0,0,0],[1,0,0],[0,1,0],[23,113,165]]
[[0,0,0],[1,0,0],[0,1,0],[75,121,165]]
[[0,0,0],[1,0,0],[0,1,0],[6,73,165]]
[[0,0,0],[1,0,0],[0,1,0],[5,71,165]]
[[0,0,0],[1,0,0],[0,1,0],[126,61,165]]
[[0,0,0],[1,0,0],[0,1,0],[67,131,165]]
[[0,0,0],[1,0,0],[0,1,0],[23,34,165]]
[[0,0,0],[1,0,0],[0,1,0],[35,116,165]]
[[0,0,0],[1,0,0],[0,1,0],[57,139,165]]
[[0,0,0],[1,0,0],[1,3,0],[12,25,55]]
[[0,0,0],[1,0,0],[0,1,0],[9,97,165]]
[[0,0,0],[1,0,0],[0,1,0],[47,94,165]]
[[0,0,0],[1,0,0],[0,1,0],[27,39,165]]
[[0,0,0],[1,0,0],[0,1,0],[37,56,165]]
[[0,0,0],[1,0,0],[0,1,0],[47,133,165]]
[[0,0,0],[1,0,0],[0,1,0],[89,119,165]]
[[0,0,0],[1,0,0],[0,1,0],[18,128,165]]
[[0,0,0],[1,0,0],[0,1,0],[84,102,165]]
[[0,0,0],[1,0,0],[0,1,0],[15,1,165]]
[[0,0,0],[1,0,0],[0,1,0],[117,164,165]]
[[0,0,0],[1,0,0],[0,1,0],[14,38,165]]
[[0,0,0],[1,0,0],[0,1,0],[115,117,165]]
[[0,0,0],[1,0,0],[0,1,0],[3,127,165]]
[[0,0,0],[1,0,0],[0,1,0],[160,111,165]]
[[0,0,0],[1,0,0],[0,1,0],[36,151,165]]
[[0,0,0],[1,0,0],[0,1,0],[80,119,165]]
[[0,0,0],[1,0,0],[0,1,0],[57,163,165]]
[[0,0,0],[1,0,0],[0,1,0],[92,104,165]]
[[0,0,0],[1,0,0],[0,1,0],[66,1,165]]
[[0,0,0],[1,0,0],[0,1,0],[27,128,165]]
[[0,0,0],[1,0,0],[0,1,0],[78,68,165]]
[[0,0,0],[1,0,0],[0,1,0],[18,4,165]]
[[0,0,0],[1,0,0],[0,1,0],[2,139,165]]
[[0,0,0],[1,0,0],[0,1,0],[21,2,165]]
[[0,0,0],[1,0,0],[0,1,0],[30,151,165]]
[[0,0,0],[1,0,0],[0,1,0],[88,153,165]]
[[0,0,0],[1,0,0],[0,1,0],[26,32,165]]
[[0,0,0],[1,0,0],[0,1,0],[22,129,165]]
[[0,0,0],[1,0,0],[0,1,0],[1,34,165]]
[[0,0,0],[1,0,0],[0,1,0],[89,89,165]]
[[0,0,0],[1,0,0],[0,1,0],[5,156,165]]
[[0,0,0],[1,0,0],[0,1,0],[14,92,165]]
[[0,0,0],[1,0,0],[0,1,0],[69,109,165]]
[[0,0,0],[1,0,0],[2,3,0],[2,25,55]]
[[0,0,0],[1,0,0],[0,1,0],[57,151,165]]
[[0,0,0],[1,0,0],[0,1,0],[35,87,165]]
[[0,0,0],[1,0,0],[0,1,0],[123,123,165]]
[[0,0,0],[1,0,0],[0,1,0],[9,13,165]]
[[0,0,0],[1,0,0],[0,1,0],[82,128,165]]
[[0,0,0],[1,0,0],[0,1,0],[55,111,165]]
[[0,0,0],[1,0,0],[0,1,0],[33,34,165]]
[[0,0,0],[1,0,0],[0,1,0],[11,155,165]]
[[0,0,0],[1,0,0],[0,1,0],[84,152,165]]
[[0,0,0],[1,0,0],[0,1,0],[3,118,165]]
[[0,0,0],[1,0,0],[0,1,0],[23,56,165]]
[[0,0,0],[1,0,0],[0,1,0],[40,49,165]]
[[0,0,0],[1,0,0],[0,1,0],[8,38,165]]
[[0,0,0],[1,0,0],[0,1,0],[125,46,165]]
[[0,0,0],[1,0,0],[0,1,0],[23,164,165]]
[[0,0,0],[1,0,0],[0,1,0],[70,140,165]]
[[0,0,0],[1,0,0],[0,1,0],[77,104,165]]
[[0,0,0],[1,0,0],[0,1,0],[12,24,165]]
[[0,0,0],[1,0,0],[0,1,0],[81,118,165]]
[[0,0,0],[1,0,0],[0,1,0],[22,89,165]]
[[0,0,0],[1,0,0],[0,1,0],[9,27,165]]
[[0,0,0],[1,0,0],[0,1,0],[50,116,165]]
[[0,0,0],[1,0,0],[0,1,0],[5,96,165]]
[[0,0,0],[1,0,0],[0,1,0],[24,62,165]]
[[0,0,0],[1,0,0],[0,1,0],[14,47,165]]
[[0,0,0],[1,0,0],[0,1,0],[4,14,165]]
[[0,0,0],[1,0,0],[0,1,0],[3,119,165]]
[[0,0,0],[1,0,0],[0,1,0],[9,118,165]]
[[0,0,0],[1,0,0],[0,1,0],[2,7,165]]
[[0,0,0],[1,0,0],[0,1,0],[125,51,165]]
[[0,0,0],[1,0,0],[0,1,0],[87,74,165]]
[[0,0,0],[1,0,0],[0,1,0],[18,7,165]]
[[0,0,0],[1,0,0],[0,1,0],[93,117,165]]
[[0,0,0],[1,0,0],[0,1,0],[13,47,165]]
[[0,0,0],[1,0,0],[0,1,0],[160,72,165]]
[[0,0,0],[1,0,0],[0,1,0],[25,53,165]]
[[0,0,0],[1,0,0],[0,1,0],[10,111,165]]
[[0,0,0],[1,0,0],[0,1,0],[54,43,165]]
[[0,0,0],[1,0,0],[0,1,0],[32,98,165]]
[[0,0,0],[1,0,0],[0,1,0],[35,65,165]]
[[0,0,0],[1,0,0],[0,1,0],[17,71,165]]
[[0,0,0],[1,0,0],[0,1,0],[2,19,165]]
[[0,0,0],[1,0,0],[1,3,0],[21,30,55]]
[[0,0,0],[1,0,0],[0,1,0],[54,7,165]]
[[0,0,0],[1,0,0],[0,1,0],[102,114,165]]
[[0,0,0],[1,0,0],[0,1,0],[96,59,165]]
[[0,0,0],[1,0,0],[0,1,0],[88,108,165]]
[[0,0,0],[1,0,0],[0,1,0],[10,161,165]]
[[0,0,0],[1,0,0],[0,1,0],[25,21,165]]
[[0,0,0],[1,0,0],[0,1,0],[15,96,165]]
[[0,0,0],[1,0,0],[0,1,0],[40,61,165]]
[[0,0,0],[1,0,0],[0,1,0],[138,149,165]]
[[0,0,0],[1,0,0],[0,1,0],[87,4,165]]
[[0,0,0],[1,0,0],[0,1,0],[8,86,165]]
[[0,0,0],[1,0,0],[0,1,0],[21,13,165]]
[[0,0,0],[1,0,0],[0,1,0],[40,86,165]]
[[0,0,0],[1,0,0],[0,1,0],[36,82,165]]
[[0,0,0],[1,0,0],[0,1,0],[140,114,165]]
[[0,0,0],[1,0,0],[0,1,0],[123,32,165]]
[[0,0,0],[1,0,0],[0,1,0],[72,4,165]]
[[0,0,0],[1,0,0],[0,1,0],[39,2,165]]
[[0,0,0],[1,0,0],[0,1,0],[24,92,165]]
[[0,0,0],[1,0,0],[0,1,0],[24,1,165]]
[[0,0,0],[1,0,0],[0,1,0],[19,43,165]]
[[0,0,0],[1,0,0],[0,1,0],[80,41,165]]
[[0,0,0],[1,0,0],[0,1,0],[9,139,165]]
[[0,0,0],[1,0,0],[0,1,0],[28,52,165]]
[[0,0,0],[1,0,0],[0,1,0],[37,149,165]]
[[0,0,0],[1,0,0],[0,1,0],[65,79,165]]
[[0,0,0],[1,0,0],[1,3,0],[34,25,55]]
[[0,0,0],[1,0,0],[0,1,0],[48,48,165]]
[[0,0,0],[1,0,0],[0,1,0],[5,86,165]]
[[0,0,0],[1,0,0],[0,1,0],[67,134,165]]
[[0,0,0],[1,0,0],[0,1,0],[6,43,165]]
[[0,0,0],[1,0,0],[0,1,0],[48,107,165]]
[[0,0,0],[1,0,0],[0,1,0],[27,74,165]]
[[0,0,0],[1,0,0],[0,1,0],[8,74,165]]
[[0,0,0],[1,0,0],[0,1,0],[160,160,165]]
[[0,0,0],[1,0,0],[0,1,0],[20,21,165]]
[[0,0,0],[1,0,0],[0,1,0],[14,89,165]]
[[0,0,0],[1,0,0],[0,1,0],[145,81,165]]
[[0,0,0],[1,0,0],[0,1,0],[6,72,165]]
[[0,0,0],[1,0,0],[0,1,0],[15,19,165]]
[[0,0,0],[1,0,0],[0,1,0],[12,64,165]]
[[0,0,0],[1,0,0],[0,1,0],[17,98,165]]
[[0,0,0],[1,0,0],[0,1,0],[3,37,165]]
[[0,0,0],[1,0,0],[0,1,0],[5,40,165]]
[[0,0,0],[1,0,0],[0,1,0],[37,94,165]]
[[0,0,0],[1,0,0],[0,1,0],[130,124,165]]
[[0,0,0],[1,0,0],[0,1,0],[88,12,165]]
[[0,0,0],[1,0,0],[0,1,0],[36,67,165]]
[[0,0,0],[1,0,0],[0,1,0],[69,87,165]]
[[0,0,0],[1,0,0],[0,1,0],[81,74,165]]
[[0,0,0],[1,0,0],[0,1,0],[18,38,165]]
[[0,0,0],[1,0,0],[0,1,0],[5,81,165]]
[[0,0,0],[1,0,0],[0,1,0],[8,17,165]]
[[0,0,0],[1,0,0],[0,1,0],[9,1,165]]
[[0,0,0],[1,0,0],[0,1,0],[42,7,165]]
[[0,0,0],[1,0,0],[0,1,0],[9,79,165]]
[[0,0,0],[1,0,0],[0,1,0],[140,81,165]]
[[0,0,0],[1,0,0],[0,1,0],[32,104,165]]
[[0,0,0],[1,0,0],[0,1,0],[121,144,165]]
[[0,0,0],[1,0,0],[0,1,0],[12,49,165]]
[[0,0,0],[1,0,0],[0,1,0],[12,118,165]]
[[0,0,0],[1,0,0],[0,1,0],[21,7,165]]
[[0,0,0],[1,0,0],[0,1,0],[50,36,165]]
[[0,0,0],[1,0,0],[0,1,0],[24,117,165]]
[[0,0,0],[1,0,0],[0,1,0],[14,59,165]]
[[0,0,0],[1,0,0],[0,1,0],[57,49,165]]
[[0,0,0],[1,0,0],[0,1,0],[107,164,165]]
[[0,0,0],[1,0,0],[0,1,0],[30,70,165]]
[[0,0,0],[1,0,0],[0,1,0],[57,159,165]]
[[0,0,0],[1,0,0],[0,1,0],[75,25,165]]
[[0,0,0],[1,0,0],[0,1,0],[30,136,165]]
[[0,0,0],[1,0,0],[0,1,0],[2,56,165]]
[[0,0,0],[1,0,0],[0,1,0],[5,21,165]]
[[0,0,0],[1,0,0],[0,1,0],[9,117,165]]
[[0,0,0],[1,0,0],[0,1,0],[22,100,165]]
[[0,0,0],[1,0,0],[0,1,0],[42,54,165]]
[[0,0,0],[1,0,0],[0,1,0],[4,26,165]]
[[0,0,0],[1,0,0],[0,1,0],[13,158,165]]
[[0,0,0],[1,0,0],[0,1,0],[78,13,165]]
[[0,0,0],[1,0,0],[0,1,0],[46,56,165]]
[[0,0,0],[1,0,0],[0,1,0],[105,61,165]]
[[0,0,0],[1,0,0],[0,1,0],[12,149,165]]
[[0,0,0],[1,0,0],[0,1,0],[20,131,165]]
[[0,0,0],[1,0,0],[0,1,0],[123,103,165]]
[[0,0,0],[1,0,0],[0,1,0],[5,46,165]]
[[0,0,0],[1,0,0],[0,1,0],[57,76,165]]
[[0,0,0],[1,0,0],[0,1,0],[147,52,165]]
[[0,0,0],[1,0,0],[0,1,0],[5,76,165]]
[[0,0,0],[1,0,0],[0,1,0],[40,93,165]]
[[0,0,0],[1,0,0],[0,1,0],[23,116,165]]
[[0,0,0],[1,0,0],[0,1,0],[19,157,165]]
[[0,0,0],[1,0,0],[0,1,0],[15,46,165]]
[[0,0,0],[1,0,0],[0,1,0],[5,1,165]]
[[0,0,0],[1,0,0],[0,1,0],[21,148,165]]
[[0,0,0],[1,0,0],[0,1,0],[41,137,165]]
[[0,0,0],[1,0,0],[0,1,0],[95,159,165]]
[[0,0,0],[1,0,0],[0,1,0],[100,96,165]]
[[0,0,0],[1,0,0],[0,1,0],[6,136,165]]
[[0,0,0],[1,0,0],[0,1,0],[27,16,165]]
[[0,0,0],[1,0,0],[0,1,0],[7,104,165]]
[[0,0,0],[1,0,0],[0,1,0],[96,158,165]]
[[0,0,0],[1,0,0],[0,1,0],[10,112,165]]
[[0,0,0],[1,0,0],[0,1,0],[3,158,165]]
[[0,0,0],[1,0,0],[0,1,0],[1,1,165]]
[[0,0,0],[1,0,0],[0,1,0],[50,126,165]]
[[0,0,0],[1,0,0],[0,1,0],[18,23,165]]
[[0,0,0],[1,0,0],[0,1,0],[4,56,165]]
[[0,0,0],[1,0,0],[0,1,0],[28,116,165]]
[[0,0,0],[1,0,0],[0,1,0],[72,164,165]]
[[0,0,0],[1,0,0],[0,1,0],[93,108,165]]
[[0,0,0],[1,0,0],[0,1,0],[72,1,165]]
[[0,0,0],[1,0,0],[0,1,0],[41,136,165]]
[[0,0,0],[1,0,0],[0,1,0],[4,32,165]]
[[0,0,0],[1,0,0],[0,1,0],[84,52,165]]
[[0,0,0],[1,0,0],[0,1,0],[4,7,165]]
[[0,0,0],[1,0,0],[0,1,0],[30,26,165]]
[[0,0,0],[1,0,0],[0,1,0],[78,118,165]]
[[0,0,0],[1,0,0],[0,1,0],[123,53,165]]
[[0,0,0],[3,0,0],[0,1,0],[5,31,55]]
[[0,0,0],[1,0,0],[0,1,0],[42,14,165]]
[[0,0,0],[1,0,0],[0,1,0],[1,56,165]]
[[0,0,0],[1,0,0],[0,1,0],[15,31,165]]
[[0,0,0],[1,0,0],[0,1,0],[72,159,165]]
[[0,0,0],[1,0,0],[0,1,0],[130,3,165]]
[[0,0,0],[1,0,0],[0,1,0],[129,17,165]]
[[0,0,0],[1,0,0],[0,1,0],[8,37,165]]
[[0,0,0],[1,0,0],[0,1,0],[8,98,165]]
[[0,0,0],[1,0,0],[0,1,0],[93,136,165]]
[[0,0,0],[1,0,0],[0,1,0],[115,51,165]]
[[0,0,0],[1,0,0],[0,1,0],[12,119,165]]
[[0,0,0],[1,0,0],[0,1,0],[12,1,165]]
[[0,0,0],[1,0,0],[0,1,0],[39,137,165]]
[[0,0,0],[1,0,0],[0,1,0],[63,163,165]]
[[0,0,0],[1,0,0],[0,1,0],[9,122,165]]
[[0,0,0],[3,0,0],[0,1,0],[5,21,55]]
[[0,0,0],[1,0,0],[0,1,0],[35,71,165]]
[[0,0,0],[1,0,0],[0,1,0],[40,81,165]]
[[0,0,0],[1,0,0],[0,1,0],[12,29,165]]
[[0,0,0],[1,0,0],[0,1,0],[26,89,165]]
[[0,0,0],[1,0,0],[0,1,0],[51,16,165]]
[[0,0,0],[1,0,0],[0,1,0],[130,157,165]]
[[0,0,0],[1,0,0],[0,1,0],[70,131,165]]
[[0,0,0],[1,0,0],[0,1,0],[4,58,165]]
[[0,0,0],[1,0,0],[0,1,0],[4,17,165]]
[[0,0,0],[1,0,0],[0,1,0],[84,126,165]]
[[0,0,0],[1,0,0],[0,1,0],[4,13,165]]
[[0,0,0],[1,0,0],[0,1,0],[41,104,165]]
[[0,0,0],[1,0,0],[0,1,0],[10,46,165]]
[[0,0,0],[1,0,0],[0,1,0],[35,161,165]]
[[0,0,0],[1,0,0],[0,1,0],[19,151,165]]
[[0,0,0],[1,0,0],[0,1,0],[140,131,165]]
[[0,0,0],[1,0,0],[0,1,0],[21,106,165]]
[[0,0,0],[1,0,0],[0,1,0],[42,76,165]]
[[0,0,0],[1,0,0],[0,1,0],[85,48,165]]
[[0,0,0],[1,0,0],[0,1,0],[35,43,165]]
[[0,0,0],[1,0,0],[0,1,0],[16,52,165]]
[[0,0,0],[1,0,0],[0,1,0],[84,112,165]]
[[0,0,0],[1,0,0],[0,1,0],[78,158,165]]
[[0,0,0],[1,0,0],[0,1,0],[53,163,165]]
[[0,0,0],[1,0,0],[0,1,0],[46,131,165]]
[[0,0,0],[1,0,0],[0,1,0],[2,158,165]]
[[0,0,0],[1,0,0],[0,1,0],[20,36,165]]
[[0,0,0],[1,0,0],[0,1,0],[24,112,165]]
[[0,0,0],[1,0,0],[0,1,0],[39,79,165]]
[[0,0,0],[1,0,0],[0,1,0],[5,29,165]]
[[0,0,0],[1,0,0],[0,1,0],[108,113,165]]
[[0,0,0],[1,0,0],[0,1,0],[12,34,165]]
[[0,0,0],[1,0,0],[0,1,0],[6,7,165]]
[[0,0,0],[1,0,0],[0,1,0],[29,101,165]]
[[0,0,0],[1,0,0],[0,1,0],[12,58,165]]
[[0,0,0],[1,0,0],[0,1,0],[13,67,165]]
[[0,0,0],[1,0,0],[0,1,0],[121,155,165]]
[[0,0,0],[1,0,0],[0,1,0],[85,156,165]]
[[0,0,0],[1,0,0],[0,1,0],[71,116,165]]
[[0,0,0],[1,0,0],[0,1,0],[54,127,165]]
[[0,0,0],[1,0,0],[0,1,0],[145,6,165]]
[[0,0,0],[1,0,0],[0,1,0],[17,158,165]]
[[0,0,0],[1,0,0],[0,1,0],[34,107,165]]
[[0,0,0],[1,0,0],[0,1,0],[42,113,165]]
[[0,0,0],[1,0,0],[0,1,0],[81,163,165]]
[[0,0,0],[1,0,0],[0,1,0],[35,16,165]]
[[0,0,0],[1,0,0],[0,1,0],[102,134,165]]
[[0,0,0],[1,0,0],[0,1,0],[1,52,165]]
[[0,0,0],[1,0,0],[0,1,0],[145,21,165]]
[[0,0,0],[1,0,0],[0,1,0],[37,131,165]]
[[0,0,0],[1,0,0],[0,1,0],[138,94,165]]
[[0,0,0],[1,0,0],[0,1,0],[65,111,165]]
[[0,0,0],[1,0,0],[0,1,0],[3,123,165]]
[[0,0,0],[1,0,0],[0,1,0],[65,106,165]]
[[0,0,0],[1,0,0],[0,1,0],[29,137,165]]
[[0,0,0],[1,0,0],[0,1,0],[99,12,165]]
[[0,0,0],[1,0,0],[0,1,0],[25,163,165]]
[[0,0,0],[1,0,0],[0,1,0],[12,133,165]]
[[0,0,0],[3,0,0],[0,1,0],[20,16,55]]
[[0,0,0],[1,0,0],[0,1,0],[11,35,165]]
[[0,0,0],[1,0,0],[0,1,0],[85,6,165]]
[[0,0,0],[1,0,0],[0,1,0],[145,87,165]]
[[0,0,0],[1,0,0],[0,1,0],[7,17,165]]
[[0,0,0],[1,0,0],[0,1,0],[12,112,165]]
[[0,0,0],[1,0,0],[0,1,0],[44,23,165]]
[[0,0,0],[3,0,0],[0,1,0],[0,1,55]]
[[0,0,0],[1,0,0],[0,1,0],[84,117,165]]
[[0,0,0],[1,0,0],[0,1,0],[14,82,165]]
[[0,0,0],[1,0,0],[0,1,0],[7,32,165]]
[[0,0,0],[1,0,0],[0,1,0],[4,37,165]]
[[0,0,0],[1,0,0],[0,1,0],[13,164,165]]
[[0,0,0],[1,0,0],[0,1,0],[8,53,165]]
[[0,0,0],[1,0,0],[0,1,0],[6,34,165]]
[[0,0,0],[1,0,0],[0,1,0],[29,64,165]]
[[0,0,0],[1,0,0],[0,1,0],[17,47,165]]
[[0,0,0],[3,0,0],[0,1,0],[50,32,55]]
[[0,0,0],[1,0,0],[0,1,0],[69,92,165]]
[[0,0,0],[1,0,0],[0,1,0],[27,31,165]]
[[0,0,0],[1,0,0],[0,1,0],[2,89,165]]
[[0,0,0],[1,0,0],[0,1,0],[4,43,165]]
[[0,0,0],[1,0,0],[0,1,0],[84,97,165]]
[[0,0,0],[1,0,0],[0,1,0],[18,148,165]]
[[0,0,0],[1,0,0],[0,1,0],[54,156,165]]
[[0,0,0],[1,0,0],[0,1,0],[140,51,165]]
[[0,0,0],[1,0,0],[0,1,0],[69,47,165]]
[[0,0,0],[1,0,0],[0,1,0],[84,2,165]]
[[0,0,0],[1,0,0],[0,1,0],[71,71,165]]
[[0,0,0],[1,0,0],[0,1,0],[23,98,165]]
[[0,0,0],[1,0,0],[0,1,0],[14,41,165]]
[[0,0,0],[1,0,0],[0,1,0],[63,113,165]]
[[0,0,0],[1,0,0],[0,1,0],[11,144,165]]
[[0,0,0],[1,0,0],[0,1,0],[16,56,165]]
[[0,0,0],[1,0,0],[0,1,0],[15,85,165]]
[[0,0,0],[1,0,0],[0,1,0],[20,16,165]]
[[0,0,0],[1,0,0],[0,1,0],[15,61,165]]
[[0,0,0],[1,0,0],[0,1,0],[69,7,165]]
[[0,0,0],[1,0,0],[0,1,0],[70,162,165]]
[[0,0,0],[1,0,0],[0,1,0],[2,86,165]]
[[0,0,0],[1,0,0],[0,1,0],[49,107,165]]
[[0,0,0],[1,0,0],[0,1,0],[78,98,165]]
[[0,0,0],[1,0,0],[0,1,0],[42,133,165]]
[[0,0,0],[1,0,0],[0,1,0],[36,86,165]]
[[0,0,0],[1,0,0],[0,1,0],[10,51,165]]
[[0,0,0],[1,0,0],[0,1,0],[2,2,165]]
[[0,0,0],[1,0,0],[0,1,0],[35,54,165]]
[[0,0,0],[1,0,0],[0,1,0],[2,71,165]]
[[0,0,0],[1,0,0],[0,1,0],[44,78,165]]
[[0,0,0],[1,0,0],[0,1,0],[12,59,165]]
[[0,0,0],[1,0,0],[0,1,0],[27,89,165]]
[[0,0,0],[1,0,0],[0,1,0],[39,162,165]]
[[0,0,0],[1,0,0],[0,1,0],[24,52,165]]
[[0,0,0],[1,0,0],[0,1,0],[2,13,165]]
[[0,0,0],[1,0,0],[0,1,0],[11,80,165]]
[[0,0,0],[1,0,0],[0,1,0],[10,123,165]]
[[0,0,0],[1,0,0],[0,1,0],[21,101,165]]
[[0,0,0],[1,0,0],[0,1,0],[24,164,165]]
[[0,0,0],[1,0,0],[0,1,0],[63,148,165]]
[[0,0,0],[1,0,0],[0,1,0],[39,17,165]]
[[0,0,0],[1,0,0],[0,1,0],[20,25,165]]
[[0,0,0],[1,0,0],[0,1,0],[3,23,165]]
[[0,0,0],[1,0,0],[0,1,0],[9,87,165]]
[[0,0,0],[1,0,0],[0,1,0],[9,92,165]]
[[0,0,0],[1,0,0],[0,1,0],[20,47,165]]
[[0,0,0],[1,0,0],[0,1,0],[144,67,165]]
[[0,0,0],[1,0,0],[0,1,0],[102,164,165]]
[[0,0,0],[1,0,0],[0,1,0],[123,109,165]]
[[0,0,0],[1,0,0],[0,1,0],[27,51,165]]
[[0,0,0],[1,0,0],[0,1,0],[5,117,165]]
[[0,0,0],[1,0,0],[0,1,0],[92,151,165]]
[[0,0,0],[1,0,0],[0,1,0],[87,114,165]]
[[0,0,0],[1,0,0],[0,1,0],[9,142,165]]
[[0,0,0],[1,0,0],[0,1,0],[145,32,165]]
[[0,0,0],[1,0,0],[0,1,0],[90,21,165]]
[[0,0,0],[1,0,0],[0,1,0],[4,41,165]]
[[0,0,0],[1,0,0],[0,1,0],[65,145,165]]
[[0,0,0],[1,0,0],[0,1,0],[21,19,165]]
[[0,0,0],[3,0,0],[0,1,0],[10,26,55]]
[[0,0,0],[1,0,0],[1,3,0],[11,11,55]]
[[0,0,0],[1,0,0],[0,1,0],[95,81,165]]
[[0,0,0],[1,0,0],[0,1,0],[48,8,165]]
[[0,0,0],[1,0,0],[0,1,0],[11,5,165]]
[[0,0,0],[1,0,0],[0,1,0],[79,92,165]]
[[0,0,0],[1,0,0],[0,1,0],[2,98,165]]
[[0,0,0],[1,0,0],[0,1,0],[18,67,165]]
[[0,0,0],[1,0,0],[0,1,0],[72,79,165]]
[[0,0,0],[1,0,0],[0,1,0],[54,57,165]]
[[0,0,0],[1,0,0],[0,1,0],[3,94,165]]
[[0,0,0],[1,0,0],[0,1,0],[57,84,165]]
[[0,0,0],[1,0,0],[0,1,0],[54,34,165]]
[[0,0,0],[1,0,0],[0,1,0],[90,43,165]]
[[0,0,0],[3,0,0],[0,1,0],[30,46,55]]
[[0,0,0],[1,0,0],[0,1,0],[42,146,165]]
[[0,0,0],[1,0,0],[0,1,0],[26,164,165]]
[[0,0,0],[1,0,0],[0,1,0],[7,94,165]]
[[0,0,0],[1,0,0],[1,3,0],[23,25,55]]
[[0,0,0],[1,0,0],[0,1,0],[39,92,165]]
[[0,0,0],[1,0,0],[0,1,0],[20,113,165]]
[[0,0,0],[1,0,0],[0,1,0],[19,47,165]]
[[0,0,0],[1,0,0],[0,1,0],[13,64,165]]
[[0,0,0],[3,0,0],[0,1,0],[5,26,55]]
[[0,0,0],[1,0,0],[0,1,0],[69,108,165]]
[[0,0,0],[1,0,0],[0,1,0],[14,14,165]]
[[0,0,0],[1,0,0],[0,1,0],[78,108,165]]
[[0,0,0],[1,0,0],[0,1,0],[18,127,165]]
[[0,0,0],[1,0,0],[0,1,0],[37,134,165]]
[[0,0,0],[1,0,0],[0,1,0],[26,58,165]]
[[0,0,0],[1,0,0],[0,1,0],[63,23,165]]
[[0,0,0],[1,0,0],[0,1,0],[19,158,165]]
[[0,0,0],[1,0,0],[0,1,0],[70,156,165]]
[[0,0,0],[1,0,0],[0,1,0],[25,9,165]]
[[0,0,0],[1,0,0],[0,1,0],[24,87,165]]
[[0,0,0],[1,0,0],[0,1,0],[123,142,165]]
[[0,0,0],[1,0,0],[0,1,0],[42,82,165]]
[[0,0,0],[1,0,0],[0,1,0],[40,27,165]]
[[0,0,0],[1,0,0],[0,1,0],[23,32,165]]
[[0,0,0],[1,0,0],[0,1,0],[18,159,165]]
[[0,0,0],[1,0,0],[0,1,0],[12,69,165]]
[[0,0,0],[1,0,0],[0,1,0],[6,19,165]]
[[0,0,0],[1,0,0],[0,1,0],[25,41,165]]
[[0,0,0],[1,0,0],[0,1,0],[69,157,165]]
[[0,0,0],[1,0,0],[0,1,0],[17,164,165]]
[[0,0,0],[1,0,0],[0,1,0],[4,68,165]]
[[0,0,0],[1,0,0],[0,1,0],[44,62,165]]
[[0,0,0],[1,0,0],[0,1,0],[43,43,165]]
[[0,0,0],[1,0,0],[0,1,0],[20,69,165]]
[[0,0,0],[1,0,0],[0,1,0],[23,92,165]]
[[0,0,0],[1,0,0],[0,1,0],[17,38,165]]
[[0,0,0],[1,0,0],[0,1,0],[78,113,165]]
[[0,0,0],[1,0,0],[0,1,0],[2,46,165]]
[[0,0,0],[1,0,0],[0,1,0],[17,19,165]]
[[0,0,0],[1,0,0],[0,1,0],[88,3,165]]
[[0,0,0],[1,0,0],[0,1,0],[17,107,165]]
[[0,0,0],[1,0,0],[0,1,0],[20,126,165]]
[[0,0,0],[1,0,0],[0,1,0],[48,103,165]]
[[0,0,0],[1,0,0],[0,1,0],[27,34,165]]
[[0,0,0],[1,0,0],[0,1,0],[65,46,165]]
[[0,0,0],[1,0,0],[0,1,0],[32,32,165]]
[[0,0,0],[1,0,0],[0,1,0],[54,28,165]]
[[0,0,0],[1,0,0],[0,1,0],[150,115,165]]
[[0,0,0],[1,0,0],[0,1,0],[93,142,165]]
[[0,0,0],[1,0,0],[0,1,0],[3,42,165]]
[[0,0,0],[1,0,0],[0,1,0],[40,16,165]]
[[0,0,0],[1,0,0],[0,1,0],[38,41,165]]
[[0,0,0],[1,0,0],[0,1,0],[8,56,165]]
[[0,0,0],[1,0,0],[0,1,0],[7,139,165]]
[[0,0,0],[1,0,0],[0,1,0],[9,127,165]]
[[0,0,0],[1,0,0],[0,1,0],[3,76,165]]
[[0,0,0],[1,0,0],[0,1,0],[123,138,165]]
[[0,0,0],[1,0,0],[0,1,0],[154,102,165]]
[[0,0,0],[1,0,0],[0,1,0],[154,78,165]]
[[0,0,0],[1,0,0],[1,3,0],[45,40,55]]
[[0,0,0],[1,0,0],[0,1,0],[108,13,165]]
[[0,0,0],[1,0,0],[0,1,0],[35,141,165]]
[[0,0,0],[1,0,0],[0,1,0],[12,73,165]]
[[0,0,0],[1,0,0],[0,1,0],[9,43,165]]
[[0,0,0],[1,0,0],[0,1,0],[6,148,165]]
[[0,0,0],[1,0,0],[0,1,0],[72,114,165]]
[[0,0,0],[1,0,0],[0,1,0],[7,34,165]]
[[0,0,0],[1,0,0],[0,1,0],[26,41,165]]
[[0,0,0],[1,0,0],[0,1,0],[57,14,165]]
[[0,0,0],[1,0,0],[0,1,0],[55,1,165]]
[[0,0,0],[1,0,0],[0,1,0],[27,4,165]]
[[0,0,0],[1,0,0],[0,1,0],[11,50,165]]
[[0,0,0],[1,0,0],[0,1,0],[135,86,165]]
[[0,0,0],[1,0,0],[0,1,0],[13,103,165]]
[[0,0,0],[1,0,0],[0,1,0],[80,101,165]]
[[0,0,0],[1,0,0],[0,1,0],[145,111,165]]
[[0,0,0],[1,0,0],[0,1,0],[3,46,165]]
[[0,0,0],[1,0,0],[0,1,0],[11,20,165]]
[[0,0,0],[1,0,0],[0,1,0],[53,104,165]]
[[0,0,0],[1,0,0],[0,1,0],[20,3,165]]
[[0,0,0],[1,0,0],[0,1,0],[6,142,165]]
[[0,0,0],[1,0,0],[0,1,0],[38,113,165]]
[[0,0,0],[1,0,0],[0,1,0],[15,76,165]]
[[0,0,0],[1,0,0],[0,1,0],[30,103,165]]
[[0,0,0],[1,0,0],[0,1,0],[25,46,165]]
[[0,0,0],[1,0,0],[0,1,0],[2,41,165]]
[[0,0,0],[1,0,0],[0,1,0],[34,46,165]]
[[0,0,0],[1,0,0],[0,1,0],[47,137,165]]
[[0,0,0],[1,0,0],[0,1,0],[132,34,165]]
[[0,0,0],[1,0,0],[0,1,0],[60,136,165]]
[[0,0,0],[1,0,0],[0,1,0],[44,12,165]]
[[0,0,0],[1,0,0],[0,1,0],[28,113,165]]
[[0,0,0],[1,0,0],[0,1,0],[48,136,165]]
[[0,0,0],[1,0,0],[0,1,0],[150,126,165]]
[[0,0,0],[1,0,0],[0,1,0],[85,125,165]]
[[0,0,0],[1,0,0],[0,1,0],[51,4,165]]
[[0,0,0],[1,0,0],[0,1,0],[3,49,165]]
[[0,0,0],[1,0,0],[0,1,0],[22,12,165]]
[[0,0,0],[1,0,0],[0,1,0],[19,122,165]]
[[0,0,0],[1,0,0],[0,1,0],[9,31,165]]
[[0,0,0],[1,0,0],[0,1,0],[25,96,165]]
[[0,0,0],[1,0,0],[0,1,0],[23,148,165]]
[[0,0,0],[1,0,0],[0,1,0],[65,56,165]]
[[0,0,0],[1,0,0],[0,1,0],[84,38,165]]
[[0,0,0],[1,0,0],[0,1,0],[8,137,165]]
[[0,0,0],[1,0,0],[0,1,0],[8,29,165]]
[[0,0,0],[1,0,0],[0,1,0],[145,36,165]]
[[0,0,0],[1,0,0],[0,1,0],[35,96,165]]
[[0,0,0],[1,0,0],[0,1,0],[37,79,165]]
[[0,0,0],[1,0,0],[0,1,0],[6,139,165]]
[[0,0,0],[1,0,0],[0,1,0],[42,49,165]]
[[0,0,0],[1,0,0],[0,1,0],[115,36,165]]
[[0,0,0],[1,0,0],[0,1,0],[63,58,165]]
[[0,0,0],[1,0,0],[0,1,0],[108,73,165]]
[[0,0,0],[1,0,0],[0,1,0],[72,134,165]]
[[0,0,0],[1,0,0],[0,3,0],[45,33,55]]
[[0,0,0],[1,0,0],[0,1,0],[20,101,165]]
[[0,0,0],[1,0,0],[0,1,0],[26,137,165]]
[[0,0,0],[1,0,0],[0,1,0],[35,131,165]]
[[0,0,0],[1,0,0],[0,1,0],[105,121,165]]
[[0,0,0],[1,0,0],[0,1,0],[40,1,165]]
[[0,0,0],[1,0,0],[0,1,0],[100,51,165]]
[[0,0,0],[1,0,0],[0,1,0],[8,107,165]]
[[0,0,0],[1,0,0],[0,1,0],[60,40,165]]
[[0,0,0],[1,0,0],[0,1,0],[102,73,165]]
[[0,0,0],[1,0,0],[0,1,0],[57,144,165]]
[[0,0,0],[1,0,0],[0,1,0],[24,31,165]]
[[0,0,0],[1,0,0],[0,1,0],[69,136,165]]
[[0,0,0],[1,0,0],[0,1,0],[16,47,165]]
[[0,0,0],[1,0,0],[0,1,0],[41,71,165]]
[[0,0,0],[1,0,0],[0,1,0],[4,73,165]]
[[0,0,0],[1,0,0],[0,1,0],[19,137,165]]
[[0,0,0],[1,0,0],[0,1,0],[56,56,165]]
[[0,0,0],[1,0,0],[0,1,0],[87,129,165]]
[[0,0,0],[1,0,0],[0,1,0],[24,131,165]]
[[0,0,0],[1,0,0],[0,1,0],[3,53,165]]
[[0,0,0],[1,0,0],[0,1,0],[8,41,165]]
[[0,0,0],[1,0,0],[0,1,0],[18,78,165]]
[[0,0,0],[1,0,0],[0,1,0],[2,26,165]]
[[0,0,0],[1,0,0],[0,1,0],[25,111,165]]
[[0,0,0],[1,0,0],[0,1,0],[16,34,165]]
[[0,0,0],[1,0,0],[0,1,0],[3,148,165]]
[[0,0,0],[1,0,0],[0,1,0],[17,113,165]]
[[0,0,0],[1,0,0],[0,1,0],[84,47,165]]
[[0,0,0],[1,0,0],[0,1,0],[42,136,165]]
[[0,0,0],[1,0,0],[0,1,0],[63,123,165]]
[[0,0,0],[5,0,0],[0,1,0],[0,1,33]]
[[0,0,0],[1,0,0],[0,1,0],[6,52,165]]
[[0,0,0],[1,0,0],[0,1,0],[24,13,165]]
[[0,0,0],[1,0,0],[0,1,0],[69,72,165]]
[[0,0,0],[1,0,0],[0,1,0],[154,12,165]]
[[0,0,0],[1,0,0],[0,1,0],[5,116,165]]
[[0,0,0],[1,0,0],[0,1,0],[18,123,165]]
[[0,0,0],[3,0,0],[0,1,0],[11,23,55]]
[[0,0,0],[1,0,0],[0,1,0],[51,13,165]]
[[0,0,0],[1,0,0],[0,1,0],[117,109,165]]
[[0,0,0],[1,0,0],[0,1,0],[7,52,165]]
[[0,0,0],[1,0,0],[0,1,0],[117,34,165]]
[[0,0,0],[1,0,0],[0,1,0],[77,111,165]]
[[0,0,0],[1,0,0],[0,1,0],[48,162,165]]
[[0,0,0],[1,0,0],[0,1,0],[23,161,165]]
[[0,0,0],[1,0,0],[0,1,0],[47,107,165]]
[[0,0,0],[1,0,0],[0,1,0],[70,16,165]]
[[0,0,0],[1,0,0],[0,1,0],[16,61,165]]
[[0,0,0],[1,0,0],[0,1,0],[100,126,165]]
[[0,0,0],[1,0,0],[0,1,0],[63,4,165]]
[[0,0,0],[1,0,0],[0,1,0],[20,51,165]]
[[0,0,0],[1,0,0],[0,1,0],[2,149,165]]
[[0,0,0],[1,0,0],[0,1,0],[63,37,165]]
[[0,0,0],[1,0,0],[0,1,0],[65,57,165]]
[[0,0,0],[1,0,0],[0,1,0],[129,107,165]]
[[0,0,0],[1,0,0],[0,1,0],[71,89,165]]
[[0,0,0],[1,0,0],[0,1,0],[1,71,165]]
[[0,0,0],[1,0,0],[0,1,0],[37,53,165]]
[[0,0,0],[1,0,0],[0,1,0],[16,128,165]]
[[0,0,0],[1,0,0],[0,1,0],[17,64,165]]
[[0,0,0],[1,0,0],[0,1,0],[93,73,165]]
[[0,0,0],[1,0,0],[0,1,0],[7,46,165]]
[[0,0,0],[1,0,0],[0,1,0],[8,62,165]]
[[0,0,0],[1,0,0],[0,1,0],[21,24,165]]
[[0,0,0],[1,0,0],[0,1,0],[18,82,165]]
[[0,0,0],[1,0,0],[0,1,0],[3,34,165]]
[[0,0,0],[1,0,0],[0,1,0],[96,103,165]]
[[0,0,0],[5,0,0],[0,1,0],[11,23,33]]
[[0,0,0],[1,0,0],[0,1,0],[8,68,165]]
[[0,0,0],[1,0,0],[0,1,0],[27,64,165]]
[[0,0,0],[1,0,0],[0,1,0],[10,26,165]]
[[0,0,0],[1,0,0],[0,1,0],[130,6,165]]
[[0,0,0],[1,0,0],[0,1,0],[51,93,165]]
[[0,0,0],[1,0,0],[0,1,0],[13,98,165]]
[[0,0,0],[1,0,0],[0,1,0],[78,94,165]]
[[0,0,0],[1,0,0],[0,1,0],[29,86,165]]
[[0,0,0],[1,0,0],[0,1,0],[132,144,165]]
[[0,0,0],[1,0,0],[0,1,0],[16,29,165]]
[[0,0,0],[1,0,0],[0,1,0],[16,43,165]]
[[0,0,0],[1,0,0],[0,1,0],[75,1,165]]
[[0,0,0],[1,0,0],[0,1,0],[38,38,165]]
[[0,0,0],[1,0,0],[0,1,0],[51,163,165]]
[[0,0,0],[1,0,0],[0,1,0],[42,144,165]]
[[0,0,0],[1,0,0],[0,1,0],[8,89,165]]
[[0,0,0],[1,0,0],[0,1,0],[85,36,165]]
[[0,0,0],[1,0,0],[0,1,0],[9,67,165]]
[[0,0,0],[1,0,0],[0,1,0],[29,157,165]]
[[0,0,0],[1,0,0],[0,1,0],[51,34,165]]
[[0,0,0],[1,0,0],[0,1,0],[101,131,165]]
[[0,0,0],[1,0,0],[0,1,0],[32,67,165]]
[[0,0,0],[1,0,0],[0,1,0],[10,146,165]]
[[0,0,0],[1,0,0],[0,1,0],[11,122,165]]
[[0,0,0],[1,0,0],[0,1,0],[138,138,165]]
[[0,0,0],[1,0,0],[0,1,0],[65,131,165]]
[[0,0,0],[1,0,0],[0,1,0],[49,73,165]]
[[0,0,0],[1,0,0],[0,1,0],[29,53,165]]
[[0,0,0],[1,0,0],[0,1,0],[18,98,165]]
[[0,0,0],[1,0,0],[0,1,0],[5,56,165]]
[[0,0,0],[1,0,0],[0,1,0],[88,123,165]]
[[0,0,0],[1,0,0],[0,1,0],[39,32,165]]
[[0,0,0],[1,0,0],[0,1,0],[8,134,165]]
[[0,0,0],[3,0,0],[0,1,0],[10,21,55]]
[[0,0,0],[1,0,0],[0,1,0],[2,62,165]]
[[0,0,0],[1,0,0],[0,1,0],[77,89,165]]
[[0,0,0],[1,0,0],[0,1,0],[57,69,165]]
[[0,0,0],[1,0,0],[0,1,0],[2,104,165]]
[[0,0,0],[1,0,0],[0,1,0],[23,134,165]]
[[0,0,0],[1,0,0],[0,1,0],[65,156,165]]
[[0,0,0],[1,0,0],[0,1,0],[9,49,165]]
[[0,0,0],[1,0,0],[0,1,0],[50,51,165]]
[[0,0,0],[1,0,0],[0,1,0],[131,131,165]]
[[0,0,0],[1,0,0],[0,1,0],[39,34,165]]
[[0,0,0],[1,0,0],[0,1,0],[145,153,165]]
[[0,0,0],[1,0,0],[0,1,0],[6,17,165]]
[[0,0,0],[1,0,0],[0,1,0],[39,102,165]]
[[0,0,0],[1,0,0],[0,1,0],[147,109,165]]
[[0,0,0],[1,0,0],[0,1,0],[14,97,165]]
[[0,0,0],[1,0,0],[0,1,0],[56,101,165]]
[[0,0,0],[1,0,0],[0,1,0],[21,43,165]]
[[0,0,0],[1,0,0],[0,1,0],[3,141,165]]
[[0,0,0],[1,0,0],[0,1,0],[37,133,165]]
[[0,0,0],[1,0,0],[0,1,0],[25,42,165]]
[[0,0,0],[1,0,0],[0,1,0],[87,156,165]]
[[0,0,0],[1,0,0],[0,1,0],[44,107,165]]
[[0,0,0],[1,0,0],[0,1,0],[57,157,165]]
[[0,0,0],[1,0,0],[0,1,0],[12,157,165]]
[[0,0,0],[1,0,0],[0,1,0],[30,4,165]]
[[0,0,0],[1,0,0],[0,1,0],[25,119,165]]
[[0,0,0],[1,0,0],[0,1,0],[2,37,165]]
[[0,0,0],[1,0,0],[0,1,0],[48,52,165]]
[[0,0,0],[1,0,0],[0,1,0],[88,78,165]]
[[0,0,0],[1,0,0],[0,1,0],[24,2,165]]
[[0,0,0],[1,0,0],[0,1,0],[3,4,165]]
[[0,0,0],[1,0,0],[0,1,0],[8,79,165]]
[[0,0,0],[1,0,0],[0,1,0],[21,112,165]]
[[0,0,0],[1,0,0],[0,1,0],[23,26,165]]
[[0,0,0],[1,0,0],[0,1,0],[20,146,165]]
[[0,0,0],[1,0,0],[0,1,0],[69,82,165]]
[[0,0,0],[1,0,0],[0,1,0],[10,156,165]]
[[0,0,0],[1,0,0],[0,1,0],[43,53,165]]
[[0,0,0],[1,0,0],[0,1,0],[69,163,165]]
[[0,0,0],[1,0,0],[0,1,0],[24,147,165]]
[[0,0,0],[1,0,0],[0,1,0],[50,1,165]]
[[0,0,0],[1,0,0],[0,1,0],[28,98,165]]
[[0,0,0],[1,0,0],[0,1,0],[4,4,165]]
[[0,0,0],[1,0,0],[0,1,0],[5,61,165]]
[[0,0,0],[1,0,0],[0,1,0],[154,117,165]]
[[0,0,0],[1,0,0],[0,1,0],[39,87,165]]
[[0,0,0],[1,0,0],[0,1,0],[4,112,165]]
[[0,0,0],[1,0,0],[0,1,0],[13,26,165]]
[[0,0,0],[1,0,0],[0,1,0],[140,36,165]]
[[0,0,0],[1,0,0],[0,1,0],[16,139,165]]
[[0,0,0],[1,0,0],[0,1,0],[2,52,165]]
[[0,0,0],[1,0,0],[0,1,0],[108,128,165]]
[[0,0,0],[1,0,0],[0,1,0],[21,49,165]]
[[0,0,0],[1,0,0],[0,1,0],[15,91,165]]
[[0,0,0],[1,0,0],[0,1,0],[7,64,165]]
[[0,0,0],[1,0,0],[0,1,0],[48,96,165]]
[[0,0,0],[1,0,0],[0,1,0],[129,52,165]]
[[0,0,0],[1,0,0],[0,1,0],[45,121,165]]
[[0,0,0],[1,0,0],[0,1,0],[13,148,165]]
[[0,0,0],[1,0,0],[0,1,0],[85,126,165]]
[[0,0,0],[1,0,0],[0,1,0],[9,106,165]]
[[0,0,0],[1,0,0],[0,1,0],[1,17,165]]
[[0,0,0],[1,0,0],[0,1,0],[3,124,165]]
[[0,0,0],[1,0,0],[0,1,0],[65,13,165]]
[[0,0,0],[1,0,0],[0,1,0],[10,21,165]]
[[0,0,0],[1,0,0],[0,1,0],[6,79,165]]
[[0,0,0],[1,0,0],[0,1,0],[80,6,165]]
[[0,0,0],[1,0,0],[0,1,0],[40,126,165]]
[[0,0,0],[1,0,0],[0,1,0],[1,76,165]]
[[0,0,0],[1,0,0],[0,1,0],[7,13,165]]
[[0,0,0],[1,0,0],[0,1,0],[7,41,165]]
[[0,0,0],[1,0,0],[0,1,0],[57,131,165]]
[[0,0,0],[1,0,0],[0,1,0],[41,134,165]]
[[0,0,0],[1,0,0],[0,1,0],[28,56,165]]
[[0,0,0],[1,0,0],[0,1,0],[29,161,165]]
[[0,0,0],[3,0,0],[0,1,0],[20,41,55]]
[[0,0,0],[1,0,0],[0,1,0],[93,53,165]]
[[0,0,0],[1,0,0],[0,1,0],[18,151,165]]
[[0,0,0],[1,0,0],[0,1,0],[17,43,165]]
[[0,0,0],[1,0,0],[0,1,0],[88,111,165]]
[[0,0,0],[1,0,0],[0,1,0],[21,68,165]]
[[0,0,0],[3,0,0],[0,1,0],[10,49,55]]
[[0,0,0],[1,0,0],[0,1,0],[2,17,165]]
[[0,0,0],[1,0,0],[0,1,0],[35,21,165]]
[[0,0,0],[1,0,0],[0,1,0],[160,81,165]]
[[0,0,0],[1,0,0],[0,1,0],[65,123,165]]
[[0,0,0],[1,0,0],[0,1,0],[154,111,165]]
[[0,0,0],[1,0,0],[0,1,0],[19,97,165]]
[[0,0,0],[1,0,0],[0,1,0],[28,73,165]]
[[0,0,0],[1,0,0],[0,1,0],[115,73,165]]
[[0,0,0],[1,0,0],[0,1,0],[19,37,165]]
[[0,0,0],[1,0,0],[0,1,0],[48,1,165]]
[[0,0,0],[1,0,0],[0,1,0],[115,156,165]]
[[0,0,0],[1,0,0],[0,1,0],[3,153,165]]
[[0,0,0],[1,0,0],[0,1,0],[9,14,165]]
[[0,0,0],[1,0,0],[0,1,0],[18,94,165]]
[[0,0,0],[1,0,0],[0,1,0],[9,113,165]]
[[0,0,0],[1,0,0],[0,1,0],[115,61,165]]
[[0,0,0],[1,0,0],[0,1,0],[29,131,165]]
[[0,0,0],[1,0,0],[0,1,0],[9,162,165]]
[[0,0,0],[1,0,0],[0,1,0],[63,98,165]]
[[0,0,0],[1,0,0],[0,1,0],[4,137,165]]
[[0,0,0],[1,0,0],[0,1,0],[57,74,165]]
[[0,0,0],[1,0,0],[0,1,0],[39,157,165]]
[[0,0,0],[1,0,0],[0,1,0],[9,133,165]]
[[0,0,0],[1,0,0],[0,1,0],[11,34,165]]
[[0,0,0],[1,0,0],[2,3,0],[40,40,55]]
[[0,0,0],[1,0,0],[0,1,0],[85,81,165]]
[[0,0,0],[1,0,0],[0,1,0],[26,98,165]]
[[0,0,0],[1,0,0],[0,1,0],[7,38,165]]
[[0,0,0],[1,0,0],[0,1,0],[48,123,165]]
[[0,0,0],[1,0,0],[0,1,0],[2,113,165]]
[[0,0,0],[1,0,0],[0,1,0],[3,28,165]]
[[0,0,0],[1,0,0],[0,1,0],[69,53,165]]
[[0,0,0],[1,0,0],[0,1,0],[42,31,165]]
[[0,0,0],[1,0,0],[0,1,0],[14,142,165]]
[[0,0,0],[1,0,0],[0,1,0],[44,2,165]]
[[0,0,0],[1,0,0],[0,1,0],[27,91,165]]
[[0,0,0],[1,0,0],[0,1,0],[102,159,165]]
[[0,0,0],[1,0,0],[0,1,0],[12,52,165]]
[[0,0,0],[1,0,0],[0,1,0],[77,56,165]]
[[0,0,0],[1,0,0],[0,1,0],[111,76,165]]
[[0,0,0],[1,0,0],[0,1,0],[22,39,165]]
[[0,0,0],[1,0,0],[0,1,0],[13,128,165]]
[[0,0,0],[1,0,0],[0,1,0],[114,47,165]]
[[0,0,0],[1,0,0],[0,1,0],[87,46,165]]
[[0,0,0],[3,0,0],[0,1,0],[10,36,55]]
[[0,0,0],[3,0,0],[0,1,0],[10,41,55]]
[[0,0,0],[1,0,0],[0,1,0],[70,6,165]]
[[0,0,0],[1,0,0],[0,1,0],[14,98,165]]
[[0,0,0],[1,0,0],[0,1,0],[53,164,165]]
[[0,0,0],[1,0,0],[0,1,0],[27,61,165]]
[[0,0,0],[1,0,0],[0,1,0],[8,58,165]]
[[0,0,0],[1,0,0],[0,1,0],[4,122,165]]
[[0,0,0],[1,0,0],[0,1,0],[147,104,165]]
[[0,0,0],[1,0,0],[0,1,0],[35,32,165]]
[[0,0,0],[1,0,0],[0,1,0],[35,1,165]]
[[0,0,0],[1,0,0],[0,1,0],[45,16,165]]
[[0,0,0],[1,0,0],[0,1,0],[95,96,165]]
[[0,0,0],[1,0,0],[0,1,0],[48,83,165]]
[[0,0,0],[1,0,0],[0,1,0],[145,54,165]]
[[0,0,0],[3,0,0],[0,1,0],[22,34,55]]
[[0,0,0],[1,0,0],[0,1,0],[18,153,165]]
[[0,0,0],[1,0,0],[0,1,0],[75,36,165]]
[[0,0,0],[1,0,0],[0,1,0],[14,119,165]]
[[0,0,0],[1,0,0],[0,1,0],[36,19,165]]
[[0,0,0],[1,0,0],[0,1,0],[30,106,165]]
[[0,0,0],[1,0,0],[0,1,0],[105,127,165]]
[[0,0,0],[1,0,0],[0,1,0],[120,145,165]]
[[0,0,0],[1,0,0],[0,1,0],[4,49,165]]
[[0,0,0],[1,0,0],[0,1,0],[117,94,165]]
[[0,0,0],[1,0,0],[0,1,0],[80,156,165]]
[[0,0,0],[1,0,0],[0,1,0],[14,52,165]]
[[0,0,0],[1,0,0],[0,1,0],[52,89,165]]
[[0,0,0],[1,0,0],[0,1,0],[21,163,165]]
[[0,0,0],[1,0,0],[0,1,0],[21,91,165]]
[[0,0,0],[1,0,0],[0,1,0],[11,125,165]]
[[0,0,0],[1,0,0],[0,1,0],[135,64,165]]
[[0,0,0],[1,0,0],[0,1,0],[6,13,165]]
[[0,0,0],[1,0,0],[0,1,0],[35,146,165]]
[[0,0,0],[1,0,0],[0,1,0],[114,117,165]]
[[0,0,0],[1,0,0],[0,1,0],[125,161,165]]
[[0,0,0],[1,0,0],[0,1,0],[26,146,165]]
[[0,0,0],[1,0,0],[0,1,0],[143,143,165]]
[[0,0,0],[1,0,0],[0,1,0],[26,107,165]]
[[0,0,0],[1,0,0],[0,1,0],[125,71,165]]
[[0,0,0],[1,0,0],[0,1,0],[105,116,165]]
[[0,0,0],[1,0,0],[0,1,0],[8,61,165]]
[[0,0,0],[1,0,0],[0,1,0],[22,23,165]]
[[0,0,0],[1,0,0],[0,1,0],[130,96,165]]
[[0,0,0],[1,0,0],[0,1,0],[19,52,165]]
[[0,0,0],[1,0,0],[0,1,0],[16,41,165]]
[[0,0,0],[1,0,0],[0,1,0],[42,13,165]]
[[0,0,0],[1,0,0],[0,1,0],[4,53,165]]
[[0,0,0],[1,0,0],[0,1,0],[8,92,165]]
[[0,0,0],[1,0,0],[0,1,0],[42,61,165]]
[[0,0,0],[1,0,0],[0,1,0],[15,118,165]]
[[0,0,0],[1,0,0],[0,1,0],[53,92,165]]
[[0,0,0],[1,0,0],[0,1,0],[66,100,165]]
[[0,0,0],[1,0,0],[0,1,0],[110,111,165]]
[[0,0,0],[1,0,0],[0,1,0],[108,58,165]]
[[0,0,0],[1,0,0],[0,1,0],[34,47,165]]
[[0,0,0],[1,0,0],[0,1,0],[5,36,165]]
[[0,0,0],[1,0,0],[0,1,0],[17,157,165]]
[[0,0,0],[1,0,0],[0,1,0],[6,1,165]]
[[0,0,0],[1,0,0],[0,1,0],[51,61,165]]
[[0,0,0],[1,0,0],[0,1,0],[17,28,165]]
[[0,0,0],[1,0,0],[0,1,0],[13,71,165]]
[[0,0,0],[1,0,0],[0,1,0],[135,141,165]]
[[0,0,0],[1,0,0],[0,1,0],[67,164,165]]
[[0,0,0],[1,0,0],[0,1,0],[11,111,165]]
[[0,0,0],[1,0,0],[0,1,0],[2,116,165]]
[[0,0,0],[1,0,0],[0,1,0],[153,163,165]]
[[0,0,0],[1,0,0],[0,1,0],[80,108,165]]
[[0,0,0],[1,0,0],[0,1,0],[22,114,165]]
[[0,0,0],[1,0,0],[0,1,0],[10,71,165]]
[[0,0,0],[1,0,0],[0,1,0],[3,48,165]]
[[0,0,0],[1,0,0],[0,1,0],[29,148,165]]
[[0,0,0],[1,0,0],[0,1,0],[51,71,165]]
[[0,0,0],[1,0,0],[0,1,0],[48,63,165]]
[[0,0,0],[1,0,0],[0,1,0],[22,84,165]]
[[0,0,0],[1,0,0],[0,1,0],[24,57,165]]
[[0,0,0],[1,0,0],[0,1,0],[2,31,165]]
[[0,0,0],[1,0,0],[0,1,0],[21,34,165]]
[[0,0,0],[1,0,0],[0,1,0],[26,56,165]]
[[0,0,0],[1,0,0],[0,1,0],[42,91,165]]
[[0,0,0],[1,0,0],[0,1,0],[115,21,165]]
[[0,0,0],[1,0,0],[1,3,0],[51,10,55]]
[[0,0,0],[1,0,0],[0,1,0],[24,109,165]]
[[0,0,0],[1,0,0],[0,1,0],[50,161,165]]
[[0,0,0],[1,0,0],[0,1,0],[33,23,165]]
[[0,0,0],[1,0,0],[0,1,0],[25,71,165]]
[[0,0,0],[1,0,0],[0,1,0],[6,109,165]]
[[0,0,0],[1,0,0],[0,1,0],[57,79,165]]
[[0,0,0],[1,0,0],[0,1,0],[12,104,165]]
[[0,0,0],[1,0,0],[0,1,0],[21,151,165]]
[[0,0,0],[1,0,0],[0,1,0],[141,157,165]]
[[0,0,0],[1,0,0],[0,1,0],[7,23,165]]
[[0,0,0],[1,0,0],[0,1,0],[13,13,165]]
[[0,0,0],[1,0,0],[0,1,0],[56,89,165]]
[[0,0,0],[1,0,0],[0,1,0],[25,152,165]]
[[0,0,0],[1,0,0],[0,1,0],[54,112,165]]
[[0,0,0],[1,0,0],[0,1,0],[32,49,165]]
[[0,0,0],[1,0,0],[0,1,0],[54,32,165]]
[[0,0,0],[1,0,0],[0,1,0],[144,122,165]]
[[0,0,0],[1,0,0],[0,1,0],[54,72,165]]
[[0,0,0],[3,0,0],[0,1,0],[25,16,55]]
[[0,0,0],[1,0,0],[0,1,0],[24,67,165]]
[[0,0,0],[1,0,0],[0,1,0],[19,107,165]]
[[0,0,0],[1,0,0],[0,1,0],[125,129,165]]
[[0,0,0],[1,0,0],[0,1,0],[80,131,165]]
[[0,0,0],[1,0,0],[0,1,0],[27,139,165]]
[[0,0,0],[1,0,0],[0,1,0],[37,151,165]]
[[0,0,0],[1,0,0],[0,1,0],[27,117,165]]
[[0,0,0],[1,0,0],[0,1,0],[27,49,165]]
[[0,0,0],[1,0,0],[0,1,0],[22,54,165]]
[[0,0,0],[1,0,0],[0,1,0],[90,121,165]]
[[0,0,0],[3,0,0],[0,1,0],[10,27,55]]
[[0,0,0],[1,0,0],[0,1,0],[21,123,165]]
[[0,0,0],[1,0,0],[0,1,0],[33,67,165]]
[[0,0,0],[1,0,0],[0,1,0],[3,139,165]]
[[0,0,0],[1,0,0],[0,1,0],[39,52,165]]
[[0,0,0],[1,0,0],[0,1,0],[54,19,165]]
[[0,0,0],[1,0,0],[0,1,0],[147,159,165]]
[[0,0,0],[1,0,0],[0,1,0],[7,119,165]]
[[0,0,0],[1,0,0],[0,1,0],[71,164,165]]
[[0,0,0],[1,0,0],[0,1,0],[81,19,165]]
[[0,0,0],[1,0,0],[0,1,0],[2,128,165]]
[[0,0,0],[1,0,0],[0,1,0],[7,148,165]]
[[0,0,0],[1,0,0],[0,1,0],[63,63,165]]
[[0,0,0],[1,0,0],[0,1,0],[144,162,165]]
[[0,0,0],[1,0,0],[0,1,0],[39,149,165]]
[[0,0,0],[1,0,0],[0,1,0],[26,46,165]]
[[0,0,0],[1,0,0],[0,1,0],[18,126,165]]
[[0,0,0],[1,0,0],[0,1,0],[160,138,165]]
[[0,0,0],[1,0,0],[0,1,0],[7,49,165]]
[[0,0,0],[1,0,0],[0,1,0],[160,156,165]]
[[0,0,0],[1,0,0],[0,1,0],[63,133,165]]
[[0,0,0],[1,0,0],[0,1,0],[38,46,165]]
[[0,0,0],[1,0,0],[0,1,0],[100,141,165]]
[[0,0,0],[1,0,0],[0,1,0],[20,14,165]]
[[0,0,0],[1,0,0],[0,1,0],[14,101,165]]
[[0,0,0],[1,0,0],[0,1,0],[23,37,165]]
[[0,0,0],[1,0,0],[0,1,0],[26,49,165]]
[[0,0,0],[1,0,0],[0,1,0],[53,157,165]]
[[0,0,0],[1,0,0],[0,1,0],[65,141,165]]
[[0,0,0],[1,0,0],[0,1,0],[160,39,165]]
[[0,0,0],[1,0,0],[0,1,0],[50,72,165]]
[[0,0,0],[1,0,0],[0,1,0],[17,104,165]]
[[0,0,0],[1,0,0],[0,1,0],[6,46,165]]
[[0,0,0],[1,0,0],[0,1,0],[32,34,165]]
[[0,0,0],[1,0,0],[0,1,0],[145,96,165]]
[[0,0,0],[1,0,0],[0,1,0],[25,36,165]]
[[0,0,0],[1,0,0],[0,1,0],[3,98,165]]
[[0,0,0],[1,0,0],[0,1,0],[2,59,165]]
[[0,0,0],[1,0,0],[0,1,0],[77,100,165]]
[[0,0,0],[1,0,0],[1,3,0],[36,20,55]]
[[0,0,0],[1,0,0],[0,1,0],[5,161,165]]
[[0,0,0],[1,0,0],[0,1,0],[4,28,165]]
[[0,0,0],[1,0,0],[0,1,0],[85,111,165]]
[[0,0,0],[1,0,0],[0,1,0],[14,107,165]]
[[0,0,0],[1,0,0],[0,1,0],[110,56,165]]
[[0,0,0],[1,0,0],[0,1,0],[20,76,165]]
[[0,0,0],[1,0,0],[0,1,0],[21,58,165]]
[[0,0,0],[1,0,0],[0,1,0],[69,107,165]]
[[0,0,0],[1,0,0],[0,1,0],[11,95,165]]
[[0,0,0],[1,0,0],[0,1,0],[19,82,165]]
[[0,0,0],[1,0,0],[0,1,0],[102,89,165]]
[[0,0,0],[1,0,0],[0,1,0],[130,58,165]]
[[0,0,0],[1,0,0],[0,1,0],[8,32,165]]
[[0,0,0],[1,0,0],[0,1,0],[10,68,165]]
[[0,0,0],[1,0,0],[0,1,0],[2,142,165]]
[[0,0,0],[1,0,0],[0,1,0],[51,159,165]]
[[0,0,0],[1,0,0],[0,1,0],[54,137,165]]
[[0,0,0],[1,0,0],[0,1,0],[9,103,165]]
[[0,0,0],[1,0,0],[0,1,0],[115,84,165]]
[[0,0,0],[1,0,0],[0,1,0],[35,153,165]]
[[0,0,0],[1,0,0],[0,1,0],[25,91,165]]
[[0,0,0],[1,0,0],[0,1,0],[70,101,165]]
[[0,0,0],[1,0,0],[0,1,0],[26,52,165]]
[[0,0,0],[1,0,0],[0,1,0],[12,89,165]]
[[0,0,0],[1,0,0],[0,1,0],[8,16,165]]
[[0,0,0],[1,0,0],[0,1,0],[29,164,165]]
[[0,0,0],[1,0,0],[0,1,0],[70,1,165]]
[[0,0,0],[1,0,0],[0,1,0],[18,43,165]]
[[0,0,0],[1,0,0],[0,1,0],[102,144,165]]
[[0,0,0],[1,0,0],[0,1,0],[24,27,165]]
[[0,0,0],[1,0,0],[0,1,0],[48,153,165]]
[[0,0,0],[1,0,0],[0,1,0],[9,91,165]]
[[0,0,0],[1,0,0],[0,1,0],[26,158,165]]
[[0,0,0],[1,0,0],[0,1,0],[20,91,165]]
[[0,0,0],[1,0,0],[0,1,0],[102,129,165]]
[[0,0,0],[1,0,0],[1,3,0],[26,45,55]]
[[0,0,0],[1,0,0],[0,1,0],[3,108,165]]
[[0,0,0],[1,0,0],[0,1,0],[25,151,165]]
[[0,0,0],[1,0,0],[0,1,0],[20,71,165]]
[[0,0,0],[1,0,0],[0,1,0],[69,147,165]]
[[0,0,0],[1,0,0],[0,1,0],[78,123,165]]
[[0,0,0],[1,0,0],[0,1,0],[78,103,165]]
[[0,0,0],[1,0,0],[0,1,0],[36,97,165]]
[[0,0,0],[1,0,0],[0,1,0],[12,76,165]]
[[0,0,0],[1,0,0],[0,1,0],[2,29,165]]
[[0,0,0],[1,0,0],[0,1,0],[32,109,165]]
[[0,0,0],[1,0,0],[0,1,0],[48,73,165]]
[[0,0,0],[1,0,0],[0,1,0],[54,58,165]]
[[0,0,0],[1,0,0],[0,1,0],[22,111,165]]
[[0,0,0],[1,0,0],[0,1,0],[42,73,165]]
[[0,0,0],[1,0,0],[0,1,0],[54,97,165]]
[[0,0,0],[1,0,0],[0,1,0],[5,26,165]]
[[0,0,0],[1,0,0],[0,1,0],[27,109,165]]
[[0,0,0],[1,0,0],[0,1,0],[87,157,165]]
[[0,0,0],[1,0,0],[0,1,0],[18,157,165]]
[[0,0,0],[1,0,0],[0,1,0],[12,84,165]]
[[0,0,0],[1,0,0],[0,1,0],[147,164,165]]
[[0,0,0],[1,0,0],[0,1,0],[5,51,165]]
[[0,0,0],[1,0,0],[0,1,0],[39,127,165]]
[[0,0,0],[1,0,0],[0,1,0],[44,17,165]]
[[0,0,0],[1,0,0],[0,1,0],[111,79,165]]
[[0,0,0],[1,0,0],[0,1,0],[95,93,165]]
[[0,0,0],[1,0,0],[0,1,0],[75,151,165]]
[[0,0,0],[1,0,0],[0,1,0],[12,109,165]]
[[0,0,0],[1,0,0],[0,1,0],[48,28,165]]
[[0,0,0],[1,0,0],[0,1,0],[65,6,165]]
[[0,0,0],[1,0,0],[0,1,0],[5,62,165]]
[[0,0,0],[1,0,0],[0,1,0],[27,84,165]]
[[0,0,0],[1,0,0],[0,1,0],[88,18,165]]
[[0,0,0],[1,0,0],[0,1,0],[5,141,165]]
[[0,0,0],[1,0,0],[0,1,0],[46,76,165]]
[[0,0,0],[1,0,0],[0,1,0],[7,19,165]]
[[0,0,0],[3,0,0],[0,1,0],[15,1,55]]
[[0,0,0],[1,0,0],[0,1,0],[78,91,165]]
[[0,0,0],[1,0,0],[0,1,0],[24,73,165]]
[[0,0,0],[1,0,0],[0,1,0],[22,67,165]]
[[0,0,0],[1,0,0],[0,1,0],[32,137,165]]
[[0,0,0],[1,0,0],[2,3,0],[10,5,55]]
[[0,0,0],[1,0,0],[0,1,0],[6,28,165]]
[[0,0,0],[1,0,0],[0,1,0],[35,142,165]]
[[0,0,0],[1,0,0],[0,1,0],[3,91,165]]
[[0,0,0],[1,0,0],[0,1,0],[90,109,165]]
[[0,0,0],[1,0,0],[0,1,0],[57,134,165]]
[[0,0,0],[1,0,0],[0,1,0],[102,141,165]]
[[0,0,0],[1,0,0],[0,1,0],[17,146,165]]
[[0,0,0],[1,0,0],[0,1,0],[42,47,165]]
[[0,0,0],[1,0,0],[0,1,0],[4,76,165]]
[[0,0,0],[1,0,0],[0,1,0],[13,133,165]]
[[0,0,0],[1,0,0],[0,1,0],[32,58,165]]
[[0,0,0],[1,0,0],[0,1,0],[81,8,165]]
[[0,0,0],[1,0,0],[0,1,0],[9,34,165]]
[[0,0,0],[1,0,0],[0,1,0],[23,149,165]]
[[0,0,0],[1,0,0],[0,1,0],[2,152,165]]
[[0,0,0],[1,0,0],[0,1,0],[65,126,165]]
[[0,0,0],[1,0,0],[0,1,0],[54,68,165]]
[[0,0,0],[1,0,0],[0,1,0],[52,103,165]]
[[0,0,0],[1,0,0],[0,1,0],[51,28,165]]
[[0,0,0],[1,0,0],[0,1,0],[40,136,165]]
[[0,0,0],[1,0,0],[0,1,0],[153,156,165]]
[[0,0,0],[1,0,0],[0,1,0],[138,38,165]]
[[0,0,0],[1,0,0],[0,1,0],[14,46,165]]
[[0,0,0],[1,0,0],[0,1,0],[108,138,165]]
[[0,0,0],[1,0,0],[0,1,0],[160,141,165]]
[[0,0,0],[1,0,0],[0,1,0],[14,61,165]]
[[0,0,0],[1,0,0],[0,1,0],[9,109,165]]
[[0,0,0],[1,0,0],[0,1,0],[25,51,165]]
[[0,0,0],[1,0,0],[0,1,0],[57,127,165]]
[[0,0,0],[1,0,0],[0,1,0],[16,38,165]]
[[0,0,0],[1,0,0],[0,1,0],[23,133,165]]
[[0,0,0],[1,0,0],[0,1,0],[41,116,165]]
[[0,0,0],[1,0,0],[0,1,0],[135,97,165]]
[[0,0,0],[1,0,0],[0,1,0],[36,46,165]]
[[0,0,0],[1,0,0],[0,1,0],[36,141,165]]
[[0,0,0],[1,0,0],[0,1,0],[91,119,165]]
[[0,0,0],[1,0,0],[0,1,0],[7,29,165]]
[[0,0,0],[1,0,0],[0,1,0],[7,61,165]]
[[0,0,0],[1,0,0],[0,1,0],[70,81,165]]
[[0,0,0],[1,0,0],[0,1,0],[130,91,165]]
[[0,0,0],[1,0,0],[0,1,0],[17,41,165]]
[[0,0,0],[1,0,0],[0,1,0],[145,126,165]]
[[0,0,0],[1,0,0],[0,1,0],[9,76,165]]
[[0,0,0],[1,0,0],[0,1,0],[57,114,165]]
[[0,0,0],[1,0,0],[0,1,0],[155,131,165]]
[[0,0,0],[1,0,0],[0,1,0],[69,117,165]]
[[0,0,0],[1,0,0],[0,1,0],[143,155,165]]
[[0,0,0],[1,0,0],[0,1,0],[130,102,165]]
[[0,0,0],[1,0,0],[0,1,0],[42,124,165]]
[[0,0,0],[1,0,0],[0,1,0],[14,64,165]]
[[0,0,0],[1,0,0],[0,1,0],[143,133,165]]
[[0,0,0],[1,0,0],[0,1,0],[10,79,165]]
[[0,0,0],[1,0,0],[0,1,0],[25,81,165]]
[[0,0,0],[1,0,0],[0,1,0],[69,141,165]]
[[0,0,0],[1,0,0],[0,1,0],[60,151,165]]
[[0,0,0],[1,0,0],[0,1,0],[3,109,165]]
[[0,0,0],[1,0,0],[0,1,0],[95,141,165]]
[[0,0,0],[1,0,0],[0,1,0],[80,152,165]]
[[0,0,0],[1,0,0],[0,1,0],[40,56,165]]
[[0,0,0],[1,0,0],[0,1,0],[125,63,165]]
[[0,0,0],[1,0,0],[0,1,0],[35,61,165]]
[[0,0,0],[1,0,0],[0,1,0],[88,138,165]]
[[0,0,0],[1,0,0],[0,1,0],[30,76,165]]
[[0,0,0],[1,0,0],[0,1,0],[26,71,165]]
[[0,0,0],[1,0,0],[0,1,0],[32,43,165]]
[[0,0,0],[1,0,0],[0,1,0],[36,157,165]]
[[0,0,0],[1,0,0],[0,1,0],[39,39,165]]
[[0,0,0],[1,0,0],[0,1,0],[27,134,165]]
[[0,0,0],[1,0,0],[0,1,0],[10,2,165]]
[[0,0,0],[1,0,0],[0,1,0],[9,64,165]]
[[0,0,0],[1,0,0],[0,1,0],[2,74,165]]
[[0,0,0],[1,0,0],[0,1,0],[130,81,165]]
[[0,0,0],[1,0,0],[0,1,0],[7,16,165]]
[[0,0,0],[1,0,0],[0,1,0],[10,76,165]]
[[0,0,0],[1,0,0],[0,1,0],[30,81,165]]
[[0,0,0],[1,0,0],[0,1,0],[19,92,165]]
[[0,0,0],[1,0,0],[0,1,0],[7,109,165]]
[[0,0,0],[3,0,0],[0,1,0],[25,1,55]]
[[0,0,0],[1,0,0],[0,1,0],[16,19,165]]
[[0,0,0],[3,0,0],[0,1,0],[10,6,55]]
[[0,0,0],[1,0,0],[0,1,0],[41,53,165]]
[[0,0,0],[1,0,0],[0,1,0],[11,12,165]]
[[0,0,0],[1,0,0],[0,1,0],[10,116,165]]
[[0,0,0],[1,0,0],[0,1,0],[21,156,165]]
[[0,0,0],[1,0,0],[0,1,0],[154,72,165]]
[[0,0,0],[1,0,0],[0,1,0],[115,126,165]]
[[0,0,0],[1,0,0],[0,1,0],[57,94,165]]
[[0,0,0],[1,0,0],[0,1,0],[75,16,165]]
[[0,0,0],[1,0,0],[0,1,0],[6,118,165]]
[[0,0,0],[1,0,0],[0,1,0],[48,16,165]]
[[0,0,0],[1,0,0],[0,1,0],[162,109,165]]
[[0,0,0],[1,0,0],[0,1,0],[9,62,165]]
[[0,0,0],[1,0,0],[0,1,0],[48,4,165]]
[[0,0,0],[1,0,0],[0,1,0],[115,6,165]]
[[0,0,0],[1,0,0],[0,1,0],[48,108,165]]
[[0,0,0],[1,0,0],[0,1,0],[14,58,165]]
[[0,0,0],[1,0,0],[0,1,0],[17,17,165]]
[[0,0,0],[1,0,0],[0,1,0],[84,87,165]]
[[0,0,0],[1,0,0],[0,1,0],[27,59,165]]
[[0,0,0],[3,0,0],[0,1,0],[15,7,55]]
[[0,0,0],[1,0,0],[0,1,0],[22,1,165]]
[[0,0,0],[1,0,0],[0,1,0],[27,67,165]]
[[0,0,0],[1,0,0],[0,1,0],[20,124,165]]
[[0,0,0],[1,0,0],[0,1,0],[85,114,165]]
[[0,0,0],[1,0,0],[0,1,0],[13,131,165]]
[[0,0,0],[1,0,0],[0,1,0],[100,101,165]]
[[0,0,0],[1,0,0],[0,1,0],[63,1,165]]
[[0,0,0],[1,0,0],[0,1,0],[41,158,165]]
[[0,0,0],[1,0,0],[0,1,0],[156,164,165]]
[[0,0,0],[1,0,0],[0,1,0],[29,47,165]]
[[0,0,0],[1,0,0],[0,1,0],[7,161,165]]
[[0,0,0],[1,0,0],[0,1,0],[9,7,165]]
[[0,0,0],[1,0,0],[0,1,0],[84,94,165]]
[[0,0,0],[1,0,0],[0,1,0],[52,164,165]]
[[0,0,0],[1,0,0],[0,1,0],[26,28,165]]
[[0,0,0],[1,0,0],[0,1,0],[22,122,165]]
[[0,0,0],[1,0,0],[0,1,0],[84,133,165]]
[[0,0,0],[1,0,0],[0,1,0],[38,43,165]]
[[0,0,0],[1,0,0],[0,1,0],[33,1,165]]
[[0,0,0],[1,0,0],[0,1,0],[32,64,165]]
[[0,0,0],[1,0,0],[0,1,0],[99,133,165]]
[[0,0,0],[1,0,0],[0,1,0],[2,67,165]]
[[0,0,0],[1,0,0],[0,1,0],[42,94,165]]
[[0,0,0],[1,0,0],[0,1,0],[6,151,165]]
[[0,0,0],[1,0,0],[0,1,0],[164,164,165]]
[[0,0,0],[1,0,0],[0,1,0],[20,81,165]]
[[0,0,0],[1,0,0],[0,1,0],[36,152,165]]
[[0,0,0],[1,0,0],[0,1,0],[8,8,165]]
[[0,0,0],[1,0,0],[2,3,0],[13,25,55]]
[[0,0,0],[1,0,0],[0,1,0],[9,2,165]]
[[0,0,0],[1,0,0],[0,1,0],[39,122,165]]
[[0,0,0],[1,0,0],[0,1,0],[19,41,165]]
[[0,0,0],[3,0,0],[0,1,0],[15,46,55]]
[[0,0,0],[1,0,0],[0,1,0],[81,109,165]]
[[0,0,0],[1,0,0],[0,1,0],[35,36,165]]
[[0,0,0],[1,0,0],[0,1,0],[17,119,165]]
[[0,0,0],[1,0,0],[0,1,0],[24,32,165]]
[[0,0,0],[1,0,0],[0,1,0],[38,107,165]]
[[0,0,0],[1,0,0],[0,1,0],[57,164,165]]
[[0,0,0],[1,0,0],[0,1,0],[63,108,165]]
[[0,0,0],[1,0,0],[0,1,0],[18,16,165]]
[[0,0,0],[1,0,0],[0,1,0],[53,53,165]]
[[0,0,0],[1,0,0],[0,1,0],[21,94,165]]
[[0,0,0],[1,0,0],[0,1,0],[57,52,165]]
[[0,0,0],[1,0,0],[0,1,0],[81,129,165]]
[[0,0,0],[1,0,0],[0,1,0],[25,31,165]]
[[0,0,0],[1,0,0],[0,1,0],[1,14,165]]
[[0,0,0],[1,0,0],[1,3,0],[45,10,55]]
[[0,0,0],[1,0,0],[0,1,0],[18,58,165]]
[[0,0,0],[1,0,0],[0,1,0],[10,24,165]]
[[0,0,0],[1,0,0],[0,1,0],[63,78,165]]
[[0,0,0],[1,0,0],[0,1,0],[47,86,165]]
[[0,0,0],[1,0,0],[0,1,0],[87,109,165]]
[[0,0,0],[1,0,0],[0,1,0],[44,152,165]]
[[0,0,0],[1,0,0],[0,1,0],[88,144,165]]
[[0,0,0],[1,0,0],[0,1,0],[13,49,165]]
[[0,0,0],[1,0,0],[0,1,0],[65,41,165]]
[[0,0,0],[1,0,0],[0,1,0],[9,112,165]]
[[0,0,0],[1,0,0],[0,1,0],[80,96,165]]
[[0,0,0],[1,0,0],[0,1,0],[42,34,165]]
[[0,0,0],[1,0,0],[0,1,0],[120,156,165]]
[[0,0,0],[1,0,0],[0,1,0],[23,38,165]]
[[0,0,0],[1,0,0],[0,1,0],[70,74,165]]
[[0,0,0],[1,0,0],[0,1,0],[13,17,165]]
[[0,0,0],[1,0,0],[0,1,0],[93,106,165]]
[[0,0,0],[1,0,0],[0,1,0],[14,19,165]]
[[0,0,0],[1,0,0],[0,1,0],[39,57,165]]
[[0,0,0],[1,0,0],[0,1,0],[108,68,165]]
[[0,0,0],[1,0,0],[0,1,0],[72,29,165]]
[[0,0,0],[1,0,0],[0,1,0],[17,56,165]]
[[0,0,0],[1,0,0],[0,1,0],[36,4,165]]
[[0,0,0],[1,0,0],[0,1,0],[63,157,165]]
[[0,0,0],[1,0,0],[0,1,0],[32,53,165]]
[[0,0,0],[1,0,0],[0,1,0],[40,141,165]]
[[0,0,0],[1,0,0],[0,1,0],[9,73,165]]
[[0,0,0],[1,0,0],[0,1,0],[10,91,165]]
[[0,0,0],[1,0,0],[0,1,0],[23,101,165]]
[[0,0,0],[1,0,0],[0,1,0],[4,118,165]]
[[0,0,0],[1,0,0],[0,1,0],[44,1,165]]
[[0,0,0],[1,0,0],[0,1,0],[108,108,165]]
[[0,0,0],[1,0,0],[0,1,0],[7,89,165]]
[[0,0,0],[1,0,0],[0,1,0],[12,28,165]]
[[0,0,0],[1,0,0],[0,1,0],[6,124,165]]
[[0,0,0],[1,0,0],[0,1,0],[3,3,165]]
[[0,0,0],[1,0,0],[0,1,0],[7,149,165]]
[[0,0,0],[1,0,0],[0,1,0],[115,81,165]]
[[0,0,0],[1,0,0],[0,1,0],[153,53,165]]
[[0,0,0],[1,0,0],[0,1,0],[39,47,165]]
[[0,0,0],[1,0,0],[0,1,0],[6,37,165]]
[[0,0,0],[1,0,0],[0,1,0],[87,144,165]]
[[0,0,0],[1,0,0],[0,1,0],[42,59,165]]
[[0,0,0],[1,0,0],[0,1,0],[125,140,165]]
[[0,0,0],[1,0,0],[0,1,0],[123,118,165]]
[[0,0,0],[1,0,0],[0,1,0],[18,46,165]]
[[0,0,0],[1,0,0],[0,1,0],[2,109,165]]
[[0,0,0],[3,0,0],[0,1,0],[35,51,55]]
[[0,0,0],[1,0,0],[0,1,0],[20,1,165]]
[[0,0,0],[1,0,0],[0,1,0],[3,16,165]]
[[0,0,0],[1,0,0],[0,1,0],[37,164,165]]
[[0,0,0],[3,0,0],[0,1,0],[30,13,55]]
[[0,0,0],[1,0,0],[0,1,0],[27,142,165]]
[[0,0,0],[1,0,0],[0,1,0],[26,101,165]]
[[0,0,0],[1,0,0],[0,1,0],[12,139,165]]
[[0,0,0],[1,0,0],[0,1,0],[6,97,165]]
[[0,0,0],[1,0,0],[0,1,0],[27,62,165]]
[[0,0,0],[1,0,0],[0,1,0],[50,160,165]]
[[0,0,0],[1,0,0],[0,1,0],[56,107,165]]
[[0,0,0],[1,0,0],[0,1,0],[6,16,165]]
[[0,0,0],[1,0,0],[0,1,0],[80,130,165]]
[[0,0,0],[3,0,0],[0,1,0],[5,36,55]]
[[0,0,0],[1,0,0],[0,1,0],[12,144,165]]
[[0,0,0],[1,0,0],[0,1,0],[41,142,165]]
[[0,0,0],[1,0,0],[0,1,0],[141,34,165]]
[[0,0,0],[1,0,0],[0,1,0],[95,116,165]]
[[0,0,0],[1,0,0],[0,1,0],[5,31,165]]
[[0,0,0],[1,0,0],[0,1,0],[5,73,165]]
[[0,0,0],[1,0,0],[0,1,0],[32,119,165]]
[[0,0,0],[1,0,0],[0,1,0],[69,1,165]]
[[0,0,0],[1,0,0],[0,1,0],[8,59,165]]
[[0,0,0],[1,0,0],[0,1,0],[19,67,165]]
[[0,0,0],[1,0,0],[0,1,0],[100,21,165]]
[[0,0,0],[1,0,0],[0,1,0],[160,36,165]]
[[0,0,0],[1,0,0],[0,1,0],[1,23,165]]
[[0,0,0],[1,0,0],[0,1,0],[57,124,165]]
[[0,0,0],[1,0,0],[0,1,0],[47,149,165]]
[[0,0,0],[1,0,0],[0,1,0],[14,31,165]]
[[0,0,0],[1,0,0],[0,1,0],[48,148,165]]
[[0,0,0],[1,0,0],[0,1,0],[17,34,165]]
[[0,0,0],[1,0,0],[0,1,0],[117,159,165]]
[[0,0,0],[1,0,0],[0,1,0],[123,8,165]]
[[0,0,0],[1,0,0],[0,1,0],[27,58,165]]
[[0,0,0],[1,0,0],[0,1,0],[20,56,165]]
[[0,0,0],[1,0,0],[0,1,0],[65,36,165]]
[[0,0,0],[1,0,0],[0,1,0],[88,48,165]]
[[0,0,0],[1,0,0],[0,1,0],[69,133,165]]
[[0,0,0],[1,0,0],[0,1,0],[11,56,165]]
[[0,0,0],[1,0,0],[0,1,0],[23,74,165]]
[[0,0,0],[1,0,0],[0,1,0],[44,137,165]]
[[0,0,0],[1,0,0],[0,1,0],[4,97,165]]
[[0,0,0],[1,0,0],[0,1,0],[4,92,165]]
[[0,0,0],[1,0,0],[0,1,0],[38,161,165]]
[[0,0,0],[1,0,0],[0,1,0],[85,26,165]]
[[0,0,0],[1,0,0],[0,1,0],[7,58,165]]
[[0,0,0],[1,0,0],[0,1,0],[47,92,165]]
[[0,0,0],[1,0,0],[0,1,0],[27,79,165]]
[[0,0,0],[1,0,0],[0,1,0],[28,149,165]]
[[0,0,0],[1,0,0],[0,1,0],[54,87,165]]
[[0,0,0],[1,0,0],[0,1,0],[8,64,165]]
[[0,0,0],[1,0,0],[0,1,0],[154,42,165]]
[[0,0,0],[1,0,0],[0,1,0],[85,158,165]]
[[0,0,0],[1,0,0],[0,1,0],[12,91,165]]
[[0,0,0],[1,0,0],[0,1,0],[8,152,165]]
[[0,0,0],[1,0,0],[0,1,0],[121,12,165]]
[[0,0,0],[1,0,0],[0,1,0],[129,127,165]]
[[0,0,0],[1,0,0],[0,1,0],[13,23,165]]
[[0,0,0],[1,0,0],[0,1,0],[24,76,165]]
[[0,0,0],[1,0,0],[0,1,0],[12,74,165]]
[[0,0,0],[1,0,0],[0,1,0],[20,156,165]]
[[0,0,0],[1,0,0],[0,1,0],[39,147,165]]
[[0,0,0],[1,0,0],[0,1,0],[12,94,165]]
[[0,0,0],[1,0,0],[0,1,0],[21,64,165]]
[[0,0,0],[1,0,0],[0,1,0],[12,16,165]]
[[0,0,0],[1,0,0],[0,1,0],[4,142,165]]
[[0,0,0],[1,0,0],[0,1,0],[8,23,165]]
[[0,0,0],[1,0,0],[0,1,0],[160,51,165]]
[[0,0,0],[1,0,0],[0,1,0],[21,73,165]]
[[0,0,0],[1,0,0],[0,1,0],[66,45,165]]
[[0,0,0],[1,0,0],[0,1,0],[18,73,165]]
[[0,0,0],[1,0,0],[0,1,0],[117,144,165]]
[[0,0,0],[1,0,0],[0,1,0],[24,16,165]]
[[0,0,0],[1,0,0],[0,1,0],[77,29,165]]
[[0,0,0],[1,0,0],[0,1,0],[42,64,165]]
[[0,0,0],[1,0,0],[0,1,0],[5,128,165]]
[[0,0,0],[1,0,0],[0,1,0],[39,117,165]]
[[0,0,0],[1,0,0],[0,1,0],[4,71,165]]
[[0,0,0],[1,0,0],[0,1,0],[93,28,165]]
[[0,0,0],[1,0,0],[0,1,0],[117,89,165]]
[[0,0,0],[1,0,0],[0,1,0],[57,19,165]]
[[0,0,0],[1,0,0],[0,1,0],[8,14,165]]
[[0,0,0],[1,0,0],[0,1,0],[114,151,165]]
[[0,0,0],[1,0,0],[0,1,0],[2,124,165]]
[[0,0,0],[1,0,0],[0,1,0],[63,43,165]]
[[0,0,0],[1,0,0],[0,1,0],[29,74,165]]
[[0,0,0],[1,0,0],[0,1,0],[108,64,165]]
[[0,0,0],[1,0,0],[0,1,0],[54,122,165]]
[[0,0,0],[1,0,0],[0,1,0],[70,141,165]]
[[0,0,0],[1,0,0],[0,1,0],[29,38,165]]
[[0,0,0],[1,0,0],[0,1,0],[25,26,165]]
[[0,0,0],[1,0,0],[0,1,0],[3,97,165]]
[[0,0,0],[1,0,0],[0,1,0],[27,69,165]]
[[0,0,0],[1,0,0],[0,1,0],[21,28,165]]
[[0,0,0],[1,0,0],[0,1,0],[70,129,165]]
[[0,0,0],[1,0,0],[1,3,0],[16,15,55]]
[[0,0,0],[1,0,0],[0,1,0],[10,1,165]]
[[0,0,0],[1,0,0],[0,1,0],[130,69,165]]
[[0,0,0],[1,0,0],[0,1,0],[52,136,165]]
[[0,0,0],[1,0,0],[0,1,0],[90,76,165]]
[[0,0,0],[1,0,0],[0,1,0],[7,53,165]]
[[0,0,0],[1,0,0],[0,1,0],[18,106,165]]
[[0,0,0],[1,0,0],[0,1,0],[89,104,165]]
[[0,0,0],[1,0,0],[0,1,0],[40,96,165]]
[[0,0,0],[1,0,0],[0,1,0],[48,158,165]]
[[0,0,0],[1,0,0],[0,1,0],[6,106,165]]
[[0,0,0],[3,0,0],[0,1,0],[20,21,55]]
[[0,0,0],[1,0,0],[0,1,0],[26,26,165]]
[[0,0,0],[1,0,0],[0,1,0],[3,86,165]]
[[0,0,0],[1,0,0],[0,1,0],[95,111,165]]
[[0,0,0],[1,0,0],[0,1,0],[160,21,165]]
[[0,0,0],[1,0,0],[0,1,0],[13,73,165]]
[[0,0,0],[1,0,0],[0,1,0],[9,47,165]]
[[0,0,0],[1,0,0],[0,1,0],[54,67,165]]
[[0,0,0],[1,0,0],[0,1,0],[70,21,165]]
[[0,0,0],[1,0,0],[0,1,0],[70,51,165]]
[[0,0,0],[1,0,0],[0,1,0],[72,151,165]]
[[0,0,0],[1,0,0],[0,1,0],[4,19,165]]
[[0,0,0],[1,0,0],[0,1,0],[39,4,165]]
[[0,0,0],[1,0,0],[0,1,0],[23,23,165]]
[[0,0,0],[1,0,0],[0,1,0],[20,6,165]]
[[0,0,0],[1,0,0],[0,1,0],[3,52,165]]
[[0,0,0],[1,0,0],[0,1,0],[77,1,165]]
[[0,0,0],[1,0,0],[0,1,0],[45,1,165]]
[[0,0,0],[1,0,0],[0,1,0],[72,149,165]]
[[0,0,0],[1,0,0],[0,1,0],[35,109,165]]
[[0,0,0],[1,0,0],[0,1,0],[78,106,165]]
[[0,0,0],[1,0,0],[0,1,0],[54,13,165]]
[[0,0,0],[1,0,0],[0,1,0],[3,83,165]]
[[0,0,0],[1,0,0],[0,1,0],[6,127,165]]
[[0,0,0],[1,0,0],[0,1,0],[12,43,165]]
[[0,0,0],[1,0,0],[0,1,0],[17,149,165]]
[[0,0,0],[1,0,0],[0,1,0],[134,134,165]]
[[0,0,0],[1,0,0],[0,1,0],[10,145,165]]
[[0,0,0],[1,0,0],[0,1,0],[25,56,165]]
[[0,0,0],[1,0,0],[0,1,0],[24,28,165]]
[[0,0,0],[1,0,0],[0,1,0],[72,116,165]]
[[0,0,0],[1,0,0],[0,1,0],[80,141,165]]
[[0,0,0],[1,0,0],[0,1,0],[7,62,165]]
[[0,0,0],[1,0,0],[0,1,0],[126,62,165]]
[[0,0,0],[1,0,0],[0,1,0],[3,79,165]]
[[0,0,0],[1,0,0],[0,1,0],[80,151,165]]
[[0,0,0],[1,0,0],[0,1,0],[24,102,165]]
[[0,0,0],[1,0,0],[0,1,0],[33,100,165]]
[[0,0,0],[1,0,0],[0,1,0],[23,41,165]]
[[0,0,0],[1,0,0],[0,1,0],[4,67,165]]
[[0,0,0],[1,0,0],[0,1,0],[82,134,165]]
[[0,0,0],[1,0,0],[0,1,0],[6,67,165]]
[[0,0,0],[1,0,0],[0,1,0],[84,147,165]]
[[0,0,0],[1,0,0],[0,1,0],[70,8,165]]
[[0,0,0],[1,0,0],[0,1,0],[18,76,165]]
[[0,0,0],[1,0,0],[0,1,0],[57,98,165]]
[[0,0,0],[1,0,0],[0,1,0],[30,1,165]]
[[0,0,0],[1,0,0],[0,1,0],[54,16,165]]
[[0,0,0],[1,0,0],[0,1,0],[24,58,165]]
[[0,0,0],[1,0,0],[0,1,0],[70,146,165]]
[[0,0,0],[1,0,0],[0,1,0],[95,26,165]]
[[0,0,0],[1,0,0],[0,1,0],[3,18,165]]
[[0,0,0],[1,0,0],[0,1,0],[14,146,165]]
[[0,0,0],[1,0,0],[0,1,0],[7,134,165]]
[[0,0,0],[1,0,0],[0,1,0],[69,137,165]]
[[0,0,0],[1,0,0],[0,1,0],[11,65,165]]
[[0,0,0],[1,0,0],[0,1,0],[54,4,165]]
[[0,0,0],[1,0,0],[0,1,0],[57,129,165]]
[[0,0,0],[1,0,0],[0,1,0],[1,16,165]]
[[0,0,0],[1,0,0],[0,1,0],[77,164,165]]
[[0,0,0],[1,0,0],[0,1,0],[95,115,165]]
[[0,0,0],[1,0,0],[0,1,0],[129,147,165]]
[[0,0,0],[1,0,0],[0,1,0],[50,156,165]]
[[0,0,0],[1,0,0],[0,1,0],[15,151,165]]
[[0,0,0],[1,0,0],[0,1,0],[9,152,165]]
[[0,0,0],[1,0,0],[0,1,0],[48,23,165]]
[[0,0,0],[1,0,0],[0,1,0],[6,149,165]]
[[0,0,0],[1,0,0],[0,1,0],[36,148,165]]
[[0,0,0],[1,0,0],[0,1,0],[13,109,165]]
[[0,0,0],[1,0,0],[0,1,0],[78,109,165]]
[[0,0,0],[1,0,0],[0,1,0],[3,64,165]]
[[0,0,0],[1,0,0],[0,1,0],[78,138,165]]
[[0,0,0],[3,0,0],[0,1,0],[30,36,55]]
[[0,0,0],[1,0,0],[0,1,0],[115,111,165]]
[[0,0,0],[1,0,0],[0,1,0],[23,163,165]]
[[0,0,0],[1,0,0],[0,1,0],[42,1,165]]
[[0,0,0],[1,0,0],[0,1,0],[12,124,165]]
[[0,0,0],[1,0,0],[0,1,0],[43,148,165]]
[[0,0,0],[1,0,0],[0,1,0],[9,82,165]]
[[0,0,0],[1,0,0],[0,1,0],[36,79,165]]
[[0,0,0],[1,0,0],[0,1,0],[23,64,165]]
[[0,0,0],[1,0,0],[0,1,0],[69,162,165]]
[[0,0,0],[1,0,0],[0,1,0],[2,23,165]]
[[0,0,0],[1,0,0],[0,1,0],[8,28,165]]
[[0,0,0],[1,0,0],[0,1,0],[3,93,165]]
[[0,0,0],[1,0,0],[0,1,0],[1,8,165]]
[[0,0,0],[3,0,0],[0,1,0],[10,38,55]]
[[0,0,0],[3,0,0],[0,1,0],[15,21,55]]
[[0,0,0],[1,0,0],[0,1,0],[123,158,165]]
[[0,0,0],[1,0,0],[0,1,0],[5,91,165]]
[[0,0,0],[1,0,0],[0,1,0],[84,93,165]]
[[0,0,0],[1,0,0],[0,1,0],[10,141,165]]
[[0,0,0],[1,0,0],[0,1,0],[65,21,165]]
[[0,0,0],[1,0,0],[0,1,0],[96,73,165]]
[[0,0,0],[1,0,0],[0,1,0],[6,138,165]]
[[0,0,0],[1,0,0],[0,1,0],[87,123,165]]
[[0,0,0],[1,0,0],[0,1,0],[48,133,165]]
[[0,0,0],[1,0,0],[0,1,0],[2,16,165]]
[[0,0,0],[1,0,0],[0,1,0],[2,64,165]]
[[0,0,0],[1,0,0],[0,1,0],[9,72,165]]
[[0,0,0],[1,0,0],[0,1,0],[39,28,165]]
[[0,0,0],[1,0,0],[0,1,0],[8,128,165]]
[[0,0,0],[1,0,0],[0,1,0],[37,52,165]]
[[0,0,0],[1,0,0],[0,1,0],[144,147,165]]
[[0,0,0],[1,0,0],[0,1,0],[130,111,165]]
[[0,0,0],[1,0,0],[0,1,0],[3,112,165]]
[[0,0,0],[1,0,0],[0,1,0],[87,19,165]]
[[0,0,0],[1,0,0],[0,1,0],[3,58,165]]
[[0,0,0],[1,0,0],[0,1,0],[23,28,165]]
[[0,0,0],[1,0,0],[0,1,0],[5,136,165]]
[[0,0,0],[1,0,0],[0,1,0],[17,128,165]]
[[0,0,0],[1,0,0],[0,1,0],[36,37,165]]
[[0,0,0],[1,0,0],[0,1,0],[79,157,165]]
[[0,0,0],[1,0,0],[0,1,0],[18,97,165]]
[[0,0,0],[1,0,0],[0,1,0],[67,101,165]]
[[0,0,0],[1,0,0],[0,1,0],[24,82,165]]
[[0,0,0],[1,0,0],[0,1,0],[69,52,165]]
[[0,0,0],[1,0,0],[0,1,0],[135,163,165]]
[[0,0,0],[1,0,0],[0,1,0],[9,57,165]]
[[0,0,0],[1,0,0],[0,1,0],[21,76,165]]
[[0,0,0],[1,0,0],[0,1,0],[4,82,165]]
[[0,0,0],[1,0,0],[0,1,0],[54,152,165]]
[[0,0,0],[1,0,0],[0,1,0],[8,76,165]]
[[0,0,0],[1,0,0],[0,1,0],[23,53,165]]
[[0,0,0],[3,0,0],[0,1,0],[5,46,55]]
[[0,0,0],[1,0,0],[0,1,0],[47,164,165]]
[[0,0,0],[1,0,0],[0,1,0],[16,31,165]]
[[0,0,0],[1,0,0],[0,1,0],[40,36,165]]
[[0,0,0],[1,0,0],[0,1,0],[90,131,165]]
[[0,0,0],[1,0,0],[0,1,0],[85,161,165]]
[[0,0,0],[1,0,0],[0,1,0],[8,164,165]]
[[0,0,0],[1,0,0],[0,1,0],[3,67,165]]
[[0,0,0],[1,0,0],[0,1,0],[42,58,165]]
[[0,0,0],[1,0,0],[0,1,0],[14,56,165]]
[[0,0,0],[1,0,0],[0,1,0],[42,28,165]]
[[0,0,0],[1,0,0],[0,1,0],[34,41,165]]
[[0,0,0],[1,0,0],[0,1,0],[8,19,165]]
[[0,0,0],[1,0,0],[0,1,0],[23,158,165]]
[[0,0,0],[1,0,0],[0,1,0],[47,131,165]]
[[0,0,0],[1,0,0],[0,1,0],[36,61,165]]
[[0,0,0],[1,0,0],[0,1,0],[3,38,165]]
[[0,0,0],[1,0,0],[0,1,0],[22,9,165]]
[[0,0,0],[1,0,0],[0,1,0],[42,157,165]]
[[0,0,0],[1,0,0],[0,1,0],[4,16,165]]
[[0,0,0],[1,0,0],[0,1,0],[20,102,165]]
[[0,0,0],[1,0,0],[0,1,0],[2,164,165]]
[[0,0,0],[1,0,0],[0,1,0],[6,49,165]]
[[0,0,0],[1,0,0],[0,1,0],[24,37,165]]
[[0,0,0],[1,0,0],[0,1,0],[4,8,165]]
[[0,0,0],[1,0,0],[0,1,0],[48,64,165]]
[[0,0,0],[1,0,0],[0,1,0],[18,13,165]]
[[0,0,0],[1,0,0],[0,1,0],[77,144,165]]
[[0,0,0],[1,0,0],[0,1,0],[24,152,165]]
[[0,0,0],[1,0,0],[0,1,0],[14,131,165]]
[[0,0,0],[1,0,0],[0,1,0],[48,67,165]]
[[0,0,0],[1,0,0],[0,1,0],[2,79,165]]
[[0,0,0],[1,0,0],[0,1,0],[1,2,165]]
[[0,0,0],[1,0,0],[0,1,0],[78,8,165]]
[[0,0,0],[1,0,0],[0,1,0],[4,64,165]]
[[0,0,0],[1,0,0],[0,5,0],[12,11,33]]
[[0,0,0],[1,0,0],[0,1,0],[10,57,165]]
[[0,0,0],[1,0,0],[0,1,0],[42,109,165]]
[[0,0,0],[1,0,0],[0,1,0],[39,83,165]]
[[0,0,0],[1,0,0],[0,1,0],[19,38,165]]
[[0,0,0],[1,0,0],[0,1,0],[26,37,165]]
[[0,0,0],[1,0,0],[0,1,0],[45,46,165]]
[[0,0,0],[1,0,0],[0,1,0],[14,16,165]]
[[0,0,0],[1,0,0],[0,1,0],[46,136,165]]
[[0,0,0],[3,0,0],[0,1,0],[5,3,55]]
[[0,0,0],[1,0,0],[0,1,0],[27,19,165]]
[[0,0,0],[1,0,0],[0,1,0],[35,81,165]]
[[0,0,0],[1,0,0],[0,1,0],[85,21,165]]
[[0,0,0],[1,0,0],[0,1,0],[17,49,165]]
[[0,0,0],[1,0,0],[0,1,0],[6,64,165]]
[[0,0,0],[1,0,0],[0,1,0],[9,16,165]]
[[0,0,0],[1,0,0],[0,1,0],[81,142,165]]
[[0,0,0],[1,0,0],[0,1,0],[88,23,165]]
[[0,0,0],[1,0,0],[0,1,0],[10,106,165]]
[[0,0,0],[1,0,0],[0,1,0],[138,153,165]]
[[0,0,0],[1,0,0],[0,1,0],[50,71,165]]
[[0,0,0],[1,0,0],[0,1,0],[47,113,165]]
[[0,0,0],[1,0,0],[0,1,0],[33,78,165]]
[[0,0,0],[1,0,0],[0,1,0],[100,131,165]]
[[0,0,0],[1,0,0],[0,1,0],[18,19,165]]
[[0,0,0],[1,0,0],[0,1,0],[93,138,165]]
[[0,0,0],[1,0,0],[0,1,0],[29,67,165]]
[[0,0,0],[1,0,0],[0,1,0],[140,146,165]]
[[0,0,0],[1,0,0],[0,1,0],[32,38,165]]
[[0,0,0],[1,0,0],[0,1,0],[3,103,165]]
[[0,0,0],[1,0,0],[0,1,0],[70,36,165]]
[[0,0,0],[1,0,0],[0,1,0],[88,93,165]]
[[0,0,0],[1,0,0],[0,1,0],[145,164,165]]
[[0,0,0],[1,0,0],[0,1,0],[6,76,165]]
[[0,0,0],[1,0,0],[0,1,0],[32,164,165]]
[[0,0,0],[1,0,0],[0,1,0],[50,131,165]]
[[0,0,0],[1,0,0],[0,1,0],[21,82,165]]
[[0,0,0],[1,0,0],[0,1,0],[10,16,165]]
[[0,0,0],[1,0,0],[0,1,0],[156,109,165]]
[[0,0,0],[1,0,0],[0,1,0],[25,16,165]]
[[0,0,0],[1,0,0],[0,1,0],[6,83,165]]
[[0,0,0],[1,0,0],[0,1,0],[87,124,165]]
[[0,0,0],[1,0,0],[0,1,0],[27,97,165]]
[[0,0,0],[1,0,0],[0,1,0],[10,41,165]]
[[0,0,0],[1,0,0],[0,1,0],[19,148,165]]
[[0,0,0],[1,0,0],[0,1,0],[25,108,165]]
[[0,0,0],[1,0,0],[0,1,0],[10,81,165]]
[[0,0,0],[1,0,0],[0,1,0],[32,128,165]]
[[0,0,0],[1,0,0],[0,1,0],[63,109,165]]
[[0,0,0],[1,0,0],[0,1,0],[84,162,165]]
[[0,0,0],[1,0,0],[0,1,0],[28,58,165]]
[[0,0,0],[1,0,0],[0,1,0],[20,26,165]]
[[0,0,0],[1,0,0],[0,1,0],[16,16,165]]
[[0,0,0],[1,0,0],[0,1,0],[92,107,165]]
[[0,0,0],[1,0,0],[0,1,0],[24,19,165]]
[[0,0,0],[1,0,0],[0,1,0],[18,63,165]]
[[0,0,0],[1,0,0],[0,1,0],[18,37,165]]
[[0,0,0],[1,0,0],[2,3,0],[46,25,55]]
[[0,0,0],[1,0,0],[0,1,0],[108,28,165]]
[[0,0,0],[1,0,0],[0,1,0],[26,134,165]]
[[0,0,0],[1,0,0],[0,1,0],[6,94,165]]
[[0,0,0],[1,0,0],[0,1,0],[45,11,165]]
[[0,0,0],[1,0,0],[0,1,0],[5,84,165]]
[[0,0,0],[1,0,0],[0,1,0],[57,37,165]]
[[0,0,0],[1,0,0],[0,1,0],[18,18,165]]
[[0,0,0],[1,0,0],[0,1,0],[5,151,165]]
[[0,0,0],[1,0,0],[0,1,0],[2,82,165]]
[[0,0,0],[1,0,0],[0,1,0],[95,136,165]]
[[0,0,0],[1,0,0],[0,1,0],[9,42,165]]
[[0,0,0],[1,0,0],[1,3,0],[31,5,55]]
[[0,0,0],[1,0,0],[0,1,0],[17,122,165]]
[[0,0,0],[1,0,0],[0,1,0],[5,126,165]]
[[0,0,0],[1,0,0],[0,1,0],[12,14,165]]
[[0,0,0],[1,0,0],[0,1,0],[38,131,165]]
[[0,0,0],[1,0,0],[0,1,0],[92,113,165]]
[[0,0,0],[1,0,0],[0,1,0],[121,100,165]]
[[0,0,0],[1,0,0],[0,1,0],[5,95,165]]
[[0,0,0],[1,0,0],[0,1,0],[78,78,165]]
[[0,0,0],[1,0,0],[0,1,0],[35,151,165]]
[[0,0,0],[1,0,0],[0,1,0],[9,94,165]]
[[0,0,0],[1,0,0],[0,1,0],[43,133,165]]
[[0,0,0],[1,0,0],[0,1,0],[101,134,165]]
[[0,0,0],[1,0,0],[0,1,0],[129,26,165]]
[[0,0,0],[1,0,0],[0,1,0],[1,13,165]]
[[0,0,0],[1,0,0],[0,1,0],[22,155,165]]
[[0,0,0],[1,0,0],[0,1,0],[105,76,165]]
[[0,0,0],[1,0,0],[0,1,0],[54,117,165]]
[[0,0,0],[1,0,0],[0,1,0],[39,138,165]]
[[0,0,0],[1,0,0],[0,1,0],[159,162,165]]
[[0,0,0],[1,0,0],[0,1,0],[88,63,165]]
[[0,0,0],[1,0,0],[0,1,0],[57,118,165]]
[[0,0,0],[1,0,0],[0,1,0],[130,21,165]]
[[0,0,0],[1,0,0],[0,1,0],[44,77,165]]
[[0,0,0],[1,0,0],[2,3,0],[0,30,55]]
[[0,0,0],[1,0,0],[0,1,0],[105,6,165]]
[[0,0,0],[1,0,0],[0,1,0],[9,61,165]]
[[0,0,0],[1,0,0],[0,1,0],[27,82,165]]
[[0,0,0],[1,0,0],[0,1,0],[14,76,165]]
[[0,0,0],[1,0,0],[0,1,0],[8,122,165]]
[[0,0,0],[1,0,0],[0,1,0],[48,43,165]]
[[0,0,0],[1,0,0],[0,1,0],[3,1,165]]
[[0,0,0],[1,0,0],[0,1,0],[6,58,165]]
[[0,0,0],[1,0,0],[0,1,0],[39,94,165]]
[[0,0,0],[1,0,0],[0,1,0],[1,37,165]]
[[0,0,0],[1,0,0],[0,1,0],[9,58,165]]
[[0,0,0],[1,0,0],[0,1,0],[20,41,165]]
[[0,0,0],[1,0,0],[0,1,0],[27,104,165]]
[[0,0,0],[1,0,0],[0,1,0],[81,162,165]]
[[0,0,0],[1,0,0],[0,1,0],[44,34,165]]
[[0,0,0],[1,0,0],[0,1,0],[9,146,165]]
[[0,0,0],[1,0,0],[0,1,0],[42,164,165]]
[[0,0,0],[1,0,0],[0,1,0],[10,6,165]]
[[0,0,0],[1,0,0],[0,1,0],[81,151,165]]
[[0,0,0],[1,0,0],[0,1,0],[10,134,165]]
[[0,0,0],[1,0,0],[0,1,0],[26,86,165]]
[[0,0,0],[1,0,0],[0,1,0],[10,136,165]]
[[0,0,0],[1,0,0],[0,1,0],[57,31,165]]
[[0,0,0],[1,0,0],[0,1,0],[17,137,165]]
[[0,0,0],[1,0,0],[0,1,0],[102,108,165]]
[[0,0,0],[1,0,0],[0,1,0],[12,46,165]]
[[0,0,0],[1,0,0],[0,1,0],[5,18,165]]
[[0,0,0],[1,0,0],[0,1,0],[3,78,165]]
[[0,0,0],[1,0,0],[0,1,0],[1,29,165]]
[[0,0,0],[1,0,0],[0,1,0],[6,91,165]]
[[0,0,0],[1,0,0],[0,1,0],[102,34,165]]
[[0,0,0],[1,0,0],[0,1,0],[20,111,165]]
[[0,0,0],[1,0,0],[0,1,0],[5,131,165]]
[[0,0,0],[11,0,0],[0,1,0],[0,1,15]]
[[0,0,0],[1,0,0],[0,1,0],[51,137,165]]
[[0,0,0],[1,0,0],[0,1,0],[18,124,165]]
[[0,0,0],[1,0,0],[0,1,0],[46,109,165]]
[[0,0,0],[1,0,0],[0,1,0],[47,163,165]]
[[0,0,0],[1,0,0],[0,1,0],[21,1,165]]
[[0,0,0],[1,0,0],[0,1,0],[95,131,165]]
[[0,0,0],[1,0,0],[0,1,0],[13,58,165]]
[[0,0,0],[1,0,0],[0,1,0],[29,32,165]]
[[0,0,0],[1,0,0],[0,1,0],[132,89,165]]
[[0,0,0],[1,0,0],[0,1,0],[63,68,165]]
[[0,0,0],[1,0,0],[0,1,0],[4,34,165]]
[[0,0,0],[1,0,0],[0,1,0],[21,124,165]]
[[0,0,0],[1,0,0],[0,1,0],[145,141,165]]
[[0,0,0],[1,0,0],[0,1,0],[76,79,165]]
[[0,0,0],[1,0,0],[0,1,0],[19,56,165]]
[[0,0,0],[1,0,0],[0,1,0],[125,96,165]]
[[0,0,0],[1,0,0],[0,1,0],[26,29,165]]
[[0,0,0],[1,0,0],[0,1,0],[13,52,165]]
[[0,0,0],[3,0,0],[0,1,0],[20,1,55]]
[[0,0,0],[1,0,0],[0,1,0],[5,7,165]]
[[0,0,0],[1,0,0],[0,1,0],[28,148,165]]
[[0,0,0],[3,0,0],[0,1,0],[50,54,55]]
[[0,0,0],[1,0,0],[0,1,0],[30,37,165]]
[[0,0,0],[1,0,0],[0,1,0],[2,49,165]]
[[0,0,0],[1,0,0],[0,1,0],[4,74,165]]
[[0,0,0],[1,0,0],[0,1,0],[7,26,165]]
[[0,0,0],[1,0,0],[0,1,0],[23,152,165]]
[[0,0,0],[1,0,0],[0,1,0],[29,119,165]]
[[0,0,0],[1,0,0],[0,1,0],[39,43,165]]
[[0,0,0],[1,0,0],[0,1,0],[7,67,165]]
[[0,0,0],[1,0,0],[0,1,0],[42,84,165]]
[[0,0,0],[1,0,0],[0,1,0],[13,32,165]]
[[0,0,0],[1,0,0],[0,1,0],[49,92,165]]
[[0,0,0],[1,0,0],[0,1,0],[99,100,165]]
[[0,0,0],[1,0,0],[0,1,0],[96,139,165]]
[[0,0,0],[1,0,0],[0,1,0],[115,96,165]]
[[0,0,0],[1,0,0],[0,1,0],[102,119,165]]
[[0,0,0],[1,0,0],[0,1,0],[21,57,165]]
[[0,0,0],[1,0,0],[0,1,0],[17,61,165]]
[[0,0,0],[1,0,0],[0,1,0],[50,6,165]]
[[0,0,0],[1,0,0],[0,1,0],[72,64,165]]
[[0,0,0],[1,0,0],[0,1,0],[19,49,165]]
[[0,0,0],[1,0,0],[0,1,0],[44,92,165]]
[[0,0,0],[1,0,0],[0,1,0],[50,83,165]]
[[0,0,0],[1,0,0],[0,1,0],[14,113,165]]
[[0,0,0],[1,0,0],[0,1,0],[25,156,165]]
[[0,0,0],[1,0,0],[0,1,0],[54,123,165]]
[[0,0,0],[1,0,0],[0,1,0],[72,94,165]]
[[0,0,0],[1,0,0],[0,1,0],[40,111,165]]
[[0,0,0],[1,0,0],[0,1,0],[16,68,165]]
[[0,0,0],[1,0,0],[0,1,0],[11,1,165]]
[[0,0,0],[1,0,0],[0,1,0],[7,59,165]]
[[0,0,0],[1,0,0],[0,1,0],[54,82,165]]
[[0,0,0],[1,0,0],[0,1,0],[26,119,165]]
[[0,0,0],[1,0,0],[0,1,0],[56,86,165]]
[[0,0,0],[1,0,0],[0,1,0],[39,49,165]]
[[0,0,0],[1,0,0],[0,1,0],[20,116,165]]
[[0,0,0],[1,0,0],[0,1,0],[123,163,165]]
[[0,0,0],[5,0,0],[0,1,0],[11,1,33]]
[[0,0,0],[1,0,0],[0,1,0],[65,26,165]]
[[0,0,0],[1,0,0],[0,1,0],[51,127,165]]
[[0,0,0],[1,0,0],[0,1,0],[47,89,165]]
[[0,0,0],[1,0,0],[0,1,0],[105,160,165]]
[[0,0,0],[1,0,0],[0,1,0],[125,162,165]]
[[0,0,0],[1,0,0],[0,1,0],[28,94,165]]
[[0,0,0],[1,0,0],[0,1,0],[13,28,165]]
[[0,0,0],[1,0,0],[0,1,0],[117,149,165]]
[[0,0,0],[1,0,0],[0,1,0],[36,108,165]]
[[0,0,0],[1,0,0],[0,1,0],[36,31,165]]
[[0,0,0],[1,0,0],[0,1,0],[85,92,165]]
[[0,0,0],[1,0,0],[0,1,0],[87,139,165]]
[[0,0,0],[1,0,0],[0,1,0],[70,126,165]]
[[0,0,0],[1,0,0],[0,1,0],[78,93,165]]
[[0,0,0],[1,0,0],[0,1,0],[24,72,165]]
[[0,0,0],[1,0,0],[0,1,0],[9,12,165]]
[[0,0,0],[1,0,0],[0,1,0],[53,133,165]]
[[0,0,0],[1,0,0],[0,1,0],[8,47,165]]
[[0,0,0],[1,0,0],[0,1,0],[12,37,165]]
[[0,0,0],[1,0,0],[0,1,0],[72,109,165]]
[[0,0,0],[1,0,0],[0,1,0],[154,87,165]]
[[0,0,0],[1,0,0],[0,1,0],[18,27,165]]
[[0,0,0],[1,0,0],[0,1,0],[54,17,165]]
[[0,0,0],[1,0,0],[0,1,0],[28,133,165]]
[[0,0,0],[1,0,0],[0,1,0],[42,102,165]]
[[0,0,0],[1,0,0],[0,1,0],[13,56,165]]
[[0,0,0],[1,0,0],[0,1,0],[29,37,165]]
[[0,0,0],[1,0,0],[0,1,0],[24,91,165]]
[[0,0,0],[1,0,0],[0,1,0],[50,21,165]]
[[0,0,0],[1,0,0],[0,1,0],[92,92,165]]
[[0,0,0],[1,0,0],[0,1,0],[10,101,165]]
[[0,0,0],[1,0,0],[0,1,0],[12,103,165]]
[[0,0,0],[1,0,0],[0,1,0],[134,164,165]]
[[0,0,0],[1,0,0],[0,1,0],[100,71,165]]
[[0,0,0],[1,0,0],[0,1,0],[80,111,165]]
[[0,0,0],[1,0,0],[0,1,0],[38,148,165]]
[[0,0,0],[1,0,0],[0,1,0],[40,82,165]]
[[0,0,0],[1,0,0],[0,1,0],[40,76,165]]
[[0,0,0],[1,0,0],[0,1,0],[19,112,165]]
[[0,0,0],[1,0,0],[0,1,0],[14,104,165]]
[[0,0,0],[1,0,0],[0,1,0],[2,4,165]]
[[0,0,0],[1,0,0],[0,1,0],[147,107,165]]
[[0,0,0],[1,0,0],[0,1,0],[17,89,165]]
[[0,0,0],[1,0,0],[0,1,0],[42,4,165]]
[[0,0,0],[1,0,0],[0,1,0],[17,161,165]]
[[0,0,0],[1,0,0],[0,1,0],[115,106,165]]
[[0,0,0],[1,0,0],[0,1,0],[88,100,165]]
[[0,0,0],[1,0,0],[0,1,0],[80,42,165]]
[[0,0,0],[1,0,0],[0,1,0],[4,47,165]]
[[0,0,0],[1,0,0],[0,1,0],[77,14,165]]
[[0,0,0],[1,0,0],[0,1,0],[17,23,165]]
[[0,0,0],[1,0,0],[0,1,0],[42,149,165]]
[[0,0,0],[1,0,0],[0,1,0],[72,148,165]]
[[0,0,0],[1,0,0],[0,1,0],[32,152,165]]
[[0,0,0],[1,0,0],[0,1,0],[27,7,165]]
[[0,0,0],[1,0,0],[0,1,0],[18,137,165]]
[[0,0,0],[1,0,0],[0,1,0],[130,156,165]]
[[0,0,0],[1,0,0],[0,1,0],[95,56,165]]
[[0,0,0],[1,0,0],[0,1,0],[123,164,165]]
[[0,0,0],[1,0,0],[0,1,0],[3,82,165]]
[[0,0,0],[1,0,0],[0,1,0],[80,56,165]]
[[0,0,0],[1,0,0],[0,1,0],[72,61,165]]
[[0,0,0],[1,0,0],[0,1,0],[2,68,165]]
[[0,0,0],[1,0,0],[0,1,0],[87,133,165]]
[[0,0,0],[1,0,0],[0,1,0],[3,142,165]]
[[0,0,0],[1,0,0],[0,1,0],[125,81,165]]
[[0,0,0],[1,0,0],[0,1,0],[129,136,165]]
[[0,0,0],[1,0,0],[0,1,0],[24,162,165]]
[[0,0,0],[1,0,0],[0,1,0],[48,128,165]]
[[0,0,0],[1,0,0],[0,1,0],[45,76,165]]
[[0,0,0],[3,0,0],[0,1,0],[15,36,55]]
[[0,0,0],[1,0,0],[0,1,0],[145,51,165]]
[[0,0,0],[1,0,0],[0,1,0],[93,128,165]]
[[0,0,0],[1,0,0],[0,1,0],[18,28,165]]
[[0,0,0],[1,0,0],[0,1,0],[40,21,165]]
[[0,0,0],[1,0,0],[0,1,0],[39,58,165]]
[[0,0,0],[1,0,0],[0,1,0],[48,7,165]]
[[0,0,0],[1,0,0],[0,1,0],[13,142,165]]
[[0,0,0],[1,0,0],[0,1,0],[8,158,165]]
[[0,0,0],[1,0,0],[0,1,0],[63,147,165]]
[[0,0,0],[1,0,0],[0,1,0],[2,94,165]]
[[0,0,0],[1,0,0],[0,1,0],[9,37,165]]
[[0,0,0],[1,0,0],[0,1,0],[54,2,165]]
[[0,0,0],[1,0,0],[0,1,0],[3,13,165]]
[[0,0,0],[1,0,0],[0,1,0],[36,16,165]]
[[0,0,0],[1,0,0],[0,1,0],[88,155,165]]
[[0,0,0],[1,0,0],[0,1,0],[27,29,165]]
[[0,0,0],[1,0,0],[0,1,0],[44,32,165]]
[[0,0,0],[1,0,0],[0,1,0],[40,26,165]]
[[0,0,0],[1,0,0],[0,1,0],[63,53,165]]
[[0,0,0],[1,0,0],[0,1,0],[24,7,165]]
[[0,0,0],[1,0,0],[0,1,0],[22,24,165]]
[[0,0,0],[1,0,0],[0,1,0],[63,92,165]]
[[0,0,0],[1,0,0],[0,1,0],[12,82,165]]
[[0,0,0],[1,0,0],[0,1,0],[14,17,165]]
[[0,0,0],[1,0,0],[0,1,0],[11,89,165]]
[[0,0,0],[1,0,0],[0,1,0],[47,128,165]]
[[0,0,0],[1,0,0],[0,1,0],[72,144,165]]
[[0,0,0],[1,0,0],[0,1,0],[37,104,165]]
[[0,0,0],[1,0,0],[0,1,0],[13,53,165]]
[[0,0,0],[1,0,0],[0,1,0],[25,64,165]]
[[0,0,0],[1,0,0],[0,1,0],[69,62,165]]
[[0,0,0],[1,0,0],[0,1,0],[81,1,165]]
[[0,0,0],[1,0,0],[0,1,0],[69,151,165]]
[[0,0,0],[1,0,0],[0,1,0],[19,19,165]]
[[0,0,0],[1,0,0],[0,1,0],[15,121,165]]
[[0,0,0],[1,0,0],[0,1,0],[100,36,165]]
[[0,0,0],[3,0,0],[0,1,0],[25,21,55]]
[[0,0,0],[1,0,0],[0,1,0],[4,31,165]]
[[0,0,0],[1,0,0],[0,1,0],[42,114,165]]
[[0,0,0],[1,0,0],[0,1,0],[100,81,165]]
[[0,0,0],[1,0,0],[0,1,0],[2,92,165]]
[[0,0,0],[1,0,0],[0,1,0],[44,47,165]]
[[0,0,0],[1,0,0],[0,1,0],[9,36,165]]
[[0,0,0],[1,0,0],[0,1,0],[105,94,165]]
[[0,0,0],[1,0,0],[0,1,0],[70,85,165]]
[[0,0,0],[1,0,0],[0,1,0],[6,31,165]]
[[0,0,0],[1,0,0],[0,1,0],[84,7,165]]
[[0,0,0],[1,0,0],[0,1,0],[2,83,165]]
[[0,0,0],[1,0,0],[0,1,0],[4,29,165]]
[[0,0,0],[1,0,0],[0,1,0],[7,31,165]]
[[0,0,0],[1,0,0],[0,1,0],[78,153,165]]
[[0,0,0],[1,0,0],[0,1,0],[28,46,165]]
[[0,0,0],[1,0,0],[0,1,0],[16,73,165]]
[[0,0,0],[1,0,0],[0,1,0],[57,1,165]]
[[0,0,0],[1,0,0],[0,1,0],[70,41,165]]
[[0,0,0],[1,0,0],[0,1,0],[19,46,165]]
[[0,0,0],[1,0,0],[0,1,0],[81,96,165]]
[[0,0,0],[1,0,0],[0,1,0],[37,37,165]]
[[0,0,0],[1,0,0],[0,1,0],[24,122,165]]
[[0,0,0],[1,0,0],[0,1,0],[12,129,165]]
[[0,0,0],[1,0,0],[0,1,0],[130,51,165]]
[[0,0,0],[1,0,0],[0,1,0],[60,51,165]]
[[0,0,0],[1,0,0],[0,1,0],[80,126,165]]
[[0,0,0],[3,0,0],[0,1,0],[30,2,55]]
[[0,0,0],[1,0,0],[0,1,0],[101,101,165]]
[[0,0,0],[1,0,0],[0,1,0],[2,146,165]]
[[0,0,0],[1,0,0],[0,1,0],[9,147,165]]
[[0,0,0],[1,0,0],[0,1,0],[18,71,165]]
[[0,0,0],[1,0,0],[0,1,0],[143,89,165]]
[[0,0,0],[1,0,0],[0,1,0],[2,58,165]]
[[0,0,0],[1,0,0],[0,1,0],[12,159,165]]
[[0,0,0],[1,0,0],[0,1,0],[49,52,165]]
[[0,0,0],[1,0,0],[0,1,0],[54,147,165]]
[[0,0,0],[1,0,0],[0,1,0],[7,74,165]]
[[0,0,0],[3,0,0],[0,1,0],[5,51,55]]
[[0,0,0],[3,0,0],[0,1,0],[22,12,55]]
[[0,0,0],[1,0,0],[0,1,0],[14,149,165]]
[[0,0,0],[1,0,0],[0,1,0],[80,1,165]]
[[0,0,0],[1,0,0],[0,1,0],[27,151,165]]
[[0,0,0],[1,0,0],[0,1,0],[42,89,165]]
[[0,0,0],[1,0,0],[0,1,0],[7,68,165]]
[[0,0,0],[1,0,0],[0,1,0],[72,59,165]]
[[0,0,0],[1,0,0],[0,1,0],[28,28,165]]
[[0,0,0],[1,0,0],[0,1,0],[66,155,165]]
[[0,0,0],[1,0,0],[0,1,0],[120,76,165]]
[[0,0,0],[1,0,0],[0,1,0],[24,4,165]]
[[0,0,0],[1,0,0],[0,1,0],[18,108,165]]
[[0,0,0],[1,0,0],[0,1,0],[42,69,165]]
[[0,0,0],[1,0,0],[0,1,0],[57,104,165]]
[[0,0,0],[1,0,0],[0,1,0],[42,119,165]]
[[0,0,0],[3,0,0],[0,1,0],[15,16,55]]
[[0,0,0],[1,0,0],[0,1,0],[11,140,165]]
[[0,0,0],[1,0,0],[0,1,0],[39,107,165]]
[[0,0,0],[1,0,0],[0,1,0],[50,138,165]]
[[0,0,0],[1,0,0],[0,1,0],[114,162,165]]
[[0,0,0],[1,0,0],[0,1,0],[47,134,165]]
[[0,0,0],[1,0,0],[0,1,0],[42,43,165]]
[[0,0,0],[1,0,0],[0,1,0],[44,67,165]]
[[0,0,0],[3,0,0],[0,1,0],[15,18,55]]
[[0,0,0],[1,0,0],[0,1,0],[36,13,165]]
[[0,0,0],[1,0,0],[0,1,0],[141,47,165]]
[[0,0,0],[1,0,0],[0,1,0],[43,163,165]]
[[0,0,0],[1,0,0],[0,1,0],[87,101,165]]
[[0,0,0],[1,0,0],[1,3,0],[46,50,55]]
[[0,0,0],[1,0,0],[0,1,0],[115,56,165]]
[[0,0,0],[1,0,0],[0,1,0],[24,43,165]]
[[0,0,0],[1,0,0],[0,1,0],[102,127,165]]
[[0,0,0],[1,0,0],[0,1,0],[24,97,165]]
[[0,0,0],[1,0,0],[0,1,0],[70,107,165]]
[[0,0,0],[1,0,0],[0,1,0],[100,76,165]]
[[0,0,0],[1,0,0],[0,1,0],[3,9,165]]
[[0,0,0],[1,0,0],[0,1,0],[145,156,165]]
[[0,0,0],[1,0,0],[0,1,0],[2,137,165]]
[[0,0,0],[1,0,0],[0,1,0],[87,14,165]]
[[0,0,0],[1,0,0],[0,1,0],[114,41,165]]
[[0,0,0],[1,0,0],[0,1,0],[60,1,165]]
[[0,0,0],[1,0,0],[0,1,0],[3,128,165]]
[[0,0,0],[1,0,0],[0,1,0],[105,28,165]]
[[0,0,0],[1,0,0],[0,1,0],[71,131,165]]
[[0,0,0],[1,0,0],[0,1,0],[1,4,165]]
[[0,0,0],[1,0,0],[0,1,0],[25,126,165]]
[[0,0,0],[1,0,0],[0,1,0],[135,130,165]]
[[0,0,0],[1,0,0],[0,1,0],[17,67,165]]
[[0,0,0],[1,0,0],[1,3,0],[41,35,55]]
[[0,0,0],[1,0,0],[0,1,0],[135,31,165]]
[[0,0,0],[1,0,0],[0,1,0],[18,8,165]]
[[0,0,0],[1,0,0],[0,1,0],[104,104,165]]
[[0,0,0],[1,0,0],[0,1,0],[18,1,165]]
[[0,0,0],[1,0,0],[0,1,0],[12,4,165]]
[[0,0,0],[1,0,0],[0,1,0],[17,53,165]]
[[0,0,0],[1,0,0],[0,1,0],[27,43,165]]
[[0,0,0],[1,0,0],[0,1,0],[42,104,165]]
[[0,0,0],[1,0,0],[0,1,0],[25,1,165]]
[[0,0,0],[1,0,0],[0,1,0],[27,159,165]]
[[0,0,0],[1,0,0],[0,1,0],[19,149,165]]
[[0,0,0],[1,0,0],[0,1,0],[117,129,165]]
[[0,0,0],[1,0,0],[0,1,0],[2,28,165]]
[[0,0,0],[1,0,0],[0,1,0],[3,113,165]]
[[0,0,0],[1,0,0],[0,1,0],[21,157,165]]
[[0,0,0],[1,0,0],[0,1,0],[114,97,165]]
[[0,0,0],[1,0,0],[0,1,0],[90,10,165]]
[[0,0,0],[1,0,0],[0,1,0],[1,32,165]]
[[0,0,0],[1,0,0],[0,1,0],[25,116,165]]
[[0,0,0],[1,0,0],[0,1,0],[84,62,165]]
[[0,0,0],[1,0,0],[0,1,0],[4,62,165]]
[[0,0,0],[1,0,0],[0,1,0],[14,128,165]]
[[0,0,0],[1,0,0],[0,1,0],[19,152,165]]
[[0,0,0],[1,0,0],[0,1,0],[25,141,165]]
[[0,0,0],[1,0,0],[0,1,0],[12,19,165]]
[[0,0,0],[1,0,0],[0,1,0],[14,68,165]]
[[0,0,0],[1,0,0],[0,1,0],[65,112,165]]
[[0,0,0],[1,0,0],[0,1,0],[2,61,165]]
[[0,0,0],[1,0,0],[0,1,0],[97,164,165]]
[[0,0,0],[1,0,0],[0,1,0],[27,164,165]]
[[0,0,0],[1,0,0],[0,1,0],[12,79,165]]
[[0,0,0],[3,0,0],[0,1,0],[15,51,55]]
[[0,0,0],[1,0,0],[0,1,0],[51,82,165]]
[[0,0,0],[1,0,0],[0,1,0],[9,163,165]]
[[0,0,0],[1,0,0],[0,1,0],[15,41,165]]
[[0,0,0],[1,0,0],[0,1,0],[121,89,165]]
[[0,0,0],[1,0,0],[0,1,0],[29,61,165]]
[[0,0,0],[1,0,0],[0,1,0],[102,64,165]]
[[0,0,0],[3,0,0],[0,1,0],[50,21,55]]
[[0,0,0],[1,0,0],[0,3,0],[11,25,55]]
[[0,0,0],[1,0,0],[0,1,0],[35,31,165]]
[[0,0,0],[1,0,0],[0,1,0],[87,159,165]]
[[0,0,0],[1,0,0],[0,1,0],[18,109,165]]
[[0,0,0],[1,0,0],[0,1,0],[7,73,165]]
[[0,0,0],[1,0,0],[0,1,0],[63,81,165]]
[[0,0,0],[1,0,0],[0,1,0],[69,17,165]]
[[0,0,0],[1,0,0],[0,1,0],[30,16,165]]
[[0,0,0],[1,0,0],[0,1,0],[48,19,165]]
[[0,0,0],[1,0,0],[0,1,0],[57,149,165]]
[[0,0,0],[1,0,0],[0,1,0],[2,34,165]]
[[0,0,0],[1,0,0],[0,1,0],[10,13,165]]
[[0,0,0],[3,0,0],[0,1,0],[33,34,55]]
