[[0,0,0],[1,0,0],[0,1,0],[17,74,167]]
[[0,0,0],[1,0,0],[0,1,0],[60,132,167]]
[[0,0,0],[1,0,0],[0,1,0],[22,33,167]]
[[0,0,0],[1,0,0],[0,1,0],[8,27,167]]
[[0,0,0],[1,0,0],[0,1,0],[41,137,167]]
[[0,0,0],[1,0,0],[0,1,0],[18,25,167]]
[[0,0,0],[1,0,0],[0,1,0],[3,74,167]]
[[0,0,0],[1,0,0],[0,1,0],[19,149,167]]
[[0,0,0],[1,0,0],[0,1,0],[1,53,167]]
[[0,0,0],[1,0,0],[0,1,0],[1,3,167]]
[[0,0,0],[1,0,0],[0,1,0],[11,55,167]]
[[0,0,0],[1,0,0],[0,1,0],[6,39,167]]
[[0,0,0],[1,0,0],[0,1,0],[18,30,167]]
[[0,0,0],[1,0,0],[0,1,0],[9,16,167]]
[[0,0,0],[1,0,0],[0,1,0],[13,17,167]]
[[0,0,0],[1,0,0],[0,1,0],[51,123,167]]
[[0,0,0],[1,0,0],[0,1,0],[9,30,167]]
[[0,0,0],[1,0,0],[0,1,0],[22,69,167]]
[[0,0,0],[1,0,0],[0,1,0],[12,19,167]]
[[0,0,0],[1,0,0],[0,1,0],[4,39,167]]
[[0,0,0],[1,0,0],[0,1,0],[9,62,167]]
[[0,0,0],[1,0,0],[0,1,0],[3,36,167]]
[[0,0,0],[1,0,0],[0,1,0],[6,52,167]]
[[0,0,0],[1,0,0],[0,1,0],[37,141,167]]
[[0,0,0],[1,0,0],[0,1,0],[34,51,167]]
[[0,0,0],[1,0,0],[0,1,0],[22,31,167]]
[[0,0,0],[1,0,0],[0,1,0],[15,70,167]]
[[0,0,0],[1,0,0],[0,1,0],[18,62,167]]
[[0,0,0],[1,0,0],[0,1,0],[25,36,167]]
[[0,0,0],[1,0,0],[0,1,0],[19,31,167]]
[[0,0,0],[1,0,0],[0,1,0],[4,33,167]]
[[0,0,0],[1,0,0],[0,1,0],[6,59,167]]
[[0,0,0],[1,0,0],[0,1,0],[17,153,167]]
[[0,0,0],[1,0,0],[0,1,0],[25,145,167]]
[[0,0,0],[1,0,0],[0,1,0],[4,57,167]]
[[0,0,0],[1,0,0],[0,1,0],[2,79,167]]
[[0,0,0],[1,0,0],[0,1,0],[2,33,167]]
[[0,0,0],[1,0,0],[0,1,0],[17,54,167]]
[[0,0,0],[1,0,0],[0,1,0],[20,53,167]]
[[0,0,0],[1,0,0],[0,1,0],[5,46,167]]
[[0,0,0],[1,0,0],[0,1,0],[3,72,167]]
[[0,0,0],[1,0,0],[0,1,0],[27,52,167]]
[[0,0,0],[1,0,0],[0,1,0],[20,23,167]]
[[0,0,0],[1,0,0],[0,1,0],[23,68,167]]
[[0,0,0],[1,0,0],[0,1,0],[16,52,167]]
[[0,0,0],[1,0,0],[0,1,0],[29,43,167]]
[[0,0,0],[1,0,0],[0,1,0],[43,129,167]]
[[0,0,0],[1,0,0],[0,1,0],[16,69,167]]
[[0,0,0],[1,0,0],[0,1,0],[48,141,167]]
[[0,0,0],[1,0,0],[0,1,0],[3,49,167]]
[[0,0,0],[1,0,0],[0,1,0],[7,55,167]]
[[0,0,0],[1,0,0],[0,1,0],[18,38,167]]
[[0,0,0],[1,0,0],[0,1,0],[46,61,167]]
[[0,0,0],[1,0,0],[0,1,0],[13,20,167]]
[[0,0,0],[1,0,0],[0,1,0],[27,58,167]]
[[0,0,0],[1,0,0],[0,1,0],[1,26,167]]
[[0,0,0],[1,0,0],[0,1,0],[25,61,167]]
[[0,0,0],[1,0,0],[0,1,0],[17,22,167]]
[[0,0,0],[1,0,0],[0,1,0],[9,76,167]]
[[0,0,0],[1,0,0],[0,1,0],[22,147,167]]
[[0,0,0],[1,0,0],[0,1,0],[2,45,167]]
[[0,0,0],[1,0,0],[0,1,0],[22,153,167]]
[[0,0,0],[1,0,0],[0,1,0],[11,35,167]]
[[0,0,0],[1,0,0],[0,1,0],[6,18,167]]
[[0,0,0],[1,0,0],[0,1,0],[17,53,167]]
[[0,0,0],[1,0,0],[0,1,0],[8,15,167]]
[[0,0,0],[1,0,0],[0,1,0],[19,25,167]]
[[0,0,0],[1,0,0],[0,1,0],[7,35,167]]
[[0,0,0],[1,0,0],[0,1,0],[7,49,167]]
[[0,0,0],[1,0,0],[0,1,0],[30,146,167]]
[[0,0,0],[1,0,0],[0,1,0],[22,22,167]]
[[0,0,0],[1,0,0],[0,1,0],[40,62,167]]
[[0,0,0],[1,0,0],[0,1,0],[3,43,167]]
[[0,0,0],[1,0,0],[0,1,0],[19,155,167]]
[[0,0,0],[1,0,0],[0,1,0],[29,53,167]]
[[0,0,0],[1,0,0],[0,1,0],[2,11,167]]
[[0,0,0],[1,0,0],[0,1,0],[41,145,167]]
[[0,0,0],[1,0,0],[0,1,0],[61,112,167]]
[[0,0,0],[1,0,0],[0,1,0],[1,46,167]]
[[0,0,0],[1,0,0],[0,1,0],[10,27,167]]
[[0,0,0],[1,0,0],[0,1,0],[3,17,167]]
[[0,0,0],[1,0,0],[0,1,0],[10,159,167]]
[[0,0,0],[1,0,0],[0,1,0],[26,40,167]]
[[0,0,0],[1,0,0],[0,1,0],[3,77,167]]
[[0,0,0],[1,0,0],[0,1,0],[12,54,167]]
[[0,0,0],[1,0,0],[0,1,0],[9,33,167]]
[[0,0,0],[1,0,0],[0,1,0],[3,32,167]]
[[0,0,0],[1,0,0],[0,1,0],[1,27,167]]
[[0,0,0],[1,0,0],[0,1,0],[27,43,167]]
[[0,0,0],[1,0,0],[0,1,0],[51,118,167]]
[[0,0,0],[1,0,0],[0,1,0],[2,20,167]]
[[0,0,0],[1,0,0],[0,1,0],[27,146,167]]
[[0,0,0],[1,0,0],[0,1,0],[15,160,167]]
[[0,0,0],[1,0,0],[0,1,0],[5,50,167]]
[[0,0,0],[1,0,0],[0,1,0],[2,51,167]]
[[0,0,0],[1,0,0],[0,1,0],[19,29,167]]
[[0,0,0],[1,0,0],[0,1,0],[7,11,167]]
[[0,0,0],[1,0,0],[0,1,0],[17,33,167]]
[[0,0,0],[1,0,0],[0,1,0],[22,50,167]]
[[0,0,0],[1,0,0],[0,1,0],[2,28,167]]
[[0,0,0],[1,0,0],[0,1,0],[26,39,167]]
[[0,0,0],[1,0,0],[0,1,0],[11,48,167]]
[[0,0,0],[1,0,0],[0,1,0],[2,2,167]]
[[0,0,0],[1,0,0],[0,1,0],[5,27,167]]
[[0,0,0],[1,0,0],[0,1,0],[25,150,167]]
[[0,0,0],[1,0,0],[0,1,0],[10,79,167]]
[[0,0,0],[1,0,0],[0,1,0],[2,15,167]]
[[0,0,0],[1,0,0],[0,1,0],[6,8,167]]
[[0,0,0],[1,0,0],[0,1,0],[35,61,167]]
[[0,0,0],[1,0,0],[0,1,0],[46,54,167]]
[[0,0,0],[1,0,0],[0,1,0],[15,43,167]]
[[0,0,0],[1,0,0],[0,1,0],[31,150,167]]
[[0,0,0],[1,0,0],[0,1,0],[23,26,167]]
[[0,0,0],[1,0,0],[0,1,0],[4,60,167]]
[[0,0,0],[1,0,0],[0,1,0],[2,22,167]]
[[0,0,0],[1,0,0],[0,1,0],[22,151,167]]
[[0,0,0],[1,0,0],[0,1,0],[3,26,167]]
[[0,0,0],[1,0,0],[0,1,0],[2,70,167]]
[[0,0,0],[1,0,0],[0,1,0],[12,29,167]]
[[0,0,0],[1,0,0],[0,1,0],[2,38,167]]
[[0,0,0],[1,0,0],[0,1,0],[9,12,167]]
[[0,0,0],[1,0,0],[0,1,0],[18,22,167]]
[[0,0,0],[1,0,0],[0,1,0],[5,12,167]]
[[0,0,0],[1,0,0],[0,1,0],[2,56,167]]
[[0,0,0],[1,0,0],[0,1,0],[49,123,167]]
[[0,0,0],[1,0,0],[0,1,0],[27,29,167]]
[[0,0,0],[1,0,0],[0,1,0],[2,68,167]]
[[0,0,0],[1,0,0],[0,1,0],[20,20,167]]
[[0,0,0],[1,0,0],[0,1,0],[27,152,167]]
[[0,0,0],[1,0,0],[0,1,0],[3,28,167]]
[[0,0,0],[1,0,0],[0,1,0],[12,22,167]]
[[0,0,0],[1,0,0],[0,1,0],[23,149,167]]
[[0,0,0],[1,0,0],[0,1,0],[19,50,167]]
[[0,0,0],[1,0,0],[0,1,0],[3,52,167]]
[[0,0,0],[1,0,0],[0,1,0],[5,163,167]]
[[0,0,0],[1,0,0],[0,1,0],[10,63,167]]
[[0,0,0],[1,0,0],[0,1,0],[5,66,167]]
[[0,0,0],[1,0,0],[0,1,0],[23,32,167]]
[[0,0,0],[1,0,0],[0,1,0],[2,42,167]]
[[0,0,0],[1,0,0],[0,1,0],[18,34,167]]
[[0,0,0],[1,0,0],[0,1,0],[2,61,167]]
[[0,0,0],[1,0,0],[0,1,0],[55,115,167]]
[[0,0,0],[1,0,0],[0,1,0],[16,51,167]]
[[0,0,0],[1,0,0],[0,1,0],[3,64,167]]
[[0,0,0],[1,0,0],[0,1,0],[1,60,167]]
[[0,0,0],[1,0,0],[0,1,0],[20,57,167]]
[[0,0,0],[1,0,0],[0,1,0],[22,152,167]]
[[0,0,0],[1,0,0],[0,1,0],[5,33,167]]
[[0,0,0],[1,0,0],[0,1,0],[16,40,167]]
[[0,0,0],[1,0,0],[0,1,0],[5,22,167]]
[[0,0,0],[1,0,0],[0,1,0],[1,55,167]]
[[0,0,0],[1,0,0],[0,1,0],[10,18,167]]
[[0,0,0],[1,0,0],[0,1,0],[16,25,167]]
[[0,0,0],[1,0,0],[0,1,0],[6,45,167]]
[[0,0,0],[1,0,0],[0,1,0],[6,53,167]]
[[0,0,0],[1,0,0],[0,1,0],[15,30,167]]
[[0,0,0],[1,0,0],[0,1,0],[11,64,167]]
[[0,0,0],[1,0,0],[0,1,0],[10,17,167]]
[[0,0,0],[1,0,0],[0,1,0],[2,3,167]]
[[0,0,0],[1,0,0],[0,1,0],[6,70,167]]
[[0,0,0],[1,0,0],[0,1,0],[16,47,167]]
[[0,0,0],[1,0,0],[0,1,0],[8,161,167]]
[[0,0,0],[1,0,0],[0,1,0],[6,29,167]]
[[0,0,0],[1,0,0],[0,1,0],[8,32,167]]
[[0,0,0],[1,0,0],[0,1,0],[12,33,167]]
[[0,0,0],[1,0,0],[0,1,0],[31,152,167]]
[[0,0,0],[1,0,0],[0,1,0],[9,11,167]]
[[0,0,0],[1,0,0],[0,1,0],[5,32,167]]
[[0,0,0],[1,0,0],[0,1,0],[5,49,167]]
[[0,0,0],[1,0,0],[0,1,0],[10,35,167]]
[[0,0,0],[1,0,0],[0,1,0],[7,17,167]]
[[0,0,0],[1,0,0],[0,1,0],[26,30,167]]
[[0,0,0],[1,0,0],[0,1,0],[2,54,167]]
[[0,0,0],[1,0,0],[0,1,0],[25,70,167]]
[[0,0,0],[1,0,0],[0,1,0],[4,31,167]]
[[0,0,0],[1,0,0],[0,1,0],[3,78,167]]
[[0,0,0],[1,0,0],[0,1,0],[10,78,167]]
[[0,0,0],[1,0,0],[0,1,0],[10,40,167]]
[[0,0,0],[1,0,0],[0,1,0],[10,13,167]]
[[0,0,0],[1,0,0],[0,1,0],[27,149,167]]
[[0,0,0],[1,0,0],[0,1,0],[20,33,167]]
[[0,0,0],[1,0,0],[0,1,0],[27,54,167]]
[[0,0,0],[1,0,0],[0,1,0],[33,137,167]]
[[0,0,0],[1,0,0],[0,1,0],[8,63,167]]
[[0,0,0],[1,0,0],[0,1,0],[3,11,167]]
[[0,0,0],[1,0,0],[0,1,0],[17,63,167]]
[[0,0,0],[1,0,0],[0,1,0],[4,62,167]]
[[0,0,0],[1,0,0],[0,1,0],[7,64,167]]
[[0,0,0],[1,0,0],[0,1,0],[15,44,167]]
[[0,0,0],[1,0,0],[0,1,0],[12,20,167]]
[[0,0,0],[1,0,0],[0,1,0],[2,35,167]]
[[0,0,0],[1,0,0],[0,1,0],[1,32,167]]
[[0,0,0],[1,0,0],[0,1,0],[4,14,167]]
[[0,0,0],[1,0,0],[0,1,0],[25,43,167]]
[[0,0,0],[1,0,0],[0,1,0],[7,65,167]]
[[0,0,0],[1,0,0],[0,1,0],[7,66,167]]
[[0,0,0],[1,0,0],[0,1,0],[7,71,167]]
[[0,0,0],[1,0,0],[0,1,0],[10,29,167]]
[[0,0,0],[1,0,0],[0,1,0],[1,34,167]]
[[0,0,0],[1,0,0],[0,1,0],[5,5,167]]
[[0,0,0],[1,0,0],[0,1,0],[22,72,167]]
[[0,0,0],[1,0,0],[0,1,0],[41,55,167]]
[[0,0,0],[1,0,0],[0,1,0],[54,122,167]]
[[0,0,0],[1,0,0],[0,1,0],[53,115,167]]
[[0,0,0],[1,0,0],[0,1,0],[12,58,167]]
[[0,0,0],[1,0,0],[0,1,0],[15,64,167]]
[[0,0,0],[1,0,0],[0,1,0],[7,50,167]]
[[0,0,0],[1,0,0],[0,1,0],[17,158,167]]
[[0,0,0],[1,0,0],[0,1,0],[3,12,167]]
[[0,0,0],[1,0,0],[0,1,0],[9,13,167]]
[[0,0,0],[1,0,0],[0,1,0],[6,71,167]]
[[0,0,0],[1,0,0],[0,1,0],[4,63,167]]
[[0,0,0],[1,0,0],[0,1,0],[5,48,167]]
[[0,0,0],[1,0,0],[0,1,0],[26,151,167]]
[[0,0,0],[1,0,0],[0,1,0],[7,9,167]]
[[0,0,0],[1,0,0],[0,1,0],[10,72,167]]
[[0,0,0],[1,0,0],[0,1,0],[5,52,167]]
[[0,0,0],[1,0,0],[0,1,0],[7,79,167]]
[[0,0,0],[1,0,0],[0,1,0],[34,63,167]]
[[0,0,0],[1,0,0],[0,1,0],[11,69,167]]
[[0,0,0],[1,0,0],[0,1,0],[32,137,167]]
[[0,0,0],[1,0,0],[0,1,0],[26,153,167]]
[[0,0,0],[1,0,0],[0,1,0],[15,57,167]]
[[0,0,0],[1,0,0],[0,1,0],[13,73,167]]
[[0,0,0],[1,0,0],[0,1,0],[16,34,167]]
[[0,0,0],[1,0,0],[0,1,0],[17,152,167]]
[[0,0,0],[1,0,0],[0,1,0],[9,20,167]]
[[0,0,0],[1,0,0],[0,1,0],[7,20,167]]
[[0,0,0],[1,0,0],[0,1,0],[25,31,167]]
[[0,0,0],[1,0,0],[0,1,0],[10,75,167]]
[[0,0,0],[1,0,0],[0,1,0],[1,33,167]]
[[0,0,0],[1,0,0],[0,1,0],[11,22,167]]
[[0,0,0],[1,0,0],[0,1,0],[34,57,167]]
[[0,0,0],[1,0,0],[0,1,0],[1,18,167]]
[[0,0,0],[1,0,0],[0,1,0],[15,157,167]]
[[0,0,0],[1,0,0],[0,1,0],[19,27,167]]
[[0,0,0],[1,0,0],[0,1,0],[6,41,167]]
[[0,0,0],[1,0,0],[0,1,0],[23,60,167]]
[[0,0,0],[1,0,0],[0,1,0],[18,151,167]]
[[0,0,0],[1,0,0],[0,1,0],[13,58,167]]
[[0,0,0],[1,0,0],[0,1,0],[36,133,167]]
[[0,0,0],[1,0,0],[0,1,0],[17,64,167]]
[[0,0,0],[1,0,0],[0,1,0],[8,54,167]]
[[0,0,0],[1,0,0],[0,1,0],[7,44,167]]
[[0,0,0],[1,0,0],[0,1,0],[3,38,167]]
[[0,0,0],[1,0,0],[0,1,0],[6,50,167]]
[[0,0,0],[1,0,0],[0,1,0],[15,15,167]]
[[0,0,0],[1,0,0],[0,1,0],[6,81,167]]
[[0,0,0],[1,0,0],[0,1,0],[16,157,167]]
[[0,0,0],[1,0,0],[0,1,0],[22,55,167]]
[[0,0,0],[1,0,0],[0,1,0],[8,47,167]]
[[0,0,0],[1,0,0],[0,1,0],[4,35,167]]
[[0,0,0],[1,0,0],[0,1,0],[3,23,167]]
[[0,0,0],[1,0,0],[0,1,0],[12,53,167]]
[[0,0,0],[1,0,0],[0,1,0],[4,27,167]]
[[0,0,0],[1,0,0],[0,1,0],[23,37,167]]
[[0,0,0],[1,0,0],[0,1,0],[9,47,167]]
[[0,0,0],[1,0,0],[0,1,0],[5,55,167]]
[[0,0,0],[1,0,0],[0,1,0],[5,41,167]]
[[0,0,0],[1,0,0],[0,1,0],[2,67,167]]
[[0,0,0],[1,0,0],[0,1,0],[5,74,167]]
[[0,0,0],[1,0,0],[0,1,0],[10,43,167]]
[[0,0,0],[1,0,0],[0,1,0],[17,51,167]]
[[0,0,0],[1,0,0],[0,1,0],[8,21,167]]
[[0,0,0],[1,0,0],[0,1,0],[6,10,167]]
[[0,0,0],[1,0,0],[0,1,0],[9,49,167]]
[[0,0,0],[1,0,0],[0,1,0],[8,77,167]]
[[0,0,0],[1,0,0],[0,1,0],[22,36,167]]
[[0,0,0],[1,0,0],[0,1,0],[13,49,167]]
[[0,0,0],[1,0,0],[0,1,0],[17,29,167]]
[[0,0,0],[1,0,0],[0,1,0],[4,77,167]]
[[0,0,0],[1,0,0],[0,1,0],[5,30,167]]
[[0,0,0],[1,0,0],[0,1,0],[1,52,167]]
[[0,0,0],[1,0,0],[0,1,0],[2,77,167]]
[[0,0,0],[1,0,0],[0,1,0],[41,139,167]]
[[0,0,0],[1,0,0],[0,1,0],[35,48,167]]
[[0,0,0],[1,0,0],[0,1,0],[12,52,167]]
[[0,0,0],[1,0,0],[0,1,0],[64,121,167]]
[[0,0,0],[1,0,0],[0,1,0],[31,35,167]]
[[0,0,0],[1,0,0],[0,1,0],[25,41,167]]
[[0,0,0],[1,0,0],[0,1,0],[3,47,167]]
[[0,0,0],[1,0,0],[0,1,0],[2,49,167]]
[[0,0,0],[1,0,0],[0,1,0],[16,73,167]]
[[0,0,0],[1,0,0],[0,1,0],[51,124,167]]
[[0,0,0],[1,0,0],[0,1,0],[31,66,167]]
[[0,0,0],[1,0,0],[0,1,0],[31,137,167]]
[[0,0,0],[1,0,0],[0,1,0],[18,29,167]]
[[0,0,0],[1,0,0],[0,1,0],[11,18,167]]
[[0,0,0],[1,0,0],[0,1,0],[11,77,167]]
[[0,0,0],[1,0,0],[0,1,0],[8,12,167]]
[[0,0,0],[1,0,0],[0,1,0],[9,50,167]]
[[0,0,0],[1,0,0],[0,1,0],[4,51,167]]
[[0,0,0],[1,0,0],[0,1,0],[7,78,167]]
[[0,0,0],[1,0,0],[0,1,0],[3,45,167]]
[[0,0,0],[1,0,0],[0,1,0],[8,23,167]]
[[0,0,0],[1,0,0],[0,1,0],[22,51,167]]
[[0,0,0],[1,0,0],[0,1,0],[3,60,167]]
[[0,0,0],[1,0,0],[0,1,0],[16,50,167]]
[[0,0,0],[1,0,0],[0,1,0],[2,52,167]]
[[0,0,0],[1,0,0],[0,1,0],[15,73,167]]
[[0,0,0],[1,0,0],[0,1,0],[16,155,167]]
[[0,0,0],[1,0,0],[0,1,0],[2,60,167]]
[[0,0,0],[1,0,0],[0,1,0],[20,35,167]]
[[0,0,0],[1,0,0],[0,1,0],[3,70,167]]
[[0,0,0],[1,0,0],[0,1,0],[61,125,167]]
[[0,0,0],[1,0,0],[0,1,0],[5,9,167]]
[[0,0,0],[1,0,0],[0,1,0],[4,23,167]]
[[0,0,0],[1,0,0],[0,1,0],[27,49,167]]
[[0,0,0],[1,0,0],[0,1,0],[10,30,167]]
[[0,0,0],[1,0,0],[0,1,0],[26,41,167]]
[[0,0,0],[1,0,0],[0,1,0],[51,55,167]]
[[0,0,0],[1,0,0],[0,1,0],[25,144,167]]
[[0,0,0],[1,0,0],[0,1,0],[50,140,167]]
[[0,0,0],[1,0,0],[0,1,0],[4,50,167]]
[[0,0,0],[1,0,0],[0,1,0],[57,112,167]]
[[0,0,0],[1,0,0],[0,1,0],[18,70,167]]
[[0,0,0],[1,0,0],[0,1,0],[33,40,167]]
[[0,0,0],[1,0,0],[0,1,0],[3,39,167]]
[[0,0,0],[1,0,0],[0,1,0],[51,136,167]]
[[0,0,0],[1,0,0],[0,1,0],[6,58,167]]
[[0,0,0],[1,0,0],[0,1,0],[6,9,167]]
[[0,0,0],[1,0,0],[0,1,0],[5,29,167]]
[[0,0,0],[1,0,0],[0,1,0],[6,47,167]]
[[0,0,0],[1,0,0],[0,1,0],[5,76,167]]
[[0,0,0],[1,0,0],[0,1,0],[8,19,167]]
[[0,0,0],[1,0,0],[0,1,0],[27,48,167]]
[[0,0,0],[1,0,0],[0,1,0],[26,54,167]]
[[0,0,0],[1,0,0],[0,1,0],[6,17,167]]
[[0,0,0],[1,0,0],[0,1,0],[36,49,167]]
[[0,0,0],[1,0,0],[0,1,0],[26,71,167]]
[[0,0,0],[1,0,0],[0,1,0],[3,66,167]]
[[0,0,0],[1,0,0],[0,1,0],[3,21,167]]
[[0,0,0],[1,0,0],[0,1,0],[3,65,167]]
[[0,0,0],[1,0,0],[0,1,0],[20,73,167]]
[[0,0,0],[1,0,0],[0,1,0],[31,31,167]]
[[0,0,0],[1,0,0],[0,1,0],[19,66,167]]
[[0,0,0],[1,0,0],[0,1,0],[1,9,167]]
[[0,0,0],[1,0,0],[0,1,0],[9,43,167]]
[[0,0,0],[1,0,0],[0,1,0],[2,73,167]]
[[0,0,0],[1,0,0],[0,1,0],[6,14,167]]
[[0,0,0],[1,0,0],[0,1,0],[26,62,167]]
[[0,0,0],[1,0,0],[0,1,0],[9,26,167]]
[[0,0,0],[1,0,0],[0,1,0],[8,39,167]]
[[0,0,0],[1,0,0],[0,1,0],[7,57,167]]
[[0,0,0],[1,0,0],[0,1,0],[6,23,167]]
[[0,0,0],[1,0,0],[0,1,0],[7,33,167]]
[[0,0,0],[1,0,0],[0,1,0],[2,76,167]]
[[0,0,0],[1,0,0],[0,1,0],[19,156,167]]
[[0,0,0],[1,0,0],[0,1,0],[16,72,167]]
[[0,0,0],[1,0,0],[0,1,0],[5,165,167]]
[[0,0,0],[1,0,0],[0,1,0],[31,57,167]]
[[0,0,0],[1,0,0],[0,1,0],[5,47,167]]
[[0,0,0],[1,0,0],[0,1,0],[17,68,167]]
[[0,0,0],[1,0,0],[0,1,0],[10,25,167]]
[[0,0,0],[1,0,0],[0,1,0],[23,50,167]]
[[0,0,0],[1,0,0],[0,1,0],[13,16,167]]
[[0,0,0],[1,0,0],[0,1,0],[12,45,167]]
[[0,0,0],[1,0,0],[0,1,0],[12,68,167]]
[[0,0,0],[1,0,0],[0,1,0],[13,29,167]]
[[0,0,0],[1,0,0],[0,1,0],[4,52,167]]
[[0,0,0],[1,0,0],[0,1,0],[2,50,167]]
[[0,0,0],[1,0,0],[0,1,0],[4,29,167]]
[[0,0,0],[1,0,0],[0,1,0],[2,62,167]]
[[0,0,0],[1,0,0],[0,1,0],[11,20,167]]
[[0,0,0],[1,0,0],[0,1,0],[34,55,167]]
[[0,0,0],[1,0,0],[0,1,0],[4,36,167]]
[[0,0,0],[1,0,0],[0,1,0],[5,63,167]]
[[0,0,0],[1,0,0],[0,1,0],[19,41,167]]
[[0,0,0],[1,0,0],[0,1,0],[22,150,167]]
[[0,0,0],[1,0,0],[0,1,0],[11,75,167]]
[[0,0,0],[1,0,0],[0,1,0],[9,39,167]]
[[0,0,0],[1,0,0],[0,1,0],[8,64,167]]
[[0,0,0],[1,0,0],[0,1,0],[18,36,167]]
[[0,0,0],[1,0,0],[0,1,0],[7,41,167]]
[[0,0,0],[1,0,0],[0,1,0],[4,71,167]]
[[0,0,0],[1,0,0],[0,1,0],[8,71,167]]
[[0,0,0],[1,0,0],[0,1,0],[20,63,167]]
[[0,0,0],[1,0,0],[0,1,0],[1,41,167]]
[[0,0,0],[1,0,0],[0,1,0],[3,8,167]]
[[0,0,0],[1,0,0],[0,1,0],[2,31,167]]
[[0,0,0],[1,0,0],[0,1,0],[10,14,167]]
[[0,0,0],[1,0,0],[0,1,0],[18,61,167]]
[[0,0,0],[1,0,0],[0,1,0],[3,48,167]]
[[0,0,0],[1,0,0],[0,1,0],[17,32,167]]
[[0,0,0],[1,0,0],[0,1,0],[1,7,167]]
[[0,0,0],[1,0,0],[0,1,0],[3,58,167]]
[[0,0,0],[1,0,0],[0,1,0],[17,156,167]]
[[0,0,0],[1,0,0],[0,1,0],[18,75,167]]
[[0,0,0],[1,0,0],[0,1,0],[6,24,167]]
[[0,0,0],[1,0,0],[0,1,0],[10,15,167]]
[[0,0,0],[1,0,0],[0,1,0],[8,35,167]]
[[0,0,0],[1,0,0],[0,1,0],[3,13,167]]
[[0,0,0],[1,0,0],[0,1,0],[43,43,167]]
[[0,0,0],[1,0,0],[0,1,0],[5,28,167]]
[[0,0,0],[1,0,0],[0,1,0],[8,55,167]]
[[0,0,0],[1,0,0],[0,1,0],[25,32,167]]
[[0,0,0],[1,0,0],[0,1,0],[2,32,167]]
[[0,0,0],[1,0,0],[0,1,0],[37,52,167]]
[[0,0,0],[1,0,0],[0,1,0],[2,44,167]]
[[0,0,0],[1,0,0],[0,1,0],[7,70,167]]
[[0,0,0],[1,0,0],[0,1,0],[32,54,167]]
[[0,0,0],[1,0,0],[0,1,0],[9,44,167]]
[[0,0,0],[1,0,0],[0,1,0],[48,60,167]]
[[0,0,0],[1,0,0],[0,1,0],[3,27,167]]
[[0,0,0],[1,0,0],[0,1,0],[1,49,167]]
[[0,0,0],[1,0,0],[0,1,0],[48,54,167]]
[[0,0,0],[1,0,0],[0,1,0],[13,156,167]]
[[0,0,0],[1,0,0],[0,1,0],[13,55,167]]
[[0,0,0],[1,0,0],[0,1,0],[3,30,167]]
[[0,0,0],[1,0,0],[0,1,0],[23,154,167]]
[[0,0,0],[1,0,0],[0,1,0],[8,59,167]]
[[0,0,0],[1,0,0],[0,1,0],[12,70,167]]
[[0,0,0],[1,0,0],[0,1,0],[3,59,167]]
[[0,0,0],[1,0,0],[0,1,0],[4,38,167]]
[[0,0,0],[1,0,0],[0,1,0],[35,58,167]]
[[0,0,0],[1,0,0],[0,1,0],[15,68,167]]
[[0,0,0],[1,0,0],[0,1,0],[20,148,167]]
[[0,0,0],[1,0,0],[0,1,0],[16,153,167]]
[[0,0,0],[1,0,0],[0,1,0],[15,34,167]]
[[0,0,0],[1,0,0],[0,1,0],[20,30,167]]
[[0,0,0],[1,0,0],[0,1,0],[2,12,167]]
[[0,0,0],[1,0,0],[0,1,0],[5,64,167]]
[[0,0,0],[1,0,0],[0,1,0],[3,41,167]]
[[0,0,0],[1,0,0],[0,1,0],[29,152,167]]
[[0,0,0],[1,0,0],[0,1,0],[2,74,167]]
[[0,0,0],[1,0,0],[0,1,0],[3,3,167]]
[[0,0,0],[1,0,0],[0,1,0],[3,34,167]]
[[0,0,0],[1,0,0],[0,1,0],[7,21,167]]
[[0,0,0],[1,0,0],[0,1,0],[13,30,167]]
[[0,0,0],[1,0,0],[0,1,0],[1,16,167]]
[[0,0,0],[1,0,0],[0,1,0],[60,109,167]]
[[0,0,0],[1,0,0],[0,1,0],[33,48,167]]
[[0,0,0],[1,0,0],[0,1,0],[6,69,167]]
[[0,0,0],[1,0,0],[0,1,0],[20,50,167]]
[[0,0,0],[1,0,0],[0,1,0],[53,118,167]]
[[0,0,0],[1,0,0],[0,1,0],[6,73,167]]
[[0,0,0],[1,0,0],[0,1,0],[12,65,167]]
[[0,0,0],[1,0,0],[0,1,0],[15,35,167]]
[[0,0,0],[1,0,0],[0,1,0],[8,60,167]]
[[0,0,0],[1,0,0],[0,1,0],[4,37,167]]
[[0,0,0],[1,0,0],[0,1,0],[12,44,167]]
[[0,0,0],[1,0,0],[0,1,0],[12,75,167]]
[[0,0,0],[1,0,0],[0,1,0],[36,132,167]]
[[0,0,0],[1,0,0],[0,1,0],[9,159,167]]
[[0,0,0],[1,0,0],[0,1,0],[11,65,167]]
[[0,0,0],[1,0,0],[0,1,0],[19,57,167]]
[[0,0,0],[1,0,0],[0,1,0],[10,48,167]]
[[0,0,0],[1,0,0],[0,1,0],[2,25,167]]
[[0,0,0],[1,0,0],[0,1,0],[23,45,167]]
[[0,0,0],[1,0,0],[0,1,0],[27,27,167]]
[[0,0,0],[1,0,0],[0,1,0],[12,32,167]]
[[0,0,0],[1,0,0],[0,1,0],[29,144,167]]
[[0,0,0],[1,0,0],[0,1,0],[37,139,167]]
[[0,0,0],[1,0,0],[0,1,0],[10,19,167]]
[[0,0,0],[1,0,0],[0,1,0],[11,66,167]]
[[0,0,0],[1,0,0],[0,1,0],[11,53,167]]
[[0,0,0],[1,0,0],[0,1,0],[29,151,167]]
[[0,0,0],[1,0,0],[0,1,0],[41,128,167]]
[[0,0,0],[1,0,0],[0,1,0],[23,34,167]]
[[0,0,0],[1,0,0],[0,1,0],[1,20,167]]
[[0,0,0],[1,0,0],[0,1,0],[8,68,167]]
[[0,0,0],[1,0,0],[0,1,0],[6,77,167]]
[[0,0,0],[1,0,0],[0,1,0],[1,15,167]]
[[0,0,0],[1,0,0],[0,1,0],[1,48,167]]
[[0,0,0],[1,0,0],[0,1,0],[11,62,167]]
[[0,0,0],[1,0,0],[0,1,0],[6,72,167]]
[[0,0,0],[1,0,0],[0,1,0],[25,64,167]]
[[0,0,0],[1,0,0],[0,1,0],[18,47,167]]
[[0,0,0],[1,0,0],[0,1,0],[3,53,167]]
[[0,0,0],[1,0,0],[0,1,0],[7,47,167]]
[[0,0,0],[1,0,0],[0,1,0],[2,57,167]]
[[0,0,0],[1,0,0],[0,1,0],[10,45,167]]
[[0,0,0],[1,0,0],[0,1,0],[18,26,167]]
[[0,0,0],[1,0,0],[0,1,0],[7,75,167]]
[[0,0,0],[1,0,0],[0,1,0],[12,51,167]]
[[0,0,0],[1,0,0],[0,1,0],[4,15,167]]
[[0,0,0],[1,0,0],[0,1,0],[3,37,167]]
[[0,0,0],[1,0,0],[0,1,0],[11,33,167]]
[[0,0,0],[1,0,0],[0,1,0],[4,20,167]]
[[0,0,0],[1,0,0],[0,1,0],[6,36,167]]
[[0,0,0],[1,0,0],[0,1,0],[17,26,167]]
[[0,0,0],[1,0,0],[0,1,0],[17,71,167]]
[[0,0,0],[1,0,0],[0,1,0],[8,43,167]]
[[0,0,0],[1,0,0],[0,1,0],[23,147,167]]
[[0,0,0],[1,0,0],[0,1,0],[9,63,167]]
[[0,0,0],[1,0,0],[0,1,0],[46,136,167]]
[[0,0,0],[1,0,0],[0,1,0],[6,26,167]]
[[0,0,0],[1,0,0],[0,1,0],[12,27,167]]
[[0,0,0],[1,0,0],[0,1,0],[15,52,167]]
[[0,0,0],[1,0,0],[0,1,0],[13,32,167]]
[[0,0,0],[1,0,0],[0,1,0],[8,31,167]]
[[0,0,0],[1,0,0],[0,1,0],[19,52,167]]
[[0,0,0],[1,0,0],[0,1,0],[11,29,167]]
[[0,0,0],[1,0,0],[0,1,0],[5,77,167]]
[[0,0,0],[1,0,0],[0,1,0],[11,15,167]]
[[0,0,0],[1,0,0],[0,1,0],[7,30,167]]
[[0,0,0],[1,0,0],[0,1,0],[30,150,167]]
[[0,0,0],[1,0,0],[0,1,0],[6,57,167]]
[[0,0,0],[1,0,0],[0,1,0],[18,54,167]]
[[0,0,0],[1,0,0],[0,1,0],[5,17,167]]
[[0,0,0],[1,0,0],[0,1,0],[3,69,167]]
[[0,0,0],[1,0,0],[0,1,0],[34,54,167]]
[[0,0,0],[1,0,0],[0,1,0],[13,26,167]]
[[0,0,0],[1,0,0],[0,1,0],[3,80,167]]
[[0,0,0],[1,0,0],[0,1,0],[5,60,167]]
[[0,0,0],[1,0,0],[0,1,0],[7,18,167]]
[[0,0,0],[1,0,0],[0,1,0],[9,163,167]]
[[0,0,0],[1,0,0],[0,1,0],[10,26,167]]
[[0,0,0],[1,0,0],[0,1,0],[13,47,167]]
[[0,0,0],[1,0,0],[0,1,0],[9,17,167]]
[[0,0,0],[1,0,0],[0,1,0],[2,6,167]]
[[0,0,0],[1,0,0],[0,1,0],[29,34,167]]
[[0,0,0],[1,0,0],[0,1,0],[9,78,167]]
[[0,0,0],[1,0,0],[0,1,0],[36,62,167]]
[[0,0,0],[1,0,0],[0,1,0],[2,37,167]]
[[0,0,0],[1,0,0],[0,1,0],[6,11,167]]
[[0,0,0],[1,0,0],[0,1,0],[4,7,167]]
[[0,0,0],[1,0,0],[0,1,0],[25,60,167]]
[[0,0,0],[1,0,0],[0,1,0],[2,40,167]]
[[0,0,0],[1,0,0],[0,1,0],[4,30,167]]
[[0,0,0],[1,0,0],[0,1,0],[5,35,167]]
[[0,0,0],[1,0,0],[0,1,0],[2,17,167]]
[[0,0,0],[1,0,0],[0,1,0],[19,33,167]]
[[0,0,0],[1,0,0],[0,1,0],[13,60,167]]
[[0,0,0],[1,0,0],[0,1,0],[1,11,167]]
[[0,0,0],[1,0,0],[0,1,0],[4,72,167]]
[[0,0,0],[1,0,0],[0,1,0],[23,49,167]]
[[0,0,0],[1,0,0],[0,1,0],[29,141,167]]
[[0,0,0],[1,0,0],[0,1,0],[74,127,167]]
[[0,0,0],[1,0,0],[0,1,0],[50,129,167]]
[[0,0,0],[1,0,0],[0,1,0],[29,54,167]]
[[0,0,0],[1,0,0],[0,1,0],[1,4,167]]
[[0,0,0],[1,0,0],[0,1,0],[10,65,167]]
[[0,0,0],[1,0,0],[0,1,0],[32,34,167]]
[[0,0,0],[1,0,0],[0,1,0],[8,26,167]]
[[0,0,0],[1,0,0],[0,1,0],[20,39,167]]
[[0,0,0],[1,0,0],[0,1,0],[12,156,167]]
[[0,0,0],[1,0,0],[0,1,0],[34,145,167]]
[[0,0,0],[1,0,0],[0,1,0],[19,70,167]]
[[0,0,0],[1,0,0],[0,1,0],[5,72,167]]
[[0,0,0],[1,0,0],[0,1,0],[18,35,167]]
[[0,0,0],[1,0,0],[0,1,0],[29,143,167]]
[[0,0,0],[1,0,0],[0,1,0],[37,61,167]]
[[0,0,0],[1,0,0],[0,1,0],[17,19,167]]
[[0,0,0],[1,0,0],[0,1,0],[17,60,167]]
[[0,0,0],[1,0,0],[0,1,0],[3,55,167]]
[[0,0,0],[1,0,0],[0,1,0],[22,30,167]]
[[0,0,0],[1,0,0],[0,1,0],[34,61,167]]
[[0,0,0],[1,0,0],[0,1,0],[7,164,167]]
[[0,0,0],[1,0,0],[0,1,0],[7,69,167]]
[[0,0,0],[1,0,0],[0,1,0],[15,33,167]]
[[0,0,0],[1,0,0],[0,1,0],[25,149,167]]
[[0,0,0],[1,0,0],[0,1,0],[37,48,167]]
[[0,0,0],[1,0,0],[0,1,0],[43,48,167]]
[[0,0,0],[1,0,0],[0,1,0],[13,36,167]]
[[0,0,0],[1,0,0],[0,1,0],[17,43,167]]
[[0,0,0],[1,0,0],[0,1,0],[11,16,167]]
[[0,0,0],[1,0,0],[0,1,0],[30,149,167]]
[[0,0,0],[1,0,0],[0,1,0],[3,19,167]]
[[0,0,0],[1,0,0],[0,1,0],[4,61,167]]
[[0,0,0],[1,0,0],[0,1,0],[4,49,167]]
[[0,0,0],[1,0,0],[0,1,0],[4,46,167]]
[[0,0,0],[1,0,0],[0,1,0],[6,27,167]]
[[0,0,0],[1,0,0],[0,1,0],[5,10,167]]
[[0,0,0],[1,0,0],[0,1,0],[27,34,167]]
[[0,0,0],[1,0,0],[0,1,0],[23,23,167]]
[[0,0,0],[1,0,0],[0,1,0],[18,40,167]]
[[0,0,0],[1,0,0],[0,1,0],[33,58,167]]
[[0,0,0],[1,0,0],[0,1,0],[2,10,167]]
[[0,0,0],[1,0,0],[0,1,0],[32,143,167]]
[[0,0,0],[1,0,0],[0,1,0],[12,17,167]]
[[0,0,0],[1,0,0],[0,1,0],[18,53,167]]
[[0,0,0],[1,0,0],[0,1,0],[2,36,167]]
[[0,0,0],[1,0,0],[0,1,0],[5,7,167]]
[[0,0,0],[1,0,0],[0,1,0],[4,41,167]]
[[0,0,0],[1,0,0],[0,1,0],[20,71,167]]
[[0,0,0],[1,0,0],[0,1,0],[7,162,167]]
[[0,0,0],[1,0,0],[0,1,0],[7,13,167]]
[[0,0,0],[1,0,0],[0,1,0],[9,58,167]]
[[0,0,0],[1,0,0],[0,1,0],[10,62,167]]
[[0,0,0],[1,0,0],[0,1,0],[18,48,167]]
[[0,0,0],[1,0,0],[0,1,0],[10,76,167]]
[[0,0,0],[1,0,0],[0,1,0],[6,65,167]]
[[0,0,0],[1,0,0],[0,1,0],[9,53,167]]
[[0,0,0],[1,0,0],[0,1,0],[4,4,167]]
[[0,0,0],[1,0,0],[0,1,0],[5,59,167]]
[[0,0,0],[1,0,0],[0,1,0],[5,40,167]]
[[0,0,0],[1,0,0],[0,1,0],[58,128,167]]
[[0,0,0],[1,0,0],[0,1,0],[4,40,167]]
[[0,0,0],[1,0,0],[0,1,0],[23,152,167]]
[[0,0,0],[1,0,0],[0,1,0],[4,81,167]]
[[0,0,0],[1,0,0],[0,1,0],[23,40,167]]
[[0,0,0],[1,0,0],[0,1,0],[10,47,167]]
[[0,0,0],[1,0,0],[0,1,0],[11,157,167]]
[[0,0,0],[1,0,0],[0,1,0],[48,121,167]]
[[0,0,0],[1,0,0],[0,1,0],[16,19,167]]
[[0,0,0],[1,0,0],[0,1,0],[19,38,167]]
[[0,0,0],[1,0,0],[0,1,0],[4,10,167]]
[[0,0,0],[1,0,0],[0,1,0],[27,53,167]]
[[0,0,0],[1,0,0],[0,1,0],[3,7,167]]
[[0,0,0],[1,0,0],[0,1,0],[3,67,167]]
[[0,0,0],[1,0,0],[0,1,0],[11,30,167]]
[[0,0,0],[1,0,0],[0,1,0],[23,153,167]]
[[0,0,0],[1,0,0],[0,1,0],[43,126,167]]
[[0,0,0],[1,0,0],[0,1,0],[16,16,167]]
[[0,0,0],[1,0,0],[0,1,0],[16,54,167]]
[[0,0,0],[1,0,0],[0,1,0],[37,145,167]]
[[0,0,0],[1,0,0],[0,1,0],[15,74,167]]
[[0,0,0],[1,0,0],[0,1,0],[26,49,167]]
[[0,0,0],[1,0,0],[0,1,0],[62,122,167]]
[[0,0,0],[1,0,0],[0,1,0],[4,59,167]]
[[0,0,0],[1,0,0],[0,1,0],[29,41,167]]
[[0,0,0],[1,0,0],[0,1,0],[33,141,167]]
[[0,0,0],[1,0,0],[0,1,0],[1,13,167]]
[[0,0,0],[1,0,0],[0,1,0],[34,52,167]]
[[0,0,0],[1,0,0],[0,1,0],[4,65,167]]
[[0,0,0],[1,0,0],[0,1,0],[10,158,167]]
[[0,0,0],[1,0,0],[0,1,0],[13,54,167]]
[[0,0,0],[1,0,0],[0,1,0],[6,79,167]]
[[0,0,0],[1,0,0],[0,1,0],[2,43,167]]
[[0,0,0],[1,0,0],[0,1,0],[9,29,167]]
[[0,0,0],[1,0,0],[0,1,0],[13,23,167]]
[[0,0,0],[1,0,0],[0,1,0],[37,62,167]]
[[0,0,0],[1,0,0],[0,1,0],[8,10,167]]
[[0,0,0],[1,0,0],[0,1,0],[19,46,167]]
[[0,0,0],[1,0,0],[0,1,0],[35,133,167]]
[[0,0,0],[1,0,0],[0,1,0],[6,22,167]]
[[0,0,0],[1,0,0],[0,1,0],[1,36,167]]
[[0,0,0],[1,0,0],[0,1,0],[10,161,167]]
[[0,0,0],[1,0,0],[0,1,0],[11,38,167]]
[[0,0,0],[1,0,0],[0,1,0],[11,50,167]]
[[0,0,0],[1,0,0],[0,1,0],[31,140,167]]
[[0,0,0],[1,0,0],[0,1,0],[5,31,167]]
[[0,0,0],[1,0,0],[0,1,0],[34,134,167]]
[[0,0,0],[1,0,0],[0,1,0],[17,17,167]]
[[0,0,0],[1,0,0],[0,1,0],[49,119,167]]
[[0,0,0],[1,0,0],[0,1,0],[7,48,167]]
[[0,0,0],[1,0,0],[0,1,0],[3,165,167]]
[[0,0,0],[1,0,0],[0,1,0],[2,5,167]]
[[0,0,0],[1,0,0],[0,1,0],[23,33,167]]
[[0,0,0],[1,0,0],[0,1,0],[29,47,167]]
[[0,0,0],[1,0,0],[0,1,0],[40,131,167]]
[[0,0,0],[1,0,0],[0,1,0],[23,145,167]]
[[0,0,0],[1,0,0],[0,1,0],[10,52,167]]
[[0,0,0],[1,0,0],[0,1,0],[43,50,167]]
[[0,0,0],[1,0,0],[0,1,0],[41,134,167]]
[[0,0,0],[1,0,0],[0,1,0],[32,136,167]]
[[0,0,0],[1,0,0],[0,1,0],[3,25,167]]
[[0,0,0],[1,0,0],[0,1,0],[26,55,167]]
[[0,0,0],[1,0,0],[0,1,0],[23,57,167]]
[[0,0,0],[1,0,0],[0,1,0],[8,45,167]]
[[0,0,0],[1,0,0],[0,1,0],[5,70,167]]
[[0,0,0],[1,0,0],[0,1,0],[6,15,167]]
[[0,0,0],[1,0,0],[0,1,0],[16,57,167]]
[[0,0,0],[1,0,0],[0,1,0],[16,29,167]]
[[0,0,0],[1,0,0],[0,1,0],[7,58,167]]
[[0,0,0],[1,0,0],[0,1,0],[29,33,167]]
[[0,0,0],[1,0,0],[0,1,0],[9,40,167]]
[[0,0,0],[1,0,0],[0,1,0],[4,18,167]]
[[0,0,0],[1,0,0],[0,1,0],[13,45,167]]
[[0,0,0],[1,0,0],[0,1,0],[5,68,167]]
[[0,0,0],[1,0,0],[0,1,0],[5,71,167]]
[[0,0,0],[1,0,0],[0,1,0],[12,55,167]]
[[0,0,0],[1,0,0],[0,1,0],[5,44,167]]
[[0,0,0],[1,0,0],[0,1,0],[9,160,167]]
[[0,0,0],[1,0,0],[0,1,0],[23,54,167]]
[[0,0,0],[1,0,0],[0,1,0],[11,63,167]]
[[0,0,0],[1,0,0],[0,1,0],[7,12,167]]
[[0,0,0],[1,0,0],[0,1,0],[20,46,167]]
[[0,0,0],[1,0,0],[0,1,0],[10,38,167]]
[[0,0,0],[1,0,0],[0,1,0],[2,24,167]]
[[0,0,0],[1,0,0],[0,1,0],[4,44,167]]
[[0,0,0],[1,0,0],[0,1,0],[11,160,167]]
[[0,0,0],[1,0,0],[0,1,0],[13,69,167]]
[[0,0,0],[1,0,0],[0,1,0],[6,6,167]]
[[0,0,0],[1,0,0],[0,1,0],[6,75,167]]
[[0,0,0],[1,0,0],[0,1,0],[2,23,167]]
[[0,0,0],[1,0,0],[0,1,0],[8,61,167]]
[[0,0,0],[1,0,0],[0,1,0],[16,30,167]]
[[0,0,0],[1,0,0],[0,1,0],[35,150,167]]
[[0,0,0],[1,0,0],[0,1,0],[20,155,167]]
[[0,0,0],[1,0,0],[0,1,0],[25,37,167]]
[[0,0,0],[1,0,0],[0,1,0],[5,61,167]]
[[0,0,0],[1,0,0],[0,1,0],[19,23,167]]
[[0,0,0],[1,0,0],[0,1,0],[9,22,167]]
[[0,0,0],[1,0,0],[0,1,0],[35,134,167]]
[[0,0,0],[1,0,0],[0,1,0],[5,24,167]]
[[0,0,0],[1,0,0],[0,1,0],[64,118,167]]
[[0,0,0],[1,0,0],[0,1,0],[36,140,167]]
[[0,0,0],[1,0,0],[0,1,0],[4,53,167]]
[[0,0,0],[1,0,0],[0,1,0],[68,122,167]]
[[0,0,0],[1,0,0],[0,1,0],[1,12,167]]
[[0,0,0],[1,0,0],[0,1,0],[32,148,167]]
[[0,0,0],[1,0,0],[0,1,0],[4,43,167]]
[[0,0,0],[1,0,0],[0,1,0],[11,61,167]]
[[0,0,0],[1,0,0],[0,1,0],[29,32,167]]
[[0,0,0],[1,0,0],[0,1,0],[31,143,167]]
[[0,0,0],[1,0,0],[0,1,0],[2,19,167]]
[[0,0,0],[1,0,0],[0,1,0],[11,47,167]]
[[0,0,0],[1,0,0],[0,1,0],[8,16,167]]
[[0,0,0],[1,0,0],[0,1,0],[27,68,167]]
[[0,0,0],[1,0,0],[0,1,0],[22,40,167]]
[[0,0,0],[1,0,0],[0,1,0],[33,151,167]]
[[0,0,0],[1,0,0],[0,1,0],[2,21,167]]
[[0,0,0],[1,0,0],[0,1,0],[2,4,167]]
[[0,0,0],[1,0,0],[0,1,0],[2,80,167]]
[[0,0,0],[1,0,0],[0,1,0],[25,153,167]]
[[0,0,0],[1,0,0],[0,1,0],[9,48,167]]
[[0,0,0],[1,0,0],[0,1,0],[34,148,167]]
[[0,0,0],[1,0,0],[0,1,0],[48,131,167]]
[[0,0,0],[1,0,0],[0,1,0],[15,55,167]]
[[0,0,0],[1,0,0],[0,1,0],[8,74,167]]
[[0,0,0],[1,0,0],[0,1,0],[36,36,167]]
[[0,0,0],[1,0,0],[0,1,0],[3,35,167]]
[[0,0,0],[1,0,0],[0,1,0],[4,12,167]]
[[0,0,0],[1,0,0],[0,1,0],[2,14,167]]
[[0,0,0],[1,0,0],[0,1,0],[27,141,167]]
[[0,0,0],[1,0,0],[0,1,0],[4,25,167]]
[[0,0,0],[1,0,0],[0,1,0],[20,68,167]]
[[0,0,0],[1,0,0],[0,1,0],[15,20,167]]
[[0,0,0],[1,0,0],[0,1,0],[15,53,167]]
[[0,0,0],[1,0,0],[0,1,0],[10,37,167]]
[[0,0,0],[1,0,0],[0,1,0],[61,115,167]]
[[0,0,0],[1,0,0],[0,1,0],[4,68,167]]
[[0,0,0],[1,0,0],[0,1,0],[10,23,167]]
[[0,0,0],[1,0,0],[0,1,0],[13,35,167]]
[[0,0,0],[1,0,0],[0,1,0],[2,26,167]]
[[0,0,0],[1,0,0],[0,1,0],[13,159,167]]
[[0,0,0],[1,0,0],[0,1,0],[62,109,167]]
[[0,0,0],[1,0,0],[0,1,0],[10,58,167]]
[[0,0,0],[1,0,0],[0,1,0],[10,55,167]]
[[0,0,0],[1,0,0],[0,1,0],[26,60,167]]
[[0,0,0],[1,0,0],[0,1,0],[6,32,167]]
[[0,0,0],[1,0,0],[0,1,0],[23,39,167]]
[[0,0,0],[1,0,0],[0,1,0],[7,19,167]]
[[0,0,0],[1,0,0],[0,1,0],[8,79,167]]
[[0,0,0],[1,0,0],[0,1,0],[4,24,167]]
[[0,0,0],[1,0,0],[0,1,0],[16,45,167]]
[[0,0,0],[1,0,0],[0,1,0],[9,66,167]]
[[0,0,0],[1,0,0],[0,1,0],[4,19,167]]
[[0,0,0],[1,0,0],[0,1,0],[41,61,167]]
[[0,0,0],[1,0,0],[0,1,0],[15,27,167]]
[[0,0,0],[1,0,0],[0,1,0],[29,64,167]]
[[0,0,0],[1,0,0],[0,1,0],[3,63,167]]
[[0,0,0],[1,0,0],[0,1,0],[6,37,167]]
[[0,0,0],[1,0,0],[0,1,0],[33,148,167]]
[[0,0,0],[1,0,0],[0,1,0],[16,70,167]]
[[0,0,0],[1,0,0],[0,1,0],[6,30,167]]
[[0,0,0],[1,0,0],[0,1,0],[2,81,167]]
[[0,0,0],[1,0,0],[0,1,0],[9,68,167]]
[[0,0,0],[1,0,0],[0,1,0],[3,51,167]]
[[0,0,0],[1,0,0],[0,1,0],[2,47,167]]
[[0,0,0],[1,0,0],[0,1,0],[3,5,167]]
[[0,0,0],[1,0,0],[0,1,0],[12,77,167]]
[[0,0,0],[1,0,0],[0,1,0],[6,48,167]]
[[0,0,0],[1,0,0],[0,1,0],[22,37,167]]
[[0,0,0],[1,0,0],[0,1,0],[4,74,167]]
[[0,0,0],[1,0,0],[0,1,0],[53,127,167]]
[[0,0,0],[1,0,0],[0,1,0],[5,62,167]]
[[0,0,0],[1,0,0],[0,1,0],[17,151,167]]
[[0,0,0],[1,0,0],[0,1,0],[4,64,167]]
[[0,0,0],[1,0,0],[0,1,0],[7,54,167]]
[[0,0,0],[1,0,0],[0,1,0],[19,36,167]]
[[0,0,0],[1,0,0],[0,1,0],[29,35,167]]
[[0,0,0],[1,0,0],[0,1,0],[13,43,167]]
[[0,0,0],[1,0,0],[0,1,0],[3,54,167]]
[[0,0,0],[1,0,0],[0,1,0],[19,40,167]]
[[0,0,0],[1,0,0],[0,1,0],[25,48,167]]
[[0,0,0],[1,0,0],[0,1,0],[12,30,167]]
[[0,0,0],[1,0,0],[0,1,0],[12,43,167]]
[[0,0,0],[1,0,0],[0,1,0],[8,11,167]]
[[0,0,0],[1,0,0],[0,1,0],[7,161,167]]
[[0,0,0],[1,0,0],[0,1,0],[26,45,167]]
[[0,0,0],[1,0,0],[0,1,0],[19,158,167]]
[[0,0,0],[1,0,0],[0,1,0],[5,45,167]]
[[0,0,0],[1,0,0],[0,1,0],[17,66,167]]
[[0,0,0],[1,0,0],[0,1,0],[2,71,167]]
[[0,0,0],[1,0,0],[0,1,0],[3,57,167]]
[[0,0,0],[1,0,0],[0,1,0],[22,66,167]]
[[0,0,0],[1,0,0],[0,1,0],[5,19,167]]
[[0,0,0],[1,0,0],[0,1,0],[5,75,167]]
[[0,0,0],[1,0,0],[0,1,0],[15,155,167]]
[[0,0,0],[1,0,0],[0,1,0],[19,150,167]]
[[0,0,0],[1,0,0],[0,1,0],[1,5,167]]
[[0,0,0],[1,0,0],[0,1,0],[25,152,167]]
[[0,0,0],[1,0,0],[0,1,0],[11,31,167]]
[[0,0,0],[1,0,0],[0,1,0],[34,36,167]]
[[0,0,0],[1,0,0],[0,1,0],[4,17,167]]
[[0,0,0],[1,0,0],[0,1,0],[7,31,167]]
[[0,0,0],[1,0,0],[0,1,0],[2,66,167]]
[[0,0,0],[1,0,0],[0,1,0],[26,51,167]]
[[0,0,0],[1,0,0],[0,1,0],[9,72,167]]
[[0,0,0],[1,0,0],[0,1,0],[6,66,167]]
[[0,0,0],[1,0,0],[0,1,0],[2,7,167]]
[[0,0,0],[1,0,0],[0,1,0],[1,40,167]]
[[0,0,0],[1,0,0],[0,1,0],[13,59,167]]
[[0,0,0],[1,0,0],[0,1,0],[30,46,167]]
[[0,0,0],[1,0,0],[0,1,0],[7,51,167]]
[[0,0,0],[1,0,0],[0,1,0],[12,157,167]]
[[0,0,0],[1,0,0],[0,1,0],[11,60,167]]
[[0,0,0],[1,0,0],[0,1,0],[2,41,167]]
[[0,0,0],[1,0,0],[0,1,0],[4,48,167]]
[[0,0,0],[1,0,0],[0,1,0],[7,53,167]]
[[0,0,0],[1,0,0],[0,1,0],[23,31,167]]
[[0,0,0],[1,0,0],[0,1,0],[7,25,167]]
[[0,0,0],[1,0,0],[0,1,0],[8,40,167]]
[[0,0,0],[1,0,0],[0,1,0],[12,50,167]]
[[0,0,0],[1,0,0],[0,1,0],[3,68,167]]
[[0,0,0],[1,0,0],[0,1,0],[15,159,167]]
[[0,0,0],[1,0,0],[0,1,0],[9,34,167]]
[[0,0,0],[1,0,0],[0,1,0],[8,44,167]]
[[0,0,0],[1,0,0],[0,1,0],[36,64,167]]
[[0,0,0],[1,0,0],[0,1,0],[61,124,167]]
[[0,0,0],[1,0,0],[0,1,0],[5,73,167]]
[[0,0,0],[1,0,0],[0,1,0],[9,71,167]]
[[0,0,0],[1,0,0],[0,1,0],[25,146,167]]
[[0,0,0],[1,0,0],[0,1,0],[3,6,167]]
[[0,0,0],[1,0,0],[0,1,0],[6,16,167]]
[[0,0,0],[1,0,0],[0,1,0],[1,43,167]]
[[0,0,0],[1,0,0],[0,1,0],[6,62,167]]
[[0,0,0],[1,0,0],[0,1,0],[7,38,167]]
[[0,0,0],[1,0,0],[0,1,0],[25,47,167]]
[[0,0,0],[1,0,0],[0,1,0],[7,39,167]]
[[0,0,0],[1,0,0],[0,1,0],[60,127,167]]
[[0,0,0],[1,0,0],[0,1,0],[12,12,167]]
[[0,0,0],[1,0,0],[0,1,0],[5,26,167]]
[[0,0,0],[1,0,0],[0,1,0],[34,139,167]]
[[0,0,0],[1,0,0],[0,1,0],[35,139,167]]
[[0,0,0],[1,0,0],[0,1,0],[18,31,167]]
[[0,0,0],[1,0,0],[0,1,0],[7,74,167]]
[[0,0,0],[1,0,0],[0,1,0],[10,68,167]]
[[0,0,0],[1,0,0],[0,1,0],[33,149,167]]
[[0,0,0],[1,0,0],[0,1,0],[3,166,167]]
[[0,0,0],[1,0,0],[0,1,0],[12,63,167]]
[[0,0,0],[1,0,0],[0,1,0],[3,22,167]]
[[0,0,0],[1,0,0],[0,1,0],[27,154,167]]
[[0,0,0],[1,0,0],[0,1,0],[2,34,167]]
[[0,0,0],[1,0,0],[0,1,0],[2,55,167]]
[[0,0,0],[1,0,0],[0,1,0],[13,74,167]]
[[0,0,0],[1,0,0],[0,1,0],[1,35,167]]
[[0,0,0],[1,0,0],[0,1,0],[6,74,167]]
[[0,0,0],[1,0,0],[0,1,0],[6,35,167]]
[[0,0,0],[1,0,0],[0,1,0],[8,72,167]]
[[0,0,0],[1,0,0],[0,1,0],[4,164,167]]
[[0,0,0],[1,0,0],[0,1,0],[1,23,167]]
[[0,0,0],[1,0,0],[0,1,0],[7,10,167]]
[[0,0,0],[1,0,0],[0,1,0],[4,67,167]]
[[0,0,0],[1,0,0],[0,1,0],[17,27,167]]
[[0,0,0],[1,0,0],[0,1,0],[9,74,167]]
[[0,0,0],[1,0,0],[0,1,0],[16,37,167]]
[[0,0,0],[1,0,0],[0,1,0],[7,37,167]]
[[0,0,0],[1,0,0],[0,1,0],[22,60,167]]
[[0,0,0],[1,0,0],[0,1,0],[33,33,167]]
[[0,0,0],[1,0,0],[0,1,0],[5,164,167]]
[[0,0,0],[1,0,0],[0,1,0],[17,36,167]]
[[0,0,0],[1,0,0],[0,1,0],[40,64,167]]
[[0,0,0],[1,0,0],[0,1,0],[9,23,167]]
[[0,0,0],[1,0,0],[0,1,0],[3,40,167]]
[[0,0,0],[1,0,0],[0,1,0],[8,38,167]]
[[0,0,0],[1,0,0],[0,1,0],[5,43,167]]
[[0,0,0],[1,0,0],[0,1,0],[6,60,167]]
[[0,0,0],[1,0,0],[0,1,0],[1,8,167]]
[[0,0,0],[1,0,0],[0,1,0],[10,20,167]]
[[0,0,0],[1,0,0],[0,1,0],[6,51,167]]
[[0,0,0],[1,0,0],[0,1,0],[3,10,167]]
[[0,0,0],[1,0,0],[0,1,0],[3,42,167]]
[[0,0,0],[1,0,0],[0,1,0],[10,60,167]]
[[0,0,0],[1,0,0],[0,1,0],[15,45,167]]
[[0,0,0],[1,0,0],[0,1,0],[19,151,167]]
[[0,0,0],[1,0,0],[0,1,0],[6,44,167]]
[[0,0,0],[1,0,0],[0,1,0],[16,59,167]]
[[0,0,0],[1,0,0],[0,1,0],[2,78,167]]
[[0,0,0],[1,0,0],[0,1,0],[4,8,167]]
[[0,0,0],[1,0,0],[0,1,0],[7,61,167]]
[[0,0,0],[1,0,0],[0,1,0],[10,46,167]]
[[0,0,0],[1,0,0],[0,1,0],[6,61,167]]
[[0,0,0],[1,0,0],[0,1,0],[8,37,167]]
[[0,0,0],[1,0,0],[0,1,0],[29,50,167]]
[[0,0,0],[1,0,0],[0,1,0],[15,60,167]]
[[0,0,0],[1,0,0],[0,1,0],[33,54,167]]
[[0,0,0],[1,0,0],[0,1,0],[23,62,167]]
[[0,0,0],[1,0,0],[0,1,0],[5,38,167]]
[[0,0,0],[1,0,0],[0,1,0],[8,8,167]]
[[0,0,0],[1,0,0],[0,1,0],[11,36,167]]
[[0,0,0],[1,0,0],[0,1,0],[9,15,167]]
[[0,0,0],[1,0,0],[0,1,0],[4,73,167]]
[[0,0,0],[1,0,0],[0,1,0],[13,13,167]]
[[0,0,0],[1,0,0],[0,1,0],[7,46,167]]
[[0,0,0],[1,0,0],[0,1,0],[5,15,167]]
[[0,0,0],[1,0,0],[0,1,0],[23,151,167]]
[[0,0,0],[1,0,0],[0,1,0],[32,32,167]]
[[0,0,0],[1,0,0],[0,1,0],[4,78,167]]
[[0,0,0],[1,0,0],[0,1,0],[13,161,167]]
[[0,0,0],[1,0,0],[0,1,0],[13,155,167]]
[[0,0,0],[1,0,0],[0,1,0],[10,66,167]]
[[0,0,0],[1,0,0],[0,1,0],[2,65,167]]
[[0,0,0],[1,0,0],[0,1,0],[11,41,167]]
[[0,0,0],[1,0,0],[0,1,0],[17,155,167]]
[[0,0,0],[1,0,0],[0,1,0],[37,51,167]]
[[0,0,0],[1,0,0],[0,1,0],[27,61,167]]
[[0,0,0],[1,0,0],[0,1,0],[3,20,167]]
[[0,0,0],[1,0,0],[0,1,0],[19,154,167]]
[[0,0,0],[1,0,0],[0,1,0],[7,24,167]]
[[0,0,0],[1,0,0],[0,1,0],[17,45,167]]
[[0,0,0],[1,0,0],[0,1,0],[20,51,167]]
[[0,0,0],[1,0,0],[0,1,0],[43,128,167]]
[[0,0,0],[1,0,0],[0,1,0],[29,140,167]]
[[0,0,0],[1,0,0],[0,1,0],[4,11,167]]
[[0,0,0],[1,0,0],[0,1,0],[13,31,167]]
[[0,0,0],[1,0,0],[0,1,0],[19,69,167]]
[[0,0,0],[1,0,0],[0,1,0],[18,49,167]]
[[0,0,0],[1,0,0],[0,1,0],[3,24,167]]
[[0,0,0],[1,0,0],[0,1,0],[11,14,167]]
[[0,0,0],[1,0,0],[0,1,0],[4,76,167]]
[[0,0,0],[1,0,0],[0,1,0],[17,159,167]]
[[0,0,0],[1,0,0],[0,1,0],[8,65,167]]
[[0,0,0],[1,0,0],[0,1,0],[26,50,167]]
[[0,0,0],[1,0,0],[0,1,0],[25,27,167]]
[[0,0,0],[1,0,0],[0,1,0],[7,7,167]]
[[0,0,0],[1,0,0],[0,1,0],[16,36,167]]
[[0,0,0],[1,0,0],[0,1,0],[15,25,167]]
[[0,0,0],[1,0,0],[0,1,0],[15,51,167]]
[[0,0,0],[1,0,0],[0,1,0],[12,16,167]]
[[0,0,0],[1,0,0],[0,1,0],[30,43,167]]
[[0,0,0],[1,0,0],[0,1,0],[15,59,167]]
[[0,0,0],[1,0,0],[0,1,0],[4,22,167]]
[[0,0,0],[1,0,0],[0,1,0],[20,60,167]]
[[0,0,0],[1,0,0],[0,1,0],[12,40,167]]
[[0,0,0],[1,0,0],[0,1,0],[3,46,167]]
[[0,0,0],[1,0,0],[0,1,0],[9,9,167]]
[[0,0,0],[1,0,0],[0,1,0],[13,160,167]]
[[0,0,0],[1,0,0],[0,1,0],[3,79,167]]
[[0,0,0],[1,0,0],[0,1,0],[9,69,167]]
[[0,0,0],[1,0,0],[0,1,0],[26,34,167]]
[[0,0,0],[1,0,0],[0,1,0],[2,69,167]]
[[0,0,0],[1,0,0],[0,1,0],[6,46,167]]
[[0,0,0],[1,0,0],[0,1,0],[15,49,167]]
[[0,0,0],[1,0,0],[0,1,0],[18,63,167]]
[[0,0,0],[1,0,0],[0,1,0],[52,52,167]]
[[0,0,0],[1,0,0],[0,1,0],[12,18,167]]
[[0,0,0],[1,0,0],[0,1,0],[34,66,167]]
[[0,0,0],[1,0,0],[0,1,0],[15,39,167]]
[[0,0,0],[1,0,0],[0,1,0],[3,16,167]]
[[0,0,0],[1,0,0],[0,1,0],[5,51,167]]
[[0,0,0],[1,0,0],[0,1,0],[3,15,167]]
[[0,0,0],[1,0,0],[0,1,0],[4,47,167]]
[[0,0,0],[1,0,0],[0,1,0],[5,58,167]]
[[0,0,0],[1,0,0],[0,1,0],[30,37,167]]
[[0,0,0],[1,0,0],[0,1,0],[16,18,167]]
[[0,0,0],[1,0,0],[0,1,0],[2,63,167]]
[[0,0,0],[1,0,0],[0,1,0],[3,71,167]]
[[0,0,0],[1,0,0],[0,1,0],[46,126,167]]
[[0,0,0],[1,0,0],[0,1,0],[11,46,167]]
[[0,0,0],[1,0,0],[0,1,0],[8,52,167]]
[[0,0,0],[1,0,0],[0,1,0],[11,72,167]]
[[0,0,0],[1,0,0],[0,1,0],[8,30,167]]
[[0,0,0],[1,0,0],[0,1,0],[22,46,167]]
[[0,0,0],[1,0,0],[0,1,0],[5,23,167]]
[[0,0,0],[1,0,0],[0,1,0],[10,10,167]]
[[0,0,0],[1,0,0],[0,1,0],[30,52,167]]
[[0,0,0],[1,0,0],[0,1,0],[3,75,167]]
[[0,0,0],[1,0,0],[0,1,0],[1,1,167]]
[[0,0,0],[1,0,0],[0,1,0],[4,75,167]]
[[0,0,0],[1,0,0],[0,1,0],[63,119,167]]
[[0,0,0],[1,0,0],[0,1,0],[5,14,167]]
[[0,0,0],[1,0,0],[0,1,0],[12,78,167]]
[[0,0,0],[1,0,0],[0,1,0],[1,58,167]]
[[0,0,0],[1,0,0],[0,1,0],[15,22,167]]
[[0,0,0],[1,0,0],[0,1,0],[10,32,167]]
[[0,0,0],[1,0,0],[0,1,0],[13,75,167]]
[[0,0,0],[1,0,0],[0,1,0],[9,161,167]]
[[0,0,0],[1,0,0],[0,1,0],[15,41,167]]
[[0,0,0],[1,0,0],[0,1,0],[6,21,167]]
[[0,0,0],[1,0,0],[0,1,0],[2,9,167]]
[[0,0,0],[1,0,0],[0,1,0],[4,26,167]]
[[0,0,0],[1,0,0],[0,1,0],[3,50,167]]
[[0,0,0],[1,0,0],[0,1,0],[7,27,167]]
[[0,0,0],[1,0,0],[0,1,0],[2,29,167]]
[[0,0,0],[1,0,0],[0,1,0],[5,37,167]]
[[0,0,0],[1,0,0],[0,1,0],[1,74,167]]
[[0,0,0],[1,0,0],[0,1,0],[4,32,167]]
[[0,0,0],[1,0,0],[0,1,0],[5,36,167]]
[[0,0,0],[1,0,0],[0,1,0],[16,75,167]]
[[0,0,0],[1,0,0],[0,1,0],[20,48,167]]
[[0,0,0],[1,0,0],[0,1,0],[11,17,167]]
[[0,0,0],[1,0,0],[0,1,0],[9,59,167]]
[[0,0,0],[1,0,0],[0,1,0],[18,18,167]]
[[0,0,0],[1,0,0],[0,1,0],[55,135,167]]
[[0,0,0],[1,0,0],[0,1,0],[9,54,167]]
[[0,0,0],[1,0,0],[0,1,0],[48,52,167]]
[[0,0,0],[1,0,0],[0,1,0],[11,25,167]]
[[0,0,0],[1,0,0],[0,1,0],[7,72,167]]
[[0,0,0],[1,0,0],[0,1,0],[33,66,167]]
[[0,0,0],[1,0,0],[0,1,0],[2,46,167]]
[[0,0,0],[1,0,0],[0,1,0],[22,154,167]]
[[0,0,0],[1,0,0],[0,1,0],[10,69,167]]
[[0,0,0],[1,0,0],[0,1,0],[10,39,167]]
[[0,0,0],[1,0,0],[0,1,0],[9,31,167]]
[[0,0,0],[1,0,0],[0,1,0],[32,64,167]]
[[0,0,0],[1,0,0],[0,1,0],[8,78,167]]
[[0,0,0],[1,0,0],[0,1,0],[17,39,167]]
[[0,0,0],[1,0,0],[0,1,0],[16,27,167]]
[[0,0,0],[1,0,0],[0,1,0],[25,30,167]]
[[0,0,0],[1,0,0],[0,1,0],[2,166,167]]
[[0,0,0],[1,0,0],[0,1,0],[63,135,167]]
[[0,0,0],[1,0,0],[0,1,0],[25,46,167]]
[[0,0,0],[1,0,0],[0,1,0],[2,16,167]]
[[0,0,0],[1,0,0],[0,1,0],[8,48,167]]
[[0,0,0],[1,0,0],[0,1,0],[23,66,167]]
[[0,0,0],[1,0,0],[0,1,0],[26,36,167]]
[[0,0,0],[1,0,0],[0,1,0],[10,57,167]]
[[0,0,0],[1,0,0],[0,1,0],[5,20,167]]
[[0,0,0],[1,0,0],[0,1,0],[1,31,167]]
[[0,0,0],[1,0,0],[0,1,0],[32,47,167]]
[[0,0,0],[1,0,0],[0,1,0],[7,59,167]]
[[0,0,0],[1,0,0],[0,1,0],[5,34,167]]
[[0,0,0],[1,0,0],[0,1,0],[6,40,167]]
[[0,0,0],[1,0,0],[0,1,0],[4,13,167]]
[[0,0,0],[1,0,0],[0,1,0],[9,18,167]]
[[0,0,0],[1,0,0],[0,1,0],[8,34,167]]
[[0,0,0],[1,0,0],[0,1,0],[1,17,167]]
[[0,0,0],[1,0,0],[0,1,0],[6,33,167]]
[[0,0,0],[1,0,0],[0,1,0],[23,53,167]]
[[0,0,0],[1,0,0],[0,1,0],[17,157,167]]
[[0,0,0],[1,0,0],[0,1,0],[2,72,167]]
[[0,0,0],[1,0,0],[0,1,0],[2,27,167]]
[[0,0,0],[1,0,0],[0,1,0],[4,82,167]]
[[0,0,0],[1,0,0],[0,1,0],[4,70,167]]
[[0,0,0],[1,0,0],[0,1,0],[30,63,167]]
[[0,0,0],[1,0,0],[0,1,0],[13,46,167]]
[[0,0,0],[1,0,0],[0,1,0],[5,80,167]]
[[0,0,0],[1,0,0],[0,1,0],[20,22,167]]
[[0,0,0],[1,0,0],[0,1,0],[33,135,167]]
[[0,0,0],[1,0,0],[0,1,0],[34,135,167]]
[[0,0,0],[1,0,0],[0,1,0],[8,22,167]]
[[0,0,0],[1,0,0],[0,1,0],[29,148,167]]
[[0,0,0],[1,0,0],[0,1,0],[1,10,167]]
[[0,0,0],[1,0,0],[0,1,0],[11,74,167]]
[[0,0,0],[1,0,0],[0,1,0],[18,57,167]]
[[0,0,0],[1,0,0],[0,1,0],[9,51,167]]
[[0,0,0],[1,0,0],[0,1,0],[36,137,167]]
[[0,0,0],[1,0,0],[0,1,0],[10,59,167]]
[[0,0,0],[1,0,0],[0,1,0],[48,48,167]]
[[0,0,0],[1,0,0],[0,1,0],[2,59,167]]
[[0,0,0],[1,0,0],[0,1,0],[11,161,167]]
[[0,0,0],[1,0,0],[0,1,0],[26,26,167]]
[[0,0,0],[1,0,0],[0,1,0],[9,52,167]]
[[0,0,0],[1,0,0],[0,1,0],[10,53,167]]
[[0,0,0],[1,0,0],[0,1,0],[2,48,167]]
[[0,0,0],[1,0,0],[0,1,0],[11,32,167]]
[[0,0,0],[1,0,0],[0,1,0],[4,66,167]]
[[0,0,0],[1,0,0],[0,1,0],[18,45,167]]
[[0,0,0],[1,0,0],[0,1,0],[7,14,167]]
[[0,0,0],[1,0,0],[0,1,0],[11,37,167]]
[[0,0,0],[1,0,0],[0,1,0],[10,16,167]]
[[0,0,0],[1,0,0],[0,1,0],[4,69,167]]
[[0,0,0],[1,0,0],[0,1,0],[36,146,167]]
[[0,0,0],[1,0,0],[0,1,0],[8,20,167]]
[[0,0,0],[1,0,0],[0,1,0],[33,60,167]]
[[0,0,0],[1,0,0],[0,1,0],[12,60,167]]
[[0,0,0],[1,0,0],[0,1,0],[20,69,167]]
[[0,0,0],[1,0,0],[0,1,0],[52,128,167]]
[[0,0,0],[1,0,0],[0,1,0],[2,83,167]]
[[0,0,0],[1,0,0],[0,1,0],[13,65,167]]
[[0,0,0],[1,0,0],[0,1,0],[3,33,167]]
[[0,0,0],[1,0,0],[0,1,0],[1,19,167]]
[[0,0,0],[1,0,0],[0,1,0],[17,49,167]]
[[0,0,0],[1,0,0],[0,1,0],[3,61,167]]
[[0,0,0],[1,0,0],[0,1,0],[16,41,167]]
[[0,0,0],[1,0,0],[0,1,0],[6,38,167]]
[[0,0,0],[1,0,0],[0,1,0],[8,62,167]]
[[0,0,0],[1,0,0],[0,1,0],[1,22,167]]
[[0,0,0],[1,0,0],[0,1,0],[8,36,167]]
[[0,0,0],[1,0,0],[0,1,0],[5,8,167]]
[[0,0,0],[1,0,0],[0,1,0],[17,46,167]]
[[0,0,0],[1,0,0],[0,1,0],[15,65,167]]
[[0,0,0],[1,0,0],[0,1,0],[11,19,167]]
[[0,0,0],[1,0,0],[0,1,0],[5,69,167]]
[[0,0,0],[1,0,0],[0,1,0],[20,149,167]]
[[0,0,0],[1,0,0],[0,1,0],[49,134,167]]
[[0,0,0],[1,0,0],[0,1,0],[8,69,167]]
[[0,0,0],[1,0,0],[0,1,0],[2,75,167]]
[[0,0,0],[1,0,0],[0,1,0],[4,55,167]]
[[0,0,0],[1,0,0],[0,1,0],[6,20,167]]
[[0,0,0],[1,0,0],[0,1,0],[13,39,167]]
[[0,0,0],[1,0,0],[0,1,0],[41,52,167]]
[[0,0,0],[1,0,0],[0,1,0],[11,58,167]]
[[0,0,0],[1,0,0],[0,1,0],[7,16,167]]
[[0,0,0],[1,0,0],[0,1,0],[41,127,167]]
[[0,0,0],[1,0,0],[0,1,0],[8,75,167]]
[[0,0,0],[1,0,0],[0,1,0],[18,52,167]]
[[0,0,0],[1,0,0],[0,1,0],[2,53,167]]
[[0,0,0],[1,0,0],[0,1,0],[37,135,167]]
[[0,0,0],[1,0,0],[0,1,0],[40,57,167]]
[[0,0,0],[1,0,0],[0,1,0],[17,20,167]]
[[0,0,0],[1,0,0],[0,1,0],[13,51,167]]
[[0,0,0],[1,0,0],[0,1,0],[31,40,167]]
[[0,0,0],[1,0,0],[0,1,0],[2,58,167]]
[[0,0,0],[1,0,0],[0,1,0],[4,6,167]]
[[0,0,0],[1,0,0],[0,1,0],[13,62,167]]
[[0,0,0],[1,0,0],[0,1,0],[27,46,167]]
[[0,0,0],[1,0,0],[0,1,0],[8,160,167]]
[[0,0,0],[1,0,0],[0,1,0],[10,33,167]]
[[0,0,0],[1,0,0],[0,1,0],[13,158,167]]
[[0,0,0],[1,0,0],[0,1,0],[53,119,167]]
[[0,0,0],[1,0,0],[0,1,0],[34,43,167]]
[[0,0,0],[1,0,0],[0,1,0],[9,32,167]]
[[0,0,0],[1,0,0],[0,1,0],[3,62,167]]
[[0,0,0],[1,0,0],[0,1,0],[35,64,167]]
[[0,0,0],[1,0,0],[0,1,0],[17,40,167]]
[[0,0,0],[1,0,0],[0,1,0],[19,54,167]]
[[0,0,0],[1,0,0],[0,1,0],[12,34,167]]
[[0,0,0],[1,0,0],[0,1,0],[9,70,167]]
[[0,0,0],[1,0,0],[0,1,0],[16,60,167]]
[[0,0,0],[1,0,0],[0,1,0],[6,34,167]]
[[0,0,0],[1,0,0],[0,1,0],[5,21,167]]
[[0,0,0],[1,0,0],[0,1,0],[26,145,167]]
[[0,0,0],[1,0,0],[0,1,0],[11,162,167]]
[[0,0,0],[1,0,0],[0,1,0],[19,26,167]]
[[0,0,0],[1,0,0],[0,1,0],[7,62,167]]
[[0,0,0],[1,0,0],[0,1,0],[25,33,167]]
[[0,0,0],[1,0,0],[0,1,0],[20,25,167]]
[[0,0,0],[1,0,0],[0,1,0],[6,64,167]]
[[0,0,0],[1,0,0],[0,1,0],[37,134,167]]
[[0,0,0],[1,0,0],[0,1,0],[30,69,167]]
[[0,0,0],[1,0,0],[0,1,0],[48,139,167]]
[[0,0,0],[1,0,0],[0,1,0],[4,28,167]]
[[0,0,0],[1,0,0],[0,1,0],[8,70,167]]
[[0,0,0],[1,0,0],[0,1,0],[4,34,167]]
[[0,0,0],[1,0,0],[0,1,0],[16,38,167]]
[[0,0,0],[1,0,0],[0,1,0],[35,35,167]]
[[0,0,0],[1,0,0],[0,1,0],[15,48,167]]
[[0,0,0],[1,0,0],[0,1,0],[36,57,167]]
[[0,0,0],[1,0,0],[0,1,0],[4,16,167]]
[[0,0,0],[1,0,0],[0,1,0],[18,155,167]]
[[0,0,0],[1,0,0],[0,1,0],[4,58,167]]
[[0,0,0],[1,0,0],[0,1,0],[13,41,167]]
[[0,0,0],[1,0,0],[0,1,0],[52,54,167]]
[[0,0,0],[1,0,0],[0,1,0],[12,36,167]]
[[0,0,0],[1,0,0],[0,1,0],[9,60,167]]
[[0,0,0],[1,0,0],[0,1,0],[8,13,167]]
[[0,0,0],[1,0,0],[0,1,0],[2,64,167]]
[[0,0,0],[1,0,0],[0,1,0],[50,122,167]]
[[0,0,0],[1,0,0],[0,1,0],[51,119,167]]
[[0,0,0],[1,0,0],[0,1,0],[20,151,167]]
[[0,0,0],[1,0,0],[0,1,0],[8,51,167]]
[[0,0,0],[1,0,0],[0,1,0],[4,45,167]]
[[0,0,0],[1,0,0],[0,1,0],[15,40,167]]
[[0,0,0],[1,0,0],[0,1,0],[20,43,167]]
[[0,0,0],[1,0,0],[0,1,0],[3,29,167]]
[[0,0,0],[1,0,0],[0,1,0],[12,48,167]]
[[0,0,0],[1,0,0],[0,1,0],[32,146,167]]
[[0,0,0],[1,0,0],[0,1,0],[7,34,167]]
[[0,0,0],[1,0,0],[0,1,0],[11,51,167]]
[[0,0,0],[1,0,0],[0,1,0],[16,31,167]]
[[0,0,0],[1,0,0],[0,1,0],[13,52,167]]
[[0,0,0],[1,0,0],[0,1,0],[2,30,167]]
[[0,0,0],[1,0,0],[0,1,0],[1,30,167]]
[[0,0,0],[1,0,0],[0,1,0],[32,57,167]]
[[0,0,0],[1,0,0],[0,1,0],[16,152,167]]
[[0,0,0],[1,0,0],[0,1,0],[20,45,167]]
[[0,0,0],[1,0,0],[0,1,0],[9,27,167]]
[[0,0,0],[1,0,0],[0,1,0],[18,44,167]]
[[0,0,0],[1,0,0],[0,1,0],[11,158,167]]
[[0,0,0],[1,0,0],[0,1,0],[11,11,167]]
[[0,0,0],[1,0,0],[0,1,0],[8,80,167]]
[[0,0,0],[1,0,0],[0,1,0],[27,33,167]]
[[0,0,0],[1,0,0],[0,1,0],[1,6,167]]
[[0,0,0],[1,0,0],[0,1,0],[61,114,167]]
[[0,0,0],[1,0,0],[0,1,0],[16,48,167]]
[[0,0,0],[1,0,0],[0,1,0],[8,46,167]]
[[0,0,0],[1,0,0],[0,1,0],[26,69,167]]
[[0,0,0],[1,0,0],[0,1,0],[7,26,167]]
[[0,0,0],[1,0,0],[0,1,0],[35,136,167]]
[[0,0,0],[1,0,0],[0,1,0],[7,163,167]]
[[0,0,0],[1,0,0],[0,1,0],[3,18,167]]
[[0,0,0],[1,0,0],[0,1,0],[7,73,167]]
[[0,0,0],[1,0,0],[0,1,0],[5,53,167]]
[[0,0,0],[1,0,0],[0,1,0],[41,48,167]]
[[0,0,0],[1,0,0],[0,1,0],[6,162,167]]
[[0,0,0],[1,0,0],[0,1,0],[6,68,167]]
[[0,0,0],[1,0,0],[0,1,0],[13,64,167]]
[[0,0,0],[1,0,0],[0,1,0],[8,14,167]]
[[0,0,0],[1,0,0],[0,1,0],[7,45,167]]
[[0,0,0],[1,0,0],[0,1,0],[2,13,167]]
[[0,0,0],[1,0,0],[0,1,0],[0,1,167]]
[[0,0,0],[1,0,0],[0,1,0],[3,14,167]]
[[0,0,0],[1,0,0],[0,1,0],[9,61,167]]
[[0,0,0],[1,0,0],[0,1,0],[6,54,167]]
[[0,0,0],[1,0,0],[0,1,0],[6,28,167]]
[[0,0,0],[1,0,0],[0,1,0],[22,64,167]]
[[0,0,0],[1,0,0],[0,1,0],[3,44,167]]
[[0,0,0],[1,0,0],[0,1,0],[1,2,167]]
[[0,0,0],[1,0,0],[0,1,0],[27,151,167]]
[[0,0,0],[1,0,0],[0,1,0],[11,13,167]]
[[0,0,0],[1,0,0],[0,1,0],[3,76,167]]
[[0,0,0],[1,0,0],[0,1,0],[40,40,167]]
[[0,0,0],[1,0,0],[0,1,0],[5,65,167]]
[[0,0,0],[1,0,0],[0,1,0],[6,55,167]]
[[0,0,0],[1,0,0],[0,1,0],[5,78,167]]
[[0,0,0],[1,0,0],[0,1,0],[3,9,167]]
[[0,0,0],[1,0,0],[0,1,0],[6,163,167]]
[[0,0,0],[1,0,0],[0,1,0],[43,136,167]]
[[0,0,0],[1,0,0],[0,1,0],[8,66,167]]
[[0,0,0],[1,0,0],[0,1,0],[10,12,167]]
[[0,0,0],[1,0,0],[0,1,0],[13,44,167]]
[[0,0,0],[1,0,0],[0,1,0],[2,39,167]]
[[0,0,0],[1,0,0],[0,1,0],[5,13,167]]
[[0,0,0],[1,0,0],[0,1,0],[32,49,167]]
[[0,0,0],[1,0,0],[0,1,0],[3,31,167]]
[[0,0,0],[1,0,0],[0,1,0],[18,150,167]]
[[0,0,0],[1,0,0],[0,1,0],[4,21,167]]
[[0,0,0],[1,0,0],[0,1,0],[41,133,167]]
[[0,0,0],[1,0,0],[0,1,0],[13,72,167]]
[[0,0,0],[1,0,0],[0,1,0],[2,8,167]]
[[0,0,0],[1,0,0],[0,1,0],[31,54,167]]
[[0,0,0],[1,0,0],[0,1,0],[7,60,167]]
[[0,0,0],[1,0,0],[0,1,0],[13,15,167]]
[[0,0,0],[1,0,0],[0,1,0],[6,12,167]]
[[0,0,0],[1,0,0],[0,1,0],[2,18,167]]
[[0,0,0],[1,0,0],[0,1,0],[16,44,167]]
[[0,0,0],[1,0,0],[0,1,0],[19,152,167]]
[[0,0,0],[1,0,0],[0,1,0],[3,73,167]]
[[0,0,0],[1,0,0],[0,1,0],[11,159,167]]
[[0,0,0],[1,0,0],[0,1,0],[32,141,167]]
[[0,0,0],[1,0,0],[0,1,0],[17,41,167]]
[[0,0,0],[1,0,0],[0,1,0],[23,25,167]]
[[0,0,0],[1,0,0],[0,1,0],[5,25,167]]
[[0,0,0],[1,0,0],[0,1,0],[7,63,167]]
[[0,0,0],[1,0,0],[0,1,0],[31,62,167]]
[[0,0,0],[1,0,0],[0,1,0],[12,14,167]]
[[0,0,0],[1,0,0],[0,1,0],[9,38,167]]
[[0,0,0],[1,0,0],[0,1,0],[5,18,167]]
