[[0,0,0],[1,0,0],[0,1,0],[21,39,173]]
[[0,0,0],[1,0,0],[0,1,0],[11,55,173]]
[[0,0,0],[1,0,0],[0,1,0],[47,47,173]]
[[0,0,0],[1,0,0],[0,1,0],[54,127,173]]
[[0,0,0],[1,0,0],[0,1,0],[9,16,173]]
[[0,0,0],[1,0,0],[0,1,0],[1,3,173]]
[[0,0,0],[1,0,0],[0,1,0],[12,14,173]]
[[0,0,0],[1,0,0],[0,1,0],[9,38,173]]
[[0,0,0],[1,0,0],[0,1,0],[5,18,173]]
[[0,0,0],[1,0,0],[0,1,0],[19,72,173]]
[[0,0,0],[1,0,0],[0,1,0],[9,30,173]]
[[0,0,0],[1,0,0],[0,1,0],[9,62,173]]
[[0,0,0],[1,0,0],[0,1,0],[22,31,173]]
[[0,0,0],[1,0,0],[0,1,0],[8,27,173]]
[[0,0,0],[1,0,0],[0,1,0],[3,36,173]]
[[0,0,0],[1,0,0],[0,1,0],[6,52,173]]
[[0,0,0],[1,0,0],[0,1,0],[1,53,173]]
[[0,0,0],[1,0,0],[0,1,0],[18,25,173]]
[[0,0,0],[1,0,0],[0,1,0],[19,31,173]]
[[0,0,0],[1,0,0],[0,1,0],[6,39,173]]
[[0,0,0],[1,0,0],[0,1,0],[4,33,173]]
[[0,0,0],[1,0,0],[0,1,0],[27,32,173]]
[[0,0,0],[1,0,0],[0,1,0],[17,48,173]]
[[0,0,0],[1,0,0],[0,1,0],[22,69,173]]
[[0,0,0],[1,0,0],[0,1,0],[12,19,173]]
[[0,0,0],[1,0,0],[0,1,0],[4,39,173]]
[[0,0,0],[1,0,0],[0,1,0],[2,79,173]]
[[0,0,0],[1,0,0],[0,1,0],[15,70,173]]
[[0,0,0],[1,0,0],[0,1,0],[25,36,173]]
[[0,0,0],[1,0,0],[0,1,0],[2,33,173]]
[[0,0,0],[1,0,0],[0,1,0],[5,46,173]]
[[0,0,0],[1,0,0],[0,1,0],[27,160,173]]
[[0,0,0],[1,0,0],[0,1,0],[6,59,173]]
[[0,0,0],[1,0,0],[0,1,0],[23,38,173]]
[[0,0,0],[1,0,0],[0,1,0],[4,57,173]]
[[0,0,0],[1,0,0],[0,1,0],[22,74,173]]
[[0,0,0],[1,0,0],[0,1,0],[17,55,173]]
[[0,0,0],[1,0,0],[0,1,0],[39,57,173]]
[[0,0,0],[1,0,0],[0,1,0],[21,55,173]]
[[0,0,0],[1,0,0],[0,1,0],[3,49,173]]
[[0,0,0],[1,0,0],[0,1,0],[32,35,173]]
[[0,0,0],[1,0,0],[0,1,0],[42,145,173]]
[[0,0,0],[1,0,0],[0,1,0],[3,72,173]]
[[0,0,0],[1,0,0],[0,1,0],[15,78,173]]
[[0,0,0],[1,0,0],[0,1,0],[19,162,173]]
[[0,0,0],[1,0,0],[0,1,0],[20,23,173]]
[[0,0,0],[1,0,0],[0,1,0],[23,68,173]]
[[0,0,0],[1,0,0],[0,1,0],[9,57,173]]
[[0,0,0],[1,0,0],[0,1,0],[7,23,173]]
[[0,0,0],[1,0,0],[0,1,0],[7,55,173]]
[[0,0,0],[1,0,0],[0,1,0],[9,76,173]]
[[0,0,0],[1,0,0],[0,1,0],[2,45,173]]
[[0,0,0],[1,0,0],[0,1,0],[24,151,173]]
[[0,0,0],[1,0,0],[0,1,0],[20,37,173]]
[[0,0,0],[1,0,0],[0,1,0],[1,39,173]]
[[0,0,0],[1,0,0],[0,1,0],[12,35,173]]
[[0,0,0],[1,0,0],[0,1,0],[7,35,173]]
[[0,0,0],[1,0,0],[0,1,0],[8,15,173]]
[[0,0,0],[1,0,0],[0,1,0],[10,44,173]]
[[0,0,0],[1,0,0],[0,1,0],[11,35,173]]
[[0,0,0],[1,0,0],[0,1,0],[6,18,173]]
[[0,0,0],[1,0,0],[0,1,0],[22,153,173]]
[[0,0,0],[1,0,0],[0,1,0],[7,49,173]]
[[0,0,0],[1,0,0],[0,1,0],[11,68,173]]
[[0,0,0],[1,0,0],[0,1,0],[21,24,173]]
[[0,0,0],[1,0,0],[0,1,0],[1,51,173]]
[[0,0,0],[1,0,0],[0,1,0],[16,43,173]]
[[0,0,0],[1,0,0],[0,1,0],[11,168,173]]
[[0,0,0],[1,0,0],[0,1,0],[13,22,173]]
[[0,0,0],[1,0,0],[0,1,0],[13,38,173]]
[[0,0,0],[1,0,0],[0,1,0],[10,27,173]]
[[0,0,0],[1,0,0],[0,1,0],[19,155,173]]
[[0,0,0],[1,0,0],[0,1,0],[3,43,173]]
[[0,0,0],[1,0,0],[0,1,0],[3,17,173]]
[[0,0,0],[1,0,0],[0,1,0],[12,24,173]]
[[0,0,0],[1,0,0],[0,1,0],[11,28,173]]
[[0,0,0],[1,0,0],[0,1,0],[2,11,173]]
[[0,0,0],[1,0,0],[0,1,0],[15,32,173]]
[[0,0,0],[1,0,0],[0,1,0],[3,77,173]]
[[0,0,0],[1,0,0],[0,1,0],[12,54,173]]
[[0,0,0],[1,0,0],[0,1,0],[3,32,173]]
[[0,0,0],[1,0,0],[0,1,0],[55,129,173]]
[[0,0,0],[1,0,0],[0,1,0],[8,56,173]]
[[0,0,0],[1,0,0],[0,1,0],[1,46,173]]
[[0,0,0],[1,0,0],[0,1,0],[7,32,173]]
[[0,0,0],[1,0,0],[0,1,0],[15,160,173]]
[[0,0,0],[1,0,0],[0,1,0],[22,61,173]]
[[0,0,0],[1,0,0],[0,1,0],[9,33,173]]
[[0,0,0],[1,0,0],[0,1,0],[2,51,173]]
[[0,0,0],[1,0,0],[0,1,0],[17,33,173]]
[[0,0,0],[1,0,0],[0,1,0],[1,27,173]]
[[0,0,0],[1,0,0],[0,1,0],[13,70,173]]
[[0,0,0],[1,0,0],[0,1,0],[32,53,173]]
[[0,0,0],[1,0,0],[0,1,0],[2,28,173]]
[[0,0,0],[1,0,0],[0,1,0],[2,20,173]]
[[0,0,0],[1,0,0],[0,1,0],[7,11,173]]
[[0,0,0],[1,0,0],[0,1,0],[5,50,173]]
[[0,0,0],[1,0,0],[0,1,0],[2,15,173]]
[[0,0,0],[1,0,0],[0,1,0],[22,50,173]]
[[0,0,0],[1,0,0],[0,1,0],[46,49,173]]
[[0,0,0],[1,0,0],[0,1,0],[2,2,173]]
[[0,0,0],[1,0,0],[0,1,0],[15,43,173]]
[[0,0,0],[1,0,0],[0,1,0],[35,61,173]]
[[0,0,0],[1,0,0],[0,1,0],[11,48,173]]
[[0,0,0],[1,0,0],[0,1,0],[2,22,173]]
[[0,0,0],[1,0,0],[0,1,0],[9,81,173]]
[[0,0,0],[1,0,0],[0,1,0],[13,18,173]]
[[0,0,0],[1,0,0],[0,1,0],[21,60,173]]
[[0,0,0],[1,0,0],[0,1,0],[5,27,173]]
[[0,0,0],[1,0,0],[0,1,0],[2,70,173]]
[[0,0,0],[1,0,0],[0,1,0],[10,79,173]]
[[0,0,0],[1,0,0],[0,1,0],[3,26,173]]
[[0,0,0],[1,0,0],[0,1,0],[2,38,173]]
[[0,0,0],[1,0,0],[0,1,0],[48,148,173]]
[[0,0,0],[1,0,0],[0,1,0],[4,80,173]]
[[0,0,0],[1,0,0],[0,1,0],[9,12,173]]
[[0,0,0],[1,0,0],[0,1,0],[6,8,173]]
[[0,0,0],[1,0,0],[0,1,0],[4,60,173]]
[[0,0,0],[1,0,0],[0,1,0],[2,56,173]]
[[0,0,0],[1,0,0],[0,1,0],[20,49,173]]
[[0,0,0],[1,0,0],[0,1,0],[13,34,173]]
[[0,0,0],[1,0,0],[0,1,0],[20,20,173]]
[[0,0,0],[1,0,0],[0,1,0],[10,24,173]]
[[0,0,0],[1,0,0],[0,1,0],[11,163,173]]
[[0,0,0],[1,0,0],[0,1,0],[22,68,173]]
[[0,0,0],[1,0,0],[0,1,0],[5,12,173]]
[[0,0,0],[1,0,0],[0,1,0],[12,22,173]]
[[0,0,0],[1,0,0],[0,1,0],[13,67,173]]
[[0,0,0],[1,0,0],[0,1,0],[18,78,173]]
[[0,0,0],[1,0,0],[0,1,0],[3,52,173]]
[[0,0,0],[1,0,0],[0,1,0],[2,42,173]]
[[0,0,0],[1,0,0],[0,1,0],[2,68,173]]
[[0,0,0],[1,0,0],[0,1,0],[2,61,173]]
[[0,0,0],[1,0,0],[0,1,0],[3,64,173]]
[[0,0,0],[1,0,0],[0,1,0],[3,28,173]]
[[0,0,0],[1,0,0],[0,1,0],[27,64,173]]
[[0,0,0],[1,0,0],[0,1,0],[10,63,173]]
[[0,0,0],[1,0,0],[0,1,0],[5,33,173]]
[[0,0,0],[1,0,0],[0,1,0],[18,34,173]]
[[0,0,0],[1,0,0],[0,1,0],[43,142,173]]
[[0,0,0],[1,0,0],[0,1,0],[5,66,173]]
[[0,0,0],[1,0,0],[0,1,0],[10,18,173]]
[[0,0,0],[1,0,0],[0,1,0],[16,25,173]]
[[0,0,0],[1,0,0],[0,1,0],[12,72,173]]
[[0,0,0],[1,0,0],[0,1,0],[24,62,173]]
[[0,0,0],[1,0,0],[0,1,0],[16,51,173]]
[[0,0,0],[1,0,0],[0,1,0],[20,57,173]]
[[0,0,0],[1,0,0],[0,1,0],[49,126,173]]
[[0,0,0],[1,0,0],[0,1,0],[7,67,173]]
[[0,0,0],[1,0,0],[0,1,0],[8,83,173]]
[[0,0,0],[1,0,0],[0,1,0],[6,45,173]]
[[0,0,0],[1,0,0],[0,1,0],[22,152,173]]
[[0,0,0],[1,0,0],[0,1,0],[2,3,173]]
[[0,0,0],[1,0,0],[0,1,0],[19,48,173]]
[[0,0,0],[1,0,0],[0,1,0],[35,45,173]]
[[0,0,0],[1,0,0],[0,1,0],[5,22,173]]
[[0,0,0],[1,0,0],[0,1,0],[6,70,173]]
[[0,0,0],[1,0,0],[0,1,0],[28,157,173]]
[[0,0,0],[1,0,0],[0,1,0],[6,53,173]]
[[0,0,0],[1,0,0],[0,1,0],[32,153,173]]
[[0,0,0],[1,0,0],[0,1,0],[10,17,173]]
[[0,0,0],[1,0,0],[0,1,0],[6,29,173]]
[[0,0,0],[1,0,0],[0,1,0],[14,22,173]]
[[0,0,0],[1,0,0],[0,1,0],[4,85,173]]
[[0,0,0],[1,0,0],[0,1,0],[9,11,173]]
[[0,0,0],[1,0,0],[0,1,0],[5,49,173]]
[[0,0,0],[1,0,0],[0,1,0],[2,172,173]]
[[0,0,0],[1,0,0],[0,1,0],[7,81,173]]
[[0,0,0],[1,0,0],[0,1,0],[8,32,173]]
[[0,0,0],[1,0,0],[0,1,0],[7,17,173]]
[[0,0,0],[1,0,0],[0,1,0],[12,33,173]]
[[0,0,0],[1,0,0],[0,1,0],[2,54,173]]
[[0,0,0],[1,0,0],[0,1,0],[5,32,173]]
[[0,0,0],[1,0,0],[0,1,0],[4,31,173]]
[[0,0,0],[1,0,0],[0,1,0],[10,78,173]]
[[0,0,0],[1,0,0],[0,1,0],[21,37,173]]
[[0,0,0],[1,0,0],[0,1,0],[22,76,173]]
[[0,0,0],[1,0,0],[0,1,0],[10,35,173]]
[[0,0,0],[1,0,0],[0,1,0],[32,151,173]]
[[0,0,0],[1,0,0],[0,1,0],[27,149,173]]
[[0,0,0],[1,0,0],[0,1,0],[8,63,173]]
[[0,0,0],[1,0,0],[0,1,0],[3,78,173]]
[[0,0,0],[1,0,0],[0,1,0],[49,135,173]]
[[0,0,0],[1,0,0],[0,1,0],[35,43,173]]
[[0,0,0],[1,0,0],[0,1,0],[2,35,173]]
[[0,0,0],[1,0,0],[0,1,0],[7,52,173]]
[[0,0,0],[1,0,0],[0,1,0],[4,62,173]]
[[0,0,0],[1,0,0],[0,1,0],[6,169,173]]
[[0,0,0],[1,0,0],[0,1,0],[10,40,173]]
[[0,0,0],[1,0,0],[0,1,0],[10,13,173]]
[[0,0,0],[1,0,0],[0,1,0],[3,11,173]]
[[0,0,0],[1,0,0],[0,1,0],[7,77,173]]
[[0,0,0],[1,0,0],[0,1,0],[4,14,173]]
[[0,0,0],[1,0,0],[0,1,0],[25,43,173]]
[[0,0,0],[1,0,0],[0,1,0],[7,65,173]]
[[0,0,0],[1,0,0],[0,1,0],[11,164,173]]
[[0,0,0],[1,0,0],[0,1,0],[36,139,173]]
[[0,0,0],[1,0,0],[0,1,0],[14,51,173]]
[[0,0,0],[1,0,0],[0,1,0],[1,34,173]]
[[0,0,0],[1,0,0],[0,1,0],[12,20,173]]
[[0,0,0],[1,0,0],[0,1,0],[25,25,173]]
[[0,0,0],[1,0,0],[0,1,0],[7,64,173]]
[[0,0,0],[1,0,0],[0,1,0],[15,44,173]]
[[0,0,0],[1,0,0],[0,1,0],[21,21,173]]
[[0,0,0],[1,0,0],[0,1,0],[46,128,173]]
[[0,0,0],[1,0,0],[0,1,0],[12,21,173]]
[[0,0,0],[1,0,0],[0,1,0],[15,64,173]]
[[0,0,0],[1,0,0],[0,1,0],[7,66,173]]
[[0,0,0],[1,0,0],[0,1,0],[7,71,173]]
[[0,0,0],[1,0,0],[0,1,0],[72,123,173]]
[[0,0,0],[1,0,0],[0,1,0],[5,5,173]]
[[0,0,0],[1,0,0],[0,1,0],[22,72,173]]
[[0,0,0],[1,0,0],[0,1,0],[8,53,173]]
[[0,0,0],[1,0,0],[0,1,0],[7,50,173]]
[[0,0,0],[1,0,0],[0,1,0],[20,74,173]]
[[0,0,0],[1,0,0],[0,1,0],[7,28,173]]
[[0,0,0],[1,0,0],[0,1,0],[4,63,173]]
[[0,0,0],[1,0,0],[0,1,0],[20,157,173]]
[[0,0,0],[1,0,0],[0,1,0],[5,170,173]]
[[0,0,0],[1,0,0],[0,1,0],[5,52,173]]
[[0,0,0],[1,0,0],[0,1,0],[9,13,173]]
[[0,0,0],[1,0,0],[0,1,0],[14,42,173]]
[[0,0,0],[1,0,0],[0,1,0],[17,158,173]]
[[0,0,0],[1,0,0],[0,1,0],[3,12,173]]
[[0,0,0],[1,0,0],[0,1,0],[11,167,173]]
[[0,0,0],[1,0,0],[0,1,0],[6,71,173]]
[[0,0,0],[1,0,0],[0,1,0],[9,45,173]]
[[0,0,0],[1,0,0],[0,1,0],[11,69,173]]
[[0,0,0],[1,0,0],[0,1,0],[15,57,173]]
[[0,0,0],[1,0,0],[0,1,0],[57,145,173]]
[[0,0,0],[1,0,0],[0,1,0],[5,48,173]]
[[0,0,0],[1,0,0],[0,1,0],[5,171,173]]
[[0,0,0],[1,0,0],[0,1,0],[7,9,173]]
[[0,0,0],[1,0,0],[0,1,0],[10,72,173]]
[[0,0,0],[1,0,0],[0,1,0],[20,62,173]]
[[0,0,0],[1,0,0],[0,1,0],[21,30,173]]
[[0,0,0],[1,0,0],[0,1,0],[32,145,173]]
[[0,0,0],[1,0,0],[0,1,0],[46,55,173]]
[[0,0,0],[1,0,0],[0,1,0],[17,62,173]]
[[0,0,0],[1,0,0],[0,1,0],[16,35,173]]
[[0,0,0],[1,0,0],[0,1,0],[37,153,173]]
[[0,0,0],[1,0,0],[0,1,0],[14,66,173]]
[[0,0,0],[1,0,0],[0,1,0],[10,75,173]]
[[0,0,0],[1,0,0],[0,1,0],[16,34,173]]
[[0,0,0],[1,0,0],[0,1,0],[37,155,173]]
[[0,0,0],[1,0,0],[0,1,0],[9,20,173]]
[[0,0,0],[1,0,0],[0,1,0],[1,18,173]]
[[0,0,0],[1,0,0],[0,1,0],[24,155,173]]
[[0,0,0],[1,0,0],[0,1,0],[23,60,173]]
[[0,0,0],[1,0,0],[0,1,0],[7,20,173]]
[[0,0,0],[1,0,0],[0,1,0],[22,161,173]]
[[0,0,0],[1,0,0],[0,1,0],[22,159,173]]
[[0,0,0],[1,0,0],[0,1,0],[1,21,173]]
[[0,0,0],[1,0,0],[0,1,0],[24,30,173]]
[[0,0,0],[1,0,0],[0,1,0],[3,38,173]]
[[0,0,0],[1,0,0],[0,1,0],[12,66,173]]
[[0,0,0],[1,0,0],[0,1,0],[11,22,173]]
[[0,0,0],[1,0,0],[0,1,0],[8,54,173]]
[[0,0,0],[1,0,0],[0,1,0],[3,81,173]]
[[0,0,0],[1,0,0],[0,1,0],[19,27,173]]
[[0,0,0],[1,0,0],[0,1,0],[32,70,173]]
[[0,0,0],[1,0,0],[0,1,0],[7,44,173]]
[[0,0,0],[1,0,0],[0,1,0],[6,41,173]]
[[0,0,0],[1,0,0],[0,1,0],[17,162,173]]
[[0,0,0],[1,0,0],[0,1,0],[12,69,173]]
[[0,0,0],[1,0,0],[0,1,0],[24,64,173]]
[[0,0,0],[1,0,0],[0,1,0],[12,62,173]]
[[0,0,0],[1,0,0],[0,1,0],[1,80,173]]
[[0,0,0],[1,0,0],[0,1,0],[17,64,173]]
[[0,0,0],[1,0,0],[0,1,0],[23,158,173]]
[[0,0,0],[1,0,0],[0,1,0],[8,47,173]]
[[0,0,0],[1,0,0],[0,1,0],[78,121,173]]
[[0,0,0],[1,0,0],[0,1,0],[13,162,173]]
[[0,0,0],[1,0,0],[0,1,0],[4,35,173]]
[[0,0,0],[1,0,0],[0,1,0],[6,50,173]]
[[0,0,0],[1,0,0],[0,1,0],[15,15,173]]
[[0,0,0],[1,0,0],[0,1,0],[35,50,173]]
[[0,0,0],[1,0,0],[0,1,0],[2,67,173]]
[[0,0,0],[1,0,0],[0,1,0],[3,23,173]]
[[0,0,0],[1,0,0],[0,1,0],[10,43,173]]
[[0,0,0],[1,0,0],[0,1,0],[5,74,173]]
[[0,0,0],[1,0,0],[0,1,0],[6,10,173]]
[[0,0,0],[1,0,0],[0,1,0],[4,27,173]]
[[0,0,0],[1,0,0],[0,1,0],[12,76,173]]
[[0,0,0],[1,0,0],[0,1,0],[23,37,173]]
[[0,0,0],[1,0,0],[0,1,0],[5,55,173]]
[[0,0,0],[1,0,0],[0,1,0],[8,77,173]]
[[0,0,0],[1,0,0],[0,1,0],[25,156,173]]
[[0,0,0],[1,0,0],[0,1,0],[5,41,173]]
[[0,0,0],[1,0,0],[0,1,0],[13,48,173]]
[[0,0,0],[1,0,0],[0,1,0],[14,48,173]]
[[0,0,0],[1,0,0],[0,1,0],[35,156,173]]
[[0,0,0],[1,0,0],[0,1,0],[4,77,173]]
[[0,0,0],[1,0,0],[0,1,0],[8,21,173]]
[[0,0,0],[1,0,0],[0,1,0],[49,49,173]]
[[0,0,0],[1,0,0],[0,1,0],[34,64,173]]
[[0,0,0],[1,0,0],[0,1,0],[5,30,173]]
[[0,0,0],[1,0,0],[0,1,0],[9,49,173]]
[[0,0,0],[1,0,0],[0,1,0],[2,77,173]]
[[0,0,0],[1,0,0],[0,1,0],[13,49,173]]
[[0,0,0],[1,0,0],[0,1,0],[14,44,173]]
[[0,0,0],[1,0,0],[0,1,0],[23,48,173]]
[[0,0,0],[1,0,0],[0,1,0],[25,41,173]]
[[0,0,0],[1,0,0],[0,1,0],[34,70,173]]
[[0,0,0],[1,0,0],[0,1,0],[3,47,173]]
[[0,0,0],[1,0,0],[0,1,0],[45,129,173]]
[[0,0,0],[1,0,0],[0,1,0],[2,49,173]]
[[0,0,0],[1,0,0],[0,1,0],[24,48,173]]
[[0,0,0],[1,0,0],[0,1,0],[22,59,173]]
[[0,0,0],[1,0,0],[0,1,0],[17,67,173]]
[[0,0,0],[1,0,0],[0,1,0],[36,54,173]]
[[0,0,0],[1,0,0],[0,1,0],[51,124,173]]
[[0,0,0],[1,0,0],[0,1,0],[4,51,173]]
[[0,0,0],[1,0,0],[0,1,0],[3,45,173]]
[[0,0,0],[1,0,0],[0,1,0],[14,41,173]]
[[0,0,0],[1,0,0],[0,1,0],[8,12,173]]
[[0,0,0],[1,0,0],[0,1,0],[15,73,173]]
[[0,0,0],[1,0,0],[0,1,0],[7,78,173]]
[[0,0,0],[1,0,0],[0,1,0],[9,50,173]]
[[0,0,0],[1,0,0],[0,1,0],[19,35,173]]
[[0,0,0],[1,0,0],[0,1,0],[3,70,173]]
[[0,0,0],[1,0,0],[0,1,0],[2,60,173]]
[[0,0,0],[1,0,0],[0,1,0],[8,23,173]]
[[0,0,0],[1,0,0],[0,1,0],[3,60,173]]
[[0,0,0],[1,0,0],[0,1,0],[16,50,173]]
[[0,0,0],[1,0,0],[0,1,0],[2,52,173]]
[[0,0,0],[1,0,0],[0,1,0],[10,30,173]]
[[0,0,0],[1,0,0],[0,1,0],[12,38,173]]
[[0,0,0],[1,0,0],[0,1,0],[18,70,173]]
[[0,0,0],[1,0,0],[0,1,0],[5,9,173]]
[[0,0,0],[1,0,0],[0,1,0],[11,39,173]]
[[0,0,0],[1,0,0],[0,1,0],[4,23,173]]
[[0,0,0],[1,0,0],[0,1,0],[12,80,173]]
[[0,0,0],[1,0,0],[0,1,0],[5,29,173]]
[[0,0,0],[1,0,0],[0,1,0],[6,47,173]]
[[0,0,0],[1,0,0],[0,1,0],[14,20,173]]
[[0,0,0],[1,0,0],[0,1,0],[8,19,173]]
[[0,0,0],[1,0,0],[0,1,0],[4,50,173]]
[[0,0,0],[1,0,0],[0,1,0],[19,60,173]]
[[0,0,0],[1,0,0],[0,1,0],[3,39,173]]
[[0,0,0],[1,0,0],[0,1,0],[3,172,173]]
[[0,0,0],[1,0,0],[0,1,0],[6,17,173]]
[[0,0,0],[1,0,0],[0,1,0],[5,76,173]]
[[0,0,0],[1,0,0],[0,1,0],[5,83,173]]
[[0,0,0],[1,0,0],[0,1,0],[6,9,173]]
[[0,0,0],[1,0,0],[0,1,0],[14,160,173]]
[[0,0,0],[1,0,0],[0,1,0],[17,25,173]]
[[0,0,0],[1,0,0],[0,1,0],[36,148,173]]
[[0,0,0],[1,0,0],[0,1,0],[1,25,173]]
[[0,0,0],[1,0,0],[0,1,0],[17,44,173]]
[[0,0,0],[1,0,0],[0,1,0],[3,65,173]]
[[0,0,0],[1,0,0],[0,1,0],[31,43,173]]
[[0,0,0],[1,0,0],[0,1,0],[24,157,173]]
[[0,0,0],[1,0,0],[0,1,0],[27,67,173]]
[[0,0,0],[1,0,0],[0,1,0],[14,161,173]]
[[0,0,0],[1,0,0],[0,1,0],[15,19,173]]
[[0,0,0],[1,0,0],[0,1,0],[12,67,173]]
[[0,0,0],[1,0,0],[0,1,0],[1,57,173]]
[[0,0,0],[1,0,0],[0,1,0],[3,66,173]]
[[0,0,0],[1,0,0],[0,1,0],[9,43,173]]
[[0,0,0],[1,0,0],[0,1,0],[17,164,173]]
[[0,0,0],[1,0,0],[0,1,0],[3,21,173]]
[[0,0,0],[1,0,0],[0,1,0],[1,9,173]]
[[0,0,0],[1,0,0],[0,1,0],[9,26,173]]
[[0,0,0],[1,0,0],[0,1,0],[15,71,173]]
[[0,0,0],[1,0,0],[0,1,0],[4,170,173]]
[[0,0,0],[1,0,0],[0,1,0],[10,164,173]]
[[0,0,0],[1,0,0],[0,1,0],[6,14,173]]
[[0,0,0],[1,0,0],[0,1,0],[7,33,173]]
[[0,0,0],[1,0,0],[0,1,0],[28,44,173]]
[[0,0,0],[1,0,0],[0,1,0],[30,64,173]]
[[0,0,0],[1,0,0],[0,1,0],[4,84,173]]
[[0,0,0],[1,0,0],[0,1,0],[2,73,173]]
[[0,0,0],[1,0,0],[0,1,0],[46,134,173]]
[[0,0,0],[1,0,0],[0,1,0],[2,76,173]]
[[0,0,0],[1,0,0],[0,1,0],[19,163,173]]
[[0,0,0],[1,0,0],[0,1,0],[24,35,173]]
[[0,0,0],[1,0,0],[0,1,0],[31,57,173]]
[[0,0,0],[1,0,0],[0,1,0],[17,68,173]]
[[0,0,0],[1,0,0],[0,1,0],[5,47,173]]
[[0,0,0],[1,0,0],[0,1,0],[8,39,173]]
[[0,0,0],[1,0,0],[0,1,0],[38,60,173]]
[[0,0,0],[1,0,0],[0,1,0],[6,23,173]]
[[0,0,0],[1,0,0],[0,1,0],[10,25,173]]
[[0,0,0],[1,0,0],[0,1,0],[7,57,173]]
[[0,0,0],[1,0,0],[0,1,0],[16,72,173]]
[[0,0,0],[1,0,0],[0,1,0],[14,16,173]]
[[0,0,0],[1,0,0],[0,1,0],[25,34,173]]
[[0,0,0],[1,0,0],[0,1,0],[4,52,173]]
[[0,0,0],[1,0,0],[0,1,0],[34,44,173]]
[[0,0,0],[1,0,0],[0,1,0],[4,29,173]]
[[0,0,0],[1,0,0],[0,1,0],[30,30,173]]
[[0,0,0],[1,0,0],[0,1,0],[4,36,173]]
[[0,0,0],[1,0,0],[0,1,0],[12,45,173]]
[[0,0,0],[1,0,0],[0,1,0],[11,75,173]]
[[0,0,0],[1,0,0],[0,1,0],[12,81,173]]
[[0,0,0],[1,0,0],[0,1,0],[13,24,173]]
[[0,0,0],[1,0,0],[0,1,0],[8,82,173]]
[[0,0,0],[1,0,0],[0,1,0],[5,63,173]]
[[0,0,0],[1,0,0],[0,1,0],[2,50,173]]
[[0,0,0],[1,0,0],[0,1,0],[14,37,173]]
[[0,0,0],[1,0,0],[0,1,0],[9,39,173]]
[[0,0,0],[1,0,0],[0,1,0],[9,36,173]]
[[0,0,0],[1,0,0],[0,1,0],[2,62,173]]
[[0,0,0],[1,0,0],[0,1,0],[10,22,173]]
[[0,0,0],[1,0,0],[0,1,0],[34,55,173]]
[[0,0,0],[1,0,0],[0,1,0],[1,44,173]]
[[0,0,0],[1,0,0],[0,1,0],[2,31,173]]
[[0,0,0],[1,0,0],[0,1,0],[10,14,173]]
[[0,0,0],[1,0,0],[0,1,0],[11,20,173]]
[[0,0,0],[1,0,0],[0,1,0],[19,41,173]]
[[0,0,0],[1,0,0],[0,1,0],[5,57,173]]
[[0,0,0],[1,0,0],[0,1,0],[3,48,173]]
[[0,0,0],[1,0,0],[0,1,0],[32,48,173]]
[[0,0,0],[1,0,0],[0,1,0],[17,72,173]]
[[0,0,0],[1,0,0],[0,1,0],[8,64,173]]
[[0,0,0],[1,0,0],[0,1,0],[25,157,173]]
[[0,0,0],[1,0,0],[0,1,0],[31,51,173]]
[[0,0,0],[1,0,0],[0,1,0],[7,41,173]]
[[0,0,0],[1,0,0],[0,1,0],[2,86,173]]
[[0,0,0],[1,0,0],[0,1,0],[4,71,173]]
[[0,0,0],[1,0,0],[0,1,0],[8,71,173]]
[[0,0,0],[1,0,0],[0,1,0],[8,35,173]]
[[0,0,0],[1,0,0],[0,1,0],[3,13,173]]
[[0,0,0],[1,0,0],[0,1,0],[3,8,173]]
[[0,0,0],[1,0,0],[0,1,0],[7,70,173]]
[[0,0,0],[1,0,0],[0,1,0],[9,44,173]]
[[0,0,0],[1,0,0],[0,1,0],[18,24,173]]
[[0,0,0],[1,0,0],[0,1,0],[2,44,173]]
[[0,0,0],[1,0,0],[0,1,0],[1,49,173]]
[[0,0,0],[1,0,0],[0,1,0],[6,168,173]]
[[0,0,0],[1,0,0],[0,1,0],[18,75,173]]
[[0,0,0],[1,0,0],[0,1,0],[25,66,173]]
[[0,0,0],[1,0,0],[0,1,0],[1,7,173]]
[[0,0,0],[1,0,0],[0,1,0],[10,15,173]]
[[0,0,0],[1,0,0],[0,1,0],[21,46,173]]
[[0,0,0],[1,0,0],[0,1,0],[6,24,173]]
[[0,0,0],[1,0,0],[0,1,0],[13,55,173]]
[[0,0,0],[1,0,0],[0,1,0],[23,154,173]]
[[0,0,0],[1,0,0],[0,1,0],[5,28,173]]
[[0,0,0],[1,0,0],[0,1,0],[2,32,173]]
[[0,0,0],[1,0,0],[0,1,0],[42,44,173]]
[[0,0,0],[1,0,0],[0,1,0],[3,27,173]]
[[0,0,0],[1,0,0],[0,1,0],[15,34,173]]
[[0,0,0],[1,0,0],[0,1,0],[48,54,173]]
[[0,0,0],[1,0,0],[0,1,0],[3,30,173]]
[[0,0,0],[1,0,0],[0,1,0],[17,165,173]]
[[0,0,0],[1,0,0],[0,1,0],[23,61,173]]
[[0,0,0],[1,0,0],[0,1,0],[2,74,173]]
[[0,0,0],[1,0,0],[0,1,0],[8,42,173]]
[[0,0,0],[1,0,0],[0,1,0],[8,59,173]]
[[0,0,0],[1,0,0],[0,1,0],[2,12,173]]
[[0,0,0],[1,0,0],[0,1,0],[23,56,173]]
[[0,0,0],[1,0,0],[0,1,0],[3,59,173]]
[[0,0,0],[1,0,0],[0,1,0],[3,3,173]]
[[0,0,0],[1,0,0],[0,1,0],[4,38,173]]
[[0,0,0],[1,0,0],[0,1,0],[39,135,173]]
[[0,0,0],[1,0,0],[0,1,0],[17,161,173]]
[[0,0,0],[1,0,0],[0,1,0],[66,129,173]]
[[0,0,0],[1,0,0],[0,1,0],[5,64,173]]
[[0,0,0],[1,0,0],[0,1,0],[15,47,173]]
[[0,0,0],[1,0,0],[0,1,0],[66,138,173]]
[[0,0,0],[1,0,0],[0,1,0],[3,41,173]]
[[0,0,0],[1,0,0],[0,1,0],[3,34,173]]
[[0,0,0],[1,0,0],[0,1,0],[12,44,173]]
[[0,0,0],[1,0,0],[0,1,0],[57,123,173]]
[[0,0,0],[1,0,0],[0,1,0],[27,37,173]]
[[0,0,0],[1,0,0],[0,1,0],[21,155,173]]
[[0,0,0],[1,0,0],[0,1,0],[1,16,173]]
[[0,0,0],[1,0,0],[0,1,0],[7,21,173]]
[[0,0,0],[1,0,0],[0,1,0],[30,50,173]]
[[0,0,0],[1,0,0],[0,1,0],[6,69,173]]
[[0,0,0],[1,0,0],[0,1,0],[27,27,173]]
[[0,0,0],[1,0,0],[0,1,0],[15,35,173]]
[[0,0,0],[1,0,0],[0,1,0],[6,73,173]]
[[0,0,0],[1,0,0],[0,1,0],[4,37,173]]
[[0,0,0],[1,0,0],[0,1,0],[14,78,173]]
[[0,0,0],[1,0,0],[0,1,0],[11,66,173]]
[[0,0,0],[1,0,0],[0,1,0],[11,53,173]]
[[0,0,0],[1,0,0],[0,1,0],[18,43,173]]
[[0,0,0],[1,0,0],[0,1,0],[1,20,173]]
[[0,0,0],[1,0,0],[0,1,0],[32,147,173]]
[[0,0,0],[1,0,0],[0,1,0],[17,42,173]]
[[0,0,0],[1,0,0],[0,1,0],[19,57,173]]
[[0,0,0],[1,0,0],[0,1,0],[2,25,173]]
[[0,0,0],[1,0,0],[0,1,0],[28,149,173]]
[[0,0,0],[1,0,0],[0,1,0],[8,68,173]]
[[0,0,0],[1,0,0],[0,1,0],[13,76,173]]
[[0,0,0],[1,0,0],[0,1,0],[24,75,173]]
[[0,0,0],[1,0,0],[0,1,0],[10,19,173]]
[[0,0,0],[1,0,0],[0,1,0],[25,68,173]]
[[0,0,0],[1,0,0],[0,1,0],[37,139,173]]
[[0,0,0],[1,0,0],[0,1,0],[6,77,173]]
[[0,0,0],[1,0,0],[0,1,0],[45,151,173]]
[[0,0,0],[1,0,0],[0,1,0],[1,15,173]]
[[0,0,0],[1,0,0],[0,1,0],[11,62,173]]
[[0,0,0],[1,0,0],[0,1,0],[38,62,173]]
[[0,0,0],[1,0,0],[0,1,0],[7,47,173]]
[[0,0,0],[1,0,0],[0,1,0],[28,146,173]]
[[0,0,0],[1,0,0],[0,1,0],[20,36,173]]
[[0,0,0],[1,0,0],[0,1,0],[6,72,173]]
[[0,0,0],[1,0,0],[0,1,0],[36,46,173]]
[[0,0,0],[1,0,0],[0,1,0],[31,153,173]]
[[0,0,0],[1,0,0],[0,1,0],[3,53,173]]
[[0,0,0],[1,0,0],[0,1,0],[4,15,173]]
[[0,0,0],[1,0,0],[0,1,0],[8,167,173]]
[[0,0,0],[1,0,0],[0,1,0],[8,166,173]]
[[0,0,0],[1,0,0],[0,1,0],[7,75,173]]
[[0,0,0],[1,0,0],[0,1,0],[2,57,173]]
[[0,0,0],[1,0,0],[0,1,0],[4,20,173]]
[[0,0,0],[1,0,0],[0,1,0],[10,45,173]]
[[0,0,0],[1,0,0],[0,1,0],[6,36,173]]
[[0,0,0],[1,0,0],[0,1,0],[22,43,173]]
[[0,0,0],[1,0,0],[0,1,0],[7,168,173]]
[[0,0,0],[1,0,0],[0,1,0],[6,26,173]]
[[0,0,0],[1,0,0],[0,1,0],[11,70,173]]
[[0,0,0],[1,0,0],[0,1,0],[12,27,173]]
[[0,0,0],[1,0,0],[0,1,0],[3,37,173]]
[[0,0,0],[1,0,0],[0,1,0],[28,73,173]]
[[0,0,0],[1,0,0],[0,1,0],[5,77,173]]
[[0,0,0],[1,0,0],[0,1,0],[8,31,173]]
[[0,0,0],[1,0,0],[0,1,0],[8,43,173]]
[[0,0,0],[1,0,0],[0,1,0],[23,67,173]]
[[0,0,0],[1,0,0],[0,1,0],[5,17,173]]
[[0,0,0],[1,0,0],[0,1,0],[7,43,173]]
[[0,0,0],[1,0,0],[0,1,0],[11,15,173]]
[[0,0,0],[1,0,0],[0,1,0],[3,80,173]]
[[0,0,0],[1,0,0],[0,1,0],[14,25,173]]
[[0,0,0],[1,0,0],[0,1,0],[1,38,173]]
[[0,0,0],[1,0,0],[0,1,0],[14,26,173]]
[[0,0,0],[1,0,0],[0,1,0],[6,57,173]]
[[0,0,0],[1,0,0],[0,1,0],[2,6,173]]
[[0,0,0],[1,0,0],[0,1,0],[3,69,173]]
[[0,0,0],[1,0,0],[0,1,0],[14,39,173]]
[[0,0,0],[1,0,0],[0,1,0],[5,60,173]]
[[0,0,0],[1,0,0],[0,1,0],[7,18,173]]
[[0,0,0],[1,0,0],[0,1,0],[13,26,173]]
[[0,0,0],[1,0,0],[0,1,0],[14,36,173]]
[[0,0,0],[1,0,0],[0,1,0],[9,17,173]]
[[0,0,0],[1,0,0],[0,1,0],[13,47,173]]
[[0,0,0],[1,0,0],[0,1,0],[2,40,173]]
[[0,0,0],[1,0,0],[0,1,0],[4,30,173]]
[[0,0,0],[1,0,0],[0,1,0],[5,35,173]]
[[0,0,0],[1,0,0],[0,1,0],[23,41,173]]
[[0,0,0],[1,0,0],[0,1,0],[2,17,173]]
[[0,0,0],[1,0,0],[0,1,0],[16,56,173]]
[[0,0,0],[1,0,0],[0,1,0],[19,33,173]]
[[0,0,0],[1,0,0],[0,1,0],[2,37,173]]
[[0,0,0],[1,0,0],[0,1,0],[6,11,173]]
[[0,0,0],[1,0,0],[0,1,0],[18,50,173]]
[[0,0,0],[1,0,0],[0,1,0],[4,72,173]]
[[0,0,0],[1,0,0],[0,1,0],[45,142,173]]
[[0,0,0],[1,0,0],[0,1,0],[4,7,173]]
[[0,0,0],[1,0,0],[0,1,0],[31,157,173]]
[[0,0,0],[1,0,0],[0,1,0],[1,4,173]]
[[0,0,0],[1,0,0],[0,1,0],[34,42,173]]
[[0,0,0],[1,0,0],[0,1,0],[43,57,173]]
[[0,0,0],[1,0,0],[0,1,0],[7,40,173]]
[[0,0,0],[1,0,0],[0,1,0],[1,11,173]]
[[0,0,0],[1,0,0],[0,1,0],[14,18,173]]
[[0,0,0],[1,0,0],[0,1,0],[6,56,173]]
[[0,0,0],[1,0,0],[0,1,0],[10,67,173]]
[[0,0,0],[1,0,0],[0,1,0],[19,70,173]]
[[0,0,0],[1,0,0],[0,1,0],[5,72,173]]
[[0,0,0],[1,0,0],[0,1,0],[18,66,173]]
[[0,0,0],[1,0,0],[0,1,0],[21,27,173]]
[[0,0,0],[1,0,0],[0,1,0],[17,19,173]]
[[0,0,0],[1,0,0],[0,1,0],[34,61,173]]
[[0,0,0],[1,0,0],[0,1,0],[25,149,173]]
[[0,0,0],[1,0,0],[0,1,0],[23,72,173]]
[[0,0,0],[1,0,0],[0,1,0],[8,26,173]]
[[0,0,0],[1,0,0],[0,1,0],[20,39,173]]
[[0,0,0],[1,0,0],[0,1,0],[3,19,173]]
[[0,0,0],[1,0,0],[0,1,0],[4,61,173]]
[[0,0,0],[1,0,0],[0,1,0],[4,49,173]]
[[0,0,0],[1,0,0],[0,1,0],[21,62,173]]
[[0,0,0],[1,0,0],[0,1,0],[17,60,173]]
[[0,0,0],[1,0,0],[0,1,0],[3,55,173]]
[[0,0,0],[1,0,0],[0,1,0],[28,49,173]]
[[0,0,0],[1,0,0],[0,1,0],[12,163,173]]
[[0,0,0],[1,0,0],[0,1,0],[4,46,173]]
[[0,0,0],[1,0,0],[0,1,0],[12,79,173]]
[[0,0,0],[1,0,0],[0,1,0],[7,69,173]]
[[0,0,0],[1,0,0],[0,1,0],[13,36,173]]
[[0,0,0],[1,0,0],[0,1,0],[27,34,173]]
[[0,0,0],[1,0,0],[0,1,0],[5,10,173]]
[[0,0,0],[1,0,0],[0,1,0],[20,27,173]]
[[0,0,0],[1,0,0],[0,1,0],[17,43,173]]
[[0,0,0],[1,0,0],[0,1,0],[2,10,173]]
[[0,0,0],[1,0,0],[0,1,0],[11,16,173]]
[[0,0,0],[1,0,0],[0,1,0],[19,32,173]]
[[0,0,0],[1,0,0],[0,1,0],[35,53,173]]
[[0,0,0],[1,0,0],[0,1,0],[4,42,173]]
[[0,0,0],[1,0,0],[0,1,0],[14,68,173]]
[[0,0,0],[1,0,0],[0,1,0],[27,30,173]]
[[0,0,0],[1,0,0],[0,1,0],[6,27,173]]
[[0,0,0],[1,0,0],[0,1,0],[11,49,173]]
[[0,0,0],[1,0,0],[0,1,0],[16,24,173]]
[[0,0,0],[1,0,0],[0,1,0],[6,78,173]]
[[0,0,0],[1,0,0],[0,1,0],[16,79,173]]
[[0,0,0],[1,0,0],[0,1,0],[11,42,173]]
[[0,0,0],[1,0,0],[0,1,0],[31,145,173]]
[[0,0,0],[1,0,0],[0,1,0],[32,143,173]]
[[0,0,0],[1,0,0],[0,1,0],[12,17,173]]
[[0,0,0],[1,0,0],[0,1,0],[23,156,173]]
[[0,0,0],[1,0,0],[0,1,0],[11,44,173]]
[[0,0,0],[1,0,0],[0,1,0],[60,123,173]]
[[0,0,0],[1,0,0],[0,1,0],[10,62,173]]
[[0,0,0],[1,0,0],[0,1,0],[9,14,173]]
[[0,0,0],[1,0,0],[0,1,0],[4,41,173]]
[[0,0,0],[1,0,0],[0,1,0],[7,13,173]]
[[0,0,0],[1,0,0],[0,1,0],[18,53,173]]
[[0,0,0],[1,0,0],[0,1,0],[2,36,173]]
[[0,0,0],[1,0,0],[0,1,0],[5,7,173]]
[[0,0,0],[1,0,0],[0,1,0],[20,71,173]]
[[0,0,0],[1,0,0],[0,1,0],[9,73,173]]
[[0,0,0],[1,0,0],[0,1,0],[9,53,173]]
[[0,0,0],[1,0,0],[0,1,0],[4,4,173]]
[[0,0,0],[1,0,0],[0,1,0],[6,65,173]]
[[0,0,0],[1,0,0],[0,1,0],[5,40,173]]
[[0,0,0],[1,0,0],[0,1,0],[4,81,173]]
[[0,0,0],[1,0,0],[0,1,0],[18,48,173]]
[[0,0,0],[1,0,0],[0,1,0],[23,152,173]]
[[0,0,0],[1,0,0],[0,1,0],[42,66,173]]
[[0,0,0],[1,0,0],[0,1,0],[31,48,173]]
[[0,0,0],[1,0,0],[0,1,0],[19,38,173]]
[[0,0,0],[1,0,0],[0,1,0],[39,154,173]]
[[0,0,0],[1,0,0],[0,1,0],[4,10,173]]
[[0,0,0],[1,0,0],[0,1,0],[3,67,173]]
[[0,0,0],[1,0,0],[0,1,0],[39,44,173]]
[[0,0,0],[1,0,0],[0,1,0],[10,47,173]]
[[0,0,0],[1,0,0],[0,1,0],[11,30,173]]
[[0,0,0],[1,0,0],[0,1,0],[16,16,173]]
[[0,0,0],[1,0,0],[0,1,0],[37,145,173]]
[[0,0,0],[1,0,0],[0,1,0],[16,19,173]]
[[0,0,0],[1,0,0],[0,1,0],[21,163,173]]
[[0,0,0],[1,0,0],[0,1,0],[1,13,173]]
[[0,0,0],[1,0,0],[0,1,0],[3,7,173]]
[[0,0,0],[1,0,0],[0,1,0],[15,26,173]]
[[0,0,0],[1,0,0],[0,1,0],[4,65,173]]
[[0,0,0],[1,0,0],[0,1,0],[14,34,173]]
[[0,0,0],[1,0,0],[0,1,0],[24,50,173]]
[[0,0,0],[1,0,0],[0,1,0],[55,140,173]]
[[0,0,0],[1,0,0],[0,1,0],[23,153,173]]
[[0,0,0],[1,0,0],[0,1,0],[2,82,173]]
[[0,0,0],[1,0,0],[0,1,0],[13,54,173]]
[[0,0,0],[1,0,0],[0,1,0],[28,35,173]]
[[0,0,0],[1,0,0],[0,1,0],[22,56,173]]
[[0,0,0],[1,0,0],[0,1,0],[4,59,173]]
[[0,0,0],[1,0,0],[0,1,0],[13,23,173]]
[[0,0,0],[1,0,0],[0,1,0],[35,39,173]]
[[0,0,0],[1,0,0],[0,1,0],[1,42,173]]
[[0,0,0],[1,0,0],[0,1,0],[37,44,173]]
[[0,0,0],[1,0,0],[0,1,0],[6,22,173]]
[[0,0,0],[1,0,0],[0,1,0],[60,122,173]]
[[0,0,0],[1,0,0],[0,1,0],[2,43,173]]
[[0,0,0],[1,0,0],[0,1,0],[11,50,173]]
[[0,0,0],[1,0,0],[0,1,0],[13,163,173]]
[[0,0,0],[1,0,0],[0,1,0],[5,31,173]]
[[0,0,0],[1,0,0],[0,1,0],[22,47,173]]
[[0,0,0],[1,0,0],[0,1,0],[13,42,173]]
[[0,0,0],[1,0,0],[0,1,0],[8,10,173]]
[[0,0,0],[1,0,0],[0,1,0],[49,53,173]]
[[0,0,0],[1,0,0],[0,1,0],[12,42,173]]
[[0,0,0],[1,0,0],[0,1,0],[27,39,173]]
[[0,0,0],[1,0,0],[0,1,0],[34,59,173]]
[[0,0,0],[1,0,0],[0,1,0],[6,80,173]]
[[0,0,0],[1,0,0],[0,1,0],[14,55,173]]
[[0,0,0],[1,0,0],[0,1,0],[7,48,173]]
[[0,0,0],[1,0,0],[0,1,0],[18,157,173]]
[[0,0,0],[1,0,0],[0,1,0],[20,160,173]]
[[0,0,0],[1,0,0],[0,1,0],[2,5,173]]
[[0,0,0],[1,0,0],[0,1,0],[32,42,173]]
[[0,0,0],[1,0,0],[0,1,0],[28,51,173]]
[[0,0,0],[1,0,0],[0,1,0],[21,159,173]]
[[0,0,0],[1,0,0],[0,1,0],[6,15,173]]
[[0,0,0],[1,0,0],[0,1,0],[35,51,173]]
[[0,0,0],[1,0,0],[0,1,0],[32,59,173]]
[[0,0,0],[1,0,0],[0,1,0],[45,135,173]]
[[0,0,0],[1,0,0],[0,1,0],[53,57,173]]
[[0,0,0],[1,0,0],[0,1,0],[5,68,173]]
[[0,0,0],[1,0,0],[0,1,0],[3,25,173]]
[[0,0,0],[1,0,0],[0,1,0],[1,64,173]]
[[0,0,0],[1,0,0],[0,1,0],[12,55,173]]
[[0,0,0],[1,0,0],[0,1,0],[1,45,173]]
[[0,0,0],[1,0,0],[0,1,0],[7,76,173]]
[[0,0,0],[1,0,0],[0,1,0],[5,70,173]]
[[0,0,0],[1,0,0],[0,1,0],[7,12,173]]
[[0,0,0],[1,0,0],[0,1,0],[9,40,173]]
[[0,0,0],[1,0,0],[0,1,0],[13,45,173]]
[[0,0,0],[1,0,0],[0,1,0],[2,24,173]]
[[0,0,0],[1,0,0],[0,1,0],[4,18,173]]
[[0,0,0],[1,0,0],[0,1,0],[5,44,173]]
[[0,0,0],[1,0,0],[0,1,0],[6,6,173]]
[[0,0,0],[1,0,0],[0,1,0],[5,71,173]]
[[0,0,0],[1,0,0],[0,1,0],[12,28,173]]
[[0,0,0],[1,0,0],[0,1,0],[38,64,173]]
[[0,0,0],[1,0,0],[0,1,0],[14,50,173]]
[[0,0,0],[1,0,0],[0,1,0],[27,42,173]]
[[0,0,0],[1,0,0],[0,1,0],[8,61,173]]
[[0,0,0],[1,0,0],[0,1,0],[12,47,173]]
[[0,0,0],[1,0,0],[0,1,0],[10,38,173]]
[[0,0,0],[1,0,0],[0,1,0],[5,61,173]]
[[0,0,0],[1,0,0],[0,1,0],[4,44,173]]
[[0,0,0],[1,0,0],[0,1,0],[14,64,173]]
[[0,0,0],[1,0,0],[0,1,0],[12,31,173]]
[[0,0,0],[1,0,0],[0,1,0],[5,24,173]]
[[0,0,0],[1,0,0],[0,1,0],[6,75,173]]
[[0,0,0],[1,0,0],[0,1,0],[22,39,173]]
[[0,0,0],[1,0,0],[0,1,0],[12,59,173]]
[[0,0,0],[1,0,0],[0,1,0],[2,23,173]]
[[0,0,0],[1,0,0],[0,1,0],[31,37,173]]
[[0,0,0],[1,0,0],[0,1,0],[70,110,173]]
[[0,0,0],[1,0,0],[0,1,0],[20,154,173]]
[[0,0,0],[1,0,0],[0,1,0],[20,155,173]]
[[0,0,0],[1,0,0],[0,1,0],[9,22,173]]
[[0,0,0],[1,0,0],[0,1,0],[21,67,173]]
[[0,0,0],[1,0,0],[0,1,0],[28,62,173]]
[[0,0,0],[1,0,0],[0,1,0],[2,19,173]]
[[0,0,0],[1,0,0],[0,1,0],[21,51,173]]
[[0,0,0],[1,0,0],[0,1,0],[4,53,173]]
[[0,0,0],[1,0,0],[0,1,0],[1,12,173]]
[[0,0,0],[1,0,0],[0,1,0],[28,60,173]]
[[0,0,0],[1,0,0],[0,1,0],[16,163,173]]
[[0,0,0],[1,0,0],[0,1,0],[28,152,173]]
[[0,0,0],[1,0,0],[0,1,0],[13,28,173]]
[[0,0,0],[1,0,0],[0,1,0],[4,43,173]]
[[0,0,0],[1,0,0],[0,1,0],[17,30,173]]
[[0,0,0],[1,0,0],[0,1,0],[31,143,173]]
[[0,0,0],[1,0,0],[0,1,0],[48,62,173]]
[[0,0,0],[1,0,0],[0,1,0],[11,47,173]]
[[0,0,0],[1,0,0],[0,1,0],[9,48,173]]
[[0,0,0],[1,0,0],[0,1,0],[8,16,173]]
[[0,0,0],[1,0,0],[0,1,0],[27,68,173]]
[[0,0,0],[1,0,0],[0,1,0],[3,35,173]]
[[0,0,0],[1,0,0],[0,1,0],[5,169,173]]
[[0,0,0],[1,0,0],[0,1,0],[9,75,173]]
[[0,0,0],[1,0,0],[0,1,0],[2,21,173]]
[[0,0,0],[1,0,0],[0,1,0],[2,4,173]]
[[0,0,0],[1,0,0],[0,1,0],[28,67,173]]
[[0,0,0],[1,0,0],[0,1,0],[2,80,173]]
[[0,0,0],[1,0,0],[0,1,0],[10,28,173]]
[[0,0,0],[1,0,0],[0,1,0],[4,12,173]]
[[0,0,0],[1,0,0],[0,1,0],[8,74,173]]
[[0,0,0],[1,0,0],[0,1,0],[2,14,173]]
[[0,0,0],[1,0,0],[0,1,0],[8,18,173]]
[[0,0,0],[1,0,0],[0,1,0],[15,20,173]]
[[0,0,0],[1,0,0],[0,1,0],[4,68,173]]
[[0,0,0],[1,0,0],[0,1,0],[10,23,173]]
[[0,0,0],[1,0,0],[0,1,0],[19,74,173]]
[[0,0,0],[1,0,0],[0,1,0],[2,26,173]]
[[0,0,0],[1,0,0],[0,1,0],[10,37,173]]
[[0,0,0],[1,0,0],[0,1,0],[4,25,173]]
[[0,0,0],[1,0,0],[0,1,0],[6,84,173]]
[[0,0,0],[1,0,0],[0,1,0],[10,55,173]]
[[0,0,0],[1,0,0],[0,1,0],[6,63,173]]
[[0,0,0],[1,0,0],[0,1,0],[17,73,173]]
[[0,0,0],[1,0,0],[0,1,0],[16,76,173]]
[[0,0,0],[1,0,0],[0,1,0],[7,19,173]]
[[0,0,0],[1,0,0],[0,1,0],[6,32,173]]
[[0,0,0],[1,0,0],[0,1,0],[11,73,173]]
[[0,0,0],[1,0,0],[0,1,0],[4,24,173]]
[[0,0,0],[1,0,0],[0,1,0],[4,19,173]]
[[0,0,0],[1,0,0],[0,1,0],[13,35,173]]
[[0,0,0],[1,0,0],[0,1,0],[15,27,173]]
[[0,0,0],[1,0,0],[0,1,0],[19,164,173]]
[[0,0,0],[1,0,0],[0,1,0],[3,63,173]]
[[0,0,0],[1,0,0],[0,1,0],[9,42,173]]
[[0,0,0],[1,0,0],[0,1,0],[23,160,173]]
[[0,0,0],[1,0,0],[0,1,0],[24,60,173]]
[[0,0,0],[1,0,0],[0,1,0],[3,51,173]]
[[0,0,0],[1,0,0],[0,1,0],[64,117,173]]
[[0,0,0],[1,0,0],[0,1,0],[2,47,173]]
[[0,0,0],[1,0,0],[0,1,0],[2,81,173]]
[[0,0,0],[1,0,0],[0,1,0],[16,32,173]]
[[0,0,0],[1,0,0],[0,1,0],[16,67,173]]
[[0,0,0],[1,0,0],[0,1,0],[18,46,173]]
[[0,0,0],[1,0,0],[0,1,0],[38,38,173]]
[[0,0,0],[1,0,0],[0,1,0],[6,48,173]]
[[0,0,0],[1,0,0],[0,1,0],[6,30,173]]
[[0,0,0],[1,0,0],[0,1,0],[4,74,173]]
[[0,0,0],[1,0,0],[0,1,0],[18,21,173]]
[[0,0,0],[1,0,0],[0,1,0],[9,68,173]]
[[0,0,0],[1,0,0],[0,1,0],[23,44,173]]
[[0,0,0],[1,0,0],[0,1,0],[5,62,173]]
[[0,0,0],[1,0,0],[0,1,0],[14,38,173]]
[[0,0,0],[1,0,0],[0,1,0],[18,51,173]]
[[0,0,0],[1,0,0],[0,1,0],[11,24,173]]
[[0,0,0],[1,0,0],[0,1,0],[3,5,173]]
[[0,0,0],[1,0,0],[0,1,0],[39,143,173]]
[[0,0,0],[1,0,0],[0,1,0],[10,64,173]]
[[0,0,0],[1,0,0],[0,1,0],[3,54,173]]
[[0,0,0],[1,0,0],[0,1,0],[22,37,173]]
[[0,0,0],[1,0,0],[0,1,0],[27,47,173]]
[[0,0,0],[1,0,0],[0,1,0],[1,66,173]]
[[0,0,0],[1,0,0],[0,1,0],[6,43,173]]
[[0,0,0],[1,0,0],[0,1,0],[14,60,173]]
[[0,0,0],[1,0,0],[0,1,0],[4,64,173]]
[[0,0,0],[1,0,0],[0,1,0],[27,159,173]]
[[0,0,0],[1,0,0],[0,1,0],[39,42,173]]
[[0,0,0],[1,0,0],[0,1,0],[32,36,173]]
[[0,0,0],[1,0,0],[0,1,0],[9,169,173]]
[[0,0,0],[1,0,0],[0,1,0],[20,34,173]]
[[0,0,0],[1,0,0],[0,1,0],[15,165,173]]
[[0,0,0],[1,0,0],[0,1,0],[5,45,173]]
[[0,0,0],[1,0,0],[0,1,0],[20,38,173]]
[[0,0,0],[1,0,0],[0,1,0],[34,143,173]]
[[0,0,0],[1,0,0],[0,1,0],[19,160,173]]
[[0,0,0],[1,0,0],[0,1,0],[28,54,173]]
[[0,0,0],[1,0,0],[0,1,0],[28,41,173]]
[[0,0,0],[1,0,0],[0,1,0],[12,30,173]]
[[0,0,0],[1,0,0],[0,1,0],[21,153,173]]
[[0,0,0],[1,0,0],[0,1,0],[8,11,173]]
[[0,0,0],[1,0,0],[0,1,0],[5,19,173]]
[[0,0,0],[1,0,0],[0,1,0],[2,71,173]]
[[0,0,0],[1,0,0],[0,1,0],[37,54,173]]
[[0,0,0],[1,0,0],[0,1,0],[14,69,173]]
[[0,0,0],[1,0,0],[0,1,0],[4,17,173]]
[[0,0,0],[1,0,0],[0,1,0],[7,31,173]]
[[0,0,0],[1,0,0],[0,1,0],[6,42,173]]
[[0,0,0],[1,0,0],[0,1,0],[22,66,173]]
[[0,0,0],[1,0,0],[0,1,0],[3,57,173]]
[[0,0,0],[1,0,0],[0,1,0],[5,75,173]]
[[0,0,0],[1,0,0],[0,1,0],[1,5,173]]
[[0,0,0],[1,0,0],[0,1,0],[25,152,173]]
[[0,0,0],[1,0,0],[0,1,0],[7,51,173]]
[[0,0,0],[1,0,0],[0,1,0],[11,31,173]]
[[0,0,0],[1,0,0],[0,1,0],[17,163,173]]
[[0,0,0],[1,0,0],[0,1,0],[2,66,173]]
[[0,0,0],[1,0,0],[0,1,0],[14,72,173]]
[[0,0,0],[1,0,0],[0,1,0],[11,60,173]]
[[0,0,0],[1,0,0],[0,1,0],[8,40,173]]
[[0,0,0],[1,0,0],[0,1,0],[9,72,173]]
[[0,0,0],[1,0,0],[0,1,0],[6,66,173]]
[[0,0,0],[1,0,0],[0,1,0],[21,32,173]]
[[0,0,0],[1,0,0],[0,1,0],[2,7,173]]
[[0,0,0],[1,0,0],[0,1,0],[12,50,173]]
[[0,0,0],[1,0,0],[0,1,0],[3,68,173]]
[[0,0,0],[1,0,0],[0,1,0],[21,56,173]]
[[0,0,0],[1,0,0],[0,1,0],[4,48,173]]
[[0,0,0],[1,0,0],[0,1,0],[3,6,173]]
[[0,0,0],[1,0,0],[0,1,0],[2,41,173]]
[[0,0,0],[1,0,0],[0,1,0],[4,54,173]]
[[0,0,0],[1,0,0],[0,1,0],[7,38,173]]
[[0,0,0],[1,0,0],[0,1,0],[7,53,173]]
[[0,0,0],[1,0,0],[0,1,0],[9,71,173]]
[[0,0,0],[1,0,0],[0,1,0],[6,16,173]]
[[0,0,0],[1,0,0],[0,1,0],[15,159,173]]
[[0,0,0],[1,0,0],[0,1,0],[17,160,173]]
[[0,0,0],[1,0,0],[0,1,0],[5,54,173]]
[[0,0,0],[1,0,0],[0,1,0],[7,25,173]]
[[0,0,0],[1,0,0],[0,1,0],[12,12,173]]
[[0,0,0],[1,0,0],[0,1,0],[8,44,173]]
[[0,0,0],[1,0,0],[0,1,0],[36,64,173]]
[[0,0,0],[1,0,0],[0,1,0],[9,34,173]]
[[0,0,0],[1,0,0],[0,1,0],[5,26,173]]
[[0,0,0],[1,0,0],[0,1,0],[5,73,173]]
[[0,0,0],[1,0,0],[0,1,0],[6,62,173]]
[[0,0,0],[1,0,0],[0,1,0],[7,74,173]]
[[0,0,0],[1,0,0],[0,1,0],[13,25,173]]
[[0,0,0],[1,0,0],[0,1,0],[22,156,173]]
[[0,0,0],[1,0,0],[0,1,0],[10,68,173]]
[[0,0,0],[1,0,0],[0,1,0],[25,47,173]]
[[0,0,0],[1,0,0],[0,1,0],[3,22,173]]
[[0,0,0],[1,0,0],[0,1,0],[35,139,173]]
[[0,0,0],[1,0,0],[0,1,0],[10,54,173]]
[[0,0,0],[1,0,0],[0,1,0],[18,32,173]]
[[0,0,0],[1,0,0],[0,1,0],[24,61,173]]
[[0,0,0],[1,0,0],[0,1,0],[16,39,173]]
[[0,0,0],[1,0,0],[0,1,0],[10,36,173]]
[[0,0,0],[1,0,0],[0,1,0],[6,74,173]]
[[0,0,0],[1,0,0],[0,1,0],[24,54,173]]
[[0,0,0],[1,0,0],[0,1,0],[23,28,173]]
[[0,0,0],[1,0,0],[0,1,0],[14,45,173]]
[[0,0,0],[1,0,0],[0,1,0],[8,72,173]]
[[0,0,0],[1,0,0],[0,1,0],[6,35,173]]
[[0,0,0],[1,0,0],[0,1,0],[1,35,173]]
[[0,0,0],[1,0,0],[0,1,0],[22,24,173]]
[[0,0,0],[1,0,0],[0,1,0],[4,79,173]]
[[0,0,0],[1,0,0],[0,1,0],[7,10,173]]
[[0,0,0],[1,0,0],[0,1,0],[2,34,173]]
[[0,0,0],[1,0,0],[0,1,0],[16,37,173]]
[[0,0,0],[1,0,0],[0,1,0],[7,169,173]]
[[0,0,0],[1,0,0],[0,1,0],[4,67,173]]
[[0,0,0],[1,0,0],[0,1,0],[2,55,173]]
[[0,0,0],[1,0,0],[0,1,0],[9,74,173]]
[[0,0,0],[1,0,0],[0,1,0],[21,158,173]]
[[0,0,0],[1,0,0],[0,1,0],[13,68,173]]
[[0,0,0],[1,0,0],[0,1,0],[24,47,173]]
[[0,0,0],[1,0,0],[0,1,0],[18,59,173]]
[[0,0,0],[1,0,0],[0,1,0],[13,61,173]]
[[0,0,0],[1,0,0],[0,1,0],[11,80,173]]
[[0,0,0],[1,0,0],[0,1,0],[16,46,173]]
[[0,0,0],[1,0,0],[0,1,0],[9,23,173]]
[[0,0,0],[1,0,0],[0,1,0],[21,53,173]]
[[0,0,0],[1,0,0],[0,1,0],[30,70,173]]
[[0,0,0],[1,0,0],[0,1,0],[24,37,173]]
[[0,0,0],[1,0,0],[0,1,0],[1,8,173]]
[[0,0,0],[1,0,0],[0,1,0],[8,38,173]]
[[0,0,0],[1,0,0],[0,1,0],[3,10,173]]
[[0,0,0],[1,0,0],[0,1,0],[3,42,173]]
[[0,0,0],[1,0,0],[0,1,0],[3,83,173]]
[[0,0,0],[1,0,0],[0,1,0],[14,165,173]]
[[0,0,0],[1,0,0],[0,1,0],[14,35,173]]
[[0,0,0],[1,0,0],[0,1,0],[10,20,173]]
[[0,0,0],[1,0,0],[0,1,0],[15,28,173]]
[[0,0,0],[1,0,0],[0,1,0],[3,40,173]]
[[0,0,0],[1,0,0],[0,1,0],[4,8,173]]
[[0,0,0],[1,0,0],[0,1,0],[10,46,173]]
[[0,0,0],[1,0,0],[0,1,0],[5,43,173]]
[[0,0,0],[1,0,0],[0,1,0],[7,61,173]]
[[0,0,0],[1,0,0],[0,1,0],[6,60,173]]
[[0,0,0],[1,0,0],[0,1,0],[5,81,173]]
[[0,0,0],[1,0,0],[0,1,0],[6,61,173]]
[[0,0,0],[1,0,0],[0,1,0],[66,109,173]]
[[0,0,0],[1,0,0],[0,1,0],[11,165,173]]
[[0,0,0],[1,0,0],[0,1,0],[11,21,173]]
[[0,0,0],[1,0,0],[0,1,0],[35,140,173]]
[[0,0,0],[1,0,0],[0,1,0],[8,8,173]]
[[0,0,0],[1,0,0],[0,1,0],[20,76,173]]
[[0,0,0],[1,0,0],[0,1,0],[16,158,173]]
[[0,0,0],[1,0,0],[0,1,0],[2,78,173]]
[[0,0,0],[1,0,0],[0,1,0],[6,44,173]]
[[0,0,0],[1,0,0],[0,1,0],[8,37,173]]
[[0,0,0],[1,0,0],[0,1,0],[12,15,173]]
[[0,0,0],[1,0,0],[0,1,0],[19,24,173]]
[[0,0,0],[1,0,0],[0,1,0],[14,21,173]]
[[0,0,0],[1,0,0],[0,1,0],[5,38,173]]
[[0,0,0],[1,0,0],[0,1,0],[4,73,173]]
[[0,0,0],[1,0,0],[0,1,0],[9,15,173]]
[[0,0,0],[1,0,0],[0,1,0],[5,15,173]]
[[0,0,0],[1,0,0],[0,1,0],[4,78,173]]
[[0,0,0],[1,0,0],[0,1,0],[13,13,173]]
[[0,0,0],[1,0,0],[0,1,0],[3,56,173]]
[[0,0,0],[1,0,0],[0,1,0],[7,46,173]]
[[0,0,0],[1,0,0],[0,1,0],[22,157,173]]
[[0,0,0],[1,0,0],[0,1,0],[2,65,173]]
[[0,0,0],[1,0,0],[0,1,0],[21,154,173]]
[[0,0,0],[1,0,0],[0,1,0],[5,79,173]]
[[0,0,0],[1,0,0],[0,1,0],[3,20,173]]
[[0,0,0],[1,0,0],[0,1,0],[43,144,173]]
[[0,0,0],[1,0,0],[0,1,0],[13,161,173]]
[[0,0,0],[1,0,0],[0,1,0],[7,42,173]]
[[0,0,0],[1,0,0],[0,1,0],[27,36,173]]
[[0,0,0],[1,0,0],[0,1,0],[9,167,173]]
[[0,0,0],[1,0,0],[0,1,0],[6,67,173]]
[[0,0,0],[1,0,0],[0,1,0],[27,61,173]]
[[0,0,0],[1,0,0],[0,1,0],[10,74,173]]
[[0,0,0],[1,0,0],[0,1,0],[12,71,173]]
[[0,0,0],[1,0,0],[0,1,0],[9,56,173]]
[[0,0,0],[1,0,0],[0,1,0],[14,74,173]]
[[0,0,0],[1,0,0],[0,1,0],[37,140,173]]
[[0,0,0],[1,0,0],[0,1,0],[30,35,173]]
[[0,0,0],[1,0,0],[0,1,0],[35,148,173]]
[[0,0,0],[1,0,0],[0,1,0],[13,33,173]]
[[0,0,0],[1,0,0],[0,1,0],[5,67,173]]
[[0,0,0],[1,0,0],[0,1,0],[6,82,173]]
[[0,0,0],[1,0,0],[0,1,0],[12,64,173]]
[[0,0,0],[1,0,0],[0,1,0],[11,14,173]]
[[0,0,0],[1,0,0],[0,1,0],[17,61,173]]
[[0,0,0],[1,0,0],[0,1,0],[30,71,173]]
[[0,0,0],[1,0,0],[0,1,0],[76,123,173]]
[[0,0,0],[1,0,0],[0,1,0],[11,26,173]]
[[0,0,0],[1,0,0],[0,1,0],[4,11,173]]
[[0,0,0],[1,0,0],[0,1,0],[25,161,173]]
[[0,0,0],[1,0,0],[0,1,0],[25,27,173]]
[[0,0,0],[1,0,0],[0,1,0],[13,164,173]]
[[0,0,0],[1,0,0],[0,1,0],[15,25,173]]
[[0,0,0],[1,0,0],[0,1,0],[19,69,173]]
[[0,0,0],[1,0,0],[0,1,0],[3,24,173]]
[[0,0,0],[1,0,0],[0,1,0],[4,76,173]]
[[0,0,0],[1,0,0],[0,1,0],[8,57,173]]
[[0,0,0],[1,0,0],[0,1,0],[15,59,173]]
[[0,0,0],[1,0,0],[0,1,0],[34,152,173]]
[[0,0,0],[1,0,0],[0,1,0],[7,7,173]]
[[0,0,0],[1,0,0],[0,1,0],[13,165,173]]
[[0,0,0],[1,0,0],[0,1,0],[9,165,173]]
[[0,0,0],[1,0,0],[0,1,0],[9,9,173]]
[[0,0,0],[1,0,0],[0,1,0],[15,51,173]]
[[0,0,0],[1,0,0],[0,1,0],[19,159,173]]
[[0,0,0],[1,0,0],[0,1,0],[3,79,173]]
[[0,0,0],[1,0,0],[0,1,0],[9,69,173]]
[[0,0,0],[1,0,0],[0,1,0],[10,167,173]]
[[0,0,0],[1,0,0],[0,1,0],[20,60,173]]
[[0,0,0],[1,0,0],[0,1,0],[12,40,173]]
[[0,0,0],[1,0,0],[0,1,0],[4,22,173]]
[[0,0,0],[1,0,0],[0,1,0],[3,46,173]]
[[0,0,0],[1,0,0],[0,1,0],[31,149,173]]
[[0,0,0],[1,0,0],[0,1,0],[12,18,173]]
[[0,0,0],[1,0,0],[0,1,0],[45,139,173]]
[[0,0,0],[1,0,0],[0,1,0],[6,46,173]]
[[0,0,0],[1,0,0],[0,1,0],[23,71,173]]
[[0,0,0],[1,0,0],[0,1,0],[3,15,173]]
[[0,0,0],[1,0,0],[0,1,0],[2,69,173]]
[[0,0,0],[1,0,0],[0,1,0],[19,76,173]]
[[0,0,0],[1,0,0],[0,1,0],[11,166,173]]
[[0,0,0],[1,0,0],[0,1,0],[5,51,173]]
[[0,0,0],[1,0,0],[0,1,0],[3,16,173]]
[[0,0,0],[1,0,0],[0,1,0],[4,47,173]]
[[0,0,0],[1,0,0],[0,1,0],[15,49,173]]
[[0,0,0],[1,0,0],[0,1,0],[30,37,173]]
[[0,0,0],[1,0,0],[0,1,0],[18,39,173]]
[[0,0,0],[1,0,0],[0,1,0],[2,63,173]]
[[0,0,0],[1,0,0],[0,1,0],[39,152,173]]
[[0,0,0],[1,0,0],[0,1,0],[47,127,173]]
[[0,0,0],[1,0,0],[0,1,0],[18,42,173]]
[[0,0,0],[1,0,0],[0,1,0],[39,139,173]]
[[0,0,0],[1,0,0],[0,1,0],[31,60,173]]
[[0,0,0],[1,0,0],[0,1,0],[11,72,173]]
[[0,0,0],[1,0,0],[0,1,0],[3,71,173]]
[[0,0,0],[1,0,0],[0,1,0],[16,18,173]]
[[0,0,0],[1,0,0],[0,1,0],[9,24,173]]
[[0,0,0],[1,0,0],[0,1,0],[21,42,173]]
[[0,0,0],[1,0,0],[0,1,0],[19,62,173]]
[[0,0,0],[1,0,0],[0,1,0],[1,1,173]]
[[0,0,0],[1,0,0],[0,1,0],[6,49,173]]
[[0,0,0],[1,0,0],[0,1,0],[28,147,173]]
[[0,0,0],[1,0,0],[0,1,0],[42,148,173]]
[[0,0,0],[1,0,0],[0,1,0],[21,72,173]]
[[0,0,0],[1,0,0],[0,1,0],[22,34,173]]
[[0,0,0],[1,0,0],[0,1,0],[22,46,173]]
[[0,0,0],[1,0,0],[0,1,0],[10,10,173]]
[[0,0,0],[1,0,0],[0,1,0],[5,14,173]]
[[0,0,0],[1,0,0],[0,1,0],[16,26,173]]
[[0,0,0],[1,0,0],[0,1,0],[24,57,173]]
[[0,0,0],[1,0,0],[0,1,0],[13,78,173]]
[[0,0,0],[1,0,0],[0,1,0],[3,75,173]]
[[0,0,0],[1,0,0],[0,1,0],[5,23,173]]
[[0,0,0],[1,0,0],[0,1,0],[14,70,173]]
[[0,0,0],[1,0,0],[0,1,0],[13,75,173]]
[[0,0,0],[1,0,0],[0,1,0],[18,156,173]]
[[0,0,0],[1,0,0],[0,1,0],[4,75,173]]
[[0,0,0],[1,0,0],[0,1,0],[4,26,173]]
[[0,0,0],[1,0,0],[0,1,0],[15,22,173]]
[[0,0,0],[1,0,0],[0,1,0],[12,78,173]]
[[0,0,0],[1,0,0],[0,1,0],[5,36,173]]
[[0,0,0],[1,0,0],[0,1,0],[2,29,173]]
[[0,0,0],[1,0,0],[0,1,0],[42,48,173]]
[[0,0,0],[1,0,0],[0,1,0],[12,57,173]]
[[0,0,0],[1,0,0],[0,1,0],[16,75,173]]
[[0,0,0],[1,0,0],[0,1,0],[11,57,173]]
[[0,0,0],[1,0,0],[0,1,0],[17,28,173]]
[[0,0,0],[1,0,0],[0,1,0],[6,21,173]]
[[0,0,0],[1,0,0],[0,1,0],[2,9,173]]
[[0,0,0],[1,0,0],[0,1,0],[3,50,173]]
[[0,0,0],[1,0,0],[0,1,0],[7,27,173]]
[[0,0,0],[1,0,0],[0,1,0],[19,45,173]]
[[0,0,0],[1,0,0],[0,1,0],[11,25,173]]
[[0,0,0],[1,0,0],[0,1,0],[9,67,173]]
[[0,0,0],[1,0,0],[0,1,0],[7,72,173]]
[[0,0,0],[1,0,0],[0,1,0],[5,37,173]]
[[0,0,0],[1,0,0],[0,1,0],[8,81,173]]
[[0,0,0],[1,0,0],[0,1,0],[4,32,173]]
[[0,0,0],[1,0,0],[0,1,0],[35,142,173]]
[[0,0,0],[1,0,0],[0,1,0],[18,18,173]]
[[0,0,0],[1,0,0],[0,1,0],[10,39,173]]
[[0,0,0],[1,0,0],[0,1,0],[11,17,173]]
[[0,0,0],[1,0,0],[0,1,0],[39,147,173]]
[[0,0,0],[1,0,0],[0,1,0],[14,46,173]]
[[0,0,0],[1,0,0],[0,1,0],[23,157,173]]
[[0,0,0],[1,0,0],[0,1,0],[9,54,173]]
[[0,0,0],[1,0,0],[0,1,0],[2,46,173]]
[[0,0,0],[1,0,0],[0,1,0],[35,54,173]]
[[0,0,0],[1,0,0],[0,1,0],[1,24,173]]
[[0,0,0],[1,0,0],[0,1,0],[42,46,173]]
[[0,0,0],[1,0,0],[0,1,0],[76,106,173]]
[[0,0,0],[1,0,0],[0,1,0],[9,31,173]]
[[0,0,0],[1,0,0],[0,1,0],[14,79,173]]
[[0,0,0],[1,0,0],[0,1,0],[8,78,173]]
[[0,0,0],[1,0,0],[0,1,0],[16,159,173]]
[[0,0,0],[1,0,0],[0,1,0],[17,34,173]]
[[0,0,0],[1,0,0],[0,1,0],[36,143,173]]
[[0,0,0],[1,0,0],[0,1,0],[15,18,173]]
[[0,0,0],[1,0,0],[0,1,0],[44,44,173]]
[[0,0,0],[1,0,0],[0,1,0],[5,20,173]]
[[0,0,0],[1,0,0],[0,1,0],[19,53,173]]
[[0,0,0],[1,0,0],[0,1,0],[2,16,173]]
[[0,0,0],[1,0,0],[0,1,0],[10,57,173]]
[[0,0,0],[1,0,0],[0,1,0],[28,36,173]]
[[0,0,0],[1,0,0],[0,1,0],[2,84,173]]
[[0,0,0],[1,0,0],[0,1,0],[8,48,173]]
[[0,0,0],[1,0,0],[0,1,0],[1,31,173]]
[[0,0,0],[1,0,0],[0,1,0],[4,13,173]]
[[0,0,0],[1,0,0],[0,1,0],[30,66,173]]
[[0,0,0],[1,0,0],[0,1,0],[1,17,173]]
[[0,0,0],[1,0,0],[0,1,0],[17,157,173]]
[[0,0,0],[1,0,0],[0,1,0],[8,34,173]]
[[0,0,0],[1,0,0],[0,1,0],[7,59,173]]
[[0,0,0],[1,0,0],[0,1,0],[6,33,173]]
[[0,0,0],[1,0,0],[0,1,0],[16,53,173]]
[[0,0,0],[1,0,0],[0,1,0],[2,72,173]]
[[0,0,0],[1,0,0],[0,1,0],[5,34,173]]
[[0,0,0],[1,0,0],[0,1,0],[6,40,173]]
[[0,0,0],[1,0,0],[0,1,0],[44,138,173]]
[[0,0,0],[1,0,0],[0,1,0],[20,47,173]]
[[0,0,0],[1,0,0],[0,1,0],[32,149,173]]
[[0,0,0],[1,0,0],[0,1,0],[23,73,173]]
[[0,0,0],[1,0,0],[0,1,0],[2,27,173]]
[[0,0,0],[1,0,0],[0,1,0],[10,70,173]]
[[0,0,0],[1,0,0],[0,1,0],[8,22,173]]
[[0,0,0],[1,0,0],[0,1,0],[57,143,173]]
[[0,0,0],[1,0,0],[0,1,0],[4,70,173]]
[[0,0,0],[1,0,0],[0,1,0],[10,59,173]]
[[0,0,0],[1,0,0],[0,1,0],[15,62,173]]
[[0,0,0],[1,0,0],[0,1,0],[5,80,173]]
[[0,0,0],[1,0,0],[0,1,0],[21,50,173]]
[[0,0,0],[1,0,0],[0,1,0],[20,22,173]]
[[0,0,0],[1,0,0],[0,1,0],[44,46,173]]
[[0,0,0],[1,0,0],[0,1,0],[17,31,173]]
[[0,0,0],[1,0,0],[0,1,0],[1,10,173]]
[[0,0,0],[1,0,0],[0,1,0],[10,53,173]]
[[0,0,0],[1,0,0],[0,1,0],[9,21,173]]
[[0,0,0],[1,0,0],[0,1,0],[9,51,173]]
[[0,0,0],[1,0,0],[0,1,0],[16,74,173]]
[[0,0,0],[1,0,0],[0,1,0],[18,45,173]]
[[0,0,0],[1,0,0],[0,1,0],[3,82,173]]
[[0,0,0],[1,0,0],[0,1,0],[15,161,173]]
[[0,0,0],[1,0,0],[0,1,0],[11,37,173]]
[[0,0,0],[1,0,0],[0,1,0],[10,16,173]]
[[0,0,0],[1,0,0],[0,1,0],[31,50,173]]
[[0,0,0],[1,0,0],[0,1,0],[47,133,173]]
[[0,0,0],[1,0,0],[0,1,0],[2,59,173]]
[[0,0,0],[1,0,0],[0,1,0],[8,20,173]]
[[0,0,0],[1,0,0],[0,1,0],[1,28,173]]
[[0,0,0],[1,0,0],[0,1,0],[9,52,173]]
[[0,0,0],[1,0,0],[0,1,0],[12,60,173]]
[[0,0,0],[1,0,0],[0,1,0],[16,42,173]]
[[0,0,0],[1,0,0],[0,1,0],[2,83,173]]
[[0,0,0],[1,0,0],[0,1,0],[27,51,173]]
[[0,0,0],[1,0,0],[0,1,0],[7,14,173]]
[[0,0,0],[1,0,0],[0,1,0],[39,54,173]]
[[0,0,0],[1,0,0],[0,1,0],[2,48,173]]
[[0,0,0],[1,0,0],[0,1,0],[4,66,173]]
[[0,0,0],[1,0,0],[0,1,0],[4,69,173]]
[[0,0,0],[1,0,0],[0,1,0],[19,44,173]]
[[0,0,0],[1,0,0],[0,1,0],[14,80,173]]
[[0,0,0],[1,0,0],[0,1,0],[3,33,173]]
[[0,0,0],[1,0,0],[0,1,0],[1,19,173]]
[[0,0,0],[1,0,0],[0,1,0],[3,61,173]]
[[0,0,0],[1,0,0],[0,1,0],[51,128,173]]
[[0,0,0],[1,0,0],[0,1,0],[20,69,173]]
[[0,0,0],[1,0,0],[0,1,0],[21,74,173]]
[[0,0,0],[1,0,0],[0,1,0],[39,49,173]]
[[0,0,0],[1,0,0],[0,1,0],[14,54,173]]
[[0,0,0],[1,0,0],[0,1,0],[5,8,173]]
[[0,0,0],[1,0,0],[0,1,0],[1,22,173]]
[[0,0,0],[1,0,0],[0,1,0],[51,51,173]]
[[0,0,0],[1,0,0],[0,1,0],[39,61,173]]
[[0,0,0],[1,0,0],[0,1,0],[13,21,173]]
[[0,0,0],[1,0,0],[0,1,0],[11,19,173]]
[[0,0,0],[1,0,0],[0,1,0],[17,46,173]]
[[0,0,0],[1,0,0],[0,1,0],[5,69,173]]
[[0,0,0],[1,0,0],[0,1,0],[27,69,173]]
[[0,0,0],[1,0,0],[0,1,0],[43,151,173]]
[[0,0,0],[1,0,0],[0,1,0],[6,20,173]]
[[0,0,0],[1,0,0],[0,1,0],[13,39,173]]
[[0,0,0],[1,0,0],[0,1,0],[8,69,173]]
[[0,0,0],[1,0,0],[0,1,0],[2,75,173]]
[[0,0,0],[1,0,0],[0,1,0],[28,30,173]]
[[0,0,0],[1,0,0],[0,1,0],[4,55,173]]
[[0,0,0],[1,0,0],[0,1,0],[9,166,173]]
[[0,0,0],[1,0,0],[0,1,0],[55,145,173]]
[[0,0,0],[1,0,0],[0,1,0],[16,62,173]]
[[0,0,0],[1,0,0],[0,1,0],[7,16,173]]
[[0,0,0],[1,0,0],[0,1,0],[8,75,173]]
[[0,0,0],[1,0,0],[0,1,0],[2,58,173]]
[[0,0,0],[1,0,0],[0,1,0],[16,164,173]]
[[0,0,0],[1,0,0],[0,1,0],[21,44,173]]
[[0,0,0],[1,0,0],[0,1,0],[2,53,173]]
[[0,0,0],[1,0,0],[0,1,0],[21,35,173]]
[[0,0,0],[1,0,0],[0,1,0],[9,32,173]]
[[0,0,0],[1,0,0],[0,1,0],[13,51,173]]
[[0,0,0],[1,0,0],[0,1,0],[10,82,173]]
[[0,0,0],[1,0,0],[0,1,0],[37,154,173]]
[[0,0,0],[1,0,0],[0,1,0],[4,6,173]]
[[0,0,0],[1,0,0],[0,1,0],[15,163,173]]
[[0,0,0],[1,0,0],[0,1,0],[16,60,173]]
[[0,0,0],[1,0,0],[0,1,0],[10,33,173]]
[[0,0,0],[1,0,0],[0,1,0],[24,56,173]]
[[0,0,0],[1,0,0],[0,1,0],[15,37,173]]
[[0,0,0],[1,0,0],[0,1,0],[12,34,173]]
[[0,0,0],[1,0,0],[0,1,0],[3,62,173]]
[[0,0,0],[1,0,0],[0,1,0],[14,49,173]]
[[0,0,0],[1,0,0],[0,1,0],[24,59,173]]
[[0,0,0],[1,0,0],[0,1,0],[14,163,173]]
[[0,0,0],[1,0,0],[0,1,0],[61,116,173]]
[[0,0,0],[1,0,0],[0,1,0],[17,23,173]]
[[0,0,0],[1,0,0],[0,1,0],[17,76,173]]
[[0,0,0],[1,0,0],[0,1,0],[23,55,173]]
[[0,0,0],[1,0,0],[0,1,0],[6,34,173]]
[[0,0,0],[1,0,0],[0,1,0],[9,70,173]]
[[0,0,0],[1,0,0],[0,1,0],[43,55,173]]
[[0,0,0],[1,0,0],[0,1,0],[18,56,173]]
[[0,0,0],[1,0,0],[0,1,0],[27,72,173]]
[[0,0,0],[1,0,0],[0,1,0],[21,69,173]]
[[0,0,0],[1,0,0],[0,1,0],[5,21,173]]
[[0,0,0],[1,0,0],[0,1,0],[1,47,173]]
[[0,0,0],[1,0,0],[0,1,0],[15,50,173]]
[[0,0,0],[1,0,0],[0,1,0],[8,70,173]]
[[0,0,0],[1,0,0],[0,1,0],[20,25,173]]
[[0,0,0],[1,0,0],[0,1,0],[25,39,173]]
[[0,0,0],[1,0,0],[0,1,0],[3,171,173]]
[[0,0,0],[1,0,0],[0,1,0],[12,162,173]]
[[0,0,0],[1,0,0],[0,1,0],[10,49,173]]
[[0,0,0],[1,0,0],[0,1,0],[6,76,173]]
[[0,0,0],[1,0,0],[0,1,0],[13,41,173]]
[[0,0,0],[1,0,0],[0,1,0],[15,48,173]]
[[0,0,0],[1,0,0],[0,1,0],[4,28,173]]
[[0,0,0],[1,0,0],[0,1,0],[12,39,173]]
[[0,0,0],[1,0,0],[0,1,0],[18,64,173]]
[[0,0,0],[1,0,0],[0,1,0],[20,44,173]]
[[0,0,0],[1,0,0],[0,1,0],[31,64,173]]
[[0,0,0],[1,0,0],[0,1,0],[4,34,173]]
[[0,0,0],[1,0,0],[0,1,0],[9,60,173]]
[[0,0,0],[1,0,0],[0,1,0],[16,38,173]]
[[0,0,0],[1,0,0],[0,1,0],[35,47,173]]
[[0,0,0],[1,0,0],[0,1,0],[8,13,173]]
[[0,0,0],[1,0,0],[0,1,0],[10,50,173]]
[[0,0,0],[1,0,0],[0,1,0],[4,16,173]]
[[0,0,0],[1,0,0],[0,1,0],[11,79,173]]
[[0,0,0],[1,0,0],[0,1,0],[18,72,173]]
[[0,0,0],[1,0,0],[0,1,0],[10,165,173]]
[[0,0,0],[1,0,0],[0,1,0],[12,36,173]]
[[0,0,0],[1,0,0],[0,1,0],[39,47,173]]
[[0,0,0],[1,0,0],[0,1,0],[8,51,173]]
[[0,0,0],[1,0,0],[0,1,0],[4,45,173]]
[[0,0,0],[1,0,0],[0,1,0],[14,14,173]]
[[0,0,0],[1,0,0],[0,1,0],[46,64,173]]
[[0,0,0],[1,0,0],[0,1,0],[2,64,173]]
[[0,0,0],[1,0,0],[0,1,0],[3,29,173]]
[[0,0,0],[1,0,0],[0,1,0],[8,28,173]]
[[0,0,0],[1,0,0],[0,1,0],[19,49,173]]
[[0,0,0],[1,0,0],[0,1,0],[13,166,173]]
[[0,0,0],[1,0,0],[0,1,0],[20,43,173]]
[[0,0,0],[1,0,0],[0,1,0],[7,56,173]]
[[0,0,0],[1,0,0],[0,1,0],[7,34,173]]
[[0,0,0],[1,0,0],[0,1,0],[11,51,173]]
[[0,0,0],[1,0,0],[0,1,0],[15,24,173]]
[[0,0,0],[1,0,0],[0,1,0],[16,31,173]]
[[0,0,0],[1,0,0],[0,1,0],[32,57,173]]
[[0,0,0],[1,0,0],[0,1,0],[20,45,173]]
[[0,0,0],[1,0,0],[0,1,0],[1,14,173]]
[[0,0,0],[1,0,0],[0,1,0],[11,11,173]]
[[0,0,0],[1,0,0],[0,1,0],[9,27,173]]
[[0,0,0],[1,0,0],[0,1,0],[2,30,173]]
[[0,0,0],[1,0,0],[0,1,0],[20,54,173]]
[[0,0,0],[1,0,0],[0,1,0],[1,30,173]]
[[0,0,0],[1,0,0],[0,1,0],[19,73,173]]
[[0,0,0],[1,0,0],[0,1,0],[12,74,173]]
[[0,0,0],[1,0,0],[0,1,0],[1,6,173]]
[[0,0,0],[1,0,0],[0,1,0],[7,26,173]]
[[0,0,0],[1,0,0],[0,1,0],[51,148,173]]
[[0,0,0],[1,0,0],[0,1,0],[8,80,173]]
[[0,0,0],[1,0,0],[0,1,0],[27,50,173]]
[[0,0,0],[1,0,0],[0,1,0],[18,23,173]]
[[0,0,0],[1,0,0],[0,1,0],[9,79,173]]
[[0,0,0],[1,0,0],[0,1,0],[7,170,173]]
[[0,0,0],[1,0,0],[0,1,0],[35,37,173]]
[[0,0,0],[1,0,0],[0,1,0],[46,147,173]]
[[0,0,0],[1,0,0],[0,1,0],[24,24,173]]
[[0,0,0],[1,0,0],[0,1,0],[8,46,173]]
[[0,0,0],[1,0,0],[0,1,0],[7,45,173]]
[[0,0,0],[1,0,0],[0,1,0],[3,18,173]]
[[0,0,0],[1,0,0],[0,1,0],[34,38,173]]
[[0,0,0],[1,0,0],[0,1,0],[8,24,173]]
[[0,0,0],[1,0,0],[0,1,0],[2,13,173]]
[[0,0,0],[1,0,0],[0,1,0],[6,54,173]]
[[0,0,0],[1,0,0],[0,1,0],[5,53,173]]
[[0,0,0],[1,0,0],[0,1,0],[62,133,173]]
[[0,0,0],[1,0,0],[0,1,0],[7,73,173]]
[[0,0,0],[1,0,0],[0,1,0],[21,48,173]]
[[0,0,0],[1,0,0],[0,1,0],[27,151,173]]
[[0,0,0],[1,0,0],[0,1,0],[7,82,173]]
[[0,0,0],[1,0,0],[0,1,0],[1,2,173]]
[[0,0,0],[1,0,0],[0,1,0],[38,142,173]]
[[0,0,0],[1,0,0],[0,1,0],[38,53,173]]
[[0,0,0],[1,0,0],[0,1,0],[24,66,173]]
[[0,0,0],[1,0,0],[0,1,0],[0,1,173]]
[[0,0,0],[1,0,0],[0,1,0],[22,42,173]]
[[0,0,0],[1,0,0],[0,1,0],[8,14,173]]
[[0,0,0],[1,0,0],[0,1,0],[3,14,173]]
[[0,0,0],[1,0,0],[0,1,0],[15,21,173]]
[[0,0,0],[1,0,0],[0,1,0],[8,50,173]]
[[0,0,0],[1,0,0],[0,1,0],[6,28,173]]
[[0,0,0],[1,0,0],[0,1,0],[3,44,173]]
[[0,0,0],[1,0,0],[0,1,0],[5,78,173]]
[[0,0,0],[1,0,0],[0,1,0],[13,44,173]]
[[0,0,0],[1,0,0],[0,1,0],[5,13,173]]
[[0,0,0],[1,0,0],[0,1,0],[3,31,173]]
[[0,0,0],[1,0,0],[0,1,0],[8,66,173]]
[[0,0,0],[1,0,0],[0,1,0],[22,28,173]]
[[0,0,0],[1,0,0],[0,1,0],[3,76,173]]
[[0,0,0],[1,0,0],[0,1,0],[45,49,173]]
[[0,0,0],[1,0,0],[0,1,0],[6,55,173]]
[[0,0,0],[1,0,0],[0,1,0],[21,161,173]]
[[0,0,0],[1,0,0],[0,1,0],[18,27,173]]
[[0,0,0],[1,0,0],[0,1,0],[3,9,173]]
[[0,0,0],[1,0,0],[0,1,0],[2,39,173]]
[[0,0,0],[1,0,0],[0,1,0],[7,167,173]]
[[0,0,0],[1,0,0],[0,1,0],[2,8,173]]
[[0,0,0],[1,0,0],[0,1,0],[10,12,173]]
[[0,0,0],[1,0,0],[0,1,0],[7,60,173]]
[[0,0,0],[1,0,0],[0,1,0],[4,21,173]]
[[0,0,0],[1,0,0],[0,1,0],[13,72,173]]
[[0,0,0],[1,0,0],[0,1,0],[15,54,173]]
[[0,0,0],[1,0,0],[0,1,0],[24,69,173]]
[[0,0,0],[1,0,0],[0,1,0],[11,71,173]]
[[0,0,0],[1,0,0],[0,1,0],[11,40,173]]
[[0,0,0],[1,0,0],[0,1,0],[2,18,173]]
[[0,0,0],[1,0,0],[0,1,0],[17,24,173]]
[[0,0,0],[1,0,0],[0,1,0],[46,138,173]]
[[0,0,0],[1,0,0],[0,1,0],[13,15,173]]
[[0,0,0],[1,0,0],[0,1,0],[32,62,173]]
[[0,0,0],[1,0,0],[0,1,0],[6,12,173]]
[[0,0,0],[1,0,0],[0,1,0],[16,23,173]]
[[0,0,0],[1,0,0],[0,1,0],[17,41,173]]
[[0,0,0],[1,0,0],[0,1,0],[30,148,173]]
[[0,0,0],[1,0,0],[0,1,0],[5,25,173]]
[[0,0,0],[1,0,0],[0,1,0],[3,73,173]]
[[0,0,0],[1,0,0],[0,1,0],[13,167,173]]
[[0,0,0],[1,0,0],[0,1,0],[3,74,173]]
