[[0,0,0],[1,0,0],[0,5,0],[34,5,35]]
[[0,0,0],[1,0,0],[0,1,0],[11,158,175]]
[[0,0,0],[1,0,0],[0,1,0],[69,132,175]]
[[0,0,0],[1,0,0],[0,1,0],[2,34,175]]
[[0,0,0],[1,0,0],[0,1,0],[0,1,175]]
[[0,0,0],[1,0,0],[0,1,0],[18,48,175]]
[[0,0,0],[1,0,0],[0,1,0],[80,12,175]]
[[0,0,0],[1,0,0],[0,5,0],[19,20,35]]
[[0,0,0],[1,0,0],[0,1,0],[49,36,175]]
[[0,0,0],[1,0,0],[0,1,0],[7,141,175]]
[[0,0,0],[1,0,0],[0,1,0],[58,58,175]]
[[0,0,0],[1,0,0],[0,1,0],[8,36,175]]
[[0,0,0],[1,0,0],[0,1,0],[82,174,175]]
[[0,0,0],[1,0,0],[0,1,0],[100,6,175]]
[[0,0,0],[1,0,0],[0,1,0],[26,51,175]]
[[0,0,0],[1,0,0],[0,1,0],[8,163,175]]
[[0,0,0],[1,0,0],[0,1,0],[28,64,175]]
[[0,0,0],[1,0,0],[0,1,0],[76,113,175]]
[[0,0,0],[1,0,0],[0,1,0],[9,54,175]]
[[0,0,0],[1,0,0],[0,1,0],[119,106,175]]
[[0,0,0],[1,0,0],[0,1,0],[2,97,175]]
[[0,0,0],[1,0,0],[0,1,0],[54,92,175]]
[[0,0,0],[1,0,0],[0,1,0],[4,39,175]]
[[0,0,0],[1,0,0],[0,5,0],[34,15,35]]
[[0,0,0],[1,0,0],[0,1,0],[69,127,175]]
[[0,0,0],[1,0,0],[0,1,0],[4,152,175]]
[[0,0,0],[1,0,0],[0,1,0],[59,131,175]]
[[0,0,0],[1,0,0],[0,1,0],[23,62,175]]
[[0,0,0],[1,0,0],[0,1,0],[59,127,175]]
[[0,0,0],[1,0,0],[0,1,0],[1,54,175]]
[[0,0,0],[1,0,0],[0,1,0],[18,34,175]]
[[0,0,0],[1,0,0],[0,1,0],[17,68,175]]
[[0,0,0],[1,0,0],[0,1,0],[90,9,175]]
[[0,0,0],[1,0,0],[0,1,0],[43,108,175]]
[[0,0,0],[1,0,0],[0,1,0],[29,97,175]]
[[0,0,0],[1,0,0],[0,1,0],[46,62,175]]
[[0,0,0],[1,0,0],[0,1,0],[19,66,175]]
[[0,0,0],[1,0,0],[0,1,0],[43,142,175]]
[[0,0,0],[1,0,0],[0,1,0],[6,8,175]]
[[0,0,0],[1,0,0],[0,1,0],[55,107,175]]
[[0,0,0],[1,0,0],[0,1,0],[19,48,175]]
[[0,0,0],[1,0,0],[0,1,0],[40,80,175]]
[[0,0,0],[1,0,0],[0,1,0],[24,33,175]]
[[0,0,0],[1,0,0],[0,1,0],[42,92,175]]
[[0,0,0],[1,0,0],[0,1,0],[85,141,175]]
[[0,0,0],[1,0,0],[0,1,0],[19,71,175]]
[[0,0,0],[1,0,0],[0,1,0],[19,108,175]]
[[0,0,0],[1,0,0],[0,1,0],[70,106,175]]
[[0,0,0],[1,0,0],[0,1,0],[24,159,175]]
[[0,0,0],[1,0,0],[0,1,0],[17,24,175]]
[[0,0,0],[1,0,0],[0,1,0],[43,134,175]]
[[0,0,0],[1,0,0],[0,1,0],[60,144,175]]
[[0,0,0],[1,0,0],[0,1,0],[80,166,175]]
[[0,0,0],[1,0,0],[0,1,0],[3,36,175]]
[[0,0,0],[1,0,0],[0,1,0],[3,163,175]]
[[0,0,0],[1,0,0],[0,1,0],[43,51,175]]
[[0,0,0],[1,0,0],[0,1,0],[20,2,175]]
[[0,0,0],[1,0,0],[0,1,0],[63,155,175]]
[[0,0,0],[1,0,0],[0,1,0],[2,8,175]]
[[0,0,0],[1,0,0],[0,1,0],[56,20,175]]
[[0,0,0],[1,0,0],[0,1,0],[37,109,175]]
[[0,0,0],[1,0,0],[0,1,0],[91,120,175]]
[[0,0,0],[1,0,0],[0,1,0],[45,81,175]]
[[0,0,0],[1,0,0],[0,1,0],[34,102,175]]
[[0,0,0],[1,0,0],[0,1,0],[11,66,175]]
[[0,0,0],[1,0,0],[0,1,0],[14,112,175]]
[[0,0,0],[1,0,0],[0,1,0],[4,107,175]]
[[0,0,0],[1,0,0],[0,1,0],[19,127,175]]
[[0,0,0],[1,0,0],[0,1,0],[10,86,175]]
[[0,0,0],[1,0,0],[0,1,0],[15,116,175]]
[[0,0,0],[1,0,0],[0,1,0],[11,29,175]]
[[0,0,0],[1,0,0],[0,1,0],[45,173,175]]
[[0,0,0],[1,0,0],[0,1,0],[10,96,175]]
[[0,0,0],[1,0,0],[0,1,0],[13,167,175]]
[[0,0,0],[1,0,0],[0,1,0],[34,128,175]]
[[0,0,0],[1,0,0],[0,1,0],[19,24,175]]
[[0,0,0],[1,0,0],[0,1,0],[82,164,175]]
[[0,0,0],[1,0,0],[0,1,0],[77,99,175]]
[[0,0,0],[1,0,0],[0,1,0],[12,134,175]]
[[0,0,0],[1,0,0],[0,1,0],[42,162,175]]
[[0,0,0],[1,0,0],[0,1,0],[77,155,175]]
[[0,0,0],[1,0,0],[0,1,0],[120,131,175]]
[[0,0,0],[1,0,0],[0,1,0],[4,36,175]]
[[0,0,0],[1,0,0],[0,1,0],[12,41,175]]
[[0,0,0],[1,0,0],[0,1,0],[6,48,175]]
[[0,0,0],[1,0,0],[0,5,0],[21,5,35]]
[[0,0,0],[1,0,0],[0,1,0],[18,52,175]]
[[0,0,0],[1,0,0],[0,1,0],[13,24,175]]
[[0,0,0],[1,0,0],[0,1,0],[2,38,175]]
[[0,0,0],[1,0,0],[0,1,0],[4,22,175]]
[[0,0,0],[1,0,0],[0,5,0],[17,5,35]]
[[0,0,0],[1,0,0],[0,1,0],[51,97,175]]
[[0,0,0],[1,0,0],[0,1,0],[42,159,175]]
[[0,0,0],[1,0,0],[2,5,0],[24,10,35]]
[[0,0,0],[1,0,0],[0,1,0],[60,46,175]]
[[0,0,0],[1,0,0],[0,1,0],[24,68,175]]
[[0,0,0],[1,0,0],[0,1,0],[45,66,175]]
[[0,0,0],[1,0,0],[0,1,0],[100,41,175]]
[[0,0,0],[1,0,0],[0,1,0],[13,61,175]]
[[0,0,0],[1,0,0],[0,1,0],[77,120,175]]
[[0,0,0],[1,0,0],[0,1,0],[36,51,175]]
[[0,0,0],[1,0,0],[0,1,0],[8,27,175]]
[[0,0,0],[1,0,0],[0,1,0],[13,143,175]]
[[0,0,0],[1,0,0],[0,1,0],[6,81,175]]
[[0,0,0],[5,0,0],[0,1,0],[7,29,35]]
[[0,0,0],[1,0,0],[0,1,0],[13,93,175]]
[[0,0,0],[1,0,0],[0,1,0],[8,31,175]]
[[0,0,0],[1,0,0],[0,1,0],[23,139,175]]
[[0,0,0],[1,0,0],[0,1,0],[65,153,175]]
[[0,0,0],[1,0,0],[0,1,0],[26,157,175]]
[[0,0,0],[1,0,0],[0,1,0],[60,11,175]]
[[0,0,0],[1,0,0],[0,1,0],[84,120,175]]
[[0,0,0],[1,0,0],[0,1,0],[112,120,175]]
[[0,0,0],[1,0,0],[0,1,0],[32,81,175]]
[[0,0,0],[1,0,0],[0,1,0],[6,29,175]]
[[0,0,0],[1,0,0],[0,1,0],[9,137,175]]
[[0,0,0],[1,0,0],[0,1,0],[43,143,175]]
[[0,0,0],[1,0,0],[0,1,0],[90,136,175]]
[[0,0,0],[1,0,0],[0,1,0],[8,34,175]]
[[0,0,0],[1,0,0],[0,1,0],[4,127,175]]
[[0,0,0],[1,0,0],[0,1,0],[43,48,175]]
[[0,0,0],[1,0,0],[0,1,0],[23,118,175]]
[[0,0,0],[1,0,0],[0,1,0],[112,99,175]]
[[0,0,0],[1,0,0],[0,1,0],[15,106,175]]
[[0,0,0],[1,0,0],[0,1,0],[19,101,175]]
[[0,0,0],[1,0,0],[0,1,0],[34,72,175]]
[[0,0,0],[1,0,0],[0,1,0],[30,132,175]]
[[0,0,0],[1,0,0],[0,1,0],[14,120,175]]
[[0,0,0],[1,0,0],[0,1,0],[14,137,175]]
[[0,0,0],[1,0,0],[0,1,0],[3,61,175]]
[[0,0,0],[1,0,0],[0,1,0],[20,166,175]]
[[0,0,0],[1,0,0],[0,1,0],[30,174,175]]
[[0,0,0],[1,0,0],[0,1,0],[20,61,175]]
[[0,0,0],[1,0,0],[0,1,0],[75,101,175]]
[[0,0,0],[1,0,0],[0,1,0],[8,103,175]]
[[0,0,0],[1,0,0],[0,1,0],[135,174,175]]
[[0,0,0],[1,0,0],[0,1,0],[29,66,175]]
[[0,0,0],[1,0,0],[0,1,0],[14,85,175]]
[[0,0,0],[1,0,0],[0,1,0],[8,52,175]]
[[0,0,0],[1,0,0],[0,1,0],[11,123,175]]
[[0,0,0],[1,0,0],[0,1,0],[6,171,175]]
[[0,0,0],[1,0,0],[0,1,0],[52,104,175]]
[[0,0,0],[1,0,0],[0,1,0],[11,116,175]]
[[0,0,0],[1,0,0],[0,1,0],[4,151,175]]
[[0,0,0],[1,0,0],[0,1,0],[95,130,175]]
[[0,0,0],[1,0,0],[0,1,0],[14,78,175]]
[[0,0,0],[1,0,0],[0,1,0],[79,174,175]]
[[0,0,0],[1,0,0],[0,1,0],[12,54,175]]
[[0,0,0],[1,0,0],[0,1,0],[13,68,175]]
[[0,0,0],[1,0,0],[0,1,0],[11,67,175]]
[[0,0,0],[1,0,0],[0,1,0],[55,2,175]]
[[0,0,0],[1,0,0],[0,1,0],[4,86,175]]
[[0,0,0],[1,0,0],[0,1,0],[19,102,175]]
[[0,0,0],[1,0,0],[0,1,0],[119,85,175]]
[[0,0,0],[1,0,0],[0,1,0],[9,107,175]]
[[0,0,0],[1,0,0],[0,1,0],[60,60,175]]
[[0,0,0],[1,0,0],[0,1,0],[5,146,175]]
[[0,0,0],[1,0,0],[0,1,0],[4,46,175]]
[[0,0,0],[1,0,0],[0,1,0],[10,131,175]]
[[0,0,0],[1,0,0],[0,1,0],[30,69,175]]
[[0,0,0],[1,0,0],[0,1,0],[2,54,175]]
[[0,0,0],[1,0,0],[0,1,0],[14,71,175]]
[[0,0,0],[1,0,0],[0,1,0],[11,26,175]]
[[0,0,0],[1,0,0],[0,1,0],[80,116,175]]
[[0,0,0],[1,0,0],[0,1,0],[7,15,175]]
[[0,0,0],[1,0,0],[0,1,0],[13,114,175]]
[[0,0,0],[1,0,0],[0,1,0],[17,114,175]]
[[0,0,0],[1,0,0],[0,1,0],[18,32,175]]
[[0,0,0],[1,0,0],[0,1,0],[36,153,175]]
[[0,0,0],[1,0,0],[0,1,0],[74,74,175]]
[[0,0,0],[1,0,0],[0,1,0],[17,26,175]]
[[0,0,0],[1,0,0],[0,1,0],[5,121,175]]
[[0,0,0],[1,0,0],[0,1,0],[5,94,175]]
[[0,0,0],[1,0,0],[0,1,0],[118,118,175]]
[[0,0,0],[1,0,0],[0,1,0],[2,47,175]]
[[0,0,0],[1,0,0],[0,1,0],[3,71,175]]
[[0,0,0],[1,0,0],[0,1,0],[7,85,175]]
[[0,0,0],[1,0,0],[0,1,0],[21,99,175]]
[[0,0,0],[1,0,0],[0,1,0],[41,54,175]]
[[0,0,0],[1,0,0],[0,1,0],[11,24,175]]
[[0,0,0],[1,0,0],[0,1,0],[9,69,175]]
[[0,0,0],[1,0,0],[0,1,0],[87,174,175]]
[[0,0,0],[1,0,0],[0,1,0],[2,167,175]]
[[0,0,0],[1,0,0],[0,1,0],[30,71,175]]
[[0,0,0],[1,0,0],[0,1,0],[26,171,175]]
[[0,0,0],[1,0,0],[0,1,0],[18,79,175]]
[[0,0,0],[1,0,0],[0,1,0],[23,69,175]]
[[0,0,0],[1,0,0],[0,1,0],[2,43,175]]
[[0,0,0],[1,0,0],[0,1,0],[28,43,175]]
[[0,0,0],[1,0,0],[0,1,0],[33,51,175]]
[[0,0,0],[1,0,0],[0,1,0],[47,143,175]]
[[0,0,0],[1,0,0],[0,1,0],[8,13,175]]
[[0,0,0],[1,0,0],[0,1,0],[60,109,175]]
[[0,0,0],[1,0,0],[0,1,0],[38,59,175]]
[[0,0,0],[1,0,0],[0,1,0],[3,31,175]]
[[0,0,0],[1,0,0],[0,1,0],[14,29,175]]
[[0,0,0],[1,0,0],[0,1,0],[58,78,175]]
[[0,0,0],[1,0,0],[0,1,0],[130,32,175]]
[[0,0,0],[1,0,0],[0,1,0],[80,26,175]]
[[0,0,0],[1,0,0],[0,1,0],[2,66,175]]
[[0,0,0],[1,0,0],[0,1,0],[8,26,175]]
[[0,0,0],[1,0,0],[0,1,0],[9,52,175]]
[[0,0,0],[1,0,0],[0,1,0],[10,61,175]]
[[0,0,0],[1,0,0],[0,1,0],[46,46,175]]
[[0,0,0],[1,0,0],[0,1,0],[34,36,175]]
[[0,0,0],[1,0,0],[0,1,0],[90,23,175]]
[[0,0,0],[1,0,0],[0,1,0],[19,74,175]]
[[0,0,0],[1,0,0],[0,1,0],[11,31,175]]
[[0,0,0],[1,0,0],[0,1,0],[20,170,175]]
[[0,0,0],[1,0,0],[0,1,0],[3,43,175]]
[[0,0,0],[1,0,0],[0,1,0],[5,6,175]]
[[0,0,0],[1,0,0],[0,1,0],[60,74,175]]
[[0,0,0],[1,0,0],[0,1,0],[29,156,175]]
[[0,0,0],[1,0,0],[0,1,0],[17,99,175]]
[[0,0,0],[1,0,0],[1,5,0],[6,10,35]]
[[0,0,0],[1,0,0],[0,1,0],[6,32,175]]
[[0,0,0],[1,0,0],[1,5,0],[11,5,35]]
[[0,0,0],[1,0,0],[0,1,0],[5,111,175]]
[[0,0,0],[1,0,0],[0,1,0],[18,158,175]]
[[0,0,0],[1,0,0],[0,1,0],[10,36,175]]
[[0,0,0],[1,0,0],[0,1,0],[10,11,175]]
[[0,0,0],[1,0,0],[0,1,0],[41,114,175]]
[[0,0,0],[1,0,0],[0,1,0],[5,106,175]]
[[0,0,0],[1,0,0],[0,1,0],[25,101,175]]
[[0,0,0],[1,0,0],[0,1,0],[5,16,175]]
[[0,0,0],[1,0,0],[0,1,0],[11,11,175]]
[[0,0,0],[1,0,0],[0,1,0],[3,96,175]]
[[0,0,0],[1,0,0],[0,5,0],[6,5,35]]
[[0,0,0],[1,0,0],[0,1,0],[63,120,175]]
[[0,0,0],[1,0,0],[0,1,0],[12,53,175]]
[[0,0,0],[1,0,0],[0,1,0],[29,162,175]]
[[0,0,0],[1,0,0],[0,1,0],[8,113,175]]
[[0,0,0],[1,0,0],[0,1,0],[29,142,175]]
[[0,0,0],[1,0,0],[0,1,0],[7,71,175]]
[[0,0,0],[1,0,0],[0,1,0],[17,57,175]]
[[0,0,0],[1,0,0],[0,1,0],[13,31,175]]
[[0,0,0],[1,0,0],[0,1,0],[47,171,175]]
[[0,0,0],[1,0,0],[0,1,0],[29,41,175]]
[[0,0,0],[1,0,0],[0,1,0],[30,171,175]]
[[0,0,0],[1,0,0],[0,1,0],[43,78,175]]
[[0,0,0],[1,0,0],[0,1,0],[15,136,175]]
[[0,0,0],[1,0,0],[0,1,0],[85,1,175]]
[[0,0,0],[1,0,0],[0,1,0],[42,9,175]]
[[0,0,0],[1,0,0],[0,1,0],[40,6,175]]
[[0,0,0],[1,0,0],[0,1,0],[126,99,175]]
[[0,0,0],[1,0,0],[0,1,0],[5,122,175]]
[[0,0,0],[1,0,0],[0,1,0],[18,68,175]]
[[0,0,0],[1,0,0],[0,1,0],[9,102,175]]
[[0,0,0],[1,0,0],[0,1,0],[49,57,175]]
[[0,0,0],[1,0,0],[0,1,0],[6,54,175]]
[[0,0,0],[1,0,0],[0,1,0],[8,73,175]]
[[0,0,0],[1,0,0],[0,1,0],[119,82,175]]
[[0,0,0],[1,0,0],[0,1,0],[4,116,175]]
[[0,0,0],[1,0,0],[0,1,0],[31,54,175]]
[[0,0,0],[1,0,0],[0,1,0],[21,29,175]]
[[0,0,0],[1,0,0],[0,1,0],[30,97,175]]
[[0,0,0],[1,0,0],[0,1,0],[18,118,175]]
[[0,0,0],[1,0,0],[0,1,0],[52,82,175]]
[[0,0,0],[1,0,0],[0,1,0],[31,89,175]]
[[0,0,0],[1,0,0],[0,1,0],[11,81,175]]
[[0,0,0],[1,0,0],[0,1,0],[40,146,175]]
[[0,0,0],[1,0,0],[0,1,0],[8,118,175]]
[[0,0,0],[1,0,0],[0,1,0],[11,32,175]]
[[0,0,0],[1,0,0],[0,1,0],[65,146,175]]
[[0,0,0],[1,0,0],[0,1,0],[30,46,175]]
[[0,0,0],[1,0,0],[0,1,0],[2,36,175]]
[[0,0,0],[1,0,0],[0,1,0],[55,151,175]]
[[0,0,0],[1,0,0],[0,5,0],[19,5,35]]
[[0,0,0],[1,0,0],[0,1,0],[52,144,175]]
[[0,0,0],[1,0,0],[0,1,0],[29,152,175]]
[[0,0,0],[1,0,0],[0,1,0],[95,123,175]]
[[0,0,0],[1,0,0],[0,1,0],[6,39,175]]
[[0,0,0],[1,0,0],[0,1,0],[3,6,175]]
[[0,0,0],[1,0,0],[0,1,0],[41,51,175]]
[[0,0,0],[1,0,0],[0,1,0],[12,114,175]]
[[0,0,0],[1,0,0],[0,1,0],[2,134,175]]
[[0,0,0],[1,0,0],[0,1,0],[12,164,175]]
[[0,0,0],[1,0,0],[0,1,0],[55,86,175]]
[[0,0,0],[1,0,0],[0,1,0],[20,106,175]]
[[0,0,0],[1,0,0],[0,1,0],[40,115,175]]
[[0,0,0],[1,0,0],[0,1,0],[29,87,175]]
[[0,0,0],[1,0,0],[0,1,0],[6,6,175]]
[[0,0,0],[1,0,0],[0,1,0],[11,172,175]]
[[0,0,0],[1,0,0],[0,1,0],[53,172,175]]
[[0,0,0],[1,0,0],[0,1,0],[34,71,175]]
[[0,0,0],[1,0,0],[0,1,0],[47,87,175]]
[[0,0,0],[1,0,0],[0,1,0],[45,68,175]]
[[0,0,0],[1,0,0],[0,1,0],[85,96,175]]
[[0,0,0],[1,0,0],[0,1,0],[32,174,175]]
[[0,0,0],[1,0,0],[0,1,0],[75,136,175]]
[[0,0,0],[1,0,0],[0,1,0],[37,57,175]]
[[0,0,0],[1,0,0],[0,1,0],[53,113,175]]
[[0,0,0],[1,0,0],[0,1,0],[20,11,175]]
[[0,0,0],[1,0,0],[0,1,0],[91,110,175]]
[[0,0,0],[1,0,0],[0,1,0],[6,69,175]]
[[0,0,0],[1,0,0],[0,1,0],[18,26,175]]
[[0,0,0],[1,0,0],[0,1,0],[13,34,175]]
[[0,0,0],[1,0,0],[0,1,0],[31,149,175]]
[[0,0,0],[1,0,0],[0,1,0],[8,43,175]]
[[0,0,0],[1,0,0],[0,1,0],[58,174,175]]
[[0,0,0],[1,0,0],[0,1,0],[28,15,175]]
[[0,0,0],[1,0,0],[0,1,0],[26,136,175]]
[[0,0,0],[1,0,0],[0,1,0],[3,73,175]]
[[0,0,0],[1,0,0],[0,1,0],[3,74,175]]
[[0,0,0],[1,0,0],[0,1,0],[5,45,175]]
[[0,0,0],[1,0,0],[0,1,0],[34,62,175]]
[[0,0,0],[1,0,0],[0,1,0],[36,58,175]]
[[0,0,0],[1,0,0],[0,1,0],[42,29,175]]
[[0,0,0],[1,0,0],[0,1,0],[43,57,175]]
[[0,0,0],[1,0,0],[0,1,0],[12,23,175]]
[[0,0,0],[1,0,0],[0,1,0],[60,81,175]]
[[0,0,0],[1,0,0],[0,1,0],[1,18,175]]
[[0,0,0],[1,0,0],[0,1,0],[28,1,175]]
[[0,0,0],[1,0,0],[0,1,0],[3,19,175]]
[[0,0,0],[1,0,0],[0,1,0],[6,74,175]]
[[0,0,0],[1,0,0],[0,1,0],[2,169,175]]
[[0,0,0],[1,0,0],[0,1,0],[54,162,175]]
[[0,0,0],[1,0,0],[0,1,0],[60,95,175]]
[[0,0,0],[1,0,0],[0,1,0],[77,174,175]]
[[0,0,0],[1,0,0],[0,1,0],[80,71,175]]
[[0,0,0],[1,0,0],[0,1,0],[7,43,175]]
[[0,0,0],[1,0,0],[0,1,0],[41,149,175]]
[[0,0,0],[1,0,0],[0,1,0],[29,122,175]]
[[0,0,0],[1,0,0],[0,1,0],[18,47,175]]
[[0,0,0],[1,0,0],[0,1,0],[41,41,175]]
[[0,0,0],[1,0,0],[0,1,0],[26,151,175]]
[[0,0,0],[1,0,0],[0,1,0],[36,64,175]]
[[0,0,0],[1,0,0],[0,1,0],[18,93,175]]
[[0,0,0],[1,0,0],[0,1,0],[18,57,175]]
[[0,0,0],[1,0,0],[0,1,0],[2,24,175]]
[[0,0,0],[1,0,0],[0,1,0],[33,138,175]]
[[0,0,0],[1,0,0],[0,1,0],[20,142,175]]
[[0,0,0],[1,0,0],[0,1,0],[18,74,175]]
[[0,0,0],[1,0,0],[0,1,0],[6,93,175]]
[[0,0,0],[1,0,0],[0,1,0],[17,94,175]]
[[0,0,0],[5,0,0],[0,1,0],[7,22,35]]
[[0,0,0],[1,0,0],[0,1,0],[60,141,175]]
[[0,0,0],[1,0,0],[0,1,0],[47,47,175]]
[[0,0,0],[1,0,0],[0,1,0],[19,136,175]]
[[0,0,0],[1,0,0],[0,1,0],[80,110,175]]
[[0,0,0],[1,0,0],[1,5,0],[11,10,35]]
[[0,0,0],[1,0,0],[0,1,0],[6,61,175]]
[[0,0,0],[1,0,0],[0,1,0],[161,165,175]]
[[0,0,0],[1,0,0],[0,1,0],[119,92,175]]
[[0,0,0],[1,0,0],[0,1,0],[20,96,175]]
[[0,0,0],[1,0,0],[0,1,0],[23,174,175]]
[[0,0,0],[1,0,0],[0,1,0],[2,76,175]]
[[0,0,0],[1,0,0],[0,1,0],[41,128,175]]
[[0,0,0],[1,0,0],[0,1,0],[9,32,175]]
[[0,0,0],[1,0,0],[0,1,0],[13,108,175]]
[[0,0,0],[1,0,0],[0,1,0],[11,47,175]]
[[0,0,0],[1,0,0],[0,1,0],[31,157,175]]
[[0,0,0],[1,0,0],[0,1,0],[38,58,175]]
[[0,0,0],[1,0,0],[0,1,0],[91,60,175]]
[[0,0,0],[1,0,0],[0,1,0],[8,24,175]]
[[0,0,0],[1,0,0],[0,1,0],[1,61,175]]
[[0,0,0],[1,0,0],[0,1,0],[82,109,175]]
[[0,0,0],[1,0,0],[0,1,0],[7,69,175]]
[[0,0,0],[1,0,0],[0,1,0],[13,169,175]]
[[0,0,0],[1,0,0],[0,1,0],[31,62,175]]
[[0,0,0],[1,0,0],[0,1,0],[29,127,175]]
[[0,0,0],[1,0,0],[0,1,0],[53,116,175]]
[[0,0,0],[1,0,0],[0,1,0],[109,109,175]]
[[0,0,0],[1,0,0],[0,1,0],[19,31,175]]
[[0,0,0],[1,0,0],[0,1,0],[34,121,175]]
[[0,0,0],[1,0,0],[0,1,0],[13,163,175]]
[[0,0,0],[1,0,0],[0,1,0],[4,52,175]]
[[0,0,0],[1,0,0],[0,1,0],[3,54,175]]
[[0,0,0],[1,0,0],[0,1,0],[91,169,175]]
[[0,0,0],[1,0,0],[0,1,0],[1,12,175]]
[[0,0,0],[1,0,0],[0,1,0],[15,71,175]]
[[0,0,0],[1,0,0],[0,1,0],[24,142,175]]
[[0,0,0],[1,0,0],[0,1,0],[18,59,175]]
[[0,0,0],[1,0,0],[0,1,0],[2,53,175]]
[[0,0,0],[1,0,0],[0,1,0],[84,127,175]]
[[0,0,0],[1,0,0],[0,1,0],[3,66,175]]
[[0,0,0],[1,0,0],[0,1,0],[3,59,175]]
[[0,0,0],[1,0,0],[0,1,0],[19,166,175]]
[[0,0,0],[1,0,0],[0,1,0],[32,172,175]]
[[0,0,0],[1,0,0],[0,1,0],[55,51,175]]
[[0,0,0],[1,0,0],[0,1,0],[33,68,175]]
[[0,0,0],[1,0,0],[0,1,0],[13,156,175]]
[[0,0,0],[1,0,0],[0,1,0],[64,127,175]]
[[0,0,0],[1,0,0],[1,5,0],[29,20,35]]
[[0,0,0],[1,0,0],[0,1,0],[20,121,175]]
[[0,0,0],[1,0,0],[0,1,0],[26,159,175]]
[[0,0,0],[1,0,0],[0,1,0],[77,134,175]]
[[0,0,0],[1,0,0],[0,1,0],[80,46,175]]
[[0,0,0],[1,0,0],[0,1,0],[47,109,175]]
[[0,0,0],[1,0,0],[0,1,0],[13,43,175]]
[[0,0,0],[1,0,0],[1,5,0],[21,7,35]]
[[0,0,0],[1,0,0],[0,1,0],[30,6,175]]
[[0,0,0],[1,0,0],[0,1,0],[87,164,175]]
[[0,0,0],[1,0,0],[0,1,0],[2,32,175]]
[[0,0,0],[1,0,0],[0,1,0],[2,6,175]]
[[0,0,0],[1,0,0],[0,5,0],[17,30,35]]
[[0,0,0],[1,0,0],[0,1,0],[4,23,175]]
[[0,0,0],[1,0,0],[0,1,0],[37,159,175]]
[[0,0,0],[1,0,0],[0,1,0],[3,8,175]]
[[0,0,0],[1,0,0],[0,1,0],[3,68,175]]
[[0,0,0],[1,0,0],[0,1,0],[38,82,175]]
[[0,0,0],[1,0,0],[0,1,0],[18,113,175]]
[[0,0,0],[1,0,0],[0,1,0],[23,43,175]]
[[0,0,0],[1,0,0],[0,1,0],[3,138,175]]
[[0,0,0],[1,0,0],[0,1,0],[48,78,175]]
[[0,0,0],[1,0,0],[0,1,0],[3,174,175]]
[[0,0,0],[1,0,0],[0,1,0],[5,41,175]]
[[0,0,0],[1,0,0],[0,1,0],[5,157,175]]
[[0,0,0],[1,0,0],[0,1,0],[12,38,175]]
[[0,0,0],[1,0,0],[0,1,0],[20,86,175]]
[[0,0,0],[1,0,0],[0,1,0],[8,12,175]]
[[0,0,0],[1,0,0],[0,1,0],[45,31,175]]
[[0,0,0],[1,0,0],[0,5,0],[13,10,35]]
[[0,0,0],[1,0,0],[0,1,0],[3,81,175]]
[[0,0,0],[1,0,0],[0,1,0],[161,90,175]]
[[0,0,0],[1,0,0],[0,1,0],[19,34,175]]
[[0,0,0],[1,0,0],[0,1,0],[3,62,175]]
[[0,0,0],[1,0,0],[0,1,0],[51,136,175]]
[[0,0,0],[1,0,0],[0,1,0],[8,148,175]]
[[0,0,0],[1,0,0],[0,1,0],[6,9,175]]
[[0,0,0],[1,0,0],[0,5,0],[13,5,35]]
[[0,0,0],[1,0,0],[0,1,0],[18,53,175]]
[[0,0,0],[1,0,0],[0,1,0],[6,114,175]]
[[0,0,0],[1,0,0],[0,1,0],[18,138,175]]
[[0,0,0],[1,0,0],[0,1,0],[115,173,175]]
[[0,0,0],[1,0,0],[0,1,0],[50,56,175]]
[[0,0,0],[1,0,0],[0,1,0],[120,61,175]]
[[0,0,0],[1,0,0],[0,1,0],[14,57,175]]
[[0,0,0],[1,0,0],[0,1,0],[33,38,175]]
[[0,0,0],[1,0,0],[2,5,0],[4,15,35]]
[[0,0,0],[1,0,0],[0,5,0],[3,5,35]]
[[0,0,0],[1,0,0],[0,1,0],[29,82,175]]
[[0,0,0],[1,0,0],[0,1,0],[8,69,175]]
[[0,0,0],[1,0,0],[0,1,0],[56,95,175]]
[[0,0,0],[1,0,0],[0,1,0],[3,152,175]]
[[0,0,0],[1,0,0],[0,1,0],[5,108,175]]
[[0,0,0],[1,0,0],[0,1,0],[20,44,175]]
[[0,0,0],[1,0,0],[0,1,0],[24,61,175]]
[[0,0,0],[1,0,0],[0,1,0],[24,157,175]]
[[0,0,0],[1,0,0],[0,1,0],[68,113,175]]
[[0,0,0],[1,0,0],[0,1,0],[64,113,175]]
[[0,0,0],[1,0,0],[0,1,0],[9,78,175]]
[[0,0,0],[1,0,0],[0,1,0],[4,61,175]]
[[0,0,0],[1,0,0],[0,1,0],[23,138,175]]
[[0,0,0],[1,0,0],[0,1,0],[2,73,175]]
[[0,0,0],[1,0,0],[0,1,0],[4,33,175]]
[[0,0,0],[1,0,0],[0,1,0],[20,163,175]]
[[0,0,0],[1,0,0],[0,5,0],[5,15,35]]
[[0,0,0],[1,0,0],[0,1,0],[10,159,175]]
[[0,0,0],[1,0,0],[0,1,0],[34,43,175]]
[[0,0,0],[1,0,0],[0,1,0],[34,86,175]]
[[0,0,0],[1,0,0],[0,1,0],[20,58,175]]
[[0,0,0],[1,0,0],[0,1,0],[31,148,175]]
[[0,0,0],[1,0,0],[0,1,0],[55,36,175]]
[[0,0,0],[1,0,0],[0,1,0],[11,74,175]]
[[0,0,0],[1,0,0],[0,1,0],[20,46,175]]
[[0,0,0],[1,0,0],[0,1,0],[1,19,175]]
[[0,0,0],[1,0,0],[0,1,0],[40,51,175]]
[[0,0,0],[1,0,0],[0,1,0],[53,109,175]]
[[0,0,0],[1,0,0],[0,1,0],[115,136,175]]
[[0,0,0],[1,0,0],[0,1,0],[2,12,175]]
[[0,0,0],[1,0,0],[0,1,0],[10,124,175]]
[[0,0,0],[1,0,0],[0,1,0],[91,134,175]]
[[0,0,0],[1,0,0],[0,1,0],[65,1,175]]
[[0,0,0],[1,0,0],[0,1,0],[19,51,175]]
[[0,0,0],[1,0,0],[0,1,0],[17,134,175]]
[[0,0,0],[1,0,0],[0,1,0],[8,108,175]]
[[0,0,0],[1,0,0],[0,1,0],[4,59,175]]
[[0,0,0],[1,0,0],[0,1,0],[11,61,175]]
[[0,0,0],[1,0,0],[0,1,0],[23,113,175]]
[[0,0,0],[1,0,0],[0,1,0],[98,8,175]]
[[0,0,0],[1,0,0],[0,1,0],[8,71,175]]
[[0,0,0],[1,0,0],[0,1,0],[12,143,175]]
[[0,0,0],[1,0,0],[0,1,0],[7,113,175]]
[[0,0,0],[1,0,0],[0,1,0],[37,74,175]]
[[0,0,0],[1,0,0],[0,1,0],[40,156,175]]
[[0,0,0],[1,0,0],[0,1,0],[14,37,175]]
[[0,0,0],[1,0,0],[0,1,0],[42,134,175]]
[[0,0,0],[1,0,0],[0,1,0],[2,114,175]]
[[0,0,0],[1,0,0],[0,1,0],[60,41,175]]
[[0,0,0],[1,0,0],[0,1,0],[6,73,175]]
[[0,0,0],[1,0,0],[0,1,0],[5,101,175]]
[[0,0,0],[1,0,0],[0,1,0],[5,71,175]]
[[0,0,0],[1,0,0],[0,1,0],[9,17,175]]
[[0,0,0],[1,0,0],[0,1,0],[80,61,175]]
[[0,0,0],[1,0,0],[0,1,0],[75,26,175]]
[[0,0,0],[1,0,0],[0,1,0],[31,159,175]]
[[0,0,0],[1,0,0],[0,1,0],[47,94,175]]
[[0,0,0],[1,0,0],[0,1,0],[4,144,175]]
[[0,0,0],[1,0,0],[0,1,0],[24,51,175]]
[[0,0,0],[1,0,0],[0,1,0],[4,24,175]]
[[0,0,0],[1,0,0],[0,1,0],[23,34,175]]
[[0,0,0],[1,0,0],[0,1,0],[161,155,175]]
[[0,0,0],[1,0,0],[0,1,0],[47,66,175]]
[[0,0,0],[1,0,0],[0,1,0],[115,101,175]]
[[0,0,0],[1,0,0],[0,1,0],[9,97,175]]
[[0,0,0],[1,0,0],[0,1,0],[40,3,175]]
[[0,0,0],[1,0,0],[0,1,0],[20,107,175]]
[[0,0,0],[1,0,0],[0,1,0],[9,41,175]]
[[0,0,0],[1,0,0],[0,1,0],[82,87,175]]
[[0,0,0],[1,0,0],[0,1,0],[17,166,175]]
[[0,0,0],[1,0,0],[0,1,0],[18,128,175]]
[[0,0,0],[1,0,0],[0,1,0],[13,118,175]]
[[0,0,0],[1,0,0],[2,5,0],[8,10,35]]
[[0,0,0],[1,0,0],[0,1,0],[24,46,175]]
[[0,0,0],[1,0,0],[0,1,0],[1,9,175]]
[[0,0,0],[1,0,0],[0,1,0],[19,57,175]]
[[0,0,0],[1,0,0],[0,1,0],[2,144,175]]
[[0,0,0],[1,0,0],[0,1,0],[32,61,175]]
[[0,0,0],[1,0,0],[0,5,0],[2,15,35]]
[[0,0,0],[1,0,0],[0,1,0],[2,11,175]]
[[0,0,0],[1,0,0],[0,1,0],[56,1,175]]
[[0,0,0],[1,0,0],[0,1,0],[110,136,175]]
[[0,0,0],[1,0,0],[0,1,0],[15,1,175]]
[[0,0,0],[1,0,0],[0,1,0],[63,162,175]]
[[0,0,0],[1,0,0],[0,1,0],[55,23,175]]
[[0,0,0],[1,0,0],[0,1,0],[30,90,175]]
[[0,0,0],[1,0,0],[0,1,0],[37,83,175]]
[[0,0,0],[1,0,0],[0,1,0],[26,32,175]]
[[0,0,0],[1,0,0],[0,1,0],[30,151,175]]
[[0,0,0],[1,0,0],[0,1,0],[90,93,175]]
[[0,0,0],[1,0,0],[0,1,0],[46,116,175]]
[[0,0,0],[1,0,0],[0,1,0],[6,107,175]]
[[0,0,0],[1,0,0],[0,1,0],[1,34,175]]
[[0,0,0],[1,0,0],[0,1,0],[10,151,175]]
[[0,0,0],[1,0,0],[0,1,0],[13,36,175]]
[[0,0,0],[1,0,0],[0,1,0],[14,92,175]]
[[0,0,0],[1,0,0],[0,1,0],[90,114,175]]
[[0,0,0],[1,0,0],[0,1,0],[8,82,175]]
[[0,0,0],[1,0,0],[0,1,0],[18,144,175]]
[[0,0,0],[1,0,0],[2,5,0],[4,30,35]]
[[0,0,0],[1,0,0],[0,1,0],[2,139,175]]
[[0,0,0],[1,0,0],[0,1,0],[52,94,175]]
[[0,0,0],[1,0,0],[0,1,0],[19,163,175]]
[[0,0,0],[1,0,0],[0,1,0],[46,151,175]]
[[0,0,0],[1,0,0],[0,1,0],[8,38,175]]
[[0,0,0],[1,0,0],[0,1,0],[38,159,175]]
[[0,0,0],[1,0,0],[0,1,0],[3,118,175]]
[[0,0,0],[1,0,0],[0,1,0],[5,156,175]]
[[0,0,0],[1,0,0],[0,1,0],[9,27,175]]
[[0,0,0],[1,0,0],[2,5,0],[23,5,35]]
[[0,0,0],[1,0,0],[0,1,0],[9,13,175]]
[[0,0,0],[1,0,0],[0,1,0],[8,83,175]]
[[0,0,0],[1,0,0],[0,1,0],[30,62,175]]
[[0,0,0],[1,0,0],[0,1,0],[29,69,175]]
[[0,0,0],[1,0,0],[0,1,0],[8,123,175]]
[[0,0,0],[1,0,0],[0,1,0],[8,81,175]]
[[0,0,0],[1,0,0],[0,1,0],[40,166,175]]
[[0,0,0],[1,0,0],[0,1,0],[37,48,175]]
[[0,0,0],[1,0,0],[0,1,0],[19,76,175]]
[[0,0,0],[1,0,0],[0,1,0],[14,1,175]]
[[0,0,0],[1,0,0],[0,1,0],[38,118,175]]
[[0,0,0],[1,0,0],[0,1,0],[29,172,175]]
[[0,0,0],[1,0,0],[0,1,0],[12,24,175]]
[[0,0,0],[1,0,0],[0,1,0],[30,166,175]]
[[0,0,0],[1,0,0],[0,1,0],[5,96,175]]
[[0,0,0],[1,0,0],[0,1,0],[19,59,175]]
[[0,0,0],[1,0,0],[0,1,0],[67,121,175]]
[[0,0,0],[1,0,0],[0,1,0],[160,86,175]]
[[0,0,0],[1,0,0],[0,1,0],[9,118,175]]
[[0,0,0],[1,0,0],[0,1,0],[23,33,175]]
[[0,0,0],[1,0,0],[0,1,0],[8,169,175]]
[[0,0,0],[1,0,0],[0,1,0],[95,53,175]]
[[0,0,0],[1,0,0],[0,1,0],[5,52,175]]
[[0,0,0],[1,0,0],[0,1,0],[13,47,175]]
[[0,0,0],[1,0,0],[0,1,0],[33,94,175]]
[[0,0,0],[1,0,0],[0,1,0],[42,85,175]]
[[0,0,0],[1,0,0],[0,5,0],[8,15,35]]
[[0,0,0],[1,0,0],[0,1,0],[2,19,175]]
[[0,0,0],[1,0,0],[0,1,0],[24,41,175]]
[[0,0,0],[1,0,0],[0,1,0],[8,66,175]]
[[0,0,0],[1,0,0],[0,1,0],[20,23,175]]
[[0,0,0],[1,0,0],[0,1,0],[9,53,175]]
[[0,0,0],[1,0,0],[0,1,0],[10,111,175]]
[[0,0,0],[1,0,0],[0,1,0],[6,59,175]]
[[0,0,0],[1,0,0],[0,1,0],[15,96,175]]
[[0,0,0],[1,0,0],[0,1,0],[14,162,175]]
[[0,0,0],[1,0,0],[0,1,0],[49,1,175]]
[[0,0,0],[1,0,0],[0,1,0],[8,33,175]]
[[0,0,0],[1,0,0],[0,1,0],[40,61,175]]
[[0,0,0],[1,0,0],[0,1,0],[40,86,175]]
[[0,0,0],[1,0,0],[0,1,0],[49,127,175]]
[[0,0,0],[1,0,0],[0,1,0],[55,114,175]]
[[0,0,0],[1,0,0],[0,1,0],[40,143,175]]
[[0,0,0],[1,0,0],[3,5,0],[3,5,35]]
[[0,0,0],[1,0,0],[0,1,0],[49,29,175]]
[[0,0,0],[1,0,0],[1,5,0],[1,15,35]]
[[0,0,0],[1,0,0],[0,1,0],[7,106,175]]
[[0,0,0],[1,0,0],[0,1,0],[45,151,175]]
[[0,0,0],[1,0,0],[0,5,0],[20,10,35]]
[[0,0,0],[1,0,0],[0,1,0],[126,85,175]]
[[0,0,0],[1,0,0],[0,1,0],[31,67,175]]
[[0,0,0],[1,0,0],[0,1,0],[55,44,175]]
[[0,0,0],[1,0,0],[0,1,0],[24,92,175]]
[[0,0,0],[1,0,0],[0,1,0],[48,48,175]]
[[0,0,0],[1,0,0],[0,1,0],[19,43,175]]
[[0,0,0],[1,0,0],[0,1,0],[9,66,175]]
[[0,0,0],[1,0,0],[0,1,0],[55,9,175]]
[[0,0,0],[1,0,0],[0,5,0],[2,30,35]]
[[0,0,0],[1,0,0],[0,1,0],[37,149,175]]
[[0,0,0],[1,0,0],[0,1,0],[37,94,175]]
[[0,0,0],[1,0,0],[0,1,0],[5,86,175]]
[[0,0,0],[1,0,0],[0,1,0],[12,64,175]]
[[0,0,0],[1,0,0],[0,1,0],[64,92,175]]
[[0,0,0],[1,0,0],[0,1,0],[47,74,175]]
[[0,0,0],[1,0,0],[0,1,0],[8,74,175]]
[[0,0,0],[1,0,0],[0,1,0],[6,43,175]]
[[0,0,0],[1,0,0],[0,1,0],[29,71,175]]
[[0,0,0],[1,0,0],[0,1,0],[23,132,175]]
[[0,0,0],[1,0,0],[0,1,0],[7,8,175]]
[[0,0,0],[1,0,0],[0,1,0],[6,72,175]]
[[0,0,0],[1,0,0],[0,1,0],[18,38,175]]
[[0,0,0],[1,0,0],[0,1,0],[5,81,175]]
[[0,0,0],[1,0,0],[0,1,0],[3,37,175]]
[[0,0,0],[1,0,0],[2,5,0],[8,5,35]]
[[0,0,0],[1,0,0],[0,1,0],[67,74,175]]
[[0,0,0],[1,0,0],[0,1,0],[95,165,175]]
[[0,0,0],[1,0,0],[0,1,0],[23,159,175]]
[[0,0,0],[1,0,0],[0,1,0],[95,95,175]]
[[0,0,0],[1,0,0],[0,1,0],[32,89,175]]
[[0,0,0],[1,0,0],[0,1,0],[3,117,175]]
[[0,0,0],[1,0,0],[0,1,0],[2,153,175]]
[[0,0,0],[1,0,0],[0,1,0],[32,104,175]]
[[0,0,0],[1,0,0],[0,1,0],[12,101,175]]
[[0,0,0],[1,0,0],[0,1,0],[30,48,175]]
[[0,0,0],[1,0,0],[0,1,0],[4,26,175]]
[[0,0,0],[1,0,0],[0,1,0],[17,74,175]]
[[0,0,0],[1,0,0],[0,1,0],[38,48,175]]
[[0,0,0],[1,0,0],[0,1,0],[20,131,175]]
[[0,0,0],[1,0,0],[0,1,0],[115,68,175]]
[[0,0,0],[1,0,0],[0,1,0],[12,149,175]]
[[0,0,0],[1,0,0],[0,1,0],[5,46,175]]
[[0,0,0],[1,0,0],[0,1,0],[3,89,175]]
[[0,0,0],[1,0,0],[0,1,0],[40,24,175]]
[[0,0,0],[1,0,0],[0,1,0],[19,157,175]]
[[0,0,0],[1,0,0],[0,1,0],[19,167,175]]
[[0,0,0],[1,0,0],[0,1,0],[41,79,175]]
[[0,0,0],[1,0,0],[0,1,0],[13,158,175]]
[[0,0,0],[1,0,0],[0,1,0],[15,46,175]]
[[0,0,0],[1,0,0],[0,1,0],[17,31,175]]
[[0,0,0],[1,0,0],[0,1,0],[98,141,175]]
[[0,0,0],[1,0,0],[0,1,0],[5,1,175]]
[[0,0,0],[1,0,0],[0,1,0],[135,132,175]]
[[0,0,0],[1,0,0],[0,1,0],[14,141,175]]
[[0,0,0],[1,0,0],[0,1,0],[1,43,175]]
[[0,0,0],[1,0,0],[0,1,0],[91,160,175]]
[[0,0,0],[1,0,0],[0,1,0],[9,74,175]]
[[0,0,0],[1,0,0],[0,1,0],[5,76,175]]
[[0,0,0],[1,0,0],[0,1,0],[1,1,175]]
[[0,0,0],[1,0,0],[0,1,0],[31,68,175]]
[[0,0,0],[1,0,0],[0,1,0],[40,151,175]]
[[0,0,0],[1,0,0],[0,1,0],[24,132,175]]
[[0,0,0],[1,0,0],[0,1,0],[72,164,175]]
[[0,0,0],[1,0,0],[0,1,0],[3,11,175]]
[[0,0,0],[1,0,0],[0,1,0],[54,54,175]]
[[0,0,0],[1,0,0],[0,1,0],[3,158,175]]
[[0,0,0],[1,0,0],[0,1,0],[11,166,175]]
[[0,0,0],[1,0,0],[0,1,0],[34,58,175]]
[[0,0,0],[1,0,0],[0,1,0],[50,126,175]]
[[0,0,0],[1,0,0],[0,1,0],[18,23,175]]
[[0,0,0],[1,0,0],[0,1,0],[98,127,175]]
[[0,0,0],[1,0,0],[0,1,0],[4,32,175]]
[[0,0,0],[1,0,0],[0,1,0],[65,69,175]]
[[0,0,0],[1,0,0],[0,1,0],[110,101,175]]
[[0,0,0],[1,0,0],[0,1,0],[72,159,175]]
[[0,0,0],[1,0,0],[0,1,0],[30,26,175]]
[[0,0,0],[1,0,0],[0,1,0],[83,163,175]]
[[0,0,0],[1,0,0],[0,1,0],[2,69,175]]
[[0,0,0],[1,0,0],[0,1,0],[168,15,175]]
[[0,0,0],[1,0,0],[0,5,0],[23,10,35]]
[[0,0,0],[1,0,0],[0,1,0],[33,173,175]]
[[0,0,0],[1,0,0],[0,1,0],[15,31,175]]
[[0,0,0],[1,0,0],[0,5,0],[4,5,35]]
[[0,0,0],[1,0,0],[0,5,0],[7,5,35]]
[[0,0,0],[1,0,0],[0,1,0],[9,122,175]]
[[0,0,0],[1,0,0],[0,1,0],[5,59,175]]
[[0,0,0],[1,0,0],[0,1,0],[8,37,175]]
[[0,0,0],[1,0,0],[0,1,0],[1,26,175]]
[[0,0,0],[1,0,0],[0,1,0],[20,30,175]]
[[0,0,0],[1,0,0],[0,1,0],[40,81,175]]
[[0,0,0],[1,0,0],[0,1,0],[4,87,175]]
[[0,0,0],[1,0,0],[0,1,0],[3,131,175]]
[[0,0,0],[1,0,0],[0,1,0],[2,118,175]]
[[0,0,0],[1,0,0],[0,1,0],[4,58,175]]
[[0,0,0],[1,0,0],[0,1,0],[4,132,175]]
[[0,0,0],[1,0,0],[0,1,0],[3,44,175]]
[[0,0,0],[1,0,0],[0,1,0],[4,17,175]]
[[0,0,0],[1,0,0],[0,1,0],[34,87,175]]
[[0,0,0],[1,0,0],[0,1,0],[115,66,175]]
[[0,0,0],[1,0,0],[0,1,0],[4,13,175]]
[[0,0,0],[1,0,0],[0,1,0],[35,71,175]]
[[0,0,0],[1,0,0],[0,1,0],[112,85,175]]
[[0,0,0],[1,0,0],[0,1,0],[12,29,175]]
[[0,0,0],[1,0,0],[1,5,0],[22,10,35]]
[[0,0,0],[5,0,0],[0,1,0],[0,29,35]]
[[0,0,0],[1,0,0],[0,1,0],[34,142,175]]
[[0,0,0],[1,0,0],[0,1,0],[18,102,175]]
[[0,0,0],[1,0,0],[0,1,0],[24,24,175]]
[[0,0,0],[1,0,0],[1,5,0],[1,5,35]]
[[0,0,0],[1,0,0],[0,1,0],[60,36,175]]
[[0,0,0],[1,0,0],[0,1,0],[29,48,175]]
[[0,0,0],[1,0,0],[0,1,0],[161,115,175]]
[[0,0,0],[1,0,0],[1,5,0],[1,10,35]]
[[0,0,0],[1,0,0],[0,1,0],[18,36,175]]
[[0,0,0],[1,0,0],[0,1,0],[15,141,175]]
[[0,0,0],[1,0,0],[0,1,0],[20,36,175]]
[[0,0,0],[1,0,0],[0,5,0],[34,20,35]]
[[0,0,0],[1,0,0],[0,1,0],[115,33,175]]
[[0,0,0],[1,0,0],[0,1,0],[13,153,175]]
[[0,0,0],[1,0,0],[0,1,0],[12,34,175]]
[[0,0,0],[1,0,0],[0,1,0],[34,82,175]]
[[0,0,0],[1,0,0],[0,1,0],[51,174,175]]
[[0,0,0],[1,0,0],[0,1,0],[9,71,175]]
[[0,0,0],[1,0,0],[0,1,0],[12,26,175]]
[[0,0,0],[1,0,0],[0,1,0],[45,41,175]]
[[0,0,0],[1,0,0],[0,1,0],[55,170,175]]
[[0,0,0],[1,0,0],[0,5,0],[14,5,35]]
[[0,0,0],[1,0,0],[0,1,0],[154,22,175]]
[[0,0,0],[1,0,0],[0,1,0],[41,86,175]]
[[0,0,0],[1,0,0],[0,1,0],[30,36,175]]
[[0,0,0],[1,0,0],[0,1,0],[67,67,175]]
[[0,0,0],[1,0,0],[0,1,0],[91,15,175]]
[[0,0,0],[1,0,0],[0,1,0],[12,58,175]]
[[0,0,0],[1,0,0],[0,1,0],[13,67,175]]
[[0,0,0],[1,0,0],[0,1,0],[6,128,175]]
[[0,0,0],[1,0,0],[0,1,0],[54,59,175]]
[[0,0,0],[1,0,0],[0,1,0],[65,111,175]]
[[0,0,0],[1,0,0],[0,1,0],[17,96,175]]
[[0,0,0],[1,0,0],[0,1,0],[11,43,175]]
[[0,0,0],[1,0,0],[0,1,0],[17,131,175]]
[[0,0,0],[1,0,0],[0,1,0],[49,148,175]]
[[0,0,0],[1,0,0],[0,1,0],[33,143,175]]
[[0,0,0],[1,0,0],[0,1,0],[75,171,175]]
[[0,0,0],[1,0,0],[0,1,0],[84,92,175]]
[[0,0,0],[1,0,0],[0,1,0],[32,36,175]]
[[0,0,0],[1,0,0],[0,1,0],[3,123,175]]
[[0,0,0],[1,0,0],[0,1,0],[120,111,175]]
[[0,0,0],[1,0,0],[0,1,0],[110,115,175]]
[[0,0,0],[1,0,0],[0,1,0],[90,58,175]]
[[0,0,0],[1,0,0],[0,1,0],[77,106,175]]
[[0,0,0],[1,0,0],[0,1,0],[13,86,175]]
[[0,0,0],[1,0,0],[0,1,0],[17,47,175]]
[[0,0,0],[1,0,0],[0,1,0],[2,9,175]]
[[0,0,0],[1,0,0],[0,1,0],[154,47,175]]
[[0,0,0],[5,0,0],[0,1,0],[0,8,35]]
[[0,0,0],[1,0,0],[0,1,0],[29,64,175]]
[[0,0,0],[1,0,0],[0,1,0],[84,117,175]]
[[0,0,0],[1,0,0],[0,1,0],[33,158,175]]
[[0,0,0],[1,0,0],[0,1,0],[29,167,175]]
[[0,0,0],[1,0,0],[0,1,0],[4,37,175]]
[[0,0,0],[1,0,0],[0,1,0],[6,156,175]]
[[0,0,0],[1,0,0],[0,1,0],[5,166,175]]
[[0,0,0],[1,0,0],[0,1,0],[4,79,175]]
[[0,0,0],[1,0,0],[0,1,0],[53,148,175]]
[[0,0,0],[1,0,0],[0,1,0],[84,67,175]]
[[0,0,0],[1,0,0],[0,1,0],[13,164,175]]
[[0,0,0],[1,0,0],[0,1,0],[8,53,175]]
[[0,0,0],[1,0,0],[0,1,0],[6,34,175]]
[[0,0,0],[1,0,0],[0,1,0],[30,31,175]]
[[0,0,0],[1,0,0],[0,1,0],[2,89,175]]
[[0,0,0],[1,0,0],[0,1,0],[4,43,175]]
[[0,0,0],[1,0,0],[0,1,0],[18,148,175]]
[[0,0,0],[1,0,0],[0,1,0],[7,78,175]]
[[0,0,0],[1,0,0],[0,1,0],[7,155,175]]
[[0,0,0],[1,0,0],[0,1,0],[67,104,175]]
[[0,0,0],[1,0,0],[0,1,0],[31,64,175]]
[[0,0,0],[1,0,0],[0,1,0],[5,164,175]]
[[0,0,0],[1,0,0],[0,1,0],[15,61,175]]
[[0,0,0],[1,0,0],[0,1,0],[20,16,175]]
[[0,0,0],[1,0,0],[0,1,0],[12,59,175]]
[[0,0,0],[1,0,0],[0,1,0],[119,57,175]]
[[0,0,0],[1,0,0],[0,1,0],[2,13,175]]
[[0,0,0],[1,0,0],[0,1,0],[26,153,175]]
[[0,0,0],[1,0,0],[1,5,0],[8,20,35]]
[[0,0,0],[1,0,0],[0,5,0],[11,25,35]]
[[0,0,0],[1,0,0],[0,1,0],[30,116,175]]
[[0,0,0],[1,0,0],[0,1,0],[90,37,175]]
[[0,0,0],[1,0,0],[0,1,0],[63,148,175]]
[[0,0,0],[1,0,0],[0,1,0],[10,51,175]]
[[0,0,0],[1,0,0],[0,1,0],[7,36,175]]
[[0,0,0],[1,0,0],[0,1,0],[7,144,175]]
[[0,0,0],[1,0,0],[0,1,0],[9,87,175]]
[[0,0,0],[1,0,0],[0,1,0],[135,34,175]]
[[0,0,0],[1,0,0],[0,1,0],[2,2,175]]
[[0,0,0],[1,0,0],[0,1,0],[31,31,175]]
[[0,0,0],[1,0,0],[0,1,0],[3,47,175]]
[[0,0,0],[1,0,0],[0,1,0],[2,71,175]]
[[0,0,0],[1,0,0],[0,1,0],[11,151,175]]
[[0,0,0],[1,0,0],[0,1,0],[9,92,175]]
[[0,0,0],[1,0,0],[0,1,0],[33,52,175]]
[[0,0,0],[1,0,0],[0,1,0],[9,142,175]]
[[0,0,0],[1,0,0],[0,1,0],[3,29,175]]
[[0,0,0],[1,0,0],[0,1,0],[5,80,175]]
[[0,0,0],[1,0,0],[0,1,0],[24,89,175]]
[[0,0,0],[1,0,0],[0,1,0],[32,116,175]]
[[0,0,0],[1,0,0],[0,5,0],[23,5,35]]
[[0,0,0],[1,0,0],[0,1,0],[3,23,175]]
[[0,0,0],[1,0,0],[0,1,0],[28,85,175]]
[[0,0,0],[1,0,0],[0,1,0],[72,79,175]]
[[0,0,0],[1,0,0],[0,1,0],[91,85,175]]
[[0,0,0],[1,0,0],[0,1,0],[4,41,175]]
[[0,0,0],[1,0,0],[0,1,0],[49,169,175]]
[[0,0,0],[1,0,0],[0,1,0],[56,127,175]]
[[0,0,0],[1,0,0],[0,1,0],[26,164,175]]
[[0,0,0],[1,0,0],[0,1,0],[98,120,175]]
[[0,0,0],[1,0,0],[0,1,0],[45,71,175]]
[[0,0,0],[1,0,0],[0,1,0],[102,174,175]]
[[0,0,0],[1,0,0],[0,1,0],[19,47,175]]
[[0,0,0],[1,0,0],[0,1,0],[15,6,175]]
[[0,0,0],[1,0,0],[0,1,0],[60,39,175]]
[[0,0,0],[1,0,0],[2,5,0],[4,5,35]]
[[0,0,0],[1,0,0],[0,1,0],[23,78,175]]
[[0,0,0],[1,0,0],[0,1,0],[7,94,175]]
[[0,0,0],[1,0,0],[0,1,0],[72,174,175]]
[[0,0,0],[1,0,0],[0,1,0],[40,71,175]]
[[0,0,0],[1,0,0],[0,1,0],[24,47,175]]
[[0,0,0],[1,0,0],[0,1,0],[47,99,175]]
[[0,0,0],[1,0,0],[0,1,0],[19,162,175]]
[[0,0,0],[1,0,0],[0,1,0],[135,160,175]]
[[0,0,0],[1,0,0],[0,1,0],[24,138,175]]
[[0,0,0],[1,0,0],[0,1,0],[52,61,175]]
[[0,0,0],[1,0,0],[0,1,0],[154,122,175]]
[[0,0,0],[1,0,0],[0,1,0],[37,134,175]]
[[0,0,0],[1,0,0],[0,1,0],[21,71,175]]
[[0,0,0],[1,0,0],[0,1,0],[52,59,175]]
[[0,0,0],[1,0,0],[0,1,0],[18,159,175]]
[[0,0,0],[1,0,0],[0,1,0],[26,58,175]]
[[0,0,0],[1,0,0],[0,1,0],[24,87,175]]
[[0,0,0],[1,0,0],[0,1,0],[12,69,175]]
[[0,0,0],[1,0,0],[0,1,0],[19,158,175]]
[[0,0,0],[1,0,0],[0,1,0],[17,164,175]]
[[0,0,0],[1,0,0],[0,1,0],[17,38,175]]
[[0,0,0],[1,0,0],[0,1,0],[4,68,175]]
[[0,0,0],[1,0,0],[0,1,0],[15,131,175]]
[[0,0,0],[1,0,0],[0,1,0],[43,43,175]]
[[0,0,0],[1,0,0],[0,1,0],[2,99,175]]
[[0,0,0],[1,0,0],[0,1,0],[17,19,175]]
[[0,0,0],[1,0,0],[0,1,0],[23,32,175]]
[[0,0,0],[1,0,0],[0,1,0],[98,113,175]]
[[0,0,0],[1,0,0],[0,1,0],[38,128,175]]
[[0,0,0],[1,0,0],[0,1,0],[32,151,175]]
[[0,0,0],[1,0,0],[0,1,0],[75,31,175]]
[[0,0,0],[1,0,0],[0,1,0],[60,130,175]]
[[0,0,0],[1,0,0],[0,1,0],[5,24,175]]
[[0,0,0],[1,0,0],[0,1,0],[13,166,175]]
[[0,0,0],[1,0,0],[0,1,0],[32,32,175]]
[[0,0,0],[1,0,0],[0,1,0],[6,41,175]]
[[0,0,0],[1,0,0],[0,1,0],[31,152,175]]
[[0,0,0],[1,0,0],[0,1,0],[2,46,175]]
[[0,0,0],[1,0,0],[0,1,0],[95,6,175]]
[[0,0,0],[1,0,0],[0,1,0],[17,46,175]]
[[0,0,0],[1,0,0],[0,1,0],[35,141,175]]
[[0,0,0],[1,0,0],[0,1,0],[9,43,175]]
[[0,0,0],[1,0,0],[0,1,0],[10,31,175]]
[[0,0,0],[1,0,0],[0,1,0],[33,33,175]]
[[0,0,0],[1,0,0],[0,1,0],[38,41,175]]
[[0,0,0],[1,0,0],[0,1,0],[9,127,175]]
[[0,0,0],[1,0,0],[0,1,0],[40,16,175]]
[[0,0,0],[1,0,0],[0,1,0],[3,76,175]]
[[0,0,0],[1,0,0],[0,1,0],[53,58,175]]
[[0,0,0],[1,0,0],[0,1,0],[65,118,175]]
[[0,0,0],[1,0,0],[0,1,0],[55,1,175]]
[[0,0,0],[1,0,0],[0,1,0],[13,103,175]]
[[0,0,0],[1,0,0],[0,1,0],[5,38,175]]
[[0,0,0],[1,0,0],[0,1,0],[28,78,175]]
[[0,0,0],[1,0,0],[0,1,0],[24,166,175]]
[[0,0,0],[1,0,0],[0,1,0],[5,3,175]]
[[0,0,0],[1,0,0],[0,1,0],[12,12,175]]
[[0,0,0],[1,0,0],[0,1,0],[38,149,175]]
[[0,0,0],[1,0,0],[0,1,0],[30,27,175]]
[[0,0,0],[1,0,0],[0,1,0],[19,72,175]]
[[0,0,0],[1,0,0],[0,1,0],[38,113,175]]
[[0,0,0],[1,0,0],[0,1,0],[40,59,175]]
[[0,0,0],[1,0,0],[0,5,0],[29,10,35]]
[[0,0,0],[1,0,0],[0,1,0],[56,15,175]]
[[0,0,0],[1,0,0],[0,1,0],[25,46,175]]
[[0,0,0],[1,0,0],[0,1,0],[3,46,175]]
[[0,0,0],[1,0,0],[0,1,0],[45,36,175]]
[[0,0,0],[1,0,0],[0,1,0],[41,138,175]]
[[0,0,0],[1,0,0],[0,1,0],[55,58,175]]
[[0,0,0],[1,0,0],[0,1,0],[15,76,175]]
[[0,0,0],[1,0,0],[0,1,0],[23,108,175]]
[[0,0,0],[1,0,0],[0,1,0],[6,142,175]]
[[0,0,0],[1,0,0],[0,1,0],[2,41,175]]
[[0,0,0],[1,0,0],[0,1,0],[31,138,175]]
[[0,0,0],[5,0,0],[0,1,0],[14,1,35]]
[[0,0,0],[1,0,0],[0,1,0],[4,48,175]]
[[0,0,0],[1,0,0],[0,1,0],[14,106,175]]
[[0,0,0],[1,0,0],[0,1,0],[56,120,175]]
[[0,0,0],[1,0,0],[0,1,0],[2,3,175]]
[[0,0,0],[1,0,0],[0,1,0],[71,114,175]]
[[0,0,0],[1,0,0],[0,1,0],[1,48,175]]
[[0,0,0],[1,0,0],[0,1,0],[28,113,175]]
[[0,0,0],[1,0,0],[0,1,0],[37,79,175]]
[[0,0,0],[1,0,0],[0,1,0],[8,29,175]]
[[0,0,0],[1,0,0],[0,1,0],[3,159,175]]
[[0,0,0],[1,0,0],[0,1,0],[9,31,175]]
[[0,0,0],[1,0,0],[0,1,0],[23,148,175]]
[[0,0,0],[1,0,0],[0,1,0],[161,40,175]]
[[0,0,0],[1,0,0],[0,1,0],[8,153,175]]
[[0,0,0],[1,0,0],[0,1,0],[30,160,175]]
[[0,0,0],[1,0,0],[0,1,0],[40,1,175]]
[[0,0,0],[1,0,0],[0,1,0],[18,33,175]]
[[0,0,0],[1,0,0],[0,1,0],[12,72,175]]
[[0,0,0],[1,0,0],[0,1,0],[6,57,175]]
[[0,0,0],[1,0,0],[2,5,0],[3,5,35]]
[[0,0,0],[1,0,0],[0,1,0],[34,92,175]]
[[0,0,0],[1,0,0],[0,1,0],[24,131,175]]
[[0,0,0],[1,0,0],[0,1,0],[12,122,175]]
[[0,0,0],[1,0,0],[0,1,0],[26,59,175]]
[[0,0,0],[1,0,0],[0,1,0],[6,18,175]]
[[0,0,0],[1,0,0],[0,1,0],[2,26,175]]
[[0,0,0],[1,0,0],[0,1,0],[3,148,175]]
[[0,0,0],[1,0,0],[0,1,0],[6,52,175]]
[[0,0,0],[1,0,0],[0,1,0],[8,72,175]]
[[0,0,0],[1,0,0],[0,1,0],[4,73,175]]
[[0,0,0],[1,0,0],[0,1,0],[3,53,175]]
[[0,0,0],[1,0,0],[0,1,0],[7,57,175]]
[[0,0,0],[1,0,0],[0,1,0],[20,37,175]]
[[0,0,0],[1,0,0],[0,1,0],[5,116,175]]
[[0,0,0],[1,0,0],[0,1,0],[18,78,175]]
[[0,0,0],[5,0,0],[0,1,0],[0,1,35]]
[[0,0,0],[1,0,0],[0,1,0],[165,165,175]]
[[0,0,0],[1,0,0],[1,5,0],[29,10,35]]
[[0,0,0],[1,0,0],[0,1,0],[2,44,175]]
[[0,0,0],[1,0,0],[0,1,0],[37,89,175]]
[[0,0,0],[1,0,0],[0,1,0],[17,69,175]]
[[0,0,0],[1,0,0],[0,1,0],[18,123,175]]
[[0,0,0],[1,0,0],[0,1,0],[100,126,175]]
[[0,0,0],[1,0,0],[0,1,0],[20,51,175]]
[[0,0,0],[1,0,0],[0,1,0],[6,12,175]]
[[0,0,0],[1,0,0],[0,1,0],[17,167,175]]
[[0,0,0],[1,0,0],[0,1,0],[13,121,175]]
[[0,0,0],[1,0,0],[0,1,0],[2,149,175]]
[[0,0,0],[1,0,0],[0,1,0],[4,123,175]]
[[0,0,0],[1,0,0],[0,1,0],[11,53,175]]
[[0,0,0],[1,0,0],[0,1,0],[3,69,175]]
[[0,0,0],[1,0,0],[0,1,0],[4,162,175]]
[[0,0,0],[1,0,0],[0,1,0],[2,111,175]]
[[0,0,0],[1,0,0],[0,1,0],[55,65,175]]
[[0,0,0],[1,0,0],[0,1,0],[161,120,175]]
[[0,0,0],[1,0,0],[0,1,0],[8,68,175]]
[[0,0,0],[1,0,0],[0,1,0],[37,53,175]]
[[0,0,0],[1,0,0],[0,1,0],[8,62,175]]
[[0,0,0],[1,0,0],[0,1,0],[17,64,175]]
[[0,0,0],[1,0,0],[1,5,0],[16,15,35]]
[[0,0,0],[1,0,0],[0,1,0],[10,40,175]]
[[0,0,0],[1,0,0],[0,1,0],[3,34,175]]
[[0,0,0],[1,0,0],[0,1,0],[38,38,175]]
[[0,0,0],[1,0,0],[0,1,0],[23,93,175]]
[[0,0,0],[1,0,0],[0,1,0],[80,47,175]]
[[0,0,0],[1,0,0],[0,1,0],[56,145,175]]
[[0,0,0],[1,0,0],[0,1,0],[24,36,175]]
[[0,0,0],[1,0,0],[0,1,0],[28,22,175]]
[[0,0,0],[1,0,0],[0,1,0],[10,26,175]]
[[0,0,0],[1,0,0],[0,1,0],[65,131,175]]
[[0,0,0],[1,0,0],[0,1,0],[10,146,175]]
[[0,0,0],[1,0,0],[0,1,0],[10,47,175]]
[[0,0,0],[1,0,0],[0,1,0],[21,92,175]]
[[0,0,0],[1,0,0],[0,1,0],[65,90,175]]
[[0,0,0],[1,0,0],[0,1,0],[13,78,175]]
[[0,0,0],[1,0,0],[0,1,0],[75,1,175]]
[[0,0,0],[1,0,0],[0,1,0],[31,47,175]]
[[0,0,0],[1,0,0],[0,1,0],[40,38,175]]
[[0,0,0],[1,0,0],[0,1,0],[113,113,175]]
[[0,0,0],[1,0,0],[0,1,0],[9,67,175]]
[[0,0,0],[1,0,0],[0,1,0],[32,67,175]]
[[0,0,0],[1,0,0],[0,1,0],[29,157,175]]
[[0,0,0],[1,0,0],[0,1,0],[90,116,175]]
[[0,0,0],[1,0,0],[0,1,0],[2,104,175]]
[[0,0,0],[1,0,0],[0,1,0],[12,27,175]]
[[0,0,0],[1,0,0],[0,1,0],[21,162,175]]
[[0,0,0],[1,0,0],[0,1,0],[1,59,175]]
[[0,0,0],[1,0,0],[0,1,0],[4,102,175]]
[[0,0,0],[1,0,0],[0,1,0],[50,51,175]]
[[0,0,0],[1,0,0],[0,1,0],[154,172,175]]
[[0,0,0],[1,0,0],[0,1,0],[56,155,175]]
[[0,0,0],[1,0,0],[0,1,0],[161,85,175]]
[[0,0,0],[1,0,0],[0,1,0],[6,17,175]]
[[0,0,0],[1,0,0],[0,1,0],[67,158,175]]
[[0,0,0],[1,0,0],[0,1,0],[2,62,175]]
[[0,0,0],[1,0,0],[0,1,0],[119,107,175]]
[[0,0,0],[1,0,0],[0,1,0],[65,156,175]]
[[0,0,0],[1,0,0],[0,1,0],[5,66,175]]
[[0,0,0],[1,0,0],[0,1,0],[17,54,175]]
[[0,0,0],[1,0,0],[0,1,0],[23,156,175]]
[[0,0,0],[1,0,0],[0,1,0],[14,134,175]]
[[0,0,0],[1,0,0],[0,1,0],[21,43,175]]
[[0,0,0],[1,0,0],[0,1,0],[10,89,175]]
[[0,0,0],[1,0,0],[0,1,0],[161,65,175]]
[[0,0,0],[1,0,0],[0,1,0],[28,169,175]]
[[0,0,0],[1,0,0],[0,1,0],[11,27,175]]
[[0,0,0],[1,0,0],[0,1,0],[147,99,175]]
[[0,0,0],[1,0,0],[0,1,0],[8,79,175]]
[[0,0,0],[1,0,0],[1,5,0],[6,5,35]]
[[0,0,0],[1,0,0],[0,1,0],[2,22,175]]
[[0,0,0],[1,0,0],[0,1,0],[11,169,175]]
[[0,0,0],[1,0,0],[0,1,0],[2,37,175]]
[[0,0,0],[1,0,0],[0,1,0],[6,66,175]]
[[0,0,0],[1,0,0],[0,1,0],[23,26,175]]
[[0,0,0],[1,0,0],[0,1,0],[59,118,175]]
[[0,0,0],[1,0,0],[0,1,0],[12,157,175]]
[[0,0,0],[1,0,0],[0,1,0],[55,16,175]]
[[0,0,0],[1,0,0],[0,1,0],[6,38,175]]
[[0,0,0],[1,0,0],[0,1,0],[50,1,175]]
[[0,0,0],[1,0,0],[0,1,0],[28,98,175]]
[[0,0,0],[1,0,0],[0,1,0],[40,164,175]]
[[0,0,0],[1,0,0],[0,1,0],[4,4,175]]
[[0,0,0],[1,0,0],[0,1,0],[5,61,175]]
[[0,0,0],[1,0,0],[0,1,0],[1,24,175]]
[[0,0,0],[1,0,0],[0,1,0],[10,156,175]]
[[0,0,0],[1,0,0],[0,1,0],[67,102,175]]
[[0,0,0],[1,0,0],[0,1,0],[11,62,175]]
[[0,0,0],[1,0,0],[0,1,0],[13,26,175]]
[[0,0,0],[1,0,0],[0,1,0],[18,163,175]]
[[0,0,0],[1,0,0],[0,1,0],[115,145,175]]
[[0,0,0],[1,0,0],[0,1,0],[130,121,175]]
[[0,0,0],[1,0,0],[0,1,0],[18,66,175]]
[[0,0,0],[1,0,0],[0,1,0],[2,52,175]]
[[0,0,0],[1,0,0],[1,5,0],[21,14,35]]
[[0,0,0],[1,0,0],[0,1,0],[12,87,175]]
[[0,0,0],[1,0,0],[2,5,0],[9,5,35]]
[[0,0,0],[1,0,0],[0,1,0],[161,15,175]]
[[0,0,0],[1,0,0],[0,1,0],[7,64,175]]
[[0,0,0],[1,0,0],[0,1,0],[1,17,175]]
[[0,0,0],[1,0,0],[0,1,0],[170,34,175]]
[[0,0,0],[1,0,0],[0,1,0],[37,153,175]]
[[0,0,0],[1,0,0],[0,1,0],[11,68,175]]
[[0,0,0],[1,0,0],[0,1,0],[18,81,175]]
[[0,0,0],[1,0,0],[0,1,0],[65,13,175]]
[[0,0,0],[1,0,0],[0,1,0],[21,130,175]]
[[0,0,0],[1,0,0],[0,1,0],[6,79,175]]
[[0,0,0],[1,0,0],[0,1,0],[2,39,175]]
[[0,0,0],[1,0,0],[0,1,0],[47,52,175]]
[[0,0,0],[1,0,0],[0,1,0],[80,145,175]]
[[0,0,0],[1,0,0],[0,1,0],[33,171,175]]
[[0,0,0],[1,0,0],[0,1,0],[13,148,175]]
[[0,0,0],[1,0,0],[0,1,0],[3,124,175]]
[[0,0,0],[1,0,0],[0,1,0],[1,76,175]]
[[0,0,0],[1,0,0],[0,1,0],[3,33,175]]
[[0,0,0],[1,0,0],[0,1,0],[32,149,175]]
[[0,0,0],[1,0,0],[0,1,0],[9,132,175]]
[[0,0,0],[1,0,0],[0,1,0],[67,174,175]]
[[0,0,0],[1,0,0],[0,1,0],[53,68,175]]
[[0,0,0],[1,0,0],[0,1,0],[5,87,175]]
[[0,0,0],[1,0,0],[0,1,0],[2,17,175]]
[[0,0,0],[1,0,0],[0,1,0],[47,54,175]]
[[0,0,0],[1,0,0],[0,1,0],[23,58,175]]
[[0,0,0],[1,0,0],[0,1,0],[19,97,175]]
[[0,0,0],[1,0,0],[0,1,0],[17,43,175]]
[[0,0,0],[1,0,0],[0,1,0],[90,135,175]]
[[0,0,0],[1,0,0],[0,1,0],[18,151,175]]
[[0,0,0],[1,0,0],[0,1,0],[54,136,175]]
[[0,0,0],[1,0,0],[0,1,0],[42,78,175]]
[[0,0,0],[1,0,0],[0,1,0],[18,69,175]]
[[0,0,0],[1,0,0],[0,1,0],[19,37,175]]
[[0,0,0],[1,0,0],[0,1,0],[47,104,175]]
[[0,0,0],[1,0,0],[0,1,0],[65,121,175]]
[[0,0,0],[1,0,0],[0,1,0],[3,39,175]]
[[0,0,0],[1,0,0],[0,5,0],[6,10,35]]
[[0,0,0],[1,0,0],[0,1,0],[11,16,175]]
[[0,0,0],[1,0,0],[0,1,0],[60,4,175]]
[[0,0,0],[1,0,0],[0,1,0],[21,113,175]]
[[0,0,0],[1,0,0],[0,1,0],[3,153,175]]
[[0,0,0],[1,0,0],[0,1,0],[30,55,175]]
[[0,0,0],[1,0,0],[0,1,0],[11,73,175]]
[[0,0,0],[1,0,0],[0,1,0],[11,17,175]]
[[0,0,0],[1,0,0],[0,1,0],[9,162,175]]
[[0,0,0],[1,0,0],[0,1,0],[100,151,175]]
[[0,0,0],[1,0,0],[0,1,0],[6,78,175]]
[[0,0,0],[1,0,0],[0,1,0],[135,66,175]]
[[0,0,0],[1,0,0],[0,1,0],[43,173,175]]
[[0,0,0],[1,0,0],[0,1,0],[90,171,175]]
[[0,0,0],[1,0,0],[0,1,0],[4,137,175]]
[[0,0,0],[1,0,0],[0,1,0],[11,79,175]]
[[0,0,0],[1,0,0],[0,1,0],[60,131,175]]
[[0,0,0],[1,0,0],[0,5,0],[19,25,35]]
[[0,0,0],[1,0,0],[0,1,0],[31,52,175]]
[[0,0,0],[1,0,0],[0,1,0],[9,167,175]]
[[0,0,0],[1,0,0],[0,1,0],[19,87,175]]
[[0,0,0],[1,0,0],[0,1,0],[56,43,175]]
[[0,0,0],[1,0,0],[0,1,0],[4,122,175]]
[[0,0,0],[1,0,0],[0,1,0],[37,143,175]]
[[0,0,0],[1,0,0],[0,1,0],[35,1,175]]
[[0,0,0],[1,0,0],[0,1,0],[12,52,175]]
[[0,0,0],[1,0,0],[0,1,0],[9,171,175]]
[[0,0,0],[1,0,0],[0,1,0],[13,79,175]]
[[0,0,0],[1,0,0],[0,1,0],[14,127,175]]
[[0,0,0],[1,0,0],[0,1,0],[49,15,175]]
[[0,0,0],[1,0,0],[0,1,0],[34,149,175]]
[[0,0,0],[1,0,0],[0,1,0],[14,15,175]]
[[0,0,0],[1,0,0],[0,1,0],[17,58,175]]
[[0,0,0],[1,0,0],[0,1,0],[8,58,175]]
[[0,0,0],[1,0,0],[0,1,0],[10,152,175]]
[[0,0,0],[1,0,0],[0,1,0],[48,83,175]]
[[0,0,0],[1,0,0],[0,1,0],[1,11,175]]
[[0,0,0],[1,0,0],[0,1,0],[65,61,175]]
[[0,0,0],[1,0,0],[0,1,0],[80,156,175]]
[[0,0,0],[1,0,0],[0,1,0],[28,36,175]]
[[0,0,0],[1,0,0],[0,1,0],[32,54,175]]
[[0,0,0],[1,0,0],[0,1,0],[130,172,175]]
[[0,0,0],[1,0,0],[0,1,0],[14,8,175]]
[[0,0,0],[1,0,0],[0,1,0],[18,153,175]]
[[0,0,0],[1,0,0],[0,1,0],[52,174,175]]
[[0,0,0],[1,0,0],[1,5,0],[22,20,35]]
[[0,0,0],[1,0,0],[0,1,0],[72,97,175]]
[[0,0,0],[1,0,0],[0,1,0],[30,106,175]]
[[0,0,0],[1,0,0],[0,5,0],[1,10,35]]
[[0,0,0],[1,0,0],[0,1,0],[30,146,175]]
[[0,0,0],[1,0,0],[0,1,0],[53,173,175]]
[[0,0,0],[1,0,0],[0,1,0],[31,66,175]]
[[0,0,0],[1,0,0],[0,1,0],[133,168,175]]
[[0,0,0],[1,0,0],[0,1,0],[2,159,175]]
[[0,0,0],[1,0,0],[0,1,0],[52,89,175]]
[[0,0,0],[1,0,0],[0,1,0],[3,41,175]]
[[0,0,0],[1,0,0],[0,1,0],[8,61,175]]
[[0,0,0],[1,0,0],[0,1,0],[13,107,175]]
[[0,0,0],[1,0,0],[0,1,0],[81,81,175]]
[[0,0,0],[1,0,0],[0,1,0],[1,69,175]]
[[0,0,0],[1,0,0],[0,1,0],[6,68,175]]
[[0,0,0],[1,0,0],[0,1,0],[9,51,175]]
[[0,0,0],[1,0,0],[0,1,0],[1,6,175]]
[[0,0,0],[1,0,0],[0,1,0],[18,143,175]]
[[0,0,0],[1,0,0],[0,1,0],[130,96,175]]
[[0,0,0],[1,0,0],[0,5,0],[13,20,35]]
[[0,0,0],[1,0,0],[0,1,0],[28,99,175]]
[[0,0,0],[1,0,0],[0,1,0],[20,128,175]]
[[0,0,0],[1,0,0],[0,1,0],[90,79,175]]
[[0,0,0],[1,0,0],[0,1,0],[5,36,175]]
[[0,0,0],[1,0,0],[0,1,0],[51,61,175]]
[[0,0,0],[1,0,0],[0,1,0],[135,62,175]]
[[0,0,0],[1,0,0],[0,1,0],[23,54,175]]
[[0,0,0],[1,0,0],[0,1,0],[4,53,175]]
[[0,0,0],[1,0,0],[0,1,0],[13,37,175]]
[[0,0,0],[1,0,0],[0,1,0],[15,36,175]]
[[0,0,0],[1,0,0],[0,1,0],[135,27,175]]
[[0,0,0],[1,0,0],[0,1,0],[3,48,175]]
[[0,0,0],[1,0,0],[0,1,0],[10,71,175]]
[[0,0,0],[1,0,0],[0,1,0],[26,61,175]]
[[0,0,0],[1,0,0],[0,1,0],[46,67,175]]
[[0,0,0],[1,0,0],[0,1,0],[4,11,175]]
[[0,0,0],[1,0,0],[0,1,0],[2,31,175]]
[[0,0,0],[1,0,0],[0,1,0],[63,15,175]]
[[0,0,0],[1,0,0],[0,1,0],[50,161,175]]
[[0,0,0],[1,0,0],[0,1,0],[45,33,175]]
[[0,0,0],[1,0,0],[0,5,0],[26,15,35]]
[[0,0,0],[1,0,0],[0,1,0],[49,141,175]]
[[0,0,0],[1,0,0],[0,1,0],[11,59,175]]
[[0,0,0],[1,0,0],[0,1,0],[24,67,175]]
[[0,0,0],[1,0,0],[0,1,0],[12,104,175]]
[[0,0,0],[1,0,0],[0,1,0],[56,8,175]]
[[0,0,0],[1,0,0],[0,1,0],[37,62,175]]
[[0,0,0],[1,0,0],[0,1,0],[19,132,175]]
[[0,0,0],[1,0,0],[0,1,0],[85,16,175]]
[[0,0,0],[1,0,0],[0,1,0],[13,13,175]]
[[0,0,0],[1,0,0],[0,1,0],[95,158,175]]
[[0,0,0],[1,0,0],[0,1,0],[77,24,175]]
[[0,0,0],[1,0,0],[0,1,0],[45,146,175]]
[[0,0,0],[1,0,0],[0,1,0],[12,108,175]]
[[0,0,0],[1,0,0],[0,1,0],[80,131,175]]
[[0,0,0],[1,0,0],[0,1,0],[37,151,175]]
[[0,0,0],[1,0,0],[0,1,0],[21,155,175]]
[[0,0,0],[1,0,0],[0,5,0],[1,5,35]]
[[0,0,0],[1,0,0],[0,1,0],[25,76,175]]
[[0,0,0],[1,0,0],[0,1,0],[17,138,175]]
[[0,0,0],[1,0,0],[0,1,0],[29,36,175]]
[[0,0,0],[1,0,0],[0,1,0],[7,119,175]]
[[0,0,0],[1,0,0],[0,1,0],[26,46,175]]
[[0,0,0],[1,0,0],[0,1,0],[23,104,175]]
[[0,0,0],[1,0,0],[0,1,0],[56,36,175]]
[[0,0,0],[1,0,0],[0,1,0],[7,92,175]]
[[0,0,0],[1,0,0],[0,1,0],[84,167,175]]
[[0,0,0],[1,0,0],[0,1,0],[7,148,175]]
[[0,0,0],[1,0,0],[0,1,0],[160,156,175]]
[[0,0,0],[1,0,0],[0,1,0],[52,132,175]]
[[0,0,0],[1,0,0],[0,1,0],[20,9,175]]
[[0,0,0],[1,0,0],[0,1,0],[90,11,175]]
[[0,0,0],[1,0,0],[0,1,0],[63,63,175]]
[[0,0,0],[1,0,0],[0,1,0],[8,78,175]]
[[0,0,0],[1,0,0],[0,1,0],[126,78,175]]
[[0,0,0],[1,0,0],[0,1,0],[17,104,175]]
[[0,0,0],[1,0,0],[0,1,0],[5,17,175]]
[[0,0,0],[1,0,0],[0,1,0],[32,34,175]]
[[0,0,0],[1,0,0],[0,1,0],[6,46,175]]
[[0,0,0],[1,0,0],[0,1,0],[4,157,175]]
[[0,0,0],[1,0,0],[0,1,0],[2,59,175]]
[[0,0,0],[1,0,0],[0,1,0],[40,129,175]]
[[0,0,0],[1,0,0],[0,1,0],[11,13,175]]
[[0,0,0],[1,0,0],[0,1,0],[41,72,175]]
[[0,0,0],[1,0,0],[0,1,0],[20,76,175]]
[[0,0,0],[1,0,0],[0,1,0],[2,72,175]]
[[0,0,0],[1,0,0],[0,1,0],[26,52,175]]
[[0,0,0],[1,0,0],[0,1,0],[82,114,175]]
[[0,0,0],[1,0,0],[0,1,0],[19,82,175]]
[[0,0,0],[1,0,0],[0,1,0],[70,1,175]]
[[0,0,0],[1,0,0],[0,1,0],[30,34,175]]
[[0,0,0],[1,0,0],[0,1,0],[12,89,175]]
[[0,0,0],[1,0,0],[0,1,0],[8,32,175]]
[[0,0,0],[1,0,0],[0,1,0],[115,103,175]]
[[0,0,0],[1,0,0],[0,1,0],[154,97,175]]
[[0,0,0],[1,0,0],[0,1,0],[79,127,175]]
[[0,0,0],[1,0,0],[0,1,0],[45,106,175]]
[[0,0,0],[1,0,0],[0,1,0],[84,99,175]]
[[0,0,0],[1,0,0],[0,1,0],[1,78,175]]
[[0,0,0],[1,0,0],[0,1,0],[90,163,175]]
[[0,0,0],[1,0,0],[0,1,0],[48,143,175]]
[[0,0,0],[1,0,0],[0,1,0],[55,135,175]]
[[0,0,0],[1,0,0],[0,1,0],[29,132,175]]
[[0,0,0],[1,0,0],[0,1,0],[52,68,175]]
[[0,0,0],[1,0,0],[0,1,0],[32,102,175]]
[[0,0,0],[1,0,0],[0,1,0],[8,16,175]]
[[0,0,0],[1,0,0],[0,1,0],[49,155,175]]
[[0,0,0],[1,0,0],[0,1,0],[18,43,175]]
[[0,0,0],[1,0,0],[0,1,0],[26,158,175]]
[[0,0,0],[1,0,0],[0,1,0],[31,33,175]]
[[0,0,0],[1,0,0],[1,5,0],[6,15,35]]
[[0,0,0],[1,0,0],[0,1,0],[25,151,175]]
[[0,0,0],[1,0,0],[0,1,0],[8,48,175]]
[[0,0,0],[1,0,0],[0,1,0],[69,167,175]]
[[0,0,0],[1,0,0],[0,1,0],[13,173,175]]
[[0,0,0],[1,0,0],[0,1,0],[21,169,175]]
[[0,0,0],[1,0,0],[0,1,0],[2,29,175]]
[[0,0,0],[1,0,0],[0,1,0],[31,53,175]]
[[0,0,0],[1,0,0],[0,1,0],[48,142,175]]
[[0,0,0],[1,0,0],[0,1,0],[160,16,175]]
[[0,0,0],[1,0,0],[0,1,0],[3,108,175]]
[[0,0,0],[1,0,0],[0,1,0],[77,74,175]]
[[0,0,0],[1,0,0],[0,1,0],[54,97,175]]
[[0,0,0],[1,0,0],[0,1,0],[20,71,175]]
[[0,0,0],[1,0,0],[0,1,0],[5,26,175]]
[[0,0,0],[1,0,0],[0,1,0],[33,122,175]]
[[0,0,0],[1,0,0],[0,1,0],[17,174,175]]
[[0,0,0],[1,0,0],[0,1,0],[11,102,175]]
[[0,0,0],[1,0,0],[0,1,0],[5,51,175]]
[[0,0,0],[1,0,0],[0,1,0],[30,96,175]]
[[0,0,0],[1,0,0],[0,1,0],[65,6,175]]
[[0,0,0],[1,0,0],[0,1,0],[7,44,175]]
[[0,0,0],[1,0,0],[0,1,0],[5,141,175]]
[[0,0,0],[1,0,0],[0,1,0],[58,113,175]]
[[0,0,0],[1,0,0],[0,1,0],[7,19,175]]
[[0,0,0],[1,0,0],[0,1,0],[9,68,175]]
[[0,0,0],[1,0,0],[0,1,0],[65,174,175]]
[[0,0,0],[1,0,0],[2,5,0],[3,10,35]]
[[0,0,0],[1,0,0],[0,1,0],[12,109,175]]
[[0,0,0],[1,0,0],[0,1,0],[5,171,175]]
[[0,0,0],[1,0,0],[0,1,0],[110,66,175]]
[[0,0,0],[1,0,0],[0,1,0],[18,162,175]]
[[0,0,0],[1,0,0],[0,1,0],[42,99,175]]
[[0,0,0],[1,0,0],[0,1,0],[55,142,175]]
[[0,0,0],[1,0,0],[0,1,0],[56,162,175]]
[[0,0,0],[1,0,0],[0,1,0],[46,172,175]]
[[0,0,0],[1,0,0],[0,1,0],[51,153,175]]
[[0,0,0],[1,0,0],[0,1,0],[8,39,175]]
[[0,0,0],[1,0,0],[0,1,0],[56,85,175]]
[[0,0,0],[1,0,0],[0,1,0],[4,76,175]]
[[0,0,0],[1,0,0],[0,1,0],[9,34,175]]
[[0,0,0],[1,0,0],[0,1,0],[11,38,175]]
[[0,0,0],[1,0,0],[0,1,0],[95,88,175]]
[[0,0,0],[1,0,0],[0,1,0],[77,22,175]]
[[0,0,0],[1,0,0],[0,1,0],[26,87,175]]
[[0,0,0],[1,0,0],[0,1,0],[33,64,175]]
[[0,0,0],[1,0,0],[0,1,0],[4,51,175]]
[[0,0,0],[1,0,0],[0,1,0],[48,58,175]]
[[0,0,0],[1,0,0],[0,1,0],[135,97,175]]
[[0,0,0],[1,0,0],[0,1,0],[36,46,175]]
[[0,0,0],[1,0,0],[0,1,0],[7,29,175]]
[[0,0,0],[1,0,0],[0,1,0],[67,81,175]]
[[0,0,0],[1,0,0],[0,1,0],[52,99,175]]
[[0,0,0],[1,0,0],[0,1,0],[98,155,175]]
[[0,0,0],[1,0,0],[0,1,0],[25,51,175]]
[[0,0,0],[7,0,0],[0,1,0],[0,1,25]]
[[0,0,0],[1,0,0],[0,1,0],[3,27,175]]
[[0,0,0],[1,0,0],[0,1,0],[37,174,175]]
[[0,0,0],[1,0,0],[0,1,0],[9,76,175]]
[[0,0,0],[1,0,0],[0,1,0],[55,71,175]]
[[0,0,0],[1,0,0],[0,1,0],[37,111,175]]
[[0,0,0],[1,0,0],[0,1,0],[8,18,175]]
[[0,0,0],[1,0,0],[2,5,0],[9,30,35]]
[[0,0,0],[1,0,0],[0,1,0],[130,102,175]]
[[0,0,0],[1,0,0],[0,1,0],[15,146,175]]
[[0,0,0],[1,0,0],[0,1,0],[60,151,175]]
[[0,0,0],[1,0,0],[0,1,0],[78,99,175]]
[[0,0,0],[1,0,0],[0,1,0],[30,76,175]]
[[0,0,0],[1,0,0],[0,1,0],[17,59,175]]
[[0,0,0],[1,0,0],[0,1,0],[14,64,175]]
[[0,0,0],[1,0,0],[2,5,0],[3,20,35]]
[[0,0,0],[1,0,0],[0,1,0],[33,59,175]]
[[0,0,0],[1,0,0],[0,1,0],[15,166,175]]
[[0,0,0],[1,0,0],[0,1,0],[2,74,175]]
[[0,0,0],[1,0,0],[0,1,0],[25,81,175]]
[[0,0,0],[1,0,0],[0,1,0],[55,149,175]]
[[0,0,0],[1,0,0],[0,1,0],[80,152,175]]
[[0,0,0],[1,0,0],[0,1,0],[55,66,175]]
[[0,0,0],[1,0,0],[0,1,0],[23,123,175]]
[[0,0,0],[1,0,0],[0,1,0],[45,145,175]]
[[0,0,0],[1,0,0],[0,1,0],[10,116,175]]
[[0,0,0],[1,0,0],[0,1,0],[41,53,175]]
[[0,0,0],[1,0,0],[0,1,0],[13,72,175]]
[[0,0,0],[1,0,0],[0,1,0],[23,66,175]]
[[0,0,0],[1,0,0],[0,1,0],[10,76,175]]
[[0,0,0],[1,0,0],[0,1,0],[12,31,175]]
[[0,0,0],[1,0,0],[0,1,0],[19,92,175]]
[[0,0,0],[1,0,0],[0,1,0],[24,71,175]]
[[0,0,0],[1,0,0],[0,1,0],[12,36,175]]
[[0,0,0],[1,0,0],[0,1,0],[12,68,175]]
[[0,0,0],[1,0,0],[0,1,0],[9,62,175]]
[[0,0,0],[1,0,0],[1,5,0],[22,15,35]]
[[0,0,0],[1,0,0],[0,1,0],[154,72,175]]
[[0,0,0],[1,0,0],[0,1,0],[17,17,175]]
[[0,0,0],[1,0,0],[0,1,0],[49,102,175]]
[[0,0,0],[1,0,0],[0,1,0],[14,36,175]]
[[0,0,0],[1,0,0],[0,1,0],[56,22,175]]
[[0,0,0],[1,0,0],[0,1,0],[1,31,175]]
[[0,0,0],[1,0,0],[0,1,0],[9,9,175]]
[[0,0,0],[1,0,0],[0,1,0],[38,83,175]]
[[0,0,0],[1,0,0],[0,1,0],[54,164,175]]
[[0,0,0],[1,0,0],[0,1,0],[13,83,175]]
[[0,0,0],[1,0,0],[0,1,0],[8,138,175]]
[[0,0,0],[1,0,0],[0,1,0],[12,174,175]]
[[0,0,0],[1,0,0],[0,1,0],[30,111,175]]
[[0,0,0],[1,0,0],[0,1,0],[74,87,175]]
[[0,0,0],[1,0,0],[0,1,0],[63,1,175]]
[[0,0,0],[1,0,0],[0,1,0],[55,72,175]]
[[0,0,0],[1,0,0],[0,1,0],[52,164,175]]
[[0,0,0],[1,0,0],[0,1,0],[12,51,175]]
[[0,0,0],[1,0,0],[0,1,0],[4,78,175]]
[[0,0,0],[1,0,0],[0,1,0],[10,66,175]]
[[0,0,0],[1,0,0],[0,1,0],[5,11,175]]
[[0,0,0],[1,0,0],[0,1,0],[32,64,175]]
[[0,0,0],[1,0,0],[0,1,0],[2,67,175]]
[[0,0,0],[1,0,0],[0,1,0],[23,59,175]]
[[0,0,0],[1,0,0],[0,1,0],[3,26,175]]
[[0,0,0],[1,0,0],[0,1,0],[12,32,175]]
[[0,0,0],[1,0,0],[0,1,0],[20,81,175]]
[[0,0,0],[1,0,0],[0,1,0],[86,174,175]]
[[0,0,0],[1,0,0],[0,1,0],[8,8,175]]
[[0,0,0],[1,0,0],[0,1,0],[38,43,175]]
[[0,0,0],[1,0,0],[0,1,0],[65,160,175]]
[[0,0,0],[1,0,0],[0,1,0],[9,48,175]]
[[0,0,0],[1,0,0],[0,1,0],[35,36,175]]
[[0,0,0],[1,0,0],[0,1,0],[45,171,175]]
[[0,0,0],[1,0,0],[0,1,0],[49,64,175]]
[[0,0,0],[1,0,0],[0,1,0],[68,136,175]]
[[0,0,0],[5,0,0],[0,1,0],[7,8,35]]
[[0,0,0],[1,0,0],[0,1,0],[19,41,175]]
[[0,0,0],[1,0,0],[0,1,0],[10,82,175]]
[[0,0,0],[1,0,0],[0,1,0],[3,173,175]]
[[0,0,0],[1,0,0],[0,1,0],[33,163,175]]
[[0,0,0],[1,0,0],[0,1,0],[34,167,175]]
[[0,0,0],[1,0,0],[0,1,0],[20,135,175]]
[[0,0,0],[1,0,0],[0,1,0],[24,32,175]]
[[0,0,0],[1,0,0],[0,1,0],[45,124,175]]
[[0,0,0],[1,0,0],[0,1,0],[18,58,175]]
[[0,0,0],[1,0,0],[0,1,0],[30,153,175]]
[[0,0,0],[1,0,0],[0,1,0],[13,113,175]]
[[0,0,0],[1,0,0],[0,1,0],[63,78,175]]
[[0,0,0],[1,0,0],[0,1,0],[53,53,175]]
[[0,0,0],[1,0,0],[0,1,0],[3,22,175]]
[[0,0,0],[1,0,0],[0,1,0],[80,96,175]]
[[0,0,0],[1,0,0],[0,1,0],[42,34,175]]
[[0,0,0],[1,0,0],[0,1,0],[170,174,175]]
[[0,0,0],[1,0,0],[0,1,0],[40,45,175]]
[[0,0,0],[1,0,0],[0,1,0],[52,134,175]]
[[0,0,0],[1,0,0],[0,1,0],[80,121,175]]
[[0,0,0],[1,0,0],[0,1,0],[19,62,175]]
[[0,0,0],[1,0,0],[0,1,0],[11,46,175]]
[[0,0,0],[1,0,0],[0,1,0],[65,41,175]]
[[0,0,0],[1,0,0],[0,1,0],[40,52,175]]
[[0,0,0],[1,0,0],[0,1,0],[43,54,175]]
[[0,0,0],[1,0,0],[0,5,0],[3,30,35]]
[[0,0,0],[1,0,0],[0,1,0],[14,87,175]]
[[0,0,0],[1,0,0],[0,1,0],[48,72,175]]
[[0,0,0],[1,0,0],[0,1,0],[78,143,175]]
[[0,0,0],[1,0,0],[0,1,0],[3,3,175]]
[[0,0,0],[1,0,0],[0,1,0],[26,143,175]]
[[0,0,0],[1,0,0],[0,1,0],[6,24,175]]
[[0,0,0],[1,0,0],[0,1,0],[9,26,175]]
[[0,0,0],[1,0,0],[0,1,0],[31,58,175]]
[[0,0,0],[1,0,0],[0,1,0],[42,59,175]]
[[0,0,0],[1,0,0],[0,1,0],[2,109,175]]
[[0,0,0],[1,0,0],[0,1,0],[55,121,175]]
[[0,0,0],[1,0,0],[0,1,0],[3,16,175]]
[[0,0,0],[1,0,0],[0,1,0],[49,22,175]]
[[0,0,0],[1,0,0],[0,1,0],[20,1,175]]
[[0,0,0],[1,0,0],[0,1,0],[6,37,175]]
[[0,0,0],[1,0,0],[0,1,0],[37,164,175]]
[[0,0,0],[1,0,0],[0,1,0],[55,93,175]]
[[0,0,0],[1,0,0],[0,1,0],[130,130,175]]
[[0,0,0],[1,0,0],[0,1,0],[53,83,175]]
[[0,0,0],[1,0,0],[0,1,0],[6,16,175]]
[[0,0,0],[1,0,0],[0,1,0],[77,15,175]]
[[0,0,0],[1,0,0],[0,1,0],[18,46,175]]
[[0,0,0],[1,0,0],[0,1,0],[72,118,175]]
[[0,0,0],[1,0,0],[0,1,0],[30,83,175]]
[[0,0,0],[1,0,0],[0,1,0],[41,142,175]]
[[0,0,0],[1,0,0],[0,1,0],[12,144,175]]
[[0,0,0],[1,0,0],[0,1,0],[38,158,175]]
[[0,0,0],[1,0,0],[0,1,0],[5,31,175]]
[[0,0,0],[1,0,0],[0,1,0],[17,33,175]]
[[0,0,0],[1,0,0],[0,1,0],[32,123,175]]
[[0,0,0],[1,0,0],[0,1,0],[5,10,175]]
[[0,0,0],[1,0,0],[0,1,0],[59,72,175]]
[[0,0,0],[1,0,0],[0,1,0],[110,31,175]]
[[0,0,0],[1,0,0],[0,1,0],[17,62,175]]
[[0,0,0],[1,0,0],[0,1,0],[8,59,175]]
[[0,0,0],[1,0,0],[0,1,0],[17,34,175]]
[[0,0,0],[1,0,0],[0,1,0],[5,73,175]]
[[0,0,0],[1,0,0],[0,1,0],[23,68,175]]
[[0,0,0],[1,0,0],[0,1,0],[1,23,175]]
[[0,0,0],[1,0,0],[0,1,0],[155,171,175]]
[[0,0,0],[1,0,0],[0,1,0],[43,158,175]]
[[0,0,0],[1,0,0],[0,1,0],[110,171,175]]
[[0,0,0],[1,0,0],[0,1,0],[130,165,175]]
[[0,0,0],[1,0,0],[0,1,0],[55,37,175]]
[[0,0,0],[1,0,0],[0,1,0],[48,68,175]]
[[0,0,0],[1,0,0],[0,1,0],[28,120,175]]
[[0,0,0],[1,0,0],[0,1,0],[65,36,175]]
[[0,0,0],[1,0,0],[0,1,0],[48,148,175]]
[[0,0,0],[1,0,0],[0,1,0],[34,152,175]]
[[0,0,0],[1,0,0],[0,1,0],[58,97,175]]
[[0,0,0],[1,0,0],[0,1,0],[9,23,175]]
[[0,0,0],[1,0,0],[0,1,0],[3,143,175]]
[[0,0,0],[1,0,0],[0,1,0],[148,148,175]]
[[0,0,0],[1,0,0],[0,1,0],[4,97,175]]
[[0,0,0],[1,0,0],[0,1,0],[34,51,175]]
[[0,0,0],[1,0,0],[0,5,0],[6,15,35]]
[[0,0,0],[1,0,0],[0,1,0],[11,137,175]]
[[0,0,0],[1,0,0],[0,1,0],[40,87,175]]
[[0,0,0],[1,0,0],[0,1,0],[30,11,175]]
[[0,0,0],[1,0,0],[0,1,0],[53,74,175]]
[[0,0,0],[1,0,0],[0,1,0],[4,92,175]]
[[0,0,0],[1,0,0],[0,5,0],[34,10,35]]
[[0,0,0],[1,0,0],[0,1,0],[29,57,175]]
[[0,0,0],[1,0,0],[0,5,0],[2,10,35]]
[[0,0,0],[1,0,0],[0,1,0],[17,51,175]]
[[0,0,0],[1,0,0],[0,1,0],[13,23,175]]
[[0,0,0],[1,0,0],[0,1,0],[13,33,175]]
[[0,0,0],[1,0,0],[0,1,0],[55,128,175]]
[[0,0,0],[1,0,0],[0,1,0],[1,3,175]]
[[0,0,0],[1,0,0],[0,1,0],[31,166,175]]
[[0,0,0],[1,0,0],[0,1,0],[9,153,175]]
[[0,0,0],[1,0,0],[0,1,0],[4,142,175]]
[[0,0,0],[1,0,0],[0,1,0],[65,76,175]]
[[0,0,0],[1,0,0],[0,1,0],[43,118,175]]
[[0,0,0],[1,0,0],[0,1,0],[8,64,175]]
[[0,0,0],[1,0,0],[0,1,0],[34,114,175]]
[[0,0,0],[1,0,0],[0,1,0],[48,51,175]]
[[0,0,0],[1,0,0],[0,1,0],[50,91,175]]
[[0,0,0],[1,0,0],[0,1,0],[20,93,175]]
[[0,0,0],[1,0,0],[0,1,0],[21,55,175]]
[[0,0,0],[1,0,0],[0,1,0],[12,74,175]]
[[0,0,0],[1,0,0],[0,1,0],[71,109,175]]
[[0,0,0],[1,0,0],[0,1,0],[95,101,175]]
[[0,0,0],[1,0,0],[0,1,0],[12,94,175]]
[[0,0,0],[1,0,0],[0,1,0],[40,157,175]]
[[0,0,0],[1,0,0],[0,1,0],[24,76,175]]
[[0,0,0],[1,0,0],[0,1,0],[38,163,175]]
[[0,0,0],[1,0,0],[0,1,0],[20,156,175]]
[[0,0,0],[1,0,0],[0,1,0],[42,155,175]]
[[0,0,0],[1,0,0],[0,1,0],[2,87,175]]
[[0,0,0],[1,0,0],[0,1,0],[9,104,175]]
[[0,0,0],[1,0,0],[0,1,0],[42,64,175]]
[[0,0,0],[1,0,0],[0,1,0],[21,64,175]]
[[0,0,0],[1,0,0],[0,1,0],[3,12,175]]
[[0,0,0],[1,0,0],[0,1,0],[90,72,175]]
[[0,0,0],[1,0,0],[0,1,0],[8,23,175]]
[[0,0,0],[1,0,0],[0,1,0],[160,51,175]]
[[0,0,0],[1,0,0],[0,1,0],[2,124,175]]
[[0,0,0],[1,0,0],[0,1,0],[63,43,175]]
[[0,0,0],[1,0,0],[0,1,0],[25,26,175]]
[[0,0,0],[1,0,0],[0,1,0],[4,71,175]]
[[0,0,0],[1,0,0],[0,1,0],[77,29,175]]
[[0,0,0],[1,0,0],[0,1,0],[147,154,175]]
[[0,0,0],[1,0,0],[0,5,0],[17,25,35]]
[[0,0,0],[1,0,0],[0,1,0],[17,29,175]]
[[0,0,0],[1,0,0],[0,1,0],[52,136,175]]
[[0,0,0],[1,0,0],[0,1,0],[9,169,175]]
[[0,0,0],[1,0,0],[0,1,0],[65,83,175]]
[[0,0,0],[1,0,0],[0,1,0],[115,138,175]]
[[0,0,0],[1,0,0],[0,1,0],[10,1,175]]
[[0,0,0],[1,0,0],[0,1,0],[55,163,175]]
[[0,0,0],[1,0,0],[0,1,0],[42,141,175]]
[[0,0,0],[1,0,0],[0,1,0],[14,12,175]]
[[0,0,0],[1,0,0],[0,1,0],[12,17,175]]
[[0,0,0],[1,0,0],[0,1,0],[86,153,175]]
[[0,0,0],[1,0,0],[0,1,0],[23,61,175]]
[[0,0,0],[1,0,0],[0,1,0],[76,86,175]]
[[0,0,0],[1,0,0],[0,1,0],[90,142,175]]
[[0,0,0],[1,0,0],[0,1,0],[14,169,175]]
[[0,0,0],[1,0,0],[0,1,0],[21,5,175]]
[[0,0,0],[1,0,0],[0,1,0],[40,96,175]]
[[0,0,0],[1,0,0],[0,1,0],[4,19,175]]
[[0,0,0],[1,0,0],[0,1,0],[2,51,175]]
[[0,0,0],[1,0,0],[0,1,0],[17,72,175]]
[[0,0,0],[1,0,0],[0,1,0],[130,137,175]]
[[0,0,0],[1,0,0],[0,1,0],[91,99,175]]
[[0,0,0],[1,0,0],[0,1,0],[3,52,175]]
[[0,0,0],[1,0,0],[0,1,0],[15,66,175]]
[[0,0,0],[1,0,0],[2,5,0],[4,20,35]]
[[0,0,0],[1,0,0],[0,1,0],[1,33,175]]
[[0,0,0],[1,0,0],[0,1,0],[47,114,175]]
[[0,0,0],[1,0,0],[0,1,0],[9,47,175]]
[[0,0,0],[1,0,0],[0,1,0],[40,108,175]]
[[0,0,0],[1,0,0],[0,1,0],[95,31,175]]
[[0,0,0],[1,0,0],[0,1,0],[32,134,175]]
[[0,0,0],[1,0,0],[0,1,0],[120,6,175]]
[[0,0,0],[1,0,0],[0,1,0],[21,30,175]]
[[0,0,0],[1,0,0],[0,1,0],[20,6,175]]
[[0,0,0],[1,0,0],[0,1,0],[90,44,175]]
[[0,0,0],[1,0,0],[0,1,0],[3,83,175]]
[[0,0,0],[1,0,0],[0,1,0],[126,15,175]]
[[0,0,0],[1,0,0],[0,1,0],[23,23,175]]
[[0,0,0],[1,0,0],[0,1,0],[77,1,175]]
[[0,0,0],[1,0,0],[0,1,0],[45,1,175]]
[[0,0,0],[1,0,0],[0,1,0],[72,149,175]]
[[0,0,0],[1,0,0],[0,1,0],[83,83,175]]
[[0,0,0],[1,0,0],[0,1,0],[59,61,175]]
[[0,0,0],[1,0,0],[0,1,0],[21,15,175]]
[[0,0,0],[1,0,0],[0,1,0],[61,128,175]]
[[0,0,0],[1,0,0],[0,1,0],[60,165,175]]
[[0,0,0],[1,0,0],[0,1,0],[10,145,175]]
[[0,0,0],[1,0,0],[0,1,0],[51,167,175]]
[[0,0,0],[1,0,0],[0,1,0],[9,29,175]]
[[0,0,0],[1,0,0],[0,1,0],[24,102,175]]
[[0,0,0],[1,0,0],[0,1,0],[45,103,175]]
[[0,0,0],[1,0,0],[0,1,0],[3,79,175]]
[[0,0,0],[1,0,0],[0,1,0],[17,149,175]]
[[0,0,0],[1,0,0],[0,1,0],[4,67,175]]
[[0,0,0],[1,0,0],[0,1,0],[4,81,175]]
[[0,0,0],[1,0,0],[0,1,0],[24,124,175]]
[[0,0,0],[1,0,0],[0,1,0],[125,76,175]]
[[0,0,0],[1,0,0],[0,1,0],[18,76,175]]
[[0,0,0],[1,0,0],[0,1,0],[6,67,175]]
[[0,0,0],[1,0,0],[0,1,0],[38,151,175]]
[[0,0,0],[1,0,0],[0,1,0],[2,132,175]]
[[0,0,0],[1,0,0],[0,1,0],[19,36,175]]
[[0,0,0],[1,0,0],[0,1,0],[7,134,175]]
[[0,0,0],[1,0,0],[0,1,0],[23,41,175]]
[[0,0,0],[1,0,0],[0,1,0],[21,127,175]]
[[0,0,0],[5,0,0],[0,1,0],[7,1,35]]
[[0,0,0],[1,0,0],[0,1,0],[30,1,175]]
[[0,0,0],[1,0,0],[0,1,0],[15,11,175]]
[[0,0,0],[1,0,0],[0,1,0],[60,166,175]]
[[0,0,0],[1,0,0],[0,1,0],[11,167,175]]
[[0,0,0],[1,0,0],[0,1,0],[19,29,175]]
[[0,0,0],[1,0,0],[0,1,0],[90,107,175]]
[[0,0,0],[1,0,0],[0,1,0],[3,18,175]]
[[0,0,0],[1,0,0],[0,1,0],[6,33,175]]
[[0,0,0],[1,0,0],[0,1,0],[7,120,175]]
[[0,0,0],[1,0,0],[0,1,0],[29,102,175]]
[[0,0,0],[1,0,0],[0,1,0],[23,167,175]]
[[0,0,0],[1,0,0],[0,1,0],[5,129,175]]
[[0,0,0],[1,0,0],[0,1,0],[20,149,175]]
[[0,0,0],[1,0,0],[2,5,0],[3,15,35]]
[[0,0,0],[1,0,0],[0,1,0],[17,152,175]]
[[0,0,0],[1,0,0],[0,1,0],[36,148,175]]
[[0,0,0],[1,0,0],[0,1,0],[3,64,175]]
[[0,0,0],[1,0,0],[0,1,0],[20,114,175]]
[[0,0,0],[1,0,0],[0,1,0],[13,38,175]]
[[0,0,0],[1,0,0],[0,1,0],[13,76,175]]
[[0,0,0],[1,0,0],[0,1,0],[23,163,175]]
[[0,0,0],[1,0,0],[0,1,0],[10,19,175]]
[[0,0,0],[1,0,0],[0,1,0],[64,102,175]]
[[0,0,0],[1,0,0],[0,1,0],[6,149,175]]
[[0,0,0],[1,0,0],[0,1,0],[12,124,175]]
[[0,0,0],[1,0,0],[0,1,0],[47,174,175]]
[[0,0,0],[1,0,0],[0,1,0],[51,76,175]]
[[0,0,0],[1,0,0],[0,1,0],[3,93,175]]
[[0,0,0],[1,0,0],[0,1,0],[42,1,175]]
[[0,0,0],[1,0,0],[0,1,0],[9,82,175]]
[[0,0,0],[1,0,0],[0,1,0],[37,144,175]]
[[0,0,0],[1,0,0],[0,1,0],[1,41,175]]
[[0,0,0],[1,0,0],[0,1,0],[7,1,175]]
[[0,0,0],[1,0,0],[0,1,0],[1,8,175]]
[[0,0,0],[1,0,0],[0,1,0],[34,57,175]]
[[0,0,0],[1,0,0],[0,1,0],[23,64,175]]
[[0,0,0],[1,0,0],[0,1,0],[69,162,175]]
[[0,0,0],[1,0,0],[0,1,0],[75,66,175]]
[[0,0,0],[1,0,0],[0,1,0],[8,46,175]]
[[0,0,0],[1,0,0],[0,1,0],[2,23,175]]
[[0,0,0],[1,0,0],[0,1,0],[33,148,175]]
[[0,0,0],[1,0,0],[0,5,0],[8,10,35]]
[[0,0,0],[1,0,0],[0,1,0],[4,69,175]]
[[0,0,0],[1,0,0],[0,1,0],[80,16,175]]
[[0,0,0],[1,0,0],[0,5,0],[29,15,35]]
[[0,0,0],[1,0,0],[0,1,0],[10,141,175]]
[[0,0,0],[1,0,0],[0,1,0],[37,52,175]]
[[0,0,0],[1,0,0],[0,1,0],[17,76,175]]
[[0,0,0],[1,0,0],[0,1,0],[3,58,175]]
[[0,0,0],[1,0,0],[0,1,0],[2,16,175]]
[[0,0,0],[1,0,0],[0,1,0],[2,64,175]]
[[0,0,0],[1,0,0],[0,1,0],[65,166,175]]
[[0,0,0],[1,0,0],[0,1,0],[5,136,175]]
[[0,0,0],[1,0,0],[0,1,0],[9,72,175]]
[[0,0,0],[1,0,0],[0,1,0],[115,86,175]]
[[0,0,0],[1,0,0],[0,1,0],[8,128,175]]
[[0,0,0],[1,0,0],[0,1,0],[3,24,175]]
[[0,0,0],[1,0,0],[0,1,0],[24,82,175]]
[[0,0,0],[1,0,0],[0,1,0],[13,51,175]]
[[0,0,0],[1,0,0],[0,1,0],[23,57,175]]
[[0,0,0],[1,0,0],[0,1,0],[9,57,175]]
[[0,0,0],[5,0,0],[0,1,0],[0,15,35]]
[[0,0,0],[1,0,0],[0,1,0],[64,97,175]]
[[0,0,0],[1,0,0],[0,1,0],[10,110,175]]
[[0,0,0],[1,0,0],[0,1,0],[30,118,175]]
[[0,0,0],[1,0,0],[0,1,0],[47,164,175]]
[[0,0,0],[1,0,0],[0,1,0],[9,11,175]]
[[0,0,0],[1,0,0],[0,1,0],[30,13,175]]
[[0,0,0],[1,0,0],[0,1,0],[4,82,175]]
[[0,0,0],[1,0,0],[0,1,0],[40,36,175]]
[[0,0,0],[1,0,0],[0,1,0],[52,74,175]]
[[0,0,0],[1,0,0],[0,1,0],[8,76,175]]
[[0,0,0],[1,0,0],[0,1,0],[19,142,175]]
[[0,0,0],[1,0,0],[0,1,0],[90,128,175]]
[[0,0,0],[1,0,0],[0,1,0],[23,53,175]]
[[0,0,0],[1,0,0],[0,1,0],[126,155,175]]
[[0,0,0],[1,0,0],[0,1,0],[3,67,175]]
[[0,0,0],[1,0,0],[0,1,0],[8,19,175]]
[[0,0,0],[1,0,0],[0,1,0],[19,32,175]]
[[0,0,0],[1,0,0],[0,1,0],[30,61,175]]
[[0,0,0],[1,0,0],[0,1,0],[32,46,175]]
[[0,0,0],[1,0,0],[0,1,0],[9,59,175]]
[[0,0,0],[1,0,0],[0,1,0],[36,61,175]]
[[0,0,0],[1,0,0],[0,1,0],[6,47,175]]
[[0,0,0],[1,0,0],[0,1,0],[3,38,175]]
[[0,0,0],[1,0,0],[0,1,0],[38,166,175]]
[[0,0,0],[1,0,0],[0,1,0],[55,171,175]]
[[0,0,0],[1,0,0],[0,1,0],[91,135,175]]
[[0,0,0],[1,0,0],[0,1,0],[4,8,175]]
[[0,0,0],[1,0,0],[0,1,0],[23,158,175]]
[[0,0,0],[1,0,0],[0,1,0],[24,152,175]]
[[0,0,0],[1,0,0],[0,1,0],[47,159,175]]
[[0,0,0],[1,0,0],[0,1,0],[90,2,175]]
[[0,0,0],[1,0,0],[0,1,0],[28,8,175]]
[[0,0,0],[1,0,0],[0,1,0],[49,152,175]]
[[0,0,0],[1,0,0],[0,5,0],[3,25,35]]
[[0,0,0],[1,0,0],[0,1,0],[1,2,175]]
[[0,0,0],[1,0,0],[0,1,0],[2,164,175]]
[[0,0,0],[1,0,0],[0,1,0],[4,16,175]]
[[0,0,0],[1,0,0],[0,1,0],[2,79,175]]
[[0,0,0],[1,0,0],[0,1,0],[23,128,175]]
[[0,0,0],[1,0,0],[0,1,0],[14,99,175]]
[[0,0,0],[1,0,0],[0,1,0],[85,166,175]]
[[0,0,0],[1,0,0],[0,1,0],[49,2,175]]
[[0,0,0],[1,0,0],[0,1,0],[12,66,175]]
[[0,0,0],[1,0,0],[0,1,0],[43,47,175]]
[[0,0,0],[1,0,0],[0,1,0],[2,81,175]]
[[0,0,0],[1,0,0],[0,1,0],[6,62,175]]
[[0,0,0],[1,0,0],[0,1,0],[37,156,175]]
[[0,0,0],[1,0,0],[0,1,0],[4,64,175]]
[[0,0,0],[1,0,0],[0,1,0],[12,48,175]]
[[0,0,0],[1,0,0],[0,1,0],[9,111,175]]
[[0,0,0],[1,0,0],[0,1,0],[19,38,175]]
[[0,0,0],[1,0,0],[0,1,0],[55,31,175]]
[[0,0,0],[1,0,0],[0,1,0],[34,172,175]]
[[0,0,0],[1,0,0],[0,1,0],[23,52,175]]
[[0,0,0],[1,0,0],[0,1,0],[2,27,175]]
[[0,0,0],[1,0,0],[0,1,0],[6,26,175]]
[[0,0,0],[1,0,0],[0,1,0],[40,122,175]]
[[0,0,0],[1,0,0],[0,1,0],[42,109,175]]
[[0,0,0],[1,0,0],[0,1,0],[17,169,175]]
[[0,0,0],[1,0,0],[0,1,0],[2,33,175]]
[[0,0,0],[1,0,0],[0,1,0],[4,6,175]]
[[0,0,0],[1,0,0],[0,1,0],[6,64,175]]
[[0,0,0],[1,0,0],[0,1,0],[58,143,175]]
[[0,0,0],[1,0,0],[0,1,0],[53,153,175]]
[[0,0,0],[1,0,0],[1,5,0],[26,30,35]]
[[0,0,0],[1,0,0],[0,1,0],[9,16,175]]
[[0,0,0],[1,0,0],[0,1,0],[9,24,175]]
[[0,0,0],[1,0,0],[0,1,0],[17,36,175]]
[[0,0,0],[1,0,0],[0,1,0],[64,87,175]]
[[0,0,0],[1,0,0],[0,1,0],[31,59,175]]
[[0,0,0],[1,0,0],[0,1,0],[58,83,175]]
[[0,0,0],[1,0,0],[0,1,0],[59,87,175]]
[[0,0,0],[1,0,0],[0,1,0],[70,36,175]]
[[0,0,0],[1,0,0],[0,1,0],[119,132,175]]
[[0,0,0],[1,0,0],[0,1,0],[10,106,175]]
[[0,0,0],[1,0,0],[0,1,0],[15,171,175]]
[[0,0,0],[1,0,0],[0,1,0],[33,78,175]]
[[0,0,0],[1,0,0],[0,1,0],[28,162,175]]
[[0,0,0],[1,0,0],[0,1,0],[8,93,175]]
[[0,0,0],[1,0,0],[0,1,0],[84,155,175]]
[[0,0,0],[1,0,0],[0,1,0],[10,16,175]]
[[0,0,0],[1,0,0],[0,5,0],[19,15,35]]
[[0,0,0],[1,0,0],[0,1,0],[29,67,175]]
[[0,0,0],[1,0,0],[0,1,0],[10,41,175]]
[[0,0,0],[1,0,0],[0,1,0],[12,136,175]]
[[0,0,0],[1,0,0],[0,1,0],[6,83,175]]
[[0,0,0],[1,0,0],[0,1,0],[6,76,175]]
[[0,0,0],[1,0,0],[0,1,0],[3,103,175]]
[[0,0,0],[1,0,0],[0,1,0],[32,164,175]]
[[0,0,0],[1,0,0],[0,1,0],[119,157,175]]
[[0,0,0],[1,0,0],[0,1,0],[37,76,175]]
[[0,0,0],[1,0,0],[0,1,0],[20,26,175]]
[[0,0,0],[1,0,0],[0,1,0],[36,68,175]]
[[0,0,0],[1,0,0],[0,5,0],[4,10,35]]
[[0,0,0],[1,0,0],[0,1,0],[49,27,175]]
[[0,0,0],[1,0,0],[0,1,0],[10,81,175]]
[[0,0,0],[1,0,0],[0,1,0],[40,73,175]]
[[0,0,0],[1,0,0],[0,1,0],[40,46,175]]
[[0,0,0],[1,0,0],[0,1,0],[65,48,175]]
[[0,0,0],[1,0,0],[0,1,0],[84,162,175]]
[[0,0,0],[1,0,0],[0,1,0],[13,48,175]]
[[0,0,0],[1,0,0],[0,5,0],[26,5,35]]
[[0,0,0],[1,0,0],[0,1,0],[3,57,175]]
[[0,0,0],[1,0,0],[0,1,0],[31,46,175]]
[[0,0,0],[1,0,0],[0,1,0],[45,54,175]]
[[0,0,0],[1,0,0],[0,1,0],[17,162,175]]
[[0,0,0],[1,0,0],[0,1,0],[23,173,175]]
[[0,0,0],[1,0,0],[0,1,0],[36,38,175]]
[[0,0,0],[1,0,0],[0,1,0],[63,134,175]]
[[0,0,0],[1,0,0],[0,1,0],[5,151,175]]
[[0,0,0],[1,0,0],[0,1,0],[38,131,175]]
[[0,0,0],[1,0,0],[0,1,0],[18,18,175]]
[[0,0,0],[1,0,0],[0,1,0],[2,82,175]]
[[0,0,0],[1,0,0],[0,1,0],[6,121,175]]
[[0,0,0],[1,0,0],[0,1,0],[78,78,175]]
[[0,0,0],[1,0,0],[0,1,0],[13,138,175]]
[[0,0,0],[1,0,0],[0,1,0],[1,13,175]]
[[0,0,0],[1,0,0],[0,1,0],[33,48,175]]
[[0,0,0],[1,0,0],[0,1,0],[4,158,175]]
[[0,0,0],[1,0,0],[0,1,0],[19,159,175]]
[[0,0,0],[1,0,0],[0,1,0],[6,23,175]]
[[0,0,0],[1,0,0],[0,1,0],[65,34,175]]
[[0,0,0],[1,0,0],[0,1,0],[50,76,175]]
[[0,0,0],[1,0,0],[0,1,0],[42,15,175]]
[[0,0,0],[1,0,0],[0,1,0],[37,167,175]]
[[0,0,0],[1,0,0],[0,1,0],[2,57,175]]
[[0,0,0],[1,0,0],[0,1,0],[36,43,175]]
[[0,0,0],[1,0,0],[0,1,0],[9,58,175]]
[[0,0,0],[1,0,0],[1,5,0],[8,15,35]]
[[0,0,0],[1,0,0],[0,5,0],[2,5,35]]
[[0,0,0],[1,0,0],[0,1,0],[6,58,175]]
[[0,0,0],[1,0,0],[0,1,0],[11,18,175]]
[[0,0,0],[1,0,0],[0,1,0],[31,61,175]]
[[0,0,0],[1,0,0],[0,1,0],[24,26,175]]
[[0,0,0],[1,0,0],[0,1,0],[19,172,175]]
[[0,0,0],[1,0,0],[0,1,0],[52,127,175]]
[[0,0,0],[1,0,0],[0,1,0],[19,64,175]]
[[0,0,0],[1,0,0],[0,5,0],[13,15,35]]
[[0,0,0],[1,0,0],[0,5,0],[11,5,35]]
[[0,0,0],[1,0,0],[0,1,0],[1,37,175]]
[[0,0,0],[1,0,0],[0,1,0],[9,174,175]]
[[0,0,0],[1,0,0],[0,1,0],[18,54,175]]
[[0,0,0],[1,0,0],[0,1,0],[160,121,175]]
[[0,0,0],[1,0,0],[0,1,0],[37,148,175]]
[[0,0,0],[1,0,0],[0,1,0],[49,162,175]]
[[0,0,0],[1,0,0],[0,1,0],[13,41,175]]
[[0,0,0],[1,0,0],[0,1,0],[4,18,175]]
[[0,0,0],[1,0,0],[0,1,0],[49,77,175]]
[[0,0,0],[1,0,0],[0,1,0],[20,111,175]]
[[0,0,0],[1,0,0],[0,1,0],[2,174,175]]
[[0,0,0],[1,0,0],[0,1,0],[10,136,175]]
[[0,0,0],[1,0,0],[0,1,0],[5,131,175]]
[[0,0,0],[1,0,0],[0,1,0],[11,64,175]]
[[0,0,0],[1,0,0],[0,1,0],[10,6,175]]
[[0,0,0],[1,0,0],[0,1,0],[10,171,175]]
[[0,0,0],[1,0,0],[0,1,0],[4,12,175]]
[[0,0,0],[1,0,0],[0,1,0],[12,46,175]]
[[0,0,0],[1,0,0],[0,1,0],[80,117,175]]
[[0,0,0],[1,0,0],[0,1,0],[30,101,175]]
[[0,0,0],[1,0,0],[0,1,0],[3,78,175]]
[[0,0,0],[1,0,0],[0,1,0],[21,1,175]]
[[0,0,0],[1,0,0],[0,1,0],[133,148,175]]
[[0,0,0],[1,0,0],[0,1,0],[45,138,175]]
[[0,0,0],[1,0,0],[0,1,0],[34,157,175]]
[[0,0,0],[1,0,0],[0,1,0],[69,149,175]]
[[0,0,0],[1,0,0],[0,1,0],[4,74,175]]
[[0,0,0],[1,0,0],[0,1,0],[4,34,175]]
[[0,0,0],[1,0,0],[0,1,0],[10,166,175]]
[[0,0,0],[1,0,0],[0,1,0],[76,79,175]]
[[0,0,0],[1,0,0],[0,1,0],[42,84,175]]
[[0,0,0],[1,0,0],[0,5,0],[28,5,35]]
[[0,0,0],[1,0,0],[0,1,0],[55,11,175]]
[[0,0,0],[1,0,0],[0,1,0],[26,29,175]]
[[0,0,0],[1,0,0],[0,1,0],[11,33,175]]
[[0,0,0],[1,0,0],[0,1,0],[13,52,175]]
[[0,0,0],[1,0,0],[0,1,0],[21,120,175]]
[[0,0,0],[1,0,0],[0,1,0],[17,109,175]]
[[0,0,0],[1,0,0],[0,1,0],[36,36,175]]
[[0,0,0],[1,0,0],[0,1,0],[32,99,175]]
[[0,0,0],[1,0,0],[0,1,0],[30,41,175]]
[[0,0,0],[1,0,0],[0,1,0],[84,17,175]]
[[0,0,0],[1,0,0],[0,1,0],[10,12,175]]
[[0,0,0],[1,0,0],[0,1,0],[10,117,175]]
[[0,0,0],[1,0,0],[0,1,0],[17,61,175]]
[[0,0,0],[1,0,0],[0,1,0],[14,22,175]]
[[0,0,0],[1,0,0],[0,5,0],[4,20,35]]
[[0,0,0],[1,0,0],[0,1,0],[21,8,175]]
[[0,0,0],[1,0,0],[0,1,0],[21,57,175]]
[[0,0,0],[1,0,0],[0,1,0],[98,85,175]]
[[0,0,0],[1,0,0],[0,1,0],[32,69,175]]
[[0,0,0],[1,0,0],[0,1,0],[40,111,175]]
[[0,0,0],[1,0,0],[0,1,0],[45,159,175]]
[[0,0,0],[1,0,0],[0,1,0],[14,113,175]]
[[0,0,0],[1,0,0],[0,1,0],[4,172,175]]
[[0,0,0],[1,0,0],[0,1,0],[20,116,175]]
[[0,0,0],[1,0,0],[0,1,0],[32,59,175]]
[[0,0,0],[1,0,0],[0,1,0],[20,79,175]]
[[0,0,0],[1,0,0],[0,1,0],[33,128,175]]
[[0,0,0],[1,0,0],[0,1,0],[54,82,175]]
[[0,0,0],[1,0,0],[0,1,0],[24,34,175]]
[[0,0,0],[1,0,0],[0,1,0],[33,66,175]]
[[0,0,0],[1,0,0],[0,5,0],[3,10,35]]
[[0,0,0],[1,0,0],[0,1,0],[65,26,175]]
[[0,0,0],[1,0,0],[0,1,0],[34,97,175]]
[[0,0,0],[1,0,0],[0,1,0],[12,33,175]]
[[0,0,0],[1,0,0],[0,5,0],[11,20,35]]
[[0,0,0],[1,0,0],[0,1,0],[45,110,175]]
[[0,0,0],[1,0,0],[0,5,0],[4,25,35]]
[[0,0,0],[1,0,0],[0,1,0],[68,87,175]]
[[0,0,0],[1,0,0],[0,1,0],[8,47,175]]
[[0,0,0],[1,0,0],[0,1,0],[24,72,175]]
[[0,0,0],[1,0,0],[0,1,0],[42,71,175]]
[[0,0,0],[1,0,0],[0,1,0],[9,12,175]]
[[0,0,0],[1,0,0],[0,1,0],[85,121,175]]
[[0,0,0],[1,0,0],[0,1,0],[8,11,175]]
[[0,0,0],[1,0,0],[0,1,0],[90,170,175]]
[[0,0,0],[1,0,0],[0,1,0],[46,61,175]]
[[0,0,0],[1,0,0],[0,1,0],[135,69,175]]
[[0,0,0],[1,0,0],[0,1,0],[98,99,175]]
[[0,0,0],[1,0,0],[0,1,0],[130,67,175]]
[[0,0,0],[1,0,0],[0,1,0],[24,29,175]]
[[0,0,0],[1,0,0],[0,1,0],[33,153,175]]
[[0,0,0],[1,0,0],[0,1,0],[6,11,175]]
[[0,0,0],[1,0,0],[0,1,0],[4,27,175]]
[[0,0,0],[1,0,0],[0,1,0],[29,72,175]]
[[0,0,0],[1,0,0],[0,1,0],[29,37,175]]
[[0,0,0],[1,0,0],[0,1,0],[75,126,175]]
[[0,0,0],[1,0,0],[0,1,0],[91,155,175]]
[[0,0,0],[1,0,0],[0,1,0],[10,101,175]]
[[0,0,0],[1,0,0],[2,5,0],[2,5,35]]
[[0,0,0],[1,0,0],[0,1,0],[37,97,175]]
[[0,0,0],[1,0,0],[0,5,0],[29,5,35]]
[[0,0,0],[1,0,0],[0,1,0],[38,148,175]]
[[0,0,0],[1,0,0],[0,1,0],[55,46,175]]
[[0,0,0],[1,0,0],[0,1,0],[50,21,175]]
[[0,0,0],[1,0,0],[0,1,0],[33,54,175]]
[[0,0,0],[1,0,0],[1,5,0],[16,5,35]]
[[0,0,0],[1,0,0],[0,1,0],[14,62,175]]
[[0,0,0],[1,0,0],[0,1,0],[37,157,175]]
[[0,0,0],[1,0,0],[0,1,0],[115,121,175]]
[[0,0,0],[1,0,0],[0,1,0],[32,74,175]]
[[0,0,0],[1,0,0],[0,1,0],[4,109,175]]
[[0,0,0],[1,0,0],[0,1,0],[126,120,175]]
[[0,0,0],[1,0,0],[0,1,0],[35,106,175]]
[[0,0,0],[1,0,0],[0,1,0],[12,81,175]]
[[0,0,0],[1,0,0],[0,1,0],[3,72,175]]
[[0,0,0],[1,0,0],[0,1,0],[4,47,175]]
[[0,0,0],[1,0,0],[0,1,0],[2,48,175]]
[[0,0,0],[1,0,0],[0,1,0],[81,102,175]]
[[0,0,0],[1,0,0],[0,1,0],[40,76,175]]
[[0,0,0],[1,0,0],[0,5,0],[17,10,35]]
[[0,0,0],[1,0,0],[0,1,0],[11,51,175]]
[[0,0,0],[1,0,0],[0,1,0],[84,1,175]]
[[0,0,0],[1,0,0],[0,1,0],[2,4,175]]
[[0,0,0],[1,0,0],[0,1,0],[17,89,175]]
[[0,0,0],[1,0,0],[0,1,0],[33,87,175]]
[[0,0,0],[1,0,0],[0,1,0],[17,144,175]]
[[0,0,0],[1,0,0],[0,1,0],[147,57,175]]
[[0,0,0],[1,0,0],[0,1,0],[17,23,175]]
[[0,0,0],[1,0,0],[0,1,0],[21,78,175]]
[[0,0,0],[1,0,0],[0,1,0],[36,53,175]]
[[0,0,0],[1,0,0],[0,1,0],[45,136,175]]
[[0,0,0],[1,0,0],[0,1,0],[170,69,175]]
[[0,0,0],[1,0,0],[0,1,0],[17,173,175]]
[[0,0,0],[1,0,0],[0,1,0],[58,153,175]]
[[0,0,0],[1,0,0],[0,1,0],[18,137,175]]
[[0,0,0],[1,0,0],[0,1,0],[24,162,175]]
[[0,0,0],[1,0,0],[0,1,0],[12,99,175]]
[[0,0,0],[1,0,0],[0,1,0],[80,82,175]]
[[0,0,0],[1,0,0],[0,1,0],[48,128,175]]
[[0,0,0],[1,0,0],[2,5,0],[13,25,35]]
[[0,0,0],[1,0,0],[0,1,0],[17,139,175]]
[[0,0,0],[1,0,0],[0,5,0],[6,20,35]]
[[0,0,0],[1,0,0],[0,1,0],[2,68,175]]
[[0,0,0],[1,0,0],[0,1,0],[3,82,175]]
[[0,0,0],[1,0,0],[0,1,0],[3,51,175]]
[[0,0,0],[1,0,0],[0,1,0],[3,13,175]]
[[0,0,0],[1,0,0],[0,1,0],[25,11,175]]
[[0,0,0],[1,0,0],[0,1,0],[9,37,175]]
[[0,0,0],[1,0,0],[0,1,0],[45,6,175]]
[[0,0,0],[1,0,0],[0,1,0],[9,33,175]]
[[0,0,0],[1,0,0],[0,1,0],[8,158,175]]
[[0,0,0],[1,0,0],[0,5,0],[8,5,35]]
[[0,0,0],[1,0,0],[0,1,0],[51,83,175]]
[[0,0,0],[1,0,0],[0,1,0],[12,82,175]]
[[0,0,0],[1,0,0],[0,1,0],[2,94,175]]
[[0,0,0],[1,0,0],[0,1,0],[21,80,175]]
[[0,0,0],[1,0,0],[0,1,0],[56,170,175]]
[[0,0,0],[1,0,0],[0,1,0],[40,26,175]]
[[0,0,0],[1,0,0],[0,1,0],[40,41,175]]
[[0,0,0],[1,0,0],[0,1,0],[37,104,175]]
[[0,0,0],[1,0,0],[0,1,0],[13,53,175]]
[[0,0,0],[1,0,0],[0,1,0],[2,18,175]]
[[0,0,0],[1,0,0],[0,1,0],[19,19,175]]
[[0,0,0],[1,0,0],[0,1,0],[13,57,175]]
[[0,0,0],[1,0,0],[0,1,0],[3,32,175]]
[[0,0,0],[5,0,0],[0,1,0],[14,29,35]]
[[0,0,0],[1,0,0],[0,1,0],[112,29,175]]
[[0,0,0],[1,0,0],[0,1,0],[51,69,175]]
[[0,0,0],[1,0,0],[0,1,0],[36,48,175]]
[[0,0,0],[1,0,0],[0,1,0],[30,167,175]]
[[0,0,0],[1,0,0],[0,1,0],[72,144,175]]
[[0,0,0],[1,0,0],[0,1,0],[6,27,175]]
[[0,0,0],[1,0,0],[0,1,0],[23,48,175]]
[[0,0,0],[1,0,0],[0,1,0],[4,31,175]]
[[0,0,0],[1,0,0],[0,1,0],[37,67,175]]
[[0,0,0],[1,0,0],[0,1,0],[60,116,175]]
[[0,0,0],[1,0,0],[0,5,0],[23,30,35]]
[[0,0,0],[1,0,0],[0,5,0],[23,15,35]]
[[0,0,0],[1,0,0],[0,1,0],[38,64,175]]
[[0,0,0],[1,0,0],[0,1,0],[19,94,175]]
[[0,0,0],[1,0,0],[0,1,0],[43,68,175]]
[[0,0,0],[1,0,0],[0,1,0],[2,83,175]]
[[0,0,0],[1,0,0],[0,1,0],[90,149,175]]
[[0,0,0],[1,0,0],[0,1,0],[4,54,175]]
[[0,0,0],[1,0,0],[0,1,0],[9,18,175]]
[[0,0,0],[1,0,0],[0,1,0],[45,89,175]]
[[0,0,0],[1,0,0],[0,1,0],[4,29,175]]
[[0,0,0],[1,0,0],[0,1,0],[78,153,175]]
[[0,0,0],[1,0,0],[0,1,0],[64,162,175]]
[[0,0,0],[1,0,0],[0,1,0],[9,36,175]]
[[0,0,0],[1,0,0],[0,1,0],[160,170,175]]
[[0,0,0],[1,0,0],[2,5,0],[4,25,35]]
[[0,0,0],[1,0,0],[0,1,0],[5,143,175]]
[[0,0,0],[1,0,0],[0,1,0],[79,167,175]]
[[0,0,0],[1,0,0],[0,1,0],[14,43,175]]
[[0,0,0],[1,0,0],[0,1,0],[40,17,175]]
[[0,0,0],[1,0,0],[0,1,0],[7,99,175]]
[[0,0,0],[1,0,0],[0,1,0],[38,66,175]]
[[0,0,0],[1,0,0],[0,1,0],[17,82,175]]
[[0,0,0],[1,0,0],[0,1,0],[20,65,175]]
[[0,0,0],[1,0,0],[0,1,0],[7,127,175]]
[[0,0,0],[1,0,0],[0,1,0],[64,132,175]]
[[0,0,0],[1,0,0],[0,1,0],[7,22,175]]
[[0,0,0],[1,0,0],[0,1,0],[72,132,175]]
[[0,0,0],[1,0,0],[0,1,0],[24,122,175]]
[[0,0,0],[1,0,0],[0,1,0],[2,58,175]]
[[0,0,0],[1,0,0],[0,1,0],[37,37,175]]
[[0,0,0],[1,0,0],[0,1,0],[7,169,175]]
[[0,0,0],[1,0,0],[0,1,0],[12,129,175]]
[[0,0,0],[1,0,0],[0,1,0],[49,52,175]]
[[0,0,0],[1,0,0],[0,1,0],[6,51,175]]
[[0,0,0],[1,0,0],[0,1,0],[68,68,175]]
[[0,0,0],[1,0,0],[0,1,0],[2,146,175]]
[[0,0,0],[1,0,0],[0,1,0],[7,162,175]]
[[0,0,0],[1,0,0],[0,1,0],[110,116,175]]
[[0,0,0],[1,0,0],[0,1,0],[12,159,175]]
[[0,0,0],[1,0,0],[0,1,0],[15,81,175]]
[[0,0,0],[1,0,0],[0,1,0],[13,59,175]]
[[0,0,0],[1,0,0],[0,1,0],[87,131,175]]
[[0,0,0],[1,0,0],[0,1,0],[95,18,175]]
[[0,0,0],[1,0,0],[0,1,0],[38,68,175]]
[[0,0,0],[1,0,0],[0,1,0],[1,47,175]]
[[0,0,0],[1,0,0],[0,1,0],[10,54,175]]
[[0,0,0],[1,0,0],[2,5,0],[14,30,35]]
[[0,0,0],[1,0,0],[0,1,0],[91,10,175]]
[[0,0,0],[1,0,0],[0,1,0],[33,58,175]]
[[0,0,0],[1,0,0],[0,1,0],[18,108,175]]
[[0,0,0],[1,0,0],[0,1,0],[19,171,175]]
[[0,0,0],[1,0,0],[0,1,0],[80,1,175]]
[[0,0,0],[1,0,0],[0,1,0],[29,34,175]]
[[0,0,0],[1,0,0],[0,1,0],[6,22,175]]
[[0,0,0],[1,0,0],[0,1,0],[131,164,175]]
[[0,0,0],[1,0,0],[0,1,0],[24,96,175]]
[[0,0,0],[1,0,0],[0,1,0],[2,78,175]]
[[0,0,0],[1,0,0],[0,1,0],[26,68,175]]
[[0,0,0],[1,0,0],[0,1,0],[10,121,175]]
[[0,0,0],[1,0,0],[0,1,0],[120,76,175]]
[[0,0,0],[1,0,0],[0,1,0],[55,79,175]]
[[0,0,0],[1,0,0],[0,1,0],[67,144,175]]
[[0,0,0],[1,0,0],[0,1,0],[119,99,175]]
[[0,0,0],[1,0,0],[0,5,0],[30,30,35]]
[[0,0,0],[1,0,0],[0,1,0],[42,43,175]]
[[0,0,0],[1,0,0],[0,1,0],[46,52,175]]
[[0,0,0],[1,0,0],[0,1,0],[5,115,175]]
[[0,0,0],[1,0,0],[0,1,0],[84,142,175]]
[[0,0,0],[1,0,0],[0,1,0],[65,86,175]]
[[0,0,0],[1,0,0],[0,1,0],[43,128,175]]
[[0,0,0],[1,0,0],[0,1,0],[29,51,175]]
[[0,0,0],[1,0,0],[0,1,0],[28,155,175]]
[[0,0,0],[1,0,0],[0,1,0],[20,72,175]]
[[0,0,0],[1,0,0],[0,1,0],[54,144,175]]
[[0,0,0],[1,0,0],[0,1,0],[24,97,175]]
[[0,0,0],[1,0,0],[0,1,0],[3,128,175]]
[[0,0,0],[1,0,0],[0,1,0],[47,134,175]]
[[0,0,0],[1,0,0],[1,5,0],[8,10,35]]
[[0,0,0],[1,0,0],[0,1,0],[19,33,175]]
[[0,0,0],[1,0,0],[0,1,0],[84,106,175]]
[[0,0,0],[1,0,0],[0,1,0],[133,85,175]]
[[0,0,0],[1,0,0],[0,1,0],[1,4,175]]
[[0,0,0],[1,0,0],[0,1,0],[25,126,175]]
[[0,0,0],[1,0,0],[0,1,0],[43,163,175]]
[[0,0,0],[1,0,0],[0,1,0],[17,67,175]]
[[0,0,0],[1,0,0],[0,1,0],[24,43,175]]
[[0,0,0],[1,0,0],[0,1,0],[3,9,175]]
[[0,0,0],[1,0,0],[0,1,0],[45,19,175]]
[[0,0,0],[1,0,0],[0,1,0],[100,76,175]]
[[0,0,0],[1,0,0],[0,1,0],[145,156,175]]
[[0,0,0],[1,0,0],[0,1,0],[60,1,175]]
[[0,0,0],[1,0,0],[0,1,0],[28,106,175]]
[[0,0,0],[1,0,0],[0,1,0],[46,53,175]]
[[0,0,0],[1,0,0],[0,1,0],[9,39,175]]
[[0,0,0],[1,0,0],[0,1,0],[26,94,175]]
[[0,0,0],[1,0,0],[0,1,0],[21,85,175]]
[[0,0,0],[1,0,0],[0,1,0],[3,113,175]]
[[0,0,0],[1,0,0],[0,1,0],[40,94,175]]
[[0,0,0],[1,0,0],[0,1,0],[34,34,175]]
[[0,0,0],[1,0,0],[0,1,0],[37,114,175]]
[[0,0,0],[1,0,0],[0,1,0],[4,72,175]]
[[0,0,0],[1,0,0],[0,1,0],[56,45,175]]
[[0,0,0],[1,0,0],[0,1,0],[4,38,175]]
[[0,0,0],[1,0,0],[0,1,0],[2,129,175]]
[[0,0,0],[1,0,0],[0,1,0],[17,53,175]]
[[0,0,0],[1,0,0],[0,1,0],[3,17,175]]
[[0,0,0],[1,0,0],[0,1,0],[25,1,175]]
[[0,0,0],[1,0,0],[0,1,0],[4,62,175]]
[[0,0,0],[1,0,0],[0,1,0],[55,156,175]]
[[0,0,0],[1,0,0],[0,1,0],[119,32,175]]
[[0,0,0],[1,0,0],[0,1,0],[13,69,175]]
[[0,0,0],[1,0,0],[0,1,0],[112,127,175]]
[[0,0,0],[1,0,0],[0,1,0],[21,134,175]]
[[0,0,0],[1,0,0],[0,1,0],[2,61,175]]
[[0,0,0],[1,0,0],[0,1,0],[34,162,175]]
[[0,0,0],[1,0,0],[0,1,0],[1,32,175]]
[[0,0,0],[1,0,0],[0,1,0],[25,116,175]]
[[0,0,0],[1,0,0],[0,1,0],[90,151,175]]
[[0,0,0],[1,0,0],[0,1,0],[19,152,175]]
[[0,0,0],[1,0,0],[0,1,0],[26,66,175]]
[[0,0,0],[1,0,0],[0,1,0],[32,144,175]]
[[0,0,0],[1,0,0],[0,1,0],[59,67,175]]
[[0,0,0],[1,0,0],[0,1,0],[12,19,175]]
[[0,0,0],[1,0,0],[0,1,0],[15,41,175]]
[[0,0,0],[1,0,0],[1,5,0],[29,15,35]]
[[0,0,0],[1,0,0],[0,1,0],[15,26,175]]
[[0,0,0],[1,0,0],[0,1,0],[15,111,175]]
[[0,0,0],[1,0,0],[0,1,0],[18,109,175]]
[[0,0,0],[1,0,0],[0,1,0],[13,29,175]]
[[0,0,0],[1,0,0],[0,1,0],[90,111,175]]
[[0,0,0],[1,0,0],[0,1,0],[4,66,175]]
[[0,0,0],[1,0,0],[0,1,0],[102,102,175]]
[[0,0,0],[1,0,0],[0,1,0],[19,129,175]]
[[0,0,0],[1,0,0],[0,1,0],[135,167,175]]
[[0,0,0],[1,0,0],[0,1,0],[153,153,175]]
[[0,0,0],[1,0,0],[0,1,0],[40,11,175]]
