[[0,0,0],[1,0,0],[0,1,0],[7,177,181]]
[[0,0,0],[1,0,0],[0,1,0],[11,171,181]]
[[0,0,0],[1,0,0],[0,1,0],[6,177,181]]
[[0,0,0],[1,0,0],[0,1,0],[13,15,181]]
[[0,0,0],[1,0,0],[0,1,0],[37,47,181]]
[[0,0,0],[1,0,0],[0,1,0],[4,39,181]]
[[0,0,0],[1,0,0],[0,1,0],[6,52,181]]
[[0,0,0],[1,0,0],[0,1,0],[3,36,181]]
[[0,0,0],[1,0,0],[0,1,0],[18,62,181]]
[[0,0,0],[1,0,0],[0,1,0],[8,86,181]]
[[0,0,0],[1,0,0],[0,1,0],[40,49,181]]
[[0,0,0],[1,0,0],[0,1,0],[47,47,181]]
[[0,0,0],[1,0,0],[0,1,0],[11,40,181]]
[[0,0,0],[1,0,0],[0,1,0],[9,38,181]]
[[0,0,0],[1,0,0],[0,1,0],[5,18,181]]
[[0,0,0],[1,0,0],[0,1,0],[6,59,181]]
[[0,0,0],[1,0,0],[0,1,0],[18,82,181]]
[[0,0,0],[1,0,0],[0,1,0],[5,179,181]]
[[0,0,0],[1,0,0],[0,1,0],[2,79,181]]
[[0,0,0],[1,0,0],[0,1,0],[7,178,181]]
[[0,0,0],[1,0,0],[0,1,0],[20,53,181]]
[[0,0,0],[1,0,0],[0,1,0],[18,25,181]]
[[0,0,0],[1,0,0],[0,1,0],[11,55,181]]
[[0,0,0],[1,0,0],[0,1,0],[17,55,181]]
[[0,0,0],[1,0,0],[0,1,0],[2,33,181]]
[[0,0,0],[1,0,0],[0,1,0],[9,16,181]]
[[0,0,0],[1,0,0],[0,1,0],[1,3,181]]
[[0,0,0],[1,0,0],[0,1,0],[17,48,181]]
[[0,0,0],[1,0,0],[0,1,0],[9,62,181]]
[[0,0,0],[1,0,0],[0,1,0],[15,70,181]]
[[0,0,0],[1,0,0],[0,1,0],[22,74,181]]
[[0,0,0],[1,0,0],[0,1,0],[19,31,181]]
[[0,0,0],[1,0,0],[0,1,0],[7,23,181]]
[[0,0,0],[1,0,0],[0,1,0],[7,55,181]]
[[0,0,0],[1,0,0],[0,1,0],[4,33,181]]
[[0,0,0],[1,0,0],[0,1,0],[25,57,181]]
[[0,0,0],[1,0,0],[0,1,0],[13,20,181]]
[[0,0,0],[1,0,0],[0,1,0],[25,61,181]]
[[0,0,0],[1,0,0],[0,1,0],[5,46,181]]
[[0,0,0],[1,0,0],[0,1,0],[9,76,181]]
[[0,0,0],[1,0,0],[0,1,0],[49,55,181]]
[[0,0,0],[1,0,0],[0,1,0],[31,158,181]]
[[0,0,0],[1,0,0],[0,1,0],[3,72,181]]
[[0,0,0],[1,0,0],[0,1,0],[1,39,181]]
[[0,0,0],[1,0,0],[0,1,0],[16,52,181]]
[[0,0,0],[1,0,0],[0,1,0],[4,56,181]]
[[0,0,0],[1,0,0],[0,1,0],[2,45,181]]
[[0,0,0],[1,0,0],[0,1,0],[18,38,181]]
[[0,0,0],[1,0,0],[0,1,0],[17,172,181]]
[[0,0,0],[1,0,0],[0,1,0],[6,18,181]]
[[0,0,0],[1,0,0],[0,1,0],[3,49,181]]
[[0,0,0],[1,0,0],[0,1,0],[24,65,181]]
[[0,0,0],[1,0,0],[0,1,0],[28,28,181]]
[[0,0,0],[1,0,0],[0,1,0],[58,148,181]]
[[0,0,0],[1,0,0],[0,1,0],[25,49,181]]
[[0,0,0],[1,0,0],[0,1,0],[7,35,181]]
[[0,0,0],[1,0,0],[0,1,0],[7,68,181]]
[[0,0,0],[1,0,0],[0,1,0],[21,57,181]]
[[0,0,0],[1,0,0],[0,1,0],[9,57,181]]
[[0,0,0],[1,0,0],[0,1,0],[3,43,181]]
[[0,0,0],[1,0,0],[0,1,0],[7,49,181]]
[[0,0,0],[1,0,0],[0,1,0],[17,22,181]]
[[0,0,0],[1,0,0],[0,1,0],[18,81,181]]
[[0,0,0],[1,0,0],[0,1,0],[20,37,181]]
[[0,0,0],[1,0,0],[0,1,0],[2,11,181]]
[[0,0,0],[1,0,0],[0,1,0],[1,51,181]]
[[0,0,0],[1,0,0],[0,1,0],[74,119,181]]
[[0,0,0],[1,0,0],[0,1,0],[43,139,181]]
[[0,0,0],[1,0,0],[0,1,0],[16,80,181]]
[[0,0,0],[1,0,0],[0,1,0],[12,56,181]]
[[0,0,0],[1,0,0],[0,1,0],[13,22,181]]
[[0,0,0],[1,0,0],[0,1,0],[21,77,181]]
[[0,0,0],[1,0,0],[0,1,0],[1,46,181]]
[[0,0,0],[1,0,0],[0,1,0],[13,50,181]]
[[0,0,0],[1,0,0],[0,1,0],[17,53,181]]
[[0,0,0],[1,0,0],[0,1,0],[25,73,181]]
[[0,0,0],[1,0,0],[0,1,0],[11,28,181]]
[[0,0,0],[1,0,0],[0,1,0],[7,32,181]]
[[0,0,0],[1,0,0],[0,1,0],[11,84,181]]
[[0,0,0],[1,0,0],[0,1,0],[9,33,181]]
[[0,0,0],[1,0,0],[0,1,0],[8,15,181]]
[[0,0,0],[1,0,0],[0,1,0],[3,77,181]]
[[0,0,0],[1,0,0],[0,1,0],[12,54,181]]
[[0,0,0],[1,0,0],[0,1,0],[3,32,181]]
[[0,0,0],[1,0,0],[0,1,0],[22,22,181]]
[[0,0,0],[1,0,0],[0,1,0],[1,27,181]]
[[0,0,0],[1,0,0],[0,1,0],[55,129,181]]
[[0,0,0],[1,0,0],[0,1,0],[2,20,181]]
[[0,0,0],[1,0,0],[0,1,0],[40,62,181]]
[[0,0,0],[1,0,0],[0,1,0],[16,43,181]]
[[0,0,0],[1,0,0],[0,1,0],[30,159,181]]
[[0,0,0],[1,0,0],[0,1,0],[1,37,181]]
[[0,0,0],[1,0,0],[0,1,0],[2,51,181]]
[[0,0,0],[1,0,0],[0,1,0],[40,142,181]]
[[0,0,0],[1,0,0],[0,1,0],[3,17,181]]
[[0,0,0],[1,0,0],[0,1,0],[15,32,181]]
[[0,0,0],[1,0,0],[0,1,0],[20,79,181]]
[[0,0,0],[1,0,0],[0,1,0],[21,45,181]]
[[0,0,0],[1,0,0],[0,1,0],[2,15,181]]
[[0,0,0],[1,0,0],[0,1,0],[4,80,181]]
[[0,0,0],[1,0,0],[0,1,0],[24,158,181]]
[[0,0,0],[1,0,0],[0,1,0],[6,8,181]]
[[0,0,0],[1,0,0],[0,1,0],[15,43,181]]
[[0,0,0],[1,0,0],[0,1,0],[2,70,181]]
[[0,0,0],[1,0,0],[0,1,0],[22,61,181]]
[[0,0,0],[1,0,0],[0,1,0],[12,29,181]]
[[0,0,0],[1,0,0],[0,1,0],[27,56,181]]
[[0,0,0],[1,0,0],[0,1,0],[7,11,181]]
[[0,0,0],[1,0,0],[0,1,0],[30,76,181]]
[[0,0,0],[1,0,0],[0,1,0],[2,38,181]]
[[0,0,0],[1,0,0],[0,1,0],[5,50,181]]
[[0,0,0],[1,0,0],[0,1,0],[17,80,181]]
[[0,0,0],[1,0,0],[0,1,0],[9,12,181]]
[[0,0,0],[1,0,0],[0,1,0],[25,160,181]]
[[0,0,0],[1,0,0],[0,1,0],[2,2,181]]
[[0,0,0],[1,0,0],[0,1,0],[13,70,181]]
[[0,0,0],[1,0,0],[0,1,0],[12,46,181]]
[[0,0,0],[1,0,0],[0,1,0],[38,147,181]]
[[0,0,0],[1,0,0],[0,1,0],[2,28,181]]
[[0,0,0],[1,0,0],[0,1,0],[11,48,181]]
[[0,0,0],[1,0,0],[0,1,0],[36,58,181]]
[[0,0,0],[1,0,0],[0,1,0],[9,81,181]]
[[0,0,0],[1,0,0],[0,1,0],[13,67,181]]
[[0,0,0],[1,0,0],[0,1,0],[21,60,181]]
[[0,0,0],[1,0,0],[0,1,0],[5,27,181]]
[[0,0,0],[1,0,0],[0,1,0],[10,79,181]]
[[0,0,0],[1,0,0],[0,1,0],[16,172,181]]
[[0,0,0],[1,0,0],[0,1,0],[20,70,181]]
[[0,0,0],[1,0,0],[0,1,0],[35,61,181]]
[[0,0,0],[1,0,0],[0,1,0],[3,28,181]]
[[0,0,0],[1,0,0],[0,1,0],[12,22,181]]
[[0,0,0],[1,0,0],[0,1,0],[2,22,181]]
[[0,0,0],[1,0,0],[0,1,0],[4,60,181]]
[[0,0,0],[1,0,0],[0,1,0],[19,50,181]]
[[0,0,0],[1,0,0],[0,1,0],[46,143,181]]
[[0,0,0],[1,0,0],[0,1,0],[3,26,181]]
[[0,0,0],[1,0,0],[0,1,0],[2,180,181]]
[[0,0,0],[1,0,0],[0,1,0],[10,63,181]]
[[0,0,0],[1,0,0],[0,1,0],[21,66,181]]
[[0,0,0],[1,0,0],[0,1,0],[11,83,181]]
[[0,0,0],[1,0,0],[0,1,0],[2,42,181]]
[[0,0,0],[1,0,0],[0,1,0],[5,66,181]]
[[0,0,0],[1,0,0],[0,1,0],[10,24,181]]
[[0,0,0],[1,0,0],[0,1,0],[5,12,181]]
[[0,0,0],[1,0,0],[0,1,0],[12,72,181]]
[[0,0,0],[1,0,0],[0,1,0],[24,62,181]]
[[0,0,0],[1,0,0],[0,1,0],[3,64,181]]
[[0,0,0],[1,0,0],[0,1,0],[2,56,181]]
[[0,0,0],[1,0,0],[0,1,0],[20,49,181]]
[[0,0,0],[1,0,0],[0,1,0],[7,85,181]]
[[0,0,0],[1,0,0],[0,1,0],[11,172,181]]
[[0,0,0],[1,0,0],[0,1,0],[5,33,181]]
[[0,0,0],[1,0,0],[0,1,0],[2,68,181]]
[[0,0,0],[1,0,0],[0,1,0],[21,73,181]]
[[0,0,0],[1,0,0],[0,1,0],[10,18,181]]
[[0,0,0],[1,0,0],[0,1,0],[41,59,181]]
[[0,0,0],[1,0,0],[0,1,0],[16,25,181]]
[[0,0,0],[1,0,0],[0,1,0],[28,45,181]]
[[0,0,0],[1,0,0],[0,1,0],[50,61,181]]
[[0,0,0],[1,0,0],[0,1,0],[5,87,181]]
[[0,0,0],[1,0,0],[0,1,0],[3,179,181]]
[[0,0,0],[1,0,0],[0,1,0],[7,67,181]]
[[0,0,0],[1,0,0],[0,1,0],[15,30,181]]
[[0,0,0],[1,0,0],[0,1,0],[3,52,181]]
[[0,0,0],[1,0,0],[0,1,0],[11,64,181]]
[[0,0,0],[1,0,0],[0,1,0],[35,45,181]]
[[0,0,0],[1,0,0],[0,1,0],[12,171,181]]
[[0,0,0],[1,0,0],[0,1,0],[2,61,181]]
[[0,0,0],[1,0,0],[0,1,0],[30,41,181]]
[[0,0,0],[1,0,0],[0,1,0],[16,47,181]]
[[0,0,0],[1,0,0],[0,1,0],[16,40,181]]
[[0,0,0],[1,0,0],[0,1,0],[20,56,181]]
[[0,0,0],[1,0,0],[0,1,0],[3,85,181]]
[[0,0,0],[1,0,0],[0,1,0],[6,29,181]]
[[0,0,0],[1,0,0],[0,1,0],[5,22,181]]
[[0,0,0],[1,0,0],[0,1,0],[1,55,181]]
[[0,0,0],[1,0,0],[0,1,0],[3,87,181]]
[[0,0,0],[1,0,0],[0,1,0],[31,152,181]]
[[0,0,0],[1,0,0],[0,1,0],[9,11,181]]
[[0,0,0],[1,0,0],[0,1,0],[28,157,181]]
[[0,0,0],[1,0,0],[0,1,0],[6,45,181]]
[[0,0,0],[1,0,0],[0,1,0],[7,81,181]]
[[0,0,0],[1,0,0],[0,1,0],[6,53,181]]
[[0,0,0],[1,0,0],[0,1,0],[2,3,181]]
[[0,0,0],[1,0,0],[0,1,0],[10,17,181]]
[[0,0,0],[1,0,0],[0,1,0],[7,17,181]]
[[0,0,0],[1,0,0],[0,1,0],[19,64,181]]
[[0,0,0],[1,0,0],[0,1,0],[4,85,181]]
[[0,0,0],[1,0,0],[0,1,0],[6,70,181]]
[[0,0,0],[1,0,0],[0,1,0],[46,51,181]]
[[0,0,0],[1,0,0],[0,1,0],[18,77,181]]
[[0,0,0],[1,0,0],[0,1,0],[23,51,181]]
[[0,0,0],[1,0,0],[0,1,0],[35,55,181]]
[[0,0,0],[1,0,0],[0,1,0],[8,32,181]]
[[0,0,0],[1,0,0],[0,1,0],[27,54,181]]
[[0,0,0],[1,0,0],[0,1,0],[10,40,181]]
[[0,0,0],[1,0,0],[0,1,0],[3,11,181]]
[[0,0,0],[1,0,0],[0,1,0],[6,176,181]]
[[0,0,0],[1,0,0],[0,1,0],[8,63,181]]
[[0,0,0],[1,0,0],[0,1,0],[5,49,181]]
[[0,0,0],[1,0,0],[0,1,0],[22,167,181]]
[[0,0,0],[1,0,0],[0,1,0],[12,20,181]]
[[0,0,0],[1,0,0],[0,1,0],[10,35,181]]
[[0,0,0],[1,0,0],[0,1,0],[1,54,181]]
[[0,0,0],[1,0,0],[0,1,0],[7,64,181]]
[[0,0,0],[1,0,0],[0,1,0],[2,54,181]]
[[0,0,0],[1,0,0],[0,1,0],[4,14,181]]
[[0,0,0],[1,0,0],[0,1,0],[7,66,181]]
[[0,0,0],[1,0,0],[0,1,0],[4,31,181]]
[[0,0,0],[1,0,0],[0,1,0],[10,78,181]]
[[0,0,0],[1,0,0],[0,1,0],[10,29,181]]
[[0,0,0],[1,0,0],[0,1,0],[3,78,181]]
[[0,0,0],[1,0,0],[0,1,0],[16,20,181]]
[[0,0,0],[1,0,0],[0,1,0],[7,52,181]]
[[0,0,0],[1,0,0],[0,1,0],[13,81,181]]
[[0,0,0],[1,0,0],[0,1,0],[19,80,181]]
[[0,0,0],[1,0,0],[0,1,0],[25,25,181]]
[[0,0,0],[1,0,0],[0,1,0],[12,21,181]]
[[0,0,0],[1,0,0],[0,1,0],[10,13,181]]
[[0,0,0],[1,0,0],[0,1,0],[9,13,181]]
[[0,0,0],[1,0,0],[0,1,0],[61,138,181]]
[[0,0,0],[1,0,0],[0,1,0],[42,70,181]]
[[0,0,0],[1,0,0],[0,1,0],[2,35,181]]
[[0,0,0],[1,0,0],[0,1,0],[4,62,181]]
[[0,0,0],[1,0,0],[0,1,0],[15,38,181]]
[[0,0,0],[1,0,0],[0,1,0],[21,21,181]]
[[0,0,0],[1,0,0],[0,1,0],[39,51,181]]
[[0,0,0],[1,0,0],[0,1,0],[7,28,181]]
[[0,0,0],[1,0,0],[0,1,0],[5,52,181]]
[[0,0,0],[1,0,0],[0,1,0],[7,77,181]]
[[0,0,0],[1,0,0],[0,1,0],[44,66,181]]
[[0,0,0],[1,0,0],[0,1,0],[7,9,181]]
[[0,0,0],[1,0,0],[0,1,0],[10,72,181]]
[[0,0,0],[1,0,0],[0,1,0],[16,58,181]]
[[0,0,0],[1,0,0],[0,1,0],[7,65,181]]
[[0,0,0],[1,0,0],[0,1,0],[5,5,181]]
[[0,0,0],[1,0,0],[0,1,0],[22,72,181]]
[[0,0,0],[1,0,0],[0,1,0],[22,48,181]]
[[0,0,0],[1,0,0],[0,1,0],[13,73,181]]
[[0,0,0],[1,0,0],[0,1,0],[12,58,181]]
[[0,0,0],[1,0,0],[0,1,0],[7,50,181]]
[[0,0,0],[1,0,0],[0,1,0],[15,64,181]]
[[0,0,0],[1,0,0],[0,1,0],[16,34,181]]
[[0,0,0],[1,0,0],[0,1,0],[3,12,181]]
[[0,0,0],[1,0,0],[0,1,0],[9,20,181]]
[[0,0,0],[1,0,0],[0,1,0],[6,71,181]]
[[0,0,0],[1,0,0],[0,1,0],[5,48,181]]
[[0,0,0],[1,0,0],[0,1,0],[13,83,181]]
[[0,0,0],[1,0,0],[0,1,0],[4,63,181]]
[[0,0,0],[1,0,0],[0,1,0],[1,21,181]]
[[0,0,0],[1,0,0],[0,1,0],[24,30,181]]
[[0,0,0],[1,0,0],[0,1,0],[10,75,181]]
[[0,0,0],[1,0,0],[0,1,0],[7,79,181]]
[[0,0,0],[1,0,0],[0,1,0],[47,135,181]]
[[0,0,0],[1,0,0],[0,1,0],[24,44,181]]
[[0,0,0],[1,0,0],[0,1,0],[9,80,181]]
[[0,0,0],[1,0,0],[0,1,0],[11,69,181]]
[[0,0,0],[1,0,0],[0,1,0],[16,71,181]]
[[0,0,0],[1,0,0],[0,1,0],[5,39,181]]
[[0,0,0],[1,0,0],[0,1,0],[42,140,181]]
[[0,0,0],[1,0,0],[0,1,0],[16,35,181]]
[[0,0,0],[1,0,0],[0,1,0],[25,53,181]]
[[0,0,0],[1,0,0],[0,1,0],[21,78,181]]
[[0,0,0],[1,0,0],[0,1,0],[39,48,181]]
[[0,0,0],[1,0,0],[0,1,0],[4,88,181]]
[[0,0,0],[1,0,0],[0,1,0],[8,54,181]]
[[0,0,0],[1,0,0],[0,1,0],[3,38,181]]
[[0,0,0],[1,0,0],[0,1,0],[6,50,181]]
[[0,0,0],[1,0,0],[0,1,0],[7,20,181]]
[[0,0,0],[1,0,0],[0,1,0],[6,81,181]]
[[0,0,0],[1,0,0],[0,1,0],[12,53,181]]
[[0,0,0],[1,0,0],[0,1,0],[4,35,181]]
[[0,0,0],[1,0,0],[0,1,0],[4,27,181]]
[[0,0,0],[1,0,0],[0,1,0],[11,52,181]]
[[0,0,0],[1,0,0],[0,1,0],[21,23,181]]
[[0,0,0],[1,0,0],[0,1,0],[6,41,181]]
[[0,0,0],[1,0,0],[0,1,0],[31,45,181]]
[[0,0,0],[1,0,0],[0,1,0],[12,62,181]]
[[0,0,0],[1,0,0],[0,1,0],[10,43,181]]
[[0,0,0],[1,0,0],[0,1,0],[8,21,181]]
[[0,0,0],[1,0,0],[0,1,0],[12,66,181]]
[[0,0,0],[1,0,0],[0,1,0],[3,81,181]]
[[0,0,0],[1,0,0],[0,1,0],[7,44,181]]
[[0,0,0],[1,0,0],[0,1,0],[25,158,181]]
[[0,0,0],[1,0,0],[0,1,0],[48,135,181]]
[[0,0,0],[1,0,0],[0,1,0],[12,69,181]]
[[0,0,0],[1,0,0],[0,1,0],[8,77,181]]
[[0,0,0],[1,0,0],[0,1,0],[22,55,181]]
[[0,0,0],[1,0,0],[0,1,0],[13,49,181]]
[[0,0,0],[1,0,0],[0,1,0],[19,168,181]]
[[0,0,0],[1,0,0],[0,1,0],[3,23,181]]
[[0,0,0],[1,0,0],[0,1,0],[22,36,181]]
[[0,0,0],[1,0,0],[0,1,0],[13,37,181]]
[[0,0,0],[1,0,0],[0,1,0],[4,77,181]]
[[0,0,0],[1,0,0],[0,1,0],[1,52,181]]
[[0,0,0],[1,0,0],[0,1,0],[9,47,181]]
[[0,0,0],[1,0,0],[0,1,0],[5,30,181]]
[[0,0,0],[1,0,0],[0,1,0],[12,52,181]]
[[0,0,0],[1,0,0],[0,1,0],[2,77,181]]
[[0,0,0],[1,0,0],[0,1,0],[7,176,181]]
[[0,0,0],[1,0,0],[0,1,0],[31,35,181]]
[[0,0,0],[1,0,0],[0,1,0],[2,67,181]]
[[0,0,0],[1,0,0],[0,1,0],[42,47,181]]
[[0,0,0],[1,0,0],[0,1,0],[5,74,181]]
[[0,0,0],[1,0,0],[0,1,0],[21,63,181]]
[[0,0,0],[1,0,0],[0,1,0],[6,10,181]]
[[0,0,0],[1,0,0],[0,1,0],[17,51,181]]
[[0,0,0],[1,0,0],[0,1,0],[12,76,181]]
[[0,0,0],[1,0,0],[0,1,0],[11,18,181]]
[[0,0,0],[1,0,0],[0,1,0],[9,49,181]]
[[0,0,0],[1,0,0],[0,1,0],[37,158,181]]
[[0,0,0],[1,0,0],[0,1,0],[18,29,181]]
[[0,0,0],[1,0,0],[0,1,0],[38,59,181]]
[[0,0,0],[1,0,0],[0,1,0],[8,12,181]]
[[0,0,0],[1,0,0],[0,1,0],[17,67,181]]
[[0,0,0],[1,0,0],[0,1,0],[11,77,181]]
[[0,0,0],[1,0,0],[0,1,0],[30,73,181]]
[[0,0,0],[1,0,0],[0,1,0],[9,50,181]]
[[0,0,0],[1,0,0],[0,1,0],[49,49,181]]
[[0,0,0],[1,0,0],[0,1,0],[3,45,181]]
[[0,0,0],[1,0,0],[0,1,0],[41,141,181]]
[[0,0,0],[1,0,0],[0,1,0],[3,60,181]]
[[0,0,0],[1,0,0],[0,1,0],[24,48,181]]
[[0,0,0],[1,0,0],[0,1,0],[12,170,181]]
[[0,0,0],[1,0,0],[0,1,0],[2,52,181]]
[[0,0,0],[1,0,0],[0,1,0],[3,47,181]]
[[0,0,0],[1,0,0],[0,1,0],[22,65,181]]
[[0,0,0],[1,0,0],[0,1,0],[19,55,181]]
[[0,0,0],[1,0,0],[0,1,0],[2,49,181]]
[[0,0,0],[1,0,0],[0,1,0],[3,70,181]]
[[0,0,0],[1,0,0],[0,1,0],[12,41,181]]
[[0,0,0],[1,0,0],[0,1,0],[48,134,181]]
[[0,0,0],[1,0,0],[0,1,0],[19,79,181]]
[[0,0,0],[1,0,0],[0,1,0],[10,30,181]]
[[0,0,0],[1,0,0],[0,1,0],[7,78,181]]
[[0,0,0],[1,0,0],[0,1,0],[4,51,181]]
[[0,0,0],[1,0,0],[0,1,0],[22,51,181]]
[[0,0,0],[1,0,0],[0,1,0],[4,50,181]]
[[0,0,0],[1,0,0],[0,1,0],[3,39,181]]
[[0,0,0],[1,0,0],[0,1,0],[6,58,181]]
[[0,0,0],[1,0,0],[0,1,0],[16,50,181]]
[[0,0,0],[1,0,0],[0,1,0],[19,43,181]]
[[0,0,0],[1,0,0],[0,1,0],[12,80,181]]
[[0,0,0],[1,0,0],[0,1,0],[5,29,181]]
[[0,0,0],[1,0,0],[0,1,0],[6,47,181]]
[[0,0,0],[1,0,0],[0,1,0],[24,43,181]]
[[0,0,0],[1,0,0],[0,1,0],[19,35,181]]
[[0,0,0],[1,0,0],[0,1,0],[8,19,181]]
[[0,0,0],[1,0,0],[0,1,0],[40,43,181]]
[[0,0,0],[1,0,0],[0,1,0],[2,60,181]]
[[0,0,0],[1,0,0],[0,1,0],[5,9,181]]
[[0,0,0],[1,0,0],[0,1,0],[24,165,181]]
[[0,0,0],[1,0,0],[0,1,0],[1,25,181]]
[[0,0,0],[1,0,0],[0,1,0],[6,17,181]]
[[0,0,0],[1,0,0],[0,1,0],[4,23,181]]
[[0,0,0],[1,0,0],[0,1,0],[59,148,181]]
[[0,0,0],[1,0,0],[0,1,0],[10,85,181]]
[[0,0,0],[1,0,0],[0,1,0],[51,138,181]]
[[0,0,0],[1,0,0],[0,1,0],[15,19,181]]
[[0,0,0],[1,0,0],[0,1,0],[12,67,181]]
[[0,0,0],[1,0,0],[0,1,0],[5,83,181]]
[[0,0,0],[1,0,0],[0,1,0],[12,38,181]]
[[0,0,0],[1,0,0],[0,1,0],[17,167,181]]
[[0,0,0],[1,0,0],[0,1,0],[27,60,181]]
[[0,0,0],[1,0,0],[0,1,0],[3,66,181]]
[[0,0,0],[1,0,0],[0,1,0],[62,120,181]]
[[0,0,0],[1,0,0],[0,1,0],[50,140,181]]
[[0,0,0],[1,0,0],[0,1,0],[82,101,181]]
[[0,0,0],[1,0,0],[0,1,0],[19,60,181]]
[[0,0,0],[1,0,0],[0,1,0],[17,173,181]]
[[0,0,0],[1,0,0],[0,1,0],[44,155,181]]
[[0,0,0],[1,0,0],[0,1,0],[3,21,181]]
[[0,0,0],[1,0,0],[0,1,0],[3,65,181]]
[[0,0,0],[1,0,0],[0,1,0],[31,165,181]]
[[0,0,0],[1,0,0],[0,1,0],[5,76,181]]
[[0,0,0],[1,0,0],[0,1,0],[16,77,181]]
[[0,0,0],[1,0,0],[0,1,0],[6,9,181]]
[[0,0,0],[1,0,0],[0,1,0],[54,153,181]]
[[0,0,0],[1,0,0],[0,1,0],[28,154,181]]
[[0,0,0],[1,0,0],[0,1,0],[17,25,181]]
[[0,0,0],[1,0,0],[0,1,0],[6,14,181]]
[[0,0,0],[1,0,0],[0,1,0],[31,61,181]]
[[0,0,0],[1,0,0],[0,1,0],[49,133,181]]
[[0,0,0],[1,0,0],[0,1,0],[38,70,181]]
[[0,0,0],[1,0,0],[0,1,0],[8,39,181]]
[[0,0,0],[1,0,0],[0,1,0],[6,23,181]]
[[0,0,0],[1,0,0],[0,1,0],[20,73,181]]
[[0,0,0],[1,0,0],[0,1,0],[41,57,181]]
[[0,0,0],[1,0,0],[0,1,0],[2,76,181]]
[[0,0,0],[1,0,0],[0,1,0],[31,31,181]]
[[0,0,0],[1,0,0],[0,1,0],[31,43,181]]
[[0,0,0],[1,0,0],[0,1,0],[1,9,181]]
[[0,0,0],[1,0,0],[0,1,0],[13,16,181]]
[[0,0,0],[1,0,0],[0,1,0],[10,25,181]]
[[0,0,0],[1,0,0],[0,1,0],[11,27,181]]
[[0,0,0],[1,0,0],[0,1,0],[37,159,181]]
[[0,0,0],[1,0,0],[0,1,0],[19,170,181]]
[[0,0,0],[1,0,0],[0,1,0],[1,72,181]]
[[0,0,0],[1,0,0],[0,1,0],[2,73,181]]
[[0,0,0],[1,0,0],[0,1,0],[13,29,181]]
[[0,0,0],[1,0,0],[0,1,0],[2,50,181]]
[[0,0,0],[1,0,0],[0,1,0],[22,41,181]]
[[0,0,0],[1,0,0],[0,1,0],[10,22,181]]
[[0,0,0],[1,0,0],[0,1,0],[15,71,181]]
[[0,0,0],[1,0,0],[0,1,0],[7,57,181]]
[[0,0,0],[1,0,0],[0,1,0],[4,36,181]]
[[0,0,0],[1,0,0],[0,1,0],[7,33,181]]
[[0,0,0],[1,0,0],[0,1,0],[4,84,181]]
[[0,0,0],[1,0,0],[0,1,0],[16,72,181]]
[[0,0,0],[1,0,0],[0,1,0],[8,82,181]]
[[0,0,0],[1,0,0],[0,1,0],[22,25,181]]
[[0,0,0],[1,0,0],[0,1,0],[5,63,181]]
[[0,0,0],[1,0,0],[0,1,0],[5,57,181]]
[[0,0,0],[1,0,0],[0,1,0],[25,157,181]]
[[0,0,0],[1,0,0],[0,1,0],[5,47,181]]
[[0,0,0],[1,0,0],[0,1,0],[9,39,181]]
[[0,0,0],[1,0,0],[0,1,0],[5,42,181]]
[[0,0,0],[1,0,0],[0,1,0],[20,75,181]]
[[0,0,0],[1,0,0],[0,1,0],[4,71,181]]
[[0,0,0],[1,0,0],[0,1,0],[8,71,181]]
[[0,0,0],[1,0,0],[0,1,0],[12,45,181]]
[[0,0,0],[1,0,0],[0,1,0],[20,63,181]]
[[0,0,0],[1,0,0],[0,1,0],[16,63,181]]
[[0,0,0],[1,0,0],[0,1,0],[17,32,181]]
[[0,0,0],[1,0,0],[0,1,0],[17,168,181]]
[[0,0,0],[1,0,0],[0,1,0],[18,61,181]]
[[0,0,0],[1,0,0],[0,1,0],[4,52,181]]
[[0,0,0],[1,0,0],[0,1,0],[17,72,181]]
[[0,0,0],[1,0,0],[0,1,0],[1,7,181]]
[[0,0,0],[1,0,0],[0,1,0],[4,29,181]]
[[0,0,0],[1,0,0],[0,1,0],[9,36,181]]
[[0,0,0],[1,0,0],[0,1,0],[2,62,181]]
[[0,0,0],[1,0,0],[0,1,0],[44,141,181]]
[[0,0,0],[1,0,0],[0,1,0],[5,28,181]]
[[0,0,0],[1,0,0],[0,1,0],[11,75,181]]
[[0,0,0],[1,0,0],[0,1,0],[3,13,181]]
[[0,0,0],[1,0,0],[0,1,0],[37,52,181]]
[[0,0,0],[1,0,0],[0,1,0],[19,41,181]]
[[0,0,0],[1,0,0],[0,1,0],[9,44,181]]
[[0,0,0],[1,0,0],[0,1,0],[42,44,181]]
[[0,0,0],[1,0,0],[0,1,0],[2,44,181]]
[[0,0,0],[1,0,0],[0,1,0],[31,51,181]]
[[0,0,0],[1,0,0],[0,1,0],[38,44,181]]
[[0,0,0],[1,0,0],[0,1,0],[23,167,181]]
[[0,0,0],[1,0,0],[0,1,0],[21,46,181]]
[[0,0,0],[1,0,0],[0,1,0],[3,30,181]]
[[0,0,0],[1,0,0],[0,1,0],[17,165,181]]
[[0,0,0],[1,0,0],[0,1,0],[1,41,181]]
[[0,0,0],[1,0,0],[0,1,0],[2,31,181]]
[[0,0,0],[1,0,0],[0,1,0],[10,14,181]]
[[0,0,0],[1,0,0],[0,1,0],[3,8,181]]
[[0,0,0],[1,0,0],[0,1,0],[31,39,181]]
[[0,0,0],[1,0,0],[0,1,0],[8,42,181]]
[[0,0,0],[1,0,0],[0,1,0],[13,19,181]]
[[0,0,0],[1,0,0],[0,1,0],[3,48,181]]
[[0,0,0],[1,0,0],[0,1,0],[16,83,181]]
[[0,0,0],[1,0,0],[0,1,0],[10,15,181]]
[[0,0,0],[1,0,0],[0,1,0],[6,24,181]]
[[0,0,0],[1,0,0],[0,1,0],[43,43,181]]
[[0,0,0],[1,0,0],[0,1,0],[2,86,181]]
[[0,0,0],[1,0,0],[0,1,0],[8,35,181]]
[[0,0,0],[1,0,0],[0,1,0],[5,64,181]]
[[0,0,0],[1,0,0],[0,1,0],[2,74,181]]
[[0,0,0],[1,0,0],[0,1,0],[43,160,181]]
[[0,0,0],[1,0,0],[0,1,0],[8,55,181]]
[[0,0,0],[1,0,0],[0,1,0],[7,70,181]]
[[0,0,0],[1,0,0],[0,1,0],[30,53,181]]
[[0,0,0],[1,0,0],[0,1,0],[47,152,181]]
[[0,0,0],[1,0,0],[0,1,0],[2,32,181]]
[[0,0,0],[1,0,0],[0,1,0],[2,12,181]]
[[0,0,0],[1,0,0],[0,1,0],[3,41,181]]
[[0,0,0],[1,0,0],[0,1,0],[3,3,181]]
[[0,0,0],[1,0,0],[0,1,0],[3,34,181]]
[[0,0,0],[1,0,0],[0,1,0],[3,27,181]]
[[0,0,0],[1,0,0],[0,1,0],[1,16,181]]
[[0,0,0],[1,0,0],[0,1,0],[16,78,181]]
[[0,0,0],[1,0,0],[0,1,0],[7,21,181]]
[[0,0,0],[1,0,0],[0,1,0],[55,127,181]]
[[0,0,0],[1,0,0],[0,1,0],[6,69,181]]
[[0,0,0],[1,0,0],[0,1,0],[3,59,181]]
[[0,0,0],[1,0,0],[0,1,0],[4,37,181]]
[[0,0,0],[1,0,0],[0,1,0],[4,38,181]]
[[0,0,0],[1,0,0],[0,1,0],[15,34,181]]
[[0,0,0],[1,0,0],[0,1,0],[27,37,181]]
[[0,0,0],[1,0,0],[0,1,0],[38,41,181]]
[[0,0,0],[1,0,0],[0,1,0],[22,73,181]]
[[0,0,0],[1,0,0],[0,1,0],[20,24,181]]
[[0,0,0],[1,0,0],[0,1,0],[10,48,181]]
[[0,0,0],[1,0,0],[0,1,0],[2,25,181]]
[[0,0,0],[1,0,0],[0,1,0],[23,45,181]]
[[0,0,0],[1,0,0],[0,1,0],[13,30,181]]
[[0,0,0],[1,0,0],[0,1,0],[11,53,181]]
[[0,0,0],[1,0,0],[0,1,0],[46,149,181]]
[[0,0,0],[1,0,0],[0,1,0],[50,56,181]]
[[0,0,0],[1,0,0],[0,1,0],[62,134,181]]
[[0,0,0],[1,0,0],[0,1,0],[12,83,181]]
[[0,0,0],[1,0,0],[0,1,0],[22,29,181]]
[[0,0,0],[1,0,0],[0,1,0],[8,60,181]]
[[0,0,0],[1,0,0],[0,1,0],[6,73,181]]
[[0,0,0],[1,0,0],[0,1,0],[12,44,181]]
[[0,0,0],[1,0,0],[0,1,0],[44,61,181]]
[[0,0,0],[1,0,0],[0,1,0],[13,171,181]]
[[0,0,0],[1,0,0],[0,1,0],[12,75,181]]
[[0,0,0],[1,0,0],[0,1,0],[15,173,181]]
[[0,0,0],[1,0,0],[0,1,0],[41,64,181]]
[[0,0,0],[1,0,0],[0,1,0],[1,48,181]]
[[0,0,0],[1,0,0],[0,1,0],[11,65,181]]
[[0,0,0],[1,0,0],[0,1,0],[6,72,181]]
[[0,0,0],[1,0,0],[0,1,0],[11,66,181]]
[[0,0,0],[1,0,0],[0,1,0],[3,53,181]]
[[0,0,0],[1,0,0],[0,1,0],[15,75,181]]
[[0,0,0],[1,0,0],[0,1,0],[2,57,181]]
[[0,0,0],[1,0,0],[0,1,0],[9,83,181]]
[[0,0,0],[1,0,0],[0,1,0],[27,156,181]]
[[0,0,0],[1,0,0],[0,1,0],[36,46,181]]
[[0,0,0],[1,0,0],[0,1,0],[13,76,181]]
[[0,0,0],[1,0,0],[0,1,0],[38,62,181]]
[[0,0,0],[1,0,0],[0,1,0],[9,177,181]]
[[0,0,0],[1,0,0],[0,1,0],[6,77,181]]
[[0,0,0],[1,0,0],[0,1,0],[4,15,181]]
[[0,0,0],[1,0,0],[0,1,0],[8,84,181]]
[[0,0,0],[1,0,0],[0,1,0],[11,70,181]]
[[0,0,0],[1,0,0],[0,1,0],[28,37,181]]
[[0,0,0],[1,0,0],[0,1,0],[18,47,181]]
[[0,0,0],[1,0,0],[0,1,0],[19,167,181]]
[[0,0,0],[1,0,0],[0,1,0],[13,169,181]]
[[0,0,0],[1,0,0],[0,1,0],[7,47,181]]
[[0,0,0],[1,0,0],[0,1,0],[6,26,181]]
[[0,0,0],[1,0,0],[0,1,0],[20,36,181]]
[[0,0,0],[1,0,0],[0,1,0],[12,27,181]]
[[0,0,0],[1,0,0],[0,1,0],[7,75,181]]
[[0,0,0],[1,0,0],[0,1,0],[15,52,181]]
[[0,0,0],[1,0,0],[0,1,0],[10,45,181]]
[[0,0,0],[1,0,0],[0,1,0],[8,31,181]]
[[0,0,0],[1,0,0],[0,1,0],[19,52,181]]
[[0,0,0],[1,0,0],[0,1,0],[13,174,181]]
[[0,0,0],[1,0,0],[0,1,0],[31,153,181]]
[[0,0,0],[1,0,0],[0,1,0],[18,41,181]]
[[0,0,0],[1,0,0],[0,1,0],[12,51,181]]
[[0,0,0],[1,0,0],[0,1,0],[6,57,181]]
[[0,0,0],[1,0,0],[0,1,0],[40,53,181]]
[[0,0,0],[1,0,0],[0,1,0],[28,76,181]]
[[0,0,0],[1,0,0],[0,1,0],[28,160,181]]
[[0,0,0],[1,0,0],[0,1,0],[3,37,181]]
[[0,0,0],[1,0,0],[0,1,0],[4,20,181]]
[[0,0,0],[1,0,0],[0,1,0],[5,60,181]]
[[0,0,0],[1,0,0],[0,1,0],[11,33,181]]
[[0,0,0],[1,0,0],[0,1,0],[38,65,181]]
[[0,0,0],[1,0,0],[0,1,0],[6,36,181]]
[[0,0,0],[1,0,0],[0,1,0],[17,71,181]]
[[0,0,0],[1,0,0],[0,1,0],[8,43,181]]
[[0,0,0],[1,0,0],[0,1,0],[2,6,181]]
[[0,0,0],[1,0,0],[0,1,0],[13,32,181]]
[[0,0,0],[1,0,0],[0,1,0],[67,131,181]]
[[0,0,0],[1,0,0],[0,1,0],[16,56,181]]
[[0,0,0],[1,0,0],[0,1,0],[5,77,181]]
[[0,0,0],[1,0,0],[0,1,0],[9,78,181]]
[[0,0,0],[1,0,0],[0,1,0],[59,124,181]]
[[0,0,0],[1,0,0],[0,1,0],[8,73,181]]
[[0,0,0],[1,0,0],[0,1,0],[11,15,181]]
[[0,0,0],[1,0,0],[0,1,0],[2,37,181]]
[[0,0,0],[1,0,0],[0,1,0],[11,29,181]]
[[0,0,0],[1,0,0],[0,1,0],[23,67,181]]
[[0,0,0],[1,0,0],[0,1,0],[2,88,181]]
[[0,0,0],[1,0,0],[0,1,0],[4,7,181]]
[[0,0,0],[1,0,0],[0,1,0],[5,17,181]]
[[0,0,0],[1,0,0],[0,1,0],[2,40,181]]
[[0,0,0],[1,0,0],[0,1,0],[47,157,181]]
[[0,0,0],[1,0,0],[0,1,0],[3,69,181]]
[[0,0,0],[1,0,0],[0,1,0],[13,60,181]]
[[0,0,0],[1,0,0],[0,1,0],[16,66,181]]
[[0,0,0],[1,0,0],[0,1,0],[7,18,181]]
[[0,0,0],[1,0,0],[0,1,0],[3,80,181]]
[[0,0,0],[1,0,0],[0,1,0],[7,86,181]]
[[0,0,0],[1,0,0],[0,1,0],[4,72,181]]
[[0,0,0],[1,0,0],[0,1,0],[1,38,181]]
[[0,0,0],[1,0,0],[0,1,0],[25,67,181]]
[[0,0,0],[1,0,0],[0,1,0],[9,17,181]]
[[0,0,0],[1,0,0],[0,1,0],[23,41,181]]
[[0,0,0],[1,0,0],[0,1,0],[37,147,181]]
[[0,0,0],[1,0,0],[0,1,0],[6,11,181]]
[[0,0,0],[1,0,0],[0,1,0],[18,50,181]]
[[0,0,0],[1,0,0],[0,1,0],[10,65,181]]
[[0,0,0],[1,0,0],[0,1,0],[4,30,181]]
[[0,0,0],[1,0,0],[0,1,0],[5,35,181]]
[[0,0,0],[1,0,0],[0,1,0],[54,56,181]]
[[0,0,0],[1,0,0],[0,1,0],[23,170,181]]
[[0,0,0],[1,0,0],[0,1,0],[5,85,181]]
[[0,0,0],[1,0,0],[0,1,0],[42,141,181]]
[[0,0,0],[1,0,0],[0,1,0],[2,17,181]]
[[0,0,0],[1,0,0],[0,1,0],[15,81,181]]
[[0,0,0],[1,0,0],[0,1,0],[17,60,181]]
[[0,0,0],[1,0,0],[0,1,0],[22,30,181]]
[[0,0,0],[1,0,0],[0,1,0],[1,11,181]]
[[0,0,0],[1,0,0],[0,1,0],[37,156,181]]
[[0,0,0],[1,0,0],[0,1,0],[23,72,181]]
[[0,0,0],[1,0,0],[0,1,0],[36,44,181]]
[[0,0,0],[1,0,0],[0,1,0],[6,56,181]]
[[0,0,0],[1,0,0],[0,1,0],[10,67,181]]
[[0,0,0],[1,0,0],[0,1,0],[4,49,181]]
[[0,0,0],[1,0,0],[0,1,0],[7,175,181]]
[[0,0,0],[1,0,0],[0,1,0],[1,4,181]]
[[0,0,0],[1,0,0],[0,1,0],[7,40,181]]
[[0,0,0],[1,0,0],[0,1,0],[6,27,181]]
[[0,0,0],[1,0,0],[0,1,0],[4,46,181]]
[[0,0,0],[1,0,0],[0,1,0],[11,49,181]]
[[0,0,0],[1,0,0],[0,1,0],[13,71,181]]
[[0,0,0],[1,0,0],[0,1,0],[16,24,181]]
[[0,0,0],[1,0,0],[0,1,0],[20,39,181]]
[[0,0,0],[1,0,0],[0,1,0],[18,71,181]]
[[0,0,0],[1,0,0],[0,1,0],[37,57,181]]
[[0,0,0],[1,0,0],[0,1,0],[2,10,181]]
[[0,0,0],[1,0,0],[0,1,0],[6,78,181]]
[[0,0,0],[1,0,0],[0,1,0],[11,173,181]]
[[0,0,0],[1,0,0],[0,1,0],[19,70,181]]
[[0,0,0],[1,0,0],[0,1,0],[5,72,181]]
[[0,0,0],[1,0,0],[0,1,0],[16,79,181]]
[[0,0,0],[1,0,0],[0,1,0],[3,55,181]]
[[0,0,0],[1,0,0],[0,1,0],[24,78,181]]
[[0,0,0],[1,0,0],[0,1,0],[28,49,181]]
[[0,0,0],[1,0,0],[0,1,0],[9,174,181]]
[[0,0,0],[1,0,0],[0,1,0],[7,69,181]]
[[0,0,0],[1,0,0],[0,1,0],[13,36,181]]
[[0,0,0],[1,0,0],[0,1,0],[21,61,181]]
[[0,0,0],[1,0,0],[0,1,0],[27,35,181]]
[[0,0,0],[1,0,0],[0,1,0],[20,27,181]]
[[0,0,0],[1,0,0],[0,1,0],[22,70,181]]
[[0,0,0],[1,0,0],[0,1,0],[19,165,181]]
[[0,0,0],[1,0,0],[0,1,0],[12,17,181]]
[[0,0,0],[1,0,0],[0,1,0],[3,19,181]]
[[0,0,0],[1,0,0],[0,1,0],[4,61,181]]
[[0,0,0],[1,0,0],[0,1,0],[13,82,181]]
[[0,0,0],[1,0,0],[0,1,0],[19,28,181]]
[[0,0,0],[1,0,0],[0,1,0],[11,16,181]]
[[0,0,0],[1,0,0],[0,1,0],[4,41,181]]
[[0,0,0],[1,0,0],[0,1,0],[18,53,181]]
[[0,0,0],[1,0,0],[0,1,0],[50,149,181]]
[[0,0,0],[1,0,0],[0,1,0],[21,36,181]]
[[0,0,0],[1,0,0],[0,1,0],[15,69,181]]
[[0,0,0],[1,0,0],[0,1,0],[5,10,181]]
[[0,0,0],[1,0,0],[0,1,0],[15,29,181]]
[[0,0,0],[1,0,0],[0,1,0],[28,42,181]]
[[0,0,0],[1,0,0],[0,1,0],[19,63,181]]
[[0,0,0],[1,0,0],[0,1,0],[10,62,181]]
[[0,0,0],[1,0,0],[0,1,0],[9,14,181]]
[[0,0,0],[1,0,0],[0,1,0],[24,27,181]]
[[0,0,0],[1,0,0],[0,1,0],[11,42,181]]
[[0,0,0],[1,0,0],[0,1,0],[4,83,181]]
[[0,0,0],[1,0,0],[0,1,0],[10,56,181]]
[[0,0,0],[1,0,0],[0,1,0],[9,53,181]]
[[0,0,0],[1,0,0],[0,1,0],[10,76,181]]
[[0,0,0],[1,0,0],[0,1,0],[4,4,181]]
[[0,0,0],[1,0,0],[0,1,0],[46,58,181]]
[[0,0,0],[1,0,0],[0,1,0],[30,165,181]]
[[0,0,0],[1,0,0],[0,1,0],[4,40,181]]
[[0,0,0],[1,0,0],[0,1,0],[2,36,181]]
[[0,0,0],[1,0,0],[0,1,0],[17,21,181]]
[[0,0,0],[1,0,0],[0,1,0],[5,7,181]]
[[0,0,0],[1,0,0],[0,1,0],[4,81,181]]
[[0,0,0],[1,0,0],[0,1,0],[11,44,181]]
[[0,0,0],[1,0,0],[0,1,0],[3,86,181]]
[[0,0,0],[1,0,0],[0,1,0],[16,19,181]]
[[0,0,0],[1,0,0],[0,1,0],[7,13,181]]
[[0,0,0],[1,0,0],[0,1,0],[9,58,181]]
[[0,0,0],[1,0,0],[0,1,0],[4,10,181]]
[[0,0,0],[1,0,0],[0,1,0],[18,48,181]]
[[0,0,0],[1,0,0],[0,1,0],[3,7,181]]
[[0,0,0],[1,0,0],[0,1,0],[3,67,181]]
[[0,0,0],[1,0,0],[0,1,0],[11,30,181]]
[[0,0,0],[1,0,0],[0,1,0],[15,42,181]]
[[0,0,0],[1,0,0],[0,1,0],[6,65,181]]
[[0,0,0],[1,0,0],[0,1,0],[5,40,181]]
[[0,0,0],[1,0,0],[0,1,0],[5,59,181]]
[[0,0,0],[1,0,0],[0,1,0],[16,16,181]]
[[0,0,0],[1,0,0],[0,1,0],[2,82,181]]
[[0,0,0],[1,0,0],[0,1,0],[15,74,181]]
[[0,0,0],[1,0,0],[0,1,0],[1,13,181]]
[[0,0,0],[1,0,0],[0,1,0],[10,47,181]]
[[0,0,0],[1,0,0],[0,1,0],[35,39,181]]
[[0,0,0],[1,0,0],[0,1,0],[1,42,181]]
[[0,0,0],[1,0,0],[0,1,0],[6,79,181]]
[[0,0,0],[1,0,0],[0,1,0],[2,43,181]]
[[0,0,0],[1,0,0],[0,1,0],[13,54,181]]
[[0,0,0],[1,0,0],[0,1,0],[8,174,181]]
[[0,0,0],[1,0,0],[0,1,0],[19,46,181]]
[[0,0,0],[1,0,0],[0,1,0],[35,149,181]]
[[0,0,0],[1,0,0],[0,1,0],[8,10,181]]
[[0,0,0],[1,0,0],[0,1,0],[21,75,181]]
[[0,0,0],[1,0,0],[0,1,0],[15,23,181]]
[[0,0,0],[1,0,0],[0,1,0],[6,22,181]]
[[0,0,0],[1,0,0],[0,1,0],[16,54,181]]
[[0,0,0],[1,0,0],[0,1,0],[4,65,181]]
[[0,0,0],[1,0,0],[0,1,0],[44,139,181]]
[[0,0,0],[1,0,0],[0,1,0],[12,42,181]]
[[0,0,0],[1,0,0],[0,1,0],[5,31,181]]
[[0,0,0],[1,0,0],[0,1,0],[37,44,181]]
[[0,0,0],[1,0,0],[0,1,0],[10,175,181]]
[[0,0,0],[1,0,0],[0,1,0],[54,64,181]]
[[0,0,0],[1,0,0],[0,1,0],[4,178,181]]
[[0,0,0],[1,0,0],[0,1,0],[19,61,181]]
[[0,0,0],[1,0,0],[0,1,0],[9,29,181]]
[[0,0,0],[1,0,0],[0,1,0],[31,41,181]]
[[0,0,0],[1,0,0],[0,1,0],[2,5,181]]
[[0,0,0],[1,0,0],[0,1,0],[36,157,181]]
[[0,0,0],[1,0,0],[0,1,0],[41,41,181]]
[[0,0,0],[1,0,0],[0,1,0],[46,66,181]]
[[0,0,0],[1,0,0],[0,1,0],[10,52,181]]
[[0,0,0],[1,0,0],[0,1,0],[6,80,181]]
[[0,0,0],[1,0,0],[0,1,0],[50,50,181]]
[[0,0,0],[1,0,0],[0,1,0],[77,106,181]]
[[0,0,0],[1,0,0],[0,1,0],[23,57,181]]
[[0,0,0],[1,0,0],[0,1,0],[8,45,181]]
[[0,0,0],[1,0,0],[0,1,0],[6,15,181]]
[[0,0,0],[1,0,0],[0,1,0],[17,47,181]]
[[0,0,0],[1,0,0],[0,1,0],[16,57,181]]
[[0,0,0],[1,0,0],[0,1,0],[18,60,181]]
[[0,0,0],[1,0,0],[0,1,0],[5,70,181]]
[[0,0,0],[1,0,0],[0,1,0],[7,48,181]]
[[0,0,0],[1,0,0],[0,1,0],[9,40,181]]
[[0,0,0],[1,0,0],[0,1,0],[22,52,181]]
[[0,0,0],[1,0,0],[0,1,0],[4,18,181]]
[[0,0,0],[1,0,0],[0,1,0],[21,41,181]]
[[0,0,0],[1,0,0],[0,1,0],[11,63,181]]
[[0,0,0],[1,0,0],[0,1,0],[12,55,181]]
[[0,0,0],[1,0,0],[0,1,0],[27,42,181]]
[[0,0,0],[1,0,0],[0,1,0],[27,39,181]]
[[0,0,0],[1,0,0],[0,1,0],[18,165,181]]
[[0,0,0],[1,0,0],[0,1,0],[4,44,181]]
[[0,0,0],[1,0,0],[0,1,0],[25,42,181]]
[[0,0,0],[1,0,0],[0,1,0],[12,31,181]]
[[0,0,0],[1,0,0],[0,1,0],[21,167,181]]
[[0,0,0],[1,0,0],[0,1,0],[3,25,181]]
[[0,0,0],[1,0,0],[0,1,0],[1,64,181]]
[[0,0,0],[1,0,0],[0,1,0],[35,49,181]]
[[0,0,0],[1,0,0],[0,1,0],[35,51,181]]
[[0,0,0],[1,0,0],[0,1,0],[5,61,181]]
[[0,0,0],[1,0,0],[0,1,0],[19,23,181]]
[[0,0,0],[1,0,0],[0,1,0],[13,45,181]]
[[0,0,0],[1,0,0],[0,1,0],[5,68,181]]
[[0,0,0],[1,0,0],[0,1,0],[5,24,181]]
[[0,0,0],[1,0,0],[0,1,0],[5,71,181]]
[[0,0,0],[1,0,0],[0,1,0],[5,84,181]]
[[0,0,0],[1,0,0],[0,1,0],[9,175,181]]
[[0,0,0],[1,0,0],[0,1,0],[7,76,181]]
[[0,0,0],[1,0,0],[0,1,0],[12,47,181]]
[[0,0,0],[1,0,0],[0,1,0],[40,158,181]]
[[0,0,0],[1,0,0],[0,1,0],[7,12,181]]
[[0,0,0],[1,0,0],[0,1,0],[20,46,181]]
[[0,0,0],[1,0,0],[0,1,0],[56,127,181]]
[[0,0,0],[1,0,0],[0,1,0],[1,12,181]]
[[0,0,0],[1,0,0],[0,1,0],[13,69,181]]
[[0,0,0],[1,0,0],[0,1,0],[2,24,181]]
[[0,0,0],[1,0,0],[0,1,0],[6,6,181]]
[[0,0,0],[1,0,0],[0,1,0],[6,75,181]]
[[0,0,0],[1,0,0],[0,1,0],[17,30,181]]
[[0,0,0],[1,0,0],[0,1,0],[2,23,181]]
[[0,0,0],[1,0,0],[0,1,0],[37,45,181]]
[[0,0,0],[1,0,0],[0,1,0],[8,61,181]]
[[0,0,0],[1,0,0],[0,1,0],[25,28,181]]
[[0,0,0],[1,0,0],[0,1,0],[2,19,181]]
[[0,0,0],[1,0,0],[0,1,0],[43,59,181]]
[[0,0,0],[1,0,0],[0,1,0],[8,16,181]]
[[0,0,0],[1,0,0],[0,1,0],[54,54,181]]
[[0,0,0],[1,0,0],[0,1,0],[17,56,181]]
[[0,0,0],[1,0,0],[0,1,0],[30,156,181]]
[[0,0,0],[1,0,0],[0,1,0],[2,87,181]]
[[0,0,0],[1,0,0],[0,1,0],[48,62,181]]
[[0,0,0],[1,0,0],[0,1,0],[4,53,181]]
[[0,0,0],[1,0,0],[0,1,0],[2,80,181]]
[[0,0,0],[1,0,0],[0,1,0],[19,30,181]]
[[0,0,0],[1,0,0],[0,1,0],[49,157,181]]
[[0,0,0],[1,0,0],[0,1,0],[30,40,181]]
[[0,0,0],[1,0,0],[0,1,0],[15,55,181]]
[[0,0,0],[1,0,0],[0,1,0],[3,35,181]]
[[0,0,0],[1,0,0],[0,1,0],[4,12,181]]
[[0,0,0],[1,0,0],[0,1,0],[8,74,181]]
[[0,0,0],[1,0,0],[0,1,0],[4,43,181]]
[[0,0,0],[1,0,0],[0,1,0],[2,14,181]]
[[0,0,0],[1,0,0],[0,1,0],[78,120,181]]
[[0,0,0],[1,0,0],[0,1,0],[9,75,181]]
[[0,0,0],[1,0,0],[0,1,0],[11,61,181]]
[[0,0,0],[1,0,0],[0,1,0],[23,35,181]]
[[0,0,0],[1,0,0],[0,1,0],[20,170,181]]
[[0,0,0],[1,0,0],[0,1,0],[28,60,181]]
[[0,0,0],[1,0,0],[0,1,0],[31,164,181]]
[[0,0,0],[1,0,0],[0,1,0],[25,29,181]]
[[0,0,0],[1,0,0],[0,1,0],[19,75,181]]
[[0,0,0],[1,0,0],[0,1,0],[8,18,181]]
[[0,0,0],[1,0,0],[0,1,0],[15,20,181]]
[[0,0,0],[1,0,0],[0,1,0],[2,21,181]]
[[0,0,0],[1,0,0],[0,1,0],[2,4,181]]
[[0,0,0],[1,0,0],[0,1,0],[15,53,181]]
[[0,0,0],[1,0,0],[0,1,0],[4,68,181]]
[[0,0,0],[1,0,0],[0,1,0],[10,23,181]]
[[0,0,0],[1,0,0],[0,1,0],[9,48,181]]
[[0,0,0],[1,0,0],[0,1,0],[10,28,181]]
[[0,0,0],[1,0,0],[0,1,0],[6,84,181]]
[[0,0,0],[1,0,0],[0,1,0],[10,55,181]]
[[0,0,0],[1,0,0],[0,1,0],[13,35,181]]
[[0,0,0],[1,0,0],[0,1,0],[25,165,181]]
[[0,0,0],[1,0,0],[0,1,0],[16,61,181]]
[[0,0,0],[1,0,0],[0,1,0],[23,39,181]]
[[0,0,0],[1,0,0],[0,1,0],[35,52,181]]
[[0,0,0],[1,0,0],[0,1,0],[4,25,181]]
[[0,0,0],[1,0,0],[0,1,0],[30,75,181]]
[[0,0,0],[1,0,0],[0,1,0],[11,174,181]]
[[0,0,0],[1,0,0],[0,1,0],[17,57,181]]
[[0,0,0],[1,0,0],[0,1,0],[37,55,181]]
[[0,0,0],[1,0,0],[0,1,0],[3,63,181]]
[[0,0,0],[1,0,0],[0,1,0],[19,74,181]]
[[0,0,0],[1,0,0],[0,1,0],[9,42,181]]
[[0,0,0],[1,0,0],[0,1,0],[2,26,181]]
[[0,0,0],[1,0,0],[0,1,0],[10,37,181]]
[[0,0,0],[1,0,0],[0,1,0],[6,37,181]]
[[0,0,0],[1,0,0],[0,1,0],[10,58,181]]
[[0,0,0],[1,0,0],[0,1,0],[16,70,181]]
[[0,0,0],[1,0,0],[0,1,0],[6,63,181]]
[[0,0,0],[1,0,0],[0,1,0],[20,72,181]]
[[0,0,0],[1,0,0],[0,1,0],[2,47,181]]
[[0,0,0],[1,0,0],[0,1,0],[16,76,181]]
[[0,0,0],[1,0,0],[0,1,0],[47,56,181]]
[[0,0,0],[1,0,0],[0,1,0],[7,19,181]]
[[0,0,0],[1,0,0],[0,1,0],[6,32,181]]
[[0,0,0],[1,0,0],[0,1,0],[11,73,181]]
[[0,0,0],[1,0,0],[0,1,0],[4,24,181]]
[[0,0,0],[1,0,0],[0,1,0],[6,48,181]]
[[0,0,0],[1,0,0],[0,1,0],[23,160,181]]
[[0,0,0],[1,0,0],[0,1,0],[8,79,181]]
[[0,0,0],[1,0,0],[0,1,0],[4,74,181]]
[[0,0,0],[1,0,0],[0,1,0],[21,28,181]]
[[0,0,0],[1,0,0],[0,1,0],[9,66,181]]
[[0,0,0],[1,0,0],[0,1,0],[4,19,181]]
[[0,0,0],[1,0,0],[0,1,0],[15,27,181]]
[[0,0,0],[1,0,0],[0,1,0],[23,44,181]]
[[0,0,0],[1,0,0],[0,1,0],[5,62,181]]
[[0,0,0],[1,0,0],[0,1,0],[19,164,181]]
[[0,0,0],[1,0,0],[0,1,0],[16,67,181]]
[[0,0,0],[1,0,0],[0,1,0],[11,24,181]]
[[0,0,0],[1,0,0],[0,1,0],[18,46,181]]
[[0,0,0],[1,0,0],[0,1,0],[25,48,181]]
[[0,0,0],[1,0,0],[0,1,0],[6,30,181]]
[[0,0,0],[1,0,0],[0,1,0],[19,40,181]]
[[0,0,0],[1,0,0],[0,1,0],[3,51,181]]
[[0,0,0],[1,0,0],[0,1,0],[2,81,181]]
[[0,0,0],[1,0,0],[0,1,0],[16,32,181]]
[[0,0,0],[1,0,0],[0,1,0],[12,77,181]]
[[0,0,0],[1,0,0],[0,1,0],[13,80,181]]
[[0,0,0],[1,0,0],[0,1,0],[38,38,181]]
[[0,0,0],[1,0,0],[0,1,0],[3,5,181]]
[[0,0,0],[1,0,0],[0,1,0],[37,67,181]]
[[0,0,0],[1,0,0],[0,1,0],[19,21,181]]
[[0,0,0],[1,0,0],[0,1,0],[2,71,181]]
[[0,0,0],[1,0,0],[0,1,0],[6,43,181]]
[[0,0,0],[1,0,0],[0,1,0],[17,66,181]]
[[0,0,0],[1,0,0],[0,1,0],[4,64,181]]
[[0,0,0],[1,0,0],[0,1,0],[2,90,181]]
[[0,0,0],[1,0,0],[0,1,0],[18,51,181]]
[[0,0,0],[1,0,0],[0,1,0],[27,159,181]]
[[0,0,0],[1,0,0],[0,1,0],[39,143,181]]
[[0,0,0],[1,0,0],[0,1,0],[10,64,181]]
[[0,0,0],[1,0,0],[0,1,0],[3,54,181]]
[[0,0,0],[1,0,0],[0,1,0],[5,19,181]]
[[0,0,0],[1,0,0],[0,1,0],[19,36,181]]
[[0,0,0],[1,0,0],[0,1,0],[5,75,181]]
[[0,0,0],[1,0,0],[0,1,0],[13,43,181]]
[[0,0,0],[1,0,0],[0,1,0],[11,31,181]]
[[0,0,0],[1,0,0],[0,1,0],[1,66,181]]
[[0,0,0],[1,0,0],[0,1,0],[37,59,181]]
[[0,0,0],[1,0,0],[0,1,0],[4,17,181]]
[[0,0,0],[1,0,0],[0,1,0],[7,31,181]]
[[0,0,0],[1,0,0],[0,1,0],[12,30,181]]
[[0,0,0],[1,0,0],[0,1,0],[12,43,181]]
[[0,0,0],[1,0,0],[0,1,0],[8,11,181]]
[[0,0,0],[1,0,0],[0,1,0],[9,72,181]]
[[0,0,0],[1,0,0],[0,1,0],[2,7,181]]
[[0,0,0],[1,0,0],[0,1,0],[5,45,181]]
[[0,0,0],[1,0,0],[0,1,0],[28,77,181]]
[[0,0,0],[1,0,0],[0,1,0],[30,46,181]]
[[0,0,0],[1,0,0],[0,1,0],[13,172,181]]
[[0,0,0],[1,0,0],[0,1,0],[38,144,181]]
[[0,0,0],[1,0,0],[0,1,0],[16,82,181]]
[[0,0,0],[1,0,0],[0,1,0],[13,59,181]]
[[0,0,0],[1,0,0],[0,1,0],[4,48,181]]
[[0,0,0],[1,0,0],[0,1,0],[28,65,181]]
[[0,0,0],[1,0,0],[0,1,0],[4,54,181]]
[[0,0,0],[1,0,0],[0,1,0],[3,57,181]]
[[0,0,0],[1,0,0],[0,1,0],[7,53,181]]
[[0,0,0],[1,0,0],[0,1,0],[10,173,181]]
[[0,0,0],[1,0,0],[0,1,0],[11,81,181]]
[[0,0,0],[1,0,0],[0,1,0],[27,45,181]]
[[0,0,0],[1,0,0],[0,1,0],[17,81,181]]
[[0,0,0],[1,0,0],[0,1,0],[1,5,181]]
[[0,0,0],[1,0,0],[0,1,0],[8,44,181]]
[[0,0,0],[1,0,0],[0,1,0],[35,42,181]]
[[0,0,0],[1,0,0],[0,1,0],[3,68,181]]
[[0,0,0],[1,0,0],[0,1,0],[37,37,181]]
[[0,0,0],[1,0,0],[0,1,0],[2,66,181]]
[[0,0,0],[1,0,0],[0,1,0],[6,42,181]]
[[0,0,0],[1,0,0],[0,1,0],[3,6,181]]
[[0,0,0],[1,0,0],[0,1,0],[9,71,181]]
[[0,0,0],[1,0,0],[0,1,0],[6,16,181]]
[[0,0,0],[1,0,0],[0,1,0],[6,66,181]]
[[0,0,0],[1,0,0],[0,1,0],[1,40,181]]
[[0,0,0],[1,0,0],[0,1,0],[7,51,181]]
[[0,0,0],[1,0,0],[0,1,0],[72,138,181]]
[[0,0,0],[1,0,0],[0,1,0],[10,54,181]]
[[0,0,0],[1,0,0],[0,1,0],[3,180,181]]
[[0,0,0],[1,0,0],[0,1,0],[5,26,181]]
[[0,0,0],[1,0,0],[0,1,0],[18,31,181]]
[[0,0,0],[1,0,0],[0,1,0],[15,36,181]]
[[0,0,0],[1,0,0],[0,1,0],[2,41,181]]
[[0,0,0],[1,0,0],[0,1,0],[8,40,181]]
[[0,0,0],[1,0,0],[0,1,0],[5,54,181]]
[[0,0,0],[1,0,0],[0,1,0],[7,25,181]]
[[0,0,0],[1,0,0],[0,1,0],[9,77,181]]
[[0,0,0],[1,0,0],[0,1,0],[44,154,181]]
[[0,0,0],[1,0,0],[0,1,0],[12,63,181]]
[[0,0,0],[1,0,0],[0,1,0],[21,56,181]]
[[0,0,0],[1,0,0],[0,1,0],[9,34,181]]
[[0,0,0],[1,0,0],[0,1,0],[27,40,181]]
[[0,0,0],[1,0,0],[0,1,0],[5,73,181]]
[[0,0,0],[1,0,0],[0,1,0],[7,38,181]]
[[0,0,0],[1,0,0],[0,1,0],[1,43,181]]
[[0,0,0],[1,0,0],[0,1,0],[21,65,181]]
[[0,0,0],[1,0,0],[0,1,0],[13,74,181]]
[[0,0,0],[1,0,0],[0,1,0],[20,58,181]]
[[0,0,0],[1,0,0],[0,1,0],[12,12,181]]
[[0,0,0],[1,0,0],[0,1,0],[4,79,181]]
[[0,0,0],[1,0,0],[0,1,0],[13,61,181]]
[[0,0,0],[1,0,0],[0,1,0],[7,74,181]]
[[0,0,0],[1,0,0],[0,1,0],[4,67,181]]
[[0,0,0],[1,0,0],[0,1,0],[23,59,181]]
[[0,0,0],[1,0,0],[0,1,0],[15,174,181]]
[[0,0,0],[1,0,0],[0,1,0],[36,56,181]]
[[0,0,0],[1,0,0],[0,1,0],[22,60,181]]
[[0,0,0],[1,0,0],[0,1,0],[3,22,181]]
[[0,0,0],[1,0,0],[0,1,0],[17,36,181]]
[[0,0,0],[1,0,0],[0,1,0],[25,71,181]]
[[0,0,0],[1,0,0],[0,1,0],[45,60,181]]
[[0,0,0],[1,0,0],[0,1,0],[2,34,181]]
[[0,0,0],[1,0,0],[0,1,0],[15,77,181]]
[[0,0,0],[1,0,0],[0,1,0],[36,160,181]]
[[0,0,0],[1,0,0],[0,1,0],[42,42,181]]
[[0,0,0],[1,0,0],[0,1,0],[2,55,181]]
[[0,0,0],[1,0,0],[0,1,0],[18,20,181]]
[[0,0,0],[1,0,0],[0,1,0],[6,74,181]]
[[0,0,0],[1,0,0],[0,1,0],[24,54,181]]
[[0,0,0],[1,0,0],[0,1,0],[23,28,181]]
[[0,0,0],[1,0,0],[0,1,0],[24,46,181]]
[[0,0,0],[1,0,0],[0,1,0],[36,154,181]]
[[0,0,0],[1,0,0],[0,1,0],[5,43,181]]
[[0,0,0],[1,0,0],[0,1,0],[8,72,181]]
[[0,0,0],[1,0,0],[0,1,0],[6,51,181]]
[[0,0,0],[1,0,0],[0,1,0],[3,10,181]]
[[0,0,0],[1,0,0],[0,1,0],[3,42,181]]
[[0,0,0],[1,0,0],[0,1,0],[22,38,181]]
[[0,0,0],[1,0,0],[0,1,0],[7,10,181]]
[[0,0,0],[1,0,0],[0,1,0],[1,23,181]]
[[0,0,0],[1,0,0],[0,1,0],[10,20,181]]
[[0,0,0],[1,0,0],[0,1,0],[21,53,181]]
[[0,0,0],[1,0,0],[0,1,0],[2,78,181]]
[[0,0,0],[1,0,0],[0,1,0],[4,8,181]]
[[0,0,0],[1,0,0],[0,1,0],[1,50,181]]
[[0,0,0],[1,0,0],[0,1,0],[6,44,181]]
[[0,0,0],[1,0,0],[0,1,0],[7,37,181]]
[[0,0,0],[1,0,0],[0,1,0],[7,61,181]]
[[0,0,0],[1,0,0],[0,1,0],[46,152,181]]
[[0,0,0],[1,0,0],[0,1,0],[6,61,181]]
[[0,0,0],[1,0,0],[0,1,0],[20,52,181]]
[[0,0,0],[1,0,0],[0,1,0],[11,21,181]]
[[0,0,0],[1,0,0],[0,1,0],[58,131,181]]
[[0,0,0],[1,0,0],[0,1,0],[16,46,181]]
[[0,0,0],[1,0,0],[0,1,0],[9,23,181]]
[[0,0,0],[1,0,0],[0,1,0],[15,28,181]]
[[0,0,0],[1,0,0],[0,1,0],[3,40,181]]
[[0,0,0],[1,0,0],[0,1,0],[10,83,181]]
[[0,0,0],[1,0,0],[0,1,0],[5,38,181]]
[[0,0,0],[1,0,0],[0,1,0],[9,173,181]]
[[0,0,0],[1,0,0],[0,1,0],[11,36,181]]
[[0,0,0],[1,0,0],[0,1,0],[4,73,181]]
[[0,0,0],[1,0,0],[0,1,0],[22,58,181]]
[[0,0,0],[1,0,0],[0,1,0],[1,8,181]]
[[0,0,0],[1,0,0],[0,1,0],[3,56,181]]
[[0,0,0],[1,0,0],[0,1,0],[6,60,181]]
[[0,0,0],[1,0,0],[0,1,0],[10,172,181]]
[[0,0,0],[1,0,0],[0,1,0],[3,83,181]]
[[0,0,0],[1,0,0],[0,1,0],[21,59,181]]
[[0,0,0],[1,0,0],[0,1,0],[10,60,181]]
[[0,0,0],[1,0,0],[0,1,0],[20,76,181]]
[[0,0,0],[1,0,0],[0,1,0],[15,45,181]]
[[0,0,0],[1,0,0],[0,1,0],[10,46,181]]
[[0,0,0],[1,0,0],[0,1,0],[24,28,181]]
[[0,0,0],[1,0,0],[0,1,0],[4,78,181]]
[[0,0,0],[1,0,0],[0,1,0],[8,37,181]]
[[0,0,0],[1,0,0],[0,1,0],[5,81,181]]
[[0,0,0],[1,0,0],[0,1,0],[12,15,181]]
[[0,0,0],[1,0,0],[0,1,0],[19,24,181]]
[[0,0,0],[1,0,0],[0,1,0],[2,65,181]]
[[0,0,0],[1,0,0],[0,1,0],[23,62,181]]
[[0,0,0],[1,0,0],[0,1,0],[15,60,181]]
[[0,0,0],[1,0,0],[0,1,0],[8,8,181]]
[[0,0,0],[1,0,0],[0,1,0],[27,61,181]]
[[0,0,0],[1,0,0],[0,1,0],[10,74,181]]
[[0,0,0],[1,0,0],[0,1,0],[9,15,181]]
[[0,0,0],[1,0,0],[0,1,0],[8,175,181]]
[[0,0,0],[1,0,0],[0,1,0],[13,13,181]]
[[0,0,0],[1,0,0],[0,1,0],[7,46,181]]
[[0,0,0],[1,0,0],[0,1,0],[21,49,181]]
[[0,0,0],[1,0,0],[0,1,0],[20,51,181]]
[[0,0,0],[1,0,0],[0,1,0],[6,82,181]]
[[0,0,0],[1,0,0],[0,1,0],[19,65,181]]
[[0,0,0],[1,0,0],[0,1,0],[5,15,181]]
[[0,0,0],[1,0,0],[0,1,0],[39,39,181]]
[[0,0,0],[1,0,0],[0,1,0],[10,66,181]]
[[0,0,0],[1,0,0],[0,1,0],[30,39,181]]
[[0,0,0],[1,0,0],[0,1,0],[13,31,181]]
[[0,0,0],[1,0,0],[0,1,0],[25,159,181]]
[[0,0,0],[1,0,0],[0,1,0],[11,41,181]]
[[0,0,0],[1,0,0],[0,1,0],[19,56,181]]
[[0,0,0],[1,0,0],[0,1,0],[31,155,181]]
[[0,0,0],[1,0,0],[0,1,0],[5,79,181]]
[[0,0,0],[1,0,0],[0,1,0],[25,75,181]]
[[0,0,0],[1,0,0],[0,1,0],[15,56,181]]
[[0,0,0],[1,0,0],[0,1,0],[18,49,181]]
[[0,0,0],[1,0,0],[0,1,0],[3,24,181]]
[[0,0,0],[1,0,0],[0,1,0],[4,76,181]]
[[0,0,0],[1,0,0],[0,1,0],[3,84,181]]
[[0,0,0],[1,0,0],[0,1,0],[3,20,181]]
[[0,0,0],[1,0,0],[0,1,0],[8,57,181]]
[[0,0,0],[1,0,0],[0,1,0],[17,61,181]]
[[0,0,0],[1,0,0],[0,1,0],[9,85,181]]
[[0,0,0],[1,0,0],[0,1,0],[9,56,181]]
[[0,0,0],[1,0,0],[0,1,0],[24,38,181]]
[[0,0,0],[1,0,0],[0,1,0],[22,63,181]]
[[0,0,0],[1,0,0],[0,1,0],[7,42,181]]
[[0,0,0],[1,0,0],[0,1,0],[16,36,181]]
[[0,0,0],[1,0,0],[0,1,0],[41,43,181]]
[[0,0,0],[1,0,0],[0,1,0],[15,51,181]]
[[0,0,0],[1,0,0],[0,1,0],[20,168,181]]
[[0,0,0],[1,0,0],[0,1,0],[12,16,181]]
[[0,0,0],[1,0,0],[0,1,0],[15,25,181]]
[[0,0,0],[1,0,0],[0,1,0],[6,67,181]]
[[0,0,0],[1,0,0],[0,1,0],[11,176,181]]
[[0,0,0],[1,0,0],[0,1,0],[30,43,181]]
[[0,0,0],[1,0,0],[0,1,0],[49,147,181]]
[[0,0,0],[1,0,0],[0,1,0],[12,71,181]]
[[0,0,0],[1,0,0],[0,1,0],[35,62,181]]
[[0,0,0],[1,0,0],[0,1,0],[12,40,181]]
[[0,0,0],[1,0,0],[0,1,0],[4,22,181]]
[[0,0,0],[1,0,0],[0,1,0],[4,11,181]]
[[0,0,0],[1,0,0],[0,1,0],[13,175,181]]
[[0,0,0],[1,0,0],[0,1,0],[9,9,181]]
[[0,0,0],[1,0,0],[0,1,0],[5,67,181]]
[[0,0,0],[1,0,0],[0,1,0],[12,82,181]]
[[0,0,0],[1,0,0],[0,1,0],[6,46,181]]
[[0,0,0],[1,0,0],[0,1,0],[8,65,181]]
[[0,0,0],[1,0,0],[0,1,0],[23,71,181]]
[[0,0,0],[1,0,0],[0,1,0],[8,85,181]]
[[0,0,0],[1,0,0],[0,1,0],[2,69,181]]
[[0,0,0],[1,0,0],[0,1,0],[5,178,181]]
[[0,0,0],[1,0,0],[0,1,0],[20,31,181]]
[[0,0,0],[1,0,0],[0,1,0],[18,63,181]]
[[0,0,0],[1,0,0],[0,1,0],[7,7,181]]
[[0,0,0],[1,0,0],[0,1,0],[52,52,181]]
[[0,0,0],[1,0,0],[0,1,0],[15,63,181]]
[[0,0,0],[1,0,0],[0,1,0],[50,59,181]]
[[0,0,0],[1,0,0],[0,1,0],[16,171,181]]
[[0,0,0],[1,0,0],[0,1,0],[12,18,181]]
[[0,0,0],[1,0,0],[0,1,0],[15,59,181]]
[[0,0,0],[1,0,0],[0,1,0],[15,72,181]]
[[0,0,0],[1,0,0],[0,1,0],[5,51,181]]
[[0,0,0],[1,0,0],[0,1,0],[3,46,181]]
[[0,0,0],[1,0,0],[0,1,0],[4,47,181]]
[[0,0,0],[1,0,0],[0,1,0],[18,67,181]]
[[0,0,0],[1,0,0],[0,1,0],[30,37,181]]
[[0,0,0],[1,0,0],[0,1,0],[3,79,181]]
[[0,0,0],[1,0,0],[0,1,0],[9,69,181]]
[[0,0,0],[1,0,0],[0,1,0],[3,71,181]]
[[0,0,0],[1,0,0],[0,1,0],[9,65,181]]
[[0,0,0],[1,0,0],[0,1,0],[8,52,181]]
[[0,0,0],[1,0,0],[0,1,0],[15,49,181]]
[[0,0,0],[1,0,0],[0,1,0],[18,39,181]]
[[0,0,0],[1,0,0],[0,1,0],[8,58,181]]
[[0,0,0],[1,0,0],[0,1,0],[46,60,181]]
[[0,0,0],[1,0,0],[0,1,0],[3,15,181]]
[[0,0,0],[1,0,0],[0,1,0],[21,42,181]]
[[0,0,0],[1,0,0],[0,1,0],[3,16,181]]
[[0,0,0],[1,0,0],[0,1,0],[10,10,181]]
[[0,0,0],[1,0,0],[0,1,0],[17,70,181]]
[[0,0,0],[1,0,0],[0,1,0],[18,168,181]]
[[0,0,0],[1,0,0],[0,1,0],[3,75,181]]
[[0,0,0],[1,0,0],[0,1,0],[5,23,181]]
[[0,0,0],[1,0,0],[0,1,0],[10,73,181]]
[[0,0,0],[1,0,0],[0,1,0],[30,36,181]]
[[0,0,0],[1,0,0],[0,1,0],[2,63,181]]
[[0,0,0],[1,0,0],[0,1,0],[6,49,181]]
[[0,0,0],[1,0,0],[0,1,0],[5,82,181]]
[[0,0,0],[1,0,0],[0,1,0],[42,148,181]]
[[0,0,0],[1,0,0],[0,1,0],[23,74,181]]
[[0,0,0],[1,0,0],[0,1,0],[16,18,181]]
[[0,0,0],[1,0,0],[0,1,0],[22,44,181]]
[[0,0,0],[1,0,0],[0,1,0],[9,24,181]]
[[0,0,0],[1,0,0],[0,1,0],[11,46,181]]
[[0,0,0],[1,0,0],[0,1,0],[12,78,181]]
[[0,0,0],[1,0,0],[0,1,0],[17,38,181]]
[[0,0,0],[1,0,0],[0,1,0],[18,42,181]]
[[0,0,0],[1,0,0],[0,1,0],[19,62,181]]
[[0,0,0],[1,0,0],[0,1,0],[23,77,181]]
[[0,0,0],[1,0,0],[0,1,0],[11,72,181]]
[[0,0,0],[1,0,0],[0,1,0],[28,56,181]]
[[0,0,0],[1,0,0],[0,1,0],[8,30,181]]
[[0,0,0],[1,0,0],[0,1,0],[7,27,181]]
[[0,0,0],[1,0,0],[0,1,0],[22,46,181]]
[[0,0,0],[1,0,0],[0,1,0],[9,67,181]]
[[0,0,0],[1,0,0],[0,1,0],[15,168,181]]
[[0,0,0],[1,0,0],[0,1,0],[24,57,181]]
[[0,0,0],[1,0,0],[0,1,0],[6,88,181]]
[[0,0,0],[1,0,0],[0,1,0],[30,67,181]]
[[0,0,0],[1,0,0],[0,1,0],[1,1,181]]
[[0,0,0],[1,0,0],[0,1,0],[42,48,181]]
[[0,0,0],[1,0,0],[0,1,0],[11,57,181]]
[[0,0,0],[1,0,0],[0,1,0],[4,75,181]]
[[0,0,0],[1,0,0],[0,1,0],[15,58,181]]
[[0,0,0],[1,0,0],[0,1,0],[9,54,181]]
[[0,0,0],[1,0,0],[0,1,0],[28,70,181]]
[[0,0,0],[1,0,0],[0,1,0],[37,64,181]]
[[0,0,0],[1,0,0],[0,1,0],[11,25,181]]
[[0,0,0],[1,0,0],[0,1,0],[2,46,181]]
[[0,0,0],[1,0,0],[0,1,0],[5,14,181]]
[[0,0,0],[1,0,0],[0,1,0],[1,58,181]]
[[0,0,0],[1,0,0],[0,1,0],[8,81,181]]
[[0,0,0],[1,0,0],[0,1,0],[10,32,181]]
[[0,0,0],[1,0,0],[0,1,0],[13,75,181]]
[[0,0,0],[1,0,0],[0,1,0],[41,142,181]]
[[0,0,0],[1,0,0],[0,1,0],[15,41,181]]
[[0,0,0],[1,0,0],[0,1,0],[82,124,181]]
[[0,0,0],[1,0,0],[0,1,0],[6,21,181]]
[[0,0,0],[1,0,0],[0,1,0],[2,9,181]]
[[0,0,0],[1,0,0],[0,1,0],[64,119,181]]
[[0,0,0],[1,0,0],[0,1,0],[4,26,181]]
[[0,0,0],[1,0,0],[0,1,0],[3,50,181]]
[[0,0,0],[1,0,0],[0,1,0],[9,31,181]]
[[0,0,0],[1,0,0],[0,1,0],[8,87,181]]
[[0,0,0],[1,0,0],[0,1,0],[66,142,181]]
[[0,0,0],[1,0,0],[0,1,0],[8,78,181]]
[[0,0,0],[1,0,0],[0,1,0],[5,37,181]]
[[0,0,0],[1,0,0],[0,1,0],[1,24,181]]
[[0,0,0],[1,0,0],[0,1,0],[4,32,181]]
[[0,0,0],[1,0,0],[0,1,0],[5,36,181]]
[[0,0,0],[1,0,0],[0,1,0],[2,29,181]]
[[0,0,0],[1,0,0],[0,1,0],[12,57,181]]
[[0,0,0],[1,0,0],[0,1,0],[46,48,181]]
[[0,0,0],[1,0,0],[0,1,0],[9,59,181]]
[[0,0,0],[1,0,0],[0,1,0],[25,30,181]]
[[0,0,0],[1,0,0],[0,1,0],[19,45,181]]
[[0,0,0],[1,0,0],[0,1,0],[7,72,181]]
[[0,0,0],[1,0,0],[0,1,0],[15,80,181]]
[[0,0,0],[1,0,0],[0,1,0],[51,131,181]]
[[0,0,0],[1,0,0],[0,1,0],[2,16,181]]
[[0,0,0],[1,0,0],[0,1,0],[28,36,181]]
[[0,0,0],[1,0,0],[0,1,0],[10,42,181]]
[[0,0,0],[1,0,0],[0,1,0],[2,84,181]]
[[0,0,0],[1,0,0],[0,1,0],[16,167,181]]
[[0,0,0],[1,0,0],[0,1,0],[39,67,181]]
[[0,0,0],[1,0,0],[0,1,0],[8,48,181]]
[[0,0,0],[1,0,0],[0,1,0],[18,76,181]]
[[0,0,0],[1,0,0],[0,1,0],[15,18,181]]
[[0,0,0],[1,0,0],[0,1,0],[22,160,181]]
[[0,0,0],[1,0,0],[0,1,0],[10,39,181]]
[[0,0,0],[1,0,0],[0,1,0],[37,60,181]]
[[0,0,0],[1,0,0],[0,1,0],[35,54,181]]
[[0,0,0],[1,0,0],[0,1,0],[5,20,181]]
[[0,0,0],[1,0,0],[0,1,0],[7,59,181]]
[[0,0,0],[1,0,0],[0,1,0],[36,45,181]]
[[0,0,0],[1,0,0],[0,1,0],[1,31,181]]
[[0,0,0],[1,0,0],[0,1,0],[5,34,181]]
[[0,0,0],[1,0,0],[0,1,0],[36,65,181]]
[[0,0,0],[1,0,0],[0,1,0],[4,13,181]]
[[0,0,0],[1,0,0],[0,1,0],[60,149,181]]
[[0,0,0],[1,0,0],[0,1,0],[45,159,181]]
[[0,0,0],[1,0,0],[0,1,0],[1,17,181]]
[[0,0,0],[1,0,0],[0,1,0],[40,71,181]]
[[0,0,0],[1,0,0],[0,1,0],[9,18,181]]
[[0,0,0],[1,0,0],[0,1,0],[24,31,181]]
[[0,0,0],[1,0,0],[0,1,0],[20,29,181]]
[[0,0,0],[1,0,0],[0,1,0],[36,48,181]]
[[0,0,0],[1,0,0],[0,1,0],[2,72,181]]
[[0,0,0],[1,0,0],[0,1,0],[4,82,181]]
[[0,0,0],[1,0,0],[0,1,0],[11,43,181]]
[[0,0,0],[1,0,0],[0,1,0],[50,66,181]]
[[0,0,0],[1,0,0],[0,1,0],[60,143,181]]
[[0,0,0],[1,0,0],[0,1,0],[7,80,181]]
[[0,0,0],[1,0,0],[0,1,0],[13,46,181]]
[[0,0,0],[1,0,0],[0,1,0],[21,50,181]]
[[0,0,0],[1,0,0],[0,1,0],[49,56,181]]
[[0,0,0],[1,0,0],[0,1,0],[1,10,181]]
[[0,0,0],[1,0,0],[0,1,0],[9,35,181]]
[[0,0,0],[1,0,0],[0,1,0],[15,62,181]]
[[0,0,0],[1,0,0],[0,1,0],[22,80,181]]
[[0,0,0],[1,0,0],[0,1,0],[8,34,181]]
[[0,0,0],[1,0,0],[0,1,0],[2,27,181]]
[[0,0,0],[1,0,0],[0,1,0],[6,33,181]]
[[0,0,0],[1,0,0],[0,1,0],[55,143,181]]
[[0,0,0],[1,0,0],[0,1,0],[4,70,181]]
[[0,0,0],[1,0,0],[0,1,0],[4,89,181]]
[[0,0,0],[1,0,0],[0,1,0],[18,58,181]]
[[0,0,0],[1,0,0],[0,1,0],[5,80,181]]
[[0,0,0],[1,0,0],[0,1,0],[11,32,181]]
[[0,0,0],[1,0,0],[0,1,0],[2,48,181]]
[[0,0,0],[1,0,0],[0,1,0],[9,21,181]]
[[0,0,0],[1,0,0],[0,1,0],[42,50,181]]
[[0,0,0],[1,0,0],[0,1,0],[20,47,181]]
[[0,0,0],[1,0,0],[0,1,0],[4,69,181]]
[[0,0,0],[1,0,0],[0,1,0],[19,44,181]]
[[0,0,0],[1,0,0],[0,1,0],[10,16,181]]
[[0,0,0],[1,0,0],[0,1,0],[11,74,181]]
[[0,0,0],[1,0,0],[0,1,0],[12,60,181]]
[[0,0,0],[1,0,0],[0,1,0],[2,83,181]]
[[0,0,0],[1,0,0],[0,1,0],[10,59,181]]
[[0,0,0],[1,0,0],[0,1,0],[3,82,181]]
[[0,0,0],[1,0,0],[0,1,0],[3,33,181]]
[[0,0,0],[1,0,0],[0,1,0],[1,19,181]]
[[0,0,0],[1,0,0],[0,1,0],[2,59,181]]
[[0,0,0],[1,0,0],[0,1,0],[1,28,181]]
[[0,0,0],[1,0,0],[0,1,0],[17,31,181]]
[[0,0,0],[1,0,0],[0,1,0],[39,49,181]]
[[0,0,0],[1,0,0],[0,1,0],[41,149,181]]
[[0,0,0],[1,0,0],[0,1,0],[27,51,181]]
[[0,0,0],[1,0,0],[0,1,0],[38,72,181]]
[[0,0,0],[1,0,0],[0,1,0],[7,14,181]]
[[0,0,0],[1,0,0],[0,1,0],[28,43,181]]
[[0,0,0],[1,0,0],[0,1,0],[44,48,181]]
[[0,0,0],[1,0,0],[0,1,0],[1,22,181]]
[[0,0,0],[1,0,0],[0,1,0],[4,66,181]]
[[0,0,0],[1,0,0],[0,1,0],[11,19,181]]
[[0,0,0],[1,0,0],[0,1,0],[18,45,181]]
[[0,0,0],[1,0,0],[0,1,0],[11,37,181]]
[[0,0,0],[1,0,0],[0,1,0],[11,175,181]]
[[0,0,0],[1,0,0],[0,1,0],[2,75,181]]
[[0,0,0],[1,0,0],[0,1,0],[35,46,181]]
[[0,0,0],[1,0,0],[0,1,0],[16,42,181]]
[[0,0,0],[1,0,0],[0,1,0],[20,69,181]]
[[0,0,0],[1,0,0],[0,1,0],[13,65,181]]
[[0,0,0],[1,0,0],[0,1,0],[28,75,181]]
[[0,0,0],[1,0,0],[0,1,0],[9,41,181]]
[[0,0,0],[1,0,0],[0,1,0],[17,49,181]]
[[0,0,0],[1,0,0],[0,1,0],[16,41,181]]
[[0,0,0],[1,0,0],[0,1,0],[41,52,181]]
[[0,0,0],[1,0,0],[0,1,0],[11,58,181]]
[[0,0,0],[1,0,0],[0,1,0],[27,59,181]]
[[0,0,0],[1,0,0],[0,1,0],[17,78,181]]
[[0,0,0],[1,0,0],[0,1,0],[3,61,181]]
[[0,0,0],[1,0,0],[0,1,0],[6,20,181]]
[[0,0,0],[1,0,0],[0,1,0],[6,38,181]]
[[0,0,0],[1,0,0],[0,1,0],[8,36,181]]
[[0,0,0],[1,0,0],[0,1,0],[5,8,181]]
[[0,0,0],[1,0,0],[0,1,0],[23,78,181]]
[[0,0,0],[1,0,0],[0,1,0],[8,62,181]]
[[0,0,0],[1,0,0],[0,1,0],[13,57,181]]
[[0,0,0],[1,0,0],[0,1,0],[17,46,181]]
[[0,0,0],[1,0,0],[0,1,0],[5,69,181]]
[[0,0,0],[1,0,0],[0,1,0],[38,71,181]]
[[0,0,0],[1,0,0],[0,1,0],[6,86,181]]
[[0,0,0],[1,0,0],[0,1,0],[8,69,181]]
[[0,0,0],[1,0,0],[0,1,0],[45,59,181]]
[[0,0,0],[1,0,0],[0,1,0],[15,17,181]]
[[0,0,0],[1,0,0],[0,1,0],[37,56,181]]
[[0,0,0],[1,0,0],[0,1,0],[61,128,181]]
[[0,0,0],[1,0,0],[0,1,0],[4,55,181]]
[[0,0,0],[1,0,0],[0,1,0],[21,35,181]]
[[0,0,0],[1,0,0],[0,1,0],[1,70,181]]
[[0,0,0],[1,0,0],[0,1,0],[10,33,181]]
[[0,0,0],[1,0,0],[0,1,0],[24,53,181]]
[[0,0,0],[1,0,0],[0,1,0],[13,39,181]]
[[0,0,0],[1,0,0],[0,1,0],[28,64,181]]
[[0,0,0],[1,0,0],[0,1,0],[7,16,181]]
[[0,0,0],[1,0,0],[0,1,0],[8,75,181]]
[[0,0,0],[1,0,0],[0,1,0],[3,62,181]]
[[0,0,0],[1,0,0],[0,1,0],[9,32,181]]
[[0,0,0],[1,0,0],[0,1,0],[10,82,181]]
[[0,0,0],[1,0,0],[0,1,0],[12,84,181]]
[[0,0,0],[1,0,0],[0,1,0],[27,74,181]]
[[0,0,0],[1,0,0],[0,1,0],[2,53,181]]
[[0,0,0],[1,0,0],[0,1,0],[17,65,181]]
[[0,0,0],[1,0,0],[0,1,0],[30,49,181]]
[[0,0,0],[1,0,0],[0,1,0],[2,58,181]]
[[0,0,0],[1,0,0],[0,1,0],[31,40,181]]
[[0,0,0],[1,0,0],[0,1,0],[5,21,181]]
[[0,0,0],[1,0,0],[0,1,0],[4,6,181]]
[[0,0,0],[1,0,0],[0,1,0],[13,62,181]]
[[0,0,0],[1,0,0],[0,1,0],[15,171,181]]
[[0,0,0],[1,0,0],[0,1,0],[42,61,181]]
[[0,0,0],[1,0,0],[0,1,0],[7,62,181]]
[[0,0,0],[1,0,0],[0,1,0],[5,177,181]]
[[0,0,0],[1,0,0],[0,1,0],[1,61,181]]
[[0,0,0],[1,0,0],[0,1,0],[6,76,181]]
[[0,0,0],[1,0,0],[0,1,0],[17,76,181]]
[[0,0,0],[1,0,0],[0,1,0],[6,34,181]]
[[0,0,0],[1,0,0],[0,1,0],[15,50,181]]
[[0,0,0],[1,0,0],[0,1,0],[15,37,181]]
[[0,0,0],[1,0,0],[0,1,0],[18,64,181]]
[[0,0,0],[1,0,0],[0,1,0],[9,70,181]]
[[0,0,0],[1,0,0],[0,1,0],[16,38,181]]
[[0,0,0],[1,0,0],[0,1,0],[4,16,181]]
[[0,0,0],[1,0,0],[0,1,0],[31,67,181]]
[[0,0,0],[1,0,0],[0,1,0],[13,41,181]]
[[0,0,0],[1,0,0],[0,1,0],[10,86,181]]
[[0,0,0],[1,0,0],[0,1,0],[36,159,181]]
[[0,0,0],[1,0,0],[0,1,0],[67,117,181]]
[[0,0,0],[1,0,0],[0,1,0],[13,170,181]]
[[0,0,0],[1,0,0],[0,1,0],[19,19,181]]
[[0,0,0],[1,0,0],[0,1,0],[39,144,181]]
[[0,0,0],[1,0,0],[0,1,0],[8,13,181]]
[[0,0,0],[1,0,0],[0,1,0],[10,50,181]]
[[0,0,0],[1,0,0],[0,1,0],[1,47,181]]
[[0,0,0],[1,0,0],[0,1,0],[10,49,181]]
[[0,0,0],[1,0,0],[0,1,0],[46,64,181]]
[[0,0,0],[1,0,0],[0,1,0],[6,64,181]]
[[0,0,0],[1,0,0],[0,1,0],[4,28,181]]
[[0,0,0],[1,0,0],[0,1,0],[46,46,181]]
[[0,0,0],[1,0,0],[0,1,0],[8,70,181]]
[[0,0,0],[1,0,0],[0,1,0],[36,66,181]]
[[0,0,0],[1,0,0],[0,1,0],[4,34,181]]
[[0,0,0],[1,0,0],[0,1,0],[4,45,181]]
[[0,0,0],[1,0,0],[0,1,0],[27,70,181]]
[[0,0,0],[1,0,0],[0,1,0],[15,40,181]]
[[0,0,0],[1,0,0],[0,1,0],[12,39,181]]
[[0,0,0],[1,0,0],[0,1,0],[23,159,181]]
[[0,0,0],[1,0,0],[0,1,0],[4,58,181]]
[[0,0,0],[1,0,0],[0,1,0],[17,77,181]]
[[0,0,0],[1,0,0],[0,1,0],[7,34,181]]
[[0,0,0],[1,0,0],[0,1,0],[24,79,181]]
[[0,0,0],[1,0,0],[0,1,0],[11,51,181]]
[[0,0,0],[1,0,0],[0,1,0],[28,48,181]]
[[0,0,0],[1,0,0],[0,1,0],[18,69,181]]
[[0,0,0],[1,0,0],[0,1,0],[55,152,181]]
[[0,0,0],[1,0,0],[0,1,0],[12,36,181]]
[[0,0,0],[1,0,0],[0,1,0],[9,60,181]]
[[0,0,0],[1,0,0],[0,1,0],[38,155,181]]
[[0,0,0],[1,0,0],[0,1,0],[2,64,181]]
[[0,0,0],[1,0,0],[0,1,0],[13,52,181]]
[[0,0,0],[1,0,0],[0,1,0],[8,28,181]]
[[0,0,0],[1,0,0],[0,1,0],[25,59,181]]
[[0,0,0],[1,0,0],[0,1,0],[7,56,181]]
[[0,0,0],[1,0,0],[0,1,0],[21,54,181]]
[[0,0,0],[1,0,0],[0,1,0],[37,148,181]]
[[0,0,0],[1,0,0],[0,1,0],[3,29,181]]
[[0,0,0],[1,0,0],[0,1,0],[16,64,181]]
[[0,0,0],[1,0,0],[0,1,0],[36,51,181]]
[[0,0,0],[1,0,0],[0,1,0],[52,141,181]]
[[0,0,0],[1,0,0],[0,1,0],[30,74,181]]
[[0,0,0],[1,0,0],[0,1,0],[15,24,181]]
[[0,0,0],[1,0,0],[0,1,0],[18,23,181]]
[[0,0,0],[1,0,0],[0,1,0],[16,31,181]]
[[0,0,0],[1,0,0],[0,1,0],[58,62,181]]
[[0,0,0],[1,0,0],[0,1,0],[17,59,181]]
[[0,0,0],[1,0,0],[0,1,0],[44,51,181]]
[[0,0,0],[1,0,0],[0,1,0],[24,76,181]]
[[0,0,0],[1,0,0],[0,1,0],[7,26,181]]
[[0,0,0],[1,0,0],[0,1,0],[2,30,181]]
[[0,0,0],[1,0,0],[0,1,0],[8,46,181]]
[[0,0,0],[1,0,0],[0,1,0],[20,55,181]]
[[0,0,0],[1,0,0],[0,1,0],[20,54,181]]
[[0,0,0],[1,0,0],[0,1,0],[19,73,181]]
[[0,0,0],[1,0,0],[0,1,0],[5,53,181]]
[[0,0,0],[1,0,0],[0,1,0],[7,73,181]]
[[0,0,0],[1,0,0],[0,1,0],[20,45,181]]
[[0,0,0],[1,0,0],[0,1,0],[21,48,181]]
[[0,0,0],[1,0,0],[0,1,0],[42,56,181]]
[[0,0,0],[1,0,0],[0,1,0],[31,159,181]]
[[0,0,0],[1,0,0],[0,1,0],[20,67,181]]
[[0,0,0],[1,0,0],[0,1,0],[11,11,181]]
[[0,0,0],[1,0,0],[0,1,0],[18,44,181]]
[[0,0,0],[1,0,0],[0,1,0],[16,22,181]]
[[0,0,0],[1,0,0],[0,1,0],[0,1,181]]
[[0,0,0],[1,0,0],[0,1,0],[8,14,181]]
[[0,0,0],[1,0,0],[0,1,0],[8,24,181]]
[[0,0,0],[1,0,0],[0,1,0],[2,13,181]]
[[0,0,0],[1,0,0],[0,1,0],[52,130,181]]
[[0,0,0],[1,0,0],[0,1,0],[6,54,181]]
[[0,0,0],[1,0,0],[0,1,0],[9,25,181]]
[[0,0,0],[1,0,0],[0,1,0],[20,165,181]]
[[0,0,0],[1,0,0],[0,1,0],[22,64,181]]
[[0,0,0],[1,0,0],[0,1,0],[11,59,181]]
[[0,0,0],[1,0,0],[0,1,0],[9,79,181]]
[[0,0,0],[1,0,0],[0,1,0],[1,6,181]]
[[0,0,0],[1,0,0],[0,1,0],[35,37,181]]
[[0,0,0],[1,0,0],[0,1,0],[11,13,181]]
[[0,0,0],[1,0,0],[0,1,0],[22,28,181]]
[[0,0,0],[1,0,0],[0,1,0],[24,66,181]]
[[0,0,0],[1,0,0],[0,1,0],[22,42,181]]
[[0,0,0],[1,0,0],[0,1,0],[3,18,181]]
[[0,0,0],[1,0,0],[0,1,0],[5,65,181]]
[[0,0,0],[1,0,0],[0,1,0],[15,21,181]]
[[0,0,0],[1,0,0],[0,1,0],[8,50,181]]
[[0,0,0],[1,0,0],[0,1,0],[2,85,181]]
[[0,0,0],[1,0,0],[0,1,0],[18,27,181]]
[[0,0,0],[1,0,0],[0,1,0],[7,82,181]]
[[0,0,0],[1,0,0],[0,1,0],[3,9,181]]
[[0,0,0],[1,0,0],[0,1,0],[1,62,181]]
[[0,0,0],[1,0,0],[0,1,0],[2,39,181]]
[[0,0,0],[1,0,0],[0,1,0],[13,173,181]]
[[0,0,0],[1,0,0],[0,1,0],[3,31,181]]
[[0,0,0],[1,0,0],[0,1,0],[10,12,181]]
[[0,0,0],[1,0,0],[0,1,0],[43,64,181]]
[[0,0,0],[1,0,0],[0,1,0],[6,68,181]]
[[0,0,0],[1,0,0],[0,1,0],[24,24,181]]
[[0,0,0],[1,0,0],[0,1,0],[7,45,181]]
[[0,0,0],[1,0,0],[0,1,0],[3,14,181]]
[[0,0,0],[1,0,0],[0,1,0],[13,72,181]]
[[0,0,0],[1,0,0],[0,1,0],[15,54,181]]
[[0,0,0],[1,0,0],[0,1,0],[19,37,181]]
[[0,0,0],[1,0,0],[0,1,0],[6,28,181]]
[[0,0,0],[1,0,0],[0,1,0],[3,44,181]]
[[0,0,0],[1,0,0],[0,1,0],[38,56,181]]
[[0,0,0],[1,0,0],[0,1,0],[1,2,181]]
[[0,0,0],[1,0,0],[0,1,0],[2,8,181]]
[[0,0,0],[1,0,0],[0,1,0],[3,76,181]]
[[0,0,0],[1,0,0],[0,1,0],[55,154,181]]
[[0,0,0],[1,0,0],[0,1,0],[7,60,181]]
[[0,0,0],[1,0,0],[0,1,0],[2,18,181]]
[[0,0,0],[1,0,0],[0,1,0],[18,79,181]]
[[0,0,0],[1,0,0],[0,1,0],[6,12,181]]
[[0,0,0],[1,0,0],[0,1,0],[23,58,181]]
[[0,0,0],[1,0,0],[0,1,0],[5,25,181]]
[[0,0,0],[1,0,0],[0,1,0],[3,73,181]]
[[0,0,0],[1,0,0],[0,1,0],[5,78,181]]
[[0,0,0],[1,0,0],[0,1,0],[7,63,181]]
[[0,0,0],[1,0,0],[0,1,0],[13,44,181]]
[[0,0,0],[1,0,0],[0,1,0],[23,25,181]]
[[0,0,0],[1,0,0],[0,1,0],[5,13,181]]
[[0,0,0],[1,0,0],[0,1,0],[8,66,181]]
[[0,0,0],[1,0,0],[0,1,0],[40,52,181]]
[[0,0,0],[1,0,0],[0,1,0],[12,14,181]]
[[0,0,0],[1,0,0],[0,1,0],[8,76,181]]
[[0,0,0],[1,0,0],[0,1,0],[4,21,181]]
[[0,0,0],[1,0,0],[0,1,0],[49,154,181]]
[[0,0,0],[1,0,0],[0,1,0],[16,23,181]]
[[0,0,0],[1,0,0],[0,1,0],[3,74,181]]
[[0,0,0],[1,0,0],[0,1,0],[8,27,181]]
[[0,0,0],[1,0,0],[0,1,0],[17,37,181]]
[[0,0,0],[1,0,0],[0,1,0],[18,30,181]]
[[0,0,0],[1,0,0],[0,1,0],[13,17,181]]
