[[0,0,0],[1,0,0],[0,1,0],[96,121,183]]
[[0,0,0],[1,0,0],[0,1,0],[18,109,183]]
[[0,0,0],[1,0,0],[0,1,0],[117,88,183]]
[[0,0,0],[1,0,0],[0,1,0],[42,151,183]]
[[0,0,0],[1,0,0],[0,1,0],[14,26,183]]
[[0,0,0],[1,0,0],[0,1,0],[45,79,183]]
[[0,0,0],[1,0,0],[0,1,0],[27,73,183]]
[[0,0,0],[1,0,0],[0,1,0],[10,13,183]]
[[0,0,0],[1,0,0],[0,1,0],[34,161,183]]
[[0,0,0],[1,0,0],[0,1,0],[126,103,183]]
[[0,0,0],[1,0,0],[0,1,0],[66,19,183]]
[[0,0,0],[1,0,0],[0,1,0],[2,34,183]]
[[0,0,0],[1,0,0],[0,1,0],[3,106,183]]
[[0,0,0],[1,0,0],[0,1,0],[35,77,183]]
[[0,0,0],[1,0,0],[0,1,0],[14,116,183]]
[[0,0,0],[1,0,0],[0,1,0],[14,86,183]]
[[0,0,0],[1,0,0],[0,1,0],[30,19,183]]
[[0,0,0],[1,0,0],[0,1,0],[7,40,183]]
[[0,0,0],[1,0,0],[0,1,0],[1,7,183]]
[[0,0,0],[1,0,0],[0,1,0],[43,58,183]]
[[0,0,0],[1,0,0],[0,1,0],[41,47,183]]
[[0,0,0],[1,0,0],[0,1,0],[11,14,183]]
[[0,0,0],[1,0,0],[0,1,0],[69,148,183]]
[[0,0,0],[1,0,0],[0,1,0],[24,55,183]]
[[0,0,0],[1,0,0],[0,1,0],[37,49,183]]
[[0,0,0],[1,0,0],[0,1,0],[3,136,183]]
[[0,0,0],[1,0,0],[0,1,0],[32,173,183]]
[[0,0,0],[1,0,0],[0,1,0],[18,112,183]]
[[0,0,0],[1,0,0],[0,1,0],[69,43,183]]
[[0,0,0],[1,0,0],[0,1,0],[18,34,183]]
[[0,0,0],[1,0,0],[0,1,0],[42,163,183]]
[[0,0,0],[1,0,0],[0,1,0],[18,103,183]]
[[0,0,0],[1,0,0],[0,1,0],[54,31,183]]
[[0,0,0],[1,0,0],[0,1,0],[11,37,183]]
[[0,0,0],[1,0,0],[0,1,0],[27,157,183]]
[[0,0,0],[1,0,0],[0,1,0],[95,182,183]]
[[0,0,0],[1,0,0],[0,1,0],[14,53,183]]
[[0,0,0],[1,0,0],[0,1,0],[17,68,183]]
[[0,0,0],[1,0,0],[0,1,0],[6,100,183]]
[[0,0,0],[1,0,0],[0,1,0],[32,56,183]]
[[0,0,0],[1,0,0],[0,1,0],[18,175,183]]
[[0,0,0],[1,0,0],[0,1,0],[81,154,183]]
[[0,0,0],[1,0,0],[0,1,0],[24,64,183]]
[[0,0,0],[1,0,0],[0,1,0],[60,172,183]]
[[0,0,0],[1,0,0],[0,1,0],[2,143,183]]
[[0,0,0],[1,0,0],[0,1,0],[38,182,183]]
[[0,0,0],[1,0,0],[0,1,0],[18,136,183]]
[[0,0,0],[1,0,0],[0,1,0],[14,65,183]]
[[0,0,0],[1,0,0],[0,1,0],[56,167,183]]
[[0,0,0],[1,0,0],[0,1,0],[3,163,183]]
[[0,0,0],[1,0,0],[0,1,0],[19,71,183]]
[[0,0,0],[1,0,0],[0,1,0],[81,160,183]]
[[0,0,0],[1,0,0],[0,1,0],[10,86,183]]
[[0,0,0],[1,0,0],[0,1,0],[28,34,183]]
[[0,0,0],[1,0,0],[0,1,0],[2,8,183]]
[[0,0,0],[1,0,0],[0,1,0],[28,38,183]]
[[0,0,0],[1,0,0],[0,1,0],[36,172,183]]
[[0,0,0],[1,0,0],[0,1,0],[9,124,183]]
[[0,0,0],[1,0,0],[0,1,0],[2,5,183]]
[[0,0,0],[1,0,0],[0,1,0],[72,13,183]]
[[0,0,0],[1,0,0],[0,1,0],[21,40,183]]
[[0,0,0],[1,0,0],[0,1,0],[15,109,183]]
[[0,0,0],[1,0,0],[0,1,0],[33,28,183]]
[[0,0,0],[1,0,0],[0,1,0],[20,80,183]]
[[0,0,0],[1,0,0],[0,1,0],[26,104,183]]
[[0,0,0],[1,0,0],[0,1,0],[90,127,183]]
[[0,0,0],[1,0,0],[0,1,0],[15,70,183]]
[[0,0,0],[1,0,0],[0,1,0],[24,178,183]]
[[0,0,0],[1,0,0],[0,1,0],[42,142,183]]
[[0,0,0],[1,0,0],[0,1,0],[30,121,183]]
[[0,0,0],[1,0,0],[0,1,0],[30,91,183]]
[[0,0,0],[1,0,0],[0,1,0],[11,29,183]]
[[0,0,0],[1,0,0],[0,1,0],[63,28,183]]
[[0,0,0],[1,0,0],[0,1,0],[4,22,183]]
[[0,0,0],[1,0,0],[0,1,0],[13,62,183]]
[[0,0,0],[1,0,0],[0,1,0],[42,175,183]]
[[0,0,0],[1,0,0],[0,1,0],[33,91,183]]
[[0,0,0],[1,0,0],[0,1,0],[36,40,183]]
[[0,0,0],[1,0,0],[0,1,0],[14,74,183]]
[[0,0,0],[1,0,0],[0,1,0],[7,82,183]]
[[0,0,0],[1,0,0],[0,1,0],[51,73,183]]
[[0,0,0],[1,0,0],[0,1,0],[18,88,183]]
[[0,0,0],[1,0,0],[0,1,0],[7,35,183]]
[[0,0,0],[1,0,0],[0,1,0],[2,38,183]]
[[0,0,0],[1,0,0],[0,1,0],[29,158,183]]
[[0,0,0],[1,0,0],[0,1,0],[36,178,183]]
[[0,0,0],[1,0,0],[0,1,0],[9,55,183]]
[[0,0,0],[1,0,0],[0,1,0],[21,31,183]]
[[0,0,0],[1,0,0],[0,1,0],[33,85,183]]
[[0,0,0],[1,0,0],[0,1,0],[44,80,183]]
[[0,0,0],[1,0,0],[0,1,0],[75,139,183]]
[[0,0,0],[1,0,0],[0,1,0],[45,154,183]]
[[0,0,0],[1,0,0],[0,1,0],[18,52,183]]
[[0,0,0],[1,0,0],[0,1,0],[30,85,183]]
[[0,0,0],[1,0,0],[0,1,0],[47,167,183]]
[[0,0,0],[1,0,0],[0,1,0],[29,116,183]]
[[0,0,0],[1,0,0],[0,1,0],[8,31,183]]
[[0,0,0],[1,0,0],[0,1,0],[62,80,183]]
[[0,0,0],[1,0,0],[0,1,0],[4,20,183]]
[[0,0,0],[1,0,0],[0,1,0],[17,44,183]]
[[0,0,0],[1,0,0],[0,1,0],[21,109,183]]
[[0,0,0],[1,0,0],[0,1,0],[15,108,183]]
[[0,0,0],[1,0,0],[0,1,0],[71,86,183]]
[[0,0,0],[1,0,0],[0,1,0],[15,106,183]]
[[0,0,0],[1,0,0],[0,1,0],[99,169,183]]
[[0,0,0],[1,0,0],[0,1,0],[45,13,183]]
[[0,0,0],[1,0,0],[0,1,0],[51,37,183]]
[[0,0,0],[1,0,0],[0,1,0],[9,175,183]]
[[0,0,0],[1,0,0],[0,1,0],[38,95,183]]
[[0,0,0],[1,0,0],[0,1,0],[72,154,183]]
[[0,0,0],[1,0,0],[0,1,0],[26,43,183]]
[[0,0,0],[1,0,0],[0,1,0],[16,59,183]]
[[0,0,0],[1,0,0],[0,1,0],[78,178,183]]
[[0,0,0],[1,0,0],[0,1,0],[27,88,183]]
[[0,0,0],[1,0,0],[0,1,0],[8,146,183]]
[[0,0,0],[1,0,0],[0,1,0],[77,95,183]]
[[0,0,0],[1,0,0],[0,1,0],[66,121,183]]
[[0,0,0],[1,0,0],[0,1,0],[12,13,183]]
[[0,0,0],[1,0,0],[0,1,0],[11,19,183]]
[[0,0,0],[1,0,0],[0,1,0],[15,22,183]]
[[0,0,0],[1,0,0],[0,1,0],[14,161,183]]
[[0,0,0],[1,0,0],[0,1,0],[12,50,183]]
[[0,0,0],[1,0,0],[0,1,0],[8,52,183]]
[[0,0,0],[1,0,0],[0,1,0],[11,101,183]]
[[0,0,0],[1,0,0],[0,1,0],[8,65,183]]
[[0,0,0],[1,0,0],[0,1,0],[26,167,183]]
[[0,0,0],[1,0,0],[0,1,0],[41,179,183]]
[[0,0,0],[1,0,0],[0,1,0],[66,136,183]]
[[0,0,0],[1,0,0],[0,1,0],[4,86,183]]
[[0,0,0],[1,0,0],[0,1,0],[8,34,183]]
[[0,0,0],[1,0,0],[0,1,0],[6,133,183]]
[[0,0,0],[1,0,0],[0,1,0],[8,116,183]]
[[0,0,0],[1,0,0],[0,1,0],[12,127,183]]
[[0,0,0],[1,0,0],[0,1,0],[9,46,183]]
[[0,0,0],[1,0,0],[0,1,0],[54,142,183]]
[[0,0,0],[1,0,0],[0,1,0],[14,137,183]]
[[0,0,0],[1,0,0],[0,1,0],[36,91,183]]
[[0,0,0],[1,0,0],[0,1,0],[5,55,183]]
[[0,0,0],[1,0,0],[0,1,0],[1,28,183]]
[[0,0,0],[1,0,0],[0,1,0],[57,133,183]]
[[0,0,0],[1,0,0],[0,1,0],[11,116,183]]
[[0,0,0],[1,0,0],[0,1,0],[40,145,183]]
[[0,0,0],[1,0,0],[0,1,0],[5,64,183]]
[[0,0,0],[1,0,0],[0,1,0],[11,26,183]]
[[0,0,0],[1,0,0],[0,1,0],[34,68,183]]
[[0,0,0],[1,0,0],[0,1,0],[17,26,183]]
[[0,0,0],[1,0,0],[0,1,0],[43,149,183]]
[[0,0,0],[1,0,0],[0,1,0],[105,142,183]]
[[0,0,0],[1,0,0],[0,1,0],[69,37,183]]
[[0,0,0],[1,0,0],[0,1,0],[33,70,183]]
[[0,0,0],[1,0,0],[0,1,0],[41,164,183]]
[[0,0,0],[1,0,0],[0,1,0],[2,167,183]]
[[0,0,0],[1,0,0],[0,1,0],[24,70,183]]
[[0,0,0],[1,0,0],[0,1,0],[5,146,183]]
[[0,0,0],[1,0,0],[0,1,0],[99,97,183]]
[[0,0,0],[1,0,0],[0,1,0],[2,47,183]]
[[0,0,0],[1,0,0],[0,1,0],[38,137,183]]
[[0,0,0],[1,0,0],[0,1,0],[5,22,183]]
[[0,0,0],[1,0,0],[0,1,0],[2,43,183]]
[[0,0,0],[1,0,0],[0,1,0],[2,107,183]]
[[0,0,0],[1,0,0],[0,1,0],[11,143,183]]
[[0,0,0],[1,0,0],[0,1,0],[63,46,183]]
[[0,0,0],[1,0,0],[0,1,0],[20,167,183]]
[[0,0,0],[1,0,0],[0,1,0],[38,59,183]]
[[0,0,0],[1,0,0],[0,1,0],[108,142,183]]
[[0,0,0],[1,0,0],[0,1,0],[22,163,183]]
[[0,0,0],[1,0,0],[0,1,0],[26,113,183]]
[[0,0,0],[1,0,0],[0,1,0],[56,134,183]]
[[0,0,0],[1,0,0],[0,1,0],[8,13,183]]
[[0,0,0],[1,0,0],[0,1,0],[2,131,183]]
[[0,0,0],[1,0,0],[0,1,0],[9,52,183]]
[[0,0,0],[1,0,0],[0,1,0],[20,125,183]]
[[0,0,0],[1,0,0],[0,1,0],[3,31,183]]
[[0,0,0],[1,0,0],[0,1,0],[24,49,183]]
[[0,0,0],[1,0,0],[0,1,0],[80,158,183]]
[[0,0,0],[1,0,0],[0,1,0],[21,46,183]]
[[0,0,0],[1,0,0],[0,1,0],[66,7,183]]
[[0,0,0],[1,0,0],[0,1,0],[59,182,183]]
[[0,0,0],[1,0,0],[0,1,0],[2,35,183]]
[[0,0,0],[1,0,0],[0,1,0],[147,55,183]]
[[0,0,0],[1,0,0],[0,1,0],[11,31,183]]
[[0,0,0],[1,0,0],[0,1,0],[3,43,183]]
[[0,0,0],[1,0,0],[0,1,0],[5,170,183]]
[[0,0,0],[1,0,0],[0,1,0],[18,79,183]]
[[0,0,0],[1,0,0],[0,1,0],[2,101,183]]
[[0,0,0],[1,0,0],[0,1,0],[29,29,183]]
[[0,0,0],[1,0,0],[0,1,0],[9,154,183]]
[[0,0,0],[1,0,0],[0,1,0],[8,26,183]]
[[0,0,0],[1,0,0],[0,1,0],[12,154,183]]
[[0,0,0],[1,0,0],[0,1,0],[31,73,183]]
[[0,0,0],[1,0,0],[0,1,0],[105,139,183]]
[[0,0,0],[1,0,0],[0,1,0],[22,167,183]]
[[0,0,0],[1,0,0],[0,1,0],[29,59,183]]
[[0,0,0],[1,0,0],[0,1,0],[32,86,183]]
[[0,0,0],[1,0,0],[0,1,0],[60,43,183]]
[[0,0,0],[1,0,0],[0,1,0],[5,83,183]]
[[0,0,0],[1,0,0],[0,1,0],[6,112,183]]
[[0,0,0],[1,0,0],[0,1,0],[38,47,183]]
[[0,0,0],[1,0,0],[0,1,0],[2,14,183]]
[[0,0,0],[1,0,0],[0,1,0],[19,74,183]]
[[0,0,0],[1,0,0],[0,1,0],[26,161,183]]
[[0,0,0],[1,0,0],[0,1,0],[48,139,183]]
[[0,0,0],[1,0,0],[0,1,0],[51,1,183]]
[[0,0,0],[1,0,0],[0,1,0],[45,163,183]]
[[0,0,0],[1,0,0],[0,1,0],[75,118,183]]
[[0,0,0],[1,0,0],[0,1,0],[10,10,183]]
[[0,0,0],[1,0,0],[0,1,0],[3,157,183]]
[[0,0,0],[1,0,0],[0,1,0],[65,98,183]]
[[0,0,0],[1,0,0],[0,1,0],[2,10,183]]
[[0,0,0],[1,0,0],[0,1,0],[33,13,183]]
[[0,0,0],[1,0,0],[0,1,0],[4,25,183]]
[[0,0,0],[1,0,0],[0,1,0],[13,31,183]]
[[0,0,0],[1,0,0],[0,1,0],[141,165,183]]
[[0,0,0],[1,0,0],[0,1,0],[8,113,183]]
[[0,0,0],[1,0,0],[0,1,0],[7,28,183]]
[[0,0,0],[1,0,0],[0,1,0],[33,76,183]]
[[0,0,0],[1,0,0],[0,1,0],[60,64,183]]
[[0,0,0],[1,0,0],[0,1,0],[41,145,183]]
[[0,0,0],[1,0,0],[0,1,0],[75,7,183]]
[[0,0,0],[1,0,0],[0,1,0],[3,40,183]]
[[0,0,0],[1,0,0],[0,1,0],[11,11,183]]
[[0,0,0],[1,0,0],[0,1,0],[7,56,183]]
[[0,0,0],[1,0,0],[0,1,0],[63,136,183]]
[[0,0,0],[1,0,0],[0,1,0],[6,70,183]]
[[0,0,0],[1,0,0],[0,1,0],[7,71,183]]
[[0,0,0],[1,0,0],[0,1,0],[9,40,183]]
[[0,0,0],[1,0,0],[0,1,0],[27,1,183]]
[[0,0,0],[1,0,0],[0,1,0],[31,65,183]]
[[0,0,0],[1,0,0],[0,1,0],[5,77,183]]
[[0,0,0],[1,0,0],[0,1,0],[27,46,183]]
[[0,0,0],[1,0,0],[0,1,0],[12,111,183]]
[[0,0,0],[1,0,0],[0,1,0],[15,133,183]]
[[0,0,0],[1,0,0],[0,1,0],[10,56,183]]
[[0,0,0],[1,0,0],[0,1,0],[41,163,183]]
[[0,0,0],[1,0,0],[0,1,0],[56,182,183]]
[[0,0,0],[1,0,0],[0,1,0],[3,133,183]]
[[0,0,0],[1,0,0],[0,1,0],[30,97,183]]
[[0,0,0],[1,0,0],[0,1,0],[48,31,183]]
[[0,0,0],[1,0,0],[0,1,0],[158,158,183]]
[[0,0,0],[1,0,0],[0,1,0],[29,41,183]]
[[0,0,0],[1,0,0],[0,1,0],[81,178,183]]
[[0,0,0],[1,0,0],[0,1,0],[15,37,183]]
[[0,0,0],[1,0,0],[0,1,0],[9,160,183]]
[[0,0,0],[1,0,0],[0,1,0],[15,130,183]]
[[0,0,0],[1,0,0],[0,1,0],[11,32,183]]
[[0,0,0],[1,0,0],[0,1,0],[16,64,183]]
[[0,0,0],[1,0,0],[0,1,0],[78,1,183]]
[[0,0,0],[1,0,0],[0,1,0],[11,58,183]]
[[0,0,0],[1,0,0],[0,1,0],[39,1,183]]
[[0,0,0],[1,0,0],[0,1,0],[96,97,183]]
[[0,0,0],[1,0,0],[0,1,0],[5,167,183]]
[[0,0,0],[1,0,0],[0,1,0],[5,110,183]]
[[0,0,0],[1,0,0],[0,1,0],[8,73,183]]
[[0,0,0],[1,0,0],[0,1,0],[13,22,183]]
[[0,0,0],[1,0,0],[0,1,0],[27,175,183]]
[[0,0,0],[1,0,0],[0,1,0],[14,125,183]]
[[0,0,0],[1,0,0],[0,1,0],[65,146,183]]
[[0,0,0],[1,0,0],[0,1,0],[15,25,183]]
[[0,0,0],[1,0,0],[0,1,0],[30,46,183]]
[[0,0,0],[1,0,0],[0,1,0],[22,32,183]]
[[0,0,0],[1,0,0],[0,1,0],[87,115,183]]
[[0,0,0],[1,0,0],[0,1,0],[9,157,183]]
[[0,0,0],[1,0,0],[0,1,0],[6,82,183]]
[[0,0,0],[1,0,0],[0,1,0],[27,106,183]]
[[0,0,0],[1,0,0],[0,1,0],[14,143,183]]
[[0,0,0],[1,0,0],[0,1,0],[60,10,183]]
[[0,0,0],[1,0,0],[0,1,0],[72,139,183]]
[[0,0,0],[1,0,0],[0,1,0],[93,181,183]]
[[0,0,0],[1,0,0],[0,1,0],[66,157,183]]
[[0,0,0],[1,0,0],[0,1,0],[10,35,183]]
[[0,0,0],[1,0,0],[0,1,0],[5,79,183]]
[[0,0,0],[1,0,0],[0,1,0],[80,86,183]]
[[0,0,0],[1,0,0],[0,1,0],[138,88,183]]
[[0,0,0],[1,0,0],[0,1,0],[12,7,183]]
[[0,0,0],[1,0,0],[0,1,0],[2,134,183]]
[[0,0,0],[1,0,0],[0,1,0],[66,148,183]]
[[0,0,0],[1,0,0],[0,1,0],[3,145,183]]
[[0,0,0],[1,0,0],[0,1,0],[12,67,183]]
[[0,0,0],[1,0,0],[0,1,0],[11,182,183]]
[[0,0,0],[1,0,0],[0,1,0],[66,34,183]]
[[0,0,0],[1,0,0],[0,1,0],[19,173,183]]
[[0,0,0],[1,0,0],[0,1,0],[14,152,183]]
[[0,0,0],[1,0,0],[0,1,0],[35,53,183]]
[[0,0,0],[1,0,0],[0,1,0],[42,10,183]]
[[0,0,0],[1,0,0],[0,1,0],[8,155,183]]
[[0,0,0],[1,0,0],[0,1,0],[1,49,183]]
[[0,0,0],[1,0,0],[0,1,0],[3,73,183]]
[[0,0,0],[1,0,0],[0,1,0],[96,109,183]]
[[0,0,0],[1,0,0],[0,1,0],[18,85,183]]
[[0,0,0],[1,0,0],[0,1,0],[7,76,183]]
[[0,0,0],[1,0,0],[0,1,0],[32,40,183]]
[[0,0,0],[1,0,0],[0,1,0],[11,179,183]]
[[0,0,0],[1,0,0],[0,1,0],[3,175,183]]
[[0,0,0],[1,0,0],[0,1,0],[4,83,183]]
[[0,0,0],[1,0,0],[0,1,0],[15,52,183]]
[[0,0,0],[1,0,0],[0,1,0],[29,113,183]]
[[0,0,0],[1,0,0],[0,1,0],[29,80,183]]
[[0,0,0],[1,0,0],[0,1,0],[12,40,183]]
[[0,0,0],[1,0,0],[0,1,0],[26,116,183]]
[[0,0,0],[1,0,0],[0,1,0],[35,152,183]]
[[0,0,0],[1,0,0],[0,1,0],[48,34,183]]
[[0,0,0],[1,0,0],[0,1,0],[8,43,183]]
[[0,0,0],[1,0,0],[0,1,0],[39,64,183]]
[[0,0,0],[1,0,0],[0,1,0],[4,70,183]]
[[0,0,0],[1,0,0],[0,1,0],[6,166,183]]
[[0,0,0],[1,0,0],[0,1,0],[34,62,183]]
[[0,0,0],[1,0,0],[0,1,0],[41,160,183]]
[[0,0,0],[1,0,0],[0,1,0],[9,28,183]]
[[0,0,0],[1,0,0],[0,1,0],[32,158,183]]
[[0,0,0],[1,0,0],[0,1,0],[117,121,183]]
[[0,0,0],[1,0,0],[0,1,0],[7,14,183]]
[[0,0,0],[1,0,0],[0,1,0],[54,154,183]]
[[0,0,0],[1,0,0],[0,1,0],[65,158,183]]
[[0,0,0],[1,0,0],[0,1,0],[29,62,183]]
[[0,0,0],[1,0,0],[0,1,0],[87,118,183]]
[[0,0,0],[1,0,0],[0,1,0],[38,74,183]]
[[0,0,0],[1,0,0],[0,1,0],[41,41,183]]
[[0,0,0],[1,0,0],[0,1,0],[1,35,183]]
[[0,0,0],[1,0,0],[0,1,0],[65,161,183]]
[[0,0,0],[1,0,0],[0,1,0],[3,7,183]]
[[0,0,0],[1,0,0],[0,1,0],[34,151,183]]
[[0,0,0],[1,0,0],[0,1,0],[20,59,183]]
[[0,0,0],[1,0,0],[0,1,0],[3,19,183]]
[[0,0,0],[1,0,0],[0,1,0],[27,103,183]]
[[0,0,0],[1,0,0],[0,1,0],[18,178,183]]
[[0,0,0],[1,0,0],[0,1,0],[38,152,183]]
[[0,0,0],[1,0,0],[0,1,0],[44,134,183]]
[[0,0,0],[1,0,0],[0,1,0],[36,34,183]]
[[0,0,0],[1,0,0],[0,1,0],[8,131,183]]
[[0,0,0],[1,0,0],[0,1,0],[2,76,183]]
[[0,0,0],[1,0,0],[0,1,0],[51,151,183]]
[[0,0,0],[1,0,0],[0,1,0],[41,128,183]]
[[0,0,0],[1,0,0],[0,1,0],[42,19,183]]
[[0,0,0],[1,0,0],[0,1,0],[57,172,183]]
[[0,0,0],[1,0,0],[0,1,0],[47,47,183]]
[[0,0,0],[1,0,0],[0,1,0],[33,46,183]]
[[0,0,0],[1,0,0],[0,1,0],[12,148,183]]
[[0,0,0],[1,0,0],[0,1,0],[80,80,183]]
[[0,0,0],[1,0,0],[0,1,0],[11,47,183]]
[[0,0,0],[1,0,0],[0,1,0],[17,70,183]]
[[0,0,0],[1,0,0],[0,1,0],[43,145,183]]
[[0,0,0],[1,0,0],[0,1,0],[14,164,183]]
[[0,0,0],[1,0,0],[0,1,0],[45,139,183]]
[[0,0,0],[1,0,0],[0,1,0],[2,91,183]]
[[0,0,0],[1,0,0],[0,1,0],[99,94,183]]
[[0,0,0],[1,0,0],[0,1,0],[81,115,183]]
[[0,0,0],[1,0,0],[0,1,0],[27,76,183]]
[[0,0,0],[1,0,0],[0,1,0],[26,74,183]]
[[0,0,0],[1,0,0],[0,1,0],[56,59,183]]
[[0,0,0],[1,0,0],[0,1,0],[7,178,183]]
[[0,0,0],[1,0,0],[0,1,0],[28,161,183]]
[[0,0,0],[1,0,0],[0,1,0],[11,178,183]]
[[0,0,0],[1,0,0],[0,1,0],[32,71,183]]
[[0,0,0],[1,0,0],[0,1,0],[54,25,183]]
[[0,0,0],[1,0,0],[0,1,0],[114,131,183]]
[[0,0,0],[1,0,0],[0,1,0],[31,62,183]]
[[0,0,0],[1,0,0],[0,1,0],[8,125,183]]
[[0,0,0],[1,0,0],[0,1,0],[66,16,183]]
[[0,0,0],[1,0,0],[0,1,0],[6,4,183]]
[[0,0,0],[1,0,0],[0,1,0],[11,107,183]]
[[0,0,0],[1,0,0],[0,1,0],[35,56,183]]
[[0,0,0],[1,0,0],[0,1,0],[60,7,183]]
[[0,0,0],[1,0,0],[0,1,0],[4,52,183]]
[[0,0,0],[1,0,0],[0,1,0],[39,166,183]]
[[0,0,0],[1,0,0],[0,1,0],[41,74,183]]
[[0,0,0],[1,0,0],[0,1,0],[36,1,183]]
[[0,0,0],[1,0,0],[0,1,0],[2,53,183]]
[[0,0,0],[1,0,0],[0,1,0],[54,69,183]]
[[0,0,0],[1,0,0],[0,1,0],[54,1,183]]
[[0,0,0],[1,0,0],[0,1,0],[3,59,183]]
[[0,0,0],[1,0,0],[0,1,0],[11,176,183]]
[[0,0,0],[1,0,0],[0,1,0],[17,77,183]]
[[0,0,0],[1,0,0],[0,1,0],[51,178,183]]
[[0,0,0],[1,0,0],[0,1,0],[4,10,183]]
[[0,0,0],[1,0,0],[0,1,0],[27,94,183]]
[[0,0,0],[1,0,0],[0,1,0],[9,85,183]]
[[0,0,0],[1,0,0],[0,1,0],[17,32,183]]
[[0,0,0],[1,0,0],[0,1,0],[10,50,183]]
[[0,0,0],[1,0,0],[0,1,0],[38,173,183]]
[[0,0,0],[1,0,0],[0,1,0],[75,148,183]]
[[0,0,0],[1,0,0],[0,1,0],[17,116,183]]
[[0,0,0],[1,0,0],[0,1,0],[44,89,183]]
[[0,0,0],[1,0,0],[0,1,0],[19,166,183]]
[[0,0,0],[1,0,0],[0,1,0],[7,77,183]]
[[0,0,0],[1,0,0],[0,1,0],[8,67,183]]
[[0,0,0],[1,0,0],[0,1,0],[45,31,183]]
[[0,0,0],[1,0,0],[0,1,0],[5,19,183]]
[[0,0,0],[1,0,0],[0,1,0],[96,112,183]]
[[0,0,0],[1,0,0],[0,1,0],[2,32,183]]
[[0,0,0],[1,0,0],[0,1,0],[48,40,183]]
[[0,0,0],[1,0,0],[0,1,0],[99,112,183]]
[[0,0,0],[1,0,0],[0,1,0],[4,23,183]]
[[0,0,0],[1,0,0],[0,1,0],[33,169,183]]
[[0,0,0],[1,0,0],[0,1,0],[32,80,183]]
[[0,0,0],[1,0,0],[0,1,0],[60,58,183]]
[[0,0,0],[1,0,0],[0,1,0],[71,128,183]]
[[0,0,0],[1,0,0],[0,1,0],[72,112,183]]
[[0,0,0],[1,0,0],[0,1,0],[48,169,183]]
[[0,0,0],[1,0,0],[0,1,0],[13,43,183]]
[[0,0,0],[1,0,0],[0,1,0],[4,44,183]]
[[0,0,0],[1,0,0],[0,1,0],[51,136,183]]
[[0,0,0],[1,0,0],[0,1,0],[8,104,183]]
[[0,0,0],[1,0,0],[0,1,0],[5,41,183]]
[[0,0,0],[1,0,0],[0,1,0],[11,52,183]]
[[0,0,0],[1,0,0],[0,1,0],[3,181,183]]
[[0,0,0],[1,0,0],[0,1,0],[150,156,183]]
[[0,0,0],[1,0,0],[0,1,0],[21,97,183]]
[[0,0,0],[1,0,0],[0,1,0],[20,70,183]]
[[0,0,0],[1,0,0],[0,1,0],[28,76,183]]
[[0,0,0],[1,0,0],[0,1,0],[27,127,183]]
[[0,0,0],[1,0,0],[0,1,0],[84,109,183]]
[[0,0,0],[1,0,0],[0,1,0],[11,104,183]]
[[0,0,0],[1,0,0],[0,1,0],[39,37,183]]
[[0,0,0],[1,0,0],[0,1,0],[19,34,183]]
[[0,0,0],[1,0,0],[0,1,0],[3,115,183]]
[[0,0,0],[1,0,0],[0,1,0],[93,139,183]]
[[0,0,0],[1,0,0],[0,1,0],[22,166,183]]
[[0,0,0],[1,0,0],[0,1,0],[62,130,183]]
[[0,0,0],[1,0,0],[0,1,0],[63,55,183]]
[[0,0,0],[1,0,0],[0,1,0],[21,52,183]]
[[0,0,0],[1,0,0],[0,1,0],[29,128,183]]
[[0,0,0],[1,0,0],[0,1,0],[11,112,183]]
[[0,0,0],[1,0,0],[0,1,0],[6,103,183]]
[[0,0,0],[1,0,0],[0,1,0],[7,25,183]]
[[0,0,0],[1,0,0],[0,1,0],[65,149,183]]
[[0,0,0],[1,0,0],[0,1,0],[9,88,183]]
[[0,0,0],[1,0,0],[0,1,0],[7,179,183]]
[[0,0,0],[1,0,0],[0,1,0],[19,35,183]]
[[0,0,0],[1,0,0],[0,1,0],[33,181,183]]
[[0,0,0],[1,0,0],[0,1,0],[15,16,183]]
[[0,0,0],[1,0,0],[0,1,0],[39,163,183]]
[[0,0,0],[1,0,0],[0,1,0],[18,31,183]]
[[0,0,0],[1,0,0],[0,1,0],[126,112,183]]
[[0,0,0],[1,0,0],[0,1,0],[27,10,183]]
[[0,0,0],[1,0,0],[0,1,0],[10,44,183]]
[[0,0,0],[1,0,0],[0,1,0],[54,160,183]]
[[0,0,0],[1,0,0],[0,1,0],[7,7,183]]
[[0,0,0],[1,0,0],[0,1,0],[35,179,183]]
[[0,0,0],[1,0,0],[0,1,0],[90,154,183]]
[[0,0,0],[1,0,0],[0,1,0],[18,142,183]]
[[0,0,0],[1,0,0],[0,1,0],[36,28,183]]
[[0,0,0],[1,0,0],[0,1,0],[12,55,183]]
[[0,0,0],[1,0,0],[0,1,0],[20,44,183]]
[[0,0,0],[1,0,0],[0,1,0],[2,119,183]]
[[0,0,0],[1,0,0],[0,1,0],[56,95,183]]
[[0,0,0],[1,0,0],[0,1,0],[7,80,183]]
[[0,0,0],[1,0,0],[0,1,0],[17,86,183]]
[[0,0,0],[1,0,0],[0,1,0],[26,38,183]]
[[0,0,0],[1,0,0],[0,1,0],[22,26,183]]
[[0,0,0],[1,0,0],[0,1,0],[4,59,183]]
[[0,0,0],[1,0,0],[0,1,0],[2,73,183]]
[[0,0,0],[1,0,0],[0,1,0],[1,19,183]]
[[0,0,0],[1,0,0],[0,1,0],[10,25,183]]
[[0,0,0],[1,0,0],[0,1,0],[27,124,183]]
[[0,0,0],[1,0,0],[0,1,0],[73,172,183]]
[[0,0,0],[1,0,0],[0,1,0],[8,71,183]]
[[0,0,0],[1,0,0],[0,1,0],[24,88,183]]
[[0,0,0],[1,0,0],[0,1,0],[44,155,183]]
[[0,0,0],[1,0,0],[0,1,0],[30,115,183]]
[[0,0,0],[1,0,0],[0,1,0],[54,139,183]]
[[0,0,0],[1,0,0],[0,1,0],[11,74,183]]
[[0,0,0],[1,0,0],[0,1,0],[17,134,183]]
[[0,0,0],[1,0,0],[0,1,0],[32,182,183]]
[[0,0,0],[1,0,0],[0,1,0],[9,19,183]]
[[0,0,0],[1,0,0],[0,1,0],[75,121,183]]
[[0,0,0],[1,0,0],[0,1,0],[57,16,183]]
[[0,0,0],[1,0,0],[0,1,0],[10,62,183]]
[[0,0,0],[1,0,0],[0,1,0],[63,182,183]]
[[0,0,0],[1,0,0],[0,1,0],[108,136,183]]
[[0,0,0],[1,0,0],[0,1,0],[8,50,183]]
[[0,0,0],[1,0,0],[0,1,0],[135,171,183]]
[[0,0,0],[1,0,0],[0,1,0],[15,55,183]]
[[0,0,0],[1,0,0],[0,1,0],[29,89,183]]
[[0,0,0],[1,0,0],[0,1,0],[9,97,183]]
[[0,0,0],[1,0,0],[0,1,0],[41,52,183]]
[[0,0,0],[1,0,0],[0,1,0],[5,28,183]]
[[0,0,0],[1,0,0],[0,1,0],[20,107,183]]
[[0,0,0],[1,0,0],[0,1,0],[37,86,183]]
[[0,0,0],[1,0,0],[0,1,0],[3,151,183]]
[[0,0,0],[1,0,0],[0,1,0],[16,173,183]]
[[0,0,0],[1,0,0],[0,1,0],[93,178,183]]
[[0,0,0],[1,0,0],[0,1,0],[51,64,183]]
[[0,0,0],[1,0,0],[0,1,0],[37,56,183]]
[[0,0,0],[1,0,0],[0,1,0],[21,175,183]]
[[0,0,0],[1,0,0],[0,1,0],[2,11,183]]
[[0,0,0],[1,0,0],[0,1,0],[6,73,183]]
[[0,0,0],[1,0,0],[0,1,0],[5,101,183]]
[[0,0,0],[1,0,0],[0,1,0],[5,71,183]]
[[0,0,0],[1,0,0],[0,1,0],[30,175,183]]
[[0,0,0],[1,0,0],[0,1,0],[15,1,183]]
[[0,0,0],[1,0,0],[0,1,0],[8,80,183]]
[[0,0,0],[1,0,0],[0,1,0],[137,182,183]]
[[0,0,0],[1,0,0],[0,1,0],[35,116,183]]
[[0,0,0],[1,0,0],[0,1,0],[14,37,183]]
[[0,0,0],[1,0,0],[0,1,0],[60,124,183]]
[[0,0,0],[1,0,0],[0,1,0],[20,62,183]]
[[0,0,0],[1,0,0],[0,1,0],[7,70,183]]
[[0,0,0],[1,0,0],[0,1,0],[14,38,183]]
[[0,0,0],[1,0,0],[0,1,0],[83,149,183]]
[[0,0,0],[1,0,0],[0,1,0],[30,154,183]]
[[0,0,0],[1,0,0],[0,1,0],[81,166,183]]
[[0,0,0],[1,0,0],[0,1,0],[3,127,183]]
[[0,0,0],[1,0,0],[0,1,0],[15,154,183]]
[[0,0,0],[1,0,0],[0,1,0],[65,130,183]]
[[0,0,0],[1,0,0],[0,1,0],[66,1,183]]
[[0,0,0],[1,0,0],[0,1,0],[24,46,183]]
[[0,0,0],[1,0,0],[0,1,0],[18,4,183]]
[[0,0,0],[1,0,0],[0,1,0],[122,62,183]]
[[0,0,0],[1,0,0],[0,1,0],[99,146,183]]
[[0,0,0],[1,0,0],[0,1,0],[36,163,183]]
[[0,0,0],[1,0,0],[0,1,0],[29,73,183]]
[[0,0,0],[1,0,0],[0,1,0],[5,49,183]]
[[0,0,0],[1,0,0],[0,1,0],[2,121,183]]
[[0,0,0],[1,0,0],[0,1,0],[26,32,183]]
[[0,0,0],[1,0,0],[0,1,0],[38,116,183]]
[[0,0,0],[1,0,0],[0,1,0],[105,157,183]]
[[0,0,0],[1,0,0],[0,1,0],[8,82,183]]
[[0,0,0],[1,0,0],[0,1,0],[89,89,183]]
[[0,0,0],[1,0,0],[0,1,0],[9,25,183]]
[[0,0,0],[1,0,0],[0,1,0],[33,22,183]]
[[0,0,0],[1,0,0],[0,1,0],[56,77,183]]
[[0,0,0],[1,0,0],[0,1,0],[9,13,183]]
[[0,0,0],[1,0,0],[0,1,0],[24,115,183]]
[[0,0,0],[1,0,0],[0,1,0],[10,37,183]]
[[0,0,0],[1,0,0],[0,1,0],[5,182,183]]
[[0,0,0],[1,0,0],[0,1,0],[39,172,183]]
[[0,0,0],[1,0,0],[0,1,0],[11,155,183]]
[[0,0,0],[1,0,0],[0,1,0],[11,131,183]]
[[0,0,0],[1,0,0],[0,1,0],[19,76,183]]
[[0,0,0],[1,0,0],[0,1,0],[33,29,183]]
[[0,0,0],[1,0,0],[0,1,0],[24,94,183]]
[[0,0,0],[1,0,0],[0,1,0],[17,155,183]]
[[0,0,0],[1,0,0],[0,1,0],[8,83,183]]
[[0,0,0],[1,0,0],[0,1,0],[4,14,183]]
[[0,0,0],[1,0,0],[0,1,0],[1,34,183]]
[[0,0,0],[1,0,0],[0,1,0],[49,62,183]]
[[0,0,0],[1,0,0],[0,1,0],[9,118,183]]
[[0,0,0],[1,0,0],[0,1,0],[58,145,183]]
[[0,0,0],[1,0,0],[0,1,0],[33,34,183]]
[[0,0,0],[1,0,0],[0,1,0],[2,7,183]]
[[0,0,0],[1,0,0],[0,1,0],[36,88,183]]
[[0,0,0],[1,0,0],[0,1,0],[8,38,183]]
[[0,0,0],[1,0,0],[0,1,0],[42,81,183]]
[[0,0,0],[1,0,0],[0,1,0],[3,118,183]]
[[0,0,0],[1,0,0],[0,1,0],[20,74,183]]
[[0,0,0],[1,0,0],[0,1,0],[2,95,183]]
[[0,0,0],[1,0,0],[0,1,0],[5,58,183]]
[[0,0,0],[1,0,0],[0,1,0],[35,65,183]]
[[0,0,0],[1,0,0],[0,1,0],[12,88,183]]
[[0,0,0],[1,0,0],[0,1,0],[5,52,183]]
[[0,0,0],[1,0,0],[0,1,0],[30,166,183]]
[[0,0,0],[1,0,0],[0,1,0],[31,40,183]]
[[0,0,0],[1,0,0],[0,1,0],[67,121,183]]
[[0,0,0],[1,0,0],[0,1,0],[60,13,183]]
[[0,0,0],[1,0,0],[0,1,0],[42,85,183]]
[[0,0,0],[1,0,0],[0,1,0],[14,47,183]]
[[0,0,0],[1,0,0],[0,1,0],[2,19,183]]
[[0,0,0],[1,0,0],[0,1,0],[6,160,183]]
[[0,0,0],[1,0,0],[0,1,0],[54,7,183]]
[[0,0,0],[1,0,0],[0,1,0],[9,53,183]]
[[0,0,0],[1,0,0],[0,1,0],[14,173,183]]
[[0,0,0],[1,0,0],[0,1,0],[29,44,183]]
[[0,0,0],[1,0,0],[0,1,0],[20,38,183]]
[[0,0,0],[1,0,0],[0,1,0],[33,94,183]]
[[0,0,0],[1,0,0],[0,1,0],[18,7,183]]
[[0,0,0],[1,0,0],[0,1,0],[8,86,183]]
[[0,0,0],[1,0,0],[0,1,0],[6,172,183]]
[[0,0,0],[1,0,0],[0,1,0],[38,49,183]]
[[0,0,0],[1,0,0],[0,1,0],[5,53,183]]
[[0,0,0],[1,0,0],[0,1,0],[32,98,183]]
[[0,0,0],[1,0,0],[0,1,0],[21,13,183]]
[[0,0,0],[1,0,0],[0,1,0],[36,82,183]]
[[0,0,0],[1,0,0],[0,1,0],[22,41,183]]
[[0,0,0],[1,0,0],[0,1,0],[17,71,183]]
[[0,0,0],[1,0,0],[0,1,0],[89,173,183]]
[[0,0,0],[1,0,0],[0,1,0],[13,35,183]]
[[0,0,0],[1,0,0],[0,1,0],[2,25,183]]
[[0,0,0],[1,0,0],[0,1,0],[8,173,183]]
[[0,0,0],[1,0,0],[0,1,0],[76,109,183]]
[[0,0,0],[1,0,0],[0,1,0],[5,85,183]]
[[0,0,0],[1,0,0],[0,1,0],[24,1,183]]
[[0,0,0],[1,0,0],[0,1,0],[111,121,183]]
[[0,0,0],[1,0,0],[0,1,0],[27,121,183]]
[[0,0,0],[1,0,0],[0,1,0],[9,139,183]]
[[0,0,0],[1,0,0],[0,1,0],[54,10,183]]
[[0,0,0],[1,0,0],[0,1,0],[38,89,183]]
[[0,0,0],[1,0,0],[0,1,0],[26,65,183]]
[[0,0,0],[1,0,0],[0,1,0],[4,55,183]]
[[0,0,0],[1,0,0],[0,1,0],[39,169,183]]
[[0,0,0],[1,0,0],[0,1,0],[138,85,183]]
[[0,0,0],[1,0,0],[0,1,0],[8,74,183]]
[[0,0,0],[1,0,0],[0,1,0],[14,89,183]]
[[0,0,0],[1,0,0],[0,1,0],[75,133,183]]
[[0,0,0],[1,0,0],[0,1,0],[72,4,183]]
[[0,0,0],[1,0,0],[0,1,0],[15,19,183]]
[[0,0,0],[1,0,0],[0,1,0],[36,67,183]]
[[0,0,0],[1,0,0],[0,1,0],[54,70,183]]
[[0,0,0],[1,0,0],[0,1,0],[29,71,183]]
[[0,0,0],[1,0,0],[0,1,0],[28,52,183]]
[[0,0,0],[1,0,0],[0,1,0],[8,17,183]]
[[0,0,0],[1,0,0],[0,1,0],[9,136,183]]
[[0,0,0],[1,0,0],[0,1,0],[56,80,183]]
[[0,0,0],[1,0,0],[0,1,0],[5,86,183]]
[[0,0,0],[1,0,0],[0,1,0],[9,1,183]]
[[0,0,0],[1,0,0],[0,1,0],[9,70,183]]
[[0,0,0],[1,0,0],[0,1,0],[30,7,183]]
[[0,0,0],[1,0,0],[0,1,0],[126,106,183]]
[[0,0,0],[1,0,0],[0,1,0],[81,103,183]]
[[0,0,0],[1,0,0],[0,1,0],[21,7,183]]
[[0,0,0],[1,0,0],[0,1,0],[32,104,183]]
[[0,0,0],[1,0,0],[0,1,0],[12,49,183]]
[[0,0,0],[1,0,0],[0,1,0],[6,43,183]]
[[0,0,0],[1,0,0],[0,1,0],[14,59,183]]
[[0,0,0],[1,0,0],[0,1,0],[102,121,183]]
[[0,0,0],[1,0,0],[0,1,0],[75,25,183]]
[[0,0,0],[1,0,0],[0,1,0],[57,49,183]]
[[0,0,0],[1,0,0],[0,1,0],[3,37,183]]
[[0,0,0],[1,0,0],[0,1,0],[12,64,183]]
[[0,0,0],[1,0,0],[0,1,0],[5,40,183]]
[[0,0,0],[1,0,0],[0,1,0],[36,76,183]]
[[0,0,0],[1,0,0],[0,1,0],[51,175,183]]
[[0,0,0],[1,0,0],[0,1,0],[95,95,183]]
[[0,0,0],[1,0,0],[0,1,0],[8,170,183]]
[[0,0,0],[1,0,0],[0,1,0],[9,79,183]]
[[0,0,0],[1,0,0],[0,1,0],[47,139,183]]
[[0,0,0],[1,0,0],[0,1,0],[78,167,183]]
[[0,0,0],[1,0,0],[0,1,0],[8,85,183]]
[[0,0,0],[1,0,0],[0,1,0],[8,176,183]]
[[0,0,0],[1,0,0],[0,1,0],[17,74,183]]
[[0,0,0],[1,0,0],[0,1,0],[21,25,183]]
[[0,0,0],[1,0,0],[0,1,0],[32,89,183]]
[[0,0,0],[1,0,0],[0,1,0],[42,178,183]]
[[0,0,0],[1,0,0],[0,1,0],[6,136,183]]
[[0,0,0],[1,0,0],[0,1,0],[30,70,183]]
[[0,0,0],[1,0,0],[0,1,0],[27,16,183]]
[[0,0,0],[1,0,0],[0,1,0],[41,137,183]]
[[0,0,0],[1,0,0],[0,1,0],[2,56,183]]
[[0,0,0],[1,0,0],[0,1,0],[4,26,183]]
[[0,0,0],[1,0,0],[0,1,0],[19,167,183]]
[[0,0,0],[1,0,0],[0,1,0],[20,131,183]]
[[0,0,0],[1,0,0],[0,1,0],[14,109,183]]
[[0,0,0],[1,0,0],[0,1,0],[71,83,183]]
[[0,0,0],[1,0,0],[0,1,0],[24,172,183]]
[[0,0,0],[1,0,0],[0,1,0],[21,102,183]]
[[0,0,0],[1,0,0],[0,1,0],[77,83,183]]
[[0,0,0],[1,0,0],[0,1,0],[5,65,183]]
[[0,0,0],[1,0,0],[0,1,0],[5,76,183]]
[[0,0,0],[1,0,0],[0,1,0],[33,55,183]]
[[0,0,0],[1,0,0],[0,1,0],[22,79,183]]
[[0,0,0],[1,0,0],[0,1,0],[21,178,183]]
[[0,0,0],[1,0,0],[0,1,0],[45,166,183]]
[[0,0,0],[1,0,0],[0,1,0],[60,127,183]]
[[0,0,0],[1,0,0],[0,1,0],[15,46,183]]
[[0,0,0],[1,0,0],[0,1,0],[17,31,183]]
[[0,0,0],[1,0,0],[0,1,0],[4,7,183]]
[[0,0,0],[1,0,0],[0,1,0],[42,172,183]]
[[0,0,0],[1,0,0],[0,1,0],[16,62,183]]
[[0,0,0],[1,0,0],[0,1,0],[1,1,183]]
[[0,0,0],[1,0,0],[0,1,0],[5,8,183]]
[[0,0,0],[1,0,0],[0,1,0],[33,112,183]]
[[0,0,0],[1,0,0],[0,1,0],[4,56,183]]
[[0,0,0],[1,0,0],[0,1,0],[59,64,183]]
[[0,0,0],[1,0,0],[0,1,0],[72,1,183]]
[[0,0,0],[1,0,0],[0,1,0],[15,31,183]]
[[0,0,0],[1,0,0],[0,1,0],[26,149,183]]
[[0,0,0],[1,0,0],[0,1,0],[4,32,183]]
[[0,0,0],[1,0,0],[0,1,0],[21,37,183]]
[[0,0,0],[1,0,0],[0,1,0],[90,130,183]]
[[0,0,0],[1,0,0],[0,1,0],[81,7,183]]
[[0,0,0],[1,0,0],[0,1,0],[78,118,183]]
[[0,0,0],[1,0,0],[0,1,0],[63,163,183]]
[[0,0,0],[1,0,0],[0,1,0],[35,71,183]]
[[0,0,0],[1,0,0],[0,1,0],[27,35,183]]
[[0,0,0],[1,0,0],[0,1,0],[4,50,183]]
[[0,0,0],[1,0,0],[0,1,0],[35,166,183]]
[[0,0,0],[1,0,0],[0,1,0],[35,47,183]]
[[0,0,0],[1,0,0],[0,1,0],[36,100,183]]
[[0,0,0],[1,0,0],[0,1,0],[5,59,183]]
[[0,0,0],[1,0,0],[0,1,0],[8,98,183]]
[[0,0,0],[1,0,0],[0,1,0],[4,17,183]]
[[0,0,0],[1,0,0],[0,1,0],[15,79,183]]
[[0,0,0],[1,0,0],[0,1,0],[90,172,183]]
[[0,0,0],[1,0,0],[0,1,0],[4,13,183]]
[[0,0,0],[1,0,0],[0,1,0],[93,136,183]]
[[0,0,0],[1,0,0],[0,1,0],[12,121,183]]
[[0,0,0],[1,0,0],[0,1,0],[42,76,183]]
[[0,0,0],[1,0,0],[0,1,0],[12,1,183]]
[[0,0,0],[1,0,0],[0,1,0],[30,52,183]]
[[0,0,0],[1,0,0],[0,1,0],[24,99,183]]
[[0,0,0],[1,0,0],[0,1,0],[26,89,183]]
[[0,0,0],[1,0,0],[0,1,0],[36,70,183]]
[[0,0,0],[1,0,0],[0,1,0],[65,137,183]]
[[0,0,0],[1,0,0],[0,1,0],[14,79,183]]
[[0,0,0],[1,0,0],[0,1,0],[65,71,183]]
[[0,0,0],[1,0,0],[0,1,0],[6,88,183]]
[[0,0,0],[1,0,0],[0,1,0],[4,58,183]]
[[0,0,0],[1,0,0],[0,1,0],[41,86,183]]
[[0,0,0],[1,0,0],[0,1,0],[17,80,183]]
[[0,0,0],[1,0,0],[0,1,0],[22,28,183]]
[[0,0,0],[1,0,0],[0,1,0],[5,29,183]]
[[0,0,0],[1,0,0],[0,1,0],[16,80,183]]
[[0,0,0],[1,0,0],[0,1,0],[1,5,183]]
[[0,0,0],[1,0,0],[0,1,0],[62,83,183]]
[[0,0,0],[1,0,0],[0,1,0],[16,52,183]]
[[0,0,0],[1,0,0],[0,1,0],[56,173,183]]
[[0,0,0],[1,0,0],[0,1,0],[81,163,183]]
[[0,0,0],[1,0,0],[0,1,0],[8,101,183]]
[[0,0,0],[1,0,0],[0,1,0],[24,106,183]]
[[0,0,0],[1,0,0],[0,1,0],[69,121,183]]
[[0,0,0],[1,0,0],[0,1,0],[26,83,183]]
[[0,0,0],[1,0,0],[0,1,0],[1,52,183]]
[[0,0,0],[1,0,0],[0,1,0],[20,35,183]]
[[0,0,0],[1,0,0],[0,1,0],[2,158,183]]
[[0,0,0],[1,0,0],[0,1,0],[17,131,183]]
[[0,0,0],[1,0,0],[0,1,0],[24,112,183]]
[[0,0,0],[1,0,0],[0,1,0],[39,79,183]]
[[0,0,0],[1,0,0],[0,1,0],[12,34,183]]
[[0,0,0],[1,0,0],[0,1,0],[12,58,183]]
[[0,0,0],[1,0,0],[0,1,0],[6,7,183]]
[[0,0,0],[1,0,0],[0,1,0],[7,17,183]]
[[0,0,0],[1,0,0],[0,1,0],[19,44,183]]
[[0,0,0],[1,0,0],[0,1,0],[2,77,183]]
[[0,0,0],[1,0,0],[0,1,0],[8,140,183]]
[[0,0,0],[1,0,0],[0,1,0],[26,47,183]]
[[0,0,0],[1,0,0],[0,1,0],[39,97,183]]
[[0,0,0],[1,0,0],[0,1,0],[90,97,183]]
[[0,0,0],[1,0,0],[0,1,0],[4,37,183]]
[[0,0,0],[1,0,0],[0,1,0],[62,107,183]]
[[0,0,0],[3,0,0],[0,1,0],[0,1,61]]
[[0,0,0],[1,0,0],[0,1,0],[8,53,183]]
[[0,0,0],[1,0,0],[0,1,0],[29,137,183]]
[[0,0,0],[1,0,0],[0,1,0],[29,64,183]]
[[0,0,0],[1,0,0],[0,1,0],[3,25,183]]
[[0,0,0],[1,0,0],[0,1,0],[17,182,183]]
[[0,0,0],[1,0,0],[0,1,0],[12,133,183]]
[[0,0,0],[1,0,0],[0,1,0],[56,133,183]]
[[0,0,0],[1,0,0],[0,1,0],[13,70,183]]
[[0,0,0],[1,0,0],[0,1,0],[29,167,183]]
[[0,0,0],[1,0,0],[0,1,0],[2,89,183]]
[[0,0,0],[1,0,0],[0,1,0],[4,79,183]]
[[0,0,0],[1,0,0],[0,1,0],[11,35,183]]
[[0,0,0],[1,0,0],[0,1,0],[120,88,183]]
[[0,0,0],[1,0,0],[0,1,0],[21,121,183]]
[[0,0,0],[1,0,0],[0,1,0],[3,70,183]]
[[0,0,0],[1,0,0],[0,1,0],[20,20,183]]
[[0,0,0],[1,0,0],[0,1,0],[15,85,183]]
[[0,0,0],[1,0,0],[0,1,0],[27,178,183]]
[[0,0,0],[1,0,0],[0,1,0],[16,56,183]]
[[0,0,0],[1,0,0],[0,1,0],[57,181,183]]
[[0,0,0],[1,0,0],[0,1,0],[6,34,183]]
[[0,0,0],[1,0,0],[0,1,0],[89,131,183]]
[[0,0,0],[1,0,0],[0,1,0],[30,31,183]]
[[0,0,0],[1,0,0],[0,1,0],[31,64,183]]
[[0,0,0],[1,0,0],[0,1,0],[4,43,183]]
[[0,0,0],[1,0,0],[0,1,0],[18,148,183]]
[[0,0,0],[1,0,0],[0,1,0],[27,31,183]]
[[0,0,0],[1,0,0],[0,1,0],[2,71,183]]
[[0,0,0],[1,0,0],[0,1,0],[2,13,183]]
[[0,0,0],[1,0,0],[0,1,0],[83,158,183]]
[[0,0,0],[1,0,0],[0,1,0],[51,67,183]]
[[0,0,0],[1,0,0],[0,1,0],[9,100,183]]
[[0,0,0],[1,0,0],[0,1,0],[71,71,183]]
[[0,0,0],[1,0,0],[0,1,0],[63,139,183]]
[[0,0,0],[1,0,0],[0,1,0],[14,41,183]]
[[0,0,0],[1,0,0],[0,1,0],[32,116,183]]
[[0,0,0],[1,0,0],[0,1,0],[20,161,183]]
[[0,0,0],[1,0,0],[0,1,0],[20,25,183]]
[[0,0,0],[1,0,0],[0,1,0],[18,139,183]]
[[0,0,0],[1,0,0],[0,1,0],[19,22,183]]
[[0,0,0],[1,0,0],[0,1,0],[7,79,183]]
[[0,0,0],[1,0,0],[0,1,0],[2,86,183]]
[[0,0,0],[1,0,0],[0,1,0],[34,59,183]]
[[0,0,0],[1,0,0],[0,1,0],[9,142,183]]
[[0,0,0],[1,0,0],[0,1,0],[54,40,183]]
[[0,0,0],[1,0,0],[0,1,0],[29,83,183]]
[[0,0,0],[1,0,0],[0,1,0],[5,164,183]]
[[0,0,0],[1,0,0],[0,1,0],[4,41,183]]
[[0,0,0],[1,0,0],[0,1,0],[41,182,183]]
[[0,0,0],[1,0,0],[0,1,0],[2,2,183]]
[[0,0,0],[1,0,0],[0,1,0],[31,31,183]]
[[0,0,0],[1,0,0],[0,1,0],[96,154,183]]
[[0,0,0],[1,0,0],[0,1,0],[11,80,183]]
[[0,0,0],[1,0,0],[0,1,0],[62,71,183]]
[[0,0,0],[1,0,0],[0,1,0],[14,95,183]]
[[0,0,0],[1,0,0],[0,1,0],[11,175,183]]
[[0,0,0],[1,0,0],[0,1,0],[5,80,183]]
[[0,0,0],[1,0,0],[0,1,0],[41,82,183]]
[[0,0,0],[1,0,0],[0,1,0],[15,34,183]]
[[0,0,0],[1,0,0],[0,1,0],[63,148,183]]
[[0,0,0],[1,0,0],[0,1,0],[18,67,183]]
[[0,0,0],[1,0,0],[0,1,0],[20,47,183]]
[[0,0,0],[1,0,0],[0,1,0],[93,148,183]]
[[0,0,0],[1,0,0],[0,1,0],[3,94,183]]
[[0,0,0],[1,0,0],[0,1,0],[30,109,183]]
[[0,0,0],[1,0,0],[0,1,0],[10,65,183]]
[[0,0,0],[1,0,0],[0,1,0],[21,19,183]]
[[0,0,0],[1,0,0],[0,1,0],[135,70,183]]
[[0,0,0],[1,0,0],[0,1,0],[15,94,183]]
[[0,0,0],[1,0,0],[0,1,0],[19,47,183]]
[[0,0,0],[1,0,0],[0,1,0],[35,155,183]]
[[0,0,0],[1,0,0],[0,1,0],[13,175,183]]
[[0,0,0],[1,0,0],[0,1,0],[15,127,183]]
[[0,0,0],[1,0,0],[0,1,0],[2,98,183]]
[[0,0,0],[1,0,0],[0,1,0],[32,146,183]]
[[0,0,0],[1,0,0],[0,1,0],[43,59,183]]
[[0,0,0],[1,0,0],[0,1,0],[34,89,183]]
[[0,0,0],[1,0,0],[0,1,0],[18,127,183]]
[[0,0,0],[1,0,0],[0,1,0],[26,58,183]]
[[0,0,0],[1,0,0],[0,1,0],[39,103,183]]
[[0,0,0],[1,0,0],[0,1,0],[43,80,183]]
[[0,0,0],[1,0,0],[0,1,0],[108,100,183]]
[[0,0,0],[1,0,0],[0,1,0],[20,113,183]]
[[0,0,0],[1,0,0],[0,1,0],[27,160,183]]
[[0,0,0],[1,0,0],[0,1,0],[42,82,183]]
[[0,0,0],[1,0,0],[0,1,0],[11,25,183]]
[[0,0,0],[1,0,0],[0,1,0],[10,43,183]]
[[0,0,0],[1,0,0],[0,1,0],[13,64,183]]
[[0,0,0],[1,0,0],[0,1,0],[6,19,183]]
[[0,0,0],[1,0,0],[0,1,0],[17,164,183]]
[[0,0,0],[1,0,0],[0,1,0],[4,68,183]]
[[0,0,0],[1,0,0],[0,1,0],[11,173,183]]
[[0,0,0],[1,0,0],[0,1,0],[14,14,183]]
[[0,0,0],[1,0,0],[0,1,0],[2,46,183]]
[[0,0,0],[1,0,0],[0,1,0],[52,59,183]]
[[0,0,0],[1,0,0],[0,1,0],[17,107,183]]
[[0,0,0],[1,0,0],[0,1,0],[111,142,183]]
[[0,0,0],[1,0,0],[0,1,0],[38,98,183]]
[[0,0,0],[1,0,0],[0,1,0],[9,121,183]]
[[0,0,0],[1,0,0],[0,1,0],[26,166,183]]
[[0,0,0],[1,0,0],[0,1,0],[60,130,183]]
[[0,0,0],[1,0,0],[0,1,0],[27,34,183]]
[[0,0,0],[1,0,0],[0,1,0],[72,28,183]]
[[0,0,0],[1,0,0],[0,1,0],[32,32,183]]
[[0,0,0],[1,0,0],[0,1,0],[39,181,183]]
[[0,0,0],[1,0,0],[0,1,0],[54,28,183]]
[[0,0,0],[1,0,0],[0,1,0],[44,64,183]]
[[0,0,0],[1,0,0],[0,1,0],[30,58,183]]
[[0,0,0],[1,0,0],[0,1,0],[24,22,183]]
[[0,0,0],[1,0,0],[0,1,0],[9,127,183]]
[[0,0,0],[1,0,0],[0,1,0],[9,10,183]]
[[0,0,0],[1,0,0],[0,1,0],[8,56,183]]
[[0,0,0],[1,0,0],[0,1,0],[123,121,183]]
[[0,0,0],[1,0,0],[0,1,0],[5,38,183]]
[[0,0,0],[1,0,0],[0,1,0],[9,43,183]]
[[0,0,0],[1,0,0],[0,1,0],[12,73,183]]
[[0,0,0],[1,0,0],[0,1,0],[51,148,183]]
[[0,0,0],[1,0,0],[0,1,0],[27,55,183]]
[[0,0,0],[1,0,0],[0,1,0],[6,148,183]]
[[0,0,0],[1,0,0],[0,1,0],[89,182,183]]
[[0,0,0],[1,0,0],[0,1,0],[33,151,183]]
[[0,0,0],[1,0,0],[0,1,0],[126,180,183]]
[[0,0,0],[1,0,0],[0,1,0],[5,181,183]]
[[0,0,0],[1,0,0],[0,1,0],[26,41,183]]
[[0,0,0],[1,0,0],[0,1,0],[19,70,183]]
[[0,0,0],[1,0,0],[0,1,0],[7,34,183]]
[[0,0,0],[1,0,0],[0,1,0],[132,174,183]]
[[0,0,0],[1,0,0],[0,1,0],[11,50,183]]
[[0,0,0],[1,0,0],[0,1,0],[22,101,183]]
[[0,0,0],[1,0,0],[0,1,0],[14,175,183]]
[[0,0,0],[1,0,0],[0,1,0],[24,166,183]]
[[0,0,0],[1,0,0],[0,1,0],[33,82,183]]
[[0,0,0],[1,0,0],[0,1,0],[3,76,183]]
[[0,0,0],[1,0,0],[0,1,0],[26,179,183]]
[[0,0,0],[1,0,0],[0,1,0],[138,107,183]]
[[0,0,0],[1,0,0],[0,1,0],[6,142,183]]
[[0,0,0],[1,0,0],[0,1,0],[3,121,183]]
[[0,0,0],[1,0,0],[0,1,0],[12,22,183]]
[[0,0,0],[1,0,0],[0,1,0],[24,127,183]]
[[0,0,0],[1,0,0],[0,1,0],[57,70,183]]
[[0,0,0],[1,0,0],[0,1,0],[38,149,183]]
[[0,0,0],[1,0,0],[0,1,0],[27,4,183]]
[[0,0,0],[1,0,0],[0,1,0],[81,121,183]]
[[0,0,0],[1,0,0],[0,1,0],[18,22,183]]
[[0,0,0],[1,0,0],[0,1,0],[5,5,183]]
[[0,0,0],[1,0,0],[0,1,0],[45,175,183]]
[[0,0,0],[1,0,0],[0,1,0],[11,20,183]]
[[0,0,0],[1,0,0],[0,1,0],[3,46,183]]
[[0,0,0],[1,0,0],[0,1,0],[12,100,183]]
[[0,0,0],[1,0,0],[0,1,0],[9,31,183]]
[[0,0,0],[1,0,0],[0,1,0],[11,152,183]]
[[0,0,0],[1,0,0],[0,1,0],[66,118,183]]
[[0,0,0],[1,0,0],[0,1,0],[10,70,183]]
[[0,0,0],[1,0,0],[0,1,0],[47,161,183]]
[[0,0,0],[1,0,0],[0,1,0],[24,40,183]]
[[0,0,0],[1,0,0],[0,1,0],[30,103,183]]
[[0,0,0],[1,0,0],[0,1,0],[2,41,183]]
[[0,0,0],[1,0,0],[0,1,0],[17,106,183]]
[[0,0,0],[1,0,0],[0,1,0],[1,67,183]]
[[0,0,0],[1,0,0],[0,1,0],[122,123,183]]
[[0,0,0],[1,0,0],[0,1,0],[47,155,183]]
[[0,0,0],[1,0,0],[0,1,0],[26,137,183]]
[[0,0,0],[1,0,0],[0,1,0],[18,130,183]]
[[0,0,0],[1,0,0],[0,1,0],[15,169,183]]
[[0,0,0],[1,0,0],[0,1,0],[35,131,183]]
[[0,0,0],[1,0,0],[0,1,0],[48,136,183]]
[[0,0,0],[1,0,0],[0,1,0],[89,137,183]]
[[0,0,0],[1,0,0],[0,1,0],[3,49,183]]
[[0,0,0],[1,0,0],[0,1,0],[30,160,183]]
[[0,0,0],[1,0,0],[0,1,0],[6,117,183]]
[[0,0,0],[1,0,0],[0,1,0],[87,100,183]]
[[0,0,0],[1,0,0],[0,1,0],[45,7,183]]
[[0,0,0],[1,0,0],[0,1,0],[4,73,183]]
[[0,0,0],[1,0,0],[0,1,0],[8,137,183]]
[[0,0,0],[1,0,0],[0,1,0],[8,29,183]]
[[0,0,0],[1,0,0],[0,1,0],[21,22,183]]
[[0,0,0],[1,0,0],[0,1,0],[42,49,183]]
[[0,0,0],[1,0,0],[0,1,0],[16,34,183]]
[[0,0,0],[1,0,0],[0,1,0],[72,145,183]]
[[0,0,0],[1,0,0],[0,1,0],[26,59,183]]
[[0,0,0],[1,0,0],[0,1,0],[6,139,183]]
[[0,0,0],[1,0,0],[0,1,0],[65,182,183]]
[[0,0,0],[1,0,0],[0,1,0],[78,28,183]]
[[0,0,0],[1,0,0],[0,1,0],[6,52,183]]
[[0,0,0],[1,0,0],[0,1,0],[18,91,183]]
[[0,0,0],[1,0,0],[0,1,0],[114,94,183]]
[[0,0,0],[1,0,0],[0,1,0],[60,133,183]]
[[0,0,0],[1,0,0],[0,1,0],[16,28,183]]
[[0,0,0],[1,0,0],[0,1,0],[20,101,183]]
[[0,0,0],[1,0,0],[0,1,0],[90,155,183]]
[[0,0,0],[1,0,0],[0,1,0],[105,121,183]]
[[0,0,0],[1,0,0],[0,1,0],[8,107,183]]
[[0,0,0],[1,0,0],[0,1,0],[6,85,183]]
[[0,0,0],[1,0,0],[0,1,0],[24,31,183]]
[[0,0,0],[1,0,0],[0,1,0],[62,116,183]]
[[0,0,0],[1,0,0],[0,1,0],[5,116,183]]
[[0,0,0],[1,0,0],[0,1,0],[99,121,183]]
[[0,0,0],[1,0,0],[0,1,0],[60,40,183]]
[[0,0,0],[1,0,0],[0,1,0],[45,67,183]]
[[0,0,0],[1,0,0],[0,1,0],[69,136,183]]
[[0,0,0],[1,0,0],[0,1,0],[2,140,183]]
[[0,0,0],[1,0,0],[0,1,0],[2,44,183]]
[[0,0,0],[1,0,0],[0,1,0],[29,182,183]]
[[0,0,0],[1,0,0],[0,1,0],[105,85,183]]
[[0,0,0],[1,0,0],[0,1,0],[56,56,183]]
[[0,0,0],[1,0,0],[0,1,0],[32,65,183]]
[[0,0,0],[1,0,0],[0,1,0],[8,41,183]]
[[0,0,0],[1,0,0],[0,1,0],[21,100,183]]
[[0,0,0],[1,0,0],[0,1,0],[3,148,183]]
[[0,0,0],[1,0,0],[0,1,0],[2,26,183]]
[[0,0,0],[1,0,0],[0,1,0],[22,40,183]]
[[0,0,0],[1,0,0],[0,1,0],[47,107,183]]
[[0,0,0],[1,0,0],[0,1,0],[63,37,183]]
[[0,0,0],[1,0,0],[0,1,0],[17,113,183]]
[[0,0,0],[1,0,0],[0,1,0],[24,13,183]]
[[0,0,0],[1,0,0],[0,1,0],[98,98,183]]
[[0,0,0],[1,0,0],[0,1,0],[4,89,183]]
[[0,0,0],[1,0,0],[0,1,0],[10,40,183]]
[[0,0,0],[1,0,0],[0,1,0],[3,34,183]]
[[0,0,0],[1,0,0],[0,1,0],[7,52,183]]
[[0,0,0],[1,0,0],[0,1,0],[11,53,183]]
[[0,0,0],[1,0,0],[0,1,0],[84,10,183]]
[[0,0,0],[1,0,0],[0,1,0],[33,40,183]]
[[0,0,0],[1,0,0],[0,1,0],[17,167,183]]
[[0,0,0],[1,0,0],[0,1,0],[13,80,183]]
[[0,0,0],[1,0,0],[0,1,0],[78,136,183]]
[[0,0,0],[1,0,0],[0,1,0],[87,172,183]]
[[0,0,0],[1,0,0],[0,1,0],[60,2,183]]
[[0,0,0],[1,0,0],[0,1,0],[5,152,183]]
[[0,0,0],[1,0,0],[0,1,0],[16,79,183]]
[[0,0,0],[1,0,0],[0,1,0],[65,173,183]]
[[0,0,0],[1,0,0],[0,1,0],[2,149,183]]
[[0,0,0],[1,0,0],[0,1,0],[16,29,183]]
[[0,0,0],[1,0,0],[0,1,0],[13,44,183]]
[[0,0,0],[1,0,0],[0,1,0],[99,88,183]]
[[0,0,0],[1,0,0],[0,1,0],[39,145,183]]
[[0,0,0],[1,0,0],[0,1,0],[38,80,183]]
[[0,0,0],[1,0,0],[0,1,0],[9,67,183]]
[[0,0,0],[1,0,0],[0,1,0],[75,127,183]]
[[0,0,0],[1,0,0],[0,1,0],[8,89,183]]
[[0,0,0],[1,0,0],[0,1,0],[66,179,183]]
[[0,0,0],[1,0,0],[0,1,0],[8,62,183]]
[[0,0,0],[1,0,0],[0,1,0],[20,172,183]]
[[0,0,0],[1,0,0],[0,1,0],[4,77,183]]
[[0,0,0],[1,0,0],[0,1,0],[18,82,183]]
[[0,0,0],[1,0,0],[0,1,0],[48,75,183]]
[[0,0,0],[1,0,0],[0,1,0],[44,59,183]]
[[0,0,0],[1,0,0],[0,1,0],[5,56,183]]
[[0,0,0],[1,0,0],[0,1,0],[27,64,183]]
[[0,0,0],[1,0,0],[0,1,0],[39,76,183]]
[[0,0,0],[1,0,0],[0,1,0],[36,175,183]]
[[0,0,0],[1,0,0],[0,1,0],[95,161,183]]
[[0,0,0],[1,0,0],[0,1,0],[35,182,183]]
[[0,0,0],[1,0,0],[0,1,0],[8,68,183]]
[[0,0,0],[1,0,0],[0,1,0],[15,64,183]]
[[0,0,0],[1,0,0],[0,1,0],[10,26,183]]
[[0,0,0],[1,0,0],[0,1,0],[2,104,183]]
[[0,0,0],[1,0,0],[0,1,0],[29,86,183]]
[[0,0,0],[1,0,0],[0,1,0],[115,130,183]]
[[0,0,0],[1,0,0],[0,1,0],[10,47,183]]
[[0,0,0],[1,0,0],[0,1,0],[95,98,183]]
[[0,0,0],[1,0,0],[0,1,0],[16,43,183]]
[[0,0,0],[1,0,0],[0,1,0],[75,1,183]]
[[0,0,0],[1,0,0],[0,1,0],[38,38,183]]
[[0,0,0],[1,0,0],[0,1,0],[69,46,183]]
[[0,0,0],[1,0,0],[0,1,0],[41,131,183]]
[[0,0,0],[1,0,0],[0,1,0],[3,85,183]]
[[0,0,0],[1,0,0],[0,1,0],[30,22,183]]
[[0,0,0],[1,0,0],[0,1,0],[14,134,183]]
[[0,0,0],[1,0,0],[0,1,0],[18,10,183]]
[[0,0,0],[1,0,0],[0,1,0],[11,146,183]]
[[0,0,0],[1,0,0],[0,1,0],[29,53,183]]
[[0,0,0],[1,0,0],[0,1,0],[42,40,183]]
[[0,0,0],[1,0,0],[0,1,0],[113,113,183]]
[[0,0,0],[1,0,0],[0,1,0],[18,105,183]]
[[0,0,0],[1,0,0],[0,1,0],[8,134,183]]
[[0,0,0],[1,0,0],[0,1,0],[2,50,183]]
[[0,0,0],[1,0,0],[0,1,0],[39,175,183]]
[[0,0,0],[1,0,0],[0,1,0],[71,182,183]]
[[0,0,0],[1,0,0],[0,1,0],[114,139,183]]
[[0,0,0],[1,0,0],[0,1,0],[2,62,183]]
[[0,0,0],[1,0,0],[0,1,0],[56,152,183]]
[[0,0,0],[1,0,0],[0,1,0],[72,40,183]]
[[0,0,0],[1,0,0],[0,1,0],[28,67,183]]
[[0,0,0],[1,0,0],[0,1,0],[9,49,183]]
[[0,0,0],[1,0,0],[0,1,0],[2,37,183]]
[[0,0,0],[1,0,0],[0,1,0],[5,34,183]]
[[0,0,0],[1,0,0],[0,1,0],[12,151,183]]
[[0,0,0],[1,0,0],[0,1,0],[12,157,183]]
[[0,0,0],[1,0,0],[0,1,0],[24,130,183]]
[[0,0,0],[1,0,0],[0,1,0],[12,106,183]]
[[0,0,0],[1,0,0],[0,1,0],[56,164,183]]
[[0,0,0],[1,0,0],[0,1,0],[15,145,183]]
[[0,0,0],[1,0,0],[0,1,0],[3,4,183]]
[[0,0,0],[1,0,0],[0,1,0],[44,149,183]]
[[0,0,0],[1,0,0],[0,1,0],[35,149,183]]
[[0,0,0],[1,0,0],[0,1,0],[29,35,183]]
[[0,0,0],[1,0,0],[0,1,0],[2,40,183]]
[[0,0,0],[1,0,0],[0,1,0],[36,52,183]]
[[0,0,0],[1,0,0],[0,1,0],[58,62,183]]
[[0,0,0],[1,0,0],[0,1,0],[8,95,183]]
[[0,0,0],[1,0,0],[0,1,0],[21,43,183]]
[[0,0,0],[1,0,0],[0,1,0],[21,112,183]]
[[0,0,0],[1,0,0],[0,1,0],[19,26,183]]
[[0,0,0],[1,0,0],[0,1,0],[3,55,183]]
[[0,0,0],[1,0,0],[0,1,0],[4,4,183]]
[[0,0,0],[1,0,0],[0,1,0],[30,4,183]]
[[0,0,0],[1,0,0],[0,1,0],[2,52,183]]
[[0,0,0],[1,0,0],[0,1,0],[81,164,183]]
[[0,0,0],[1,0,0],[0,1,0],[7,64,183]]
[[0,0,0],[1,0,0],[0,1,0],[11,68,183]]
[[0,0,0],[1,0,0],[0,1,0],[6,169,183]]
[[0,0,0],[1,0,0],[0,1,0],[48,52,183]]
[[0,0,0],[1,0,0],[0,1,0],[8,79,183]]
[[0,0,0],[1,0,0],[0,1,0],[21,49,183]]
[[0,0,0],[1,0,0],[0,1,0],[15,47,183]]
[[0,0,0],[1,0,0],[0,1,0],[87,106,183]]
[[0,0,0],[1,0,0],[0,1,0],[2,22,183]]
[[0,0,0],[1,0,0],[0,1,0],[66,178,183]]
[[0,0,0],[1,0,0],[0,1,0],[9,106,183]]
[[0,0,0],[1,0,0],[0,1,0],[69,163,183]]
[[0,0,0],[1,0,0],[0,1,0],[44,98,183]]
[[0,0,0],[1,0,0],[0,1,0],[15,175,183]]
[[0,0,0],[1,0,0],[0,1,0],[3,124,183]]
[[0,0,0],[1,0,0],[0,1,0],[1,17,183]]
[[0,0,0],[1,0,0],[0,1,0],[54,175,183]]
[[0,0,0],[1,0,0],[0,1,0],[83,128,183]]
[[0,0,0],[1,0,0],[0,1,0],[6,79,183]]
[[0,0,0],[1,0,0],[0,1,0],[21,136,183]]
[[0,0,0],[1,0,0],[0,1,0],[13,26,183]]
[[0,0,0],[1,0,0],[0,1,0],[32,131,183]]
[[0,0,0],[1,0,0],[0,1,0],[7,41,183]]
[[0,0,0],[1,0,0],[0,1,0],[72,16,183]]
[[0,0,0],[1,0,0],[0,1,0],[33,19,183]]
[[0,0,0],[1,0,0],[0,1,0],[63,181,183]]
[[0,0,0],[1,0,0],[0,1,0],[15,91,183]]
[[0,0,0],[1,0,0],[0,1,0],[21,130,183]]
[[0,0,0],[1,0,0],[0,1,0],[2,161,183]]
[[0,0,0],[1,0,0],[0,1,0],[77,182,183]]
[[0,0,0],[1,0,0],[0,1,0],[51,139,183]]
[[0,0,0],[1,0,0],[0,1,0],[32,149,183]]
[[0,0,0],[1,0,0],[0,1,0],[28,56,183]]
[[0,0,0],[1,0,0],[0,1,0],[17,43,183]]
[[0,0,0],[1,0,0],[0,1,0],[9,181,183]]
[[0,0,0],[1,0,0],[0,1,0],[3,178,183]]
[[0,0,0],[1,0,0],[0,1,0],[38,104,183]]
[[0,0,0],[1,0,0],[0,1,0],[33,154,183]]
[[0,0,0],[1,0,0],[0,1,0],[9,145,183]]
[[0,0,0],[1,0,0],[0,1,0],[16,20,183]]
[[0,0,0],[1,0,0],[0,1,0],[27,40,183]]
[[0,0,0],[1,0,0],[0,1,0],[7,13,183]]
[[0,0,0],[1,0,0],[0,1,0],[28,65,183]]
[[0,0,0],[1,0,0],[0,1,0],[159,86,183]]
[[0,0,0],[1,0,0],[0,1,0],[30,25,183]]
[[0,0,0],[1,0,0],[0,1,0],[29,68,183]]
[[0,0,0],[1,0,0],[0,1,0],[60,4,183]]
[[0,0,0],[1,0,0],[0,1,0],[41,134,183]]
[[0,0,0],[1,0,0],[0,1,0],[60,31,183]]
[[0,0,0],[1,0,0],[0,1,0],[11,17,183]]
[[0,0,0],[1,0,0],[0,1,0],[18,94,183]]
[[0,0,0],[1,0,0],[0,1,0],[39,157,183]]
[[0,0,0],[1,0,0],[0,1,0],[129,116,183]]
[[0,0,0],[1,0,0],[0,1,0],[54,136,183]]
[[0,0,0],[1,0,0],[0,1,0],[2,17,183]]
[[0,0,0],[1,0,0],[0,1,0],[5,140,183]]
[[0,0,0],[1,0,0],[0,1,0],[30,55,183]]
[[0,0,0],[1,0,0],[0,1,0],[89,113,183]]
[[0,0,0],[1,0,0],[0,1,0],[54,49,183]]
[[0,0,0],[1,0,0],[0,1,0],[26,98,183]]
[[0,0,0],[1,0,0],[0,1,0],[3,28,183]]
[[0,0,0],[1,0,0],[0,1,0],[42,31,183]]
[[0,0,0],[1,0,0],[0,1,0],[26,128,183]]
[[0,0,0],[1,0,0],[0,1,0],[12,52,183]]
[[0,0,0],[1,0,0],[0,1,0],[48,1,183]]
[[0,0,0],[1,0,0],[0,1,0],[29,131,183]]
[[0,0,0],[1,0,0],[0,1,0],[33,157,183]]
[[0,0,0],[1,0,0],[0,1,0],[42,55,183]]
[[0,0,0],[1,0,0],[0,1,0],[42,20,183]]
[[0,0,0],[1,0,0],[0,1,0],[17,58,183]]
[[0,0,0],[1,0,0],[0,1,0],[13,20,183]]
[[0,0,0],[1,0,0],[0,1,0],[87,10,183]]
[[0,0,0],[1,0,0],[0,1,0],[9,133,183]]
[[0,0,0],[1,0,0],[0,1,0],[7,20,183]]
[[0,0,0],[1,0,0],[0,1,0],[84,121,183]]
[[0,0,0],[1,0,0],[0,1,0],[36,26,183]]
[[0,0,0],[1,0,0],[0,1,0],[45,16,183]]
[[0,0,0],[1,0,0],[0,1,0],[12,115,183]]
[[0,0,0],[1,0,0],[0,1,0],[41,113,183]]
[[0,0,0],[1,0,0],[0,1,0],[2,113,183]]
[[0,0,0],[1,0,0],[0,1,0],[7,38,183]]
[[0,0,0],[1,0,0],[0,1,0],[27,22,183]]
[[0,0,0],[1,0,0],[0,1,0],[105,127,183]]
[[0,0,0],[1,0,0],[0,1,0],[27,91,183]]
[[0,0,0],[1,0,0],[0,1,0],[30,124,183]]
[[0,0,0],[1,0,0],[0,1,0],[63,169,183]]
[[0,0,0],[1,0,0],[0,1,0],[4,49,183]]
[[0,0,0],[1,0,0],[0,1,0],[21,163,183]]
[[0,0,0],[1,0,0],[0,1,0],[11,22,183]]
[[0,0,0],[1,0,0],[0,1,0],[21,91,183]]
[[0,0,0],[1,0,0],[0,1,0],[5,23,183]]
[[0,0,0],[1,0,0],[0,1,0],[14,98,183]]
[[0,0,0],[1,0,0],[0,1,0],[8,58,183]]
[[0,0,0],[1,0,0],[0,1,0],[29,95,183]]
[[0,0,0],[1,0,0],[0,1,0],[1,11,183]]
[[0,0,0],[1,0,0],[0,1,0],[41,173,183]]
[[0,0,0],[1,0,0],[0,1,0],[6,154,183]]
[[0,0,0],[1,0,0],[0,1,0],[19,104,183]]
[[0,0,0],[1,0,0],[0,1,0],[33,97,183]]
[[0,0,0],[1,0,0],[0,1,0],[6,145,183]]
[[0,0,0],[1,0,0],[0,1,0],[15,115,183]]
[[0,0,0],[1,0,0],[0,1,0],[15,112,183]]
[[0,0,0],[1,0,0],[0,1,0],[11,49,183]]
[[0,0,0],[1,0,0],[0,1,0],[14,119,183]]
[[0,0,0],[1,0,0],[0,1,0],[8,115,183]]
[[0,0,0],[1,0,0],[0,1,0],[15,4,183]]
[[0,0,0],[1,0,0],[0,1,0],[19,52,183]]
[[0,0,0],[1,0,0],[0,1,0],[32,91,183]]
[[0,0,0],[1,0,0],[0,1,0],[14,52,183]]
[[0,0,0],[1,0,0],[0,1,0],[13,172,183]]
[[0,0,0],[1,0,0],[0,1,0],[40,65,183]]
[[0,0,0],[1,0,0],[0,1,0],[77,149,183]]
[[0,0,0],[1,0,0],[0,1,0],[11,125,183]]
[[0,0,0],[1,0,0],[0,1,0],[6,13,183]]
[[0,0,0],[1,0,0],[0,1,0],[15,13,183]]
[[0,0,0],[1,0,0],[0,1,0],[21,67,183]]
[[0,0,0],[1,0,0],[0,1,0],[123,76,183]]
[[0,0,0],[1,0,0],[0,1,0],[35,146,183]]
[[0,0,0],[1,0,0],[0,1,0],[1,22,183]]
[[0,0,0],[1,0,0],[0,1,0],[15,118,183]]
[[0,0,0],[1,0,0],[0,1,0],[44,44,183]]
[[0,0,0],[1,0,0],[0,1,0],[26,146,183]]
[[0,0,0],[1,0,0],[0,1,0],[35,38,183]]
[[0,0,0],[1,0,0],[0,1,0],[98,182,183]]
[[0,0,0],[1,0,0],[0,1,0],[57,142,183]]
[[0,0,0],[1,0,0],[0,1,0],[14,83,183]]
[[0,0,0],[1,0,0],[0,1,0],[17,28,183]]
[[0,0,0],[1,0,0],[0,1,0],[1,62,183]]
[[0,0,0],[1,0,0],[0,1,0],[2,116,183]]
[[0,0,0],[1,0,0],[0,1,0],[3,160,183]]
[[0,0,0],[1,0,0],[0,1,0],[47,182,183]]
[[0,0,0],[1,0,0],[0,1,0],[24,169,183]]
[[0,0,0],[1,0,0],[0,1,0],[4,53,183]]
[[0,0,0],[1,0,0],[0,1,0],[62,98,183]]
[[0,0,0],[1,0,0],[0,1,0],[138,168,183]]
[[0,0,0],[1,0,0],[0,1,0],[33,166,183]]
[[0,0,0],[1,0,0],[0,1,0],[42,22,183]]
[[0,0,0],[1,0,0],[0,1,0],[26,56,183]]
[[0,0,0],[1,0,0],[0,1,0],[31,164,183]]
[[0,0,0],[1,0,0],[0,1,0],[6,1,183]]
[[0,0,0],[1,0,0],[0,1,0],[44,128,183]]
[[0,0,0],[1,0,0],[0,1,0],[48,178,183]]
[[0,0,0],[1,0,0],[0,1,0],[13,176,183]]
[[0,0,0],[1,0,0],[0,1,0],[13,71,183]]
[[0,0,0],[1,0,0],[0,1,0],[45,172,183]]
[[0,0,0],[1,0,0],[0,1,0],[5,47,183]]
[[0,0,0],[1,0,0],[0,1,0],[84,100,183]]
[[0,0,0],[1,0,0],[0,1,0],[57,145,183]]
[[0,0,0],[1,0,0],[0,1,0],[4,11,183]]
[[0,0,0],[1,0,0],[0,1,0],[11,59,183]]
[[0,0,0],[1,0,0],[0,1,0],[47,65,183]]
[[0,0,0],[1,0,0],[0,1,0],[7,23,183]]
[[0,0,0],[1,0,0],[0,1,0],[10,67,183]]
[[0,0,0],[1,0,0],[0,1,0],[18,121,183]]
[[0,0,0],[1,0,0],[0,1,0],[63,34,183]]
[[0,0,0],[1,0,0],[0,1,0],[21,34,183]]
[[0,0,0],[1,0,0],[0,1,0],[2,31,183]]
[[0,0,0],[1,0,0],[0,1,0],[15,103,183]]
[[0,0,0],[1,0,0],[0,1,0],[10,28,183]]
[[0,0,0],[1,0,0],[0,1,0],[42,91,183]]
[[0,0,0],[1,0,0],[0,1,0],[3,169,183]]
[[0,0,0],[1,0,0],[0,1,0],[6,109,183]]
[[0,0,0],[1,0,0],[0,1,0],[129,94,183]]
[[0,0,0],[1,0,0],[0,1,0],[36,25,183]]
[[0,0,0],[1,0,0],[0,1,0],[60,145,183]]
[[0,0,0],[1,0,0],[0,1,0],[22,77,183]]
[[0,0,0],[1,0,0],[0,1,0],[41,80,183]]
[[0,0,0],[1,0,0],[0,1,0],[44,182,183]]
[[0,0,0],[1,0,0],[0,1,0],[3,139,183]]
[[0,0,0],[1,0,0],[0,1,0],[13,13,183]]
[[0,0,0],[1,0,0],[0,1,0],[52,52,183]]
[[0,0,0],[1,0,0],[0,1,0],[22,62,183]]
[[0,0,0],[1,0,0],[0,1,0],[56,89,183]]
[[0,0,0],[1,0,0],[0,1,0],[35,107,183]]
[[0,0,0],[1,0,0],[0,1,0],[2,88,183]]
[[0,0,0],[1,0,0],[0,1,0],[12,160,183]]
[[0,0,0],[1,0,0],[0,1,0],[11,149,183]]
[[0,0,0],[1,0,0],[0,1,0],[45,78,183]]
[[0,0,0],[1,0,0],[0,1,0],[80,131,183]]
[[0,0,0],[1,0,0],[0,1,0],[144,162,183]]
[[0,0,0],[1,0,0],[0,1,0],[20,182,183]]
[[0,0,0],[1,0,0],[0,1,0],[7,49,183]]
[[0,0,0],[1,0,0],[0,1,0],[90,121,183]]
[[0,0,0],[1,0,0],[0,1,0],[33,67,183]]
[[0,0,0],[1,0,0],[0,1,0],[39,52,183]]
[[0,0,0],[1,0,0],[0,1,0],[26,49,183]]
[[0,0,0],[1,0,0],[0,1,0],[54,19,183]]
[[0,0,0],[1,0,0],[0,1,0],[147,159,183]]
[[0,0,0],[1,0,0],[0,1,0],[1,65,183]]
[[0,0,0],[1,0,0],[0,1,0],[2,128,183]]
[[0,0,0],[1,0,0],[0,1,0],[32,163,183]]
[[0,0,0],[1,0,0],[0,1,0],[17,104,183]]
[[0,0,0],[1,0,0],[0,1,0],[45,37,183]]
[[0,0,0],[1,0,0],[0,1,0],[6,46,183]]
[[0,0,0],[1,0,0],[0,1,0],[45,157,183]]
[[0,0,0],[1,0,0],[0,1,0],[5,50,183]]
[[0,0,0],[1,0,0],[0,1,0],[21,139,183]]
[[0,0,0],[1,0,0],[0,1,0],[18,172,183]]
[[0,0,0],[1,0,0],[0,1,0],[120,127,183]]
[[0,0,0],[1,0,0],[0,1,0],[5,161,183]]
[[0,0,0],[1,0,0],[0,1,0],[11,13,183]]
[[0,0,0],[1,0,0],[0,1,0],[14,101,183]]
[[0,0,0],[1,0,0],[0,1,0],[14,158,183]]
[[0,0,0],[1,0,0],[0,1,0],[28,74,183]]
[[0,0,0],[1,0,0],[0,1,0],[81,145,183]]
[[0,0,0],[1,0,0],[0,1,0],[60,175,183]]
[[0,0,0],[1,0,0],[0,1,0],[9,103,183]]
[[0,0,0],[1,0,0],[0,1,0],[11,85,183]]
[[0,0,0],[1,0,0],[0,1,0],[49,49,183]]
[[0,0,0],[1,0,0],[0,1,0],[32,34,183]]
[[0,0,0],[1,0,0],[0,1,0],[51,145,183]]
[[0,0,0],[1,0,0],[0,1,0],[22,74,183]]
[[0,0,0],[1,0,0],[0,1,0],[15,181,183]]
[[0,0,0],[1,0,0],[0,1,0],[10,55,183]]
[[0,0,0],[1,0,0],[0,1,0],[2,59,183]]
[[0,0,0],[1,0,0],[0,1,0],[4,28,183]]
[[0,0,0],[1,0,0],[0,1,0],[27,172,183]]
[[0,0,0],[1,0,0],[0,1,0],[5,17,183]]
[[0,0,0],[1,0,0],[0,1,0],[8,16,183]]
[[0,0,0],[1,0,0],[0,1,0],[29,164,183]]
[[0,0,0],[1,0,0],[0,1,0],[32,155,183]]
[[0,0,0],[1,0,0],[0,1,0],[21,58,183]]
[[0,0,0],[1,0,0],[0,1,0],[48,49,183]]
[[0,0,0],[1,0,0],[0,1,0],[21,169,183]]
[[0,0,0],[1,0,0],[0,1,0],[14,140,183]]
[[0,0,0],[1,0,0],[0,1,0],[10,68,183]]
[[0,0,0],[1,0,0],[0,1,0],[128,182,183]]
[[0,0,0],[1,0,0],[0,1,0],[8,32,183]]
[[0,0,0],[1,0,0],[0,1,0],[114,121,183]]
[[0,0,0],[1,0,0],[0,1,0],[83,179,183]]
[[0,0,0],[1,0,0],[0,1,0],[27,181,183]]
[[0,0,0],[1,0,0],[0,1,0],[45,17,183]]
[[0,0,0],[1,0,0],[0,1,0],[3,154,183]]
[[0,0,0],[1,0,0],[0,1,0],[45,34,183]]
[[0,0,0],[1,0,0],[0,1,0],[27,100,183]]
[[0,0,0],[1,0,0],[0,1,0],[3,120,183]]
[[0,0,0],[1,0,0],[0,1,0],[45,148,183]]
[[0,0,0],[1,0,0],[0,1,0],[49,155,183]]
[[0,0,0],[1,0,0],[0,1,0],[21,133,183]]
[[0,0,0],[1,0,0],[0,1,0],[18,43,183]]
[[0,0,0],[1,0,0],[0,1,0],[9,91,183]]
[[0,0,0],[1,0,0],[0,1,0],[18,169,183]]
[[0,0,0],[1,0,0],[0,1,0],[37,58,183]]
[[0,0,0],[1,0,0],[0,1,0],[5,26,183]]
[[0,0,0],[1,0,0],[0,1,0],[13,173,183]]
[[0,0,0],[1,0,0],[0,1,0],[21,172,183]]
[[0,0,0],[1,0,0],[0,1,0],[32,107,183]]
[[0,0,0],[1,0,0],[0,1,0],[20,71,183]]
[[0,0,0],[1,0,0],[0,1,0],[26,40,183]]
[[0,0,0],[1,0,0],[0,1,0],[5,20,183]]
[[0,0,0],[1,0,0],[0,1,0],[5,62,183]]
[[0,0,0],[1,0,0],[0,1,0],[38,77,183]]
[[0,0,0],[1,0,0],[0,1,0],[65,77,183]]
[[0,0,0],[1,0,0],[0,1,0],[2,29,183]]
[[0,0,0],[1,0,0],[0,1,0],[48,28,183]]
[[0,0,0],[1,0,0],[0,1,0],[14,35,183]]
[[0,0,0],[1,0,0],[0,1,0],[12,76,183]]
[[0,0,0],[1,0,0],[0,1,0],[99,118,183]]
[[0,0,0],[1,0,0],[0,1,0],[4,85,183]]
[[0,0,0],[1,0,0],[0,1,0],[48,142,183]]
[[0,0,0],[1,0,0],[0,1,0],[48,73,183]]
[[0,0,0],[1,0,0],[0,1,0],[8,88,183]]
[[0,0,0],[1,0,0],[0,1,0],[28,77,183]]
[[0,0,0],[1,0,0],[0,1,0],[36,166,183]]
[[0,0,0],[1,0,0],[0,1,0],[27,109,183]]
[[0,0,0],[1,0,0],[0,1,0],[24,73,183]]
[[0,0,0],[1,0,0],[0,1,0],[4,40,183]]
[[0,0,0],[1,0,0],[0,1,0],[44,74,183]]
[[0,0,0],[1,0,0],[0,1,0],[32,137,183]]
[[0,0,0],[1,0,0],[0,1,0],[35,95,183]]
[[0,0,0],[1,0,0],[0,1,0],[17,35,183]]
[[0,0,0],[1,0,0],[0,1,0],[36,85,183]]
[[0,0,0],[1,0,0],[0,1,0],[27,96,183]]
[[0,0,0],[1,0,0],[0,1,0],[34,37,183]]
[[0,0,0],[1,0,0],[0,1,0],[4,76,183]]
[[0,0,0],[1,0,0],[0,1,0],[58,131,183]]
[[0,0,0],[1,0,0],[0,1,0],[8,161,183]]
[[0,0,0],[1,0,0],[0,1,0],[11,38,183]]
[[0,0,0],[1,0,0],[0,1,0],[12,109,183]]
[[0,0,0],[1,0,0],[0,1,0],[105,154,183]]
[[0,0,0],[1,0,0],[0,1,0],[5,179,183]]
[[0,0,0],[1,0,0],[0,1,0],[7,19,183]]
[[0,0,0],[1,0,0],[0,1,0],[69,172,183]]
[[0,0,0],[1,0,0],[0,1,0],[41,59,183]]
[[0,0,0],[1,0,0],[0,1,0],[6,28,183]]
[[0,0,0],[1,0,0],[0,1,0],[33,31,183]]
[[0,0,0],[1,0,0],[0,1,0],[35,35,183]]
[[0,0,0],[1,0,0],[0,1,0],[51,169,183]]
[[0,0,0],[1,0,0],[0,1,0],[49,136,183]]
[[0,0,0],[1,0,0],[0,1,0],[8,55,183]]
[[0,0,0],[1,0,0],[0,1,0],[3,91,183]]
[[0,0,0],[1,0,0],[0,1,0],[48,82,183]]
[[0,0,0],[1,0,0],[0,1,0],[17,146,183]]
[[0,0,0],[1,0,0],[0,1,0],[16,82,183]]
[[0,0,0],[1,0,0],[0,1,0],[60,63,183]]
[[0,0,0],[1,0,0],[0,1,0],[9,34,183]]
[[0,0,0],[1,0,0],[0,1,0],[61,123,183]]
[[0,0,0],[1,0,0],[0,1,0],[96,136,183]]
[[0,0,0],[1,0,0],[0,1,0],[2,152,183]]
[[0,0,0],[1,0,0],[0,1,0],[16,38,183]]
[[0,0,0],[1,0,0],[0,1,0],[9,109,183]]
[[0,0,0],[1,0,0],[0,1,0],[26,173,183]]
[[0,0,0],[1,0,0],[0,1,0],[45,91,183]]
[[0,0,0],[1,0,0],[0,1,0],[48,58,183]]
[[0,0,0],[1,0,0],[0,1,0],[58,146,183]]
[[0,0,0],[1,0,0],[0,1,0],[36,46,183]]
[[0,0,0],[1,0,0],[0,1,0],[129,177,183]]
[[0,0,0],[1,0,0],[0,1,0],[84,139,183]]
[[0,0,0],[1,0,0],[0,1,0],[30,67,183]]
[[0,0,0],[1,0,0],[0,1,0],[51,19,183]]
[[0,0,0],[1,0,0],[0,1,0],[33,64,183]]
[[0,0,0],[1,0,0],[0,1,0],[87,1,183]]
[[0,0,0],[1,0,0],[0,1,0],[17,41,183]]
[[0,0,0],[1,0,0],[0,1,0],[6,130,183]]
[[0,0,0],[1,0,0],[0,1,0],[71,179,183]]
[[0,0,0],[1,0,0],[0,1,0],[11,98,183]]
[[0,0,0],[1,0,0],[0,1,0],[84,16,183]]
[[0,0,0],[1,0,0],[0,1,0],[9,76,183]]
[[0,0,0],[1,0,0],[0,1,0],[37,59,183]]
[[0,0,0],[1,0,0],[0,1,0],[7,65,183]]
[[0,0,0],[1,0,0],[0,1,0],[51,49,183]]
[[0,0,0],[1,0,0],[0,1,0],[51,58,183]]
[[0,0,0],[1,0,0],[0,1,0],[57,127,183]]
[[0,0,0],[1,0,0],[0,1,0],[11,28,183]]
[[0,0,0],[1,0,0],[0,1,0],[14,64,183]]
[[0,0,0],[1,0,0],[0,1,0],[11,170,183]]
[[0,0,0],[1,0,0],[0,1,0],[39,10,183]]
[[0,0,0],[1,0,0],[0,1,0],[11,77,183]]
[[0,0,0],[1,0,0],[0,1,0],[5,37,183]]
[[0,0,0],[1,0,0],[0,1,0],[32,125,183]]
[[0,0,0],[1,0,0],[0,1,0],[47,83,183]]
[[0,0,0],[1,0,0],[0,1,0],[3,109,183]]
[[0,0,0],[1,0,0],[0,1,0],[6,178,183]]
[[0,0,0],[1,0,0],[0,1,0],[30,76,183]]
[[0,0,0],[1,0,0],[0,1,0],[12,25,183]]
[[0,0,0],[1,0,0],[0,1,0],[26,71,183]]
[[0,0,0],[1,0,0],[0,1,0],[15,88,183]]
[[0,0,0],[1,0,0],[0,1,0],[63,22,183]]
[[0,0,0],[1,0,0],[0,1,0],[31,49,183]]
[[0,0,0],[1,0,0],[0,1,0],[10,76,183]]
[[0,0,0],[1,0,0],[0,1,0],[12,31,183]]
[[0,0,0],[1,0,0],[0,1,0],[30,94,183]]
[[0,0,0],[1,0,0],[0,1,0],[9,64,183]]
[[0,0,0],[1,0,0],[0,1,0],[35,173,183]]
[[0,0,0],[1,0,0],[0,1,0],[2,74,183]]
[[0,0,0],[1,0,0],[0,1,0],[96,88,183]]
[[0,0,0],[1,0,0],[0,1,0],[17,59,183]]
[[0,0,0],[1,0,0],[0,1,0],[16,19,183]]
[[0,0,0],[1,0,0],[0,1,0],[4,119,183]]
[[0,0,0],[1,0,0],[0,1,0],[10,79,183]]
[[0,0,0],[1,0,0],[0,1,0],[57,160,183]]
[[0,0,0],[1,0,0],[0,1,0],[114,118,183]]
[[0,0,0],[1,0,0],[0,1,0],[60,151,183]]
[[0,0,0],[1,0,0],[0,1,0],[78,121,183]]
[[0,0,0],[1,0,0],[0,1,0],[36,169,183]]
[[0,0,0],[1,0,0],[0,1,0],[7,55,183]]
[[0,0,0],[1,0,0],[0,1,0],[47,76,183]]
[[0,0,0],[1,0,0],[0,1,0],[6,118,183]]
[[0,0,0],[1,0,0],[0,1,0],[48,16,183]]
[[0,0,0],[1,0,0],[0,1,0],[27,85,183]]
[[0,0,0],[1,0,0],[0,1,0],[48,4,183]]
[[0,0,0],[1,0,0],[0,1,0],[69,28,183]]
[[0,0,0],[1,0,0],[0,1,0],[89,158,183]]
[[0,0,0],[1,0,0],[0,1,0],[39,31,183]]
[[0,0,0],[1,0,0],[0,1,0],[36,157,183]]
[[0,0,0],[1,0,0],[0,1,0],[7,16,183]]
[[0,0,0],[1,0,0],[0,1,0],[87,181,183]]
[[0,0,0],[1,0,0],[0,1,0],[28,95,183]]
[[0,0,0],[1,0,0],[0,1,0],[120,121,183]]
[[0,0,0],[1,0,0],[0,1,0],[14,58,183]]
[[0,0,0],[1,0,0],[0,1,0],[29,155,183]]
[[0,0,0],[1,0,0],[0,1,0],[7,116,183]]
[[0,0,0],[1,0,0],[0,1,0],[27,67,183]]
[[0,0,0],[1,0,0],[0,1,0],[24,136,183]]
[[0,0,0],[1,0,0],[0,1,0],[30,10,183]]
[[0,0,0],[1,0,0],[0,1,0],[75,16,183]]
[[0,0,0],[1,0,0],[0,1,0],[5,125,183]]
[[0,0,0],[1,0,0],[0,1,0],[6,115,183]]
[[0,0,0],[1,0,0],[0,1,0],[1,31,183]]
[[0,0,0],[1,0,0],[0,1,0],[57,66,183]]
[[0,0,0],[1,0,0],[0,1,0],[3,172,183]]
[[0,0,0],[1,0,0],[0,1,0],[75,172,183]]
[[0,0,0],[1,0,0],[0,1,0],[5,113,183]]
[[0,0,0],[1,0,0],[0,1,0],[17,172,183]]
[[0,0,0],[1,0,0],[0,1,0],[26,163,183]]
[[0,0,0],[1,0,0],[0,1,0],[63,25,183]]
[[0,0,0],[1,0,0],[0,1,0],[9,7,183]]
[[0,0,0],[1,0,0],[0,1,0],[14,170,183]]
[[0,0,0],[1,0,0],[0,1,0],[5,11,183]]
[[0,0,0],[1,0,0],[0,1,0],[5,82,183]]
[[0,0,0],[1,0,0],[0,1,0],[32,77,183]]
[[0,0,0],[1,0,0],[0,1,0],[41,125,183]]
[[0,0,0],[1,0,0],[0,1,0],[13,83,183]]
[[0,0,0],[1,0,0],[0,1,0],[17,17,183]]
[[0,0,0],[1,0,0],[0,1,0],[75,145,183]]
[[0,0,0],[1,0,0],[0,1,0],[17,125,183]]
[[0,0,0],[1,0,0],[0,1,0],[63,1,183]]
[[0,0,0],[1,0,0],[0,1,0],[28,59,183]]
[[0,0,0],[1,0,0],[0,1,0],[32,64,183]]
[[0,0,0],[1,0,0],[0,1,0],[59,59,183]]
[[0,0,0],[1,0,0],[0,1,0],[30,40,183]]
[[0,0,0],[1,0,0],[0,1,0],[42,94,183]]
[[0,0,0],[1,0,0],[0,1,0],[6,151,183]]
[[0,0,0],[1,0,0],[0,1,0],[47,77,183]]
[[0,0,0],[1,0,0],[0,1,0],[66,163,183]]
[[0,0,0],[1,0,0],[0,1,0],[49,64,183]]
[[0,0,0],[1,0,0],[0,1,0],[158,182,183]]
[[0,0,0],[1,0,0],[0,1,0],[51,181,183]]
[[0,0,0],[1,0,0],[0,1,0],[17,119,183]]
[[0,0,0],[1,0,0],[0,1,0],[71,146,183]]
[[0,0,0],[1,0,0],[0,1,0],[8,40,183]]
[[0,0,0],[1,0,0],[0,1,0],[59,152,183]]
[[0,0,0],[1,0,0],[0,1,0],[87,151,183]]
[[0,0,0],[1,0,0],[0,1,0],[33,1,183]]
[[0,0,0],[1,0,0],[0,1,0],[4,35,183]]
[[0,0,0],[1,0,0],[0,1,0],[2,67,183]]
[[0,0,0],[1,0,0],[0,1,0],[38,125,183]]
[[0,0,0],[1,0,0],[0,1,0],[48,88,183]]
[[0,0,0],[1,0,0],[0,1,0],[5,118,183]]
[[0,0,0],[1,0,0],[0,1,0],[12,145,183]]
[[0,0,0],[1,0,0],[0,1,0],[8,8,183]]
[[0,0,0],[1,0,0],[0,1,0],[13,49,183]]
[[0,0,0],[1,0,0],[0,1,0],[51,172,183]]
[[0,0,0],[1,0,0],[0,1,0],[62,77,183]]
[[0,0,0],[1,0,0],[0,1,0],[81,109,183]]
[[0,0,0],[1,0,0],[0,1,0],[14,19,183]]
[[0,0,0],[1,0,0],[0,1,0],[93,112,183]]
[[0,0,0],[1,0,0],[0,1,0],[18,16,183]]
[[0,0,0],[1,0,0],[0,1,0],[39,23,183]]
[[0,0,0],[1,0,0],[0,1,0],[39,7,183]]
[[0,0,0],[1,0,0],[0,1,0],[2,176,183]]
[[0,0,0],[1,0,0],[0,1,0],[36,4,183]]
[[0,0,0],[1,0,0],[0,1,0],[26,143,183]]
[[0,0,0],[1,0,0],[0,1,0],[57,52,183]]
[[0,0,0],[1,0,0],[0,1,0],[13,25,183]]
[[0,0,0],[1,0,0],[0,1,0],[32,53,183]]
[[0,0,0],[1,0,0],[0,1,0],[47,56,183]]
[[0,0,0],[1,0,0],[0,1,0],[9,73,183]]
[[0,0,0],[1,0,0],[0,1,0],[33,163,183]]
[[0,0,0],[1,0,0],[0,1,0],[31,58,183]]
[[0,0,0],[1,0,0],[0,1,0],[12,28,183]]
[[0,0,0],[1,0,0],[0,1,0],[8,20,183]]
[[0,0,0],[1,0,0],[0,1,0],[41,44,183]]
[[0,0,0],[1,0,0],[0,1,0],[44,152,183]]
[[0,0,0],[1,0,0],[0,1,0],[9,112,183]]
[[0,0,0],[1,0,0],[0,1,0],[3,22,183]]
[[0,0,0],[1,0,0],[0,1,0],[6,37,183]]
[[0,0,0],[1,0,0],[0,1,0],[42,34,183]]
[[0,0,0],[1,0,0],[0,1,0],[16,77,183]]
[[0,0,0],[1,0,0],[0,1,0],[159,25,183]]
[[0,0,0],[1,0,0],[0,1,0],[63,157,183]]
[[0,0,0],[1,0,0],[0,1,0],[17,56,183]]
[[0,0,0],[1,0,0],[0,1,0],[18,166,183]]
[[0,0,0],[1,0,0],[0,1,0],[26,101,183]]
[[0,0,0],[1,0,0],[0,1,0],[96,149,183]]
[[0,0,0],[1,0,0],[0,1,0],[19,68,183]]
[[0,0,0],[1,0,0],[0,1,0],[6,124,183]]
[[0,0,0],[1,0,0],[0,1,0],[20,176,183]]
[[0,0,0],[1,0,0],[0,1,0],[66,22,183]]
[[0,0,0],[1,0,0],[0,1,0],[6,16,183]]
[[0,0,0],[1,0,0],[0,1,0],[75,175,183]]
[[0,0,0],[1,0,0],[0,1,0],[6,55,183]]
[[0,0,0],[1,0,0],[0,1,0],[5,31,183]]
[[0,0,0],[1,0,0],[0,1,0],[14,167,183]]
[[0,0,0],[1,0,0],[0,1,0],[39,106,183]]
[[0,0,0],[1,0,0],[0,1,0],[63,16,183]]
[[0,0,0],[1,0,0],[0,1,0],[17,62,183]]
[[0,0,0],[1,0,0],[0,1,0],[8,59,183]]
[[0,0,0],[1,0,0],[0,1,0],[3,16,183]]
[[0,0,0],[1,0,0],[0,1,0],[69,1,183]]
[[0,0,0],[1,0,0],[0,1,0],[18,46,183]]
[[0,0,0],[1,0,0],[0,1,0],[11,119,183]]
[[0,0,0],[1,0,0],[0,1,0],[63,19,183]]
[[0,0,0],[1,0,0],[0,1,0],[6,97,183]]
[[0,0,0],[1,0,0],[0,1,0],[12,139,183]]
[[0,0,0],[1,0,0],[0,1,0],[38,158,183]]
[[0,0,0],[1,0,0],[0,1,0],[47,149,183]]
[[0,0,0],[1,0,0],[0,1,0],[6,10,183]]
[[0,0,0],[1,0,0],[0,1,0],[35,158,183]]
[[0,0,0],[1,0,0],[0,1,0],[12,178,183]]
[[0,0,0],[1,0,0],[0,1,0],[11,134,183]]
[[0,0,0],[1,0,0],[0,1,0],[14,31,183]]
[[0,0,0],[1,0,0],[0,1,0],[10,74,183]]
[[0,0,0],[1,0,0],[0,1,0],[20,56,183]]
[[0,0,0],[1,0,0],[0,1,0],[42,100,183]]
[[0,0,0],[1,0,0],[0,1,0],[11,56,183]]
[[0,0,0],[1,0,0],[0,1,0],[5,73,183]]
[[0,0,0],[1,0,0],[0,1,0],[5,10,183]]
[[0,0,0],[1,0,0],[0,1,0],[51,142,183]]
[[0,0,0],[1,0,0],[0,1,0],[22,25,183]]
[[0,0,0],[1,0,0],[0,1,0],[89,98,183]]
[[0,0,0],[1,0,0],[0,1,0],[28,164,183]]
[[0,0,0],[1,0,0],[0,1,0],[3,88,183]]
[[0,0,0],[1,0,0],[0,1,0],[35,98,183]]
[[0,0,0],[1,0,0],[0,1,0],[48,148,183]]
[[0,0,0],[1,0,0],[0,1,0],[7,58,183]]
[[0,0,0],[1,0,0],[0,1,0],[27,79,183]]
[[0,0,0],[1,0,0],[0,1,0],[5,70,183]]
[[0,0,0],[1,0,0],[0,1,0],[11,76,183]]
[[0,0,0],[1,0,0],[0,1,0],[3,166,183]]
[[0,0,0],[1,0,0],[0,1,0],[30,32,183]]
[[0,0,0],[1,0,0],[0,1,0],[123,67,183]]
[[0,0,0],[1,0,0],[0,1,0],[12,91,183]]
[[0,0,0],[1,0,0],[0,1,0],[43,62,183]]
[[0,0,0],[1,0,0],[0,1,0],[20,134,183]]
[[0,0,0],[1,0,0],[0,1,0],[61,1,183]]
[[0,0,0],[1,0,0],[0,1,0],[8,152,183]]
[[0,0,0],[1,0,0],[0,1,0],[12,16,183]]
[[0,0,0],[1,0,0],[0,1,0],[11,137,183]]
[[0,0,0],[1,0,0],[0,1,0],[54,166,183]]
[[0,0,0],[1,0,0],[0,1,0],[17,101,183]]
[[0,0,0],[1,0,0],[0,1,0],[62,65,183]]
[[0,0,0],[1,0,0],[0,1,0],[99,85,183]]
[[0,0,0],[1,0,0],[0,1,0],[18,73,183]]
[[0,0,0],[1,0,0],[0,1,0],[21,73,183]]
[[0,0,0],[1,0,0],[0,1,0],[30,82,183]]
[[0,0,0],[1,0,0],[0,1,0],[15,73,183]]
[[0,0,0],[1,0,0],[0,1,0],[41,83,183]]
[[0,0,0],[1,0,0],[0,1,0],[8,64,183]]
[[0,0,0],[1,0,0],[0,1,0],[4,71,183]]
[[0,0,0],[1,0,0],[0,1,0],[7,11,183]]
[[0,0,0],[1,0,0],[0,1,0],[11,44,183]]
[[0,0,0],[1,0,0],[0,1,0],[5,128,183]]
[[0,0,0],[1,0,0],[0,1,0],[57,19,183]]
[[0,0,0],[1,0,0],[0,1,0],[78,19,183]]
[[0,0,0],[1,0,0],[0,1,0],[8,14,183]]
[[0,0,0],[1,0,0],[0,1,0],[5,88,183]]
[[0,0,0],[1,0,0],[0,1,0],[12,94,183]]
[[0,0,0],[1,0,0],[0,1,0],[38,167,183]]
[[0,0,0],[1,0,0],[0,1,0],[24,76,183]]
[[0,0,0],[1,0,0],[0,1,0],[15,172,183]]
[[0,0,0],[1,0,0],[0,1,0],[21,64,183]]
[[0,0,0],[1,0,0],[0,1,0],[3,97,183]]
[[0,0,0],[1,0,0],[0,1,0],[8,23,183]]
[[0,0,0],[1,0,0],[0,1,0],[17,29,183]]
[[0,0,0],[1,0,0],[0,1,0],[42,64,183]]
[[0,0,0],[1,0,0],[0,1,0],[24,16,183]]
[[0,0,0],[1,0,0],[0,1,0],[65,83,183]]
[[0,0,0],[1,0,0],[0,1,0],[62,89,183]]
[[0,0,0],[1,0,0],[0,1,0],[26,97,183]]
[[0,0,0],[1,0,0],[0,1,0],[45,181,183]]
[[0,0,0],[1,0,0],[0,1,0],[80,137,183]]
[[0,0,0],[1,0,0],[0,1,0],[29,74,183]]
[[0,0,0],[1,0,0],[0,1,0],[81,181,183]]
[[0,0,0],[1,0,0],[0,1,0],[10,53,183]]
[[0,0,0],[1,0,0],[0,1,0],[26,26,183]]
[[0,0,0],[1,0,0],[0,1,0],[21,28,183]]
[[0,0,0],[1,0,0],[0,1,0],[2,110,183]]
[[0,0,0],[1,0,0],[0,1,0],[111,118,183]]
[[0,0,0],[1,0,0],[0,1,0],[62,86,183]]
[[0,0,0],[1,0,0],[0,1,0],[13,73,183]]
[[0,0,0],[1,0,0],[0,1,0],[54,67,183]]
[[0,0,0],[1,0,0],[0,1,0],[128,128,183]]
[[0,0,0],[1,0,0],[0,1,0],[38,146,183]]
[[0,0,0],[1,0,0],[0,1,0],[22,64,183]]
[[0,0,0],[1,0,0],[0,1,0],[18,106,183]]
[[0,0,0],[1,0,0],[0,1,0],[57,169,183]]
[[0,0,0],[1,0,0],[0,1,0],[5,176,183]]
[[0,0,0],[1,0,0],[0,1,0],[16,37,183]]
[[0,0,0],[1,0,0],[0,1,0],[84,175,183]]
[[0,0,0],[1,0,0],[0,1,0],[2,65,183]]
[[0,0,0],[1,0,0],[0,1,0],[6,106,183]]
[[0,0,0],[1,0,0],[0,1,0],[32,44,183]]
[[0,0,0],[1,0,0],[0,1,0],[20,95,183]]
[[0,0,0],[1,0,0],[0,1,0],[99,154,183]]
[[0,0,0],[1,0,0],[0,1,0],[9,114,183]]
[[0,0,0],[1,0,0],[0,1,0],[24,124,183]]
[[0,0,0],[1,0,0],[0,1,0],[83,83,183]]
[[0,0,0],[1,0,0],[0,1,0],[24,28,183]]
[[0,0,0],[1,0,0],[0,1,0],[30,93,183]]
[[0,0,0],[1,0,0],[0,1,0],[72,173,183]]
[[0,0,0],[1,0,0],[0,1,0],[15,124,183]]
[[0,0,0],[1,0,0],[0,1,0],[4,19,183]]
[[0,0,0],[1,0,0],[0,1,0],[5,25,183]]
[[0,0,0],[1,0,0],[0,1,0],[32,134,183]]
[[0,0,0],[1,0,0],[0,1,0],[3,52,183]]
[[0,0,0],[1,0,0],[0,1,0],[7,62,183]]
[[0,0,0],[1,0,0],[0,1,0],[26,182,183]]
[[0,0,0],[1,0,0],[0,1,0],[8,10,183]]
[[0,0,0],[1,0,0],[0,1,0],[21,142,183]]
[[0,0,0],[1,0,0],[0,1,0],[6,163,183]]
[[0,0,0],[1,0,0],[0,1,0],[45,1,183]]
[[0,0,0],[1,0,0],[0,1,0],[4,67,183]]
[[0,0,0],[1,0,0],[0,1,0],[32,68,183]]
[[0,0,0],[1,0,0],[0,1,0],[38,71,183]]
[[0,0,0],[1,0,0],[0,1,0],[30,1,183]]
[[0,0,0],[1,0,0],[0,1,0],[45,142,183]]
[[0,0,0],[1,0,0],[0,1,0],[24,58,183]]
[[0,0,0],[1,0,0],[0,1,0],[30,73,183]]
[[0,0,0],[1,0,0],[0,1,0],[38,44,183]]
[[0,0,0],[1,0,0],[0,1,0],[78,106,183]]
[[0,0,0],[1,0,0],[0,1,0],[31,161,183]]
[[0,0,0],[1,0,0],[0,1,0],[12,43,183]]
[[0,0,0],[1,0,0],[0,1,0],[6,127,183]]
[[0,0,0],[1,0,0],[0,1,0],[8,182,183]]
[[0,0,0],[1,0,0],[0,1,0],[54,4,183]]
[[0,0,0],[1,0,0],[0,1,0],[14,146,183]]
[[0,0,0],[1,0,0],[0,1,0],[20,137,183]]
[[0,0,0],[1,0,0],[0,1,0],[26,62,183]]
[[0,0,0],[1,0,0],[0,1,0],[20,52,183]]
[[0,0,0],[1,0,0],[0,1,0],[60,166,183]]
[[0,0,0],[1,0,0],[0,1,0],[16,40,183]]
[[0,0,0],[1,0,0],[0,1,0],[1,16,183]]
[[0,0,0],[1,0,0],[0,1,0],[11,167,183]]
[[0,0,0],[1,0,0],[0,1,0],[19,29,183]]
[[0,0,0],[1,0,0],[0,1,0],[3,79,183]]
[[0,0,0],[1,0,0],[0,1,0],[8,70,183]]
[[0,0,0],[1,0,0],[0,1,0],[35,134,183]]
[[0,0,0],[1,0,0],[0,1,0],[2,55,183]]
[[0,0,0],[1,0,0],[0,1,0],[33,100,183]]
[[0,0,0],[1,0,0],[0,1,0],[39,25,183]]
[[0,0,0],[1,0,0],[0,1,0],[33,115,183]]
[[0,0,0],[1,0,0],[0,1,0],[14,40,183]]
[[0,0,0],[1,0,0],[0,1,0],[6,40,183]]
[[0,0,0],[1,0,0],[0,1,0],[18,76,183]]
[[0,0,0],[1,0,0],[0,1,0],[54,16,183]]
[[0,0,0],[1,0,0],[0,1,0],[6,67,183]]
[[0,0,0],[1,0,0],[0,1,0],[10,19,183]]
[[0,0,0],[1,0,0],[0,1,0],[3,64,183]]
[[0,0,0],[1,0,0],[0,1,0],[11,65,183]]
[[0,0,0],[1,0,0],[0,1,0],[5,68,183]]
[[0,0,0],[1,0,0],[0,1,0],[6,157,183]]
[[0,0,0],[1,0,0],[0,1,0],[72,121,183]]
[[0,0,0],[1,0,0],[0,1,0],[21,127,183]]
[[0,0,0],[1,0,0],[0,1,0],[102,112,183]]
[[0,0,0],[1,0,0],[0,1,0],[42,1,183]]
[[0,0,0],[1,0,0],[0,1,0],[9,130,183]]
[[0,0,0],[1,0,0],[0,1,0],[9,82,183]]
[[0,0,0],[1,0,0],[0,1,0],[26,152,183]]
[[0,0,0],[1,0,0],[0,1,0],[5,98,183]]
[[0,0,0],[1,0,0],[0,1,0],[36,79,183]]
[[0,0,0],[1,0,0],[0,1,0],[12,124,183]]
[[0,0,0],[1,0,0],[0,1,0],[75,181,183]]
[[0,0,0],[1,0,0],[0,1,0],[5,74,183]]
[[0,0,0],[1,0,0],[0,1,0],[44,164,183]]
[[0,0,0],[1,0,0],[0,1,0],[24,100,183]]
[[0,0,0],[1,0,0],[0,1,0],[36,112,183]]
[[0,0,0],[1,0,0],[0,1,0],[83,173,183]]
[[0,0,0],[1,0,0],[0,1,0],[24,85,183]]
[[0,0,0],[1,0,0],[0,1,0],[17,152,183]]
[[0,0,0],[1,0,0],[0,1,0],[93,121,183]]
[[0,0,0],[1,0,0],[0,1,0],[15,10,183]]
[[0,0,0],[1,0,0],[0,1,0],[36,148,183]]
[[0,0,0],[1,0,0],[0,1,0],[7,50,183]]
[[0,0,0],[1,0,0],[0,1,0],[13,38,183]]
[[0,0,0],[1,0,0],[0,1,0],[13,76,183]]
[[0,0,0],[1,0,0],[0,1,0],[10,14,183]]
[[0,0,0],[1,0,0],[0,1,0],[1,41,183]]
[[0,0,0],[1,0,0],[0,1,0],[2,16,183]]
[[0,0,0],[1,0,0],[0,1,0],[28,166,183]]
[[0,0,0],[1,0,0],[0,1,0],[22,44,183]]
[[0,0,0],[1,0,0],[0,1,0],[39,28,183]]
[[0,0,0],[1,0,0],[0,1,0],[5,119,183]]
[[0,0,0],[1,0,0],[0,1,0],[37,52,183]]
[[0,0,0],[1,0,0],[0,1,0],[72,115,183]]
[[0,0,0],[1,0,0],[0,1,0],[84,161,183]]
[[0,0,0],[1,0,0],[0,1,0],[9,22,183]]
[[0,0,0],[1,0,0],[0,1,0],[2,23,183]]
[[0,0,0],[1,0,0],[0,1,0],[20,31,183]]
[[0,0,0],[1,0,0],[0,1,0],[8,28,183]]
[[0,0,0],[1,0,0],[0,1,0],[71,158,183]]
[[0,0,0],[1,0,0],[0,1,0],[1,8,183]]
[[0,0,0],[1,0,0],[0,1,0],[14,20,183]]
[[0,0,0],[1,0,0],[0,1,0],[40,62,183]]
[[0,0,0],[1,0,0],[0,1,0],[24,121,183]]
[[0,0,0],[1,0,0],[0,1,0],[36,37,183]]
[[0,0,0],[1,0,0],[0,1,0],[62,133,183]]
[[0,0,0],[1,0,0],[0,1,0],[39,160,183]]
[[0,0,0],[1,0,0],[0,1,0],[4,82,183]]
[[0,0,0],[1,0,0],[0,1,0],[5,67,183]]
[[0,0,0],[1,0,0],[0,1,0],[21,76,183]]
[[0,0,0],[1,0,0],[0,1,0],[10,59,183]]
[[0,0,0],[1,0,0],[0,1,0],[2,64,183]]
[[0,0,0],[1,0,0],[0,1,0],[8,76,183]]
[[0,0,0],[1,0,0],[0,1,0],[18,44,183]]
[[0,0,0],[1,0,0],[0,1,0],[5,104,183]]
[[0,0,0],[1,0,0],[0,1,0],[2,20,183]]
[[0,0,0],[1,0,0],[0,1,0],[8,128,183]]
[[0,0,0],[1,0,0],[0,1,0],[3,112,183]]
[[0,0,0],[1,0,0],[0,1,0],[3,58,183]]
[[0,0,0],[1,0,0],[0,1,0],[14,70,183]]
[[0,0,0],[1,0,0],[0,1,0],[11,164,183]]
[[0,0,0],[1,0,0],[0,1,0],[14,56,183]]
[[0,0,0],[1,0,0],[0,1,0],[12,130,183]]
[[0,0,0],[1,0,0],[0,1,0],[57,10,183]]
[[0,0,0],[1,0,0],[0,1,0],[10,22,183]]
[[0,0,0],[1,0,0],[0,1,0],[3,67,183]]
[[0,0,0],[1,0,0],[0,1,0],[18,97,183]]
[[0,0,0],[1,0,0],[0,1,0],[24,82,183]]
[[0,0,0],[1,0,0],[0,1,0],[30,13,183]]
[[0,0,0],[1,0,0],[0,1,0],[38,154,183]]
[[0,0,0],[1,0,0],[0,1,0],[42,157,183]]
[[0,0,0],[1,0,0],[0,1,0],[20,40,183]]
[[0,0,0],[1,0,0],[0,1,0],[6,49,183]]
[[0,0,0],[1,0,0],[0,1,0],[4,16,183]]
[[0,0,0],[1,0,0],[0,1,0],[16,31,183]]
[[0,0,0],[1,0,0],[0,1,0],[24,37,183]]
[[0,0,0],[1,0,0],[0,1,0],[33,7,183]]
[[0,0,0],[1,0,0],[0,1,0],[4,8,183]]
[[0,0,0],[1,0,0],[0,1,0],[51,31,183]]
[[0,0,0],[1,0,0],[0,1,0],[78,151,183]]
[[0,0,0],[1,0,0],[0,1,0],[5,155,183]]
[[0,0,0],[1,0,0],[0,1,0],[8,164,183]]
[[0,0,0],[1,0,0],[0,1,0],[34,41,183]]
[[0,0,0],[1,0,0],[0,1,0],[2,79,183]]
[[0,0,0],[1,0,0],[0,1,0],[39,91,183]]
[[0,0,0],[1,0,0],[0,1,0],[42,58,183]]
[[0,0,0],[1,0,0],[0,1,0],[1,38,183]]
[[0,0,0],[1,0,0],[0,1,0],[2,164,183]]
[[0,0,0],[1,0,0],[0,1,0],[10,29,183]]
[[0,0,0],[1,0,0],[0,1,0],[18,13,183]]
[[0,0,0],[1,0,0],[0,1,0],[32,76,183]]
[[0,0,0],[1,0,0],[0,1,0],[66,46,183]]
[[0,0,0],[1,0,0],[0,1,0],[21,181,183]]
[[0,0,0],[1,0,0],[0,1,0],[26,37,183]]
[[0,0,0],[1,0,0],[0,1,0],[4,80,183]]
[[0,0,0],[1,0,0],[0,1,0],[81,22,183]]
[[0,0,0],[1,0,0],[0,1,0],[28,62,183]]
[[0,0,0],[1,0,0],[0,1,0],[14,131,183]]
[[0,0,0],[1,0,0],[0,1,0],[6,56,183]]
[[0,0,0],[1,0,0],[0,1,0],[14,80,183]]
[[0,0,0],[1,0,0],[0,1,0],[48,67,183]]
[[0,0,0],[1,0,0],[0,1,0],[1,2,183]]
[[0,0,0],[1,0,0],[0,1,0],[65,65,183]]
[[0,0,0],[1,0,0],[0,1,0],[13,77,183]]
[[0,0,0],[1,0,0],[0,1,0],[51,70,183]]
[[0,0,0],[1,0,0],[0,1,0],[41,107,183]]
[[0,0,0],[1,0,0],[0,1,0],[4,64,183]]
[[0,0,0],[1,0,0],[0,1,0],[45,94,183]]
[[0,0,0],[1,0,0],[0,1,0],[87,121,183]]
[[0,0,0],[1,0,0],[0,1,0],[42,148,183]]
[[0,0,0],[1,0,0],[0,1,0],[12,172,183]]
[[0,0,0],[1,0,0],[0,1,0],[77,161,183]]
[[0,0,0],[1,0,0],[0,1,0],[108,121,183]]
[[0,0,0],[1,0,0],[0,1,0],[20,82,183]]
[[0,0,0],[1,0,0],[0,1,0],[78,145,183]]
[[0,0,0],[1,0,0],[0,1,0],[19,28,183]]
[[0,0,0],[1,0,0],[0,1,0],[21,118,183]]
[[0,0,0],[1,0,0],[0,1,0],[29,160,183]]
[[0,0,0],[1,0,0],[0,1,0],[19,38,183]]
[[0,0,0],[1,0,0],[0,1,0],[12,136,183]]
[[0,0,0],[1,0,0],[0,1,0],[12,85,183]]
[[0,0,0],[1,0,0],[0,1,0],[14,16,183]]
[[0,0,0],[1,0,0],[0,1,0],[15,148,183]]
[[0,0,0],[1,0,0],[0,1,0],[6,76,183]]
[[0,0,0],[1,0,0],[0,1,0],[3,103,183]]
[[0,0,0],[1,0,0],[0,1,0],[7,86,183]]
[[0,0,0],[1,0,0],[0,1,0],[21,82,183]]
[[0,0,0],[1,0,0],[0,1,0],[89,128,183]]
[[0,0,0],[1,0,0],[0,1,0],[10,16,183]]
[[0,0,0],[1,0,0],[0,1,0],[19,79,183]]
[[0,0,0],[1,0,0],[0,1,0],[6,64,183]]
[[0,0,0],[1,0,0],[0,1,0],[44,83,183]]
[[0,0,0],[1,0,0],[0,1,0],[17,49,183]]
[[0,0,0],[1,0,0],[0,1,0],[27,97,183]]
[[0,0,0],[1,0,0],[0,1,0],[9,16,183]]
[[0,0,0],[1,0,0],[0,1,0],[114,70,183]]
[[0,0,0],[1,0,0],[0,1,0],[51,43,183]]
[[0,0,0],[1,0,0],[0,1,0],[47,113,183]]
[[0,0,0],[1,0,0],[0,1,0],[32,128,183]]
[[0,0,0],[1,0,0],[0,1,0],[18,19,183]]
[[0,0,0],[1,0,0],[0,1,0],[14,67,183]]
[[0,0,0],[1,0,0],[0,1,0],[32,38,183]]
[[0,0,0],[1,0,0],[0,1,0],[16,16,183]]
[[0,0,0],[1,0,0],[0,1,0],[36,87,183]]
[[0,0,0],[1,0,0],[0,1,0],[5,137,183]]
[[0,0,0],[1,0,0],[0,1,0],[83,182,183]]
[[0,0,0],[1,0,0],[0,1,0],[32,164,183]]
[[0,0,0],[1,0,0],[0,1,0],[15,82,183]]
[[0,0,0],[1,0,0],[0,1,0],[9,115,183]]
[[0,0,0],[1,0,0],[0,1,0],[90,118,183]]
[[0,0,0],[1,0,0],[0,1,0],[57,37,183]]
[[0,0,0],[1,0,0],[0,1,0],[48,145,183]]
[[0,0,0],[1,0,0],[0,1,0],[7,83,183]]
[[0,0,0],[1,0,0],[0,1,0],[29,43,183]]
[[0,0,0],[1,0,0],[0,1,0],[2,70,183]]
[[0,0,0],[1,0,0],[0,1,0],[2,82,183]]
[[0,0,0],[1,0,0],[0,1,0],[6,121,183]]
[[0,0,0],[1,0,0],[0,1,0],[12,10,183]]
[[0,0,0],[1,0,0],[0,1,0],[78,169,183]]
[[0,0,0],[1,0,0],[0,1,0],[78,163,183]]
[[0,0,0],[1,0,0],[0,1,0],[99,130,183]]
[[0,0,0],[1,0,0],[0,1,0],[18,37,183]]
[[0,0,0],[1,0,0],[0,1,0],[5,95,183]]
[[0,0,0],[1,0,0],[0,1,0],[35,167,183]]
[[0,0,0],[1,0,0],[0,1,0],[69,166,183]]
[[0,0,0],[1,0,0],[0,1,0],[62,95,183]]
[[0,0,0],[1,0,0],[0,1,0],[26,44,183]]
[[0,0,0],[1,0,0],[0,1,0],[16,67,183]]
[[0,0,0],[1,0,0],[0,1,0],[1,13,183]]
[[0,0,0],[1,0,0],[0,1,0],[84,4,183]]
[[0,0,0],[1,0,0],[0,1,0],[30,88,183]]
[[0,0,0],[1,0,0],[0,1,0],[51,72,183]]
[[0,0,0],[1,0,0],[0,1,0],[63,52,183]]
[[0,0,0],[1,0,0],[0,1,0],[54,172,183]]
[[0,0,0],[1,0,0],[0,1,0],[8,149,183]]
[[0,0,0],[1,0,0],[0,1,0],[6,25,183]]
[[0,0,0],[1,0,0],[0,1,0],[47,152,183]]
[[0,0,0],[1,0,0],[0,1,0],[75,19,183]]
[[0,0,0],[1,0,0],[0,1,0],[3,1,183]]
[[0,0,0],[1,0,0],[0,1,0],[182,182,183]]
[[0,0,0],[1,0,0],[0,1,0],[9,94,183]]
[[0,0,0],[1,0,0],[0,1,0],[33,178,183]]
[[0,0,0],[1,0,0],[0,1,0],[6,58,183]]
[[0,0,0],[1,0,0],[0,1,0],[35,151,183]]
[[0,0,0],[1,0,0],[0,1,0],[80,113,183]]
[[0,0,0],[1,0,0],[0,1,0],[5,14,183]]
[[0,0,0],[1,0,0],[0,1,0],[57,5,183]]
[[0,0,0],[1,0,0],[0,1,0],[13,19,183]]
[[0,0,0],[1,0,0],[0,1,0],[10,52,183]]
[[0,0,0],[1,0,0],[0,1,0],[11,64,183]]
[[0,0,0],[1,0,0],[0,1,0],[36,43,183]]
[[0,0,0],[1,0,0],[0,1,0],[72,163,183]]
[[0,0,0],[1,0,0],[0,1,0],[12,46,183]]
[[0,0,0],[1,0,0],[0,1,0],[17,137,183]]
[[0,0,0],[1,0,0],[0,1,0],[29,107,183]]
[[0,0,0],[1,0,0],[0,1,0],[44,77,183]]
[[0,0,0],[1,0,0],[0,1,0],[37,148,183]]
[[0,0,0],[1,0,0],[0,1,0],[5,107,183]]
[[0,0,0],[1,0,0],[0,1,0],[14,76,183]]
[[0,0,0],[1,0,0],[0,1,0],[63,178,183]]
[[0,0,0],[1,0,0],[0,1,0],[13,41,183]]
[[0,0,0],[1,0,0],[0,1,0],[11,82,183]]
[[0,0,0],[1,0,0],[0,1,0],[9,178,183]]
[[0,0,0],[1,0,0],[0,1,0],[27,82,183]]
[[0,0,0],[1,0,0],[0,1,0],[48,43,183]]
[[0,0,0],[1,0,0],[0,1,0],[69,181,183]]
[[0,0,0],[1,0,0],[0,1,0],[59,133,183]]
[[0,0,0],[1,0,0],[0,1,0],[6,91,183]]
[[0,0,0],[1,0,0],[0,1,0],[18,124,183]]
[[0,0,0],[1,0,0],[0,1,0],[16,107,183]]
[[0,0,0],[1,0,0],[0,1,0],[1,37,183]]
[[0,0,0],[1,0,0],[0,1,0],[20,41,183]]
[[0,0,0],[1,0,0],[0,1,0],[102,118,183]]
[[0,0,0],[1,0,0],[0,1,0],[29,32,183]]
[[0,0,0],[1,0,0],[0,1,0],[57,31,183]]
[[0,0,0],[1,0,0],[0,1,0],[10,175,183]]
[[0,0,0],[1,0,0],[0,1,0],[26,86,183]]
[[0,0,0],[1,0,0],[0,1,0],[3,100,183]]
[[0,0,0],[1,0,0],[0,1,0],[102,139,183]]
[[0,0,0],[1,0,0],[0,1,0],[93,100,183]]
[[0,0,0],[1,0,0],[0,1,0],[15,67,183]]
[[0,0,0],[1,0,0],[0,1,0],[1,29,183]]
[[0,0,0],[1,0,0],[0,1,0],[14,34,183]]
[[0,0,0],[1,0,0],[0,1,0],[33,109,183]]
[[0,0,0],[1,0,0],[0,1,0],[5,131,183]]
[[0,0,0],[1,0,0],[0,1,0],[13,52,183]]
[[0,0,0],[1,0,0],[0,1,0],[30,37,183]]
[[0,0,0],[1,0,0],[0,1,0],[4,74,183]]
[[0,0,0],[1,0,0],[0,1,0],[129,55,183]]
[[0,0,0],[1,0,0],[0,1,0],[31,158,183]]
[[0,0,0],[1,0,0],[0,1,0],[7,26,183]]
[[0,0,0],[1,0,0],[0,1,0],[13,58,183]]
[[0,0,0],[1,0,0],[0,1,0],[65,95,183]]
[[0,0,0],[1,0,0],[0,1,0],[21,1,183]]
[[0,0,0],[1,0,0],[0,1,0],[27,118,183]]
[[0,0,0],[1,0,0],[0,1,0],[29,98,183]]
[[0,0,0],[1,0,0],[0,1,0],[10,34,183]]
[[0,0,0],[1,0,0],[0,1,0],[4,34,183]]
[[0,0,0],[1,0,0],[0,1,0],[21,124,183]]
[[0,0,0],[1,0,0],[0,1,0],[99,148,183]]
[[0,0,0],[1,0,0],[0,1,0],[26,35,183]]
[[0,0,0],[1,0,0],[0,1,0],[36,106,183]]
[[0,0,0],[1,0,0],[0,1,0],[19,49,183]]
[[0,0,0],[1,0,0],[0,1,0],[56,67,183]]
[[0,0,0],[1,0,0],[0,1,0],[5,7,183]]
[[0,0,0],[1,0,0],[0,1,0],[2,49,183]]
[[0,0,0],[1,0,0],[0,1,0],[15,97,183]]
[[0,0,0],[1,0,0],[0,1,0],[20,68,183]]
[[0,0,0],[1,0,0],[0,1,0],[2,170,183]]
[[0,0,0],[1,0,0],[0,1,0],[39,43,183]]
[[0,0,0],[1,0,0],[0,1,0],[1,83,183]]
[[0,0,0],[1,0,0],[0,1,0],[14,22,183]]
[[0,0,0],[1,0,0],[0,1,0],[20,152,183]]
[[0,0,0],[1,0,0],[0,1,0],[10,80,183]]
[[0,0,0],[1,0,0],[0,1,0],[13,32,183]]
[[0,0,0],[1,0,0],[0,1,0],[16,68,183]]
[[0,0,0],[1,0,0],[0,1,0],[39,40,183]]
[[0,0,0],[1,0,0],[0,1,0],[39,88,183]]
[[0,0,0],[1,0,0],[0,1,0],[7,59,183]]
[[0,0,0],[1,0,0],[0,1,0],[39,49,183]]
[[0,0,0],[1,0,0],[0,1,0],[26,77,183]]
[[0,0,0],[1,0,0],[0,1,0],[56,149,183]]
[[0,0,0],[1,0,0],[0,1,0],[20,116,183]]
[[0,0,0],[1,0,0],[0,1,0],[96,148,183]]
[[0,0,0],[1,0,0],[0,1,0],[3,130,183]]
[[0,0,0],[1,0,0],[0,1,0],[42,52,183]]
[[0,0,0],[1,0,0],[0,1,0],[16,32,183]]
[[0,0,0],[1,0,0],[0,1,0],[4,65,183]]
[[0,0,0],[1,0,0],[0,1,0],[48,13,183]]
[[0,0,0],[1,0,0],[0,1,0],[24,34,183]]
[[0,0,0],[1,0,0],[0,1,0],[13,28,183]]
[[0,0,0],[1,0,0],[0,1,0],[57,13,183]]
[[0,0,0],[1,0,0],[0,1,0],[30,43,183]]
[[0,0,0],[1,0,0],[0,1,0],[18,64,183]]
[[0,0,0],[1,0,0],[0,1,0],[66,130,183]]
[[0,0,0],[1,0,0],[0,1,0],[5,149,183]]
[[0,0,0],[1,0,0],[0,1,0],[5,32,183]]
[[0,0,0],[1,0,0],[0,1,0],[11,83,183]]
[[0,0,0],[1,0,0],[0,1,0],[48,14,183]]
[[0,0,0],[1,0,0],[0,1,0],[123,97,183]]
[[0,0,0],[1,0,0],[0,1,0],[27,130,183]]
[[0,0,0],[1,0,0],[0,1,0],[63,121,183]]
[[0,0,0],[1,0,0],[0,1,0],[32,59,183]]
[[0,0,0],[1,0,0],[0,1,0],[20,79,183]]
[[0,0,0],[1,0,0],[0,1,0],[21,16,183]]
[[0,0,0],[1,0,0],[0,1,0],[36,31,183]]
[[0,0,0],[1,0,0],[0,1,0],[90,94,183]]
[[0,0,0],[1,0,0],[0,1,0],[27,70,183]]
[[0,0,0],[1,0,0],[0,1,0],[80,182,183]]
[[0,0,0],[1,0,0],[0,1,0],[48,79,183]]
[[0,0,0],[1,0,0],[0,1,0],[29,173,183]]
[[0,0,0],[1,0,0],[0,1,0],[57,58,183]]
[[0,0,0],[1,0,0],[0,1,0],[8,11,183]]
[[0,0,0],[1,0,0],[0,1,0],[8,77,183]]
[[0,0,0],[1,0,0],[0,1,0],[8,47,183]]
[[0,0,0],[1,0,0],[0,1,0],[12,37,183]]
[[0,0,0],[1,0,0],[0,1,0],[36,160,183]]
[[0,0,0],[1,0,0],[0,1,0],[28,41,183]]
[[0,0,0],[1,0,0],[0,1,0],[35,128,183]]
[[0,0,0],[1,0,0],[0,1,0],[20,104,183]]
[[0,0,0],[1,0,0],[0,1,0],[14,62,183]]
[[0,0,0],[1,0,0],[0,1,0],[47,95,183]]
[[0,0,0],[1,0,0],[0,1,0],[75,163,183]]
[[0,0,0],[1,0,0],[0,1,0],[32,74,183]]
[[0,0,0],[1,0,0],[0,1,0],[54,73,183]]
[[0,0,0],[1,0,0],[0,1,0],[13,56,183]]
[[0,0,0],[1,0,0],[0,1,0],[24,91,183]]
[[0,0,0],[1,0,0],[0,1,0],[18,49,183]]
[[0,0,0],[1,0,0],[0,1,0],[20,164,183]]
[[0,0,0],[1,0,0],[0,1,0],[137,137,183]]
[[0,0,0],[1,0,0],[0,1,0],[17,161,183]]
[[0,0,0],[1,0,0],[0,1,0],[4,47,183]]
[[0,0,0],[1,0,0],[0,1,0],[81,136,183]]
[[0,0,0],[1,0,0],[0,1,0],[12,103,183]]
[[0,0,0],[1,0,0],[0,1,0],[16,44,183]]
[[0,0,0],[1,0,0],[0,1,0],[84,1,183]]
[[0,0,0],[1,0,0],[0,1,0],[5,44,183]]
[[0,0,0],[1,0,0],[0,1,0],[17,175,183]]
[[0,0,0],[1,0,0],[0,1,0],[90,1,183]]
[[0,0,0],[1,0,0],[0,1,0],[72,148,183]]
[[0,0,0],[1,0,0],[0,1,0],[20,73,183]]
[[0,0,0],[1,0,0],[0,1,0],[61,62,183]]
[[0,0,0],[1,0,0],[0,1,0],[14,104,183]]
[[0,0,0],[1,0,0],[0,1,0],[2,4,183]]
[[0,0,0],[1,0,0],[0,1,0],[42,4,183]]
[[0,0,0],[1,0,0],[0,1,0],[17,89,183]]
[[0,0,0],[1,0,0],[0,1,0],[5,35,183]]
[[0,0,0],[1,0,0],[0,1,0],[5,134,183]]
[[0,0,0],[1,0,0],[0,1,0],[5,13,183]]
[[0,0,0],[1,0,0],[0,1,0],[21,103,183]]
[[0,0,0],[1,0,0],[0,1,0],[18,28,183]]
[[0,0,0],[1,0,0],[0,1,0],[26,95,183]]
[[0,0,0],[1,0,0],[0,1,0],[36,154,183]]
[[0,0,0],[1,0,0],[0,1,0],[39,58,183]]
[[0,0,0],[1,0,0],[0,1,0],[32,152,183]]
[[0,0,0],[1,0,0],[0,1,0],[27,7,183]]
[[0,0,0],[1,0,0],[0,1,0],[41,56,183]]
[[0,0,0],[1,0,0],[0,1,0],[54,145,183]]
[[0,0,0],[1,0,0],[0,1,0],[3,13,183]]
[[0,0,0],[1,0,0],[0,1,0],[1,44,183]]
[[0,0,0],[1,0,0],[0,1,0],[41,77,183]]
[[0,0,0],[1,0,0],[0,1,0],[2,68,183]]
[[0,0,0],[1,0,0],[0,1,0],[3,82,183]]
[[0,0,0],[1,0,0],[0,1,0],[36,16,183]]
[[0,0,0],[1,0,0],[0,1,0],[69,175,183]]
[[0,0,0],[1,0,0],[0,1,0],[17,173,183]]
[[0,0,0],[1,0,0],[0,1,0],[3,142,183]]
[[0,0,0],[1,0,0],[0,1,0],[45,55,183]]
[[0,0,0],[1,0,0],[0,1,0],[2,173,183]]
[[0,0,0],[1,0,0],[0,1,0],[45,76,183]]
[[0,0,0],[1,0,0],[0,1,0],[12,82,183]]
[[0,0,0],[1,0,0],[0,1,0],[30,64,183]]
[[0,0,0],[1,0,0],[0,1,0],[14,17,183]]
[[0,0,0],[1,0,0],[0,1,0],[20,49,183]]
[[0,0,0],[1,0,0],[0,1,0],[11,89,183]]
[[0,0,0],[1,0,0],[0,1,0],[48,7,183]]
[[0,0,0],[1,0,0],[0,1,0],[90,166,183]]
[[0,0,0],[1,0,0],[0,1,0],[17,95,183]]
[[0,0,0],[1,0,0],[0,1,0],[8,158,183]]
[[0,0,0],[1,0,0],[0,1,0],[48,55,183]]
[[0,0,0],[1,0,0],[0,1,0],[63,154,183]]
[[0,0,0],[1,0,0],[0,1,0],[69,151,183]]
[[0,0,0],[1,0,0],[0,1,0],[7,10,183]]
[[0,0,0],[1,0,0],[0,1,0],[20,155,183]]
[[0,0,0],[1,0,0],[0,1,0],[81,1,183]]
[[0,0,0],[1,0,0],[0,1,0],[15,121,183]]
[[0,0,0],[1,0,0],[0,1,0],[19,19,183]]
[[0,0,0],[1,0,0],[0,1,0],[105,97,183]]
[[0,0,0],[1,0,0],[0,1,0],[9,37,183]]
[[0,0,0],[1,0,0],[0,1,0],[3,10,183]]
[[0,0,0],[1,0,0],[0,1,0],[1,10,183]]
[[0,0,0],[1,0,0],[0,1,0],[83,98,183]]
[[0,0,0],[1,0,0],[0,1,0],[113,182,183]]
[[0,0,0],[1,0,0],[0,1,0],[24,7,183]]
[[0,0,0],[1,0,0],[0,1,0],[71,155,183]]
[[0,0,0],[1,0,0],[0,1,0],[58,136,183]]
[[0,0,0],[1,0,0],[0,1,0],[24,10,183]]
[[0,0,0],[1,0,0],[0,1,0],[71,98,183]]
[[0,0,0],[1,0,0],[0,1,0],[15,43,183]]
[[0,0,0],[1,0,0],[0,1,0],[29,146,183]]
[[0,0,0],[1,0,0],[0,1,0],[2,83,183]]
[[0,0,0],[1,0,0],[0,1,0],[99,145,183]]
[[0,0,0],[1,0,0],[0,1,0],[17,40,183]]
[[0,0,0],[1,0,0],[0,1,0],[7,31,183]]
[[0,0,0],[1,0,0],[0,1,0],[75,130,183]]
[[0,0,0],[1,0,0],[0,1,0],[15,49,183]]
[[0,0,0],[1,0,0],[0,1,0],[4,31,183]]
[[0,0,0],[1,0,0],[0,1,0],[15,142,183]]
[[0,0,0],[1,0,0],[0,1,0],[20,119,183]]
[[0,0,0],[1,0,0],[0,1,0],[2,92,183]]
[[0,0,0],[1,0,0],[0,1,0],[18,70,183]]
[[0,0,0],[1,0,0],[0,1,0],[14,179,183]]
[[0,0,0],[1,0,0],[0,1,0],[20,65,183]]
[[0,0,0],[1,0,0],[0,1,0],[32,161,183]]
[[0,0,0],[1,0,0],[0,1,0],[11,40,183]]
[[0,0,0],[1,0,0],[0,1,0],[2,155,183]]
[[0,0,0],[1,0,0],[0,1,0],[2,146,183]]
[[0,0,0],[1,0,0],[0,1,0],[6,31,183]]
[[0,0,0],[1,0,0],[0,1,0],[4,29,183]]
[[0,0,0],[1,0,0],[0,1,0],[71,161,183]]
[[0,0,0],[1,0,0],[0,1,0],[9,166,183]]
[[0,0,0],[1,0,0],[0,1,0],[24,133,183]]
[[0,0,0],[1,0,0],[0,1,0],[16,73,183]]
[[0,0,0],[1,0,0],[0,1,0],[57,1,183]]
[[0,0,0],[1,0,0],[0,1,0],[5,143,183]]
[[0,0,0],[1,0,0],[0,1,0],[72,172,183]]
[[0,0,0],[1,0,0],[0,1,0],[14,149,183]]
[[0,0,0],[1,0,0],[0,1,0],[13,59,183]]
[[0,0,0],[1,0,0],[0,1,0],[17,176,183]]
[[0,0,0],[1,0,0],[0,1,0],[17,82,183]]
[[0,0,0],[1,0,0],[0,1,0],[29,179,183]]
[[0,0,0],[1,0,0],[0,1,0],[17,20,183]]
[[0,0,0],[1,0,0],[0,1,0],[21,41,183]]
[[0,0,0],[1,0,0],[0,1,0],[7,68,183]]
[[0,0,0],[1,0,0],[0,1,0],[1,20,183]]
[[0,0,0],[1,0,0],[0,1,0],[2,58,183]]
[[0,0,0],[1,0,0],[0,1,0],[24,4,183]]
[[0,0,0],[1,0,0],[0,1,0],[13,74,183]]
[[0,0,0],[1,0,0],[0,1,0],[33,160,183]]
[[0,0,0],[1,0,0],[0,1,0],[20,53,183]]
[[0,0,0],[1,0,0],[0,1,0],[45,25,183]]
[[0,0,0],[1,0,0],[0,1,0],[6,22,183]]
[[0,0,0],[1,0,0],[0,1,0],[7,74,183]]
[[0,0,0],[1,0,0],[0,1,0],[29,34,183]]
[[0,0,0],[1,0,0],[0,1,0],[2,80,183]]
[[0,0,0],[1,0,0],[0,1,0],[33,58,183]]
[[0,0,0],[1,0,0],[0,1,0],[60,160,183]]
[[0,0,0],[1,0,0],[0,1,0],[10,58,183]]
[[0,0,0],[1,0,0],[0,1,0],[47,179,183]]
[[0,0,0],[1,0,0],[0,1,0],[1,47,183]]
[[0,0,0],[1,0,0],[0,1,0],[39,148,183]]
[[0,0,0],[1,0,0],[0,1,0],[36,13,183]]
[[0,0,0],[1,0,0],[0,1,0],[20,32,183]]
[[0,0,0],[1,0,0],[0,1,0],[28,28,183]]
[[0,0,0],[1,0,0],[0,1,0],[65,86,183]]
[[0,0,0],[1,0,0],[0,1,0],[14,77,183]]
[[0,0,0],[1,0,0],[0,1,0],[24,43,183]]
[[0,0,0],[1,0,0],[0,1,0],[24,97,183]]
[[0,0,0],[1,0,0],[0,1,0],[42,25,183]]
[[0,0,0],[1,0,0],[0,1,0],[77,77,183]]
[[0,0,0],[1,0,0],[0,1,0],[24,79,183]]
[[0,0,0],[1,0,0],[0,1,0],[11,140,183]]
[[0,0,0],[1,0,0],[0,1,0],[60,1,183]]
[[0,0,0],[1,0,0],[0,1,0],[62,113,183]]
[[0,0,0],[1,0,0],[0,1,0],[17,67,183]]
[[0,0,0],[1,0,0],[0,1,0],[47,134,183]]
[[0,0,0],[1,0,0],[0,1,0],[14,73,183]]
[[0,0,0],[1,0,0],[0,1,0],[7,37,183]]
[[0,0,0],[1,0,0],[0,1,0],[18,115,183]]
[[0,0,0],[1,0,0],[0,1,0],[2,137,183]]
[[0,0,0],[1,0,0],[0,1,0],[45,19,183]]
[[0,0,0],[1,0,0],[0,1,0],[27,43,183]]
[[0,0,0],[1,0,0],[0,1,0],[45,49,183]]
[[0,0,0],[1,0,0],[0,1,0],[2,125,183]]
[[0,0,0],[1,0,0],[0,1,0],[48,22,183]]
[[0,0,0],[1,0,0],[0,1,0],[7,47,183]]
[[0,0,0],[1,0,0],[0,1,0],[33,79,183]]
[[0,0,0],[1,0,0],[0,1,0],[1,4,183]]
[[0,0,0],[1,0,0],[0,1,0],[32,113,183]]
[[0,0,0],[1,0,0],[0,1,0],[10,73,183]]
[[0,0,0],[1,0,0],[0,1,0],[17,37,183]]
[[0,0,0],[1,0,0],[0,1,0],[26,125,183]]
[[0,0,0],[1,0,0],[0,1,0],[95,179,183]]
[[0,0,0],[1,0,0],[0,1,0],[11,41,183]]
[[0,0,0],[1,0,0],[0,1,0],[15,58,183]]
[[0,0,0],[1,0,0],[0,1,0],[14,128,183]]
[[0,0,0],[1,0,0],[0,1,0],[34,34,183]]
[[0,0,0],[1,0,0],[0,1,0],[18,1,183]]
[[0,0,0],[1,0,0],[0,1,0],[12,4,183]]
[[0,0,0],[1,0,0],[0,1,0],[45,40,183]]
[[0,0,0],[1,0,0],[0,1,0],[4,38,183]]
[[0,0,0],[1,0,0],[0,1,0],[14,68,183]]
[[0,0,0],[1,0,0],[0,1,0],[48,151,183]]
[[0,0,0],[1,0,0],[0,1,0],[17,53,183]]
[[0,0,0],[1,0,0],[0,1,0],[8,22,183]]
[[0,0,0],[1,0,0],[0,1,0],[2,28,183]]
[[0,0,0],[1,0,0],[0,1,0],[114,97,183]]
[[0,0,0],[1,0,0],[0,1,0],[20,158,183]]
[[0,0,0],[1,0,0],[0,1,0],[33,118,183]]
[[0,0,0],[1,0,0],[0,1,0],[35,104,183]]
[[0,0,0],[1,0,0],[0,1,0],[12,175,183]]
[[0,0,0],[1,0,0],[0,1,0],[9,163,183]]
[[0,0,0],[1,0,0],[0,1,0],[13,29,183]]
[[0,0,0],[1,0,0],[0,1,0],[1,32,183]]
[[0,0,0],[1,0,0],[0,1,0],[4,62,183]]
[[0,0,0],[1,0,0],[0,1,0],[14,182,183]]
[[0,0,0],[1,0,0],[0,1,0],[60,142,183]]
[[0,0,0],[1,0,0],[0,1,0],[62,62,183]]
[[0,0,0],[1,0,0],[0,1,0],[7,73,183]]
[[0,0,0],[1,0,0],[0,1,0],[49,139,183]]
[[0,0,0],[1,0,0],[0,1,0],[15,40,183]]
[[0,0,0],[1,0,0],[0,1,0],[60,49,183]]
[[0,0,0],[1,0,0],[0,1,0],[66,40,183]]
[[0,0,0],[1,0,0],[0,1,0],[57,130,183]]
[[0,0,0],[1,0,0],[0,1,0],[8,44,183]]
[[0,0,0],[1,0,0],[0,1,0],[39,84,183]]
[[0,0,0],[1,0,0],[0,1,0],[83,137,183]]
[[0,0,0],[1,0,0],[0,1,0],[138,46,183]]
[[0,0,0],[1,0,0],[0,1,0],[12,79,183]]
[[0,0,0],[1,0,0],[0,1,0],[65,107,183]]
[[0,0,0],[1,0,0],[0,1,0],[0,1,183]]
[[0,0,0],[1,0,0],[0,1,0],[33,90,183]]
[[0,0,0],[1,0,0],[0,1,0],[33,106,183]]
[[0,0,0],[1,0,0],[0,1,0],[39,151,183]]
[[0,0,0],[1,0,0],[0,1,0],[153,153,183]]
[[0,0,0],[1,0,0],[0,1,0],[12,142,183]]
[[0,0,0],[1,0,0],[0,1,0],[11,158,183]]
[[0,0,0],[1,0,0],[0,1,0],[2,182,183]]
[[0,0,0],[1,0,0],[0,1,0],[20,29,183]]
[[0,0,0],[1,0,0],[0,1,0],[2,85,183]]
