[[0,0,0],[1,0,0],[0,1,0],[3,5,19]]
[[0,0,0],[1,0,0],[0,1,0],[2,4,19]]
[[0,0,0],[1,0,0],[0,1,0],[4,4,19]]
[[0,0,0],[1,0,0],[0,1,0],[1,7,19]]
[[0,0,0],[1,0,0],[0,1,0],[3,18,19]]
[[0,0,0],[1,0,0],[0,1,0],[3,17,19]]
[[0,0,0],[1,0,0],[0,1,0],[2,9,19]]
[[0,0,0],[1,0,0],[0,1,0],[1,1,19]]
[[0,0,0],[1,0,0],[0,1,0],[1,3,19]]
[[0,0,0],[1,0,0],[0,1,0],[2,6,19]]
[[0,0,0],[1,0,0],[0,1,0],[7,14,19]]
[[0,0,0],[1,0,0],[0,1,0],[0,1,19]]
[[0,0,0],[1,0,0],[0,1,0],[3,6,19]]
[[0,0,0],[1,0,0],[0,1,0],[2,18,19]]
[[0,0,0],[1,0,0],[0,1,0],[2,2,19]]
[[0,0,0],[1,0,0],[0,1,0],[2,3,19]]
[[0,0,0],[1,0,0],[0,1,0],[1,4,19]]
[[0,0,0],[1,0,0],[0,1,0],[1,2,19]]
[[0,0,0],[1,0,0],[0,1,0],[4,8,19]]
[[0,0,0],[1,0,0],[0,1,0],[6,15,19]]
[[0,0,0],[1,0,0],[0,1,0],[4,16,19]]
[[0,0,0],[1,0,0],[0,1,0],[3,3,19]]
[[0,0,0],[1,0,0],[0,1,0],[8,12,19]]
[[0,0,0],[1,0,0],[0,1,0],[2,7,19]]
[[0,0,0],[1,0,0],[0,1,0],[2,5,19]]
