[[0,0,0],[1,0,0],[0,1,0],[36,156,191]]
[[0,0,0],[1,0,0],[0,1,0],[21,36,191]]
[[0,0,0],[1,0,0],[0,1,0],[2,85,191]]
[[0,0,0],[1,0,0],[0,1,0],[4,66,191]]
[[0,0,0],[1,0,0],[0,1,0],[7,81,191]]
[[0,0,0],[1,0,0],[0,1,0],[4,88,191]]
[[0,0,0],[1,0,0],[0,1,0],[14,26,191]]
[[0,0,0],[1,0,0],[0,1,0],[10,13,191]]
[[0,0,0],[1,0,0],[0,1,0],[7,40,191]]
[[0,0,0],[1,0,0],[0,1,0],[26,60,191]]
[[0,0,0],[1,0,0],[0,1,0],[2,34,191]]
[[0,0,0],[1,0,0],[0,1,0],[11,14,191]]
[[0,0,0],[1,0,0],[0,1,0],[19,75,191]]
[[0,0,0],[1,0,0],[0,1,0],[3,75,191]]
[[0,0,0],[1,0,0],[0,1,0],[1,7,191]]
[[0,0,0],[1,0,0],[0,1,0],[9,54,191]]
[[0,0,0],[1,0,0],[0,1,0],[4,39,191]]
[[0,0,0],[1,0,0],[0,1,0],[6,71,191]]
[[0,0,0],[1,0,0],[0,1,0],[11,37,191]]
[[0,0,0],[1,0,0],[0,1,0],[34,54,191]]
[[0,0,0],[1,0,0],[0,1,0],[8,36,191]]
[[0,0,0],[1,0,0],[0,1,0],[18,34,191]]
[[0,0,0],[1,0,0],[0,1,0],[22,34,191]]
[[0,0,0],[1,0,0],[0,1,0],[17,68,191]]
[[0,0,0],[1,0,0],[0,1,0],[35,44,191]]
[[0,0,0],[1,0,0],[0,1,0],[23,29,191]]
[[0,0,0],[1,0,0],[0,1,0],[18,175,191]]
[[0,0,0],[1,0,0],[0,1,0],[1,25,191]]
[[0,0,0],[1,0,0],[0,1,0],[25,175,191]]
[[0,0,0],[1,0,0],[0,1,0],[9,77,191]]
[[0,0,0],[1,0,0],[0,1,0],[10,30,191]]
[[0,0,0],[1,0,0],[0,1,0],[22,68,191]]
[[0,0,0],[1,0,0],[0,1,0],[6,8,191]]
[[0,0,0],[1,0,0],[0,1,0],[65,128,191]]
[[0,0,0],[1,0,0],[0,1,0],[14,81,191]]
[[0,0,0],[1,0,0],[0,1,0],[23,62,191]]
[[0,0,0],[1,0,0],[0,1,0],[10,182,191]]
[[0,0,0],[1,0,0],[0,1,0],[19,66,191]]
[[0,0,0],[1,0,0],[0,1,0],[3,36,191]]
[[0,0,0],[1,0,0],[0,1,0],[3,20,191]]
[[0,0,0],[1,0,0],[0,1,0],[2,8,191]]
[[0,0,0],[1,0,0],[0,1,0],[12,90,191]]
[[0,0,0],[1,0,0],[0,1,0],[19,71,191]]
[[0,0,0],[1,0,0],[0,1,0],[21,40,191]]
[[0,0,0],[1,0,0],[0,1,0],[23,81,191]]
[[0,0,0],[1,0,0],[0,1,0],[6,50,191]]
[[0,0,0],[1,0,0],[0,1,0],[2,5,191]]
[[0,0,0],[1,0,0],[0,1,0],[10,33,191]]
[[0,0,0],[1,0,0],[0,1,0],[7,51,191]]
[[0,0,0],[1,0,0],[0,1,0],[56,142,191]]
[[0,0,0],[1,0,0],[0,1,0],[20,80,191]]
[[0,0,0],[1,0,0],[0,1,0],[18,40,191]]
[[0,0,0],[1,0,0],[0,1,0],[4,36,191]]
[[0,0,0],[1,0,0],[0,1,0],[59,162,191]]
[[0,0,0],[1,0,0],[0,1,0],[11,66,191]]
[[0,0,0],[1,0,0],[0,1,0],[2,30,191]]
[[0,0,0],[1,0,0],[0,1,0],[36,42,191]]
[[0,0,0],[1,0,0],[0,1,0],[11,29,191]]
[[0,0,0],[1,0,0],[0,1,0],[23,65,191]]
[[0,0,0],[1,0,0],[0,1,0],[7,35,191]]
[[0,0,0],[1,0,0],[0,1,0],[19,42,191]]
[[0,0,0],[1,0,0],[0,1,0],[2,38,191]]
[[0,0,0],[1,0,0],[0,1,0],[4,22,191]]
[[0,0,0],[1,0,0],[0,1,0],[9,56,191]]
[[0,0,0],[1,0,0],[0,1,0],[21,31,191]]
[[0,0,0],[1,0,0],[0,1,0],[42,159,191]]
[[0,0,0],[1,0,0],[0,1,0],[7,84,191]]
[[0,0,0],[1,0,0],[0,1,0],[4,84,191]]
[[0,0,0],[1,0,0],[0,1,0],[14,74,191]]
[[0,0,0],[1,0,0],[0,1,0],[7,45,191]]
[[0,0,0],[1,0,0],[0,1,0],[42,162,191]]
[[0,0,0],[1,0,0],[0,1,0],[6,75,191]]
[[0,0,0],[1,0,0],[0,1,0],[8,27,191]]
[[0,0,0],[1,0,0],[0,1,0],[6,81,191]]
[[0,0,0],[1,0,0],[0,1,0],[19,179,191]]
[[0,0,0],[1,0,0],[0,1,0],[6,21,191]]
[[0,0,0],[1,0,0],[0,1,0],[12,21,191]]
[[0,0,0],[1,0,0],[0,1,0],[13,60,191]]
[[0,0,0],[1,0,0],[0,1,0],[4,75,191]]
[[0,0,0],[1,0,0],[0,1,0],[22,35,191]]
[[0,0,0],[1,0,0],[0,1,0],[4,20,191]]
[[0,0,0],[1,0,0],[0,1,0],[35,157,191]]
[[0,0,0],[1,0,0],[0,1,0],[6,29,191]]
[[0,0,0],[1,0,0],[0,1,0],[7,33,191]]
[[0,0,0],[1,0,0],[0,1,0],[9,44,191]]
[[0,0,0],[1,0,0],[0,1,0],[19,53,191]]
[[0,0,0],[1,0,0],[0,1,0],[1,46,191]]
[[0,0,0],[1,0,0],[0,1,0],[28,42,191]]
[[0,0,0],[1,0,0],[0,1,0],[10,90,191]]
[[0,0,0],[1,0,0],[0,1,0],[17,44,191]]
[[0,0,0],[1,0,0],[0,1,0],[28,63,191]]
[[0,0,0],[1,0,0],[0,1,0],[17,39,191]]
[[0,0,0],[1,0,0],[0,1,0],[40,54,191]]
[[0,0,0],[1,0,0],[0,1,0],[35,60,191]]
[[0,0,0],[1,0,0],[0,1,0],[19,178,191]]
[[0,0,0],[1,0,0],[0,1,0],[11,184,191]]
[[0,0,0],[1,0,0],[0,1,0],[18,61,191]]
[[0,0,0],[1,0,0],[0,1,0],[12,50,191]]
[[0,0,0],[1,0,0],[0,1,0],[8,52,191]]
[[0,0,0],[1,0,0],[0,1,0],[8,65,191]]
[[0,0,0],[1,0,0],[0,1,0],[8,34,191]]
[[0,0,0],[1,0,0],[0,1,0],[30,65,191]]
[[0,0,0],[1,0,0],[0,1,0],[10,20,191]]
[[0,0,0],[1,0,0],[0,1,0],[11,19,191]]
[[0,0,0],[1,0,0],[0,1,0],[8,54,191]]
[[0,0,0],[1,0,0],[0,1,0],[3,61,191]]
[[0,0,0],[1,0,0],[0,1,0],[4,86,191]]
[[0,0,0],[1,0,0],[0,1,0],[4,45,191]]
[[0,0,0],[1,0,0],[0,1,0],[4,46,191]]
[[0,0,0],[1,0,0],[0,1,0],[22,22,191]]
[[0,0,0],[1,0,0],[0,1,0],[1,28,191]]
[[0,0,0],[1,0,0],[0,1,0],[5,55,191]]
[[0,0,0],[1,0,0],[0,1,0],[46,66,191]]
[[0,0,0],[1,0,0],[0,1,0],[2,45,191]]
[[0,0,0],[1,0,0],[0,1,0],[11,26,191]]
[[0,0,0],[1,0,0],[0,1,0],[14,78,191]]
[[0,0,0],[1,0,0],[0,1,0],[33,70,191]]
[[0,0,0],[1,0,0],[0,1,0],[8,30,191]]
[[0,0,0],[1,0,0],[0,1,0],[34,68,191]]
[[0,0,0],[1,0,0],[0,1,0],[13,68,191]]
[[0,0,0],[1,0,0],[0,1,0],[17,26,191]]
[[0,0,0],[1,0,0],[0,1,0],[72,136,191]]
[[0,0,0],[1,0,0],[0,1,0],[5,75,191]]
[[0,0,0],[1,0,0],[0,1,0],[2,47,191]]
[[0,0,0],[1,0,0],[0,1,0],[3,71,191]]
[[0,0,0],[1,0,0],[0,1,0],[7,85,191]]
[[0,0,0],[1,0,0],[0,1,0],[7,18,191]]
[[0,0,0],[1,0,0],[0,1,0],[23,69,191]]
[[0,0,0],[1,0,0],[0,1,0],[5,22,191]]
[[0,0,0],[1,0,0],[0,1,0],[2,43,191]]
[[0,0,0],[1,0,0],[0,1,0],[2,54,191]]
[[0,0,0],[1,0,0],[0,1,0],[8,13,191]]
[[0,0,0],[1,0,0],[0,1,0],[19,63,191]]
[[0,0,0],[1,0,0],[0,1,0],[3,31,191]]
[[0,0,0],[1,0,0],[0,1,0],[9,69,191]]
[[0,0,0],[1,0,0],[0,1,0],[2,35,191]]
[[0,0,0],[1,0,0],[0,1,0],[22,70,191]]
[[0,0,0],[1,0,0],[0,1,0],[9,52,191]]
[[0,0,0],[1,0,0],[0,1,0],[39,63,191]]
[[0,0,0],[1,0,0],[0,1,0],[26,171,191]]
[[0,0,0],[1,0,0],[0,1,0],[18,79,191]]
[[0,0,0],[1,0,0],[0,1,0],[7,39,191]]
[[0,0,0],[1,0,0],[0,1,0],[12,181,191]]
[[0,0,0],[1,0,0],[0,1,0],[27,75,191]]
[[0,0,0],[1,0,0],[0,1,0],[28,71,191]]
[[0,0,0],[1,0,0],[0,1,0],[22,78,191]]
[[0,0,0],[1,0,0],[0,1,0],[2,84,191]]
[[0,0,0],[1,0,0],[0,1,0],[11,31,191]]
[[0,0,0],[1,0,0],[0,1,0],[3,43,191]]
[[0,0,0],[1,0,0],[0,1,0],[17,181,191]]
[[0,0,0],[1,0,0],[0,1,0],[31,73,191]]
[[0,0,0],[1,0,0],[0,1,0],[29,29,191]]
[[0,0,0],[1,0,0],[0,1,0],[2,66,191]]
[[0,0,0],[1,0,0],[0,1,0],[57,136,191]]
[[0,0,0],[1,0,0],[0,1,0],[5,83,191]]
[[0,0,0],[1,0,0],[0,1,0],[8,26,191]]
[[0,0,0],[1,0,0],[0,1,0],[42,74,191]]
[[0,0,0],[1,0,0],[0,1,0],[35,171,191]]
[[0,0,0],[1,0,0],[0,1,0],[34,36,191]]
[[0,0,0],[1,0,0],[0,1,0],[19,74,191]]
[[0,0,0],[1,0,0],[0,1,0],[55,157,191]]
[[0,0,0],[1,0,0],[0,1,0],[10,183,191]]
[[0,0,0],[1,0,0],[0,1,0],[2,21,191]]
[[0,0,0],[1,0,0],[0,1,0],[50,61,191]]
[[0,0,0],[1,0,0],[0,1,0],[18,20,191]]
[[0,0,0],[1,0,0],[0,1,0],[2,14,191]]
[[0,0,0],[1,0,0],[0,1,0],[2,10,191]]
[[0,0,0],[1,0,0],[0,1,0],[36,63,191]]
[[0,0,0],[1,0,0],[0,1,0],[55,161,191]]
[[0,0,0],[1,0,0],[0,1,0],[12,53,191]]
[[0,0,0],[1,0,0],[0,1,0],[14,42,191]]
[[0,0,0],[1,0,0],[0,1,0],[7,28,191]]
[[0,0,0],[1,0,0],[0,1,0],[10,36,191]]
[[0,0,0],[1,0,0],[0,1,0],[10,10,191]]
[[0,0,0],[1,0,0],[0,1,0],[22,56,191]]
[[0,0,0],[1,0,0],[0,1,0],[4,25,191]]
[[0,0,0],[1,0,0],[0,1,0],[13,31,191]]
[[0,0,0],[1,0,0],[0,1,0],[11,11,191]]
[[0,0,0],[1,0,0],[0,1,0],[46,163,191]]
[[0,0,0],[1,0,0],[0,1,0],[7,56,191]]
[[0,0,0],[1,0,0],[0,1,0],[6,70,191]]
[[0,0,0],[1,0,0],[0,1,0],[14,60,191]]
[[0,0,0],[1,0,0],[0,1,0],[12,75,191]]
[[0,0,0],[1,0,0],[0,1,0],[60,146,191]]
[[0,0,0],[1,0,0],[0,1,0],[5,77,191]]
[[0,0,0],[1,0,0],[0,1,0],[3,40,191]]
[[0,0,0],[1,0,0],[0,1,0],[27,46,191]]
[[0,0,0],[1,0,0],[0,1,0],[15,60,191]]
[[0,0,0],[1,0,0],[0,1,0],[10,87,191]]
[[0,0,0],[1,0,0],[0,1,0],[7,71,191]]
[[0,0,0],[1,0,0],[0,1,0],[9,40,191]]
[[0,0,0],[1,0,0],[0,1,0],[18,68,191]]
[[0,0,0],[1,0,0],[0,1,0],[17,57,191]]
[[0,0,0],[1,0,0],[0,1,0],[11,72,191]]
[[0,0,0],[1,0,0],[0,1,0],[21,61,191]]
[[0,0,0],[1,0,0],[0,1,0],[6,54,191]]
[[0,0,0],[1,0,0],[0,1,0],[15,37,191]]
[[0,0,0],[1,0,0],[0,1,0],[7,186,191]]
[[0,0,0],[1,0,0],[0,1,0],[10,56,191]]
[[0,0,0],[1,0,0],[0,1,0],[17,25,191]]
[[0,0,0],[1,0,0],[0,1,0],[1,21,191]]
[[0,0,0],[1,0,0],[0,1,0],[21,27,191]]
[[0,0,0],[1,0,0],[0,1,0],[23,44,191]]
[[0,0,0],[1,0,0],[0,1,0],[11,69,191]]
[[0,0,0],[1,0,0],[0,1,0],[15,25,191]]
[[0,0,0],[1,0,0],[0,1,0],[11,58,191]]
[[0,0,0],[1,0,0],[0,1,0],[8,73,191]]
[[0,0,0],[1,0,0],[0,1,0],[31,35,191]]
[[0,0,0],[1,0,0],[0,1,0],[21,29,191]]
[[0,0,0],[1,0,0],[0,1,0],[3,6,191]]
[[0,0,0],[1,0,0],[0,1,0],[5,79,191]]
[[0,0,0],[1,0,0],[0,1,0],[23,169,191]]
[[0,0,0],[1,0,0],[0,1,0],[6,82,191]]
[[0,0,0],[1,0,0],[0,1,0],[15,178,191]]
[[0,0,0],[1,0,0],[0,1,0],[6,36,191]]
[[0,0,0],[1,0,0],[0,1,0],[25,39,191]]
[[0,0,0],[1,0,0],[0,1,0],[10,35,191]]
[[0,0,0],[1,0,0],[0,1,0],[2,36,191]]
[[0,0,0],[1,0,0],[0,1,0],[55,151,191]]
[[0,0,0],[1,0,0],[0,1,0],[11,75,191]]
[[0,0,0],[1,0,0],[0,1,0],[12,67,191]]
[[0,0,0],[1,0,0],[0,1,0],[38,162,191]]
[[0,0,0],[1,0,0],[0,1,0],[21,66,191]]
[[0,0,0],[1,0,0],[0,1,0],[11,182,191]]
[[0,0,0],[1,0,0],[0,1,0],[6,39,191]]
[[0,0,0],[1,0,0],[0,1,0],[6,69,191]]
[[0,0,0],[1,0,0],[0,1,0],[19,60,191]]
[[0,0,0],[1,0,0],[0,1,0],[7,76,191]]
[[0,0,0],[1,0,0],[0,1,0],[4,83,191]]
[[0,0,0],[1,0,0],[0,1,0],[61,132,191]]
[[0,0,0],[1,0,0],[0,1,0],[15,52,191]]
[[0,0,0],[1,0,0],[0,1,0],[3,73,191]]
[[0,0,0],[1,0,0],[0,1,0],[6,6,191]]
[[0,0,0],[1,0,0],[0,1,0],[3,74,191]]
[[0,0,0],[1,0,0],[0,1,0],[12,23,191]]
[[0,0,0],[1,0,0],[0,1,0],[1,18,191]]
[[0,0,0],[1,0,0],[0,1,0],[22,178,191]]
[[0,0,0],[1,0,0],[0,1,0],[31,50,191]]
[[0,0,0],[1,0,0],[0,1,0],[12,40,191]]
[[0,0,0],[1,0,0],[0,1,0],[13,34,191]]
[[0,0,0],[1,0,0],[0,1,0],[30,60,191]]
[[0,0,0],[1,0,0],[0,1,0],[22,27,191]]
[[0,0,0],[1,0,0],[0,1,0],[8,43,191]]
[[0,0,0],[1,0,0],[0,1,0],[4,70,191]]
[[0,0,0],[1,0,0],[0,1,0],[31,78,191]]
[[0,0,0],[1,0,0],[0,1,0],[14,54,191]]
[[0,0,0],[1,0,0],[0,1,0],[1,35,191]]
[[0,0,0],[1,0,0],[0,1,0],[50,53,191]]
[[0,0,0],[1,0,0],[0,1,0],[7,14,191]]
[[0,0,0],[1,0,0],[0,1,0],[12,20,191]]
[[0,0,0],[1,0,0],[0,1,0],[29,62,191]]
[[0,0,0],[1,0,0],[0,1,0],[3,19,191]]
[[0,0,0],[1,0,0],[0,1,0],[6,74,191]]
[[0,0,0],[1,0,0],[0,1,0],[3,63,191]]
[[0,0,0],[1,0,0],[0,1,0],[23,75,191]]
[[0,0,0],[1,0,0],[0,1,0],[52,65,191]]
[[0,0,0],[1,0,0],[0,1,0],[21,39,191]]
[[0,0,0],[1,0,0],[0,1,0],[3,7,191]]
[[0,0,0],[1,0,0],[0,1,0],[6,93,191]]
[[0,0,0],[1,0,0],[0,1,0],[7,43,191]]
[[0,0,0],[1,0,0],[0,1,0],[67,142,191]]
[[0,0,0],[1,0,0],[0,1,0],[20,175,191]]
[[0,0,0],[1,0,0],[0,1,0],[25,68,191]]
[[0,0,0],[1,0,0],[0,1,0],[18,178,191]]
[[0,0,0],[1,0,0],[0,1,0],[21,171,191]]
[[0,0,0],[1,0,0],[0,1,0],[6,61,191]]
[[0,0,0],[1,0,0],[0,1,0],[7,21,191]]
[[0,0,0],[1,0,0],[0,1,0],[23,174,191]]
[[0,0,0],[1,0,0],[0,1,0],[2,76,191]]
[[0,0,0],[1,0,0],[0,1,0],[11,183,191]]
[[0,0,0],[1,0,0],[0,1,0],[2,24,191]]
[[0,0,0],[1,0,0],[0,1,0],[50,58,191]]
[[0,0,0],[1,0,0],[0,1,0],[15,42,191]]
[[0,0,0],[1,0,0],[0,1,0],[28,81,191]]
[[0,0,0],[1,0,0],[0,1,0],[8,24,191]]
[[0,0,0],[1,0,0],[0,1,0],[18,74,191]]
[[0,0,0],[1,0,0],[0,1,0],[26,76,191]]
[[0,0,0],[1,0,0],[0,1,0],[3,45,191]]
[[0,0,0],[1,0,0],[0,1,0],[50,148,191]]
[[0,0,0],[1,0,0],[0,1,0],[50,149,191]]
[[0,0,0],[1,0,0],[0,1,0],[47,47,191]]
[[0,0,0],[1,0,0],[0,1,0],[15,80,191]]
[[0,0,0],[1,0,0],[0,1,0],[17,70,191]]
[[0,0,0],[1,0,0],[0,1,0],[28,173,191]]
[[0,0,0],[1,0,0],[0,1,0],[53,67,191]]
[[0,0,0],[1,0,0],[0,1,0],[44,168,191]]
[[0,0,0],[1,0,0],[0,1,0],[11,47,191]]
[[0,0,0],[1,0,0],[0,1,0],[9,21,191]]
[[0,0,0],[1,0,0],[0,1,0],[1,61,191]]
[[0,0,0],[1,0,0],[0,1,0],[26,177,191]]
[[0,0,0],[1,0,0],[0,1,0],[2,91,191]]
[[0,0,0],[1,0,0],[0,1,0],[7,69,191]]
[[0,0,0],[1,0,0],[0,1,0],[15,15,191]]
[[0,0,0],[1,0,0],[0,1,0],[1,12,191]]
[[0,0,0],[1,0,0],[0,1,0],[26,74,191]]
[[0,0,0],[1,0,0],[0,1,0],[28,80,191]]
[[0,0,0],[1,0,0],[0,1,0],[31,62,191]]
[[0,0,0],[1,0,0],[0,1,0],[59,135,191]]
[[0,0,0],[1,0,0],[0,1,0],[22,69,191]]
[[0,0,0],[1,0,0],[0,1,0],[15,21,191]]
[[0,0,0],[1,0,0],[0,1,0],[19,31,191]]
[[0,0,0],[1,0,0],[0,1,0],[3,66,191]]
[[0,0,0],[1,0,0],[0,1,0],[62,136,191]]
[[0,0,0],[1,0,0],[0,1,0],[57,135,191]]
[[0,0,0],[1,0,0],[0,1,0],[17,177,191]]
[[0,0,0],[1,0,0],[0,1,0],[3,90,191]]
[[0,0,0],[1,0,0],[0,1,0],[4,52,191]]
[[0,0,0],[1,0,0],[0,1,0],[3,54,191]]
[[0,0,0],[1,0,0],[0,1,0],[12,39,191]]
[[0,0,0],[1,0,0],[0,1,0],[31,173,191]]
[[0,0,0],[1,0,0],[0,1,0],[10,23,191]]
[[0,0,0],[1,0,0],[0,1,0],[5,54,191]]
[[0,0,0],[1,0,0],[0,1,0],[11,15,191]]
[[0,0,0],[1,0,0],[0,1,0],[23,49,191]]
[[0,0,0],[1,0,0],[0,1,0],[17,77,191]]
[[0,0,0],[1,0,0],[0,1,0],[4,10,191]]
[[0,0,0],[1,0,0],[0,1,0],[15,75,191]]
[[0,0,0],[1,0,0],[0,1,0],[2,6,191]]
[[0,0,0],[1,0,0],[0,1,0],[3,68,191]]
[[0,0,0],[1,0,0],[0,1,0],[2,53,191]]
[[0,0,0],[1,0,0],[0,1,0],[3,59,191]]
[[0,0,0],[1,0,0],[0,1,0],[3,65,191]]
[[0,0,0],[1,0,0],[0,1,0],[7,77,191]]
[[0,0,0],[1,0,0],[0,1,0],[8,67,191]]
[[0,0,0],[1,0,0],[0,1,0],[35,63,191]]
[[0,0,0],[1,0,0],[0,1,0],[23,43,191]]
[[0,0,0],[1,0,0],[0,1,0],[5,19,191]]
[[0,0,0],[1,0,0],[0,1,0],[17,75,191]]
[[0,0,0],[1,0,0],[0,1,0],[5,43,191]]
[[0,0,0],[1,0,0],[0,1,0],[75,148,191]]
[[0,0,0],[1,0,0],[0,1,0],[8,12,191]]
[[0,0,0],[1,0,0],[0,1,0],[13,43,191]]
[[0,0,0],[1,0,0],[0,1,0],[19,54,191]]
[[0,0,0],[1,0,0],[0,1,0],[2,32,191]]
[[0,0,0],[1,0,0],[0,1,0],[4,23,191]]
[[0,0,0],[1,0,0],[0,1,0],[3,8,191]]
[[0,0,0],[1,0,0],[0,1,0],[78,115,191]]
[[0,0,0],[1,0,0],[0,1,0],[3,62,191]]
[[0,0,0],[1,0,0],[0,1,0],[7,9,191]]
[[0,0,0],[1,0,0],[0,1,0],[2,93,191]]
[[0,0,0],[1,0,0],[0,1,0],[4,44,191]]
[[0,0,0],[1,0,0],[0,1,0],[28,76,191]]
[[0,0,0],[1,0,0],[0,1,0],[5,41,191]]
[[0,0,0],[1,0,0],[0,1,0],[52,146,191]]
[[0,0,0],[1,0,0],[0,1,0],[12,38,191]]
[[0,0,0],[1,0,0],[0,1,0],[30,79,191]]
[[0,0,0],[1,0,0],[0,1,0],[18,53,191]]
[[0,0,0],[1,0,0],[0,1,0],[20,86,191]]
[[0,0,0],[1,0,0],[0,1,0],[22,170,191]]
[[0,0,0],[1,0,0],[0,1,0],[52,152,191]]
[[0,0,0],[1,0,0],[0,1,0],[3,81,191]]
[[0,0,0],[1,0,0],[0,1,0],[62,130,191]]
[[0,0,0],[1,0,0],[0,1,0],[29,52,191]]
[[0,0,0],[1,0,0],[0,1,0],[39,164,191]]
[[0,0,0],[1,0,0],[0,1,0],[50,67,191]]
[[0,0,0],[1,0,0],[0,1,0],[21,52,191]]
[[0,0,0],[1,0,0],[0,1,0],[17,63,191]]
[[0,0,0],[1,0,0],[0,1,0],[6,9,191]]
[[0,0,0],[1,0,0],[0,1,0],[11,88,191]]
[[0,0,0],[1,0,0],[0,1,0],[27,47,191]]
[[0,0,0],[1,0,0],[0,1,0],[13,46,191]]
[[0,0,0],[1,0,0],[0,1,0],[4,188,191]]
[[0,0,0],[1,0,0],[0,1,0],[18,31,191]]
[[0,0,0],[1,0,0],[0,1,0],[10,84,191]]
[[0,0,0],[1,0,0],[0,1,0],[7,25,191]]
[[0,0,0],[1,0,0],[0,1,0],[9,88,191]]
[[0,0,0],[1,0,0],[0,1,0],[46,160,191]]
[[0,0,0],[1,0,0],[0,1,0],[12,55,191]]
[[0,0,0],[1,0,0],[0,1,0],[8,69,191]]
[[0,0,0],[1,0,0],[0,1,0],[10,44,191]]
[[0,0,0],[1,0,0],[0,1,0],[6,42,191]]
[[0,0,0],[1,0,0],[0,1,0],[22,26,191]]
[[0,0,0],[1,0,0],[0,1,0],[1,87,191]]
[[0,0,0],[1,0,0],[0,1,0],[34,43,191]]
[[0,0,0],[1,0,0],[0,1,0],[20,58,191]]
[[0,0,0],[1,0,0],[0,1,0],[7,7,191]]
[[0,0,0],[1,0,0],[0,1,0],[44,50,191]]
[[0,0,0],[1,0,0],[0,1,0],[20,44,191]]
[[0,0,0],[1,0,0],[0,1,0],[13,75,191]]
[[0,0,0],[1,0,0],[0,1,0],[8,45,191]]
[[0,0,0],[1,0,0],[0,1,0],[7,80,191]]
[[0,0,0],[1,0,0],[0,1,0],[39,72,191]]
[[0,0,0],[1,0,0],[0,1,0],[26,38,191]]
[[0,0,0],[1,0,0],[0,1,0],[2,12,191]]
[[0,0,0],[1,0,0],[0,1,0],[4,61,191]]
[[0,0,0],[1,0,0],[0,1,0],[36,171,191]]
[[0,0,0],[1,0,0],[0,1,0],[44,155,191]]
[[0,0,0],[1,0,0],[0,1,0],[4,59,191]]
[[0,0,0],[1,0,0],[0,1,0],[2,73,191]]
[[0,0,0],[1,0,0],[0,1,0],[21,176,191]]
[[0,0,0],[1,0,0],[0,1,0],[4,33,191]]
[[0,0,0],[1,0,0],[0,1,0],[8,50,191]]
[[0,0,0],[1,0,0],[0,1,0],[11,74,191]]
[[0,0,0],[1,0,0],[0,1,0],[15,55,191]]
[[0,0,0],[1,0,0],[0,1,0],[7,185,191]]
[[0,0,0],[1,0,0],[0,1,0],[35,170,191]]
[[0,0,0],[1,0,0],[0,1,0],[21,175,191]]
[[0,0,0],[1,0,0],[0,1,0],[11,61,191]]
[[0,0,0],[1,0,0],[0,1,0],[19,174,191]]
[[0,0,0],[1,0,0],[0,1,0],[5,28,191]]
[[0,0,0],[1,0,0],[0,1,0],[25,40,191]]
[[0,0,0],[1,0,0],[0,1,0],[9,41,191]]
[[0,0,0],[1,0,0],[0,1,0],[21,72,191]]
[[0,0,0],[1,0,0],[0,1,0],[7,70,191]]
[[0,0,0],[1,0,0],[0,1,0],[2,11,191]]
[[0,0,0],[1,0,0],[0,1,0],[6,73,191]]
[[0,0,0],[1,0,0],[0,1,0],[5,71,191]]
[[0,0,0],[1,0,0],[0,1,0],[53,145,191]]
[[0,0,0],[1,0,0],[0,1,0],[8,80,191]]
[[0,0,0],[1,0,0],[0,1,0],[33,42,191]]
[[0,0,0],[1,0,0],[0,1,0],[9,187,191]]
[[0,0,0],[1,0,0],[0,1,0],[4,24,191]]
[[0,0,0],[1,0,0],[0,1,0],[23,34,191]]
[[0,0,0],[1,0,0],[0,1,0],[76,152,191]]
[[0,0,0],[1,0,0],[0,1,0],[14,38,191]]
[[0,0,0],[1,0,0],[0,1,0],[5,49,191]]
[[0,0,0],[1,0,0],[0,1,0],[33,164,191]]
[[0,0,0],[1,0,0],[0,1,0],[1,9,191]]
[[0,0,0],[1,0,0],[0,1,0],[6,89,191]]
[[0,0,0],[1,0,0],[0,1,0],[57,151,191]]
[[0,0,0],[1,0,0],[0,1,0],[9,25,191]]
[[0,0,0],[1,0,0],[0,1,0],[80,115,191]]
[[0,0,0],[1,0,0],[0,1,0],[21,21,191]]
[[0,0,0],[1,0,0],[0,1,0],[10,37,191]]
[[0,0,0],[1,0,0],[0,1,0],[53,142,191]]
[[0,0,0],[1,0,0],[0,1,0],[52,148,191]]
[[0,0,0],[1,0,0],[0,1,0],[9,13,191]]
[[0,0,0],[1,0,0],[0,1,0],[8,83,191]]
[[0,0,0],[1,0,0],[0,1,0],[25,72,191]]
[[0,0,0],[1,0,0],[0,1,0],[29,69,191]]
[[0,0,0],[1,0,0],[0,1,0],[4,14,191]]
[[0,0,0],[1,0,0],[0,1,0],[13,36,191]]
[[0,0,0],[1,0,0],[0,1,0],[1,34,191]]
[[0,0,0],[1,0,0],[0,1,0],[8,81,191]]
[[0,0,0],[1,0,0],[0,1,0],[10,185,191]]
[[0,0,0],[1,0,0],[0,1,0],[8,38,191]]
[[0,0,0],[1,0,0],[0,1,0],[2,95,191]]
[[0,0,0],[1,0,0],[0,1,0],[9,27,191]]
[[0,0,0],[1,0,0],[0,1,0],[27,38,191]]
[[0,0,0],[1,0,0],[0,1,0],[5,58,191]]
[[0,0,0],[1,0,0],[0,1,0],[70,137,191]]
[[0,0,0],[1,0,0],[0,1,0],[5,52,191]]
[[0,0,0],[1,0,0],[0,1,0],[2,7,191]]
[[0,0,0],[1,0,0],[0,1,0],[2,19,191]]
[[0,0,0],[1,0,0],[0,1,0],[6,80,191]]
[[0,0,0],[1,0,0],[0,1,0],[20,23,191]]
[[0,0,0],[1,0,0],[0,1,0],[12,88,191]]
[[0,0,0],[1,0,0],[0,1,0],[12,56,191]]
[[0,0,0],[1,0,0],[0,1,0],[6,59,191]]
[[0,0,0],[1,0,0],[0,1,0],[30,166,191]]
[[0,0,0],[1,0,0],[0,1,0],[5,92,191]]
[[0,0,0],[1,0,0],[0,1,0],[14,47,191]]
[[0,0,0],[1,0,0],[0,1,0],[8,86,191]]
[[0,0,0],[1,0,0],[0,1,0],[25,53,191]]
[[0,0,0],[1,0,0],[0,1,0],[25,63,191]]
[[0,0,0],[1,0,0],[0,1,0],[13,47,191]]
[[0,0,0],[1,0,0],[0,1,0],[20,38,191]]
[[0,0,0],[1,0,0],[0,1,0],[10,63,191]]
[[0,0,0],[1,0,0],[0,1,0],[5,53,191]]
[[0,0,0],[1,0,0],[0,1,0],[21,84,191]]
[[0,0,0],[1,0,0],[0,1,0],[2,60,191]]
[[0,0,0],[1,0,0],[0,1,0],[17,71,191]]
[[0,0,0],[1,0,0],[0,1,0],[36,161,191]]
[[0,0,0],[1,0,0],[0,1,0],[50,70,191]]
[[0,0,0],[1,0,0],[0,1,0],[8,35,191]]
[[0,0,0],[1,0,0],[0,1,0],[6,186,191]]
[[0,0,0],[1,0,0],[0,1,0],[2,25,191]]
[[0,0,0],[1,0,0],[0,1,0],[13,18,191]]
[[0,0,0],[1,0,0],[0,1,0],[5,85,191]]
[[0,0,0],[1,0,0],[0,1,0],[11,185,191]]
[[0,0,0],[1,0,0],[0,1,0],[14,89,191]]
[[0,0,0],[1,0,0],[0,1,0],[26,65,191]]
[[0,0,0],[1,0,0],[0,1,0],[30,35,191]]
[[0,0,0],[1,0,0],[0,1,0],[40,152,191]]
[[0,0,0],[1,0,0],[0,1,0],[4,55,191]]
[[0,0,0],[1,0,0],[0,1,0],[73,128,191]]
[[0,0,0],[1,0,0],[0,1,0],[8,74,191]]
[[0,0,0],[1,0,0],[0,1,0],[6,72,191]]
[[0,0,0],[1,0,0],[0,1,0],[22,176,191]]
[[0,0,0],[1,0,0],[0,1,0],[29,40,191]]
[[0,0,0],[1,0,0],[0,1,0],[15,19,191]]
[[0,0,0],[1,0,0],[0,1,0],[20,66,191]]
[[0,0,0],[1,0,0],[0,1,0],[25,55,191]]
[[0,0,0],[1,0,0],[0,1,0],[9,66,191]]
[[0,0,0],[1,0,0],[0,1,0],[19,61,191]]
[[0,0,0],[1,0,0],[0,1,0],[29,166,191]]
[[0,0,0],[1,0,0],[0,1,0],[5,86,191]]
[[0,0,0],[1,0,0],[0,1,0],[18,60,191]]
[[0,0,0],[1,0,0],[0,1,0],[9,70,191]]
[[0,0,0],[1,0,0],[0,1,0],[5,40,191]]
[[0,0,0],[1,0,0],[0,1,0],[10,60,191]]
[[0,0,0],[1,0,0],[0,1,0],[6,43,191]]
[[0,0,0],[1,0,0],[0,1,0],[18,38,191]]
[[0,0,0],[1,0,0],[0,1,0],[5,81,191]]
[[0,0,0],[1,0,0],[0,1,0],[3,37,191]]
[[0,0,0],[1,0,0],[0,1,0],[14,69,191]]
[[0,0,0],[1,0,0],[0,1,0],[5,21,191]]
[[0,0,0],[1,0,0],[0,1,0],[9,79,191]]
[[0,0,0],[1,0,0],[0,1,0],[2,56,191]]
[[0,0,0],[1,0,0],[0,1,0],[9,74,191]]
[[0,0,0],[1,0,0],[0,1,0],[31,68,191]]
[[0,0,0],[1,0,0],[0,1,0],[4,26,191]]
[[0,0,0],[1,0,0],[0,1,0],[61,135,191]]
[[0,0,0],[1,0,0],[0,1,0],[17,74,191]]
[[0,0,0],[1,0,0],[0,1,0],[3,11,191]]
[[0,0,0],[1,0,0],[0,1,0],[5,46,191]]
[[0,0,0],[1,0,0],[0,1,0],[3,89,191]]
[[0,0,0],[1,0,0],[0,1,0],[38,55,191]]
[[0,0,0],[1,0,0],[0,1,0],[50,157,191]]
[[0,0,0],[1,0,0],[0,1,0],[11,87,191]]
[[0,0,0],[1,0,0],[0,1,0],[13,81,191]]
[[0,0,0],[1,0,0],[0,1,0],[26,78,191]]
[[0,0,0],[1,0,0],[0,1,0],[27,81,191]]
[[0,0,0],[1,0,0],[0,1,0],[62,155,191]]
[[0,0,0],[1,0,0],[0,1,0],[5,76,191]]
[[0,0,0],[1,0,0],[0,1,0],[1,1,191]]
[[0,0,0],[1,0,0],[0,1,0],[5,8,191]]
[[0,0,0],[1,0,0],[0,1,0],[4,56,191]]
[[0,0,0],[1,0,0],[0,1,0],[4,7,191]]
[[0,0,0],[1,0,0],[0,1,0],[1,56,191]]
[[0,0,0],[1,0,0],[0,1,0],[29,79,191]]
[[0,0,0],[1,0,0],[0,1,0],[2,69,191]]
[[0,0,0],[1,0,0],[0,1,0],[19,180,191]]
[[0,0,0],[1,0,0],[0,1,0],[31,34,191]]
[[0,0,0],[1,0,0],[0,1,0],[23,180,191]]
[[0,0,0],[1,0,0],[0,1,0],[13,183,191]]
[[0,0,0],[1,0,0],[0,1,0],[20,78,191]]
[[0,0,0],[1,0,0],[0,1,0],[4,32,191]]
[[0,0,0],[1,0,0],[0,1,0],[3,189,191]]
[[0,0,0],[1,0,0],[0,1,0],[5,12,191]]
[[0,0,0],[1,0,0],[0,1,0],[5,189,191]]
[[0,0,0],[1,0,0],[0,1,0],[33,174,191]]
[[0,0,0],[1,0,0],[0,1,0],[6,63,191]]
[[0,0,0],[1,0,0],[0,1,0],[71,122,191]]
[[0,0,0],[1,0,0],[0,1,0],[4,17,191]]
[[0,0,0],[1,0,0],[0,1,0],[4,13,191]]
[[0,0,0],[1,0,0],[0,1,0],[27,35,191]]
[[0,0,0],[1,0,0],[0,1,0],[12,29,191]]
[[0,0,0],[1,0,0],[0,1,0],[12,60,191]]
[[0,0,0],[1,0,0],[0,1,0],[4,50,191]]
[[0,0,0],[1,0,0],[0,1,0],[5,59,191]]
[[0,0,0],[1,0,0],[0,1,0],[8,37,191]]
[[0,0,0],[1,0,0],[0,1,0],[18,86,191]]
[[0,0,0],[1,0,0],[0,1,0],[15,79,191]]
[[0,0,0],[1,0,0],[0,1,0],[4,87,191]]
[[0,0,0],[1,0,0],[0,1,0],[4,58,191]]
[[0,0,0],[1,0,0],[0,1,0],[3,44,191]]
[[0,0,0],[1,0,0],[0,1,0],[3,21,191]]
[[0,0,0],[1,0,0],[0,1,0],[18,36,191]]
[[0,0,0],[1,0,0],[0,1,0],[5,29,191]]
[[0,0,0],[1,0,0],[0,1,0],[13,84,191]]
[[0,0,0],[1,0,0],[0,1,0],[19,23,191]]
[[0,0,0],[1,0,0],[0,1,0],[72,143,191]]
[[0,0,0],[1,0,0],[0,1,0],[9,71,191]]
[[0,0,0],[1,0,0],[0,1,0],[10,46,191]]
[[0,0,0],[1,0,0],[0,1,0],[21,74,191]]
[[0,0,0],[1,0,0],[0,1,0],[19,81,191]]
[[0,0,0],[1,0,0],[0,1,0],[8,87,191]]
[[0,0,0],[1,0,0],[0,1,0],[17,80,191]]
[[0,0,0],[1,0,0],[0,1,0],[22,28,191]]
[[0,0,0],[1,0,0],[0,1,0],[38,60,191]]
[[0,0,0],[1,0,0],[0,1,0],[1,5,191]]
[[0,0,0],[1,0,0],[0,1,0],[20,36,191]]
[[0,0,0],[1,0,0],[0,1,0],[25,178,191]]
[[0,0,0],[1,0,0],[0,1,0],[12,26,191]]
[[0,0,0],[1,0,0],[0,1,0],[7,17,191]]
[[0,0,0],[1,0,0],[0,1,0],[33,49,191]]
[[0,0,0],[1,0,0],[0,1,0],[2,77,191]]
[[0,0,0],[1,0,0],[0,1,0],[12,58,191]]
[[0,0,0],[1,0,0],[0,1,0],[35,68,191]]
[[0,0,0],[1,0,0],[0,1,0],[19,44,191]]
[[0,0,0],[1,0,0],[0,1,0],[13,86,191]]
[[0,0,0],[1,0,0],[0,1,0],[26,47,191]]
[[0,0,0],[1,0,0],[0,1,0],[11,43,191]]
[[0,0,0],[1,0,0],[0,1,0],[17,47,191]]
[[0,0,0],[1,0,0],[0,1,0],[17,182,191]]
[[0,0,0],[1,0,0],[0,1,0],[53,156,191]]
[[0,0,0],[1,0,0],[0,1,0],[4,37,191]]
[[0,0,0],[1,0,0],[0,1,0],[4,79,191]]
[[0,0,0],[1,0,0],[0,1,0],[40,58,191]]
[[0,0,0],[1,0,0],[0,1,0],[8,53,191]]
[[0,0,0],[1,0,0],[0,1,0],[14,50,191]]
[[0,0,0],[1,0,0],[0,1,0],[3,70,191]]
[[0,0,0],[1,0,0],[0,1,0],[3,25,191]]
[[0,0,0],[1,0,0],[0,1,0],[20,20,191]]
[[0,0,0],[1,0,0],[0,1,0],[20,178,191]]
[[0,0,0],[1,0,0],[0,1,0],[27,178,191]]
[[0,0,0],[1,0,0],[0,1,0],[2,89,191]]
[[0,0,0],[1,0,0],[0,1,0],[11,35,191]]
[[0,0,0],[1,0,0],[0,1,0],[2,9,191]]
[[0,0,0],[1,0,0],[0,1,0],[44,65,191]]
[[0,0,0],[1,0,0],[0,1,0],[28,167,191]]
[[0,0,0],[1,0,0],[0,1,0],[7,30,191]]
[[0,0,0],[1,0,0],[0,1,0],[2,13,191]]
[[0,0,0],[1,0,0],[0,1,0],[6,34,191]]
[[0,0,0],[1,0,0],[0,1,0],[14,41,191]]
[[0,0,0],[1,0,0],[0,1,0],[27,37,191]]
[[0,0,0],[1,0,0],[0,1,0],[4,43,191]]
[[0,0,0],[1,0,0],[0,1,0],[2,71,191]]
[[0,0,0],[1,0,0],[0,1,0],[7,78,191]]
[[0,0,0],[1,0,0],[0,1,0],[19,22,191]]
[[0,0,0],[1,0,0],[0,1,0],[7,79,191]]
[[0,0,0],[1,0,0],[0,1,0],[2,86,191]]
[[0,0,0],[1,0,0],[0,1,0],[10,18,191]]
[[0,0,0],[1,0,0],[0,1,0],[14,63,191]]
[[0,0,0],[1,0,0],[0,1,0],[13,55,191]]
[[0,0,0],[1,0,0],[0,1,0],[34,59,191]]
[[0,0,0],[1,0,0],[0,1,0],[15,59,191]]
[[0,0,0],[1,0,0],[0,1,0],[53,56,191]]
[[0,0,0],[1,0,0],[0,1,0],[15,34,191]]
[[0,0,0],[1,0,0],[0,1,0],[9,15,191]]
[[0,0,0],[1,0,0],[0,1,0],[4,41,191]]
[[0,0,0],[1,0,0],[0,1,0],[18,67,191]]
[[0,0,0],[1,0,0],[0,1,0],[2,2,191]]
[[0,0,0],[1,0,0],[0,1,0],[20,47,191]]
[[0,0,0],[1,0,0],[0,1,0],[31,31,191]]
[[0,0,0],[1,0,0],[0,1,0],[3,47,191]]
[[0,0,0],[1,0,0],[0,1,0],[20,43,191]]
[[0,0,0],[1,0,0],[0,1,0],[11,80,191]]
[[0,0,0],[1,0,0],[0,1,0],[5,80,191]]
[[0,0,0],[1,0,0],[0,1,0],[3,29,191]]
[[0,0,0],[1,0,0],[0,1,0],[19,47,191]]
[[0,0,0],[1,0,0],[0,1,0],[3,23,191]]
[[0,0,0],[1,0,0],[0,1,0],[5,90,191]]
[[0,0,0],[1,0,0],[0,1,0],[9,20,191]]
[[0,0,0],[1,0,0],[0,1,0],[10,65,191]]
[[0,0,0],[1,0,0],[0,1,0],[67,132,191]]
[[0,0,0],[1,0,0],[0,1,0],[35,174,191]]
[[0,0,0],[1,0,0],[0,1,0],[8,21,191]]
[[0,0,0],[1,0,0],[0,1,0],[1,63,191]]
[[0,0,0],[1,0,0],[0,1,0],[11,25,191]]
[[0,0,0],[1,0,0],[0,1,0],[21,71,191]]
[[0,0,0],[1,0,0],[0,1,0],[10,43,191]]
[[0,0,0],[1,0,0],[0,1,0],[4,68,191]]
[[0,0,0],[1,0,0],[0,1,0],[14,14,191]]
[[0,0,0],[1,0,0],[0,1,0],[30,163,191]]
[[0,0,0],[1,0,0],[0,1,0],[36,167,191]]
[[0,0,0],[1,0,0],[0,1,0],[7,54,191]]
[[0,0,0],[1,0,0],[0,1,0],[5,24,191]]
[[0,0,0],[1,0,0],[0,1,0],[4,93,191]]
[[0,0,0],[1,0,0],[0,1,0],[22,38,191]]
[[0,0,0],[1,0,0],[0,1,0],[11,71,191]]
[[0,0,0],[1,0,0],[0,1,0],[19,84,191]]
[[0,0,0],[1,0,0],[0,1,0],[2,46,191]]
[[0,0,0],[1,0,0],[0,1,0],[40,74,191]]
[[0,0,0],[1,0,0],[0,1,0],[3,42,191]]
[[0,0,0],[1,0,0],[0,1,0],[30,49,191]]
[[0,0,0],[1,0,0],[0,1,0],[8,56,191]]
[[0,0,0],[1,0,0],[0,1,0],[12,69,191]]
[[0,0,0],[1,0,0],[0,1,0],[9,43,191]]
[[0,0,0],[1,0,0],[0,1,0],[7,12,191]]
[[0,0,0],[1,0,0],[0,1,0],[34,60,191]]
[[0,0,0],[1,0,0],[0,1,0],[19,70,191]]
[[0,0,0],[1,0,0],[0,1,0],[42,57,191]]
[[0,0,0],[1,0,0],[0,1,0],[20,69,191]]
[[0,0,0],[1,0,0],[0,1,0],[5,38,191]]
[[0,0,0],[1,0,0],[0,1,0],[6,41,191]]
[[0,0,0],[1,0,0],[0,1,0],[11,50,191]]
[[0,0,0],[1,0,0],[0,1,0],[17,46,191]]
[[0,0,0],[1,0,0],[0,1,0],[7,34,191]]
[[0,0,0],[1,0,0],[0,1,0],[20,54,191]]
[[0,0,0],[1,0,0],[0,1,0],[33,33,191]]
[[0,0,0],[1,0,0],[0,1,0],[27,72,191]]
[[0,0,0],[1,0,0],[0,1,0],[12,22,191]]
[[0,0,0],[1,0,0],[0,1,0],[3,76,191]]
[[0,0,0],[1,0,0],[0,1,0],[18,22,191]]
[[0,0,0],[1,0,0],[0,1,0],[29,50,191]]
[[0,0,0],[1,0,0],[0,1,0],[12,12,191]]
[[0,0,0],[1,0,0],[0,1,0],[23,177,191]]
[[0,0,0],[1,0,0],[0,1,0],[5,5,191]]
[[0,0,0],[1,0,0],[0,1,0],[3,46,191]]
[[0,0,0],[1,0,0],[0,1,0],[9,31,191]]
[[0,0,0],[1,0,0],[0,1,0],[55,58,191]]
[[0,0,0],[1,0,0],[0,1,0],[10,70,191]]
[[0,0,0],[1,0,0],[0,1,0],[9,50,191]]
[[0,0,0],[1,0,0],[0,1,0],[4,42,191]]
[[0,0,0],[1,0,0],[0,1,0],[2,41,191]]
[[0,0,0],[1,0,0],[0,1,0],[3,49,191]]
[[0,0,0],[1,0,0],[0,1,0],[6,65,191]]
[[0,0,0],[1,0,0],[0,1,0],[12,72,191]]
[[0,0,0],[1,0,0],[0,1,0],[19,175,191]]
[[0,0,0],[1,0,0],[0,1,0],[15,177,191]]
[[0,0,0],[1,0,0],[0,1,0],[2,3,191]]
[[0,0,0],[1,0,0],[0,1,0],[6,53,191]]
[[0,0,0],[1,0,0],[0,1,0],[8,29,191]]
[[0,0,0],[1,0,0],[0,1,0],[13,180,191]]
[[0,0,0],[1,0,0],[0,1,0],[6,18,191]]
[[0,0,0],[1,0,0],[0,1,0],[38,67,191]]
[[0,0,0],[1,0,0],[0,1,0],[6,52,191]]
[[0,0,0],[1,0,0],[0,1,0],[60,133,191]]
[[0,0,0],[1,0,0],[0,1,0],[4,73,191]]
[[0,0,0],[1,0,0],[0,1,0],[3,53,191]]
[[0,0,0],[1,0,0],[0,1,0],[15,72,191]]
[[0,0,0],[1,0,0],[0,1,0],[19,65,191]]
[[0,0,0],[1,0,0],[0,1,0],[5,30,191]]
[[0,0,0],[1,0,0],[0,1,0],[34,44,191]]
[[0,0,0],[1,0,0],[0,1,0],[2,44,191]]
[[0,0,0],[1,0,0],[0,1,0],[56,56,191]]
[[0,0,0],[1,0,0],[0,1,0],[6,85,191]]
[[0,0,0],[1,0,0],[0,1,0],[60,155,191]]
[[0,0,0],[1,0,0],[0,1,0],[27,171,191]]
[[0,0,0],[1,0,0],[0,1,0],[9,75,191]]
[[0,0,0],[1,0,0],[0,1,0],[2,26,191]]
[[0,0,0],[1,0,0],[0,1,0],[6,12,191]]
[[0,0,0],[1,0,0],[0,1,0],[8,72,191]]
[[0,0,0],[1,0,0],[0,1,0],[5,15,191]]
[[0,0,0],[1,0,0],[0,1,0],[7,57,191]]
[[0,0,0],[1,0,0],[0,1,0],[29,168,191]]
[[0,0,0],[1,0,0],[0,1,0],[25,67,191]]
[[0,0,0],[1,0,0],[0,1,0],[14,72,191]]
[[0,0,0],[1,0,0],[0,1,0],[1,71,191]]
[[0,0,0],[1,0,0],[0,1,0],[18,30,191]]
[[0,0,0],[1,0,0],[0,1,0],[33,40,191]]
[[0,0,0],[1,0,0],[0,1,0],[4,89,191]]
[[0,0,0],[1,0,0],[0,1,0],[46,154,191]]
[[0,0,0],[1,0,0],[0,1,0],[6,35,191]]
[[0,0,0],[1,0,0],[0,1,0],[3,34,191]]
[[0,0,0],[1,0,0],[0,1,0],[13,44,191]]
[[0,0,0],[1,0,0],[0,1,0],[7,52,191]]
[[0,0,0],[1,0,0],[0,1,0],[19,182,191]]
[[0,0,0],[1,0,0],[0,1,0],[40,72,191]]
[[0,0,0],[1,0,0],[0,1,0],[61,148,191]]
[[0,0,0],[1,0,0],[0,1,0],[13,78,191]]
[[0,0,0],[1,0,0],[0,1,0],[3,87,191]]
[[0,0,0],[1,0,0],[0,1,0],[88,104,191]]
[[0,0,0],[1,0,0],[0,1,0],[4,77,191]]
[[0,0,0],[1,0,0],[0,1,0],[21,38,191]]
[[0,0,0],[1,0,0],[0,1,0],[7,188,191]]
[[0,0,0],[1,0,0],[0,1,0],[31,47,191]]
[[0,0,0],[1,0,0],[0,1,0],[5,56,191]]
[[0,0,0],[1,0,0],[0,1,0],[3,69,191]]
[[0,0,0],[1,0,0],[0,1,0],[9,67,191]]
[[0,0,0],[1,0,0],[0,1,0],[8,89,191]]
[[0,0,0],[1,0,0],[0,1,0],[8,62,191]]
[[0,0,0],[1,0,0],[0,1,0],[1,59,191]]
[[0,0,0],[1,0,0],[0,1,0],[2,75,191]]
[[0,0,0],[1,0,0],[0,1,0],[18,39,191]]
[[0,0,0],[1,0,0],[0,1,0],[26,67,191]]
[[0,0,0],[1,0,0],[0,1,0],[56,145,191]]
[[0,0,0],[1,0,0],[0,1,0],[10,26,191]]
[[0,0,0],[1,0,0],[0,1,0],[6,17,191]]
[[0,0,0],[1,0,0],[0,1,0],[15,39,191]]
[[0,0,0],[1,0,0],[0,1,0],[5,66,191]]
[[0,0,0],[1,0,0],[0,1,0],[29,53,191]]
[[0,0,0],[1,0,0],[0,1,0],[18,84,191]]
[[0,0,0],[1,0,0],[0,1,0],[3,85,191]]
[[0,0,0],[1,0,0],[0,1,0],[21,81,191]]
[[0,0,0],[1,0,0],[0,1,0],[56,152,191]]
[[0,0,0],[1,0,0],[0,1,0],[2,50,191]]
[[0,0,0],[1,0,0],[0,1,0],[10,38,191]]
[[0,0,0],[1,0,0],[0,1,0],[11,27,191]]
[[0,0,0],[1,0,0],[0,1,0],[2,63,191]]
[[0,0,0],[1,0,0],[0,1,0],[2,62,191]]
[[0,0,0],[1,0,0],[0,1,0],[13,179,191]]
[[0,0,0],[1,0,0],[0,1,0],[13,30,191]]
[[0,0,0],[1,0,0],[0,1,0],[2,40,191]]
[[0,0,0],[1,0,0],[0,1,0],[9,49,191]]
[[0,0,0],[1,0,0],[0,1,0],[2,37,191]]
[[0,0,0],[1,0,0],[0,1,0],[21,179,191]]
[[0,0,0],[1,0,0],[0,1,0],[17,54,191]]
[[0,0,0],[1,0,0],[0,1,0],[31,176,191]]
[[0,0,0],[1,0,0],[0,1,0],[4,4,191]]
[[0,0,0],[1,0,0],[0,1,0],[5,61,191]]
[[0,0,0],[1,0,0],[0,1,0],[40,167,191]]
[[0,0,0],[1,0,0],[0,1,0],[33,168,191]]
[[0,0,0],[1,0,0],[0,1,0],[8,79,191]]
[[0,0,0],[1,0,0],[0,1,0],[11,62,191]]
[[0,0,0],[1,0,0],[0,1,0],[3,55,191]]
[[0,0,0],[1,0,0],[0,1,0],[2,22,191]]
[[0,0,0],[1,0,0],[0,1,0],[25,79,191]]
[[0,0,0],[1,0,0],[0,1,0],[6,66,191]]
[[0,0,0],[1,0,0],[0,1,0],[23,26,191]]
[[0,0,0],[1,0,0],[0,1,0],[2,52,191]]
[[0,0,0],[1,0,0],[0,1,0],[12,87,191]]
[[0,0,0],[1,0,0],[0,1,0],[44,151,191]]
[[0,0,0],[1,0,0],[0,1,0],[1,17,191]]
[[0,0,0],[1,0,0],[0,1,0],[6,38,191]]
[[0,0,0],[1,0,0],[0,1,0],[11,68,191]]
[[0,0,0],[1,0,0],[0,1,0],[15,47,191]]
[[0,0,0],[1,0,0],[0,1,0],[6,79,191]]
[[0,0,0],[1,0,0],[0,1,0],[2,39,191]]
[[0,0,0],[1,0,0],[0,1,0],[47,52,191]]
[[0,0,0],[1,0,0],[0,1,0],[18,25,191]]
[[0,0,0],[1,0,0],[0,1,0],[5,72,191]]
[[0,0,0],[1,0,0],[0,1,0],[22,175,191]]
[[0,0,0],[1,0,0],[0,1,0],[22,49,191]]
[[0,0,0],[1,0,0],[0,1,0],[25,33,191]]
[[0,0,0],[1,0,0],[0,1,0],[1,76,191]]
[[0,0,0],[1,0,0],[0,1,0],[3,33,191]]
[[0,0,0],[1,0,0],[0,1,0],[7,41,191]]
[[0,0,0],[1,0,0],[0,1,0],[5,87,191]]
[[0,0,0],[1,0,0],[0,1,0],[27,40,191]]
[[0,0,0],[1,0,0],[0,1,0],[21,68,191]]
[[0,0,0],[1,0,0],[0,1,0],[7,13,191]]
[[0,0,0],[1,0,0],[0,1,0],[47,70,191]]
[[0,0,0],[1,0,0],[0,1,0],[31,55,191]]
[[0,0,0],[1,0,0],[0,1,0],[33,171,191]]
[[0,0,0],[1,0,0],[0,1,0],[22,75,191]]
[[0,0,0],[1,0,0],[0,1,0],[28,65,191]]
[[0,0,0],[1,0,0],[0,1,0],[9,14,191]]
[[0,0,0],[1,0,0],[0,1,0],[5,187,191]]
[[0,0,0],[1,0,0],[0,1,0],[19,37,191]]
[[0,0,0],[1,0,0],[0,1,0],[55,67,191]]
[[0,0,0],[1,0,0],[0,1,0],[25,80,191]]
[[0,0,0],[1,0,0],[0,1,0],[3,39,191]]
[[0,0,0],[1,0,0],[0,1,0],[30,162,191]]
[[0,0,0],[1,0,0],[0,1,0],[2,17,191]]
[[0,0,0],[1,0,0],[0,1,0],[11,17,191]]
[[0,0,0],[1,0,0],[0,1,0],[6,77,191]]
[[0,0,0],[1,0,0],[0,1,0],[6,78,191]]
[[0,0,0],[1,0,0],[0,1,0],[42,167,191]]
[[0,0,0],[1,0,0],[0,1,0],[15,18,191]]
[[0,0,0],[1,0,0],[0,1,0],[31,162,191]]
[[0,0,0],[1,0,0],[0,1,0],[10,49,191]]
[[0,0,0],[1,0,0],[0,1,0],[3,28,191]]
[[0,0,0],[1,0,0],[0,1,0],[18,69,191]]
[[0,0,0],[1,0,0],[0,1,0],[53,164,191]]
[[0,0,0],[1,0,0],[0,1,0],[46,149,191]]
[[0,0,0],[1,0,0],[0,1,0],[11,16,191]]
[[0,0,0],[1,0,0],[0,1,0],[12,52,191]]
[[0,0,0],[1,0,0],[0,1,0],[22,39,191]]
[[0,0,0],[1,0,0],[0,1,0],[11,73,191]]
[[0,0,0],[1,0,0],[0,1,0],[7,38,191]]
[[0,0,0],[1,0,0],[0,1,0],[27,61,191]]
[[0,0,0],[1,0,0],[0,1,0],[13,20,191]]
[[0,0,0],[1,0,0],[0,1,0],[11,79,191]]
[[0,0,0],[1,0,0],[0,1,0],[7,20,191]]
[[0,0,0],[1,0,0],[0,1,0],[22,42,191]]
[[0,0,0],[1,0,0],[0,1,0],[4,49,191]]
[[0,0,0],[1,0,0],[0,1,0],[8,185,191]]
[[0,0,0],[1,0,0],[0,1,0],[28,35,191]]
[[0,0,0],[1,0,0],[0,1,0],[73,122,191]]
[[0,0,0],[1,0,0],[0,1,0],[28,53,191]]
[[0,0,0],[1,0,0],[0,1,0],[36,75,191]]
[[0,0,0],[1,0,0],[0,1,0],[11,22,191]]
[[0,0,0],[1,0,0],[0,1,0],[5,23,191]]
[[0,0,0],[1,0,0],[0,1,0],[39,65,191]]
[[0,0,0],[1,0,0],[0,1,0],[3,41,191]]
[[0,0,0],[1,0,0],[0,1,0],[15,20,191]]
[[0,0,0],[1,0,0],[0,1,0],[1,11,191]]
[[0,0,0],[1,0,0],[0,1,0],[40,65,191]]
[[0,0,0],[1,0,0],[0,1,0],[15,68,191]]
[[0,0,0],[1,0,0],[0,1,0],[4,21,191]]
[[0,0,0],[1,0,0],[0,1,0],[1,22,191]]
[[0,0,0],[1,0,0],[0,1,0],[3,77,191]]
[[0,0,0],[1,0,0],[0,1,0],[34,170,191]]
[[0,0,0],[1,0,0],[0,1,0],[14,52,191]]
[[0,0,0],[1,0,0],[0,1,0],[34,47,191]]
[[0,0,0],[1,0,0],[0,1,0],[5,9,191]]
[[0,0,0],[1,0,0],[0,1,0],[57,142,191]]
[[0,0,0],[1,0,0],[0,1,0],[8,75,191]]
[[0,0,0],[1,0,0],[0,1,0],[42,61,191]]
[[0,0,0],[1,0,0],[0,1,0],[71,154,191]]
[[0,0,0],[1,0,0],[0,1,0],[13,184,191]]
[[0,0,0],[1,0,0],[0,1,0],[6,68,191]]
[[0,0,0],[1,0,0],[0,1,0],[14,83,191]]
[[0,0,0],[1,0,0],[0,1,0],[9,51,191]]
[[0,0,0],[1,0,0],[0,1,0],[1,6,191]]
[[0,0,0],[1,0,0],[0,1,0],[1,62,191]]
[[0,0,0],[1,0,0],[0,1,0],[55,164,191]]
[[0,0,0],[1,0,0],[0,1,0],[31,164,191]]
[[0,0,0],[1,0,0],[0,1,0],[3,35,191]]
[[0,0,0],[1,0,0],[0,1,0],[5,36,191]]
[[0,0,0],[1,0,0],[0,1,0],[17,84,191]]
[[0,0,0],[1,0,0],[0,1,0],[9,90,191]]
[[0,0,0],[1,0,0],[0,1,0],[13,71,191]]
[[0,0,0],[1,0,0],[0,1,0],[12,62,191]]
[[0,0,0],[1,0,0],[0,1,0],[5,47,191]]
[[0,0,0],[1,0,0],[0,1,0],[33,72,191]]
[[0,0,0],[1,0,0],[0,1,0],[4,53,191]]
[[0,0,0],[1,0,0],[0,1,0],[23,54,191]]
[[0,0,0],[1,0,0],[0,1,0],[13,37,191]]
[[0,0,0],[1,0,0],[0,1,0],[8,92,191]]
[[0,0,0],[1,0,0],[0,1,0],[61,161,191]]
[[0,0,0],[1,0,0],[0,1,0],[5,69,191]]
[[0,0,0],[1,0,0],[0,1,0],[11,59,191]]
[[0,0,0],[1,0,0],[0,1,0],[22,55,191]]
[[0,0,0],[1,0,0],[0,1,0],[3,48,191]]
[[0,0,0],[1,0,0],[0,1,0],[13,45,191]]
[[0,0,0],[1,0,0],[0,1,0],[11,39,191]]
[[0,0,0],[1,0,0],[0,1,0],[4,11,191]]
[[0,0,0],[1,0,0],[0,1,0],[2,31,191]]
[[0,0,0],[1,0,0],[0,1,0],[7,23,191]]
[[0,0,0],[1,0,0],[0,1,0],[10,67,191]]
[[0,0,0],[1,0,0],[0,1,0],[1,88,191]]
[[0,0,0],[1,0,0],[0,1,0],[14,66,191]]
[[0,0,0],[1,0,0],[0,1,0],[22,57,191]]
[[0,0,0],[1,0,0],[0,1,0],[1,55,191]]
[[0,0,0],[1,0,0],[0,1,0],[22,77,191]]
[[0,0,0],[1,0,0],[0,1,0],[42,66,191]]
[[0,0,0],[1,0,0],[0,1,0],[22,65,191]]
[[0,0,0],[1,0,0],[0,1,0],[57,155,191]]
[[0,0,0],[1,0,0],[0,1,0],[31,37,191]]
[[0,0,0],[1,0,0],[0,1,0],[12,15,191]]
[[0,0,0],[1,0,0],[0,1,0],[10,28,191]]
[[0,0,0],[1,0,0],[0,1,0],[15,63,191]]
[[0,0,0],[1,0,0],[0,1,0],[17,42,191]]
[[0,0,0],[1,0,0],[0,1,0],[33,75,191]]
[[0,0,0],[1,0,0],[0,1,0],[2,88,191]]
[[0,0,0],[1,0,0],[0,1,0],[25,174,191]]
[[0,0,0],[1,0,0],[0,1,0],[20,180,191]]
[[0,0,0],[1,0,0],[0,1,0],[27,66,191]]
[[0,0,0],[1,0,0],[0,1,0],[26,39,191]]
[[0,0,0],[1,0,0],[0,1,0],[13,13,191]]
[[0,0,0],[1,0,0],[0,1,0],[22,62,191]]
[[0,0,0],[1,0,0],[0,1,0],[15,17,191]]
[[0,0,0],[1,0,0],[0,1,0],[7,49,191]]
[[0,0,0],[1,0,0],[0,1,0],[57,61,191]]
[[0,0,0],[1,0,0],[0,1,0],[63,133,191]]
[[0,0,0],[1,0,0],[0,1,0],[4,63,191]]
[[0,0,0],[1,0,0],[0,1,0],[13,42,191]]
[[0,0,0],[1,0,0],[0,1,0],[8,78,191]]
[[0,0,0],[1,0,0],[0,1,0],[12,63,191]]
[[0,0,0],[1,0,0],[0,1,0],[10,42,191]]
[[0,0,0],[1,0,0],[0,1,0],[11,57,191]]
[[0,0,0],[1,0,0],[0,1,0],[4,94,191]]
[[0,0,0],[1,0,0],[0,1,0],[21,53,191]]
[[0,0,0],[1,0,0],[0,1,0],[56,136,191]]
[[0,0,0],[1,0,0],[0,1,0],[9,35,191]]
[[0,0,0],[1,0,0],[0,1,0],[18,75,191]]
[[0,0,0],[1,0,0],[0,1,0],[12,57,191]]
[[0,0,0],[1,0,0],[0,1,0],[6,46,191]]
[[0,0,0],[1,0,0],[0,1,0],[25,36,191]]
[[0,0,0],[1,0,0],[0,1,0],[5,50,191]]
[[0,0,0],[1,0,0],[0,1,0],[15,179,191]]
[[0,0,0],[1,0,0],[0,1,0],[11,13,191]]
[[0,0,0],[1,0,0],[0,1,0],[17,27,191]]
[[0,0,0],[1,0,0],[0,1,0],[10,55,191]]
[[0,0,0],[1,0,0],[0,1,0],[2,72,191]]
[[0,0,0],[1,0,0],[0,1,0],[10,39,191]]
[[0,0,0],[1,0,0],[0,1,0],[35,70,191]]
[[0,0,0],[1,0,0],[0,1,0],[30,34,191]]
[[0,0,0],[1,0,0],[0,1,0],[8,51,191]]
[[0,0,0],[1,0,0],[0,1,0],[5,17,191]]
[[0,0,0],[1,0,0],[0,1,0],[21,58,191]]
[[0,0,0],[1,0,0],[0,1,0],[75,146,191]]
[[0,0,0],[1,0,0],[0,1,0],[30,42,191]]
[[0,0,0],[1,0,0],[0,1,0],[2,59,191]]
[[0,0,0],[1,0,0],[0,1,0],[4,28,191]]
[[0,0,0],[1,0,0],[0,1,0],[10,68,191]]
[[0,0,0],[1,0,0],[0,1,0],[90,103,191]]
[[0,0,0],[1,0,0],[0,1,0],[8,16,191]]
[[0,0,0],[1,0,0],[0,1,0],[29,164,191]]
[[0,0,0],[1,0,0],[0,1,0],[30,56,191]]
[[0,0,0],[1,0,0],[0,1,0],[67,133,191]]
[[0,0,0],[1,0,0],[0,1,0],[35,69,191]]
[[0,0,0],[1,0,0],[0,1,0],[12,89,191]]
[[0,0,0],[1,0,0],[0,1,0],[2,190,191]]
[[0,0,0],[1,0,0],[0,1,0],[14,178,191]]
[[0,0,0],[1,0,0],[0,1,0],[5,26,191]]
[[0,0,0],[1,0,0],[0,1,0],[4,15,191]]
[[0,0,0],[1,0,0],[0,1,0],[18,43,191]]
[[0,0,0],[1,0,0],[0,1,0],[5,51,191]]
[[0,0,0],[1,0,0],[0,1,0],[3,30,191]]
[[0,0,0],[1,0,0],[0,1,0],[5,20,191]]
[[0,0,0],[1,0,0],[0,1,0],[2,29,191]]
[[0,0,0],[1,0,0],[0,1,0],[12,76,191]]
[[0,0,0],[1,0,0],[0,1,0],[8,91,191]]
[[0,0,0],[1,0,0],[0,1,0],[26,40,191]]
[[0,0,0],[1,0,0],[0,1,0],[26,73,191]]
[[0,0,0],[1,0,0],[0,1,0],[4,40,191]]
[[0,0,0],[1,0,0],[0,1,0],[7,187,191]]
[[0,0,0],[1,0,0],[0,1,0],[31,38,191]]
[[0,0,0],[1,0,0],[0,1,0],[6,14,191]]
[[0,0,0],[1,0,0],[0,1,0],[14,35,191]]
[[0,0,0],[1,0,0],[0,1,0],[4,85,191]]
[[0,0,0],[1,0,0],[0,1,0],[6,60,191]]
[[0,0,0],[1,0,0],[0,1,0],[44,166,191]]
[[0,0,0],[1,0,0],[0,1,0],[4,57,191]]
[[0,0,0],[1,0,0],[0,1,0],[14,44,191]]
[[0,0,0],[1,0,0],[0,1,0],[21,70,191]]
[[0,0,0],[1,0,0],[0,1,0],[1,27,191]]
[[0,0,0],[1,0,0],[0,1,0],[7,44,191]]
[[0,0,0],[1,0,0],[0,1,0],[7,19,191]]
[[0,0,0],[1,0,0],[0,1,0],[4,76,191]]
[[0,0,0],[1,0,0],[0,1,0],[22,63,191]]
[[0,0,0],[1,0,0],[0,1,0],[9,68,191]]
[[0,0,0],[1,0,0],[0,1,0],[11,38,191]]
[[0,0,0],[1,0,0],[0,1,0],[35,35,191]]
[[0,0,0],[1,0,0],[0,1,0],[67,129,191]]
[[0,0,0],[1,0,0],[0,1,0],[12,70,191]]
[[0,0,0],[1,0,0],[0,1,0],[8,42,191]]
[[0,0,0],[1,0,0],[0,1,0],[26,50,191]]
[[0,0,0],[1,0,0],[0,1,0],[6,28,191]]
[[0,0,0],[1,0,0],[0,1,0],[19,30,191]]
[[0,0,0],[1,0,0],[0,1,0],[61,151,191]]
[[0,0,0],[1,0,0],[0,1,0],[8,55,191]]
[[0,0,0],[1,0,0],[0,1,0],[3,91,191]]
[[0,0,0],[1,0,0],[0,1,0],[27,50,191]]
[[0,0,0],[1,0,0],[0,1,0],[7,61,191]]
[[0,0,0],[1,0,0],[0,1,0],[9,34,191]]
[[0,0,0],[1,0,0],[0,1,0],[9,63,191]]
[[0,0,0],[1,0,0],[0,1,0],[15,74,191]]
[[0,0,0],[1,0,0],[0,1,0],[26,173,191]]
[[0,0,0],[1,0,0],[0,1,0],[9,76,191]]
[[0,0,0],[1,0,0],[0,1,0],[11,55,191]]
[[0,0,0],[1,0,0],[0,1,0],[18,77,191]]
[[0,0,0],[1,0,0],[0,1,0],[8,18,191]]
[[0,0,0],[1,0,0],[0,1,0],[7,65,191]]
[[0,0,0],[1,0,0],[0,1,0],[30,67,191]]
[[0,0,0],[1,0,0],[0,1,0],[11,21,191]]
[[0,0,0],[1,0,0],[0,1,0],[22,76,191]]
[[0,0,0],[1,0,0],[0,1,0],[4,51,191]]
[[0,0,0],[1,0,0],[0,1,0],[8,84,191]]
[[0,0,0],[1,0,0],[0,1,0],[47,148,191]]
[[0,0,0],[1,0,0],[0,1,0],[14,61,191]]
[[0,0,0],[1,0,0],[0,1,0],[26,71,191]]
[[0,0,0],[1,0,0],[0,1,0],[3,27,191]]
[[0,0,0],[1,0,0],[0,1,0],[11,77,191]]
[[0,0,0],[1,0,0],[0,1,0],[5,37,191]]
[[0,0,0],[1,0,0],[0,1,0],[35,173,191]]
[[0,0,0],[1,0,0],[0,1,0],[2,74,191]]
[[0,0,0],[1,0,0],[0,1,0],[29,177,191]]
[[0,0,0],[1,0,0],[0,1,0],[11,42,191]]
[[0,0,0],[1,0,0],[0,1,0],[2,42,191]]
[[0,0,0],[1,0,0],[0,1,0],[26,42,191]]
[[0,0,0],[1,0,0],[0,1,0],[15,57,191]]
[[0,0,0],[1,0,0],[0,1,0],[10,78,191]]
[[0,0,0],[1,0,0],[0,1,0],[13,72,191]]
[[0,0,0],[1,0,0],[0,1,0],[10,76,191]]
[[0,0,0],[1,0,0],[0,1,0],[12,31,191]]
[[0,0,0],[1,0,0],[0,1,0],[17,59,191]]
[[0,0,0],[1,0,0],[0,1,0],[10,79,191]]
[[0,0,0],[1,0,0],[0,1,0],[36,157,191]]
[[0,0,0],[1,0,0],[0,1,0],[7,55,191]]
[[0,0,0],[1,0,0],[0,1,0],[5,63,191]]
[[0,0,0],[1,0,0],[0,1,0],[15,65,191]]
[[0,0,0],[1,0,0],[0,1,0],[14,36,191]]
[[0,0,0],[1,0,0],[0,1,0],[7,16,191]]
[[0,0,0],[1,0,0],[0,1,0],[23,66,191]]
[[0,0,0],[1,0,0],[0,1,0],[39,39,191]]
[[0,0,0],[1,0,0],[0,1,0],[30,81,191]]
[[0,0,0],[1,0,0],[0,1,0],[1,31,191]]
[[0,0,0],[1,0,0],[0,1,0],[12,36,191]]
[[0,0,0],[1,0,0],[0,1,0],[9,9,191]]
[[0,0,0],[1,0,0],[0,1,0],[14,58,191]]
[[0,0,0],[1,0,0],[0,1,0],[12,68,191]]
[[0,0,0],[1,0,0],[0,1,0],[38,53,191]]
[[0,0,0],[1,0,0],[0,1,0],[21,177,191]]
[[0,0,0],[1,0,0],[0,1,0],[20,83,191]]
[[0,0,0],[1,0,0],[0,1,0],[9,62,191]]
[[0,0,0],[1,0,0],[0,1,0],[9,60,191]]
[[0,0,0],[1,0,0],[0,1,0],[47,151,191]]
[[0,0,0],[1,0,0],[0,1,0],[5,57,191]]
[[0,0,0],[1,0,0],[0,1,0],[4,78,191]]
[[0,0,0],[1,0,0],[0,1,0],[20,77,191]]
[[0,0,0],[1,0,0],[0,1,0],[17,17,191]]
[[0,0,0],[1,0,0],[0,1,0],[15,50,191]]
[[0,0,0],[1,0,0],[0,1,0],[27,59,191]]
[[0,0,0],[1,0,0],[0,1,0],[20,63,191]]
[[0,0,0],[1,0,0],[0,1,0],[10,72,191]]
[[0,0,0],[1,0,0],[0,1,0],[59,59,191]]
[[0,0,0],[1,0,0],[0,1,0],[30,40,191]]
[[0,0,0],[1,0,0],[0,1,0],[5,82,191]]
[[0,0,0],[1,0,0],[0,1,0],[4,90,191]]
[[0,0,0],[1,0,0],[0,1,0],[25,54,191]]
[[0,0,0],[1,0,0],[0,1,0],[14,21,191]]
[[0,0,0],[1,0,0],[0,1,0],[10,15,191]]
[[0,0,0],[1,0,0],[0,1,0],[8,40,191]]
[[0,0,0],[1,0,0],[0,1,0],[25,168,191]]
[[0,0,0],[1,0,0],[0,1,0],[10,66,191]]
[[0,0,0],[1,0,0],[0,1,0],[4,35,191]]
[[0,0,0],[1,0,0],[0,1,0],[2,67,191]]
[[0,0,0],[1,0,0],[0,1,0],[6,187,191]]
[[0,0,0],[1,0,0],[0,1,0],[3,26,191]]
[[0,0,0],[1,0,0],[0,1,0],[8,8,191]]
[[0,0,0],[1,0,0],[0,1,0],[1,14,191]]
[[0,0,0],[1,0,0],[0,1,0],[13,49,191]]
[[0,0,0],[1,0,0],[0,1,0],[40,52,191]]
[[0,0,0],[1,0,0],[0,1,0],[13,88,191]]
[[0,0,0],[1,0,0],[0,1,0],[70,145,191]]
[[0,0,0],[1,0,0],[0,1,0],[9,73,191]]
[[0,0,0],[1,0,0],[0,1,0],[7,24,191]]
[[0,0,0],[1,0,0],[0,1,0],[13,17,191]]
[[0,0,0],[1,0,0],[0,1,0],[14,19,191]]
[[0,0,0],[1,0,0],[0,1,0],[12,28,191]]
[[0,0,0],[1,0,0],[0,1,0],[8,20,191]]
[[0,0,0],[1,0,0],[0,1,0],[65,136,191]]
[[0,0,0],[1,0,0],[0,1,0],[25,31,191]]
[[0,0,0],[1,0,0],[0,1,0],[3,3,191]]
[[0,0,0],[1,0,0],[0,1,0],[3,22,191]]
[[0,0,0],[1,0,0],[0,1,0],[22,46,191]]
[[0,0,0],[1,0,0],[0,1,0],[13,15,191]]
[[0,0,0],[1,0,0],[0,1,0],[7,91,191]]
[[0,0,0],[1,0,0],[0,1,0],[47,154,191]]
[[0,0,0],[1,0,0],[0,1,0],[17,56,191]]
[[0,0,0],[1,0,0],[0,1,0],[19,62,191]]
[[0,0,0],[1,0,0],[0,1,0],[11,46,191]]
[[0,0,0],[1,0,0],[0,1,0],[18,179,191]]
[[0,0,0],[1,0,0],[0,1,0],[19,68,191]]
[[0,0,0],[1,0,0],[0,1,0],[14,181,191]]
[[0,0,0],[1,0,0],[0,1,0],[14,87,191]]
[[0,0,0],[1,0,0],[0,1,0],[6,16,191]]
[[0,0,0],[1,0,0],[0,1,0],[23,80,191]]
[[0,0,0],[1,0,0],[0,1,0],[36,50,191]]
[[0,0,0],[1,0,0],[0,1,0],[6,24,191]]
[[0,0,0],[1,0,0],[0,1,0],[5,31,191]]
[[0,0,0],[1,0,0],[0,1,0],[31,163,191]]
[[0,0,0],[1,0,0],[0,1,0],[17,33,191]]
[[0,0,0],[1,0,0],[0,1,0],[3,16,191]]
[[0,0,0],[1,0,0],[0,1,0],[77,123,191]]
[[0,0,0],[1,0,0],[0,1,0],[25,34,191]]
[[0,0,0],[1,0,0],[0,1,0],[6,55,191]]
[[0,0,0],[1,0,0],[0,1,0],[3,14,191]]
[[0,0,0],[1,0,0],[0,1,0],[6,10,191]]
[[0,0,0],[1,0,0],[0,1,0],[3,15,191]]
[[0,0,0],[1,0,0],[0,1,0],[17,62,191]]
[[0,0,0],[1,0,0],[0,1,0],[42,154,191]]
[[0,0,0],[1,0,0],[0,1,0],[8,59,191]]
[[0,0,0],[1,0,0],[0,1,0],[17,34,191]]
[[0,0,0],[1,0,0],[0,1,0],[18,46,191]]
[[0,0,0],[1,0,0],[0,1,0],[10,45,191]]
[[0,0,0],[1,0,0],[0,1,0],[22,58,191]]
[[0,0,0],[1,0,0],[0,1,0],[5,10,191]]
[[0,0,0],[1,0,0],[0,1,0],[23,74,191]]
[[0,0,0],[1,0,0],[0,1,0],[1,40,191]]
[[0,0,0],[1,0,0],[0,1,0],[12,80,191]]
[[0,0,0],[1,0,0],[0,1,0],[19,67,191]]
[[0,0,0],[1,0,0],[0,1,0],[10,74,191]]
[[0,0,0],[1,0,0],[0,1,0],[7,58,191]]
[[0,0,0],[1,0,0],[0,1,0],[5,73,191]]
[[0,0,0],[1,0,0],[0,1,0],[39,53,191]]
[[0,0,0],[1,0,0],[0,1,0],[1,39,191]]
[[0,0,0],[1,0,0],[0,1,0],[1,23,191]]
[[0,0,0],[1,0,0],[0,1,0],[11,76,191]]
[[0,0,0],[1,0,0],[0,1,0],[28,164,191]]
[[0,0,0],[1,0,0],[0,1,0],[3,88,191]]
[[0,0,0],[1,0,0],[0,1,0],[29,57,191]]
[[0,0,0],[1,0,0],[0,1,0],[6,45,191]]
[[0,0,0],[1,0,0],[0,1,0],[13,23,191]]
[[0,0,0],[1,0,0],[0,1,0],[9,23,191]]
[[0,0,0],[1,0,0],[0,1,0],[5,70,191]]
[[0,0,0],[1,0,0],[0,1,0],[31,166,191]]
[[0,0,0],[1,0,0],[0,1,0],[62,150,191]]
[[0,0,0],[1,0,0],[0,1,0],[22,47,191]]
[[0,0,0],[1,0,0],[0,1,0],[12,16,191]]
[[0,0,0],[1,0,0],[0,1,0],[17,183,191]]
[[0,0,0],[1,0,0],[0,1,0],[15,73,191]]
[[0,0,0],[1,0,0],[0,1,0],[11,44,191]]
[[0,0,0],[1,0,0],[0,1,0],[5,88,191]]
[[0,0,0],[1,0,0],[0,1,0],[34,158,191]]
[[0,0,0],[1,0,0],[0,1,0],[13,33,191]]
[[0,0,0],[1,0,0],[0,1,0],[1,3,191]]
[[0,0,0],[1,0,0],[0,1,0],[15,69,191]]
[[0,0,0],[1,0,0],[0,1,0],[29,38,191]]
[[0,0,0],[1,0,0],[0,1,0],[31,174,191]]
[[0,0,0],[1,0,0],[0,1,0],[4,71,191]]
[[0,0,0],[1,0,0],[0,1,0],[7,11,191]]
[[0,0,0],[1,0,0],[0,1,0],[8,14,191]]
[[0,0,0],[1,0,0],[0,1,0],[21,55,191]]
[[0,0,0],[1,0,0],[0,1,0],[38,167,191]]
[[0,0,0],[1,0,0],[0,1,0],[12,78,191]]
[[0,0,0],[1,0,0],[0,1,0],[2,87,191]]
[[0,0,0],[1,0,0],[0,1,0],[3,12,191]]
[[0,0,0],[1,0,0],[0,1,0],[8,23,191]]
[[0,0,0],[1,0,0],[0,1,0],[12,77,191]]
[[0,0,0],[1,0,0],[0,1,0],[7,53,191]]
[[0,0,0],[1,0,0],[0,1,0],[9,80,191]]
[[0,0,0],[1,0,0],[0,1,0],[12,17,191]]
[[0,0,0],[1,0,0],[0,1,0],[10,53,191]]
[[0,0,0],[1,0,0],[0,1,0],[26,175,191]]
[[0,0,0],[1,0,0],[0,1,0],[8,184,191]]
[[0,0,0],[1,0,0],[0,1,0],[20,75,191]]
[[0,0,0],[1,0,0],[0,1,0],[7,42,191]]
[[0,0,0],[1,0,0],[0,1,0],[14,18,191]]
[[0,0,0],[1,0,0],[0,1,0],[2,51,191]]
[[0,0,0],[1,0,0],[0,1,0],[13,73,191]]
[[0,0,0],[1,0,0],[0,1,0],[12,45,191]]
[[0,0,0],[1,0,0],[0,1,0],[14,55,191]]
[[0,0,0],[1,0,0],[0,1,0],[21,28,191]]
[[0,0,0],[1,0,0],[0,1,0],[9,45,191]]
[[0,0,0],[1,0,0],[0,1,0],[2,65,191]]
[[0,0,0],[1,0,0],[0,1,0],[4,60,191]]
[[0,0,0],[1,0,0],[0,1,0],[3,86,191]]
[[0,0,0],[1,0,0],[0,1,0],[4,19,191]]
[[0,0,0],[1,0,0],[0,1,0],[3,52,191]]
[[0,0,0],[1,0,0],[0,1,0],[20,27,191]]
[[0,0,0],[1,0,0],[0,1,0],[13,185,191]]
[[0,0,0],[1,0,0],[0,1,0],[10,88,191]]
[[0,0,0],[1,0,0],[0,1,0],[1,33,191]]
[[0,0,0],[1,0,0],[0,1,0],[4,67,191]]
[[0,0,0],[1,0,0],[0,1,0],[25,56,191]]
[[0,0,0],[1,0,0],[0,1,0],[4,81,191]]
[[0,0,0],[1,0,0],[0,1,0],[9,47,191]]
[[0,0,0],[1,0,0],[0,1,0],[31,60,191]]
[[0,0,0],[1,0,0],[0,1,0],[30,73,191]]
[[0,0,0],[1,0,0],[0,1,0],[5,25,191]]
[[0,0,0],[1,0,0],[0,1,0],[21,30,191]]
[[0,0,0],[1,0,0],[0,1,0],[3,56,191]]
[[0,0,0],[1,0,0],[0,1,0],[36,39,191]]
[[0,0,0],[1,0,0],[0,1,0],[18,174,191]]
[[0,0,0],[1,0,0],[0,1,0],[7,62,191]]
[[0,0,0],[1,0,0],[0,1,0],[3,83,191]]
[[0,0,0],[1,0,0],[0,1,0],[12,43,191]]
[[0,0,0],[1,0,0],[0,1,0],[28,33,191]]
[[0,0,0],[1,0,0],[0,1,0],[8,10,191]]
[[0,0,0],[1,0,0],[0,1,0],[26,62,191]]
[[0,0,0],[1,0,0],[0,1,0],[8,63,191]]
[[0,0,0],[1,0,0],[0,1,0],[2,90,191]]
[[0,0,0],[1,0,0],[0,1,0],[20,52,191]]
[[0,0,0],[1,0,0],[0,1,0],[12,35,191]]
[[0,0,0],[1,0,0],[0,1,0],[31,161,191]]
[[0,0,0],[1,0,0],[0,1,0],[19,29,191]]
[[0,0,0],[1,0,0],[0,1,0],[7,66,191]]
[[0,0,0],[1,0,0],[0,1,0],[50,156,191]]
[[0,0,0],[1,0,0],[0,1,0],[1,42,191]]
[[0,0,0],[1,0,0],[0,1,0],[9,29,191]]
[[0,0,0],[1,0,0],[0,1,0],[3,79,191]]
[[0,0,0],[1,0,0],[0,1,0],[8,70,191]]
[[0,0,0],[1,0,0],[0,1,0],[3,60,191]]
[[0,0,0],[1,0,0],[0,1,0],[14,40,191]]
[[0,0,0],[1,0,0],[0,1,0],[6,67,191]]
[[0,0,0],[1,0,0],[0,1,0],[13,21,191]]
[[0,0,0],[1,0,0],[0,1,0],[19,36,191]]
[[0,0,0],[1,0,0],[0,1,0],[5,68,191]]
[[0,0,0],[1,0,0],[0,1,0],[9,81,191]]
[[0,0,0],[1,0,0],[0,1,0],[20,28,191]]
[[0,0,0],[1,0,0],[0,1,0],[2,55,191]]
[[0,0,0],[1,0,0],[0,1,0],[6,40,191]]
[[0,0,0],[1,0,0],[0,1,0],[33,50,191]]
[[0,0,0],[1,0,0],[0,1,0],[10,19,191]]
[[0,0,0],[1,0,0],[0,1,0],[5,74,191]]
[[0,0,0],[1,0,0],[0,1,0],[5,42,191]]
[[0,0,0],[1,0,0],[0,1,0],[11,65,191]]
[[0,0,0],[1,0,0],[0,1,0],[6,30,191]]
[[0,0,0],[1,0,0],[0,1,0],[3,18,191]]
[[0,0,0],[1,0,0],[0,1,0],[73,133,191]]
[[0,0,0],[1,0,0],[0,1,0],[14,30,191]]
[[0,0,0],[1,0,0],[0,1,0],[10,83,191]]
[[0,0,0],[1,0,0],[0,1,0],[25,75,191]]
[[0,0,0],[1,0,0],[0,1,0],[5,78,191]]
[[0,0,0],[1,0,0],[0,1,0],[9,185,191]]
[[0,0,0],[1,0,0],[0,1,0],[15,23,191]]
[[0,0,0],[1,0,0],[0,1,0],[8,46,191]]
[[0,0,0],[1,0,0],[0,1,0],[2,15,191]]
[[0,0,0],[1,0,0],[0,1,0],[13,38,191]]
[[0,0,0],[1,0,0],[0,1,0],[4,69,191]]
[[0,0,0],[1,0,0],[0,1,0],[7,72,191]]
[[0,0,0],[1,0,0],[0,1,0],[74,135,191]]
[[0,0,0],[1,0,0],[0,1,0],[10,14,191]]
[[0,0,0],[1,0,0],[0,1,0],[17,180,191]]
[[0,0,0],[1,0,0],[0,1,0],[25,49,191]]
[[0,0,0],[1,0,0],[0,1,0],[7,50,191]]
[[0,0,0],[1,0,0],[0,1,0],[62,158,191]]
[[0,0,0],[1,0,0],[0,1,0],[1,8,191]]
[[0,0,0],[1,0,0],[0,1,0],[2,16,191]]
[[0,0,0],[1,0,0],[0,1,0],[22,44,191]]
[[0,0,0],[1,0,0],[0,1,0],[9,72,191]]
[[0,0,0],[1,0,0],[0,1,0],[3,24,191]]
[[0,0,0],[1,0,0],[0,1,0],[9,22,191]]
[[0,0,0],[1,0,0],[0,1,0],[2,23,191]]
[[0,0,0],[1,0,0],[0,1,0],[21,47,191]]
[[0,0,0],[1,0,0],[0,1,0],[8,28,191]]
[[0,0,0],[1,0,0],[0,1,0],[5,67,191]]
[[0,0,0],[1,0,0],[0,1,0],[10,59,191]]
[[0,0,0],[1,0,0],[0,1,0],[9,11,191]]
[[0,0,0],[1,0,0],[0,1,0],[17,76,191]]
[[0,0,0],[1,0,0],[0,1,0],[39,160,191]]
[[0,0,0],[1,0,0],[0,1,0],[4,82,191]]
[[0,0,0],[1,0,0],[0,1,0],[10,69,191]]
[[0,0,0],[1,0,0],[0,1,0],[3,58,191]]
[[0,0,0],[1,0,0],[0,1,0],[21,76,191]]
[[0,0,0],[1,0,0],[0,1,0],[2,64,191]]
[[0,0,0],[1,0,0],[0,1,0],[20,179,191]]
[[0,0,0],[1,0,0],[0,1,0],[14,56,191]]
[[0,0,0],[1,0,0],[0,1,0],[28,70,191]]
[[0,0,0],[1,0,0],[0,1,0],[7,87,191]]
[[0,0,0],[1,0,0],[0,1,0],[15,77,191]]
[[0,0,0],[1,0,0],[0,1,0],[3,67,191]]
[[0,0,0],[1,0,0],[0,1,0],[8,19,191]]
[[0,0,0],[1,0,0],[0,1,0],[2,20,191]]
[[0,0,0],[1,0,0],[0,1,0],[17,66,191]]
[[0,0,0],[1,0,0],[0,1,0],[13,51,191]]
[[0,0,0],[1,0,0],[0,1,0],[56,68,191]]
[[0,0,0],[1,0,0],[0,1,0],[9,57,191]]
[[0,0,0],[1,0,0],[0,1,0],[3,92,191]]
[[0,0,0],[1,0,0],[0,1,0],[14,70,191]]
[[0,0,0],[1,0,0],[0,1,0],[6,47,191]]
[[0,0,0],[1,0,0],[0,1,0],[27,65,191]]
[[0,0,0],[1,0,0],[0,1,0],[46,71,191]]
[[0,0,0],[1,0,0],[0,1,0],[3,38,191]]
[[0,0,0],[1,0,0],[0,1,0],[20,40,191]]
[[0,0,0],[1,0,0],[0,1,0],[23,170,191]]
[[0,0,0],[1,0,0],[0,1,0],[10,22,191]]
[[0,0,0],[1,0,0],[0,1,0],[4,8,191]]
[[0,0,0],[1,0,0],[0,1,0],[14,49,191]]
[[0,0,0],[1,0,0],[0,1,0],[25,52,191]]
[[0,0,0],[1,0,0],[0,1,0],[53,146,191]]
[[0,0,0],[1,0,0],[0,1,0],[1,36,191]]
[[0,0,0],[1,0,0],[0,1,0],[29,176,191]]
[[0,0,0],[1,0,0],[0,1,0],[4,16,191]]
[[0,0,0],[1,0,0],[0,1,0],[2,79,191]]
[[0,0,0],[1,0,0],[0,1,0],[9,59,191]]
[[0,0,0],[1,0,0],[0,1,0],[36,61,191]]
[[0,0,0],[1,0,0],[0,1,0],[4,30,191]]
[[0,0,0],[1,0,0],[0,1,0],[30,30,191]]
[[0,0,0],[1,0,0],[0,1,0],[42,168,191]]
[[0,0,0],[1,0,0],[0,1,0],[10,57,191]]
[[0,0,0],[1,0,0],[0,1,0],[61,61,191]]
[[0,0,0],[1,0,0],[0,1,0],[25,171,191]]
[[0,0,0],[1,0,0],[0,1,0],[21,50,191]]
[[0,0,0],[1,0,0],[0,1,0],[1,2,191]]
[[0,0,0],[1,0,0],[0,1,0],[23,52,191]]
[[0,0,0],[1,0,0],[0,1,0],[20,39,191]]
[[0,0,0],[1,0,0],[0,1,0],[23,72,191]]
[[0,0,0],[1,0,0],[0,1,0],[23,176,191]]
[[0,0,0],[1,0,0],[0,1,0],[12,30,191]]
[[0,0,0],[1,0,0],[0,1,0],[6,26,191]]
[[0,0,0],[1,0,0],[0,1,0],[2,33,191]]
[[0,0,0],[1,0,0],[0,1,0],[4,80,191]]
[[0,0,0],[1,0,0],[0,1,0],[12,66,191]]
[[0,0,0],[1,0,0],[0,1,0],[6,56,191]]
[[0,0,0],[1,0,0],[0,1,0],[14,80,191]]
[[0,0,0],[1,0,0],[0,1,0],[2,81,191]]
[[0,0,0],[1,0,0],[0,1,0],[6,62,191]]
[[0,0,0],[1,0,0],[0,1,0],[13,77,191]]
[[0,0,0],[1,0,0],[0,1,0],[15,53,191]]
[[0,0,0],[1,0,0],[0,1,0],[29,163,191]]
[[0,0,0],[1,0,0],[0,1,0],[31,59,191]]
[[0,0,0],[1,0,0],[0,1,0],[7,86,191]]
[[0,0,0],[1,0,0],[0,1,0],[2,27,191]]
[[0,0,0],[1,0,0],[0,1,0],[65,148,191]]
[[0,0,0],[1,0,0],[0,1,0],[19,28,191]]
[[0,0,0],[1,0,0],[0,1,0],[1,15,191]]
[[0,0,0],[1,0,0],[0,1,0],[4,6,191]]
[[0,0,0],[1,0,0],[0,1,0],[10,16,191]]
[[0,0,0],[1,0,0],[0,1,0],[28,54,191]]
[[0,0,0],[1,0,0],[0,1,0],[19,79,191]]
[[0,0,0],[1,0,0],[0,1,0],[9,84,191]]
[[0,0,0],[1,0,0],[0,1,0],[17,49,191]]
[[0,0,0],[1,0,0],[0,1,0],[6,83,191]]
[[0,0,0],[1,0,0],[0,1,0],[9,16,191]]
[[0,0,0],[1,0,0],[0,1,0],[13,54,191]]
[[0,0,0],[1,0,0],[0,1,0],[6,76,191]]
[[0,0,0],[1,0,0],[0,1,0],[13,182,191]]
[[0,0,0],[1,0,0],[0,1,0],[20,26,191]]
[[0,0,0],[1,0,0],[0,1,0],[60,140,191]]
[[0,0,0],[1,0,0],[0,1,0],[36,68,191]]
[[0,0,0],[1,0,0],[0,1,0],[81,142,191]]
[[0,0,0],[1,0,0],[0,1,0],[29,76,191]]
[[0,0,0],[1,0,0],[0,1,0],[12,65,191]]
[[0,0,0],[1,0,0],[0,1,0],[50,71,191]]
[[0,0,0],[1,0,0],[0,1,0],[35,73,191]]
[[0,0,0],[1,0,0],[0,1,0],[74,133,191]]
[[0,0,0],[1,0,0],[0,1,0],[28,58,191]]
[[0,0,0],[1,0,0],[0,1,0],[62,145,191]]
[[0,0,0],[1,0,0],[0,1,0],[5,84,191]]
[[0,0,0],[1,0,0],[0,1,0],[29,43,191]]
[[0,0,0],[1,0,0],[0,1,0],[7,83,191]]
[[0,0,0],[1,0,0],[0,1,0],[2,70,191]]
[[0,0,0],[1,0,0],[0,1,0],[3,50,191]]
[[0,0,0],[1,0,0],[0,1,0],[6,87,191]]
[[0,0,0],[1,0,0],[0,1,0],[6,15,191]]
[[0,0,0],[1,0,0],[0,1,0],[2,82,191]]
[[0,0,0],[1,0,0],[0,1,0],[8,15,191]]
[[0,0,0],[1,0,0],[0,1,0],[1,13,191]]
[[0,0,0],[1,0,0],[0,1,0],[12,14,191]]
[[0,0,0],[1,0,0],[0,1,0],[3,57,191]]
[[0,0,0],[1,0,0],[0,1,0],[6,23,191]]
[[0,0,0],[1,0,0],[0,1,0],[47,145,191]]
[[0,0,0],[1,0,0],[0,1,0],[2,57,191]]
[[0,0,0],[1,0,0],[0,1,0],[11,181,191]]
[[0,0,0],[1,0,0],[0,1,0],[1,30,191]]
[[0,0,0],[1,0,0],[0,1,0],[17,81,191]]
[[0,0,0],[1,0,0],[0,1,0],[18,18,191]]
[[0,0,0],[1,0,0],[0,1,0],[6,58,191]]
[[0,0,0],[1,0,0],[0,1,0],[5,14,191]]
[[0,0,0],[1,0,0],[0,1,0],[10,52,191]]
[[0,0,0],[1,0,0],[0,1,0],[18,54,191]]
[[0,0,0],[1,0,0],[0,1,0],[13,19,191]]
[[0,0,0],[1,0,0],[0,1,0],[26,31,191]]
[[0,0,0],[1,0,0],[0,1,0],[4,18,191]]
[[0,0,0],[1,0,0],[0,1,0],[17,179,191]]
[[0,0,0],[1,0,0],[0,1,0],[13,181,191]]
[[0,0,0],[1,0,0],[0,1,0],[9,58,191]]
[[0,0,0],[1,0,0],[0,1,0],[4,12,191]]
[[0,0,0],[1,0,0],[0,1,0],[12,46,191]]
[[0,0,0],[1,0,0],[0,1,0],[63,129,191]]
[[0,0,0],[1,0,0],[0,1,0],[31,61,191]]
[[0,0,0],[1,0,0],[0,1,0],[9,61,191]]
[[0,0,0],[1,0,0],[0,1,0],[12,180,191]]
[[0,0,0],[1,0,0],[0,1,0],[6,91,191]]
[[0,0,0],[1,0,0],[0,1,0],[25,47,191]]
[[0,0,0],[1,0,0],[0,1,0],[8,60,191]]
[[0,0,0],[1,0,0],[0,1,0],[21,54,191]]
[[0,0,0],[1,0,0],[0,1,0],[28,49,191]]
[[0,0,0],[1,0,0],[0,1,0],[21,63,191]]
[[0,0,0],[1,0,0],[0,1,0],[1,29,191]]
[[0,0,0],[1,0,0],[0,1,0],[98,115,191]]
[[0,0,0],[1,0,0],[0,1,0],[4,74,191]]
[[0,0,0],[1,0,0],[0,1,0],[5,18,191]]
[[0,0,0],[1,0,0],[0,1,0],[7,26,191]]
[[0,0,0],[1,0,0],[0,1,0],[3,78,191]]
[[0,0,0],[1,0,0],[0,1,0],[15,67,191]]
[[0,0,0],[1,0,0],[0,1,0],[7,67,191]]
[[0,0,0],[1,0,0],[0,1,0],[28,37,191]]
[[0,0,0],[1,0,0],[0,1,0],[13,52,191]]
[[0,0,0],[1,0,0],[0,1,0],[9,184,191]]
[[0,0,0],[1,0,0],[0,1,0],[10,34,191]]
[[0,0,0],[1,0,0],[0,1,0],[36,36,191]]
[[0,0,0],[1,0,0],[0,1,0],[13,58,191]]
[[0,0,0],[1,0,0],[0,1,0],[10,12,191]]
[[0,0,0],[1,0,0],[0,1,0],[19,49,191]]
[[0,0,0],[1,0,0],[0,1,0],[17,61,191]]
[[0,0,0],[1,0,0],[0,1,0],[2,49,191]]
[[0,0,0],[1,0,0],[0,1,0],[4,34,191]]
[[0,0,0],[1,0,0],[0,1,0],[20,68,191]]
[[0,0,0],[1,0,0],[0,1,0],[6,20,191]]
[[0,0,0],[1,0,0],[0,1,0],[26,29,191]]
[[0,0,0],[1,0,0],[0,1,0],[5,7,191]]
[[0,0,0],[1,0,0],[0,1,0],[11,33,191]]
[[0,0,0],[1,0,0],[0,1,0],[10,80,191]]
[[0,0,0],[1,0,0],[0,1,0],[25,38,191]]
[[0,0,0],[1,0,0],[0,1,0],[14,22,191]]
[[0,0,0],[1,0,0],[0,1,0],[42,52,191]]
[[0,0,0],[1,0,0],[0,1,0],[59,65,191]]
[[0,0,0],[1,0,0],[0,1,0],[7,59,191]]
[[0,0,0],[1,0,0],[0,1,0],[4,65,191]]
[[0,0,0],[1,0,0],[0,1,0],[13,28,191]]
[[0,0,0],[1,0,0],[0,1,0],[21,57,191]]
[[0,0,0],[1,0,0],[0,1,0],[22,179,191]]
[[0,0,0],[1,0,0],[0,1,0],[3,80,191]]
[[0,0,0],[1,0,0],[0,1,0],[9,12,191]]
[[0,0,0],[1,0,0],[0,1,0],[50,162,191]]
[[0,0,0],[1,0,0],[0,1,0],[14,27,191]]
[[0,0,0],[1,0,0],[0,1,0],[5,32,191]]
[[0,0,0],[1,0,0],[0,1,0],[15,184,191]]
[[0,0,0],[1,0,0],[0,1,0],[13,50,191]]
[[0,0,0],[1,0,0],[0,1,0],[33,66,191]]
[[0,0,0],[1,0,0],[0,1,0],[15,183,191]]
[[0,0,0],[1,0,0],[0,1,0],[5,89,191]]
[[0,0,0],[1,0,0],[0,1,0],[12,33,191]]
[[0,0,0],[1,0,0],[0,1,0],[27,173,191]]
[[0,0,0],[1,0,0],[0,1,0],[4,27,191]]
[[0,0,0],[1,0,0],[0,1,0],[9,183,191]]
[[0,0,0],[1,0,0],[0,1,0],[8,77,191]]
[[0,0,0],[1,0,0],[0,1,0],[27,70,191]]
[[0,0,0],[1,0,0],[0,1,0],[21,60,191]]
[[0,0,0],[1,0,0],[0,1,0],[21,26,191]]
[[0,0,0],[1,0,0],[0,1,0],[8,47,191]]
[[0,0,0],[1,0,0],[0,1,0],[8,11,191]]
[[0,0,0],[1,0,0],[0,1,0],[14,62,191]]
[[0,0,0],[1,0,0],[0,1,0],[8,90,191]]
[[0,0,0],[1,0,0],[0,1,0],[28,47,191]]
[[0,0,0],[1,0,0],[0,1,0],[18,42,191]]
[[0,0,0],[1,0,0],[0,1,0],[27,177,191]]
[[0,0,0],[1,0,0],[0,1,0],[17,50,191]]
[[0,0,0],[1,0,0],[0,1,0],[12,81,191]]
[[0,0,0],[1,0,0],[0,1,0],[6,44,191]]
[[0,0,0],[1,0,0],[0,1,0],[6,11,191]]
[[0,0,0],[1,0,0],[0,1,0],[18,49,191]]
[[0,0,0],[1,0,0],[0,1,0],[35,168,191]]
[[0,0,0],[1,0,0],[0,1,0],[7,90,191]]
[[0,0,0],[1,0,0],[0,1,0],[4,47,191]]
[[0,0,0],[1,0,0],[0,1,0],[2,48,191]]
[[0,0,0],[1,0,0],[0,1,0],[11,84,191]]
[[0,0,0],[1,0,0],[0,1,0],[19,83,191]]
[[0,0,0],[1,0,0],[0,1,0],[40,76,191]]
[[0,0,0],[1,0,0],[0,1,0],[11,51,191]]
[[0,0,0],[1,0,0],[0,1,0],[53,61,191]]
[[0,0,0],[1,0,0],[0,1,0],[22,171,191]]
[[0,0,0],[1,0,0],[0,1,0],[21,78,191]]
[[0,0,0],[1,0,0],[0,1,0],[5,44,191]]
[[0,0,0],[1,0,0],[0,1,0],[65,129,191]]
[[0,0,0],[1,0,0],[0,1,0],[5,35,191]]
[[0,0,0],[1,0,0],[0,1,0],[3,72,191]]
[[0,0,0],[1,0,0],[0,1,0],[27,52,191]]
[[0,0,0],[1,0,0],[0,1,0],[20,73,191]]
[[0,0,0],[1,0,0],[0,1,0],[5,188,191]]
[[0,0,0],[1,0,0],[0,1,0],[25,61,191]]
[[0,0,0],[1,0,0],[0,1,0],[2,4,191]]
[[0,0,0],[1,0,0],[0,1,0],[5,13,191]]
[[0,0,0],[1,0,0],[0,1,0],[36,53,191]]
[[0,0,0],[1,0,0],[0,1,0],[13,63,191]]
[[0,0,0],[1,0,0],[0,1,0],[56,137,191]]
[[0,0,0],[1,0,0],[0,1,0],[3,13,191]]
[[0,0,0],[1,0,0],[0,1,0],[25,170,191]]
[[0,0,0],[1,0,0],[0,1,0],[9,33,191]]
[[0,0,0],[1,0,0],[0,1,0],[15,54,191]]
[[0,0,0],[1,0,0],[0,1,0],[1,74,191]]
[[0,0,0],[1,0,0],[0,1,0],[2,68,191]]
[[0,0,0],[1,0,0],[0,1,0],[3,82,191]]
[[0,0,0],[1,0,0],[0,1,0],[20,49,191]]
[[0,0,0],[1,0,0],[0,1,0],[7,10,191]]
[[0,0,0],[1,0,0],[0,1,0],[3,51,191]]
[[0,0,0],[1,0,0],[0,1,0],[2,18,191]]
[[0,0,0],[1,0,0],[0,1,0],[5,60,191]]
[[0,0,0],[1,0,0],[0,1,0],[3,32,191]]
[[0,0,0],[1,0,0],[0,1,0],[3,10,191]]
[[0,0,0],[1,0,0],[0,1,0],[18,72,191]]
[[0,0,0],[1,0,0],[0,1,0],[6,27,191]]
[[0,0,0],[1,0,0],[0,1,0],[7,63,191]]
[[0,0,0],[1,0,0],[0,1,0],[1,10,191]]
[[0,0,0],[1,0,0],[0,1,0],[39,154,191]]
[[0,0,0],[1,0,0],[0,1,0],[97,102,191]]
[[0,0,0],[1,0,0],[0,1,0],[15,43,191]]
[[0,0,0],[1,0,0],[0,1,0],[2,83,191]]
[[0,0,0],[1,0,0],[0,1,0],[13,57,191]]
[[0,0,0],[1,0,0],[0,1,0],[4,54,191]]
[[0,0,0],[1,0,0],[0,1,0],[9,18,191]]
[[0,0,0],[1,0,0],[0,1,0],[11,186,191]]
[[0,0,0],[1,0,0],[0,1,0],[17,40,191]]
[[0,0,0],[1,0,0],[0,1,0],[39,75,191]]
[[0,0,0],[1,0,0],[0,1,0],[22,43,191]]
[[0,0,0],[1,0,0],[0,1,0],[4,31,191]]
[[0,0,0],[1,0,0],[0,1,0],[14,84,191]]
[[0,0,0],[1,0,0],[0,1,0],[5,27,191]]
[[0,0,0],[1,0,0],[0,1,0],[2,92,191]]
[[0,0,0],[1,0,0],[0,1,0],[20,65,191]]
[[0,0,0],[1,0,0],[0,1,0],[9,86,191]]
[[0,0,0],[1,0,0],[0,1,0],[11,40,191]]
[[0,0,0],[1,0,0],[0,1,0],[15,49,191]]
[[0,0,0],[1,0,0],[0,1,0],[6,31,191]]
[[0,0,0],[1,0,0],[0,1,0],[19,55,191]]
[[0,0,0],[1,0,0],[0,1,0],[4,29,191]]
[[0,0,0],[1,0,0],[0,1,0],[3,190,191]]
[[0,0,0],[1,0,0],[0,1,0],[14,179,191]]
[[0,0,0],[1,0,0],[0,1,0],[9,36,191]]
[[0,0,0],[1,0,0],[0,1,0],[6,51,191]]
[[0,0,0],[1,0,0],[0,1,0],[17,30,191]]
[[0,0,0],[1,0,0],[0,1,0],[13,59,191]]
[[0,0,0],[1,0,0],[0,1,0],[17,20,191]]
[[0,0,0],[1,0,0],[0,1,0],[10,54,191]]
[[0,0,0],[1,0,0],[0,1,0],[1,20,191]]
[[0,0,0],[1,0,0],[0,1,0],[10,27,191]]
[[0,0,0],[1,0,0],[0,1,0],[11,54,191]]
[[0,0,0],[1,0,0],[0,1,0],[26,30,191]]
[[0,0,0],[1,0,0],[0,1,0],[2,58,191]]
[[0,0,0],[1,0,0],[0,1,0],[17,176,191]]
[[0,0,0],[1,0,0],[0,1,0],[10,75,191]]
[[0,0,0],[1,0,0],[0,1,0],[7,68,191]]
[[0,0,0],[1,0,0],[0,1,0],[7,74,191]]
[[0,0,0],[1,0,0],[0,1,0],[6,22,191]]
[[0,0,0],[1,0,0],[0,1,0],[19,27,191]]
[[0,0,0],[1,0,0],[0,1,0],[2,78,191]]
[[0,0,0],[1,0,0],[0,1,0],[6,86,191]]
[[0,0,0],[1,0,0],[0,1,0],[33,160,191]]
[[0,0,0],[1,0,0],[0,1,0],[1,47,191]]
[[0,0,0],[1,0,0],[0,1,0],[9,38,191]]
[[0,0,0],[1,0,0],[0,1,0],[71,142,191]]
[[0,0,0],[1,0,0],[0,1,0],[33,58,191]]
[[0,0,0],[1,0,0],[0,1,0],[2,80,191]]
[[0,0,0],[1,0,0],[0,1,0],[39,159,191]]
[[0,0,0],[1,0,0],[0,1,0],[28,28,191]]
[[0,0,0],[1,0,0],[0,1,0],[6,84,191]]
[[0,0,0],[1,0,0],[0,1,0],[23,36,191]]
[[0,0,0],[1,0,0],[0,1,0],[20,60,191]]
[[0,0,0],[1,0,0],[0,1,0],[29,60,191]]
[[0,0,0],[1,0,0],[0,1,0],[22,173,191]]
[[0,0,0],[1,0,0],[0,1,0],[28,175,191]]
[[0,0,0],[1,0,0],[0,1,0],[14,77,191]]
[[0,0,0],[1,0,0],[0,1,0],[36,72,191]]
[[0,0,0],[1,0,0],[0,1,0],[3,9,191]]
[[0,0,0],[1,0,0],[0,1,0],[14,73,191]]
[[0,0,0],[1,0,0],[0,1,0],[46,52,191]]
[[0,0,0],[1,0,0],[0,1,0],[14,45,191]]
[[0,0,0],[1,0,0],[0,1,0],[20,72,191]]
[[0,0,0],[1,0,0],[0,1,0],[9,39,191]]
[[0,0,0],[1,0,0],[0,1,0],[7,47,191]]
[[0,0,0],[1,0,0],[0,1,0],[7,37,191]]
[[0,0,0],[1,0,0],[0,1,0],[42,72,191]]
[[0,0,0],[1,0,0],[0,1,0],[1,4,191]]
[[0,0,0],[1,0,0],[0,1,0],[3,84,191]]
[[0,0,0],[1,0,0],[0,1,0],[4,72,191]]
[[0,0,0],[1,0,0],[0,1,0],[10,73,191]]
[[0,0,0],[1,0,0],[0,1,0],[18,87,191]]
[[0,0,0],[1,0,0],[0,1,0],[1,57,191]]
[[0,0,0],[1,0,0],[0,1,0],[11,41,191]]
[[0,0,0],[1,0,0],[0,1,0],[12,44,191]]
[[0,0,0],[1,0,0],[0,1,0],[17,37,191]]
[[0,0,0],[1,0,0],[0,1,0],[8,22,191]]
[[0,0,0],[1,0,0],[0,1,0],[15,58,191]]
[[0,0,0],[1,0,0],[0,1,0],[2,28,191]]
[[0,0,0],[1,0,0],[0,1,0],[34,34,191]]
[[0,0,0],[1,0,0],[0,1,0],[26,66,191]]
[[0,0,0],[1,0,0],[0,1,0],[36,78,191]]
[[0,0,0],[1,0,0],[0,1,0],[4,38,191]]
[[0,0,0],[1,0,0],[0,1,0],[17,53,191]]
[[0,0,0],[1,0,0],[0,1,0],[3,17,191]]
[[0,0,0],[1,0,0],[0,1,0],[52,151,191]]
[[0,0,0],[1,0,0],[0,1,0],[13,69,191]]
[[0,0,0],[1,0,0],[0,1,0],[30,72,191]]
[[0,0,0],[1,0,0],[0,1,0],[2,61,191]]
[[0,0,0],[1,0,0],[0,1,0],[15,27,191]]
[[0,0,0],[1,0,0],[0,1,0],[34,162,191]]
[[0,0,0],[1,0,0],[0,1,0],[5,39,191]]
[[0,0,0],[1,0,0],[0,1,0],[14,182,191]]
[[0,0,0],[1,0,0],[0,1,0],[14,33,191]]
[[0,0,0],[1,0,0],[0,1,0],[30,59,191]]
[[0,0,0],[1,0,0],[0,1,0],[3,5,191]]
[[0,0,0],[1,0,0],[0,1,0],[7,73,191]]
[[0,0,0],[1,0,0],[0,1,0],[15,40,191]]
[[0,0,0],[1,0,0],[0,1,0],[8,44,191]]
[[0,0,0],[1,0,0],[0,1,0],[20,29,191]]
[[0,0,0],[1,0,0],[0,1,0],[5,33,191]]
[[0,0,0],[1,0,0],[0,1,0],[21,173,191]]
[[0,0,0],[1,0,0],[0,1,0],[0,1,191]]
[[0,0,0],[1,0,0],[0,1,0],[20,84,191]]
[[0,0,0],[1,0,0],[0,1,0],[19,21,191]]
[[0,0,0],[1,0,0],[0,1,0],[42,151,191]]
[[0,0,0],[1,0,0],[0,1,0],[23,27,191]]
