[[0,0,0],[1,0,0],[0,1,0],[12,90,193]]
[[0,0,0],[1,0,0],[0,1,0],[10,30,193]]
[[0,0,0],[1,0,0],[0,1,0],[8,36,193]]
[[0,0,0],[1,0,0],[0,1,0],[3,84,193]]
[[0,0,0],[1,0,0],[0,1,0],[34,54,193]]
[[0,0,0],[1,0,0],[0,1,0],[18,87,193]]
[[0,0,0],[1,0,0],[0,1,0],[28,64,193]]
[[0,0,0],[1,0,0],[0,1,0],[20,174,193]]
[[0,0,0],[1,0,0],[0,1,0],[17,24,193]]
[[0,0,0],[1,0,0],[0,1,0],[2,28,193]]
[[0,0,0],[1,0,0],[0,1,0],[51,168,193]]
[[0,0,0],[1,0,0],[0,1,0],[15,70,193]]
[[0,0,0],[1,0,0],[0,1,0],[13,187,193]]
[[0,0,0],[1,0,0],[0,1,0],[4,72,193]]
[[0,0,0],[1,0,0],[0,1,0],[2,192,193]]
[[0,0,0],[1,0,0],[0,1,0],[85,109,193]]
[[0,0,0],[1,0,0],[0,1,0],[23,62,193]]
[[0,0,0],[1,0,0],[0,1,0],[24,83,193]]
[[0,0,0],[1,0,0],[0,1,0],[14,185,193]]
[[0,0,0],[1,0,0],[0,1,0],[5,39,193]]
[[0,0,0],[1,0,0],[0,1,0],[28,34,193]]
[[0,0,0],[1,0,0],[0,1,0],[19,66,193]]
[[0,0,0],[1,0,0],[0,1,0],[7,40,193]]
[[0,0,0],[1,0,0],[0,1,0],[30,57,193]]
[[0,0,0],[1,0,0],[0,1,0],[19,24,193]]
[[0,0,0],[1,0,0],[0,1,0],[19,45,193]]
[[0,0,0],[1,0,0],[0,1,0],[21,36,193]]
[[0,0,0],[1,0,0],[0,1,0],[3,75,193]]
[[0,0,0],[1,0,0],[0,1,0],[13,29,193]]
[[0,0,0],[1,0,0],[0,1,0],[24,64,193]]
[[0,0,0],[1,0,0],[0,1,0],[8,22,193]]
[[0,0,0],[1,0,0],[0,1,0],[32,167,193]]
[[0,0,0],[1,0,0],[0,1,0],[24,33,193]]
[[0,0,0],[1,0,0],[0,1,0],[13,24,193]]
[[0,0,0],[1,0,0],[0,1,0],[19,48,193]]
[[0,0,0],[1,0,0],[0,1,0],[26,51,193]]
[[0,0,0],[1,0,0],[0,1,0],[7,45,193]]
[[0,0,0],[1,0,0],[0,1,0],[3,20,193]]
[[0,0,0],[1,0,0],[0,1,0],[23,27,193]]
[[0,0,0],[1,0,0],[0,1,0],[19,21,193]]
[[0,0,0],[1,0,0],[0,1,0],[6,48,193]]
[[0,0,0],[1,0,0],[0,1,0],[25,173,193]]
[[0,0,0],[1,0,0],[0,1,0],[9,54,193]]
[[0,0,0],[1,0,0],[0,1,0],[16,51,193]]
[[0,0,0],[1,0,0],[0,1,0],[7,73,193]]
[[0,0,0],[1,0,0],[0,1,0],[2,34,193]]
[[0,0,0],[1,0,0],[0,1,0],[10,13,193]]
[[0,0,0],[1,0,0],[0,1,0],[26,80,193]]
[[0,0,0],[1,0,0],[0,1,0],[15,33,193]]
[[0,0,0],[1,0,0],[0,1,0],[19,75,193]]
[[0,0,0],[1,0,0],[0,1,0],[23,65,193]]
[[0,0,0],[1,0,0],[0,1,0],[3,36,193]]
[[0,0,0],[1,0,0],[0,1,0],[14,86,193]]
[[0,0,0],[1,0,0],[0,1,0],[2,5,193]]
[[0,0,0],[1,0,0],[0,1,0],[19,179,193]]
[[0,0,0],[1,0,0],[0,1,0],[21,173,193]]
[[0,0,0],[1,0,0],[0,1,0],[2,8,193]]
[[0,0,0],[1,0,0],[0,1,0],[6,188,193]]
[[0,0,0],[1,0,0],[0,1,0],[7,84,193]]
[[0,0,0],[1,0,0],[0,1,0],[18,40,193]]
[[0,0,0],[1,0,0],[0,1,0],[5,33,193]]
[[0,0,0],[1,0,0],[0,1,0],[6,71,193]]
[[0,0,0],[1,0,0],[0,1,0],[14,65,193]]
[[0,0,0],[1,0,0],[0,1,0],[26,34,193]]
[[0,0,0],[1,0,0],[0,1,0],[6,29,193]]
[[0,0,0],[1,0,0],[0,1,0],[18,52,193]]
[[0,0,0],[1,0,0],[0,1,0],[22,48,193]]
[[0,0,0],[1,0,0],[0,1,0],[7,190,193]]
[[0,0,0],[1,0,0],[0,1,0],[4,75,193]]
[[0,0,0],[1,0,0],[0,1,0],[4,36,193]]
[[0,0,0],[1,0,0],[0,1,0],[1,7,193]]
[[0,0,0],[1,0,0],[0,1,0],[12,41,193]]
[[0,0,0],[1,0,0],[0,1,0],[18,34,193]]
[[0,0,0],[1,0,0],[0,1,0],[23,81,193]]
[[0,0,0],[1,0,0],[0,1,0],[32,173,193]]
[[0,0,0],[1,0,0],[0,1,0],[7,35,193]]
[[0,0,0],[1,0,0],[0,1,0],[2,38,193]]
[[0,0,0],[1,0,0],[0,1,0],[4,20,193]]
[[0,0,0],[1,0,0],[0,1,0],[11,63,193]]
[[0,0,0],[1,0,0],[0,1,0],[8,52,193]]
[[0,0,0],[1,0,0],[0,1,0],[17,60,193]]
[[0,0,0],[1,0,0],[0,1,0],[7,51,193]]
[[0,0,0],[1,0,0],[0,1,0],[7,33,193]]
[[0,0,0],[1,0,0],[0,1,0],[32,81,193]]
[[0,0,0],[1,0,0],[0,1,0],[16,83,193]]
[[0,0,0],[1,0,0],[0,1,0],[27,180,193]]
[[0,0,0],[1,0,0],[0,1,0],[4,86,193]]
[[0,0,0],[1,0,0],[0,1,0],[36,172,193]]
[[0,0,0],[1,0,0],[0,1,0],[6,50,193]]
[[0,0,0],[1,0,0],[0,1,0],[6,81,193]]
[[0,0,0],[1,0,0],[0,1,0],[48,167,193]]
[[0,0,0],[1,0,0],[0,1,0],[6,8,193]]
[[0,0,0],[1,0,0],[0,1,0],[6,75,193]]
[[0,0,0],[1,0,0],[0,1,0],[21,83,193]]
[[0,0,0],[1,0,0],[0,1,0],[19,42,193]]
[[0,0,0],[1,0,0],[0,1,0],[8,65,193]]
[[0,0,0],[1,0,0],[0,1,0],[6,21,193]]
[[0,0,0],[1,0,0],[0,1,0],[7,85,193]]
[[0,0,0],[1,0,0],[0,1,0],[4,22,193]]
[[0,0,0],[1,0,0],[0,1,0],[2,47,193]]
[[0,0,0],[1,0,0],[0,1,0],[13,61,193]]
[[0,0,0],[1,0,0],[0,1,0],[24,70,193]]
[[0,0,0],[1,0,0],[0,1,0],[19,53,193]]
[[0,0,0],[1,0,0],[0,1,0],[15,22,193]]
[[0,0,0],[1,0,0],[0,1,0],[2,30,193]]
[[0,0,0],[1,0,0],[0,1,0],[8,30,193]]
[[0,0,0],[1,0,0],[0,1,0],[7,18,193]]
[[0,0,0],[1,0,0],[0,1,0],[7,88,193]]
[[0,0,0],[1,0,0],[0,1,0],[26,171,193]]
[[0,0,0],[1,0,0],[0,1,0],[2,66,193]]
[[0,0,0],[1,0,0],[0,1,0],[10,33,193]]
[[0,0,0],[1,0,0],[0,1,0],[7,82,193]]
[[0,0,0],[1,0,0],[0,1,0],[22,35,193]]
[[0,0,0],[1,0,0],[0,1,0],[25,35,193]]
[[0,0,0],[1,0,0],[0,1,0],[5,55,193]]
[[0,0,0],[1,0,0],[0,1,0],[5,64,193]]
[[0,0,0],[1,0,0],[0,1,0],[5,22,193]]
[[0,0,0],[1,0,0],[0,1,0],[9,44,193]]
[[0,0,0],[1,0,0],[0,1,0],[2,84,193]]
[[0,0,0],[1,0,0],[0,1,0],[4,46,193]]
[[0,0,0],[1,0,0],[0,1,0],[11,31,193]]
[[0,0,0],[1,0,0],[0,1,0],[4,84,193]]
[[0,0,0],[1,0,0],[0,1,0],[18,20,193]]
[[0,0,0],[1,0,0],[0,1,0],[28,71,193]]
[[0,0,0],[1,0,0],[0,1,0],[8,34,193]]
[[0,0,0],[1,0,0],[0,1,0],[5,75,193]]
[[0,0,0],[1,0,0],[0,1,0],[55,157,193]]
[[0,0,0],[1,0,0],[0,1,0],[36,71,193]]
[[0,0,0],[1,0,0],[0,1,0],[22,80,193]]
[[0,0,0],[1,0,0],[0,1,0],[8,27,193]]
[[0,0,0],[1,0,0],[0,1,0],[2,43,193]]
[[0,0,0],[1,0,0],[0,1,0],[18,88,193]]
[[0,0,0],[1,0,0],[0,1,0],[9,189,193]]
[[0,0,0],[1,0,0],[0,1,0],[10,36,193]]
[[0,0,0],[1,0,0],[0,1,0],[31,172,193]]
[[0,0,0],[1,0,0],[0,1,0],[11,188,193]]
[[0,0,0],[1,0,0],[0,1,0],[31,77,193]]
[[0,0,0],[1,0,0],[0,1,0],[45,66,193]]
[[0,0,0],[1,0,0],[0,1,0],[12,54,193]]
[[0,0,0],[1,0,0],[0,1,0],[8,13,193]]
[[0,0,0],[1,0,0],[0,1,0],[3,40,193]]
[[0,0,0],[1,0,0],[0,1,0],[8,31,193]]
[[0,0,0],[1,0,0],[0,1,0],[34,48,193]]
[[0,0,0],[1,0,0],[0,1,0],[22,70,193]]
[[0,0,0],[1,0,0],[0,1,0],[25,25,193]]
[[0,0,0],[1,0,0],[0,1,0],[3,43,193]]
[[0,0,0],[1,0,0],[0,1,0],[20,42,193]]
[[0,0,0],[1,0,0],[0,1,0],[18,32,193]]
[[0,0,0],[1,0,0],[0,1,0],[2,54,193]]
[[0,0,0],[1,0,0],[0,1,0],[33,53,193]]
[[0,0,0],[1,0,0],[0,1,0],[19,178,193]]
[[0,0,0],[1,0,0],[0,1,0],[20,87,193]]
[[0,0,0],[1,0,0],[0,1,0],[10,56,193]]
[[0,0,0],[1,0,0],[0,1,0],[71,123,193]]
[[0,0,0],[1,0,0],[0,1,0],[1,28,193]]
[[0,0,0],[1,0,0],[0,1,0],[30,173,193]]
[[0,0,0],[1,0,0],[0,1,0],[15,37,193]]
[[0,0,0],[1,0,0],[0,1,0],[11,19,193]]
[[0,0,0],[1,0,0],[0,1,0],[11,90,193]]
[[0,0,0],[1,0,0],[0,1,0],[18,68,193]]
[[0,0,0],[1,0,0],[0,1,0],[3,61,193]]
[[0,0,0],[1,0,0],[0,1,0],[16,45,193]]
[[0,0,0],[1,0,0],[0,1,0],[11,184,193]]
[[0,0,0],[1,0,0],[0,1,0],[18,61,193]]
[[0,0,0],[1,0,0],[0,1,0],[13,68,193]]
[[0,0,0],[1,0,0],[0,1,0],[14,78,193]]
[[0,0,0],[1,0,0],[0,1,0],[9,83,193]]
[[0,0,0],[1,0,0],[0,1,0],[12,50,193]]
[[0,0,0],[1,0,0],[0,1,0],[8,26,193]]
[[0,0,0],[1,0,0],[0,1,0],[14,184,193]]
[[0,0,0],[1,0,0],[0,1,0],[24,179,193]]
[[0,0,0],[1,0,0],[0,1,0],[6,70,193]]
[[0,0,0],[1,0,0],[0,1,0],[2,10,193]]
[[0,0,0],[1,0,0],[0,1,0],[3,31,193]]
[[0,0,0],[1,0,0],[0,1,0],[60,60,193]]
[[0,0,0],[1,0,0],[0,1,0],[72,141,193]]
[[0,0,0],[1,0,0],[0,1,0],[39,67,193]]
[[0,0,0],[1,0,0],[0,1,0],[2,45,193]]
[[0,0,0],[1,0,0],[0,1,0],[3,71,193]]
[[0,0,0],[1,0,0],[0,1,0],[4,95,193]]
[[0,0,0],[1,0,0],[0,1,0],[35,50,193]]
[[0,0,0],[1,0,0],[0,1,0],[6,36,193]]
[[0,0,0],[1,0,0],[0,1,0],[7,39,193]]
[[0,0,0],[1,0,0],[0,1,0],[13,39,193]]
[[0,0,0],[1,0,0],[0,1,0],[7,60,193]]
[[0,0,0],[1,0,0],[0,1,0],[2,35,193]]
[[0,0,0],[1,0,0],[0,1,0],[8,73,193]]
[[0,0,0],[1,0,0],[0,1,0],[4,25,193]]
[[0,0,0],[1,0,0],[0,1,0],[7,76,193]]
[[0,0,0],[1,0,0],[0,1,0],[5,83,193]]
[[0,0,0],[1,0,0],[0,1,0],[2,14,193]]
[[0,0,0],[1,0,0],[0,1,0],[9,52,193]]
[[0,0,0],[1,0,0],[0,1,0],[6,54,193]]
[[0,0,0],[1,0,0],[0,1,0],[1,21,193]]
[[0,0,0],[1,0,0],[0,1,0],[15,60,193]]
[[0,0,0],[1,0,0],[0,1,0],[10,10,193]]
[[0,0,0],[1,0,0],[0,1,0],[31,50,193]]
[[0,0,0],[1,0,0],[0,1,0],[11,81,193]]
[[0,0,0],[1,0,0],[0,1,0],[8,43,193]]
[[0,0,0],[1,0,0],[0,1,0],[15,45,193]]
[[0,0,0],[1,0,0],[0,1,0],[14,54,193]]
[[0,0,0],[1,0,0],[0,1,0],[63,151,193]]
[[0,0,0],[1,0,0],[0,1,0],[5,77,193]]
[[0,0,0],[1,0,0],[0,1,0],[11,32,193]]
[[0,0,0],[1,0,0],[0,1,0],[2,21,193]]
[[0,0,0],[1,0,0],[0,1,0],[12,75,193]]
[[0,0,0],[1,0,0],[0,1,0],[2,36,193]]
[[0,0,0],[1,0,0],[0,1,0],[16,24,193]]
[[0,0,0],[1,0,0],[0,1,0],[22,31,193]]
[[0,0,0],[1,0,0],[0,1,0],[38,165,193]]
[[0,0,0],[1,0,0],[0,1,0],[17,25,193]]
[[0,0,0],[1,0,0],[0,1,0],[12,40,193]]
[[0,0,0],[1,0,0],[0,1,0],[3,19,193]]
[[0,0,0],[1,0,0],[0,1,0],[7,43,193]]
[[0,0,0],[1,0,0],[0,1,0],[6,82,193]]
[[0,0,0],[1,0,0],[0,1,0],[6,32,193]]
[[0,0,0],[1,0,0],[0,1,0],[6,74,193]]
[[0,0,0],[1,0,0],[0,1,0],[41,153,193]]
[[0,0,0],[1,0,0],[0,1,0],[20,59,193]]
[[0,0,0],[1,0,0],[0,1,0],[16,64,193]]
[[0,0,0],[1,0,0],[0,1,0],[11,11,193]]
[[0,0,0],[1,0,0],[0,1,0],[4,83,193]]
[[0,0,0],[1,0,0],[0,1,0],[1,49,193]]
[[0,0,0],[1,0,0],[0,1,0],[6,69,193]]
[[0,0,0],[1,0,0],[0,1,0],[18,26,193]]
[[0,0,0],[1,0,0],[0,1,0],[18,74,193]]
[[0,0,0],[1,0,0],[0,1,0],[13,31,193]]
[[0,0,0],[1,0,0],[0,1,0],[23,44,193]]
[[0,0,0],[1,0,0],[0,1,0],[2,24,193]]
[[0,0,0],[1,0,0],[0,1,0],[7,28,193]]
[[0,0,0],[1,0,0],[0,1,0],[18,83,193]]
[[0,0,0],[1,0,0],[0,1,0],[5,45,193]]
[[0,0,0],[1,0,0],[0,1,0],[15,42,193]]
[[0,0,0],[1,0,0],[0,1,0],[30,80,193]]
[[0,0,0],[1,0,0],[0,1,0],[67,142,193]]
[[0,0,0],[1,0,0],[0,1,0],[6,39,193]]
[[0,0,0],[1,0,0],[0,1,0],[5,48,193]]
[[0,0,0],[1,0,0],[0,1,0],[12,23,193]]
[[0,0,0],[1,0,0],[0,1,0],[1,18,193]]
[[0,0,0],[1,0,0],[0,1,0],[15,25,193]]
[[0,0,0],[1,0,0],[0,1,0],[3,6,193]]
[[0,0,0],[1,0,0],[0,1,0],[2,91,193]]
[[0,0,0],[1,0,0],[0,1,0],[34,71,193]]
[[0,0,0],[1,0,0],[0,1,0],[36,64,193]]
[[0,0,0],[1,0,0],[0,1,0],[7,56,193]]
[[0,0,0],[1,0,0],[0,1,0],[31,72,193]]
[[0,0,0],[1,0,0],[0,1,0],[50,53,193]]
[[0,0,0],[1,0,0],[0,1,0],[14,60,193]]
[[0,0,0],[1,0,0],[0,1,0],[12,20,193]]
[[0,0,0],[1,0,0],[0,1,0],[22,178,193]]
[[0,0,0],[1,0,0],[0,1,0],[16,184,193]]
[[0,0,0],[1,0,0],[0,1,0],[11,69,193]]
[[0,0,0],[1,0,0],[0,1,0],[41,163,193]]
[[0,0,0],[1,0,0],[0,1,0],[31,78,193]]
[[0,0,0],[1,0,0],[0,1,0],[56,65,193]]
[[0,0,0],[1,0,0],[0,1,0],[5,54,193]]
[[0,0,0],[1,0,0],[0,1,0],[3,7,193]]
[[0,0,0],[1,0,0],[0,1,0],[19,31,193]]
[[0,0,0],[1,0,0],[0,1,0],[4,70,193]]
[[0,0,0],[1,0,0],[0,1,0],[11,15,193]]
[[0,0,0],[1,0,0],[0,1,0],[11,183,193]]
[[0,0,0],[1,0,0],[0,1,0],[3,73,193]]
[[0,0,0],[1,0,0],[0,1,0],[5,79,193]]
[[0,0,0],[1,0,0],[0,1,0],[12,39,193]]
[[0,0,0],[1,0,0],[0,1,0],[3,90,193]]
[[0,0,0],[1,0,0],[0,1,0],[7,14,193]]
[[0,0,0],[1,0,0],[0,1,0],[15,71,193]]
[[0,0,0],[1,0,0],[0,1,0],[33,165,193]]
[[0,0,0],[1,0,0],[0,1,0],[32,172,193]]
[[0,0,0],[1,0,0],[0,1,0],[22,32,193]]
[[0,0,0],[1,0,0],[0,1,0],[31,48,193]]
[[0,0,0],[1,0,0],[0,1,0],[33,68,193]]
[[0,0,0],[1,0,0],[0,1,0],[16,57,193]]
[[0,0,0],[1,0,0],[0,1,0],[6,61,193]]
[[0,0,0],[1,0,0],[0,1,0],[9,32,193]]
[[0,0,0],[1,0,0],[0,1,0],[10,184,193]]
[[0,0,0],[1,0,0],[0,1,0],[16,71,193]]
[[0,0,0],[1,0,0],[0,1,0],[2,32,193]]
[[0,0,0],[1,0,0],[0,1,0],[10,48,193]]
[[0,0,0],[1,0,0],[0,1,0],[10,77,193]]
[[0,0,0],[1,0,0],[0,1,0],[6,6,193]]
[[0,0,0],[1,0,0],[0,1,0],[18,57,193]]
[[0,0,0],[1,0,0],[0,1,0],[17,75,193]]
[[0,0,0],[1,0,0],[0,1,0],[3,45,193]]
[[0,0,0],[1,0,0],[0,1,0],[2,6,193]]
[[0,0,0],[1,0,0],[0,1,0],[8,12,193]]
[[0,0,0],[1,0,0],[0,1,0],[12,67,193]]
[[0,0,0],[1,0,0],[0,1,0],[5,43,193]]
[[0,0,0],[1,0,0],[0,1,0],[2,93,193]]
[[0,0,0],[1,0,0],[0,1,0],[47,47,193]]
[[0,0,0],[1,0,0],[0,1,0],[3,68,193]]
[[0,0,0],[1,0,0],[0,1,0],[27,76,193]]
[[0,0,0],[1,0,0],[0,1,0],[3,59,193]]
[[0,0,0],[1,0,0],[0,1,0],[7,21,193]]
[[0,0,0],[1,0,0],[0,1,0],[5,19,193]]
[[0,0,0],[1,0,0],[0,1,0],[18,59,193]]
[[0,0,0],[1,0,0],[0,1,0],[3,66,193]]
[[0,0,0],[1,0,0],[0,1,0],[19,34,193]]
[[0,0,0],[1,0,0],[0,1,0],[13,34,193]]
[[0,0,0],[1,0,0],[0,1,0],[33,63,193]]
[[0,0,0],[1,0,0],[0,1,0],[3,74,193]]
[[0,0,0],[1,0,0],[0,1,0],[32,71,193]]
[[0,0,0],[1,0,0],[0,1,0],[2,76,193]]
[[0,0,0],[1,0,0],[0,1,0],[18,53,193]]
[[0,0,0],[1,0,0],[0,1,0],[15,15,193]]
[[0,0,0],[1,0,0],[0,1,0],[7,69,193]]
[[0,0,0],[1,0,0],[0,1,0],[7,77,193]]
[[0,0,0],[1,0,0],[0,1,0],[3,8,193]]
[[0,0,0],[1,0,0],[0,1,0],[28,76,193]]
[[0,0,0],[1,0,0],[0,1,0],[7,25,193]]
[[0,0,0],[1,0,0],[0,1,0],[40,44,193]]
[[0,0,0],[1,0,0],[0,1,0],[32,80,193]]
[[0,0,0],[1,0,0],[0,1,0],[47,64,193]]
[[0,0,0],[1,0,0],[0,1,0],[20,175,193]]
[[0,0,0],[1,0,0],[0,1,0],[50,167,193]]
[[0,0,0],[1,0,0],[0,1,0],[41,41,193]]
[[0,0,0],[1,0,0],[0,1,0],[27,54,193]]
[[0,0,0],[1,0,0],[0,1,0],[9,85,193]]
[[0,0,0],[1,0,0],[0,1,0],[4,10,193]]
[[0,0,0],[1,0,0],[0,1,0],[13,16,193]]
[[0,0,0],[1,0,0],[0,1,0],[26,76,193]]
[[0,0,0],[1,0,0],[0,1,0],[50,67,193]]
[[0,0,0],[1,0,0],[0,1,0],[3,65,193]]
[[0,0,0],[1,0,0],[0,1,0],[17,70,193]]
[[0,0,0],[1,0,0],[0,1,0],[3,54,193]]
[[0,0,0],[1,0,0],[0,1,0],[34,65,193]]
[[0,0,0],[1,0,0],[0,1,0],[11,88,193]]
[[0,0,0],[1,0,0],[0,1,0],[25,70,193]]
[[0,0,0],[1,0,0],[0,1,0],[7,80,193]]
[[0,0,0],[1,0,0],[0,1,0],[38,57,193]]
[[0,0,0],[1,0,0],[0,1,0],[4,52,193]]
[[0,0,0],[1,0,0],[0,1,0],[3,63,193]]
[[0,0,0],[1,0,0],[0,1,0],[2,53,193]]
[[0,0,0],[1,0,0],[0,1,0],[16,30,193]]
[[0,0,0],[1,0,0],[0,1,0],[12,38,193]]
[[0,0,0],[1,0,0],[0,1,0],[22,36,193]]
[[0,0,0],[1,0,0],[0,1,0],[15,62,193]]
[[0,0,0],[1,0,0],[0,1,0],[7,9,193]]
[[0,0,0],[1,0,0],[0,1,0],[11,47,193]]
[[0,0,0],[1,0,0],[0,1,0],[8,67,193]]
[[0,0,0],[1,0,0],[0,1,0],[20,64,193]]
[[0,0,0],[1,0,0],[0,1,0],[10,85,193]]
[[0,0,0],[1,0,0],[0,1,0],[10,50,193]]
[[0,0,0],[1,0,0],[0,1,0],[50,63,193]]
[[0,0,0],[1,0,0],[0,1,0],[8,45,193]]
[[0,0,0],[1,0,0],[0,1,0],[2,12,193]]
[[0,0,0],[1,0,0],[0,1,0],[19,51,193]]
[[0,0,0],[1,0,0],[0,1,0],[11,61,193]]
[[0,0,0],[1,0,0],[0,1,0],[31,62,193]]
[[0,0,0],[1,0,0],[0,1,0],[13,46,193]]
[[0,0,0],[1,0,0],[0,1,0],[25,27,193]]
[[0,0,0],[1,0,0],[0,1,0],[5,41,193]]
[[0,0,0],[1,0,0],[0,1,0],[8,71,193]]
[[0,0,0],[1,0,0],[0,1,0],[1,12,193]]
[[0,0,0],[1,0,0],[0,1,0],[6,73,193]]
[[0,0,0],[1,0,0],[0,1,0],[5,71,193]]
[[0,0,0],[1,0,0],[0,1,0],[11,52,193]]
[[0,0,0],[1,0,0],[0,1,0],[11,48,193]]
[[0,0,0],[1,0,0],[0,1,0],[35,63,193]]
[[0,0,0],[1,0,0],[0,1,0],[9,21,193]]
[[0,0,0],[1,0,0],[0,1,0],[19,54,193]]
[[0,0,0],[1,0,0],[0,1,0],[17,77,193]]
[[0,0,0],[1,0,0],[0,1,0],[21,174,193]]
[[0,0,0],[1,0,0],[0,1,0],[6,9,193]]
[[0,0,0],[1,0,0],[0,1,0],[2,73,193]]
[[0,0,0],[1,0,0],[0,1,0],[1,9,193]]
[[0,0,0],[1,0,0],[0,1,0],[39,155,193]]
[[0,0,0],[1,0,0],[0,1,0],[34,39,193]]
[[0,0,0],[1,0,0],[0,1,0],[9,41,193]]
[[0,0,0],[1,0,0],[0,1,0],[30,68,193]]
[[0,0,0],[1,0,0],[0,1,0],[5,49,193]]
[[0,0,0],[1,0,0],[0,1,0],[4,23,193]]
[[0,0,0],[1,0,0],[0,1,0],[14,38,193]]
[[0,0,0],[1,0,0],[0,1,0],[8,69,193]]
[[0,0,0],[1,0,0],[0,1,0],[21,77,193]]
[[0,0,0],[1,0,0],[0,1,0],[7,7,193]]
[[0,0,0],[1,0,0],[0,1,0],[23,39,193]]
[[0,0,0],[1,0,0],[0,1,0],[10,25,193]]
[[0,0,0],[1,0,0],[0,1,0],[9,17,193]]
[[0,0,0],[1,0,0],[0,1,0],[20,44,193]]
[[0,0,0],[1,0,0],[0,1,0],[26,70,193]]
[[0,0,0],[1,0,0],[0,1,0],[10,62,193]]
[[0,0,0],[1,0,0],[0,1,0],[32,60,193]]
[[0,0,0],[1,0,0],[0,1,0],[24,56,193]]
[[0,0,0],[1,0,0],[0,1,0],[8,82,193]]
[[0,0,0],[1,0,0],[0,1,0],[27,32,193]]
[[0,0,0],[1,0,0],[0,1,0],[25,77,193]]
[[0,0,0],[1,0,0],[0,1,0],[30,77,193]]
[[0,0,0],[1,0,0],[0,1,0],[4,44,193]]
[[0,0,0],[1,0,0],[0,1,0],[3,81,193]]
[[0,0,0],[1,0,0],[0,1,0],[9,187,193]]
[[0,0,0],[1,0,0],[0,1,0],[12,55,193]]
[[0,0,0],[1,0,0],[0,1,0],[18,41,193]]
[[0,0,0],[1,0,0],[0,1,0],[21,52,193]]
[[0,0,0],[1,0,0],[0,1,0],[12,56,193]]
[[0,0,0],[1,0,0],[0,1,0],[8,83,193]]
[[0,0,0],[1,0,0],[0,1,0],[30,175,193]]
[[0,0,0],[1,0,0],[0,1,0],[26,38,193]]
[[0,0,0],[1,0,0],[0,1,0],[4,14,193]]
[[0,0,0],[1,0,0],[0,1,0],[20,74,193]]
[[0,0,0],[1,0,0],[0,1,0],[9,25,193]]
[[0,0,0],[1,0,0],[0,1,0],[13,47,193]]
[[0,0,0],[1,0,0],[0,1,0],[28,45,193]]
[[0,0,0],[1,0,0],[0,1,0],[10,185,193]]
[[0,0,0],[1,0,0],[0,1,0],[49,147,193]]
[[0,0,0],[1,0,0],[0,1,0],[44,54,193]]
[[0,0,0],[1,0,0],[0,1,0],[31,41,193]]
[[0,0,0],[1,0,0],[0,1,0],[5,52,193]]
[[0,0,0],[1,0,0],[0,1,0],[10,44,193]]
[[0,0,0],[1,0,0],[0,1,0],[37,74,193]]
[[0,0,0],[1,0,0],[0,1,0],[2,60,193]]
[[0,0,0],[1,0,0],[0,1,0],[13,75,193]]
[[0,0,0],[1,0,0],[0,1,0],[86,123,193]]
[[0,0,0],[1,0,0],[0,1,0],[10,17,193]]
[[0,0,0],[1,0,0],[0,1,0],[57,151,193]]
[[0,0,0],[1,0,0],[0,1,0],[4,24,193]]
[[0,0,0],[1,0,0],[0,1,0],[26,54,193]]
[[0,0,0],[1,0,0],[0,1,0],[47,66,193]]
[[0,0,0],[1,0,0],[0,1,0],[10,63,193]]
[[0,0,0],[1,0,0],[0,1,0],[21,65,193]]
[[0,0,0],[1,0,0],[0,1,0],[67,160,193]]
[[0,0,0],[1,0,0],[0,1,0],[9,78,193]]
[[0,0,0],[1,0,0],[0,1,0],[21,175,193]]
[[0,0,0],[1,0,0],[0,1,0],[11,74,193]]
[[0,0,0],[1,0,0],[0,1,0],[21,21,193]]
[[0,0,0],[1,0,0],[0,1,0],[2,11,193]]
[[0,0,0],[1,0,0],[0,1,0],[8,81,193]]
[[0,0,0],[1,0,0],[0,1,0],[4,33,193]]
[[0,0,0],[1,0,0],[0,1,0],[8,80,193]]
[[0,0,0],[1,0,0],[0,1,0],[1,19,193]]
[[0,0,0],[1,0,0],[0,1,0],[31,40,193]]
[[0,0,0],[1,0,0],[0,1,0],[7,48,193]]
[[0,0,0],[1,0,0],[0,1,0],[2,25,193]]
[[0,0,0],[1,0,0],[0,1,0],[2,7,193]]
[[0,0,0],[1,0,0],[0,1,0],[4,59,193]]
[[0,0,0],[1,0,0],[0,1,0],[15,55,193]]
[[0,0,0],[1,0,0],[0,1,0],[5,58,193]]
[[0,0,0],[1,0,0],[0,1,0],[9,13,193]]
[[0,0,0],[1,0,0],[0,1,0],[5,28,193]]
[[0,0,0],[1,0,0],[0,1,0],[20,38,193]]
[[0,0,0],[1,0,0],[0,1,0],[5,53,193]]
[[0,0,0],[1,0,0],[0,1,0],[38,49,193]]
[[0,0,0],[1,0,0],[0,1,0],[9,27,193]]
[[0,0,0],[1,0,0],[0,1,0],[23,56,193]]
[[0,0,0],[1,0,0],[0,1,0],[20,62,193]]
[[0,0,0],[1,0,0],[0,1,0],[13,35,193]]
[[0,0,0],[1,0,0],[0,1,0],[3,89,193]]
[[0,0,0],[1,0,0],[0,1,0],[31,67,193]]
[[0,0,0],[1,0,0],[0,1,0],[5,21,193]]
[[0,0,0],[1,0,0],[0,1,0],[4,26,193]]
[[0,0,0],[1,0,0],[0,1,0],[24,65,193]]
[[0,0,0],[1,0,0],[0,1,0],[35,172,193]]
[[0,0,0],[1,0,0],[0,1,0],[11,87,193]]
[[0,0,0],[1,0,0],[0,1,0],[10,60,193]]
[[0,0,0],[1,0,0],[0,1,0],[38,156,193]]
[[0,0,0],[1,0,0],[0,1,0],[11,185,193]]
[[0,0,0],[1,0,0],[0,1,0],[9,70,193]]
[[0,0,0],[1,0,0],[0,1,0],[3,11,193]]
[[0,0,0],[1,0,0],[0,1,0],[17,71,193]]
[[0,0,0],[1,0,0],[0,1,0],[62,155,193]]
[[0,0,0],[1,0,0],[0,1,0],[21,84,193]]
[[0,0,0],[1,0,0],[0,1,0],[17,31,193]]
[[0,0,0],[1,0,0],[0,1,0],[1,1,193]]
[[0,0,0],[1,0,0],[0,1,0],[16,78,193]]
[[0,0,0],[1,0,0],[0,1,0],[9,53,193]]
[[0,0,0],[1,0,0],[0,1,0],[34,64,193]]
[[0,0,0],[1,0,0],[0,1,0],[27,168,193]]
[[0,0,0],[1,0,0],[0,1,0],[4,55,193]]
[[0,0,0],[1,0,0],[0,1,0],[12,88,193]]
[[0,0,0],[1,0,0],[0,1,0],[30,62,193]]
[[0,0,0],[1,0,0],[0,1,0],[5,81,193]]
[[0,0,0],[1,0,0],[0,1,0],[8,38,193]]
[[0,0,0],[1,0,0],[0,1,0],[19,76,193]]
[[0,0,0],[1,0,0],[0,1,0],[9,79,193]]
[[0,0,0],[1,0,0],[0,1,0],[5,65,193]]
[[0,0,0],[1,0,0],[0,1,0],[5,85,193]]
[[0,0,0],[1,0,0],[0,1,0],[32,45,193]]
[[0,0,0],[1,0,0],[0,1,0],[25,55,193]]
[[0,0,0],[1,0,0],[0,1,0],[5,12,193]]
[[0,0,0],[1,0,0],[0,1,0],[9,66,193]]
[[0,0,0],[1,0,0],[0,1,0],[16,85,193]]
[[0,0,0],[1,0,0],[0,1,0],[25,63,193]]
[[0,0,0],[1,0,0],[0,1,0],[2,56,193]]
[[0,0,0],[1,0,0],[0,1,0],[22,176,193]]
[[0,0,0],[1,0,0],[0,1,0],[44,70,193]]
[[0,0,0],[1,0,0],[0,1,0],[20,23,193]]
[[0,0,0],[1,0,0],[0,1,0],[8,74,193]]
[[0,0,0],[1,0,0],[0,1,0],[6,63,193]]
[[0,0,0],[1,0,0],[0,1,0],[6,80,193]]
[[0,0,0],[1,0,0],[0,1,0],[5,40,193]]
[[0,0,0],[1,0,0],[0,1,0],[2,19,193]]
[[0,0,0],[1,0,0],[0,1,0],[8,66,193]]
[[0,0,0],[1,0,0],[0,1,0],[8,35,193]]
[[0,0,0],[1,0,0],[0,1,0],[31,68,193]]
[[0,0,0],[1,0,0],[0,1,0],[21,56,193]]
[[0,0,0],[1,0,0],[0,1,0],[4,7,193]]
[[0,0,0],[1,0,0],[0,1,0],[14,69,193]]
[[0,0,0],[1,0,0],[0,1,0],[57,165,193]]
[[0,0,0],[1,0,0],[0,1,0],[75,133,193]]
[[0,0,0],[1,0,0],[0,1,0],[20,85,193]]
[[0,0,0],[1,0,0],[0,1,0],[45,151,193]]
[[0,0,0],[1,0,0],[0,1,0],[23,60,193]]
[[0,0,0],[1,0,0],[0,1,0],[5,86,193]]
[[0,0,0],[1,0,0],[0,1,0],[25,178,193]]
[[0,0,0],[1,0,0],[0,1,0],[24,35,193]]
[[0,0,0],[1,0,0],[0,1,0],[14,89,193]]
[[0,0,0],[1,0,0],[0,1,0],[8,85,193]]
[[0,0,0],[1,0,0],[0,1,0],[5,29,193]]
[[0,0,0],[1,0,0],[0,1,0],[5,76,193]]
[[0,0,0],[1,0,0],[0,1,0],[1,26,193]]
[[0,0,0],[1,0,0],[0,1,0],[20,35,193]]
[[0,0,0],[1,0,0],[0,1,0],[30,36,193]]
[[0,0,0],[1,0,0],[0,1,0],[3,192,193]]
[[0,0,0],[1,0,0],[0,1,0],[18,56,193]]
[[0,0,0],[1,0,0],[0,1,0],[4,87,193]]
[[0,0,0],[1,0,0],[0,1,0],[15,19,193]]
[[0,0,0],[1,0,0],[0,1,0],[3,37,193]]
[[0,0,0],[1,0,0],[0,1,0],[13,183,193]]
[[0,0,0],[1,0,0],[0,1,0],[9,74,193]]
[[0,0,0],[1,0,0],[0,1,0],[13,67,193]]
[[0,0,0],[1,0,0],[0,1,0],[13,81,193]]
[[0,0,0],[1,0,0],[0,1,0],[33,162,193]]
[[0,0,0],[1,0,0],[0,1,0],[5,189,193]]
[[0,0,0],[1,0,0],[0,1,0],[14,79,193]]
[[0,0,0],[1,0,0],[0,1,0],[14,59,193]]
[[0,0,0],[1,0,0],[0,1,0],[4,13,193]]
[[0,0,0],[1,0,0],[0,1,0],[16,72,193]]
[[0,0,0],[1,0,0],[0,1,0],[4,91,193]]
[[0,0,0],[1,0,0],[0,1,0],[17,185,193]]
[[0,0,0],[1,0,0],[0,1,0],[20,50,193]]
[[0,0,0],[1,0,0],[0,1,0],[4,58,193]]
[[0,0,0],[1,0,0],[0,1,0],[1,5,193]]
[[0,0,0],[1,0,0],[0,1,0],[28,83,193]]
[[0,0,0],[1,0,0],[0,1,0],[5,46,193]]
[[0,0,0],[1,0,0],[0,1,0],[4,37,193]]
[[0,0,0],[1,0,0],[0,1,0],[1,70,193]]
[[0,0,0],[1,0,0],[0,1,0],[13,86,193]]
[[0,0,0],[1,0,0],[0,1,0],[19,180,193]]
[[0,0,0],[1,0,0],[0,1,0],[5,8,193]]
[[0,0,0],[1,0,0],[0,1,0],[14,48,193]]
[[0,0,0],[1,0,0],[0,1,0],[4,56,193]]
[[0,0,0],[1,0,0],[0,1,0],[3,70,193]]
[[0,0,0],[1,0,0],[0,1,0],[33,174,193]]
[[0,0,0],[1,0,0],[0,1,0],[12,29,193]]
[[0,0,0],[1,0,0],[0,1,0],[21,183,193]]
[[0,0,0],[1,0,0],[0,1,0],[20,30,193]]
[[0,0,0],[1,0,0],[0,1,0],[7,78,193]]
[[0,0,0],[1,0,0],[0,1,0],[14,41,193]]
[[0,0,0],[1,0,0],[0,1,0],[4,32,193]]
[[0,0,0],[1,0,0],[0,1,0],[4,50,193]]
[[0,0,0],[1,0,0],[0,1,0],[7,79,193]]
[[0,0,0],[1,0,0],[0,1,0],[16,56,193]]
[[0,0,0],[1,0,0],[0,1,0],[21,178,193]]
[[0,0,0],[1,0,0],[0,1,0],[26,47,193]]
[[0,0,0],[1,0,0],[0,1,0],[20,78,193]]
[[0,0,0],[1,0,0],[0,1,0],[2,69,193]]
[[0,0,0],[1,0,0],[0,1,0],[2,13,193]]
[[0,0,0],[1,0,0],[0,1,0],[36,45,193]]
[[0,0,0],[1,0,0],[0,1,0],[18,86,193]]
[[0,0,0],[1,0,0],[0,1,0],[11,80,193]]
[[0,0,0],[1,0,0],[0,1,0],[7,189,193]]
[[0,0,0],[1,0,0],[0,1,0],[19,23,193]]
[[0,0,0],[1,0,0],[0,1,0],[23,82,193]]
[[0,0,0],[1,0,0],[0,1,0],[12,182,193]]
[[0,0,0],[1,0,0],[0,1,0],[14,82,193]]
[[0,0,0],[1,0,0],[0,1,0],[11,187,193]]
[[0,0,0],[1,0,0],[0,1,0],[12,26,193]]
[[0,0,0],[1,0,0],[0,1,0],[21,37,193]]
[[0,0,0],[1,0,0],[0,1,0],[3,47,193]]
[[0,0,0],[1,0,0],[0,1,0],[14,63,193]]
[[0,0,0],[1,0,0],[0,1,0],[14,28,193]]
[[0,0,0],[1,0,0],[0,1,0],[19,81,193]]
[[0,0,0],[1,0,0],[0,1,0],[7,27,193]]
[[0,0,0],[1,0,0],[0,1,0],[3,44,193]]
[[0,0,0],[1,0,0],[0,1,0],[73,150,193]]
[[0,0,0],[1,0,0],[0,1,0],[9,89,193]]
[[0,0,0],[1,0,0],[0,1,0],[6,88,193]]
[[0,0,0],[1,0,0],[0,1,0],[7,30,193]]
[[0,0,0],[1,0,0],[0,1,0],[4,17,193]]
[[0,0,0],[1,0,0],[0,1,0],[3,25,193]]
[[0,0,0],[1,0,0],[0,1,0],[8,87,193]]
[[0,0,0],[1,0,0],[0,1,0],[28,167,193]]
[[0,0,0],[1,0,0],[0,1,0],[38,171,193]]
[[0,0,0],[1,0,0],[0,1,0],[72,123,193]]
[[0,0,0],[1,0,0],[0,1,0],[11,35,193]]
[[0,0,0],[1,0,0],[0,1,0],[18,36,193]]
[[0,0,0],[1,0,0],[0,1,0],[12,183,193]]
[[0,0,0],[1,0,0],[0,1,0],[2,77,193]]
[[0,0,0],[1,0,0],[0,1,0],[14,75,193]]
[[0,0,0],[1,0,0],[0,1,0],[8,21,193]]
[[0,0,0],[1,0,0],[0,1,0],[5,80,193]]
[[0,0,0],[1,0,0],[0,1,0],[3,21,193]]
[[0,0,0],[1,0,0],[0,1,0],[7,17,193]]
[[0,0,0],[1,0,0],[0,1,0],[60,66,193]]
[[0,0,0],[1,0,0],[0,1,0],[5,90,193]]
[[0,0,0],[1,0,0],[0,1,0],[3,23,193]]
[[0,0,0],[1,0,0],[0,1,0],[9,87,193]]
[[0,0,0],[1,0,0],[0,1,0],[44,64,193]]
[[0,0,0],[1,0,0],[0,1,0],[10,18,193]]
[[0,0,0],[1,0,0],[0,1,0],[15,44,193]]
[[0,0,0],[1,0,0],[0,1,0],[4,79,193]]
[[0,0,0],[1,0,0],[0,1,0],[12,69,193]]
[[0,0,0],[1,0,0],[0,1,0],[4,41,193]]
[[0,0,0],[1,0,0],[0,1,0],[13,55,193]]
[[0,0,0],[1,0,0],[0,1,0],[4,43,193]]
[[0,0,0],[1,0,0],[0,1,0],[2,89,193]]
[[0,0,0],[1,0,0],[0,1,0],[22,51,193]]
[[0,0,0],[1,0,0],[0,1,0],[14,50,193]]
[[0,0,0],[1,0,0],[0,1,0],[16,23,193]]
[[0,0,0],[1,0,0],[0,1,0],[20,20,193]]
[[0,0,0],[1,0,0],[0,1,0],[20,24,193]]
[[0,0,0],[1,0,0],[0,1,0],[4,190,193]]
[[0,0,0],[1,0,0],[0,1,0],[27,44,193]]
[[0,0,0],[1,0,0],[0,1,0],[13,70,193]]
[[0,0,0],[1,0,0],[0,1,0],[2,2,193]]
[[0,0,0],[1,0,0],[0,1,0],[15,86,193]]
[[0,0,0],[1,0,0],[0,1,0],[3,42,193]]
[[0,0,0],[1,0,0],[0,1,0],[14,14,193]]
[[0,0,0],[1,0,0],[0,1,0],[21,79,193]]
[[0,0,0],[1,0,0],[0,1,0],[15,32,193]]
[[0,0,0],[1,0,0],[0,1,0],[33,33,193]]
[[0,0,0],[1,0,0],[0,1,0],[2,9,193]]
[[0,0,0],[1,0,0],[0,1,0],[15,59,193]]
[[0,0,0],[1,0,0],[0,1,0],[7,32,193]]
[[0,0,0],[1,0,0],[0,1,0],[33,37,193]]
[[0,0,0],[1,0,0],[0,1,0],[27,37,193]]
[[0,0,0],[1,0,0],[0,1,0],[13,186,193]]
[[0,0,0],[1,0,0],[0,1,0],[18,180,193]]
[[0,0,0],[1,0,0],[0,1,0],[8,53,193]]
[[0,0,0],[1,0,0],[0,1,0],[6,34,193]]
[[0,0,0],[1,0,0],[0,1,0],[5,5,193]]
[[0,0,0],[1,0,0],[0,1,0],[40,154,193]]
[[0,0,0],[1,0,0],[0,1,0],[37,63,193]]
[[0,0,0],[1,0,0],[0,1,0],[3,29,193]]
[[0,0,0],[1,0,0],[0,1,0],[23,77,193]]
[[0,0,0],[1,0,0],[0,1,0],[12,12,193]]
[[0,0,0],[1,0,0],[0,1,0],[19,184,193]]
[[0,0,0],[1,0,0],[0,1,0],[5,93,193]]
[[0,0,0],[1,0,0],[0,1,0],[9,20,193]]
[[0,0,0],[1,0,0],[0,1,0],[25,73,193]]
[[0,0,0],[1,0,0],[0,1,0],[2,86,193]]
[[0,0,0],[1,0,0],[0,1,0],[2,71,193]]
[[0,0,0],[1,0,0],[0,1,0],[10,65,193]]
[[0,0,0],[1,0,0],[0,1,0],[18,22,193]]
[[0,0,0],[1,0,0],[0,1,0],[9,15,193]]
[[0,0,0],[1,0,0],[0,1,0],[19,47,193]]
[[0,0,0],[1,0,0],[0,1,0],[9,31,193]]
[[0,0,0],[1,0,0],[0,1,0],[24,40,193]]
[[0,0,0],[1,0,0],[0,1,0],[2,3,193]]
[[0,0,0],[1,0,0],[0,1,0],[14,24,193]]
[[0,0,0],[1,0,0],[0,1,0],[26,41,193]]
[[0,0,0],[1,0,0],[0,1,0],[11,25,193]]
[[0,0,0],[1,0,0],[0,1,0],[32,176,193]]
[[0,0,0],[1,0,0],[0,1,0],[19,65,193]]
[[0,0,0],[1,0,0],[0,1,0],[18,176,193]]
[[0,0,0],[1,0,0],[0,1,0],[11,20,193]]
[[0,0,0],[1,0,0],[0,1,0],[4,68,193]]
[[0,0,0],[1,0,0],[0,1,0],[6,85,193]]
[[0,0,0],[1,0,0],[0,1,0],[7,12,193]]
[[0,0,0],[1,0,0],[0,1,0],[25,59,193]]
[[0,0,0],[1,0,0],[0,1,0],[10,70,193]]
[[0,0,0],[1,0,0],[0,1,0],[4,73,193]]
[[0,0,0],[1,0,0],[0,1,0],[16,34,193]]
[[0,0,0],[1,0,0],[0,1,0],[5,24,193]]
[[0,0,0],[1,0,0],[0,1,0],[13,82,193]]
[[0,0,0],[1,0,0],[0,1,0],[3,53,193]]
[[0,0,0],[1,0,0],[0,1,0],[23,40,193]]
[[0,0,0],[1,0,0],[0,1,0],[16,28,193]]
[[0,0,0],[1,0,0],[0,1,0],[7,54,193]]
[[0,0,0],[1,0,0],[0,1,0],[32,48,193]]
[[0,0,0],[1,0,0],[0,1,0],[4,89,193]]
[[0,0,0],[1,0,0],[0,1,0],[14,72,193]]
[[0,0,0],[1,0,0],[0,1,0],[5,38,193]]
[[0,0,0],[1,0,0],[0,1,0],[3,76,193]]
[[0,0,0],[1,0,0],[0,1,0],[45,73,193]]
[[0,0,0],[1,0,0],[0,1,0],[27,45,193]]
[[0,0,0],[1,0,0],[0,1,0],[6,57,193]]
[[0,0,0],[1,0,0],[0,1,0],[68,126,193]]
[[0,0,0],[1,0,0],[0,1,0],[31,167,193]]
[[0,0,0],[1,0,0],[0,1,0],[16,61,193]]
[[0,0,0],[1,0,0],[0,1,0],[3,46,193]]
[[0,0,0],[1,0,0],[0,1,0],[13,44,193]]
[[0,0,0],[1,0,0],[0,1,0],[3,69,193]]
[[0,0,0],[1,0,0],[0,1,0],[18,82,193]]
[[0,0,0],[1,0,0],[0,1,0],[18,39,193]]
[[0,0,0],[1,0,0],[0,1,0],[6,41,193]]
[[0,0,0],[1,0,0],[0,1,0],[34,60,193]]
[[0,0,0],[1,0,0],[0,1,0],[2,46,193]]
[[0,0,0],[1,0,0],[0,1,0],[45,170,193]]
[[0,0,0],[1,0,0],[0,1,0],[22,73,193]]
[[0,0,0],[1,0,0],[0,1,0],[2,41,193]]
[[0,0,0],[1,0,0],[0,1,0],[7,57,193]]
[[0,0,0],[1,0,0],[0,1,0],[20,54,193]]
[[0,0,0],[1,0,0],[0,1,0],[5,15,193]]
[[0,0,0],[1,0,0],[0,1,0],[3,49,193]]
[[0,0,0],[1,0,0],[0,1,0],[8,72,193]]
[[0,0,0],[1,0,0],[0,1,0],[6,52,193]]
[[0,0,0],[1,0,0],[0,1,0],[5,30,193]]
[[0,0,0],[1,0,0],[0,1,0],[8,56,193]]
[[0,0,0],[1,0,0],[0,1,0],[9,43,193]]
[[0,0,0],[1,0,0],[0,1,0],[2,44,193]]
[[0,0,0],[1,0,0],[0,1,0],[45,67,193]]
[[0,0,0],[1,0,0],[0,1,0],[2,75,193]]
[[0,0,0],[1,0,0],[0,1,0],[6,35,193]]
[[0,0,0],[1,0,0],[0,1,0],[10,38,193]]
[[0,0,0],[1,0,0],[0,1,0],[8,29,193]]
[[0,0,0],[1,0,0],[0,1,0],[9,49,193]]
[[0,0,0],[1,0,0],[0,1,0],[2,62,193]]
[[0,0,0],[1,0,0],[0,1,0],[2,63,193]]
[[0,0,0],[1,0,0],[0,1,0],[11,50,193]]
[[0,0,0],[1,0,0],[0,1,0],[5,66,193]]
[[0,0,0],[1,0,0],[0,1,0],[1,71,193]]
[[0,0,0],[1,0,0],[0,1,0],[4,42,193]]
[[0,0,0],[1,0,0],[0,1,0],[21,24,193]]
[[0,0,0],[1,0,0],[0,1,0],[13,80,193]]
[[0,0,0],[1,0,0],[0,1,0],[19,175,193]]
[[0,0,0],[1,0,0],[0,1,0],[7,46,193]]
[[0,0,0],[1,0,0],[0,1,0],[24,31,193]]
[[0,0,0],[1,0,0],[0,1,0],[12,22,193]]
[[0,0,0],[1,0,0],[0,1,0],[16,47,193]]
[[0,0,0],[1,0,0],[0,1,0],[2,26,193]]
[[0,0,0],[1,0,0],[0,1,0],[4,48,193]]
[[0,0,0],[1,0,0],[0,1,0],[1,67,193]]
[[0,0,0],[1,0,0],[0,1,0],[15,64,193]]
[[0,0,0],[1,0,0],[0,1,0],[15,72,193]]
[[0,0,0],[1,0,0],[0,1,0],[2,37,193]]
[[0,0,0],[1,0,0],[0,1,0],[6,65,193]]
[[0,0,0],[1,0,0],[0,1,0],[27,56,193]]
[[0,0,0],[1,0,0],[0,1,0],[16,18,193]]
[[0,0,0],[1,0,0],[0,1,0],[6,53,193]]
[[0,0,0],[1,0,0],[0,1,0],[5,56,193]]
[[0,0,0],[1,0,0],[0,1,0],[7,52,193]]
[[0,0,0],[1,0,0],[0,1,0],[9,50,193]]
[[0,0,0],[1,0,0],[0,1,0],[27,41,193]]
[[0,0,0],[1,0,0],[0,1,0],[12,72,193]]
[[0,0,0],[1,0,0],[0,1,0],[6,12,193]]
[[0,0,0],[1,0,0],[0,1,0],[19,26,193]]
[[0,0,0],[1,0,0],[0,1,0],[9,75,193]]
[[0,0,0],[1,0,0],[0,1,0],[18,66,193]]
[[0,0,0],[1,0,0],[0,1,0],[4,4,193]]
[[0,0,0],[1,0,0],[0,1,0],[40,72,193]]
[[0,0,0],[1,0,0],[0,1,0],[11,62,193]]
[[0,0,0],[1,0,0],[0,1,0],[2,39,193]]
[[0,0,0],[1,0,0],[0,1,0],[16,86,193]]
[[0,0,0],[1,0,0],[0,1,0],[6,18,193]]
[[0,0,0],[1,0,0],[0,1,0],[3,85,193]]
[[0,0,0],[1,0,0],[0,1,0],[8,62,193]]
[[0,0,0],[1,0,0],[0,1,0],[8,68,193]]
[[0,0,0],[1,0,0],[0,1,0],[1,17,193]]
[[0,0,0],[1,0,0],[0,1,0],[10,26,193]]
[[0,0,0],[1,0,0],[0,1,0],[44,151,193]]
[[0,0,0],[1,0,0],[0,1,0],[10,40,193]]
[[0,0,0],[1,0,0],[0,1,0],[11,36,193]]
[[0,0,0],[1,0,0],[0,1,0],[3,34,193]]
[[0,0,0],[1,0,0],[0,1,0],[41,57,193]]
[[0,0,0],[1,0,0],[0,1,0],[10,64,193]]
[[0,0,0],[1,0,0],[0,1,0],[15,24,193]]
[[0,0,0],[1,0,0],[0,1,0],[34,74,193]]
[[0,0,0],[1,0,0],[0,1,0],[11,53,193]]
[[0,0,0],[1,0,0],[0,1,0],[13,78,193]]
[[0,0,0],[1,0,0],[0,1,0],[6,79,193]]
[[0,0,0],[1,0,0],[0,1,0],[19,182,193]]
[[0,0,0],[1,0,0],[0,1,0],[21,179,193]]
[[0,0,0],[1,0,0],[0,1,0],[5,34,193]]
[[0,0,0],[1,0,0],[0,1,0],[40,155,193]]
[[0,0,0],[1,0,0],[0,1,0],[1,51,193]]
[[0,0,0],[1,0,0],[0,1,0],[3,33,193]]
[[0,0,0],[1,0,0],[0,1,0],[7,188,193]]
[[0,0,0],[1,0,0],[0,1,0],[2,22,193]]
[[0,0,0],[1,0,0],[0,1,0],[5,61,193]]
[[0,0,0],[1,0,0],[0,1,0],[24,38,193]]
[[0,0,0],[1,0,0],[0,1,0],[17,83,193]]
[[0,0,0],[1,0,0],[0,1,0],[5,72,193]]
[[0,0,0],[1,0,0],[0,1,0],[39,55,193]]
[[0,0,0],[1,0,0],[0,1,0],[6,92,193]]
[[0,0,0],[1,0,0],[0,1,0],[3,87,193]]
[[0,0,0],[1,0,0],[0,1,0],[12,27,193]]
[[0,0,0],[1,0,0],[0,1,0],[32,47,193]]
[[0,0,0],[1,0,0],[0,1,0],[13,26,193]]
[[0,0,0],[1,0,0],[0,1,0],[22,175,193]]
[[0,0,0],[1,0,0],[0,1,0],[6,77,193]]
[[0,0,0],[1,0,0],[0,1,0],[21,49,193]]
[[0,0,0],[1,0,0],[0,1,0],[11,68,193]]
[[0,0,0],[1,0,0],[0,1,0],[17,64,193]]
[[0,0,0],[1,0,0],[0,1,0],[14,90,193]]
[[0,0,0],[1,0,0],[0,1,0],[3,55,193]]
[[0,0,0],[1,0,0],[0,1,0],[16,29,193]]
[[0,0,0],[1,0,0],[0,1,0],[57,157,193]]
[[0,0,0],[1,0,0],[0,1,0],[15,39,193]]
[[0,0,0],[1,0,0],[0,1,0],[16,53,193]]
[[0,0,0],[1,0,0],[0,1,0],[4,77,193]]
[[0,0,0],[1,0,0],[0,1,0],[12,52,193]]
[[0,0,0],[1,0,0],[0,1,0],[25,37,193]]
[[0,0,0],[1,0,0],[0,1,0],[6,38,193]]
[[0,0,0],[1,0,0],[0,1,0],[16,36,193]]
[[0,0,0],[1,0,0],[0,1,0],[2,40,193]]
[[0,0,0],[1,0,0],[0,1,0],[31,178,193]]
[[0,0,0],[1,0,0],[0,1,0],[26,67,193]]
[[0,0,0],[1,0,0],[0,1,0],[40,167,193]]
[[0,0,0],[1,0,0],[0,1,0],[73,122,193]]
[[0,0,0],[1,0,0],[0,1,0],[21,68,193]]
[[0,0,0],[1,0,0],[0,1,0],[28,67,193]]
[[0,0,0],[1,0,0],[0,1,0],[6,17,193]]
[[0,0,0],[1,0,0],[0,1,0],[21,48,193]]
[[0,0,0],[1,0,0],[0,1,0],[40,65,193]]
[[0,0,0],[1,0,0],[0,1,0],[7,64,193]]
[[0,0,0],[1,0,0],[0,1,0],[6,78,193]]
[[0,0,0],[1,0,0],[0,1,0],[2,50,193]]
[[0,0,0],[1,0,0],[0,1,0],[24,45,193]]
[[0,0,0],[1,0,0],[0,1,0],[5,23,193]]
[[0,0,0],[1,0,0],[0,1,0],[15,68,193]]
[[0,0,0],[1,0,0],[0,1,0],[9,14,193]]
[[0,0,0],[1,0,0],[0,1,0],[16,27,193]]
[[0,0,0],[1,0,0],[0,1,0],[11,27,193]]
[[0,0,0],[1,0,0],[0,1,0],[10,89,193]]
[[0,0,0],[1,0,0],[0,1,0],[5,87,193]]
[[0,0,0],[1,0,0],[0,1,0],[7,41,193]]
[[0,0,0],[1,0,0],[0,1,0],[4,53,193]]
[[0,0,0],[1,0,0],[0,1,0],[8,79,193]]
[[0,0,0],[1,0,0],[0,1,0],[93,102,193]]
[[0,0,0],[1,0,0],[0,1,0],[49,70,193]]
[[0,0,0],[1,0,0],[0,1,0],[38,54,193]]
[[0,0,0],[1,0,0],[0,1,0],[4,21,193]]
[[0,0,0],[1,0,0],[0,1,0],[2,52,193]]
[[0,0,0],[1,0,0],[0,1,0],[30,44,193]]
[[0,0,0],[1,0,0],[0,1,0],[28,36,193]]
[[0,0,0],[1,0,0],[0,1,0],[10,49,193]]
[[0,0,0],[1,0,0],[0,1,0],[11,16,193]]
[[0,0,0],[1,0,0],[0,1,0],[3,39,193]]
[[0,0,0],[1,0,0],[0,1,0],[24,78,193]]
[[0,0,0],[1,0,0],[0,1,0],[31,170,193]]
[[0,0,0],[1,0,0],[0,1,0],[5,9,193]]
[[0,0,0],[1,0,0],[0,1,0],[14,52,193]]
[[0,0,0],[1,0,0],[0,1,0],[3,41,193]]
[[0,0,0],[1,0,0],[0,1,0],[13,184,193]]
[[0,0,0],[1,0,0],[0,1,0],[10,67,193]]
[[0,0,0],[1,0,0],[0,1,0],[7,13,193]]
[[0,0,0],[1,0,0],[0,1,0],[11,79,193]]
[[0,0,0],[1,0,0],[0,1,0],[11,73,193]]
[[0,0,0],[1,0,0],[0,1,0],[22,84,193]]
[[0,0,0],[1,0,0],[0,1,0],[10,28,193]]
[[0,0,0],[1,0,0],[0,1,0],[3,28,193]]
[[0,0,0],[1,0,0],[0,1,0],[8,61,193]]
[[0,0,0],[1,0,0],[0,1,0],[22,86,193]]
[[0,0,0],[1,0,0],[0,1,0],[16,48,193]]
[[0,0,0],[1,0,0],[0,1,0],[35,59,193]]
[[0,0,0],[1,0,0],[0,1,0],[1,11,193]]
[[0,0,0],[1,0,0],[0,1,0],[11,39,193]]
[[0,0,0],[1,0,0],[0,1,0],[1,6,193]]
[[0,0,0],[1,0,0],[0,1,0],[17,28,193]]
[[0,0,0],[1,0,0],[0,1,0],[2,17,193]]
[[0,0,0],[1,0,0],[0,1,0],[5,36,193]]
[[0,0,0],[1,0,0],[0,1,0],[36,74,193]]
[[0,0,0],[1,0,0],[0,1,0],[11,17,193]]
[[0,0,0],[1,0,0],[0,1,0],[37,71,193]]
[[0,0,0],[1,0,0],[0,1,0],[15,36,193]]
[[0,0,0],[1,0,0],[0,1,0],[19,25,193]]
[[0,0,0],[1,0,0],[0,1,0],[4,49,193]]
[[0,0,0],[1,0,0],[0,1,0],[7,20,193]]
[[0,0,0],[1,0,0],[0,1,0],[25,80,193]]
[[0,0,0],[1,0,0],[0,1,0],[16,179,193]]
[[0,0,0],[1,0,0],[0,1,0],[24,57,193]]
[[0,0,0],[1,0,0],[0,1,0],[18,65,193]]
[[0,0,0],[1,0,0],[0,1,0],[63,141,193]]
[[0,0,0],[1,0,0],[0,1,0],[2,31,193]]
[[0,0,0],[1,0,0],[0,1,0],[3,35,193]]
[[0,0,0],[1,0,0],[0,1,0],[9,186,193]]
[[0,0,0],[1,0,0],[0,1,0],[18,75,193]]
[[0,0,0],[1,0,0],[0,1,0],[37,166,193]]
[[0,0,0],[1,0,0],[0,1,0],[9,51,193]]
[[0,0,0],[1,0,0],[0,1,0],[21,34,193]]
[[0,0,0],[1,0,0],[0,1,0],[7,38,193]]
[[0,0,0],[1,0,0],[0,1,0],[13,42,193]]
[[0,0,0],[1,0,0],[0,1,0],[82,133,193]]
[[0,0,0],[1,0,0],[0,1,0],[12,62,193]]
[[0,0,0],[1,0,0],[0,1,0],[8,92,193]]
[[0,0,0],[1,0,0],[0,1,0],[19,52,193]]
[[0,0,0],[1,0,0],[0,1,0],[8,58,193]]
[[0,0,0],[1,0,0],[0,1,0],[17,27,193]]
[[0,0,0],[1,0,0],[0,1,0],[44,157,193]]
[[0,0,0],[1,0,0],[0,1,0],[26,75,193]]
[[0,0,0],[1,0,0],[0,1,0],[9,35,193]]
[[0,0,0],[1,0,0],[0,1,0],[5,69,193]]
[[0,0,0],[1,0,0],[0,1,0],[37,62,193]]
[[0,0,0],[1,0,0],[0,1,0],[18,50,193]]
[[0,0,0],[1,0,0],[0,1,0],[1,22,193]]
[[0,0,0],[1,0,0],[0,1,0],[3,77,193]]
[[0,0,0],[1,0,0],[0,1,0],[13,71,193]]
[[0,0,0],[1,0,0],[0,1,0],[22,42,193]]
[[0,0,0],[1,0,0],[0,1,0],[15,179,193]]
[[0,0,0],[1,0,0],[0,1,0],[25,74,193]]
[[0,0,0],[1,0,0],[0,1,0],[22,77,193]]
[[0,0,0],[1,0,0],[0,1,0],[8,75,193]]
[[0,0,0],[1,0,0],[0,1,0],[22,62,193]]
[[0,0,0],[1,0,0],[0,1,0],[31,164,193]]
[[0,0,0],[1,0,0],[0,1,0],[17,42,193]]
[[0,0,0],[1,0,0],[0,1,0],[4,94,193]]
[[0,0,0],[1,0,0],[0,1,0],[14,66,193]]
[[0,0,0],[1,0,0],[0,1,0],[15,20,193]]
[[0,0,0],[1,0,0],[0,1,0],[16,41,193]]
[[0,0,0],[1,0,0],[0,1,0],[12,18,193]]
[[0,0,0],[1,0,0],[0,1,0],[7,92,193]]
[[0,0,0],[1,0,0],[0,1,0],[28,51,193]]
[[0,0,0],[1,0,0],[0,1,0],[11,59,193]]
[[0,0,0],[1,0,0],[0,1,0],[7,23,193]]
[[0,0,0],[1,0,0],[0,1,0],[8,78,193]]
[[0,0,0],[1,0,0],[0,1,0],[8,16,193]]
[[0,0,0],[1,0,0],[0,1,0],[9,91,193]]
[[0,0,0],[1,0,0],[0,1,0],[27,172,193]]
[[0,0,0],[1,0,0],[0,1,0],[23,182,193]]
[[0,0,0],[1,0,0],[0,1,0],[32,49,193]]
[[0,0,0],[1,0,0],[0,1,0],[8,187,193]]
[[0,0,0],[1,0,0],[0,1,0],[27,71,193]]
[[0,0,0],[1,0,0],[0,1,0],[6,68,193]]
[[0,0,0],[1,0,0],[0,1,0],[17,84,193]]
[[0,0,0],[1,0,0],[0,1,0],[11,57,193]]
[[0,0,0],[1,0,0],[0,1,0],[2,88,193]]
[[0,0,0],[1,0,0],[0,1,0],[2,59,193]]
[[0,0,0],[1,0,0],[0,1,0],[33,175,193]]
[[0,0,0],[1,0,0],[0,1,0],[31,37,193]]
[[0,0,0],[1,0,0],[0,1,0],[1,81,193]]
[[0,0,0],[1,0,0],[0,1,0],[3,48,193]]
[[0,0,0],[1,0,0],[0,1,0],[4,11,193]]
[[0,0,0],[1,0,0],[0,1,0],[1,65,193]]
[[0,0,0],[1,0,0],[0,1,0],[4,15,193]]
[[0,0,0],[1,0,0],[0,1,0],[20,57,193]]
[[0,0,0],[1,0,0],[0,1,0],[31,168,193]]
[[0,0,0],[1,0,0],[0,1,0],[9,68,193]]
[[0,0,0],[1,0,0],[0,1,0],[11,85,193]]
[[0,0,0],[1,0,0],[0,1,0],[56,160,193]]
[[0,0,0],[1,0,0],[0,1,0],[8,51,193]]
[[0,0,0],[1,0,0],[0,1,0],[39,174,193]]
[[0,0,0],[1,0,0],[0,1,0],[7,187,193]]
[[0,0,0],[1,0,0],[0,1,0],[23,63,193]]
[[0,0,0],[1,0,0],[0,1,0],[30,34,193]]
[[0,0,0],[1,0,0],[0,1,0],[13,13,193]]
[[0,0,0],[1,0,0],[0,1,0],[8,88,193]]
[[0,0,0],[1,0,0],[0,1,0],[12,57,193]]
[[0,0,0],[1,0,0],[0,1,0],[1,27,193]]
[[0,0,0],[1,0,0],[0,1,0],[49,49,193]]
[[0,0,0],[1,0,0],[0,1,0],[22,59,193]]
[[0,0,0],[1,0,0],[0,1,0],[15,180,193]]
[[0,0,0],[1,0,0],[0,1,0],[6,46,193]]
[[0,0,0],[1,0,0],[0,1,0],[6,28,193]]
[[0,0,0],[1,0,0],[0,1,0],[12,70,193]]
[[0,0,0],[1,0,0],[0,1,0],[23,25,193]]
[[0,0,0],[1,0,0],[0,1,0],[25,60,193]]
[[0,0,0],[1,0,0],[0,1,0],[20,182,193]]
[[0,0,0],[1,0,0],[0,1,0],[4,76,193]]
[[0,0,0],[1,0,0],[0,1,0],[11,13,193]]
[[0,0,0],[1,0,0],[0,1,0],[21,53,193]]
[[0,0,0],[1,0,0],[0,1,0],[27,50,193]]
[[0,0,0],[1,0,0],[0,1,0],[22,63,193]]
[[0,0,0],[1,0,0],[0,1,0],[4,57,193]]
[[0,0,0],[1,0,0],[0,1,0],[8,91,193]]
[[0,0,0],[1,0,0],[0,1,0],[8,32,193]]
[[0,0,0],[1,0,0],[0,1,0],[20,180,193]]
[[0,0,0],[1,0,0],[0,1,0],[23,45,193]]
[[0,0,0],[1,0,0],[0,1,0],[14,46,193]]
[[0,0,0],[1,0,0],[0,1,0],[18,77,193]]
[[0,0,0],[1,0,0],[0,1,0],[5,51,193]]
[[0,0,0],[1,0,0],[0,1,0],[5,20,193]]
[[0,0,0],[1,0,0],[0,1,0],[10,42,193]]
[[0,0,0],[1,0,0],[0,1,0],[3,27,193]]
[[0,0,0],[1,0,0],[0,1,0],[28,77,193]]
[[0,0,0],[1,0,0],[0,1,0],[5,50,193]]
[[0,0,0],[1,0,0],[0,1,0],[23,37,193]]
[[0,0,0],[1,0,0],[0,1,0],[33,73,193]]
[[0,0,0],[1,0,0],[0,1,0],[7,19,193]]
[[0,0,0],[1,0,0],[0,1,0],[28,74,193]]
[[0,0,0],[1,0,0],[0,1,0],[38,157,193]]
[[0,0,0],[1,0,0],[0,1,0],[15,30,193]]
[[0,0,0],[1,0,0],[0,1,0],[11,60,193]]
[[0,0,0],[1,0,0],[0,1,0],[16,82,193]]
[[0,0,0],[1,0,0],[0,1,0],[21,33,193]]
[[0,0,0],[1,0,0],[0,1,0],[37,70,193]]
[[0,0,0],[1,0,0],[0,1,0],[9,34,193]]
[[0,0,0],[1,0,0],[0,1,0],[8,39,193]]
[[0,0,0],[1,0,0],[0,1,0],[2,29,193]]
[[0,0,0],[1,0,0],[0,1,0],[25,45,193]]
[[0,0,0],[1,0,0],[0,1,0],[4,28,193]]
[[0,0,0],[1,0,0],[0,1,0],[5,17,193]]
[[0,0,0],[1,0,0],[0,1,0],[19,176,193]]
[[0,0,0],[1,0,0],[0,1,0],[20,76,193]]
[[0,0,0],[1,0,0],[0,1,0],[8,42,193]]
[[0,0,0],[1,0,0],[0,1,0],[5,26,193]]
[[0,0,0],[1,0,0],[0,1,0],[35,163,193]]
[[0,0,0],[1,0,0],[0,1,0],[35,78,193]]
[[0,0,0],[1,0,0],[0,1,0],[34,50,193]]
[[0,0,0],[1,0,0],[0,1,0],[10,76,193]]
[[0,0,0],[1,0,0],[0,1,0],[47,165,193]]
[[0,0,0],[1,0,0],[0,1,0],[22,172,193]]
[[0,0,0],[1,0,0],[0,1,0],[11,55,193]]
[[0,0,0],[1,0,0],[0,1,0],[17,78,193]]
[[0,0,0],[1,0,0],[0,1,0],[40,67,193]]
[[0,0,0],[1,0,0],[0,1,0],[35,173,193]]
[[0,0,0],[1,0,0],[0,1,0],[5,37,193]]
[[0,0,0],[1,0,0],[0,1,0],[14,44,193]]
[[0,0,0],[1,0,0],[0,1,0],[2,72,193]]
[[0,0,0],[1,0,0],[0,1,0],[26,173,193]]
[[0,0,0],[1,0,0],[0,1,0],[12,89,193]]
[[0,0,0],[1,0,0],[0,1,0],[14,61,193]]
[[0,0,0],[1,0,0],[0,1,0],[4,40,193]]
[[0,0,0],[1,0,0],[0,1,0],[3,91,193]]
[[0,0,0],[1,0,0],[0,1,0],[26,73,193]]
[[0,0,0],[1,0,0],[0,1,0],[5,63,193]]
[[0,0,0],[1,0,0],[0,1,0],[17,59,193]]
[[0,0,0],[1,0,0],[0,1,0],[4,85,193]]
[[0,0,0],[1,0,0],[0,1,0],[22,85,193]]
[[0,0,0],[1,0,0],[0,1,0],[8,84,193]]
[[0,0,0],[1,0,0],[0,1,0],[3,30,193]]
[[0,0,0],[1,0,0],[0,1,0],[55,149,193]]
[[0,0,0],[1,0,0],[0,1,0],[6,60,193]]
[[0,0,0],[1,0,0],[0,1,0],[9,30,193]]
[[0,0,0],[1,0,0],[0,1,0],[1,31,193]]
[[0,0,0],[1,0,0],[0,1,0],[6,14,193]]
[[0,0,0],[1,0,0],[0,1,0],[12,84,193]]
[[0,0,0],[1,0,0],[0,1,0],[12,36,193]]
[[0,0,0],[1,0,0],[0,1,0],[24,30,193]]
[[0,0,0],[1,0,0],[0,1,0],[10,66,193]]
[[0,0,0],[1,0,0],[0,1,0],[7,65,193]]
[[0,0,0],[1,0,0],[0,1,0],[17,55,193]]
[[0,0,0],[1,0,0],[0,1,0],[7,61,193]]
[[0,0,0],[1,0,0],[0,1,0],[12,32,193]]
[[0,0,0],[1,0,0],[0,1,0],[28,39,193]]
[[0,0,0],[1,0,0],[0,1,0],[4,51,193]]
[[0,0,0],[1,0,0],[0,1,0],[11,42,193]]
[[0,0,0],[1,0,0],[0,1,0],[18,183,193]]
[[0,0,0],[1,0,0],[0,1,0],[44,74,193]]
[[0,0,0],[1,0,0],[0,1,0],[9,62,193]]
[[0,0,0],[1,0,0],[0,1,0],[8,18,193]]
[[0,0,0],[1,0,0],[0,1,0],[25,81,193]]
[[0,0,0],[1,0,0],[0,1,0],[9,9,193]]
[[0,0,0],[1,0,0],[0,1,0],[12,86,193]]
[[0,0,0],[1,0,0],[0,1,0],[55,66,193]]
[[0,0,0],[1,0,0],[0,1,0],[4,35,193]]
[[0,0,0],[1,0,0],[0,1,0],[13,72,193]]
[[0,0,0],[1,0,0],[0,1,0],[20,83,193]]
[[0,0,0],[1,0,0],[0,1,0],[12,31,193]]
[[0,0,0],[1,0,0],[0,1,0],[35,40,193]]
[[0,0,0],[1,0,0],[0,1,0],[22,76,193]]
[[0,0,0],[1,0,0],[0,1,0],[2,42,193]]
[[0,0,0],[1,0,0],[0,1,0],[55,153,193]]
[[0,0,0],[1,0,0],[0,1,0],[7,16,193]]
[[0,0,0],[1,0,0],[0,1,0],[16,19,193]]
[[0,0,0],[1,0,0],[0,1,0],[13,17,193]]
[[0,0,0],[1,0,0],[0,1,0],[9,63,193]]
[[0,0,0],[1,0,0],[0,1,0],[39,57,193]]
[[0,0,0],[1,0,0],[0,1,0],[30,40,193]]
[[0,0,0],[1,0,0],[0,1,0],[32,53,193]]
[[0,0,0],[1,0,0],[0,1,0],[17,65,193]]
[[0,0,0],[1,0,0],[0,1,0],[3,3,193]]
[[0,0,0],[1,0,0],[0,1,0],[7,24,193]]
[[0,0,0],[1,0,0],[0,1,0],[15,87,193]]
[[0,0,0],[1,0,0],[0,1,0],[17,17,193]]
[[0,0,0],[1,0,0],[0,1,0],[27,59,193]]
[[0,0,0],[1,0,0],[0,1,0],[6,37,193]]
[[0,0,0],[1,0,0],[0,1,0],[3,16,193]]
[[0,0,0],[1,0,0],[0,1,0],[5,82,193]]
[[0,0,0],[1,0,0],[0,1,0],[10,78,193]]
[[0,0,0],[1,0,0],[0,1,0],[11,21,193]]
[[0,0,0],[1,0,0],[0,1,0],[11,28,193]]
[[0,0,0],[1,0,0],[0,1,0],[33,163,193]]
[[0,0,0],[1,0,0],[0,1,0],[5,57,193]]
[[0,0,0],[1,0,0],[0,1,0],[39,170,193]]
[[0,0,0],[1,0,0],[0,1,0],[33,65,193]]
[[0,0,0],[1,0,0],[0,1,0],[51,51,193]]
[[0,0,0],[1,0,0],[0,1,0],[31,163,193]]
[[0,0,0],[1,0,0],[0,1,0],[2,74,193]]
[[0,0,0],[1,0,0],[0,1,0],[4,90,193]]
[[0,0,0],[1,0,0],[0,1,0],[4,78,193]]
[[0,0,0],[1,0,0],[0,1,0],[16,77,193]]
[[0,0,0],[1,0,0],[0,1,0],[32,77,193]]
[[0,0,0],[1,0,0],[0,1,0],[11,46,193]]
[[0,0,0],[1,0,0],[0,1,0],[28,30,193]]
[[0,0,0],[1,0,0],[0,1,0],[7,55,193]]
[[0,0,0],[1,0,0],[0,1,0],[15,57,193]]
[[0,0,0],[1,0,0],[0,1,0],[6,24,193]]
[[0,0,0],[1,0,0],[0,1,0],[30,165,193]]
[[0,0,0],[1,0,0],[0,1,0],[2,67,193]]
[[0,0,0],[1,0,0],[0,1,0],[5,190,193]]
[[0,0,0],[1,0,0],[0,1,0],[3,26,193]]
[[0,0,0],[1,0,0],[0,1,0],[9,60,193]]
[[0,0,0],[1,0,0],[0,1,0],[7,91,193]]
[[0,0,0],[1,0,0],[0,1,0],[13,88,193]]
[[0,0,0],[1,0,0],[0,1,0],[49,64,193]]
[[0,0,0],[1,0,0],[0,1,0],[10,74,193]]
[[0,0,0],[1,0,0],[0,1,0],[15,65,193]]
[[0,0,0],[1,0,0],[0,1,0],[14,36,193]]
[[0,0,0],[1,0,0],[0,1,0],[9,48,193]]
[[0,0,0],[1,0,0],[0,1,0],[11,76,193]]
[[0,0,0],[1,0,0],[0,1,0],[14,21,193]]
[[0,0,0],[1,0,0],[0,1,0],[23,76,193]]
[[0,0,0],[1,0,0],[0,1,0],[13,25,193]]
[[0,0,0],[1,0,0],[0,1,0],[41,60,193]]
[[0,0,0],[1,0,0],[0,1,0],[1,39,193]]
[[0,0,0],[1,0,0],[0,1,0],[6,16,193]]
[[0,0,0],[1,0,0],[0,1,0],[47,56,193]]
[[0,0,0],[1,0,0],[0,1,0],[1,14,193]]
[[0,0,0],[1,0,0],[0,1,0],[31,36,193]]
[[0,0,0],[1,0,0],[0,1,0],[19,73,193]]
[[0,0,0],[1,0,0],[0,1,0],[26,28,193]]
[[0,0,0],[1,0,0],[0,1,0],[32,51,193]]
[[0,0,0],[1,0,0],[0,1,0],[24,175,193]]
[[0,0,0],[1,0,0],[0,1,0],[10,32,193]]
[[0,0,0],[1,0,0],[0,1,0],[10,72,193]]
[[0,0,0],[1,0,0],[0,1,0],[17,51,193]]
[[0,0,0],[1,0,0],[0,1,0],[51,144,193]]
[[0,0,0],[1,0,0],[0,1,0],[22,25,193]]
[[0,0,0],[1,0,0],[0,1,0],[1,40,193]]
[[0,0,0],[1,0,0],[0,1,0],[37,65,193]]
[[0,0,0],[1,0,0],[0,1,0],[12,16,193]]
[[0,0,0],[1,0,0],[0,1,0],[12,91,193]]
[[0,0,0],[1,0,0],[0,1,0],[5,10,193]]
[[0,0,0],[1,0,0],[0,1,0],[12,77,193]]
[[0,0,0],[1,0,0],[0,1,0],[12,47,193]]
[[0,0,0],[1,0,0],[0,1,0],[16,46,193]]
[[0,0,0],[1,0,0],[0,1,0],[19,68,193]]
[[0,0,0],[1,0,0],[0,1,0],[3,12,193]]
[[0,0,0],[1,0,0],[0,1,0],[8,8,193]]
[[0,0,0],[1,0,0],[0,1,0],[5,88,193]]
[[0,0,0],[1,0,0],[0,1,0],[10,45,193]]
[[0,0,0],[1,0,0],[0,1,0],[10,82,193]]
[[0,0,0],[1,0,0],[0,1,0],[41,64,193]]
[[0,0,0],[1,0,0],[0,1,0],[45,171,193]]
[[0,0,0],[1,0,0],[0,1,0],[23,80,193]]
[[0,0,0],[1,0,0],[0,1,0],[3,88,193]]
[[0,0,0],[1,0,0],[0,1,0],[6,10,193]]
[[0,0,0],[1,0,0],[0,1,0],[16,88,193]]
[[0,0,0],[1,0,0],[0,1,0],[19,62,193]]
[[0,0,0],[1,0,0],[0,1,0],[3,22,193]]
[[0,0,0],[1,0,0],[0,1,0],[25,34,193]]
[[0,0,0],[1,0,0],[0,1,0],[10,24,193]]
[[0,0,0],[1,0,0],[0,1,0],[5,70,193]]
[[0,0,0],[1,0,0],[0,1,0],[13,49,193]]
[[0,0,0],[1,0,0],[0,1,0],[6,55,193]]
[[0,0,0],[1,0,0],[0,1,0],[26,84,193]]
[[0,0,0],[1,0,0],[0,1,0],[8,59,193]]
[[0,0,0],[1,0,0],[0,1,0],[30,66,193]]
[[0,0,0],[1,0,0],[0,1,0],[1,3,193]]
[[0,0,0],[1,0,0],[0,1,0],[4,60,193]]
[[0,0,0],[1,0,0],[0,1,0],[17,56,193]]
[[0,0,0],[1,0,0],[0,1,0],[27,30,193]]
[[0,0,0],[1,0,0],[0,1,0],[20,75,193]]
[[0,0,0],[1,0,0],[0,1,0],[1,23,193]]
[[0,0,0],[1,0,0],[0,1,0],[8,20,193]]
[[0,0,0],[1,0,0],[0,1,0],[17,34,193]]
[[0,0,0],[1,0,0],[0,1,0],[3,14,193]]
[[0,0,0],[1,0,0],[0,1,0],[12,28,193]]
[[0,0,0],[1,0,0],[0,1,0],[8,23,193]]
[[0,0,0],[1,0,0],[0,1,0],[9,26,193]]
[[0,0,0],[1,0,0],[0,1,0],[28,171,193]]
[[0,0,0],[1,0,0],[0,1,0],[22,64,193]]
[[0,0,0],[1,0,0],[0,1,0],[3,52,193]]
[[0,0,0],[1,0,0],[0,1,0],[35,162,193]]
[[0,0,0],[1,0,0],[0,1,0],[3,15,193]]
[[0,0,0],[1,0,0],[0,1,0],[34,164,193]]
[[0,0,0],[1,0,0],[0,1,0],[32,70,193]]
[[0,0,0],[1,0,0],[0,1,0],[19,183,193]]
[[0,0,0],[1,0,0],[0,1,0],[14,181,193]]
[[0,0,0],[1,0,0],[0,1,0],[2,90,193]]
[[0,0,0],[1,0,0],[0,1,0],[5,31,193]]
[[0,0,0],[1,0,0],[0,1,0],[17,33,193]]
[[0,0,0],[1,0,0],[0,1,0],[8,10,193]]
[[0,0,0],[1,0,0],[0,1,0],[2,55,193]]
[[0,0,0],[1,0,0],[0,1,0],[17,62,193]]
[[0,0,0],[1,0,0],[0,1,0],[12,74,193]]
[[0,0,0],[1,0,0],[0,1,0],[17,183,193]]
[[0,0,0],[1,0,0],[0,1,0],[3,86,193]]
[[0,0,0],[1,0,0],[0,1,0],[55,63,193]]
[[0,0,0],[1,0,0],[0,1,0],[9,45,193]]
[[0,0,0],[1,0,0],[0,1,0],[5,68,193]]
[[0,0,0],[1,0,0],[0,1,0],[3,18,193]]
[[0,0,0],[1,0,0],[0,1,0],[27,48,193]]
[[0,0,0],[1,0,0],[0,1,0],[10,88,193]]
[[0,0,0],[1,0,0],[0,1,0],[10,92,193]]
[[0,0,0],[1,0,0],[0,1,0],[30,51,193]]
[[0,0,0],[1,0,0],[0,1,0],[17,72,193]]
[[0,0,0],[1,0,0],[0,1,0],[1,33,193]]
[[0,0,0],[1,0,0],[0,1,0],[19,50,193]]
[[0,0,0],[1,0,0],[0,1,0],[13,185,193]]
[[0,0,0],[1,0,0],[0,1,0],[44,164,193]]
[[0,0,0],[1,0,0],[0,1,0],[6,45,193]]
[[0,0,0],[1,0,0],[0,1,0],[5,42,193]]
[[0,0,0],[1,0,0],[0,1,0],[15,83,193]]
[[0,0,0],[1,0,0],[0,1,0],[9,185,193]]
[[0,0,0],[1,0,0],[0,1,0],[31,174,193]]
[[0,0,0],[1,0,0],[0,1,0],[7,50,193]]
[[0,0,0],[1,0,0],[0,1,0],[13,33,193]]
[[0,0,0],[1,0,0],[0,1,0],[17,180,193]]
[[0,0,0],[1,0,0],[0,1,0],[9,82,193]]
[[0,0,0],[1,0,0],[0,1,0],[26,62,193]]
[[0,0,0],[1,0,0],[0,1,0],[15,186,193]]
[[0,0,0],[1,0,0],[0,1,0],[14,30,193]]
[[0,0,0],[1,0,0],[0,1,0],[8,64,193]]
[[0,0,0],[1,0,0],[0,1,0],[23,172,193]]
[[0,0,0],[1,0,0],[0,1,0],[7,11,193]]
[[0,0,0],[1,0,0],[0,1,0],[5,25,193]]
[[0,0,0],[1,0,0],[0,1,0],[14,55,193]]
[[0,0,0],[1,0,0],[0,1,0],[12,83,193]]
[[0,0,0],[1,0,0],[0,1,0],[8,28,193]]
[[0,0,0],[1,0,0],[0,1,0],[2,87,193]]
[[0,0,0],[1,0,0],[0,1,0],[3,79,193]]
[[0,0,0],[1,0,0],[0,1,0],[14,40,193]]
[[0,0,0],[1,0,0],[0,1,0],[4,81,193]]
[[0,0,0],[1,0,0],[0,1,0],[14,180,193]]
[[0,0,0],[1,0,0],[0,1,0],[3,93,193]]
[[0,0,0],[1,0,0],[0,1,0],[16,39,193]]
[[0,0,0],[1,0,0],[0,1,0],[8,46,193]]
[[0,0,0],[1,0,0],[0,1,0],[11,70,193]]
[[0,0,0],[1,0,0],[0,1,0],[5,91,193]]
[[0,0,0],[1,0,0],[0,1,0],[4,71,193]]
[[0,0,0],[1,0,0],[0,1,0],[45,153,193]]
[[0,0,0],[1,0,0],[0,1,0],[23,23,193]]
[[0,0,0],[1,0,0],[0,1,0],[3,60,193]]
[[0,0,0],[1,0,0],[0,1,0],[18,44,193]]
[[0,0,0],[1,0,0],[0,1,0],[2,51,193]]
[[0,0,0],[1,0,0],[0,1,0],[5,67,193]]
[[0,0,0],[1,0,0],[0,1,0],[9,72,193]]
[[0,0,0],[1,0,0],[0,1,0],[12,78,193]]
[[0,0,0],[1,0,0],[0,1,0],[10,69,193]]
[[0,0,0],[1,0,0],[0,1,0],[8,14,193]]
[[0,0,0],[1,0,0],[0,1,0],[12,45,193]]
[[0,0,0],[1,0,0],[0,1,0],[9,80,193]]
[[0,0,0],[1,0,0],[0,1,0],[3,83,193]]
[[0,0,0],[1,0,0],[0,1,0],[25,48,193]]
[[0,0,0],[1,0,0],[0,1,0],[34,67,193]]
[[0,0,0],[1,0,0],[0,1,0],[19,85,193]]
[[0,0,0],[1,0,0],[0,1,0],[7,53,193]]
[[0,0,0],[1,0,0],[0,1,0],[9,57,193]]
[[0,0,0],[1,0,0],[0,1,0],[1,41,193]]
[[0,0,0],[1,0,0],[0,1,0],[8,186,193]]
[[0,0,0],[1,0,0],[0,1,0],[7,87,193]]
[[0,0,0],[1,0,0],[0,1,0],[37,55,193]]
[[0,0,0],[1,0,0],[0,1,0],[12,17,193]]
[[0,0,0],[1,0,0],[0,1,0],[3,56,193]]
[[0,0,0],[1,0,0],[0,1,0],[23,171,193]]
[[0,0,0],[1,0,0],[0,1,0],[7,72,193]]
[[0,0,0],[1,0,0],[0,1,0],[2,23,193]]
[[0,0,0],[1,0,0],[0,1,0],[9,11,193]]
[[0,0,0],[1,0,0],[0,1,0],[6,67,193]]
[[0,0,0],[1,0,0],[0,1,0],[15,51,193]]
[[0,0,0],[1,0,0],[0,1,0],[16,31,193]]
[[0,0,0],[1,0,0],[0,1,0],[10,53,193]]
[[0,0,0],[1,0,0],[0,1,0],[26,26,193]]
[[0,0,0],[1,0,0],[0,1,0],[28,70,193]]
[[0,0,0],[1,0,0],[0,1,0],[9,65,193]]
[[0,0,0],[1,0,0],[0,1,0],[25,49,193]]
[[0,0,0],[1,0,0],[0,1,0],[2,15,193]]
[[0,0,0],[1,0,0],[0,1,0],[3,92,193]]
[[0,0,0],[1,0,0],[0,1,0],[19,32,193]]
[[0,0,0],[1,0,0],[0,1,0],[12,35,193]]
[[0,0,0],[1,0,0],[0,1,0],[14,18,193]]
[[0,0,0],[1,0,0],[0,1,0],[15,66,193]]
[[0,0,0],[1,0,0],[0,1,0],[13,73,193]]
[[0,0,0],[1,0,0],[0,1,0],[6,49,193]]
[[0,0,0],[1,0,0],[0,1,0],[72,151,193]]
[[0,0,0],[1,0,0],[0,1,0],[4,19,193]]
[[0,0,0],[1,0,0],[0,1,0],[6,33,193]]
[[0,0,0],[1,0,0],[0,1,0],[2,16,193]]
[[0,0,0],[1,0,0],[0,1,0],[2,64,193]]
[[0,0,0],[1,0,0],[0,1,0],[1,38,193]]
[[0,0,0],[1,0,0],[0,1,0],[62,141,193]]
[[0,0,0],[1,0,0],[0,1,0],[6,40,193]]
[[0,0,0],[1,0,0],[0,1,0],[5,78,193]]
[[0,0,0],[1,0,0],[0,1,0],[6,56,193]]
[[0,0,0],[1,0,0],[0,1,0],[3,58,193]]
[[0,0,0],[1,0,0],[0,1,0],[9,22,193]]
[[0,0,0],[1,0,0],[0,1,0],[1,2,193]]
[[0,0,0],[1,0,0],[0,1,0],[10,19,193]]
[[0,0,0],[1,0,0],[0,1,0],[4,64,193]]
[[0,0,0],[1,0,0],[0,1,0],[2,65,193]]
[[0,0,0],[1,0,0],[0,1,0],[24,28,193]]
[[0,0,0],[1,0,0],[0,1,0],[13,38,193]]
[[0,0,0],[1,0,0],[0,1,0],[20,40,193]]
[[0,0,0],[1,0,0],[0,1,0],[34,40,193]]
[[0,0,0],[1,0,0],[0,1,0],[9,81,193]]
[[0,0,0],[1,0,0],[0,1,0],[18,29,193]]
[[0,0,0],[1,0,0],[0,1,0],[4,80,193]]
[[0,0,0],[1,0,0],[0,1,0],[22,44,193]]
[[0,0,0],[1,0,0],[0,1,0],[4,6,193]]
[[0,0,0],[1,0,0],[0,1,0],[26,81,193]]
[[0,0,0],[1,0,0],[0,1,0],[27,65,193]]
[[0,0,0],[1,0,0],[0,1,0],[7,66,193]]
[[0,0,0],[1,0,0],[0,1,0],[4,67,193]]
[[0,0,0],[1,0,0],[0,1,0],[6,30,193]]
[[0,0,0],[1,0,0],[0,1,0],[1,8,193]]
[[0,0,0],[1,0,0],[0,1,0],[11,65,193]]
[[0,0,0],[1,0,0],[0,1,0],[17,66,193]]
[[0,0,0],[1,0,0],[0,1,0],[14,20,193]]
[[0,0,0],[1,0,0],[0,1,0],[9,59,193]]
[[0,0,0],[1,0,0],[0,1,0],[3,38,193]]
[[0,0,0],[1,0,0],[0,1,0],[21,51,193]]
[[0,0,0],[1,0,0],[0,1,0],[15,77,193]]
[[0,0,0],[1,0,0],[0,1,0],[2,33,193]]
[[0,0,0],[1,0,0],[0,1,0],[4,8,193]]
[[0,0,0],[1,0,0],[0,1,0],[9,84,193]]
[[0,0,0],[1,0,0],[0,1,0],[5,74,193]]
[[0,0,0],[1,0,0],[0,1,0],[20,31,193]]
[[0,0,0],[1,0,0],[0,1,0],[13,21,193]]
[[0,0,0],[1,0,0],[0,1,0],[16,76,193]]
[[0,0,0],[1,0,0],[0,1,0],[23,57,193]]
[[0,0,0],[1,0,0],[0,1,0],[14,80,193]]
[[0,0,0],[1,0,0],[0,1,0],[3,191,193]]
[[0,0,0],[1,0,0],[0,1,0],[24,85,193]]
[[0,0,0],[1,0,0],[0,1,0],[3,64,193]]
[[0,0,0],[1,0,0],[0,1,0],[8,76,193]]
[[0,0,0],[1,0,0],[0,1,0],[21,47,193]]
[[0,0,0],[1,0,0],[0,1,0],[8,93,193]]
[[0,0,0],[1,0,0],[0,1,0],[16,42,193]]
[[0,0,0],[1,0,0],[0,1,0],[32,76,193]]
[[0,0,0],[1,0,0],[0,1,0],[10,29,193]]
[[0,0,0],[1,0,0],[0,1,0],[2,20,193]]
[[0,0,0],[1,0,0],[0,1,0],[4,69,193]]
[[0,0,0],[1,0,0],[0,1,0],[2,81,193]]
[[0,0,0],[1,0,0],[0,1,0],[1,36,193]]
[[0,0,0],[1,0,0],[0,1,0],[3,67,193]]
[[0,0,0],[1,0,0],[0,1,0],[18,63,193]]
[[0,0,0],[1,0,0],[0,1,0],[8,19,193]]
[[0,0,0],[1,0,0],[0,1,0],[17,76,193]]
[[0,0,0],[1,0,0],[0,1,0],[10,22,193]]
[[0,0,0],[1,0,0],[0,1,0],[26,44,193]]
[[0,0,0],[1,0,0],[0,1,0],[13,48,193]]
[[0,0,0],[1,0,0],[0,1,0],[30,30,193]]
[[0,0,0],[1,0,0],[0,1,0],[6,26,193]]
[[0,0,0],[1,0,0],[0,1,0],[21,182,193]]
[[0,0,0],[1,0,0],[0,1,0],[25,32,193]]
[[0,0,0],[1,0,0],[0,1,0],[4,16,193]]
[[0,0,0],[1,0,0],[0,1,0],[28,166,193]]
[[0,0,0],[1,0,0],[0,1,0],[2,82,193]]
[[0,0,0],[1,0,0],[0,1,0],[16,55,193]]
[[0,0,0],[1,0,0],[0,1,0],[10,59,193]]
[[0,0,0],[1,0,0],[0,1,0],[12,65,193]]
[[0,0,0],[1,0,0],[0,1,0],[3,24,193]]
[[0,0,0],[1,0,0],[0,1,0],[1,30,193]]
[[0,0,0],[1,0,0],[0,1,0],[10,187,193]]
[[0,0,0],[1,0,0],[0,1,0],[25,171,193]]
[[0,0,0],[1,0,0],[0,1,0],[33,35,193]]
[[0,0,0],[1,0,0],[0,1,0],[17,81,193]]
[[0,0,0],[1,0,0],[0,1,0],[6,62,193]]
[[0,0,0],[1,0,0],[0,1,0],[5,14,193]]
[[0,0,0],[1,0,0],[0,1,0],[7,86,193]]
[[0,0,0],[1,0,0],[0,1,0],[37,76,193]]
[[0,0,0],[1,0,0],[0,1,0],[4,82,193]]
[[0,0,0],[1,0,0],[0,1,0],[10,16,193]]
[[0,0,0],[1,0,0],[0,1,0],[27,167,193]]
[[0,0,0],[1,0,0],[0,1,0],[14,70,193]]
[[0,0,0],[1,0,0],[0,1,0],[2,27,193]]
[[0,0,0],[1,0,0],[0,1,0],[20,22,193]]
[[0,0,0],[1,0,0],[0,1,0],[9,58,193]]
[[0,0,0],[1,0,0],[0,1,0],[6,94,193]]
[[0,0,0],[1,0,0],[0,1,0],[17,87,193]]
[[0,0,0],[1,0,0],[0,1,0],[14,49,193]]
[[0,0,0],[1,0,0],[0,1,0],[6,58,193]]
[[0,0,0],[1,0,0],[0,1,0],[28,54,193]]
[[0,0,0],[1,0,0],[0,1,0],[4,30,193]]
[[0,0,0],[1,0,0],[0,1,0],[6,64,193]]
[[0,0,0],[1,0,0],[0,1,0],[23,72,193]]
[[0,0,0],[1,0,0],[0,1,0],[6,47,193]]
[[0,0,0],[1,0,0],[0,1,0],[8,15,193]]
[[0,0,0],[1,0,0],[0,1,0],[1,15,193]]
[[0,0,0],[1,0,0],[0,1,0],[9,42,193]]
[[0,0,0],[1,0,0],[0,1,0],[49,168,193]]
[[0,0,0],[1,0,0],[0,1,0],[12,46,193]]
[[0,0,0],[1,0,0],[0,1,0],[12,14,193]]
[[0,0,0],[1,0,0],[0,1,0],[48,64,193]]
[[0,0,0],[1,0,0],[0,1,0],[21,63,193]]
[[0,0,0],[1,0,0],[0,1,0],[2,79,193]]
[[0,0,0],[1,0,0],[0,1,0],[5,18,193]]
[[0,0,0],[1,0,0],[0,1,0],[51,70,193]]
[[0,0,0],[1,0,0],[0,1,0],[11,82,193]]
[[0,0,0],[1,0,0],[0,1,0],[6,23,193]]
[[0,0,0],[1,0,0],[0,1,0],[32,38,193]]
[[0,0,0],[1,0,0],[0,1,0],[21,54,193]]
[[0,0,0],[1,0,0],[0,1,0],[6,83,193]]
[[0,0,0],[1,0,0],[0,1,0],[21,82,193]]
[[0,0,0],[1,0,0],[0,1,0],[12,48,193]]
[[0,0,0],[1,0,0],[0,1,0],[13,19,193]]
[[0,0,0],[1,0,0],[0,1,0],[19,38,193]]
[[0,0,0],[1,0,0],[0,1,0],[16,87,193]]
[[0,0,0],[1,0,0],[0,1,0],[2,96,193]]
[[0,0,0],[1,0,0],[0,1,0],[27,68,193]]
[[0,0,0],[1,0,0],[0,1,0],[4,34,193]]
[[0,0,0],[1,0,0],[0,1,0],[14,16,193]]
[[0,0,0],[1,0,0],[0,1,0],[9,61,193]]
[[0,0,0],[1,0,0],[0,1,0],[11,33,193]]
[[0,0,0],[1,0,0],[0,1,0],[15,185,193]]
[[0,0,0],[1,0,0],[0,1,0],[16,67,193]]
[[0,0,0],[1,0,0],[0,1,0],[17,49,193]]
[[0,0,0],[1,0,0],[0,1,0],[10,52,193]]
[[0,0,0],[1,0,0],[0,1,0],[1,68,193]]
[[0,0,0],[1,0,0],[0,1,0],[17,36,193]]
[[0,0,0],[1,0,0],[0,1,0],[2,70,193]]
[[0,0,0],[1,0,0],[0,1,0],[4,18,193]]
[[0,0,0],[1,0,0],[0,1,0],[3,78,193]]
[[0,0,0],[1,0,0],[0,1,0],[35,64,193]]
[[0,0,0],[1,0,0],[0,1,0],[49,165,193]]
[[0,0,0],[1,0,0],[0,1,0],[18,54,193]]
[[0,0,0],[1,0,0],[0,1,0],[23,173,193]]
[[0,0,0],[1,0,0],[0,1,0],[36,36,193]]
[[0,0,0],[1,0,0],[0,1,0],[56,67,193]]
[[0,0,0],[1,0,0],[0,1,0],[15,67,193]]
[[0,0,0],[1,0,0],[0,1,0],[6,15,193]]
[[0,0,0],[1,0,0],[0,1,0],[3,50,193]]
[[0,0,0],[1,0,0],[0,1,0],[1,13,193]]
[[0,0,0],[1,0,0],[0,1,0],[51,68,193]]
[[0,0,0],[1,0,0],[0,1,0],[16,183,193]]
[[0,0,0],[1,0,0],[0,1,0],[13,54,193]]
[[0,0,0],[1,0,0],[0,1,0],[13,182,193]]
[[0,0,0],[1,0,0],[0,1,0],[7,83,193]]
[[0,0,0],[1,0,0],[0,1,0],[12,71,193]]
[[0,0,0],[1,0,0],[0,1,0],[7,59,193]]
[[0,0,0],[1,0,0],[0,1,0],[22,82,193]]
[[0,0,0],[1,0,0],[0,1,0],[3,57,193]]
[[0,0,0],[1,0,0],[0,1,0],[36,68,193]]
[[0,0,0],[1,0,0],[0,1,0],[12,33,193]]
[[0,0,0],[1,0,0],[0,1,0],[21,32,193]]
[[0,0,0],[1,0,0],[0,1,0],[12,42,193]]
[[0,0,0],[1,0,0],[0,1,0],[11,18,193]]
[[0,0,0],[1,0,0],[0,1,0],[6,87,193]]
[[0,0,0],[1,0,0],[0,1,0],[1,37,193]]
[[0,0,0],[1,0,0],[0,1,0],[5,84,193]]
[[0,0,0],[1,0,0],[0,1,0],[13,32,193]]
[[0,0,0],[1,0,0],[0,1,0],[11,64,193]]
[[0,0,0],[1,0,0],[0,1,0],[21,75,193]]
[[0,0,0],[1,0,0],[0,1,0],[4,12,193]]
[[0,0,0],[1,0,0],[0,1,0],[38,78,193]]
[[0,0,0],[1,0,0],[0,1,0],[8,90,193]]
[[0,0,0],[1,0,0],[0,1,0],[34,76,193]]
[[0,0,0],[1,0,0],[0,1,0],[6,11,193]]
[[0,0,0],[1,0,0],[0,1,0],[13,181,193]]
[[0,0,0],[1,0,0],[0,1,0],[33,48,193]]
[[0,0,0],[1,0,0],[0,1,0],[8,47,193]]
[[0,0,0],[1,0,0],[0,1,0],[4,27,193]]
[[0,0,0],[1,0,0],[0,1,0],[1,83,193]]
[[0,0,0],[1,0,0],[0,1,0],[2,57,193]]
[[0,0,0],[1,0,0],[0,1,0],[25,38,193]]
[[0,0,0],[1,0,0],[0,1,0],[16,44,193]]
[[0,0,0],[1,0,0],[0,1,0],[6,90,193]]
[[0,0,0],[1,0,0],[0,1,0],[5,7,193]]
[[0,0,0],[1,0,0],[0,1,0],[2,49,193]]
[[0,0,0],[1,0,0],[0,1,0],[10,12,193]]
[[0,0,0],[1,0,0],[0,1,0],[49,55,193]]
[[0,0,0],[1,0,0],[0,1,0],[2,4,193]]
[[0,0,0],[1,0,0],[0,1,0],[22,53,193]]
[[0,0,0],[1,0,0],[0,1,0],[7,67,193]]
[[0,0,0],[1,0,0],[0,1,0],[8,11,193]]
[[0,0,0],[1,0,0],[0,1,0],[13,87,193]]
[[0,0,0],[1,0,0],[0,1,0],[9,12,193]]
[[0,0,0],[1,0,0],[0,1,0],[24,39,193]]
[[0,0,0],[1,0,0],[0,1,0],[5,13,193]]
[[0,0,0],[1,0,0],[0,1,0],[26,35,193]]
[[0,0,0],[1,0,0],[0,1,0],[14,34,193]]
[[0,0,0],[1,0,0],[0,1,0],[35,168,193]]
[[0,0,0],[1,0,0],[0,1,0],[28,41,193]]
[[0,0,0],[1,0,0],[0,1,0],[4,65,193]]
[[0,0,0],[1,0,0],[0,1,0],[13,56,193]]
[[0,0,0],[1,0,0],[0,1,0],[17,50,193]]
[[0,0,0],[1,0,0],[0,1,0],[10,34,193]]
[[0,0,0],[1,0,0],[0,1,0],[6,20,193]]
[[0,0,0],[1,0,0],[0,1,0],[13,85,193]]
[[0,0,0],[1,0,0],[0,1,0],[22,179,193]]
[[0,0,0],[1,0,0],[0,1,0],[3,80,193]]
[[0,0,0],[1,0,0],[0,1,0],[20,79,193]]
[[0,0,0],[1,0,0],[0,1,0],[18,28,193]]
[[0,0,0],[1,0,0],[0,1,0],[37,157,193]]
[[0,0,0],[1,0,0],[0,1,0],[9,33,193]]
[[0,0,0],[1,0,0],[0,1,0],[6,44,193]]
[[0,0,0],[1,0,0],[0,1,0],[20,34,193]]
[[0,0,0],[1,0,0],[0,1,0],[16,50,193]]
[[0,0,0],[1,0,0],[0,1,0],[4,74,193]]
[[0,0,0],[1,0,0],[0,1,0],[13,28,193]]
[[0,0,0],[1,0,0],[0,1,0],[5,32,193]]
[[0,0,0],[1,0,0],[0,1,0],[15,54,193]]
[[0,0,0],[1,0,0],[0,1,0],[3,13,193]]
[[0,0,0],[1,0,0],[0,1,0],[36,53,193]]
[[0,0,0],[1,0,0],[0,1,0],[19,49,193]]
[[0,0,0],[1,0,0],[0,1,0],[16,22,193]]
[[0,0,0],[1,0,0],[0,1,0],[22,24,193]]
[[0,0,0],[1,0,0],[0,1,0],[6,27,193]]
[[0,0,0],[1,0,0],[0,1,0],[31,51,193]]
[[0,0,0],[1,0,0],[0,1,0],[16,68,193]]
[[0,0,0],[1,0,0],[0,1,0],[17,184,193]]
[[0,0,0],[1,0,0],[0,1,0],[25,64,193]]
[[0,0,0],[1,0,0],[0,1,0],[3,32,193]]
[[0,0,0],[1,0,0],[0,1,0],[10,80,193]]
[[0,0,0],[1,0,0],[0,1,0],[33,60,193]]
[[0,0,0],[1,0,0],[0,1,0],[14,84,193]]
[[0,0,0],[1,0,0],[0,1,0],[23,178,193]]
[[0,0,0],[1,0,0],[0,1,0],[7,10,193]]
[[0,0,0],[1,0,0],[0,1,0],[6,189,193]]
[[0,0,0],[1,0,0],[0,1,0],[20,49,193]]
[[0,0,0],[1,0,0],[0,1,0],[3,51,193]]
[[0,0,0],[1,0,0],[0,1,0],[21,42,193]]
[[0,0,0],[1,0,0],[0,1,0],[18,45,193]]
[[0,0,0],[1,0,0],[0,1,0],[2,48,193]]
[[0,0,0],[1,0,0],[0,1,0],[30,54,193]]
[[0,0,0],[1,0,0],[0,1,0],[2,94,193]]
[[0,0,0],[1,0,0],[0,1,0],[18,64,193]]
[[0,0,0],[1,0,0],[0,1,0],[16,60,193]]
[[0,0,0],[1,0,0],[0,1,0],[21,45,193]]
[[0,0,0],[1,0,0],[0,1,0],[11,30,193]]
[[0,0,0],[1,0,0],[0,1,0],[40,40,193]]
[[0,0,0],[1,0,0],[0,1,0],[5,89,193]]
[[0,0,0],[1,0,0],[0,1,0],[21,26,193]]
[[0,0,0],[1,0,0],[0,1,0],[7,75,193]]
[[0,0,0],[1,0,0],[0,1,0],[37,37,193]]
[[0,0,0],[1,0,0],[0,1,0],[15,183,193]]
[[0,0,0],[1,0,0],[0,1,0],[17,82,193]]
[[0,0,0],[1,0,0],[0,1,0],[5,191,193]]
[[0,0,0],[1,0,0],[0,1,0],[19,19,193]]
[[0,0,0],[1,0,0],[0,1,0],[33,62,193]]
[[0,0,0],[1,0,0],[0,1,0],[2,68,193]]
[[0,0,0],[1,0,0],[0,1,0],[17,30,193]]
[[0,0,0],[1,0,0],[0,1,0],[10,27,193]]
[[0,0,0],[1,0,0],[0,1,0],[13,57,193]]
[[0,0,0],[1,0,0],[0,1,0],[3,82,193]]
[[0,0,0],[1,0,0],[0,1,0],[3,10,193]]
[[0,0,0],[1,0,0],[0,1,0],[8,77,193]]
[[0,0,0],[1,0,0],[0,1,0],[1,60,193]]
[[0,0,0],[1,0,0],[0,1,0],[3,72,193]]
[[0,0,0],[1,0,0],[0,1,0],[71,142,193]]
[[0,0,0],[1,0,0],[0,1,0],[2,92,193]]
[[0,0,0],[1,0,0],[0,1,0],[15,49,193]]
[[0,0,0],[1,0,0],[0,1,0],[9,38,193]]
[[0,0,0],[1,0,0],[0,1,0],[34,66,193]]
[[0,0,0],[1,0,0],[0,1,0],[11,186,193]]
[[0,0,0],[1,0,0],[0,1,0],[1,44,193]]
[[0,0,0],[1,0,0],[0,1,0],[25,50,193]]
[[0,0,0],[1,0,0],[0,1,0],[4,29,193]]
[[0,0,0],[1,0,0],[0,1,0],[15,35,193]]
[[0,0,0],[1,0,0],[0,1,0],[16,21,193]]
[[0,0,0],[1,0,0],[0,1,0],[19,83,193]]
[[0,0,0],[1,0,0],[0,1,0],[2,78,193]]
[[0,0,0],[1,0,0],[0,1,0],[4,47,193]]
[[0,0,0],[1,0,0],[0,1,0],[2,83,193]]
[[0,0,0],[1,0,0],[0,1,0],[5,35,193]]
[[0,0,0],[1,0,0],[0,1,0],[2,18,193]]
[[0,0,0],[1,0,0],[0,1,0],[16,25,193]]
[[0,0,0],[1,0,0],[0,1,0],[6,86,193]]
[[0,0,0],[1,0,0],[0,1,0],[36,48,193]]
[[0,0,0],[1,0,0],[0,1,0],[17,45,193]]
[[0,0,0],[1,0,0],[0,1,0],[17,20,193]]
[[0,0,0],[1,0,0],[0,1,0],[12,82,193]]
[[0,0,0],[1,0,0],[0,1,0],[39,75,193]]
[[0,0,0],[1,0,0],[0,1,0],[25,170,193]]
[[0,0,0],[1,0,0],[0,1,0],[6,51,193]]
[[0,0,0],[1,0,0],[0,1,0],[3,9,193]]
[[0,0,0],[1,0,0],[0,1,0],[5,27,193]]
[[0,0,0],[1,0,0],[0,1,0],[6,84,193]]
[[0,0,0],[1,0,0],[0,1,0],[4,31,193]]
[[0,0,0],[1,0,0],[0,1,0],[9,18,193]]
[[0,0,0],[1,0,0],[0,1,0],[39,156,193]]
[[0,0,0],[1,0,0],[0,1,0],[11,40,193]]
[[0,0,0],[1,0,0],[0,1,0],[38,75,193]]
[[0,0,0],[1,0,0],[0,1,0],[10,75,193]]
[[0,0,0],[1,0,0],[0,1,0],[30,63,193]]
[[0,0,0],[1,0,0],[0,1,0],[17,53,193]]
[[0,0,0],[1,0,0],[0,1,0],[13,74,193]]
[[0,0,0],[1,0,0],[0,1,0],[9,39,193]]
[[0,0,0],[1,0,0],[0,1,0],[20,60,193]]
[[0,0,0],[1,0,0],[0,1,0],[17,37,193]]
[[0,0,0],[1,0,0],[0,1,0],[20,32,193]]
[[0,0,0],[1,0,0],[0,1,0],[84,110,193]]
[[0,0,0],[1,0,0],[0,1,0],[14,73,193]]
[[0,0,0],[1,0,0],[0,1,0],[4,62,193]]
[[0,0,0],[1,0,0],[0,1,0],[34,55,193]]
[[0,0,0],[1,0,0],[0,1,0],[7,37,193]]
[[0,0,0],[1,0,0],[0,1,0],[23,48,193]]
[[0,0,0],[1,0,0],[0,1,0],[1,10,193]]
[[0,0,0],[1,0,0],[0,1,0],[15,81,193]]
[[0,0,0],[1,0,0],[0,1,0],[7,63,193]]
[[0,0,0],[1,0,0],[0,1,0],[30,59,193]]
[[0,0,0],[1,0,0],[0,1,0],[12,19,193]]
[[0,0,0],[1,0,0],[0,1,0],[4,54,193]]
[[0,0,0],[1,0,0],[0,1,0],[23,36,193]]
[[0,0,0],[1,0,0],[0,1,0],[9,36,193]]
[[0,0,0],[1,0,0],[0,1,0],[26,168,193]]
[[0,0,0],[1,0,0],[0,1,0],[38,64,193]]
[[0,0,0],[1,0,0],[0,1,0],[1,20,193]]
[[0,0,0],[1,0,0],[0,1,0],[13,59,193]]
[[0,0,0],[1,0,0],[0,1,0],[10,73,193]]
[[0,0,0],[1,0,0],[0,1,0],[16,35,193]]
[[0,0,0],[1,0,0],[0,1,0],[4,38,193]]
[[0,0,0],[1,0,0],[0,1,0],[6,22,193]]
[[0,0,0],[1,0,0],[0,1,0],[1,84,193]]
[[0,0,0],[1,0,0],[0,1,0],[9,86,193]]
[[0,0,0],[1,0,0],[0,1,0],[0,1,193]]
[[0,0,0],[1,0,0],[0,1,0],[4,88,193]]
[[0,0,0],[1,0,0],[0,1,0],[20,65,193]]
[[0,0,0],[1,0,0],[0,1,0],[3,17,193]]
[[0,0,0],[1,0,0],[0,1,0],[39,173,193]]
[[0,0,0],[1,0,0],[0,1,0],[18,48,193]]
[[0,0,0],[1,0,0],[0,1,0],[2,58,193]]
[[0,0,0],[1,0,0],[0,1,0],[14,33,193]]
[[0,0,0],[1,0,0],[0,1,0],[20,72,193]]
[[0,0,0],[1,0,0],[0,1,0],[15,26,193]]
[[0,0,0],[1,0,0],[0,1,0],[7,74,193]]
[[0,0,0],[1,0,0],[0,1,0],[2,61,193]]
[[0,0,0],[1,0,0],[0,1,0],[20,84,193]]
[[0,0,0],[1,0,0],[0,1,0],[10,58,193]]
[[0,0,0],[1,0,0],[0,1,0],[15,27,193]]
[[0,0,0],[1,0,0],[0,1,0],[10,54,193]]
[[0,0,0],[1,0,0],[0,1,0],[22,173,193]]
[[0,0,0],[1,0,0],[0,1,0],[30,45,193]]
[[0,0,0],[1,0,0],[0,1,0],[7,68,193]]
[[0,0,0],[1,0,0],[0,1,0],[14,45,193]]
[[0,0,0],[1,0,0],[0,1,0],[7,81,193]]
[[0,0,0],[1,0,0],[0,1,0],[35,44,193]]
[[0,0,0],[1,0,0],[0,1,0],[2,85,193]]
[[0,0,0],[1,0,0],[0,1,0],[1,47,193]]
[[0,0,0],[1,0,0],[0,1,0],[1,86,193]]
[[0,0,0],[1,0,0],[0,1,0],[4,39,193]]
[[0,0,0],[1,0,0],[0,1,0],[54,60,193]]
[[0,0,0],[1,0,0],[0,1,0],[8,44,193]]
[[0,0,0],[1,0,0],[0,1,0],[22,180,193]]
[[0,0,0],[1,0,0],[0,1,0],[4,66,193]]
[[0,0,0],[1,0,0],[0,1,0],[45,49,193]]
[[0,0,0],[1,0,0],[0,1,0],[24,55,193]]
[[0,0,0],[1,0,0],[0,1,0],[2,80,193]]
[[0,0,0],[1,0,0],[0,1,0],[1,25,193]]
[[0,0,0],[1,0,0],[0,1,0],[15,78,193]]
[[0,0,0],[1,0,0],[0,1,0],[35,76,193]]
[[0,0,0],[1,0,0],[0,1,0],[47,63,193]]
[[0,0,0],[1,0,0],[0,1,0],[25,175,193]]
[[0,0,0],[1,0,0],[0,1,0],[15,29,193]]
[[0,0,0],[1,0,0],[0,1,0],[9,77,193]]
[[0,0,0],[1,0,0],[0,1,0],[30,50,193]]
[[0,0,0],[1,0,0],[0,1,0],[3,5,193]]
[[0,0,0],[1,0,0],[0,1,0],[35,57,193]]
[[0,0,0],[1,0,0],[0,1,0],[7,47,193]]
[[0,0,0],[1,0,0],[0,1,0],[14,26,193]]
[[0,0,0],[1,0,0],[0,1,0],[1,4,193]]
[[0,0,0],[1,0,0],[0,1,0],[14,68,193]]
[[0,0,0],[1,0,0],[0,1,0],[12,79,193]]
