[[0,0,0],[1,0,0],[0,1,0],[11,41,203]]
[[0,0,0],[1,0,0],[0,1,0],[8,36,203]]
[[0,0,0],[1,0,0],[0,1,0],[12,79,203]]
[[0,0,0],[1,0,0],[0,1,0],[31,181,203]]
[[0,0,0],[1,0,0],[0,1,0],[35,113,203]]
[[0,0,0],[1,0,0],[0,1,0],[38,195,203]]
[[0,0,0],[1,0,0],[0,1,0],[28,64,203]]
[[0,0,0],[1,0,0],[0,1,0],[19,71,203]]
[[0,0,0],[1,0,0],[0,1,0],[12,44,203]]
[[0,0,0],[1,0,0],[0,1,0],[111,170,203]]
[[0,0,0],[1,0,0],[0,1,0],[4,72,203]]
[[0,0,0],[1,0,0],[0,1,0],[32,143,203]]
[[0,0,0],[1,0,0],[0,1,0],[83,162,203]]
[[0,0,0],[1,0,0],[0,1,0],[47,192,203]]
[[0,0,0],[1,0,0],[0,1,0],[103,178,203]]
[[0,0,0],[1,0,0],[0,1,0],[42,104,203]]
[[0,0,0],[1,0,0],[0,1,0],[44,73,203]]
[[0,0,0],[1,0,0],[0,1,0],[76,198,203]]
[[0,0,0],[1,0,0],[0,1,0],[30,57,203]]
[[0,0,0],[1,0,0],[0,1,0],[1,54,203]]
[[0,0,0],[1,0,0],[0,1,0],[21,134,203]]
[[0,0,0],[1,0,0],[0,1,0],[19,45,203]]
[[0,0,0],[1,0,0],[0,1,0],[5,39,203]]
[[0,0,0],[1,0,0],[0,1,0],[10,86,203]]
[[0,0,0],[1,0,0],[0,1,0],[39,62,203]]
[[0,0,0],[1,0,0],[0,1,0],[124,178,203]]
[[0,0,0],[1,0,0],[0,1,0],[21,36,203]]
[[0,0,0],[1,0,0],[0,1,0],[36,78,203]]
[[0,0,0],[1,0,0],[0,1,0],[8,22,203]]
[[0,0,0],[1,0,0],[0,1,0],[36,55,203]]
[[0,0,0],[1,0,0],[0,1,0],[21,197,203]]
[[0,0,0],[1,0,0],[0,1,0],[19,66,203]]
[[0,0,0],[1,0,0],[0,1,0],[23,86,203]]
[[0,0,0],[1,0,0],[0,1,0],[19,24,203]]
[[0,0,0],[1,0,0],[0,1,0],[21,96,203]]
[[0,0,0],[1,0,0],[0,1,0],[19,48,203]]
[[0,0,0],[1,0,0],[0,1,0],[24,33,203]]
[[0,0,0],[1,0,0],[0,1,0],[24,50,203]]
[[0,0,0],[1,0,0],[0,1,0],[3,20,203]]
[[0,0,0],[1,0,0],[0,1,0],[32,144,203]]
[[0,0,0],[1,0,0],[0,1,0],[26,60,203]]
[[0,0,0],[1,0,0],[0,1,0],[14,74,203]]
[[0,0,0],[1,0,0],[0,1,0],[6,48,203]]
[[0,0,0],[1,0,0],[0,1,0],[18,109,203]]
[[0,0,0],[1,0,0],[0,1,0],[3,75,203]]
[[0,0,0],[1,0,0],[0,1,0],[24,64,203]]
[[0,0,0],[1,0,0],[0,1,0],[25,180,203]]
[[0,0,0],[1,0,0],[0,1,0],[71,136,203]]
[[0,0,0],[1,0,0],[0,1,0],[67,200,203]]
[[0,0,0],[1,0,0],[0,1,0],[26,80,203]]
[[0,0,0],[1,0,0],[0,1,0],[23,27,203]]
[[0,0,0],[1,0,0],[0,1,0],[33,199,203]]
[[0,0,0],[1,0,0],[0,1,0],[25,82,203]]
[[0,0,0],[1,0,0],[0,1,0],[5,201,203]]
[[0,0,0],[1,0,0],[0,1,0],[24,54,203]]
[[0,0,0],[1,0,0],[0,1,0],[3,36,203]]
[[0,0,0],[1,0,0],[0,1,0],[22,52,203]]
[[0,0,0],[1,0,0],[0,1,0],[9,54,203]]
[[0,0,0],[1,0,0],[0,1,0],[2,97,203]]
[[0,0,0],[1,0,0],[0,1,0],[54,92,203]]
[[0,0,0],[1,0,0],[0,1,0],[18,193,203]]
[[0,0,0],[1,0,0],[0,1,0],[15,40,203]]
[[0,0,0],[1,0,0],[0,1,0],[25,88,203]]
[[0,0,0],[1,0,0],[0,1,0],[31,57,203]]
[[0,0,0],[1,0,0],[0,1,0],[10,13,203]]
[[0,0,0],[1,0,0],[0,1,0],[15,33,203]]
[[0,0,0],[1,0,0],[0,1,0],[2,8,203]]
[[0,0,0],[1,0,0],[0,1,0],[2,34,203]]
[[0,0,0],[1,0,0],[0,1,0],[10,90,203]]
[[0,0,0],[1,0,0],[0,1,0],[39,151,203]]
[[0,0,0],[1,0,0],[0,1,0],[19,75,203]]
[[0,0,0],[1,0,0],[0,1,0],[4,193,203]]
[[0,0,0],[1,0,0],[0,1,0],[5,33,203]]
[[0,0,0],[1,0,0],[0,1,0],[46,123,203]]
[[0,0,0],[1,0,0],[0,1,0],[44,97,203]]
[[0,0,0],[1,0,0],[0,1,0],[2,5,203]]
[[0,0,0],[1,0,0],[0,1,0],[45,173,203]]
[[0,0,0],[1,0,0],[0,1,0],[84,120,203]]
[[0,0,0],[1,0,0],[0,1,0],[19,156,203]]
[[0,0,0],[1,0,0],[0,1,0],[31,124,203]]
[[0,0,0],[1,0,0],[0,1,0],[46,162,203]]
[[0,0,0],[1,0,0],[0,1,0],[75,139,203]]
[[0,0,0],[1,0,0],[0,1,0],[7,141,203]]
[[0,0,0],[1,0,0],[0,1,0],[96,137,203]]
[[0,0,0],[1,0,0],[0,1,0],[6,71,203]]
[[0,0,0],[1,0,0],[0,1,0],[38,180,203]]
[[0,0,0],[1,0,0],[0,1,0],[36,139,203]]
[[0,0,0],[1,0,0],[0,1,0],[43,48,203]]
[[0,0,0],[1,0,0],[0,1,0],[77,155,203]]
[[0,0,0],[1,0,0],[0,1,0],[23,186,203]]
[[0,0,0],[1,0,0],[0,1,0],[4,36,203]]
[[0,0,0],[1,0,0],[0,1,0],[14,120,203]]
[[0,0,0],[1,0,0],[0,1,0],[18,52,203]]
[[0,0,0],[1,0,0],[0,1,0],[12,41,203]]
[[0,0,0],[1,0,0],[0,1,0],[70,134,203]]
[[0,0,0],[1,0,0],[0,1,0],[23,81,203]]
[[0,0,0],[1,0,0],[0,1,0],[4,75,203]]
[[0,0,0],[1,0,0],[0,1,0],[2,38,203]]
[[0,0,0],[1,0,0],[0,1,0],[19,192,203]]
[[0,0,0],[1,0,0],[0,1,0],[7,190,203]]
[[0,0,0],[1,0,0],[0,1,0],[4,20,203]]
[[0,0,0],[1,0,0],[0,1,0],[11,123,203]]
[[0,0,0],[1,0,0],[0,1,0],[8,52,203]]
[[0,0,0],[1,0,0],[0,1,0],[75,101,203]]
[[0,0,0],[1,0,0],[0,1,0],[30,104,203]]
[[0,0,0],[1,0,0],[0,1,0],[22,22,203]]
[[0,0,0],[1,0,0],[0,1,0],[48,86,203]]
[[0,0,0],[1,0,0],[0,1,0],[56,119,203]]
[[0,0,0],[1,0,0],[0,1,0],[40,47,203]]
[[0,0,0],[1,0,0],[0,1,0],[6,81,203]]
[[0,0,0],[1,0,0],[0,1,0],[10,20,203]]
[[0,0,0],[1,0,0],[0,1,0],[13,93,203]]
[[0,0,0],[1,0,0],[0,1,0],[32,173,203]]
[[0,0,0],[1,0,0],[0,1,0],[48,167,203]]
[[0,0,0],[1,0,0],[0,1,0],[27,135,203]]
[[0,0,0],[1,0,0],[0,1,0],[36,178,203]]
[[0,0,0],[1,0,0],[0,1,0],[16,83,203]]
[[0,0,0],[1,0,0],[0,1,0],[4,86,203]]
[[0,0,0],[1,0,0],[0,1,0],[32,81,203]]
[[0,0,0],[1,0,0],[0,1,0],[8,54,203]]
[[0,0,0],[1,0,0],[0,1,0],[6,50,203]]
[[0,0,0],[1,0,0],[0,1,0],[9,137,203]]
[[0,0,0],[1,0,0],[0,1,0],[4,45,203]]
[[0,0,0],[1,0,0],[0,1,0],[6,8,203]]
[[0,0,0],[1,0,0],[0,1,0],[30,78,203]]
[[0,0,0],[1,0,0],[0,1,0],[9,55,203]]
[[0,0,0],[1,0,0],[0,1,0],[95,138,203]]
[[0,0,0],[1,0,0],[0,1,0],[42,162,203]]
[[0,0,0],[1,0,0],[0,1,0],[6,75,203]]
[[0,0,0],[1,0,0],[0,1,0],[42,92,203]]
[[0,0,0],[1,0,0],[0,1,0],[1,46,203]]
[[0,0,0],[1,0,0],[0,1,0],[74,148,203]]
[[0,0,0],[1,0,0],[0,1,0],[48,135,203]]
[[0,0,0],[1,0,0],[0,1,0],[14,161,203]]
[[0,0,0],[1,0,0],[0,1,0],[11,26,203]]
[[0,0,0],[1,0,0],[0,1,0],[2,47,203]]
[[0,0,0],[1,0,0],[0,1,0],[23,118,203]]
[[0,0,0],[1,0,0],[0,1,0],[7,85,203]]
[[0,0,0],[1,0,0],[0,1,0],[19,101,203]]
[[0,0,0],[1,0,0],[0,1,0],[4,22,203]]
[[0,0,0],[1,0,0],[0,1,0],[2,167,203]]
[[0,0,0],[1,0,0],[0,1,0],[41,135,203]]
[[0,0,0],[1,0,0],[0,1,0],[10,138,203]]
[[0,0,0],[1,0,0],[0,1,0],[23,69,203]]
[[0,0,0],[1,0,0],[0,1,0],[33,45,203]]
[[0,0,0],[1,0,0],[0,1,0],[14,155,203]]
[[0,0,0],[1,0,0],[0,1,0],[5,170,203]]
[[0,0,0],[1,0,0],[0,1,0],[25,62,203]]
[[0,0,0],[1,0,0],[0,1,0],[59,117,203]]
[[0,0,0],[1,0,0],[0,1,0],[75,192,203]]
[[0,0,0],[1,0,0],[0,1,0],[11,67,203]]
[[0,0,0],[1,0,0],[0,1,0],[8,30,203]]
[[0,0,0],[1,0,0],[0,1,0],[15,190,203]]
[[0,0,0],[1,0,0],[0,1,0],[15,22,203]]
[[0,0,0],[1,0,0],[0,1,0],[26,157,203]]
[[0,0,0],[1,0,0],[0,1,0],[2,30,203]]
[[0,0,0],[1,0,0],[0,1,0],[119,85,203]]
[[0,0,0],[1,0,0],[0,1,0],[13,62,203]]
[[0,0,0],[1,0,0],[0,1,0],[2,66,203]]
[[0,0,0],[1,0,0],[0,1,0],[9,44,203]]
[[0,0,0],[1,0,0],[0,1,0],[36,81,203]]
[[0,0,0],[1,0,0],[0,1,0],[10,61,203]]
[[0,0,0],[1,0,0],[0,1,0],[10,33,203]]
[[0,0,0],[1,0,0],[0,1,0],[4,46,203]]
[[0,0,0],[1,0,0],[0,1,0],[16,153,203]]
[[0,0,0],[1,0,0],[0,1,0],[10,96,203]]
[[0,0,0],[1,0,0],[0,1,0],[38,137,203]]
[[0,0,0],[1,0,0],[0,1,0],[5,55,203]]
[[0,0,0],[1,0,0],[0,1,0],[5,22,203]]
[[0,0,0],[1,0,0],[0,1,0],[28,71,203]]
[[0,0,0],[1,0,0],[0,1,0],[5,64,203]]
[[0,0,0],[1,0,0],[0,1,0],[59,148,203]]
[[0,0,0],[1,0,0],[0,1,0],[112,99,203]]
[[0,0,0],[1,0,0],[0,1,0],[11,31,203]]
[[0,0,0],[1,0,0],[0,1,0],[5,75,203]]
[[0,0,0],[1,0,0],[0,1,0],[31,73,203]]
[[0,0,0],[1,0,0],[0,1,0],[18,88,203]]
[[0,0,0],[1,0,0],[0,1,0],[21,99,203]]
[[0,0,0],[1,0,0],[0,1,0],[84,190,203]]
[[0,0,0],[1,0,0],[0,1,0],[25,30,203]]
[[0,0,0],[1,0,0],[0,1,0],[8,27,203]]
[[0,0,0],[1,0,0],[0,1,0],[47,180,203]]
[[0,0,0],[1,0,0],[0,1,0],[38,47,203]]
[[0,0,0],[1,0,0],[0,1,0],[12,54,203]]
[[0,0,0],[1,0,0],[0,1,0],[2,43,203]]
[[0,0,0],[1,0,0],[0,1,0],[93,202,203]]
[[0,0,0],[1,0,0],[0,1,0],[8,13,203]]
[[0,0,0],[1,0,0],[0,1,0],[52,75,203]]
[[0,0,0],[1,0,0],[0,1,0],[27,179,203]]
[[0,0,0],[1,0,0],[0,1,0],[38,108,203]]
[[0,0,0],[1,0,0],[0,1,0],[45,169,203]]
[[0,0,0],[1,0,0],[0,1,0],[8,31,203]]
[[0,0,0],[1,0,0],[0,1,0],[23,139,203]]
[[0,0,0],[1,0,0],[0,1,0],[40,170,203]]
[[0,0,0],[1,0,0],[0,1,0],[56,92,203]]
[[0,0,0],[1,0,0],[0,1,0],[25,25,203]]
[[0,0,0],[1,0,0],[0,1,0],[27,78,203]]
[[0,0,0],[1,0,0],[0,1,0],[3,40,203]]
[[0,0,0],[1,0,0],[0,1,0],[48,93,203]]
[[0,0,0],[1,0,0],[0,1,0],[47,101,203]]
[[0,0,0],[1,0,0],[0,1,0],[73,160,203]]
[[0,0,0],[1,0,0],[0,1,0],[7,71,203]]
[[0,0,0],[1,0,0],[0,1,0],[10,131,203]]
[[0,0,0],[1,0,0],[0,1,0],[41,55,203]]
[[0,0,0],[1,0,0],[0,1,0],[13,195,203]]
[[0,0,0],[1,0,0],[0,1,0],[7,15,203]]
[[0,0,0],[1,0,0],[0,1,0],[27,114,203]]
[[0,0,0],[1,0,0],[0,1,0],[45,163,203]]
[[0,0,0],[1,0,0],[0,1,0],[46,169,203]]
[[0,0,0],[1,0,0],[0,1,0],[56,64,203]]
[[0,0,0],[1,0,0],[0,1,0],[96,192,203]]
[[0,0,0],[1,0,0],[0,1,0],[2,54,203]]
[[0,0,0],[1,0,0],[0,1,0],[74,74,203]]
[[0,0,0],[1,0,0],[0,1,0],[14,71,203]]
[[0,0,0],[1,0,0],[0,1,0],[3,43,203]]
[[0,0,0],[1,0,0],[0,1,0],[25,188,203]]
[[0,0,0],[1,0,0],[0,1,0],[13,114,203]]
[[0,0,0],[1,0,0],[0,1,0],[18,32,203]]
[[0,0,0],[1,0,0],[0,1,0],[28,147,203]]
[[0,0,0],[1,0,0],[0,1,0],[3,61,203]]
[[0,0,0],[1,0,0],[0,1,0],[84,8,203]]
[[0,0,0],[1,0,0],[0,1,0],[143,166,203]]
[[0,0,0],[1,0,0],[0,1,0],[52,181,203]]
[[0,0,0],[1,0,0],[0,1,0],[27,46,203]]
[[0,0,0],[1,0,0],[0,1,0],[9,69,203]]
[[0,0,0],[1,0,0],[0,1,0],[76,163,203]]
[[0,0,0],[1,0,0],[0,1,0],[22,78,203]]
[[0,0,0],[1,0,0],[0,1,0],[4,151,203]]
[[0,0,0],[1,0,0],[0,1,0],[12,50,203]]
[[0,0,0],[1,0,0],[0,1,0],[30,71,203]]
[[0,0,0],[1,0,0],[0,1,0],[14,78,203]]
[[0,0,0],[1,0,0],[0,1,0],[11,19,203]]
[[0,0,0],[1,0,0],[0,1,0],[11,90,203]]
[[0,0,0],[1,0,0],[0,1,0],[28,43,203]]
[[0,0,0],[1,0,0],[0,1,0],[5,185,203]]
[[0,0,0],[1,0,0],[0,1,0],[16,45,203]]
[[0,0,0],[1,0,0],[0,1,0],[52,159,203]]
[[0,0,0],[1,0,0],[0,1,0],[111,180,203]]
[[0,0,0],[1,0,0],[0,1,0],[72,142,203]]
[[0,0,0],[1,0,0],[0,1,0],[9,83,203]]
[[0,0,0],[1,0,0],[0,1,0],[47,129,203]]
[[0,0,0],[1,0,0],[0,1,0],[2,10,203]]
[[0,0,0],[1,0,0],[0,1,0],[3,31,203]]
[[0,0,0],[1,0,0],[0,1,0],[23,89,203]]
[[0,0,0],[1,0,0],[0,1,0],[8,26,203]]
[[0,0,0],[1,0,0],[0,1,0],[56,71,203]]
[[0,0,0],[1,0,0],[0,1,0],[29,59,203]]
[[0,0,0],[1,0,0],[0,1,0],[12,93,203]]
[[0,0,0],[1,0,0],[0,1,0],[52,82,203]]
[[0,0,0],[1,0,0],[0,1,0],[81,152,203]]
[[0,0,0],[1,0,0],[0,1,0],[2,45,203]]
[[0,0,0],[1,0,0],[0,1,0],[4,95,203]]
[[0,0,0],[1,0,0],[0,1,0],[39,67,203]]
[[0,0,0],[1,0,0],[0,1,0],[6,36,203]]
[[0,0,0],[1,0,0],[0,1,0],[46,59,203]]
[[0,0,0],[1,0,0],[0,1,0],[4,186,203]]
[[0,0,0],[1,0,0],[0,1,0],[13,39,203]]
[[0,0,0],[1,0,0],[0,1,0],[5,94,203]]
[[0,0,0],[1,0,0],[0,1,0],[2,101,203]]
[[0,0,0],[1,0,0],[0,1,0],[43,78,203]]
[[0,0,0],[1,0,0],[0,1,0],[105,106,203]]
[[0,0,0],[1,0,0],[0,1,0],[3,71,203]]
[[0,0,0],[1,0,0],[0,1,0],[41,166,203]]
[[0,0,0],[1,0,0],[0,1,0],[35,50,203]]
[[0,0,0],[1,0,0],[0,1,0],[30,195,203]]
[[0,0,0],[1,0,0],[0,1,0],[18,79,203]]
[[0,0,0],[1,0,0],[0,1,0],[5,83,203]]
[[0,0,0],[1,0,0],[0,1,0],[147,115,203]]
[[0,0,0],[1,0,0],[0,1,0],[40,115,203]]
[[0,0,0],[1,0,0],[0,1,0],[24,151,203]]
[[0,0,0],[1,0,0],[0,1,0],[41,114,203]]
[[0,0,0],[1,0,0],[0,1,0],[6,54,203]]
[[0,0,0],[1,0,0],[0,1,0],[135,202,203]]
[[0,0,0],[1,0,0],[0,1,0],[8,73,203]]
[[0,0,0],[1,0,0],[0,1,0],[4,25,203]]
[[0,0,0],[1,0,0],[0,1,0],[2,195,203]]
[[0,0,0],[1,0,0],[0,1,0],[3,96,203]]
[[0,0,0],[1,0,0],[0,1,0],[30,181,203]]
[[0,0,0],[1,0,0],[0,1,0],[75,152,203]]
[[0,0,0],[1,0,0],[0,1,0],[9,160,203]]
[[0,0,0],[1,0,0],[0,1,0],[9,52,203]]
[[0,0,0],[1,0,0],[0,1,0],[31,54,203]]
[[0,0,0],[1,0,0],[0,1,0],[12,75,203]]
[[0,0,0],[1,0,0],[0,1,0],[11,81,203]]
[[0,0,0],[1,0,0],[0,1,0],[46,46,203]]
[[0,0,0],[1,0,0],[0,1,0],[8,43,203]]
[[0,0,0],[1,0,0],[0,1,0],[10,10,203]]
[[0,0,0],[1,0,0],[0,1,0],[22,31,203]]
[[0,0,0],[1,0,0],[0,1,0],[15,45,203]]
[[0,0,0],[1,0,0],[0,1,0],[26,136,203]]
[[0,0,0],[1,0,0],[0,1,0],[2,36,203]]
[[0,0,0],[1,0,0],[0,1,0],[19,74,203]]
[[0,0,0],[1,0,0],[0,1,0],[25,144,203]]
[[0,0,0],[1,0,0],[0,1,0],[11,75,203]]
[[0,0,0],[1,0,0],[0,1,0],[3,19,203]]
[[0,0,0],[1,0,0],[0,1,0],[16,24,203]]
[[0,0,0],[1,0,0],[0,1,0],[20,170,203]]
[[0,0,0],[1,0,0],[0,1,0],[6,32,203]]
[[0,0,0],[1,0,0],[0,1,0],[13,94,203]]
[[0,0,0],[1,0,0],[0,1,0],[28,1,203]]
[[0,0,0],[1,0,0],[0,1,0],[12,40,203]]
[[0,0,0],[1,0,0],[0,1,0],[6,74,203]]
[[0,0,0],[1,0,0],[0,1,0],[126,134,203]]
[[0,0,0],[1,0,0],[0,1,0],[54,162,203]]
[[0,0,0],[1,0,0],[0,1,0],[16,64,203]]
[[0,0,0],[1,0,0],[0,1,0],[20,67,203]]
[[0,0,0],[1,0,0],[0,1,0],[7,43,203]]
[[0,0,0],[1,0,0],[0,1,0],[41,149,203]]
[[0,0,0],[1,0,0],[0,1,0],[6,82,203]]
[[0,0,0],[1,0,0],[0,1,0],[12,164,203]]
[[0,0,0],[1,0,0],[0,1,0],[4,83,203]]
[[0,0,0],[1,0,0],[0,1,0],[39,123,203]]
[[0,0,0],[1,0,0],[0,1,0],[49,57,203]]
[[0,0,0],[1,0,0],[0,1,0],[47,59,203]]
[[0,0,0],[1,0,0],[0,1,0],[19,190,203]]
[[0,0,0],[1,0,0],[0,1,0],[11,11,203]]
[[0,0,0],[1,0,0],[0,1,0],[56,57,203]]
[[0,0,0],[1,0,0],[0,1,0],[71,162,203]]
[[0,0,0],[1,0,0],[0,1,0],[38,45,203]]
[[0,0,0],[1,0,0],[0,1,0],[26,33,203]]
[[0,0,0],[1,0,0],[0,1,0],[70,192,203]]
[[0,0,0],[1,0,0],[0,1,0],[18,26,203]]
[[0,0,0],[1,0,0],[0,1,0],[30,97,203]]
[[0,0,0],[1,0,0],[0,1,0],[23,44,203]]
[[0,0,0],[1,0,0],[0,1,0],[18,74,203]]
[[0,0,0],[1,0,0],[0,1,0],[119,172,203]]
[[0,0,0],[1,0,0],[0,1,0],[2,24,203]]
[[0,0,0],[1,0,0],[0,1,0],[13,22,203]]
[[0,0,0],[1,0,0],[0,1,0],[6,69,203]]
[[0,0,0],[1,0,0],[0,1,0],[24,103,203]]
[[0,0,0],[1,0,0],[0,1,0],[18,83,203]]
[[0,0,0],[1,0,0],[0,1,0],[30,60,203]]
[[0,0,0],[1,0,0],[0,1,0],[31,89,203]]
[[0,0,0],[1,0,0],[0,1,0],[5,45,203]]
[[0,0,0],[1,0,0],[0,1,0],[13,31,203]]
[[0,0,0],[1,0,0],[0,1,0],[11,72,203]]
[[0,0,0],[1,0,0],[0,1,0],[83,170,203]]
[[0,0,0],[1,0,0],[0,1,0],[87,117,203]]
[[0,0,0],[1,0,0],[0,1,0],[12,23,203]]
[[0,0,0],[1,0,0],[0,1,0],[1,18,203]]
[[0,0,0],[1,0,0],[0,1,0],[15,25,203]]
[[0,0,0],[1,0,0],[0,1,0],[3,6,203]]
[[0,0,0],[1,0,0],[0,1,0],[22,83,203]]
[[0,0,0],[1,0,0],[0,1,0],[72,103,203]]
[[0,0,0],[1,0,0],[0,1,0],[6,39,203]]
[[0,0,0],[1,0,0],[0,1,0],[11,69,203]]
[[0,0,0],[1,0,0],[0,1,0],[5,122,203]]
[[0,0,0],[1,0,0],[0,1,0],[31,72,203]]
[[0,0,0],[1,0,0],[0,1,0],[39,64,203]]
[[0,0,0],[1,0,0],[0,1,0],[9,40,203]]
[[0,0,0],[1,0,0],[0,1,0],[81,144,203]]
[[0,0,0],[1,0,0],[0,1,0],[12,171,203]]
[[0,0,0],[1,0,0],[0,1,0],[41,163,203]]
[[0,0,0],[1,0,0],[0,1,0],[19,31,203]]
[[0,0,0],[1,0,0],[0,1,0],[12,20,203]]
[[0,0,0],[1,0,0],[0,1,0],[20,142,203]]
[[0,0,0],[1,0,0],[0,1,0],[5,79,203]]
[[0,0,0],[1,0,0],[0,1,0],[12,39,203]]
[[0,0,0],[1,0,0],[0,1,0],[63,50,203]]
[[0,0,0],[1,0,0],[0,1,0],[71,191,203]]
[[0,0,0],[1,0,0],[0,1,0],[3,90,203]]
[[0,0,0],[1,0,0],[0,1,0],[5,54,203]]
[[0,0,0],[1,0,0],[0,1,0],[59,159,203]]
[[0,0,0],[1,0,0],[0,1,0],[28,57,203]]
[[0,0,0],[1,0,0],[0,1,0],[23,85,203]]
[[0,0,0],[1,0,0],[0,1,0],[15,52,203]]
[[0,0,0],[1,0,0],[0,1,0],[3,73,203]]
[[0,0,0],[1,0,0],[0,1,0],[91,26,203]]
[[0,0,0],[1,0,0],[0,1,0],[11,15,203]]
[[0,0,0],[1,0,0],[0,1,0],[59,89,203]]
[[0,0,0],[1,0,0],[0,1,0],[25,39,203]]
[[0,0,0],[1,0,0],[0,1,0],[38,173,203]]
[[0,0,0],[1,0,0],[0,1,0],[11,179,203]]
[[0,0,0],[1,0,0],[0,1,0],[40,185,203]]
[[0,0,0],[1,0,0],[0,1,0],[16,57,203]]
[[0,0,0],[1,0,0],[0,1,0],[9,32,203]]
[[0,0,0],[1,0,0],[0,1,0],[15,193,203]]
[[0,0,0],[1,0,0],[0,1,0],[45,130,203]]
[[0,0,0],[1,0,0],[0,1,0],[16,71,203]]
[[0,0,0],[1,0,0],[0,1,0],[41,100,203]]
[[0,0,0],[1,0,0],[0,1,0],[10,48,203]]
[[0,0,0],[1,0,0],[0,1,0],[28,2,203]]
[[0,0,0],[1,0,0],[0,1,0],[33,108,203]]
[[0,0,0],[1,0,0],[0,1,0],[6,6,203]]
[[0,0,0],[1,0,0],[0,1,0],[3,45,203]]
[[0,0,0],[1,0,0],[0,1,0],[18,93,203]]
[[0,0,0],[1,0,0],[0,1,0],[38,152,203]]
[[0,0,0],[1,0,0],[0,1,0],[2,32,203]]
[[0,0,0],[1,0,0],[0,1,0],[109,109,203]]
[[0,0,0],[1,0,0],[0,1,0],[2,6,203]]
[[0,0,0],[1,0,0],[0,1,0],[11,172,203]]
[[0,0,0],[1,0,0],[0,1,0],[2,93,203]]
[[0,0,0],[1,0,0],[0,1,0],[75,136,203]]
[[0,0,0],[1,0,0],[0,1,0],[3,68,203]]
[[0,0,0],[1,0,0],[0,1,0],[119,114,203]]
[[0,0,0],[1,0,0],[0,1,0],[13,163,203]]
[[0,0,0],[1,0,0],[0,1,0],[2,181,203]]
[[0,0,0],[1,0,0],[0,1,0],[5,157,203]]
[[0,0,0],[1,0,0],[0,1,0],[23,43,203]]
[[0,0,0],[1,0,0],[0,1,0],[5,19,203]]
[[0,0,0],[1,0,0],[0,1,0],[12,67,203]]
[[0,0,0],[1,0,0],[0,1,0],[5,43,203]]
[[0,0,0],[1,0,0],[0,1,0],[48,170,203]]
[[0,0,0],[1,0,0],[0,1,0],[8,12,203]]
[[0,0,0],[1,0,0],[0,1,0],[28,15,203]]
[[0,0,0],[1,0,0],[0,1,0],[6,93,203]]
[[0,0,0],[1,0,0],[0,1,0],[145,117,203]]
[[0,0,0],[1,0,0],[0,1,0],[19,136,203]]
[[0,0,0],[1,0,0],[0,1,0],[18,85,203]]
[[0,0,0],[1,0,0],[0,1,0],[2,76,203]]
[[0,0,0],[1,0,0],[0,1,0],[3,59,203]]
[[0,0,0],[1,0,0],[0,1,0],[3,74,203]]
[[0,0,0],[1,0,0],[0,1,0],[23,94,203]]
[[0,0,0],[1,0,0],[0,1,0],[96,109,203]]
[[0,0,0],[1,0,0],[0,1,0],[23,190,203]]
[[0,0,0],[1,0,0],[0,1,0],[25,130,203]]
[[0,0,0],[1,0,0],[0,1,0],[39,136,203]]
[[0,0,0],[1,0,0],[0,1,0],[54,178,203]]
[[0,0,0],[1,0,0],[0,1,0],[3,66,203]]
[[0,0,0],[1,0,0],[0,1,0],[26,82,203]]
[[0,0,0],[1,0,0],[0,1,0],[2,202,203]]
[[0,0,0],[1,0,0],[0,1,0],[25,95,203]]
[[0,0,0],[1,0,0],[0,1,0],[10,23,203]]
[[0,0,0],[1,0,0],[0,1,0],[18,53,203]]
[[0,0,0],[1,0,0],[0,1,0],[47,64,203]]
[[0,0,0],[1,0,0],[0,1,0],[111,151,203]]
[[0,0,0],[1,0,0],[0,1,0],[20,121,203]]
[[0,0,0],[1,0,0],[0,1,0],[41,180,203]]
[[0,0,0],[1,0,0],[0,1,0],[8,24,203]]
[[0,0,0],[1,0,0],[0,1,0],[15,15,203]]
[[0,0,0],[1,0,0],[0,1,0],[3,110,203]]
[[0,0,0],[1,0,0],[0,1,0],[6,114,203]]
[[0,0,0],[1,0,0],[0,1,0],[14,197,203]]
[[0,0,0],[1,0,0],[0,1,0],[19,194,203]]
[[0,0,0],[1,0,0],[0,1,0],[3,8,203]]
[[0,0,0],[1,0,0],[0,1,0],[4,10,203]]
[[0,0,0],[1,0,0],[0,1,0],[9,85,203]]
[[0,0,0],[1,0,0],[0,1,0],[15,80,203]]
[[0,0,0],[1,0,0],[0,1,0],[3,65,203]]
[[0,0,0],[1,0,0],[0,1,0],[31,187,203]]
[[0,0,0],[1,0,0],[0,1,0],[13,16,203]]
[[0,0,0],[1,0,0],[0,1,0],[84,91,203]]
[[0,0,0],[1,0,0],[0,1,0],[13,192,203]]
[[0,0,0],[1,0,0],[0,1,0],[50,167,203]]
[[0,0,0],[1,0,0],[0,1,0],[50,67,203]]
[[0,0,0],[1,0,0],[0,1,0],[3,54,203]]
[[0,0,0],[1,0,0],[0,1,0],[11,88,203]]
[[0,0,0],[1,0,0],[0,1,0],[33,187,203]]
[[0,0,0],[1,0,0],[0,1,0],[12,193,203]]
[[0,0,0],[1,0,0],[0,1,0],[3,138,203]]
[[0,0,0],[1,0,0],[0,1,0],[12,38,203]]
[[0,0,0],[1,0,0],[0,1,0],[4,52,203]]
[[0,0,0],[1,0,0],[0,1,0],[70,197,203]]
[[0,0,0],[1,0,0],[0,1,0],[11,165,203]]
[[0,0,0],[1,0,0],[0,1,0],[22,36,203]]
[[0,0,0],[1,0,0],[0,1,0],[4,61,203]]
[[0,0,0],[1,0,0],[0,1,0],[39,72,203]]
[[0,0,0],[1,0,0],[0,1,0],[2,53,203]]
[[0,0,0],[1,0,0],[0,1,0],[39,193,203]]
[[0,0,0],[1,0,0],[0,1,0],[24,88,203]]
[[0,0,0],[1,0,0],[0,1,0],[8,67,203]]
[[0,0,0],[1,0,0],[0,1,0],[18,92,203]]
[[0,0,0],[1,0,0],[0,1,0],[41,128,203]]
[[0,0,0],[1,0,0],[0,1,0],[13,156,203]]
[[0,0,0],[1,0,0],[0,1,0],[10,85,203]]
[[0,0,0],[1,0,0],[0,1,0],[11,47,203]]
[[0,0,0],[1,0,0],[0,1,0],[54,143,203]]
[[0,0,0],[1,0,0],[0,1,0],[118,202,203]]
[[0,0,0],[1,0,0],[0,1,0],[18,90,203]]
[[0,0,0],[1,0,0],[0,1,0],[91,1,203]]
[[0,0,0],[1,0,0],[0,1,0],[10,50,203]]
[[0,0,0],[1,0,0],[0,1,0],[2,12,203]]
[[0,0,0],[1,0,0],[0,1,0],[8,45,203]]
[[0,0,0],[1,0,0],[0,1,0],[23,50,203]]
[[0,0,0],[1,0,0],[0,1,0],[25,27,203]]
[[0,0,0],[1,0,0],[0,1,0],[15,75,203]]
[[0,0,0],[1,0,0],[0,1,0],[9,88,203]]
[[0,0,0],[1,0,0],[0,1,0],[31,62,203]]
[[0,0,0],[1,0,0],[0,1,0],[22,69,203]]
[[0,0,0],[1,0,0],[0,1,0],[52,123,203]]
[[0,0,0],[1,0,0],[0,1,0],[18,99,203]]
[[0,0,0],[1,0,0],[0,1,0],[38,82,203]]
[[0,0,0],[1,0,0],[0,1,0],[69,198,203]]
[[0,0,0],[1,0,0],[0,1,0],[13,46,203]]
[[0,0,0],[1,0,0],[0,1,0],[28,89,203]]
[[0,0,0],[1,0,0],[0,1,0],[112,179,203]]
[[0,0,0],[1,0,0],[0,1,0],[18,31,203]]
[[0,0,0],[1,0,0],[0,1,0],[98,8,203]]
[[0,0,0],[1,0,0],[0,1,0],[8,71,203]]
[[0,0,0],[1,0,0],[0,1,0],[70,105,203]]
[[0,0,0],[1,0,0],[0,1,0],[3,180,203]]
[[0,0,0],[1,0,0],[0,1,0],[5,41,203]]
[[0,0,0],[1,0,0],[0,1,0],[19,54,203]]
[[0,0,0],[1,0,0],[0,1,0],[5,108,203]]
[[0,0,0],[1,0,0],[0,1,0],[5,71,203]]
[[0,0,0],[1,0,0],[0,1,0],[6,73,203]]
[[0,0,0],[1,0,0],[0,1,0],[1,12,203]]
[[0,0,0],[1,0,0],[0,1,0],[8,167,203]]
[[0,0,0],[1,0,0],[0,1,0],[98,134,203]]
[[0,0,0],[1,0,0],[0,1,0],[90,139,203]]
[[0,0,0],[1,0,0],[0,1,0],[13,162,203]]
[[0,0,0],[1,0,0],[0,1,0],[3,62,203]]
[[0,0,0],[1,0,0],[0,1,0],[91,141,203]]
[[0,0,0],[1,0,0],[0,1,0],[47,94,203]]
[[0,0,0],[1,0,0],[0,1,0],[52,124,203]]
[[0,0,0],[1,0,0],[0,1,0],[13,191,203]]
[[0,0,0],[1,0,0],[0,1,0],[9,41,203]]
[[0,0,0],[1,0,0],[0,1,0],[10,159,203]]
[[0,0,0],[1,0,0],[0,1,0],[2,73,203]]
[[0,0,0],[1,0,0],[0,1,0],[6,9,203]]
[[0,0,0],[1,0,0],[0,1,0],[39,78,203]]
[[0,0,0],[1,0,0],[0,1,0],[31,173,203]]
[[0,0,0],[1,0,0],[0,1,0],[1,9,203]]
[[0,0,0],[1,0,0],[0,1,0],[14,57,203]]
[[0,0,0],[1,0,0],[0,1,0],[26,45,203]]
[[0,0,0],[1,0,0],[0,1,0],[49,184,203]]
[[0,0,0],[1,0,0],[0,1,0],[10,25,203]]
[[0,0,0],[1,0,0],[0,1,0],[4,23,203]]
[[0,0,0],[1,0,0],[0,1,0],[45,96,203]]
[[0,0,0],[1,0,0],[0,1,0],[154,57,203]]
[[0,0,0],[1,0,0],[0,1,0],[7,197,203]]
[[0,0,0],[1,0,0],[0,1,0],[62,149,203]]
[[0,0,0],[1,0,0],[0,1,0],[86,202,203]]
[[0,0,0],[1,0,0],[0,1,0],[23,39,203]]
[[0,0,0],[1,0,0],[0,1,0],[8,82,203]]
[[0,0,0],[1,0,0],[0,1,0],[30,185,203]]
[[0,0,0],[1,0,0],[0,1,0],[74,200,203]]
[[0,0,0],[1,0,0],[0,1,0],[8,197,203]]
[[0,0,0],[1,0,0],[0,1,0],[7,113,203]]
[[0,0,0],[1,0,0],[0,1,0],[23,192,203]]
[[0,0,0],[1,0,0],[0,1,0],[9,17,203]]
[[0,0,0],[1,0,0],[0,1,0],[45,201,203]]
[[0,0,0],[1,0,0],[0,1,0],[3,81,203]]
[[0,0,0],[1,0,0],[0,1,0],[16,159,203]]
[[0,0,0],[1,0,0],[0,1,0],[12,55,203]]
[[0,0,0],[1,0,0],[0,1,0],[11,94,203]]
[[0,0,0],[1,0,0],[0,1,0],[46,151,203]]
[[0,0,0],[1,0,0],[0,1,0],[27,32,203]]
[[0,0,0],[1,0,0],[0,1,0],[26,187,203]]
[[0,0,0],[1,0,0],[0,1,0],[27,39,203]]
[[0,0,0],[1,0,0],[0,1,0],[8,83,203]]
[[0,0,0],[1,0,0],[0,1,0],[105,197,203]]
[[0,0,0],[1,0,0],[0,1,0],[32,72,203]]
[[0,0,0],[1,0,0],[0,1,0],[86,143,203]]
[[0,0,0],[1,0,0],[0,1,0],[1,73,203]]
[[0,0,0],[1,0,0],[0,1,0],[4,44,203]]
[[0,0,0],[1,0,0],[0,1,0],[119,141,203]]
[[0,0,0],[1,0,0],[0,1,0],[14,1,203]]
[[0,0,0],[1,0,0],[0,1,0],[9,25,203]]
[[0,0,0],[1,0,0],[0,1,0],[18,128,203]]
[[0,0,0],[1,0,0],[0,1,0],[58,175,203]]
[[0,0,0],[1,0,0],[0,1,0],[10,37,203]]
[[0,0,0],[1,0,0],[0,1,0],[99,146,203]]
[[0,0,0],[1,0,0],[0,1,0],[2,144,203]]
[[0,0,0],[1,0,0],[0,1,0],[115,173,203]]
[[0,0,0],[1,0,0],[0,1,0],[5,96,203]]
[[0,0,0],[1,0,0],[0,1,0],[3,152,203]]
[[0,0,0],[1,0,0],[0,1,0],[26,178,203]]
[[0,0,0],[1,0,0],[0,1,0],[30,90,203]]
[[0,0,0],[1,0,0],[0,1,0],[22,72,203]]
[[0,0,0],[1,0,0],[0,1,0],[9,118,203]]
[[0,0,0],[1,0,0],[0,1,0],[45,180,203]]
[[0,0,0],[1,0,0],[0,1,0],[22,26,203]]
[[0,0,0],[1,0,0],[0,1,0],[5,52,203]]
[[0,0,0],[1,0,0],[0,1,0],[27,47,203]]
[[0,0,0],[1,0,0],[0,1,0],[42,106,203]]
[[0,0,0],[1,0,0],[0,1,0],[22,187,203]]
[[0,0,0],[1,0,0],[0,1,0],[32,82,203]]
[[0,0,0],[1,0,0],[0,1,0],[123,123,203]]
[[0,0,0],[1,0,0],[0,1,0],[2,60,203]]
[[0,0,0],[1,0,0],[0,1,0],[13,75,203]]
[[0,0,0],[1,0,0],[0,1,0],[44,90,203]]
[[0,0,0],[1,0,0],[0,1,0],[58,30,203]]
[[0,0,0],[1,0,0],[0,1,0],[31,159,203]]
[[0,0,0],[1,0,0],[0,1,0],[4,144,203]]
[[0,0,0],[1,0,0],[0,1,0],[4,24,203]]
[[0,0,0],[1,0,0],[0,1,0],[9,78,203]]
[[0,0,0],[1,0,0],[0,1,0],[27,198,203]]
[[0,0,0],[1,0,0],[0,1,0],[10,17,203]]
[[0,0,0],[1,0,0],[0,1,0],[8,81,203]]
[[0,0,0],[1,0,0],[0,1,0],[4,33,203]]
[[0,0,0],[1,0,0],[0,1,0],[26,54,203]]
[[0,0,0],[1,0,0],[0,1,0],[20,177,203]]
[[0,0,0],[1,0,0],[0,1,0],[49,176,203]]
[[0,0,0],[1,0,0],[0,1,0],[1,19,203]]
[[0,0,0],[1,0,0],[0,1,0],[40,143,203]]
[[0,0,0],[1,0,0],[0,1,0],[12,24,203]]
[[0,0,0],[1,0,0],[0,1,0],[11,74,203]]
[[0,0,0],[1,0,0],[0,1,0],[5,200,203]]
[[0,0,0],[1,0,0],[0,1,0],[10,124,203]]
[[0,0,0],[1,0,0],[0,1,0],[39,194,203]]
[[0,0,0],[1,0,0],[0,1,0],[9,139,203]]
[[0,0,0],[1,0,0],[0,1,0],[2,11,203]]
[[0,0,0],[1,0,0],[0,1,0],[8,80,203]]
[[0,0,0],[1,0,0],[0,1,0],[31,40,203]]
[[0,0,0],[1,0,0],[0,1,0],[19,115,203]]
[[0,0,0],[1,0,0],[0,1,0],[36,44,203]]
[[0,0,0],[1,0,0],[0,1,0],[2,25,203]]
[[0,0,0],[1,0,0],[0,1,0],[90,93,203]]
[[0,0,0],[1,0,0],[0,1,0],[19,80,203]]
[[0,0,0],[1,0,0],[0,1,0],[4,59,203]]
[[0,0,0],[1,0,0],[0,1,0],[140,92,203]]
[[0,0,0],[1,0,0],[0,1,0],[26,199,203]]
[[0,0,0],[1,0,0],[0,1,0],[8,50,203]]
[[0,0,0],[1,0,0],[0,1,0],[27,128,203]]
[[0,0,0],[1,0,0],[0,1,0],[25,40,203]]
[[0,0,0],[1,0,0],[0,1,0],[15,55,203]]
[[0,0,0],[1,0,0],[0,1,0],[6,89,203]]
[[0,0,0],[1,0,0],[0,1,0],[11,106,203]]
[[0,0,0],[1,0,0],[0,1,0],[25,72,203]]
[[0,0,0],[1,0,0],[0,1,0],[13,36,203]]
[[0,0,0],[1,0,0],[0,1,0],[24,41,203]]
[[0,0,0],[1,0,0],[0,1,0],[5,101,203]]
[[0,0,0],[1,0,0],[0,1,0],[14,92,203]]
[[0,0,0],[1,0,0],[0,1,0],[33,94,203]]
[[0,0,0],[1,0,0],[0,1,0],[64,169,203]]
[[0,0,0],[1,0,0],[0,1,0],[27,121,203]]
[[0,0,0],[1,0,0],[0,1,0],[6,59,203]]
[[0,0,0],[1,0,0],[0,1,0],[31,76,203]]
[[0,0,0],[1,0,0],[0,1,0],[32,181,203]]
[[0,0,0],[1,0,0],[0,1,0],[2,139,203]]
[[0,0,0],[1,0,0],[0,1,0],[9,27,203]]
[[0,0,0],[1,0,0],[0,1,0],[147,86,203]]
[[0,0,0],[1,0,0],[0,1,0],[5,92,203]]
[[0,0,0],[1,0,0],[0,1,0],[38,159,203]]
[[0,0,0],[1,0,0],[0,1,0],[111,135,203]]
[[0,0,0],[1,0,0],[0,1,0],[35,85,203]]
[[0,0,0],[1,0,0],[0,1,0],[8,86,203]]
[[0,0,0],[1,0,0],[0,1,0],[28,31,203]]
[[0,0,0],[1,0,0],[0,1,0],[64,64,203]]
[[0,0,0],[1,0,0],[0,1,0],[31,201,203]]
[[0,0,0],[1,0,0],[0,1,0],[9,13,203]]
[[0,0,0],[1,0,0],[0,1,0],[20,107,203]]
[[0,0,0],[1,0,0],[0,1,0],[5,53,203]]
[[0,0,0],[1,0,0],[0,1,0],[56,1,203]]
[[0,0,0],[1,0,0],[0,1,0],[72,181,203]]
[[0,0,0],[1,0,0],[0,1,0],[2,153,203]]
[[0,0,0],[1,0,0],[0,1,0],[4,26,203]]
[[0,0,0],[1,0,0],[0,1,0],[48,157,203]]
[[0,0,0],[1,0,0],[0,1,0],[3,89,203]]
[[0,0,0],[1,0,0],[0,1,0],[19,199,203]]
[[0,0,0],[1,0,0],[0,1,0],[31,45,203]]
[[0,0,0],[1,0,0],[0,1,0],[6,107,203]]
[[0,0,0],[1,0,0],[0,1,0],[31,67,203]]
[[0,0,0],[1,0,0],[0,1,0],[26,88,203]]
[[0,0,0],[1,0,0],[0,1,0],[73,96,203]]
[[0,0,0],[1,0,0],[0,1,0],[67,123,203]]
[[0,0,0],[1,0,0],[0,1,0],[32,177,203]]
[[0,0,0],[1,0,0],[0,1,0],[18,144,203]]
[[0,0,0],[1,0,0],[0,1,0],[10,60,203]]
[[0,0,0],[1,0,0],[0,1,0],[21,148,203]]
[[0,0,0],[1,0,0],[0,1,0],[1,1,203]]
[[0,0,0],[1,0,0],[0,1,0],[9,53,203]]
[[0,0,0],[1,0,0],[0,1,0],[6,43,203]]
[[0,0,0],[1,0,0],[0,1,0],[6,72,203]]
[[0,0,0],[1,0,0],[0,1,0],[2,95,203]]
[[0,0,0],[1,0,0],[0,1,0],[3,11,203]]
[[0,0,0],[1,0,0],[0,1,0],[8,38,203]]
[[0,0,0],[1,0,0],[0,1,0],[19,40,203]]
[[0,0,0],[1,0,0],[0,1,0],[5,81,203]]
[[0,0,0],[1,0,0],[0,1,0],[143,152,203]]
[[0,0,0],[1,0,0],[0,1,0],[54,54,203]]
[[0,0,0],[1,0,0],[0,1,0],[19,185,203]]
[[0,0,0],[1,0,0],[0,1,0],[67,74,203]]
[[0,0,0],[1,0,0],[0,1,0],[95,137,203]]
[[0,0,0],[1,0,0],[0,1,0],[16,101,203]]
[[0,0,0],[1,0,0],[0,1,0],[4,55,203]]
[[0,0,0],[1,0,0],[0,1,0],[5,65,203]]
[[0,0,0],[1,0,0],[0,1,0],[7,106,203]]
[[0,0,0],[1,0,0],[0,1,0],[18,60,203]]
[[0,0,0],[1,0,0],[0,1,0],[12,88,203]]
[[0,0,0],[1,0,0],[0,1,0],[12,101,203]]
[[0,0,0],[1,0,0],[0,1,0],[9,79,203]]
[[0,0,0],[1,0,0],[0,1,0],[20,190,203]]
[[0,0,0],[1,0,0],[0,1,0],[36,62,203]]
[[0,0,0],[1,0,0],[0,1,0],[5,85,203]]
[[0,0,0],[1,0,0],[0,1,0],[23,33,203]]
[[0,0,0],[1,0,0],[0,1,0],[33,74,203]]
[[0,0,0],[1,0,0],[0,1,0],[5,12,203]]
[[0,0,0],[1,0,0],[0,1,0],[9,66,203]]
[[0,0,0],[1,0,0],[0,1,0],[6,199,203]]
[[0,0,0],[1,0,0],[0,1,0],[20,55,203]]
[[0,0,0],[1,0,0],[0,1,0],[40,50,203]]
[[0,0,0],[1,0,0],[0,1,0],[112,34,203]]
[[0,0,0],[1,0,0],[0,1,0],[36,173,203]]
[[0,0,0],[1,0,0],[0,1,0],[8,66,203]]
[[0,0,0],[1,0,0],[0,1,0],[19,157,203]]
[[0,0,0],[1,0,0],[0,1,0],[5,40,203]]
[[0,0,0],[1,0,0],[0,1,0],[2,19,203]]
[[0,0,0],[1,0,0],[0,1,0],[49,106,203]]
[[0,0,0],[1,0,0],[0,1,0],[72,90,203]]
[[0,0,0],[1,0,0],[0,1,0],[14,141,203]]
[[0,0,0],[1,0,0],[0,1,0],[49,1,203]]
[[0,0,0],[1,0,0],[0,1,0],[15,79,203]]
[[0,0,0],[1,0,0],[0,1,0],[36,67,203]]
[[0,0,0],[1,0,0],[0,1,0],[14,162,203]]
[[0,0,0],[1,0,0],[0,1,0],[3,131,203]]
[[0,0,0],[1,0,0],[0,1,0],[27,74,203]]
[[0,0,0],[1,0,0],[0,1,0],[18,38,203]]
[[0,0,0],[1,0,0],[0,1,0],[73,138,203]]
[[0,0,0],[1,0,0],[0,1,0],[20,89,203]]
[[0,0,0],[1,0,0],[0,1,0],[2,118,203]]
[[0,0,0],[1,0,0],[0,1,0],[95,95,203]]
[[0,0,0],[1,0,0],[0,1,0],[50,57,203]]
[[0,0,0],[1,0,0],[0,1,0],[7,183,203]]
[[0,0,0],[1,0,0],[0,1,0],[30,33,203]]
[[0,0,0],[1,0,0],[0,1,0],[35,71,203]]
[[0,0,0],[1,0,0],[0,1,0],[3,117,203]]
[[0,0,0],[1,0,0],[0,1,0],[25,137,203]]
[[0,0,0],[1,0,0],[0,1,0],[93,169,203]]
[[0,0,0],[1,0,0],[0,1,0],[59,146,203]]
[[0,0,0],[1,0,0],[0,1,0],[13,18,203]]
[[0,0,0],[1,0,0],[0,1,0],[49,99,203]]
[[0,0,0],[1,0,0],[0,1,0],[112,121,203]]
[[0,0,0],[1,0,0],[0,1,0],[70,76,203]]
[[0,0,0],[1,0,0],[0,1,0],[35,43,203]]
[[0,0,0],[1,0,0],[0,1,0],[5,86,203]]
[[0,0,0],[1,0,0],[0,1,0],[42,36,203]]
[[0,0,0],[1,0,0],[0,1,0],[26,192,203]]
[[0,0,0],[1,0,0],[0,1,0],[12,64,203]]
[[0,0,0],[1,0,0],[0,1,0],[20,36,203]]
[[0,0,0],[1,0,0],[0,1,0],[44,55,203]]
[[0,0,0],[1,0,0],[0,1,0],[62,72,203]]
[[0,0,0],[1,0,0],[0,1,0],[9,74,203]]
[[0,0,0],[1,0,0],[0,1,0],[25,193,203]]
[[0,0,0],[1,0,0],[0,1,0],[74,186,203]]
[[0,0,0],[1,0,0],[0,1,0],[67,67,203]]
[[0,0,0],[1,0,0],[0,1,0],[98,183,203]]
[[0,0,0],[1,0,0],[0,1,0],[8,85,203]]
[[0,0,0],[1,0,0],[0,1,0],[1,26,203]]
[[0,0,0],[1,0,0],[0,1,0],[5,76,203]]
[[0,0,0],[1,0,0],[0,1,0],[33,55,203]]
[[0,0,0],[1,0,0],[0,1,0],[56,169,203]]
[[0,0,0],[1,0,0],[0,1,0],[31,183,203]]
[[0,0,0],[1,0,0],[0,1,0],[6,128,203]]
[[0,0,0],[1,0,0],[0,1,0],[7,8,203]]
[[0,0,0],[1,0,0],[0,1,0],[58,1,203]]
[[0,0,0],[1,0,0],[0,1,0],[3,37,203]]
[[0,0,0],[1,0,0],[0,1,0],[15,93,203]]
[[0,0,0],[1,0,0],[0,1,0],[73,201,203]]
[[0,0,0],[1,0,0],[0,1,0],[13,67,203]]
[[0,0,0],[1,0,0],[0,1,0],[15,19,203]]
[[0,0,0],[1,0,0],[0,1,0],[35,183,203]]
[[0,0,0],[1,0,0],[0,1,0],[13,81,203]]
[[0,0,0],[1,0,0],[0,1,0],[33,172,203]]
[[0,0,0],[1,0,0],[0,1,0],[4,13,203]]
[[0,0,0],[1,0,0],[0,1,0],[38,183,203]]
[[0,0,0],[1,0,0],[0,1,0],[44,146,203]]
[[0,0,0],[1,0,0],[0,1,0],[30,48,203]]
[[0,0,0],[1,0,0],[0,1,0],[7,110,203]]
[[0,0,0],[1,0,0],[0,1,0],[24,93,203]]
[[0,0,0],[1,0,0],[0,1,0],[21,106,203]]
[[0,0,0],[1,0,0],[0,1,0],[81,186,203]]
[[0,0,0],[1,0,0],[0,1,0],[45,101,203]]
[[0,0,0],[1,0,0],[0,1,0],[114,202,203]]
[[0,0,0],[1,0,0],[0,1,0],[5,46,203]]
[[0,0,0],[1,0,0],[0,1,0],[16,72,203]]
[[0,0,0],[1,0,0],[0,1,0],[3,187,203]]
[[0,0,0],[1,0,0],[0,1,0],[10,195,203]]
[[0,0,0],[1,0,0],[0,1,0],[42,46,203]]
[[0,0,0],[1,0,0],[0,1,0],[45,166,203]]
[[0,0,0],[1,0,0],[0,1,0],[13,65,203]]
[[0,0,0],[1,0,0],[0,1,0],[83,163,203]]
[[0,0,0],[1,0,0],[0,1,0],[1,5,203]]
[[0,0,0],[1,0,0],[0,1,0],[27,178,203]]
[[0,0,0],[1,0,0],[0,1,0],[22,81,203]]
[[0,0,0],[1,0,0],[0,1,0],[1,43,203]]
[[0,0,0],[1,0,0],[0,1,0],[4,37,203]]
[[0,0,0],[1,0,0],[0,1,0],[27,107,203]]
[[0,0,0],[1,0,0],[0,1,0],[16,80,203]]
[[0,0,0],[1,0,0],[0,1,0],[5,8,203]]
[[0,0,0],[1,0,0],[0,1,0],[42,190,203]]
[[0,0,0],[1,0,0],[0,1,0],[20,30,203]]
[[0,0,0],[1,0,0],[0,1,0],[6,156,203]]
[[0,0,0],[1,0,0],[0,1,0],[90,137,203]]
[[0,0,0],[1,0,0],[0,1,0],[29,175,203]]
[[0,0,0],[1,0,0],[0,1,0],[1,52,203]]
[[0,0,0],[1,0,0],[0,1,0],[39,137,203]]
[[0,0,0],[1,0,0],[0,1,0],[21,183,203]]
[[0,0,0],[1,0,0],[0,1,0],[26,78,203]]
[[0,0,0],[1,0,0],[0,1,0],[27,31,203]]
[[0,0,0],[1,0,0],[0,1,0],[83,144,203]]
[[0,0,0],[1,0,0],[0,1,0],[7,78,203]]
[[0,0,0],[1,0,0],[0,1,0],[32,36,203]]
[[0,0,0],[1,0,0],[0,1,0],[4,32,203]]
[[0,0,0],[1,0,0],[0,1,0],[4,50,203]]
[[0,0,0],[1,0,0],[0,1,0],[12,60,203]]
[[0,0,0],[1,0,0],[0,1,0],[10,46,203]]
[[0,0,0],[1,0,0],[0,1,0],[16,62,203]]
[[0,0,0],[1,0,0],[0,1,0],[2,13,203]]
[[0,0,0],[1,0,0],[0,1,0],[63,183,203]]
[[0,0,0],[1,0,0],[0,1,0],[36,45,203]]
[[0,0,0],[1,0,0],[0,1,0],[24,24,203]]
[[0,0,0],[1,0,0],[0,1,0],[7,36,203]]
[[0,0,0],[1,0,0],[0,1,0],[2,69,203]]
[[0,0,0],[1,0,0],[0,1,0],[69,156,203]]
[[0,0,0],[1,0,0],[0,1,0],[112,92,203]]
[[0,0,0],[1,0,0],[0,1,0],[11,80,203]]
[[0,0,0],[1,0,0],[0,1,0],[9,92,203]]
[[0,0,0],[1,0,0],[0,1,0],[74,101,203]]
[[0,0,0],[1,0,0],[0,1,0],[3,47,203]]
[[0,0,0],[1,0,0],[0,1,0],[19,81,203]]
[[0,0,0],[1,0,0],[0,1,0],[161,57,203]]
[[0,0,0],[1,0,0],[0,1,0],[11,130,203]]
[[0,0,0],[1,0,0],[0,1,0],[12,26,203]]
[[0,0,0],[1,0,0],[0,1,0],[27,86,203]]
[[0,0,0],[1,0,0],[0,1,0],[45,152,203]]
[[0,0,0],[1,0,0],[0,1,0],[41,86,203]]
[[0,0,0],[1,0,0],[0,1,0],[5,59,203]]
[[0,0,0],[1,0,0],[0,1,0],[4,96,203]]
[[0,0,0],[1,0,0],[0,1,0],[8,37,203]]
[[0,0,0],[1,0,0],[0,1,0],[24,181,203]]
[[0,0,0],[1,0,0],[0,1,0],[9,89,203]]
[[0,0,0],[1,0,0],[0,1,0],[11,43,203]]
[[0,0,0],[1,0,0],[0,1,0],[70,18,203]]
[[0,0,0],[1,0,0],[0,1,0],[3,44,203]]
[[0,0,0],[1,0,0],[0,1,0],[42,133,203]]
[[0,0,0],[1,0,0],[0,1,0],[63,54,203]]
[[0,0,0],[1,0,0],[0,1,0],[4,17,203]]
[[0,0,0],[1,0,0],[0,1,0],[6,88,203]]
[[0,0,0],[1,0,0],[0,1,0],[2,115,203]]
[[0,0,0],[1,0,0],[0,1,0],[69,121,203]]
[[0,0,0],[1,0,0],[0,1,0],[19,164,203]]
[[0,0,0],[1,0,0],[0,1,0],[5,164,203]]
[[0,0,0],[1,0,0],[0,1,0],[3,25,203]]
[[0,0,0],[1,0,0],[0,1,0],[11,194,203]]
[[0,0,0],[1,0,0],[0,1,0],[24,75,203]]
[[0,0,0],[1,0,0],[0,1,0],[39,60,203]]
[[0,0,0],[1,0,0],[0,1,0],[63,148,203]]
[[0,0,0],[1,0,0],[0,1,0],[70,162,203]]
[[0,0,0],[1,0,0],[0,1,0],[5,90,203]]
[[0,0,0],[1,0,0],[0,1,0],[19,22,203]]
[[0,0,0],[1,0,0],[0,1,0],[19,44,203]]
[[0,0,0],[1,0,0],[0,1,0],[5,80,203]]
[[0,0,0],[1,0,0],[0,1,0],[10,18,203]]
[[0,0,0],[1,0,0],[0,1,0],[4,79,203]]
[[0,0,0],[1,0,0],[0,1,0],[41,192,203]]
[[0,0,0],[1,0,0],[0,1,0],[84,169,203]]
[[0,0,0],[1,0,0],[0,1,0],[9,71,203]]
[[0,0,0],[1,0,0],[0,1,0],[76,93,203]]
[[0,0,0],[1,0,0],[0,1,0],[77,8,203]]
[[0,0,0],[1,0,0],[0,1,0],[13,55,203]]
[[0,0,0],[1,0,0],[0,1,0],[12,69,203]]
[[0,0,0],[1,0,0],[0,1,0],[64,146,203]]
[[0,0,0],[1,0,0],[0,1,0],[54,59,203]]
[[0,0,0],[1,0,0],[0,1,0],[3,23,203]]
[[0,0,0],[1,0,0],[0,1,0],[16,23,203]]
[[0,0,0],[1,0,0],[0,1,0],[14,50,203]]
[[0,0,0],[1,0,0],[0,1,0],[15,44,203]]
[[0,0,0],[1,0,0],[0,1,0],[20,20,203]]
[[0,0,0],[1,0,0],[0,1,0],[2,89,203]]
[[0,0,0],[1,0,0],[0,1,0],[4,43,203]]
[[0,0,0],[1,0,0],[0,1,0],[4,41,203]]
[[0,0,0],[1,0,0],[0,1,0],[18,67,203]]
[[0,0,0],[1,0,0],[0,1,0],[22,38,203]]
[[0,0,0],[1,0,0],[0,1,0],[11,144,203]]
[[0,0,0],[1,0,0],[0,1,0],[54,57,203]]
[[0,0,0],[1,0,0],[0,1,0],[16,118,203]]
[[0,0,0],[1,0,0],[0,1,0],[3,94,203]]
[[0,0,0],[1,0,0],[0,1,0],[31,152,203]]
[[0,0,0],[1,0,0],[0,1,0],[24,52,203]]
[[0,0,0],[1,0,0],[0,1,0],[15,32,203]]
[[0,0,0],[1,0,0],[0,1,0],[15,59,203]]
[[0,0,0],[1,0,0],[0,1,0],[109,123,203]]
[[0,0,0],[1,0,0],[0,1,0],[2,2,203]]
[[0,0,0],[1,0,0],[0,1,0],[31,31,203]]
[[0,0,0],[1,0,0],[0,1,0],[62,107,203]]
[[0,0,0],[1,0,0],[0,1,0],[70,43,203]]
[[0,0,0],[1,0,0],[0,1,0],[15,86,203]]
[[0,0,0],[1,0,0],[0,1,0],[116,88,203]]
[[0,0,0],[1,0,0],[0,1,0],[33,52,203]]
[[0,0,0],[1,0,0],[0,1,0],[24,47,203]]
[[0,0,0],[1,0,0],[0,1,0],[24,138,203]]
[[0,0,0],[1,0,0],[0,1,0],[11,151,203]]
[[0,0,0],[1,0,0],[0,1,0],[2,9,203]]
[[0,0,0],[1,0,0],[0,1,0],[24,89,203]]
[[0,0,0],[1,0,0],[0,1,0],[77,11,203]]
[[0,0,0],[1,0,0],[0,1,0],[47,99,203]]
[[0,0,0],[1,0,0],[0,1,0],[48,185,203]]
[[0,0,0],[1,0,0],[0,1,0],[28,78,203]]
[[0,0,0],[1,0,0],[0,1,0],[49,39,203]]
[[0,0,0],[1,0,0],[0,1,0],[26,55,203]]
[[0,0,0],[1,0,0],[0,1,0],[42,75,203]]
[[0,0,0],[1,0,0],[0,1,0],[12,12,203]]
[[0,0,0],[1,0,0],[0,1,0],[8,53,203]]
[[0,0,0],[1,0,0],[0,1,0],[15,85,203]]
[[0,0,0],[1,0,0],[0,1,0],[49,169,203]]
[[0,0,0],[1,0,0],[0,1,0],[5,5,203]]
[[0,0,0],[1,0,0],[0,1,0],[2,99,203]]
[[0,0,0],[1,0,0],[0,1,0],[5,93,203]]
[[0,0,0],[1,0,0],[0,1,0],[44,62,203]]
[[0,0,0],[1,0,0],[0,1,0],[48,156,203]]
[[0,0,0],[1,0,0],[0,1,0],[25,46,203]]
[[0,0,0],[1,0,0],[0,1,0],[20,69,203]]
[[0,0,0],[1,0,0],[0,1,0],[2,86,203]]
[[0,0,0],[1,0,0],[0,1,0],[7,155,203]]
[[0,0,0],[1,0,0],[0,1,0],[16,69,203]]
[[0,0,0],[1,0,0],[0,1,0],[9,20,203]]
[[0,0,0],[1,0,0],[0,1,0],[19,47,203]]
[[0,0,0],[1,0,0],[0,1,0],[10,65,203]]
[[0,0,0],[1,0,0],[0,1,0],[20,47,203]]
[[0,0,0],[1,0,0],[0,1,0],[2,71,203]]
[[0,0,0],[1,0,0],[0,1,0],[9,15,203]]
[[0,0,0],[1,0,0],[0,1,0],[24,40,203]]
[[0,0,0],[1,0,0],[0,1,0],[2,3,203]]
[[0,0,0],[1,0,0],[0,1,0],[27,60,203]]
[[0,0,0],[1,0,0],[0,1,0],[44,76,203]]
[[0,0,0],[1,0,0],[0,1,0],[11,25,203]]
[[0,0,0],[1,0,0],[0,1,0],[13,135,203]]
[[0,0,0],[1,0,0],[0,1,0],[42,57,203]]
[[0,0,0],[1,0,0],[0,1,0],[49,50,203]]
[[0,0,0],[1,0,0],[0,1,0],[12,192,203]]
[[0,0,0],[1,0,0],[0,1,0],[19,65,203]]
[[0,0,0],[1,0,0],[0,1,0],[10,97,203]]
[[0,0,0],[1,0,0],[0,1,0],[32,185,203]]
[[0,0,0],[1,0,0],[0,1,0],[30,178,203]]
[[0,0,0],[1,0,0],[0,1,0],[13,82,203]]
[[0,0,0],[1,0,0],[0,1,0],[101,173,203]]
[[0,0,0],[1,0,0],[0,1,0],[91,55,203]]
[[0,0,0],[1,0,0],[0,1,0],[5,24,203]]
[[0,0,0],[1,0,0],[0,1,0],[11,20,203]]
[[0,0,0],[1,0,0],[0,1,0],[23,40,203]]
[[0,0,0],[1,0,0],[0,1,0],[6,85,203]]
[[0,0,0],[1,0,0],[0,1,0],[26,72,203]]
[[0,0,0],[1,0,0],[0,1,0],[41,62,203]]
[[0,0,0],[1,0,0],[0,1,0],[32,48,203]]
[[0,0,0],[1,0,0],[0,1,0],[41,198,203]]
[[0,0,0],[1,0,0],[0,1,0],[31,138,203]]
[[0,0,0],[1,0,0],[0,1,0],[4,73,203]]
[[0,0,0],[1,0,0],[0,1,0],[3,53,203]]
[[0,0,0],[1,0,0],[0,1,0],[25,67,203]]
[[0,0,0],[1,0,0],[0,1,0],[28,118,203]]
[[0,0,0],[1,0,0],[0,1,0],[12,73,203]]
[[0,0,0],[1,0,0],[0,1,0],[38,67,203]]
[[0,0,0],[1,0,0],[0,1,0],[4,93,203]]
[[0,0,0],[1,0,0],[0,1,0],[30,160,203]]
[[0,0,0],[1,0,0],[0,1,0],[5,38,203]]
[[0,0,0],[1,0,0],[0,1,0],[3,76,203]]
[[0,0,0],[1,0,0],[0,1,0],[4,89,203]]
[[0,0,0],[1,0,0],[0,1,0],[42,120,203]]
[[0,0,0],[1,0,0],[0,1,0],[112,5,203]]
[[0,0,0],[1,0,0],[0,1,0],[38,138,203]]
[[0,0,0],[1,0,0],[0,1,0],[39,109,203]]
[[0,0,0],[1,0,0],[0,1,0],[13,44,203]]
[[0,0,0],[1,0,0],[0,1,0],[16,89,203]]
[[0,0,0],[1,0,0],[0,1,0],[69,136,203]]
[[0,0,0],[1,0,0],[0,1,0],[6,57,203]]
[[0,0,0],[1,0,0],[0,1,0],[22,33,203]]
[[0,0,0],[1,0,0],[0,1,0],[23,188,203]]
[[0,0,0],[1,0,0],[0,1,0],[19,193,203]]
[[0,0,0],[1,0,0],[0,1,0],[38,62,203]]
[[0,0,0],[1,0,0],[0,1,0],[74,151,203]]
[[0,0,0],[1,0,0],[0,1,0],[15,131,203]]
[[0,0,0],[1,0,0],[0,1,0],[3,46,203]]
[[0,0,0],[1,0,0],[0,1,0],[3,69,203]]
[[0,0,0],[1,0,0],[0,1,0],[21,154,203]]
[[0,0,0],[1,0,0],[0,1,0],[98,113,203]]
[[0,0,0],[1,0,0],[0,1,0],[14,148,203]]
[[0,0,0],[1,0,0],[0,1,0],[6,41,203]]
[[0,0,0],[1,0,0],[0,1,0],[18,39,203]]
[[0,0,0],[1,0,0],[0,1,0],[27,64,203]]
[[0,0,0],[1,0,0],[0,1,0],[40,74,203]]
[[0,0,0],[1,0,0],[0,1,0],[5,15,203]]
[[0,0,0],[1,0,0],[0,1,0],[32,32,203]]
[[0,0,0],[1,0,0],[0,1,0],[38,170,203]]
[[0,0,0],[1,0,0],[0,1,0],[21,22,203]]
[[0,0,0],[1,0,0],[0,1,0],[25,183,203]]
[[0,0,0],[1,0,0],[0,1,0],[112,150,203]]
[[0,0,0],[1,0,0],[0,1,0],[10,47,203]]
[[0,0,0],[1,0,0],[0,1,0],[2,46,203]]
[[0,0,0],[1,0,0],[0,1,0],[8,72,203]]
[[0,0,0],[1,0,0],[0,1,0],[22,73,203]]
[[0,0,0],[1,0,0],[0,1,0],[2,41,203]]
[[0,0,0],[1,0,0],[0,1,0],[5,30,203]]
[[0,0,0],[1,0,0],[0,1,0],[7,57,203]]
[[0,0,0],[1,0,0],[0,1,0],[20,54,203]]
[[0,0,0],[1,0,0],[0,1,0],[9,43,203]]
[[0,0,0],[1,0,0],[0,1,0],[21,92,203]]
[[0,0,0],[1,0,0],[0,1,0],[27,170,203]]
[[0,0,0],[1,0,0],[0,1,0],[18,78,203]]
[[0,0,0],[1,0,0],[0,1,0],[2,44,203]]
[[0,0,0],[1,0,0],[0,1,0],[3,201,203]]
[[0,0,0],[1,0,0],[0,1,0],[16,92,203]]
[[0,0,0],[1,0,0],[0,1,0],[72,155,203]]
[[0,0,0],[1,0,0],[0,1,0],[1,48,203]]
[[0,0,0],[1,0,0],[0,1,0],[2,104,203]]
[[0,0,0],[1,0,0],[0,1,0],[91,148,203]]
[[0,0,0],[1,0,0],[0,1,0],[7,139,203]]
[[0,0,0],[1,0,0],[0,1,0],[3,159,203]]
[[0,0,0],[1,0,0],[0,1,0],[1,50,203]]
[[0,0,0],[1,0,0],[0,1,0],[2,75,203]]
[[0,0,0],[1,0,0],[0,1,0],[11,50,203]]
[[0,0,0],[1,0,0],[0,1,0],[32,73,203]]
[[0,0,0],[1,0,0],[0,1,0],[10,38,203]]
[[0,0,0],[1,0,0],[0,1,0],[40,59,203]]
[[0,0,0],[1,0,0],[0,1,0],[161,85,203]]
[[0,0,0],[1,0,0],[0,1,0],[2,62,203]]
[[0,0,0],[1,0,0],[0,1,0],[18,33,203]]
[[0,0,0],[1,0,0],[0,1,0],[1,64,203]]
[[0,0,0],[1,0,0],[0,1,0],[12,22,203]]
[[0,0,0],[1,0,0],[0,1,0],[13,80,203]]
[[0,0,0],[1,0,0],[0,1,0],[49,126,203]]
[[0,0,0],[1,0,0],[0,1,0],[18,130,203]]
[[0,0,0],[1,0,0],[0,1,0],[15,195,203]]
[[0,0,0],[1,0,0],[0,1,0],[56,15,203]]
[[0,0,0],[1,0,0],[0,1,0],[4,123,203]]
[[0,0,0],[1,0,0],[0,1,0],[2,26,203]]
[[0,0,0],[1,0,0],[0,1,0],[1,67,203]]
[[0,0,0],[1,0,0],[0,1,0],[6,142,203]]
[[0,0,0],[1,0,0],[0,1,0],[14,190,203]]
[[0,0,0],[1,0,0],[0,1,0],[16,47,203]]
[[0,0,0],[1,0,0],[0,1,0],[24,36,203]]
[[0,0,0],[1,0,0],[0,1,0],[28,22,203]]
[[0,0,0],[1,0,0],[0,1,0],[6,65,203]]
[[0,0,0],[1,0,0],[0,1,0],[27,93,203]]
[[0,0,0],[1,0,0],[0,1,0],[14,103,203]]
[[0,0,0],[1,0,0],[0,1,0],[93,160,203]]
[[0,0,0],[1,0,0],[0,1,0],[4,48,203]]
[[0,0,0],[1,0,0],[0,1,0],[3,95,203]]
[[0,0,0],[1,0,0],[0,1,0],[77,40,203]]
[[0,0,0],[1,0,0],[0,1,0],[2,37,203]]
[[0,0,0],[1,0,0],[0,1,0],[28,92,203]]
[[0,0,0],[1,0,0],[0,1,0],[32,67,203]]
[[0,0,0],[1,0,0],[0,1,0],[8,89,203]]
[[0,0,0],[1,0,0],[0,1,0],[14,106,203]]
[[0,0,0],[1,0,0],[0,1,0],[16,18,203]]
[[0,0,0],[1,0,0],[0,1,0],[6,53,203]]
[[0,0,0],[1,0,0],[0,1,0],[1,59,203]]
[[0,0,0],[1,0,0],[0,1,0],[38,117,203]]
[[0,0,0],[1,0,0],[0,1,0],[58,59,203]]
[[0,0,0],[1,0,0],[0,1,0],[7,52,203]]
[[0,0,0],[1,0,0],[0,1,0],[9,50,203]]
[[0,0,0],[1,0,0],[0,1,0],[21,162,203]]
[[0,0,0],[1,0,0],[0,1,0],[4,4,203]]
[[0,0,0],[1,0,0],[0,1,0],[18,187,203]]
[[0,0,0],[1,0,0],[0,1,0],[23,183,203]]
[[0,0,0],[1,0,0],[0,1,0],[6,12,203]]
[[0,0,0],[1,0,0],[0,1,0],[12,72,203]]
[[0,0,0],[1,0,0],[0,1,0],[11,62,203]]
[[0,0,0],[1,0,0],[0,1,0],[45,82,203]]
[[0,0,0],[1,0,0],[0,1,0],[74,137,203]]
[[0,0,0],[1,0,0],[0,1,0],[23,71,203]]
[[0,0,0],[1,0,0],[0,1,0],[21,38,203]]
[[0,0,0],[1,0,0],[0,1,0],[91,171,203]]
[[0,0,0],[1,0,0],[0,1,0],[2,111,203]]
[[0,0,0],[1,0,0],[0,1,0],[10,64,203]]
[[0,0,0],[1,0,0],[0,1,0],[36,52,203]]
[[0,0,0],[1,0,0],[0,1,0],[54,94,203]]
[[0,0,0],[1,0,0],[0,1,0],[18,30,203]]
[[0,0,0],[1,0,0],[0,1,0],[11,53,203]]
[[0,0,0],[1,0,0],[0,1,0],[43,52,203]]
[[0,0,0],[1,0,0],[0,1,0],[14,134,203]]
[[0,0,0],[1,0,0],[0,1,0],[2,39,203]]
[[0,0,0],[1,0,0],[0,1,0],[3,85,203]]
[[0,0,0],[1,0,0],[0,1,0],[6,79,203]]
[[0,0,0],[1,0,0],[0,1,0],[69,193,203]]
[[0,0,0],[1,0,0],[0,1,0],[6,18,203]]
[[0,0,0],[1,0,0],[0,1,0],[20,192,203]]
[[0,0,0],[1,0,0],[0,1,0],[10,40,203]]
[[0,0,0],[1,0,0],[0,1,0],[11,36,203]]
[[0,0,0],[1,0,0],[0,1,0],[15,24,203]]
[[0,0,0],[1,0,0],[0,1,0],[21,43,203]]
[[0,0,0],[1,0,0],[0,1,0],[10,26,203]]
[[0,0,0],[1,0,0],[0,1,0],[59,103,203]]
[[0,0,0],[1,0,0],[0,1,0],[69,72,203]]
[[0,0,0],[1,0,0],[0,1,0],[3,34,203]]
[[0,0,0],[1,0,0],[0,1,0],[13,170,203]]
[[0,0,0],[1,0,0],[0,1,0],[13,78,203]]
[[0,0,0],[1,0,0],[0,1,0],[9,96,203]]
[[0,0,0],[1,0,0],[0,1,0],[142,202,203]]
[[0,0,0],[1,0,0],[0,1,0],[3,33,203]]
[[0,0,0],[1,0,0],[0,1,0],[22,66,203]]
[[0,0,0],[1,0,0],[0,1,0],[2,22,203]]
[[0,0,0],[1,0,0],[0,1,0],[8,95,203]]
[[0,0,0],[1,0,0],[0,1,0],[25,186,203]]
[[0,0,0],[1,0,0],[0,1,0],[118,135,203]]
[[0,0,0],[1,0,0],[0,1,0],[5,34,203]]
[[0,0,0],[1,0,0],[0,1,0],[5,61,203]]
[[0,0,0],[1,0,0],[0,1,0],[30,202,203]]
[[0,0,0],[1,0,0],[0,1,0],[5,72,203]]
[[0,0,0],[1,0,0],[0,1,0],[18,123,203]]
[[0,0,0],[1,0,0],[0,1,0],[1,24,203]]
[[0,0,0],[1,0,0],[0,1,0],[19,143,203]]
[[0,0,0],[1,0,0],[0,1,0],[13,30,203]]
[[0,0,0],[1,0,0],[0,1,0],[6,92,203]]
[[0,0,0],[1,0,0],[0,1,0],[39,76,203]]
[[0,0,0],[1,0,0],[0,1,0],[42,78,203]]
[[0,0,0],[1,0,0],[0,1,0],[13,26,203]]
[[0,0,0],[1,0,0],[0,1,0],[42,17,203]]
[[0,0,0],[1,0,0],[0,1,0],[13,121,203]]
[[0,0,0],[1,0,0],[0,1,0],[16,20,203]]
[[0,0,0],[1,0,0],[0,1,0],[15,39,203]]
[[0,0,0],[1,0,0],[0,1,0],[30,186,203]]
[[0,0,0],[1,0,0],[0,1,0],[16,53,203]]
[[0,0,0],[1,0,0],[0,1,0],[15,18,203]]
[[0,0,0],[1,0,0],[0,1,0],[4,113,203]]
[[0,0,0],[1,0,0],[0,1,0],[31,47,203]]
[[0,0,0],[1,0,0],[0,1,0],[175,57,203]]
[[0,0,0],[1,0,0],[0,1,0],[12,157,203]]
[[0,0,0],[1,0,0],[0,1,0],[9,67,203]]
[[0,0,0],[1,0,0],[0,1,0],[3,55,203]]
[[0,0,0],[1,0,0],[0,1,0],[2,40,203]]
[[0,0,0],[1,0,0],[0,1,0],[6,38,203]]
[[0,0,0],[1,0,0],[0,1,0],[35,1,203]]
[[0,0,0],[1,0,0],[0,1,0],[6,66,203]]
[[0,0,0],[1,0,0],[0,1,0],[11,22,203]]
[[0,0,0],[1,0,0],[0,1,0],[18,151,203]]
[[0,0,0],[1,0,0],[0,1,0],[22,75,203]]
[[0,0,0],[1,0,0],[0,1,0],[12,52,203]]
[[0,0,0],[1,0,0],[0,1,0],[16,36,203]]
[[0,0,0],[1,0,0],[0,1,0],[6,17,203]]
[[0,0,0],[1,0,0],[0,1,0],[15,48,203]]
[[0,0,0],[1,0,0],[0,1,0],[67,159,203]]
[[0,0,0],[1,0,0],[0,1,0],[40,167,203]]
[[0,0,0],[1,0,0],[0,1,0],[13,20,203]]
[[0,0,0],[1,0,0],[0,1,0],[18,69,203]]
[[0,0,0],[1,0,0],[0,1,0],[91,200,203]]
[[0,0,0],[1,0,0],[0,1,0],[147,85,203]]
[[0,0,0],[1,0,0],[0,1,0],[26,186,203]]
[[0,0,0],[1,0,0],[0,1,0],[7,64,203]]
[[0,0,0],[1,0,0],[0,1,0],[32,186,203]]
[[0,0,0],[1,0,0],[0,1,0],[4,171,203]]
[[0,0,0],[1,0,0],[0,1,0],[5,23,203]]
[[0,0,0],[1,0,0],[0,1,0],[6,78,203]]
[[0,0,0],[1,0,0],[0,1,0],[2,50,203]]
[[0,0,0],[1,0,0],[0,1,0],[22,124,203]]
[[0,0,0],[1,0,0],[0,1,0],[11,27,203]]
[[0,0,0],[1,0,0],[0,1,0],[10,89,203]]
[[0,0,0],[1,0,0],[0,1,0],[22,30,203]]
[[0,0,0],[1,0,0],[0,1,0],[9,132,203]]
[[0,0,0],[1,0,0],[0,1,0],[62,166,203]]
[[0,0,0],[1,0,0],[0,1,0],[6,169,203]]
[[0,0,0],[1,0,0],[0,1,0],[31,202,203]]
[[0,0,0],[1,0,0],[0,1,0],[9,181,203]]
[[0,0,0],[1,0,0],[0,1,0],[21,67,203]]
[[0,0,0],[1,0,0],[0,1,0],[20,128,203]]
[[0,0,0],[1,0,0],[0,1,0],[81,179,203]]
[[0,0,0],[1,0,0],[0,1,0],[38,54,203]]
[[0,0,0],[1,0,0],[0,1,0],[41,134,203]]
[[0,0,0],[1,0,0],[0,1,0],[4,53,203]]
[[0,0,0],[1,0,0],[0,1,0],[18,25,203]]
[[0,0,0],[1,0,0],[0,1,0],[15,160,203]]
[[0,0,0],[1,0,0],[0,1,0],[168,57,203]]
[[0,0,0],[1,0,0],[0,1,0],[2,52,203]]
[[0,0,0],[1,0,0],[0,1,0],[77,127,203]]
[[0,0,0],[1,0,0],[0,1,0],[186,186,203]]
[[0,0,0],[1,0,0],[0,1,0],[32,200,203]]
[[0,0,0],[1,0,0],[0,1,0],[11,16,203]]
[[0,0,0],[1,0,0],[0,1,0],[28,36,203]]
[[0,0,0],[1,0,0],[0,1,0],[35,197,203]]
[[0,0,0],[1,0,0],[0,1,0],[90,156,203]]
[[0,0,0],[1,0,0],[0,1,0],[3,39,203]]
[[0,0,0],[1,0,0],[0,1,0],[11,73,203]]
[[0,0,0],[1,0,0],[0,1,0],[25,185,203]]
[[0,0,0],[1,0,0],[0,1,0],[18,81,203]]
[[0,0,0],[1,0,0],[0,1,0],[44,160,203]]
[[0,0,0],[1,0,0],[0,1,0],[30,55,203]]
[[0,0,0],[1,0,0],[0,1,0],[30,146,203]]
[[0,0,0],[1,0,0],[0,1,0],[5,9,203]]
[[0,0,0],[1,0,0],[0,1,0],[3,41,203]]
[[0,0,0],[1,0,0],[0,1,0],[73,89,203]]
[[0,0,0],[1,0,0],[0,1,0],[13,184,203]]
[[0,0,0],[1,0,0],[0,1,0],[3,124,203]]
[[0,0,0],[1,0,0],[0,1,0],[25,71,203]]
[[0,0,0],[1,0,0],[0,1,0],[90,191,203]]
[[0,0,0],[1,0,0],[0,1,0],[101,159,203]]
[[0,0,0],[1,0,0],[0,1,0],[4,137,203]]
[[0,0,0],[1,0,0],[0,1,0],[12,15,203]]
[[0,0,0],[1,0,0],[0,1,0],[8,61,203]]
[[0,0,0],[1,0,0],[0,1,0],[52,166,203]]
[[0,0,0],[1,0,0],[0,1,0],[16,48,203]]
[[0,0,0],[1,0,0],[0,1,0],[52,180,203]]
[[0,0,0],[1,0,0],[0,1,0],[11,135,203]]
[[0,0,0],[1,0,0],[0,1,0],[18,62,203]]
[[0,0,0],[1,0,0],[0,1,0],[1,6,203]]
[[0,0,0],[1,0,0],[0,1,0],[9,90,203]]
[[0,0,0],[1,0,0],[0,1,0],[2,17,203]]
[[0,0,0],[1,0,0],[0,1,0],[11,39,203]]
[[0,0,0],[1,0,0],[0,1,0],[112,183,203]]
[[0,0,0],[1,0,0],[0,1,0],[14,127,203]]
[[0,0,0],[1,0,0],[0,1,0],[5,36,203]]
[[0,0,0],[1,0,0],[0,1,0],[63,199,203]]
[[0,0,0],[1,0,0],[0,1,0],[1,11,203]]
[[0,0,0],[1,0,0],[0,1,0],[15,36,203]]
[[0,0,0],[1,0,0],[0,1,0],[35,120,203]]
[[0,0,0],[1,0,0],[0,1,0],[49,68,203]]
[[0,0,0],[1,0,0],[0,1,0],[32,114,203]]
[[0,0,0],[1,0,0],[0,1,0],[14,8,203]]
[[0,0,0],[1,0,0],[0,1,0],[4,100,203]]
[[0,0,0],[1,0,0],[0,1,0],[18,65,203]]
[[0,0,0],[1,0,0],[0,1,0],[11,17,203]]
[[0,0,0],[1,0,0],[0,1,0],[43,172,203]]
[[0,0,0],[1,0,0],[0,1,0],[2,31,203]]
[[0,0,0],[1,0,0],[0,1,0],[31,66,203]]
[[0,0,0],[1,0,0],[0,1,0],[19,25,203]]
[[0,0,0],[1,0,0],[0,1,0],[67,130,203]]
[[0,0,0],[1,0,0],[0,1,0],[44,44,203]]
[[0,0,0],[1,0,0],[0,1,0],[69,142,203]]
[[0,0,0],[1,0,0],[0,1,0],[63,141,203]]
[[0,0,0],[1,0,0],[0,1,0],[81,81,203]]
[[0,0,0],[1,0,0],[0,1,0],[25,65,203]]
[[0,0,0],[1,0,0],[0,1,0],[35,140,203]]
[[0,0,0],[1,0,0],[0,1,0],[13,107,203]]
[[0,0,0],[1,0,0],[0,1,0],[59,96,203]]
[[0,0,0],[1,0,0],[0,1,0],[19,52,203]]
[[0,0,0],[1,0,0],[0,1,0],[12,115,203]]
[[0,0,0],[1,0,0],[0,1,0],[13,79,203]]
[[0,0,0],[1,0,0],[0,1,0],[26,75,203]]
[[0,0,0],[1,0,0],[0,1,0],[1,22,203]]
[[0,0,0],[1,0,0],[0,1,0],[13,71,203]]
[[0,0,0],[1,0,0],[0,1,0],[15,191,203]]
[[0,0,0],[1,0,0],[0,1,0],[5,47,203]]
[[0,0,0],[1,0,0],[0,1,0],[28,99,203]]
[[0,0,0],[1,0,0],[0,1,0],[38,50,203]]
[[0,0,0],[1,0,0],[0,1,0],[22,39,203]]
[[0,0,0],[1,0,0],[0,1,0],[8,92,203]]
[[0,0,0],[1,0,0],[0,1,0],[105,162,203]]
[[0,0,0],[1,0,0],[0,1,0],[49,15,203]]
[[0,0,0],[1,0,0],[0,1,0],[14,15,203]]
[[0,0,0],[1,0,0],[0,1,0],[10,39,203]]
[[0,0,0],[1,0,0],[0,1,0],[76,142,203]]
[[0,0,0],[1,0,0],[0,1,0],[10,152,203]]
[[0,0,0],[1,0,0],[0,1,0],[31,80,203]]
[[0,0,0],[1,0,0],[0,1,0],[25,74,203]]
[[0,0,0],[1,0,0],[0,1,0],[44,167,203]]
[[0,0,0],[1,0,0],[0,1,0],[13,45,203]]
[[0,0,0],[1,0,0],[0,1,0],[16,132,203]]
[[0,0,0],[1,0,0],[0,1,0],[12,108,203]]
[[0,0,0],[1,0,0],[0,1,0],[62,143,203]]
[[0,0,0],[1,0,0],[0,1,0],[43,46,203]]
[[0,0,0],[1,0,0],[0,1,0],[21,155,203]]
[[0,0,0],[1,0,0],[0,1,0],[8,75,203]]
[[0,0,0],[1,0,0],[0,1,0],[26,39,203]]
[[0,0,0],[1,0,0],[0,1,0],[54,115,203]]
[[0,0,0],[1,0,0],[0,1,0],[4,94,203]]
[[0,0,0],[1,0,0],[0,1,0],[10,55,203]]
[[0,0,0],[1,0,0],[0,1,0],[27,181,203]]
[[0,0,0],[1,0,0],[0,1,0],[69,107,203]]
[[0,0,0],[1,0,0],[0,1,0],[15,20,203]]
[[0,0,0],[1,0,0],[0,1,0],[46,74,203]]
[[0,0,0],[1,0,0],[0,1,0],[7,92,203]]
[[0,0,0],[1,0,0],[0,1,0],[12,18,203]]
[[0,0,0],[1,0,0],[0,1,0],[16,41,203]]
[[0,0,0],[1,0,0],[0,1,0],[23,104,203]]
[[0,0,0],[1,0,0],[0,1,0],[11,59,203]]
[[0,0,0],[1,0,0],[0,1,0],[19,86,203]]
[[0,0,0],[1,0,0],[0,1,0],[24,173,203]]
[[0,0,0],[1,0,0],[0,1,0],[27,71,203]]
[[0,0,0],[1,0,0],[0,1,0],[19,69,203]]
[[0,0,0],[1,0,0],[0,1,0],[8,78,203]]
[[0,0,0],[1,0,0],[0,1,0],[11,57,203]]
[[0,0,0],[1,0,0],[0,1,0],[2,88,203]]
[[0,0,0],[1,0,0],[0,1,0],[7,23,203]]
[[0,0,0],[1,0,0],[0,1,0],[70,22,203]]
[[0,0,0],[1,0,0],[0,1,0],[8,16,203]]
[[0,0,0],[1,0,0],[0,1,0],[56,8,203]]
[[0,0,0],[1,0,0],[0,1,0],[73,156,203]]
[[0,0,0],[1,0,0],[0,1,0],[11,200,203]]
[[0,0,0],[1,0,0],[0,1,0],[27,83,203]]
[[0,0,0],[1,0,0],[0,1,0],[3,48,203]]
[[0,0,0],[1,0,0],[0,1,0],[48,142,203]]
[[0,0,0],[1,0,0],[0,1,0],[46,67,203]]
[[0,0,0],[1,0,0],[0,1,0],[4,15,203]]
[[0,0,0],[1,0,0],[0,1,0],[18,157,203]]
[[0,0,0],[1,0,0],[0,1,0],[52,52,203]]
[[0,0,0],[1,0,0],[0,1,0],[2,59,203]]
[[0,0,0],[1,0,0],[0,1,0],[63,15,203]]
[[0,0,0],[1,0,0],[0,1,0],[91,142,203]]
[[0,0,0],[1,0,0],[0,1,0],[44,166,203]]
[[0,0,0],[1,0,0],[0,1,0],[4,11,203]]
[[0,0,0],[1,0,0],[0,1,0],[5,62,203]]
[[0,0,0],[1,0,0],[0,1,0],[11,85,203]]
[[0,0,0],[1,0,0],[0,1,0],[72,76,203]]
[[0,0,0],[1,0,0],[0,1,0],[38,194,203]]
[[0,0,0],[1,0,0],[0,1,0],[5,141,203]]
[[0,0,0],[1,0,0],[0,1,0],[2,160,203]]
[[0,0,0],[1,0,0],[0,1,0],[28,190,203]]
[[0,0,0],[1,0,0],[0,1,0],[12,57,203]]
[[0,0,0],[1,0,0],[0,1,0],[49,155,203]]
[[0,0,0],[1,0,0],[0,1,0],[33,136,203]]
[[0,0,0],[1,0,0],[0,1,0],[31,38,203]]
[[0,0,0],[1,0,0],[0,1,0],[13,13,203]]
[[0,0,0],[1,0,0],[0,1,0],[5,171,203]]
[[0,0,0],[1,0,0],[0,1,0],[18,43,203]]
[[0,0,0],[1,0,0],[0,1,0],[31,33,203]]
[[0,0,0],[1,0,0],[0,1,0],[8,48,203]]
[[0,0,0],[1,0,0],[0,1,0],[25,60,203]]
[[0,0,0],[1,0,0],[0,1,0],[22,59,203]]
[[0,0,0],[1,0,0],[0,1,0],[42,99,203]]
[[0,0,0],[1,0,0],[0,1,0],[63,57,203]]
[[0,0,0],[1,0,0],[0,1,0],[58,146,203]]
[[0,0,0],[1,0,0],[0,1,0],[46,50,203]]
[[0,0,0],[1,0,0],[0,1,0],[6,46,203]]
[[0,0,0],[1,0,0],[0,1,0],[8,55,203]]
[[0,0,0],[1,0,0],[0,1,0],[25,36,203]]
[[0,0,0],[1,0,0],[0,1,0],[16,191,203]]
[[0,0,0],[1,0,0],[0,1,0],[16,97,203]]
[[0,0,0],[1,0,0],[0,1,0],[41,93,203]]
[[0,0,0],[1,0,0],[0,1,0],[77,185,203]]
[[0,0,0],[1,0,0],[0,1,0],[4,76,203]]
[[0,0,0],[1,0,0],[0,1,0],[39,52,203]]
[[0,0,0],[1,0,0],[0,1,0],[21,190,203]]
[[0,0,0],[1,0,0],[0,1,0],[11,13,203]]
[[0,0,0],[1,0,0],[0,1,0],[44,69,203]]
[[0,0,0],[1,0,0],[0,1,0],[26,150,203]]
[[0,0,0],[1,0,0],[0,1,0],[32,109,203]]
[[0,0,0],[1,0,0],[0,1,0],[77,22,203]]
[[0,0,0],[1,0,0],[0,1,0],[40,136,203]]
[[0,0,0],[1,0,0],[0,1,0],[32,95,203]]
[[0,0,0],[1,0,0],[0,1,0],[5,20,203]]
[[0,0,0],[1,0,0],[0,1,0],[4,57,203]]
[[0,0,0],[1,0,0],[0,1,0],[7,148,203]]
[[0,0,0],[1,0,0],[0,1,0],[11,95,203]]
[[0,0,0],[1,0,0],[0,1,0],[62,200,203]]
[[0,0,0],[1,0,0],[0,1,0],[8,32,203]]
[[0,0,0],[1,0,0],[0,1,0],[24,44,203]]
[[0,0,0],[1,0,0],[0,1,0],[5,50,203]]
[[0,0,0],[1,0,0],[0,1,0],[3,27,203]]
[[0,0,0],[1,0,0],[0,1,0],[11,60,203]]
[[0,0,0],[1,0,0],[0,1,0],[15,30,203]]
[[0,0,0],[1,0,0],[0,1,0],[63,112,203]]
[[0,0,0],[1,0,0],[0,1,0],[11,197,203]]
[[0,0,0],[1,0,0],[0,1,0],[87,1,203]]
[[0,0,0],[1,0,0],[0,1,0],[40,192,203]]
[[0,0,0],[1,0,0],[0,1,0],[33,73,203]]
[[0,0,0],[1,0,0],[0,1,0],[6,111,203]]
[[0,0,0],[1,0,0],[0,1,0],[2,188,203]]
[[0,0,0],[1,0,0],[0,1,0],[16,82,203]]
[[0,0,0],[1,0,0],[0,1,0],[5,17,203]]
[[0,0,0],[1,0,0],[0,1,0],[10,197,203]]
[[0,0,0],[1,0,0],[0,1,0],[12,76,203]]
[[0,0,0],[1,0,0],[0,1,0],[46,172,203]]
[[0,0,0],[1,0,0],[0,1,0],[11,38,203]]
[[0,0,0],[1,0,0],[0,1,0],[5,26,203]]
[[0,0,0],[1,0,0],[0,1,0],[33,59,203]]
[[0,0,0],[1,0,0],[0,1,0],[26,52,203]]
[[0,0,0],[1,0,0],[0,1,0],[70,1,203]]
[[0,0,0],[1,0,0],[0,1,0],[20,76,203]]
[[0,0,0],[1,0,0],[0,1,0],[40,67,203]]
[[0,0,0],[1,0,0],[0,1,0],[11,55,203]]
[[0,0,0],[1,0,0],[0,1,0],[26,181,203]]
[[0,0,0],[1,0,0],[0,1,0],[2,72,203]]
[[0,0,0],[1,0,0],[0,1,0],[42,183,203]]
[[0,0,0],[1,0,0],[0,1,0],[10,76,203]]
[[0,0,0],[1,0,0],[0,1,0],[35,78,203]]
[[0,0,0],[1,0,0],[0,1,0],[12,89,203]]
[[0,0,0],[1,0,0],[0,1,0],[48,198,203]]
[[0,0,0],[1,0,0],[0,1,0],[4,40,203]]
[[0,0,0],[1,0,0],[0,1,0],[9,195,203]]
[[0,0,0],[1,0,0],[0,1,0],[24,71,203]]
[[0,0,0],[1,0,0],[0,1,0],[33,80,203]]
[[0,0,0],[1,0,0],[0,1,0],[70,148,203]]
[[0,0,0],[1,0,0],[0,1,0],[5,37,203]]
[[0,0,0],[1,0,0],[0,1,0],[19,30,203]]
[[0,0,0],[1,0,0],[0,1,0],[47,160,203]]
[[0,0,0],[1,0,0],[0,1,0],[20,71,203]]
[[0,0,0],[1,0,0],[0,1,0],[62,162,203]]
[[0,0,0],[1,0,0],[0,1,0],[63,22,203]]
[[0,0,0],[1,0,0],[0,1,0],[43,170,203]]
[[0,0,0],[1,0,0],[0,1,0],[8,138,203]]
[[0,0,0],[1,0,0],[0,1,0],[22,85,203]]
[[0,0,0],[1,0,0],[0,1,0],[9,30,203]]
[[0,0,0],[1,0,0],[0,1,0],[26,40,203]]
[[0,0,0],[1,0,0],[0,1,0],[1,31,203]]
[[0,0,0],[1,0,0],[0,1,0],[4,85,203]]
[[0,0,0],[1,0,0],[0,1,0],[13,100,203]]
[[0,0,0],[1,0,0],[0,1,0],[3,30,203]]
[[0,0,0],[7,0,0],[0,1,0],[0,1,29]]
[[0,0,0],[1,0,0],[0,1,0],[6,60,203]]
[[0,0,0],[1,0,0],[0,1,0],[6,170,203]]
[[0,0,0],[1,0,0],[0,1,0],[8,40,203]]
[[0,0,0],[1,0,0],[0,1,0],[30,81,203]]
[[0,0,0],[1,0,0],[0,1,0],[9,125,203]]
[[0,0,0],[1,0,0],[0,1,0],[32,137,203]]
[[0,0,0],[1,0,0],[0,1,0],[24,30,203]]
[[0,0,0],[1,0,0],[0,1,0],[23,146,203]]
[[0,0,0],[1,0,0],[0,1,0],[12,36,203]]
[[0,0,0],[1,0,0],[0,1,0],[58,88,203]]
[[0,0,0],[1,0,0],[0,1,0],[11,193,203]]
[[0,0,0],[1,0,0],[0,1,0],[50,172,203]]
[[0,0,0],[1,0,0],[0,1,0],[9,62,203]]
[[0,0,0],[1,0,0],[0,1,0],[63,25,203]]
[[0,0,0],[1,0,0],[0,1,0],[12,96,203]]
[[0,0,0],[1,0,0],[0,1,0],[8,18,203]]
[[0,0,0],[1,0,0],[0,1,0],[32,85,203]]
[[0,0,0],[1,0,0],[0,1,0],[56,162,203]]
[[0,0,0],[1,0,0],[0,1,0],[73,149,203]]
[[0,0,0],[1,0,0],[0,1,0],[26,129,203]]
[[0,0,0],[1,0,0],[0,1,0],[39,144,203]]
[[0,0,0],[1,0,0],[0,1,0],[38,96,203]]
[[0,0,0],[1,0,0],[0,1,0],[12,86,203]]
[[0,0,0],[1,0,0],[0,1,0],[9,9,203]]
[[0,0,0],[1,0,0],[0,1,0],[116,146,203]]
[[0,0,0],[1,0,0],[0,1,0],[46,178,203]]
[[0,0,0],[1,0,0],[0,1,0],[63,1,203]]
[[0,0,0],[1,0,0],[0,1,0],[10,15,203]]
[[0,0,0],[1,0,0],[0,1,0],[13,72,203]]
[[0,0,0],[1,0,0],[0,1,0],[39,39,203]]
[[0,0,0],[1,0,0],[0,1,0],[13,194,203]]
[[0,0,0],[1,0,0],[0,1,0],[23,123,203]]
[[0,0,0],[1,0,0],[0,1,0],[12,31,203]]
[[0,0,0],[1,0,0],[0,1,0],[42,169,203]]
[[0,0,0],[1,0,0],[0,1,0],[30,40,203]]
[[0,0,0],[1,0,0],[0,1,0],[15,74,203]]
[[0,0,0],[1,0,0],[0,1,0],[71,138,203]]
[[0,0,0],[1,0,0],[0,1,0],[16,19,203]]
[[0,0,0],[1,0,0],[0,1,0],[49,183,203]]
[[0,0,0],[1,0,0],[0,1,0],[98,155,203]]
[[0,0,0],[1,0,0],[0,1,0],[3,3,203]]
[[0,0,0],[1,0,0],[0,1,0],[26,143,203]]
[[0,0,0],[1,0,0],[0,1,0],[9,76,203]]
[[0,0,0],[1,0,0],[0,1,0],[59,167,203]]
[[0,0,0],[1,0,0],[0,1,0],[105,190,203]]
[[0,0,0],[1,0,0],[0,1,0],[27,59,203]]
[[0,0,0],[1,0,0],[0,1,0],[3,16,203]]
[[0,0,0],[1,0,0],[0,1,0],[6,97,203]]
[[0,0,0],[1,0,0],[0,1,0],[10,78,203]]
[[0,0,0],[1,0,0],[0,1,0],[20,135,203]]
[[0,0,0],[1,0,0],[0,1,0],[6,37,203]]
[[0,0,0],[1,0,0],[0,1,0],[16,90,203]]
[[0,0,0],[1,0,0],[0,1,0],[28,183,203]]
[[0,0,0],[1,0,0],[0,1,0],[56,22,203]]
[[0,0,0],[1,0,0],[0,1,0],[3,173,203]]
[[0,0,0],[1,0,0],[0,1,0],[14,64,203]]
[[0,0,0],[1,0,0],[0,1,0],[20,97,203]]
[[0,0,0],[1,0,0],[0,1,0],[5,82,203]]
[[0,0,0],[1,0,0],[0,1,0],[10,79,203]]
[[0,0,0],[1,0,0],[0,1,0],[4,90,203]]
[[0,0,0],[1,0,0],[0,1,0],[44,195,203]]
[[0,0,0],[1,0,0],[0,1,0],[22,46,203]]
[[0,0,0],[1,0,0],[0,1,0],[2,74,203]]
[[0,0,0],[1,0,0],[0,1,0],[18,46,203]]
[[0,0,0],[1,0,0],[0,1,0],[27,85,203]]
[[0,0,0],[1,0,0],[0,1,0],[4,78,203]]
[[0,0,0],[1,0,0],[0,1,0],[4,99,203]]
[[0,0,0],[1,0,0],[0,1,0],[5,57,203]]
[[0,0,0],[1,0,0],[0,1,0],[47,157,203]]
[[0,0,0],[1,0,0],[0,1,0],[87,146,203]]
[[0,0,0],[1,0,0],[0,1,0],[11,46,203]]
[[0,0,0],[1,0,0],[0,1,0],[23,66,203]]
[[0,0,0],[1,0,0],[0,1,0],[15,57,203]]
[[0,0,0],[1,0,0],[0,1,0],[40,45,203]]
[[0,0,0],[1,0,0],[0,1,0],[77,36,203]]
[[0,0,0],[1,0,0],[0,1,0],[12,185,203]]
[[0,0,0],[1,0,0],[0,1,0],[111,114,203]]
[[0,0,0],[1,0,0],[0,1,0],[2,67,203]]
[[0,0,0],[1,0,0],[0,1,0],[22,183,203]]
[[0,0,0],[1,0,0],[0,1,0],[3,26,203]]
[[0,0,0],[1,0,0],[0,1,0],[9,60,203]]
[[0,0,0],[1,0,0],[0,1,0],[6,24,203]]
[[0,0,0],[1,0,0],[0,1,0],[48,72,203]]
[[0,0,0],[1,0,0],[0,1,0],[57,57,203]]
[[0,0,0],[1,0,0],[0,1,0],[11,76,203]]
[[0,0,0],[1,0,0],[0,1,0],[9,48,203]]
[[0,0,0],[1,0,0],[0,1,0],[35,36,203]]
[[0,0,0],[1,0,0],[0,1,0],[3,172,203]]
[[0,0,0],[1,0,0],[0,1,0],[15,65,203]]
[[0,0,0],[1,0,0],[0,1,0],[81,109,203]]
[[0,0,0],[1,0,0],[0,1,0],[20,48,203]]
[[0,0,0],[1,0,0],[0,1,0],[23,76,203]]
[[0,0,0],[1,0,0],[0,1,0],[19,41,203]]
[[0,0,0],[1,0,0],[0,1,0],[41,181,203]]
[[0,0,0],[1,0,0],[0,1,0],[49,64,203]]
[[0,0,0],[1,0,0],[0,1,0],[10,74,203]]
[[0,0,0],[1,0,0],[0,1,0],[20,100,203]]
[[0,0,0],[1,0,0],[0,1,0],[20,92,203]]
[[0,0,0],[1,0,0],[0,1,0],[27,62,203]]
[[0,0,0],[1,0,0],[0,1,0],[6,16,203]]
[[0,0,0],[1,0,0],[0,1,0],[30,153,203]]
[[0,0,0],[1,0,0],[0,1,0],[13,25,203]]
[[0,0,0],[1,0,0],[0,1,0],[13,83,203]]
[[0,0,0],[1,0,0],[0,1,0],[24,69,203]]
[[0,0,0],[1,0,0],[0,1,0],[31,81,203]]
[[0,0,0],[1,0,0],[0,1,0],[45,124,203]]
[[0,0,0],[1,0,0],[0,1,0],[24,32,203]]
[[0,0,0],[1,0,0],[0,1,0],[46,100,203]]
[[0,0,0],[1,0,0],[0,1,0],[30,111,203]]
[[0,0,0],[1,0,0],[0,1,0],[42,8,203]]
[[0,0,0],[1,0,0],[0,1,0],[10,32,203]]
[[0,0,0],[1,0,0],[0,1,0],[15,50,203]]
[[0,0,0],[1,0,0],[0,1,0],[14,132,203]]
[[0,0,0],[1,0,0],[0,1,0],[31,83,203]]
[[0,0,0],[1,0,0],[0,1,0],[32,123,203]]
[[0,0,0],[1,0,0],[0,1,0],[50,160,203]]
[[0,0,0],[1,0,0],[0,1,0],[19,73,203]]
[[0,0,0],[1,0,0],[0,1,0],[38,124,203]]
[[0,0,0],[1,0,0],[0,1,0],[13,90,203]]
[[0,0,0],[1,0,0],[0,1,0],[64,151,203]]
[[0,0,0],[1,0,0],[0,1,0],[5,10,203]]
[[0,0,0],[1,0,0],[0,1,0],[1,40,203]]
[[0,0,0],[1,0,0],[0,1,0],[73,73,203]]
[[0,0,0],[1,0,0],[0,1,0],[4,142,203]]
[[0,0,0],[1,0,0],[0,1,0],[12,16,203]]
[[0,0,0],[1,0,0],[0,1,0],[71,146,203]]
[[0,0,0],[1,0,0],[0,1,0],[31,166,203]]
[[0,0,0],[1,0,0],[0,1,0],[31,115,203]]
[[0,0,0],[1,0,0],[0,1,0],[16,46,203]]
[[0,0,0],[1,0,0],[0,1,0],[43,190,203]]
[[0,0,0],[1,0,0],[0,1,0],[22,25,203]]
[[0,0,0],[1,0,0],[0,1,0],[76,170,203]]
[[0,0,0],[1,0,0],[0,1,0],[47,185,203]]
[[0,0,0],[1,0,0],[0,1,0],[8,8,203]]
[[0,0,0],[1,0,0],[0,1,0],[20,156,203]]
[[0,0,0],[1,0,0],[0,1,0],[12,47,203]]
[[0,0,0],[1,0,0],[0,1,0],[77,156,203]]
[[0,0,0],[1,0,0],[0,1,0],[5,88,203]]
[[0,0,0],[1,0,0],[0,1,0],[3,12,203]]
[[0,0,0],[1,0,0],[0,1,0],[26,101,203]]
[[0,0,0],[1,0,0],[0,1,0],[10,107,203]]
[[0,0,0],[1,0,0],[0,1,0],[10,82,203]]
[[0,0,0],[1,0,0],[0,1,0],[59,75,203]]
[[0,0,0],[1,0,0],[0,1,0],[6,10,203]]
[[0,0,0],[1,0,0],[0,1,0],[27,156,203]]
[[0,0,0],[1,0,0],[0,1,0],[28,197,203]]
[[0,0,0],[1,0,0],[0,1,0],[10,45,203]]
[[0,0,0],[1,0,0],[0,1,0],[22,47,203]]
[[0,0,0],[1,0,0],[0,1,0],[3,22,203]]
[[0,0,0],[1,0,0],[0,1,0],[3,166,203]]
[[0,0,0],[1,0,0],[0,1,0],[4,200,203]]
[[0,0,0],[1,0,0],[0,1,0],[3,88,203]]
[[0,0,0],[1,0,0],[0,1,0],[16,88,203]]
[[0,0,0],[1,0,0],[0,1,0],[4,92,203]]
[[0,0,0],[1,0,0],[0,1,0],[119,113,203]]
[[0,0,0],[1,0,0],[0,1,0],[1,3,203]]
[[0,0,0],[1,0,0],[0,1,0],[10,24,203]]
[[0,0,0],[1,0,0],[0,1,0],[15,69,203]]
[[0,0,0],[1,0,0],[0,1,0],[147,202,203]]
[[0,0,0],[1,0,0],[0,1,0],[9,153,203]]
[[0,0,0],[1,0,0],[0,1,0],[31,44,203]]
[[0,0,0],[1,0,0],[0,1,0],[6,55,203]]
[[0,0,0],[1,0,0],[0,1,0],[27,30,203]]
[[0,0,0],[1,0,0],[0,1,0],[8,59,203]]
[[0,0,0],[1,0,0],[0,1,0],[77,43,203]]
[[0,0,0],[1,0,0],[0,1,0],[18,179,203]]
[[0,0,0],[1,0,0],[0,1,0],[41,44,203]]
[[0,0,0],[1,0,0],[0,1,0],[8,20,203]]
[[0,0,0],[1,0,0],[0,1,0],[20,93,203]]
[[0,0,0],[1,0,0],[0,1,0],[39,46,203]]
[[0,0,0],[1,0,0],[0,1,0],[12,94,203]]
[[0,0,0],[1,0,0],[0,1,0],[14,169,203]]
[[0,0,0],[1,0,0],[0,1,0],[9,26,203]]
[[0,0,0],[1,0,0],[0,1,0],[4,60,203]]
[[0,0,0],[1,0,0],[0,1,0],[20,75,203]]
[[0,0,0],[1,0,0],[0,1,0],[23,187,203]]
[[0,0,0],[1,0,0],[0,1,0],[1,23,203]]
[[0,0,0],[1,0,0],[0,1,0],[40,157,203]]
[[0,0,0],[1,0,0],[0,1,0],[9,104,203]]
[[0,0,0],[1,0,0],[0,1,0],[8,23,203]]
[[0,0,0],[1,0,0],[0,1,0],[3,52,203]]
[[0,0,0],[1,0,0],[0,1,0],[27,142,203]]
[[0,0,0],[1,0,0],[0,1,0],[103,199,203]]
[[0,0,0],[1,0,0],[0,1,0],[5,150,203]]
[[0,0,0],[1,0,0],[0,1,0],[63,43,203]]
[[0,0,0],[1,0,0],[0,1,0],[98,1,203]]
[[0,0,0],[1,0,0],[0,1,0],[6,99,203]]
[[0,0,0],[1,0,0],[0,1,0],[3,15,203]]
[[0,0,0],[1,0,0],[0,1,0],[5,31,203]]
[[0,0,0],[1,0,0],[0,1,0],[25,190,203]]
[[0,0,0],[1,0,0],[0,1,0],[2,90,203]]
[[0,0,0],[1,0,0],[0,1,0],[13,193,203]]
[[0,0,0],[1,0,0],[0,1,0],[10,165,203]]
[[0,0,0],[1,0,0],[0,1,0],[36,83,203]]
[[0,0,0],[1,0,0],[0,1,0],[39,44,203]]
[[0,0,0],[1,0,0],[0,1,0],[7,176,203]]
[[0,0,0],[1,0,0],[0,1,0],[15,73,203]]
[[0,0,0],[1,0,0],[0,1,0],[13,23,203]]
[[0,0,0],[1,0,0],[0,1,0],[72,111,203]]
[[0,0,0],[1,0,0],[0,1,0],[8,109,203]]
[[0,0,0],[1,0,0],[0,1,0],[36,54,203]]
[[0,0,0],[1,0,0],[0,1,0],[45,103,203]]
[[0,0,0],[1,0,0],[0,1,0],[24,124,203]]
[[0,0,0],[1,0,0],[0,1,0],[39,74,203]]
[[0,0,0],[1,0,0],[0,1,0],[2,132,203]]
[[0,0,0],[1,0,0],[0,1,0],[8,10,203]]
[[0,0,0],[1,0,0],[0,1,0],[23,191,203]]
[[0,0,0],[1,0,0],[0,1,0],[3,86,203]]
[[0,0,0],[1,0,0],[0,1,0],[106,146,203]]
[[0,0,0],[1,0,0],[0,1,0],[12,178,203]]
[[0,0,0],[1,0,0],[0,1,0],[44,139,203]]
[[0,0,0],[1,0,0],[0,1,0],[2,55,203]]
[[0,0,0],[1,0,0],[0,1,0],[5,73,203]]
[[0,0,0],[1,0,0],[0,1,0],[12,74,203]]
[[0,0,0],[1,0,0],[0,1,0],[7,134,203]]
[[0,0,0],[1,0,0],[0,1,0],[28,120,203]]
[[0,0,0],[1,0,0],[0,1,0],[72,83,203]]
[[0,0,0],[1,0,0],[0,1,0],[6,163,203]]
[[0,0,0],[1,0,0],[0,1,0],[24,90,203]]
[[0,0,0],[1,0,0],[0,1,0],[1,33,203]]
[[0,0,0],[1,0,0],[0,1,0],[6,45,203]]
[[0,0,0],[1,0,0],[0,1,0],[9,23,203]]
[[0,0,0],[1,0,0],[0,1,0],[3,18,203]]
[[0,0,0],[1,0,0],[0,1,0],[3,97,203]]
[[0,0,0],[1,0,0],[0,1,0],[3,143,203]]
[[0,0,0],[1,0,0],[0,1,0],[57,72,203]]
[[0,0,0],[1,0,0],[0,1,0],[22,185,203]]
[[0,0,0],[1,0,0],[0,1,0],[11,109,203]]
[[0,0,0],[1,0,0],[0,1,0],[35,92,203]]
[[0,0,0],[1,0,0],[0,1,0],[19,50,203]]
[[0,0,0],[1,0,0],[0,1,0],[12,43,203]]
[[0,0,0],[1,0,0],[0,1,0],[21,15,203]]
[[0,0,0],[1,0,0],[0,1,0],[6,177,203]]
[[0,0,0],[1,0,0],[0,1,0],[20,114,203]]
[[0,0,0],[1,0,0],[0,1,0],[41,183,203]]
[[0,0,0],[1,0,0],[0,1,0],[10,94,203]]
[[0,0,0],[1,0,0],[0,1,0],[67,186,203]]
[[0,0,0],[1,0,0],[0,1,0],[26,62,203]]
[[0,0,0],[1,0,0],[0,1,0],[35,15,203]]
[[0,0,0],[1,0,0],[0,1,0],[81,181,203]]
[[0,0,0],[1,0,0],[0,1,0],[40,150,203]]
[[0,0,0],[1,0,0],[0,1,0],[7,50,203]]
[[0,0,0],[1,0,0],[0,1,0],[11,44,203]]
[[0,0,0],[1,0,0],[0,1,0],[91,113,203]]
[[0,0,0],[1,0,0],[0,1,0],[9,199,203]]
[[0,0,0],[1,0,0],[0,1,0],[9,82,203]]
[[0,0,0],[1,0,0],[0,1,0],[3,93,203]]
[[0,0,0],[1,0,0],[0,1,0],[3,79,203]]
[[0,0,0],[1,0,0],[0,1,0],[4,81,203]]
[[0,0,0],[1,0,0],[0,1,0],[36,39,203]]
[[0,0,0],[1,0,0],[0,1,0],[63,83,203]]
[[0,0,0],[1,0,0],[0,1,0],[8,64,203]]
[[0,0,0],[1,0,0],[0,1,0],[7,1,203]]
[[0,0,0],[1,0,0],[0,1,0],[5,25,203]]
[[0,0,0],[1,0,0],[0,1,0],[32,179,203]]
[[0,0,0],[1,0,0],[0,1,0],[23,64,203]]
[[0,0,0],[1,0,0],[0,1,0],[16,40,203]]
[[0,0,0],[1,0,0],[0,1,0],[19,36,203]]
[[0,0,0],[1,0,0],[0,1,0],[23,41,203]]
[[0,0,0],[1,0,0],[0,1,0],[8,46,203]]
[[0,0,0],[1,0,0],[0,1,0],[42,64,203]]
[[0,0,0],[1,0,0],[0,1,0],[72,202,203]]
[[0,0,0],[1,0,0],[0,1,0],[5,67,203]]
[[0,0,0],[1,0,0],[0,1,0],[19,187,203]]
[[0,0,0],[1,0,0],[0,1,0],[2,51,203]]
[[0,0,0],[1,0,0],[0,1,0],[10,93,203]]
[[0,0,0],[1,0,0],[0,1,0],[49,97,203]]
[[0,0,0],[1,0,0],[0,1,0],[24,194,203]]
[[0,0,0],[1,0,0],[0,1,0],[35,134,203]]
[[0,0,0],[1,0,0],[0,1,0],[10,69,203]]
[[0,0,0],[1,0,0],[0,1,0],[40,108,203]]
[[0,0,0],[1,0,0],[0,1,0],[33,115,203]]
[[0,0,0],[1,0,0],[0,1,0],[4,71,203]]
[[0,0,0],[1,0,0],[0,1,0],[7,120,203]]
[[0,0,0],[1,0,0],[0,1,0],[3,60,203]]
[[0,0,0],[1,0,0],[0,1,0],[9,80,203]]
[[0,0,0],[1,0,0],[0,1,0],[9,47,203]]
[[0,0,0],[1,0,0],[0,1,0],[3,83,203]]
[[0,0,0],[1,0,0],[0,1,0],[9,72,203]]
[[0,0,0],[1,0,0],[0,1,0],[77,1,203]]
[[0,0,0],[1,0,0],[0,1,0],[12,45,203]]
[[0,0,0],[1,0,0],[0,1,0],[13,76,203]]
[[0,0,0],[1,0,0],[0,1,0],[38,71,203]]
[[0,0,0],[1,0,0],[0,1,0],[96,178,203]]
[[0,0,0],[1,0,0],[0,1,0],[9,11,203]]
[[0,0,0],[1,0,0],[0,1,0],[49,71,203]]
[[0,0,0],[1,0,0],[0,1,0],[16,104,203]]
[[0,0,0],[1,0,0],[0,1,0],[19,85,203]]
[[0,0,0],[1,0,0],[0,1,0],[25,172,203]]
[[0,0,0],[1,0,0],[0,1,0],[10,110,203]]
[[0,0,0],[1,0,0],[0,1,0],[4,179,203]]
[[0,0,0],[1,0,0],[0,1,0],[6,95,203]]
[[0,0,0],[1,0,0],[0,1,0],[12,150,203]]
[[0,0,0],[1,0,0],[0,1,0],[6,67,203]]
[[0,0,0],[1,0,0],[0,1,0],[26,36,203]]
[[0,0,0],[1,0,0],[0,1,0],[1,41,203]]
[[0,0,0],[1,0,0],[0,1,0],[30,73,203]]
[[0,0,0],[1,0,0],[0,1,0],[21,125,203]]
[[0,0,0],[1,0,0],[0,1,0],[12,17,203]]
[[0,0,0],[1,0,0],[0,1,0],[2,15,203]]
[[0,0,0],[1,0,0],[0,1,0],[21,127,203]]
[[0,0,0],[1,0,0],[0,1,0],[13,198,203]]
[[0,0,0],[1,0,0],[0,1,0],[2,23,203]]
[[0,0,0],[1,0,0],[0,1,0],[30,139,203]]
[[0,0,0],[1,0,0],[0,1,0],[16,31,203]]
[[0,0,0],[1,0,0],[0,1,0],[28,50,203]]
[[0,0,0],[1,0,0],[0,1,0],[32,46,203]]
[[0,0,0],[1,0,0],[0,1,0],[26,26,203]]
[[0,0,0],[1,0,0],[0,1,0],[23,31,203]]
[[0,0,0],[1,0,0],[0,1,0],[3,92,203]]
[[0,0,0],[1,0,0],[0,1,0],[9,65,203]]
[[0,0,0],[1,0,0],[0,1,0],[4,19,203]]
[[0,0,0],[1,0,0],[0,1,0],[6,33,203]]
[[0,0,0],[1,0,0],[0,1,0],[3,114,203]]
[[0,0,0],[1,0,0],[0,1,0],[11,164,203]]
[[0,0,0],[1,0,0],[0,1,0],[23,181,203]]
[[0,0,0],[1,0,0],[0,1,0],[116,175,203]]
[[0,0,0],[1,0,0],[0,1,0],[28,8,203]]
[[0,0,0],[1,0,0],[0,1,0],[59,153,203]]
[[0,0,0],[1,0,0],[0,1,0],[5,78,203]]
[[0,0,0],[1,0,0],[0,1,0],[1,2,203]]
[[0,0,0],[1,0,0],[0,1,0],[70,47,203]]
[[0,0,0],[1,0,0],[0,1,0],[77,69,203]]
[[0,0,0],[1,0,0],[0,1,0],[5,129,203]]
[[0,0,0],[1,0,0],[0,1,0],[16,93,203]]
[[0,0,0],[1,0,0],[0,1,0],[2,65,203]]
[[0,0,0],[1,0,0],[0,1,0],[20,39,203]]
[[0,0,0],[1,0,0],[0,1,0],[2,64,203]]
[[0,0,0],[1,0,0],[0,1,0],[2,16,203]]
[[0,0,0],[1,0,0],[0,1,0],[26,69,203]]
[[0,0,0],[1,0,0],[0,1,0],[6,40,203]]
[[0,0,0],[1,0,0],[0,1,0],[25,200,203]]
[[0,0,0],[1,0,0],[0,1,0],[9,22,203]]
[[0,0,0],[1,0,0],[0,1,0],[30,118,203]]
[[0,0,0],[1,0,0],[0,1,0],[6,184,203]]
[[0,0,0],[1,0,0],[0,1,0],[62,100,203]]
[[0,0,0],[1,0,0],[0,1,0],[10,19,203]]
[[0,0,0],[1,0,0],[0,1,0],[6,149,203]]
[[0,0,0],[1,0,0],[0,1,0],[4,64,203]]
[[0,0,0],[1,0,0],[0,1,0],[10,57,203]]
[[0,0,0],[1,0,0],[0,1,0],[4,67,203]]
[[0,0,0],[1,0,0],[0,1,0],[23,53,203]]
[[0,0,0],[1,0,0],[0,1,0],[23,52,203]]
[[0,0,0],[1,0,0],[0,1,0],[9,111,203]]
[[0,0,0],[1,0,0],[0,1,0],[1,8,203]]
[[0,0,0],[1,0,0],[0,1,0],[22,44,203]]
[[0,0,0],[1,0,0],[0,1,0],[9,59,203]]
[[0,0,0],[1,0,0],[0,1,0],[9,81,203]]
[[0,0,0],[1,0,0],[0,1,0],[4,80,203]]
[[0,0,0],[1,0,0],[0,1,0],[4,6,203]]
[[0,0,0],[1,0,0],[0,1,0],[19,188,203]]
[[0,0,0],[1,0,0],[0,1,0],[16,94,203]]
[[0,0,0],[1,0,0],[0,1,0],[40,106,203]]
[[0,0,0],[1,0,0],[0,1,0],[3,38,203]]
[[0,0,0],[1,0,0],[0,1,0],[39,186,203]]
[[0,0,0],[1,0,0],[0,1,0],[101,152,203]]
[[0,0,0],[1,0,0],[0,1,0],[2,33,203]]
[[0,0,0],[1,0,0],[0,1,0],[11,65,203]]
[[0,0,0],[1,0,0],[0,1,0],[6,30,203]]
[[0,0,0],[1,0,0],[0,1,0],[46,71,203]]
[[0,0,0],[1,0,0],[0,1,0],[73,124,203]]
[[0,0,0],[1,0,0],[0,1,0],[4,8,203]]
[[0,0,0],[1,0,0],[0,1,0],[5,74,203]]
[[0,0,0],[1,0,0],[0,1,0],[23,167,203]]
[[0,0,0],[1,0,0],[0,1,0],[25,75,203]]
[[0,0,0],[1,0,0],[0,1,0],[20,149,203]]
[[0,0,0],[1,0,0],[0,1,0],[13,197,203]]
[[0,0,0],[1,0,0],[0,1,0],[16,76,203]]
[[0,0,0],[1,0,0],[0,1,0],[69,137,203]]
[[0,0,0],[1,0,0],[0,1,0],[3,64,203]]
[[0,0,0],[1,0,0],[0,1,0],[24,82,203]]
[[0,0,0],[1,0,0],[0,1,0],[14,99,203]]
[[0,0,0],[1,0,0],[0,1,0],[1,16,203]]
[[0,0,0],[1,0,0],[0,1,0],[24,180,203]]
[[0,0,0],[1,0,0],[0,1,0],[8,93,203]]
[[0,0,0],[1,0,0],[0,1,0],[12,66,203]]
[[0,0,0],[1,0,0],[0,1,0],[24,85,203]]
[[0,0,0],[1,0,0],[0,1,0],[2,81,203]]
[[0,0,0],[1,0,0],[0,1,0],[3,103,203]]
[[0,0,0],[1,0,0],[0,1,0],[1,36,203]]
[[0,0,0],[1,0,0],[0,1,0],[8,76,203]]
[[0,0,0],[1,0,0],[0,1,0],[42,1,203]]
[[0,0,0],[1,0,0],[0,1,0],[3,67,203]]
[[0,0,0],[1,0,0],[0,1,0],[8,19,203]]
[[0,0,0],[1,0,0],[0,1,0],[40,73,203]]
[[0,0,0],[1,0,0],[0,1,0],[35,127,203]]
[[0,0,0],[1,0,0],[0,1,0],[2,20,203]]
[[0,0,0],[1,0,0],[0,1,0],[4,69,203]]
[[0,0,0],[1,0,0],[0,1,0],[13,48,203]]
[[0,0,0],[1,0,0],[0,1,0],[30,30,203]]
[[0,0,0],[1,0,0],[0,1,0],[10,180,203]]
[[0,0,0],[1,0,0],[0,1,0],[6,26,203]]
[[0,0,0],[1,0,0],[0,1,0],[16,55,203]]
[[0,0,0],[1,0,0],[0,1,0],[25,32,203]]
[[0,0,0],[1,0,0],[0,1,0],[10,59,203]]
[[0,0,0],[1,0,0],[0,1,0],[23,184,203]]
[[0,0,0],[1,0,0],[0,1,0],[26,44,203]]
[[0,0,0],[1,0,0],[0,1,0],[9,16,203]]
[[0,0,0],[1,0,0],[0,1,0],[47,115,203]]
[[0,0,0],[1,0,0],[0,1,0],[10,22,203]]
[[0,0,0],[1,0,0],[0,1,0],[10,187,203]]
[[0,0,0],[1,0,0],[0,1,0],[36,38,203]]
[[0,0,0],[1,0,0],[0,1,0],[4,16,203]]
[[0,0,0],[1,0,0],[0,1,0],[24,152,203]]
[[0,0,0],[1,0,0],[0,1,0],[77,98,203]]
[[0,0,0],[1,0,0],[0,1,0],[5,136,203]]
[[0,0,0],[1,0,0],[0,1,0],[44,83,203]]
[[0,0,0],[1,0,0],[0,1,0],[2,82,203]]
[[0,0,0],[1,0,0],[0,1,0],[3,24,203]]
[[0,0,0],[1,0,0],[0,1,0],[42,191,203]]
[[0,0,0],[1,0,0],[0,1,0],[1,30,203]]
[[0,0,0],[1,0,0],[0,1,0],[41,45,203]]
[[0,0,0],[1,0,0],[0,1,0],[12,136,203]]
[[0,0,0],[1,0,0],[0,1,0],[6,62,203]]
[[0,0,0],[1,0,0],[0,1,0],[10,16,203]]
[[0,0,0],[1,0,0],[0,1,0],[46,186,203]]
[[0,0,0],[1,0,0],[0,1,0],[16,181,203]]
[[0,0,0],[1,0,0],[0,1,0],[43,169,203]]
[[0,0,0],[1,0,0],[0,1,0],[42,15,203]]
[[0,0,0],[1,0,0],[0,1,0],[48,163,203]]
[[0,0,0],[1,0,0],[0,1,0],[26,31,203]]
[[0,0,0],[1,0,0],[0,1,0],[4,82,203]]
[[0,0,0],[1,0,0],[0,1,0],[5,192,203]]
[[0,0,0],[1,0,0],[0,1,0],[27,185,203]]
[[0,0,0],[1,0,0],[0,1,0],[38,72,203]]
[[0,0,0],[1,0,0],[0,1,0],[4,30,203]]
[[0,0,0],[1,0,0],[0,1,0],[6,64,203]]
[[0,0,0],[1,0,0],[0,1,0],[2,27,203]]
[[0,0,0],[1,0,0],[0,1,0],[23,72,203]]
[[0,0,0],[1,0,0],[0,1,0],[20,22,203]]
[[0,0,0],[1,0,0],[0,1,0],[8,15,203]]
[[0,0,0],[1,0,0],[0,1,0],[1,15,203]]
[[0,0,0],[1,0,0],[0,1,0],[33,183,203]]
[[0,0,0],[1,0,0],[0,1,0],[6,47,203]]
[[0,0,0],[1,0,0],[0,1,0],[84,4,203]]
[[0,0,0],[1,0,0],[0,1,0],[38,73,203]]
[[0,0,0],[1,0,0],[0,1,0],[12,163,203]]
[[0,0,0],[1,0,0],[0,1,0],[29,30,203]]
[[0,0,0],[1,0,0],[0,1,0],[5,95,203]]
[[0,0,0],[1,0,0],[0,1,0],[39,81,203]]
[[0,0,0],[1,0,0],[0,1,0],[2,79,203]]
[[0,0,0],[1,0,0],[0,1,0],[96,101,203]]
[[0,0,0],[1,0,0],[0,1,0],[13,41,203]]
[[0,0,0],[1,0,0],[0,1,0],[12,46,203]]
[[0,0,0],[1,0,0],[0,1,0],[12,30,203]]
[[0,0,0],[1,0,0],[0,1,0],[70,36,203]]
[[0,0,0],[1,0,0],[0,1,0],[54,199,203]]
[[0,0,0],[1,0,0],[0,1,0],[6,83,203]]
[[0,0,0],[1,0,0],[0,1,0],[5,18,203]]
[[0,0,0],[1,0,0],[0,1,0],[18,191,203]]
[[0,0,0],[1,0,0],[0,1,0],[12,48,203]]
[[0,0,0],[1,0,0],[0,1,0],[6,23,203]]
[[0,0,0],[1,0,0],[0,1,0],[44,202,203]]
[[0,0,0],[1,0,0],[0,1,0],[28,60,203]]
[[0,0,0],[1,0,0],[0,1,0],[19,38,203]]
[[0,0,0],[1,0,0],[0,1,0],[11,86,203]]
[[0,0,0],[1,0,0],[0,1,0],[21,50,203]]
[[0,0,0],[1,0,0],[0,1,0],[21,141,203]]
[[0,0,0],[1,0,0],[0,1,0],[33,178,203]]
[[0,0,0],[1,0,0],[0,1,0],[6,135,203]]
[[0,0,0],[1,0,0],[0,1,0],[15,82,203]]
[[0,0,0],[1,0,0],[0,1,0],[2,96,203]]
[[0,0,0],[1,0,0],[0,1,0],[39,66,203]]
[[0,0,0],[1,0,0],[0,1,0],[4,34,203]]
[[0,0,0],[1,0,0],[0,1,0],[14,16,203]]
[[0,0,0],[1,0,0],[0,1,0],[10,52,203]]
[[0,0,0],[1,0,0],[0,1,0],[10,166,203]]
[[0,0,0],[1,0,0],[0,1,0],[11,33,203]]
[[0,0,0],[1,0,0],[0,1,0],[62,121,203]]
[[0,0,0],[1,0,0],[0,1,0],[46,159,203]]
[[0,0,0],[1,0,0],[0,1,0],[9,61,203]]
[[0,0,0],[1,0,0],[0,1,0],[8,60,203]]
[[0,0,0],[1,0,0],[0,1,0],[15,92,203]]
[[0,0,0],[1,0,0],[0,1,0],[16,67,203]]
[[0,0,0],[1,0,0],[0,1,0],[9,24,203]]
[[0,0,0],[1,0,0],[0,1,0],[16,188,203]]
[[0,0,0],[1,0,0],[0,1,0],[96,150,203]]
[[0,0,0],[1,0,0],[0,1,0],[18,54,203]]
[[0,0,0],[1,0,0],[0,1,0],[18,18,203]]
[[0,0,0],[1,0,0],[0,1,0],[71,156,203]]
[[0,0,0],[1,0,0],[0,1,0],[4,18,203]]
[[0,0,0],[1,0,0],[0,1,0],[10,136,203]]
[[0,0,0],[1,0,0],[0,1,0],[21,8,203]]
[[0,0,0],[1,0,0],[0,1,0],[9,94,203]]
[[0,0,0],[1,0,0],[0,1,0],[6,15,203]]
[[0,0,0],[1,0,0],[0,1,0],[48,69,203]]
[[0,0,0],[1,0,0],[0,1,0],[4,130,203]]
[[0,0,0],[1,0,0],[0,1,0],[3,78,203]]
[[0,0,0],[1,0,0],[0,1,0],[84,155,203]]
[[0,0,0],[1,0,0],[0,1,0],[1,13,203]]
[[0,0,0],[1,0,0],[0,1,0],[13,54,203]]
[[0,0,0],[1,0,0],[0,1,0],[46,129,203]]
[[0,0,0],[1,0,0],[0,1,0],[21,57,203]]
[[0,0,0],[1,0,0],[0,1,0],[21,1,203]]
[[0,0,0],[1,0,0],[0,1,0],[32,69,203]]
[[0,0,0],[1,0,0],[0,1,0],[46,109,203]]
[[0,0,0],[1,0,0],[0,1,0],[3,50,203]]
[[0,0,0],[1,0,0],[0,1,0],[36,57,203]]
[[0,0,0],[1,0,0],[0,1,0],[16,202,203]]
[[0,0,0],[1,0,0],[0,1,0],[93,118,203]]
[[0,0,0],[1,0,0],[0,1,0],[16,16,203]]
[[0,0,0],[1,0,0],[0,1,0],[30,43,203]]
[[0,0,0],[1,0,0],[0,1,0],[11,18,203]]
[[0,0,0],[1,0,0],[0,1,0],[3,57,203]]
[[0,0,0],[1,0,0],[0,1,0],[22,82,203]]
[[0,0,0],[1,0,0],[0,1,0],[13,32,203]]
[[0,0,0],[1,0,0],[0,1,0],[41,67,203]]
[[0,0,0],[1,0,0],[0,1,0],[189,189,203]]
[[0,0,0],[1,0,0],[0,1,0],[12,33,203]]
[[0,0,0],[1,0,0],[0,1,0],[13,52,203]]
[[0,0,0],[1,0,0],[0,1,0],[9,146,203]]
[[0,0,0],[1,0,0],[0,1,0],[28,148,203]]
[[0,0,0],[1,0,0],[0,1,0],[70,163,203]]
[[0,0,0],[1,0,0],[0,1,0],[10,117,203]]
[[0,0,0],[1,0,0],[0,1,0],[14,22,203]]
[[0,0,0],[1,0,0],[0,1,0],[6,121,203]]
[[0,0,0],[1,0,0],[0,1,0],[63,170,203]]
[[0,0,0],[1,0,0],[0,1,0],[90,170,203]]
[[0,0,0],[1,0,0],[0,1,0],[8,47,203]]
[[0,0,0],[1,0,0],[0,1,0],[28,176,203]]
[[0,0,0],[1,0,0],[0,1,0],[8,90,203]]
[[0,0,0],[1,0,0],[0,1,0],[8,57,203]]
[[0,0,0],[1,0,0],[0,1,0],[4,12,203]]
[[0,0,0],[1,0,0],[0,1,0],[26,86,203]]
[[0,0,0],[1,0,0],[0,1,0],[4,158,203]]
[[0,0,0],[1,0,0],[0,1,0],[16,194,203]]
[[0,0,0],[1,0,0],[0,1,0],[59,151,203]]
[[0,0,0],[1,0,0],[0,1,0],[13,50,203]]
[[0,0,0],[1,0,0],[0,1,0],[27,184,203]]
[[0,0,0],[1,0,0],[0,1,0],[6,11,203]]
[[0,0,0],[1,0,0],[0,1,0],[27,148,203]]
[[0,0,0],[1,0,0],[0,1,0],[119,27,203]]
[[0,0,0],[1,0,0],[0,1,0],[14,113,203]]
[[0,0,0],[1,0,0],[0,1,0],[84,33,203]]
[[0,0,0],[1,0,0],[0,1,0],[4,27,203]]
[[0,0,0],[1,0,0],[0,1,0],[16,44,203]]
[[0,0,0],[1,0,0],[0,1,0],[69,149,203]]
[[0,0,0],[1,0,0],[0,1,0],[2,57,203]]
[[0,0,0],[1,0,0],[0,1,0],[6,90,203]]
[[0,0,0],[1,0,0],[0,1,0],[24,26,203]]
[[0,0,0],[1,0,0],[0,1,0],[25,150,203]]
[[0,0,0],[1,0,0],[0,1,0],[33,66,203]]
[[0,0,0],[1,0,0],[0,1,0],[31,117,203]]
[[0,0,0],[1,0,0],[0,1,0],[21,120,203]]
[[0,0,0],[1,0,0],[0,1,0],[84,149,203]]
[[0,0,0],[1,0,0],[0,1,0],[74,109,203]]
[[0,0,0],[1,0,0],[0,1,0],[24,74,203]]
[[0,0,0],[1,0,0],[0,1,0],[10,12,203]]
[[0,0,0],[1,0,0],[0,1,0],[9,12,203]]
[[0,0,0],[1,0,0],[0,1,0],[2,4,203]]
[[0,0,0],[1,0,0],[0,1,0],[22,53,203]]
[[0,0,0],[1,0,0],[0,1,0],[5,13,203]]
[[0,0,0],[1,0,0],[0,1,0],[8,11,203]]
[[0,0,0],[1,0,0],[0,1,0],[11,83,203]]
[[0,0,0],[1,0,0],[0,1,0],[9,188,203]]
[[0,0,0],[1,0,0],[0,1,0],[81,151,203]]
[[0,0,0],[1,0,0],[0,1,0],[147,57,203]]
[[0,0,0],[1,0,0],[0,1,0],[6,198,203]]
[[0,0,0],[1,0,0],[0,1,0],[83,191,203]]
[[0,0,0],[1,0,0],[0,1,0],[4,65,203]]
[[0,0,0],[1,0,0],[0,1,0],[6,20,203]]
[[0,0,0],[1,0,0],[0,1,0],[19,150,203]]
[[0,0,0],[1,0,0],[0,1,0],[91,155,203]]
[[0,0,0],[1,0,0],[0,1,0],[13,85,203]]
[[0,0,0],[1,0,0],[0,1,0],[3,80,203]]
[[0,0,0],[1,0,0],[0,1,0],[9,197,203]]
[[0,0,0],[1,0,0],[0,1,0],[11,195,203]]
[[0,0,0],[1,0,0],[0,1,0],[40,82,203]]
[[0,0,0],[1,0,0],[0,1,0],[62,93,203]]
[[0,0,0],[1,0,0],[0,1,0],[18,137,203]]
[[0,0,0],[1,0,0],[0,1,0],[24,66,203]]
[[0,0,0],[1,0,0],[0,1,0],[23,97,203]]
[[0,0,0],[1,0,0],[0,1,0],[5,199,203]]
[[0,0,0],[1,0,0],[0,1,0],[18,24,203]]
[[0,0,0],[1,0,0],[0,1,0],[50,155,203]]
[[0,0,0],[1,0,0],[0,1,0],[45,76,203]]
[[0,0,0],[1,0,0],[0,1,0],[4,74,203]]
[[0,0,0],[1,0,0],[0,1,0],[23,152,203]]
[[0,0,0],[1,0,0],[0,1,0],[137,137,203]]
[[0,0,0],[1,0,0],[0,1,0],[75,150,203]]
[[0,0,0],[1,0,0],[0,1,0],[12,81,203]]
[[0,0,0],[1,0,0],[0,1,0],[6,44,203]]
[[0,0,0],[1,0,0],[0,1,0],[9,33,203]]
[[0,0,0],[1,0,0],[0,1,0],[3,13,203]]
[[0,0,0],[1,0,0],[0,1,0],[13,142,203]]
[[0,0,0],[1,0,0],[0,1,0],[30,41,203]]
[[0,0,0],[1,0,0],[0,1,0],[16,50,203]]
[[0,0,0],[1,0,0],[0,1,0],[23,202,203]]
[[0,0,0],[1,0,0],[0,1,0],[95,193,203]]
[[0,0,0],[1,0,0],[0,1,0],[5,32,203]]
[[0,0,0],[1,0,0],[0,1,0],[46,200,203]]
[[0,0,0],[1,0,0],[0,1,0],[21,78,203]]
[[0,0,0],[1,0,0],[0,1,0],[3,32,203]]
[[0,0,0],[1,0,0],[0,1,0],[70,57,203]]
[[0,0,0],[1,0,0],[0,1,0],[25,64,203]]
[[0,0,0],[1,0,0],[0,1,0],[10,80,203]]
[[0,0,0],[1,0,0],[0,1,0],[62,135,203]]
[[0,0,0],[1,0,0],[0,1,0],[33,101,203]]
[[0,0,0],[1,0,0],[0,1,0],[29,146,203]]
[[0,0,0],[1,0,0],[0,1,0],[18,27,203]]
[[0,0,0],[1,0,0],[0,1,0],[4,172,203]]
[[0,0,0],[1,0,0],[0,1,0],[6,27,203]]
[[0,0,0],[1,0,0],[0,1,0],[32,59,203]]
[[0,0,0],[1,0,0],[0,1,0],[31,103,203]]
[[0,0,0],[1,0,0],[0,1,0],[54,121,203]]
[[0,0,0],[1,0,0],[0,1,0],[11,198,203]]
[[0,0,0],[1,0,0],[0,1,0],[26,184,203]]
[[0,0,0],[1,0,0],[0,1,0],[4,109,203]]
[[0,0,0],[1,0,0],[0,1,0],[33,54,203]]
[[0,0,0],[1,0,0],[0,1,0],[19,94,203]]
[[0,0,0],[1,0,0],[0,1,0],[25,179,203]]
[[0,0,0],[1,0,0],[0,1,0],[33,60,203]]
[[0,0,0],[1,0,0],[0,1,0],[3,51,203]]
[[0,0,0],[1,0,0],[0,1,0],[20,184,203]]
[[0,0,0],[1,0,0],[0,1,0],[103,136,203]]
[[0,0,0],[1,0,0],[0,1,0],[74,130,203]]
[[0,0,0],[1,0,0],[0,1,0],[16,60,203]]
[[0,0,0],[1,0,0],[0,1,0],[16,73,203]]
[[0,0,0],[1,0,0],[0,1,0],[1,74,203]]
[[0,0,0],[1,0,0],[0,1,0],[11,30,203]]
[[0,0,0],[1,0,0],[0,1,0],[2,48,203]]
[[0,0,0],[1,0,0],[0,1,0],[40,40,203]]
[[0,0,0],[1,0,0],[0,1,0],[1,90,203]]
[[0,0,0],[1,0,0],[0,1,0],[24,72,203]]
[[0,0,0],[1,0,0],[0,1,0],[63,190,203]]
[[0,0,0],[1,0,0],[0,1,0],[20,155,203]]
[[0,0,0],[1,0,0],[0,1,0],[109,130,203]]
[[0,0,0],[1,0,0],[0,1,0],[2,94,203]]
[[0,0,0],[1,0,0],[0,1,0],[84,36,203]]
[[0,0,0],[1,0,0],[0,1,0],[9,166,203]]
[[0,0,0],[1,0,0],[0,1,0],[43,75,203]]
[[0,0,0],[1,0,0],[0,1,0],[5,89,203]]
[[0,0,0],[1,0,0],[0,1,0],[10,27,203]]
[[0,0,0],[1,0,0],[0,1,0],[13,57,203]]
[[0,0,0],[1,0,0],[0,1,0],[49,10,203]]
[[0,0,0],[1,0,0],[0,1,0],[3,10,203]]
[[0,0,0],[1,0,0],[0,1,0],[13,104,203]]
[[0,0,0],[1,0,0],[0,1,0],[7,162,203]]
[[0,0,0],[1,0,0],[0,1,0],[35,176,203]]
[[0,0,0],[1,0,0],[0,1,0],[2,68,203]]
[[0,0,0],[1,0,0],[0,1,0],[75,130,203]]
[[0,0,0],[1,0,0],[0,1,0],[2,92,203]]
[[0,0,0],[1,0,0],[0,1,0],[31,179,203]]
[[0,0,0],[1,0,0],[0,1,0],[76,121,203]]
[[0,0,0],[1,0,0],[0,1,0],[3,82,203]]
[[0,0,0],[1,0,0],[0,1,0],[3,72,203]]
[[0,0,0],[1,0,0],[0,1,0],[5,44,203]]
[[0,0,0],[1,0,0],[0,1,0],[23,160,203]]
[[0,0,0],[1,0,0],[0,1,0],[9,108,203]]
[[0,0,0],[1,0,0],[0,1,0],[35,106,203]]
[[0,0,0],[1,0,0],[0,1,0],[4,47,203]]
[[0,0,0],[1,0,0],[0,1,0],[9,38,203]]
[[0,0,0],[1,0,0],[0,1,0],[15,43,203]]
[[0,0,0],[1,0,0],[0,1,0],[2,83,203]]
[[0,0,0],[1,0,0],[0,1,0],[45,89,203]]
[[0,0,0],[1,0,0],[0,1,0],[11,186,203]]
[[0,0,0],[1,0,0],[0,1,0],[25,50,203]]
[[0,0,0],[1,0,0],[0,1,0],[9,202,203]]
[[0,0,0],[1,0,0],[0,1,0],[5,143,203]]
[[0,0,0],[1,0,0],[0,1,0],[16,25,203]]
[[0,0,0],[1,0,0],[0,1,0],[1,44,203]]
[[0,0,0],[1,0,0],[0,1,0],[6,86,203]]
[[0,0,0],[1,0,0],[0,1,0],[18,72,203]]
[[0,0,0],[1,0,0],[0,1,0],[84,1,203]]
[[0,0,0],[1,0,0],[0,1,0],[25,121,203]]
[[0,0,0],[1,0,0],[0,1,0],[24,96,203]]
[[0,0,0],[1,0,0],[0,1,0],[2,78,203]]
[[0,0,0],[1,0,0],[0,1,0],[12,82,203]]
[[0,0,0],[1,0,0],[0,1,0],[7,127,203]]
[[0,0,0],[1,0,0],[0,1,0],[70,50,203]]
[[0,0,0],[1,0,0],[0,1,0],[47,170,203]]
[[0,0,0],[1,0,0],[0,1,0],[2,18,203]]
[[0,0,0],[1,0,0],[0,1,0],[56,78,203]]
[[0,0,0],[1,0,0],[0,1,0],[20,185,203]]
[[0,0,0],[1,0,0],[0,1,0],[16,160,203]]
[[0,0,0],[1,0,0],[0,1,0],[22,153,203]]
[[0,0,0],[1,0,0],[0,1,0],[11,54,203]]
[[0,0,0],[1,0,0],[0,1,0],[109,124,203]]
[[0,0,0],[1,0,0],[0,1,0],[5,60,203]]
[[0,0,0],[1,0,0],[0,1,0],[19,55,203]]
[[0,0,0],[1,0,0],[0,1,0],[4,31,203]]
[[0,0,0],[1,0,0],[0,1,0],[56,197,203]]
[[0,0,0],[1,0,0],[0,1,0],[182,196,203]]
[[0,0,0],[1,0,0],[0,1,0],[3,9,203]]
[[0,0,0],[1,0,0],[0,1,0],[11,40,203]]
[[0,0,0],[1,0,0],[0,1,0],[5,27,203]]
[[0,0,0],[1,0,0],[0,1,0],[52,117,203]]
[[0,0,0],[1,0,0],[0,1,0],[23,83,203]]
[[0,0,0],[1,0,0],[0,1,0],[9,18,203]]
[[0,0,0],[1,0,0],[0,1,0],[90,143,203]]
[[0,0,0],[1,0,0],[0,1,0],[19,186,203]]
[[0,0,0],[1,0,0],[0,1,0],[63,176,203]]
[[0,0,0],[1,0,0],[0,1,0],[91,162,203]]
[[0,0,0],[1,0,0],[0,1,0],[64,162,203]]
[[0,0,0],[1,0,0],[0,1,0],[21,9,203]]
[[0,0,0],[1,0,0],[0,1,0],[2,173,203]]
[[0,0,0],[1,0,0],[0,1,0],[22,43,203]]
[[0,0,0],[1,0,0],[0,1,0],[10,75,203]]
[[0,0,0],[1,0,0],[0,1,0],[21,85,203]]
[[0,0,0],[1,0,0],[0,1,0],[38,75,203]]
[[0,0,0],[1,0,0],[0,1,0],[9,39,203]]
[[0,0,0],[1,0,0],[0,1,0],[33,150,203]]
[[0,0,0],[1,0,0],[0,1,0],[40,94,203]]
[[0,0,0],[1,0,0],[0,1,0],[4,62,203]]
[[0,0,0],[1,0,0],[0,1,0],[20,191,203]]
[[0,0,0],[1,0,0],[0,1,0],[13,74,203]]
[[0,0,0],[1,0,0],[0,1,0],[63,8,203]]
[[0,0,0],[1,0,0],[0,1,0],[119,143,203]]
[[0,0,0],[1,0,0],[0,1,0],[20,60,203]]
[[0,0,0],[1,0,0],[0,1,0],[16,74,203]]
[[0,0,0],[1,0,0],[0,1,0],[67,195,203]]
[[0,0,0],[1,0,0],[0,1,0],[2,146,203]]
[[0,0,0],[1,0,0],[0,1,0],[19,33,203]]
[[0,0,0],[1,0,0],[0,1,0],[7,169,203]]
[[0,0,0],[1,0,0],[0,1,0],[39,107,203]]
[[0,0,0],[1,0,0],[0,1,0],[30,167,203]]
[[0,0,0],[1,0,0],[0,1,0],[46,193,203]]
[[0,0,0],[1,0,0],[0,1,0],[8,96,203]]
[[0,0,0],[1,0,0],[0,1,0],[20,32,203]]
[[0,0,0],[1,0,0],[0,1,0],[30,59,203]]
[[0,0,0],[1,0,0],[0,1,0],[4,165,203]]
[[0,0,0],[1,0,0],[0,1,0],[24,187,203]]
[[0,0,0],[1,0,0],[0,1,0],[23,48,203]]
[[0,0,0],[1,0,0],[0,1,0],[1,10,203]]
[[0,0,0],[1,0,0],[0,1,0],[26,66,203]]
[[0,0,0],[1,0,0],[0,1,0],[43,163,203]]
[[0,0,0],[1,0,0],[0,1,0],[24,43,203]]
[[0,0,0],[1,0,0],[0,1,0],[15,81,203]]
[[0,0,0],[1,0,0],[0,1,0],[87,175,203]]
[[0,0,0],[1,0,0],[0,1,0],[13,59,203]]
[[0,0,0],[1,0,0],[0,1,0],[1,20,203]]
[[0,0,0],[1,0,0],[0,1,0],[10,73,203]]
[[0,0,0],[1,0,0],[0,1,0],[12,19,203]]
[[0,0,0],[1,0,0],[0,1,0],[31,39,203]]
[[0,0,0],[1,0,0],[0,1,0],[119,201,203]]
[[0,0,0],[1,0,0],[0,1,0],[90,149,203]]
[[0,0,0],[1,0,0],[0,1,0],[4,54,203]]
[[0,0,0],[1,0,0],[0,1,0],[3,202,203]]
[[0,0,0],[1,0,0],[0,1,0],[84,178,203]]
[[0,0,0],[1,0,0],[0,1,0],[6,31,203]]
[[0,0,0],[1,0,0],[0,1,0],[9,36,203]]
[[0,0,0],[1,0,0],[0,1,0],[10,194,203]]
[[0,0,0],[1,0,0],[0,1,0],[6,22,203]]
[[0,0,0],[1,0,0],[0,1,0],[26,108,203]]
[[0,0,0],[1,0,0],[0,1,0],[14,43,203]]
[[0,0,0],[1,0,0],[0,1,0],[4,88,203]]
[[0,0,0],[1,0,0],[0,1,0],[20,53,203]]
[[0,0,0],[1,0,0],[0,1,0],[4,38,203]]
[[0,0,0],[1,0,0],[0,1,0],[7,99,203]]
[[0,0,0],[1,0,0],[0,1,0],[38,66,203]]
[[0,0,0],[1,0,0],[0,1,0],[84,62,203]]
[[0,0,0],[1,0,0],[0,1,0],[7,168,203]]
[[0,0,0],[1,0,0],[0,1,0],[3,17,203]]
[[0,0,0],[1,0,0],[0,1,0],[1,57,203]]
[[0,0,0],[1,0,0],[0,1,0],[33,113,203]]
[[0,0,0],[1,0,0],[0,1,0],[20,65,203]]
[[0,0,0],[1,0,0],[0,1,0],[9,86,203]]
[[0,0,0],[1,0,0],[0,1,0],[0,1,203]]
[[0,0,0],[1,0,0],[0,1,0],[7,22,203]]
[[0,0,0],[1,0,0],[0,1,0],[2,61,203]]
[[0,0,0],[1,0,0],[0,1,0],[27,73,203]]
[[0,0,0],[1,0,0],[0,1,0],[18,71,203]]
[[0,0,0],[1,0,0],[0,1,0],[12,129,203]]
[[0,0,0],[1,0,0],[0,1,0],[18,48,203]]
[[0,0,0],[1,0,0],[0,1,0],[15,27,203]]
[[0,0,0],[1,0,0],[0,1,0],[133,85,203]]
[[0,0,0],[1,0,0],[0,1,0],[62,156,203]]
[[0,0,0],[1,0,0],[0,1,0],[16,146,203]]
[[0,0,0],[1,0,0],[0,1,0],[20,187,203]]
[[0,0,0],[1,0,0],[0,1,0],[11,92,203]]
[[0,0,0],[1,0,0],[0,1,0],[112,106,203]]
[[0,0,0],[1,0,0],[0,1,0],[15,26,203]]
[[0,0,0],[1,0,0],[0,1,0],[49,36,203]]
[[0,0,0],[1,0,0],[0,1,0],[7,81,203]]
[[0,0,0],[1,0,0],[0,1,0],[11,37,203]]
[[0,0,0],[1,0,0],[0,1,0],[15,41,203]]
[[0,0,0],[1,0,0],[0,1,0],[29,1,203]]
[[0,0,0],[1,0,0],[0,1,0],[1,47,203]]
[[0,0,0],[1,0,0],[0,1,0],[10,54,203]]
[[0,0,0],[1,0,0],[0,1,0],[19,90,203]]
[[0,0,0],[1,0,0],[0,1,0],[27,43,203]]
[[0,0,0],[1,0,0],[0,1,0],[14,45,203]]
[[0,0,0],[1,0,0],[0,1,0],[23,55,203]]
[[0,0,0],[1,0,0],[0,1,0],[2,85,203]]
[[0,0,0],[1,0,0],[0,1,0],[119,106,203]]
[[0,0,0],[1,0,0],[0,1,0],[4,39,203]]
[[0,0,0],[1,0,0],[0,1,0],[16,167,203]]
[[0,0,0],[1,0,0],[0,1,0],[8,44,203]]
[[0,0,0],[1,0,0],[0,1,0],[15,78,203]]
[[0,0,0],[1,0,0],[0,1,0],[14,176,203]]
[[0,0,0],[1,0,0],[0,1,0],[63,197,203]]
[[0,0,0],[1,0,0],[0,1,0],[19,88,203]]
[[0,0,0],[1,0,0],[0,1,0],[23,46,203]]
[[0,0,0],[1,0,0],[0,1,0],[2,80,203]]
[[0,0,0],[1,0,0],[0,1,0],[5,115,203]]
[[0,0,0],[1,0,0],[0,1,0],[39,73,203]]
[[0,0,0],[1,0,0],[0,1,0],[121,202,203]]
[[0,0,0],[1,0,0],[0,1,0],[1,25,203]]
[[0,0,0],[1,0,0],[0,1,0],[2,125,203]]
[[0,0,0],[1,0,0],[0,1,0],[8,97,203]]
[[0,0,0],[1,0,0],[0,1,0],[40,57,203]]
[[0,0,0],[1,0,0],[0,1,0],[74,152,203]]
[[0,0,0],[1,0,0],[0,1,0],[1,4,203]]
[[0,0,0],[1,0,0],[0,1,0],[3,5,203]]
[[0,0,0],[1,0,0],[0,1,0],[35,57,203]]
[[0,0,0],[1,0,0],[0,1,0],[10,30,203]]
[[0,0,0],[1,0,0],[0,1,0],[124,143,203]]
