[[0,0,0],[1,0,0],[0,1,0],[17,160,209]]
[[0,0,0],[1,0,0],[0,1,0],[3,5,209]]
[[0,0,0],[1,0,0],[0,1,0],[7,47,209]]
[[0,0,0],[1,0,0],[0,1,0],[1,4,209]]
[[0,0,0],[1,0,0],[0,1,0],[4,72,209]]
[[0,0,0],[1,0,0],[0,1,0],[12,79,209]]
[[0,0,0],[1,0,0],[0,1,0],[12,90,209]]
[[0,0,0],[1,0,0],[0,1,0],[22,34,209]]
[[0,0,0],[1,0,0],[0,1,0],[27,164,209]]
[[0,0,0],[1,0,0],[0,1,0],[47,130,209]]
[[0,0,0],[1,0,0],[0,1,0],[41,191,209]]
[[0,0,0],[1,0,0],[0,1,0],[14,185,209]]
[[0,0,0],[1,0,0],[0,1,0],[10,86,209]]
[[0,0,0],[1,0,0],[0,1,0],[3,84,209]]
[[0,0,0],[1,0,0],[0,1,0],[91,174,209]]
[[0,0,0],[1,0,0],[0,1,0],[97,138,209]]
[[0,0,0],[1,0,0],[0,1,0],[3,208,209]]
[[0,0,0],[1,0,0],[0,1,0],[60,188,209]]
[[0,0,0],[1,0,0],[0,1,0],[28,34,209]]
[[0,0,0],[1,0,0],[0,1,0],[41,43,209]]
[[0,0,0],[1,0,0],[0,1,0],[38,172,209]]
[[0,0,0],[1,0,0],[0,1,0],[1,54,209]]
[[0,0,0],[1,0,0],[0,1,0],[40,159,209]]
[[0,0,0],[1,0,0],[0,1,0],[16,197,209]]
[[0,0,0],[1,0,0],[0,1,0],[40,83,209]]
[[0,0,0],[1,0,0],[0,1,0],[2,28,209]]
[[0,0,0],[1,0,0],[0,1,0],[3,75,209]]
[[0,0,0],[1,0,0],[0,1,0],[57,153,209]]
[[0,0,0],[1,0,0],[0,1,0],[13,29,209]]
[[0,0,0],[1,0,0],[0,1,0],[36,78,209]]
[[0,0,0],[1,0,0],[0,1,0],[32,167,209]]
[[0,0,0],[1,0,0],[0,1,0],[7,192,209]]
[[0,0,0],[1,0,0],[0,1,0],[5,39,209]]
[[0,0,0],[1,0,0],[0,1,0],[11,23,209]]
[[0,0,0],[1,0,0],[0,1,0],[4,107,209]]
[[0,0,0],[1,0,0],[0,1,0],[40,148,209]]
[[0,0,0],[1,0,0],[0,1,0],[1,32,209]]
[[0,0,0],[1,0,0],[0,1,0],[33,199,209]]
[[0,0,0],[1,0,0],[0,1,0],[43,63,209]]
[[0,0,0],[1,0,0],[0,1,0],[6,48,209]]
[[0,0,0],[1,0,0],[0,1,0],[49,139,209]]
[[0,0,0],[1,0,0],[0,1,0],[43,58,209]]
[[0,0,0],[1,0,0],[0,1,0],[9,56,209]]
[[0,0,0],[1,0,0],[0,1,0],[28,204,209]]
[[0,0,0],[1,0,0],[0,1,0],[7,40,209]]
[[0,0,0],[1,0,0],[0,1,0],[9,54,209]]
[[0,0,0],[1,0,0],[0,1,0],[40,60,209]]
[[0,0,0],[1,0,0],[0,1,0],[16,51,209]]
[[0,0,0],[1,0,0],[0,1,0],[3,163,209]]
[[0,0,0],[1,0,0],[0,1,0],[68,109,209]]
[[0,0,0],[1,0,0],[0,1,0],[33,188,209]]
[[0,0,0],[1,0,0],[0,1,0],[7,73,209]]
[[0,0,0],[1,0,0],[0,1,0],[14,199,209]]
[[0,0,0],[1,0,0],[0,1,0],[23,86,209]]
[[0,0,0],[1,0,0],[0,1,0],[24,68,209]]
[[0,0,0],[1,0,0],[0,1,0],[11,177,209]]
[[0,0,0],[1,0,0],[0,1,0],[9,124,209]]
[[0,0,0],[1,0,0],[0,1,0],[3,36,209]]
[[0,0,0],[1,0,0],[0,1,0],[13,24,209]]
[[0,0,0],[1,0,0],[0,1,0],[26,51,209]]
[[0,0,0],[1,0,0],[0,1,0],[2,97,209]]
[[0,0,0],[1,0,0],[0,1,0],[2,5,209]]
[[0,0,0],[1,0,0],[0,1,0],[7,45,209]]
[[0,0,0],[1,0,0],[0,1,0],[67,200,209]]
[[0,0,0],[1,0,0],[0,1,0],[3,20,209]]
[[0,0,0],[1,0,0],[0,1,0],[17,68,209]]
[[0,0,0],[1,0,0],[0,1,0],[2,8,209]]
[[0,0,0],[1,0,0],[0,1,0],[4,149,209]]
[[0,0,0],[1,0,0],[0,1,0],[49,84,209]]
[[0,0,0],[1,0,0],[0,1,0],[25,82,209]]
[[0,0,0],[1,0,0],[0,1,0],[41,48,209]]
[[0,0,0],[1,0,0],[0,1,0],[63,158,209]]
[[0,0,0],[1,0,0],[0,1,0],[128,148,209]]
[[0,0,0],[1,0,0],[0,1,0],[52,73,209]]
[[0,0,0],[1,0,0],[0,1,0],[74,147,209]]
[[0,0,0],[1,0,0],[0,1,0],[6,100,209]]
[[0,0,0],[1,0,0],[0,1,0],[2,34,209]]
[[0,0,0],[1,0,0],[0,1,0],[10,90,209]]
[[0,0,0],[1,0,0],[0,1,0],[10,13,209]]
[[0,0,0],[1,0,0],[0,1,0],[32,41,209]]
[[0,0,0],[1,0,0],[0,1,0],[26,34,209]]
[[0,0,0],[1,0,0],[0,1,0],[47,108,209]]
[[0,0,0],[1,0,0],[0,1,0],[7,206,209]]
[[0,0,0],[1,0,0],[0,1,0],[48,81,209]]
[[0,0,0],[1,0,0],[0,1,0],[13,201,209]]
[[0,0,0],[1,0,0],[0,1,0],[55,155,209]]
[[0,0,0],[1,0,0],[0,1,0],[29,63,209]]
[[0,0,0],[1,0,0],[0,1,0],[24,54,209]]
[[0,0,0],[1,0,0],[0,1,0],[28,63,209]]
[[0,0,0],[1,0,0],[0,1,0],[6,29,209]]
[[0,0,0],[1,0,0],[0,1,0],[14,86,209]]
[[0,0,0],[1,0,0],[0,1,0],[8,191,209]]
[[0,0,0],[1,0,0],[0,1,0],[23,111,209]]
[[0,0,0],[1,0,0],[0,1,0],[7,84,209]]
[[0,0,0],[1,0,0],[0,1,0],[4,36,209]]
[[0,0,0],[1,0,0],[0,1,0],[29,56,209]]
[[0,0,0],[1,0,0],[0,1,0],[1,7,209]]
[[0,0,0],[1,0,0],[0,1,0],[6,71,209]]
[[0,0,0],[1,0,0],[0,1,0],[11,66,209]]
[[0,0,0],[1,0,0],[0,1,0],[65,178,209]]
[[0,0,0],[1,0,0],[0,1,0],[14,120,209]]
[[0,0,0],[1,0,0],[0,1,0],[18,34,209]]
[[0,0,0],[1,0,0],[0,1,0],[27,36,209]]
[[0,0,0],[1,0,0],[0,1,0],[8,147,209]]
[[0,0,0],[1,0,0],[0,1,0],[34,72,209]]
[[0,0,0],[1,0,0],[0,1,0],[11,123,209]]
[[0,0,0],[1,0,0],[0,1,0],[8,52,209]]
[[0,0,0],[1,0,0],[0,1,0],[17,60,209]]
[[0,0,0],[1,0,0],[0,1,0],[52,147,209]]
[[0,0,0],[1,0,0],[0,1,0],[18,170,209]]
[[0,0,0],[1,0,0],[0,1,0],[26,85,209]]
[[0,0,0],[1,0,0],[0,1,0],[18,52,209]]
[[0,0,0],[1,0,0],[0,1,0],[16,83,209]]
[[0,0,0],[1,0,0],[0,1,0],[4,86,209]]
[[0,0,0],[1,0,0],[0,1,0],[6,50,209]]
[[0,0,0],[1,0,0],[0,1,0],[66,125,209]]
[[0,0,0],[1,0,0],[0,1,0],[6,81,209]]
[[0,0,0],[1,0,0],[0,1,0],[10,20,209]]
[[0,0,0],[1,0,0],[0,1,0],[4,75,209]]
[[0,0,0],[1,0,0],[0,1,0],[88,122,209]]
[[0,0,0],[1,0,0],[0,1,0],[20,80,209]]
[[0,0,0],[1,0,0],[0,1,0],[23,29,209]]
[[0,0,0],[1,0,0],[0,1,0],[6,8,209]]
[[0,0,0],[1,0,0],[0,1,0],[4,129,209]]
[[0,0,0],[1,0,0],[0,1,0],[14,53,209]]
[[0,0,0],[1,0,0],[0,1,0],[48,86,209]]
[[0,0,0],[1,0,0],[0,1,0],[23,81,209]]
[[0,0,0],[1,0,0],[0,1,0],[1,46,209]]
[[0,0,0],[1,0,0],[0,1,0],[4,45,209]]
[[0,0,0],[1,0,0],[0,1,0],[7,159,209]]
[[0,0,0],[1,0,0],[0,1,0],[59,63,209]]
[[0,0,0],[1,0,0],[0,1,0],[4,20,209]]
[[0,0,0],[1,0,0],[0,1,0],[28,144,209]]
[[0,0,0],[1,0,0],[0,1,0],[8,136,209]]
[[0,0,0],[1,0,0],[0,1,0],[72,119,209]]
[[0,0,0],[1,0,0],[0,1,0],[7,51,209]]
[[0,0,0],[1,0,0],[0,1,0],[32,37,209]]
[[0,0,0],[1,0,0],[0,1,0],[28,86,209]]
[[0,0,0],[1,0,0],[0,1,0],[102,184,209]]
[[0,0,0],[1,0,0],[0,1,0],[47,106,209]]
[[0,0,0],[1,0,0],[0,1,0],[7,85,209]]
[[0,0,0],[1,0,0],[0,1,0],[45,64,209]]
[[0,0,0],[1,0,0],[0,1,0],[47,75,209]]
[[0,0,0],[1,0,0],[0,1,0],[2,47,209]]
[[0,0,0],[1,0,0],[0,1,0],[13,61,209]]
[[0,0,0],[1,0,0],[0,1,0],[6,75,209]]
[[0,0,0],[1,0,0],[0,1,0],[23,69,209]]
[[0,0,0],[1,0,0],[0,1,0],[3,196,209]]
[[0,0,0],[1,0,0],[0,1,0],[2,102,209]]
[[0,0,0],[1,0,0],[0,1,0],[132,116,209]]
[[0,0,0],[1,0,0],[0,1,0],[17,201,209]]
[[0,0,0],[1,0,0],[0,1,0],[82,185,209]]
[[0,0,0],[1,0,0],[0,1,0],[8,65,209]]
[[0,0,0],[1,0,0],[0,1,0],[16,63,209]]
[[0,0,0],[1,0,0],[0,1,0],[85,147,209]]
[[0,0,0],[1,0,0],[0,1,0],[6,21,209]]
[[0,0,0],[1,0,0],[0,1,0],[14,130,209]]
[[0,0,0],[1,0,0],[0,1,0],[16,150,209]]
[[0,0,0],[1,0,0],[0,1,0],[2,131,209]]
[[0,0,0],[1,0,0],[0,1,0],[68,199,209]]
[[0,0,0],[1,0,0],[0,1,0],[5,64,209]]
[[0,0,0],[1,0,0],[0,1,0],[3,185,209]]
[[0,0,0],[1,0,0],[0,1,0],[2,84,209]]
[[0,0,0],[1,0,0],[0,1,0],[11,67,209]]
[[0,0,0],[1,0,0],[0,1,0],[17,26,209]]
[[0,0,0],[1,0,0],[0,1,0],[4,46,209]]
[[0,0,0],[1,0,0],[0,1,0],[5,186,209]]
[[0,0,0],[1,0,0],[0,1,0],[95,1,209]]
[[0,0,0],[1,0,0],[0,1,0],[2,30,209]]
[[0,0,0],[1,0,0],[0,1,0],[17,79,209]]
[[0,0,0],[1,0,0],[0,1,0],[7,18,209]]
[[0,0,0],[1,0,0],[0,1,0],[65,167,209]]
[[0,0,0],[1,0,0],[0,1,0],[28,71,209]]
[[0,0,0],[1,0,0],[0,1,0],[5,75,209]]
[[0,0,0],[1,0,0],[0,1,0],[3,207,209]]
[[0,0,0],[1,0,0],[0,1,0],[55,60,209]]
[[0,0,0],[1,0,0],[0,1,0],[16,59,209]]
[[0,0,0],[1,0,0],[0,1,0],[7,82,209]]
[[0,0,0],[1,0,0],[0,1,0],[72,182,209]]
[[0,0,0],[1,0,0],[0,1,0],[12,92,209]]
[[0,0,0],[1,0,0],[0,1,0],[19,153,209]]
[[0,0,0],[1,0,0],[0,1,0],[34,36,209]]
[[0,0,0],[1,0,0],[0,1,0],[33,6,209]]
[[0,0,0],[1,0,0],[0,1,0],[8,27,209]]
[[0,0,0],[1,0,0],[0,1,0],[2,43,209]]
[[0,0,0],[1,0,0],[0,1,0],[27,189,209]]
[[0,0,0],[1,0,0],[0,1,0],[55,136,209]]
[[0,0,0],[1,0,0],[0,1,0],[95,20,209]]
[[0,0,0],[1,0,0],[0,1,0],[10,96,209]]
[[0,0,0],[1,0,0],[0,1,0],[4,84,209]]
[[0,0,0],[1,0,0],[0,1,0],[18,20,209]]
[[0,0,0],[1,0,0],[0,1,0],[8,34,209]]
[[0,0,0],[1,0,0],[0,1,0],[11,188,209]]
[[0,0,0],[1,0,0],[0,1,0],[5,172,209]]
[[0,0,0],[1,0,0],[0,1,0],[29,170,209]]
[[0,0,0],[1,0,0],[0,1,0],[60,74,209]]
[[0,0,0],[1,0,0],[0,1,0],[12,54,209]]
[[0,0,0],[1,0,0],[0,1,0],[40,170,209]]
[[0,0,0],[1,0,0],[0,1,0],[8,13,209]]
[[0,0,0],[1,0,0],[0,1,0],[1,72,209]]
[[0,0,0],[1,0,0],[0,1,0],[45,169,209]]
[[0,0,0],[1,0,0],[0,1,0],[20,197,209]]
[[0,0,0],[1,0,0],[0,1,0],[8,31,209]]
[[0,0,0],[1,0,0],[0,1,0],[13,60,209]]
[[0,0,0],[1,0,0],[0,1,0],[48,129,209]]
[[0,0,0],[1,0,0],[0,1,0],[6,205,209]]
[[0,0,0],[1,0,0],[0,1,0],[25,25,209]]
[[0,0,0],[1,0,0],[0,1,0],[3,43,209]]
[[0,0,0],[1,0,0],[0,1,0],[2,197,209]]
[[0,0,0],[1,0,0],[0,1,0],[119,179,209]]
[[0,0,0],[1,0,0],[0,1,0],[10,36,209]]
[[0,0,0],[1,0,0],[0,1,0],[18,32,209]]
[[0,0,0],[1,0,0],[0,1,0],[29,29,209]]
[[0,0,0],[1,0,0],[0,1,0],[11,161,209]]
[[0,0,0],[1,0,0],[0,1,0],[52,181,209]]
[[0,0,0],[1,0,0],[0,1,0],[19,58,209]]
[[0,0,0],[1,0,0],[0,1,0],[3,188,209]]
[[0,0,0],[1,0,0],[0,1,0],[25,188,209]]
[[0,0,0],[1,0,0],[0,1,0],[3,40,209]]
[[0,0,0],[1,0,0],[0,1,0],[20,87,209]]
[[0,0,0],[1,0,0],[0,1,0],[7,71,209]]
[[0,0,0],[1,0,0],[0,1,0],[8,103,209]]
[[0,0,0],[1,0,0],[0,1,0],[16,58,209]]
[[0,0,0],[1,0,0],[0,1,0],[62,203,209]]
[[0,0,0],[1,0,0],[0,1,0],[18,68,209]]
[[0,0,0],[1,0,0],[0,1,0],[25,90,209]]
[[0,0,0],[1,0,0],[0,1,0],[27,46,209]]
[[0,0,0],[1,0,0],[0,1,0],[18,61,209]]
[[0,0,0],[1,0,0],[0,1,0],[111,156,209]]
[[0,0,0],[1,0,0],[0,1,0],[28,163,209]]
[[0,0,0],[1,0,0],[0,1,0],[82,156,209]]
[[0,0,0],[1,0,0],[0,1,0],[58,158,209]]
[[0,0,0],[1,0,0],[0,1,0],[12,50,209]]
[[0,0,0],[1,0,0],[0,1,0],[2,54,209]]
[[0,0,0],[1,0,0],[0,1,0],[28,43,209]]
[[0,0,0],[1,0,0],[0,1,0],[29,191,209]]
[[0,0,0],[1,0,0],[0,1,0],[10,56,209]]
[[0,0,0],[1,0,0],[0,1,0],[1,28,209]]
[[0,0,0],[1,0,0],[0,1,0],[13,89,209]]
[[0,0,0],[1,0,0],[0,1,0],[22,78,209]]
[[0,0,0],[1,0,0],[0,1,0],[2,10,209]]
[[0,0,0],[1,0,0],[0,1,0],[3,31,209]]
[[0,0,0],[1,0,0],[0,1,0],[4,151,209]]
[[0,0,0],[1,0,0],[0,1,0],[22,56,209]]
[[0,0,0],[1,0,0],[0,1,0],[39,63,209]]
[[0,0,0],[1,0,0],[0,1,0],[36,189,209]]
[[0,0,0],[1,0,0],[0,1,0],[3,61,209]]
[[0,0,0],[1,0,0],[0,1,0],[7,205,209]]
[[0,0,0],[1,0,0],[0,1,0],[9,69,209]]
[[0,0,0],[1,0,0],[0,1,0],[16,45,209]]
[[0,0,0],[1,0,0],[0,1,0],[33,12,209]]
[[0,0,0],[1,0,0],[0,1,0],[80,158,209]]
[[0,0,0],[1,0,0],[0,1,0],[99,187,209]]
[[0,0,0],[1,0,0],[0,1,0],[2,101,209]]
[[0,0,0],[1,0,0],[0,1,0],[14,78,209]]
[[0,0,0],[1,0,0],[0,1,0],[9,83,209]]
[[0,0,0],[1,0,0],[0,1,0],[36,155,209]]
[[0,0,0],[1,0,0],[0,1,0],[2,45,209]]
[[0,0,0],[1,0,0],[0,1,0],[3,71,209]]
[[0,0,0],[1,0,0],[0,1,0],[12,98,209]]
[[0,0,0],[1,0,0],[0,1,0],[8,26,209]]
[[0,0,0],[1,0,0],[0,1,0],[10,178,209]]
[[0,0,0],[1,0,0],[0,1,0],[5,94,209]]
[[0,0,0],[1,0,0],[0,1,0],[60,161,209]]
[[0,0,0],[1,0,0],[0,1,0],[65,101,209]]
[[0,0,0],[1,0,0],[0,1,0],[52,82,209]]
[[0,0,0],[1,0,0],[0,1,0],[7,60,209]]
[[0,0,0],[1,0,0],[0,1,0],[40,104,209]]
[[0,0,0],[1,0,0],[0,1,0],[13,159,209]]
[[0,0,0],[1,0,0],[0,1,0],[63,136,209]]
[[0,0,0],[1,0,0],[0,1,0],[19,20,209]]
[[0,0,0],[1,0,0],[0,1,0],[60,60,209]]
[[0,0,0],[1,0,0],[0,1,0],[33,144,209]]
[[0,0,0],[1,0,0],[0,1,0],[75,80,209]]
[[0,0,0],[1,0,0],[0,1,0],[5,83,209]]
[[0,0,0],[1,0,0],[0,1,0],[66,182,209]]
[[0,0,0],[1,0,0],[0,1,0],[46,182,209]]
[[0,0,0],[1,0,0],[0,1,0],[2,14,209]]
[[0,0,0],[1,0,0],[0,1,0],[66,177,209]]
[[0,0,0],[1,0,0],[0,1,0],[9,52,209]]
[[0,0,0],[1,0,0],[0,1,0],[6,54,209]]
[[0,0,0],[1,0,0],[0,1,0],[6,36,209]]
[[0,0,0],[1,0,0],[0,1,0],[7,39,209]]
[[0,0,0],[1,0,0],[0,1,0],[10,10,209]]
[[0,0,0],[1,0,0],[0,1,0],[13,39,209]]
[[0,0,0],[1,0,0],[0,1,0],[77,34,209]]
[[0,0,0],[1,0,0],[0,1,0],[74,117,209]]
[[0,0,0],[1,0,0],[0,1,0],[3,96,209]]
[[0,0,0],[1,0,0],[0,1,0],[36,63,209]]
[[0,0,0],[1,0,0],[0,1,0],[2,35,209]]
[[0,0,0],[1,0,0],[0,1,0],[8,73,209]]
[[0,0,0],[1,0,0],[0,1,0],[4,25,209]]
[[0,0,0],[1,0,0],[0,1,0],[16,24,209]]
[[0,0,0],[1,0,0],[0,1,0],[8,180,209]]
[[0,0,0],[1,0,0],[0,1,0],[29,80,209]]
[[0,0,0],[1,0,0],[0,1,0],[29,87,209]]
[[0,0,0],[1,0,0],[0,1,0],[29,162,209]]
[[0,0,0],[1,0,0],[0,1,0],[12,40,209]]
[[0,0,0],[1,0,0],[0,1,0],[44,204,209]]
[[0,0,0],[1,0,0],[0,1,0],[8,43,209]]
[[0,0,0],[1,0,0],[0,1,0],[6,82,209]]
[[0,0,0],[1,0,0],[0,1,0],[14,54,209]]
[[0,0,0],[1,0,0],[0,1,0],[5,106,209]]
[[0,0,0],[1,0,0],[0,1,0],[66,87,209]]
[[0,0,0],[1,0,0],[0,1,0],[38,134,209]]
[[0,0,0],[1,0,0],[0,1,0],[2,21,209]]
[[0,0,0],[1,0,0],[0,1,0],[34,177,209]]
[[0,0,0],[1,0,0],[0,1,0],[24,167,209]]
[[0,0,0],[1,0,0],[0,1,0],[46,46,209]]
[[0,0,0],[1,0,0],[0,1,0],[2,36,209]]
[[0,0,0],[1,0,0],[0,1,0],[37,182,209]]
[[0,0,0],[1,0,0],[0,1,0],[66,34,209]]
[[0,0,0],[1,0,0],[0,1,0],[41,68,209]]
[[0,0,0],[1,0,0],[0,1,0],[58,67,209]]
[[0,0,0],[1,0,0],[0,1,0],[43,186,209]]
[[0,0,0],[1,0,0],[0,1,0],[13,94,209]]
[[0,0,0],[1,0,0],[0,1,0],[41,51,209]]
[[0,0,0],[1,0,0],[0,1,0],[47,87,209]]
[[0,0,0],[1,0,0],[0,1,0],[1,80,209]]
[[0,0,0],[1,0,0],[0,1,0],[46,153,209]]
[[0,0,0],[1,0,0],[0,1,0],[67,167,209]]
[[0,0,0],[1,0,0],[0,1,0],[1,49,209]]
[[0,0,0],[1,0,0],[0,1,0],[68,208,209]]
[[0,0,0],[1,0,0],[0,1,0],[6,69,209]]
[[0,0,0],[1,0,0],[0,1,0],[6,32,209]]
[[0,0,0],[1,0,0],[0,1,0],[6,74,209]]
[[0,0,0],[1,0,0],[0,1,0],[12,53,209]]
[[0,0,0],[1,0,0],[0,1,0],[13,31,209]]
[[0,0,0],[1,0,0],[0,1,0],[20,59,209]]
[[0,0,0],[1,0,0],[0,1,0],[16,64,209]]
[[0,0,0],[1,0,0],[0,1,0],[53,69,209]]
[[0,0,0],[1,0,0],[0,1,0],[25,29,209]]
[[0,0,0],[1,0,0],[0,1,0],[46,208,209]]
[[0,0,0],[1,0,0],[0,1,0],[9,102,209]]
[[0,0,0],[1,0,0],[0,1,0],[7,28,209]]
[[0,0,0],[1,0,0],[0,1,0],[34,75,209]]
[[0,0,0],[1,0,0],[0,1,0],[4,83,209]]
[[0,0,0],[1,0,0],[0,1,0],[33,56,209]]
[[0,0,0],[1,0,0],[0,1,0],[12,23,209]]
[[0,0,0],[1,0,0],[0,1,0],[1,18,209]]
[[0,0,0],[1,0,0],[0,1,0],[26,118,209]]
[[0,0,0],[1,0,0],[0,1,0],[40,84,209]]
[[0,0,0],[1,0,0],[0,1,0],[46,65,209]]
[[0,0,0],[1,0,0],[0,1,0],[3,6,209]]
[[0,0,0],[1,0,0],[0,1,0],[7,56,209]]
[[0,0,0],[1,0,0],[0,1,0],[39,64,209]]
[[0,0,0],[1,0,0],[0,1,0],[10,87,209]]
[[0,0,0],[1,0,0],[0,1,0],[14,60,209]]
[[0,0,0],[1,0,0],[0,1,0],[66,30,209]]
[[0,0,0],[1,0,0],[0,1,0],[2,24,209]]
[[0,0,0],[1,0,0],[0,1,0],[10,200,209]]
[[0,0,0],[1,0,0],[0,1,0],[80,86,209]]
[[0,0,0],[1,0,0],[0,1,0],[12,20,209]]
[[0,0,0],[1,0,0],[0,1,0],[5,45,209]]
[[0,0,0],[1,0,0],[0,1,0],[37,184,209]]
[[0,0,0],[1,0,0],[0,1,0],[80,97,209]]
[[0,0,0],[1,0,0],[0,1,0],[24,153,209]]
[[0,0,0],[1,0,0],[0,1,0],[6,39,209]]
[[0,0,0],[1,0,0],[0,1,0],[23,75,209]]
[[0,0,0],[1,0,0],[0,1,0],[75,159,209]]
[[0,0,0],[1,0,0],[0,1,0],[29,75,209]]
[[0,0,0],[1,0,0],[0,1,0],[26,140,209]]
[[0,0,0],[1,0,0],[0,1,0],[3,7,209]]
[[0,0,0],[1,0,0],[0,1,0],[2,91,209]]
[[0,0,0],[1,0,0],[0,1,0],[36,64,209]]
[[0,0,0],[1,0,0],[0,1,0],[48,118,209]]
[[0,0,0],[1,0,0],[0,1,0],[3,73,209]]
[[0,0,0],[1,0,0],[0,1,0],[6,116,209]]
[[0,0,0],[1,0,0],[0,1,0],[49,128,209]]
[[0,0,0],[1,0,0],[0,1,0],[5,167,209]]
[[0,0,0],[1,0,0],[0,1,0],[40,185,209]]
[[0,0,0],[1,0,0],[0,1,0],[62,192,209]]
[[0,0,0],[1,0,0],[0,1,0],[65,146,209]]
[[0,0,0],[1,0,0],[0,1,0],[44,52,209]]
[[0,0,0],[1,0,0],[0,1,0],[46,164,209]]
[[0,0,0],[1,0,0],[0,1,0],[88,141,209]]
[[0,0,0],[1,0,0],[0,1,0],[5,54,209]]
[[0,0,0],[1,0,0],[0,1,0],[6,61,209]]
[[0,0,0],[1,0,0],[0,1,0],[27,106,209]]
[[0,0,0],[1,0,0],[0,1,0],[23,85,209]]
[[0,0,0],[1,0,0],[0,1,0],[9,32,209]]
[[0,0,0],[1,0,0],[0,1,0],[5,79,209]]
[[0,0,0],[1,0,0],[0,1,0],[12,39,209]]
[[0,0,0],[1,0,0],[0,1,0],[3,90,209]]
[[0,0,0],[1,0,0],[0,1,0],[82,129,209]]
[[0,0,0],[1,0,0],[0,1,0],[82,150,209]]
[[0,0,0],[1,0,0],[0,1,0],[7,14,209]]
[[0,0,0],[1,0,0],[0,1,0],[24,142,209]]
[[0,0,0],[1,0,0],[0,1,0],[10,48,209]]
[[0,0,0],[1,0,0],[0,1,0],[36,119,209]]
[[0,0,0],[1,0,0],[0,1,0],[3,45,209]]
[[0,0,0],[1,0,0],[0,1,0],[2,6,209]]
[[0,0,0],[1,0,0],[0,1,0],[8,12,209]]
[[0,0,0],[1,0,0],[0,1,0],[12,67,209]]
[[0,0,0],[1,0,0],[0,1,0],[25,39,209]]
[[0,0,0],[1,0,0],[0,1,0],[5,43,209]]
[[0,0,0],[1,0,0],[0,1,0],[26,74,209]]
[[0,0,0],[1,0,0],[0,1,0],[3,68,209]]
[[0,0,0],[1,0,0],[0,1,0],[110,5,209]]
[[0,0,0],[1,0,0],[0,1,0],[72,72,209]]
[[0,0,0],[1,0,0],[0,1,0],[77,188,209]]
[[0,0,0],[1,0,0],[0,1,0],[2,100,209]]
[[0,0,0],[1,0,0],[0,1,0],[27,27,209]]
[[0,0,0],[1,0,0],[0,1,0],[55,56,209]]
[[0,0,0],[1,0,0],[0,1,0],[17,94,209]]
[[0,0,0],[1,0,0],[0,1,0],[97,208,209]]
[[0,0,0],[1,0,0],[0,1,0],[16,71,209]]
[[0,0,0],[1,0,0],[0,1,0],[7,21,209]]
[[0,0,0],[1,0,0],[0,1,0],[2,32,209]]
[[0,0,0],[1,0,0],[0,1,0],[18,59,209]]
[[0,0,0],[1,0,0],[0,1,0],[25,130,209]]
[[0,0,0],[1,0,0],[0,1,0],[46,126,209]]
[[0,0,0],[1,0,0],[0,1,0],[6,6,209]]
[[0,0,0],[1,0,0],[0,1,0],[6,93,209]]
[[0,0,0],[1,0,0],[0,1,0],[58,174,209]]
[[0,0,0],[1,0,0],[0,1,0],[32,197,209]]
[[0,0,0],[1,0,0],[0,1,0],[33,63,209]]
[[0,0,0],[1,0,0],[0,1,0],[13,43,209]]
[[0,0,0],[1,0,0],[0,1,0],[3,74,209]]
[[0,0,0],[1,0,0],[0,1,0],[18,53,209]]
[[0,0,0],[1,0,0],[0,1,0],[2,93,209]]
[[0,0,0],[1,0,0],[0,1,0],[20,86,209]]
[[0,0,0],[1,0,0],[0,1,0],[75,136,209]]
[[0,0,0],[1,0,0],[0,1,0],[41,103,209]]
[[0,0,0],[1,0,0],[0,1,0],[24,129,209]]
[[0,0,0],[1,0,0],[0,1,0],[94,94,209]]
[[0,0,0],[1,0,0],[0,1,0],[10,23,209]]
[[0,0,0],[1,0,0],[0,1,0],[41,74,209]]
[[0,0,0],[1,0,0],[0,1,0],[3,59,209]]
[[0,0,0],[1,0,0],[0,1,0],[34,62,209]]
[[0,0,0],[1,0,0],[0,1,0],[11,104,209]]
[[0,0,0],[1,0,0],[0,1,0],[45,69,209]]
[[0,0,0],[1,0,0],[0,1,0],[29,52,209]]
[[0,0,0],[1,0,0],[0,1,0],[133,153,209]]
[[0,0,0],[1,0,0],[0,1,0],[22,166,209]]
[[0,0,0],[1,0,0],[0,1,0],[29,62,209]]
[[0,0,0],[1,0,0],[0,1,0],[37,41,209]]
[[0,0,0],[1,0,0],[0,1,0],[54,178,209]]
[[0,0,0],[1,0,0],[0,1,0],[13,34,209]]
[[0,0,0],[1,0,0],[0,1,0],[41,41,209]]
[[0,0,0],[1,0,0],[0,1,0],[53,102,209]]
[[0,0,0],[1,0,0],[0,1,0],[16,175,209]]
[[0,0,0],[1,0,0],[0,1,0],[23,49,209]]
[[0,0,0],[1,0,0],[0,1,0],[4,10,209]]
[[0,0,0],[1,0,0],[0,1,0],[9,85,209]]
[[0,0,0],[1,0,0],[0,1,0],[27,54,209]]
[[0,0,0],[1,0,0],[0,1,0],[43,64,209]]
[[0,0,0],[1,0,0],[0,1,0],[13,16,209]]
[[0,0,0],[1,0,0],[0,1,0],[3,65,209]]
[[0,0,0],[1,0,0],[0,1,0],[7,69,209]]
[[0,0,0],[1,0,0],[0,1,0],[26,82,209]]
[[0,0,0],[1,0,0],[0,1,0],[34,65,209]]
[[0,0,0],[1,0,0],[0,1,0],[43,205,209]]
[[0,0,0],[1,0,0],[0,1,0],[3,8,209]]
[[0,0,0],[1,0,0],[0,1,0],[7,25,209]]
[[0,0,0],[1,0,0],[0,1,0],[3,63,209]]
[[0,0,0],[1,0,0],[0,1,0],[39,204,209]]
[[0,0,0],[1,0,0],[0,1,0],[39,116,209]]
[[0,0,0],[1,0,0],[0,1,0],[47,64,209]]
[[0,0,0],[1,0,0],[0,1,0],[23,51,209]]
[[0,0,0],[1,0,0],[0,1,0],[59,184,209]]
[[0,0,0],[1,0,0],[0,1,0],[7,9,209]]
[[0,0,0],[1,0,0],[0,1,0],[14,197,209]]
[[0,0,0],[1,0,0],[0,1,0],[24,59,209]]
[[0,0,0],[1,0,0],[0,1,0],[66,201,209]]
[[0,0,0],[1,0,0],[0,1,0],[57,172,209]]
[[0,0,0],[1,0,0],[0,1,0],[3,54,209]]
[[0,0,0],[1,0,0],[0,1,0],[20,64,209]]
[[0,0,0],[1,0,0],[0,1,0],[40,177,209]]
[[0,0,0],[1,0,0],[0,1,0],[7,80,209]]
[[0,0,0],[1,0,0],[0,1,0],[4,52,209]]
[[0,0,0],[1,0,0],[0,1,0],[2,53,209]]
[[0,0,0],[1,0,0],[0,1,0],[38,58,209]]
[[0,0,0],[1,0,0],[0,1,0],[18,90,209]]
[[0,0,0],[1,0,0],[0,1,0],[10,50,209]]
[[0,0,0],[1,0,0],[0,1,0],[5,205,209]]
[[0,0,0],[1,0,0],[0,1,0],[4,61,209]]
[[0,0,0],[1,0,0],[0,1,0],[22,144,209]]
[[0,0,0],[1,0,0],[0,1,0],[2,12,209]]
[[0,0,0],[1,0,0],[0,1,0],[39,72,209]]
[[0,0,0],[1,0,0],[0,1,0],[17,116,209]]
[[0,0,0],[1,0,0],[0,1,0],[11,47,209]]
[[0,0,0],[1,0,0],[0,1,0],[48,124,209]]
[[0,0,0],[1,0,0],[0,1,0],[8,71,209]]
[[0,0,0],[1,0,0],[0,1,0],[110,138,209]]
[[0,0,0],[1,0,0],[0,1,0],[1,12,209]]
[[0,0,0],[1,0,0],[0,1,0],[14,200,209]]
[[0,0,0],[1,0,0],[0,1,0],[44,89,209]]
[[0,0,0],[1,0,0],[0,1,0],[24,98,209]]
[[0,0,0],[1,0,0],[0,1,0],[34,186,209]]
[[0,0,0],[1,0,0],[0,1,0],[2,151,209]]
[[0,0,0],[1,0,0],[0,1,0],[3,62,209]]
[[0,0,0],[1,0,0],[0,1,0],[34,86,209]]
[[0,0,0],[1,0,0],[0,1,0],[9,21,209]]
[[0,0,0],[1,0,0],[0,1,0],[65,147,209]]
[[0,0,0],[1,0,0],[0,1,0],[41,52,209]]
[[0,0,0],[1,0,0],[0,1,0],[3,174,209]]
[[0,0,0],[1,0,0],[0,1,0],[41,169,209]]
[[0,0,0],[1,0,0],[0,1,0],[8,125,209]]
[[0,0,0],[1,0,0],[0,1,0],[5,41,209]]
[[0,0,0],[1,0,0],[0,1,0],[17,200,209]]
[[0,0,0],[1,0,0],[0,1,0],[11,100,209]]
[[0,0,0],[1,0,0],[0,1,0],[9,41,209]]
[[0,0,0],[1,0,0],[0,1,0],[36,185,209]]
[[0,0,0],[1,0,0],[0,1,0],[6,73,209]]
[[0,0,0],[1,0,0],[0,1,0],[62,137,209]]
[[0,0,0],[1,0,0],[0,1,0],[23,34,209]]
[[0,0,0],[1,0,0],[0,1,0],[11,9,209]]
[[0,0,0],[1,0,0],[0,1,0],[8,145,209]]
[[0,0,0],[1,0,0],[0,1,0],[69,119,209]]
[[0,0,0],[1,0,0],[0,1,0],[26,194,209]]
[[0,0,0],[1,0,0],[0,1,0],[6,98,209]]
[[0,0,0],[1,0,0],[0,1,0],[23,39,209]]
[[0,0,0],[1,0,0],[0,1,0],[2,73,209]]
[[0,0,0],[1,0,0],[0,1,0],[6,9,209]]
[[0,0,0],[1,0,0],[0,1,0],[25,97,209]]
[[0,0,0],[1,0,0],[0,1,0],[10,25,209]]
[[0,0,0],[1,0,0],[0,1,0],[1,9,209]]
[[0,0,0],[1,0,0],[0,1,0],[79,109,209]]
[[0,0,0],[1,0,0],[0,1,0],[5,49,209]]
[[0,0,0],[1,0,0],[0,1,0],[10,62,209]]
[[0,0,0],[1,0,0],[0,1,0],[4,23,209]]
[[0,0,0],[1,0,0],[0,1,0],[36,60,209]]
[[0,0,0],[1,0,0],[0,1,0],[75,158,209]]
[[0,0,0],[1,0,0],[0,1,0],[8,69,209]]
[[0,0,0],[1,0,0],[0,1,0],[10,84,209]]
[[0,0,0],[1,0,0],[0,1,0],[32,72,209]]
[[0,0,0],[1,0,0],[0,1,0],[7,7,209]]
[[0,0,0],[1,0,0],[0,1,0],[67,181,209]]
[[0,0,0],[1,0,0],[0,1,0],[34,43,209]]
[[0,0,0],[1,0,0],[0,1,0],[46,145,209]]
[[0,0,0],[1,0,0],[0,1,0],[88,160,209]]
[[0,0,0],[1,0,0],[0,1,0],[9,17,209]]
[[0,0,0],[1,0,0],[0,1,0],[18,41,209]]
[[0,0,0],[1,0,0],[0,1,0],[17,155,209]]
[[0,0,0],[1,0,0],[0,1,0],[8,83,209]]
[[0,0,0],[1,0,0],[0,1,0],[5,96,209]]
[[0,0,0],[1,0,0],[0,1,0],[132,154,209]]
[[0,0,0],[1,0,0],[0,1,0],[33,89,209]]
[[0,0,0],[1,0,0],[0,1,0],[4,14,209]]
[[0,0,0],[1,0,0],[0,1,0],[33,34,209]]
[[0,0,0],[1,0,0],[0,1,0],[3,81,209]]
[[0,0,0],[1,0,0],[0,1,0],[47,72,209]]
[[0,0,0],[1,0,0],[0,1,0],[24,148,209]]
[[0,0,0],[1,0,0],[0,1,0],[18,192,209]]
[[0,0,0],[1,0,0],[0,1,0],[18,51,209]]
[[0,0,0],[1,0,0],[0,1,0],[44,122,209]]
[[0,0,0],[1,0,0],[0,1,0],[27,39,209]]
[[0,0,0],[1,0,0],[0,1,0],[79,145,209]]
[[0,0,0],[1,0,0],[0,1,0],[44,45,209]]
[[0,0,0],[1,0,0],[0,1,0],[12,56,209]]
[[0,0,0],[1,0,0],[0,1,0],[11,78,209]]
[[0,0,0],[1,0,0],[0,1,0],[54,189,209]]
[[0,0,0],[1,0,0],[0,1,0],[36,163,209]]
[[0,0,0],[1,0,0],[0,1,0],[20,74,209]]
[[0,0,0],[1,0,0],[0,1,0],[5,52,209]]
[[0,0,0],[1,0,0],[0,1,0],[26,32,209]]
[[0,0,0],[1,0,0],[0,1,0],[9,97,209]]
[[0,0,0],[1,0,0],[0,1,0],[14,47,209]]
[[0,0,0],[1,0,0],[0,1,0],[5,139,209]]
[[0,0,0],[1,0,0],[0,1,0],[104,194,209]]
[[0,0,0],[1,0,0],[0,1,0],[10,37,209]]
[[0,0,0],[1,0,0],[0,1,0],[3,119,209]]
[[0,0,0],[1,0,0],[0,1,0],[13,47,209]]
[[0,0,0],[1,0,0],[0,1,0],[10,63,209]]
[[0,0,0],[1,0,0],[0,1,0],[84,104,209]]
[[0,0,0],[1,0,0],[0,1,0],[29,184,209]]
[[0,0,0],[1,0,0],[0,1,0],[9,78,209]]
[[0,0,0],[1,0,0],[0,1,0],[25,53,209]]
[[0,0,0],[1,0,0],[0,1,0],[44,90,209]]
[[0,0,0],[1,0,0],[0,1,0],[8,81,209]]
[[0,0,0],[1,0,0],[0,1,0],[52,177,209]]
[[0,0,0],[1,0,0],[0,1,0],[47,49,209]]
[[0,0,0],[1,0,0],[0,1,0],[8,80,209]]
[[0,0,0],[1,0,0],[0,1,0],[38,191,209]]
[[0,0,0],[1,0,0],[0,1,0],[24,62,209]]
[[0,0,0],[1,0,0],[0,1,0],[37,74,209]]
[[0,0,0],[1,0,0],[0,1,0],[47,73,209]]
[[0,0,0],[1,0,0],[0,1,0],[2,60,209]]
[[0,0,0],[1,0,0],[0,1,0],[2,7,209]]
[[0,0,0],[1,0,0],[0,1,0],[2,25,209]]
[[0,0,0],[1,0,0],[0,1,0],[4,59,209]]
[[0,0,0],[1,0,0],[0,1,0],[4,24,209]]
[[0,0,0],[1,0,0],[0,1,0],[23,84,209]]
[[0,0,0],[1,0,0],[0,1,0],[41,189,209]]
[[0,0,0],[1,0,0],[0,1,0],[24,51,209]]
[[0,0,0],[1,0,0],[0,1,0],[19,115,209]]
[[0,0,0],[1,0,0],[0,1,0],[6,89,209]]
[[0,0,0],[1,0,0],[0,1,0],[56,75,209]]
[[0,0,0],[1,0,0],[0,1,0],[12,24,209]]
[[0,0,0],[1,0,0],[0,1,0],[6,59,209]]
[[0,0,0],[1,0,0],[0,1,0],[26,65,209]]
[[0,0,0],[1,0,0],[0,1,0],[53,195,209]]
[[0,0,0],[1,0,0],[0,1,0],[10,124,209]]
[[0,0,0],[1,0,0],[0,1,0],[8,50,209]]
[[0,0,0],[1,0,0],[0,1,0],[5,58,209]]
[[0,0,0],[1,0,0],[0,1,0],[47,97,209]]
[[0,0,0],[1,0,0],[0,1,0],[5,92,209]]
[[0,0,0],[1,0,0],[0,1,0],[63,161,209]]
[[0,0,0],[1,0,0],[0,1,0],[17,98,209]]
[[0,0,0],[1,0,0],[0,1,0],[14,92,209]]
[[0,0,0],[1,0,0],[0,1,0],[9,13,209]]
[[0,0,0],[1,0,0],[0,1,0],[5,28,209]]
[[0,0,0],[1,0,0],[0,1,0],[25,40,209]]
[[0,0,0],[1,0,0],[0,1,0],[25,72,209]]
[[0,0,0],[1,0,0],[0,1,0],[13,36,209]]
[[0,0,0],[1,0,0],[0,1,0],[5,101,209]]
[[0,0,0],[1,0,0],[0,1,0],[5,53,209]]
[[0,0,0],[1,0,0],[0,1,0],[29,200,209]]
[[0,0,0],[1,0,0],[0,1,0],[26,191,209]]
[[0,0,0],[1,0,0],[0,1,0],[8,86,209]]
[[0,0,0],[1,0,0],[0,1,0],[20,62,209]]
[[0,0,0],[1,0,0],[0,1,0],[2,153,209]]
[[0,0,0],[1,0,0],[0,1,0],[109,145,209]]
[[0,0,0],[1,0,0],[0,1,0],[24,92,209]]
[[0,0,0],[1,0,0],[0,1,0],[5,21,209]]
[[0,0,0],[1,0,0],[0,1,0],[80,119,209]]
[[0,0,0],[1,0,0],[0,1,0],[66,1,209]]
[[0,0,0],[1,0,0],[0,1,0],[9,27,209]]
[[0,0,0],[1,0,0],[0,1,0],[23,56,209]]
[[0,0,0],[1,0,0],[0,1,0],[24,46,209]]
[[0,0,0],[1,0,0],[0,1,0],[55,23,209]]
[[0,0,0],[1,0,0],[0,1,0],[48,48,209]]
[[0,0,0],[1,0,0],[0,1,0],[13,202,209]]
[[0,0,0],[1,0,0],[0,1,0],[6,72,209]]
[[0,0,0],[1,0,0],[0,1,0],[138,204,209]]
[[0,0,0],[1,0,0],[0,1,0],[3,89,209]]
[[0,0,0],[1,0,0],[0,1,0],[37,40,209]]
[[0,0,0],[1,0,0],[0,1,0],[11,155,209]]
[[0,0,0],[1,0,0],[0,1,0],[40,75,209]]
[[0,0,0],[1,0,0],[0,1,0],[54,161,209]]
[[0,0,0],[1,0,0],[0,1,0],[10,112,209]]
[[0,0,0],[1,0,0],[0,1,0],[4,26,209]]
[[0,0,0],[1,0,0],[0,1,0],[4,103,209]]
[[0,0,0],[1,0,0],[0,1,0],[6,43,209]]
[[0,0,0],[1,0,0],[0,1,0],[1,34,209]]
[[0,0,0],[1,0,0],[0,1,0],[10,60,209]]
[[0,0,0],[1,0,0],[0,1,0],[23,195,209]]
[[0,0,0],[1,0,0],[0,1,0],[5,65,209]]
[[0,0,0],[1,0,0],[0,1,0],[5,85,209]]
[[0,0,0],[1,0,0],[0,1,0],[27,145,209]]
[[0,0,0],[1,0,0],[0,1,0],[27,194,209]]
[[0,0,0],[1,0,0],[0,1,0],[34,181,209]]
[[0,0,0],[1,0,0],[0,1,0],[32,45,209]]
[[0,0,0],[1,0,0],[0,1,0],[7,146,209]]
[[0,0,0],[1,0,0],[0,1,0],[18,60,209]]
[[0,0,0],[1,0,0],[0,1,0],[1,1,209]]
[[0,0,0],[1,0,0],[0,1,0],[88,12,209]]
[[0,0,0],[1,0,0],[0,1,0],[16,78,209]]
[[0,0,0],[1,0,0],[0,1,0],[7,104,209]]
[[0,0,0],[1,0,0],[0,1,0],[96,158,209]]
[[0,0,0],[1,0,0],[0,1,0],[22,89,209]]
[[0,0,0],[1,0,0],[0,1,0],[16,172,209]]
[[0,0,0],[1,0,0],[0,1,0],[5,81,209]]
[[0,0,0],[1,0,0],[0,1,0],[20,23,209]]
[[0,0,0],[1,0,0],[0,1,0],[54,54,209]]
[[0,0,0],[1,0,0],[0,1,0],[28,116,209]]
[[0,0,0],[1,0,0],[0,1,0],[1,56,209]]
[[0,0,0],[1,0,0],[0,1,0],[5,97,209]]
[[0,0,0],[1,0,0],[0,1,0],[74,81,209]]
[[0,0,0],[1,0,0],[0,1,0],[9,79,209]]
[[0,0,0],[1,0,0],[0,1,0],[14,141,209]]
[[0,0,0],[1,0,0],[0,1,0],[8,74,209]]
[[0,0,0],[1,0,0],[0,1,0],[32,89,209]]
[[0,0,0],[1,0,0],[0,1,0],[17,74,209]]
[[0,0,0],[1,0,0],[0,1,0],[6,160,209]]
[[0,0,0],[1,0,0],[0,1,0],[91,185,209]]
[[0,0,0],[1,0,0],[0,1,0],[6,80,209]]
[[0,0,0],[1,0,0],[0,1,0],[75,149,209]]
[[0,0,0],[1,0,0],[0,1,0],[5,12,209]]
[[0,0,0],[1,0,0],[0,1,0],[59,129,209]]
[[0,0,0],[1,0,0],[0,1,0],[11,166,209]]
[[0,0,0],[1,0,0],[0,1,0],[46,82,209]]
[[0,0,0],[1,0,0],[0,1,0],[16,85,209]]
[[0,0,0],[1,0,0],[0,1,0],[18,23,209]]
[[0,0,0],[1,0,0],[0,1,0],[29,71,209]]
[[0,0,0],[1,0,0],[0,1,0],[43,101,209]]
[[0,0,0],[1,0,0],[0,1,0],[2,56,209]]
[[0,0,0],[1,0,0],[0,1,0],[3,131,209]]
[[0,0,0],[1,0,0],[0,1,0],[23,130,209]]
[[0,0,0],[1,0,0],[0,1,0],[36,136,209]]
[[0,0,0],[1,0,0],[0,1,0],[41,136,209]]
[[0,0,0],[1,0,0],[0,1,0],[121,144,209]]
[[0,0,0],[1,0,0],[0,1,0],[8,98,209]]
[[0,0,0],[1,0,0],[0,1,0],[16,195,209]]
[[0,0,0],[1,0,0],[0,1,0],[12,141,209]]
[[0,0,0],[1,0,0],[0,1,0],[4,7,209]]
[[0,0,0],[1,0,0],[0,1,0],[5,40,209]]
[[0,0,0],[1,0,0],[0,1,0],[48,200,209]]
[[0,0,0],[1,0,0],[0,1,0],[59,208,209]]
[[0,0,0],[1,0,0],[0,1,0],[7,115,209]]
[[0,0,0],[1,0,0],[0,1,0],[22,100,209]]
[[0,0,0],[1,0,0],[0,1,0],[29,203,209]]
[[0,0,0],[1,0,0],[0,1,0],[13,18,209]]
[[0,0,0],[1,0,0],[0,1,0],[26,89,209]]
[[0,0,0],[1,0,0],[0,1,0],[14,89,209]]
[[0,0,0],[1,0,0],[0,1,0],[5,29,209]]
[[0,0,0],[1,0,0],[0,1,0],[29,40,209]]
[[0,0,0],[1,0,0],[0,1,0],[16,106,209]]
[[0,0,0],[1,0,0],[0,1,0],[17,80,209]]
[[0,0,0],[1,0,0],[0,1,0],[18,56,209]]
[[0,0,0],[1,0,0],[0,1,0],[65,69,209]]
[[0,0,0],[1,0,0],[0,1,0],[62,72,209]]
[[0,0,0],[1,0,0],[0,1,0],[67,67,209]]
[[0,0,0],[1,0,0],[0,1,0],[102,131,209]]
[[0,0,0],[1,0,0],[0,1,0],[16,52,209]]
[[0,0,0],[1,0,0],[0,1,0],[29,39,209]]
[[0,0,0],[1,0,0],[0,1,0],[13,67,209]]
[[0,0,0],[1,0,0],[0,1,0],[23,60,209]]
[[0,0,0],[1,0,0],[0,1,0],[33,44,209]]
[[0,0,0],[1,0,0],[0,1,0],[5,86,209]]
[[0,0,0],[1,0,0],[0,1,0],[14,94,209]]
[[0,0,0],[1,0,0],[0,1,0],[48,107,209]]
[[0,0,0],[1,0,0],[0,1,0],[59,85,209]]
[[0,0,0],[1,0,0],[0,1,0],[55,78,209]]
[[0,0,0],[1,0,0],[0,1,0],[4,13,209]]
[[0,0,0],[1,0,0],[0,1,0],[4,91,209]]
[[0,0,0],[1,0,0],[0,1,0],[178,208,209]]
[[0,0,0],[1,0,0],[0,1,0],[36,56,209]]
[[0,0,0],[1,0,0],[0,1,0],[20,36,209]]
[[0,0,0],[1,0,0],[0,1,0],[4,87,209]]
[[0,0,0],[1,0,0],[0,1,0],[3,37,209]]
[[0,0,0],[1,0,0],[0,1,0],[69,207,209]]
[[0,0,0],[1,0,0],[0,1,0],[13,102,209]]
[[0,0,0],[1,0,0],[0,1,0],[44,23,209]]
[[0,0,0],[1,0,0],[0,1,0],[52,125,209]]
[[0,0,0],[1,0,0],[0,1,0],[34,82,209]]
[[0,0,0],[1,0,0],[0,1,0],[28,83,209]]
[[0,0,0],[1,0,0],[0,1,0],[6,182,209]]
[[0,0,0],[1,0,0],[0,1,0],[6,128,209]]
[[0,0,0],[1,0,0],[0,1,0],[4,37,209]]
[[0,0,0],[1,0,0],[0,1,0],[53,167,209]]
[[0,0,0],[1,0,0],[0,1,0],[14,79,209]]
[[0,0,0],[1,0,0],[0,1,0],[34,58,209]]
[[0,0,0],[1,0,0],[0,1,0],[13,203,209]]
[[0,0,0],[1,0,0],[0,1,0],[20,50,209]]
[[0,0,0],[1,0,0],[0,1,0],[4,58,209]]
[[0,0,0],[1,0,0],[0,1,0],[16,96,209]]
[[0,0,0],[1,0,0],[0,1,0],[29,137,209]]
[[0,0,0],[1,0,0],[0,1,0],[13,65,209]]
[[0,0,0],[1,0,0],[0,1,0],[16,80,209]]
[[0,0,0],[1,0,0],[0,1,0],[41,58,209]]
[[0,0,0],[1,0,0],[0,1,0],[1,5,209]]
[[0,0,0],[1,0,0],[0,1,0],[40,208,209]]
[[0,0,0],[1,0,0],[0,1,0],[79,186,209]]
[[0,0,0],[1,0,0],[0,1,0],[12,29,209]]
[[0,0,0],[1,0,0],[0,1,0],[27,81,209]]
[[0,0,0],[1,0,0],[0,1,0],[55,41,209]]
[[0,0,0],[1,0,0],[0,1,0],[54,156,209]]
[[0,0,0],[1,0,0],[0,1,0],[5,46,209]]
[[0,0,0],[1,0,0],[0,1,0],[46,131,209]]
[[0,0,0],[1,0,0],[0,1,0],[8,101,209]]
[[0,0,0],[1,0,0],[0,1,0],[68,104,209]]
[[0,0,0],[1,0,0],[0,1,0],[4,50,209]]
[[0,0,0],[1,0,0],[0,1,0],[11,199,209]]
[[0,0,0],[1,0,0],[0,1,0],[62,91,209]]
[[0,0,0],[1,0,0],[0,1,0],[5,8,209]]
[[0,0,0],[1,0,0],[0,1,0],[26,47,209]]
[[0,0,0],[1,0,0],[0,1,0],[14,48,209]]
[[0,0,0],[1,0,0],[0,1,0],[13,120,209]]
[[0,0,0],[1,0,0],[0,1,0],[7,203,209]]
[[0,0,0],[1,0,0],[0,1,0],[4,56,209]]
[[0,0,0],[1,0,0],[0,1,0],[2,69,209]]
[[0,0,0],[1,0,0],[0,1,0],[44,78,209]]
[[0,0,0],[1,0,0],[0,1,0],[16,62,209]]
[[0,0,0],[1,0,0],[0,1,0],[2,13,209]]
[[0,0,0],[1,0,0],[0,1,0],[27,31,209]]
[[0,0,0],[1,0,0],[0,1,0],[18,86,209]]
[[0,0,0],[1,0,0],[0,1,0],[24,208,209]]
[[0,0,0],[1,0,0],[0,1,0],[7,78,209]]
[[0,0,0],[1,0,0],[0,1,0],[13,84,209]]
[[0,0,0],[1,0,0],[0,1,0],[101,142,209]]
[[0,0,0],[1,0,0],[0,1,0],[4,32,209]]
[[0,0,0],[1,0,0],[0,1,0],[1,79,209]]
[[0,0,0],[1,0,0],[0,1,0],[14,82,209]]
[[0,0,0],[1,0,0],[0,1,0],[27,86,209]]
[[0,0,0],[1,0,0],[0,1,0],[14,25,209]]
[[0,0,0],[1,0,0],[0,1,0],[14,63,209]]
[[0,0,0],[1,0,0],[0,1,0],[20,25,209]]
[[0,0,0],[1,0,0],[0,1,0],[14,28,209]]
[[0,0,0],[1,0,0],[0,1,0],[10,46,209]]
[[0,0,0],[1,0,0],[0,1,0],[139,204,209]]
[[0,0,0],[1,0,0],[0,1,0],[55,193,209]]
[[0,0,0],[1,0,0],[0,1,0],[7,27,209]]
[[0,0,0],[1,0,0],[0,1,0],[24,24,209]]
[[0,0,0],[1,0,0],[0,1,0],[86,179,209]]
[[0,0,0],[1,0,0],[0,1,0],[25,197,209]]
[[0,0,0],[1,0,0],[0,1,0],[9,92,209]]
[[0,0,0],[1,0,0],[0,1,0],[4,96,209]]
[[0,0,0],[1,0,0],[0,1,0],[8,37,209]]
[[0,0,0],[1,0,0],[0,1,0],[12,26,209]]
[[0,0,0],[1,0,0],[0,1,0],[3,47,209]]
[[0,0,0],[1,0,0],[0,1,0],[4,17,209]]
[[0,0,0],[1,0,0],[0,1,0],[58,185,209]]
[[0,0,0],[1,0,0],[0,1,0],[5,59,209]]
[[0,0,0],[1,0,0],[0,1,0],[23,194,209]]
[[0,0,0],[1,0,0],[0,1,0],[132,59,209]]
[[0,0,0],[1,0,0],[0,1,0],[36,86,209]]
[[0,0,0],[1,0,0],[0,1,0],[44,14,209]]
[[0,0,0],[1,0,0],[0,1,0],[13,153,209]]
[[0,0,0],[1,0,0],[0,1,0],[41,207,209]]
[[0,0,0],[1,0,0],[0,1,0],[12,34,209]]
[[0,0,0],[1,0,0],[0,1,0],[18,36,209]]
[[0,0,0],[1,0,0],[0,1,0],[8,21,209]]
[[0,0,0],[1,0,0],[0,1,0],[37,60,209]]
[[0,0,0],[1,0,0],[0,1,0],[74,202,209]]
[[0,0,0],[1,0,0],[0,1,0],[3,21,209]]
[[0,0,0],[1,0,0],[0,1,0],[7,17,209]]
[[0,0,0],[1,0,0],[0,1,0],[29,188,209]]
[[0,0,0],[1,0,0],[0,1,0],[9,89,209]]
[[0,0,0],[1,0,0],[0,1,0],[13,175,209]]
[[0,0,0],[1,0,0],[0,1,0],[39,60,209]]
[[0,0,0],[1,0,0],[0,1,0],[24,164,209]]
[[0,0,0],[1,0,0],[0,1,0],[33,25,209]]
[[0,0,0],[1,0,0],[0,1,0],[5,90,209]]
[[0,0,0],[1,0,0],[0,1,0],[66,78,209]]
[[0,0,0],[1,0,0],[0,1,0],[74,146,209]]
[[0,0,0],[1,0,0],[0,1,0],[33,139,209]]
[[0,0,0],[1,0,0],[0,1,0],[3,25,209]]
[[0,0,0],[1,0,0],[0,1,0],[8,87,209]]
[[0,0,0],[1,0,0],[0,1,0],[55,98,209]]
[[0,0,0],[1,0,0],[0,1,0],[10,18,209]]
[[0,0,0],[1,0,0],[0,1,0],[4,79,209]]
[[0,0,0],[1,0,0],[0,1,0],[17,182,209]]
[[0,0,0],[1,0,0],[0,1,0],[14,75,209]]
[[0,0,0],[1,0,0],[0,1,0],[14,108,209]]
[[0,0,0],[1,0,0],[0,1,0],[4,41,209]]
[[0,0,0],[1,0,0],[0,1,0],[2,89,209]]
[[0,0,0],[1,0,0],[0,1,0],[5,80,209]]
[[0,0,0],[1,0,0],[0,1,0],[29,48,209]]
[[0,0,0],[1,0,0],[0,1,0],[14,50,209]]
[[0,0,0],[1,0,0],[0,1,0],[20,43,209]]
[[0,0,0],[1,0,0],[0,1,0],[16,23,209]]
[[0,0,0],[1,0,0],[0,1,0],[10,123,209]]
[[0,0,0],[1,0,0],[0,1,0],[20,20,209]]
[[0,0,0],[1,0,0],[0,1,0],[3,94,209]]
[[0,0,0],[1,0,0],[0,1,0],[26,83,209]]
[[0,0,0],[1,0,0],[0,1,0],[20,24,209]]
[[0,0,0],[1,0,0],[0,1,0],[18,67,209]]
[[0,0,0],[1,0,0],[0,1,0],[55,12,209]]
[[0,0,0],[1,0,0],[0,1,0],[13,164,209]]
[[0,0,0],[1,0,0],[0,1,0],[3,23,209]]
[[0,0,0],[1,0,0],[0,1,0],[9,87,209]]
[[0,0,0],[1,0,0],[0,1,0],[37,185,209]]
[[0,0,0],[1,0,0],[0,1,0],[12,69,209]]
[[0,0,0],[1,0,0],[0,1,0],[60,128,209]]
[[0,0,0],[1,0,0],[0,1,0],[89,153,209]]
[[0,0,0],[1,0,0],[0,1,0],[4,43,209]]
[[0,0,0],[1,0,0],[0,1,0],[3,42,209]]
[[0,0,0],[1,0,0],[0,1,0],[23,92,209]]
[[0,0,0],[1,0,0],[0,1,0],[2,98,209]]
[[0,0,0],[1,0,0],[0,1,0],[110,176,209]]
[[0,0,0],[1,0,0],[0,1,0],[11,144,209]]
[[0,0,0],[1,0,0],[0,1,0],[14,196,209]]
[[0,0,0],[1,0,0],[0,1,0],[7,32,209]]
[[0,0,0],[1,0,0],[0,1,0],[17,204,209]]
[[0,0,0],[1,0,0],[0,1,0],[16,118,209]]
[[0,0,0],[1,0,0],[0,1,0],[25,163,209]]
[[0,0,0],[1,0,0],[0,1,0],[7,34,209]]
[[0,0,0],[1,0,0],[0,1,0],[8,53,209]]
[[0,0,0],[1,0,0],[0,1,0],[24,47,209]]
[[0,0,0],[1,0,0],[0,1,0],[167,208,209]]
[[0,0,0],[1,0,0],[0,1,0],[37,116,209]]
[[0,0,0],[1,0,0],[0,1,0],[2,2,209]]
[[0,0,0],[1,0,0],[0,1,0],[24,87,209]]
[[0,0,0],[1,0,0],[0,1,0],[47,186,209]]
[[0,0,0],[1,0,0],[0,1,0],[1,63,209]]
[[0,0,0],[1,0,0],[0,1,0],[18,159,209]]
[[0,0,0],[1,0,0],[0,1,0],[24,52,209]]
[[0,0,0],[1,0,0],[0,1,0],[14,14,209]]
[[0,0,0],[1,0,0],[0,1,0],[2,9,209]]
[[0,0,0],[1,0,0],[0,1,0],[5,93,209]]
[[0,0,0],[1,0,0],[0,1,0],[77,45,209]]
[[0,0,0],[1,0,0],[0,1,0],[33,158,209]]
[[0,0,0],[1,0,0],[0,1,0],[9,20,209]]
[[0,0,0],[1,0,0],[0,1,0],[27,51,209]]
[[0,0,0],[1,0,0],[0,1,0],[45,45,209]]
[[0,0,0],[1,0,0],[0,1,0],[13,186,209]]
[[0,0,0],[1,0,0],[0,1,0],[6,34,209]]
[[0,0,0],[1,0,0],[0,1,0],[52,78,209]]
[[0,0,0],[1,0,0],[0,1,0],[5,5,209]]
[[0,0,0],[1,0,0],[0,1,0],[54,90,209]]
[[0,0,0],[1,0,0],[0,1,0],[101,128,209]]
[[0,0,0],[1,0,0],[0,1,0],[2,71,209]]
[[0,0,0],[1,0,0],[0,1,0],[10,65,209]]
[[0,0,0],[1,0,0],[0,1,0],[3,29,209]]
[[0,0,0],[1,0,0],[0,1,0],[16,69,209]]
[[0,0,0],[1,0,0],[0,1,0],[25,41,209]]
[[0,0,0],[1,0,0],[0,1,0],[23,32,209]]
[[0,0,0],[1,0,0],[0,1,0],[12,12,209]]
[[0,0,0],[1,0,0],[0,1,0],[12,59,209]]
[[0,0,0],[1,0,0],[0,1,0],[26,58,209]]
[[0,0,0],[1,0,0],[0,1,0],[40,69,209]]
[[0,0,0],[1,0,0],[0,1,0],[24,40,209]]
[[0,0,0],[1,0,0],[0,1,0],[75,179,209]]
[[0,0,0],[1,0,0],[0,1,0],[5,117,209]]
[[0,0,0],[1,0,0],[0,1,0],[88,103,209]]
[[0,0,0],[1,0,0],[0,1,0],[66,49,209]]
[[0,0,0],[1,0,0],[0,1,0],[10,97,209]]
[[0,0,0],[1,0,0],[0,1,0],[14,24,209]]
[[0,0,0],[1,0,0],[0,1,0],[2,86,209]]
[[0,0,0],[1,0,0],[0,1,0],[25,73,209]]
[[0,0,0],[1,0,0],[0,1,0],[17,46,209]]
[[0,0,0],[1,0,0],[0,1,0],[26,41,209]]
[[0,0,0],[1,0,0],[0,1,0],[13,64,209]]
[[0,0,0],[1,0,0],[0,1,0],[116,116,209]]
[[0,0,0],[1,0,0],[0,1,0],[10,201,209]]
[[0,0,0],[1,0,0],[0,1,0],[9,15,209]]
[[0,0,0],[1,0,0],[0,1,0],[102,174,209]]
[[0,0,0],[1,0,0],[0,1,0],[41,82,209]]
[[0,0,0],[1,0,0],[0,1,0],[39,80,209]]
[[0,0,0],[1,0,0],[0,1,0],[11,142,209]]
[[0,0,0],[1,0,0],[0,1,0],[20,47,209]]
[[0,0,0],[1,0,0],[0,1,0],[2,3,209]]
[[0,0,0],[1,0,0],[0,1,0],[131,174,209]]
[[0,0,0],[1,0,0],[0,1,0],[4,73,209]]
[[0,0,0],[1,0,0],[0,1,0],[16,34,209]]
[[0,0,0],[1,0,0],[0,1,0],[5,24,209]]
[[0,0,0],[1,0,0],[0,1,0],[13,82,209]]
[[0,0,0],[1,0,0],[0,1,0],[75,142,209]]
[[0,0,0],[1,0,0],[0,1,0],[26,203,209]]
[[0,0,0],[1,0,0],[0,1,0],[3,53,209]]
[[0,0,0],[1,0,0],[0,1,0],[7,54,209]]
[[0,0,0],[1,0,0],[0,1,0],[39,54,209]]
[[0,0,0],[1,0,0],[0,1,0],[39,181,209]]
[[0,0,0],[1,0,0],[0,1,0],[13,178,209]]
[[0,0,0],[1,0,0],[0,1,0],[58,65,209]]
[[0,0,0],[1,0,0],[0,1,0],[7,94,209]]
[[0,0,0],[1,0,0],[0,1,0],[17,92,209]]
[[0,0,0],[1,0,0],[0,1,0],[32,75,209]]
[[0,0,0],[1,0,0],[0,1,0],[32,185,209]]
[[0,0,0],[1,0,0],[0,1,0],[40,71,209]]
[[0,0,0],[1,0,0],[0,1,0],[9,144,209]]
[[0,0,0],[1,0,0],[0,1,0],[6,85,209]]
[[0,0,0],[1,0,0],[0,1,0],[26,72,209]]
[[0,0,0],[1,0,0],[0,1,0],[7,12,209]]
[[0,0,0],[1,0,0],[0,1,0],[29,182,209]]
[[0,0,0],[1,0,0],[0,1,0],[13,199,209]]
[[0,0,0],[1,0,0],[0,1,0],[20,113,209]]
[[0,0,0],[1,0,0],[0,1,0],[16,61,209]]
[[0,0,0],[1,0,0],[0,1,0],[3,101,209]]
[[0,0,0],[1,0,0],[0,1,0],[33,82,209]]
[[0,0,0],[1,0,0],[0,1,0],[88,84,209]]
[[0,0,0],[1,0,0],[0,1,0],[3,150,209]]
[[0,0,0],[1,0,0],[0,1,0],[4,89,209]]
[[0,0,0],[1,0,0],[0,1,0],[22,12,209]]
[[0,0,0],[1,0,0],[0,1,0],[2,46,209]]
[[0,0,0],[1,0,0],[0,1,0],[27,45,209]]
[[0,0,0],[1,0,0],[0,1,0],[4,93,209]]
[[0,0,0],[1,0,0],[0,1,0],[34,52,209]]
[[0,0,0],[1,0,0],[0,1,0],[34,46,209]]
[[0,0,0],[1,0,0],[0,1,0],[27,34,209]]
[[0,0,0],[1,0,0],[0,1,0],[34,81,209]]
[[0,0,0],[1,0,0],[0,1,0],[14,174,209]]
[[0,0,0],[1,0,0],[0,1,0],[32,32,209]]
[[0,0,0],[1,0,0],[0,1,0],[3,46,209]]
[[0,0,0],[1,0,0],[0,1,0],[55,34,209]]
[[0,0,0],[1,0,0],[0,1,0],[38,39,209]]
[[0,0,0],[1,0,0],[0,1,0],[1,48,209]]
[[0,0,0],[1,0,0],[0,1,0],[11,180,209]]
[[0,0,0],[1,0,0],[0,1,0],[6,52,209]]
[[0,0,0],[1,0,0],[0,1,0],[3,69,209]]
[[0,0,0],[1,0,0],[0,1,0],[4,162,209]]
[[0,0,0],[1,0,0],[0,1,0],[18,82,209]]
[[0,0,0],[1,0,0],[0,1,0],[5,30,209]]
[[0,0,0],[1,0,0],[0,1,0],[8,56,209]]
[[0,0,0],[1,0,0],[0,1,0],[16,128,209]]
[[0,0,0],[1,0,0],[0,1,0],[18,39,209]]
[[0,0,0],[1,0,0],[0,1,0],[9,43,209]]
[[0,0,0],[1,0,0],[0,1,0],[48,75,209]]
[[0,0,0],[1,0,0],[0,1,0],[6,41,209]]
[[0,0,0],[1,0,0],[0,1,0],[26,63,209]]
[[0,0,0],[1,0,0],[0,1,0],[43,60,209]]
[[0,0,0],[1,0,0],[0,1,0],[36,175,209]]
[[0,0,0],[1,0,0],[0,1,0],[67,145,209]]
[[0,0,0],[1,0,0],[0,1,0],[28,182,209]]
[[0,0,0],[1,0,0],[0,1,0],[16,92,209]]
[[0,0,0],[1,0,0],[0,1,0],[2,75,209]]
[[0,0,0],[1,0,0],[0,1,0],[10,47,209]]
[[0,0,0],[1,0,0],[0,1,0],[2,41,209]]
[[0,0,0],[1,0,0],[0,1,0],[16,43,209]]
[[0,0,0],[1,0,0],[0,1,0],[18,78,209]]
[[0,0,0],[1,0,0],[0,1,0],[2,104,209]]
[[0,0,0],[1,0,0],[0,1,0],[5,15,209]]
[[0,0,0],[1,0,0],[0,1,0],[55,1,209]]
[[0,0,0],[1,0,0],[0,1,0],[3,49,209]]
[[0,0,0],[1,0,0],[0,1,0],[110,119,209]]
[[0,0,0],[1,0,0],[0,1,0],[4,42,209]]
[[0,0,0],[1,0,0],[0,1,0],[44,71,209]]
[[0,0,0],[1,0,0],[0,1,0],[13,80,209]]
[[0,0,0],[1,0,0],[0,1,0],[29,181,209]]
[[0,0,0],[1,0,0],[0,1,0],[3,141,209]]
[[0,0,0],[1,0,0],[0,1,0],[4,48,209]]
[[0,0,0],[1,0,0],[0,1,0],[8,29,209]]
[[0,0,0],[1,0,0],[0,1,0],[39,50,209]]
[[0,0,0],[1,0,0],[0,1,0],[9,49,209]]
[[0,0,0],[1,0,0],[0,1,0],[2,62,209]]
[[0,0,0],[1,0,0],[0,1,0],[59,118,209]]
[[0,0,0],[1,0,0],[0,1,0],[2,37,209]]
[[0,0,0],[1,0,0],[0,1,0],[43,156,209]]
[[0,0,0],[1,0,0],[0,1,0],[53,58,209]]
[[0,0,0],[1,0,0],[0,1,0],[13,140,209]]
[[0,0,0],[1,0,0],[0,1,0],[8,89,209]]
[[0,0,0],[1,0,0],[0,1,0],[24,36,209]]
[[0,0,0],[1,0,0],[0,1,0],[2,63,209]]
[[0,0,0],[1,0,0],[0,1,0],[8,107,209]]
[[0,0,0],[1,0,0],[0,1,0],[44,111,209]]
[[0,0,0],[1,0,0],[0,1,0],[10,167,209]]
[[0,0,0],[1,0,0],[0,1,0],[1,59,209]]
[[0,0,0],[1,0,0],[0,1,0],[54,74,209]]
[[0,0,0],[1,0,0],[0,1,0],[48,140,209]]
[[0,0,0],[1,0,0],[0,1,0],[5,56,209]]
[[0,0,0],[1,0,0],[0,1,0],[17,195,209]]
[[0,0,0],[1,0,0],[0,1,0],[24,31,209]]
[[0,0,0],[1,0,0],[0,1,0],[20,37,209]]
[[0,0,0],[1,0,0],[0,1,0],[24,84,209]]
[[0,0,0],[1,0,0],[0,1,0],[12,72,209]]
[[0,0,0],[1,0,0],[0,1,0],[2,26,209]]
[[0,0,0],[1,0,0],[0,1,0],[6,12,209]]
[[0,0,0],[1,0,0],[0,1,0],[87,156,209]]
[[0,0,0],[1,0,0],[0,1,0],[29,86,209]]
[[0,0,0],[1,0,0],[0,1,0],[9,75,209]]
[[0,0,0],[1,0,0],[0,1,0],[22,45,209]]
[[0,0,0],[1,0,0],[0,1,0],[65,90,209]]
[[0,0,0],[1,0,0],[0,1,0],[1,67,209]]
[[0,0,0],[1,0,0],[0,1,0],[4,4,209]]
[[0,0,0],[1,0,0],[0,1,0],[6,65,209]]
[[0,0,0],[1,0,0],[0,1,0],[2,39,209]]
[[0,0,0],[1,0,0],[0,1,0],[27,56,209]]
[[0,0,0],[1,0,0],[0,1,0],[16,18,209]]
[[0,0,0],[1,0,0],[0,1,0],[6,53,209]]
[[0,0,0],[1,0,0],[0,1,0],[6,18,209]]
[[0,0,0],[1,0,0],[0,1,0],[3,85,209]]
[[0,0,0],[1,0,0],[0,1,0],[48,172,209]]
[[0,0,0],[1,0,0],[0,1,0],[7,52,209]]
[[0,0,0],[1,0,0],[0,1,0],[1,17,209]]
[[0,0,0],[1,0,0],[0,1,0],[24,131,209]]
[[0,0,0],[1,0,0],[0,1,0],[10,40,209]]
[[0,0,0],[1,0,0],[0,1,0],[10,156,209]]
[[0,0,0],[1,0,0],[0,1,0],[3,34,209]]
[[0,0,0],[1,0,0],[0,1,0],[44,185,209]]
[[0,0,0],[1,0,0],[0,1,0],[6,204,209]]
[[0,0,0],[1,0,0],[0,1,0],[55,199,209]]
[[0,0,0],[1,0,0],[0,1,0],[89,149,209]]
[[0,0,0],[1,0,0],[0,1,0],[34,74,209]]
[[0,0,0],[1,0,0],[0,1,0],[14,96,209]]
[[0,0,0],[1,0,0],[0,1,0],[13,78,209]]
[[0,0,0],[1,0,0],[0,1,0],[19,134,209]]
[[0,0,0],[1,0,0],[0,1,0],[6,79,209]]
[[0,0,0],[1,0,0],[0,1,0],[49,142,209]]
[[0,0,0],[1,0,0],[0,1,0],[26,59,209]]
[[0,0,0],[1,0,0],[0,1,0],[138,138,209]]
[[0,0,0],[1,0,0],[0,1,0],[5,34,209]]
[[0,0,0],[1,0,0],[0,1,0],[53,80,209]]
[[0,0,0],[1,0,0],[0,1,0],[18,104,209]]
[[0,0,0],[1,0,0],[0,1,0],[24,191,209]]
[[0,0,0],[1,0,0],[0,1,0],[16,86,209]]
[[0,0,0],[1,0,0],[0,1,0],[74,137,209]]
[[0,0,0],[1,0,0],[0,1,0],[48,96,209]]
[[0,0,0],[1,0,0],[0,1,0],[8,62,209]]
[[0,0,0],[1,0,0],[0,1,0],[8,68,209]]
[[0,0,0],[1,0,0],[0,1,0],[10,26,209]]
[[0,0,0],[1,0,0],[0,1,0],[176,56,209]]
[[0,0,0],[1,0,0],[0,1,0],[12,199,209]]
[[0,0,0],[1,0,0],[0,1,0],[25,186,209]]
[[0,0,0],[1,0,0],[0,1,0],[5,61,209]]
[[0,0,0],[1,0,0],[0,1,0],[154,94,209]]
[[0,0,0],[1,0,0],[0,1,0],[53,68,209]]
[[0,0,0],[1,0,0],[0,1,0],[43,53,209]]
[[0,0,0],[1,0,0],[0,1,0],[114,153,209]]
[[0,0,0],[1,0,0],[0,1,0],[12,27,209]]
[[0,0,0],[1,0,0],[0,1,0],[18,135,209]]
[[0,0,0],[1,0,0],[0,1,0],[18,84,209]]
[[0,0,0],[1,0,0],[0,1,0],[1,24,209]]
[[0,0,0],[1,0,0],[0,1,0],[22,199,209]]
[[0,0,0],[1,0,0],[0,1,0],[23,26,209]]
[[0,0,0],[1,0,0],[0,1,0],[14,90,209]]
[[0,0,0],[1,0,0],[0,1,0],[39,175,209]]
[[0,0,0],[1,0,0],[0,1,0],[43,79,209]]
[[0,0,0],[1,0,0],[0,1,0],[27,53,209]]
[[0,0,0],[1,0,0],[0,1,0],[37,82,209]]
[[0,0,0],[1,0,0],[0,1,0],[20,146,209]]
[[0,0,0],[1,0,0],[0,1,0],[17,83,209]]
[[0,0,0],[1,0,0],[0,1,0],[23,58,209]]
[[0,0,0],[1,0,0],[0,1,0],[49,74,209]]
[[0,0,0],[1,0,0],[0,1,0],[69,163,209]]
[[0,0,0],[1,0,0],[0,1,0],[5,72,209]]
[[0,0,0],[1,0,0],[0,1,0],[28,191,209]]
[[0,0,0],[1,0,0],[0,1,0],[10,100,209]]
[[0,0,0],[1,0,0],[0,1,0],[2,189,209]]
[[0,0,0],[1,0,0],[0,1,0],[6,92,209]]
[[0,0,0],[1,0,0],[0,1,0],[3,87,209]]
[[0,0,0],[1,0,0],[0,1,0],[16,79,209]]
[[0,0,0],[1,0,0],[0,1,0],[16,29,209]]
[[0,0,0],[1,0,0],[0,1,0],[9,67,209]]
[[0,0,0],[1,0,0],[0,1,0],[145,153,209]]
[[0,0,0],[1,0,0],[0,1,0],[13,26,209]]
[[0,0,0],[1,0,0],[0,1,0],[49,164,209]]
[[0,0,0],[1,0,0],[0,1,0],[11,122,209]]
[[0,0,0],[1,0,0],[0,1,0],[33,196,209]]
[[0,0,0],[1,0,0],[0,1,0],[85,126,209]]
[[0,0,0],[1,0,0],[0,1,0],[12,52,209]]
[[0,0,0],[1,0,0],[0,1,0],[25,37,209]]
[[0,0,0],[1,0,0],[0,1,0],[16,20,209]]
[[0,0,0],[1,0,0],[0,1,0],[17,58,209]]
[[0,0,0],[1,0,0],[0,1,0],[2,40,209]]
[[0,0,0],[1,0,0],[0,1,0],[63,167,209]]
[[0,0,0],[1,0,0],[0,1,0],[13,20,209]]
[[0,0,0],[1,0,0],[0,1,0],[87,200,209]]
[[0,0,0],[1,0,0],[0,1,0],[40,43,209]]
[[0,0,0],[1,0,0],[0,1,0],[69,84,209]]
[[0,0,0],[1,0,0],[0,1,0],[11,34,209]]
[[0,0,0],[1,0,0],[0,1,0],[17,54,209]]
[[0,0,0],[1,0,0],[0,1,0],[110,81,209]]
[[0,0,0],[1,0,0],[0,1,0],[6,17,209]]
[[0,0,0],[1,0,0],[0,1,0],[29,159,209]]
[[0,0,0],[1,0,0],[0,1,0],[2,113,209]]
[[0,0,0],[1,0,0],[0,1,0],[32,54,209]]
[[0,0,0],[1,0,0],[0,1,0],[19,77,209]]
[[0,0,0],[1,0,0],[0,1,0],[7,64,209]]
[[0,0,0],[1,0,0],[0,1,0],[6,78,209]]
[[0,0,0],[1,0,0],[0,1,0],[2,50,209]]
[[0,0,0],[1,0,0],[0,1,0],[28,75,209]]
[[0,0,0],[1,0,0],[0,1,0],[4,102,209]]
[[0,0,0],[1,0,0],[0,1,0],[5,23,209]]
[[0,0,0],[1,0,0],[0,1,0],[18,181,209]]
[[0,0,0],[1,0,0],[0,1,0],[9,14,209]]
[[0,0,0],[1,0,0],[0,1,0],[36,75,209]]
[[0,0,0],[1,0,0],[0,1,0],[16,27,209]]
[[0,0,0],[1,0,0],[0,1,0],[37,69,209]]
[[0,0,0],[1,0,0],[0,1,0],[58,108,209]]
[[0,0,0],[1,0,0],[0,1,0],[16,156,209]]
[[0,0,0],[1,0,0],[0,1,0],[110,62,209]]
[[0,0,0],[1,0,0],[0,1,0],[49,194,209]]
[[0,0,0],[1,0,0],[0,1,0],[10,89,209]]
[[0,0,0],[1,0,0],[0,1,0],[25,119,209]]
[[0,0,0],[1,0,0],[0,1,0],[94,204,209]]
[[0,0,0],[1,0,0],[0,1,0],[5,87,209]]
[[0,0,0],[1,0,0],[0,1,0],[2,186,209]]
[[0,0,0],[1,0,0],[0,1,0],[7,41,209]]
[[0,0,0],[1,0,0],[0,1,0],[49,185,209]]
[[0,0,0],[1,0,0],[0,1,0],[55,177,209]]
[[0,0,0],[1,0,0],[0,1,0],[14,119,209]]
[[0,0,0],[1,0,0],[0,1,0],[24,45,209]]
[[0,0,0],[1,0,0],[0,1,0],[29,124,209]]
[[0,0,0],[1,0,0],[0,1,0],[41,175,209]]
[[0,0,0],[1,0,0],[0,1,0],[37,179,209]]
[[0,0,0],[1,0,0],[0,1,0],[32,200,209]]
[[0,0,0],[1,0,0],[0,1,0],[2,52,209]]
[[0,0,0],[1,0,0],[0,1,0],[19,39,209]]
[[0,0,0],[1,0,0],[0,1,0],[116,208,209]]
[[0,0,0],[1,0,0],[0,1,0],[48,52,209]]
[[0,0,0],[1,0,0],[0,1,0],[28,36,209]]
[[0,0,0],[1,0,0],[0,1,0],[62,82,209]]
[[0,0,0],[1,0,0],[0,1,0],[3,39,209]]
[[0,0,0],[1,0,0],[0,1,0],[4,53,209]]
[[0,0,0],[1,0,0],[0,1,0],[8,79,209]]
[[0,0,0],[1,0,0],[0,1,0],[9,106,209]]
[[0,0,0],[1,0,0],[0,1,0],[12,87,209]]
[[0,0,0],[1,0,0],[0,1,0],[6,193,209]]
[[0,0,0],[1,0,0],[0,1,0],[3,41,209]]
[[0,0,0],[1,0,0],[0,1,0],[14,98,209]]
[[0,0,0],[1,0,0],[0,1,0],[145,179,209]]
[[0,0,0],[1,0,0],[0,1,0],[25,185,209]]
[[0,0,0],[1,0,0],[0,1,0],[4,21,209]]
[[0,0,0],[1,0,0],[0,1,0],[18,81,209]]
[[0,0,0],[1,0,0],[0,1,0],[16,139,209]]
[[0,0,0],[1,0,0],[0,1,0],[16,54,209]]
[[0,0,0],[1,0,0],[0,1,0],[26,64,209]]
[[0,0,0],[1,0,0],[0,1,0],[10,49,209]]
[[0,0,0],[1,0,0],[0,1,0],[3,28,209]]
[[0,0,0],[1,0,0],[0,1,0],[9,113,209]]
[[0,0,0],[1,0,0],[0,1,0],[16,48,209]]
[[0,0,0],[1,0,0],[0,1,0],[17,43,209]]
[[0,0,0],[1,0,0],[0,1,0],[5,9,209]]
[[0,0,0],[1,0,0],[0,1,0],[14,52,209]]
[[0,0,0],[1,0,0],[0,1,0],[10,67,209]]
[[0,0,0],[1,0,0],[0,1,0],[34,47,209]]
[[0,0,0],[1,0,0],[0,1,0],[7,13,209]]
[[0,0,0],[1,0,0],[0,1,0],[17,28,209]]
[[0,0,0],[1,0,0],[0,1,0],[10,28,209]]
[[0,0,0],[1,0,0],[0,1,0],[8,61,209]]
[[0,0,0],[1,0,0],[0,1,0],[25,71,209]]
[[0,0,0],[1,0,0],[0,1,0],[47,182,209]]
[[0,0,0],[1,0,0],[0,1,0],[43,72,209]]
[[0,0,0],[1,0,0],[0,1,0],[7,204,209]]
[[0,0,0],[1,0,0],[0,1,0],[17,136,209]]
[[0,0,0],[1,0,0],[0,1,0],[23,189,209]]
[[0,0,0],[1,0,0],[0,1,0],[12,160,209]]
[[0,0,0],[1,0,0],[0,1,0],[1,45,209]]
[[0,0,0],[1,0,0],[0,1,0],[28,53,209]]
[[0,0,0],[1,0,0],[0,1,0],[3,35,209]]
[[0,0,0],[1,0,0],[0,1,0],[87,104,209]]
[[0,0,0],[1,0,0],[0,1,0],[1,6,209]]
[[0,0,0],[1,0,0],[0,1,0],[9,90,209]]
[[0,0,0],[1,0,0],[0,1,0],[32,52,209]]
[[0,0,0],[1,0,0],[0,1,0],[2,17,209]]
[[0,0,0],[1,0,0],[0,1,0],[5,36,209]]
[[0,0,0],[1,0,0],[0,1,0],[20,45,209]]
[[0,0,0],[1,0,0],[0,1,0],[13,208,209]]
[[0,0,0],[1,0,0],[0,1,0],[25,174,209]]
[[0,0,0],[1,0,0],[0,1,0],[4,140,209]]
[[0,0,0],[1,0,0],[0,1,0],[52,139,209]]
[[0,0,0],[1,0,0],[0,1,0],[88,1,209]]
[[0,0,0],[1,0,0],[0,1,0],[37,162,209]]
[[0,0,0],[1,0,0],[0,1,0],[11,111,209]]
[[0,0,0],[1,0,0],[0,1,0],[26,46,209]]
[[0,0,0],[1,0,0],[0,1,0],[33,67,209]]
[[0,0,0],[1,0,0],[0,1,0],[45,179,209]]
[[0,0,0],[1,0,0],[0,1,0],[25,65,209]]
[[0,0,0],[1,0,0],[0,1,0],[7,20,209]]
[[0,0,0],[1,0,0],[0,1,0],[37,191,209]]
[[0,0,0],[1,0,0],[0,1,0],[49,53,209]]
[[0,0,0],[1,0,0],[0,1,0],[2,31,209]]
[[0,0,0],[1,0,0],[0,1,0],[143,143,209]]
[[0,0,0],[1,0,0],[0,1,0],[106,142,209]]
[[0,0,0],[1,0,0],[0,1,0],[63,204,209]]
[[0,0,0],[1,0,0],[0,1,0],[18,75,209]]
[[0,0,0],[1,0,0],[0,1,0],[3,169,209]]
[[0,0,0],[1,0,0],[0,1,0],[9,51,209]]
[[0,0,0],[1,0,0],[0,1,0],[77,56,209]]
[[0,0,0],[1,0,0],[0,1,0],[2,120,209]]
[[0,0,0],[1,0,0],[0,1,0],[3,98,209]]
[[0,0,0],[1,0,0],[0,1,0],[6,109,209]]
[[0,0,0],[1,0,0],[0,1,0],[14,158,209]]
[[0,0,0],[1,0,0],[0,1,0],[12,62,209]]
[[0,0,0],[1,0,0],[0,1,0],[8,92,209]]
[[0,0,0],[1,0,0],[0,1,0],[23,206,209]]
[[0,0,0],[1,0,0],[0,1,0],[8,58,209]]
[[0,0,0],[1,0,0],[0,1,0],[17,27,209]]
[[0,0,0],[1,0,0],[0,1,0],[95,153,209]]
[[0,0,0],[1,0,0],[0,1,0],[26,75,209]]
[[0,0,0],[1,0,0],[0,1,0],[52,191,209]]
[[0,0,0],[1,0,0],[0,1,0],[44,128,209]]
[[0,0,0],[1,0,0],[0,1,0],[5,69,209]]
[[0,0,0],[1,0,0],[0,1,0],[56,116,209]]
[[0,0,0],[1,0,0],[0,1,0],[24,120,209]]
[[0,0,0],[1,0,0],[0,1,0],[13,37,209]]
[[0,0,0],[1,0,0],[0,1,0],[29,65,209]]
[[0,0,0],[1,0,0],[0,1,0],[5,47,209]]
[[0,0,0],[1,0,0],[0,1,0],[10,39,209]]
[[0,0,0],[1,0,0],[0,1,0],[43,168,209]]
[[0,0,0],[1,0,0],[0,1,0],[28,188,209]]
[[0,0,0],[1,0,0],[0,1,0],[28,79,209]]
[[0,0,0],[1,0,0],[0,1,0],[4,63,209]]
[[0,0,0],[1,0,0],[0,1,0],[12,18,209]]
[[0,0,0],[1,0,0],[0,1,0],[7,92,209]]
[[0,0,0],[1,0,0],[0,1,0],[8,126,209]]
[[0,0,0],[1,0,0],[0,1,0],[28,51,209]]
[[0,0,0],[1,0,0],[0,1,0],[7,23,209]]
[[0,0,0],[1,0,0],[0,1,0],[8,78,209]]
[[0,0,0],[1,0,0],[0,1,0],[52,120,209]]
[[0,0,0],[1,0,0],[0,1,0],[18,126,209]]
[[0,0,0],[1,0,0],[0,1,0],[8,16,209]]
[[0,0,0],[1,0,0],[0,1,0],[25,74,209]]
[[0,0,0],[1,0,0],[0,1,0],[27,172,209]]
[[0,0,0],[1,0,0],[0,1,0],[8,75,209]]
[[0,0,0],[1,0,0],[0,1,0],[43,46,209]]
[[0,0,0],[1,0,0],[0,1,0],[132,155,209]]
[[0,0,0],[1,0,0],[0,1,0],[7,93,209]]
[[0,0,0],[1,0,0],[0,1,0],[48,63,209]]
[[0,0,0],[1,0,0],[0,1,0],[1,69,209]]
[[0,0,0],[1,0,0],[0,1,0],[41,81,209]]
[[0,0,0],[1,0,0],[0,1,0],[4,94,209]]
[[0,0,0],[1,0,0],[0,1,0],[24,109,209]]
[[0,0,0],[1,0,0],[0,1,0],[16,41,209]]
[[0,0,0],[1,0,0],[0,1,0],[1,62,209]]
[[0,0,0],[1,0,0],[0,1,0],[9,91,209]]
[[0,0,0],[1,0,0],[0,1,0],[110,157,209]]
[[0,0,0],[1,0,0],[0,1,0],[32,102,209]]
[[0,0,0],[1,0,0],[0,1,0],[49,85,209]]
[[0,0,0],[1,0,0],[0,1,0],[45,146,209]]
[[0,0,0],[1,0,0],[0,1,0],[8,100,209]]
[[0,0,0],[1,0,0],[0,1,0],[27,71,209]]
[[0,0,0],[1,0,0],[0,1,0],[6,68,209]]
[[0,0,0],[1,0,0],[0,1,0],[17,84,209]]
[[0,0,0],[1,0,0],[0,1,0],[4,15,209]]
[[0,0,0],[1,0,0],[0,1,0],[39,127,209]]
[[0,0,0],[1,0,0],[0,1,0],[36,179,209]]
[[0,0,0],[1,0,0],[0,1,0],[25,91,209]]
[[0,0,0],[1,0,0],[0,1,0],[5,62,209]]
[[0,0,0],[1,0,0],[0,1,0],[11,85,209]]
[[0,0,0],[1,0,0],[0,1,0],[22,55,209]]
[[0,0,0],[1,0,0],[0,1,0],[23,54,209]]
[[0,0,0],[1,0,0],[0,1,0],[8,51,209]]
[[0,0,0],[1,0,0],[0,1,0],[2,59,209]]
[[0,0,0],[1,0,0],[0,1,0],[9,205,209]]
[[0,0,0],[1,0,0],[0,1,0],[25,189,209]]
[[0,0,0],[1,0,0],[0,1,0],[27,117,209]]
[[0,0,0],[1,0,0],[0,1,0],[7,184,209]]
[[0,0,0],[1,0,0],[0,1,0],[3,48,209]]
[[0,0,0],[1,0,0],[0,1,0],[8,48,209]]
[[0,0,0],[1,0,0],[0,1,0],[1,27,209]]
[[0,0,0],[1,0,0],[0,1,0],[29,148,209]]
[[0,0,0],[1,0,0],[0,1,0],[25,36,209]]
[[0,0,0],[1,0,0],[0,1,0],[27,139,209]]
[[0,0,0],[1,0,0],[0,1,0],[63,63,209]]
[[0,0,0],[1,0,0],[0,1,0],[9,68,209]]
[[0,0,0],[1,0,0],[0,1,0],[44,166,209]]
[[0,0,0],[1,0,0],[0,1,0],[33,23,209]]
[[0,0,0],[1,0,0],[0,1,0],[16,117,209]]
[[0,0,0],[1,0,0],[0,1,0],[23,63,209]]
[[0,0,0],[1,0,0],[0,1,0],[57,20,209]]
[[0,0,0],[1,0,0],[0,1,0],[13,13,209]]
[[0,0,0],[1,0,0],[0,1,0],[55,174,209]]
[[0,0,0],[1,0,0],[0,1,0],[18,43,209]]
[[0,0,0],[1,0,0],[0,1,0],[41,59,209]]
[[0,0,0],[1,0,0],[0,1,0],[55,188,209]]
[[0,0,0],[1,0,0],[0,1,0],[8,91,209]]
[[0,0,0],[1,0,0],[0,1,0],[6,28,209]]
[[0,0,0],[1,0,0],[0,1,0],[2,142,209]]
[[0,0,0],[1,0,0],[0,1,0],[52,101,209]]
[[0,0,0],[1,0,0],[0,1,0],[136,195,209]]
[[0,0,0],[1,0,0],[0,1,0],[59,107,209]]
[[0,0,0],[1,0,0],[0,1,0],[23,149,209]]
[[0,0,0],[1,0,0],[0,1,0],[3,108,209]]
[[0,0,0],[1,0,0],[0,1,0],[5,20,209]]
[[0,0,0],[1,0,0],[0,1,0],[67,86,209]]
[[0,0,0],[1,0,0],[0,1,0],[12,63,209]]
[[0,0,0],[1,0,0],[0,1,0],[27,84,209]]
[[0,0,0],[1,0,0],[0,1,0],[39,52,209]]
[[0,0,0],[1,0,0],[0,1,0],[7,49,209]]
[[0,0,0],[1,0,0],[0,1,0],[23,37,209]]
[[0,0,0],[1,0,0],[0,1,0],[36,46,209]]
[[0,0,0],[1,0,0],[0,1,0],[36,141,209]]
[[0,0,0],[1,0,0],[0,1,0],[17,138,209]]
[[0,0,0],[1,0,0],[0,1,0],[17,174,209]]
[[0,0,0],[1,0,0],[0,1,0],[63,69,209]]
[[0,0,0],[1,0,0],[0,1,0],[22,67,209]]
[[0,0,0],[1,0,0],[0,1,0],[17,199,209]]
[[0,0,0],[1,0,0],[0,1,0],[59,189,209]]
[[0,0,0],[1,0,0],[0,1,0],[7,148,209]]
[[0,0,0],[1,0,0],[0,1,0],[121,177,209]]
[[0,0,0],[1,0,0],[0,1,0],[8,32,209]]
[[0,0,0],[1,0,0],[0,1,0],[14,46,209]]
[[0,0,0],[1,0,0],[0,1,0],[34,37,209]]
[[0,0,0],[1,0,0],[0,1,0],[68,167,209]]
[[0,0,0],[1,0,0],[0,1,0],[8,39,209]]
[[0,0,0],[1,0,0],[0,1,0],[20,168,209]]
[[0,0,0],[1,0,0],[0,1,0],[3,27,209]]
[[0,0,0],[1,0,0],[0,1,0],[69,147,209]]
[[0,0,0],[1,0,0],[0,1,0],[5,161,209]]
[[0,0,0],[1,0,0],[0,1,0],[24,27,209]]
[[0,0,0],[1,0,0],[0,1,0],[5,50,209]]
[[0,0,0],[1,0,0],[0,1,0],[88,65,209]]
[[0,0,0],[1,0,0],[0,1,0],[41,72,209]]
[[0,0,0],[1,0,0],[0,1,0],[26,48,209]]
[[0,0,0],[1,0,0],[0,1,0],[5,26,209]]
[[0,0,0],[1,0,0],[0,1,0],[4,98,209]]
[[0,0,0],[1,0,0],[0,1,0],[79,208,209]]
[[0,0,0],[1,0,0],[0,1,0],[165,56,209]]
[[0,0,0],[1,0,0],[0,1,0],[4,111,209]]
[[0,0,0],[1,0,0],[0,1,0],[9,34,209]]
[[0,0,0],[1,0,0],[0,1,0],[10,203,209]]
[[0,0,0],[1,0,0],[0,1,0],[2,29,209]]
[[0,0,0],[1,0,0],[0,1,0],[25,45,209]]
[[0,0,0],[1,0,0],[0,1,0],[4,28,209]]
[[0,0,0],[1,0,0],[0,1,0],[49,172,209]]
[[0,0,0],[1,0,0],[0,1,0],[2,72,209]]
[[0,0,0],[1,0,0],[0,1,0],[26,173,209]]
[[0,0,0],[1,0,0],[0,1,0],[5,17,209]]
[[0,0,0],[1,0,0],[0,1,0],[36,97,209]]
[[0,0,0],[1,0,0],[0,1,0],[23,168,209]]
[[0,0,0],[1,0,0],[0,1,0],[17,127,209]]
[[0,0,0],[1,0,0],[0,1,0],[4,40,209]]
[[0,0,0],[1,0,0],[0,1,0],[66,199,209]]
[[0,0,0],[1,0,0],[0,1,0],[26,73,209]]
[[0,0,0],[1,0,0],[0,1,0],[16,91,209]]
[[0,0,0],[1,0,0],[0,1,0],[26,52,209]]
[[0,0,0],[1,0,0],[0,1,0],[5,63,209]]
[[0,0,0],[1,0,0],[0,1,0],[66,56,209]]
[[0,0,0],[1,0,0],[0,1,0],[17,78,209]]
[[0,0,0],[1,0,0],[0,1,0],[14,58,209]]
[[0,0,0],[1,0,0],[0,1,0],[8,84,209]]
[[0,0,0],[1,0,0],[0,1,0],[5,37,209]]
[[0,0,0],[1,0,0],[0,1,0],[12,68,209]]
[[0,0,0],[1,0,0],[0,1,0],[40,179,209]]
[[0,0,0],[1,0,0],[0,1,0],[14,61,209]]
[[0,0,0],[1,0,0],[0,1,0],[3,30,209]]
[[0,0,0],[1,0,0],[0,1,0],[85,87,209]]
[[0,0,0],[1,0,0],[0,1,0],[25,87,209]]
[[0,0,0],[1,0,0],[0,1,0],[3,91,209]]
[[0,0,0],[1,0,0],[0,1,0],[54,68,209]]
[[0,0,0],[1,0,0],[0,1,0],[24,53,209]]
[[0,0,0],[1,0,0],[0,1,0],[32,156,209]]
[[0,0,0],[1,0,0],[0,1,0],[76,58,209]]
[[0,0,0],[1,0,0],[0,1,0],[6,96,209]]
[[0,0,0],[1,0,0],[0,1,0],[20,71,209]]
[[0,0,0],[1,0,0],[0,1,0],[26,50,209]]
[[0,0,0],[1,0,0],[0,1,0],[20,91,209]]
[[0,0,0],[1,0,0],[0,1,0],[8,202,209]]
[[0,0,0],[1,0,0],[0,1,0],[44,147,209]]
[[0,0,0],[1,0,0],[0,1,0],[12,84,209]]
[[0,0,0],[1,0,0],[0,1,0],[6,14,209]]
[[0,0,0],[1,0,0],[0,1,0],[34,119,209]]
[[0,0,0],[1,0,0],[0,1,0],[17,59,209]]
[[0,0,0],[1,0,0],[0,1,0],[24,60,209]]
[[0,0,0],[1,0,0],[0,1,0],[4,85,209]]
[[0,0,0],[1,0,0],[0,1,0],[7,100,209]]
[[0,0,0],[1,0,0],[0,1,0],[26,40,209]]
[[0,0,0],[1,0,0],[0,1,0],[29,78,209]]
[[0,0,0],[1,0,0],[0,1,0],[37,195,209]]
[[0,0,0],[1,0,0],[0,1,0],[38,77,209]]
[[0,0,0],[1,0,0],[0,1,0],[57,77,209]]
[[0,0,0],[1,0,0],[0,1,0],[23,197,209]]
[[0,0,0],[1,0,0],[0,1,0],[7,61,209]]
[[0,0,0],[1,0,0],[0,1,0],[22,111,209]]
[[0,0,0],[1,0,0],[0,1,0],[32,64,209]]
[[0,0,0],[1,0,0],[0,1,0],[84,153,209]]
[[0,0,0],[1,0,0],[0,1,0],[6,60,209]]
[[0,0,0],[1,0,0],[0,1,0],[9,125,209]]
[[0,0,0],[1,0,0],[0,1,0],[8,18,209]]
[[0,0,0],[1,0,0],[0,1,0],[26,87,209]]
[[0,0,0],[1,0,0],[0,1,0],[12,36,209]]
[[0,0,0],[1,0,0],[0,1,0],[7,65,209]]
[[0,0,0],[1,0,0],[0,1,0],[8,40,209]]
[[0,0,0],[1,0,0],[0,1,0],[25,81,209]]
[[0,0,0],[1,0,0],[0,1,0],[9,9,209]]
[[0,0,0],[1,0,0],[0,1,0],[74,160,209]]
[[0,0,0],[1,0,0],[0,1,0],[12,86,209]]
[[0,0,0],[1,0,0],[0,1,0],[76,134,209]]
[[0,0,0],[1,0,0],[0,1,0],[4,51,209]]
[[0,0,0],[1,0,0],[0,1,0],[26,71,209]]
[[0,0,0],[1,0,0],[0,1,0],[4,35,209]]
[[0,0,0],[1,0,0],[0,1,0],[13,72,209]]
[[0,0,0],[1,0,0],[0,1,0],[40,56,209]]
[[0,0,0],[1,0,0],[0,1,0],[16,84,209]]
[[0,0,0],[1,0,0],[0,1,0],[20,83,209]]
[[0,0,0],[1,0,0],[0,1,0],[12,31,209]]
[[0,0,0],[1,0,0],[0,1,0],[9,62,209]]
[[0,0,0],[1,0,0],[0,1,0],[102,141,209]]
[[0,0,0],[1,0,0],[0,1,0],[2,42,209]]
[[0,0,0],[1,0,0],[0,1,0],[13,17,209]]
[[0,0,0],[1,0,0],[0,1,0],[9,63,209]]
[[0,0,0],[1,0,0],[0,1,0],[65,164,209]]
[[0,0,0],[1,0,0],[0,1,0],[69,141,209]]
[[0,0,0],[1,0,0],[0,1,0],[38,96,209]]
[[0,0,0],[1,0,0],[0,1,0],[87,199,209]]
[[0,0,0],[1,0,0],[0,1,0],[10,15,209]]
[[0,0,0],[1,0,0],[0,1,0],[52,103,209]]
[[0,0,0],[1,0,0],[0,1,0],[65,170,209]]
[[0,0,0],[1,0,0],[0,1,0],[17,41,209]]
[[0,0,0],[1,0,0],[0,1,0],[17,65,209]]
[[0,0,0],[1,0,0],[0,1,0],[3,3,209]]
[[0,0,0],[1,0,0],[0,1,0],[9,179,209]]
[[0,0,0],[1,0,0],[0,1,0],[66,163,209]]
[[0,0,0],[1,0,0],[0,1,0],[12,51,209]]
[[0,0,0],[1,0,0],[0,1,0],[39,39,209]]
[[0,0,0],[1,0,0],[0,1,0],[7,24,209]]
[[0,0,0],[1,0,0],[0,1,0],[2,208,209]]
[[0,0,0],[1,0,0],[0,1,0],[6,37,209]]
[[0,0,0],[1,0,0],[0,1,0],[7,16,209]]
[[0,0,0],[1,0,0],[0,1,0],[22,1,209]]
[[0,0,0],[1,0,0],[0,1,0],[14,64,209]]
[[0,0,0],[1,0,0],[0,1,0],[132,21,209]]
[[0,0,0],[1,0,0],[0,1,0],[33,1,209]]
[[0,0,0],[1,0,0],[0,1,0],[36,47,209]]
[[0,0,0],[1,0,0],[0,1,0],[11,28,209]]
[[0,0,0],[1,0,0],[0,1,0],[11,12,209]]
[[0,0,0],[1,0,0],[0,1,0],[32,101,209]]
[[0,0,0],[1,0,0],[0,1,0],[65,160,209]]
[[0,0,0],[1,0,0],[0,1,0],[16,90,209]]
[[0,0,0],[1,0,0],[0,1,0],[88,198,209]]
[[0,0,0],[1,0,0],[0,1,0],[66,68,209]]
[[0,0,0],[1,0,0],[0,1,0],[47,80,209]]
[[0,0,0],[1,0,0],[0,1,0],[2,74,209]]
[[0,0,0],[1,0,0],[0,1,0],[17,17,209]]
[[0,0,0],[1,0,0],[0,1,0],[32,79,209]]
[[0,0,0],[1,0,0],[0,1,0],[20,135,209]]
[[0,0,0],[1,0,0],[0,1,0],[40,79,209]]
[[0,0,0],[1,0,0],[0,1,0],[4,78,209]]
[[0,0,0],[1,0,0],[0,1,0],[27,59,209]]
[[0,0,0],[1,0,0],[0,1,0],[55,3,209]]
[[0,0,0],[1,0,0],[0,1,0],[10,79,209]]
[[0,0,0],[1,0,0],[0,1,0],[3,16,209]]
[[0,0,0],[1,0,0],[0,1,0],[41,125,209]]
[[0,0,0],[1,0,0],[0,1,0],[132,78,209]]
[[0,0,0],[1,0,0],[0,1,0],[5,82,209]]
[[0,0,0],[1,0,0],[0,1,0],[10,78,209]]
[[0,0,0],[1,0,0],[0,1,0],[4,118,209]]
[[0,0,0],[1,0,0],[0,1,0],[29,104,209]]
[[0,0,0],[1,0,0],[0,1,0],[13,15,209]]
[[0,0,0],[1,0,0],[0,1,0],[7,91,209]]
[[0,0,0],[1,0,0],[0,1,0],[101,208,209]]
[[0,0,0],[1,0,0],[0,1,0],[10,74,209]]
[[0,0,0],[1,0,0],[0,1,0],[20,56,209]]
[[0,0,0],[1,0,0],[0,1,0],[4,90,209]]
[[0,0,0],[1,0,0],[0,1,0],[45,184,209]]
[[0,0,0],[1,0,0],[0,1,0],[27,85,209]]
[[0,0,0],[1,0,0],[0,1,0],[2,109,209]]
[[0,0,0],[1,0,0],[0,1,0],[24,69,209]]
[[0,0,0],[1,0,0],[0,1,0],[24,32,209]]
[[0,0,0],[1,0,0],[0,1,0],[41,181,209]]
[[0,0,0],[1,0,0],[0,1,0],[22,122,209]]
[[0,0,0],[1,0,0],[0,1,0],[6,24,209]]
[[0,0,0],[1,0,0],[0,1,0],[20,124,209]]
[[0,0,0],[1,0,0],[0,1,0],[18,58,209]]
[[0,0,0],[1,0,0],[0,1,0],[1,39,209]]
[[0,0,0],[1,0,0],[0,1,0],[2,67,209]]
[[0,0,0],[1,0,0],[0,1,0],[6,16,209]]
[[0,0,0],[1,0,0],[0,1,0],[3,26,209]]
[[0,0,0],[1,0,0],[0,1,0],[9,60,209]]
[[0,0,0],[1,0,0],[0,1,0],[1,14,209]]
[[0,0,0],[1,0,0],[0,1,0],[47,86,209]]
[[0,0,0],[1,0,0],[0,1,0],[16,26,209]]
[[0,0,0],[1,0,0],[0,1,0],[43,91,209]]
[[0,0,0],[1,0,0],[0,1,0],[10,72,209]]
[[0,0,0],[1,0,0],[0,1,0],[9,48,209]]
[[0,0,0],[1,0,0],[0,1,0],[53,53,209]]
[[0,0,0],[1,0,0],[0,1,0],[132,2,209]]
[[0,0,0],[1,0,0],[0,1,0],[33,177,209]]
[[0,0,0],[1,0,0],[0,1,0],[13,83,209]]
[[0,0,0],[1,0,0],[0,1,0],[37,65,209]]
[[0,0,0],[1,0,0],[0,1,0],[12,16,209]]
[[0,0,0],[1,0,0],[0,1,0],[12,91,209]]
[[0,0,0],[1,0,0],[0,1,0],[5,183,209]]
[[0,0,0],[1,0,0],[0,1,0],[27,62,209]]
[[0,0,0],[1,0,0],[0,1,0],[25,31,209]]
[[0,0,0],[1,0,0],[0,1,0],[41,60,209]]
[[0,0,0],[1,0,0],[0,1,0],[102,146,209]]
[[0,0,0],[1,0,0],[0,1,0],[14,163,209]]
[[0,0,0],[1,0,0],[0,1,0],[13,90,209]]
[[0,0,0],[1,0,0],[0,1,0],[55,117,209]]
[[0,0,0],[1,0,0],[0,1,0],[47,185,209]]
[[0,0,0],[1,0,0],[0,1,0],[85,158,209]]
[[0,0,0],[1,0,0],[0,1,0],[10,32,209]]
[[0,0,0],[1,0,0],[0,1,0],[19,96,209]]
[[0,0,0],[1,0,0],[0,1,0],[88,27,209]]
[[0,0,0],[1,0,0],[0,1,0],[1,40,209]]
[[0,0,0],[1,0,0],[0,1,0],[97,146,209]]
[[0,0,0],[1,0,0],[0,1,0],[5,10,209]]
[[0,0,0],[1,0,0],[0,1,0],[12,47,209]]
[[0,0,0],[1,0,0],[0,1,0],[41,202,209]]
[[0,0,0],[1,0,0],[0,1,0],[44,1,209]]
[[0,0,0],[1,0,0],[0,1,0],[145,208,209]]
[[0,0,0],[1,0,0],[0,1,0],[16,46,209]]
[[0,0,0],[1,0,0],[0,1,0],[3,12,209]]
[[0,0,0],[1,0,0],[0,1,0],[1,53,209]]
[[0,0,0],[1,0,0],[0,1,0],[7,89,209]]
[[0,0,0],[1,0,0],[0,1,0],[39,47,209]]
[[0,0,0],[1,0,0],[0,1,0],[8,8,209]]
[[0,0,0],[1,0,0],[0,1,0],[171,77,209]]
[[0,0,0],[1,0,0],[0,1,0],[132,192,209]]
[[0,0,0],[1,0,0],[0,1,0],[17,29,209]]
[[0,0,0],[1,0,0],[0,1,0],[8,59,209]]
[[0,0,0],[1,0,0],[0,1,0],[32,188,209]]
[[0,0,0],[1,0,0],[0,1,0],[49,182,209]]
[[0,0,0],[1,0,0],[0,1,0],[80,137,209]]
[[0,0,0],[1,0,0],[0,1,0],[36,184,209]]
[[0,0,0],[1,0,0],[0,1,0],[10,45,209]]
[[0,0,0],[1,0,0],[0,1,0],[66,12,209]]
[[0,0,0],[1,0,0],[0,1,0],[9,73,209]]
[[0,0,0],[1,0,0],[0,1,0],[25,128,209]]
[[0,0,0],[1,0,0],[0,1,0],[133,77,209]]
[[0,0,0],[1,0,0],[0,1,0],[4,97,209]]
[[0,0,0],[1,0,0],[0,1,0],[6,10,209]]
[[0,0,0],[1,0,0],[0,1,0],[8,20,209]]
[[0,0,0],[1,0,0],[0,1,0],[4,92,209]]
[[0,0,0],[1,0,0],[0,1,0],[17,34,209]]
[[0,0,0],[1,0,0],[0,1,0],[66,45,209]]
[[0,0,0],[1,0,0],[0,1,0],[12,28,209]]
[[0,0,0],[1,0,0],[0,1,0],[10,162,209]]
[[0,0,0],[1,0,0],[0,1,0],[10,24,209]]
[[0,0,0],[1,0,0],[0,1,0],[54,67,209]]
[[0,0,0],[1,0,0],[0,1,0],[23,74,209]]
[[0,0,0],[1,0,0],[0,1,0],[12,80,209]]
[[0,0,0],[1,0,0],[0,1,0],[1,3,209]]
[[0,0,0],[1,0,0],[0,1,0],[12,94,209]]
[[0,0,0],[1,0,0],[0,1,0],[4,60,209]]
[[0,0,0],[1,0,0],[0,1,0],[7,108,209]]
[[0,0,0],[1,0,0],[0,1,0],[1,23,209]]
[[0,0,0],[1,0,0],[0,1,0],[3,14,209]]
[[0,0,0],[1,0,0],[0,1,0],[80,130,209]]
[[0,0,0],[1,0,0],[0,1,0],[23,61,209]]
[[0,0,0],[1,0,0],[0,1,0],[104,163,209]]
[[0,0,0],[1,0,0],[0,1,0],[27,69,209]]
[[0,0,0],[1,0,0],[0,1,0],[8,23,209]]
[[0,0,0],[1,0,0],[0,1,0],[14,87,209]]
[[0,0,0],[1,0,0],[0,1,0],[27,79,209]]
[[0,0,0],[1,0,0],[0,1,0],[58,63,209]]
[[0,0,0],[1,0,0],[0,1,0],[5,31,209]]
[[0,0,0],[1,0,0],[0,1,0],[9,26,209]]
[[0,0,0],[1,0,0],[0,1,0],[34,138,209]]
[[0,0,0],[1,0,0],[0,1,0],[58,97,209]]
[[0,0,0],[1,0,0],[0,1,0],[47,207,209]]
[[0,0,0],[1,0,0],[0,1,0],[72,168,209]]
[[0,0,0],[1,0,0],[0,1,0],[39,182,209]]
[[0,0,0],[1,0,0],[0,1,0],[27,58,209]]
[[0,0,0],[1,0,0],[0,1,0],[5,150,209]]
[[0,0,0],[1,0,0],[0,1,0],[8,10,209]]
[[0,0,0],[1,0,0],[0,1,0],[13,23,209]]
[[0,0,0],[1,0,0],[0,1,0],[154,37,209]]
[[0,0,0],[1,0,0],[0,1,0],[7,62,209]]
[[0,0,0],[1,0,0],[0,1,0],[49,161,209]]
[[0,0,0],[1,0,0],[0,1,0],[3,52,209]]
[[0,0,0],[1,0,0],[0,1,0],[12,74,209]]
[[0,0,0],[1,0,0],[0,1,0],[17,194,209]]
[[0,0,0],[1,0,0],[0,1,0],[29,74,209]]
[[0,0,0],[1,0,0],[0,1,0],[7,96,209]]
[[0,0,0],[1,0,0],[0,1,0],[3,15,209]]
[[0,0,0],[1,0,0],[0,1,0],[52,136,209]]
[[0,0,0],[1,0,0],[0,1,0],[24,90,209]]
[[0,0,0],[1,0,0],[0,1,0],[14,31,209]]
[[0,0,0],[1,0,0],[0,1,0],[9,45,209]]
[[0,0,0],[1,0,0],[0,1,0],[2,90,209]]
[[0,0,0],[1,0,0],[0,1,0],[47,141,209]]
[[0,0,0],[1,0,0],[0,1,0],[27,48,209]]
[[0,0,0],[1,0,0],[0,1,0],[11,56,209]]
[[0,0,0],[1,0,0],[0,1,0],[36,83,209]]
[[0,0,0],[1,0,0],[0,1,0],[17,72,209]]
[[0,0,0],[1,0,0],[0,1,0],[32,192,209]]
[[0,0,0],[1,0,0],[0,1,0],[5,73,209]]
[[0,0,0],[1,0,0],[0,1,0],[39,74,209]]
[[0,0,0],[1,0,0],[0,1,0],[53,159,209]]
[[0,0,0],[1,0,0],[0,1,0],[88,46,209]]
[[0,0,0],[1,0,0],[0,1,0],[20,28,209]]
[[0,0,0],[1,0,0],[0,1,0],[3,97,209]]
[[0,0,0],[1,0,0],[0,1,0],[7,58,209]]
[[0,0,0],[1,0,0],[0,1,0],[63,72,209]]
[[0,0,0],[1,0,0],[0,1,0],[16,199,209]]
[[0,0,0],[1,0,0],[0,1,0],[3,86,209]]
[[0,0,0],[1,0,0],[0,1,0],[41,170,209]]
[[0,0,0],[1,0,0],[0,1,0],[3,18,209]]
[[0,0,0],[1,0,0],[0,1,0],[10,83,209]]
[[0,0,0],[1,0,0],[0,1,0],[9,82,209]]
[[0,0,0],[1,0,0],[0,1,0],[10,92,209]]
[[0,0,0],[1,0,0],[0,1,0],[13,200,209]]
[[0,0,0],[1,0,0],[0,1,0],[5,25,209]]
[[0,0,0],[1,0,0],[0,1,0],[44,56,209]]
[[0,0,0],[1,0,0],[0,1,0],[95,115,209]]
[[0,0,0],[1,0,0],[0,1,0],[76,1,209]]
[[0,0,0],[1,0,0],[0,1,0],[6,45,209]]
[[0,0,0],[1,0,0],[0,1,0],[37,178,209]]
[[0,0,0],[1,0,0],[0,1,0],[4,81,209]]
[[0,0,0],[1,0,0],[0,1,0],[9,23,209]]
[[0,0,0],[1,0,0],[0,1,0],[87,189,209]]
[[0,0,0],[1,0,0],[0,1,0],[8,46,209]]
[[0,0,0],[1,0,0],[0,1,0],[13,109,209]]
[[0,0,0],[1,0,0],[0,1,0],[28,149,209]]
[[0,0,0],[1,0,0],[0,1,0],[7,50,209]]
[[0,0,0],[1,0,0],[0,1,0],[46,107,209]]
[[0,0,0],[1,0,0],[0,1,0],[12,43,209]]
[[0,0,0],[1,0,0],[0,1,0],[43,184,209]]
[[0,0,0],[1,0,0],[0,1,0],[5,128,209]]
[[0,0,0],[1,0,0],[0,1,0],[40,182,209]]
[[0,0,0],[1,0,0],[0,1,0],[4,71,209]]
[[0,0,0],[1,0,0],[0,1,0],[25,78,209]]
[[0,0,0],[1,0,0],[0,1,0],[3,60,209]]
[[0,0,0],[1,0,0],[0,1,0],[2,51,209]]
[[0,0,0],[1,0,0],[0,1,0],[47,174,209]]
[[0,0,0],[1,0,0],[0,1,0],[16,40,209]]
[[0,0,0],[1,0,0],[0,1,0],[8,28,209]]
[[0,0,0],[1,0,0],[0,1,0],[33,100,209]]
[[0,0,0],[1,0,0],[0,1,0],[9,72,209]]
[[0,0,0],[1,0,0],[0,1,0],[2,87,209]]
[[0,0,0],[1,0,0],[0,1,0],[12,78,209]]
[[0,0,0],[1,0,0],[0,1,0],[8,14,209]]
[[0,0,0],[1,0,0],[0,1,0],[3,79,209]]
[[0,0,0],[1,0,0],[0,1,0],[14,40,209]]
[[0,0,0],[1,0,0],[0,1,0],[89,178,209]]
[[0,0,0],[1,0,0],[0,1,0],[3,93,209]]
[[0,0,0],[1,0,0],[0,1,0],[32,189,209]]
[[0,0,0],[1,0,0],[0,1,0],[16,39,209]]
[[0,0,0],[1,0,0],[0,1,0],[25,48,209]]
[[0,0,0],[1,0,0],[0,1,0],[25,89,209]]
[[0,0,0],[1,0,0],[0,1,0],[26,188,209]]
[[0,0,0],[1,0,0],[0,1,0],[9,135,209]]
[[0,0,0],[1,0,0],[0,1,0],[5,91,209]]
[[0,0,0],[1,0,0],[0,1,0],[7,53,209]]
[[0,0,0],[1,0,0],[0,1,0],[69,86,209]]
[[0,0,0],[1,0,0],[0,1,0],[40,181,209]]
[[0,0,0],[1,0,0],[0,1,0],[7,87,209]]
[[0,0,0],[1,0,0],[0,1,0],[25,56,209]]
[[0,0,0],[1,0,0],[0,1,0],[10,181,209]]
[[0,0,0],[1,0,0],[0,1,0],[41,150,209]]
[[0,0,0],[1,0,0],[0,1,0],[9,203,209]]
[[0,0,0],[1,0,0],[0,1,0],[4,184,209]]
[[0,0,0],[1,0,0],[0,1,0],[39,160,209]]
[[0,0,0],[1,0,0],[0,1,0],[23,23,209]]
[[0,0,0],[1,0,0],[0,1,0],[12,17,209]]
[[0,0,0],[1,0,0],[0,1,0],[3,56,209]]
[[0,0,0],[1,0,0],[0,1,0],[9,47,209]]
[[0,0,0],[1,0,0],[0,1,0],[79,142,209]]
[[0,0,0],[1,0,0],[0,1,0],[5,67,209]]
[[0,0,0],[1,0,0],[0,1,0],[27,205,209]]
[[0,0,0],[1,0,0],[0,1,0],[28,40,209]]
[[0,0,0],[1,0,0],[0,1,0],[111,137,209]]
[[0,0,0],[1,0,0],[0,1,0],[77,1,209]]
[[0,0,0],[1,0,0],[0,1,0],[10,69,209]]
[[0,0,0],[1,0,0],[0,1,0],[99,1,209]]
[[0,0,0],[1,0,0],[0,1,0],[12,45,209]]
[[0,0,0],[1,0,0],[0,1,0],[9,201,209]]
[[0,0,0],[1,0,0],[0,1,0],[9,80,209]]
[[0,0,0],[1,0,0],[0,1,0],[10,53,209]]
[[0,0,0],[1,0,0],[0,1,0],[26,36,209]]
[[0,0,0],[1,0,0],[0,1,0],[3,83,209]]
[[0,0,0],[1,0,0],[0,1,0],[13,51,209]]
[[0,0,0],[1,0,0],[0,1,0],[34,67,209]]
[[0,0,0],[1,0,0],[0,1,0],[9,65,209]]
[[0,0,0],[1,0,0],[0,1,0],[7,126,209]]
[[0,0,0],[1,0,0],[0,1,0],[25,49,209]]
[[0,0,0],[1,0,0],[0,1,0],[2,15,209]]
[[0,0,0],[1,0,0],[0,1,0],[3,92,209]]
[[0,0,0],[1,0,0],[0,1,0],[32,39,209]]
[[0,0,0],[1,0,0],[0,1,0],[6,127,209]]
[[0,0,0],[1,0,0],[0,1,0],[9,29,209]]
[[0,0,0],[1,0,0],[0,1,0],[1,41,209]]
[[0,0,0],[1,0,0],[0,1,0],[63,149,209]]
[[0,0,0],[1,0,0],[0,1,0],[18,97,209]]
[[0,0,0],[1,0,0],[0,1,0],[14,18,209]]
[[0,0,0],[1,0,0],[0,1,0],[32,46,209]]
[[0,0,0],[1,0,0],[0,1,0],[10,14,209]]
[[0,0,0],[1,0,0],[0,1,0],[13,73,209]]
[[0,0,0],[1,0,0],[0,1,0],[6,49,209]]
[[0,0,0],[1,0,0],[0,1,0],[8,63,209]]
[[0,0,0],[1,0,0],[0,1,0],[7,72,209]]
[[0,0,0],[1,0,0],[0,1,0],[2,23,209]]
[[0,0,0],[1,0,0],[0,1,0],[19,1,209]]
[[0,0,0],[1,0,0],[0,1,0],[2,16,209]]
[[0,0,0],[1,0,0],[0,1,0],[6,67,209]]
[[0,0,0],[1,0,0],[0,1,0],[32,87,209]]
[[0,0,0],[1,0,0],[0,1,0],[37,52,209]]
[[0,0,0],[1,0,0],[0,1,0],[16,31,209]]
[[0,0,0],[1,0,0],[0,1,0],[6,40,209]]
[[0,0,0],[1,0,0],[0,1,0],[88,179,209]]
[[0,0,0],[1,0,0],[0,1,0],[37,54,209]]
[[0,0,0],[1,0,0],[0,1,0],[49,54,209]]
[[0,0,0],[1,0,0],[0,1,0],[5,129,209]]
[[0,0,0],[1,0,0],[0,1,0],[38,115,209]]
[[0,0,0],[1,0,0],[0,1,0],[49,72,209]]
[[0,0,0],[1,0,0],[0,1,0],[16,75,209]]
[[0,0,0],[1,0,0],[0,1,0],[2,65,209]]
[[0,0,0],[1,0,0],[0,1,0],[154,75,209]]
[[0,0,0],[1,0,0],[0,1,0],[13,96,209]]
[[0,0,0],[1,0,0],[0,1,0],[24,28,209]]
[[0,0,0],[1,0,0],[0,1,0],[28,32,209]]
[[0,0,0],[1,0,0],[0,1,0],[28,50,209]]
[[0,0,0],[1,0,0],[0,1,0],[110,177,209]]
[[0,0,0],[1,0,0],[0,1,0],[48,53,209]]
[[0,0,0],[1,0,0],[0,1,0],[3,112,209]]
[[0,0,0],[1,0,0],[0,1,0],[132,97,209]]
[[0,0,0],[1,0,0],[0,1,0],[4,80,209]]
[[0,0,0],[1,0,0],[0,1,0],[2,64,209]]
[[0,0,0],[1,0,0],[0,1,0],[26,37,209]]
[[0,0,0],[1,0,0],[0,1,0],[5,78,209]]
[[0,0,0],[1,0,0],[0,1,0],[27,65,209]]
[[0,0,0],[1,0,0],[0,1,0],[6,56,209]]
[[0,0,0],[1,0,0],[0,1,0],[3,58,209]]
[[0,0,0],[1,0,0],[0,1,0],[4,67,209]]
[[0,0,0],[1,0,0],[0,1,0],[1,2,209]]
[[0,0,0],[1,0,0],[0,1,0],[26,206,209]]
[[0,0,0],[1,0,0],[0,1,0],[132,135,209]]
[[0,0,0],[1,0,0],[0,1,0],[4,64,209]]
[[0,0,0],[1,0,0],[0,1,0],[56,68,209]]
[[0,0,0],[1,0,0],[0,1,0],[6,149,209]]
[[0,0,0],[1,0,0],[0,1,0],[40,53,209]]
[[0,0,0],[1,0,0],[0,1,0],[20,40,209]]
[[0,0,0],[1,0,0],[0,1,0],[76,191,209]]
[[0,0,0],[1,0,0],[0,1,0],[16,94,209]]
[[0,0,0],[1,0,0],[0,1,0],[39,186,209]]
[[0,0,0],[1,0,0],[0,1,0],[17,149,209]]
[[0,0,0],[1,0,0],[0,1,0],[10,145,209]]
[[0,0,0],[1,0,0],[0,1,0],[6,102,209]]
[[0,0,0],[1,0,0],[0,1,0],[14,201,209]]
[[0,0,0],[1,0,0],[0,1,0],[40,203,209]]
[[0,0,0],[1,0,0],[0,1,0],[58,159,209]]
[[0,0,0],[1,0,0],[0,1,0],[54,194,209]]
[[0,0,0],[1,0,0],[0,1,0],[18,96,209]]
[[0,0,0],[1,0,0],[0,1,0],[4,8,209]]
[[0,0,0],[1,0,0],[0,1,0],[68,142,209]]
[[0,0,0],[1,0,0],[0,1,0],[9,81,209]]
[[0,0,0],[1,0,0],[0,1,0],[154,56,209]]
[[0,0,0],[1,0,0],[0,1,0],[9,84,209]]
[[0,0,0],[1,0,0],[0,1,0],[20,31,209]]
[[0,0,0],[1,0,0],[0,1,0],[4,6,209]]
[[0,0,0],[1,0,0],[0,1,0],[8,164,209]]
[[0,0,0],[1,0,0],[0,1,0],[39,185,209]]
[[0,0,0],[1,0,0],[0,1,0],[49,59,209]]
[[0,0,0],[1,0,0],[0,1,0],[6,30,209]]
[[0,0,0],[1,0,0],[0,1,0],[74,155,209]]
[[0,0,0],[1,0,0],[0,1,0],[39,83,209]]
[[0,0,0],[1,0,0],[0,1,0],[65,148,209]]
[[0,0,0],[1,0,0],[0,1,0],[1,8,209]]
[[0,0,0],[1,0,0],[0,1,0],[3,64,209]]
[[0,0,0],[1,0,0],[0,1,0],[14,20,209]]
[[0,0,0],[1,0,0],[0,1,0],[47,62,209]]
[[0,0,0],[1,0,0],[0,1,0],[57,39,209]]
[[0,0,0],[1,0,0],[0,1,0],[6,138,209]]
[[0,0,0],[1,0,0],[0,1,0],[24,186,209]]
[[0,0,0],[1,0,0],[0,1,0],[36,41,209]]
[[0,0,0],[1,0,0],[0,1,0],[79,188,209]]
[[0,0,0],[1,0,0],[0,1,0],[2,164,209]]
[[0,0,0],[1,0,0],[0,1,0],[10,29,209]]
[[0,0,0],[1,0,0],[0,1,0],[2,20,209]]
[[0,0,0],[1,0,0],[0,1,0],[5,98,209]]
[[0,0,0],[1,0,0],[0,1,0],[4,69,209]]
[[0,0,0],[1,0,0],[0,1,0],[63,109,209]]
[[0,0,0],[1,0,0],[0,1,0],[5,74,209]]
[[0,0,0],[1,0,0],[0,1,0],[60,150,209]]
[[0,0,0],[1,0,0],[0,1,0],[13,197,209]]
[[0,0,0],[1,0,0],[0,1,0],[25,75,209]]
[[0,0,0],[1,0,0],[0,1,0],[14,67,209]]
[[0,0,0],[1,0,0],[0,1,0],[86,168,209]]
[[0,0,0],[1,0,0],[0,1,0],[28,62,209]]
[[0,0,0],[1,0,0],[0,1,0],[3,67,209]]
[[0,0,0],[1,0,0],[0,1,0],[18,63,209]]
[[0,0,0],[1,0,0],[0,1,0],[14,56,209]]
[[0,0,0],[1,0,0],[0,1,0],[24,85,209]]
[[0,0,0],[1,0,0],[0,1,0],[65,189,209]]
[[0,0,0],[1,0,0],[0,1,0],[16,200,209]]
[[0,0,0],[1,0,0],[0,1,0],[20,179,209]]
[[0,0,0],[1,0,0],[0,1,0],[13,48,209]]
[[0,0,0],[1,0,0],[0,1,0],[62,167,209]]
[[0,0,0],[1,0,0],[0,1,0],[6,26,209]]
[[0,0,0],[1,0,0],[0,1,0],[8,93,209]]
[[0,0,0],[1,0,0],[0,1,0],[4,16,209]]
[[0,0,0],[1,0,0],[0,1,0],[2,82,209]]
[[0,0,0],[1,0,0],[0,1,0],[40,73,209]]
[[0,0,0],[1,0,0],[0,1,0],[25,108,209]]
[[0,0,0],[1,0,0],[0,1,0],[47,164,209]]
[[0,0,0],[1,0,0],[0,1,0],[3,24,209]]
[[0,0,0],[1,0,0],[0,1,0],[132,40,209]]
[[0,0,0],[1,0,0],[0,1,0],[2,81,209]]
[[0,0,0],[1,0,0],[0,1,0],[12,179,209]]
[[0,0,0],[1,0,0],[0,1,0],[88,23,209]]
[[0,0,0],[1,0,0],[0,1,0],[29,43,209]]
[[0,0,0],[1,0,0],[0,1,0],[26,189,209]]
[[0,0,0],[1,0,0],[0,1,0],[110,195,209]]
[[0,0,0],[1,0,0],[0,1,0],[154,208,209]]
[[0,0,0],[1,0,0],[0,1,0],[28,72,209]]
[[0,0,0],[1,0,0],[0,1,0],[7,86,209]]
[[0,0,0],[1,0,0],[0,1,0],[44,177,209]]
[[0,0,0],[1,0,0],[0,1,0],[25,32,209]]
[[0,0,0],[1,0,0],[0,1,0],[4,82,209]]
[[0,0,0],[1,0,0],[0,1,0],[10,59,209]]
[[0,0,0],[1,0,0],[0,1,0],[12,65,209]]
[[0,0,0],[1,0,0],[0,1,0],[63,185,209]]
[[0,0,0],[1,0,0],[0,1,0],[9,16,209]]
[[0,0,0],[1,0,0],[0,1,0],[66,144,209]]
[[0,0,0],[1,0,0],[0,1,0],[114,172,209]]
[[0,0,0],[1,0,0],[0,1,0],[44,199,209]]
[[0,0,0],[1,0,0],[0,1,0],[17,81,209]]
[[0,0,0],[1,0,0],[0,1,0],[6,62,209]]
[[0,0,0],[1,0,0],[0,1,0],[20,94,209]]
[[0,0,0],[1,0,0],[0,1,0],[43,47,209]]
[[0,0,0],[1,0,0],[0,1,0],[29,67,209]]
[[0,0,0],[1,0,0],[0,1,0],[5,14,209]]
[[0,0,0],[1,0,0],[0,1,0],[17,87,209]]
[[0,0,0],[1,0,0],[0,1,0],[14,49,209]]
[[0,0,0],[1,0,0],[0,1,0],[37,140,209]]
[[0,0,0],[1,0,0],[0,1,0],[6,58,209]]
[[0,0,0],[1,0,0],[0,1,0],[26,31,209]]
[[0,0,0],[1,0,0],[0,1,0],[48,163,209]]
[[0,0,0],[1,0,0],[0,1,0],[39,138,209]]
[[0,0,0],[1,0,0],[0,1,0],[53,146,209]]
[[0,0,0],[1,0,0],[0,1,0],[43,169,209]]
[[0,0,0],[1,0,0],[0,1,0],[8,203,209]]
[[0,0,0],[1,0,0],[0,1,0],[12,46,209]]
[[0,0,0],[1,0,0],[0,1,0],[2,27,209]]
[[0,0,0],[1,0,0],[0,1,0],[12,14,209]]
[[0,0,0],[1,0,0],[0,1,0],[2,79,209]]
[[0,0,0],[1,0,0],[0,1,0],[53,81,209]]
[[0,0,0],[1,0,0],[0,1,0],[29,84,209]]
[[0,0,0],[1,0,0],[0,1,0],[110,100,209]]
[[0,0,0],[1,0,0],[0,1,0],[13,41,209]]
[[0,0,0],[1,0,0],[0,1,0],[9,58,209]]
[[0,0,0],[1,0,0],[0,1,0],[6,94,209]]
[[0,0,0],[1,0,0],[0,1,0],[27,185,209]]
[[0,0,0],[1,0,0],[0,1,0],[6,23,209]]
[[0,0,0],[1,0,0],[0,1,0],[4,30,209]]
[[0,0,0],[1,0,0],[0,1,0],[6,64,209]]
[[0,0,0],[1,0,0],[0,1,0],[6,83,209]]
[[0,0,0],[1,0,0],[0,1,0],[25,47,209]]
[[0,0,0],[1,0,0],[0,1,0],[62,153,209]]
[[0,0,0],[1,0,0],[0,1,0],[8,15,209]]
[[0,0,0],[1,0,0],[0,1,0],[12,48,209]]
[[0,0,0],[1,0,0],[0,1,0],[46,174,209]]
[[0,0,0],[1,0,0],[0,1,0],[39,69,209]]
[[0,0,0],[1,0,0],[0,1,0],[5,18,209]]
[[0,0,0],[1,0,0],[0,1,0],[53,168,209]]
[[0,0,0],[1,0,0],[0,1,0],[5,207,209]]
[[0,0,0],[1,0,0],[0,1,0],[84,145,209]]
[[0,0,0],[1,0,0],[0,1,0],[7,26,209]]
[[0,0,0],[1,0,0],[0,1,0],[132,173,209]]
[[0,0,0],[1,0,0],[0,1,0],[10,52,209]]
[[0,0,0],[1,0,0],[0,1,0],[36,117,209]]
[[0,0,0],[1,0,0],[0,1,0],[2,70,209]]
[[0,0,0],[1,0,0],[0,1,0],[4,18,209]]
[[0,0,0],[1,0,0],[0,1,0],[20,82,209]]
[[0,0,0],[1,0,0],[0,1,0],[2,96,209]]
[[0,0,0],[1,0,0],[0,1,0],[18,54,209]]
[[0,0,0],[1,0,0],[0,1,0],[33,78,209]]
[[0,0,0],[1,0,0],[0,1,0],[62,186,209]]
[[0,0,0],[1,0,0],[0,1,0],[4,34,209]]
[[0,0,0],[1,0,0],[0,1,0],[14,16,209]]
[[0,0,0],[1,0,0],[0,1,0],[106,199,209]]
[[0,0,0],[1,0,0],[0,1,0],[9,61,209]]
[[0,0,0],[1,0,0],[0,1,0],[8,60,209]]
[[0,0,0],[1,0,0],[0,1,0],[6,15,209]]
[[0,0,0],[1,0,0],[0,1,0],[9,24,209]]
[[0,0,0],[1,0,0],[0,1,0],[17,49,209]]
[[0,0,0],[1,0,0],[0,1,0],[2,175,209]]
[[0,0,0],[1,0,0],[0,1,0],[18,18,209]]
[[0,0,0],[1,0,0],[0,1,0],[1,13,209]]
[[0,0,0],[1,0,0],[0,1,0],[26,127,209]]
[[0,0,0],[1,0,0],[0,1,0],[13,54,209]]
[[0,0,0],[1,0,0],[0,1,0],[28,127,209]]
[[0,0,0],[1,0,0],[0,1,0],[1,68,209]]
[[0,0,0],[1,0,0],[0,1,0],[3,78,209]]
[[0,0,0],[1,0,0],[0,1,0],[7,59,209]]
[[0,0,0],[1,0,0],[0,1,0],[4,130,209]]
[[0,0,0],[1,0,0],[0,1,0],[154,18,209]]
[[0,0,0],[1,0,0],[0,1,0],[36,68,209]]
[[0,0,0],[1,0,0],[0,1,0],[110,43,209]]
[[0,0,0],[11,0,0],[0,1,0],[0,1,19]]
[[0,0,0],[1,0,0],[0,1,0],[20,26,209]]
[[0,0,0],[1,0,0],[0,1,0],[19,172,209]]
[[0,0,0],[1,0,0],[0,1,0],[79,158,209]]
[[0,0,0],[1,0,0],[0,1,0],[3,50,209]]
[[0,0,0],[1,0,0],[0,1,0],[9,94,209]]
[[0,0,0],[1,0,0],[0,1,0],[39,94,209]]
[[0,0,0],[1,0,0],[0,1,0],[6,87,209]]
[[0,0,0],[1,0,0],[0,1,0],[4,206,209]]
[[0,0,0],[1,0,0],[0,1,0],[20,201,209]]
[[0,0,0],[1,0,0],[0,1,0],[58,86,209]]
[[0,0,0],[1,0,0],[0,1,0],[36,108,209]]
[[0,0,0],[1,0,0],[0,1,0],[5,84,209]]
[[0,0,0],[1,0,0],[0,1,0],[45,48,209]]
[[0,0,0],[1,0,0],[0,1,0],[32,69,209]]
[[0,0,0],[1,0,0],[0,1,0],[96,202,209]]
[[0,0,0],[1,0,0],[0,1,0],[7,83,209]]
[[0,0,0],[1,0,0],[0,1,0],[28,91,209]]
[[0,0,0],[1,0,0],[0,1,0],[39,41,209]]
[[0,0,0],[1,0,0],[0,1,0],[12,71,209]]
[[0,0,0],[1,0,0],[0,1,0],[4,12,209]]
[[0,0,0],[1,0,0],[0,1,0],[66,106,209]]
[[0,0,0],[1,0,0],[0,1,0],[6,91,209]]
[[0,0,0],[1,0,0],[0,1,0],[17,85,209]]
[[0,0,0],[1,0,0],[0,1,0],[152,77,209]]
[[0,0,0],[1,0,0],[0,1,0],[1,37,209]]
[[0,0,0],[1,0,0],[0,1,0],[4,27,209]]
[[0,0,0],[1,0,0],[0,1,0],[13,32,209]]
[[0,0,0],[1,0,0],[0,1,0],[13,50,209]]
[[0,0,0],[1,0,0],[0,1,0],[32,90,209]]
[[0,0,0],[1,0,0],[0,1,0],[24,26,209]]
[[0,0,0],[1,0,0],[0,1,0],[26,195,209]]
[[0,0,0],[1,0,0],[0,1,0],[8,90,209]]
[[0,0,0],[1,0,0],[0,1,0],[46,69,209]]
[[0,0,0],[1,0,0],[0,1,0],[52,178,209]]
[[0,0,0],[1,0,0],[0,1,0],[6,90,209]]
[[0,0,0],[1,0,0],[0,1,0],[55,100,209]]
[[0,0,0],[1,0,0],[0,1,0],[37,97,209]]
[[0,0,0],[1,0,0],[0,1,0],[97,168,209]]
[[0,0,0],[1,0,0],[0,1,0],[8,47,209]]
[[0,0,0],[1,0,0],[0,1,0],[69,130,209]]
[[0,0,0],[1,0,0],[0,1,0],[22,155,209]]
[[0,0,0],[1,0,0],[0,1,0],[121,165,209]]
[[0,0,0],[1,0,0],[0,1,0],[32,74,209]]
[[0,0,0],[1,0,0],[0,1,0],[28,37,209]]
[[0,0,0],[1,0,0],[0,1,0],[10,12,209]]
[[0,0,0],[1,0,0],[0,1,0],[11,1,209]]
[[0,0,0],[1,0,0],[0,1,0],[43,178,209]]
[[0,0,0],[1,0,0],[0,1,0],[24,91,209]]
[[0,0,0],[1,0,0],[0,1,0],[27,184,209]]
[[0,0,0],[1,0,0],[0,1,0],[72,94,209]]
[[0,0,0],[1,0,0],[0,1,0],[13,58,209]]
[[0,0,0],[1,0,0],[0,1,0],[7,67,209]]
[[0,0,0],[1,0,0],[0,1,0],[13,87,209]]
[[0,0,0],[1,0,0],[0,1,0],[36,43,209]]
[[0,0,0],[1,0,0],[0,1,0],[9,12,209]]
[[0,0,0],[1,0,0],[0,1,0],[18,49,209]]
[[0,0,0],[1,0,0],[0,1,0],[5,7,209]]
[[0,0,0],[1,0,0],[0,1,0],[4,195,209]]
[[0,0,0],[1,0,0],[0,1,0],[52,179,209]]
[[0,0,0],[1,0,0],[0,1,0],[2,170,209]]
[[0,0,0],[1,0,0],[0,1,0],[2,49,209]]
[[0,0,0],[1,0,0],[0,1,0],[28,49,209]]
[[0,0,0],[1,0,0],[0,1,0],[2,4,209]]
[[0,0,0],[1,0,0],[0,1,0],[11,45,209]]
[[0,0,0],[1,0,0],[0,1,0],[17,89,209]]
[[0,0,0],[1,0,0],[0,1,0],[27,52,209]]
[[0,0,0],[1,0,0],[0,1,0],[59,65,209]]
[[0,0,0],[1,0,0],[0,1,0],[6,20,209]]
[[0,0,0],[1,0,0],[0,1,0],[13,85,209]]
[[0,0,0],[1,0,0],[0,1,0],[10,134,209]]
[[0,0,0],[1,0,0],[0,1,0],[5,13,209]]
[[0,0,0],[1,0,0],[0,1,0],[40,184,209]]
[[0,0,0],[1,0,0],[0,1,0],[14,34,209]]
[[0,0,0],[1,0,0],[0,1,0],[1,29,209]]
[[0,0,0],[1,0,0],[0,1,0],[34,45,209]]
[[0,0,0],[1,0,0],[0,1,0],[3,100,209]]
[[0,0,0],[1,0,0],[0,1,0],[19,191,209]]
[[0,0,0],[1,0,0],[0,1,0],[18,28,209]]
[[0,0,0],[1,0,0],[0,1,0],[28,94,209]]
[[0,0,0],[1,0,0],[0,1,0],[12,81,209]]
[[0,0,0],[1,0,0],[0,1,0],[18,24,209]]
[[0,0,0],[1,0,0],[0,1,0],[43,129,209]]
[[0,0,0],[1,0,0],[0,1,0],[13,142,209]]
[[0,0,0],[1,0,0],[0,1,0],[13,56,209]]
[[0,0,0],[1,0,0],[0,1,0],[4,65,209]]
[[0,0,0],[1,0,0],[0,1,0],[76,153,209]]
[[0,0,0],[1,0,0],[0,1,0],[46,78,209]]
[[0,0,0],[1,0,0],[0,1,0],[4,74,209]]
[[0,0,0],[1,0,0],[0,1,0],[18,116,209]]
[[0,0,0],[1,0,0],[0,1,0],[5,32,209]]
[[0,0,0],[1,0,0],[0,1,0],[40,137,209]]
[[0,0,0],[1,0,0],[0,1,0],[17,50,209]]
[[0,0,0],[1,0,0],[0,1,0],[10,34,209]]
[[0,0,0],[1,0,0],[0,1,0],[3,13,209]]
[[0,0,0],[1,0,0],[0,1,0],[3,80,209]]
[[0,0,0],[1,0,0],[0,1,0],[99,155,209]]
[[0,0,0],[1,0,0],[0,1,0],[17,23,209]]
[[0,0,0],[1,0,0],[0,1,0],[11,89,209]]
[[0,0,0],[1,0,0],[0,1,0],[18,27,209]]
[[0,0,0],[1,0,0],[0,1,0],[6,27,209]]
[[0,0,0],[1,0,0],[0,1,0],[37,129,209]]
[[0,0,0],[1,0,0],[0,1,0],[16,50,209]]
[[0,0,0],[1,0,0],[0,1,0],[16,68,209]]
[[0,0,0],[1,0,0],[0,1,0],[39,43,209]]
[[0,0,0],[1,0,0],[0,1,0],[63,147,209]]
[[0,0,0],[1,0,0],[0,1,0],[52,202,209]]
[[0,0,0],[1,0,0],[0,1,0],[48,79,209]]
[[0,0,0],[1,0,0],[0,1,0],[3,32,209]]
[[0,0,0],[1,0,0],[0,1,0],[32,62,209]]
[[0,0,0],[1,0,0],[0,1,0],[10,80,209]]
[[0,0,0],[1,0,0],[0,1,0],[36,53,209]]
[[0,0,0],[1,0,0],[0,1,0],[48,179,209]]
[[0,0,0],[1,0,0],[0,1,0],[28,47,209]]
[[0,0,0],[1,0,0],[0,1,0],[25,166,209]]
[[0,0,0],[1,0,0],[0,1,0],[13,97,209]]
[[0,0,0],[1,0,0],[0,1,0],[67,153,209]]
[[0,0,0],[1,0,0],[0,1,0],[4,168,209]]
[[0,0,0],[1,0,0],[0,1,0],[3,130,209]]
[[0,0,0],[1,0,0],[0,1,0],[33,101,209]]
[[0,0,0],[1,0,0],[0,1,0],[44,109,209]]
[[0,0,0],[1,0,0],[0,1,0],[32,140,209]]
[[0,0,0],[1,0,0],[0,1,0],[2,48,209]]
[[0,0,0],[1,0,0],[0,1,0],[25,64,209]]
[[0,0,0],[1,0,0],[0,1,0],[7,90,209]]
[[0,0,0],[1,0,0],[0,1,0],[23,87,209]]
[[0,0,0],[1,0,0],[0,1,0],[43,189,209]]
[[0,0,0],[1,0,0],[0,1,0],[18,64,209]]
[[0,0,0],[1,0,0],[0,1,0],[14,84,209]]
[[0,0,0],[1,0,0],[0,1,0],[24,72,209]]
[[0,0,0],[1,0,0],[0,1,0],[5,89,209]]
[[0,0,0],[1,0,0],[0,1,0],[29,126,209]]
[[0,0,0],[1,0,0],[0,1,0],[74,142,209]]
[[0,0,0],[1,0,0],[0,1,0],[68,87,209]]
[[0,0,0],[1,0,0],[0,1,0],[7,10,209]]
[[0,0,0],[1,0,0],[0,1,0],[16,137,209]]
[[0,0,0],[1,0,0],[0,1,0],[20,73,209]]
[[0,0,0],[1,0,0],[0,1,0],[3,51,209]]
[[0,0,0],[1,0,0],[0,1,0],[18,45,209]]
[[0,0,0],[1,0,0],[0,1,0],[8,158,209]]
[[0,0,0],[1,0,0],[0,1,0],[33,120,209]]
[[0,0,0],[1,0,0],[0,1,0],[2,94,209]]
[[0,0,0],[1,0,0],[0,1,0],[16,73,209]]
[[0,0,0],[1,0,0],[0,1,0],[3,10,209]]
[[0,0,0],[1,0,0],[0,1,0],[46,202,209]]
[[0,0,0],[1,0,0],[0,1,0],[40,40,209]]
[[0,0,0],[1,0,0],[0,1,0],[13,63,209]]
[[0,0,0],[1,0,0],[0,1,0],[7,170,209]]
[[0,0,0],[1,0,0],[0,1,0],[7,75,209]]
[[0,0,0],[1,0,0],[0,1,0],[14,62,209]]
[[0,0,0],[1,0,0],[0,1,0],[68,68,209]]
[[0,0,0],[1,0,0],[0,1,0],[6,147,209]]
[[0,0,0],[1,0,0],[0,1,0],[17,82,209]]
[[0,0,0],[1,0,0],[0,1,0],[80,142,209]]
[[0,0,0],[1,0,0],[0,1,0],[25,194,209]]
[[0,0,0],[1,0,0],[0,1,0],[46,197,209]]
[[0,0,0],[1,0,0],[0,1,0],[2,68,209]]
[[0,0,0],[1,0,0],[0,1,0],[2,78,209]]
[[0,0,0],[1,0,0],[0,1,0],[37,192,209]]
[[0,0,0],[1,0,0],[0,1,0],[10,27,209]]
[[0,0,0],[1,0,0],[0,1,0],[2,83,209]]
[[0,0,0],[1,0,0],[0,1,0],[4,47,209]]
[[0,0,0],[1,0,0],[0,1,0],[10,101,209]]
[[0,0,0],[1,0,0],[0,1,0],[29,185,209]]
[[0,0,0],[1,0,0],[0,1,0],[97,102,209]]
[[0,0,0],[1,0,0],[0,1,0],[3,82,209]]
[[0,0,0],[1,0,0],[0,1,0],[16,25,209]]
[[0,0,0],[1,0,0],[0,1,0],[2,18,209]]
[[0,0,0],[1,0,0],[0,1,0],[1,60,209]]
[[0,0,0],[1,0,0],[0,1,0],[6,86,209]]
[[0,0,0],[1,0,0],[0,1,0],[27,29,209]]
[[0,0,0],[1,0,0],[0,1,0],[9,202,209]]
[[0,0,0],[1,0,0],[0,1,0],[5,206,209]]
[[0,0,0],[1,0,0],[0,1,0],[65,202,209]]
[[0,0,0],[1,0,0],[0,1,0],[3,72,209]]
[[0,0,0],[1,0,0],[0,1,0],[14,17,209]]
[[0,0,0],[1,0,0],[0,1,0],[36,48,209]]
[[0,0,0],[1,0,0],[0,1,0],[5,60,209]]
[[0,0,0],[1,0,0],[0,1,0],[2,92,209]]
[[0,0,0],[1,0,0],[0,1,0],[7,127,209]]
[[0,0,0],[1,0,0],[0,1,0],[52,79,209]]
[[0,0,0],[1,0,0],[0,1,0],[12,82,209]]
[[0,0,0],[1,0,0],[0,1,0],[26,96,209]]
[[0,0,0],[1,0,0],[0,1,0],[99,166,209]]
[[0,0,0],[1,0,0],[0,1,0],[25,50,209]]
[[0,0,0],[1,0,0],[0,1,0],[4,29,209]]
[[0,0,0],[1,0,0],[0,1,0],[53,158,209]]
[[0,0,0],[1,0,0],[0,1,0],[57,1,209]]
[[0,0,0],[1,0,0],[0,1,0],[45,89,209]]
[[0,0,0],[1,0,0],[0,1,0],[6,51,209]]
[[0,0,0],[1,0,0],[0,1,0],[66,155,209]]
[[0,0,0],[1,0,0],[0,1,0],[5,35,209]]
[[0,0,0],[1,0,0],[0,1,0],[3,9,209]]
[[0,0,0],[1,0,0],[0,1,0],[6,84,209]]
[[0,0,0],[1,0,0],[0,1,0],[25,195,209]]
[[0,0,0],[1,0,0],[0,1,0],[18,72,209]]
[[0,0,0],[1,0,0],[0,1,0],[17,20,209]]
[[0,0,0],[1,0,0],[0,1,0],[54,145,209]]
[[0,0,0],[1,0,0],[0,1,0],[23,83,209]]
[[0,0,0],[1,0,0],[0,1,0],[39,75,209]]
[[0,0,0],[1,0,0],[0,1,0],[5,148,209]]
[[0,0,0],[1,0,0],[0,1,0],[59,206,209]]
[[0,0,0],[1,0,0],[0,1,0],[7,31,209]]
[[0,0,0],[1,0,0],[0,1,0],[14,51,209]]
[[0,0,0],[1,0,0],[0,1,0],[17,40,209]]
[[0,0,0],[1,0,0],[0,1,0],[10,75,209]]
[[0,0,0],[1,0,0],[0,1,0],[14,177,209]]
[[0,0,0],[1,0,0],[0,1,0],[5,27,209]]
[[0,0,0],[1,0,0],[0,1,0],[4,31,209]]
[[0,0,0],[1,0,0],[0,1,0],[13,74,209]]
[[0,0,0],[1,0,0],[0,1,0],[34,188,209]]
[[0,0,0],[1,0,0],[0,1,0],[9,39,209]]
[[0,0,0],[1,0,0],[0,1,0],[55,79,209]]
[[0,0,0],[1,0,0],[0,1,0],[25,207,209]]
[[0,0,0],[1,0,0],[0,1,0],[91,195,209]]
[[0,0,0],[1,0,0],[0,1,0],[45,127,209]]
[[0,0,0],[1,0,0],[0,1,0],[28,84,209]]
[[0,0,0],[1,0,0],[0,1,0],[20,60,209]]
[[0,0,0],[1,0,0],[0,1,0],[68,131,209]]
[[0,0,0],[1,0,0],[0,1,0],[17,37,209]]
[[0,0,0],[1,0,0],[0,1,0],[58,75,209]]
[[0,0,0],[1,0,0],[0,1,0],[28,106,209]]
[[0,0,0],[1,0,0],[0,1,0],[56,58,209]]
[[0,0,0],[1,0,0],[0,1,0],[85,137,209]]
[[0,0,0],[1,0,0],[0,1,0],[20,191,209]]
[[0,0,0],[1,0,0],[0,1,0],[1,10,209]]
[[0,0,0],[1,0,0],[0,1,0],[24,43,209]]
[[0,0,0],[1,0,0],[0,1,0],[7,63,209]]
[[0,0,0],[1,0,0],[0,1,0],[17,53,209]]
[[0,0,0],[1,0,0],[0,1,0],[62,73,209]]
[[0,0,0],[1,0,0],[0,1,0],[4,54,209]]
[[0,0,0],[1,0,0],[0,1,0],[9,163,209]]
[[0,0,0],[1,0,0],[0,1,0],[28,160,209]]
[[0,0,0],[1,0,0],[0,1,0],[86,86,209]]
[[0,0,0],[1,0,0],[0,1,0],[1,20,209]]
[[0,0,0],[1,0,0],[0,1,0],[13,59,209]]
[[0,0,0],[1,0,0],[0,1,0],[8,96,209]]
[[0,0,0],[1,0,0],[0,1,0],[4,62,209]]
[[0,0,0],[1,0,0],[0,1,0],[7,37,209]]
[[0,0,0],[1,0,0],[0,1,0],[20,53,209]]
[[0,0,0],[1,0,0],[0,1,0],[28,68,209]]
[[0,0,0],[1,0,0],[0,1,0],[53,119,209]]
[[0,0,0],[1,0,0],[0,1,0],[16,74,209]]
[[0,0,0],[1,0,0],[0,1,0],[80,168,209]]
[[0,0,0],[1,0,0],[0,1,0],[1,84,209]]
[[0,0,0],[1,0,0],[0,1,0],[18,115,209]]
[[0,0,0],[1,0,0],[0,1,0],[63,81,209]]
[[0,0,0],[1,0,0],[0,1,0],[9,86,209]]
[[0,0,0],[1,0,0],[0,1,0],[0,1,209]]
[[0,0,0],[1,0,0],[0,1,0],[9,36,209]]
[[0,0,0],[1,0,0],[0,1,0],[29,34,209]]
[[0,0,0],[1,0,0],[0,1,0],[9,168,209]]
[[0,0,0],[1,0,0],[0,1,0],[20,65,209]]
[[0,0,0],[1,0,0],[0,1,0],[26,108,209]]
[[0,0,0],[1,0,0],[0,1,0],[10,73,209]]
[[0,0,0],[1,0,0],[0,1,0],[6,31,209]]
[[0,0,0],[1,0,0],[0,1,0],[68,197,209]]
[[0,0,0],[1,0,0],[0,1,0],[45,79,209]]
[[0,0,0],[1,0,0],[0,1,0],[74,125,209]]
[[0,0,0],[1,0,0],[0,1,0],[20,84,209]]
[[0,0,0],[1,0,0],[0,1,0],[27,73,209]]
[[0,0,0],[1,0,0],[0,1,0],[38,1,209]]
[[0,0,0],[1,0,0],[0,1,0],[10,54,209]]
[[0,0,0],[1,0,0],[0,1,0],[24,79,209]]
[[0,0,0],[1,0,0],[0,1,0],[18,71,209]]
[[0,0,0],[1,0,0],[0,1,0],[7,68,209]]
[[0,0,0],[1,0,0],[0,1,0],[14,45,209]]
[[0,0,0],[1,0,0],[0,1,0],[3,17,209]]
[[0,0,0],[1,0,0],[0,1,0],[7,81,209]]
[[0,0,0],[1,0,0],[0,1,0],[67,148,209]]
[[0,0,0],[1,0,0],[0,1,0],[18,48,209]]
[[0,0,0],[1,0,0],[0,1,0],[2,58,209]]
[[0,0,0],[1,0,0],[0,1,0],[84,192,209]]
[[0,0,0],[1,0,0],[0,1,0],[13,69,209]]
[[0,0,0],[1,0,0],[0,1,0],[27,126,209]]
[[0,0,0],[1,0,0],[0,1,0],[4,39,209]]
[[0,0,0],[1,0,0],[0,1,0],[110,24,209]]
[[0,0,0],[1,0,0],[0,1,0],[27,43,209]]
[[0,0,0],[1,0,0],[0,1,0],[7,74,209]]
[[0,0,0],[1,0,0],[0,1,0],[2,61,209]]
[[0,0,0],[1,0,0],[0,1,0],[10,58,209]]
[[0,0,0],[1,0,0],[0,1,0],[25,141,209]]
[[0,0,0],[1,0,0],[0,1,0],[23,46,209]]
[[0,0,0],[1,0,0],[0,1,0],[2,80,209]]
[[0,0,0],[1,0,0],[0,1,0],[1,25,209]]
[[0,0,0],[1,0,0],[0,1,0],[34,34,209]]
[[0,0,0],[1,0,0],[0,1,0],[29,51,209]]
[[0,0,0],[1,0,0],[0,1,0],[87,101,209]]
[[0,0,0],[1,0,0],[0,1,0],[2,85,209]]
[[0,0,0],[1,0,0],[0,1,0],[28,28,209]]
[[0,0,0],[1,0,0],[0,1,0],[28,87,209]]
[[0,0,0],[1,0,0],[0,1,0],[14,26,209]]
[[0,0,0],[1,0,0],[0,1,0],[14,81,209]]
[[0,0,0],[1,0,0],[0,1,0],[4,173,209]]
[[0,0,0],[1,0,0],[0,1,0],[34,56,209]]
[[0,0,0],[1,0,0],[0,1,0],[88,8,209]]
[[0,0,0],[1,0,0],[0,1,0],[17,67,209]]
[[0,0,0],[1,0,0],[0,1,0],[79,150,209]]
[[0,0,0],[1,0,0],[0,1,0],[84,159,209]]
[[0,0,0],[1,0,0],[0,1,0],[37,206,209]]
[[0,0,0],[1,0,0],[0,1,0],[119,148,209]]
