[[0,0,0],[1,0,0],[0,1,0],[12,13,21]]
[[0,0,0],[1,0,0],[0,1,0],[3,1,21]]
[[0,0,0],[1,0,0],[0,1,0],[2,2,21]]
[[0,0,0],[1,0,0],[0,1,0],[2,13,21]]
[[0,0,0],[1,0,0],[0,1,0],[2,11,21]]
[[0,0,0],[1,0,0],[0,1,0],[6,4,21]]
[[0,0,0],[1,0,0],[0,1,0],[2,20,21]]
[[0,0,0],[1,0,0],[0,1,0],[5,17,21]]
[[0,0,0],[1,0,0],[0,1,0],[3,12,21]]
[[0,0,0],[1,0,0],[0,1,0],[3,10,21]]
[[0,0,0],[1,0,0],[0,1,0],[2,8,21]]
[[0,0,0],[1,0,0],[0,1,0],[9,20,21]]
[[0,0,0],[1,0,0],[0,1,0],[4,4,21]]
[[0,0,0],[1,0,0],[0,1,0],[1,4,21]]
[[0,0,0],[1,0,0],[0,1,0],[3,13,21]]
[[0,0,0],[1,0,0],[0,1,0],[5,5,21]]
[[0,0,0],[1,0,0],[0,1,0],[18,18,21]]
[[0,0,0],[1,0,0],[0,1,0],[3,5,21]]
[[0,0,0],[1,0,0],[0,1,0],[20,20,21]]
[[0,0,0],[1,0,0],[0,1,0],[9,13,21]]
[[0,0,0],[1,0,0],[0,1,0],[7,1,21]]
[[0,0,0],[1,0,0],[0,1,0],[5,19,21]]
[[0,0,0],[1,0,0],[0,1,0],[2,10,21]]
[[0,0,0],[1,0,0],[0,1,0],[1,8,21]]
[[0,0,0],[1,0,0],[0,1,0],[2,4,21]]
[[0,0,0],[1,0,0],[0,1,0],[6,2,21]]
[[0,0,0],[1,0,0],[0,1,0],[6,16,21]]
[[0,0,0],[1,0,0],[0,1,0],[6,10,21]]
[[0,0,0],[1,0,0],[0,1,0],[9,19,21]]
[[0,0,0],[1,0,0],[0,1,0],[3,4,21]]
[[0,0,0],[3,0,0],[0,1,0],[0,1,7]]
[[0,0,0],[1,0,0],[0,1,0],[7,8,21]]
[[0,0,0],[1,0,0],[0,1,0],[15,13,21]]
[[0,0,0],[1,0,0],[0,1,0],[4,8,21]]
[[0,0,0],[1,0,0],[0,1,0],[5,10,21]]
[[0,0,0],[1,0,0],[0,1,0],[3,19,21]]
[[0,0,0],[1,0,0],[0,1,0],[1,2,21]]
[[0,0,0],[1,0,0],[0,1,0],[6,9,21]]
[[0,0,0],[1,0,0],[0,1,0],[0,1,21]]
[[0,0,0],[1,0,0],[0,1,0],[14,8,21]]
[[0,0,0],[1,0,0],[0,1,0],[7,15,21]]
[[0,0,0],[1,0,0],[0,1,0],[6,1,21]]
[[0,0,0],[1,0,0],[0,1,0],[1,1,21]]
[[0,0,0],[1,0,0],[0,1,0],[8,8,21]]
[[0,0,0],[1,0,0],[0,1,0],[3,16,21]]
[[0,0,0],[1,0,0],[0,1,0],[5,20,21]]
[[0,0,0],[1,0,0],[0,1,0],[2,5,21]]
[[0,0,0],[1,0,0],[0,1,0],[9,1,21]]
[[0,0,0],[1,0,0],[0,1,0],[14,15,21]]
