[[0,0,0],[1,0,0],[0,1,0],[12,13,22]]
[[0,0,0],[1,0,0],[0,1,0],[8,5,22]]
[[0,0,0],[1,0,0],[0,1,0],[1,3,22]]
[[0,0,0],[1,0,0],[0,1,0],[8,15,22]]
[[0,0,0],[1,0,0],[0,1,0],[6,3,22]]
[[0,0,0],[1,0,0],[0,1,0],[2,7,22]]
[[0,0,0],[1,0,0],[0,1,0],[2,13,22]]
[[0,0,0],[1,0,0],[0,1,0],[4,19,22]]
[[0,0,0],[1,0,0],[0,1,0],[8,3,22]]
[[0,0,0],[1,0,0],[0,1,0],[14,9,22]]
[[0,0,0],[1,0,0],[0,1,0],[10,21,22]]
[[0,0,0],[1,0,0],[0,1,0],[6,17,22]]
[[0,0,0],[1,0,0],[0,1,0],[2,15,22]]
[[0,0,0],[1,0,0],[0,1,0],[12,21,22]]
[[0,0,0],[1,0,0],[0,1,0],[11,12,22]]
[[0,0,0],[1,0,0],[0,1,0],[2,9,22]]
[[0,0,0],[1,0,0],[0,1,0],[16,18,22]]
[[0,0,0],[1,0,0],[0,1,0],[2,19,22]]
[[0,0,0],[1,0,0],[0,1,0],[4,5,22]]
[[0,0,0],[1,0,0],[0,1,0],[11,1,22]]
[[0,0,0],[2,0,0],[0,1,0],[0,1,11]]
[[0,0,0],[1,0,0],[0,1,0],[3,5,22]]
[[0,0,0],[1,0,0],[0,1,0],[2,17,22]]
[[0,0,0],[1,0,0],[0,1,0],[4,1,22]]
[[0,0,0],[1,0,0],[0,1,0],[13,21,22]]
[[0,0,0],[1,0,0],[0,1,0],[2,3,22]]
[[0,0,0],[1,0,0],[0,1,0],[18,9,22]]
[[0,0,0],[1,0,0],[0,1,0],[2,1,22]]
[[0,0,0],[1,0,0],[0,1,0],[6,7,22]]
[[0,0,0],[1,0,0],[0,1,0],[10,1,22]]
[[0,0,0],[1,0,0],[0,1,0],[8,21,22]]
[[0,0,0],[1,0,0],[0,1,0],[4,13,22]]
[[0,0,0],[1,0,0],[0,1,0],[4,15,22]]
[[0,0,0],[1,0,0],[0,1,0],[3,21,22]]
[[0,0,0],[1,0,0],[0,1,0],[2,21,22]]
[[0,0,0],[1,0,0],[0,1,0],[5,9,22]]
[[0,0,0],[1,0,0],[0,1,0],[6,21,22]]
[[0,0,0],[1,0,0],[0,1,0],[10,19,22]]
[[0,0,0],[1,0,0],[0,1,0],[3,9,22]]
[[0,0,0],[1,0,0],[0,1,0],[2,10,22]]
[[0,0,0],[1,0,0],[0,1,0],[8,1,22]]
[[0,0,0],[1,0,0],[0,1,0],[4,8,22]]
[[0,0,0],[1,0,0],[0,1,0],[1,5,22]]
[[0,0,0],[1,0,0],[0,1,0],[4,7,22]]
[[0,0,0],[1,0,0],[0,1,0],[6,1,22]]
[[0,0,0],[1,0,0],[0,1,0],[0,1,22]]
[[0,0,0],[1,0,0],[0,1,0],[3,3,22]]
[[0,0,0],[1,0,0],[0,1,0],[7,17,22]]
[[0,0,0],[1,0,0],[0,1,0],[1,1,22]]
[[0,0,0],[1,0,0],[0,1,0],[2,5,22]]
[[0,0,0],[1,0,0],[0,1,0],[14,17,22]]
[[0,0,0],[1,0,0],[0,1,0],[4,21,22]]
[[0,0,0],[1,0,0],[0,1,0],[14,20,22]]
[[0,0,0],[1,0,0],[0,1,0],[6,6,22]]
