[[0,0,0],[1,0,0],[0,1,0],[3,107,239]]
[[0,0,0],[1,0,0],[0,1,0],[23,46,239]]
[[0,0,0],[1,0,0],[0,1,0],[44,73,239]]
[[0,0,0],[1,0,0],[0,1,0],[38,94,239]]
[[0,0,0],[1,0,0],[0,1,0],[23,62,239]]
[[0,0,0],[1,0,0],[0,1,0],[39,73,239]]
[[0,0,0],[1,0,0],[0,1,0],[49,210,239]]
[[0,0,0],[1,0,0],[0,1,0],[19,88,239]]
[[0,0,0],[1,0,0],[0,1,0],[4,101,239]]
[[0,0,0],[1,0,0],[0,1,0],[15,226,239]]
[[0,0,0],[1,0,0],[0,1,0],[1,25,239]]
[[0,0,0],[1,0,0],[0,1,0],[1,32,239]]
[[0,0,0],[1,0,0],[0,1,0],[5,39,239]]
[[0,0,0],[1,0,0],[0,1,0],[8,22,239]]
[[0,0,0],[1,0,0],[0,1,0],[27,105,239]]
[[0,0,0],[1,0,0],[0,1,0],[9,77,239]]
[[0,0,0],[1,0,0],[0,1,0],[3,5,239]]
[[0,0,0],[1,0,0],[0,1,0],[36,98,239]]
[[0,0,0],[1,0,0],[0,1,0],[3,20,239]]
[[0,0,0],[1,0,0],[0,1,0],[36,78,239]]
[[0,0,0],[1,0,0],[0,1,0],[112,161,239]]
[[0,0,0],[1,0,0],[0,1,0],[7,107,239]]
[[0,0,0],[1,0,0],[0,1,0],[22,68,239]]
[[0,0,0],[1,0,0],[0,1,0],[36,55,239]]
[[0,0,0],[1,0,0],[0,1,0],[14,68,239]]
[[0,0,0],[1,0,0],[0,1,0],[14,81,239]]
[[0,0,0],[1,0,0],[0,1,0],[12,90,239]]
[[0,0,0],[1,0,0],[0,1,0],[25,99,239]]
[[0,0,0],[1,0,0],[0,1,0],[18,21,239]]
[[0,0,0],[1,0,0],[0,1,0],[12,79,239]]
[[0,0,0],[1,0,0],[0,1,0],[19,71,239]]
[[0,0,0],[1,0,0],[0,1,0],[19,108,239]]
[[0,0,0],[1,0,0],[0,1,0],[13,29,239]]
[[0,0,0],[1,0,0],[0,1,0],[19,21,239]]
[[0,0,0],[1,0,0],[0,1,0],[51,82,239]]
[[0,0,0],[1,0,0],[0,1,0],[3,36,239]]
[[0,0,0],[1,0,0],[0,1,0],[43,215,239]]
[[0,0,0],[1,0,0],[0,1,0],[65,185,239]]
[[0,0,0],[1,0,0],[0,1,0],[86,177,239]]
[[0,0,0],[1,0,0],[0,1,0],[7,73,239]]
[[0,0,0],[1,0,0],[0,1,0],[26,103,239]]
[[0,0,0],[1,0,0],[0,1,0],[43,51,239]]
[[0,0,0],[1,0,0],[0,1,0],[28,34,239]]
[[0,0,0],[1,0,0],[0,1,0],[45,213,239]]
[[0,0,0],[1,0,0],[0,1,0],[2,8,239]]
[[0,0,0],[1,0,0],[0,1,0],[26,104,239]]
[[0,0,0],[1,0,0],[0,1,0],[18,35,239]]
[[0,0,0],[1,0,0],[0,1,0],[15,70,239]]
[[0,0,0],[1,0,0],[0,1,0],[49,214,239]]
[[0,0,0],[1,0,0],[0,1,0],[27,226,239]]
[[0,0,0],[1,0,0],[0,1,0],[10,13,239]]
[[0,0,0],[1,0,0],[0,1,0],[2,34,239]]
[[0,0,0],[1,0,0],[0,1,0],[5,33,239]]
[[0,0,0],[1,0,0],[0,1,0],[19,45,239]]
[[0,0,0],[1,0,0],[0,1,0],[44,97,239]]
[[0,0,0],[1,0,0],[0,1,0],[11,66,239]]
[[0,0,0],[1,0,0],[0,1,0],[14,112,239]]
[[0,0,0],[1,0,0],[0,1,0],[4,107,239]]
[[0,0,0],[1,0,0],[0,1,0],[10,86,239]]
[[0,0,0],[1,0,0],[0,1,0],[19,75,239]]
[[0,0,0],[1,0,0],[0,1,0],[11,29,239]]
[[0,0,0],[1,0,0],[0,1,0],[2,5,239]]
[[0,0,0],[1,0,0],[0,1,0],[21,36,239]]
[[0,0,0],[1,0,0],[0,1,0],[37,39,239]]
[[0,0,0],[1,0,0],[0,1,0],[88,172,239]]
[[0,0,0],[1,0,0],[0,1,0],[56,204,239]]
[[0,0,0],[1,0,0],[0,1,0],[14,86,239]]
[[0,0,0],[1,0,0],[0,1,0],[23,86,239]]
[[0,0,0],[1,0,0],[0,1,0],[9,56,239]]
[[0,0,0],[1,0,0],[0,1,0],[15,110,239]]
[[0,0,0],[1,0,0],[0,1,0],[26,34,239]]
[[0,0,0],[1,0,0],[0,1,0],[6,71,239]]
[[0,0,0],[1,0,0],[0,1,0],[7,84,239]]
[[0,0,0],[1,0,0],[0,1,0],[3,106,239]]
[[0,0,0],[1,0,0],[0,1,0],[32,103,239]]
[[0,0,0],[1,0,0],[0,1,0],[21,96,239]]
[[0,0,0],[1,0,0],[0,1,0],[3,99,239]]
[[0,0,0],[1,0,0],[0,1,0],[82,164,239]]
[[0,0,0],[1,0,0],[0,1,0],[10,108,239]]
[[0,0,0],[1,0,0],[0,1,0],[14,74,239]]
[[0,0,0],[1,0,0],[0,1,0],[7,45,239]]
[[0,0,0],[1,0,0],[0,1,0],[11,230,239]]
[[0,0,0],[1,0,0],[0,1,0],[15,232,239]]
[[0,0,0],[1,0,0],[0,1,0],[43,95,239]]
[[0,0,0],[1,0,0],[0,1,0],[4,36,239]]
[[0,0,0],[1,0,0],[0,1,0],[56,199,239]]
[[0,0,0],[1,0,0],[0,1,0],[12,41,239]]
[[0,0,0],[1,0,0],[0,1,0],[6,100,239]]
[[0,0,0],[1,0,0],[0,1,0],[18,103,239]]
[[0,0,0],[1,0,0],[0,1,0],[3,75,239]]
[[0,0,0],[1,0,0],[0,1,0],[1,77,239]]
[[0,0,0],[1,0,0],[0,1,0],[13,95,239]]
[[0,0,0],[1,0,0],[0,1,0],[36,42,239]]
[[0,0,0],[1,0,0],[0,1,0],[4,75,239]]
[[0,0,0],[1,0,0],[0,1,0],[18,52,239]]
[[0,0,0],[1,0,0],[0,1,0],[37,73,239]]
[[0,0,0],[1,0,0],[0,1,0],[2,38,239]]
[[0,0,0],[1,0,0],[0,1,0],[1,7,239]]
[[0,0,0],[1,0,0],[0,1,0],[4,20,239]]
[[0,0,0],[1,0,0],[0,1,0],[25,221,239]]
[[0,0,0],[1,0,0],[0,1,0],[104,139,239]]
[[0,0,0],[1,0,0],[0,1,0],[7,33,239]]
[[0,0,0],[1,0,0],[0,1,0],[2,97,239]]
[[0,0,0],[1,0,0],[0,1,0],[32,37,239]]
[[0,0,0],[1,0,0],[0,1,0],[56,208,239]]
[[0,0,0],[1,0,0],[0,1,0],[32,56,239]]
[[0,0,0],[1,0,0],[0,1,0],[15,33,239]]
[[0,0,0],[1,0,0],[0,1,0],[29,56,239]]
[[0,0,0],[1,0,0],[0,1,0],[57,210,239]]
[[0,0,0],[1,0,0],[0,1,0],[26,221,239]]
[[0,0,0],[1,0,0],[0,1,0],[36,101,239]]
[[0,0,0],[1,0,0],[0,1,0],[6,81,239]]
[[0,0,0],[1,0,0],[0,1,0],[11,63,239]]
[[0,0,0],[1,0,0],[0,1,0],[10,90,239]]
[[0,0,0],[1,0,0],[0,1,0],[18,34,239]]
[[0,0,0],[1,0,0],[0,1,0],[17,44,239]]
[[0,0,0],[1,0,0],[0,1,0],[14,53,239]]
[[0,0,0],[1,0,0],[0,1,0],[17,68,239]]
[[0,0,0],[1,0,0],[0,1,0],[28,63,239]]
[[0,0,0],[1,0,0],[0,1,0],[45,65,239]]
[[0,0,0],[1,0,0],[0,1,0],[27,213,239]]
[[0,0,0],[1,0,0],[0,1,0],[25,44,239]]
[[0,0,0],[1,0,0],[0,1,0],[29,33,239]]
[[0,0,0],[1,0,0],[0,1,0],[12,228,239]]
[[0,0,0],[1,0,0],[0,1,0],[6,29,239]]
[[0,0,0],[1,0,0],[0,1,0],[7,233,239]]
[[0,0,0],[1,0,0],[0,1,0],[6,8,239]]
[[0,0,0],[1,0,0],[0,1,0],[49,63,239]]
[[0,0,0],[1,0,0],[0,1,0],[8,65,239]]
[[0,0,0],[1,0,0],[0,1,0],[14,65,239]]
[[0,0,0],[1,0,0],[0,1,0],[14,111,239]]
[[0,0,0],[1,0,0],[0,1,0],[96,179,239]]
[[0,0,0],[1,0,0],[0,1,0],[29,55,239]]
[[0,0,0],[1,0,0],[0,1,0],[35,86,239]]
[[0,0,0],[1,0,0],[0,1,0],[82,173,239]]
[[0,0,0],[1,0,0],[0,1,0],[23,81,239]]
[[0,0,0],[1,0,0],[0,1,0],[2,102,239]]
[[0,0,0],[1,0,0],[0,1,0],[38,211,239]]
[[0,0,0],[1,0,0],[0,1,0],[7,51,239]]
[[0,0,0],[1,0,0],[0,1,0],[15,109,239]]
[[0,0,0],[1,0,0],[0,1,0],[55,55,239]]
[[0,0,0],[1,0,0],[0,1,0],[8,52,239]]
[[0,0,0],[1,0,0],[0,1,0],[22,22,239]]
[[0,0,0],[1,0,0],[0,1,0],[49,89,239]]
[[0,0,0],[1,0,0],[0,1,0],[11,232,239]]
[[0,0,0],[1,0,0],[0,1,0],[17,73,239]]
[[0,0,0],[1,0,0],[0,1,0],[10,20,239]]
[[0,0,0],[1,0,0],[0,1,0],[8,30,239]]
[[0,0,0],[1,0,0],[0,1,0],[81,160,239]]
[[0,0,0],[1,0,0],[0,1,0],[15,22,239]]
[[0,0,0],[1,0,0],[0,1,0],[2,30,239]]
[[0,0,0],[1,0,0],[0,1,0],[25,219,239]]
[[0,0,0],[1,0,0],[0,1,0],[55,77,239]]
[[0,0,0],[1,0,0],[0,1,0],[8,54,239]]
[[0,0,0],[1,0,0],[0,1,0],[6,50,239]]
[[0,0,0],[1,0,0],[0,1,0],[4,86,239]]
[[0,0,0],[1,0,0],[0,1,0],[19,42,239]]
[[0,0,0],[1,0,0],[0,1,0],[10,33,239]]
[[0,0,0],[1,0,0],[0,1,0],[19,102,239]]
[[0,0,0],[1,0,0],[0,1,0],[7,18,239]]
[[0,0,0],[1,0,0],[0,1,0],[10,96,239]]
[[0,0,0],[1,0,0],[0,1,0],[13,62,239]]
[[0,0,0],[1,0,0],[0,1,0],[9,107,239]]
[[0,0,0],[1,0,0],[0,1,0],[21,31,239]]
[[0,0,0],[1,0,0],[0,1,0],[15,100,239]]
[[0,0,0],[1,0,0],[0,1,0],[4,84,239]]
[[0,0,0],[1,0,0],[0,1,0],[4,45,239]]
[[0,0,0],[1,0,0],[0,1,0],[43,88,239]]
[[0,0,0],[1,0,0],[0,1,0],[4,46,239]]
[[0,0,0],[1,0,0],[0,1,0],[7,82,239]]
[[0,0,0],[1,0,0],[0,1,0],[25,35,239]]
[[0,0,0],[1,0,0],[0,1,0],[39,82,239]]
[[0,0,0],[1,0,0],[0,1,0],[5,55,239]]
[[0,0,0],[1,0,0],[0,1,0],[5,22,239]]
[[0,0,0],[1,0,0],[0,1,0],[6,75,239]]
[[0,0,0],[1,0,0],[0,1,0],[108,133,239]]
[[0,0,0],[1,0,0],[0,1,0],[5,64,239]]
[[0,0,0],[1,0,0],[0,1,0],[11,26,239]]
[[0,0,0],[1,0,0],[0,1,0],[6,21,239]]
[[0,0,0],[1,0,0],[0,1,0],[12,92,239]]
[[0,0,0],[1,0,0],[0,1,0],[5,75,239]]
[[0,0,0],[1,0,0],[0,1,0],[50,86,239]]
[[0,0,0],[1,0,0],[0,1,0],[2,47,239]]
[[0,0,0],[1,0,0],[0,1,0],[7,85,239]]
[[0,0,0],[1,0,0],[0,1,0],[4,22,239]]
[[0,0,0],[1,0,0],[0,1,0],[7,88,239]]
[[0,0,0],[1,0,0],[0,1,0],[17,226,239]]
[[0,0,0],[1,0,0],[0,1,0],[39,42,239]]
[[0,0,0],[1,0,0],[0,1,0],[19,230,239]]
[[0,0,0],[1,0,0],[0,1,0],[2,43,239]]
[[0,0,0],[1,0,0],[0,1,0],[8,13,239]]
[[0,0,0],[1,0,0],[0,1,0],[44,209,239]]
[[0,0,0],[1,0,0],[0,1,0],[35,67,239]]
[[0,0,0],[1,0,0],[0,1,0],[8,31,239]]
[[0,0,0],[1,0,0],[0,1,0],[38,208,239]]
[[0,0,0],[1,0,0],[0,1,0],[42,214,239]]
[[0,0,0],[1,0,0],[0,1,0],[12,21,239]]
[[0,0,0],[1,0,0],[0,1,0],[27,88,239]]
[[0,0,0],[1,0,0],[0,1,0],[22,35,239]]
[[0,0,0],[1,0,0],[0,1,0],[17,79,239]]
[[0,0,0],[1,0,0],[0,1,0],[29,29,239]]
[[0,0,0],[1,0,0],[0,1,0],[2,66,239]]
[[0,0,0],[1,0,0],[0,1,0],[38,61,239]]
[[0,0,0],[1,0,0],[0,1,0],[9,44,239]]
[[0,0,0],[1,0,0],[0,1,0],[21,69,239]]
[[0,0,0],[1,0,0],[0,1,0],[27,78,239]]
[[0,0,0],[1,0,0],[0,1,0],[9,233,239]]
[[0,0,0],[1,0,0],[0,1,0],[11,101,239]]
[[0,0,0],[1,0,0],[0,1,0],[23,88,239]]
[[0,0,0],[1,0,0],[0,1,0],[25,43,239]]
[[0,0,0],[1,0,0],[0,1,0],[8,34,239]]
[[0,0,0],[1,0,0],[0,1,0],[47,202,239]]
[[0,0,0],[1,0,0],[0,1,0],[34,221,239]]
[[0,0,0],[1,0,0],[0,1,0],[2,84,239]]
[[0,0,0],[1,0,0],[0,1,0],[1,72,239]]
[[0,0,0],[1,0,0],[0,1,0],[11,31,239]]
[[0,0,0],[1,0,0],[0,1,0],[3,43,239]]
[[0,0,0],[1,0,0],[0,1,0],[98,187,239]]
[[0,0,0],[1,0,0],[0,1,0],[45,88,239]]
[[0,0,0],[1,0,0],[0,1,0],[3,61,239]]
[[0,0,0],[1,0,0],[0,1,0],[31,73,239]]
[[0,0,0],[1,0,0],[0,1,0],[17,99,239]]
[[0,0,0],[1,0,0],[0,1,0],[8,103,239]]
[[0,0,0],[1,0,0],[0,1,0],[18,61,239]]
[[0,0,0],[1,0,0],[0,1,0],[29,66,239]]
[[0,0,0],[1,0,0],[0,1,0],[36,71,239]]
[[0,0,0],[1,0,0],[0,1,0],[5,111,239]]
[[0,0,0],[1,0,0],[0,1,0],[26,219,239]]
[[0,0,0],[1,0,0],[0,1,0],[38,47,239]]
[[0,0,0],[1,0,0],[0,1,0],[67,185,239]]
[[0,0,0],[1,0,0],[0,1,0],[10,36,239]]
[[0,0,0],[1,0,0],[0,1,0],[1,28,239]]
[[0,0,0],[1,0,0],[0,1,0],[63,73,239]]
[[0,0,0],[1,0,0],[0,1,0],[14,78,239]]
[[0,0,0],[1,0,0],[0,1,0],[8,116,239]]
[[0,0,0],[1,0,0],[0,1,0],[11,19,239]]
[[0,0,0],[1,0,0],[0,1,0],[32,86,239]]
[[0,0,0],[1,0,0],[0,1,0],[38,63,239]]
[[0,0,0],[1,0,0],[0,1,0],[12,54,239]]
[[0,0,0],[1,0,0],[0,1,0],[13,68,239]]
[[0,0,0],[1,0,0],[0,1,0],[50,61,239]]
[[0,0,0],[1,0,0],[0,1,0],[7,98,239]]
[[0,0,0],[1,0,0],[0,1,0],[23,89,239]]
[[0,0,0],[1,0,0],[0,1,0],[42,97,239]]
[[0,0,0],[1,0,0],[0,1,0],[6,70,239]]
[[0,0,0],[1,0,0],[0,1,0],[9,83,239]]
[[0,0,0],[1,0,0],[0,1,0],[9,99,239]]
[[0,0,0],[1,0,0],[0,1,0],[31,77,239]]
[[0,0,0],[1,0,0],[0,1,0],[2,10,239]]
[[0,0,0],[1,0,0],[0,1,0],[36,90,239]]
[[0,0,0],[1,0,0],[0,1,0],[21,224,239]]
[[0,0,0],[1,0,0],[0,1,0],[25,25,239]]
[[0,0,0],[1,0,0],[0,1,0],[3,40,239]]
[[0,0,0],[1,0,0],[0,1,0],[31,85,239]]
[[0,0,0],[1,0,0],[0,1,0],[29,90,239]]
[[0,0,0],[1,0,0],[0,1,0],[8,113,239]]
[[0,0,0],[1,0,0],[0,1,0],[39,67,239]]
[[0,0,0],[1,0,0],[0,1,0],[35,41,239]]
[[0,0,0],[1,0,0],[0,1,0],[7,71,239]]
[[0,0,0],[1,0,0],[0,1,0],[2,54,239]]
[[0,0,0],[1,0,0],[0,1,0],[53,197,239]]
[[0,0,0],[1,0,0],[0,1,0],[2,45,239]]
[[0,0,0],[1,0,0],[0,1,0],[22,56,239]]
[[0,0,0],[1,0,0],[0,1,0],[14,230,239]]
[[0,0,0],[1,0,0],[0,1,0],[45,197,239]]
[[0,0,0],[1,0,0],[0,1,0],[29,216,239]]
[[0,0,0],[1,0,0],[0,1,0],[13,89,239]]
[[0,0,0],[1,0,0],[0,1,0],[35,214,239]]
[[0,0,0],[1,0,0],[0,1,0],[19,63,239]]
[[0,0,0],[1,0,0],[0,1,0],[5,94,239]]
[[0,0,0],[1,0,0],[0,1,0],[13,39,239]]
[[0,0,0],[1,0,0],[0,1,0],[15,37,239]]
[[0,0,0],[1,0,0],[0,1,0],[3,71,239]]
[[0,0,0],[1,0,0],[0,1,0],[43,78,239]]
[[0,0,0],[1,0,0],[0,1,0],[10,56,239]]
[[0,0,0],[1,0,0],[0,1,0],[64,194,239]]
[[0,0,0],[1,0,0],[0,1,0],[2,35,239]]
[[0,0,0],[1,0,0],[0,1,0],[5,110,239]]
[[0,0,0],[1,0,0],[0,1,0],[10,230,239]]
[[0,0,0],[1,0,0],[0,1,0],[66,174,239]]
[[0,0,0],[1,0,0],[0,1,0],[23,217,239]]
[[0,0,0],[1,0,0],[0,1,0],[7,39,239]]
[[0,0,0],[1,0,0],[0,1,0],[11,90,239]]
[[0,0,0],[1,0,0],[0,1,0],[12,98,239]]
[[0,0,0],[1,0,0],[0,1,0],[18,79,239]]
[[0,0,0],[1,0,0],[0,1,0],[9,95,239]]
[[0,0,0],[1,0,0],[0,1,0],[44,204,239]]
[[0,0,0],[1,0,0],[0,1,0],[2,107,239]]
[[0,0,0],[1,0,0],[0,1,0],[19,99,239]]
[[0,0,0],[1,0,0],[0,1,0],[22,78,239]]
[[0,0,0],[1,0,0],[0,1,0],[18,68,239]]
[[0,0,0],[1,0,0],[0,1,0],[6,54,239]]
[[0,0,0],[1,0,0],[0,1,0],[3,31,239]]
[[0,0,0],[1,0,0],[0,1,0],[8,73,239]]
[[0,0,0],[1,0,0],[0,1,0],[31,54,239]]
[[0,0,0],[1,0,0],[0,1,0],[1,21,239]]
[[0,0,0],[1,0,0],[0,1,0],[21,46,239]]
[[0,0,0],[1,0,0],[0,1,0],[8,26,239]]
[[0,0,0],[1,0,0],[0,1,0],[9,52,239]]
[[0,0,0],[1,0,0],[0,1,0],[21,27,239]]
[[0,0,0],[1,0,0],[0,1,0],[39,63,239]]
[[0,0,0],[1,0,0],[0,1,0],[66,182,239]]
[[0,0,0],[1,0,0],[0,1,0],[12,93,239]]
[[0,0,0],[1,0,0],[0,1,0],[6,36,239]]
[[0,0,0],[1,0,0],[0,1,0],[15,45,239]]
[[0,0,0],[1,0,0],[0,1,0],[11,32,239]]
[[0,0,0],[1,0,0],[0,1,0],[22,99,239]]
[[0,0,0],[1,0,0],[0,1,0],[4,95,239]]
[[0,0,0],[1,0,0],[0,1,0],[10,35,239]]
[[0,0,0],[1,0,0],[0,1,0],[2,21,239]]
[[0,0,0],[1,0,0],[0,1,0],[11,58,239]]
[[0,0,0],[1,0,0],[0,1,0],[2,36,239]]
[[0,0,0],[1,0,0],[0,1,0],[11,75,239]]
[[0,0,0],[1,0,0],[0,1,0],[2,101,239]]
[[0,0,0],[1,0,0],[0,1,0],[57,67,239]]
[[0,0,0],[1,0,0],[0,1,0],[6,32,239]]
[[0,0,0],[1,0,0],[0,1,0],[35,50,239]]
[[0,0,0],[1,0,0],[0,1,0],[21,66,239]]
[[0,0,0],[1,0,0],[0,1,0],[5,83,239]]
[[0,0,0],[1,0,0],[0,1,0],[12,114,239]]
[[0,0,0],[1,0,0],[0,1,0],[6,82,239]]
[[0,0,0],[1,0,0],[0,1,0],[4,83,239]]
[[0,0,0],[1,0,0],[0,1,0],[32,214,239]]
[[0,0,0],[1,0,0],[0,1,0],[6,235,239]]
[[0,0,0],[1,0,0],[0,1,0],[4,25,239]]
[[0,0,0],[1,0,0],[0,1,0],[19,78,239]]
[[0,0,0],[1,0,0],[0,1,0],[5,106,239]]
[[0,0,0],[1,0,0],[0,1,0],[28,102,239]]
[[0,0,0],[1,0,0],[0,1,0],[11,11,239]]
[[0,0,0],[1,0,0],[0,1,0],[17,231,239]]
[[0,0,0],[1,0,0],[0,1,0],[2,14,239]]
[[0,0,0],[1,0,0],[0,1,0],[37,57,239]]
[[0,0,0],[1,0,0],[0,1,0],[12,75,239]]
[[0,0,0],[1,0,0],[0,1,0],[3,96,239]]
[[0,0,0],[1,0,0],[0,1,0],[5,77,239]]
[[0,0,0],[1,0,0],[0,1,0],[6,69,239]]
[[0,0,0],[1,0,0],[0,1,0],[18,26,239]]
[[0,0,0],[1,0,0],[0,1,0],[12,53,239]]
[[0,0,0],[1,0,0],[0,1,0],[7,28,239]]
[[0,0,0],[1,0,0],[0,1,0],[8,43,239]]
[[0,0,0],[1,0,0],[0,1,0],[10,10,239]]
[[0,0,0],[1,0,0],[0,1,0],[38,74,239]]
[[0,0,0],[1,0,0],[0,1,0],[17,57,239]]
[[0,0,0],[1,0,0],[0,1,0],[14,54,239]]
[[0,0,0],[1,0,0],[0,1,0],[17,91,239]]
[[0,0,0],[1,0,0],[0,1,0],[5,45,239]]
[[0,0,0],[1,0,0],[0,1,0],[36,58,239]]
[[0,0,0],[1,0,0],[0,1,0],[13,31,239]]
[[0,0,0],[1,0,0],[0,1,0],[11,72,239]]
[[0,0,0],[1,0,0],[0,1,0],[4,110,239]]
[[0,0,0],[1,0,0],[0,1,0],[43,56,239]]
[[0,0,0],[1,0,0],[0,1,0],[43,57,239]]
[[0,0,0],[1,0,0],[0,1,0],[29,211,239]]
[[0,0,0],[1,0,0],[0,1,0],[7,56,239]]
[[0,0,0],[1,0,0],[0,1,0],[1,18,239]]
[[0,0,0],[1,0,0],[0,1,0],[43,207,239]]
[[0,0,0],[1,0,0],[0,1,0],[12,111,239]]
[[0,0,0],[1,0,0],[0,1,0],[3,19,239]]
[[0,0,0],[1,0,0],[0,1,0],[103,142,239]]
[[0,0,0],[1,0,0],[0,1,0],[6,74,239]]
[[0,0,0],[1,0,0],[0,1,0],[17,25,239]]
[[0,0,0],[1,0,0],[0,1,0],[13,94,239]]
[[0,0,0],[1,0,0],[0,1,0],[112,139,239]]
[[0,0,0],[1,0,0],[0,1,0],[11,69,239]]
[[0,0,0],[1,0,0],[0,1,0],[10,87,239]]
[[0,0,0],[1,0,0],[0,1,0],[8,114,239]]
[[0,0,0],[1,0,0],[0,1,0],[50,75,239]]
[[0,0,0],[1,0,0],[0,1,0],[37,208,239]]
[[0,0,0],[1,0,0],[0,1,0],[9,102,239]]
[[0,0,0],[1,0,0],[0,1,0],[29,75,239]]
[[0,0,0],[1,0,0],[0,1,0],[11,113,239]]
[[0,0,0],[1,0,0],[0,1,0],[18,47,239]]
[[0,0,0],[1,0,0],[0,1,0],[38,45,239]]
[[0,0,0],[1,0,0],[0,1,0],[61,64,239]]
[[0,0,0],[1,0,0],[0,1,0],[36,64,239]]
[[0,0,0],[1,0,0],[0,1,0],[12,20,239]]
[[0,0,0],[1,0,0],[0,1,0],[58,67,239]]
[[0,0,0],[1,0,0],[0,1,0],[56,65,239]]
[[0,0,0],[1,0,0],[0,1,0],[2,24,239]]
[[0,0,0],[1,0,0],[0,1,0],[10,104,239]]
[[0,0,0],[1,0,0],[0,1,0],[5,79,239]]
[[0,0,0],[1,0,0],[0,1,0],[3,7,239]]
[[0,0,0],[1,0,0],[0,1,0],[18,74,239]]
[[0,0,0],[1,0,0],[0,1,0],[23,44,239]]
[[0,0,0],[1,0,0],[0,1,0],[44,86,239]]
[[0,0,0],[1,0,0],[0,1,0],[25,68,239]]
[[0,0,0],[1,0,0],[0,1,0],[59,199,239]]
[[0,0,0],[1,0,0],[0,1,0],[15,25,239]]
[[0,0,0],[1,0,0],[0,1,0],[17,97,239]]
[[0,0,0],[1,0,0],[0,1,0],[42,96,239]]
[[0,0,0],[1,0,0],[0,1,0],[9,32,239]]
[[0,0,0],[1,0,0],[0,1,0],[35,97,239]]
[[0,0,0],[1,0,0],[0,1,0],[42,202,239]]
[[0,0,0],[1,0,0],[0,1,0],[10,98,239]]
[[0,0,0],[1,0,0],[0,1,0],[22,223,239]]
[[0,0,0],[1,0,0],[0,1,0],[50,58,239]]
[[0,0,0],[1,0,0],[0,1,0],[6,39,239]]
[[0,0,0],[1,0,0],[0,1,0],[3,6,239]]
[[0,0,0],[1,0,0],[0,1,0],[15,42,239]]
[[0,0,0],[1,0,0],[0,1,0],[27,33,239]]
[[0,0,0],[1,0,0],[0,1,0],[2,91,239]]
[[0,0,0],[1,0,0],[0,1,0],[3,45,239]]
[[0,0,0],[1,0,0],[0,1,0],[2,100,239]]
[[0,0,0],[1,0,0],[0,1,0],[6,6,239]]
[[0,0,0],[1,0,0],[0,1,0],[31,215,239]]
[[0,0,0],[1,0,0],[0,1,0],[21,229,239]]
[[0,0,0],[1,0,0],[0,1,0],[27,76,239]]
[[0,0,0],[1,0,0],[0,1,0],[10,77,239]]
[[0,0,0],[1,0,0],[0,1,0],[3,90,239]]
[[0,0,0],[1,0,0],[0,1,0],[12,67,239]]
[[0,0,0],[1,0,0],[0,1,0],[49,193,239]]
[[0,0,0],[1,0,0],[0,1,0],[12,39,239]]
[[0,0,0],[1,0,0],[0,1,0],[13,34,239]]
[[0,0,0],[1,0,0],[0,1,0],[5,54,239]]
[[0,0,0],[1,0,0],[0,1,0],[35,53,239]]
[[0,0,0],[1,0,0],[0,1,0],[38,217,239]]
[[0,0,0],[1,0,0],[0,1,0],[22,27,239]]
[[0,0,0],[1,0,0],[0,1,0],[23,49,239]]
[[0,0,0],[1,0,0],[0,1,0],[23,85,239]]
[[0,0,0],[1,0,0],[0,1,0],[4,70,239]]
[[0,0,0],[1,0,0],[0,1,0],[15,52,239]]
[[0,0,0],[1,0,0],[0,1,0],[3,73,239]]
[[0,0,0],[1,0,0],[0,1,0],[55,70,239]]
[[0,0,0],[1,0,0],[0,1,0],[3,74,239]]
[[0,0,0],[1,0,0],[0,1,0],[15,71,239]]
[[0,0,0],[1,0,0],[0,1,0],[7,102,239]]
[[0,0,0],[1,0,0],[0,1,0],[1,35,239]]
[[0,0,0],[1,0,0],[0,1,0],[18,85,239]]
[[0,0,0],[1,0,0],[0,1,0],[7,14,239]]
[[0,0,0],[1,0,0],[0,1,0],[13,101,239]]
[[0,0,0],[1,0,0],[0,1,0],[15,21,239]]
[[0,0,0],[1,0,0],[0,1,0],[10,114,239]]
[[0,0,0],[1,0,0],[0,1,0],[3,66,239]]
[[0,0,0],[1,0,0],[0,1,0],[3,59,239]]
[[0,0,0],[1,0,0],[0,1,0],[7,77,239]]
[[0,0,0],[1,0,0],[0,1,0],[27,103,239]]
[[0,0,0],[1,0,0],[0,1,0],[43,203,239]]
[[0,0,0],[1,0,0],[0,1,0],[34,214,239]]
[[0,0,0],[1,0,0],[0,1,0],[10,23,239]]
[[0,0,0],[1,0,0],[0,1,0],[43,198,239]]
[[0,0,0],[1,0,0],[0,1,0],[4,105,239]]
[[0,0,0],[1,0,0],[0,1,0],[13,43,239]]
[[0,0,0],[1,0,0],[0,1,0],[35,49,239]]
[[0,0,0],[1,0,0],[0,1,0],[4,10,239]]
[[0,0,0],[1,0,0],[0,1,0],[2,32,239]]
[[0,0,0],[1,0,0],[0,1,0],[23,219,239]]
[[0,0,0],[1,0,0],[0,1,0],[2,6,239]]
[[0,0,0],[1,0,0],[0,1,0],[9,85,239]]
[[0,0,0],[1,0,0],[0,1,0],[59,184,239]]
[[0,0,0],[1,0,0],[0,1,0],[3,8,239]]
[[0,0,0],[1,0,0],[0,1,0],[3,68,239]]
[[0,0,0],[1,0,0],[0,1,0],[57,188,239]]
[[0,0,0],[1,0,0],[0,1,0],[3,65,239]]
[[0,0,0],[1,0,0],[0,1,0],[2,93,239]]
[[0,0,0],[1,0,0],[0,1,0],[29,218,239]]
[[0,0,0],[1,0,0],[0,1,0],[61,65,239]]
[[0,0,0],[1,0,0],[0,1,0],[5,19,239]]
[[0,0,0],[1,0,0],[0,1,0],[23,43,239]]
[[0,0,0],[1,0,0],[0,1,0],[17,75,239]]
[[0,0,0],[1,0,0],[0,1,0],[17,32,239]]
[[0,0,0],[1,0,0],[0,1,0],[5,43,239]]
[[0,0,0],[1,0,0],[0,1,0],[3,63,239]]
[[0,0,0],[1,0,0],[0,1,0],[28,81,239]]
[[0,0,0],[1,0,0],[0,1,0],[21,39,239]]
[[0,0,0],[1,0,0],[0,1,0],[11,104,239]]
[[0,0,0],[1,0,0],[0,1,0],[6,93,239]]
[[0,0,0],[1,0,0],[0,1,0],[23,51,239]]
[[0,0,0],[1,0,0],[0,1,0],[26,76,239]]
[[0,0,0],[1,0,0],[0,1,0],[27,54,239]]
[[0,0,0],[1,0,0],[0,1,0],[17,94,239]]
[[0,0,0],[1,0,0],[0,1,0],[45,69,239]]
[[0,0,0],[1,0,0],[0,1,0],[8,12,239]]
[[0,0,0],[1,0,0],[0,1,0],[38,203,239]]
[[0,0,0],[1,0,0],[0,1,0],[45,203,239]]
[[0,0,0],[1,0,0],[0,1,0],[47,47,239]]
[[0,0,0],[1,0,0],[0,1,0],[23,94,239]]
[[0,0,0],[1,0,0],[0,1,0],[7,21,239]]
[[0,0,0],[1,0,0],[0,1,0],[73,170,239]]
[[0,0,0],[1,0,0],[0,1,0],[2,117,239]]
[[0,0,0],[1,0,0],[0,1,0],[2,76,239]]
[[0,0,0],[1,0,0],[0,1,0],[19,34,239]]
[[0,0,0],[1,0,0],[0,1,0],[47,194,239]]
[[0,0,0],[1,0,0],[0,1,0],[17,63,239]]
[[0,0,0],[1,0,0],[0,1,0],[6,105,239]]
[[0,0,0],[1,0,0],[0,1,0],[7,9,239]]
[[0,0,0],[1,0,0],[0,1,0],[23,106,239]]
[[0,0,0],[1,0,0],[0,1,0],[13,108,239]]
[[0,0,0],[1,0,0],[0,1,0],[9,110,239]]
[[0,0,0],[1,0,0],[0,1,0],[11,47,239]]
[[0,0,0],[1,0,0],[0,1,0],[28,76,239]]
[[0,0,0],[1,0,0],[0,1,0],[47,81,239]]
[[0,0,0],[1,0,0],[0,1,0],[25,86,239]]
[[0,0,0],[1,0,0],[0,1,0],[8,24,239]]
[[0,0,0],[1,0,0],[0,1,0],[7,69,239]]
[[0,0,0],[1,0,0],[0,1,0],[6,101,239]]
[[0,0,0],[1,0,0],[0,1,0],[11,112,239]]
[[0,0,0],[1,0,0],[0,1,0],[6,103,239]]
[[0,0,0],[1,0,0],[0,1,0],[7,25,239]]
[[0,0,0],[1,0,0],[0,1,0],[15,15,239]]
[[0,0,0],[1,0,0],[0,1,0],[3,110,239]]
[[0,0,0],[1,0,0],[0,1,0],[18,90,239]]
[[0,0,0],[1,0,0],[0,1,0],[9,88,239]]
[[0,0,0],[1,0,0],[0,1,0],[14,32,239]]
[[0,0,0],[1,0,0],[0,1,0],[25,27,239]]
[[0,0,0],[1,0,0],[0,1,0],[19,103,239]]
[[0,0,0],[1,0,0],[0,1,0],[28,89,239]]
[[0,0,0],[1,0,0],[0,1,0],[6,42,239]]
[[0,0,0],[1,0,0],[0,1,0],[4,52,239]]
[[0,0,0],[1,0,0],[0,1,0],[27,223,239]]
[[0,0,0],[1,0,0],[0,1,0],[3,54,239]]
[[0,0,0],[1,0,0],[0,1,0],[45,217,239]]
[[0,0,0],[1,0,0],[0,1,0],[11,88,239]]
[[0,0,0],[1,0,0],[0,1,0],[9,21,239]]
[[0,0,0],[1,0,0],[0,1,0],[5,108,239]]
[[0,0,0],[1,0,0],[0,1,0],[13,46,239]]
[[0,0,0],[1,0,0],[0,1,0],[22,36,239]]
[[0,0,0],[1,0,0],[0,1,0],[18,31,239]]
[[0,0,0],[1,0,0],[0,1,0],[51,204,239]]
[[0,0,0],[1,0,0],[0,1,0],[17,77,239]]
[[0,0,0],[1,0,0],[0,1,0],[15,62,239]]
[[0,0,0],[1,0,0],[0,1,0],[27,94,239]]
[[0,0,0],[1,0,0],[0,1,0],[1,12,239]]
[[0,0,0],[1,0,0],[0,1,0],[4,61,239]]
[[0,0,0],[1,0,0],[0,1,0],[2,53,239]]
[[0,0,0],[1,0,0],[0,1,0],[70,176,239]]
[[0,0,0],[1,0,0],[0,1,0],[2,73,239]]
[[0,0,0],[1,0,0],[0,1,0],[6,98,239]]
[[0,0,0],[1,0,0],[0,1,0],[8,67,239]]
[[0,0,0],[1,0,0],[0,1,0],[34,216,239]]
[[0,0,0],[1,0,0],[0,1,0],[47,198,239]]
[[0,0,0],[1,0,0],[0,1,0],[25,97,239]]
[[0,0,0],[1,0,0],[0,1,0],[10,85,239]]
[[0,0,0],[1,0,0],[0,1,0],[8,45,239]]
[[0,0,0],[1,0,0],[0,1,0],[34,39,239]]
[[0,0,0],[1,0,0],[0,1,0],[35,56,239]]
[[0,0,0],[1,0,0],[0,1,0],[15,75,239]]
[[0,0,0],[1,0,0],[0,1,0],[26,45,239]]
[[0,0,0],[1,0,0],[0,1,0],[38,42,239]]
[[0,0,0],[1,0,0],[0,1,0],[8,104,239]]
[[0,0,0],[1,0,0],[0,1,0],[10,50,239]]
[[0,0,0],[1,0,0],[0,1,0],[38,70,239]]
[[0,0,0],[1,0,0],[0,1,0],[2,12,239]]
[[0,0,0],[1,0,0],[0,1,0],[4,23,239]]
[[0,0,0],[1,0,0],[0,1,0],[19,91,239]]
[[0,0,0],[1,0,0],[0,1,0],[49,65,239]]
[[0,0,0],[1,0,0],[0,1,0],[51,64,239]]
[[0,0,0],[1,0,0],[0,1,0],[43,66,239]]
[[0,0,0],[1,0,0],[0,1,0],[38,101,239]]
[[0,0,0],[1,0,0],[0,1,0],[49,212,239]]
[[0,0,0],[1,0,0],[0,1,0],[8,71,239]]
[[0,0,0],[1,0,0],[0,1,0],[9,235,239]]
[[0,0,0],[1,0,0],[0,1,0],[22,227,239]]
[[0,0,0],[1,0,0],[0,1,0],[34,42,239]]
[[0,0,0],[1,0,0],[0,1,0],[5,41,239]]
[[0,0,0],[1,0,0],[0,1,0],[23,39,239]]
[[0,0,0],[1,0,0],[0,1,0],[47,53,239]]
[[0,0,0],[1,0,0],[0,1,0],[11,52,239]]
[[0,0,0],[1,0,0],[0,1,0],[14,37,239]]
[[0,0,0],[1,0,0],[0,1,0],[11,97,239]]
[[0,0,0],[1,0,0],[0,1,0],[73,168,239]]
[[0,0,0],[1,0,0],[0,1,0],[3,115,239]]
[[0,0,0],[1,0,0],[0,1,0],[2,114,239]]
[[0,0,0],[1,0,0],[0,1,0],[26,70,239]]
[[0,0,0],[1,0,0],[0,1,0],[19,54,239]]
[[0,0,0],[1,0,0],[0,1,0],[5,71,239]]
[[0,0,0],[1,0,0],[0,1,0],[9,17,239]]
[[0,0,0],[1,0,0],[0,1,0],[6,108,239]]
[[0,0,0],[1,0,0],[0,1,0],[79,79,239]]
[[0,0,0],[1,0,0],[0,1,0],[3,81,239]]
[[0,0,0],[1,0,0],[0,1,0],[18,51,239]]
[[0,0,0],[1,0,0],[0,1,0],[45,206,239]]
[[0,0,0],[1,0,0],[0,1,0],[27,39,239]]
[[0,0,0],[1,0,0],[0,1,0],[23,34,239]]
[[0,0,0],[1,0,0],[0,1,0],[25,77,239]]
[[0,0,0],[1,0,0],[0,1,0],[3,62,239]]
[[0,0,0],[1,0,0],[0,1,0],[4,44,239]]
[[0,0,0],[1,0,0],[0,1,0],[49,67,239]]
[[0,0,0],[1,0,0],[0,1,0],[5,49,239]]
[[0,0,0],[1,0,0],[0,1,0],[9,41,239]]
[[0,0,0],[1,0,0],[0,1,0],[6,9,239]]
[[0,0,0],[1,0,0],[0,1,0],[34,211,239]]
[[0,0,0],[1,0,0],[0,1,0],[1,9,239]]
[[0,0,0],[1,0,0],[0,1,0],[15,99,239]]
[[0,0,0],[1,0,0],[0,1,0],[9,231,239]]
[[0,0,0],[1,0,0],[0,1,0],[9,232,239]]
[[0,0,0],[1,0,0],[0,1,0],[35,213,239]]
[[0,0,0],[1,0,0],[0,1,0],[55,204,239]]
[[0,0,0],[1,0,0],[0,1,0],[11,110,239]]
[[0,0,0],[1,0,0],[0,1,0],[8,69,239]]
[[0,0,0],[1,0,0],[0,1,0],[14,38,239]]
[[0,0,0],[1,0,0],[0,1,0],[58,182,239]]
[[0,0,0],[1,0,0],[0,1,0],[47,72,239]]
[[0,0,0],[1,0,0],[0,1,0],[34,83,239]]
[[0,0,0],[1,0,0],[0,1,0],[26,32,239]]
[[0,0,0],[1,0,0],[0,1,0],[11,99,239]]
[[0,0,0],[1,0,0],[0,1,0],[7,7,239]]
[[0,0,0],[1,0,0],[0,1,0],[27,47,239]]
[[0,0,0],[1,0,0],[0,1,0],[99,142,239]]
[[0,0,0],[1,0,0],[0,1,0],[2,119,239]]
[[0,0,0],[1,0,0],[0,1,0],[13,75,239]]
[[0,0,0],[1,0,0],[0,1,0],[10,84,239]]
[[0,0,0],[1,0,0],[0,1,0],[36,209,239]]
[[0,0,0],[1,0,0],[0,1,0],[55,89,239]]
[[0,0,0],[1,0,0],[0,1,0],[9,78,239]]
[[0,0,0],[1,0,0],[0,1,0],[21,65,239]]
[[0,0,0],[1,0,0],[0,1,0],[7,234,239]]
[[0,0,0],[1,0,0],[0,1,0],[36,88,239]]
[[0,0,0],[1,0,0],[0,1,0],[28,221,239]]
[[0,0,0],[1,0,0],[0,1,0],[12,55,239]]
[[0,0,0],[1,0,0],[0,1,0],[10,17,239]]
[[0,0,0],[1,0,0],[0,1,0],[32,72,239]]
[[0,0,0],[1,0,0],[0,1,0],[15,229,239]]
[[0,0,0],[1,0,0],[0,1,0],[108,167,239]]
[[0,0,0],[1,0,0],[0,1,0],[4,33,239]]
[[0,0,0],[1,0,0],[0,1,0],[8,83,239]]
[[0,0,0],[1,0,0],[0,1,0],[26,54,239]]
[[0,0,0],[1,0,0],[0,1,0],[51,63,239]]
[[0,0,0],[1,0,0],[0,1,0],[4,14,239]]
[[0,0,0],[1,0,0],[0,1,0],[44,50,239]]
[[0,0,0],[1,0,0],[0,1,0],[8,81,239]]
[[0,0,0],[1,0,0],[0,1,0],[11,74,239]]
[[0,0,0],[1,0,0],[0,1,0],[42,81,239]]
[[0,0,0],[1,0,0],[0,1,0],[1,19,239]]
[[0,0,0],[1,0,0],[0,1,0],[32,218,239]]
[[0,0,0],[1,0,0],[0,1,0],[58,203,239]]
[[0,0,0],[1,0,0],[0,1,0],[63,182,239]]
[[0,0,0],[1,0,0],[0,1,0],[12,56,239]]
[[0,0,0],[1,0,0],[0,1,0],[5,96,239]]
[[0,0,0],[1,0,0],[0,1,0],[19,59,239]]
[[0,0,0],[1,0,0],[0,1,0],[14,47,239]]
[[0,0,0],[1,0,0],[0,1,0],[8,108,239]]
[[0,0,0],[1,0,0],[0,1,0],[4,59,239]]
[[0,0,0],[1,0,0],[0,1,0],[5,58,239]]
[[0,0,0],[1,0,0],[0,1,0],[5,52,239]]
[[0,0,0],[1,0,0],[0,1,0],[22,72,239]]
[[0,0,0],[1,0,0],[0,1,0],[2,7,239]]
[[0,0,0],[1,0,0],[0,1,0],[37,86,239]]
[[0,0,0],[1,0,0],[0,1,0],[37,74,239]]
[[0,0,0],[1,0,0],[0,1,0],[8,50,239]]
[[0,0,0],[1,0,0],[0,1,0],[13,47,239]]
[[0,0,0],[1,0,0],[0,1,0],[59,187,239]]
[[0,0,0],[1,0,0],[0,1,0],[91,167,239]]
[[0,0,0],[1,0,0],[0,1,0],[15,55,239]]
[[0,0,0],[1,0,0],[0,1,0],[7,70,239]]
[[0,0,0],[1,0,0],[0,1,0],[5,101,239]]
[[0,0,0],[1,0,0],[0,1,0],[47,49,239]]
[[0,0,0],[1,0,0],[0,1,0],[32,98,239]]
[[0,0,0],[1,0,0],[0,1,0],[2,60,239]]
[[0,0,0],[1,0,0],[0,1,0],[11,234,239]]
[[0,0,0],[1,0,0],[0,1,0],[51,193,239]]
[[0,0,0],[1,0,0],[0,1,0],[17,90,239]]
[[0,0,0],[1,0,0],[0,1,0],[6,59,239]]
[[0,0,0],[1,0,0],[0,1,0],[31,76,239]]
[[0,0,0],[1,0,0],[0,1,0],[63,86,239]]
[[0,0,0],[1,0,0],[0,1,0],[5,92,239]]
[[0,0,0],[1,0,0],[0,1,0],[43,71,239]]
[[0,0,0],[1,0,0],[0,1,0],[4,24,239]]
[[0,0,0],[1,0,0],[0,1,0],[10,115,239]]
[[0,0,0],[1,0,0],[0,1,0],[8,86,239]]
[[0,0,0],[1,0,0],[0,1,0],[29,73,239]]
[[0,0,0],[1,0,0],[0,1,0],[9,97,239]]
[[0,0,0],[1,0,0],[0,1,0],[5,28,239]]
[[0,0,0],[1,0,0],[0,1,0],[38,206,239]]
[[0,0,0],[1,0,0],[0,1,0],[21,72,239]]
[[0,0,0],[1,0,0],[0,1,0],[10,63,239]]
[[0,0,0],[1,0,0],[0,1,0],[32,61,239]]
[[0,0,0],[1,0,0],[0,1,0],[2,11,239]]
[[0,0,0],[1,0,0],[0,1,0],[5,53,239]]
[[0,0,0],[1,0,0],[0,1,0],[67,71,239]]
[[0,0,0],[1,0,0],[0,1,0],[42,67,239]]
[[0,0,0],[1,0,0],[0,1,0],[45,90,239]]
[[0,0,0],[1,0,0],[0,1,0],[26,220,239]]
[[0,0,0],[1,0,0],[0,1,0],[13,35,239]]
[[0,0,0],[1,0,0],[0,1,0],[36,44,239]]
[[0,0,0],[1,0,0],[0,1,0],[2,25,239]]
[[0,0,0],[1,0,0],[0,1,0],[23,218,239]]
[[0,0,0],[1,0,0],[0,1,0],[31,67,239]]
[[0,0,0],[1,0,0],[0,1,0],[14,226,239]]
[[0,0,0],[1,0,0],[0,1,0],[11,106,239]]
[[0,0,0],[1,0,0],[0,1,0],[19,43,239]]
[[0,0,0],[1,0,0],[0,1,0],[25,72,239]]
[[0,0,0],[1,0,0],[0,1,0],[31,45,239]]
[[0,0,0],[1,0,0],[0,1,0],[6,107,239]]
[[0,0,0],[1,0,0],[0,1,0],[13,36,239]]
[[0,0,0],[1,0,0],[0,1,0],[6,89,239]]
[[0,0,0],[1,0,0],[0,1,0],[64,72,239]]
[[0,0,0],[1,0,0],[0,1,0],[5,100,239]]
[[0,0,0],[1,0,0],[0,1,0],[17,98,239]]
[[0,0,0],[1,0,0],[0,1,0],[23,103,239]]
[[0,0,0],[1,0,0],[0,1,0],[9,70,239]]
[[0,0,0],[1,0,0],[0,1,0],[23,56,239]]
[[0,0,0],[1,0,0],[0,1,0],[8,38,239]]
[[0,0,0],[1,0,0],[0,1,0],[6,43,239]]
[[0,0,0],[1,0,0],[0,1,0],[6,72,239]]
[[0,0,0],[1,0,0],[0,1,0],[2,95,239]]
[[0,0,0],[1,0,0],[0,1,0],[9,27,239]]
[[0,0,0],[1,0,0],[0,1,0],[9,13,239]]
[[0,0,0],[1,0,0],[0,1,0],[8,232,239]]
[[0,0,0],[1,0,0],[0,1,0],[29,69,239]]
[[0,0,0],[1,0,0],[0,1,0],[25,55,239]]
[[0,0,0],[1,0,0],[0,1,0],[11,103,239]]
[[0,0,0],[1,0,0],[0,1,0],[19,61,239]]
[[0,0,0],[1,0,0],[0,1,0],[32,89,239]]
[[0,0,0],[1,0,0],[0,1,0],[9,79,239]]
[[0,0,0],[1,0,0],[0,1,0],[12,88,239]]
[[0,0,0],[1,0,0],[0,1,0],[2,56,239]]
[[0,0,0],[1,0,0],[0,1,0],[12,101,239]]
[[0,0,0],[1,0,0],[0,1,0],[44,216,239]]
[[0,0,0],[1,0,0],[0,1,0],[4,26,239]]
[[0,0,0],[1,0,0],[0,1,0],[59,185,239]]
[[0,0,0],[1,0,0],[0,1,0],[23,33,239]]
[[0,0,0],[1,0,0],[0,1,0],[66,77,239]]
[[0,0,0],[1,0,0],[0,1,0],[3,89,239]]
[[0,0,0],[1,0,0],[0,1,0],[35,65,239]]
[[0,0,0],[1,0,0],[0,1,0],[5,97,239]]
[[0,0,0],[1,0,0],[0,1,0],[25,63,239]]
[[0,0,0],[1,0,0],[0,1,0],[11,87,239]]
[[0,0,0],[1,0,0],[0,1,0],[34,61,239]]
[[0,0,0],[1,0,0],[0,1,0],[57,76,239]]
[[0,0,0],[1,0,0],[0,1,0],[5,21,239]]
[[0,0,0],[1,0,0],[0,1,0],[2,19,239]]
[[0,0,0],[1,0,0],[0,1,0],[14,88,239]]
[[0,0,0],[1,0,0],[0,1,0],[17,31,239]]
[[0,0,0],[1,0,0],[0,1,0],[8,66,239]]
[[0,0,0],[1,0,0],[0,1,0],[37,221,239]]
[[0,0,0],[1,0,0],[0,1,0],[9,53,239]]
[[0,0,0],[1,0,0],[0,1,0],[7,104,239]]
[[0,0,0],[1,0,0],[0,1,0],[10,112,239]]
[[0,0,0],[1,0,0],[0,1,0],[21,102,239]]
[[0,0,0],[1,0,0],[0,1,0],[10,111,239]]
[[0,0,0],[1,0,0],[0,1,0],[17,71,239]]
[[0,0,0],[1,0,0],[0,1,0],[69,203,239]]
[[0,0,0],[1,0,0],[0,1,0],[8,35,239]]
[[0,0,0],[1,0,0],[0,1,0],[1,1,239]]
[[0,0,0],[1,0,0],[0,1,0],[31,68,239]]
[[0,0,0],[1,0,0],[0,1,0],[38,214,239]]
[[0,0,0],[1,0,0],[0,1,0],[34,64,239]]
[[0,0,0],[1,0,0],[0,1,0],[3,11,239]]
[[0,0,0],[1,0,0],[0,1,0],[51,90,239]]
[[0,0,0],[1,0,0],[0,1,0],[21,95,239]]
[[0,0,0],[1,0,0],[0,1,0],[5,65,239]]
[[0,0,0],[1,0,0],[0,1,0],[96,181,239]]
[[0,0,0],[1,0,0],[0,1,0],[90,179,239]]
[[0,0,0],[1,0,0],[0,1,0],[14,109,239]]
[[0,0,0],[1,0,0],[0,1,0],[4,55,239]]
[[0,0,0],[1,0,0],[0,1,0],[7,106,239]]
[[0,0,0],[1,0,0],[0,1,0],[4,103,239]]
[[0,0,0],[1,0,0],[0,1,0],[50,193,239]]
[[0,0,0],[1,0,0],[0,1,0],[31,216,239]]
[[0,0,0],[1,0,0],[0,1,0],[71,81,239]]
[[0,0,0],[1,0,0],[0,1,0],[2,112,239]]
[[0,0,0],[1,0,0],[0,1,0],[13,18,239]]
[[0,0,0],[1,0,0],[0,1,0],[4,7,239]]
[[0,0,0],[1,0,0],[0,1,0],[53,199,239]]
[[0,0,0],[1,0,0],[0,1,0],[5,12,239]]
[[0,0,0],[1,0,0],[0,1,0],[38,79,239]]
[[0,0,0],[1,0,0],[0,1,0],[1,56,239]]
[[0,0,0],[1,0,0],[0,1,0],[5,85,239]]
[[0,0,0],[1,0,0],[0,1,0],[49,211,239]]
[[0,0,0],[1,0,0],[0,1,0],[59,208,239]]
[[0,0,0],[1,0,0],[0,1,0],[57,184,239]]
[[0,0,0],[1,0,0],[0,1,0],[63,76,239]]
[[0,0,0],[1,0,0],[0,1,0],[6,110,239]]
[[0,0,0],[1,0,0],[0,1,0],[9,66,239]]
[[0,0,0],[1,0,0],[0,1,0],[28,103,239]]
[[0,0,0],[1,0,0],[0,1,0],[6,63,239]]
[[0,0,0],[1,0,0],[0,1,0],[14,89,239]]
[[0,0,0],[1,0,0],[0,1,0],[8,98,239]]
[[0,0,0],[1,0,0],[0,1,0],[3,102,239]]
[[0,0,0],[1,0,0],[0,1,0],[37,94,239]]
[[0,0,0],[1,0,0],[0,1,0],[5,86,239]]
[[0,0,0],[1,0,0],[0,1,0],[12,64,239]]
[[0,0,0],[1,0,0],[0,1,0],[5,40,239]]
[[0,0,0],[1,0,0],[0,1,0],[7,115,239]]
[[0,0,0],[1,0,0],[0,1,0],[29,71,239]]
[[0,0,0],[1,0,0],[0,1,0],[18,38,239]]
[[0,0,0],[1,0,0],[0,1,0],[15,79,239]]
[[0,0,0],[1,0,0],[0,1,0],[3,37,239]]
[[0,0,0],[1,0,0],[0,1,0],[1,26,239]]
[[0,0,0],[1,0,0],[0,1,0],[15,19,239]]
[[0,0,0],[1,0,0],[0,1,0],[4,87,239]]
[[0,0,0],[1,0,0],[0,1,0],[5,102,239]]
[[0,0,0],[1,0,0],[0,1,0],[4,58,239]]
[[0,0,0],[1,0,0],[0,1,0],[59,66,239]]
[[0,0,0],[1,0,0],[0,1,0],[14,59,239]]
[[0,0,0],[1,0,0],[0,1,0],[5,103,239]]
[[0,0,0],[1,0,0],[0,1,0],[42,86,239]]
[[0,0,0],[1,0,0],[0,1,0],[4,13,239]]
[[0,0,0],[1,0,0],[0,1,0],[23,220,239]]
[[0,0,0],[1,0,0],[0,1,0],[14,79,239]]
[[0,0,0],[1,0,0],[0,1,0],[7,110,239]]
[[0,0,0],[1,0,0],[0,1,0],[32,104,239]]
[[0,0,0],[1,0,0],[0,1,0],[22,100,239]]
[[0,0,0],[1,0,0],[0,1,0],[45,86,239]]
[[0,0,0],[1,0,0],[0,1,0],[1,70,239]]
[[0,0,0],[1,0,0],[0,1,0],[21,25,239]]
[[0,0,0],[1,0,0],[0,1,0],[2,103,239]]
[[0,0,0],[1,0,0],[0,1,0],[70,76,239]]
[[0,0,0],[1,0,0],[0,1,0],[5,46,239]]
[[0,0,0],[1,0,0],[0,1,0],[90,185,239]]
[[0,0,0],[1,0,0],[0,1,0],[1,5,239]]
[[0,0,0],[1,0,0],[0,1,0],[18,56,239]]
[[0,0,0],[1,0,0],[0,1,0],[35,43,239]]
[[0,0,0],[1,0,0],[0,1,0],[27,81,239]]
[[0,0,0],[1,0,0],[0,1,0],[61,197,239]]
[[0,0,0],[1,0,0],[0,1,0],[5,29,239]]
[[0,0,0],[1,0,0],[0,1,0],[8,101,239]]
[[0,0,0],[1,0,0],[0,1,0],[6,104,239]]
[[0,0,0],[1,0,0],[0,1,0],[59,194,239]]
[[0,0,0],[1,0,0],[0,1,0],[1,43,239]]
[[0,0,0],[1,0,0],[0,1,0],[7,97,239]]
[[0,0,0],[1,0,0],[0,1,0],[8,85,239]]
[[0,0,0],[1,0,0],[0,1,0],[9,74,239]]
[[0,0,0],[1,0,0],[0,1,0],[5,76,239]]
[[0,0,0],[1,0,0],[0,1,0],[67,67,239]]
[[0,0,0],[1,0,0],[0,1,0],[13,102,239]]
[[0,0,0],[1,0,0],[0,1,0],[5,8,239]]
[[0,0,0],[1,0,0],[0,1,0],[1,106,239]]
[[0,0,0],[1,0,0],[0,1,0],[21,23,239]]
[[0,0,0],[1,0,0],[0,1,0],[4,56,239]]
[[0,0,0],[1,0,0],[0,1,0],[102,142,239]]
[[0,0,0],[1,0,0],[0,1,0],[12,58,239]]
[[0,0,0],[1,0,0],[0,1,0],[13,67,239]]
[[0,0,0],[1,0,0],[0,1,0],[17,22,239]]
[[0,0,0],[1,0,0],[0,1,0],[70,72,239]]
[[0,0,0],[1,0,0],[0,1,0],[14,94,239]]
[[0,0,0],[1,0,0],[0,1,0],[22,109,239]]
[[0,0,0],[1,0,0],[0,1,0],[28,215,239]]
[[0,0,0],[1,0,0],[0,1,0],[53,192,239]]
[[0,0,0],[1,0,0],[0,1,0],[59,64,239]]
[[0,0,0],[1,0,0],[0,1,0],[28,105,239]]
[[0,0,0],[1,0,0],[0,1,0],[4,91,239]]
[[0,0,0],[1,0,0],[0,1,0],[32,36,239]]
[[0,0,0],[1,0,0],[0,1,0],[4,32,239]]
[[0,0,0],[1,0,0],[0,1,0],[39,213,239]]
[[0,0,0],[1,0,0],[0,1,0],[12,112,239]]
[[0,0,0],[1,0,0],[0,1,0],[13,65,239]]
[[0,0,0],[1,0,0],[0,1,0],[49,82,239]]
[[0,0,0],[1,0,0],[0,1,0],[36,45,239]]
[[0,0,0],[1,0,0],[0,1,0],[35,47,239]]
[[0,0,0],[1,0,0],[0,1,0],[14,82,239]]
[[0,0,0],[1,0,0],[0,1,0],[37,43,239]]
[[0,0,0],[1,0,0],[0,1,0],[6,113,239]]
[[0,0,0],[1,0,0],[0,1,0],[13,86,239]]
[[0,0,0],[1,0,0],[0,1,0],[2,69,239]]
[[0,0,0],[1,0,0],[0,1,0],[22,81,239]]
[[0,0,0],[1,0,0],[0,1,0],[44,201,239]]
[[0,0,0],[1,0,0],[0,1,0],[43,209,239]]
[[0,0,0],[1,0,0],[0,1,0],[4,37,239]]
[[0,0,0],[1,0,0],[0,1,0],[5,59,239]]
[[0,0,0],[1,0,0],[0,1,0],[8,37,239]]
[[0,0,0],[1,0,0],[0,1,0],[17,102,239]]
[[0,0,0],[1,0,0],[0,1,0],[23,82,239]]
[[0,0,0],[1,0,0],[0,1,0],[1,79,239]]
[[0,0,0],[1,0,0],[0,1,0],[70,181,239]]
[[0,0,0],[1,0,0],[0,1,0],[4,96,239]]
[[0,0,0],[1,0,0],[0,1,0],[3,70,239]]
[[0,0,0],[1,0,0],[0,1,0],[73,202,239]]
[[0,0,0],[1,0,0],[0,1,0],[14,41,239]]
[[0,0,0],[1,0,0],[0,1,0],[36,100,239]]
[[0,0,0],[1,0,0],[0,1,0],[45,196,239]]
[[0,0,0],[1,0,0],[0,1,0],[50,210,239]]
[[0,0,0],[1,0,0],[0,1,0],[3,44,239]]
[[0,0,0],[1,0,0],[0,1,0],[9,89,239]]
[[0,0,0],[1,0,0],[0,1,0],[7,27,239]]
[[0,0,0],[1,0,0],[0,1,0],[27,31,239]]
[[0,0,0],[1,0,0],[0,1,0],[4,17,239]]
[[0,0,0],[1,0,0],[0,1,0],[7,78,239]]
[[0,0,0],[1,0,0],[0,1,0],[9,100,239]]
[[0,0,0],[1,0,0],[0,1,0],[7,79,239]]
[[0,0,0],[1,0,0],[0,1,0],[27,35,239]]
[[0,0,0],[1,0,0],[0,1,0],[12,29,239]]
[[0,0,0],[1,0,0],[0,1,0],[10,95,239]]
[[0,0,0],[1,0,0],[0,1,0],[4,50,239]]
[[0,0,0],[1,0,0],[0,1,0],[19,224,239]]
[[0,0,0],[1,0,0],[0,1,0],[10,46,239]]
[[0,0,0],[1,0,0],[0,1,0],[6,88,239]]
[[0,0,0],[1,0,0],[0,1,0],[66,66,239]]
[[0,0,0],[1,0,0],[0,1,0],[7,30,239]]
[[0,0,0],[1,0,0],[0,1,0],[8,87,239]]
[[0,0,0],[1,0,0],[0,1,0],[18,86,239]]
[[0,0,0],[1,0,0],[0,1,0],[2,13,239]]
[[0,0,0],[1,0,0],[0,1,0],[28,224,239]]
[[0,0,0],[1,0,0],[0,1,0],[15,34,239]]
[[0,0,0],[1,0,0],[0,1,0],[58,185,239]]
[[0,0,0],[1,0,0],[0,1,0],[2,108,239]]
[[0,0,0],[1,0,0],[0,1,0],[3,21,239]]
[[0,0,0],[1,0,0],[0,1,0],[21,220,239]]
[[0,0,0],[1,0,0],[0,1,0],[9,87,239]]
[[0,0,0],[1,0,0],[0,1,0],[3,47,239]]
[[0,0,0],[1,0,0],[0,1,0],[9,92,239]]
[[0,0,0],[1,0,0],[0,1,0],[12,34,239]]
[[0,0,0],[1,0,0],[0,1,0],[13,84,239]]
[[0,0,0],[1,0,0],[0,1,0],[4,117,239]]
[[0,0,0],[1,0,0],[0,1,0],[56,81,239]]
[[0,0,0],[1,0,0],[0,1,0],[19,23,239]]
[[0,0,0],[1,0,0],[0,1,0],[9,71,239]]
[[0,0,0],[1,0,0],[0,1,0],[12,26,239]]
[[0,0,0],[1,0,0],[0,1,0],[18,100,239]]
[[0,0,0],[1,0,0],[0,1,0],[22,108,239]]
[[0,0,0],[1,0,0],[0,1,0],[21,74,239]]
[[0,0,0],[1,0,0],[0,1,0],[19,81,239]]
[[0,0,0],[1,0,0],[0,1,0],[55,208,239]]
[[0,0,0],[1,0,0],[0,1,0],[10,18,239]]
[[0,0,0],[1,0,0],[0,1,0],[39,97,239]]
[[0,0,0],[1,0,0],[0,1,0],[22,28,239]]
[[0,0,0],[1,0,0],[0,1,0],[76,167,239]]
[[0,0,0],[1,0,0],[0,1,0],[23,90,239]]
[[0,0,0],[1,0,0],[0,1,0],[3,23,239]]
[[0,0,0],[1,0,0],[0,1,0],[13,55,239]]
[[0,0,0],[1,0,0],[0,1,0],[4,41,239]]
[[0,0,0],[1,0,0],[0,1,0],[17,96,239]]
[[0,0,0],[1,0,0],[0,1,0],[43,197,239]]
[[0,0,0],[1,0,0],[0,1,0],[14,95,239]]
[[0,0,0],[1,0,0],[0,1,0],[53,203,239]]
[[0,0,0],[1,0,0],[0,1,0],[2,115,239]]
[[0,0,0],[1,0,0],[0,1,0],[35,84,239]]
[[0,0,0],[1,0,0],[0,1,0],[14,108,239]]
[[0,0,0],[1,0,0],[0,1,0],[42,65,239]]
[[0,0,0],[1,0,0],[0,1,0],[15,94,239]]
[[0,0,0],[1,0,0],[0,1,0],[37,207,239]]
[[0,0,0],[1,0,0],[0,1,0],[2,98,239]]
[[0,0,0],[1,0,0],[0,1,0],[14,93,239]]
[[0,0,0],[1,0,0],[0,1,0],[7,17,239]]
[[0,0,0],[1,0,0],[0,1,0],[2,77,239]]
[[0,0,0],[1,0,0],[0,1,0],[31,86,239]]
[[0,0,0],[1,0,0],[0,1,0],[39,206,239]]
[[0,0,0],[1,0,0],[0,1,0],[3,94,239]]
[[0,0,0],[1,0,0],[0,1,0],[5,90,239]]
[[0,0,0],[1,0,0],[0,1,0],[3,25,239]]
[[0,0,0],[1,0,0],[0,1,0],[15,86,239]]
[[0,0,0],[1,0,0],[0,1,0],[14,14,239]]
[[0,0,0],[1,0,0],[0,1,0],[35,37,239]]
[[0,0,0],[1,0,0],[0,1,0],[8,21,239]]
[[0,0,0],[1,0,0],[0,1,0],[43,59,239]]
[[0,0,0],[1,0,0],[0,1,0],[11,35,239]]
[[0,0,0],[1,0,0],[0,1,0],[17,47,239]]
[[0,0,0],[1,0,0],[0,1,0],[2,9,239]]
[[0,0,0],[1,0,0],[0,1,0],[29,64,239]]
[[0,0,0],[1,0,0],[0,1,0],[1,63,239]]
[[0,0,0],[1,0,0],[0,1,0],[7,32,239]]
[[0,0,0],[1,0,0],[0,1,0],[90,161,239]]
[[0,0,0],[1,0,0],[0,1,0],[22,106,239]]
[[0,0,0],[1,0,0],[0,1,0],[4,79,239]]
[[0,0,0],[1,0,0],[0,1,0],[3,238,239]]
[[0,0,0],[1,0,0],[0,1,0],[34,89,239]]
[[0,0,0],[1,0,0],[0,1,0],[26,55,239]]
[[0,0,0],[1,0,0],[0,1,0],[8,53,239]]
[[0,0,0],[1,0,0],[0,1,0],[6,34,239]]
[[0,0,0],[1,0,0],[0,1,0],[14,50,239]]
[[0,0,0],[1,0,0],[0,1,0],[23,77,239]]
[[0,0,0],[1,0,0],[0,1,0],[12,69,239]]
[[0,0,0],[1,0,0],[0,1,0],[25,41,239]]
[[0,0,0],[1,0,0],[0,1,0],[23,228,239]]
[[0,0,0],[1,0,0],[0,1,0],[2,99,239]]
[[0,0,0],[1,0,0],[0,1,0],[45,45,239]]
[[0,0,0],[1,0,0],[0,1,0],[22,51,239]]
[[0,0,0],[1,0,0],[0,1,0],[15,85,239]]
[[0,0,0],[1,0,0],[0,1,0],[4,43,239]]
[[0,0,0],[1,0,0],[0,1,0],[2,89,239]]
[[0,0,0],[1,0,0],[0,1,0],[27,44,239]]
[[0,0,0],[1,0,0],[0,1,0],[25,100,239]]
[[0,0,0],[1,0,0],[0,1,0],[42,210,239]]
[[0,0,0],[1,0,0],[0,1,0],[2,86,239]]
[[0,0,0],[1,0,0],[0,1,0],[19,70,239]]
[[0,0,0],[1,0,0],[0,1,0],[7,95,239]]
[[0,0,0],[1,0,0],[0,1,0],[31,64,239]]
[[0,0,0],[1,0,0],[0,1,0],[23,98,239]]
[[0,0,0],[1,0,0],[0,1,0],[56,63,239]]
[[0,0,0],[1,0,0],[0,1,0],[3,42,239]]
[[0,0,0],[1,0,0],[0,1,0],[27,89,239]]
[[0,0,0],[1,0,0],[0,1,0],[17,107,239]]
[[0,0,0],[1,0,0],[0,1,0],[17,46,239]]
[[0,0,0],[1,0,0],[0,1,0],[34,59,239]]
[[0,0,0],[1,0,0],[0,1,0],[17,230,239]]
[[0,0,0],[1,0,0],[0,1,0],[3,105,239]]
[[0,0,0],[1,0,0],[0,1,0],[27,37,239]]
[[0,0,0],[1,0,0],[0,1,0],[9,15,239]]
[[0,0,0],[1,0,0],[0,1,0],[2,2,239]]
[[0,0,0],[1,0,0],[0,1,0],[31,31,239]]
[[0,0,0],[1,0,0],[0,1,0],[2,71,239]]
[[0,0,0],[1,0,0],[0,1,0],[53,86,239]]
[[0,0,0],[1,0,0],[0,1,0],[73,169,239]]
[[0,0,0],[1,0,0],[0,1,0],[26,41,239]]
[[0,0,0],[1,0,0],[0,1,0],[3,29,239]]
[[0,0,0],[1,0,0],[0,1,0],[13,103,239]]
[[0,0,0],[1,0,0],[0,1,0],[10,97,239]]
[[0,0,0],[1,0,0],[0,1,0],[28,78,239]]
[[0,0,0],[1,0,0],[0,1,0],[12,12,239]]
[[0,0,0],[1,0,0],[0,1,0],[70,70,239]]
[[0,0,0],[1,0,0],[0,1,0],[7,34,239]]
[[0,0,0],[1,0,0],[0,1,0],[19,72,239]]
[[0,0,0],[1,0,0],[0,1,0],[27,51,239]]
[[0,0,0],[1,0,0],[0,1,0],[29,83,239]]
[[0,0,0],[1,0,0],[0,1,0],[25,46,239]]
[[0,0,0],[1,0,0],[0,1,0],[13,82,239]]
[[0,0,0],[1,0,0],[0,1,0],[5,5,239]]
[[0,0,0],[1,0,0],[0,1,0],[36,219,239]]
[[0,0,0],[1,0,0],[0,1,0],[11,20,239]]
[[0,0,0],[1,0,0],[0,1,0],[5,93,239]]
[[0,0,0],[1,0,0],[0,1,0],[61,203,239]]
[[0,0,0],[1,0,0],[0,1,0],[82,161,239]]
[[0,0,0],[1,0,0],[0,1,0],[45,71,239]]
[[0,0,0],[1,0,0],[0,1,0],[10,70,239]]
[[0,0,0],[1,0,0],[0,1,0],[18,22,239]]
[[0,0,0],[1,0,0],[0,1,0],[17,106,239]]
[[0,0,0],[1,0,0],[0,1,0],[9,20,239]]
[[0,0,0],[1,0,0],[0,1,0],[10,65,239]]
[[0,0,0],[1,0,0],[0,1,0],[3,101,239]]
[[0,0,0],[1,0,0],[0,1,0],[7,94,239]]
[[0,0,0],[1,0,0],[0,1,0],[2,3,239]]
[[0,0,0],[1,0,0],[0,1,0],[25,223,239]]
[[0,0,0],[1,0,0],[0,1,0],[56,203,239]]
[[0,0,0],[1,0,0],[0,1,0],[9,31,239]]
[[0,0,0],[1,0,0],[0,1,0],[61,206,239]]
[[0,0,0],[1,0,0],[0,1,0],[4,93,239]]
[[0,0,0],[1,0,0],[0,1,0],[6,117,239]]
[[0,0,0],[1,0,0],[0,1,0],[71,202,239]]
[[0,0,0],[1,0,0],[0,1,0],[11,25,239]]
[[0,0,0],[1,0,0],[0,1,0],[10,43,239]]
[[0,0,0],[1,0,0],[0,1,0],[104,154,239]]
[[0,0,0],[1,0,0],[0,1,0],[26,58,239]]
[[0,0,0],[1,0,0],[0,1,0],[23,42,239]]
[[0,0,0],[1,0,0],[0,1,0],[19,65,239]]
[[0,0,0],[1,0,0],[0,1,0],[4,68,239]]
[[0,0,0],[1,0,0],[0,1,0],[17,229,239]]
[[0,0,0],[1,0,0],[0,1,0],[6,57,239]]
[[0,0,0],[1,0,0],[0,1,0],[22,33,239]]
[[0,0,0],[1,0,0],[0,1,0],[17,19,239]]
[[0,0,0],[1,0,0],[0,1,0],[7,12,239]]
[[0,0,0],[1,0,0],[0,1,0],[25,59,239]]
[[0,0,0],[1,0,0],[0,1,0],[43,81,239]]
[[0,0,0],[1,0,0],[0,1,0],[79,193,239]]
[[0,0,0],[1,0,0],[0,1,0],[56,56,239]]
[[0,0,0],[1,0,0],[0,1,0],[6,85,239]]
[[0,0,0],[1,0,0],[0,1,0],[7,54,239]]
[[0,0,0],[1,0,0],[0,1,0],[26,72,239]]
[[0,0,0],[1,0,0],[0,1,0],[5,24,239]]
[[0,0,0],[1,0,0],[0,1,0],[27,34,239]]
[[0,0,0],[1,0,0],[0,1,0],[32,32,239]]
[[0,0,0],[1,0,0],[0,1,0],[11,71,239]]
[[0,0,0],[1,0,0],[0,1,0],[50,59,239]]
[[0,0,0],[1,0,0],[0,1,0],[6,41,239]]
[[0,0,0],[1,0,0],[0,1,0],[6,52,239]]
[[0,0,0],[1,0,0],[0,1,0],[2,46,239]]
[[0,0,0],[1,0,0],[0,1,0],[8,72,239]]
[[0,0,0],[1,0,0],[0,1,0],[4,73,239]]
[[0,0,0],[1,0,0],[0,1,0],[5,15,239]]
[[0,0,0],[1,0,0],[0,1,0],[3,53,239]]
[[0,0,0],[1,0,0],[0,1,0],[7,57,239]]
[[0,0,0],[1,0,0],[0,1,0],[8,56,239]]
[[0,0,0],[1,0,0],[0,1,0],[18,78,239]]
[[0,0,0],[1,0,0],[0,1,0],[22,73,239]]
[[0,0,0],[1,0,0],[0,1,0],[5,30,239]]
[[0,0,0],[1,0,0],[0,1,0],[14,72,239]]
[[0,0,0],[1,0,0],[0,1,0],[36,65,239]]
[[0,0,0],[1,0,0],[0,1,0],[9,43,239]]
[[0,0,0],[1,0,0],[0,1,0],[34,44,239]]
[[0,0,0],[1,0,0],[0,1,0],[22,101,239]]
[[0,0,0],[1,0,0],[0,1,0],[2,44,239]]
[[0,0,0],[1,0,0],[0,1,0],[59,181,239]]
[[0,0,0],[1,0,0],[0,1,0],[3,76,239]]
[[0,0,0],[1,0,0],[0,1,0],[37,89,239]]
[[0,0,0],[1,0,0],[0,1,0],[4,89,239]]
[[0,0,0],[1,0,0],[0,1,0],[6,35,239]]
[[0,0,0],[1,0,0],[0,1,0],[5,236,239]]
[[0,0,0],[1,0,0],[0,1,0],[19,109,239]]
[[0,0,0],[1,0,0],[0,1,0],[18,111,239]]
[[0,0,0],[1,0,0],[0,1,0],[5,38,239]]
[[0,0,0],[1,0,0],[0,1,0],[22,103,239]]
[[0,0,0],[1,0,0],[0,1,0],[13,44,239]]
[[0,0,0],[1,0,0],[0,1,0],[11,50,239]]
[[0,0,0],[1,0,0],[0,1,0],[27,57,239]]
[[0,0,0],[1,0,0],[0,1,0],[78,162,239]]
[[0,0,0],[1,0,0],[0,1,0],[28,212,239]]
[[0,0,0],[1,0,0],[0,1,0],[1,71,239]]
[[0,0,0],[1,0,0],[0,1,0],[68,180,239]]
[[0,0,0],[1,0,0],[0,1,0],[12,22,239]]
[[0,0,0],[1,0,0],[0,1,0],[3,69,239]]
[[0,0,0],[1,0,0],[0,1,0],[15,64,239]]
[[0,0,0],[1,0,0],[0,1,0],[3,46,239]]
[[0,0,0],[1,0,0],[0,1,0],[36,212,239]]
[[0,0,0],[1,0,0],[0,1,0],[37,53,239]]
[[0,0,0],[1,0,0],[0,1,0],[12,100,239]]
[[0,0,0],[1,0,0],[0,1,0],[7,46,239]]
[[0,0,0],[1,0,0],[0,1,0],[1,67,239]]
[[0,0,0],[1,0,0],[0,1,0],[66,197,239]]
[[0,0,0],[1,0,0],[0,1,0],[18,82,239]]
[[0,0,0],[1,0,0],[0,1,0],[14,103,239]]
[[0,0,0],[1,0,0],[0,1,0],[18,39,239]]
[[0,0,0],[1,0,0],[0,1,0],[27,64,239]]
[[0,0,0],[1,0,0],[0,1,0],[2,41,239]]
[[0,0,0],[1,0,0],[0,1,0],[3,49,239]]
[[0,0,0],[1,0,0],[0,1,0],[6,65,239]]
[[0,0,0],[1,0,0],[0,1,0],[10,47,239]]
[[0,0,0],[1,0,0],[0,1,0],[4,48,239]]
[[0,0,0],[1,0,0],[0,1,0],[25,96,239]]
[[0,0,0],[1,0,0],[0,1,0],[44,59,239]]
[[0,0,0],[1,0,0],[0,1,0],[5,56,239]]
[[0,0,0],[1,0,0],[0,1,0],[6,53,239]]
[[0,0,0],[1,0,0],[0,1,0],[31,95,239]]
[[0,0,0],[1,0,0],[0,1,0],[8,89,239]]
[[0,0,0],[1,0,0],[0,1,0],[8,29,239]]
[[0,0,0],[1,0,0],[0,1,0],[2,104,239]]
[[0,0,0],[1,0,0],[0,1,0],[58,187,239]]
[[0,0,0],[1,0,0],[0,1,0],[1,59,239]]
[[0,0,0],[1,0,0],[0,1,0],[49,73,239]]
[[0,0,0],[1,0,0],[0,1,0],[2,75,239]]
[[0,0,0],[1,0,0],[0,1,0],[18,98,239]]
[[0,0,0],[1,0,0],[0,1,0],[29,85,239]]
[[0,0,0],[1,0,0],[0,1,0],[9,50,239]]
[[0,0,0],[1,0,0],[0,1,0],[4,42,239]]
[[0,0,0],[1,0,0],[0,1,0],[10,38,239]]
[[0,0,0],[1,0,0],[0,1,0],[17,227,239]]
[[0,0,0],[1,0,0],[0,1,0],[2,63,239]]
[[0,0,0],[1,0,0],[0,1,0],[42,49,239]]
[[0,0,0],[1,0,0],[0,1,0],[2,62,239]]
[[0,0,0],[1,0,0],[0,1,0],[12,72,239]]
[[0,0,0],[1,0,0],[0,1,0],[5,66,239]]
[[0,0,0],[1,0,0],[0,1,0],[55,81,239]]
[[0,0,0],[1,0,0],[0,1,0],[9,49,239]]
[[0,0,0],[1,0,0],[0,1,0],[27,214,239]]
[[0,0,0],[1,0,0],[0,1,0],[23,99,239]]
[[0,0,0],[1,0,0],[0,1,0],[8,107,239]]
[[0,0,0],[1,0,0],[0,1,0],[3,85,239]]
[[0,0,0],[1,0,0],[0,1,0],[2,238,239]]
[[0,0,0],[1,0,0],[0,1,0],[6,18,239]]
[[0,0,0],[1,0,0],[0,1,0],[2,26,239]]
[[0,0,0],[1,0,0],[0,1,0],[26,91,239]]
[[0,0,0],[1,0,0],[0,1,0],[18,105,239]]
[[0,0,0],[1,0,0],[0,1,0],[9,96,239]]
[[0,0,0],[1,0,0],[0,1,0],[28,82,239]]
[[0,0,0],[1,0,0],[0,1,0],[3,95,239]]
[[0,0,0],[1,0,0],[0,1,0],[15,72,239]]
[[0,0,0],[1,0,0],[0,1,0],[5,116,239]]
[[0,0,0],[1,0,0],[0,1,0],[2,22,239]]
[[0,0,0],[1,0,0],[0,1,0],[8,95,239]]
[[0,0,0],[1,0,0],[0,1,0],[49,91,239]]
[[0,0,0],[1,0,0],[0,1,0],[29,77,239]]
[[0,0,0],[1,0,0],[0,1,0],[2,37,239]]
[[0,0,0],[1,0,0],[0,1,0],[5,34,239]]
[[0,0,0],[1,0,0],[0,1,0],[23,26,239]]
[[0,0,0],[1,0,0],[0,1,0],[19,26,239]]
[[0,0,0],[1,0,0],[0,1,0],[12,106,239]]
[[0,0,0],[1,0,0],[0,1,0],[49,204,239]]
[[0,0,0],[1,0,0],[0,1,0],[50,81,239]]
[[0,0,0],[1,0,0],[0,1,0],[34,215,239]]
[[0,0,0],[1,0,0],[0,1,0],[9,75,239]]
[[0,0,0],[1,0,0],[0,1,0],[4,4,239]]
[[0,0,0],[1,0,0],[0,1,0],[5,61,239]]
[[0,0,0],[1,0,0],[0,1,0],[35,100,239]]
[[0,0,0],[1,0,0],[0,1,0],[43,79,239]]
[[0,0,0],[1,0,0],[0,1,0],[6,12,239]]
[[0,0,0],[1,0,0],[0,1,0],[58,183,239]]
[[0,0,0],[1,0,0],[0,1,0],[69,82,239]]
[[0,0,0],[1,0,0],[0,1,0],[5,72,239]]
[[0,0,0],[1,0,0],[0,1,0],[7,52,239]]
[[0,0,0],[1,0,0],[0,1,0],[21,107,239]]
[[0,0,0],[1,0,0],[0,1,0],[25,224,239]]
[[0,0,0],[1,0,0],[0,1,0],[26,214,239]]
[[0,0,0],[1,0,0],[0,1,0],[21,49,239]]
[[0,0,0],[1,0,0],[0,1,0],[11,62,239]]
[[0,0,0],[1,0,0],[0,1,0],[13,26,239]]
[[0,0,0],[1,0,0],[0,1,0],[3,87,239]]
[[0,0,0],[1,0,0],[0,1,0],[10,64,239]]
[[0,0,0],[1,0,0],[0,1,0],[15,227,239]]
[[0,0,0],[1,0,0],[0,1,0],[4,112,239]]
[[0,0,0],[1,0,0],[0,1,0],[21,38,239]]
[[0,0,0],[1,0,0],[0,1,0],[23,71,239]]
[[0,0,0],[1,0,0],[0,1,0],[25,33,239]]
[[0,0,0],[1,0,0],[0,1,0],[18,66,239]]
[[0,0,0],[1,0,0],[0,1,0],[25,79,239]]
[[0,0,0],[1,0,0],[0,1,0],[39,76,239]]
[[0,0,0],[1,0,0],[0,1,0],[11,53,239]]
[[0,0,0],[1,0,0],[0,1,0],[2,111,239]]
[[0,0,0],[1,0,0],[0,1,0],[8,68,239]]
[[0,0,0],[1,0,0],[0,1,0],[8,62,239]]
[[0,0,0],[1,0,0],[0,1,0],[6,79,239]]
[[0,0,0],[1,0,0],[0,1,0],[14,90,239]]
[[0,0,0],[1,0,0],[0,1,0],[17,64,239]]
[[0,0,0],[1,0,0],[0,1,0],[11,36,239]]
[[0,0,0],[1,0,0],[0,1,0],[2,39,239]]
[[0,0,0],[1,0,0],[0,1,0],[15,38,239]]
[[0,0,0],[1,0,0],[0,1,0],[7,101,239]]
[[0,0,0],[1,0,0],[0,1,0],[3,34,239]]
[[0,0,0],[1,0,0],[0,1,0],[10,26,239]]
[[0,0,0],[1,0,0],[0,1,0],[70,82,239]]
[[0,0,0],[1,0,0],[0,1,0],[69,77,239]]
[[0,0,0],[1,0,0],[0,1,0],[77,182,239]]
[[0,0,0],[1,0,0],[0,1,0],[14,96,239]]
[[0,0,0],[1,0,0],[0,1,0],[13,78,239]]
[[0,0,0],[1,0,0],[0,1,0],[15,231,239]]
[[0,0,0],[1,0,0],[0,1,0],[22,50,239]]
[[0,0,0],[1,0,0],[0,1,0],[4,77,239]]
[[0,0,0],[1,0,0],[0,1,0],[1,51,239]]
[[0,0,0],[1,0,0],[0,1,0],[3,33,239]]
[[0,0,0],[1,0,0],[0,1,0],[31,47,239]]
[[0,0,0],[1,0,0],[0,1,0],[35,207,239]]
[[0,0,0],[1,0,0],[0,1,0],[18,84,239]]
[[0,0,0],[1,0,0],[0,1,0],[31,69,239]]
[[0,0,0],[1,0,0],[0,1,0],[67,174,239]]
[[0,0,0],[1,0,0],[0,1,0],[105,165,239]]
[[0,0,0],[1,0,0],[0,1,0],[23,102,239]]
[[0,0,0],[1,0,0],[0,1,0],[53,68,239]]
[[0,0,0],[1,0,0],[0,1,0],[23,58,239]]
[[0,0,0],[1,0,0],[0,1,0],[10,100,239]]
[[0,0,0],[1,0,0],[0,1,0],[6,77,239]]
[[0,0,0],[1,0,0],[0,1,0],[96,145,239]]
[[0,0,0],[1,0,0],[0,1,0],[4,102,239]]
[[0,0,0],[1,0,0],[0,1,0],[28,56,239]]
[[0,0,0],[1,0,0],[0,1,0],[22,75,239]]
[[0,0,0],[1,0,0],[0,1,0],[6,17,239]]
[[0,0,0],[1,0,0],[0,1,0],[6,92,239]]
[[0,0,0],[1,0,0],[0,1,0],[9,14,239]]
[[0,0,0],[1,0,0],[0,1,0],[28,67,239]]
[[0,0,0],[1,0,0],[0,1,0],[37,69,239]]
[[0,0,0],[1,0,0],[0,1,0],[18,69,239]]
[[0,0,0],[1,0,0],[0,1,0],[29,68,239]]
[[0,0,0],[1,0,0],[0,1,0],[17,54,239]]
[[0,0,0],[1,0,0],[0,1,0],[21,221,239]]
[[0,0,0],[1,0,0],[0,1,0],[4,106,239]]
[[0,0,0],[1,0,0],[0,1,0],[14,97,239]]
[[0,0,0],[1,0,0],[0,1,0],[31,91,239]]
[[0,0,0],[1,0,0],[0,1,0],[10,89,239]]
[[0,0,0],[1,0,0],[0,1,0],[2,113,239]]
[[0,0,0],[1,0,0],[0,1,0],[11,233,239]]
[[0,0,0],[1,0,0],[0,1,0],[6,78,239]]
[[0,0,0],[1,0,0],[0,1,0],[2,50,239]]
[[0,0,0],[1,0,0],[0,1,0],[11,27,239]]
[[0,0,0],[1,0,0],[0,1,0],[4,113,239]]
[[0,0,0],[1,0,0],[0,1,0],[106,138,239]]
[[0,0,0],[1,0,0],[0,1,0],[8,79,239]]
[[0,0,0],[1,0,0],[0,1,0],[27,91,239]]
[[0,0,0],[1,0,0],[0,1,0],[3,55,239]]
[[0,0,0],[1,0,0],[0,1,0],[2,40,239]]
[[0,0,0],[1,0,0],[0,1,0],[14,102,239]]
[[0,0,0],[1,0,0],[0,1,0],[14,91,239]]
[[0,0,0],[1,0,0],[0,1,0],[15,18,239]]
[[0,0,0],[1,0,0],[0,1,0],[37,218,239]]
[[0,0,0],[1,0,0],[0,1,0],[22,102,239]]
[[0,0,0],[1,0,0],[0,1,0],[6,66,239]]
[[0,0,0],[1,0,0],[0,1,0],[14,98,239]]
[[0,0,0],[1,0,0],[0,1,0],[44,98,239]]
[[0,0,0],[1,0,0],[0,1,0],[6,38,239]]
[[0,0,0],[1,0,0],[0,1,0],[28,35,239]]
[[0,0,0],[1,0,0],[0,1,0],[8,233,239]]
[[0,0,0],[1,0,0],[0,1,0],[37,77,239]]
[[0,0,0],[1,0,0],[0,1,0],[12,52,239]]
[[0,0,0],[1,0,0],[0,1,0],[36,75,239]]
[[0,0,0],[1,0,0],[0,1,0],[17,105,239]]
[[0,0,0],[1,0,0],[0,1,0],[11,22,239]]
[[0,0,0],[1,0,0],[0,1,0],[18,25,239]]
[[0,0,0],[1,0,0],[0,1,0],[61,78,239]]
[[0,0,0],[1,0,0],[0,1,0],[27,61,239]]
[[0,0,0],[1,0,0],[0,1,0],[13,229,239]]
[[0,0,0],[1,0,0],[0,1,0],[17,58,239]]
[[0,0,0],[1,0,0],[0,1,0],[22,49,239]]
[[0,0,0],[1,0,0],[0,1,0],[1,82,239]]
[[0,0,0],[1,0,0],[0,1,0],[29,95,239]]
[[0,0,0],[1,0,0],[0,1,0],[71,79,239]]
[[0,0,0],[1,0,0],[0,1,0],[31,74,239]]
[[0,0,0],[1,0,0],[0,1,0],[9,106,239]]
[[0,0,0],[1,0,0],[0,1,0],[15,68,239]]
[[0,0,0],[1,0,0],[0,1,0],[2,52,239]]
[[0,0,0],[1,0,0],[0,1,0],[42,42,239]]
[[0,0,0],[1,0,0],[0,1,0],[4,21,239]]
[[0,0,0],[1,0,0],[0,1,0],[32,219,239]]
[[0,0,0],[1,0,0],[0,1,0],[7,64,239]]
[[0,0,0],[1,0,0],[0,1,0],[4,108,239]]
[[0,0,0],[1,0,0],[0,1,0],[18,81,239]]
[[0,0,0],[1,0,0],[0,1,0],[47,61,239]]
[[0,0,0],[1,0,0],[0,1,0],[7,13,239]]
[[0,0,0],[1,0,0],[0,1,0],[14,52,239]]
[[0,0,0],[1,0,0],[0,1,0],[43,208,239]]
[[0,0,0],[1,0,0],[0,1,0],[47,70,239]]
[[0,0,0],[1,0,0],[0,1,0],[5,9,239]]
[[0,0,0],[1,0,0],[0,1,0],[31,55,239]]
[[0,0,0],[1,0,0],[0,1,0],[5,23,239]]
[[0,0,0],[1,0,0],[0,1,0],[82,184,239]]
[[0,0,0],[1,0,0],[0,1,0],[8,106,239]]
[[0,0,0],[1,0,0],[0,1,0],[49,194,239]]
[[0,0,0],[1,0,0],[0,1,0],[78,187,239]]
[[0,0,0],[1,0,0],[0,1,0],[3,41,239]]
[[0,0,0],[1,0,0],[0,1,0],[8,61,239]]
[[0,0,0],[1,0,0],[0,1,0],[7,41,239]]
[[0,0,0],[1,0,0],[0,1,0],[17,88,239]]
[[0,0,0],[1,0,0],[0,1,0],[18,62,239]]
[[0,0,0],[1,0,0],[0,1,0],[1,6,239]]
[[0,0,0],[1,0,0],[0,1,0],[5,87,239]]
[[0,0,0],[1,0,0],[0,1,0],[2,17,239]]
[[0,0,0],[1,0,0],[0,1,0],[34,47,239]]
[[0,0,0],[1,0,0],[0,1,0],[5,36,239]]
[[0,0,0],[1,0,0],[0,1,0],[9,90,239]]
[[0,0,0],[1,0,0],[0,1,0],[17,43,239]]
[[0,0,0],[1,0,0],[0,1,0],[23,223,239]]
[[0,0,0],[1,0,0],[0,1,0],[4,53,239]]
[[0,0,0],[1,0,0],[0,1,0],[44,197,239]]
[[0,0,0],[1,0,0],[0,1,0],[63,199,239]]
[[0,0,0],[1,0,0],[0,1,0],[28,65,239]]
[[0,0,0],[1,0,0],[0,1,0],[15,36,239]]
[[0,0,0],[1,0,0],[0,1,0],[4,100,239]]
[[0,0,0],[1,0,0],[0,1,0],[10,49,239]]
[[0,0,0],[1,0,0],[0,1,0],[17,228,239]]
[[0,0,0],[1,0,0],[0,1,0],[18,65,239]]
[[0,0,0],[1,0,0],[0,1,0],[19,37,239]]
[[0,0,0],[1,0,0],[0,1,0],[1,45,239]]
[[0,0,0],[1,0,0],[0,1,0],[14,83,239]]
[[0,0,0],[1,0,0],[0,1,0],[56,185,239]]
[[0,0,0],[1,0,0],[0,1,0],[67,198,239]]
[[0,0,0],[1,0,0],[0,1,0],[17,28,239]]
[[0,0,0],[1,0,0],[0,1,0],[3,39,239]]
[[0,0,0],[1,0,0],[0,1,0],[11,16,239]]
[[0,0,0],[1,0,0],[0,1,0],[22,84,239]]
[[0,0,0],[1,0,0],[0,1,0],[2,116,239]]
[[0,0,0],[1,0,0],[0,1,0],[53,71,239]]
[[0,0,0],[1,0,0],[0,1,0],[11,73,239]]
[[0,0,0],[1,0,0],[0,1,0],[11,17,239]]
[[0,0,0],[1,0,0],[0,1,0],[2,31,239]]
[[0,0,0],[1,0,0],[0,1,0],[3,35,239]]
[[0,0,0],[1,0,0],[0,1,0],[15,103,239]]
[[0,0,0],[1,0,0],[0,1,0],[26,98,239]]
[[0,0,0],[1,0,0],[0,1,0],[71,197,239]]
[[0,0,0],[1,0,0],[0,1,0],[7,38,239]]
[[0,0,0],[1,0,0],[0,1,0],[10,67,239]]
[[0,0,0],[1,0,0],[0,1,0],[42,91,239]]
[[0,0,0],[1,0,0],[0,1,0],[6,109,239]]
[[0,0,0],[1,0,0],[0,1,0],[25,71,239]]
[[0,0,0],[1,0,0],[0,1,0],[31,42,239]]
[[0,0,0],[1,0,0],[0,1,0],[11,79,239]]
[[0,0,0],[1,0,0],[0,1,0],[7,20,239]]
[[0,0,0],[1,0,0],[0,1,0],[32,211,239]]
[[0,0,0],[1,0,0],[0,1,0],[21,34,239]]
[[0,0,0],[1,0,0],[0,1,0],[26,56,239]]
[[0,0,0],[1,0,0],[0,1,0],[12,15,239]]
[[0,0,0],[1,0,0],[0,1,0],[22,86,239]]
[[0,0,0],[1,0,0],[0,1,0],[3,28,239]]
[[0,0,0],[1,0,0],[0,1,0],[10,28,239]]
[[0,0,0],[1,0,0],[0,1,0],[26,75,239]]
[[0,0,0],[1,0,0],[0,1,0],[50,208,239]]
[[0,0,0],[1,0,0],[0,1,0],[11,39,239]]
[[0,0,0],[1,0,0],[0,1,0],[38,50,239]]
[[0,0,0],[1,0,0],[0,1,0],[22,39,239]]
[[0,0,0],[1,0,0],[0,1,0],[103,167,239]]
[[0,0,0],[1,0,0],[0,1,0],[9,98,239]]
[[0,0,0],[1,0,0],[0,1,0],[47,65,239]]
[[0,0,0],[1,0,0],[0,1,0],[34,210,239]]
[[0,0,0],[1,0,0],[0,1,0],[36,74,239]]
[[0,0,0],[1,0,0],[0,1,0],[8,58,239]]
[[0,0,0],[1,0,0],[0,1,0],[26,90,239]]
[[0,0,0],[1,0,0],[0,1,0],[35,59,239]]
[[0,0,0],[1,0,0],[0,1,0],[56,89,239]]
[[0,0,0],[1,0,0],[0,1,0],[15,17,239]]
[[0,0,0],[1,0,0],[0,1,0],[22,42,239]]
[[0,0,0],[1,0,0],[0,1,0],[9,105,239]]
[[0,0,0],[1,0,0],[0,1,0],[22,77,239]]
[[0,0,0],[1,0,0],[0,1,0],[32,91,239]]
[[0,0,0],[1,0,0],[0,1,0],[4,63,239]]
[[0,0,0],[1,0,0],[0,1,0],[4,49,239]]
[[0,0,0],[1,0,0],[0,1,0],[22,54,239]]
[[0,0,0],[1,0,0],[0,1,0],[1,11,239]]
[[0,0,0],[1,0,0],[0,1,0],[55,187,239]]
[[0,0,0],[1,0,0],[0,1,0],[27,49,239]]
[[0,0,0],[1,0,0],[0,1,0],[51,55,239]]
[[0,0,0],[1,0,0],[0,1,0],[27,66,239]]
[[0,0,0],[1,0,0],[0,1,0],[21,91,239]]
[[0,0,0],[1,0,0],[0,1,0],[26,107,239]]
[[0,0,0],[1,0,0],[0,1,0],[45,51,239]]
[[0,0,0],[1,0,0],[0,1,0],[8,75,239]]
[[0,0,0],[1,0,0],[0,1,0],[26,39,239]]
[[0,0,0],[1,0,0],[0,1,0],[34,217,239]]
[[0,0,0],[1,0,0],[0,1,0],[4,94,239]]
[[0,0,0],[1,0,0],[0,1,0],[5,114,239]]
[[0,0,0],[1,0,0],[0,1,0],[22,62,239]]
[[0,0,0],[1,0,0],[0,1,0],[8,115,239]]
[[0,0,0],[1,0,0],[0,1,0],[19,52,239]]
[[0,0,0],[1,0,0],[0,1,0],[7,92,239]]
[[0,0,0],[1,0,0],[0,1,0],[1,69,239]]
[[0,0,0],[1,0,0],[0,1,0],[18,75,239]]
[[0,0,0],[1,0,0],[0,1,0],[25,69,239]]
[[0,0,0],[1,0,0],[0,1,0],[63,204,239]]
[[0,0,0],[1,0,0],[0,1,0],[13,42,239]]
[[0,0,0],[1,0,0],[0,1,0],[6,68,239]]
[[0,0,0],[1,0,0],[0,1,0],[9,51,239]]
[[0,0,0],[1,0,0],[0,1,0],[28,51,239]]
[[0,0,0],[1,0,0],[0,1,0],[90,182,239]]
[[0,0,0],[1,0,0],[0,1,0],[11,49,239]]
[[0,0,0],[1,0,0],[0,1,0],[8,78,239]]
[[0,0,0],[1,0,0],[0,1,0],[19,86,239]]
[[0,0,0],[1,0,0],[0,1,0],[1,22,239]]
[[0,0,0],[1,0,0],[0,1,0],[3,77,239]]
[[0,0,0],[1,0,0],[0,1,0],[29,54,239]]
[[0,0,0],[1,0,0],[0,1,0],[35,38,239]]
[[0,0,0],[1,0,0],[0,1,0],[8,102,239]]
[[0,0,0],[1,0,0],[0,1,0],[8,100,239]]
[[0,0,0],[1,0,0],[0,1,0],[17,84,239]]
[[0,0,0],[1,0,0],[0,1,0],[7,93,239]]
[[0,0,0],[1,0,0],[0,1,0],[64,182,239]]
[[0,0,0],[1,0,0],[0,1,0],[13,71,239]]
[[0,0,0],[1,0,0],[0,1,0],[12,62,239]]
[[0,0,0],[1,0,0],[0,1,0],[5,47,239]]
[[0,0,0],[1,0,0],[0,1,0],[17,104,239]]
[[0,0,0],[1,0,0],[0,1,0],[26,49,239]]
[[0,0,0],[1,0,0],[0,1,0],[13,37,239]]
[[0,0,0],[1,0,0],[0,1,0],[17,27,239]]
[[0,0,0],[1,0,0],[0,1,0],[8,92,239]]
[[0,0,0],[1,0,0],[0,1,0],[22,218,239]]
[[0,0,0],[1,0,0],[0,1,0],[10,39,239]]
[[0,0,0],[1,0,0],[0,1,0],[9,35,239]]
[[0,0,0],[1,0,0],[0,1,0],[14,107,239]]
[[0,0,0],[1,0,0],[0,1,0],[51,56,239]]
[[0,0,0],[1,0,0],[0,1,0],[27,83,239]]
[[0,0,0],[1,0,0],[0,1,0],[63,206,239]]
[[0,0,0],[1,0,0],[0,1,0],[34,98,239]]
[[0,0,0],[1,0,0],[0,1,0],[5,69,239]]
[[0,0,0],[1,0,0],[0,1,0],[25,74,239]]
[[0,0,0],[1,0,0],[0,1,0],[18,229,239]]
[[0,0,0],[1,0,0],[0,1,0],[3,48,239]]
[[0,0,0],[1,0,0],[0,1,0],[22,55,239]]
[[0,0,0],[1,0,0],[0,1,0],[13,45,239]]
[[0,0,0],[1,0,0],[0,1,0],[3,98,239]]
[[0,0,0],[1,0,0],[0,1,0],[2,59,239]]
[[0,0,0],[1,0,0],[0,1,0],[34,90,239]]
[[0,0,0],[1,0,0],[0,1,0],[10,68,239]]
[[0,0,0],[1,0,0],[0,1,0],[4,11,239]]
[[0,0,0],[1,0,0],[0,1,0],[11,85,239]]
[[0,0,0],[1,0,0],[0,1,0],[8,110,239]]
[[0,0,0],[1,0,0],[0,1,0],[14,66,239]]
[[0,0,0],[1,0,0],[0,1,0],[12,18,239]]
[[0,0,0],[1,0,0],[0,1,0],[22,74,239]]
[[0,0,0],[1,0,0],[0,1,0],[10,55,239]]
[[0,0,0],[1,0,0],[0,1,0],[19,82,239]]
[[0,0,0],[1,0,0],[0,1,0],[21,59,239]]
[[0,0,0],[1,0,0],[0,1,0],[1,55,239]]
[[0,0,0],[1,0,0],[0,1,0],[35,69,239]]
[[0,0,0],[1,0,0],[0,1,0],[68,172,239]]
[[0,0,0],[1,0,0],[0,1,0],[9,91,239]]
[[0,0,0],[1,0,0],[0,1,0],[11,59,239]]
[[0,0,0],[1,0,0],[0,1,0],[1,78,239]]
[[0,0,0],[1,0,0],[0,1,0],[23,63,239]]
[[0,0,0],[1,0,0],[0,1,0],[17,42,239]]
[[0,0,0],[1,0,0],[0,1,0],[27,71,239]]
[[0,0,0],[1,0,0],[0,1,0],[9,93,239]]
[[0,0,0],[1,0,0],[0,1,0],[19,69,239]]
[[0,0,0],[1,0,0],[0,1,0],[2,88,239]]
[[0,0,0],[1,0,0],[0,1,0],[25,105,239]]
[[0,0,0],[1,0,0],[0,1,0],[32,102,239]]
[[0,0,0],[1,0,0],[0,1,0],[8,16,239]]
[[0,0,0],[1,0,0],[0,1,0],[31,79,239]]
[[0,0,0],[1,0,0],[0,1,0],[7,235,239]]
[[0,0,0],[1,0,0],[0,1,0],[18,43,239]]
[[0,0,0],[1,0,0],[0,1,0],[7,23,239]]
[[0,0,0],[1,0,0],[0,1,0],[31,101,239]]
[[0,0,0],[1,0,0],[0,1,0],[13,13,239]]
[[0,0,0],[1,0,0],[0,1,0],[45,57,239]]
[[0,0,0],[1,0,0],[0,1,0],[32,49,239]]
[[0,0,0],[1,0,0],[0,1,0],[38,215,239]]
[[0,0,0],[1,0,0],[0,1,0],[19,107,239]]
[[0,0,0],[1,0,0],[0,1,0],[3,108,239]]
[[0,0,0],[1,0,0],[0,1,0],[38,76,239]]
[[0,0,0],[1,0,0],[0,1,0],[42,73,239]]
[[0,0,0],[1,0,0],[0,1,0],[15,63,239]]
[[0,0,0],[1,0,0],[0,1,0],[49,213,239]]
[[0,0,0],[1,0,0],[0,1,0],[7,105,239]]
[[0,0,0],[1,0,0],[0,1,0],[1,65,239]]
[[0,0,0],[1,0,0],[0,1,0],[4,15,239]]
[[0,0,0],[1,0,0],[0,1,0],[5,51,239]]
[[0,0,0],[1,0,0],[0,1,0],[43,218,239]]
[[0,0,0],[1,0,0],[0,1,0],[79,161,239]]
[[0,0,0],[1,0,0],[0,1,0],[5,20,239]]
[[0,0,0],[1,0,0],[0,1,0],[5,62,239]]
[[0,0,0],[1,0,0],[0,1,0],[4,57,239]]
[[0,0,0],[1,0,0],[0,1,0],[21,70,239]]
[[0,0,0],[1,0,0],[0,1,0],[7,44,239]]
[[0,0,0],[1,0,0],[0,1,0],[31,100,239]]
[[0,0,0],[1,0,0],[0,1,0],[8,91,239]]
[[0,0,0],[1,0,0],[0,1,0],[49,94,239]]
[[0,0,0],[1,0,0],[0,1,0],[8,88,239]]
[[0,0,0],[1,0,0],[0,1,0],[14,101,239]]
[[0,0,0],[1,0,0],[0,1,0],[12,57,239]]
[[0,0,0],[1,0,0],[0,1,0],[7,19,239]]
[[0,0,0],[1,0,0],[0,1,0],[63,63,239]]
[[0,0,0],[1,0,0],[0,1,0],[5,50,239]]
[[0,0,0],[1,0,0],[0,1,0],[9,68,239]]
[[0,0,0],[1,0,0],[0,1,0],[39,56,239]]
[[0,0,0],[1,0,0],[0,1,0],[15,90,239]]
[[0,0,0],[1,0,0],[0,1,0],[12,63,239]]
[[0,0,0],[1,0,0],[0,1,0],[10,42,239]]
[[0,0,0],[1,0,0],[0,1,0],[28,77,239]]
[[0,0,0],[1,0,0],[0,1,0],[23,37,239]]
[[0,0,0],[1,0,0],[0,1,0],[6,111,239]]
[[0,0,0],[1,0,0],[0,1,0],[25,66,239]]
[[0,0,0],[1,0,0],[0,1,0],[31,96,239]]
[[0,0,0],[1,0,0],[0,1,0],[42,99,239]]
[[0,0,0],[1,0,0],[0,1,0],[6,28,239]]
[[0,0,0],[1,0,0],[0,1,0],[1,27,239]]
[[0,0,0],[1,0,0],[0,1,0],[5,17,239]]
[[0,0,0],[1,0,0],[0,1,0],[8,55,239]]
[[0,0,0],[1,0,0],[0,1,0],[1,66,239]]
[[0,0,0],[1,0,0],[0,1,0],[22,59,239]]
[[0,0,0],[1,0,0],[0,1,0],[8,39,239]]
[[0,0,0],[1,0,0],[0,1,0],[37,204,239]]
[[0,0,0],[1,0,0],[0,1,0],[4,76,239]]
[[0,0,0],[1,0,0],[0,1,0],[6,46,239]]
[[0,0,0],[1,0,0],[0,1,0],[51,209,239]]
[[0,0,0],[1,0,0],[0,1,0],[9,34,239]]
[[0,0,0],[1,0,0],[0,1,0],[25,36,239]]
[[0,0,0],[1,0,0],[0,1,0],[35,35,239]]
[[0,0,0],[1,0,0],[0,1,0],[11,13,239]]
[[0,0,0],[1,0,0],[0,1,0],[4,28,239]]
[[0,0,0],[1,0,0],[0,1,0],[9,103,239]]
[[0,0,0],[1,0,0],[0,1,0],[23,45,239]]
[[0,0,0],[1,0,0],[0,1,0],[4,111,239]]
[[0,0,0],[1,0,0],[0,1,0],[11,55,239]]
[[0,0,0],[1,0,0],[0,1,0],[11,95,239]]
[[0,0,0],[1,0,0],[0,1,0],[2,72,239]]
[[0,0,0],[1,0,0],[0,1,0],[14,46,239]]
[[0,0,0],[1,0,0],[0,1,0],[14,105,239]]
[[0,0,0],[1,0,0],[0,1,0],[8,42,239]]
[[0,0,0],[1,0,0],[0,1,0],[35,70,239]]
[[0,0,0],[1,0,0],[0,1,0],[12,89,239]]
[[0,0,0],[1,0,0],[0,1,0],[39,201,239]]
[[0,0,0],[1,0,0],[0,1,0],[8,32,239]]
[[0,0,0],[1,0,0],[0,1,0],[31,43,239]]
[[0,0,0],[1,0,0],[0,1,0],[55,83,239]]
[[0,0,0],[1,0,0],[0,1,0],[51,91,239]]
[[0,0,0],[1,0,0],[0,1,0],[42,83,239]]
[[0,0,0],[1,0,0],[0,1,0],[13,231,239]]
[[0,0,0],[1,0,0],[0,1,0],[1,98,239]]
[[0,0,0],[1,0,0],[0,1,0],[14,61,239]]
[[0,0,0],[1,0,0],[0,1,0],[3,27,239]]
[[0,0,0],[1,0,0],[0,1,0],[6,96,239]]
[[0,0,0],[1,0,0],[0,1,0],[5,37,239]]
[[0,0,0],[1,0,0],[0,1,0],[4,98,239]]
[[0,0,0],[1,0,0],[0,1,0],[31,217,239]]
[[0,0,0],[1,0,0],[0,1,0],[2,29,239]]
[[0,0,0],[1,0,0],[0,1,0],[12,76,239]]
[[0,0,0],[1,0,0],[0,1,0],[81,185,239]]
[[0,0,0],[1,0,0],[0,1,0],[15,88,239]]
[[0,0,0],[1,0,0],[0,1,0],[77,167,239]]
[[0,0,0],[1,0,0],[0,1,0],[5,235,239]]
[[0,0,0],[1,0,0],[0,1,0],[8,84,239]]
[[0,0,0],[1,0,0],[0,1,0],[5,26,239]]
[[0,0,0],[1,0,0],[0,1,0],[10,103,239]]
[[0,0,0],[1,0,0],[0,1,0],[29,215,239]]
[[0,0,0],[1,0,0],[0,1,0],[25,45,239]]
[[0,0,0],[1,0,0],[0,1,0],[17,59,239]]
[[0,0,0],[1,0,0],[0,1,0],[32,43,239]]
[[0,0,0],[1,0,0],[0,1,0],[14,35,239]]
[[0,0,0],[1,0,0],[0,1,0],[10,231,239]]
[[0,0,0],[1,0,0],[0,1,0],[4,85,239]]
[[0,0,0],[1,0,0],[0,1,0],[11,102,239]]
[[0,0,0],[1,0,0],[0,1,0],[11,77,239]]
[[0,0,0],[1,0,0],[0,1,0],[32,215,239]]
[[0,0,0],[1,0,0],[0,1,0],[3,30,239]]
[[0,0,0],[1,0,0],[0,1,0],[14,44,239]]
[[0,0,0],[1,0,0],[0,1,0],[25,102,239]]
[[0,0,0],[1,0,0],[0,1,0],[29,99,239]]
[[0,0,0],[1,0,0],[0,1,0],[42,44,239]]
[[0,0,0],[1,0,0],[0,1,0],[65,177,239]]
[[0,0,0],[1,0,0],[0,1,0],[15,101,239]]
[[0,0,0],[1,0,0],[0,1,0],[82,182,239]]
[[0,0,0],[1,0,0],[0,1,0],[36,85,239]]
[[0,0,0],[1,0,0],[0,1,0],[13,228,239]]
[[0,0,0],[1,0,0],[0,1,0],[12,84,239]]
[[0,0,0],[1,0,0],[0,1,0],[10,76,239]]
[[0,0,0],[1,0,0],[0,1,0],[71,180,239]]
[[0,0,0],[1,0,0],[0,1,0],[12,36,239]]
[[0,0,0],[1,0,0],[0,1,0],[26,73,239]]
[[0,0,0],[1,0,0],[0,1,0],[44,79,239]]
[[0,0,0],[1,0,0],[0,1,0],[28,39,239]]
[[0,0,0],[1,0,0],[0,1,0],[4,40,239]]
[[0,0,0],[1,0,0],[0,1,0],[4,236,239]]
[[0,0,0],[1,0,0],[0,1,0],[12,68,239]]
[[0,0,0],[1,0,0],[0,1,0],[6,14,239]]
[[0,0,0],[1,0,0],[0,1,0],[38,53,239]]
[[0,0,0],[1,0,0],[0,1,0],[9,62,239]]
[[0,0,0],[1,0,0],[0,1,0],[43,94,239]]
[[0,0,0],[1,0,0],[0,1,0],[29,212,239]]
[[0,0,0],[1,0,0],[0,1,0],[32,58,239]]
[[0,0,0],[1,0,0],[0,1,0],[50,194,239]]
[[0,0,0],[1,0,0],[0,1,0],[5,63,239]]
[[0,0,0],[1,0,0],[0,1,0],[26,50,239]]
[[0,0,0],[1,0,0],[0,1,0],[3,91,239]]
[[0,0,0],[1,0,0],[0,1,0],[21,86,239]]
[[0,0,0],[1,0,0],[0,1,0],[59,59,239]]
[[0,0,0],[1,0,0],[0,1,0],[12,86,239]]
[[0,0,0],[1,0,0],[0,1,0],[1,31,239]]
[[0,0,0],[1,0,0],[0,1,0],[9,9,239]]
[[0,0,0],[1,0,0],[0,1,0],[13,100,239]]
[[0,0,0],[1,0,0],[0,1,0],[18,223,239]]
[[0,0,0],[1,0,0],[0,1,0],[9,101,239]]
[[0,0,0],[1,0,0],[0,1,0],[29,78,239]]
[[0,0,0],[1,0,0],[0,1,0],[11,98,239]]
[[0,0,0],[1,0,0],[0,1,0],[21,104,239]]
[[0,0,0],[1,0,0],[0,1,0],[55,72,239]]
[[0,0,0],[1,0,0],[0,1,0],[7,65,239]]
[[0,0,0],[1,0,0],[0,1,0],[2,105,239]]
[[0,0,0],[1,0,0],[0,1,0],[12,51,239]]
[[0,0,0],[1,0,0],[0,1,0],[10,15,239]]
[[0,0,0],[1,0,0],[0,1,0],[10,66,239]]
[[0,0,0],[1,0,0],[0,1,0],[4,51,239]]
[[0,0,0],[1,0,0],[0,1,0],[82,171,239]]
[[0,0,0],[1,0,0],[0,1,0],[23,227,239]]
[[0,0,0],[1,0,0],[0,1,0],[32,101,239]]
[[0,0,0],[1,0,0],[0,1,0],[7,61,239]]
[[0,0,0],[1,0,0],[0,1,0],[32,64,239]]
[[0,0,0],[1,0,0],[0,1,0],[17,55,239]]
[[0,0,0],[1,0,0],[0,1,0],[9,63,239]]
[[0,0,0],[1,0,0],[0,1,0],[23,59,239]]
[[0,0,0],[1,0,0],[0,1,0],[12,32,239]]
[[0,0,0],[1,0,0],[0,1,0],[7,100,239]]
[[0,0,0],[1,0,0],[0,1,0],[9,109,239]]
[[0,0,0],[1,0,0],[0,1,0],[31,213,239]]
[[0,0,0],[1,0,0],[0,1,0],[50,68,239]]
[[0,0,0],[1,0,0],[0,1,0],[37,99,239]]
[[0,0,0],[1,0,0],[0,1,0],[9,76,239]]
[[0,0,0],[1,0,0],[0,1,0],[61,208,239]]
[[0,0,0],[1,0,0],[0,1,0],[12,96,239]]
[[0,0,0],[1,0,0],[0,1,0],[8,18,239]]
[[0,0,0],[1,0,0],[0,1,0],[11,21,239]]
[[0,0,0],[1,0,0],[0,1,0],[51,58,239]]
[[0,0,0],[1,0,0],[0,1,0],[11,28,239]]
[[0,0,0],[1,0,0],[0,1,0],[26,42,239]]
[[0,0,0],[1,0,0],[0,1,0],[15,95,239]]
[[0,0,0],[1,0,0],[0,1,0],[17,41,239]]
[[0,0,0],[1,0,0],[0,1,0],[21,94,239]]
[[0,0,0],[1,0,0],[0,1,0],[39,209,239]]
[[0,0,0],[1,0,0],[0,1,0],[50,69,239]]
[[0,0,0],[1,0,0],[0,1,0],[38,96,239]]
[[0,0,0],[1,0,0],[0,1,0],[3,109,239]]
[[0,0,0],[1,0,0],[0,1,0],[53,202,239]]
[[0,0,0],[1,0,0],[0,1,0],[4,35,239]]
[[0,0,0],[1,0,0],[0,1,0],[35,61,239]]
[[0,0,0],[1,0,0],[0,1,0],[57,199,239]]
[[0,0,0],[1,0,0],[0,1,0],[14,64,239]]
[[0,0,0],[1,0,0],[0,1,0],[63,78,239]]
[[0,0,0],[1,0,0],[0,1,0],[27,85,239]]
[[0,0,0],[1,0,0],[0,1,0],[64,199,239]]
[[0,0,0],[1,0,0],[0,1,0],[10,79,239]]
[[0,0,0],[1,0,0],[0,1,0],[9,112,239]]
[[0,0,0],[1,0,0],[0,1,0],[22,46,239]]
[[0,0,0],[1,0,0],[0,1,0],[2,74,239]]
[[0,0,0],[1,0,0],[0,1,0],[7,109,239]]
[[0,0,0],[1,0,0],[0,1,0],[67,173,239]]
[[0,0,0],[1,0,0],[0,1,0],[13,15,239]]
[[0,0,0],[1,0,0],[0,1,0],[2,42,239]]
[[0,0,0],[1,0,0],[0,1,0],[15,57,239]]
[[0,0,0],[1,0,0],[0,1,0],[73,198,239]]
[[0,0,0],[1,0,0],[0,1,0],[88,185,239]]
[[0,0,0],[1,0,0],[0,1,0],[11,46,239]]
[[0,0,0],[1,0,0],[0,1,0],[7,16,239]]
[[0,0,0],[1,0,0],[0,1,0],[39,39,239]]
[[0,0,0],[1,0,0],[0,1,0],[12,31,239]]
[[0,0,0],[1,0,0],[0,1,0],[28,95,239]]
[[0,0,0],[1,0,0],[0,1,0],[32,53,239]]
[[0,0,0],[1,0,0],[0,1,0],[39,57,239]]
[[0,0,0],[1,0,0],[0,1,0],[15,225,239]]
[[0,0,0],[1,0,0],[0,1,0],[7,24,239]]
[[0,0,0],[1,0,0],[0,1,0],[5,113,239]]
[[0,0,0],[1,0,0],[0,1,0],[13,17,239]]
[[0,0,0],[1,0,0],[0,1,0],[17,65,239]]
[[0,0,0],[1,0,0],[0,1,0],[3,3,239]]
[[0,0,0],[1,0,0],[0,1,0],[6,24,239]]
[[0,0,0],[1,0,0],[0,1,0],[4,118,239]]
[[0,0,0],[1,0,0],[0,1,0],[18,89,239]]
[[0,0,0],[1,0,0],[0,1,0],[35,216,239]]
[[0,0,0],[1,0,0],[0,1,0],[7,55,239]]
[[0,0,0],[1,0,0],[0,1,0],[11,108,239]]
[[0,0,0],[1,0,0],[0,1,0],[47,76,239]]
[[0,0,0],[1,0,0],[0,1,0],[15,65,239]]
[[0,0,0],[1,0,0],[0,1,0],[11,231,239]]
[[0,0,0],[1,0,0],[0,1,0],[51,214,239]]
[[0,0,0],[1,0,0],[0,1,0],[3,237,239]]
[[0,0,0],[1,0,0],[0,1,0],[2,109,239]]
[[0,0,0],[1,0,0],[0,1,0],[10,233,239]]
[[0,0,0],[1,0,0],[0,1,0],[5,112,239]]
[[0,0,0],[1,0,0],[0,1,0],[3,16,239]]
[[0,0,0],[1,0,0],[0,1,0],[6,37,239]]
[[0,0,0],[1,0,0],[0,1,0],[23,76,239]]
[[0,0,0],[1,0,0],[0,1,0],[6,97,239]]
[[0,0,0],[1,0,0],[0,1,0],[6,115,239]]
[[0,0,0],[1,0,0],[0,1,0],[5,82,239]]
[[0,0,0],[1,0,0],[0,1,0],[43,210,239]]
[[0,0,0],[1,0,0],[0,1,0],[4,90,239]]
[[0,0,0],[1,0,0],[0,1,0],[25,54,239]]
[[0,0,0],[1,0,0],[0,1,0],[39,216,239]]
[[0,0,0],[1,0,0],[0,1,0],[6,16,239]]
[[0,0,0],[1,0,0],[0,1,0],[10,32,239]]
[[0,0,0],[1,0,0],[0,1,0],[4,99,239]]
[[0,0,0],[1,0,0],[0,1,0],[88,184,239]]
[[0,0,0],[1,0,0],[0,1,0],[22,58,239]]
[[0,0,0],[1,0,0],[0,1,0],[65,181,239]]
[[0,0,0],[1,0,0],[0,1,0],[4,104,239]]
[[0,0,0],[1,0,0],[0,1,0],[13,90,239]]
[[0,0,0],[1,0,0],[0,1,0],[15,50,239]]
[[0,0,0],[1,0,0],[0,1,0],[5,10,239]]
[[0,0,0],[1,0,0],[0,1,0],[37,65,239]]
[[0,0,0],[1,0,0],[0,1,0],[117,174,239]]
[[0,0,0],[1,0,0],[0,1,0],[13,110,239]]
[[0,0,0],[1,0,0],[0,1,0],[19,73,239]]
[[0,0,0],[1,0,0],[0,1,0],[10,72,239]]
[[0,0,0],[1,0,0],[0,1,0],[32,100,239]]
[[0,0,0],[1,0,0],[0,1,0],[5,99,239]]
[[0,0,0],[1,0,0],[0,1,0],[58,64,239]]
[[0,0,0],[1,0,0],[0,1,0],[2,67,239]]
[[0,0,0],[1,0,0],[0,1,0],[42,94,239]]
[[0,0,0],[1,0,0],[0,1,0],[3,26,239]]
[[0,0,0],[1,0,0],[0,1,0],[35,206,239]]
[[0,0,0],[1,0,0],[0,1,0],[76,170,239]]
[[0,0,0],[1,0,0],[0,1,0],[13,232,239]]
[[0,0,0],[1,0,0],[0,1,0],[99,143,239]]
[[0,0,0],[1,0,0],[0,1,0],[27,224,239]]
[[0,0,0],[1,0,0],[0,1,0],[8,8,239]]
[[0,0,0],[1,0,0],[0,1,0],[22,25,239]]
[[0,0,0],[1,0,0],[0,1,0],[38,43,239]]
[[0,0,0],[1,0,0],[0,1,0],[77,193,239]]
[[0,0,0],[1,0,0],[0,1,0],[61,202,239]]
[[0,0,0],[1,0,0],[0,1,0],[29,220,239]]
[[0,0,0],[1,0,0],[0,1,0],[12,47,239]]
[[0,0,0],[1,0,0],[0,1,0],[71,169,239]]
[[0,0,0],[1,0,0],[0,1,0],[26,224,239]]
[[0,0,0],[1,0,0],[0,1,0],[4,97,239]]
[[0,0,0],[1,0,0],[0,1,0],[10,82,239]]
[[0,0,0],[1,0,0],[0,1,0],[19,41,239]]
[[0,0,0],[1,0,0],[0,1,0],[13,25,239]]
[[0,0,0],[1,0,0],[0,1,0],[22,47,239]]
[[0,0,0],[1,0,0],[0,1,0],[18,58,239]]
[[0,0,0],[1,0,0],[0,1,0],[31,36,239]]
[[0,0,0],[1,0,0],[0,1,0],[25,31,239]]
[[0,0,0],[1,0,0],[0,1,0],[44,206,239]]
[[0,0,0],[1,0,0],[0,1,0],[51,211,239]]
[[0,0,0],[1,0,0],[0,1,0],[1,39,239]]
[[0,0,0],[1,0,0],[0,1,0],[3,22,239]]
[[0,0,0],[1,0,0],[0,1,0],[8,99,239]]
[[0,0,0],[1,0,0],[0,1,0],[47,56,239]]
[[0,0,0],[1,0,0],[0,1,0],[1,14,239]]
[[0,0,0],[1,0,0],[0,1,0],[4,92,239]]
[[0,0,0],[1,0,0],[0,1,0],[34,96,239]]
[[0,0,0],[1,0,0],[0,1,0],[3,88,239]]
[[0,0,0],[1,0,0],[0,1,0],[10,24,239]]
[[0,0,0],[1,0,0],[0,1,0],[19,227,239]]
[[0,0,0],[1,0,0],[0,1,0],[35,98,239]]
[[0,0,0],[1,0,0],[0,1,0],[5,109,239]]
[[0,0,0],[1,0,0],[0,1,0],[17,56,239]]
[[0,0,0],[1,0,0],[0,1,0],[1,3,239]]
[[0,0,0],[1,0,0],[0,1,0],[15,69,239]]
[[0,0,0],[1,0,0],[0,1,0],[5,70,239]]
[[0,0,0],[1,0,0],[0,1,0],[66,198,239]]
[[0,0,0],[1,0,0],[0,1,0],[7,108,239]]
[[0,0,0],[1,0,0],[0,1,0],[32,51,239]]
[[0,0,0],[1,0,0],[0,1,0],[12,16,239]]
[[0,0,0],[1,0,0],[0,1,0],[23,95,239]]
[[0,0,0],[1,0,0],[0,1,0],[14,19,239]]
[[0,0,0],[1,0,0],[0,1,0],[12,28,239]]
[[0,0,0],[1,0,0],[0,1,0],[8,20,239]]
[[0,0,0],[1,0,0],[0,1,0],[13,230,239]]
[[0,0,0],[1,0,0],[0,1,0],[19,228,239]]
[[0,0,0],[1,0,0],[0,1,0],[9,104,239]]
[[0,0,0],[1,0,0],[0,1,0],[39,47,239]]
[[0,0,0],[1,0,0],[0,1,0],[3,12,239]]
[[0,0,0],[1,0,0],[0,1,0],[7,89,239]]
[[0,0,0],[1,0,0],[0,1,0],[8,23,239]]
[[0,0,0],[1,0,0],[0,1,0],[13,227,239]]
[[0,0,0],[1,0,0],[0,1,0],[10,107,239]]
[[0,0,0],[1,0,0],[0,1,0],[5,88,239]]
[[0,0,0],[1,0,0],[0,1,0],[69,171,239]]
[[0,0,0],[1,0,0],[0,1,0],[43,213,239]]
[[0,0,0],[1,0,0],[0,1,0],[21,73,239]]
[[0,0,0],[1,0,0],[0,1,0],[3,14,239]]
[[0,0,0],[1,0,0],[0,1,0],[6,10,239]]
[[0,0,0],[1,0,0],[0,1,0],[102,156,239]]
[[0,0,0],[1,0,0],[0,1,0],[3,15,239]]
[[0,0,0],[1,0,0],[0,1,0],[26,97,239]]
[[0,0,0],[1,0,0],[0,1,0],[6,99,239]]
[[0,0,0],[1,0,0],[0,1,0],[10,45,239]]
[[0,0,0],[1,0,0],[0,1,0],[15,98,239]]
[[0,0,0],[1,0,0],[0,1,0],[7,42,239]]
[[0,0,0],[1,0,0],[0,1,0],[23,224,239]]
[[0,0,0],[1,0,0],[0,1,0],[5,31,239]]
[[0,0,0],[1,0,0],[0,1,0],[11,229,239]]
[[0,0,0],[1,0,0],[0,1,0],[32,70,239]]
[[0,0,0],[1,0,0],[0,1,0],[26,84,239]]
[[0,0,0],[1,0,0],[0,1,0],[17,33,239]]
[[0,0,0],[1,0,0],[0,1,0],[18,106,239]]
[[0,0,0],[1,0,0],[0,1,0],[25,34,239]]
[[0,0,0],[1,0,0],[0,1,0],[6,55,239]]
[[0,0,0],[1,0,0],[0,1,0],[19,67,239]]
[[0,0,0],[1,0,0],[0,1,0],[17,62,239]]
[[0,0,0],[1,0,0],[0,1,0],[3,111,239]]
[[0,0,0],[1,0,0],[0,1,0],[17,34,239]]
[[0,0,0],[1,0,0],[0,1,0],[8,59,239]]
[[0,0,0],[1,0,0],[0,1,0],[71,173,239]]
[[0,0,0],[1,0,0],[0,1,0],[5,73,239]]
[[0,0,0],[1,0,0],[0,1,0],[57,83,239]]
[[0,0,0],[1,0,0],[0,1,0],[3,86,239]]
[[0,0,0],[1,0,0],[0,1,0],[1,23,239]]
[[0,0,0],[1,0,0],[0,1,0],[72,168,239]]
[[0,0,0],[1,0,0],[0,1,0],[7,96,239]]
[[0,0,0],[1,0,0],[0,1,0],[17,72,239]]
[[0,0,0],[1,0,0],[0,1,0],[12,113,239]]
[[0,0,0],[1,0,0],[0,1,0],[25,216,239]]
[[0,0,0],[1,0,0],[0,1,0],[6,45,239]]
[[0,0,0],[1,0,0],[0,1,0],[3,52,239]]
[[0,0,0],[1,0,0],[0,1,0],[14,31,239]]
[[0,0,0],[1,0,0],[0,1,0],[9,45,239]]
[[0,0,0],[1,0,0],[0,1,0],[23,74,239]]
[[0,0,0],[1,0,0],[0,1,0],[10,88,239]]
[[0,0,0],[1,0,0],[0,1,0],[53,65,239]]
[[0,0,0],[1,0,0],[0,1,0],[2,110,239]]
[[0,0,0],[1,0,0],[0,1,0],[34,51,239]]
[[0,0,0],[1,0,0],[0,1,0],[27,58,239]]
[[0,0,0],[1,0,0],[0,1,0],[19,95,239]]
[[0,0,0],[1,0,0],[0,1,0],[36,49,239]]
[[0,0,0],[1,0,0],[0,1,0],[12,43,239]]
[[0,0,0],[1,0,0],[0,1,0],[19,50,239]]
[[0,0,0],[1,0,0],[0,1,0],[14,227,239]]
[[0,0,0],[1,0,0],[0,1,0],[36,83,239]]
[[0,0,0],[1,0,0],[0,1,0],[15,73,239]]
[[0,0,0],[1,0,0],[0,1,0],[15,83,239]]
[[0,0,0],[1,0,0],[0,1,0],[2,90,239]]
[[0,0,0],[1,0,0],[0,1,0],[25,218,239]]
[[0,0,0],[1,0,0],[0,1,0],[42,68,239]]
[[0,0,0],[1,0,0],[0,1,0],[29,57,239]]
[[0,0,0],[1,0,0],[0,1,0],[11,44,239]]
[[0,0,0],[1,0,0],[0,1,0],[28,218,239]]
[[0,0,0],[1,0,0],[0,1,0],[13,23,239]]
[[0,0,0],[1,0,0],[0,1,0],[22,219,239]]
[[0,0,0],[1,0,0],[0,1,0],[27,79,239]]
[[0,0,0],[1,0,0],[0,1,0],[13,33,239]]
[[0,0,0],[1,0,0],[0,1,0],[3,79,239]]
[[0,0,0],[1,0,0],[0,1,0],[9,114,239]]
[[0,0,0],[1,0,0],[0,1,0],[8,70,239]]
[[0,0,0],[1,0,0],[0,1,0],[11,96,239]]
[[0,0,0],[1,0,0],[0,1,0],[4,81,239]]
[[0,0,0],[1,0,0],[0,1,0],[18,76,239]]
[[0,0,0],[1,0,0],[0,1,0],[8,64,239]]
[[0,0,0],[1,0,0],[0,1,0],[7,11,239]]
[[0,0,0],[1,0,0],[0,1,0],[5,25,239]]
[[0,0,0],[1,0,0],[0,1,0],[19,36,239]]
[[0,0,0],[1,0,0],[0,1,0],[36,39,239]]
[[0,0,0],[1,0,0],[0,1,0],[7,62,239]]
[[0,0,0],[1,0,0],[0,1,0],[47,69,239]]
[[0,0,0],[1,0,0],[0,1,0],[50,211,239]]
[[0,0,0],[1,0,0],[0,1,0],[50,91,239]]
[[0,0,0],[1,0,0],[0,1,0],[8,10,239]]
[[0,0,0],[1,0,0],[0,1,0],[5,68,239]]
[[0,0,0],[1,0,0],[0,1,0],[12,74,239]]
[[0,0,0],[1,0,0],[0,1,0],[3,104,239]]
[[0,0,0],[1,0,0],[0,1,0],[2,55,239]]
[[0,0,0],[1,0,0],[0,1,0],[2,87,239]]
[[0,0,0],[1,0,0],[0,1,0],[42,64,239]]
[[0,0,0],[1,0,0],[0,1,0],[28,69,239]]
[[0,0,0],[1,0,0],[0,1,0],[17,101,239]]
[[0,0,0],[1,0,0],[0,1,0],[77,191,239]]
[[0,0,0],[1,0,0],[0,1,0],[5,42,239]]
[[0,0,0],[1,0,0],[0,1,0],[22,226,239]]
[[0,0,0],[1,0,0],[0,1,0],[51,208,239]]
[[0,0,0],[1,0,0],[0,1,0],[98,170,239]]
[[0,0,0],[1,0,0],[0,1,0],[19,29,239]]
[[0,0,0],[1,0,0],[0,1,0],[38,81,239]]
[[0,0,0],[1,0,0],[0,1,0],[3,18,239]]
[[0,0,0],[1,0,0],[0,1,0],[10,93,239]]
[[0,0,0],[1,0,0],[0,1,0],[32,78,239]]
[[0,0,0],[1,0,0],[0,1,0],[3,60,239]]
[[0,0,0],[1,0,0],[0,1,0],[3,97,239]]
[[0,0,0],[1,0,0],[0,1,0],[10,92,239]]
[[0,0,0],[1,0,0],[0,1,0],[4,71,239]]
[[0,0,0],[1,0,0],[0,1,0],[49,76,239]]
[[0,0,0],[1,0,0],[0,1,0],[8,14,239]]
[[0,0,0],[1,0,0],[0,1,0],[77,164,239]]
[[0,0,0],[1,0,0],[0,1,0],[23,226,239]]
[[0,0,0],[1,0,0],[0,1,0],[10,94,239]]
[[0,0,0],[1,0,0],[0,1,0],[18,110,239]]
[[0,0,0],[1,0,0],[0,1,0],[13,76,239]]
[[0,0,0],[1,0,0],[0,1,0],[12,78,239]]
[[0,0,0],[1,0,0],[0,1,0],[7,72,239]]
[[0,0,0],[1,0,0],[0,1,0],[49,90,239]]
[[0,0,0],[1,0,0],[0,1,0],[10,14,239]]
[[0,0,0],[1,0,0],[0,1,0],[59,73,239]]
[[0,0,0],[1,0,0],[0,1,0],[12,45,239]]
[[0,0,0],[1,0,0],[0,1,0],[14,55,239]]
[[0,0,0],[1,0,0],[0,1,0],[1,104,239]]
[[0,0,0],[1,0,0],[0,1,0],[117,124,239]]
[[0,0,0],[1,0,0],[0,1,0],[6,95,239]]
[[0,0,0],[1,0,0],[0,1,0],[21,28,239]]
[[0,0,0],[1,0,0],[0,1,0],[3,93,239]]
[[0,0,0],[1,0,0],[0,1,0],[10,83,239]]
[[0,0,0],[1,0,0],[0,1,0],[7,50,239]]
[[0,0,0],[1,0,0],[0,1,0],[7,53,239]]
[[0,0,0],[1,0,0],[0,1,0],[21,228,239]]
[[0,0,0],[1,0,0],[0,1,0],[37,214,239]]
[[0,0,0],[1,0,0],[0,1,0],[9,82,239]]
[[0,0,0],[1,0,0],[0,1,0],[10,53,239]]
[[0,0,0],[1,0,0],[0,1,0],[12,17,239]]
[[0,0,0],[1,0,0],[0,1,0],[12,83,239]]
[[0,0,0],[1,0,0],[0,1,0],[6,106,239]]
[[0,0,0],[1,0,0],[0,1,0],[14,18,239]]
[[0,0,0],[1,0,0],[0,1,0],[8,46,239]]
[[0,0,0],[1,0,0],[0,1,0],[2,15,239]]
[[0,0,0],[1,0,0],[0,1,0],[2,23,239]]
[[0,0,0],[1,0,0],[0,1,0],[8,28,239]]
[[0,0,0],[1,0,0],[0,1,0],[47,50,239]]
[[0,0,0],[1,0,0],[0,1,0],[5,67,239]]
[[0,0,0],[1,0,0],[0,1,0],[4,19,239]]
[[0,0,0],[1,0,0],[0,1,0],[2,51,239]]
[[0,0,0],[1,0,0],[0,1,0],[5,91,239]]
[[0,0,0],[1,0,0],[0,1,0],[13,73,239]]
[[0,0,0],[1,0,0],[0,1,0],[3,114,239]]
[[0,0,0],[1,0,0],[0,1,0],[18,44,239]]
[[0,0,0],[1,0,0],[0,1,0],[26,26,239]]
[[0,0,0],[1,0,0],[0,1,0],[5,104,239]]
[[0,0,0],[1,0,0],[0,1,0],[15,66,239]]
[[0,0,0],[1,0,0],[0,1,0],[10,99,239]]
[[0,0,0],[1,0,0],[0,1,0],[9,65,239]]
[[0,0,0],[1,0,0],[0,1,0],[3,112,239]]
[[0,0,0],[1,0,0],[0,1,0],[11,70,239]]
[[0,0,0],[1,0,0],[0,1,0],[3,116,239]]
[[0,0,0],[1,0,0],[0,1,0],[63,188,239]]
[[0,0,0],[1,0,0],[0,1,0],[9,47,239]]
[[0,0,0],[1,0,0],[0,1,0],[10,69,239]]
[[0,0,0],[1,0,0],[0,1,0],[3,58,239]]
[[0,0,0],[1,0,0],[0,1,0],[2,65,239]]
[[0,0,0],[1,0,0],[0,1,0],[2,16,239]]
[[0,0,0],[1,0,0],[0,1,0],[2,64,239]]
[[0,0,0],[1,0,0],[0,1,0],[3,83,239]]
[[0,0,0],[1,0,0],[0,1,0],[9,72,239]]
[[0,0,0],[1,0,0],[0,1,0],[18,97,239]]
[[0,0,0],[1,0,0],[0,1,0],[23,23,239]]
[[0,0,0],[1,0,0],[0,1,0],[29,31,239]]
[[0,0,0],[1,0,0],[0,1,0],[56,194,239]]
[[0,0,0],[1,0,0],[0,1,0],[9,22,239]]
[[0,0,0],[1,0,0],[0,1,0],[107,184,239]]
[[0,0,0],[1,0,0],[0,1,0],[13,99,239]]
[[0,0,0],[1,0,0],[0,1,0],[9,57,239]]
[[0,0,0],[1,0,0],[0,1,0],[27,215,239]]
[[0,0,0],[1,0,0],[0,1,0],[28,220,239]]
[[0,0,0],[1,0,0],[0,1,0],[76,82,239]]
[[0,0,0],[1,0,0],[0,1,0],[9,29,239]]
[[0,0,0],[1,0,0],[0,1,0],[9,11,239]]
[[0,0,0],[1,0,0],[0,1,0],[31,210,239]]
[[0,0,0],[1,0,0],[0,1,0],[4,67,239]]
[[0,0,0],[1,0,0],[0,1,0],[25,56,239]]
[[0,0,0],[1,0,0],[0,1,0],[23,96,239]]
[[0,0,0],[1,0,0],[0,1,0],[6,67,239]]
[[0,0,0],[1,0,0],[0,1,0],[7,114,239]]
[[0,0,0],[1,0,0],[0,1,0],[32,39,239]]
[[0,0,0],[1,0,0],[0,1,0],[23,53,239]]
[[0,0,0],[1,0,0],[0,1,0],[7,87,239]]
[[0,0,0],[1,0,0],[0,1,0],[3,56,239]]
[[0,0,0],[1,0,0],[0,1,0],[21,51,239]]
[[0,0,0],[1,0,0],[0,1,0],[28,33,239]]
[[0,0,0],[1,0,0],[0,1,0],[19,32,239]]
[[0,0,0],[1,0,0],[0,1,0],[26,81,239]]
[[0,0,0],[1,0,0],[0,1,0],[17,66,239]]
[[0,0,0],[1,0,0],[0,1,0],[22,71,239]]
[[0,0,0],[1,0,0],[0,1,0],[7,236,239]]
[[0,0,0],[1,0,0],[0,1,0],[15,51,239]]
[[0,0,0],[1,0,0],[0,1,0],[9,59,239]]
[[0,0,0],[1,0,0],[0,1,0],[8,63,239]]
[[0,0,0],[1,0,0],[0,1,0],[3,92,239]]
[[0,0,0],[1,0,0],[0,1,0],[3,38,239]]
[[0,0,0],[1,0,0],[0,1,0],[1,38,239]]
[[0,0,0],[1,0,0],[0,1,0],[12,35,239]]
[[0,0,0],[1,0,0],[0,1,0],[13,91,239]]
[[0,0,0],[1,0,0],[0,1,0],[5,74,239]]
[[0,0,0],[1,0,0],[0,1,0],[6,49,239]]
[[0,0,0],[1,0,0],[0,1,0],[7,66,239]]
[[0,0,0],[1,0,0],[0,1,0],[6,30,239]]
[[0,0,0],[1,0,0],[0,1,0],[11,65,239]]
[[0,0,0],[1,0,0],[0,1,0],[1,42,239]]
[[0,0,0],[1,0,0],[0,1,0],[6,33,239]]
[[0,0,0],[1,0,0],[0,1,0],[26,102,239]]
[[0,0,0],[1,0,0],[0,1,0],[4,8,239]]
[[0,0,0],[1,0,0],[0,1,0],[23,73,239]]
[[0,0,0],[1,0,0],[0,1,0],[21,223,239]]
[[0,0,0],[1,0,0],[0,1,0],[29,102,239]]
[[0,0,0],[1,0,0],[0,1,0],[47,88,239]]
[[0,0,0],[1,0,0],[0,1,0],[76,191,239]]
[[0,0,0],[1,0,0],[0,1,0],[25,58,239]]
[[0,0,0],[1,0,0],[0,1,0],[49,72,239]]
[[0,0,0],[1,0,0],[0,1,0],[13,21,239]]
[[0,0,0],[1,0,0],[0,1,0],[1,2,239]]
[[0,0,0],[1,0,0],[0,1,0],[3,64,239]]
[[0,0,0],[1,0,0],[0,1,0],[32,63,239]]
[[0,0,0],[1,0,0],[0,1,0],[13,38,239]]
[[0,0,0],[1,0,0],[0,1,0],[39,99,239]]
[[0,0,0],[1,0,0],[0,1,0],[12,66,239]]
[[0,0,0],[1,0,0],[0,1,0],[28,32,239]]
[[0,0,0],[1,0,0],[0,1,0],[10,19,239]]
[[0,0,0],[1,0,0],[0,1,0],[6,56,239]]
[[0,0,0],[1,0,0],[0,1,0],[2,81,239]]
[[0,0,0],[1,0,0],[0,1,0],[6,102,239]]
[[0,0,0],[1,0,0],[0,1,0],[10,57,239]]
[[0,0,0],[1,0,0],[0,1,0],[18,29,239]]
[[0,0,0],[1,0,0],[0,1,0],[13,77,239]]
[[0,0,0],[1,0,0],[0,1,0],[4,64,239]]
[[0,0,0],[1,0,0],[0,1,0],[26,37,239]]
[[0,0,0],[1,0,0],[0,1,0],[37,45,239]]
[[0,0,0],[1,0,0],[0,1,0],[32,83,239]]
[[0,0,0],[1,0,0],[0,1,0],[50,213,239]]
[[0,0,0],[1,0,0],[0,1,0],[5,98,239]]
[[0,0,0],[1,0,0],[0,1,0],[1,8,239]]
[[0,0,0],[1,0,0],[0,1,0],[28,104,239]]
[[0,0,0],[1,0,0],[0,1,0],[22,44,239]]
[[0,0,0],[1,0,0],[0,1,0],[10,29,239]]
[[0,0,0],[1,0,0],[0,1,0],[37,100,239]]
[[0,0,0],[1,0,0],[0,1,0],[6,26,239]]
[[0,0,0],[1,0,0],[0,1,0],[4,6,239]]
[[0,0,0],[1,0,0],[0,1,0],[2,33,239]]
[[0,0,0],[1,0,0],[0,1,0],[4,69,239]]
[[0,0,0],[1,0,0],[0,1,0],[25,32,239]]
[[0,0,0],[1,0,0],[0,1,0],[10,59,239]]
[[0,0,0],[1,0,0],[0,1,0],[49,59,239]]
[[0,0,0],[1,0,0],[0,1,0],[9,16,239]]
[[0,0,0],[1,0,0],[0,1,0],[39,207,239]]
[[0,0,0],[1,0,0],[0,1,0],[17,21,239]]
[[0,0,0],[1,0,0],[0,1,0],[17,76,239]]
[[0,0,0],[1,0,0],[0,1,0],[23,28,239]]
[[0,0,0],[1,0,0],[0,1,0],[36,102,239]]
[[0,0,0],[1,0,0],[0,1,0],[18,96,239]]
[[0,0,0],[1,0,0],[0,1,0],[44,83,239]]
[[0,0,0],[1,0,0],[0,1,0],[39,89,239]]
[[0,0,0],[1,0,0],[0,1,0],[15,77,239]]
[[0,0,0],[1,0,0],[0,1,0],[103,172,239]]
[[0,0,0],[1,0,0],[0,1,0],[7,86,239]]
[[0,0,0],[1,0,0],[0,1,0],[3,24,239]]
[[0,0,0],[1,0,0],[0,1,0],[23,57,239]]
[[0,0,0],[1,0,0],[0,1,0],[7,111,239]]
[[0,0,0],[1,0,0],[0,1,0],[8,93,239]]
[[0,0,0],[1,0,0],[0,1,0],[61,180,239]]
[[0,0,0],[1,0,0],[0,1,0],[10,16,239]]
[[0,0,0],[1,0,0],[0,1,0],[21,47,239]]
[[0,0,0],[1,0,0],[0,1,0],[19,79,239]]
[[0,0,0],[1,0,0],[0,1,0],[9,84,239]]
[[0,0,0],[1,0,0],[0,1,0],[65,70,239]]
[[0,0,0],[1,0,0],[0,1,0],[14,67,239]]
[[0,0,0],[1,0,0],[0,1,0],[61,76,239]]
[[0,0,0],[1,0,0],[0,1,0],[35,208,239]]
[[0,0,0],[1,0,0],[0,1,0],[6,76,239]]
[[0,0,0],[1,0,0],[0,1,0],[53,91,239]]
[[0,0,0],[1,0,0],[0,1,0],[3,103,239]]
[[0,0,0],[1,0,0],[0,1,0],[4,82,239]]
[[0,0,0],[1,0,0],[0,1,0],[38,65,239]]
[[0,0,0],[1,0,0],[0,1,0],[1,36,239]]
[[0,0,0],[1,0,0],[0,1,0],[21,76,239]]
[[0,0,0],[1,0,0],[0,1,0],[8,76,239]]
[[0,0,0],[1,0,0],[0,1,0],[27,97,239]]
[[0,0,0],[1,0,0],[0,1,0],[14,56,239]]
[[0,0,0],[1,0,0],[0,1,0],[8,105,239]]
[[0,0,0],[1,0,0],[0,1,0],[18,227,239]]
[[0,0,0],[1,0,0],[0,1,0],[3,67,239]]
[[0,0,0],[1,0,0],[0,1,0],[18,63,239]]
[[0,0,0],[1,0,0],[0,1,0],[35,218,239]]
[[0,0,0],[1,0,0],[0,1,0],[8,19,239]]
[[0,0,0],[1,0,0],[0,1,0],[2,20,239]]
[[0,0,0],[1,0,0],[0,1,0],[43,50,239]]
[[0,0,0],[1,0,0],[0,1,0],[8,15,239]]
[[0,0,0],[1,0,0],[0,1,0],[4,30,239]]
[[0,0,0],[1,0,0],[0,1,0],[6,47,239]]
[[0,0,0],[1,0,0],[0,1,0],[14,70,239]]
[[0,0,0],[1,0,0],[0,1,0],[10,22,239]]
[[0,0,0],[1,0,0],[0,1,0],[9,42,239]]
[[0,0,0],[1,0,0],[0,1,0],[38,73,239]]
[[0,0,0],[1,0,0],[0,1,0],[14,49,239]]
[[0,0,0],[1,0,0],[0,1,0],[6,94,239]]
[[0,0,0],[1,0,0],[0,1,0],[28,72,239]]
[[0,0,0],[1,0,0],[0,1,0],[32,208,239]]
[[0,0,0],[1,0,0],[0,1,0],[36,38,239]]
[[0,0,0],[1,0,0],[0,1,0],[105,172,239]]
[[0,0,0],[1,0,0],[0,1,0],[5,95,239]]
[[0,0,0],[1,0,0],[0,1,0],[4,16,239]]
[[0,0,0],[1,0,0],[0,1,0],[2,79,239]]
[[0,0,0],[1,0,0],[0,1,0],[2,82,239]]
[[0,0,0],[1,0,0],[0,1,0],[28,44,239]]
[[0,0,0],[1,0,0],[0,1,0],[5,14,239]]
[[0,0,0],[1,0,0],[0,1,0],[12,14,239]]
[[0,0,0],[1,0,0],[0,1,0],[38,210,239]]
[[0,0,0],[1,0,0],[0,1,0],[43,47,239]]
[[0,0,0],[1,0,0],[0,1,0],[27,218,239]]
[[0,0,0],[1,0,0],[0,1,0],[61,79,239]]
[[0,0,0],[1,0,0],[0,1,0],[6,62,239]]
[[0,0,0],[1,0,0],[0,1,0],[6,23,239]]
[[0,0,0],[1,0,0],[0,1,0],[39,91,239]]
[[0,0,0],[1,0,0],[0,1,0],[106,144,239]]
[[0,0,0],[1,0,0],[0,1,0],[28,97,239]]
[[0,0,0],[1,0,0],[0,1,0],[21,227,239]]
[[0,0,0],[1,0,0],[0,1,0],[14,76,239]]
[[0,0,0],[1,0,0],[0,1,0],[19,38,239]]
[[0,0,0],[1,0,0],[0,1,0],[109,154,239]]
[[0,0,0],[1,0,0],[0,1,0],[13,19,239]]
[[0,0,0],[1,0,0],[0,1,0],[58,73,239]]
[[0,0,0],[1,0,0],[0,1,0],[10,105,239]]
[[0,0,0],[1,0,0],[0,1,0],[73,77,239]]
[[0,0,0],[1,0,0],[0,1,0],[9,58,239]]
[[0,0,0],[1,0,0],[0,1,0],[2,27,239]]
[[0,0,0],[1,0,0],[0,1,0],[6,58,239]]
[[0,0,0],[1,0,0],[0,1,0],[38,72,239]]
[[0,0,0],[1,0,0],[0,1,0],[61,181,239]]
[[0,0,0],[1,0,0],[0,1,0],[1,15,239]]
[[0,0,0],[1,0,0],[0,1,0],[6,64,239]]
[[0,0,0],[1,0,0],[0,1,0],[49,192,239]]
[[0,0,0],[1,0,0],[0,1,0],[17,49,239]]
[[0,0,0],[1,0,0],[0,1,0],[9,61,239]]
[[0,0,0],[1,0,0],[0,1,0],[14,16,239]]
[[0,0,0],[1,0,0],[0,1,0],[19,64,239]]
[[0,0,0],[1,0,0],[0,1,0],[9,24,239]]
[[0,0,0],[1,0,0],[0,1,0],[15,53,239]]
[[0,0,0],[1,0,0],[0,1,0],[1,68,239]]
[[0,0,0],[1,0,0],[0,1,0],[17,36,239]]
[[0,0,0],[1,0,0],[0,1,0],[18,54,239]]
[[0,0,0],[1,0,0],[0,1,0],[21,63,239]]
[[0,0,0],[1,0,0],[0,1,0],[11,82,239]]
[[0,0,0],[1,0,0],[0,1,0],[4,18,239]]
[[0,0,0],[1,0,0],[0,1,0],[64,68,239]]
[[0,0,0],[1,0,0],[0,1,0],[39,95,239]]
[[0,0,0],[1,0,0],[0,1,0],[50,71,239]]
[[0,0,0],[1,0,0],[0,1,0],[5,18,239]]
[[0,0,0],[1,0,0],[0,1,0],[102,139,239]]
[[0,0,0],[1,0,0],[0,1,0],[57,183,239]]
[[0,0,0],[1,0,0],[0,1,0],[3,78,239]]
[[0,0,0],[1,0,0],[0,1,0],[15,67,239]]
[[0,0,0],[1,0,0],[0,1,0],[32,38,239]]
[[0,0,0],[1,0,0],[0,1,0],[6,83,239]]
[[0,0,0],[1,0,0],[0,1,0],[7,83,239]]
[[0,0,0],[1,0,0],[0,1,0],[13,54,239]]
[[0,0,0],[1,0,0],[0,1,0],[14,229,239]]
[[0,0,0],[1,0,0],[0,1,0],[17,93,239]]
[[0,0,0],[1,0,0],[0,1,0],[25,47,239]]
[[0,0,0],[1,0,0],[0,1,0],[3,50,239]]
[[0,0,0],[1,0,0],[0,1,0],[64,71,239]]
[[0,0,0],[1,0,0],[0,1,0],[21,82,239]]
[[0,0,0],[1,0,0],[0,1,0],[12,71,239]]
[[0,0,0],[1,0,0],[0,1,0],[73,76,239]]
[[0,0,0],[1,0,0],[0,1,0],[21,54,239]]
[[0,0,0],[1,0,0],[0,1,0],[36,68,239]]
[[0,0,0],[1,0,0],[0,1,0],[29,76,239]]
[[0,0,0],[1,0,0],[0,1,0],[11,86,239]]
[[0,0,0],[1,0,0],[0,1,0],[43,200,239]]
[[0,0,0],[1,0,0],[0,1,0],[2,96,239]]
[[0,0,0],[1,0,0],[0,1,0],[43,55,239]]
[[0,0,0],[1,0,0],[0,1,0],[59,81,239]]
[[0,0,0],[1,0,0],[0,1,0],[35,73,239]]
[[0,0,0],[1,0,0],[0,1,0],[4,34,239]]
[[0,0,0],[1,0,0],[0,1,0],[50,77,239]]
[[0,0,0],[1,0,0],[0,1,0],[1,96,239]]
[[0,0,0],[1,0,0],[0,1,0],[7,26,239]]
[[0,0,0],[1,0,0],[0,1,0],[19,56,239]]
[[0,0,0],[1,0,0],[0,1,0],[50,199,239]]
[[0,0,0],[1,0,0],[0,1,0],[5,84,239]]
[[0,0,0],[1,0,0],[0,1,0],[3,57,239]]
[[0,0,0],[1,0,0],[0,1,0],[2,70,239]]
[[0,0,0],[1,0,0],[0,1,0],[11,33,239]]
[[0,0,0],[1,0,0],[0,1,0],[13,52,239]]
[[0,0,0],[1,0,0],[0,1,0],[13,32,239]]
[[0,0,0],[1,0,0],[0,1,0],[29,98,239]]
[[0,0,0],[1,0,0],[0,1,0],[6,87,239]]
[[0,0,0],[1,0,0],[0,1,0],[36,36,239]]
[[0,0,0],[1,0,0],[0,1,0],[36,96,239]]
[[0,0,0],[1,0,0],[0,1,0],[13,112,239]]
[[0,0,0],[1,0,0],[0,1,0],[18,18,239]]
[[0,0,0],[1,0,0],[0,1,0],[14,22,239]]
[[0,0,0],[1,0,0],[0,1,0],[9,94,239]]
[[0,0,0],[1,0,0],[0,1,0],[6,15,239]]
[[0,0,0],[1,0,0],[0,1,0],[36,204,239]]
[[0,0,0],[1,0,0],[0,1,0],[1,13,239]]
[[0,0,0],[1,0,0],[0,1,0],[21,57,239]]
[[0,0,0],[1,0,0],[0,1,0],[25,83,239]]
[[0,0,0],[1,0,0],[0,1,0],[72,188,239]]
[[0,0,0],[1,0,0],[0,1,0],[50,76,239]]
[[0,0,0],[1,0,0],[0,1,0],[37,203,239]]
[[0,0,0],[1,0,0],[0,1,0],[2,57,239]]
[[0,0,0],[1,0,0],[0,1,0],[6,90,239]]
[[0,0,0],[1,0,0],[0,1,0],[25,38,239]]
[[0,0,0],[1,0,0],[0,1,0],[51,72,239]]
[[0,0,0],[1,0,0],[0,1,0],[7,59,239]]
[[0,0,0],[1,0,0],[0,1,0],[11,18,239]]
[[0,0,0],[1,0,0],[0,1,0],[43,61,239]]
[[0,0,0],[1,0,0],[0,1,0],[44,77,239]]
[[0,0,0],[1,0,0],[0,1,0],[12,33,239]]
[[0,0,0],[1,0,0],[0,1,0],[43,85,239]]
[[0,0,0],[1,0,0],[0,1,0],[1,37,239]]
[[0,0,0],[1,0,0],[0,1,0],[22,53,239]]
[[0,0,0],[1,0,0],[0,1,0],[68,77,239]]
[[0,0,0],[1,0,0],[0,1,0],[8,47,239]]
[[0,0,0],[1,0,0],[0,1,0],[1,89,239]]
[[0,0,0],[1,0,0],[0,1,0],[14,34,239]]
[[0,0,0],[1,0,0],[0,1,0],[1,29,239]]
[[0,0,0],[1,0,0],[0,1,0],[21,75,239]]
[[0,0,0],[1,0,0],[0,1,0],[9,12,239]]
[[0,0,0],[1,0,0],[0,1,0],[11,64,239]]
[[0,0,0],[1,0,0],[0,1,0],[22,61,239]]
[[0,0,0],[1,0,0],[0,1,0],[8,11,239]]
[[0,0,0],[1,0,0],[0,1,0],[25,84,239]]
[[0,0,0],[1,0,0],[0,1,0],[28,41,239]]
[[0,0,0],[1,0,0],[0,1,0],[37,90,239]]
[[0,0,0],[1,0,0],[0,1,0],[90,170,239]]
[[0,0,0],[1,0,0],[0,1,0],[4,12,239]]
[[0,0,0],[1,0,0],[0,1,0],[27,101,239]]
[[0,0,0],[1,0,0],[0,1,0],[58,81,239]]
[[0,0,0],[1,0,0],[0,1,0],[13,50,239]]
[[0,0,0],[1,0,0],[0,1,0],[8,90,239]]
[[0,0,0],[1,0,0],[0,1,0],[37,66,239]]
[[0,0,0],[1,0,0],[0,1,0],[44,72,239]]
[[0,0,0],[1,0,0],[0,1,0],[5,107,239]]
[[0,0,0],[1,0,0],[0,1,0],[38,78,239]]
[[0,0,0],[1,0,0],[0,1,0],[29,32,239]]
[[0,0,0],[1,0,0],[0,1,0],[37,212,239]]
[[0,0,0],[1,0,0],[0,1,0],[6,91,239]]
[[0,0,0],[1,0,0],[0,1,0],[6,11,239]]
[[0,0,0],[1,0,0],[0,1,0],[4,27,239]]
[[0,0,0],[1,0,0],[0,1,0],[29,37,239]]
[[0,0,0],[1,0,0],[0,1,0],[37,211,239]]
[[0,0,0],[1,0,0],[0,1,0],[53,193,239]]
[[0,0,0],[1,0,0],[0,1,0],[10,34,239]]
[[0,0,0],[1,0,0],[0,1,0],[3,100,239]]
[[0,0,0],[1,0,0],[0,1,0],[13,85,239]]
[[0,0,0],[1,0,0],[0,1,0],[13,58,239]]
[[0,0,0],[1,0,0],[0,1,0],[37,97,239]]
[[0,0,0],[1,0,0],[0,1,0],[13,56,239]]
[[0,0,0],[1,0,0],[0,1,0],[27,219,239]]
[[0,0,0],[1,0,0],[0,1,0],[2,49,239]]
[[0,0,0],[1,0,0],[0,1,0],[4,74,239]]
[[0,0,0],[1,0,0],[0,1,0],[22,94,239]]
[[0,0,0],[1,0,0],[0,1,0],[32,74,239]]
[[0,0,0],[1,0,0],[0,1,0],[26,29,239]]
[[0,0,0],[1,0,0],[0,1,0],[7,67,239]]
[[0,0,0],[1,0,0],[0,1,0],[28,37,239]]
[[0,0,0],[1,0,0],[0,1,0],[5,7,239]]
[[0,0,0],[1,0,0],[0,1,0],[12,81,239]]
[[0,0,0],[1,0,0],[0,1,0],[18,49,239]]
[[0,0,0],[1,0,0],[0,1,0],[21,105,239]]
[[0,0,0],[1,0,0],[0,1,0],[45,211,239]]
[[0,0,0],[1,0,0],[0,1,0],[12,229,239]]
[[0,0,0],[1,0,0],[0,1,0],[64,202,239]]
[[0,0,0],[1,0,0],[0,1,0],[10,12,239]]
[[0,0,0],[1,0,0],[0,1,0],[2,4,239]]
[[0,0,0],[1,0,0],[0,1,0],[5,13,239]]
[[0,0,0],[1,0,0],[0,1,0],[17,89,239]]
[[0,0,0],[1,0,0],[0,1,0],[4,65,239]]
[[0,0,0],[1,0,0],[0,1,0],[17,23,239]]
[[0,0,0],[1,0,0],[0,1,0],[6,20,239]]
[[0,0,0],[1,0,0],[0,1,0],[13,97,239]]
[[0,0,0],[1,0,0],[0,1,0],[26,35,239]]
[[0,0,0],[1,0,0],[0,1,0],[21,78,239]]
[[0,0,0],[1,0,0],[0,1,0],[64,191,239]]
[[0,0,0],[1,0,0],[0,1,0],[14,39,239]]
[[0,0,0],[1,0,0],[0,1,0],[49,61,239]]
[[0,0,0],[1,0,0],[0,1,0],[12,99,239]]
[[0,0,0],[1,0,0],[0,1,0],[59,76,239]]
[[0,0,0],[1,0,0],[0,1,0],[42,51,239]]
[[0,0,0],[1,0,0],[0,1,0],[8,111,239]]
[[0,0,0],[1,0,0],[0,1,0],[32,59,239]]
[[0,0,0],[1,0,0],[0,1,0],[34,45,239]]
[[0,0,0],[1,0,0],[0,1,0],[72,191,239]]
[[0,0,0],[1,0,0],[0,1,0],[17,110,239]]
[[0,0,0],[1,0,0],[0,1,0],[34,88,239]]
[[0,0,0],[1,0,0],[0,1,0],[18,28,239]]
[[0,0,0],[1,0,0],[0,1,0],[34,212,239]]
[[0,0,0],[1,0,0],[0,1,0],[32,217,239]]
[[0,0,0],[1,0,0],[0,1,0],[21,42,239]]
[[0,0,0],[1,0,0],[0,1,0],[13,28,239]]
[[0,0,0],[1,0,0],[0,1,0],[39,58,239]]
[[0,0,0],[1,0,0],[0,1,0],[4,114,239]]
[[0,0,0],[1,0,0],[0,1,0],[34,94,239]]
[[0,0,0],[1,0,0],[0,1,0],[7,10,239]]
[[0,0,0],[1,0,0],[0,1,0],[3,51,239]]
[[0,0,0],[1,0,0],[0,1,0],[50,198,239]]
[[0,0,0],[1,0,0],[0,1,0],[3,13,239]]
[[0,0,0],[1,0,0],[0,1,0],[13,111,239]]
[[0,0,0],[1,0,0],[0,1,0],[27,70,239]]
[[0,0,0],[1,0,0],[0,1,0],[21,26,239]]
[[0,0,0],[1,0,0],[0,1,0],[9,33,239]]
[[0,0,0],[1,0,0],[0,1,0],[73,197,239]]
[[0,0,0],[1,0,0],[0,1,0],[45,55,239]]
[[0,0,0],[1,0,0],[0,1,0],[35,82,239]]
[[0,0,0],[1,0,0],[0,1,0],[14,27,239]]
[[0,0,0],[1,0,0],[0,1,0],[44,212,239]]
[[0,0,0],[1,0,0],[0,1,0],[5,32,239]]
[[0,0,0],[1,0,0],[0,1,0],[70,170,239]]
[[0,0,0],[1,0,0],[0,1,0],[2,94,239]]
[[0,0,0],[1,0,0],[0,1,0],[31,70,239]]
[[0,0,0],[1,0,0],[0,1,0],[5,89,239]]
[[0,0,0],[1,0,0],[0,1,0],[7,75,239]]
[[0,0,0],[1,0,0],[0,1,0],[38,202,239]]
[[0,0,0],[1,0,0],[0,1,0],[18,42,239]]
[[0,0,0],[1,0,0],[0,1,0],[19,19,239]]
[[0,0,0],[1,0,0],[0,1,0],[38,213,239]]
[[0,0,0],[1,0,0],[0,1,0],[18,27,239]]
[[0,0,0],[1,0,0],[0,1,0],[13,57,239]]
[[0,0,0],[1,0,0],[0,1,0],[55,211,239]]
[[0,0,0],[1,0,0],[0,1,0],[3,32,239]]
[[0,0,0],[1,0,0],[0,1,0],[3,10,239]]
[[0,0,0],[1,0,0],[0,1,0],[31,51,239]]
[[0,0,0],[1,0,0],[0,1,0],[11,84,239]]
[[0,0,0],[1,0,0],[0,1,0],[11,93,239]]
[[0,0,0],[1,0,0],[0,1,0],[6,27,239]]
[[0,0,0],[1,0,0],[0,1,0],[107,138,239]]
[[0,0,0],[1,0,0],[0,1,0],[70,171,239]]
[[0,0,0],[1,0,0],[0,1,0],[13,104,239]]
[[0,0,0],[1,0,0],[0,1,0],[14,62,239]]
[[0,0,0],[1,0,0],[0,1,0],[14,231,239]]
[[0,0,0],[1,0,0],[0,1,0],[2,92,239]]
[[0,0,0],[1,0,0],[0,1,0],[23,221,239]]
[[0,0,0],[1,0,0],[0,1,0],[4,109,239]]
[[0,0,0],[1,0,0],[0,1,0],[14,104,239]]
[[0,0,0],[1,0,0],[0,1,0],[5,44,239]]
[[0,0,0],[1,0,0],[0,1,0],[19,94,239]]
[[0,0,0],[1,0,0],[0,1,0],[29,213,239]]
[[0,0,0],[1,0,0],[0,1,0],[15,49,239]]
[[0,0,0],[1,0,0],[0,1,0],[15,43,239]]
[[0,0,0],[1,0,0],[0,1,0],[5,35,239]]
[[0,0,0],[1,0,0],[0,1,0],[32,96,239]]
[[0,0,0],[1,0,0],[0,1,0],[2,83,239]]
[[0,0,0],[1,0,0],[0,1,0],[3,72,239]]
[[0,0,0],[1,0,0],[0,1,0],[4,29,239]]
[[0,0,0],[1,0,0],[0,1,0],[7,90,239]]
[[0,0,0],[1,0,0],[0,1,0],[4,47,239]]
[[0,0,0],[1,0,0],[0,1,0],[2,48,239]]
[[0,0,0],[1,0,0],[0,1,0],[63,65,239]]
[[0,0,0],[1,0,0],[0,1,0],[15,84,239]]
[[0,0,0],[1,0,0],[0,1,0],[19,83,239]]
[[0,0,0],[1,0,0],[0,1,0],[23,79,239]]
[[0,0,0],[1,0,0],[0,1,0],[11,51,239]]
[[0,0,0],[1,0,0],[0,1,0],[25,106,239]]
[[0,0,0],[1,0,0],[0,1,0],[26,96,239]]
[[0,0,0],[1,0,0],[0,1,0],[17,82,239]]
[[0,0,0],[1,0,0],[0,1,0],[1,58,239]]
[[0,0,0],[1,0,0],[0,1,0],[43,75,239]]
[[0,0,0],[1,0,0],[0,1,0],[10,27,239]]
[[0,0,0],[1,0,0],[0,1,0],[65,202,239]]
[[0,0,0],[1,0,0],[0,1,0],[11,54,239]]
[[0,0,0],[1,0,0],[0,1,0],[25,61,239]]
[[0,0,0],[1,0,0],[0,1,0],[45,214,239]]
[[0,0,0],[1,0,0],[0,1,0],[50,64,239]]
[[0,0,0],[1,0,0],[0,1,0],[6,51,239]]
[[0,0,0],[1,0,0],[0,1,0],[68,68,239]]
[[0,0,0],[1,0,0],[0,1,0],[17,224,239]]
[[0,0,0],[1,0,0],[0,1,0],[10,102,239]]
[[0,0,0],[1,0,0],[0,1,0],[2,68,239]]
[[0,0,0],[1,0,0],[0,1,0],[3,82,239]]
[[0,0,0],[1,0,0],[0,1,0],[17,95,239]]
[[0,0,0],[1,0,0],[0,1,0],[19,221,239]]
[[0,0,0],[1,0,0],[0,1,0],[38,68,239]]
[[0,0,0],[1,0,0],[0,1,0],[13,63,239]]
[[0,0,0],[1,0,0],[0,1,0],[9,38,239]]
[[0,0,0],[1,0,0],[0,1,0],[13,233,239]]
[[0,0,0],[1,0,0],[0,1,0],[28,84,239]]
[[0,0,0],[1,0,0],[0,1,0],[56,184,239]]
[[0,0,0],[1,0,0],[0,1,0],[2,106,239]]
[[0,0,0],[1,0,0],[0,1,0],[9,108,239]]
[[0,0,0],[1,0,0],[0,1,0],[10,75,239]]
[[0,0,0],[1,0,0],[0,1,0],[5,237,239]]
[[0,0,0],[1,0,0],[0,1,0],[18,72,239]]
[[0,0,0],[1,0,0],[0,1,0],[21,41,239]]
[[0,0,0],[1,0,0],[0,1,0],[15,35,239]]
[[0,0,0],[1,0,0],[0,1,0],[25,50,239]]
[[0,0,0],[1,0,0],[0,1,0],[2,78,239]]
[[0,0,0],[1,0,0],[0,1,0],[6,86,239]]
[[0,0,0],[1,0,0],[0,1,0],[12,82,239]]
[[0,0,0],[1,0,0],[0,1,0],[17,45,239]]
[[0,0,0],[1,0,0],[0,1,0],[27,29,239]]
[[0,0,0],[1,0,0],[0,1,0],[55,79,239]]
[[0,0,0],[1,0,0],[0,1,0],[13,74,239]]
[[0,0,0],[1,0,0],[0,1,0],[49,79,239]]
[[0,0,0],[1,0,0],[0,1,0],[2,18,239]]
[[0,0,0],[1,0,0],[0,1,0],[14,17,239]]
[[0,0,0],[1,0,0],[0,1,0],[6,84,239]]
[[0,0,0],[1,0,0],[0,1,0],[31,102,239]]
[[0,0,0],[1,0,0],[0,1,0],[99,156,239]]
[[0,0,0],[1,0,0],[0,1,0],[56,197,239]]
[[0,0,0],[1,0,0],[0,1,0],[4,31,239]]
[[0,0,0],[1,0,0],[0,1,0],[19,33,239]]
[[0,0,0],[1,0,0],[0,1,0],[7,63,239]]
[[0,0,0],[1,0,0],[0,1,0],[7,37,239]]
[[0,0,0],[1,0,0],[0,1,0],[5,27,239]]
[[0,0,0],[1,0,0],[0,1,0],[1,10,239]]
[[0,0,0],[1,0,0],[0,1,0],[18,70,239]]
[[0,0,0],[1,0,0],[0,1,0],[21,88,239]]
[[0,0,0],[1,0,0],[0,1,0],[10,73,239]]
[[0,0,0],[1,0,0],[0,1,0],[3,9,239]]
[[0,0,0],[1,0,0],[0,1,0],[36,72,239]]
[[0,0,0],[1,0,0],[0,1,0],[6,31,239]]
[[0,0,0],[1,0,0],[0,1,0],[31,39,239]]
[[0,0,0],[1,0,0],[0,1,0],[4,54,239]]
[[0,0,0],[1,0,0],[0,1,0],[9,18,239]]
[[0,0,0],[1,0,0],[0,1,0],[47,197,239]]
[[0,0,0],[1,0,0],[0,1,0],[28,106,239]]
[[0,0,0],[1,0,0],[0,1,0],[5,105,239]]
[[0,0,0],[1,0,0],[0,1,0],[7,31,239]]
[[0,0,0],[1,0,0],[0,1,0],[9,36,239]]
[[0,0,0],[1,0,0],[0,1,0],[9,39,239]]
[[0,0,0],[1,0,0],[0,1,0],[22,43,239]]
[[0,0,0],[1,0,0],[0,1,0],[15,58,239]]
[[0,0,0],[1,0,0],[0,1,0],[3,113,239]]
[[0,0,0],[1,0,0],[0,1,0],[7,99,239]]
[[0,0,0],[1,0,0],[0,1,0],[42,72,239]]
[[0,0,0],[1,0,0],[0,1,0],[35,74,239]]
[[0,0,0],[1,0,0],[0,1,0],[57,78,239]]
[[0,0,0],[1,0,0],[0,1,0],[4,38,239]]
[[0,0,0],[1,0,0],[0,1,0],[69,69,239]]
[[0,0,0],[1,0,0],[0,1,0],[17,53,239]]
[[0,0,0],[1,0,0],[0,1,0],[3,17,239]]
[[0,0,0],[1,0,0],[0,1,0],[1,57,239]]
[[0,0,0],[1,0,0],[0,1,0],[4,62,239]]
[[0,0,0],[1,0,0],[0,1,0],[19,46,239]]
[[0,0,0],[1,0,0],[0,1,0],[2,58,239]]
[[0,0,0],[1,0,0],[0,1,0],[22,96,239]]
[[0,0,0],[1,0,0],[0,1,0],[13,69,239]]
[[0,0,0],[1,0,0],[0,1,0],[8,96,239]]
[[0,0,0],[1,0,0],[0,1,0],[2,61,239]]
[[0,0,0],[1,0,0],[0,1,0],[15,27,239]]
[[0,0,0],[1,0,0],[0,1,0],[7,74,239]]
[[0,0,0],[1,0,0],[0,1,0],[18,71,239]]
[[0,0,0],[1,0,0],[0,1,0],[34,63,239]]
[[0,0,0],[1,0,0],[0,1,0],[11,92,239]]
[[0,0,0],[1,0,0],[0,1,0],[14,33,239]]
[[0,0,0],[1,0,0],[0,1,0],[15,81,239]]
[[0,0,0],[1,0,0],[0,1,0],[108,156,239]]
[[0,0,0],[1,0,0],[0,1,0],[13,59,239]]
[[0,0,0],[1,0,0],[0,1,0],[12,19,239]]
[[0,0,0],[1,0,0],[0,1,0],[45,72,239]]
[[0,0,0],[1,0,0],[0,1,0],[21,89,239]]
[[0,0,0],[1,0,0],[0,1,0],[15,26,239]]
[[0,0,0],[1,0,0],[0,1,0],[1,47,239]]
[[0,0,0],[1,0,0],[0,1,0],[10,54,239]]
[[0,0,0],[1,0,0],[0,1,0],[49,66,239]]
[[0,0,0],[1,0,0],[0,1,0],[15,111,239]]
[[0,0,0],[1,0,0],[0,1,0],[6,234,239]]
[[0,0,0],[1,0,0],[0,1,0],[12,102,239]]
[[0,0,0],[1,0,0],[0,1,0],[28,28,239]]
[[0,0,0],[1,0,0],[0,1,0],[18,108,239]]
[[0,0,0],[1,0,0],[0,1,0],[39,202,239]]
[[0,0,0],[1,0,0],[0,1,0],[7,68,239]]
[[0,0,0],[1,0,0],[0,1,0],[6,22,239]]
[[0,0,0],[1,0,0],[0,1,0],[29,34,239]]
[[0,0,0],[1,0,0],[0,1,0],[29,61,239]]
[[0,0,0],[1,0,0],[0,1,0],[2,85,239]]
[[0,0,0],[1,0,0],[0,1,0],[26,68,239]]
[[0,0,0],[1,0,0],[0,1,0],[4,66,239]]
[[0,0,0],[1,0,0],[0,1,0],[4,88,239]]
[[0,0,0],[1,0,0],[0,1,0],[45,79,239]]
[[0,0,0],[1,0,0],[0,1,0],[29,223,239]]
[[0,0,0],[1,0,0],[0,1,0],[8,44,239]]
[[0,0,0],[1,0,0],[0,1,0],[19,223,239]]
[[0,0,0],[1,0,0],[0,1,0],[2,80,239]]
[[0,0,0],[1,0,0],[0,1,0],[7,103,239]]
[[0,0,0],[1,0,0],[0,1,0],[35,76,239]]
[[0,0,0],[1,0,0],[0,1,0],[11,14,239]]
[[0,0,0],[1,0,0],[0,1,0],[0,1,239]]
[[0,0,0],[1,0,0],[0,1,0],[29,51,239]]
[[0,0,0],[1,0,0],[0,1,0],[69,173,239]]
[[0,0,0],[1,0,0],[0,1,0],[44,67,239]]
[[0,0,0],[1,0,0],[0,1,0],[45,207,239]]
[[0,0,0],[1,0,0],[0,1,0],[7,47,239]]
[[0,0,0],[1,0,0],[0,1,0],[1,4,239]]
[[0,0,0],[1,0,0],[0,1,0],[35,72,239]]
[[0,0,0],[1,0,0],[0,1,0],[3,84,239]]
[[0,0,0],[1,0,0],[0,1,0],[44,96,239]]
[[0,0,0],[1,0,0],[0,1,0],[7,81,239]]
[[0,0,0],[1,0,0],[0,1,0],[11,37,239]]
[[0,0,0],[1,0,0],[0,1,0],[14,77,239]]
[[0,0,0],[1,0,0],[0,1,0],[17,67,239]]
[[0,0,0],[1,0,0],[0,1,0],[14,23,239]]
[[0,0,0],[1,0,0],[0,1,0],[21,108,239]]
[[0,0,0],[1,0,0],[0,1,0],[14,26,239]]
[[0,0,0],[1,0,0],[0,1,0],[11,41,239]]
[[0,0,0],[1,0,0],[0,1,0],[58,58,239]]
[[0,0,0],[1,0,0],[0,1,0],[8,36,239]]
[[0,0,0],[1,0,0],[0,1,0],[26,217,239]]
[[0,0,0],[1,0,0],[0,1,0],[55,212,239]]
[[0,0,0],[1,0,0],[0,1,0],[19,90,239]]
[[0,0,0],[1,0,0],[0,1,0],[12,105,239]]
[[0,0,0],[1,0,0],[0,1,0],[12,44,239]]
[[0,0,0],[1,0,0],[0,1,0],[103,138,239]]
[[0,0,0],[1,0,0],[0,1,0],[35,44,239]]
[[0,0,0],[1,0,0],[0,1,0],[21,90,239]]
[[0,0,0],[1,0,0],[0,1,0],[27,43,239]]
[[0,0,0],[1,0,0],[0,1,0],[2,28,239]]
[[0,0,0],[1,0,0],[0,1,0],[4,39,239]]
[[0,0,0],[1,0,0],[0,1,0],[79,191,239]]
[[0,0,0],[1,0,0],[0,1,0],[4,72,239]]
