[[0,0,0],[1,0,0],[0,2,0],[2,10,12]]
[[0,0,0],[1,0,0],[0,2,0],[9,2,12]]
[[0,0,0],[1,0,0],[0,1,0],[1,11,24]]
[[0,0,0],[1,0,0],[0,1,0],[10,5,24]]
[[0,0,0],[1,0,0],[0,1,0],[3,7,24]]
[[0,0,0],[1,0,0],[0,1,0],[14,23,24]]
[[0,0,0],[1,0,0],[0,1,0],[23,23,24]]
[[0,0,0],[2,0,0],[0,1,0],[3,1,12]]
[[0,0,0],[1,0,0],[0,1,0],[20,21,24]]
[[0,0,0],[2,0,0],[0,2,0],[2,2,6]]
[[0,0,0],[1,0,0],[0,1,0],[2,17,24]]
[[0,0,0],[1,0,0],[0,1,0],[1,7,24]]
[[0,0,0],[1,0,0],[0,2,0],[5,10,12]]
[[0,0,0],[1,0,0],[0,1,0],[22,23,24]]
[[0,0,0],[1,0,0],[0,1,0],[8,1,24]]
[[0,0,0],[1,0,0],[0,1,0],[3,13,24]]
[[0,0,0],[1,0,0],[1,2,0],[7,8,12]]
[[0,0,0],[1,0,0],[0,1,0],[3,19,24]]
[[0,0,0],[1,0,0],[0,1,0],[15,22,24]]
[[0,0,0],[1,0,0],[0,1,0],[18,23,24]]
[[0,0,0],[1,0,0],[1,2,0],[3,9,12]]
[[0,0,0],[1,0,0],[0,1,0],[12,13,24]]
[[0,0,0],[1,0,0],[1,2,0],[1,2,12]]
[[0,0,0],[1,0,0],[0,1,0],[14,14,24]]
[[0,0,0],[3,0,0],[0,1,0],[4,5,8]]
[[0,0,0],[1,0,0],[0,1,0],[20,5,24]]
[[0,0,0],[1,0,0],[0,1,0],[10,1,24]]
[[0,0,0],[1,0,0],[0,2,0],[2,2,12]]
[[0,0,0],[1,0,0],[0,2,0],[7,2,12]]
[[0,0,0],[1,0,0],[0,1,0],[6,19,24]]
[[0,0,0],[1,0,0],[0,1,0],[2,13,24]]
[[0,0,0],[1,0,0],[0,1,0],[22,11,24]]
[[0,0,0],[1,0,0],[0,1,0],[21,22,24]]
[[0,0,0],[1,0,0],[0,1,0],[5,5,24]]
[[0,0,0],[1,0,0],[0,1,0],[9,22,24]]
[[0,0,0],[2,0,0],[0,1,0],[0,7,12]]
[[0,0,0],[1,0,0],[0,2,0],[4,6,12]]
[[0,0,0],[1,0,0],[0,1,0],[21,7,24]]
[[0,0,0],[1,0,0],[0,1,0],[4,9,24]]
[[0,0,0],[1,0,0],[0,1,0],[4,3,24]]
[[0,0,0],[2,0,0],[0,2,0],[4,4,6]]
[[0,0,0],[1,0,0],[0,1,0],[14,7,24]]
[[0,0,0],[1,0,0],[0,1,0],[15,14,24]]
[[0,0,0],[1,0,0],[1,2,0],[5,4,12]]
[[0,0,0],[1,0,0],[0,1,0],[4,1,24]]
[[0,0,0],[1,0,0],[0,1,0],[6,7,24]]
[[0,0,0],[2,0,0],[0,1,0],[4,7,12]]
[[0,0,0],[1,0,0],[0,1,0],[3,10,24]]
[[0,0,0],[1,0,0],[0,2,0],[5,2,12]]
[[0,0,0],[1,0,0],[0,1,0],[9,7,24]]
[[0,0,0],[1,0,0],[0,1,0],[15,10,24]]
[[0,0,0],[1,0,0],[0,1,0],[6,3,24]]
[[0,0,0],[2,0,0],[0,1,0],[6,7,12]]
[[0,0,0],[1,0,0],[0,2,0],[1,2,12]]
[[0,0,0],[1,0,0],[0,1,0],[13,17,24]]
[[0,0,0],[1,0,0],[0,1,0],[1,1,24]]
[[0,0,0],[1,0,0],[0,2,0],[6,2,12]]
[[0,0,0],[1,0,0],[0,2,0],[11,10,12]]
[[0,0,0],[1,0,0],[0,1,0],[7,7,24]]
[[0,0,0],[1,0,0],[1,2,0],[9,9,12]]
[[0,0,0],[1,0,0],[0,1,0],[2,23,24]]
[[0,0,0],[1,0,0],[1,2,0],[5,2,12]]
[[0,0,0],[1,0,0],[0,1,0],[10,17,24]]
[[0,0,0],[1,0,0],[0,1,0],[6,11,24]]
[[0,0,0],[1,0,0],[0,1,0],[15,13,24]]
[[0,0,0],[1,0,0],[0,2,0],[3,8,12]]
[[0,0,0],[1,0,0],[0,1,0],[20,17,24]]
[[0,0,0],[1,0,0],[0,1,0],[3,22,24]]
[[0,0,0],[1,0,0],[0,2,0],[2,4,12]]
[[0,0,0],[1,0,0],[0,1,0],[2,5,24]]
[[0,0,0],[1,0,0],[0,1,0],[9,1,24]]
[[0,0,0],[1,0,0],[0,1,0],[11,11,24]]
[[0,0,0],[1,0,0],[0,1,0],[1,5,24]]
[[0,0,0],[1,0,0],[0,1,0],[20,23,24]]
[[0,0,0],[2,0,0],[0,1,0],[3,7,12]]
[[0,0,0],[1,0,0],[0,1,0],[16,17,24]]
[[0,0,0],[1,0,0],[0,2,0],[3,2,12]]
[[0,0,0],[1,0,0],[0,1,0],[17,17,24]]
[[0,0,0],[2,0,0],[0,2,0],[3,2,6]]
[[0,0,0],[1,0,0],[1,4,0],[3,0,6]]
[[0,0,0],[1,0,0],[1,2,0],[10,4,12]]
[[0,0,0],[1,0,0],[0,1,0],[5,11,24]]
[[0,0,0],[2,0,0],[0,1,0],[0,1,12]]
[[0,0,0],[1,0,0],[0,1,0],[4,21,24]]
[[0,0,0],[1,0,0],[0,1,0],[15,2,24]]
[[0,0,0],[1,0,0],[0,1,0],[8,5,24]]
[[0,0,0],[1,0,0],[0,1,0],[3,14,24]]
[[0,0,0],[1,0,0],[0,1,0],[3,1,24]]
[[0,0,0],[2,0,0],[0,1,0],[6,10,12]]
[[0,0,0],[1,0,0],[0,1,0],[4,15,24]]
[[0,0,0],[1,0,0],[0,1,0],[21,10,24]]
[[0,0,0],[1,0,0],[0,1,0],[6,13,24]]
[[0,0,0],[1,0,0],[0,1,0],[16,9,24]]
[[0,0,0],[2,0,0],[0,1,0],[8,5,12]]
[[0,0,0],[2,0,0],[1,2,0],[1,2,6]]
[[0,0,0],[4,0,0],[0,1,0],[0,1,6]]
[[0,0,0],[1,0,0],[0,1,0],[0,1,24]]
[[0,0,0],[1,0,0],[0,1,0],[4,5,24]]
[[0,0,0],[1,0,0],[0,1,0],[20,11,24]]
[[0,0,0],[1,0,0],[0,1,0],[4,17,24]]
[[0,0,0],[2,0,0],[0,1,0],[4,11,12]]
[[0,0,0],[1,0,0],[0,2,0],[11,2,12]]
[[0,0,0],[2,0,0],[0,1,0],[4,5,12]]
[[0,0,0],[1,0,0],[1,2,0],[1,10,12]]
[[0,0,0],[1,0,0],[0,1,0],[2,14,24]]
[[0,0,0],[1,0,0],[0,1,0],[10,11,24]]
[[0,0,0],[1,0,0],[0,2,0],[9,8,12]]
[[0,0,0],[1,0,0],[0,1,0],[6,1,24]]
[[0,0,0],[2,0,0],[0,2,0],[0,2,6]]
[[0,0,0],[1,0,0],[0,1,0],[2,7,24]]
[[0,0,0],[1,0,0],[1,2,0],[9,3,12]]
[[0,0,0],[1,0,0],[0,1,0],[16,21,24]]
[[0,0,0],[1,0,0],[0,1,0],[18,15,24]]
[[0,0,0],[3,0,0],[0,1,0],[0,1,8]]
[[0,0,0],[1,0,0],[0,1,0],[5,7,24]]
[[0,0,0],[1,0,0],[0,1,0],[14,11,24]]
[[0,0,0],[1,0,0],[0,1,0],[14,19,24]]
[[0,0,0],[1,0,0],[0,1,0],[3,2,24]]
[[0,0,0],[1,0,0],[0,1,0],[13,13,24]]
[[0,0,0],[1,0,0],[1,2,0],[3,3,12]]
[[0,0,0],[1,0,0],[0,1,0],[9,19,24]]
[[0,0,0],[1,0,0],[1,2,0],[4,4,12]]
[[0,0,0],[1,0,0],[0,1,0],[2,11,24]]
[[0,0,0],[1,0,0],[0,1,0],[18,7,24]]
[[0,0,0],[1,0,0],[0,1,0],[4,13,24]]
[[0,0,0],[1,0,0],[0,1,0],[10,23,24]]
[[0,0,0],[2,0,0],[0,1,0],[4,1,12]]
[[0,0,0],[1,0,0],[0,1,0],[18,19,24]]
[[0,0,0],[1,0,0],[0,1,0],[2,1,24]]
[[0,0,0],[1,0,0],[0,2,0],[8,10,12]]
[[0,0,0],[1,0,0],[1,2,0],[9,10,12]]
[[0,0,0],[3,0,0],[0,1,0],[4,1,8]]
[[0,0,0],[1,0,0],[0,1,0],[9,10,24]]
[[0,0,0],[1,0,0],[1,2,0],[1,8,12]]
[[0,0,0],[1,0,0],[0,1,0],[12,1,24]]
[[0,0,0],[2,0,0],[0,1,0],[8,11,12]]
[[0,0,0],[1,0,0],[1,2,0],[7,10,12]]
[[0,0,0],[1,0,0],[0,1,0],[2,19,24]]
[[0,0,0],[1,0,0],[0,1,0],[8,9,24]]
[[0,0,0],[1,0,0],[0,1,0],[2,2,24]]
[[0,0,0],[1,0,0],[0,1,0],[8,17,24]]
[[0,0,0],[2,0,0],[0,1,0],[6,1,12]]
[[0,0,0],[1,0,0],[0,1,0],[20,9,24]]
[[0,0,0],[1,0,0],[0,2,0],[10,10,12]]
