[[0,0,0],[1,0,0],[0,1,0],[6,237,241]]
[[0,0,0],[1,0,0],[0,1,0],[9,77,241]]
[[0,0,0],[1,0,0],[0,1,0],[15,29,241]]
[[0,0,0],[1,0,0],[0,1,0],[72,170,241]]
[[0,0,0],[1,0,0],[0,1,0],[12,44,241]]
[[0,0,0],[1,0,0],[0,1,0],[1,54,241]]
[[0,0,0],[1,0,0],[0,1,0],[38,94,241]]
[[0,0,0],[1,0,0],[0,1,0],[28,87,241]]
[[0,0,0],[1,0,0],[0,1,0],[14,81,241]]
[[0,0,0],[1,0,0],[0,1,0],[2,28,241]]
[[0,0,0],[1,0,0],[0,1,0],[14,68,241]]
[[0,0,0],[1,0,0],[0,1,0],[21,90,241]]
[[0,0,0],[1,0,0],[0,1,0],[18,21,241]]
[[0,0,0],[1,0,0],[0,1,0],[13,29,241]]
[[0,0,0],[1,0,0],[0,1,0],[24,64,241]]
[[0,0,0],[1,0,0],[0,1,0],[8,22,241]]
[[0,0,0],[1,0,0],[0,1,0],[10,30,241]]
[[0,0,0],[1,0,0],[0,1,0],[37,81,241]]
[[0,0,0],[1,0,0],[0,1,0],[15,78,241]]
[[0,0,0],[1,0,0],[0,1,0],[24,83,241]]
[[0,0,0],[1,0,0],[0,1,0],[19,48,241]]
[[0,0,0],[1,0,0],[0,1,0],[37,64,241]]
[[0,0,0],[1,0,0],[0,1,0],[5,39,241]]
[[0,0,0],[1,0,0],[0,1,0],[1,32,241]]
[[0,0,0],[1,0,0],[0,1,0],[30,50,241]]
[[0,0,0],[1,0,0],[0,1,0],[8,97,241]]
[[0,0,0],[1,0,0],[0,1,0],[3,5,241]]
[[0,0,0],[1,0,0],[0,1,0],[7,107,241]]
[[0,0,0],[1,0,0],[0,1,0],[35,57,241]]
[[0,0,0],[1,0,0],[0,1,0],[16,51,241]]
[[0,0,0],[1,0,0],[0,1,0],[36,98,241]]
[[0,0,0],[1,0,0],[0,1,0],[7,73,241]]
[[0,0,0],[1,0,0],[0,1,0],[15,40,241]]
[[0,0,0],[1,0,0],[0,1,0],[29,93,241]]
[[0,0,0],[1,0,0],[0,1,0],[33,36,241]]
[[0,0,0],[1,0,0],[0,1,0],[26,103,241]]
[[0,0,0],[1,0,0],[0,1,0],[12,90,241]]
[[0,0,0],[1,0,0],[0,1,0],[3,36,241]]
[[0,0,0],[1,0,0],[0,1,0],[19,71,241]]
[[0,0,0],[1,0,0],[0,1,0],[10,86,241]]
[[0,0,0],[1,0,0],[0,1,0],[2,5,241]]
[[0,0,0],[1,0,0],[0,1,0],[3,20,241]]
[[0,0,0],[1,0,0],[0,1,0],[41,43,241]]
[[0,0,0],[1,0,0],[0,1,0],[19,21,241]]
[[0,0,0],[1,0,0],[0,1,0],[2,8,241]]
[[0,0,0],[1,0,0],[0,1,0],[18,35,241]]
[[0,0,0],[1,0,0],[0,1,0],[41,48,241]]
[[0,0,0],[1,0,0],[0,1,0],[5,33,241]]
[[0,0,0],[1,0,0],[0,1,0],[10,108,241]]
[[0,0,0],[1,0,0],[0,1,0],[2,34,241]]
[[0,0,0],[1,0,0],[0,1,0],[10,13,241]]
[[0,0,0],[1,0,0],[0,1,0],[26,80,241]]
[[0,0,0],[1,0,0],[0,1,0],[15,70,241]]
[[0,0,0],[1,0,0],[0,1,0],[21,36,241]]
[[0,0,0],[1,0,0],[0,1,0],[26,104,241]]
[[0,0,0],[1,0,0],[0,1,0],[83,176,241]]
[[0,0,0],[1,0,0],[0,1,0],[3,75,241]]
[[0,0,0],[1,0,0],[0,1,0],[19,75,241]]
[[0,0,0],[1,0,0],[0,1,0],[16,109,241]]
[[0,0,0],[1,0,0],[0,1,0],[14,112,241]]
[[0,0,0],[1,0,0],[0,1,0],[3,99,241]]
[[0,0,0],[1,0,0],[0,1,0],[3,106,241]]
[[0,0,0],[1,0,0],[0,1,0],[14,86,241]]
[[0,0,0],[1,0,0],[0,1,0],[4,107,241]]
[[0,0,0],[1,0,0],[0,1,0],[31,57,241]]
[[0,0,0],[1,0,0],[0,1,0],[11,29,241]]
[[0,0,0],[1,0,0],[0,1,0],[42,209,241]]
[[0,0,0],[1,0,0],[0,1,0],[6,48,241]]
[[0,0,0],[1,0,0],[0,1,0],[46,86,241]]
[[0,0,0],[1,0,0],[0,1,0],[7,84,241]]
[[0,0,0],[1,0,0],[0,1,0],[4,36,241]]
[[0,0,0],[1,0,0],[0,1,0],[43,58,241]]
[[0,0,0],[1,0,0],[0,1,0],[9,56,241]]
[[0,0,0],[1,0,0],[0,1,0],[1,7,241]]
[[0,0,0],[1,0,0],[0,1,0],[7,40,241]]
[[0,0,0],[1,0,0],[0,1,0],[12,41,241]]
[[0,0,0],[1,0,0],[0,1,0],[19,24,241]]
[[0,0,0],[1,0,0],[0,1,0],[6,71,241]]
[[0,0,0],[1,0,0],[0,1,0],[9,54,241]]
[[0,0,0],[1,0,0],[0,1,0],[11,66,241]]
[[0,0,0],[1,0,0],[0,1,0],[36,101,241]]
[[0,0,0],[1,0,0],[0,1,0],[40,60,241]]
[[0,0,0],[1,0,0],[0,1,0],[18,34,241]]
[[0,0,0],[1,0,0],[0,1,0],[14,74,241]]
[[0,0,0],[1,0,0],[0,1,0],[13,93,241]]
[[0,0,0],[1,0,0],[0,1,0],[36,42,241]]
[[0,0,0],[1,0,0],[0,1,0],[15,33,241]]
[[0,0,0],[1,0,0],[0,1,0],[7,35,241]]
[[0,0,0],[1,0,0],[0,1,0],[2,38,241]]
[[0,0,0],[1,0,0],[0,1,0],[11,63,241]]
[[0,0,0],[1,0,0],[0,1,0],[24,68,241]]
[[0,0,0],[1,0,0],[0,1,0],[15,110,241]]
[[0,0,0],[1,0,0],[0,1,0],[18,112,241]]
[[0,0,0],[1,0,0],[0,1,0],[13,24,241]]
[[0,0,0],[1,0,0],[0,1,0],[29,97,241]]
[[0,0,0],[1,0,0],[0,1,0],[2,97,241]]
[[0,0,0],[1,0,0],[0,1,0],[18,52,241]]
[[0,0,0],[1,0,0],[0,1,0],[26,51,241]]
[[0,0,0],[1,0,0],[0,1,0],[30,104,241]]
[[0,0,0],[1,0,0],[0,1,0],[7,45,241]]
[[0,0,0],[1,0,0],[0,1,0],[39,208,241]]
[[0,0,0],[1,0,0],[0,1,0],[6,81,241]]
[[0,0,0],[1,0,0],[0,1,0],[17,68,241]]
[[0,0,0],[1,0,0],[0,1,0],[21,231,241]]
[[0,0,0],[1,0,0],[0,1,0],[59,205,241]]
[[0,0,0],[1,0,0],[0,1,0],[29,33,241]]
[[0,0,0],[1,0,0],[0,1,0],[4,75,241]]
[[0,0,0],[1,0,0],[0,1,0],[40,95,241]]
[[0,0,0],[1,0,0],[0,1,0],[81,172,241]]
[[0,0,0],[1,0,0],[0,1,0],[6,8,241]]
[[0,0,0],[1,0,0],[0,1,0],[14,53,241]]
[[0,0,0],[1,0,0],[0,1,0],[6,100,241]]
[[0,0,0],[1,0,0],[0,1,0],[32,56,241]]
[[0,0,0],[1,0,0],[0,1,0],[10,90,241]]
[[0,0,0],[1,0,0],[0,1,0],[21,109,241]]
[[0,0,0],[1,0,0],[0,1,0],[48,86,241]]
[[0,0,0],[1,0,0],[0,1,0],[1,46,241]]
[[0,0,0],[1,0,0],[0,1,0],[4,20,241]]
[[0,0,0],[1,0,0],[0,1,0],[29,63,241]]
[[0,0,0],[1,0,0],[0,1,0],[24,54,241]]
[[0,0,0],[1,0,0],[0,1,0],[28,63,241]]
[[0,0,0],[1,0,0],[0,1,0],[32,37,241]]
[[0,0,0],[1,0,0],[0,1,0],[28,86,241]]
[[0,0,0],[1,0,0],[0,1,0],[6,29,241]]
[[0,0,0],[1,0,0],[0,1,0],[7,33,241]]
[[0,0,0],[1,0,0],[0,1,0],[17,39,241]]
[[0,0,0],[1,0,0],[0,1,0],[10,109,241]]
[[0,0,0],[1,0,0],[0,1,0],[56,93,241]]
[[0,0,0],[1,0,0],[0,1,0],[47,55,241]]
[[0,0,0],[1,0,0],[0,1,0],[14,65,241]]
[[0,0,0],[1,0,0],[0,1,0],[17,73,241]]
[[0,0,0],[1,0,0],[0,1,0],[27,36,241]]
[[0,0,0],[1,0,0],[0,1,0],[2,102,241]]
[[0,0,0],[1,0,0],[0,1,0],[8,52,241]]
[[0,0,0],[1,0,0],[0,1,0],[8,65,241]]
[[0,0,0],[1,0,0],[0,1,0],[17,60,241]]
[[0,0,0],[1,0,0],[0,1,0],[16,63,241]]
[[0,0,0],[1,0,0],[0,1,0],[15,28,241]]
[[0,0,0],[1,0,0],[0,1,0],[4,86,241]]
[[0,0,0],[1,0,0],[0,1,0],[6,50,241]]
[[0,0,0],[1,0,0],[0,1,0],[36,213,241]]
[[0,0,0],[1,0,0],[0,1,0],[25,219,241]]
[[0,0,0],[1,0,0],[0,1,0],[5,55,241]]
[[0,0,0],[1,0,0],[0,1,0],[5,64,241]]
[[0,0,0],[1,0,0],[0,1,0],[109,164,241]]
[[0,0,0],[1,0,0],[0,1,0],[3,239,241]]
[[0,0,0],[1,0,0],[0,1,0],[32,84,241]]
[[0,0,0],[1,0,0],[0,1,0],[4,45,241]]
[[0,0,0],[1,0,0],[0,1,0],[53,190,241]]
[[0,0,0],[1,0,0],[0,1,0],[8,54,241]]
[[0,0,0],[1,0,0],[0,1,0],[9,107,241]]
[[0,0,0],[1,0,0],[0,1,0],[36,91,241]]
[[0,0,0],[1,0,0],[0,1,0],[43,88,241]]
[[0,0,0],[1,0,0],[0,1,0],[4,46,241]]
[[0,0,0],[1,0,0],[0,1,0],[7,51,241]]
[[0,0,0],[1,0,0],[0,1,0],[17,26,241]]
[[0,0,0],[1,0,0],[0,1,0],[13,106,241]]
[[0,0,0],[1,0,0],[0,1,0],[2,30,241]]
[[0,0,0],[1,0,0],[0,1,0],[8,30,241]]
[[0,0,0],[1,0,0],[0,1,0],[7,18,241]]
[[0,0,0],[1,0,0],[0,1,0],[16,232,241]]
[[0,0,0],[1,0,0],[0,1,0],[7,85,241]]
[[0,0,0],[1,0,0],[0,1,0],[11,232,241]]
[[0,0,0],[1,0,0],[0,1,0],[4,22,241]]
[[0,0,0],[1,0,0],[0,1,0],[13,62,241]]
[[0,0,0],[1,0,0],[0,1,0],[7,82,241]]
[[0,0,0],[1,0,0],[0,1,0],[13,61,241]]
[[0,0,0],[1,0,0],[0,1,0],[2,47,241]]
[[0,0,0],[1,0,0],[0,1,0],[12,92,241]]
[[0,0,0],[1,0,0],[0,1,0],[5,22,241]]
[[0,0,0],[1,0,0],[0,1,0],[8,27,241]]
[[0,0,0],[1,0,0],[0,1,0],[24,70,241]]
[[0,0,0],[1,0,0],[0,1,0],[51,77,241]]
[[0,0,0],[1,0,0],[0,1,0],[2,43,241]]
[[0,0,0],[1,0,0],[0,1,0],[15,100,241]]
[[0,0,0],[1,0,0],[0,1,0],[18,88,241]]
[[0,0,0],[1,0,0],[0,1,0],[21,99,241]]
[[0,0,0],[1,0,0],[0,1,0],[10,96,241]]
[[0,0,0],[1,0,0],[0,1,0],[4,84,241]]
[[0,0,0],[1,0,0],[0,1,0],[33,45,241]]
[[0,0,0],[1,0,0],[0,1,0],[6,21,241]]
[[0,0,0],[1,0,0],[0,1,0],[7,88,241]]
[[0,0,0],[1,0,0],[0,1,0],[40,91,241]]
[[0,0,0],[1,0,0],[0,1,0],[12,21,241]]
[[0,0,0],[1,0,0],[0,1,0],[38,208,241]]
[[0,0,0],[1,0,0],[0,1,0],[8,13,241]]
[[0,0,0],[1,0,0],[0,1,0],[8,31,241]]
[[0,0,0],[1,0,0],[0,1,0],[13,60,241]]
[[0,0,0],[1,0,0],[0,1,0],[20,103,241]]
[[0,0,0],[1,0,0],[0,1,0],[34,48,241]]
[[0,0,0],[1,0,0],[0,1,0],[47,216,241]]
[[0,0,0],[1,0,0],[0,1,0],[28,214,241]]
[[0,0,0],[1,0,0],[0,1,0],[19,53,241]]
[[0,0,0],[1,0,0],[0,1,0],[9,44,241]]
[[0,0,0],[1,0,0],[0,1,0],[27,78,241]]
[[0,0,0],[1,0,0],[0,1,0],[2,84,241]]
[[0,0,0],[1,0,0],[0,1,0],[9,233,241]]
[[0,0,0],[1,0,0],[0,1,0],[3,43,241]]
[[0,0,0],[1,0,0],[0,1,0],[28,42,241]]
[[0,0,0],[1,0,0],[0,1,0],[38,86,241]]
[[0,0,0],[1,0,0],[0,1,0],[51,192,241]]
[[0,0,0],[1,0,0],[0,1,0],[11,31,241]]
[[0,0,0],[1,0,0],[0,1,0],[19,230,241]]
[[0,0,0],[1,0,0],[0,1,0],[17,79,241]]
[[0,0,0],[1,0,0],[0,1,0],[24,42,241]]
[[0,0,0],[1,0,0],[0,1,0],[29,29,241]]
[[0,0,0],[1,0,0],[0,1,0],[2,66,241]]
[[0,0,0],[1,0,0],[0,1,0],[45,66,241]]
[[0,0,0],[1,0,0],[0,1,0],[37,47,241]]
[[0,0,0],[1,0,0],[0,1,0],[37,46,241]]
[[0,0,0],[1,0,0],[0,1,0],[16,59,241]]
[[0,0,0],[1,0,0],[0,1,0],[20,87,241]]
[[0,0,0],[1,0,0],[0,1,0],[35,60,241]]
[[0,0,0],[1,0,0],[0,1,0],[8,103,241]]
[[0,0,0],[1,0,0],[0,1,0],[48,76,241]]
[[0,0,0],[1,0,0],[0,1,0],[11,19,241]]
[[0,0,0],[1,0,0],[0,1,0],[30,65,241]]
[[0,0,0],[1,0,0],[0,1,0],[25,90,241]]
[[0,0,0],[1,0,0],[0,1,0],[7,98,241]]
[[0,0,0],[1,0,0],[0,1,0],[40,54,241]]
[[0,0,0],[1,0,0],[0,1,0],[25,30,241]]
[[0,0,0],[1,0,0],[0,1,0],[32,86,241]]
[[0,0,0],[1,0,0],[0,1,0],[25,43,241]]
[[0,0,0],[1,0,0],[0,1,0],[26,219,241]]
[[0,0,0],[1,0,0],[0,1,0],[15,107,241]]
[[0,0,0],[1,0,0],[0,1,0],[8,34,241]]
[[0,0,0],[1,0,0],[0,1,0],[8,116,241]]
[[0,0,0],[1,0,0],[0,1,0],[38,47,241]]
[[0,0,0],[1,0,0],[0,1,0],[12,50,241]]
[[0,0,0],[1,0,0],[0,1,0],[11,101,241]]
[[0,0,0],[1,0,0],[0,1,0],[41,55,241]]
[[0,0,0],[1,0,0],[0,1,0],[42,97,241]]
[[0,0,0],[1,0,0],[0,1,0],[12,54,241]]
[[0,0,0],[1,0,0],[0,1,0],[63,73,241]]
[[0,0,0],[1,0,0],[0,1,0],[1,72,241]]
[[0,0,0],[1,0,0],[0,1,0],[1,28,241]]
[[0,0,0],[1,0,0],[0,1,0],[2,10,241]]
[[0,0,0],[1,0,0],[0,1,0],[14,42,241]]
[[0,0,0],[1,0,0],[0,1,0],[35,41,241]]
[[0,0,0],[1,0,0],[0,1,0],[29,216,241]]
[[0,0,0],[1,0,0],[0,1,0],[42,218,241]]
[[0,0,0],[1,0,0],[0,1,0],[25,25,241]]
[[0,0,0],[1,0,0],[0,1,0],[3,61,241]]
[[0,0,0],[1,0,0],[0,1,0],[34,68,241]]
[[0,0,0],[1,0,0],[0,1,0],[5,111,241]]
[[0,0,0],[1,0,0],[0,1,0],[53,212,241]]
[[0,0,0],[1,0,0],[0,1,0],[10,36,241]]
[[0,0,0],[1,0,0],[0,1,0],[18,32,241]]
[[0,0,0],[1,0,0],[0,1,0],[2,45,241]]
[[0,0,0],[1,0,0],[0,1,0],[3,71,241]]
[[0,0,0],[1,0,0],[0,1,0],[3,40,241]]
[[0,0,0],[1,0,0],[0,1,0],[5,94,241]]
[[0,0,0],[1,0,0],[0,1,0],[6,70,241]]
[[0,0,0],[1,0,0],[0,1,0],[7,71,241]]
[[0,0,0],[1,0,0],[0,1,0],[11,90,241]]
[[0,0,0],[1,0,0],[0,1,0],[11,24,241]]
[[0,0,0],[1,0,0],[0,1,0],[38,59,241]]
[[0,0,0],[1,0,0],[0,1,0],[2,107,241]]
[[0,0,0],[1,0,0],[0,1,0],[27,46,241]]
[[0,0,0],[1,0,0],[0,1,0],[41,73,241]]
[[0,0,0],[1,0,0],[0,1,0],[9,95,241]]
[[0,0,0],[1,0,0],[0,1,0],[38,100,241]]
[[0,0,0],[1,0,0],[0,1,0],[30,39,241]]
[[0,0,0],[1,0,0],[0,1,0],[31,85,241]]
[[0,0,0],[1,0,0],[0,1,0],[59,82,241]]
[[0,0,0],[1,0,0],[0,1,0],[12,107,241]]
[[0,0,0],[1,0,0],[0,1,0],[81,190,241]]
[[0,0,0],[1,0,0],[0,1,0],[45,197,241]]
[[0,0,0],[1,0,0],[0,1,0],[33,51,241]]
[[0,0,0],[1,0,0],[0,1,0],[2,54,241]]
[[0,0,0],[1,0,0],[0,1,0],[1,21,241]]
[[0,0,0],[1,0,0],[0,1,0],[28,43,241]]
[[0,0,0],[1,0,0],[0,1,0],[10,56,241]]
[[0,0,0],[1,0,0],[0,1,0],[12,93,241]]
[[0,0,0],[1,0,0],[0,1,0],[13,89,241]]
[[0,0,0],[1,0,0],[0,1,0],[13,39,241]]
[[0,0,0],[1,0,0],[0,1,0],[11,81,241]]
[[0,0,0],[1,0,0],[0,1,0],[15,37,241]]
[[0,0,0],[1,0,0],[0,1,0],[3,31,241]]
[[0,0,0],[1,0,0],[0,1,0],[21,27,241]]
[[0,0,0],[1,0,0],[0,1,0],[39,63,241]]
[[0,0,0],[1,0,0],[0,1,0],[35,80,241]]
[[0,0,0],[1,0,0],[0,1,0],[2,35,241]]
[[0,0,0],[1,0,0],[0,1,0],[33,99,241]]
[[0,0,0],[1,0,0],[0,1,0],[5,110,241]]
[[0,0,0],[1,0,0],[0,1,0],[61,63,241]]
[[0,0,0],[1,0,0],[0,1,0],[16,24,241]]
[[0,0,0],[1,0,0],[0,1,0],[11,58,241]]
[[0,0,0],[1,0,0],[0,1,0],[19,99,241]]
[[0,0,0],[1,0,0],[0,1,0],[2,101,241]]
[[0,0,0],[1,0,0],[0,1,0],[30,71,241]]
[[0,0,0],[1,0,0],[0,1,0],[31,54,241]]
[[0,0,0],[1,0,0],[0,1,0],[12,98,241]]
[[0,0,0],[1,0,0],[0,1,0],[8,26,241]]
[[0,0,0],[1,0,0],[0,1,0],[46,59,241]]
[[0,0,0],[1,0,0],[0,1,0],[15,45,241]]
[[0,0,0],[1,0,0],[0,1,0],[19,78,241]]
[[0,0,0],[1,0,0],[0,1,0],[7,60,241]]
[[0,0,0],[1,0,0],[0,1,0],[6,112,241]]
[[0,0,0],[1,0,0],[0,1,0],[2,21,241]]
[[0,0,0],[1,0,0],[0,1,0],[10,35,241]]
[[0,0,0],[1,0,0],[0,1,0],[37,219,241]]
[[0,0,0],[1,0,0],[0,1,0],[46,46,241]]
[[0,0,0],[1,0,0],[0,1,0],[2,36,241]]
[[0,0,0],[1,0,0],[0,1,0],[5,83,241]]
[[0,0,0],[1,0,0],[0,1,0],[12,114,241]]
[[0,0,0],[1,0,0],[0,1,0],[95,178,241]]
[[0,0,0],[1,0,0],[0,1,0],[2,14,241]]
[[0,0,0],[1,0,0],[0,1,0],[4,95,241]]
[[0,0,0],[1,0,0],[0,1,0],[93,150,241]]
[[0,0,0],[1,0,0],[0,1,0],[6,36,241]]
[[0,0,0],[1,0,0],[0,1,0],[11,75,241]]
[[0,0,0],[1,0,0],[0,1,0],[48,80,241]]
[[0,0,0],[1,0,0],[0,1,0],[1,49,241]]
[[0,0,0],[1,0,0],[0,1,0],[10,10,241]]
[[0,0,0],[1,0,0],[0,1,0],[6,69,241]]
[[0,0,0],[1,0,0],[0,1,0],[49,215,241]]
[[0,0,0],[1,0,0],[0,1,0],[6,32,241]]
[[0,0,0],[1,0,0],[0,1,0],[18,26,241]]
[[0,0,0],[1,0,0],[0,1,0],[3,96,241]]
[[0,0,0],[1,0,0],[0,1,0],[19,60,241]]
[[0,0,0],[1,0,0],[0,1,0],[12,53,241]]
[[0,0,0],[1,0,0],[0,1,0],[13,31,241]]
[[0,0,0],[1,0,0],[0,1,0],[36,63,241]]
[[0,0,0],[1,0,0],[0,1,0],[4,25,241]]
[[0,0,0],[1,0,0],[0,1,0],[25,29,241]]
[[0,0,0],[1,0,0],[0,1,0],[7,28,241]]
[[0,0,0],[1,0,0],[0,1,0],[27,220,241]]
[[0,0,0],[1,0,0],[0,1,0],[7,76,241]]
[[0,0,0],[1,0,0],[0,1,0],[24,107,241]]
[[0,0,0],[1,0,0],[0,1,0],[29,80,241]]
[[0,0,0],[1,0,0],[0,1,0],[12,40,241]]
[[0,0,0],[1,0,0],[0,1,0],[17,231,241]]
[[0,0,0],[1,0,0],[0,1,0],[11,11,241]]
[[0,0,0],[1,0,0],[0,1,0],[72,196,241]]
[[0,0,0],[1,0,0],[0,1,0],[4,83,241]]
[[0,0,0],[1,0,0],[0,1,0],[4,110,241]]
[[0,0,0],[1,0,0],[0,1,0],[15,60,241]]
[[0,0,0],[1,0,0],[0,1,0],[33,56,241]]
[[0,0,0],[1,0,0],[0,1,0],[43,57,241]]
[[0,0,0],[1,0,0],[0,1,0],[45,60,241]]
[[0,0,0],[1,0,0],[0,1,0],[12,23,241]]
[[0,0,0],[1,0,0],[0,1,0],[1,18,241]]
[[0,0,0],[1,0,0],[0,1,0],[8,43,241]]
[[0,0,0],[1,0,0],[0,1,0],[24,103,241]]
[[0,0,0],[1,0,0],[0,1,0],[17,57,241]]
[[0,0,0],[1,0,0],[0,1,0],[5,106,241]]
[[0,0,0],[1,0,0],[0,1,0],[5,77,241]]
[[0,0,0],[1,0,0],[0,1,0],[35,224,241]]
[[0,0,0],[1,0,0],[0,1,0],[11,113,241]]
[[0,0,0],[1,0,0],[0,1,0],[116,157,241]]
[[0,0,0],[1,0,0],[0,1,0],[39,64,241]]
[[0,0,0],[1,0,0],[0,1,0],[10,87,241]]
[[0,0,0],[1,0,0],[0,1,0],[27,228,241]]
[[0,0,0],[1,0,0],[0,1,0],[50,53,241]]
[[0,0,0],[1,0,0],[0,1,0],[14,60,241]]
[[0,0,0],[1,0,0],[0,1,0],[12,75,241]]
[[0,0,0],[1,0,0],[0,1,0],[17,25,241]]
[[0,0,0],[1,0,0],[0,1,0],[8,114,241]]
[[0,0,0],[1,0,0],[0,1,0],[60,81,241]]
[[0,0,0],[1,0,0],[0,1,0],[12,20,241]]
[[0,0,0],[1,0,0],[0,1,0],[5,45,241]]
[[0,0,0],[1,0,0],[0,1,0],[13,94,241]]
[[0,0,0],[1,0,0],[0,1,0],[21,61,241]]
[[0,0,0],[1,0,0],[0,1,0],[11,72,241]]
[[0,0,0],[1,0,0],[0,1,0],[30,97,241]]
[[0,0,0],[1,0,0],[0,1,0],[46,81,241]]
[[0,0,0],[1,0,0],[0,1,0],[41,219,241]]
[[0,0,0],[1,0,0],[0,1,0],[3,19,241]]
[[0,0,0],[1,0,0],[0,1,0],[10,104,241]]
[[0,0,0],[1,0,0],[0,1,0],[25,68,241]]
[[0,0,0],[1,0,0],[0,1,0],[71,178,241]]
[[0,0,0],[1,0,0],[0,1,0],[3,7,241]]
[[0,0,0],[1,0,0],[0,1,0],[37,208,241]]
[[0,0,0],[1,0,0],[0,1,0],[7,43,241]]
[[0,0,0],[1,0,0],[0,1,0],[49,57,241]]
[[0,0,0],[1,0,0],[0,1,0],[6,74,241]]
[[0,0,0],[1,0,0],[0,1,0],[6,116,241]]
[[0,0,0],[1,0,0],[0,1,0],[40,219,241]]
[[0,0,0],[1,0,0],[0,1,0],[15,42,241]]
[[0,0,0],[1,0,0],[0,1,0],[17,97,241]]
[[0,0,0],[1,0,0],[0,1,0],[30,46,241]]
[[0,0,0],[1,0,0],[0,1,0],[27,33,241]]
[[0,0,0],[1,0,0],[0,1,0],[16,57,241]]
[[0,0,0],[1,0,0],[0,1,0],[6,61,241]]
[[0,0,0],[1,0,0],[0,1,0],[3,6,241]]
[[0,0,0],[1,0,0],[0,1,0],[5,79,241]]
[[0,0,0],[1,0,0],[0,1,0],[39,86,241]]
[[0,0,0],[1,0,0],[0,1,0],[2,24,241]]
[[0,0,0],[1,0,0],[0,1,0],[79,164,241]]
[[0,0,0],[1,0,0],[0,1,0],[30,98,241]]
[[0,0,0],[1,0,0],[0,1,0],[66,176,241]]
[[0,0,0],[1,0,0],[0,1,0],[110,166,241]]
[[0,0,0],[1,0,0],[0,1,0],[3,45,241]]
[[0,0,0],[1,0,0],[0,1,0],[33,81,241]]
[[0,0,0],[1,0,0],[0,1,0],[6,39,241]]
[[0,0,0],[1,0,0],[0,1,0],[5,48,241]]
[[0,0,0],[1,0,0],[0,1,0],[12,67,241]]
[[0,0,0],[1,0,0],[0,1,0],[25,39,241]]
[[0,0,0],[1,0,0],[0,1,0],[58,66,241]]
[[0,0,0],[1,0,0],[0,1,0],[46,196,241]]
[[0,0,0],[1,0,0],[0,1,0],[72,72,241]]
[[0,0,0],[1,0,0],[0,1,0],[2,100,241]]
[[0,0,0],[1,0,0],[0,1,0],[2,91,241]]
[[0,0,0],[1,0,0],[0,1,0],[20,90,241]]
[[0,0,0],[1,0,0],[0,1,0],[50,80,241]]
[[0,0,0],[1,0,0],[0,1,0],[3,73,241]]
[[0,0,0],[1,0,0],[0,1,0],[27,27,241]]
[[0,0,0],[1,0,0],[0,1,0],[40,101,241]]
[[0,0,0],[1,0,0],[0,1,0],[18,85,241]]
[[0,0,0],[1,0,0],[0,1,0],[27,76,241]]
[[0,0,0],[1,0,0],[0,1,0],[18,59,241]]
[[0,0,0],[1,0,0],[0,1,0],[48,66,241]]
[[0,0,0],[1,0,0],[0,1,0],[1,61,241]]
[[0,0,0],[1,0,0],[0,1,0],[3,66,241]]
[[0,0,0],[1,0,0],[0,1,0],[6,6,241]]
[[0,0,0],[1,0,0],[0,1,0],[15,52,241]]
[[0,0,0],[1,0,0],[0,1,0],[3,74,241]]
[[0,0,0],[1,0,0],[0,1,0],[32,71,241]]
[[0,0,0],[1,0,0],[0,1,0],[15,21,241]]
[[0,0,0],[1,0,0],[0,1,0],[11,107,241]]
[[0,0,0],[1,0,0],[0,1,0],[5,54,241]]
[[0,0,0],[1,0,0],[0,1,0],[4,105,241]]
[[0,0,0],[1,0,0],[0,1,0],[19,31,241]]
[[0,0,0],[1,0,0],[0,1,0],[50,50,241]]
[[0,0,0],[1,0,0],[0,1,0],[4,70,241]]
[[0,0,0],[1,0,0],[0,1,0],[11,15,241]]
[[0,0,0],[1,0,0],[0,1,0],[10,23,241]]
[[0,0,0],[1,0,0],[0,1,0],[3,90,241]]
[[0,0,0],[1,0,0],[0,1,0],[12,39,241]]
[[0,0,0],[1,0,0],[0,1,0],[41,74,241]]
[[0,0,0],[1,0,0],[0,1,0],[3,59,241]]
[[0,0,0],[1,0,0],[0,1,0],[49,56,241]]
[[0,0,0],[1,0,0],[0,1,0],[7,14,241]]
[[0,0,0],[1,0,0],[0,1,0],[10,48,241]]
[[0,0,0],[1,0,0],[0,1,0],[13,34,241]]
[[0,0,0],[1,0,0],[0,1,0],[15,71,241]]
[[0,0,0],[1,0,0],[0,1,0],[41,41,241]]
[[0,0,0],[1,0,0],[0,1,0],[17,75,241]]
[[0,0,0],[1,0,0],[0,1,0],[13,101,241]]
[[0,0,0],[1,0,0],[0,1,0],[1,35,241]]
[[0,0,0],[1,0,0],[0,1,0],[29,218,241]]
[[0,0,0],[1,0,0],[0,1,0],[2,6,241]]
[[0,0,0],[1,0,0],[0,1,0],[9,85,241]]
[[0,0,0],[1,0,0],[0,1,0],[4,10,241]]
[[0,0,0],[1,0,0],[0,1,0],[7,102,241]]
[[0,0,0],[1,0,0],[0,1,0],[13,16,241]]
[[0,0,0],[1,0,0],[0,1,0],[18,93,241]]
[[0,0,0],[1,0,0],[0,1,0],[8,12,241]]
[[0,0,0],[1,0,0],[0,1,0],[33,68,241]]
[[0,0,0],[1,0,0],[0,1,0],[5,43,241]]
[[0,0,0],[1,0,0],[0,1,0],[95,147,241]]
[[0,0,0],[1,0,0],[0,1,0],[3,65,241]]
[[0,0,0],[1,0,0],[0,1,0],[7,77,241]]
[[0,0,0],[1,0,0],[0,1,0],[3,68,241]]
[[0,0,0],[1,0,0],[0,1,0],[36,66,241]]
[[0,0,0],[1,0,0],[0,1,0],[27,103,241]]
[[0,0,0],[1,0,0],[0,1,0],[20,96,241]]
[[0,0,0],[1,0,0],[0,1,0],[3,8,241]]
[[0,0,0],[1,0,0],[0,1,0],[60,91,241]]
[[0,0,0],[1,0,0],[0,1,0],[7,21,241]]
[[0,0,0],[1,0,0],[0,1,0],[3,63,241]]
[[0,0,0],[1,0,0],[0,1,0],[5,19,241]]
[[0,0,0],[1,0,0],[0,1,0],[2,32,241]]
[[0,0,0],[1,0,0],[0,1,0],[34,214,241]]
[[0,0,0],[1,0,0],[0,1,0],[35,49,241]]
[[0,0,0],[1,0,0],[0,1,0],[6,93,241]]
[[0,0,0],[1,0,0],[0,1,0],[18,57,241]]
[[0,0,0],[1,0,0],[0,1,0],[7,9,241]]
[[0,0,0],[1,0,0],[0,1,0],[24,59,241]]
[[0,0,0],[1,0,0],[0,1,0],[28,81,241]]
[[0,0,0],[1,0,0],[0,1,0],[2,76,241]]
[[0,0,0],[1,0,0],[0,1,0],[18,53,241]]
[[0,0,0],[1,0,0],[0,1,0],[16,231,241]]
[[0,0,0],[1,0,0],[0,1,0],[2,93,241]]
[[0,0,0],[1,0,0],[0,1,0],[6,236,241]]
[[0,0,0],[1,0,0],[0,1,0],[6,114,241]]
[[0,0,0],[1,0,0],[0,1,0],[46,85,241]]
[[0,0,0],[1,0,0],[0,1,0],[21,97,241]]
[[0,0,0],[1,0,0],[0,1,0],[33,210,241]]
[[0,0,0],[1,0,0],[0,1,0],[47,51,241]]
[[0,0,0],[1,0,0],[0,1,0],[6,101,241]]
[[0,0,0],[1,0,0],[0,1,0],[38,58,241]]
[[0,0,0],[1,0,0],[0,1,0],[14,32,241]]
[[0,0,0],[1,0,0],[0,1,0],[11,104,241]]
[[0,0,0],[1,0,0],[0,1,0],[9,110,241]]
[[0,0,0],[1,0,0],[0,1,0],[12,38,241]]
[[0,0,0],[1,0,0],[0,1,0],[8,24,241]]
[[0,0,0],[1,0,0],[0,1,0],[2,117,241]]
[[0,0,0],[1,0,0],[0,1,0],[65,87,241]]
[[0,0,0],[1,0,0],[0,1,0],[82,160,241]]
[[0,0,0],[1,0,0],[0,1,0],[6,105,241]]
[[0,0,0],[1,0,0],[0,1,0],[76,83,241]]
[[0,0,0],[1,0,0],[0,1,0],[50,63,241]]
[[0,0,0],[1,0,0],[0,1,0],[51,195,241]]
[[0,0,0],[1,0,0],[0,1,0],[11,47,241]]
[[0,0,0],[1,0,0],[0,1,0],[13,46,241]]
[[0,0,0],[1,0,0],[0,1,0],[15,80,241]]
[[0,0,0],[1,0,0],[0,1,0],[15,15,241]]
[[0,0,0],[1,0,0],[0,1,0],[25,86,241]]
[[0,0,0],[1,0,0],[0,1,0],[3,110,241]]
[[0,0,0],[1,0,0],[0,1,0],[1,12,241]]
[[0,0,0],[1,0,0],[0,1,0],[11,112,241]]
[[0,0,0],[1,0,0],[0,1,0],[34,65,241]]
[[0,0,0],[1,0,0],[0,1,0],[6,103,241]]
[[0,0,0],[1,0,0],[0,1,0],[11,88,241]]
[[0,0,0],[1,0,0],[0,1,0],[38,57,241]]
[[0,0,0],[1,0,0],[0,1,0],[41,75,241]]
[[0,0,0],[1,0,0],[0,1,0],[9,88,241]]
[[0,0,0],[1,0,0],[0,1,0],[7,25,241]]
[[0,0,0],[1,0,0],[0,1,0],[16,30,241]]
[[0,0,0],[1,0,0],[0,1,0],[9,21,241]]
[[0,0,0],[1,0,0],[0,1,0],[19,103,241]]
[[0,0,0],[1,0,0],[0,1,0],[72,74,241]]
[[0,0,0],[1,0,0],[0,1,0],[20,110,241]]
[[0,0,0],[1,0,0],[0,1,0],[13,234,241]]
[[0,0,0],[1,0,0],[0,1,0],[27,223,241]]
[[0,0,0],[1,0,0],[0,1,0],[31,62,241]]
[[0,0,0],[1,0,0],[0,1,0],[14,110,241]]
[[0,0,0],[1,0,0],[0,1,0],[34,39,241]]
[[0,0,0],[1,0,0],[0,1,0],[33,38,241]]
[[0,0,0],[1,0,0],[0,1,0],[5,108,241]]
[[0,0,0],[1,0,0],[0,1,0],[35,56,241]]
[[0,0,0],[1,0,0],[0,1,0],[3,54,241]]
[[0,0,0],[1,0,0],[0,1,0],[20,64,241]]
[[0,0,0],[1,0,0],[0,1,0],[19,91,241]]
[[0,0,0],[1,0,0],[0,1,0],[26,45,241]]
[[0,0,0],[1,0,0],[0,1,0],[18,92,241]]
[[0,0,0],[1,0,0],[0,1,0],[11,48,241]]
[[0,0,0],[1,0,0],[0,1,0],[6,42,241]]
[[0,0,0],[1,0,0],[0,1,0],[7,80,241]]
[[0,0,0],[1,0,0],[0,1,0],[4,52,241]]
[[0,0,0],[1,0,0],[0,1,0],[2,53,241]]
[[0,0,0],[1,0,0],[0,1,0],[10,85,241]]
[[0,0,0],[1,0,0],[0,1,0],[20,58,241]]
[[0,0,0],[1,0,0],[0,1,0],[38,82,241]]
[[0,0,0],[1,0,0],[0,1,0],[4,61,241]]
[[0,0,0],[1,0,0],[0,1,0],[6,98,241]]
[[0,0,0],[1,0,0],[0,1,0],[8,45,241]]
[[0,0,0],[1,0,0],[0,1,0],[17,77,241]]
[[0,0,0],[1,0,0],[0,1,0],[57,90,241]]
[[0,0,0],[1,0,0],[0,1,0],[49,65,241]]
[[0,0,0],[1,0,0],[0,1,0],[2,73,241]]
[[0,0,0],[1,0,0],[0,1,0],[2,12,241]]
[[0,0,0],[1,0,0],[0,1,0],[25,97,241]]
[[0,0,0],[1,0,0],[0,1,0],[10,25,241]]
[[0,0,0],[1,0,0],[0,1,0],[27,95,241]]
[[0,0,0],[1,0,0],[0,1,0],[2,114,241]]
[[0,0,0],[1,0,0],[0,1,0],[18,99,241]]
[[0,0,0],[1,0,0],[0,1,0],[8,67,241]]
[[0,0,0],[1,0,0],[0,1,0],[30,68,241]]
[[0,0,0],[1,0,0],[0,1,0],[26,70,241]]
[[0,0,0],[1,0,0],[0,1,0],[9,235,241]]
[[0,0,0],[1,0,0],[0,1,0],[35,63,241]]
[[0,0,0],[1,0,0],[0,1,0],[10,62,241]]
[[0,0,0],[1,0,0],[0,1,0],[4,23,241]]
[[0,0,0],[1,0,0],[0,1,0],[3,62,241]]
[[0,0,0],[1,0,0],[0,1,0],[6,108,241]]
[[0,0,0],[1,0,0],[0,1,0],[4,44,241]]
[[0,0,0],[1,0,0],[0,1,0],[11,61,241]]
[[0,0,0],[1,0,0],[0,1,0],[38,42,241]]
[[0,0,0],[1,0,0],[0,1,0],[8,104,241]]
[[0,0,0],[1,0,0],[0,1,0],[11,94,241]]
[[0,0,0],[1,0,0],[0,1,0],[5,41,241]]
[[0,0,0],[1,0,0],[0,1,0],[9,17,241]]
[[0,0,0],[1,0,0],[0,1,0],[9,41,241]]
[[0,0,0],[1,0,0],[0,1,0],[18,41,241]]
[[0,0,0],[1,0,0],[0,1,0],[6,73,241]]
[[0,0,0],[1,0,0],[0,1,0],[5,71,241]]
[[0,0,0],[1,0,0],[0,1,0],[11,52,241]]
[[0,0,0],[1,0,0],[0,1,0],[7,237,241]]
[[0,0,0],[1,0,0],[0,1,0],[20,70,241]]
[[0,0,0],[1,0,0],[0,1,0],[46,91,241]]
[[0,0,0],[1,0,0],[0,1,0],[3,115,241]]
[[0,0,0],[1,0,0],[0,1,0],[24,56,241]]
[[0,0,0],[1,0,0],[0,1,0],[61,207,241]]
[[0,0,0],[1,0,0],[0,1,0],[21,77,241]]
[[0,0,0],[1,0,0],[0,1,0],[38,87,241]]
[[0,0,0],[1,0,0],[0,1,0],[25,77,241]]
[[0,0,0],[1,0,0],[0,1,0],[14,37,241]]
[[0,0,0],[1,0,0],[0,1,0],[3,81,241]]
[[0,0,0],[1,0,0],[0,1,0],[6,9,241]]
[[0,0,0],[1,0,0],[0,1,0],[47,72,241]]
[[0,0,0],[1,0,0],[0,1,0],[1,9,241]]
[[0,0,0],[1,0,0],[0,1,0],[27,47,241]]
[[0,0,0],[1,0,0],[0,1,0],[18,51,241]]
[[0,0,0],[1,0,0],[0,1,0],[27,39,241]]
[[0,0,0],[1,0,0],[0,1,0],[15,99,241]]
[[0,0,0],[1,0,0],[0,1,0],[40,90,241]]
[[0,0,0],[1,0,0],[0,1,0],[44,54,241]]
[[0,0,0],[1,0,0],[0,1,0],[54,189,241]]
[[0,0,0],[1,0,0],[0,1,0],[5,49,241]]
[[0,0,0],[1,0,0],[0,1,0],[34,208,241]]
[[0,0,0],[1,0,0],[0,1,0],[9,25,241]]
[[0,0,0],[1,0,0],[0,1,0],[8,82,241]]
[[0,0,0],[1,0,0],[0,1,0],[26,32,241]]
[[0,0,0],[1,0,0],[0,1,0],[10,44,241]]
[[0,0,0],[1,0,0],[0,1,0],[24,61,241]]
[[0,0,0],[1,0,0],[0,1,0],[10,84,241]]
[[0,0,0],[1,0,0],[0,1,0],[32,72,241]]
[[0,0,0],[1,0,0],[0,1,0],[11,99,241]]
[[0,0,0],[1,0,0],[0,1,0],[7,7,241]]
[[0,0,0],[1,0,0],[0,1,0],[40,97,241]]
[[0,0,0],[1,0,0],[0,1,0],[10,37,241]]
[[0,0,0],[1,0,0],[0,1,0],[12,55,241]]
[[0,0,0],[1,0,0],[0,1,0],[21,93,241]]
[[0,0,0],[1,0,0],[0,1,0],[9,78,241]]
[[0,0,0],[1,0,0],[0,1,0],[26,106,241]]
[[0,0,0],[1,0,0],[0,1,0],[29,82,241]]
[[0,0,0],[1,0,0],[0,1,0],[8,83,241]]
[[0,0,0],[1,0,0],[0,1,0],[5,96,241]]
[[0,0,0],[1,0,0],[0,1,0],[19,59,241]]
[[0,0,0],[1,0,0],[0,1,0],[8,81,241]]
[[0,0,0],[1,0,0],[0,1,0],[4,14,241]]
[[0,0,0],[1,0,0],[0,1,0],[8,108,241]]
[[0,0,0],[1,0,0],[0,1,0],[27,38,241]]
[[0,0,0],[1,0,0],[0,1,0],[28,61,241]]
[[0,0,0],[1,0,0],[0,1,0],[1,19,241]]
[[0,0,0],[1,0,0],[0,1,0],[47,73,241]]
[[0,0,0],[1,0,0],[0,1,0],[90,153,241]]
[[0,0,0],[1,0,0],[0,1,0],[40,51,241]]
[[0,0,0],[1,0,0],[0,1,0],[2,7,241]]
[[0,0,0],[1,0,0],[0,1,0],[13,75,241]]
[[0,0,0],[1,0,0],[0,1,0],[36,88,241]]
[[0,0,0],[1,0,0],[0,1,0],[10,17,241]]
[[0,0,0],[1,0,0],[0,1,0],[4,59,241]]
[[0,0,0],[1,0,0],[0,1,0],[48,208,241]]
[[0,0,0],[1,0,0],[0,1,0],[26,54,241]]
[[0,0,0],[1,0,0],[0,1,0],[43,89,241]]
[[0,0,0],[1,0,0],[0,1,0],[24,41,241]]
[[0,0,0],[1,0,0],[0,1,0],[12,24,241]]
[[0,0,0],[1,0,0],[0,1,0],[15,229,241]]
[[0,0,0],[1,0,0],[0,1,0],[12,56,241]]
[[0,0,0],[1,0,0],[0,1,0],[6,59,241]]
[[0,0,0],[1,0,0],[0,1,0],[17,90,241]]
[[0,0,0],[1,0,0],[0,1,0],[41,94,241]]
[[0,0,0],[1,0,0],[0,1,0],[4,33,241]]
[[0,0,0],[1,0,0],[0,1,0],[15,55,241]]
[[0,0,0],[1,0,0],[0,1,0],[20,74,241]]
[[0,0,0],[1,0,0],[0,1,0],[51,63,241]]
[[0,0,0],[1,0,0],[0,1,0],[8,50,241]]
[[0,0,0],[1,0,0],[0,1,0],[5,58,241]]
[[0,0,0],[1,0,0],[0,1,0],[5,52,241]]
[[0,0,0],[1,0,0],[0,1,0],[20,46,241]]
[[0,0,0],[1,0,0],[0,1,0],[5,92,241]]
[[0,0,0],[1,0,0],[0,1,0],[9,97,241]]
[[0,0,0],[1,0,0],[0,1,0],[31,40,241]]
[[0,0,0],[1,0,0],[0,1,0],[60,207,241]]
[[0,0,0],[1,0,0],[0,1,0],[10,115,241]]
[[0,0,0],[1,0,0],[0,1,0],[7,48,241]]
[[0,0,0],[1,0,0],[0,1,0],[17,48,241]]
[[0,0,0],[1,0,0],[0,1,0],[5,28,241]]
[[0,0,0],[1,0,0],[0,1,0],[25,40,241]]
[[0,0,0],[1,0,0],[0,1,0],[13,47,241]]
[[0,0,0],[1,0,0],[0,1,0],[20,38,241]]
[[0,0,0],[1,0,0],[0,1,0],[10,63,241]]
[[0,0,0],[1,0,0],[0,1,0],[20,107,241]]
[[0,0,0],[1,0,0],[0,1,0],[27,42,241]]
[[0,0,0],[1,0,0],[0,1,0],[5,101,241]]
[[0,0,0],[1,0,0],[0,1,0],[5,53,241]]
[[0,0,0],[1,0,0],[0,1,0],[43,71,241]]
[[0,0,0],[1,0,0],[0,1,0],[64,64,241]]
[[0,0,0],[1,0,0],[0,1,0],[14,232,241]]
[[0,0,0],[1,0,0],[0,1,0],[2,11,241]]
[[0,0,0],[1,0,0],[0,1,0],[8,86,241]]
[[0,0,0],[1,0,0],[0,1,0],[21,72,241]]
[[0,0,0],[1,0,0],[0,1,0],[11,234,241]]
[[0,0,0],[1,0,0],[0,1,0],[26,220,241]]
[[0,0,0],[1,0,0],[0,1,0],[33,42,241]]
[[0,0,0],[1,0,0],[0,1,0],[8,80,241]]
[[0,0,0],[1,0,0],[0,1,0],[47,49,241]]
[[0,0,0],[1,0,0],[0,1,0],[30,86,241]]
[[0,0,0],[1,0,0],[0,1,0],[20,62,241]]
[[0,0,0],[1,0,0],[0,1,0],[36,44,241]]
[[0,0,0],[1,0,0],[0,1,0],[24,92,241]]
[[0,0,0],[1,0,0],[0,1,0],[7,70,241]]
[[0,0,0],[1,0,0],[0,1,0],[29,227,241]]
[[0,0,0],[1,0,0],[0,1,0],[2,60,241]]
[[0,0,0],[1,0,0],[0,1,0],[2,25,241]]
[[0,0,0],[1,0,0],[0,1,0],[31,45,241]]
[[0,0,0],[1,0,0],[0,1,0],[4,24,241]]
[[0,0,0],[1,0,0],[0,1,0],[50,192,241]]
[[0,0,0],[1,0,0],[0,1,0],[24,51,241]]
[[0,0,0],[1,0,0],[0,1,0],[6,89,241]]
[[0,0,0],[1,0,0],[0,1,0],[21,21,241]]
[[0,0,0],[1,0,0],[0,1,0],[15,96,241]]
[[0,0,0],[1,0,0],[0,1,0],[24,46,241]]
[[0,0,0],[1,0,0],[0,1,0],[74,197,241]]
[[0,0,0],[1,0,0],[0,1,0],[16,108,241]]
[[0,0,0],[1,0,0],[0,1,0],[19,80,241]]
[[0,0,0],[1,0,0],[0,1,0],[29,73,241]]
[[0,0,0],[1,0,0],[0,1,0],[16,226,241]]
[[0,0,0],[1,0,0],[0,1,0],[39,220,241]]
[[0,0,0],[1,0,0],[0,1,0],[45,90,241]]
[[0,0,0],[1,0,0],[0,1,0],[6,72,241]]
[[0,0,0],[1,0,0],[0,1,0],[19,43,241]]
[[0,0,0],[1,0,0],[0,1,0],[6,107,241]]
[[0,0,0],[1,0,0],[0,1,0],[9,13,241]]
[[0,0,0],[1,0,0],[0,1,0],[11,106,241]]
[[0,0,0],[1,0,0],[0,1,0],[40,49,241]]
[[0,0,0],[1,0,0],[0,1,0],[18,101,241]]
[[0,0,0],[1,0,0],[0,1,0],[14,228,241]]
[[0,0,0],[1,0,0],[0,1,0],[19,76,241]]
[[0,0,0],[1,0,0],[0,1,0],[10,235,241]]
[[0,0,0],[1,0,0],[0,1,0],[1,34,241]]
[[0,0,0],[1,0,0],[0,1,0],[10,60,241]]
[[0,0,0],[1,0,0],[0,1,0],[41,95,241]]
[[0,0,0],[1,0,0],[0,1,0],[11,103,241]]
[[0,0,0],[1,0,0],[0,1,0],[31,98,241]]
[[0,0,0],[1,0,0],[0,1,0],[5,100,241]]
[[0,0,0],[1,0,0],[0,1,0],[18,60,241]]
[[0,0,0],[1,0,0],[0,1,0],[19,61,241]]
[[0,0,0],[1,0,0],[0,1,0],[16,78,241]]
[[0,0,0],[1,0,0],[0,1,0],[5,21,241]]
[[0,0,0],[1,0,0],[0,1,0],[56,212,241]]
[[0,0,0],[1,0,0],[0,1,0],[2,95,241]]
[[0,0,0],[1,0,0],[0,1,0],[26,88,241]]
[[0,0,0],[1,0,0],[0,1,0],[41,65,241]]
[[0,0,0],[1,0,0],[0,1,0],[9,27,241]]
[[0,0,0],[1,0,0],[0,1,0],[12,88,241]]
[[0,0,0],[1,0,0],[0,1,0],[5,81,241]]
[[0,0,0],[1,0,0],[0,1,0],[8,38,241]]
[[0,0,0],[1,0,0],[0,1,0],[20,23,241]]
[[0,0,0],[1,0,0],[0,1,0],[24,65,241]]
[[0,0,0],[1,0,0],[0,1,0],[76,81,241]]
[[0,0,0],[1,0,0],[0,1,0],[36,77,241]]
[[0,0,0],[1,0,0],[0,1,0],[5,97,241]]
[[0,0,0],[1,0,0],[0,1,0],[9,79,241]]
[[0,0,0],[1,0,0],[0,1,0],[42,200,241]]
[[0,0,0],[1,0,0],[0,1,0],[14,88,241]]
[[0,0,0],[1,0,0],[0,1,0],[17,74,241]]
[[0,0,0],[1,0,0],[0,1,0],[30,70,241]]
[[0,0,0],[1,0,0],[0,1,0],[3,11,241]]
[[0,0,0],[1,0,0],[0,1,0],[6,80,241]]
[[0,0,0],[1,0,0],[0,1,0],[2,19,241]]
[[0,0,0],[1,0,0],[0,1,0],[49,93,241]]
[[0,0,0],[1,0,0],[0,1,0],[41,91,241]]
[[0,0,0],[1,0,0],[0,1,0],[12,101,241]]
[[0,0,0],[1,0,0],[0,1,0],[3,89,241]]
[[0,0,0],[1,0,0],[0,1,0],[9,53,241]]
[[0,0,0],[1,0,0],[0,1,0],[31,68,241]]
[[0,0,0],[1,0,0],[0,1,0],[16,85,241]]
[[0,0,0],[1,0,0],[0,1,0],[10,112,241]]
[[0,0,0],[1,0,0],[0,1,0],[25,63,241]]
[[0,0,0],[1,0,0],[0,1,0],[2,56,241]]
[[0,0,0],[1,0,0],[0,1,0],[4,26,241]]
[[0,0,0],[1,0,0],[0,1,0],[4,103,241]]
[[0,0,0],[1,0,0],[0,1,0],[14,109,241]]
[[0,0,0],[1,0,0],[0,1,0],[11,87,241]]
[[0,0,0],[1,0,0],[0,1,0],[5,65,241]]
[[0,0,0],[1,0,0],[0,1,0],[5,85,241]]
[[0,0,0],[1,0,0],[0,1,0],[4,7,241]]
[[0,0,0],[1,0,0],[0,1,0],[8,66,241]]
[[0,0,0],[1,0,0],[0,1,0],[31,216,241]]
[[0,0,0],[1,0,0],[0,1,0],[2,112,241]]
[[0,0,0],[1,0,0],[0,1,0],[6,110,241]]
[[0,0,0],[1,0,0],[0,1,0],[1,1,241]]
[[0,0,0],[1,0,0],[0,1,0],[21,84,241]]
[[0,0,0],[1,0,0],[0,1,0],[61,73,241]]
[[0,0,0],[1,0,0],[0,1,0],[20,85,241]]
[[0,0,0],[1,0,0],[0,1,0],[8,35,241]]
[[0,0,0],[1,0,0],[0,1,0],[7,104,241]]
[[0,0,0],[1,0,0],[0,1,0],[4,55,241]]
[[0,0,0],[1,0,0],[0,1,0],[1,56,241]]
[[0,0,0],[1,0,0],[0,1,0],[11,105,241]]
[[0,0,0],[1,0,0],[0,1,0],[8,74,241]]
[[0,0,0],[1,0,0],[0,1,0],[3,102,241]]
[[0,0,0],[1,0,0],[0,1,0],[14,89,241]]
[[0,0,0],[1,0,0],[0,1,0],[40,50,241]]
[[0,0,0],[1,0,0],[0,1,0],[29,40,241]]
[[0,0,0],[1,0,0],[0,1,0],[16,106,241]]
[[0,0,0],[1,0,0],[0,1,0],[7,106,241]]
[[0,0,0],[1,0,0],[0,1,0],[27,74,241]]
[[0,0,0],[1,0,0],[0,1,0],[19,110,241]]
[[0,0,0],[1,0,0],[0,1,0],[5,12,241]]
[[0,0,0],[1,0,0],[0,1,0],[5,102,241]]
[[0,0,0],[1,0,0],[0,1,0],[44,55,241]]
[[0,0,0],[1,0,0],[0,1,0],[15,19,241]]
[[0,0,0],[1,0,0],[0,1,0],[20,89,241]]
[[0,0,0],[1,0,0],[0,1,0],[9,66,241]]
[[0,0,0],[1,0,0],[0,1,0],[29,39,241]]
[[0,0,0],[1,0,0],[0,1,0],[29,71,241]]
[[0,0,0],[1,0,0],[0,1,0],[33,44,241]]
[[0,0,0],[1,0,0],[0,1,0],[5,86,241]]
[[0,0,0],[1,0,0],[0,1,0],[83,166,241]]
[[0,0,0],[1,0,0],[0,1,0],[15,79,241]]
[[0,0,0],[1,0,0],[0,1,0],[30,48,241]]
[[0,0,0],[1,0,0],[0,1,0],[32,104,241]]
[[0,0,0],[1,0,0],[0,1,0],[3,117,241]]
[[0,0,0],[1,0,0],[0,1,0],[2,103,241]]
[[0,0,0],[1,0,0],[0,1,0],[8,98,241]]
[[0,0,0],[1,0,0],[0,1,0],[4,13,241]]
[[0,0,0],[1,0,0],[0,1,0],[6,63,241]]
[[0,0,0],[1,0,0],[0,1,0],[12,64,241]]
[[0,0,0],[1,0,0],[0,1,0],[5,40,241]]
[[0,0,0],[1,0,0],[0,1,0],[1,26,241]]
[[0,0,0],[1,0,0],[0,1,0],[4,87,241]]
[[0,0,0],[1,0,0],[0,1,0],[3,37,241]]
[[0,0,0],[1,0,0],[0,1,0],[7,115,241]]
[[0,0,0],[1,0,0],[0,1,0],[45,86,241]]
[[0,0,0],[1,0,0],[0,1,0],[5,103,241]]
[[0,0,0],[1,0,0],[0,1,0],[18,38,241]]
[[0,0,0],[1,0,0],[0,1,0],[6,104,241]]
[[0,0,0],[1,0,0],[0,1,0],[21,56,241]]
[[0,0,0],[1,0,0],[0,1,0],[14,79,241]]
[[0,0,0],[1,0,0],[0,1,0],[7,110,241]]
[[0,0,0],[1,0,0],[0,1,0],[24,35,241]]
[[0,0,0],[1,0,0],[0,1,0],[26,89,241]]
[[0,0,0],[1,0,0],[0,1,0],[2,118,241]]
[[0,0,0],[1,0,0],[0,1,0],[8,85,241]]
[[0,0,0],[1,0,0],[0,1,0],[5,29,241]]
[[0,0,0],[1,0,0],[0,1,0],[4,58,241]]
[[0,0,0],[1,0,0],[0,1,0],[17,80,241]]
[[0,0,0],[1,0,0],[0,1,0],[21,25,241]]
[[0,0,0],[1,0,0],[0,1,0],[29,46,241]]
[[0,0,0],[1,0,0],[0,1,0],[30,219,241]]
[[0,0,0],[1,0,0],[0,1,0],[18,56,241]]
[[0,0,0],[1,0,0],[0,1,0],[38,55,241]]
[[0,0,0],[1,0,0],[0,1,0],[16,80,241]]
[[0,0,0],[1,0,0],[0,1,0],[9,74,241]]
[[0,0,0],[1,0,0],[0,1,0],[16,52,241]]
[[0,0,0],[1,0,0],[0,1,0],[13,81,241]]
[[0,0,0],[1,0,0],[0,1,0],[1,5,241]]
[[0,0,0],[1,0,0],[0,1,0],[41,212,241]]
[[0,0,0],[1,0,0],[0,1,0],[5,46,241]]
[[0,0,0],[1,0,0],[0,1,0],[41,79,241]]
[[0,0,0],[1,0,0],[0,1,0],[8,101,241]]
[[0,0,0],[1,0,0],[0,1,0],[26,78,241]]
[[0,0,0],[1,0,0],[0,1,0],[4,91,241]]
[[0,0,0],[1,0,0],[0,1,0],[21,23,241]]
[[0,0,0],[1,0,0],[0,1,0],[40,93,241]]
[[0,0,0],[1,0,0],[0,1,0],[20,35,241]]
[[0,0,0],[1,0,0],[0,1,0],[20,36,241]]
[[0,0,0],[1,0,0],[0,1,0],[53,59,241]]
[[0,0,0],[1,0,0],[0,1,0],[10,232,241]]
[[0,0,0],[1,0,0],[0,1,0],[5,8,241]]
[[0,0,0],[1,0,0],[0,1,0],[24,93,241]]
[[0,0,0],[1,0,0],[0,1,0],[12,58,241]]
[[0,0,0],[1,0,0],[0,1,0],[20,99,241]]
[[0,0,0],[1,0,0],[0,1,0],[4,56,241]]
[[0,0,0],[1,0,0],[0,1,0],[12,112,241]]
[[0,0,0],[1,0,0],[0,1,0],[2,69,241]]
[[0,0,0],[1,0,0],[0,1,0],[13,102,241]]
[[0,0,0],[1,0,0],[0,1,0],[16,62,241]]
[[0,0,0],[1,0,0],[0,1,0],[7,97,241]]
[[0,0,0],[1,0,0],[0,1,0],[28,66,241]]
[[0,0,0],[1,0,0],[0,1,0],[28,83,241]]
[[0,0,0],[1,0,0],[0,1,0],[37,87,241]]
[[0,0,0],[1,0,0],[0,1,0],[33,77,241]]
[[0,0,0],[1,0,0],[0,1,0],[4,37,241]]
[[0,0,0],[1,0,0],[0,1,0],[4,32,241]]
[[0,0,0],[1,0,0],[0,1,0],[28,215,241]]
[[0,0,0],[1,0,0],[0,1,0],[34,58,241]]
[[0,0,0],[1,0,0],[0,1,0],[14,82,241]]
[[0,0,0],[1,0,0],[0,1,0],[13,86,241]]
[[0,0,0],[1,0,0],[0,1,0],[16,72,241]]
[[0,0,0],[1,0,0],[0,1,0],[20,50,241]]
[[0,0,0],[1,0,0],[0,1,0],[21,37,241]]
[[0,0,0],[1,0,0],[0,1,0],[13,65,241]]
[[0,0,0],[1,0,0],[0,1,0],[7,238,241]]
[[0,0,0],[1,0,0],[0,1,0],[28,105,241]]
[[0,0,0],[1,0,0],[0,1,0],[20,78,241]]
[[0,0,0],[1,0,0],[0,1,0],[64,89,241]]
[[0,0,0],[1,0,0],[0,1,0],[7,27,241]]
[[0,0,0],[1,0,0],[0,1,0],[3,70,241]]
[[0,0,0],[1,0,0],[0,1,0],[10,95,241]]
[[0,0,0],[1,0,0],[0,1,0],[8,117,241]]
[[0,0,0],[1,0,0],[0,1,0],[20,30,241]]
[[0,0,0],[1,0,0],[0,1,0],[17,102,241]]
[[0,0,0],[1,0,0],[0,1,0],[35,47,241]]
[[0,0,0],[1,0,0],[0,1,0],[65,179,241]]
[[0,0,0],[1,0,0],[0,1,0],[4,50,241]]
[[0,0,0],[1,0,0],[0,1,0],[28,222,241]]
[[0,0,0],[1,0,0],[0,1,0],[4,96,241]]
[[0,0,0],[1,0,0],[0,1,0],[8,37,241]]
[[0,0,0],[1,0,0],[0,1,0],[51,54,241]]
[[0,0,0],[1,0,0],[0,1,0],[7,30,241]]
[[0,0,0],[1,0,0],[0,1,0],[16,56,241]]
[[0,0,0],[1,0,0],[0,1,0],[4,17,241]]
[[0,0,0],[1,0,0],[0,1,0],[12,60,241]]
[[0,0,0],[1,0,0],[0,1,0],[18,36,241]]
[[0,0,0],[1,0,0],[0,1,0],[14,48,241]]
[[0,0,0],[1,0,0],[0,1,0],[9,100,241]]
[[0,0,0],[1,0,0],[0,1,0],[2,13,241]]
[[0,0,0],[1,0,0],[0,1,0],[3,44,241]]
[[0,0,0],[1,0,0],[0,1,0],[3,21,241]]
[[0,0,0],[1,0,0],[0,1,0],[30,52,241]]
[[0,0,0],[1,0,0],[0,1,0],[14,41,241]]
[[0,0,0],[1,0,0],[0,1,0],[13,84,241]]
[[0,0,0],[1,0,0],[0,1,0],[38,209,241]]
[[0,0,0],[1,0,0],[0,1,0],[9,89,241]]
[[0,0,0],[1,0,0],[0,1,0],[66,66,241]]
[[0,0,0],[1,0,0],[0,1,0],[18,100,241]]
[[0,0,0],[1,0,0],[0,1,0],[6,88,241]]
[[0,0,0],[1,0,0],[0,1,0],[19,23,241]]
[[0,0,0],[1,0,0],[0,1,0],[21,101,241]]
[[0,0,0],[1,0,0],[0,1,0],[2,108,241]]
[[0,0,0],[1,0,0],[0,1,0],[7,79,241]]
[[0,0,0],[1,0,0],[0,1,0],[29,101,241]]
[[0,0,0],[1,0,0],[0,1,0],[41,86,241]]
[[0,0,0],[1,0,0],[0,1,0],[55,208,241]]
[[0,0,0],[1,0,0],[0,1,0],[8,87,241]]
[[0,0,0],[1,0,0],[0,1,0],[19,224,241]]
[[0,0,0],[1,0,0],[0,1,0],[14,28,241]]
[[0,0,0],[1,0,0],[0,1,0],[10,18,241]]
[[0,0,0],[1,0,0],[0,1,0],[38,60,241]]
[[0,0,0],[1,0,0],[0,1,0],[10,46,241]]
[[0,0,0],[1,0,0],[0,1,0],[19,81,241]]
[[0,0,0],[1,0,0],[0,1,0],[4,41,241]]
[[0,0,0],[1,0,0],[0,1,0],[17,96,241]]
[[0,0,0],[1,0,0],[0,1,0],[13,55,241]]
[[0,0,0],[1,0,0],[0,1,0],[5,80,241]]
[[0,0,0],[1,0,0],[0,1,0],[11,80,241]]
[[0,0,0],[1,0,0],[0,1,0],[86,179,241]]
[[0,0,0],[1,0,0],[0,1,0],[20,43,241]]
[[0,0,0],[1,0,0],[0,1,0],[3,94,241]]
[[0,0,0],[1,0,0],[0,1,0],[9,92,241]]
[[0,0,0],[1,0,0],[0,1,0],[8,94,241]]
[[0,0,0],[1,0,0],[0,1,0],[20,24,241]]
[[0,0,0],[1,0,0],[0,1,0],[12,26,241]]
[[0,0,0],[1,0,0],[0,1,0],[3,47,241]]
[[0,0,0],[1,0,0],[0,1,0],[58,185,241]]
[[0,0,0],[1,0,0],[0,1,0],[3,23,241]]
[[0,0,0],[1,0,0],[0,1,0],[9,87,241]]
[[0,0,0],[1,0,0],[0,1,0],[45,50,241]]
[[0,0,0],[1,0,0],[0,1,0],[2,115,241]]
[[0,0,0],[1,0,0],[0,1,0],[12,34,241]]
[[0,0,0],[1,0,0],[0,1,0],[15,86,241]]
[[0,0,0],[1,0,0],[0,1,0],[33,95,241]]
[[0,0,0],[1,0,0],[0,1,0],[2,77,241]]
[[0,0,0],[1,0,0],[0,1,0],[15,94,241]]
[[0,0,0],[1,0,0],[0,1,0],[8,21,241]]
[[0,0,0],[1,0,0],[0,1,0],[7,17,241]]
[[0,0,0],[1,0,0],[0,1,0],[21,79,241]]
[[0,0,0],[1,0,0],[0,1,0],[2,98,241]]
[[0,0,0],[1,0,0],[0,1,0],[25,92,241]]
[[0,0,0],[1,0,0],[0,1,0],[11,43,241]]
[[0,0,0],[1,0,0],[0,1,0],[43,59,241]]
[[0,0,0],[1,0,0],[0,1,0],[5,90,241]]
[[0,0,0],[1,0,0],[0,1,0],[21,71,241]]
[[0,0,0],[1,0,0],[0,1,0],[7,32,241]]
[[0,0,0],[1,0,0],[0,1,0],[29,64,241]]
[[0,0,0],[1,0,0],[0,1,0],[29,100,241]]
[[0,0,0],[1,0,0],[0,1,0],[40,58,241]]
[[0,0,0],[1,0,0],[0,1,0],[34,104,241]]
[[0,0,0],[1,0,0],[0,1,0],[40,88,241]]
[[0,0,0],[1,0,0],[0,1,0],[35,68,241]]
[[0,0,0],[1,0,0],[0,1,0],[14,93,241]]
[[0,0,0],[1,0,0],[0,1,0],[3,25,241]]
[[0,0,0],[1,0,0],[0,1,0],[34,89,241]]
[[0,0,0],[1,0,0],[0,1,0],[17,47,241]]
[[0,0,0],[1,0,0],[0,1,0],[45,87,241]]
[[0,0,0],[1,0,0],[0,1,0],[13,70,241]]
[[0,0,0],[1,0,0],[0,1,0],[25,100,241]]
[[0,0,0],[1,0,0],[0,1,0],[11,35,241]]
[[0,0,0],[1,0,0],[0,1,0],[15,44,241]]
[[0,0,0],[1,0,0],[0,1,0],[24,87,241]]
[[0,0,0],[1,0,0],[0,1,0],[37,207,241]]
[[0,0,0],[1,0,0],[0,1,0],[1,63,241]]
[[0,0,0],[1,0,0],[0,1,0],[35,84,241]]
[[0,0,0],[1,0,0],[0,1,0],[14,75,241]]
[[0,0,0],[1,0,0],[0,1,0],[14,108,241]]
[[0,0,0],[1,0,0],[0,1,0],[93,167,241]]
[[0,0,0],[1,0,0],[0,1,0],[35,37,241]]
[[0,0,0],[1,0,0],[0,1,0],[2,89,241]]
[[0,0,0],[1,0,0],[0,1,0],[14,14,241]]
[[0,0,0],[1,0,0],[0,1,0],[14,50,241]]
[[0,0,0],[1,0,0],[0,1,0],[2,9,241]]
[[0,0,0],[1,0,0],[0,1,0],[15,89,241]]
[[0,0,0],[1,0,0],[0,1,0],[16,23,241]]
[[0,0,0],[1,0,0],[0,1,0],[15,234,241]]
[[0,0,0],[1,0,0],[0,1,0],[17,107,241]]
[[0,0,0],[1,0,0],[0,1,0],[27,44,241]]
[[0,0,0],[1,0,0],[0,1,0],[6,34,241]]
[[0,0,0],[1,0,0],[0,1,0],[38,98,241]]
[[0,0,0],[1,0,0],[0,1,0],[3,105,241]]
[[0,0,0],[1,0,0],[0,1,0],[2,71,241]]
[[0,0,0],[1,0,0],[0,1,0],[71,71,241]]
[[0,0,0],[1,0,0],[0,1,0],[42,53,241]]
[[0,0,0],[1,0,0],[0,1,0],[4,43,241]]
[[0,0,0],[1,0,0],[0,1,0],[3,42,241]]
[[0,0,0],[1,0,0],[0,1,0],[16,227,241]]
[[0,0,0],[1,0,0],[0,1,0],[12,59,241]]
[[0,0,0],[1,0,0],[0,1,0],[25,93,241]]
[[0,0,0],[1,0,0],[0,1,0],[2,99,241]]
[[0,0,0],[1,0,0],[0,1,0],[17,230,241]]
[[0,0,0],[1,0,0],[0,1,0],[27,37,241]]
[[0,0,0],[1,0,0],[0,1,0],[9,237,241]]
[[0,0,0],[1,0,0],[0,1,0],[5,117,241]]
[[0,0,0],[1,0,0],[0,1,0],[19,72,241]]
[[0,0,0],[1,0,0],[0,1,0],[10,97,241]]
[[0,0,0],[1,0,0],[0,1,0],[2,86,241]]
[[0,0,0],[1,0,0],[0,1,0],[34,59,241]]
[[0,0,0],[1,0,0],[0,1,0],[17,46,241]]
[[0,0,0],[1,0,0],[0,1,0],[2,2,241]]
[[0,0,0],[1,0,0],[0,1,0],[31,31,241]]
[[0,0,0],[1,0,0],[0,1,0],[37,42,241]]
[[0,0,0],[1,0,0],[0,1,0],[39,96,241]]
[[0,0,0],[1,0,0],[0,1,0],[38,41,241]]
[[0,0,0],[1,0,0],[0,1,0],[42,57,241]]
[[0,0,0],[1,0,0],[0,1,0],[29,83,241]]
[[0,0,0],[1,0,0],[0,1,0],[24,52,241]]
[[0,0,0],[1,0,0],[0,1,0],[9,15,241]]
[[0,0,0],[1,0,0],[0,1,0],[53,84,241]]
[[0,0,0],[1,0,0],[0,1,0],[24,89,241]]
[[0,0,0],[1,0,0],[0,1,0],[15,32,241]]
[[0,0,0],[1,0,0],[0,1,0],[33,33,241]]
[[0,0,0],[1,0,0],[0,1,0],[55,190,241]]
[[0,0,0],[1,0,0],[0,1,0],[31,75,241]]
[[0,0,0],[1,0,0],[0,1,0],[34,222,241]]
[[0,0,0],[1,0,0],[0,1,0],[39,80,241]]
[[0,0,0],[1,0,0],[0,1,0],[27,72,241]]
[[0,0,0],[1,0,0],[0,1,0],[5,93,241]]
[[0,0,0],[1,0,0],[0,1,0],[20,47,241]]
[[0,0,0],[1,0,0],[0,1,0],[9,20,241]]
[[0,0,0],[1,0,0],[0,1,0],[44,76,241]]
[[0,0,0],[1,0,0],[0,1,0],[112,169,241]]
[[0,0,0],[1,0,0],[0,1,0],[13,103,241]]
[[0,0,0],[1,0,0],[0,1,0],[5,5,241]]
[[0,0,0],[1,0,0],[0,1,0],[50,52,241]]
[[0,0,0],[1,0,0],[0,1,0],[7,94,241]]
[[0,0,0],[1,0,0],[0,1,0],[17,92,241]]
[[0,0,0],[1,0,0],[0,1,0],[10,65,241]]
[[0,0,0],[1,0,0],[0,1,0],[3,29,241]]
[[0,0,0],[1,0,0],[0,1,0],[17,233,241]]
[[0,0,0],[1,0,0],[0,1,0],[40,71,241]]
[[0,0,0],[1,0,0],[0,1,0],[9,31,241]]
[[0,0,0],[1,0,0],[0,1,0],[10,70,241]]
[[0,0,0],[1,0,0],[0,1,0],[26,58,241]]
[[0,0,0],[1,0,0],[0,1,0],[24,40,241]]
[[0,0,0],[1,0,0],[0,1,0],[17,106,241]]
[[0,0,0],[1,0,0],[0,1,0],[43,80,241]]
[[0,0,0],[1,0,0],[0,1,0],[6,57,241]]
[[0,0,0],[1,0,0],[0,1,0],[25,73,241]]
[[0,0,0],[1,0,0],[0,1,0],[13,64,241]]
[[0,0,0],[1,0,0],[0,1,0],[17,229,241]]
[[0,0,0],[1,0,0],[0,1,0],[11,25,241]]
[[0,0,0],[1,0,0],[0,1,0],[43,81,241]]
[[0,0,0],[1,0,0],[0,1,0],[32,35,241]]
[[0,0,0],[1,0,0],[0,1,0],[3,101,241]]
[[0,0,0],[1,0,0],[0,1,0],[10,43,241]]
[[0,0,0],[1,0,0],[0,1,0],[4,68,241]]
[[0,0,0],[1,0,0],[0,1,0],[17,38,241]]
[[0,0,0],[1,0,0],[0,1,0],[2,3,241]]
[[0,0,0],[1,0,0],[0,1,0],[2,46,241]]
[[0,0,0],[1,0,0],[0,1,0],[37,79,241]]
[[0,0,0],[1,0,0],[0,1,0],[4,73,241]]
[[0,0,0],[1,0,0],[0,1,0],[30,49,241]]
[[0,0,0],[1,0,0],[0,1,0],[16,34,241]]
[[0,0,0],[1,0,0],[0,1,0],[5,24,241]]
[[0,0,0],[1,0,0],[0,1,0],[4,93,241]]
[[0,0,0],[1,0,0],[0,1,0],[3,53,241]]
[[0,0,0],[1,0,0],[0,1,0],[20,223,241]]
[[0,0,0],[1,0,0],[0,1,0],[16,28,241]]
[[0,0,0],[1,0,0],[0,1,0],[32,32,241]]
[[0,0,0],[1,0,0],[0,1,0],[11,71,241]]
[[0,0,0],[1,0,0],[0,1,0],[51,53,241]]
[[0,0,0],[1,0,0],[0,1,0],[15,102,241]]
[[0,0,0],[1,0,0],[0,1,0],[6,52,241]]
[[0,0,0],[1,0,0],[0,1,0],[19,65,241]]
[[0,0,0],[1,0,0],[0,1,0],[5,30,241]]
[[0,0,0],[1,0,0],[0,1,0],[8,56,241]]
[[0,0,0],[1,0,0],[0,1,0],[17,19,241]]
[[0,0,0],[1,0,0],[0,1,0],[5,38,241]]
[[0,0,0],[1,0,0],[0,1,0],[9,43,241]]
[[0,0,0],[1,0,0],[0,1,0],[6,85,241]]
[[0,0,0],[1,0,0],[0,1,0],[6,41,241]]
[[0,0,0],[1,0,0],[0,1,0],[18,80,241]]
[[0,0,0],[1,0,0],[0,1,0],[26,63,241]]
[[0,0,0],[1,0,0],[0,1,0],[34,44,241]]
[[0,0,0],[1,0,0],[0,1,0],[2,44,241]]
[[0,0,0],[1,0,0],[0,1,0],[7,12,241]]
[[0,0,0],[1,0,0],[0,1,0],[56,56,241]]
[[0,0,0],[1,0,0],[0,1,0],[14,233,241]]
[[0,0,0],[1,0,0],[0,1,0],[7,57,241]]
[[0,0,0],[1,0,0],[0,1,0],[18,78,241]]
[[0,0,0],[1,0,0],[0,1,0],[20,54,241]]
[[0,0,0],[1,0,0],[0,1,0],[54,80,241]]
[[0,0,0],[1,0,0],[0,1,0],[5,15,241]]
[[0,0,0],[1,0,0],[0,1,0],[16,61,241]]
[[0,0,0],[1,0,0],[0,1,0],[37,53,241]]
[[0,0,0],[1,0,0],[0,1,0],[32,73,241]]
[[0,0,0],[1,0,0],[0,1,0],[8,72,241]]
[[0,0,0],[1,0,0],[0,1,0],[1,71,241]]
[[0,0,0],[1,0,0],[0,1,0],[4,89,241]]
[[0,0,0],[1,0,0],[0,1,0],[3,76,241]]
[[0,0,0],[1,0,0],[0,1,0],[36,80,241]]
[[0,0,0],[1,0,0],[0,1,0],[4,48,241]]
[[0,0,0],[1,0,0],[0,1,0],[18,111,241]]
[[0,0,0],[1,0,0],[0,1,0],[96,146,241]]
[[0,0,0],[1,0,0],[0,1,0],[34,81,241]]
[[0,0,0],[1,0,0],[0,1,0],[48,205,241]]
[[0,0,0],[1,0,0],[0,1,0],[8,89,241]]
[[0,0,0],[1,0,0],[0,1,0],[24,36,241]]
[[0,0,0],[1,0,0],[0,1,0],[38,80,241]]
[[0,0,0],[1,0,0],[0,1,0],[3,46,241]]
[[0,0,0],[1,0,0],[0,1,0],[19,93,241]]
[[0,0,0],[1,0,0],[0,1,0],[14,103,241]]
[[0,0,0],[1,0,0],[0,1,0],[13,44,241]]
[[0,0,0],[1,0,0],[0,1,0],[19,109,241]]
[[0,0,0],[1,0,0],[0,1,0],[49,51,241]]
[[0,0,0],[1,0,0],[0,1,0],[49,73,241]]
[[0,0,0],[1,0,0],[0,1,0],[3,69,241]]
[[0,0,0],[1,0,0],[0,1,0],[16,99,241]]
[[0,0,0],[1,0,0],[0,1,0],[21,24,241]]
[[0,0,0],[1,0,0],[0,1,0],[12,100,241]]
[[0,0,0],[1,0,0],[0,1,0],[18,98,241]]
[[0,0,0],[1,0,0],[0,1,0],[7,46,241]]
[[0,0,0],[1,0,0],[0,1,0],[9,50,241]]
[[0,0,0],[1,0,0],[0,1,0],[2,75,241]]
[[0,0,0],[1,0,0],[0,1,0],[10,47,241]]
[[0,0,0],[1,0,0],[0,1,0],[35,96,241]]
[[0,0,0],[1,0,0],[0,1,0],[12,72,241]]
[[0,0,0],[1,0,0],[0,1,0],[29,86,241]]
[[0,0,0],[1,0,0],[0,1,0],[2,41,241]]
[[0,0,0],[1,0,0],[0,1,0],[16,43,241]]
[[0,0,0],[1,0,0],[0,1,0],[21,92,241]]
[[0,0,0],[1,0,0],[0,1,0],[2,104,241]]
[[0,0,0],[1,0,0],[0,1,0],[14,106,241]]
[[0,0,0],[1,0,0],[0,1,0],[50,88,241]]
[[0,0,0],[1,0,0],[0,1,0],[54,94,241]]
[[0,0,0],[1,0,0],[0,1,0],[31,97,241]]
[[0,0,0],[1,0,0],[0,1,0],[3,49,241]]
[[0,0,0],[1,0,0],[0,1,0],[6,65,241]]
[[0,0,0],[1,0,0],[0,1,0],[5,66,241]]
[[0,0,0],[1,0,0],[0,1,0],[1,50,241]]
[[0,0,0],[1,0,0],[0,1,0],[4,42,241]]
[[0,0,0],[1,0,0],[0,1,0],[32,94,241]]
[[0,0,0],[1,0,0],[0,1,0],[46,72,241]]
[[0,0,0],[1,0,0],[0,1,0],[16,18,241]]
[[0,0,0],[1,0,0],[0,1,0],[6,53,241]]
[[0,0,0],[1,0,0],[0,1,0],[6,18,241]]
[[0,0,0],[1,0,0],[0,1,0],[3,85,241]]
[[0,0,0],[1,0,0],[0,1,0],[16,47,241]]
[[0,0,0],[1,0,0],[0,1,0],[27,93,241]]
[[0,0,0],[1,0,0],[0,1,0],[10,38,241]]
[[0,0,0],[1,0,0],[0,1,0],[8,29,241]]
[[0,0,0],[1,0,0],[0,1,0],[9,49,241]]
[[0,0,0],[1,0,0],[0,1,0],[29,77,241]]
[[0,0,0],[1,0,0],[0,1,0],[2,62,241]]
[[0,0,0],[1,0,0],[0,1,0],[1,64,241]]
[[0,0,0],[1,0,0],[0,1,0],[32,93,241]]
[[0,0,0],[1,0,0],[0,1,0],[2,37,241]]
[[0,0,0],[1,0,0],[0,1,0],[5,238,241]]
[[0,0,0],[1,0,0],[0,1,0],[16,100,241]]
[[0,0,0],[1,0,0],[0,1,0],[2,63,241]]
[[0,0,0],[1,0,0],[0,1,0],[8,107,241]]
[[0,0,0],[1,0,0],[0,1,0],[9,96,241]]
[[0,0,0],[1,0,0],[0,1,0],[5,34,241]]
[[0,0,0],[1,0,0],[0,1,0],[3,95,241]]
[[0,0,0],[1,0,0],[0,1,0],[18,104,241]]
[[0,0,0],[1,0,0],[0,1,0],[12,106,241]]
[[0,0,0],[1,0,0],[0,1,0],[80,196,241]]
[[0,0,0],[1,0,0],[0,1,0],[34,92,241]]
[[0,0,0],[1,0,0],[0,1,0],[36,52,241]]
[[0,0,0],[1,0,0],[0,1,0],[8,95,241]]
[[0,0,0],[1,0,0],[0,1,0],[2,26,241]]
[[0,0,0],[1,0,0],[0,1,0],[6,12,241]]
[[0,0,0],[1,0,0],[0,1,0],[5,61,241]]
[[0,0,0],[1,0,0],[0,1,0],[16,229,241]]
[[0,0,0],[1,0,0],[0,1,0],[24,38,241]]
[[0,0,0],[1,0,0],[0,1,0],[39,87,241]]
[[0,0,0],[1,0,0],[0,1,0],[9,75,241]]
[[0,0,0],[1,0,0],[0,1,0],[4,112,241]]
[[0,0,0],[1,0,0],[0,1,0],[18,66,241]]
[[0,0,0],[1,0,0],[0,1,0],[50,81,241]]
[[0,0,0],[1,0,0],[0,1,0],[4,4,241]]
[[0,0,0],[1,0,0],[0,1,0],[26,100,241]]
[[0,0,0],[1,0,0],[0,1,0],[20,51,241]]
[[0,0,0],[1,0,0],[0,1,0],[35,100,241]]
[[0,0,0],[1,0,0],[0,1,0],[11,62,241]]
[[0,0,0],[1,0,0],[0,1,0],[2,39,241]]
[[0,0,0],[1,0,0],[0,1,0],[25,79,241]]
[[0,0,0],[1,0,0],[0,1,0],[27,56,241]]
[[0,0,0],[1,0,0],[0,1,0],[27,63,241]]
[[0,0,0],[1,0,0],[0,1,0],[45,82,241]]
[[0,0,0],[1,0,0],[0,1,0],[21,49,241]]
[[0,0,0],[1,0,0],[0,1,0],[28,82,241]]
[[0,0,0],[1,0,0],[0,1,0],[79,189,241]]
[[0,0,0],[1,0,0],[0,1,0],[11,68,241]]
[[0,0,0],[1,0,0],[0,1,0],[14,90,241]]
[[0,0,0],[1,0,0],[0,1,0],[2,111,241]]
[[0,0,0],[1,0,0],[0,1,0],[2,22,241]]
[[0,0,0],[1,0,0],[0,1,0],[1,17,241]]
[[0,0,0],[1,0,0],[0,1,0],[7,52,241]]
[[0,0,0],[1,0,0],[0,1,0],[43,79,241]]
[[0,0,0],[1,0,0],[0,1,0],[10,40,241]]
[[0,0,0],[1,0,0],[0,1,0],[11,36,241]]
[[0,0,0],[1,0,0],[0,1,0],[3,34,241]]
[[0,0,0],[1,0,0],[0,1,0],[4,238,241]]
[[0,0,0],[1,0,0],[0,1,0],[21,107,241]]
[[0,0,0],[1,0,0],[0,1,0],[25,33,241]]
[[0,0,0],[1,0,0],[0,1,0],[14,96,241]]
[[0,0,0],[1,0,0],[0,1,0],[13,78,241]]
[[0,0,0],[1,0,0],[0,1,0],[1,76,241]]
[[0,0,0],[1,0,0],[0,1,0],[5,72,241]]
[[0,0,0],[1,0,0],[0,1,0],[6,79,241]]
[[0,0,0],[1,0,0],[0,1,0],[21,38,241]]
[[0,0,0],[1,0,0],[0,1,0],[3,87,241]]
[[0,0,0],[1,0,0],[0,1,0],[9,234,241]]
[[0,0,0],[1,0,0],[0,1,0],[16,29,241]]
[[0,0,0],[1,0,0],[0,1,0],[9,67,241]]
[[0,0,0],[1,0,0],[0,1,0],[15,227,241]]
[[0,0,0],[1,0,0],[0,1,0],[13,26,241]]
[[0,0,0],[1,0,0],[0,1,0],[25,224,241]]
[[0,0,0],[1,0,0],[0,1,0],[40,72,241]]
[[0,0,0],[1,0,0],[0,1,0],[53,80,241]]
[[0,0,0],[1,0,0],[0,1,0],[73,196,241]]
[[0,0,0],[1,0,0],[0,1,0],[36,206,241]]
[[0,0,0],[1,0,0],[0,1,0],[16,86,241]]
[[0,0,0],[1,0,0],[0,1,0],[25,28,241]]
[[0,0,0],[1,0,0],[0,1,0],[7,101,241]]
[[0,0,0],[1,0,0],[0,1,0],[39,98,241]]
[[0,0,0],[1,0,0],[0,1,0],[1,51,241]]
[[0,0,0],[1,0,0],[0,1,0],[3,33,241]]
[[0,0,0],[1,0,0],[0,1,0],[8,68,241]]
[[0,0,0],[1,0,0],[0,1,0],[25,37,241]]
[[0,0,0],[1,0,0],[0,1,0],[10,26,241]]
[[0,0,0],[1,0,0],[0,1,0],[16,20,241]]
[[0,0,0],[1,0,0],[0,1,0],[10,64,241]]
[[0,0,0],[1,0,0],[0,1,0],[15,24,241]]
[[0,0,0],[1,0,0],[0,1,0],[39,55,241]]
[[0,0,0],[1,0,0],[0,1,0],[21,68,241]]
[[0,0,0],[1,0,0],[0,1,0],[12,27,241]]
[[0,0,0],[1,0,0],[0,1,0],[15,39,241]]
[[0,0,0],[1,0,0],[0,1,0],[46,98,241]]
[[0,0,0],[1,0,0],[0,1,0],[6,17,241]]
[[0,0,0],[1,0,0],[0,1,0],[15,48,241]]
[[0,0,0],[1,0,0],[0,1,0],[33,209,241]]
[[0,0,0],[1,0,0],[0,1,0],[15,231,241]]
[[0,0,0],[1,0,0],[0,1,0],[29,68,241]]
[[0,0,0],[1,0,0],[0,1,0],[6,78,241]]
[[0,0,0],[1,0,0],[0,1,0],[2,50,241]]
[[0,0,0],[1,0,0],[0,1,0],[4,102,241]]
[[0,0,0],[1,0,0],[0,1,0],[35,207,241]]
[[0,0,0],[1,0,0],[0,1,0],[27,53,241]]
[[0,0,0],[1,0,0],[0,1,0],[9,14,241]]
[[0,0,0],[1,0,0],[0,1,0],[12,95,241]]
[[0,0,0],[1,0,0],[0,1,0],[16,27,241]]
[[0,0,0],[1,0,0],[0,1,0],[14,102,241]]
[[0,0,0],[1,0,0],[0,1,0],[21,81,241]]
[[0,0,0],[1,0,0],[0,1,0],[13,30,241]]
[[0,0,0],[1,0,0],[0,1,0],[10,100,241]]
[[0,0,0],[1,0,0],[0,1,0],[6,92,241]]
[[0,0,0],[1,0,0],[0,1,0],[11,27,241]]
[[0,0,0],[1,0,0],[0,1,0],[31,91,241]]
[[0,0,0],[1,0,0],[0,1,0],[32,47,241]]
[[0,0,0],[1,0,0],[0,1,0],[4,106,241]]
[[0,0,0],[1,0,0],[0,1,0],[10,89,241]]
[[0,0,0],[1,0,0],[0,1,0],[19,87,241]]
[[0,0,0],[1,0,0],[0,1,0],[6,77,241]]
[[0,0,0],[1,0,0],[0,1,0],[14,91,241]]
[[0,0,0],[1,0,0],[0,1,0],[48,85,241]]
[[0,0,0],[1,0,0],[0,1,0],[4,113,241]]
[[0,0,0],[1,0,0],[0,1,0],[14,97,241]]
[[0,0,0],[1,0,0],[0,1,0],[28,223,241]]
[[0,0,0],[1,0,0],[0,1,0],[12,52,241]]
[[0,0,0],[1,0,0],[0,1,0],[16,36,241]]
[[0,0,0],[1,0,0],[0,1,0],[29,35,241]]
[[0,0,0],[1,0,0],[0,1,0],[2,40,241]]
[[0,0,0],[1,0,0],[0,1,0],[25,42,241]]
[[0,0,0],[1,0,0],[0,1,0],[64,179,241]]
[[0,0,0],[1,0,0],[0,1,0],[13,20,241]]
[[0,0,0],[1,0,0],[0,1,0],[27,61,241]]
[[0,0,0],[1,0,0],[0,1,0],[28,98,241]]
[[0,0,0],[1,0,0],[0,1,0],[42,42,241]]
[[0,0,0],[1,0,0],[0,1,0],[3,55,241]]
[[0,0,0],[1,0,0],[0,1,0],[11,233,241]]
[[0,0,0],[1,0,0],[0,1,0],[2,52,241]]
[[0,0,0],[1,0,0],[0,1,0],[6,66,241]]
[[0,0,0],[1,0,0],[0,1,0],[15,47,241]]
[[0,0,0],[1,0,0],[0,1,0],[16,53,241]]
[[0,0,0],[1,0,0],[0,1,0],[1,82,241]]
[[0,0,0],[1,0,0],[0,1,0],[2,113,241]]
[[0,0,0],[1,0,0],[0,1,0],[21,48,241]]
[[0,0,0],[1,0,0],[0,1,0],[11,22,241]]
[[0,0,0],[1,0,0],[0,1,0],[4,108,241]]
[[0,0,0],[1,0,0],[0,1,0],[7,64,241]]
[[0,0,0],[1,0,0],[0,1,0],[31,52,241]]
[[0,0,0],[1,0,0],[0,1,0],[5,23,241]]
[[0,0,0],[1,0,0],[0,1,0],[87,190,241]]
[[0,0,0],[1,0,0],[0,1,0],[9,106,241]]
[[0,0,0],[1,0,0],[0,1,0],[6,38,241]]
[[0,0,0],[1,0,0],[0,1,0],[12,87,241]]
[[0,0,0],[1,0,0],[0,1,0],[8,106,241]]
[[0,0,0],[1,0,0],[0,1,0],[25,220,241]]
[[0,0,0],[1,0,0],[0,1,0],[3,41,241]]
[[0,0,0],[1,0,0],[0,1,0],[14,98,241]]
[[0,0,0],[1,0,0],[0,1,0],[37,77,241]]
[[0,0,0],[1,0,0],[0,1,0],[31,74,241]]
[[0,0,0],[1,0,0],[0,1,0],[29,95,241]]
[[0,0,0],[1,0,0],[0,1,0],[44,98,241]]
[[0,0,0],[1,0,0],[0,1,0],[13,229,241]]
[[0,0,0],[1,0,0],[0,1,0],[4,21,241]]
[[0,0,0],[1,0,0],[0,1,0],[14,100,241]]
[[0,0,0],[1,0,0],[0,1,0],[18,81,241]]
[[0,0,0],[1,0,0],[0,1,0],[16,54,241]]
[[0,0,0],[1,0,0],[0,1,0],[18,224,241]]
[[0,0,0],[1,0,0],[0,1,0],[15,105,241]]
[[0,0,0],[1,0,0],[0,1,0],[19,104,241]]
[[0,0,0],[1,0,0],[0,1,0],[18,62,241]]
[[0,0,0],[1,0,0],[0,1,0],[5,87,241]]
[[0,0,0],[1,0,0],[0,1,0],[40,65,241]]
[[0,0,0],[1,0,0],[0,1,0],[15,112,241]]
[[0,0,0],[1,0,0],[0,1,0],[24,45,241]]
[[0,0,0],[1,0,0],[0,1,0],[17,43,241]]
[[0,0,0],[1,0,0],[0,1,0],[5,9,241]]
[[0,0,0],[1,0,0],[0,1,0],[32,219,241]]
[[0,0,0],[1,0,0],[0,1,0],[42,61,241]]
[[0,0,0],[1,0,0],[0,1,0],[27,40,241]]
[[0,0,0],[1,0,0],[0,1,0],[7,13,241]]
[[0,0,0],[1,0,0],[0,1,0],[36,103,241]]
[[0,0,0],[1,0,0],[0,1,0],[14,83,241]]
[[0,0,0],[1,0,0],[0,1,0],[28,65,241]]
[[0,0,0],[1,0,0],[0,1,0],[30,44,241]]
[[0,0,0],[1,0,0],[0,1,0],[3,39,241]]
[[0,0,0],[1,0,0],[0,1,0],[2,116,241]]
[[0,0,0],[1,0,0],[0,1,0],[8,61,241]]
[[0,0,0],[1,0,0],[0,1,0],[53,71,241]]
[[0,0,0],[1,0,0],[0,1,0],[11,17,241]]
[[0,0,0],[1,0,0],[0,1,0],[17,228,241]]
[[0,0,0],[1,0,0],[0,1,0],[19,25,241]]
[[0,0,0],[1,0,0],[0,1,0],[4,53,241]]
[[0,0,0],[1,0,0],[0,1,0],[4,100,241]]
[[0,0,0],[1,0,0],[0,1,0],[1,45,241]]
[[0,0,0],[1,0,0],[0,1,0],[25,80,241]]
[[0,0,0],[1,0,0],[0,1,0],[3,35,241]]
[[0,0,0],[1,0,0],[0,1,0],[53,85,241]]
[[0,0,0],[1,0,0],[0,1,0],[1,6,241]]
[[0,0,0],[1,0,0],[0,1,0],[9,90,241]]
[[0,0,0],[1,0,0],[0,1,0],[19,97,241]]
[[0,0,0],[1,0,0],[0,1,0],[2,17,241]]
[[0,0,0],[1,0,0],[0,1,0],[5,36,241]]
[[0,0,0],[1,0,0],[0,1,0],[26,56,241]]
[[0,0,0],[1,0,0],[0,1,0],[11,16,241]]
[[0,0,0],[1,0,0],[0,1,0],[3,28,241]]
[[0,0,0],[1,0,0],[0,1,0],[24,78,241]]
[[0,0,0],[1,0,0],[0,1,0],[9,113,241]]
[[0,0,0],[1,0,0],[0,1,0],[15,36,241]]
[[0,0,0],[1,0,0],[0,1,0],[16,48,241]]
[[0,0,0],[1,0,0],[0,1,0],[26,90,241]]
[[0,0,0],[1,0,0],[0,1,0],[10,67,241]]
[[0,0,0],[1,0,0],[0,1,0],[7,20,241]]
[[0,0,0],[1,0,0],[0,1,0],[28,48,241]]
[[0,0,0],[1,0,0],[0,1,0],[18,65,241]]
[[0,0,0],[1,0,0],[0,1,0],[48,83,241]]
[[0,0,0],[1,0,0],[0,1,0],[2,31,241]]
[[0,0,0],[1,0,0],[0,1,0],[11,79,241]]
[[0,0,0],[1,0,0],[0,1,0],[11,73,241]]
[[0,0,0],[1,0,0],[0,1,0],[12,15,241]]
[[0,0,0],[1,0,0],[0,1,0],[11,39,241]]
[[0,0,0],[1,0,0],[0,1,0],[10,28,241]]
[[0,0,0],[1,0,0],[0,1,0],[7,38,241]]
[[0,0,0],[1,0,0],[0,1,0],[12,115,241]]
[[0,0,0],[1,0,0],[0,1,0],[21,34,241]]
[[0,0,0],[1,0,0],[0,1,0],[9,105,241]]
[[0,0,0],[1,0,0],[0,1,0],[2,120,241]]
[[0,0,0],[1,0,0],[0,1,0],[6,109,241]]
[[0,0,0],[1,0,0],[0,1,0],[25,71,241]]
[[0,0,0],[1,0,0],[0,1,0],[4,49,241]]
[[0,0,0],[1,0,0],[0,1,0],[8,58,241]]
[[0,0,0],[1,0,0],[0,1,0],[21,91,241]]
[[0,0,0],[1,0,0],[0,1,0],[26,75,241]]
[[0,0,0],[1,0,0],[0,1,0],[31,66,241]]
[[0,0,0],[1,0,0],[0,1,0],[1,11,241]]
[[0,0,0],[1,0,0],[0,1,0],[18,50,241]]
[[0,0,0],[1,0,0],[0,1,0],[33,97,241]]
[[0,0,0],[1,0,0],[0,1,0],[15,17,241]]
[[0,0,0],[1,0,0],[0,1,0],[55,187,241]]
[[0,0,0],[1,0,0],[0,1,0],[13,42,241]]
[[0,0,0],[1,0,0],[0,1,0],[30,216,241]]
[[0,0,0],[1,0,0],[0,1,0],[8,115,241]]
[[0,0,0],[1,0,0],[0,1,0],[15,20,241]]
[[0,0,0],[1,0,0],[0,1,0],[32,91,241]]
[[0,0,0],[1,0,0],[0,1,0],[4,63,241]]
[[0,0,0],[1,0,0],[0,1,0],[34,79,241]]
[[0,0,0],[1,0,0],[0,1,0],[7,92,241]]
[[0,0,0],[1,0,0],[0,1,0],[73,171,241]]
[[0,0,0],[1,0,0],[0,1,0],[8,78,241]]
[[0,0,0],[1,0,0],[0,1,0],[12,108,241]]
[[0,0,0],[1,0,0],[0,1,0],[8,75,241]]
[[0,0,0],[1,0,0],[0,1,0],[19,52,241]]
[[0,0,0],[1,0,0],[0,1,0],[19,86,241]]
[[0,0,0],[1,0,0],[0,1,0],[49,195,241]]
[[0,0,0],[1,0,0],[0,1,0],[25,65,241]]
[[0,0,0],[1,0,0],[0,1,0],[9,35,241]]
[[0,0,0],[1,0,0],[0,1,0],[26,49,241]]
[[0,0,0],[1,0,0],[0,1,0],[7,93,241]]
[[0,0,0],[1,0,0],[0,1,0],[5,114,241]]
[[0,0,0],[1,0,0],[0,1,0],[11,57,241]]
[[0,0,0],[1,0,0],[0,1,0],[3,77,241]]
[[0,0,0],[1,0,0],[0,1,0],[18,75,241]]
[[0,0,0],[1,0,0],[0,1,0],[9,51,241]]
[[0,0,0],[1,0,0],[0,1,0],[50,95,241]]
[[0,0,0],[1,0,0],[0,1,0],[4,94,241]]
[[0,0,0],[1,0,0],[0,1,0],[26,227,241]]
[[0,0,0],[1,0,0],[0,1,0],[18,107,241]]
[[0,0,0],[1,0,0],[0,1,0],[3,98,241]]
[[0,0,0],[1,0,0],[0,1,0],[16,41,241]]
[[0,0,0],[1,0,0],[0,1,0],[56,87,241]]
[[0,0,0],[1,0,0],[0,1,0],[53,215,241]]
[[0,0,0],[1,0,0],[0,1,0],[12,62,241]]
[[0,0,0],[1,0,0],[0,1,0],[8,92,241]]
[[0,0,0],[1,0,0],[0,1,0],[8,100,241]]
[[0,0,0],[1,0,0],[0,1,0],[6,68,241]]
[[0,0,0],[1,0,0],[0,1,0],[17,84,241]]
[[0,0,0],[1,0,0],[0,1,0],[29,54,241]]
[[0,0,0],[1,0,0],[0,1,0],[19,82,241]]
[[0,0,0],[1,0,0],[0,1,0],[34,98,241]]
[[0,0,0],[1,0,0],[0,1,0],[5,69,241]]
[[0,0,0],[1,0,0],[0,1,0],[20,57,241]]
[[0,0,0],[1,0,0],[0,1,0],[32,216,241]]
[[0,0,0],[1,0,0],[0,1,0],[13,37,241]]
[[0,0,0],[1,0,0],[0,1,0],[13,45,241]]
[[0,0,0],[1,0,0],[0,1,0],[18,229,241]]
[[0,0,0],[1,0,0],[0,1,0],[20,108,241]]
[[0,0,0],[1,0,0],[0,1,0],[29,65,241]]
[[0,0,0],[1,0,0],[0,1,0],[5,47,241]]
[[0,0,0],[1,0,0],[0,1,0],[10,55,241]]
[[0,0,0],[1,0,0],[0,1,0],[8,102,241]]
[[0,0,0],[1,0,0],[0,1,0],[11,85,241]]
[[0,0,0],[1,0,0],[0,1,0],[33,72,241]]
[[0,0,0],[1,0,0],[0,1,0],[8,112,241]]
[[0,0,0],[1,0,0],[0,1,0],[46,199,241]]
[[0,0,0],[1,0,0],[0,1,0],[8,51,241]]
[[0,0,0],[1,0,0],[0,1,0],[2,59,241]]
[[0,0,0],[1,0,0],[0,1,0],[12,18,241]]
[[0,0,0],[1,0,0],[0,1,0],[11,59,241]]
[[0,0,0],[1,0,0],[0,1,0],[7,23,241]]
[[0,0,0],[1,0,0],[0,1,0],[30,34,241]]
[[0,0,0],[1,0,0],[0,1,0],[8,16,241]]
[[0,0,0],[1,0,0],[0,1,0],[25,74,241]]
[[0,0,0],[1,0,0],[0,1,0],[3,48,241]]
[[0,0,0],[1,0,0],[0,1,0],[4,11,241]]
[[0,0,0],[1,0,0],[0,1,0],[34,90,241]]
[[0,0,0],[1,0,0],[0,1,0],[8,48,241]]
[[0,0,0],[1,0,0],[0,1,0],[10,68,241]]
[[0,0,0],[1,0,0],[0,1,0],[15,63,241]]
[[0,0,0],[1,0,0],[0,1,0],[1,55,241]]
[[0,0,0],[1,0,0],[0,1,0],[41,81,241]]
[[0,0,0],[1,0,0],[0,1,0],[17,42,241]]
[[0,0,0],[1,0,0],[0,1,0],[14,66,241]]
[[0,0,0],[1,0,0],[0,1,0],[24,109,241]]
[[0,0,0],[1,0,0],[0,1,0],[9,93,241]]
[[0,0,0],[1,0,0],[0,1,0],[47,85,241]]
[[0,0,0],[1,0,0],[0,1,0],[31,37,241]]
[[0,0,0],[1,0,0],[0,1,0],[1,81,241]]
[[0,0,0],[1,0,0],[0,1,0],[44,81,241]]
[[0,0,0],[1,0,0],[0,1,0],[13,13,241]]
[[0,0,0],[1,0,0],[0,1,0],[27,100,241]]
[[0,0,0],[1,0,0],[0,1,0],[9,91,241]]
[[0,0,0],[1,0,0],[0,1,0],[7,105,241]]
[[0,0,0],[1,0,0],[0,1,0],[7,235,241]]
[[0,0,0],[1,0,0],[0,1,0],[49,85,241]]
[[0,0,0],[1,0,0],[0,1,0],[27,71,241]]
[[0,0,0],[1,0,0],[0,1,0],[29,36,241]]
[[0,0,0],[1,0,0],[0,1,0],[108,179,241]]
[[0,0,0],[1,0,0],[0,1,0],[4,15,241]]
[[0,0,0],[1,0,0],[0,1,0],[19,107,241]]
[[0,0,0],[1,0,0],[0,1,0],[58,79,241]]
[[0,0,0],[1,0,0],[0,1,0],[2,88,241]]
[[0,0,0],[1,0,0],[0,1,0],[36,207,241]]
[[0,0,0],[1,0,0],[0,1,0],[5,62,241]]
[[0,0,0],[1,0,0],[0,1,0],[5,51,241]]
[[0,0,0],[1,0,0],[0,1,0],[45,74,241]]
[[0,0,0],[1,0,0],[0,1,0],[3,108,241]]
[[0,0,0],[1,0,0],[0,1,0],[5,20,241]]
[[0,0,0],[1,0,0],[0,1,0],[10,42,241]]
[[0,0,0],[1,0,0],[0,1,0],[31,100,241]]
[[0,0,0],[1,0,0],[0,1,0],[7,49,241]]
[[0,0,0],[1,0,0],[0,1,0],[21,53,241]]
[[0,0,0],[1,0,0],[0,1,0],[1,65,241]]
[[0,0,0],[1,0,0],[0,1,0],[37,216,241]]
[[0,0,0],[1,0,0],[0,1,0],[21,70,241]]
[[0,0,0],[1,0,0],[0,1,0],[1,27,241]]
[[0,0,0],[1,0,0],[0,1,0],[87,178,241]]
[[0,0,0],[1,0,0],[0,1,0],[87,157,241]]
[[0,0,0],[1,0,0],[0,1,0],[15,30,241]]
[[0,0,0],[1,0,0],[0,1,0],[46,205,241]]
[[0,0,0],[1,0,0],[0,1,0],[6,46,241]]
[[0,0,0],[1,0,0],[0,1,0],[39,56,241]]
[[0,0,0],[1,0,0],[0,1,0],[9,68,241]]
[[0,0,0],[1,0,0],[0,1,0],[18,228,241]]
[[0,0,0],[1,0,0],[0,1,0],[28,55,241]]
[[0,0,0],[1,0,0],[0,1,0],[44,88,241]]
[[0,0,0],[1,0,0],[0,1,0],[15,90,241]]
[[0,0,0],[1,0,0],[0,1,0],[6,111,241]]
[[0,0,0],[1,0,0],[0,1,0],[4,76,241]]
[[0,0,0],[1,0,0],[0,1,0],[8,39,241]]
[[0,0,0],[1,0,0],[0,1,0],[7,44,241]]
[[0,0,0],[1,0,0],[0,1,0],[60,86,241]]
[[0,0,0],[1,0,0],[0,1,0],[39,45,241]]
[[0,0,0],[1,0,0],[0,1,0],[5,50,241]]
[[0,0,0],[1,0,0],[0,1,0],[11,13,241]]
[[0,0,0],[1,0,0],[0,1,0],[40,63,241]]
[[0,0,0],[1,0,0],[0,1,0],[4,115,241]]
[[0,0,0],[1,0,0],[0,1,0],[43,92,241]]
[[0,0,0],[1,0,0],[0,1,0],[8,42,241]]
[[0,0,0],[1,0,0],[0,1,0],[12,57,241]]
[[0,0,0],[1,0,0],[0,1,0],[41,59,241]]
[[0,0,0],[1,0,0],[0,1,0],[7,19,241]]
[[0,0,0],[1,0,0],[0,1,0],[11,95,241]]
[[0,0,0],[1,0,0],[0,1,0],[49,49,241]]
[[0,0,0],[1,0,0],[0,1,0],[42,99,241]]
[[0,0,0],[1,0,0],[0,1,0],[28,74,241]]
[[0,0,0],[1,0,0],[0,1,0],[6,28,241]]
[[0,0,0],[1,0,0],[0,1,0],[4,111,241]]
[[0,0,0],[1,0,0],[0,1,0],[8,55,241]]
[[0,0,0],[1,0,0],[0,1,0],[9,34,241]]
[[0,0,0],[1,0,0],[0,1,0],[9,103,241]]
[[0,0,0],[1,0,0],[0,1,0],[64,86,241]]
[[0,0,0],[1,0,0],[0,1,0],[12,70,241]]
[[0,0,0],[1,0,0],[0,1,0],[1,66,241]]
[[0,0,0],[1,0,0],[0,1,0],[4,28,241]]
[[0,0,0],[1,0,0],[0,1,0],[2,72,241]]
[[0,0,0],[1,0,0],[0,1,0],[5,17,241]]
[[0,0,0],[1,0,0],[0,1,0],[55,83,241]]
[[0,0,0],[1,0,0],[0,1,0],[20,76,241]]
[[0,0,0],[1,0,0],[0,1,0],[21,58,241]]
[[0,0,0],[1,0,0],[0,1,0],[1,95,241]]
[[0,0,0],[1,0,0],[0,1,0],[11,60,241]]
[[0,0,0],[1,0,0],[0,1,0],[33,64,241]]
[[0,0,0],[1,0,0],[0,1,0],[14,46,241]]
[[0,0,0],[1,0,0],[0,1,0],[16,91,241]]
[[0,0,0],[1,0,0],[0,1,0],[18,77,241]]
[[0,0,0],[1,0,0],[0,1,0],[26,52,241]]
[[0,0,0],[1,0,0],[0,1,0],[14,105,241]]
[[0,0,0],[1,0,0],[0,1,0],[11,55,241]]
[[0,0,0],[1,0,0],[0,1,0],[3,27,241]]
[[0,0,0],[1,0,0],[0,1,0],[11,102,241]]
[[0,0,0],[1,0,0],[0,1,0],[8,84,241]]
[[0,0,0],[1,0,0],[0,1,0],[5,37,241]]
[[0,0,0],[1,0,0],[0,1,0],[33,59,241]]
[[0,0,0],[1,0,0],[0,1,0],[12,89,241]]
[[0,0,0],[1,0,0],[0,1,0],[14,61,241]]
[[0,0,0],[1,0,0],[0,1,0],[3,30,241]]
[[0,0,0],[1,0,0],[0,1,0],[13,231,241]]
[[0,0,0],[1,0,0],[0,1,0],[26,48,241]]
[[0,0,0],[1,0,0],[0,1,0],[11,77,241]]
[[0,0,0],[1,0,0],[0,1,0],[11,236,241]]
[[0,0,0],[1,0,0],[0,1,0],[32,43,241]]
[[0,0,0],[1,0,0],[0,1,0],[5,26,241]]
[[0,0,0],[1,0,0],[0,1,0],[20,109,241]]
[[0,0,0],[1,0,0],[0,1,0],[57,207,241]]
[[0,0,0],[1,0,0],[0,1,0],[4,98,241]]
[[0,0,0],[1,0,0],[0,1,0],[6,96,241]]
[[0,0,0],[1,0,0],[0,1,0],[25,102,241]]
[[0,0,0],[1,0,0],[0,1,0],[34,50,241]]
[[0,0,0],[1,0,0],[0,1,0],[16,112,241]]
[[0,0,0],[1,0,0],[0,1,0],[10,76,241]]
[[0,0,0],[1,0,0],[0,1,0],[20,71,241]]
[[0,0,0],[1,0,0],[0,1,0],[20,91,241]]
[[0,0,0],[1,0,0],[0,1,0],[15,88,241]]
[[0,0,0],[1,0,0],[0,1,0],[6,14,241]]
[[0,0,0],[1,0,0],[0,1,0],[2,29,241]]
[[0,0,0],[1,0,0],[0,1,0],[4,85,241]]
[[0,0,0],[1,0,0],[0,1,0],[25,45,241]]
[[0,0,0],[1,0,0],[0,1,0],[58,88,241]]
[[0,0,0],[1,0,0],[0,1,0],[65,206,241]]
[[0,0,0],[1,0,0],[0,1,0],[4,119,241]]
[[0,0,0],[1,0,0],[0,1,0],[10,103,241]]
[[0,0,0],[1,0,0],[0,1,0],[12,76,241]]
[[0,0,0],[1,0,0],[0,1,0],[79,185,241]]
[[0,0,0],[1,0,0],[0,1,0],[41,53,241]]
[[0,0,0],[1,0,0],[0,1,0],[4,40,241]]
[[0,0,0],[1,0,0],[0,1,0],[30,96,241]]
[[0,0,0],[1,0,0],[0,1,0],[40,209,241]]
[[0,0,0],[1,0,0],[0,1,0],[6,60,241]]
[[0,0,0],[1,0,0],[0,1,0],[30,81,241]]
[[0,0,0],[1,0,0],[0,1,0],[5,63,241]]
[[0,0,0],[1,0,0],[0,1,0],[32,210,241]]
[[0,0,0],[1,0,0],[0,1,0],[32,215,241]]
[[0,0,0],[1,0,0],[0,1,0],[19,92,241]]
[[0,0,0],[1,0,0],[0,1,0],[24,71,241]]
[[0,0,0],[1,0,0],[0,1,0],[15,101,241]]
[[0,0,0],[1,0,0],[0,1,0],[12,68,241]]
[[0,0,0],[1,0,0],[0,1,0],[7,116,241]]
[[0,0,0],[1,0,0],[0,1,0],[33,61,241]]
[[0,0,0],[1,0,0],[0,1,0],[9,9,241]]
[[0,0,0],[1,0,0],[0,1,0],[38,53,241]]
[[0,0,0],[1,0,0],[0,1,0],[25,87,241]]
[[0,0,0],[1,0,0],[0,1,0],[12,86,241]]
[[0,0,0],[1,0,0],[0,1,0],[46,76,241]]
[[0,0,0],[1,0,0],[0,1,0],[19,232,241]]
[[0,0,0],[1,0,0],[0,1,0],[3,91,241]]
[[0,0,0],[1,0,0],[0,1,0],[1,31,241]]
[[0,0,0],[1,0,0],[0,1,0],[1,101,241]]
[[0,0,0],[1,0,0],[0,1,0],[16,84,241]]
[[0,0,0],[1,0,0],[0,1,0],[29,103,241]]
[[0,0,0],[1,0,0],[0,1,0],[20,83,241]]
[[0,0,0],[1,0,0],[0,1,0],[15,74,241]]
[[0,0,0],[1,0,0],[0,1,0],[9,62,241]]
[[0,0,0],[1,0,0],[0,1,0],[26,50,241]]
[[0,0,0],[1,0,0],[0,1,0],[30,75,241]]
[[0,0,0],[1,0,0],[0,1,0],[7,100,241]]
[[0,0,0],[1,0,0],[0,1,0],[7,112,241]]
[[0,0,0],[1,0,0],[0,1,0],[13,100,241]]
[[0,0,0],[1,0,0],[0,1,0],[9,63,241]]
[[0,0,0],[1,0,0],[0,1,0],[17,55,241]]
[[0,0,0],[1,0,0],[0,1,0],[9,109,241]]
[[0,0,0],[1,0,0],[0,1,0],[57,77,241]]
[[0,0,0],[1,0,0],[0,1,0],[53,206,241]]
[[0,0,0],[1,0,0],[0,1,0],[7,61,241]]
[[0,0,0],[1,0,0],[0,1,0],[16,38,241]]
[[0,0,0],[1,0,0],[0,1,0],[10,15,241]]
[[0,0,0],[1,0,0],[0,1,0],[35,99,241]]
[[0,0,0],[1,0,0],[0,1,0],[30,40,241]]
[[0,0,0],[1,0,0],[0,1,0],[15,95,241]]
[[0,0,0],[1,0,0],[0,1,0],[17,41,241]]
[[0,0,0],[1,0,0],[0,1,0],[32,64,241]]
[[0,0,0],[1,0,0],[0,1,0],[59,86,241]]
[[0,0,0],[1,0,0],[0,1,0],[9,30,241]]
[[0,0,0],[1,0,0],[0,1,0],[12,51,241]]
[[0,0,0],[1,0,0],[0,1,0],[2,105,241]]
[[0,0,0],[1,0,0],[0,1,0],[9,76,241]]
[[0,0,0],[1,0,0],[0,1,0],[9,101,241]]
[[0,0,0],[1,0,0],[0,1,0],[11,98,241]]
[[0,0,0],[1,0,0],[0,1,0],[8,18,241]]
[[0,0,0],[1,0,0],[0,1,0],[26,87,241]]
[[0,0,0],[1,0,0],[0,1,0],[14,64,241]]
[[0,0,0],[1,0,0],[0,1,0],[10,66,241]]
[[0,0,0],[1,0,0],[0,1,0],[7,65,241]]
[[0,0,0],[1,0,0],[0,1,0],[8,40,241]]
[[0,0,0],[1,0,0],[0,1,0],[11,21,241]]
[[0,0,0],[1,0,0],[0,1,0],[13,113,241]]
[[0,0,0],[1,0,0],[0,1,0],[25,81,241]]
[[0,0,0],[1,0,0],[0,1,0],[24,80,241]]
[[0,0,0],[1,0,0],[0,1,0],[11,28,241]]
[[0,0,0],[1,0,0],[0,1,0],[12,32,241]]
[[0,0,0],[1,0,0],[0,1,0],[26,42,241]]
[[0,0,0],[1,0,0],[0,1,0],[54,85,241]]
[[0,0,0],[1,0,0],[0,1,0],[4,51,241]]
[[0,0,0],[1,0,0],[0,1,0],[16,90,241]]
[[0,0,0],[1,0,0],[0,1,0],[3,109,241]]
[[0,0,0],[1,0,0],[0,1,0],[51,51,241]]
[[0,0,0],[1,0,0],[0,1,0],[4,35,241]]
[[0,0,0],[1,0,0],[0,1,0],[31,213,241]]
[[0,0,0],[1,0,0],[0,1,0],[11,42,241]]
[[0,0,0],[1,0,0],[0,1,0],[47,80,241]]
[[0,0,0],[1,0,0],[0,1,0],[30,76,241]]
[[0,0,0],[1,0,0],[0,1,0],[2,74,241]]
[[0,0,0],[1,0,0],[0,1,0],[12,31,241]]
[[0,0,0],[1,0,0],[0,1,0],[2,42,241]]
[[0,0,0],[1,0,0],[0,1,0],[37,99,241]]
[[0,0,0],[1,0,0],[0,1,0],[31,49,241]]
[[0,0,0],[1,0,0],[0,1,0],[16,19,241]]
[[0,0,0],[1,0,0],[0,1,0],[10,79,241]]
[[0,0,0],[1,0,0],[0,1,0],[10,116,241]]
[[0,0,0],[1,0,0],[0,1,0],[25,104,241]]
[[0,0,0],[1,0,0],[0,1,0],[13,17,241]]
[[0,0,0],[1,0,0],[0,1,0],[7,55,241]]
[[0,0,0],[1,0,0],[0,1,0],[15,228,241]]
[[0,0,0],[1,0,0],[0,1,0],[10,78,241]]
[[0,0,0],[1,0,0],[0,1,0],[4,118,241]]
[[0,0,0],[1,0,0],[0,1,0],[6,118,241]]
[[0,0,0],[1,0,0],[0,1,0],[51,191,241]]
[[0,0,0],[1,0,0],[0,1,0],[32,53,241]]
[[0,0,0],[1,0,0],[0,1,0],[31,104,241]]
[[0,0,0],[1,0,0],[0,1,0],[35,220,241]]
[[0,0,0],[1,0,0],[0,1,0],[13,15,241]]
[[0,0,0],[1,0,0],[0,1,0],[17,65,241]]
[[0,0,0],[1,0,0],[0,1,0],[3,3,241]]
[[0,0,0],[1,0,0],[0,1,0],[7,91,241]]
[[0,0,0],[1,0,0],[0,1,0],[39,39,241]]
[[0,0,0],[1,0,0],[0,1,0],[35,61,241]]
[[0,0,0],[1,0,0],[0,1,0],[7,24,241]]
[[0,0,0],[1,0,0],[0,1,0],[15,65,241]]
[[0,0,0],[1,0,0],[0,1,0],[15,87,241]]
[[0,0,0],[1,0,0],[0,1,0],[7,109,241]]
[[0,0,0],[1,0,0],[0,1,0],[27,85,241]]
[[0,0,0],[1,0,0],[0,1,0],[6,37,241]]
[[0,0,0],[1,0,0],[0,1,0],[16,77,241]]
[[0,0,0],[1,0,0],[0,1,0],[7,16,241]]
[[0,0,0],[1,0,0],[0,1,0],[2,109,241]]
[[0,0,0],[1,0,0],[0,1,0],[30,95,241]]
[[0,0,0],[1,0,0],[0,1,0],[11,231,241]]
[[0,0,0],[1,0,0],[0,1,0],[41,205,241]]
[[0,0,0],[1,0,0],[0,1,0],[31,81,241]]
[[0,0,0],[1,0,0],[0,1,0],[6,24,241]]
[[0,0,0],[1,0,0],[0,1,0],[5,57,241]]
[[0,0,0],[1,0,0],[0,1,0],[5,112,241]]
[[0,0,0],[1,0,0],[0,1,0],[18,89,241]]
[[0,0,0],[1,0,0],[0,1,0],[20,97,241]]
[[0,0,0],[1,0,0],[0,1,0],[90,173,241]]
[[0,0,0],[1,0,0],[0,1,0],[6,16,241]]
[[0,0,0],[1,0,0],[0,1,0],[5,113,241]]
[[0,0,0],[1,0,0],[0,1,0],[9,60,241]]
[[0,0,0],[1,0,0],[0,1,0],[20,48,241]]
[[0,0,0],[1,0,0],[0,1,0],[13,110,241]]
[[0,0,0],[1,0,0],[0,1,0],[32,92,241]]
[[0,0,0],[1,0,0],[0,1,0],[4,104,241]]
[[0,0,0],[1,0,0],[0,1,0],[35,88,241]]
[[0,0,0],[1,0,0],[0,1,0],[36,220,241]]
[[0,0,0],[1,0,0],[0,1,0],[16,26,241]]
[[0,0,0],[1,0,0],[0,1,0],[26,28,241]]
[[0,0,0],[1,0,0],[0,1,0],[17,17,241]]
[[0,0,0],[1,0,0],[0,1,0],[41,96,241]]
[[0,0,0],[1,0,0],[0,1,0],[13,232,241]]
[[0,0,0],[1,0,0],[0,1,0],[4,78,241]]
[[0,0,0],[1,0,0],[0,1,0],[10,72,241]]
[[0,0,0],[1,0,0],[0,1,0],[4,99,241]]
[[0,0,0],[1,0,0],[0,1,0],[3,16,241]]
[[0,0,0],[1,0,0],[0,1,0],[5,82,241]]
[[0,0,0],[1,0,0],[0,1,0],[13,83,241]]
[[0,0,0],[1,0,0],[0,1,0],[18,46,241]]
[[0,0,0],[1,0,0],[0,1,0],[6,97,241]]
[[0,0,0],[1,0,0],[0,1,0],[10,233,241]]
[[0,0,0],[1,0,0],[0,1,0],[54,61,241]]
[[0,0,0],[1,0,0],[0,1,0],[60,90,241]]
[[0,0,0],[1,0,0],[0,1,0],[37,96,241]]
[[0,0,0],[1,0,0],[0,1,0],[58,64,241]]
[[0,0,0],[1,0,0],[0,1,0],[10,74,241]]
[[0,0,0],[1,0,0],[0,1,0],[19,73,241]]
[[0,0,0],[1,0,0],[0,1,0],[13,90,241]]
[[0,0,0],[1,0,0],[0,1,0],[4,90,241]]
[[0,0,0],[1,0,0],[0,1,0],[20,56,241]]
[[0,0,0],[1,0,0],[0,1,0],[57,57,241]]
[[0,0,0],[1,0,0],[0,1,0],[1,94,241]]
[[0,0,0],[1,0,0],[0,1,0],[42,100,241]]
[[0,0,0],[1,0,0],[0,1,0],[10,32,241]]
[[0,0,0],[1,0,0],[0,1,0],[10,82,241]]
[[0,0,0],[1,0,0],[0,1,0],[24,32,241]]
[[0,0,0],[1,0,0],[0,1,0],[14,21,241]]
[[0,0,0],[1,0,0],[0,1,0],[41,64,241]]
[[0,0,0],[1,0,0],[0,1,0],[5,10,241]]
[[0,0,0],[1,0,0],[0,1,0],[3,88,241]]
[[0,0,0],[1,0,0],[0,1,0],[30,223,241]]
[[0,0,0],[1,0,0],[0,1,0],[1,39,241]]
[[0,0,0],[1,0,0],[0,1,0],[39,77,241]]
[[0,0,0],[1,0,0],[0,1,0],[16,88,241]]
[[0,0,0],[1,0,0],[0,1,0],[26,224,241]]
[[0,0,0],[1,0,0],[0,1,0],[55,64,241]]
[[0,0,0],[1,0,0],[0,1,0],[2,67,241]]
[[0,0,0],[1,0,0],[0,1,0],[41,202,241]]
[[0,0,0],[1,0,0],[0,1,0],[47,79,241]]
[[0,0,0],[1,0,0],[0,1,0],[5,99,241]]
[[0,0,0],[1,0,0],[0,1,0],[1,14,241]]
[[0,0,0],[1,0,0],[0,1,0],[3,26,241]]
[[0,0,0],[1,0,0],[0,1,0],[13,88,241]]
[[0,0,0],[1,0,0],[0,1,0],[31,36,241]]
[[0,0,0],[1,0,0],[0,1,0],[5,70,241]]
[[0,0,0],[1,0,0],[0,1,0],[66,81,241]]
[[0,0,0],[1,0,0],[0,1,0],[8,8,241]]
[[0,0,0],[1,0,0],[0,1,0],[19,41,241]]
[[0,0,0],[1,0,0],[0,1,0],[13,49,241]]
[[0,0,0],[1,0,0],[0,1,0],[18,231,241]]
[[0,0,0],[1,0,0],[0,1,0],[53,74,241]]
[[0,0,0],[1,0,0],[0,1,0],[14,19,241]]
[[0,0,0],[1,0,0],[0,1,0],[9,48,241]]
[[0,0,0],[1,0,0],[0,1,0],[11,76,241]]
[[0,0,0],[1,0,0],[0,1,0],[83,159,241]]
[[0,0,0],[1,0,0],[0,1,0],[51,202,241]]
[[0,0,0],[1,0,0],[0,1,0],[29,220,241]]
[[0,0,0],[1,0,0],[0,1,0],[9,73,241]]
[[0,0,0],[1,0,0],[0,1,0],[15,233,241]]
[[0,0,0],[1,0,0],[0,1,0],[96,164,241]]
[[0,0,0],[1,0,0],[0,1,0],[12,16,241]]
[[0,0,0],[1,0,0],[0,1,0],[12,91,241]]
[[0,0,0],[1,0,0],[0,1,0],[4,97,241]]
[[0,0,0],[1,0,0],[0,1,0],[19,231,241]]
[[0,0,0],[1,0,0],[0,1,0],[13,25,241]]
[[0,0,0],[1,0,0],[0,1,0],[9,104,241]]
[[0,0,0],[1,0,0],[0,1,0],[25,31,241]]
[[0,0,0],[1,0,0],[0,1,0],[41,60,241]]
[[0,0,0],[1,0,0],[0,1,0],[8,20,241]]
[[0,0,0],[1,0,0],[0,1,0],[20,93,241]]
[[0,0,0],[1,0,0],[0,1,0],[4,92,241]]
[[0,0,0],[1,0,0],[0,1,0],[3,22,241]]
[[0,0,0],[1,0,0],[0,1,0],[82,167,241]]
[[0,0,0],[1,0,0],[0,1,0],[10,24,241]]
[[0,0,0],[1,0,0],[0,1,0],[12,230,241]]
[[0,0,0],[1,0,0],[0,1,0],[8,99,241]]
[[0,0,0],[1,0,0],[0,1,0],[73,178,241]]
[[0,0,0],[1,0,0],[0,1,0],[19,227,241]]
[[0,0,0],[1,0,0],[0,1,0],[5,109,241]]
[[0,0,0],[1,0,0],[0,1,0],[5,88,241]]
[[0,0,0],[1,0,0],[0,1,0],[17,51,241]]
[[0,0,0],[1,0,0],[0,1,0],[24,76,241]]
[[0,0,0],[1,0,0],[0,1,0],[1,3,241]]
[[0,0,0],[1,0,0],[0,1,0],[26,101,241]]
[[0,0,0],[1,0,0],[0,1,0],[7,108,241]]
[[0,0,0],[1,0,0],[0,1,0],[40,213,241]]
[[0,0,0],[1,0,0],[0,1,0],[12,77,241]]
[[0,0,0],[1,0,0],[0,1,0],[3,14,241]]
[[0,0,0],[1,0,0],[0,1,0],[16,46,241]]
[[0,0,0],[1,0,0],[0,1,0],[3,12,241]]
[[0,0,0],[1,0,0],[0,1,0],[13,230,241]]
[[0,0,0],[1,0,0],[0,1,0],[7,89,241]]
[[0,0,0],[1,0,0],[0,1,0],[25,34,241]]
[[0,0,0],[1,0,0],[0,1,0],[8,23,241]]
[[0,0,0],[1,0,0],[0,1,0],[5,31,241]]
[[0,0,0],[1,0,0],[0,1,0],[9,26,241]]
[[0,0,0],[1,0,0],[0,1,0],[17,33,241]]
[[0,0,0],[1,0,0],[0,1,0],[8,59,241]]
[[0,0,0],[1,0,0],[0,1,0],[19,228,241]]
[[0,0,0],[1,0,0],[0,1,0],[30,83,241]]
[[0,0,0],[1,0,0],[0,1,0],[57,186,241]]
[[0,0,0],[1,0,0],[0,1,0],[10,45,241]]
[[0,0,0],[1,0,0],[0,1,0],[61,210,241]]
[[0,0,0],[1,0,0],[0,1,0],[17,62,241]]
[[0,0,0],[1,0,0],[0,1,0],[26,97,241]]
[[0,0,0],[1,0,0],[0,1,0],[6,99,241]]
[[0,0,0],[1,0,0],[0,1,0],[20,75,241]]
[[0,0,0],[1,0,0],[0,1,0],[29,74,241]]
[[0,0,0],[1,0,0],[0,1,0],[6,10,241]]
[[0,0,0],[1,0,0],[0,1,0],[17,34,241]]
[[0,0,0],[1,0,0],[0,1,0],[15,98,241]]
[[0,0,0],[1,0,0],[0,1,0],[7,96,241]]
[[0,0,0],[1,0,0],[0,1,0],[3,15,241]]
[[0,0,0],[1,0,0],[0,1,0],[12,113,241]]
[[0,0,0],[1,0,0],[0,1,0],[14,31,241]]
[[0,0,0],[1,0,0],[0,1,0],[9,45,241]]
[[0,0,0],[1,0,0],[0,1,0],[2,110,241]]
[[0,0,0],[1,0,0],[0,1,0],[53,83,241]]
[[0,0,0],[1,0,0],[0,1,0],[31,44,241]]
[[0,0,0],[1,0,0],[0,1,0],[26,84,241]]
[[0,0,0],[1,0,0],[0,1,0],[18,106,241]]
[[0,0,0],[1,0,0],[0,1,0],[12,80,241]]
[[0,0,0],[1,0,0],[0,1,0],[17,72,241]]
[[0,0,0],[1,0,0],[0,1,0],[11,109,241]]
[[0,0,0],[1,0,0],[0,1,0],[5,73,241]]
[[0,0,0],[1,0,0],[0,1,0],[35,92,241]]
[[0,0,0],[1,0,0],[0,1,0],[4,60,241]]
[[0,0,0],[1,0,0],[0,1,0],[16,66,241]]
[[0,0,0],[1,0,0],[0,1,0],[16,37,241]]
[[0,0,0],[1,0,0],[0,1,0],[38,85,241]]
[[0,0,0],[1,0,0],[0,1,0],[32,44,241]]
[[0,0,0],[1,0,0],[0,1,0],[7,58,241]]
[[0,0,0],[1,0,0],[0,1,0],[15,83,241]]
[[0,0,0],[1,0,0],[0,1,0],[63,72,241]]
[[0,0,0],[1,0,0],[0,1,0],[3,86,241]]
[[0,0,0],[1,0,0],[0,1,0],[3,111,241]]
[[0,0,0],[1,0,0],[0,1,0],[36,49,241]]
[[0,0,0],[1,0,0],[0,1,0],[20,95,241]]
[[0,0,0],[1,0,0],[0,1,0],[36,54,241]]
[[0,0,0],[1,0,0],[0,1,0],[43,98,241]]
[[0,0,0],[1,0,0],[0,1,0],[30,74,241]]
[[0,0,0],[1,0,0],[0,1,0],[20,27,241]]
[[0,0,0],[1,0,0],[0,1,0],[31,60,241]]
[[0,0,0],[1,0,0],[0,1,0],[10,88,241]]
[[0,0,0],[1,0,0],[0,1,0],[25,218,241]]
[[0,0,0],[1,0,0],[0,1,0],[59,190,241]]
[[0,0,0],[1,0,0],[0,1,0],[8,109,241]]
[[0,0,0],[1,0,0],[0,1,0],[51,216,241]]
[[0,0,0],[1,0,0],[0,1,0],[5,25,241]]
[[0,0,0],[1,0,0],[0,1,0],[1,33,241]]
[[0,0,0],[1,0,0],[0,1,0],[8,10,241]]
[[0,0,0],[1,0,0],[0,1,0],[7,62,241]]
[[0,0,0],[1,0,0],[0,1,0],[40,87,241]]
[[0,0,0],[1,0,0],[0,1,0],[6,45,241]]
[[0,0,0],[1,0,0],[0,1,0],[3,52,241]]
[[0,0,0],[1,0,0],[0,1,0],[1,103,241]]
[[0,0,0],[1,0,0],[0,1,0],[37,210,241]]
[[0,0,0],[1,0,0],[0,1,0],[4,81,241]]
[[0,0,0],[1,0,0],[0,1,0],[12,74,241]]
[[0,0,0],[1,0,0],[0,1,0],[9,23,241]]
[[0,0,0],[1,0,0],[0,1,0],[19,95,241]]
[[0,0,0],[1,0,0],[0,1,0],[17,101,241]]
[[0,0,0],[1,0,0],[0,1,0],[2,90,241]]
[[0,0,0],[1,0,0],[0,1,0],[65,209,241]]
[[0,0,0],[1,0,0],[0,1,0],[12,43,241]]
[[0,0,0],[1,0,0],[0,1,0],[24,223,241]]
[[0,0,0],[1,0,0],[0,1,0],[30,82,241]]
[[0,0,0],[1,0,0],[0,1,0],[4,71,241]]
[[0,0,0],[1,0,0],[0,1,0],[26,62,241]]
[[0,0,0],[1,0,0],[0,1,0],[25,78,241]]
[[0,0,0],[1,0,0],[0,1,0],[3,60,241]]
[[0,0,0],[1,0,0],[0,1,0],[8,64,241]]
[[0,0,0],[1,0,0],[0,1,0],[29,91,241]]
[[0,0,0],[1,0,0],[0,1,0],[7,11,241]]
[[0,0,0],[1,0,0],[0,1,0],[16,40,241]]
[[0,0,0],[1,0,0],[0,1,0],[3,104,241]]
[[0,0,0],[1,0,0],[0,1,0],[33,41,241]]
[[0,0,0],[1,0,0],[0,1,0],[2,55,241]]
[[0,0,0],[1,0,0],[0,1,0],[2,87,241]]
[[0,0,0],[1,0,0],[0,1,0],[11,44,241]]
[[0,0,0],[1,0,0],[0,1,0],[3,79,241]]
[[0,0,0],[1,0,0],[0,1,0],[8,14,241]]
[[0,0,0],[1,0,0],[0,1,0],[43,90,241]]
[[0,0,0],[1,0,0],[0,1,0],[14,40,241]]
[[0,0,0],[1,0,0],[0,1,0],[20,28,241]]
[[0,0,0],[1,0,0],[0,1,0],[3,97,241]]
[[0,0,0],[1,0,0],[0,1,0],[16,39,241]]
[[0,0,0],[1,0,0],[0,1,0],[8,70,241]]
[[0,0,0],[1,0,0],[0,1,0],[7,53,241]]
[[0,0,0],[1,0,0],[0,1,0],[5,68,241]]
[[0,0,0],[1,0,0],[0,1,0],[3,18,241]]
[[0,0,0],[1,0,0],[0,1,0],[19,36,241]]
[[0,0,0],[1,0,0],[0,1,0],[10,83,241]]
[[0,0,0],[1,0,0],[0,1,0],[10,94,241]]
[[0,0,0],[1,0,0],[0,1,0],[9,82,241]]
[[0,0,0],[1,0,0],[0,1,0],[10,92,241]]
[[0,0,0],[1,0,0],[0,1,0],[24,108,241]]
[[0,0,0],[1,0,0],[0,1,0],[12,17,241]]
[[0,0,0],[1,0,0],[0,1,0],[14,30,241]]
[[0,0,0],[1,0,0],[0,1,0],[5,42,241]]
[[0,0,0],[1,0,0],[0,1,0],[12,45,241]]
[[0,0,0],[1,0,0],[0,1,0],[18,110,241]]
[[0,0,0],[1,0,0],[0,1,0],[9,80,241]]
[[0,0,0],[1,0,0],[0,1,0],[10,53,241]]
[[0,0,0],[1,0,0],[0,1,0],[26,26,241]]
[[0,0,0],[1,0,0],[0,1,0],[8,46,241]]
[[0,0,0],[1,0,0],[0,1,0],[13,109,241]]
[[0,0,0],[1,0,0],[0,1,0],[9,65,241]]
[[0,0,0],[1,0,0],[0,1,0],[12,110,241]]
[[0,0,0],[1,0,0],[0,1,0],[25,49,241]]
[[0,0,0],[1,0,0],[0,1,0],[2,15,241]]
[[0,0,0],[1,0,0],[0,1,0],[7,50,241]]
[[0,0,0],[1,0,0],[0,1,0],[31,99,241]]
[[0,0,0],[1,0,0],[0,1,0],[20,105,241]]
[[0,0,0],[1,0,0],[0,1,0],[34,85,241]]
[[0,0,0],[1,0,0],[0,1,0],[19,85,241]]
[[0,0,0],[1,0,0],[0,1,0],[37,214,241]]
[[0,0,0],[1,0,0],[0,1,0],[1,41,241]]
[[0,0,0],[1,0,0],[0,1,0],[14,18,241]]
[[0,0,0],[1,0,0],[0,1,0],[42,77,241]]
[[0,0,0],[1,0,0],[0,1,0],[10,14,241]]
[[0,0,0],[1,0,0],[0,1,0],[16,93,241]]
[[0,0,0],[1,0,0],[0,1,0],[2,51,241]]
[[0,0,0],[1,0,0],[0,1,0],[15,104,241]]
[[0,0,0],[1,0,0],[0,1,0],[13,73,241]]
[[0,0,0],[1,0,0],[0,1,0],[7,72,241]]
[[0,0,0],[1,0,0],[0,1,0],[12,83,241]]
[[0,0,0],[1,0,0],[0,1,0],[2,23,241]]
[[0,0,0],[1,0,0],[0,1,0],[6,95,241]]
[[0,0,0],[1,0,0],[0,1,0],[8,28,241]]
[[0,0,0],[1,0,0],[0,1,0],[2,16,241]]
[[0,0,0],[1,0,0],[0,1,0],[32,87,241]]
[[0,0,0],[1,0,0],[0,1,0],[37,52,241]]
[[0,0,0],[1,0,0],[0,1,0],[3,93,241]]
[[0,0,0],[1,0,0],[0,1,0],[25,48,241]]
[[0,0,0],[1,0,0],[0,1,0],[25,89,241]]
[[0,0,0],[1,0,0],[0,1,0],[6,106,241]]
[[0,0,0],[1,0,0],[0,1,0],[13,99,241]]
[[0,0,0],[1,0,0],[0,1,0],[3,114,241]]
[[0,0,0],[1,0,0],[0,1,0],[2,65,241]]
[[0,0,0],[1,0,0],[0,1,0],[5,91,241]]
[[0,0,0],[1,0,0],[0,1,0],[13,96,241]]
[[0,0,0],[1,0,0],[0,1,0],[10,99,241]]
[[0,0,0],[1,0,0],[0,1,0],[7,87,241]]
[[0,0,0],[1,0,0],[0,1,0],[5,104,241]]
[[0,0,0],[1,0,0],[0,1,0],[3,56,241]]
[[0,0,0],[1,0,0],[0,1,0],[18,44,241]]
[[0,0,0],[1,0,0],[0,1,0],[9,47,241]]
[[0,0,0],[1,0,0],[0,1,0],[27,215,241]]
[[0,0,0],[1,0,0],[0,1,0],[5,67,241]]
[[0,0,0],[1,0,0],[0,1,0],[3,112,241]]
[[0,0,0],[1,0,0],[0,1,0],[4,19,241]]
[[0,0,0],[1,0,0],[0,1,0],[9,11,241]]
[[0,0,0],[1,0,0],[0,1,0],[2,64,241]]
[[0,0,0],[1,0,0],[0,1,0],[63,180,241]]
[[0,0,0],[1,0,0],[0,1,0],[26,36,241]]
[[0,0,0],[1,0,0],[0,1,0],[3,83,241]]
[[0,0,0],[1,0,0],[0,1,0],[13,51,241]]
[[0,0,0],[1,0,0],[0,1,0],[24,102,241]]
[[0,0,0],[1,0,0],[0,1,0],[24,58,241]]
[[0,0,0],[1,0,0],[0,1,0],[7,66,241]]
[[0,0,0],[1,0,0],[0,1,0],[4,67,241]]
[[0,0,0],[1,0,0],[0,1,0],[3,58,241]]
[[0,0,0],[1,0,0],[0,1,0],[21,30,241]]
[[0,0,0],[1,0,0],[0,1,0],[28,70,241]]
[[0,0,0],[1,0,0],[0,1,0],[3,116,241]]
[[0,0,0],[1,0,0],[0,1,0],[3,92,241]]
[[0,0,0],[1,0,0],[0,1,0],[1,42,241]]
[[0,0,0],[1,0,0],[0,1,0],[17,66,241]]
[[0,0,0],[1,0,0],[0,1,0],[43,82,241]]
[[0,0,0],[1,0,0],[0,1,0],[9,57,241]]
[[0,0,0],[1,0,0],[0,1,0],[3,38,241]]
[[0,0,0],[1,0,0],[0,1,0],[6,49,241]]
[[0,0,0],[1,0,0],[0,1,0],[4,8,241]]
[[0,0,0],[1,0,0],[0,1,0],[28,220,241]]
[[0,0,0],[1,0,0],[0,1,0],[9,81,241]]
[[0,0,0],[1,0,0],[0,1,0],[13,91,241]]
[[0,0,0],[1,0,0],[0,1,0],[6,67,241]]
[[0,0,0],[1,0,0],[0,1,0],[13,21,241]]
[[0,0,0],[1,0,0],[0,1,0],[16,31,241]]
[[0,0,0],[1,0,0],[0,1,0],[6,40,241]]
[[0,0,0],[1,0,0],[0,1,0],[6,30,241]]
[[0,0,0],[1,0,0],[0,1,0],[37,85,241]]
[[0,0,0],[1,0,0],[0,1,0],[10,19,241]]
[[0,0,0],[1,0,0],[0,1,0],[3,64,241]]
[[0,0,0],[1,0,0],[0,1,0],[11,65,241]]
[[0,0,0],[1,0,0],[0,1,0],[7,236,241]]
[[0,0,0],[1,0,0],[0,1,0],[9,59,241]]
[[0,0,0],[1,0,0],[0,1,0],[28,32,241]]
[[0,0,0],[1,0,0],[0,1,0],[21,51,241]]
[[0,0,0],[1,0,0],[0,1,0],[11,91,241]]
[[0,0,0],[1,0,0],[0,1,0],[46,214,241]]
[[0,0,0],[1,0,0],[0,1,0],[24,100,241]]
[[0,0,0],[1,0,0],[0,1,0],[10,29,241]]
[[0,0,0],[1,0,0],[0,1,0],[6,33,241]]
[[0,0,0],[1,0,0],[0,1,0],[4,80,241]]
[[0,0,0],[1,0,0],[0,1,0],[4,69,241]]
[[0,0,0],[1,0,0],[0,1,0],[5,98,241]]
[[0,0,0],[1,0,0],[0,1,0],[20,39,241]]
[[0,0,0],[1,0,0],[0,1,0],[21,223,241]]
[[0,0,0],[1,0,0],[0,1,0],[5,74,241]]
[[0,0,0],[1,0,0],[0,1,0],[26,37,241]]
[[0,0,0],[1,0,0],[0,1,0],[25,75,241]]
[[0,0,0],[1,0,0],[0,1,0],[16,76,241]]
[[0,0,0],[1,0,0],[0,1,0],[10,57,241]]
[[0,0,0],[1,0,0],[0,1,0],[6,56,241]]
[[0,0,0],[1,0,0],[0,1,0],[14,80,241]]
[[0,0,0],[1,0,0],[0,1,0],[1,2,241]]
[[0,0,0],[1,0,0],[0,1,0],[24,85,241]]
[[0,0,0],[1,0,0],[0,1,0],[13,77,241]]
[[0,0,0],[1,0,0],[0,1,0],[4,64,241]]
[[0,0,0],[1,0,0],[0,1,0],[40,53,241]]
[[0,0,0],[1,0,0],[0,1,0],[29,222,241]]
[[0,0,0],[1,0,0],[0,1,0],[38,218,241]]
[[0,0,0],[1,0,0],[0,1,0],[47,196,241]]
[[0,0,0],[1,0,0],[0,1,0],[16,94,241]]
[[0,0,0],[1,0,0],[0,1,0],[6,26,241]]
[[0,0,0],[1,0,0],[0,1,0],[6,102,241]]
[[0,0,0],[1,0,0],[0,1,0],[47,199,241]]
[[0,0,0],[1,0,0],[0,1,0],[16,42,241]]
[[0,0,0],[1,0,0],[0,1,0],[34,101,241]]
[[0,0,0],[1,0,0],[0,1,0],[2,33,241]]
[[0,0,0],[1,0,0],[0,1,0],[18,96,241]]
[[0,0,0],[1,0,0],[0,1,0],[9,111,241]]
[[0,0,0],[1,0,0],[0,1,0],[12,66,241]]
[[0,0,0],[1,0,0],[0,1,0],[3,24,241]]
[[0,0,0],[1,0,0],[0,1,0],[37,45,241]]
[[0,0,0],[1,0,0],[0,1,0],[2,81,241]]
[[0,0,0],[1,0,0],[0,1,0],[9,84,241]]
[[0,0,0],[1,0,0],[0,1,0],[4,6,241]]
[[0,0,0],[1,0,0],[0,1,0],[20,31,241]]
[[0,0,0],[1,0,0],[0,1,0],[19,106,241]]
[[0,0,0],[1,0,0],[0,1,0],[86,165,241]]
[[0,0,0],[1,0,0],[0,1,0],[1,8,241]]
[[0,0,0],[1,0,0],[0,1,0],[17,76,241]]
[[0,0,0],[1,0,0],[0,1,0],[31,59,241]]
[[0,0,0],[1,0,0],[0,1,0],[14,20,241]]
[[0,0,0],[1,0,0],[0,1,0],[3,103,241]]
[[0,0,0],[1,0,0],[0,1,0],[7,86,241]]
[[0,0,0],[1,0,0],[0,1,0],[35,81,241]]
[[0,0,0],[1,0,0],[0,1,0],[21,47,241]]
[[0,0,0],[1,0,0],[0,1,0],[6,76,241]]
[[0,0,0],[1,0,0],[0,1,0],[119,124,241]]
[[0,0,0],[1,0,0],[0,1,0],[30,38,241]]
[[0,0,0],[1,0,0],[0,1,0],[19,79,241]]
[[0,0,0],[1,0,0],[0,1,0],[27,97,241]]
[[0,0,0],[1,0,0],[0,1,0],[15,77,241]]
[[0,0,0],[1,0,0],[0,1,0],[4,82,241]]
[[0,0,0],[1,0,0],[0,1,0],[21,76,241]]
[[0,0,0],[1,0,0],[0,1,0],[10,16,241]]
[[0,0,0],[1,0,0],[0,1,0],[2,20,241]]
[[0,0,0],[1,0,0],[0,1,0],[12,65,241]]
[[0,0,0],[1,0,0],[0,1,0],[9,16,241]]
[[0,0,0],[1,0,0],[0,1,0],[14,70,241]]
[[0,0,0],[1,0,0],[0,1,0],[64,178,241]]
[[0,0,0],[1,0,0],[0,1,0],[33,35,241]]
[[0,0,0],[1,0,0],[0,1,0],[3,67,241]]
[[0,0,0],[1,0,0],[0,1,0],[14,56,241]]
[[0,0,0],[1,0,0],[0,1,0],[7,111,241]]
[[0,0,0],[1,0,0],[0,1,0],[21,35,241]]
[[0,0,0],[1,0,0],[0,1,0],[8,19,241]]
[[0,0,0],[1,0,0],[0,1,0],[10,22,241]]
[[0,0,0],[1,0,0],[0,1,0],[9,115,241]]
[[0,0,0],[1,0,0],[0,1,0],[17,87,241]]
[[0,0,0],[1,0,0],[0,1,0],[43,50,241]]
[[0,0,0],[1,0,0],[0,1,0],[8,93,241]]
[[0,0,0],[1,0,0],[0,1,0],[8,105,241]]
[[0,0,0],[1,0,0],[0,1,0],[4,16,241]]
[[0,0,0],[1,0,0],[0,1,0],[2,82,241]]
[[0,0,0],[1,0,0],[0,1,0],[40,73,241]]
[[0,0,0],[1,0,0],[0,1,0],[35,208,241]]
[[0,0,0],[1,0,0],[0,1,0],[21,222,241]]
[[0,0,0],[1,0,0],[0,1,0],[45,54,241]]
[[0,0,0],[1,0,0],[0,1,0],[58,87,241]]
[[0,0,0],[1,0,0],[0,1,0],[1,36,241]]
[[0,0,0],[1,0,0],[0,1,0],[12,14,241]]
[[0,0,0],[1,0,0],[0,1,0],[2,240,241]]
[[0,0,0],[1,0,0],[0,1,0],[2,79,241]]
[[0,0,0],[1,0,0],[0,1,0],[42,58,241]]
[[0,0,0],[1,0,0],[0,1,0],[61,61,241]]
[[0,0,0],[1,0,0],[0,1,0],[5,95,241]]
[[0,0,0],[1,0,0],[0,1,0],[6,94,241]]
[[0,0,0],[1,0,0],[0,1,0],[6,23,241]]
[[0,0,0],[1,0,0],[0,1,0],[4,30,241]]
[[0,0,0],[1,0,0],[0,1,0],[28,44,241]]
[[0,0,0],[1,0,0],[0,1,0],[8,15,241]]
[[0,0,0],[1,0,0],[0,1,0],[14,114,241]]
[[0,0,0],[1,0,0],[0,1,0],[57,185,241]]
[[0,0,0],[1,0,0],[0,1,0],[21,50,241]]
[[0,0,0],[1,0,0],[0,1,0],[12,48,241]]
[[0,0,0],[1,0,0],[0,1,0],[38,72,241]]
[[0,0,0],[1,0,0],[0,1,0],[12,30,241]]
[[0,0,0],[1,0,0],[0,1,0],[80,197,241]]
[[0,0,0],[1,0,0],[0,1,0],[6,62,241]]
[[0,0,0],[1,0,0],[0,1,0],[17,81,241]]
[[0,0,0],[1,0,0],[0,1,0],[20,94,241]]
[[0,0,0],[1,0,0],[0,1,0],[42,80,241]]
[[0,0,0],[1,0,0],[0,1,0],[24,227,241]]
[[0,0,0],[1,0,0],[0,1,0],[11,235,241]]
[[0,0,0],[1,0,0],[0,1,0],[55,209,241]]
[[0,0,0],[1,0,0],[0,1,0],[43,47,241]]
[[0,0,0],[1,0,0],[0,1,0],[21,227,241]]
[[0,0,0],[1,0,0],[0,1,0],[56,88,241]]
[[0,0,0],[1,0,0],[0,1,0],[12,231,241]]
[[0,0,0],[1,0,0],[0,1,0],[5,14,241]]
[[0,0,0],[1,0,0],[0,1,0],[6,58,241]]
[[0,0,0],[1,0,0],[0,1,0],[26,31,241]]
[[0,0,0],[1,0,0],[0,1,0],[20,230,241]]
[[0,0,0],[1,0,0],[0,1,0],[10,52,241]]
[[0,0,0],[1,0,0],[0,1,0],[17,36,241]]
[[0,0,0],[1,0,0],[0,1,0],[12,46,241]]
[[0,0,0],[1,0,0],[0,1,0],[15,53,241]]
[[0,0,0],[1,0,0],[0,1,0],[31,61,241]]
[[0,0,0],[1,0,0],[0,1,0],[4,18,241]]
[[0,0,0],[1,0,0],[0,1,0],[2,27,241]]
[[0,0,0],[1,0,0],[0,1,0],[19,38,241]]
[[0,0,0],[1,0,0],[0,1,0],[20,82,241]]
[[0,0,0],[1,0,0],[0,1,0],[60,199,241]]
[[0,0,0],[1,0,0],[0,1,0],[18,54,241]]
[[0,0,0],[1,0,0],[0,1,0],[19,28,241]]
[[0,0,0],[1,0,0],[0,1,0],[27,68,241]]
[[0,0,0],[1,0,0],[0,1,0],[14,16,241]]
[[0,0,0],[1,0,0],[0,1,0],[39,95,241]]
[[0,0,0],[1,0,0],[0,1,0],[13,41,241]]
[[0,0,0],[1,0,0],[0,1,0],[9,61,241]]
[[0,0,0],[1,0,0],[0,1,0],[8,60,241]]
[[0,0,0],[1,0,0],[0,1,0],[14,76,241]]
[[0,0,0],[1,0,0],[0,1,0],[9,24,241]]
[[0,0,0],[1,0,0],[0,1,0],[15,92,241]]
[[0,0,0],[1,0,0],[0,1,0],[10,105,241]]
[[0,0,0],[1,0,0],[0,1,0],[17,49,241]]
[[0,0,0],[1,0,0],[0,1,0],[28,54,241]]
[[0,0,0],[1,0,0],[0,1,0],[43,84,241]]
[[0,0,0],[1,0,0],[0,1,0],[6,64,241]]
[[0,0,0],[1,0,0],[0,1,0],[6,83,241]]
[[0,0,0],[1,0,0],[0,1,0],[25,47,241]]
[[0,0,0],[1,0,0],[0,1,0],[1,15,241]]
[[0,0,0],[1,0,0],[0,1,0],[13,54,241]]
[[0,0,0],[1,0,0],[0,1,0],[58,83,241]]
[[0,0,0],[1,0,0],[0,1,0],[91,153,241]]
[[0,0,0],[1,0,0],[0,1,0],[16,87,241]]
[[0,0,0],[1,0,0],[0,1,0],[39,66,241]]
[[0,0,0],[1,0,0],[0,1,0],[21,63,241]]
[[0,0,0],[1,0,0],[0,1,0],[64,71,241]]
[[0,0,0],[1,0,0],[0,1,0],[5,18,241]]
[[0,0,0],[1,0,0],[0,1,0],[20,111,241]]
[[0,0,0],[1,0,0],[0,1,0],[15,82,241]]
[[0,0,0],[1,0,0],[0,1,0],[16,16,241]]
[[0,0,0],[1,0,0],[0,1,0],[49,77,241]]
[[0,0,0],[1,0,0],[0,1,0],[13,52,241]]
[[0,0,0],[1,0,0],[0,1,0],[7,26,241]]
[[0,0,0],[1,0,0],[0,1,0],[3,50,241]]
[[0,0,0],[1,0,0],[0,1,0],[6,87,241]]
[[0,0,0],[1,0,0],[0,1,0],[32,99,241]]
[[0,0,0],[1,0,0],[0,1,0],[30,37,241]]
[[0,0,0],[1,0,0],[0,1,0],[11,86,241]]
[[0,0,0],[1,0,0],[0,1,0],[5,84,241]]
[[0,0,0],[1,0,0],[0,1,0],[7,83,241]]
[[0,0,0],[1,0,0],[0,1,0],[28,91,241]]
[[0,0,0],[1,0,0],[0,1,0],[2,70,241]]
[[0,0,0],[1,0,0],[0,1,0],[13,235,241]]
[[0,0,0],[1,0,0],[0,1,0],[119,157,241]]
[[0,0,0],[1,0,0],[0,1,0],[12,71,241]]
[[0,0,0],[1,0,0],[0,1,0],[16,102,241]]
[[0,0,0],[1,0,0],[0,1,0],[91,190,241]]
[[0,0,0],[1,0,0],[0,1,0],[2,96,241]]
[[0,0,0],[1,0,0],[0,1,0],[14,229,241]]
[[0,0,0],[1,0,0],[0,1,0],[13,112,241]]
[[0,0,0],[1,0,0],[0,1,0],[19,56,241]]
[[0,0,0],[1,0,0],[0,1,0],[64,66,241]]
[[0,0,0],[1,0,0],[0,1,0],[35,64,241]]
[[0,0,0],[1,0,0],[0,1,0],[1,96,241]]
[[0,0,0],[1,0,0],[0,1,0],[63,85,241]]
[[0,0,0],[1,0,0],[0,1,0],[36,36,241]]
[[0,0,0],[1,0,0],[0,1,0],[4,34,241]]
[[0,0,0],[1,0,0],[0,1,0],[3,57,241]]
[[0,0,0],[1,0,0],[0,1,0],[43,200,241]]
[[0,0,0],[1,0,0],[0,1,0],[11,33,241]]
[[0,0,0],[1,0,0],[0,1,0],[59,209,241]]
[[0,0,0],[1,0,0],[0,1,0],[17,61,241]]
[[0,0,0],[1,0,0],[0,1,0],[6,15,241]]
[[0,0,0],[1,0,0],[0,1,0],[43,55,241]]
[[0,0,0],[1,0,0],[0,1,0],[16,67,241]]
[[0,0,0],[1,0,0],[0,1,0],[18,18,241]]
[[0,0,0],[1,0,0],[0,1,0],[1,13,241]]
[[0,0,0],[1,0,0],[0,1,0],[15,97,241]]
[[0,0,0],[1,0,0],[0,1,0],[1,83,241]]
[[0,0,0],[1,0,0],[0,1,0],[13,32,241]]
[[0,0,0],[1,0,0],[0,1,0],[55,214,241]]
[[0,0,0],[1,0,0],[0,1,0],[2,57,241]]
[[0,0,0],[1,0,0],[0,1,0],[38,205,241]]
[[0,0,0],[1,0,0],[0,1,0],[25,38,241]]
[[0,0,0],[1,0,0],[0,1,0],[7,59,241]]
[[0,0,0],[1,0,0],[0,1,0],[29,219,241]]
[[0,0,0],[1,0,0],[0,1,0],[17,109,241]]
[[0,0,0],[1,0,0],[0,1,0],[35,91,241]]
[[0,0,0],[1,0,0],[0,1,0],[32,105,241]]
[[0,0,0],[1,0,0],[0,1,0],[6,90,241]]
[[0,0,0],[1,0,0],[0,1,0],[29,81,241]]
[[0,0,0],[1,0,0],[0,1,0],[30,43,241]]
[[0,0,0],[1,0,0],[0,1,0],[9,94,241]]
[[0,0,0],[1,0,0],[0,1,0],[24,34,241]]
[[0,0,0],[1,0,0],[0,1,0],[39,94,241]]
[[0,0,0],[1,0,0],[0,1,0],[36,57,241]]
[[0,0,0],[1,0,0],[0,1,0],[50,83,241]]
[[0,0,0],[1,0,0],[0,1,0],[47,91,241]]
[[0,0,0],[1,0,0],[0,1,0],[49,55,241]]
[[0,0,0],[1,0,0],[0,1,0],[11,83,241]]
[[0,0,0],[1,0,0],[0,1,0],[11,64,241]]
[[0,0,0],[1,0,0],[0,1,0],[50,76,241]]
[[0,0,0],[1,0,0],[0,1,0],[25,103,241]]
[[0,0,0],[1,0,0],[0,1,0],[4,12,241]]
[[0,0,0],[1,0,0],[0,1,0],[54,82,241]]
[[0,0,0],[1,0,0],[0,1,0],[15,56,241]]
[[0,0,0],[1,0,0],[0,1,0],[9,12,241]]
[[0,0,0],[1,0,0],[0,1,0],[6,91,241]]
[[0,0,0],[1,0,0],[0,1,0],[5,107,241]]
[[0,0,0],[1,0,0],[0,1,0],[12,33,241]]
[[0,0,0],[1,0,0],[0,1,0],[16,107,241]]
[[0,0,0],[1,0,0],[0,1,0],[21,32,241]]
[[0,0,0],[1,0,0],[0,1,0],[33,66,241]]
[[0,0,0],[1,0,0],[0,1,0],[50,93,241]]
[[0,0,0],[1,0,0],[0,1,0],[37,90,241]]
[[0,0,0],[1,0,0],[0,1,0],[4,27,241]]
[[0,0,0],[1,0,0],[0,1,0],[25,84,241]]
[[0,0,0],[1,0,0],[0,1,0],[27,101,241]]
[[0,0,0],[1,0,0],[0,1,0],[28,49,241]]
[[0,0,0],[1,0,0],[0,1,0],[29,37,241]]
[[0,0,0],[1,0,0],[0,1,0],[13,50,241]]
[[0,0,0],[1,0,0],[0,1,0],[8,11,241]]
[[0,0,0],[1,0,0],[0,1,0],[30,101,241]]
[[0,0,0],[1,0,0],[0,1,0],[34,49,241]]
[[0,0,0],[1,0,0],[0,1,0],[26,86,241]]
[[0,0,0],[1,0,0],[0,1,0],[8,90,241]]
[[0,0,0],[1,0,0],[0,1,0],[24,39,241]]
[[0,0,0],[1,0,0],[0,1,0],[6,11,241]]
[[0,0,0],[1,0,0],[0,1,0],[37,97,241]]
[[0,0,0],[1,0,0],[0,1,0],[14,34,241]]
[[0,0,0],[1,0,0],[0,1,0],[1,29,241]]
[[0,0,0],[1,0,0],[0,1,0],[3,100,241]]
[[0,0,0],[1,0,0],[0,1,0],[8,47,241]]
[[0,0,0],[1,0,0],[0,1,0],[46,207,241]]
[[0,0,0],[1,0,0],[0,1,0],[12,81,241]]
[[0,0,0],[1,0,0],[0,1,0],[28,41,241]]
[[0,0,0],[1,0,0],[0,1,0],[21,105,241]]
[[0,0,0],[1,0,0],[0,1,0],[56,83,241]]
[[0,0,0],[1,0,0],[0,1,0],[6,44,241]]
[[0,0,0],[1,0,0],[0,1,0],[18,24,241]]
[[0,0,0],[1,0,0],[0,1,0],[13,56,241]]
[[0,0,0],[1,0,0],[0,1,0],[28,37,241]]
[[0,0,0],[1,0,0],[0,1,0],[42,84,241]]
[[0,0,0],[1,0,0],[0,1,0],[10,12,241]]
[[0,0,0],[1,0,0],[0,1,0],[4,74,241]]
[[0,0,0],[1,0,0],[0,1,0],[54,73,241]]
[[0,0,0],[1,0,0],[0,1,0],[10,113,241]]
[[0,0,0],[1,0,0],[0,1,0],[11,114,241]]
[[0,0,0],[1,0,0],[0,1,0],[27,216,241]]
[[0,0,0],[1,0,0],[0,1,0],[10,34,241]]
[[0,0,0],[1,0,0],[0,1,0],[17,50,241]]
[[0,0,0],[1,0,0],[0,1,0],[24,91,241]]
[[0,0,0],[1,0,0],[0,1,0],[7,67,241]]
[[0,0,0],[1,0,0],[0,1,0],[13,58,241]]
[[0,0,0],[1,0,0],[0,1,0],[18,49,241]]
[[0,0,0],[1,0,0],[0,1,0],[30,41,241]]
[[0,0,0],[1,0,0],[0,1,0],[19,49,241]]
[[0,0,0],[1,0,0],[0,1,0],[5,7,241]]
[[0,0,0],[1,0,0],[0,1,0],[17,23,241]]
[[0,0,0],[1,0,0],[0,1,0],[33,92,241]]
[[0,0,0],[1,0,0],[0,1,0],[2,49,241]]
[[0,0,0],[1,0,0],[0,1,0],[2,4,241]]
[[0,0,0],[1,0,0],[0,1,0],[8,235,241]]
[[0,0,0],[1,0,0],[0,1,0],[30,100,241]]
[[0,0,0],[1,0,0],[0,1,0],[17,89,241]]
[[0,0,0],[1,0,0],[0,1,0],[39,43,241]]
[[0,0,0],[1,0,0],[0,1,0],[34,212,241]]
[[0,0,0],[1,0,0],[0,1,0],[6,20,241]]
[[0,0,0],[1,0,0],[0,1,0],[12,99,241]]
[[0,0,0],[1,0,0],[0,1,0],[32,62,241]]
[[0,0,0],[1,0,0],[0,1,0],[26,77,241]]
[[0,0,0],[1,0,0],[0,1,0],[10,80,241]]
[[0,0,0],[1,0,0],[0,1,0],[5,13,241]]
[[0,0,0],[1,0,0],[0,1,0],[33,87,241]]
[[0,0,0],[1,0,0],[0,1,0],[34,38,241]]
[[0,0,0],[1,0,0],[0,1,0],[13,97,241]]
[[0,0,0],[1,0,0],[0,1,0],[34,45,241]]
[[0,0,0],[1,0,0],[0,1,0],[18,28,241]]
[[0,0,0],[1,0,0],[0,1,0],[21,103,241]]
[[0,0,0],[1,0,0],[0,1,0],[4,114,241]]
[[0,0,0],[1,0,0],[0,1,0],[28,94,241]]
[[0,0,0],[1,0,0],[0,1,0],[33,101,241]]
[[0,0,0],[1,0,0],[0,1,0],[9,33,241]]
[[0,0,0],[1,0,0],[0,1,0],[4,65,241]]
[[0,0,0],[1,0,0],[0,1,0],[20,34,241]]
[[0,0,0],[1,0,0],[0,1,0],[1,74,241]]
[[0,0,0],[1,0,0],[0,1,0],[5,32,241]]
[[0,0,0],[1,0,0],[0,1,0],[15,54,241]]
[[0,0,0],[1,0,0],[0,1,0],[17,100,241]]
[[0,0,0],[1,0,0],[0,1,0],[16,60,241]]
[[0,0,0],[1,0,0],[0,1,0],[17,110,241]]
[[0,0,0],[1,0,0],[0,1,0],[18,64,241]]
[[0,0,0],[1,0,0],[0,1,0],[3,13,241]]
[[0,0,0],[1,0,0],[0,1,0],[3,80,241]]
[[0,0,0],[1,0,0],[0,1,0],[21,45,241]]
[[0,0,0],[1,0,0],[0,1,0],[32,59,241]]
[[0,0,0],[1,0,0],[0,1,0],[5,89,241]]
[[0,0,0],[1,0,0],[0,1,0],[27,70,241]]
[[0,0,0],[1,0,0],[0,1,0],[8,111,241]]
[[0,0,0],[1,0,0],[0,1,0],[18,27,241]]
[[0,0,0],[1,0,0],[0,1,0],[6,27,241]]
[[0,0,0],[1,0,0],[0,1,0],[7,10,241]]
[[0,0,0],[1,0,0],[0,1,0],[20,49,241]]
[[0,0,0],[1,0,0],[0,1,0],[26,216,241]]
[[0,0,0],[1,0,0],[0,1,0],[13,104,241]]
[[0,0,0],[1,0,0],[0,1,0],[16,50,241]]
[[0,0,0],[1,0,0],[0,1,0],[3,51,241]]
[[0,0,0],[1,0,0],[0,1,0],[18,45,241]]
[[0,0,0],[1,0,0],[0,1,0],[3,32,241]]
[[0,0,0],[1,0,0],[0,1,0],[2,94,241]]
[[0,0,0],[1,0,0],[0,1,0],[50,89,241]]
[[0,0,0],[1,0,0],[0,1,0],[3,10,241]]
[[0,0,0],[1,0,0],[0,1,0],[8,77,241]]
[[0,0,0],[1,0,0],[0,1,0],[28,47,241]]
[[0,0,0],[1,0,0],[0,1,0],[7,75,241]]
[[0,0,0],[1,0,0],[0,1,0],[14,62,241]]
[[0,0,0],[1,0,0],[0,1,0],[21,26,241]]
[[0,0,0],[1,0,0],[0,1,0],[31,87,241]]
[[0,0,0],[1,0,0],[0,1,0],[4,109,241]]
[[0,0,0],[1,0,0],[0,1,0],[11,51,241]]
[[0,0,0],[1,0,0],[0,1,0],[56,186,241]]
[[0,0,0],[1,0,0],[0,1,0],[14,231,241]]
[[0,0,0],[1,0,0],[0,1,0],[18,42,241]]
[[0,0,0],[1,0,0],[0,1,0],[31,51,241]]
[[0,0,0],[1,0,0],[0,1,0],[3,240,241]]
[[0,0,0],[1,0,0],[0,1,0],[2,48,241]]
[[0,0,0],[1,0,0],[0,1,0],[44,99,241]]
[[0,0,0],[1,0,0],[0,1,0],[11,84,241]]
[[0,0,0],[1,0,0],[0,1,0],[25,64,241]]
[[0,0,0],[1,0,0],[0,1,0],[7,90,241]]
[[0,0,0],[1,0,0],[0,1,0],[11,93,241]]
[[0,0,0],[1,0,0],[0,1,0],[15,43,241]]
[[0,0,0],[1,0,0],[0,1,0],[32,96,241]]
[[0,0,0],[1,0,0],[0,1,0],[4,47,241]]
[[0,0,0],[1,0,0],[0,1,0],[2,83,241]]
[[0,0,0],[1,0,0],[0,1,0],[10,101,241]]
[[0,0,0],[1,0,0],[0,1,0],[12,103,241]]
[[0,0,0],[1,0,0],[0,1,0],[19,94,241]]
[[0,0,0],[1,0,0],[0,1,0],[31,93,241]]
[[0,0,0],[1,0,0],[0,1,0],[15,84,241]]
[[0,0,0],[1,0,0],[0,1,0],[14,84,241]]
[[0,0,0],[1,0,0],[0,1,0],[3,72,241]]
[[0,0,0],[1,0,0],[0,1,0],[2,92,241]]
[[0,0,0],[1,0,0],[0,1,0],[15,49,241]]
[[0,0,0],[1,0,0],[0,1,0],[29,213,241]]
[[0,0,0],[1,0,0],[0,1,0],[19,55,241]]
[[0,0,0],[1,0,0],[0,1,0],[37,101,241]]
[[0,0,0],[1,0,0],[0,1,0],[14,104,241]]
[[0,0,0],[1,0,0],[0,1,0],[20,73,241]]
[[0,0,0],[1,0,0],[0,1,0],[26,96,241]]
[[0,0,0],[1,0,0],[0,1,0],[49,202,241]]
[[0,0,0],[1,0,0],[0,1,0],[4,29,241]]
[[0,0,0],[1,0,0],[0,1,0],[16,21,241]]
[[0,0,0],[1,0,0],[0,1,0],[17,30,241]]
[[0,0,0],[1,0,0],[0,1,0],[16,73,241]]
[[0,0,0],[1,0,0],[0,1,0],[45,89,241]]
[[0,0,0],[1,0,0],[0,1,0],[6,51,241]]
[[0,0,0],[1,0,0],[0,1,0],[5,35,241]]
[[0,0,0],[1,0,0],[0,1,0],[13,63,241]]
[[0,0,0],[1,0,0],[0,1,0],[11,54,241]]
[[0,0,0],[1,0,0],[0,1,0],[25,106,241]]
[[0,0,0],[1,0,0],[0,1,0],[17,82,241]]
[[0,0,0],[1,0,0],[0,1,0],[19,27,241]]
[[0,0,0],[1,0,0],[0,1,0],[1,44,241]]
[[0,0,0],[1,0,0],[0,1,0],[33,62,241]]
[[0,0,0],[1,0,0],[0,1,0],[21,80,241]]
[[0,0,0],[1,0,0],[0,1,0],[2,106,241]]
[[0,0,0],[1,0,0],[0,1,0],[9,108,241]]
[[0,0,0],[1,0,0],[0,1,0],[41,85,241]]
[[0,0,0],[1,0,0],[0,1,0],[2,68,241]]
[[0,0,0],[1,0,0],[0,1,0],[13,233,241]]
[[0,0,0],[1,0,0],[0,1,0],[2,78,241]]
[[0,0,0],[1,0,0],[0,1,0],[10,27,241]]
[[0,0,0],[1,0,0],[0,1,0],[57,206,241]]
[[0,0,0],[1,0,0],[0,1,0],[10,102,241]]
[[0,0,0],[1,0,0],[0,1,0],[3,82,241]]
[[0,0,0],[1,0,0],[0,1,0],[14,51,241]]
[[0,0,0],[1,0,0],[0,1,0],[2,18,241]]
[[0,0,0],[1,0,0],[0,1,0],[10,75,241]]
[[0,0,0],[1,0,0],[0,1,0],[48,65,241]]
[[0,0,0],[1,0,0],[0,1,0],[6,86,241]]
[[0,0,0],[1,0,0],[0,1,0],[13,74,241]]
[[0,0,0],[1,0,0],[0,1,0],[30,64,241]]
[[0,0,0],[1,0,0],[0,1,0],[5,60,241]]
[[0,0,0],[1,0,0],[0,1,0],[9,38,241]]
[[0,0,0],[1,0,0],[0,1,0],[28,84,241]]
[[0,0,0],[1,0,0],[0,1,0],[1,91,241]]
[[0,0,0],[1,0,0],[0,1,0],[12,82,241]]
[[0,0,0],[1,0,0],[0,1,0],[38,75,241]]
[[0,0,0],[1,0,0],[0,1,0],[20,32,241]]
[[0,0,0],[1,0,0],[0,1,0],[25,50,241]]
[[0,0,0],[1,0,0],[0,1,0],[17,95,241]]
[[0,0,0],[1,0,0],[0,1,0],[15,35,241]]
[[0,0,0],[1,0,0],[0,1,0],[38,68,241]]
[[0,0,0],[1,0,0],[0,1,0],[5,237,241]]
[[0,0,0],[1,0,0],[0,1,0],[49,79,241]]
[[0,0,0],[1,0,0],[0,1,0],[1,10,241]]
[[0,0,0],[1,0,0],[0,1,0],[40,98,241]]
[[0,0,0],[1,0,0],[0,1,0],[24,43,241]]
[[0,0,0],[1,0,0],[0,1,0],[3,9,241]]
[[0,0,0],[1,0,0],[0,1,0],[7,63,241]]
[[0,0,0],[1,0,0],[0,1,0],[6,84,241]]
[[0,0,0],[1,0,0],[0,1,0],[32,42,241]]
[[0,0,0],[1,0,0],[0,1,0],[18,72,241]]
[[0,0,0],[1,0,0],[0,1,0],[4,54,241]]
[[0,0,0],[1,0,0],[0,1,0],[9,18,241]]
[[0,0,0],[1,0,0],[0,1,0],[17,45,241]]
[[0,0,0],[1,0,0],[0,1,0],[46,52,241]]
[[0,0,0],[1,0,0],[0,1,0],[34,55,241]]
[[0,0,0],[1,0,0],[0,1,0],[16,111,241]]
[[0,0,0],[1,0,0],[0,1,0],[7,37,241]]
[[0,0,0],[1,0,0],[0,1,0],[7,31,241]]
[[0,0,0],[1,0,0],[0,1,0],[27,98,241]]
[[0,0,0],[1,0,0],[0,1,0],[17,40,241]]
[[0,0,0],[1,0,0],[0,1,0],[1,57,241]]
[[0,0,0],[1,0,0],[0,1,0],[5,27,241]]
[[0,0,0],[1,0,0],[0,1,0],[19,46,241]]
[[0,0,0],[1,0,0],[0,1,0],[4,31,241]]
[[0,0,0],[1,0,0],[0,1,0],[19,33,241]]
[[0,0,0],[1,0,0],[0,1,0],[9,86,241]]
[[0,0,0],[1,0,0],[0,1,0],[21,88,241]]
[[0,0,0],[1,0,0],[0,1,0],[9,39,241]]
[[0,0,0],[1,0,0],[0,1,0],[9,36,241]]
[[0,0,0],[1,0,0],[0,1,0],[7,99,241]]
[[0,0,0],[1,0,0],[0,1,0],[5,239,241]]
[[0,0,0],[1,0,0],[0,1,0],[18,70,241]]
[[0,0,0],[1,0,0],[0,1,0],[30,84,241]]
[[0,0,0],[1,0,0],[0,1,0],[33,79,241]]
[[0,0,0],[1,0,0],[0,1,0],[11,40,241]]
[[0,0,0],[1,0,0],[0,1,0],[5,105,241]]
[[0,0,0],[1,0,0],[0,1,0],[15,58,241]]
[[0,0,0],[1,0,0],[0,1,0],[28,106,241]]
[[0,0,0],[1,0,0],[0,1,0],[29,94,241]]
[[0,0,0],[1,0,0],[0,1,0],[17,232,241]]
[[0,0,0],[1,0,0],[0,1,0],[6,31,241]]
[[0,0,0],[1,0,0],[0,1,0],[41,61,241]]
[[0,0,0],[1,0,0],[0,1,0],[20,98,241]]
[[0,0,0],[1,0,0],[0,1,0],[47,197,241]]
[[0,0,0],[1,0,0],[0,1,0],[28,46,241]]
[[0,0,0],[1,0,0],[0,1,0],[16,35,241]]
[[0,0,0],[1,0,0],[0,1,0],[4,38,241]]
[[0,0,0],[1,0,0],[0,1,0],[40,94,241]]
[[0,0,0],[1,0,0],[0,1,0],[10,54,241]]
[[0,0,0],[1,0,0],[0,1,0],[26,94,241]]
[[0,0,0],[1,0,0],[0,1,0],[17,53,241]]
[[0,0,0],[1,0,0],[0,1,0],[3,113,241]]
[[0,0,0],[1,0,0],[0,1,0],[11,92,241]]
[[0,0,0],[1,0,0],[0,1,0],[18,71,241]]
[[0,0,0],[1,0,0],[0,1,0],[13,59,241]]
[[0,0,0],[1,0,0],[0,1,0],[7,68,241]]
[[0,0,0],[1,0,0],[0,1,0],[8,96,241]]
[[0,0,0],[1,0,0],[0,1,0],[3,17,241]]
[[0,0,0],[1,0,0],[0,1,0],[4,62,241]]
[[0,0,0],[1,0,0],[0,1,0],[63,210,241]]
[[0,0,0],[1,0,0],[0,1,0],[2,58,241]]
[[0,0,0],[1,0,0],[0,1,0],[14,33,241]]
[[0,0,0],[1,0,0],[0,1,0],[37,88,241]]
[[0,0,0],[1,0,0],[0,1,0],[54,89,241]]
[[0,0,0],[1,0,0],[0,1,0],[6,22,241]]
[[0,0,0],[1,0,0],[0,1,0],[8,44,241]]
[[0,0,0],[1,0,0],[0,1,0],[2,61,241]]
[[0,0,0],[1,0,0],[0,1,0],[16,74,241]]
[[0,0,0],[1,0,0],[0,1,0],[21,89,241]]
[[0,0,0],[1,0,0],[0,1,0],[15,111,241]]
[[0,0,0],[1,0,0],[0,1,0],[10,58,241]]
[[0,0,0],[1,0,0],[0,1,0],[15,27,241]]
[[0,0,0],[1,0,0],[0,1,0],[0,1,241]]
[[0,0,0],[1,0,0],[0,1,0],[54,77,241]]
[[0,0,0],[1,0,0],[0,1,0],[2,80,241]]
[[0,0,0],[1,0,0],[0,1,0],[40,57,241]]
[[0,0,0],[1,0,0],[0,1,0],[26,108,241]]
[[0,0,0],[1,0,0],[0,1,0],[15,41,241]]
[[0,0,0],[1,0,0],[0,1,0],[12,102,241]]
[[0,0,0],[1,0,0],[0,1,0],[2,85,241]]
[[0,0,0],[1,0,0],[0,1,0],[16,95,241]]
[[0,0,0],[1,0,0],[0,1,0],[28,28,241]]
[[0,0,0],[1,0,0],[0,1,0],[8,234,241]]
[[0,0,0],[1,0,0],[0,1,0],[110,150,241]]
[[0,0,0],[1,0,0],[0,1,0],[5,115,241]]
[[0,0,0],[1,0,0],[0,1,0],[29,60,241]]
[[0,0,0],[1,0,0],[0,1,0],[20,84,241]]
[[0,0,0],[1,0,0],[0,1,0],[20,228,241]]
[[0,0,0],[1,0,0],[0,1,0],[21,108,241]]
[[0,0,0],[1,0,0],[0,1,0],[27,73,241]]
[[0,0,0],[1,0,0],[0,1,0],[4,66,241]]
[[0,0,0],[1,0,0],[0,1,0],[14,26,241]]
[[0,0,0],[1,0,0],[0,1,0],[14,77,241]]
[[0,0,0],[1,0,0],[0,1,0],[7,103,241]]
[[0,0,0],[1,0,0],[0,1,0],[4,88,241]]
[[0,0,0],[1,0,0],[0,1,0],[17,67,241]]
[[0,0,0],[1,0,0],[0,1,0],[34,209,241]]
[[0,0,0],[1,0,0],[0,1,0],[41,210,241]]
[[0,0,0],[1,0,0],[0,1,0],[35,76,241]]
[[0,0,0],[1,0,0],[0,1,0],[43,49,241]]
[[0,0,0],[1,0,0],[0,1,0],[7,81,241]]
[[0,0,0],[1,0,0],[0,1,0],[73,195,241]]
[[0,0,0],[1,0,0],[0,1,0],[19,223,241]]
[[0,0,0],[1,0,0],[0,1,0],[25,228,241]]
[[0,0,0],[1,0,0],[0,1,0],[4,39,241]]
[[0,0,0],[1,0,0],[0,1,0],[18,87,241]]
[[0,0,0],[1,0,0],[0,1,0],[19,90,241]]
[[0,0,0],[1,0,0],[0,1,0],[12,105,241]]
[[0,0,0],[1,0,0],[0,1,0],[27,43,241]]
[[0,0,0],[1,0,0],[0,1,0],[3,107,241]]
[[0,0,0],[1,0,0],[0,1,0],[7,47,241]]
[[0,0,0],[1,0,0],[0,1,0],[1,4,241]]
[[0,0,0],[1,0,0],[0,1,0],[4,101,241]]
[[0,0,0],[1,0,0],[0,1,0],[24,55,241]]
[[0,0,0],[1,0,0],[0,1,0],[4,72,241]]
[[0,0,0],[1,0,0],[0,1,0],[48,74,241]]
[[0,0,0],[1,0,0],[0,1,0],[1,25,241]]
[[0,0,0],[1,0,0],[0,1,0],[54,210,241]]
[[0,0,0],[1,0,0],[0,1,0],[8,36,241]]
[[0,0,0],[1,0,0],[0,1,0],[14,23,241]]
[[0,0,0],[1,0,0],[0,1,0],[3,84,241]]
[[0,0,0],[1,0,0],[0,1,0],[34,34,241]]
[[0,0,0],[1,0,0],[0,1,0],[11,37,241]]
[[0,0,0],[1,0,0],[0,1,0],[11,41,241]]
[[0,0,0],[1,0,0],[0,1,0],[58,80,241]]
