[[0,0,0],[1,0,0],[0,3,0],[2,6,9]]
[[0,0,0],[1,0,0],[0,1,0],[12,22,27]]
[[0,0,0],[1,0,0],[0,1,0],[8,26,27]]
[[0,0,0],[3,0,0],[0,3,0],[0,0,3]]
[[0,0,0],[1,0,0],[0,1,0],[9,1,27]]
[[0,0,0],[1,0,0],[0,1,0],[5,23,27]]
[[0,0,0],[1,0,0],[0,1,0],[2,2,27]]
[[0,0,0],[1,0,0],[0,1,0],[2,7,27]]
[[0,0,0],[1,0,0],[2,3,0],[5,3,9]]
[[0,0,0],[1,0,0],[0,1,0],[26,26,27]]
[[0,0,0],[1,0,0],[0,1,0],[15,25,27]]
[[0,0,0],[1,0,0],[0,1,0],[6,4,27]]
[[0,0,0],[1,0,0],[0,1,0],[2,11,27]]
[[0,0,0],[1,0,0],[0,1,0],[2,20,27]]
[[0,0,0],[1,0,0],[0,1,0],[3,10,27]]
[[0,0,0],[1,0,0],[0,1,0],[8,10,27]]
[[0,0,0],[1,0,0],[0,3,0],[1,3,9]]
[[0,0,0],[1,0,0],[0,1,0],[2,8,27]]
[[0,0,0],[1,0,0],[0,1,0],[1,4,27]]
[[0,0,0],[1,0,0],[0,1,0],[21,7,27]]
[[0,0,0],[1,0,0],[0,1,0],[3,13,27]]
[[0,0,0],[1,0,0],[0,1,0],[4,4,27]]
[[0,0,0],[1,0,0],[1,3,0],[1,6,9]]
[[0,0,0],[1,0,0],[0,1,0],[6,22,27]]
[[0,0,0],[1,0,0],[0,1,0],[2,17,27]]
[[0,0,0],[1,0,0],[0,1,0],[20,20,27]]
[[0,0,0],[1,0,0],[0,1,0],[5,5,27]]
[[0,0,0],[1,0,0],[0,1,0],[6,13,27]]
[[0,0,0],[1,0,0],[0,1,0],[5,25,27]]
[[0,0,0],[1,0,0],[0,1,0],[5,26,27]]
[[0,0,0],[1,0,0],[0,1,0],[12,4,27]]
[[0,0,0],[1,0,0],[0,3,0],[8,3,9]]
[[0,0,0],[1,0,0],[0,1,0],[2,10,27]]
[[0,0,0],[1,0,0],[0,1,0],[2,26,27]]
[[0,0,0],[1,0,0],[1,3,0],[4,6,9]]
[[0,0,0],[1,0,0],[0,3,0],[4,3,9]]
[[0,0,0],[1,0,0],[0,1,0],[1,8,27]]
[[0,0,0],[1,0,0],[0,1,0],[2,14,27]]
[[0,0,0],[1,0,0],[0,1,0],[8,17,27]]
[[0,0,0],[1,0,0],[2,3,0],[2,3,9]]
[[0,0,0],[1,0,0],[0,1,0],[4,8,27]]
[[0,0,0],[1,0,0],[0,1,0],[2,4,27]]
[[0,0,0],[1,0,0],[0,1,0],[3,4,27]]
[[0,0,0],[1,0,0],[0,1,0],[3,7,27]]
[[0,0,0],[1,0,0],[0,1,0],[6,10,27]]
[[0,0,0],[3,0,0],[0,1,0],[0,1,9]]
[[0,0,0],[1,0,0],[0,1,0],[9,19,27]]
[[0,0,0],[1,0,0],[0,1,0],[5,10,27]]
[[0,0,0],[1,0,0],[0,1,0],[1,2,27]]
[[0,0,0],[1,0,0],[0,1,0],[3,19,27]]
[[0,0,0],[1,0,0],[1,3,0],[1,3,9]]
[[0,0,0],[1,0,0],[0,1,0],[12,1,27]]
[[0,0,0],[1,0,0],[0,1,0],[6,1,27]]
[[0,0,0],[1,0,0],[0,1,0],[21,16,27]]
[[0,0,0],[1,0,0],[0,3,0],[8,6,9]]
[[0,0,0],[1,0,0],[0,1,0],[5,8,27]]
[[0,0,0],[1,0,0],[0,1,0],[3,16,27]]
[[0,0,0],[1,0,0],[0,1,0],[1,1,27]]
[[0,0,0],[1,0,0],[0,1,0],[20,26,27]]
[[0,0,0],[1,0,0],[0,1,0],[21,25,27]]
[[0,0,0],[1,0,0],[0,1,0],[4,7,27]]
[[0,0,0],[1,0,0],[0,3,0],[2,3,9]]
[[0,0,0],[1,0,0],[0,3,0],[3,3,9]]
[[0,0,0],[1,0,0],[0,1,0],[3,1,27]]
[[0,0,0],[1,0,0],[0,1,0],[8,8,27]]
[[0,0,0],[1,0,0],[0,1,0],[1,5,27]]
[[0,0,0],[1,0,0],[0,1,0],[0,1,27]]
[[0,0,0],[1,0,0],[0,1,0],[5,20,27]]
[[0,0,0],[3,0,0],[0,1,0],[0,4,9]]
[[0,0,0],[1,0,0],[1,3,0],[7,6,9]]
[[0,0,0],[1,0,0],[0,1,0],[2,13,27]]
[[0,0,0],[1,0,0],[0,1,0],[3,25,27]]
[[0,0,0],[1,0,0],[0,1,0],[3,22,27]]
[[0,0,0],[1,0,0],[0,1,0],[9,10,27]]
[[0,0,0],[1,0,0],[0,1,0],[2,5,27]]
