[[0,0,0],[1,0,0],[0,1,0],[10,15,28]]
[[0,0,0],[1,0,0],[1,2,0],[3,10,14]]
[[0,0,0],[1,0,0],[0,2,0],[9,2,14]]
[[0,0,0],[1,0,0],[0,1,0],[6,27,28]]
[[0,0,0],[1,0,0],[0,1,0],[2,17,28]]
[[0,0,0],[1,0,0],[0,1,0],[7,1,28]]
[[0,0,0],[1,0,0],[0,1,0],[10,5,28]]
[[0,0,0],[2,0,0],[0,1,0],[7,1,14]]
[[0,0,0],[2,0,0],[0,1,0],[0,8,14]]
[[0,0,0],[1,0,0],[0,1,0],[6,23,28]]
[[0,0,0],[1,0,0],[0,1,0],[3,13,28]]
[[0,0,0],[1,0,0],[0,1,0],[4,18,28]]
[[0,0,0],[1,0,0],[1,2,0],[1,4,14]]
[[0,0,0],[1,0,0],[0,1,0],[26,27,28]]
[[0,0,0],[1,0,0],[0,1,0],[18,18,28]]
[[0,0,0],[1,0,0],[1,2,0],[7,2,14]]
[[0,0,0],[1,0,0],[0,1,0],[8,1,28]]
[[0,0,0],[1,0,0],[0,1,0],[16,27,28]]
[[0,0,0],[1,0,0],[0,1,0],[6,15,28]]
[[0,0,0],[1,0,0],[0,1,0],[3,19,28]]
[[0,0,0],[1,0,0],[0,1,0],[18,23,28]]
[[0,0,0],[1,0,0],[0,1,0],[10,1,28]]
[[0,0,0],[1,0,0],[0,1,0],[16,13,28]]
[[0,0,0],[1,0,0],[1,2,0],[1,2,14]]
[[0,0,0],[1,0,0],[0,2,0],[7,2,14]]
[[0,0,0],[1,0,0],[0,1,0],[12,10,28]]
[[0,0,0],[1,0,0],[0,1,0],[6,19,28]]
[[0,0,0],[1,0,0],[0,1,0],[2,13,28]]
[[0,0,0],[1,0,0],[0,1,0],[24,26,28]]
[[0,0,0],[1,0,0],[0,1,0],[22,11,28]]
[[0,0,0],[1,0,0],[0,1,0],[1,3,28]]
[[0,0,0],[1,0,0],[0,1,0],[21,22,28]]
[[0,0,0],[1,0,0],[0,1,0],[14,15,28]]
[[0,0,0],[1,0,0],[0,1,0],[4,9,28]]
[[0,0,0],[1,0,0],[0,1,0],[9,13,28]]
[[0,0,0],[1,0,0],[0,1,0],[12,5,28]]
[[0,0,0],[1,0,0],[0,1,0],[4,1,28]]
[[0,0,0],[1,0,0],[0,1,0],[16,20,28]]
[[0,0,0],[1,0,0],[1,2,0],[5,4,14]]
[[0,0,0],[1,0,0],[0,2,0],[13,2,14]]
[[0,0,0],[1,0,0],[0,2,0],[3,4,14]]
[[0,0,0],[1,0,0],[0,1,0],[4,4,28]]
[[0,0,0],[1,0,0],[0,1,0],[5,9,28]]
[[0,0,0],[1,0,0],[0,1,0],[10,25,28]]
[[0,0,0],[1,0,0],[0,1,0],[18,3,28]]
[[0,0,0],[1,0,0],[0,1,0],[6,3,28]]
[[0,0,0],[1,0,0],[0,2,0],[1,2,14]]
[[0,0,0],[1,0,0],[0,1,0],[6,17,28]]
[[0,0,0],[1,0,0],[0,1,0],[16,25,28]]
[[0,0,0],[1,0,0],[0,1,0],[1,1,28]]
[[0,0,0],[1,0,0],[0,2,0],[1,4,14]]
[[0,0,0],[1,0,0],[0,1,0],[12,3,28]]
[[0,0,0],[1,0,0],[1,2,0],[1,6,14]]
[[0,0,0],[2,0,0],[0,1,0],[7,8,14]]
[[0,0,0],[1,0,0],[0,1,0],[5,25,28]]
[[0,0,0],[1,0,0],[1,2,0],[5,2,14]]
[[0,0,0],[1,0,0],[0,1,0],[2,23,28]]
[[0,0,0],[1,0,0],[0,1,0],[1,13,28]]
[[0,0,0],[1,0,0],[0,2,0],[2,12,14]]
[[0,0,0],[1,0,0],[0,1,0],[1,5,28]]
[[0,0,0],[1,0,0],[1,2,0],[5,12,14]]
[[0,0,0],[1,0,0],[1,2,0],[3,2,14]]
[[0,0,0],[1,0,0],[0,1,0],[18,27,28]]
[[0,0,0],[1,0,0],[0,1,0],[2,5,28]]
[[0,0,0],[1,0,0],[0,1,0],[11,11,28]]
[[0,0,0],[1,0,0],[0,1,0],[15,15,28]]
[[0,0,0],[1,0,0],[0,1,0],[3,27,28]]
[[0,0,0],[1,0,0],[0,2,0],[3,2,14]]
[[0,0,0],[2,0,0],[0,1,0],[0,1,14]]
[[0,0,0],[1,0,0],[0,1,0],[4,11,28]]
[[0,0,0],[1,0,0],[0,1,0],[2,15,28]]
[[0,0,0],[1,0,0],[0,1,0],[6,13,28]]
[[0,0,0],[1,0,0],[1,2,0],[11,10,14]]
[[0,0,0],[1,0,0],[0,1,0],[6,9,28]]
[[0,0,0],[1,0,0],[0,2,0],[4,8,14]]
[[0,0,0],[1,0,0],[0,1,0],[9,27,28]]
[[0,0,0],[1,0,0],[0,1,0],[3,9,28]]
[[0,0,0],[1,0,0],[0,1,0],[7,22,28]]
[[0,0,0],[1,0,0],[0,1,0],[20,2,28]]
[[0,0,0],[1,0,0],[0,1,0],[4,25,28]]
[[0,0,0],[1,0,0],[0,1,0],[21,8,28]]
[[0,0,0],[1,0,0],[0,1,0],[18,13,28]]
[[0,0,0],[1,0,0],[0,1,0],[22,13,28]]
[[0,0,0],[1,0,0],[0,1,0],[12,24,28]]
[[0,0,0],[1,0,0],[0,1,0],[3,5,28]]
[[0,0,0],[4,0,0],[0,1,0],[0,1,7]]
[[0,0,0],[1,0,0],[0,1,0],[0,1,28]]
[[0,0,0],[1,0,0],[0,1,0],[16,6,28]]
[[0,0,0],[1,0,0],[0,1,0],[2,25,28]]
[[0,0,0],[1,0,0],[0,2,0],[3,12,14]]
[[0,0,0],[1,0,0],[0,1,0],[4,5,28]]
[[0,0,0],[1,0,0],[0,1,0],[4,17,28]]
[[0,0,0],[1,0,0],[0,1,0],[10,26,28]]
[[0,0,0],[1,0,0],[0,1,0],[20,13,28]]
[[0,0,0],[1,0,0],[0,1,0],[10,11,28]]
[[0,0,0],[1,0,0],[0,1,0],[22,27,28]]
[[0,0,0],[1,0,0],[0,1,0],[10,27,28]]
[[0,0,0],[1,0,0],[0,2,0],[9,6,14]]
[[0,0,0],[1,0,0],[0,1,0],[7,8,28]]
[[0,0,0],[1,0,0],[0,1,0],[3,11,28]]
[[0,0,0],[1,0,0],[0,1,0],[6,1,28]]
[[0,0,0],[1,0,0],[0,1,0],[2,27,28]]
[[0,0,0],[1,0,0],[1,2,0],[3,8,14]]
[[0,0,0],[1,0,0],[0,2,0],[3,10,14]]
[[0,0,0],[1,0,0],[0,1,0],[2,11,28]]
[[0,0,0],[1,0,0],[0,1,0],[2,9,28]]
[[0,0,0],[1,0,0],[0,1,0],[2,3,28]]
[[0,0,0],[1,0,0],[0,1,0],[2,1,28]]
[[0,0,0],[1,0,0],[0,2,0],[13,4,14]]
[[0,0,0],[1,0,0],[0,1,0],[4,13,28]]
[[0,0,0],[1,0,0],[0,1,0],[10,19,28]]
[[0,0,0],[1,0,0],[0,1,0],[12,1,28]]
[[0,0,0],[1,0,0],[0,1,0],[12,17,28]]
[[0,0,0],[1,0,0],[0,1,0],[2,19,28]]
[[0,0,0],[1,0,0],[0,1,0],[2,6,28]]
[[0,0,0],[1,0,0],[0,1,0],[3,3,28]]
[[0,0,0],[1,0,0],[0,1,0],[14,1,28]]
[[0,0,0],[1,0,0],[0,1,0],[8,13,28]]
[[0,0,0],[1,0,0],[0,1,0],[21,15,28]]
[[0,0,0],[1,0,0],[0,1,0],[8,9,28]]
[[0,0,0],[1,0,0],[0,2,0],[9,12,14]]
[[0,0,0],[1,0,0],[0,2,0],[10,10,14]]
[[0,0,0],[1,0,0],[0,1,0],[7,15,28]]
