[[0,0,0],[1,0,0],[0,1,0],[2,5,31]]
[[0,0,0],[1,0,0],[0,1,0],[5,28,31]]
[[0,0,0],[1,0,0],[0,1,0],[4,6,31]]
[[0,0,0],[1,0,0],[0,1,0],[2,2,31]]
[[0,0,0],[1,0,0],[0,1,0],[2,7,31]]
[[0,0,0],[1,0,0],[0,1,0],[7,7,31]]
[[0,0,0],[1,0,0],[0,1,0],[3,30,31]]
[[0,0,0],[1,0,0],[0,1,0],[2,15,31]]
[[0,0,0],[1,0,0],[0,1,0],[2,11,31]]
[[0,0,0],[1,0,0],[0,1,0],[2,30,31]]
[[0,0,0],[1,0,0],[0,1,0],[3,10,31]]
[[0,0,0],[1,0,0],[0,1,0],[2,8,31]]
[[0,0,0],[1,0,0],[0,1,0],[3,11,31]]
[[0,0,0],[1,0,0],[0,1,0],[3,12,31]]
[[0,0,0],[1,0,0],[0,1,0],[1,7,31]]
[[0,0,0],[1,0,0],[0,1,0],[4,4,31]]
[[0,0,0],[1,0,0],[0,1,0],[1,4,31]]
[[0,0,0],[1,0,0],[0,1,0],[2,9,31]]
[[0,0,0],[1,0,0],[0,1,0],[6,11,31]]
[[0,0,0],[1,0,0],[0,1,0],[2,3,31]]
[[0,0,0],[1,0,0],[0,1,0],[3,5,31]]
[[0,0,0],[1,0,0],[0,1,0],[2,10,31]]
[[0,0,0],[1,0,0],[0,1,0],[5,7,31]]
[[0,0,0],[1,0,0],[0,1,0],[12,20,31]]
[[0,0,0],[1,0,0],[0,1,0],[2,12,31]]
[[0,0,0],[1,0,0],[0,1,0],[7,28,31]]
[[0,0,0],[1,0,0],[0,1,0],[3,7,31]]
[[0,0,0],[1,0,0],[0,1,0],[4,8,31]]
[[0,0,0],[1,0,0],[0,1,0],[5,9,31]]
[[0,0,0],[1,0,0],[0,1,0],[5,12,31]]
[[0,0,0],[1,0,0],[0,1,0],[2,4,31]]
[[0,0,0],[1,0,0],[0,1,0],[3,9,31]]
[[0,0,0],[1,0,0],[0,1,0],[5,10,31]]
[[0,0,0],[1,0,0],[0,1,0],[3,6,31]]
[[0,0,0],[1,0,0],[0,1,0],[1,11,31]]
[[0,0,0],[1,0,0],[0,1,0],[3,29,31]]
[[0,0,0],[1,0,0],[0,1,0],[1,2,31]]
[[0,0,0],[1,0,0],[0,1,0],[2,6,31]]
[[0,0,0],[1,0,0],[0,1,0],[14,19,31]]
[[0,0,0],[1,0,0],[0,1,0],[3,3,31]]
[[0,0,0],[1,0,0],[0,1,0],[1,1,31]]
[[0,0,0],[1,0,0],[0,1,0],[1,12,31]]
[[0,0,0],[1,0,0],[0,1,0],[4,14,31]]
[[0,0,0],[1,0,0],[0,1,0],[1,5,31]]
[[0,0,0],[1,0,0],[0,1,0],[6,27,31]]
[[0,0,0],[1,0,0],[0,1,0],[6,6,31]]
[[0,0,0],[1,0,0],[0,1,0],[5,29,31]]
[[0,0,0],[1,0,0],[0,1,0],[6,26,31]]
[[0,0,0],[1,0,0],[0,1,0],[4,28,31]]
[[0,0,0],[1,0,0],[0,1,0],[1,3,31]]
[[0,0,0],[1,0,0],[0,1,0],[4,10,31]]
[[0,0,0],[1,0,0],[0,1,0],[11,22,31]]
[[0,0,0],[1,0,0],[0,1,0],[0,1,31]]
[[0,0,0],[1,0,0],[0,1,0],[5,27,31]]
[[0,0,0],[1,0,0],[0,1,0],[2,13,31]]
