[[0,0,0],[2,0,0],[0,1,0],[12,4,18]]
[[0,0,0],[1,0,0],[0,1,0],[27,10,36]]
[[0,0,0],[1,0,0],[1,2,0],[13,4,18]]
[[0,0,0],[3,0,0],[0,1,0],[6,1,12]]
[[0,0,0],[1,0,0],[0,1,0],[3,13,36]]
[[0,0,0],[1,0,0],[0,1,0],[16,3,36]]
[[0,0,0],[1,0,0],[0,1,0],[2,19,36]]
[[0,0,0],[1,0,0],[0,1,0],[9,10,36]]
[[0,0,0],[1,0,0],[0,1,0],[14,35,36]]
[[0,0,0],[1,0,0],[0,1,0],[8,2,36]]
[[0,0,0],[1,0,0],[1,2,0],[3,3,18]]
[[0,0,0],[1,0,0],[0,1,0],[15,14,36]]
[[0,0,0],[1,0,0],[0,2,0],[16,15,18]]
[[0,0,0],[1,0,0],[0,1,0],[15,34,36]]
[[0,0,0],[1,0,0],[1,2,0],[7,8,18]]
[[0,0,0],[1,0,0],[1,2,0],[7,16,18]]
[[0,0,0],[1,0,0],[0,1,0],[22,17,36]]
[[0,0,0],[2,0,0],[0,1,0],[0,10,18]]
[[0,0,0],[1,0,0],[0,1,0],[2,26,36]]
[[0,0,0],[3,0,0],[0,1,0],[6,11,12]]
[[0,0,0],[1,0,0],[0,1,0],[10,17,36]]
[[0,0,0],[1,0,0],[0,1,0],[19,19,36]]
[[0,0,0],[1,0,0],[0,1,0],[1,17,36]]
[[0,0,0],[1,0,0],[0,1,0],[15,1,36]]
[[0,0,0],[1,0,0],[0,1,0],[6,7,36]]
[[0,0,0],[1,0,0],[0,2,0],[2,4,18]]
[[0,0,0],[1,0,0],[0,2,0],[2,10,18]]
[[0,0,0],[1,0,0],[0,1,0],[8,23,36]]
[[0,0,0],[1,0,0],[0,2,0],[6,8,18]]
[[0,0,0],[1,0,0],[0,1,0],[8,1,36]]
[[0,0,0],[2,0,0],[0,1,0],[0,1,18]]
[[0,0,0],[1,0,0],[0,1,0],[12,7,36]]
[[0,0,0],[1,0,0],[0,1,0],[30,34,36]]
[[0,0,0],[1,0,0],[0,1,0],[26,35,36]]
[[0,0,0],[2,0,0],[0,1,0],[9,10,18]]
[[0,0,0],[3,0,0],[0,1,0],[0,5,12]]
[[0,0,0],[1,0,0],[1,2,0],[9,3,18]]
[[0,0,0],[3,0,0],[0,1,0],[0,9,12]]
[[0,0,0],[1,0,0],[0,1,0],[35,35,36]]
[[0,0,0],[1,0,0],[0,2,0],[4,3,18]]
[[0,0,0],[1,0,0],[0,1,0],[21,19,36]]
[[0,0,0],[2,0,0],[0,1,0],[3,1,18]]
[[0,0,0],[1,0,0],[1,6,0],[4,0,6]]
[[0,0,0],[1,0,0],[0,1,0],[16,15,36]]
[[0,0,0],[1,0,0],[0,3,0],[8,3,12]]
[[0,0,0],[1,0,0],[0,1,0],[8,11,36]]
[[0,0,0],[1,0,0],[0,1,0],[6,22,36]]
[[0,0,0],[1,0,0],[0,1,0],[9,19,36]]
[[0,0,0],[1,0,0],[0,1,0],[27,28,36]]
[[0,0,0],[1,0,0],[0,1,0],[26,31,36]]
[[0,0,0],[1,0,0],[0,1,0],[16,33,36]]
[[0,0,0],[3,0,0],[0,1,0],[0,1,12]]
[[0,0,0],[2,0,0],[0,1,0],[12,16,18]]
[[0,0,0],[1,0,0],[2,3,0],[2,3,12]]
[[0,0,0],[1,0,0],[0,1,0],[11,23,36]]
[[0,0,0],[1,0,0],[0,1,0],[8,29,36]]
[[0,0,0],[1,0,0],[0,2,0],[17,4,18]]
[[0,0,0],[1,0,0],[0,1,0],[8,17,36]]
[[0,0,0],[1,0,0],[0,1,0],[14,7,36]]
[[0,0,0],[1,0,0],[0,3,0],[2,3,12]]
[[0,0,0],[1,0,0],[0,1,0],[10,19,36]]
[[0,0,0],[1,0,0],[0,2,0],[14,16,18]]
[[0,0,0],[1,0,0],[0,1,0],[33,34,36]]
[[0,0,0],[3,0,0],[0,1,0],[4,5,12]]
[[0,0,0],[3,0,0],[0,1,0],[6,5,12]]
[[0,0,0],[1,0,0],[0,1,0],[4,13,36]]
[[0,0,0],[1,0,0],[0,1,0],[15,13,36]]
[[0,0,0],[1,0,0],[0,1,0],[2,1,36]]
[[0,0,0],[1,0,0],[0,1,0],[6,13,36]]
[[0,0,0],[1,0,0],[0,1,0],[3,14,36]]
[[0,0,0],[1,0,0],[0,1,0],[4,33,36]]
[[0,0,0],[1,0,0],[0,1,0],[5,7,36]]
[[0,0,0],[1,0,0],[0,1,0],[3,1,36]]
[[0,0,0],[1,0,0],[0,1,0],[20,35,36]]
[[0,0,0],[1,0,0],[1,2,0],[7,4,18]]
[[0,0,0],[1,0,0],[0,1,0],[14,5,36]]
[[0,0,0],[1,0,0],[0,1,0],[21,7,36]]
[[0,0,0],[1,0,0],[0,1,0],[14,26,36]]
[[0,0,0],[1,0,0],[0,2,0],[17,10,18]]
[[0,0,0],[1,0,0],[0,1,0],[4,29,36]]
[[0,0,0],[1,0,0],[0,6,0],[5,0,6]]
[[0,0,0],[2,0,0],[0,1,0],[6,1,18]]
[[0,0,0],[1,0,0],[0,1,0],[5,5,36]]
[[0,0,0],[1,0,0],[0,1,0],[3,25,36]]
[[0,0,0],[1,0,0],[0,1,0],[28,33,36]]
[[0,0,0],[4,0,0],[0,1,0],[0,1,9]]
[[0,0,0],[1,0,0],[0,1,0],[1,5,36]]
[[0,0,0],[1,0,0],[0,1,0],[2,17,36]]
[[0,0,0],[1,0,0],[0,1,0],[21,10,36]]
[[0,0,0],[1,0,0],[0,1,0],[20,21,36]]
[[0,0,0],[1,0,0],[0,2,0],[5,14,18]]
[[0,0,0],[1,0,0],[0,1,0],[2,2,36]]
[[0,0,0],[1,0,0],[0,1,0],[4,1,36]]
[[0,0,0],[1,0,0],[3,6,0],[4,0,6]]
[[0,0,0],[1,0,0],[0,1,0],[6,19,36]]
[[0,0,0],[1,0,0],[0,1,0],[20,17,36]]
[[0,0,0],[1,0,0],[0,1,0],[28,3,36]]
[[0,0,0],[1,0,0],[0,1,0],[20,33,36]]
[[0,0,0],[1,0,0],[0,1,0],[16,1,36]]
[[0,0,0],[1,0,0],[0,1,0],[14,14,36]]
[[0,0,0],[1,0,0],[0,1,0],[2,13,36]]
[[0,0,0],[1,0,0],[0,1,0],[34,35,36]]
[[0,0,0],[3,0,0],[0,1,0],[6,7,12]]
[[0,0,0],[1,0,0],[0,1,0],[11,13,36]]
[[0,0,0],[1,0,0],[0,1,0],[12,1,36]]
[[0,0,0],[1,0,0],[0,1,0],[10,35,36]]
[[0,0,0],[1,0,0],[0,1,0],[2,11,36]]
[[0,0,0],[1,0,0],[0,1,0],[3,7,36]]
[[0,0,0],[1,0,0],[0,1,0],[18,1,36]]
[[0,0,0],[1,0,0],[0,3,0],[10,9,12]]
[[0,0,0],[1,0,0],[0,1,0],[2,23,36]]
[[0,0,0],[1,0,0],[2,6,0],[3,0,6]]
[[0,0,0],[1,0,0],[0,1,0],[3,34,36]]
[[0,0,0],[1,0,0],[0,3,0],[11,9,12]]
[[0,0,0],[1,0,0],[4,6,0],[4,0,6]]
[[0,0,0],[1,0,0],[0,1,0],[20,5,36]]
[[0,0,0],[1,0,0],[0,3,0],[10,3,12]]
[[0,0,0],[1,0,0],[0,2,0],[15,8,18]]
[[0,0,0],[1,0,0],[0,1,0],[8,35,36]]
[[0,0,0],[1,0,0],[0,2,0],[8,16,18]]
[[0,0,0],[2,0,0],[0,1,0],[3,13,18]]
[[0,0,0],[1,0,0],[1,6,0],[1,0,6]]
[[0,0,0],[1,0,0],[1,2,0],[5,2,18]]
[[0,0,0],[1,0,0],[0,1,0],[10,1,36]]
[[0,0,0],[1,0,0],[0,2,0],[3,8,18]]
[[0,0,0],[1,0,0],[0,1,0],[15,2,36]]
[[0,0,0],[1,0,0],[0,2,0],[1,4,18]]
[[0,0,0],[2,0,0],[0,1,0],[9,1,18]]
[[0,0,0],[1,0,0],[0,2,0],[5,2,18]]
[[0,0,0],[1,0,0],[0,1,0],[5,13,36]]
[[0,0,0],[1,0,0],[0,1,0],[7,11,36]]
[[0,0,0],[1,0,0],[1,3,0],[7,9,12]]
[[0,0,0],[1,0,0],[1,2,0],[1,8,18]]
[[0,0,0],[1,0,0],[0,1,0],[3,31,36]]
[[0,0,0],[1,0,0],[0,1,0],[6,25,36]]
[[0,0,0],[1,0,0],[0,1,0],[15,22,36]]
[[0,0,0],[1,0,0],[0,1,0],[9,28,36]]
[[0,0,0],[1,0,0],[0,1,0],[3,26,36]]
[[0,0,0],[1,0,0],[0,1,0],[22,35,36]]
[[0,0,0],[1,0,0],[0,1,0],[11,35,36]]
[[0,0,0],[1,0,0],[1,6,0],[3,0,6]]
[[0,0,0],[1,0,0],[0,1,0],[5,17,36]]
[[0,0,0],[1,0,0],[0,1,0],[6,4,36]]
[[0,0,0],[1,0,0],[0,2,0],[3,2,18]]
[[0,0,0],[1,0,0],[0,2,0],[5,4,18]]
[[0,0,0],[1,0,0],[1,6,0],[5,0,6]]
[[0,0,0],[1,0,0],[0,2,0],[17,2,18]]
[[0,0,0],[1,0,0],[2,3,0],[8,3,12]]
[[0,0,0],[1,0,0],[0,1,0],[3,2,36]]
[[0,0,0],[1,0,0],[0,1,0],[10,5,36]]
[[0,0,0],[1,0,0],[1,3,0],[5,9,12]]
[[0,0,0],[1,0,0],[0,1,0],[15,10,36]]
[[0,0,0],[1,0,0],[0,1,0],[14,25,36]]
[[0,0,0],[1,0,0],[0,1,0],[28,17,36]]
[[0,0,0],[1,0,0],[0,1,0],[28,15,36]]
[[0,0,0],[1,0,0],[0,1,0],[4,5,36]]
[[0,0,0],[1,0,0],[0,1,0],[9,1,36]]
[[0,0,0],[1,0,0],[0,6,0],[1,0,6]]
[[0,0,0],[1,0,0],[0,2,0],[5,10,18]]
[[0,0,0],[1,0,0],[0,1,0],[15,26,36]]
[[0,0,0],[1,0,0],[1,3,0],[7,3,12]]
[[0,0,0],[1,0,0],[1,3,0],[1,3,12]]
[[0,0,0],[1,0,0],[0,1,0],[2,7,36]]
[[0,0,0],[1,0,0],[0,2,0],[17,16,18]]
[[0,0,0],[1,0,0],[0,1,0],[21,31,36]]
[[0,0,0],[1,0,0],[0,1,0],[10,11,36]]
[[0,0,0],[1,0,0],[0,1,0],[12,25,36]]
[[0,0,0],[1,0,0],[0,1,0],[14,1,36]]
[[0,0,0],[1,0,0],[0,1,0],[6,31,36]]
[[0,0,0],[1,0,0],[0,1,0],[18,19,36]]
[[0,0,0],[1,0,0],[0,1,0],[12,13,36]]
[[0,0,0],[1,0,0],[0,2,0],[7,2,18]]
[[0,0,0],[1,0,0],[0,3,0],[11,3,12]]
[[0,0,0],[1,0,0],[3,6,0],[5,0,6]]
[[0,0,0],[1,0,0],[0,1,0],[21,22,36]]
[[0,0,0],[1,0,0],[0,1,0],[20,23,36]]
[[0,0,0],[2,0,0],[0,1,0],[6,10,18]]
[[0,0,0],[1,0,0],[0,1,0],[3,19,36]]
[[0,0,0],[1,0,0],[0,3,0],[2,9,12]]
[[0,0,0],[1,0,0],[0,1,0],[8,13,36]]
[[0,0,0],[2,0,0],[0,1,0],[6,4,18]]
[[0,0,0],[1,0,0],[1,2,0],[9,2,18]]
[[0,0,0],[2,0,0],[0,1,0],[6,16,18]]
[[0,0,0],[1,0,0],[0,3,0],[5,3,12]]
[[0,0,0],[1,0,0],[0,1,0],[8,20,36]]
[[0,0,0],[1,0,0],[1,2,0],[3,10,18]]
[[0,0,0],[1,0,0],[0,2,0],[7,8,18]]
[[0,0,0],[1,0,0],[1,2,0],[1,4,18]]
[[0,0,0],[1,0,0],[0,1,0],[32,17,36]]
[[0,0,0],[1,0,0],[1,3,0],[4,6,12]]
[[0,0,0],[1,0,0],[1,3,0],[10,9,12]]
[[0,0,0],[1,0,0],[0,1,0],[20,25,36]]
[[0,0,0],[1,0,0],[1,2,0],[15,14,18]]
[[0,0,0],[1,0,0],[0,1,0],[9,4,36]]
[[0,0,0],[2,0,0],[0,1,0],[6,7,18]]
[[0,0,0],[1,0,0],[0,1,0],[2,35,36]]
[[0,0,0],[1,0,0],[0,3,0],[4,3,12]]
[[0,0,0],[1,0,0],[0,1,0],[27,22,36]]
[[0,0,0],[1,0,0],[0,1,0],[14,23,36]]
[[0,0,0],[1,0,0],[2,3,0],[8,9,12]]
[[0,0,0],[1,0,0],[0,1,0],[2,14,36]]
[[0,0,0],[1,0,0],[0,1,0],[22,11,36]]
[[0,0,0],[3,0,0],[0,1,0],[4,1,12]]
[[0,0,0],[1,0,0],[0,2,0],[9,2,18]]
[[0,0,0],[1,0,0],[0,1,0],[2,5,36]]
[[0,0,0],[1,0,0],[1,3,0],[1,9,12]]
[[0,0,0],[1,0,0],[0,2,0],[2,16,18]]
[[0,0,0],[1,0,0],[0,1,0],[4,21,36]]
[[0,0,0],[1,0,0],[0,1,0],[20,26,36]]
[[0,0,0],[1,0,0],[0,1,0],[32,14,36]]
[[0,0,0],[1,0,0],[0,1,0],[7,7,36]]
[[0,0,0],[1,0,0],[0,1,0],[16,21,36]]
[[0,0,0],[1,0,0],[0,1,0],[5,23,36]]
[[0,0,0],[1,0,0],[0,2,0],[5,16,18]]
[[0,0,0],[1,0,0],[0,1,0],[32,35,36]]
[[0,0,0],[1,0,0],[0,3,0],[7,9,12]]
[[0,0,0],[1,0,0],[0,1,0],[2,29,36]]
[[0,0,0],[1,0,0],[0,2,0],[1,2,18]]
[[0,0,0],[1,0,0],[0,1,0],[28,21,36]]
[[0,0,0],[1,0,0],[1,2,0],[7,2,18]]
[[0,0,0],[1,0,0],[0,2,0],[3,14,18]]
[[0,0,0],[1,0,0],[0,1,0],[33,22,36]]
[[0,0,0],[1,0,0],[1,2,0],[1,2,18]]
[[0,0,0],[1,0,0],[0,1,0],[8,5,36]]
[[0,0,0],[1,0,0],[0,1,0],[1,1,36]]
[[0,0,0],[1,0,0],[0,1,0],[32,32,36]]
[[0,0,0],[1,0,0],[0,1,0],[14,17,36]]
[[0,0,0],[1,0,0],[0,3,0],[1,3,12]]
[[0,0,0],[1,0,0],[0,1,0],[2,31,36]]
[[0,0,0],[1,0,0],[0,1,0],[4,3,36]]
[[0,0,0],[1,0,0],[0,2,0],[8,4,18]]
[[0,0,0],[1,0,0],[0,3,0],[7,3,12]]
[[0,0,0],[1,0,0],[1,2,0],[3,2,18]]
[[0,0,0],[2,0,0],[0,1,0],[3,7,18]]
[[0,0,0],[1,0,0],[0,1,0],[5,11,36]]
[[0,0,0],[1,0,0],[0,2,0],[15,2,18]]
[[0,0,0],[1,0,0],[0,1,0],[27,19,36]]
[[0,0,0],[1,0,0],[0,1,0],[30,16,36]]
[[0,0,0],[1,0,0],[0,1,0],[3,22,36]]
[[0,0,0],[1,0,0],[1,2,0],[15,15,18]]
[[0,0,0],[2,0,0],[0,1,0],[6,13,18]]
[[0,0,0],[1,0,0],[0,1,0],[26,26,36]]
[[0,0,0],[1,0,0],[0,3,0],[3,6,12]]
[[0,0,0],[1,0,0],[0,1,0],[2,25,36]]
[[0,0,0],[1,0,0],[1,2,0],[3,8,18]]
[[0,0,0],[1,0,0],[0,1,0],[17,17,36]]
[[0,0,0],[1,0,0],[0,1,0],[9,16,36]]
[[0,0,0],[1,0,0],[0,1,0],[10,7,36]]
[[0,0,0],[1,0,0],[0,1,0],[14,19,36]]
[[0,0,0],[1,0,0],[0,1,0],[22,31,36]]
[[0,0,0],[1,0,0],[0,1,0],[5,35,36]]
[[0,0,0],[1,0,0],[0,1,0],[4,17,36]]
[[0,0,0],[1,0,0],[0,1,0],[10,23,36]]
[[0,0,0],[1,0,0],[0,1,0],[6,1,36]]
[[0,0,0],[1,0,0],[0,1,0],[3,10,36]]
[[0,0,0],[1,0,0],[0,1,0],[8,21,36]]
[[0,0,0],[1,0,0],[0,1,0],[1,11,36]]
[[0,0,0],[1,0,0],[0,1,0],[4,15,36]]
[[0,0,0],[1,0,0],[0,1,0],[21,34,36]]
[[0,0,0],[1,0,0],[1,3,0],[4,3,12]]
[[0,0,0],[1,0,0],[0,1,0],[8,33,36]]
[[0,0,0],[1,0,0],[0,1,0],[27,34,36]]
[[0,0,0],[1,0,0],[0,1,0],[22,29,36]]
[[0,0,0],[1,0,0],[0,1,0],[33,10,36]]
[[0,0,0],[1,0,0],[0,1,0],[11,11,36]]
[[0,0,0],[1,0,0],[1,3,0],[4,4,12]]
[[0,0,0],[1,0,0],[0,1,0],[26,17,36]]
[[0,0,0],[1,0,0],[0,1,0],[0,1,36]]
