[[0,0,0],[1,0,0],[0,1,0],[2,8,39]]
[[0,0,0],[1,0,0],[0,1,0],[1,2,39]]
[[0,0,0],[1,0,0],[0,1,0],[6,8,39]]
[[0,0,0],[1,0,0],[0,1,0],[4,10,39]]
[[0,0,0],[1,0,0],[0,1,0],[3,11,39]]
[[0,0,0],[1,0,0],[0,1,0],[2,2,39]]
[[0,0,0],[1,0,0],[0,1,0],[6,7,39]]
[[0,0,0],[1,0,0],[0,1,0],[2,11,39]]
[[0,0,0],[1,0,0],[0,1,0],[11,31,39]]
[[0,0,0],[1,0,0],[0,1,0],[9,22,39]]
[[0,0,0],[1,0,0],[0,1,0],[11,38,39]]
[[0,0,0],[1,0,0],[0,1,0],[3,24,39]]
[[0,0,0],[1,0,0],[0,1,0],[21,37,39]]
[[0,0,0],[1,0,0],[0,1,0],[3,4,39]]
[[0,0,0],[1,0,0],[0,1,0],[9,34,39]]
[[0,0,0],[1,0,0],[0,1,0],[27,16,39]]
[[0,0,0],[1,0,0],[0,1,0],[5,32,39]]
[[0,0,0],[1,0,0],[0,1,0],[21,25,39]]
[[0,0,0],[1,0,0],[0,1,0],[13,14,39]]
[[0,0,0],[1,0,0],[0,1,0],[13,27,39]]
[[0,0,0],[1,0,0],[0,1,0],[3,34,39]]
[[0,0,0],[1,0,0],[0,1,0],[3,16,39]]
[[0,0,0],[1,0,0],[0,1,0],[15,38,39]]
[[0,0,0],[1,0,0],[0,1,0],[9,18,39]]
[[0,0,0],[1,0,0],[0,1,0],[2,23,39]]
[[0,0,0],[1,0,0],[0,1,0],[15,1,39]]
[[0,0,0],[1,0,0],[0,1,0],[7,35,39]]
[[0,0,0],[1,0,0],[0,1,0],[3,19,39]]
[[0,0,0],[1,0,0],[0,1,0],[13,1,39]]
[[0,0,0],[1,0,0],[0,1,0],[1,5,39]]
[[0,0,0],[1,0,0],[0,1,0],[2,29,39]]
[[0,0,0],[1,0,0],[0,1,0],[15,10,39]]
[[0,0,0],[1,0,0],[0,1,0],[3,10,39]]
[[0,0,0],[1,0,0],[0,1,0],[7,14,39]]
[[0,0,0],[1,0,0],[0,1,0],[6,25,39]]
[[0,0,0],[1,0,0],[0,1,0],[9,7,39]]
[[0,0,0],[1,0,0],[0,1,0],[5,5,39]]
[[0,0,0],[1,0,0],[0,1,0],[27,25,39]]
[[0,0,0],[1,0,0],[0,1,0],[12,4,39]]
[[0,0,0],[1,0,0],[0,1,0],[12,2,39]]
[[0,0,0],[1,0,0],[0,1,0],[6,28,39]]
[[0,0,0],[1,0,0],[0,1,0],[15,25,39]]
[[0,0,0],[1,0,0],[0,1,0],[6,16,39]]
[[0,0,0],[1,0,0],[0,1,0],[6,34,39]]
[[0,0,0],[1,0,0],[0,1,0],[2,16,39]]
[[0,0,0],[1,0,0],[0,1,0],[4,11,39]]
[[0,0,0],[1,0,0],[0,1,0],[12,28,39]]
[[0,0,0],[1,0,0],[0,1,0],[3,22,39]]
[[0,0,0],[1,0,0],[0,1,0],[30,36,39]]
[[0,0,0],[1,0,0],[0,1,0],[26,27,39]]
[[0,0,0],[1,0,0],[0,1,0],[11,11,39]]
[[0,0,0],[1,0,0],[0,1,0],[24,25,39]]
[[0,0,0],[1,0,0],[0,1,0],[6,4,39]]
[[0,0,0],[1,0,0],[0,1,0],[14,31,39]]
[[0,0,0],[1,0,0],[0,1,0],[2,5,39]]
[[0,0,0],[1,0,0],[0,1,0],[9,1,39]]
[[0,0,0],[1,0,0],[0,1,0],[7,34,39]]
[[0,0,0],[1,0,0],[0,1,0],[5,11,39]]
[[0,0,0],[1,0,0],[0,1,0],[5,22,39]]
[[0,0,0],[1,0,0],[0,1,0],[18,34,39]]
[[0,0,0],[1,0,0],[0,1,0],[12,31,39]]
[[0,0,0],[1,0,0],[0,1,0],[1,4,39]]
[[0,0,0],[1,0,0],[0,1,0],[6,19,39]]
[[0,0,0],[1,0,0],[0,1,0],[17,29,39]]
[[0,0,0],[1,0,0],[0,1,0],[3,37,39]]
[[0,0,0],[1,0,0],[0,1,0],[7,7,39]]
[[0,0,0],[1,0,0],[0,1,0],[18,1,39]]
[[0,0,0],[1,0,0],[0,1,0],[12,7,39]]
[[0,0,0],[1,0,0],[0,1,0],[9,37,39]]
[[0,0,0],[1,0,0],[0,1,0],[12,34,39]]
[[0,0,0],[1,0,0],[0,1,0],[1,1,39]]
[[0,0,0],[1,0,0],[0,1,0],[11,32,39]]
[[0,0,0],[1,0,0],[0,1,0],[33,33,39]]
[[0,0,0],[1,0,0],[0,1,0],[3,28,39]]
[[0,0,0],[1,0,0],[0,1,0],[2,38,39]]
[[0,0,0],[1,0,0],[0,1,0],[12,15,39]]
[[0,0,0],[1,0,0],[0,1,0],[1,14,39]]
[[0,0,0],[1,0,0],[0,1,0],[3,1,39]]
[[0,0,0],[1,0,0],[0,1,0],[9,19,39]]
[[0,0,0],[1,0,0],[0,1,0],[4,4,39]]
[[0,0,0],[1,0,0],[0,1,0],[6,1,39]]
[[0,0,0],[1,0,0],[0,1,0],[9,16,39]]
[[0,0,0],[1,0,0],[0,1,0],[12,1,39]]
[[0,0,0],[1,0,0],[0,1,0],[18,25,39]]
[[0,0,0],[1,0,0],[0,1,0],[5,8,39]]
[[0,0,0],[1,0,0],[0,1,0],[2,10,39]]
[[0,0,0],[1,0,0],[0,1,0],[5,23,39]]
[[0,0,0],[1,0,0],[0,1,0],[16,25,39]]
[[0,0,0],[1,0,0],[0,1,0],[3,31,39]]
[[0,0,0],[1,0,0],[0,1,0],[4,7,39]]
[[0,0,0],[1,0,0],[0,1,0],[2,20,39]]
[[0,0,0],[1,0,0],[0,1,0],[6,10,39]]
[[0,0,0],[1,0,0],[0,1,0],[38,38,39]]
[[0,0,0],[1,0,0],[0,1,0],[17,17,39]]
[[0,0,0],[1,0,0],[0,1,0],[4,17,39]]
[[0,0,0],[1,0,0],[0,1,0],[4,8,39]]
[[0,0,0],[1,0,0],[0,1,0],[2,7,39]]
[[0,0,0],[1,0,0],[0,1,0],[18,35,39]]
[[0,0,0],[1,0,0],[0,1,0],[11,16,39]]
[[0,0,0],[1,0,0],[0,1,0],[30,10,39]]
[[0,0,0],[1,0,0],[0,1,0],[14,17,39]]
[[0,0,0],[1,0,0],[0,1,0],[17,38,39]]
[[0,0,0],[3,0,0],[0,1,0],[0,1,13]]
[[0,0,0],[1,0,0],[0,1,0],[5,37,39]]
[[0,0,0],[1,0,0],[0,1,0],[15,37,39]]
[[0,0,0],[1,0,0],[0,1,0],[2,4,39]]
[[0,0,0],[1,0,0],[0,1,0],[3,25,39]]
[[0,0,0],[1,0,0],[0,1,0],[14,23,39]]
[[0,0,0],[1,0,0],[0,1,0],[2,17,39]]
[[0,0,0],[1,0,0],[0,1,0],[26,14,39]]
[[0,0,0],[1,0,0],[0,1,0],[5,38,39]]
[[0,0,0],[1,0,0],[0,1,0],[18,22,39]]
[[0,0,0],[1,0,0],[0,1,0],[17,23,39]]
[[0,0,0],[1,0,0],[0,1,0],[6,21,39]]
[[0,0,0],[1,0,0],[0,1,0],[2,32,39]]
[[0,0,0],[1,0,0],[0,1,0],[2,19,39]]
[[0,0,0],[1,0,0],[0,1,0],[19,34,39]]
[[0,0,0],[1,0,0],[0,1,0],[3,7,39]]
[[0,0,0],[1,0,0],[0,1,0],[29,38,39]]
[[0,0,0],[1,0,0],[0,1,0],[1,7,39]]
[[0,0,0],[1,0,0],[0,1,0],[2,25,39]]
[[0,0,0],[1,0,0],[0,1,0],[0,1,39]]
[[0,0,0],[1,0,0],[0,1,0],[1,16,39]]
[[0,0,0],[1,0,0],[0,1,0],[29,29,39]]
[[0,0,0],[1,0,0],[0,1,0],[2,14,39]]
[[0,0,0],[1,0,0],[0,1,0],[14,14,39]]
[[0,0,0],[1,0,0],[0,1,0],[5,35,39]]
[[0,0,0],[1,0,0],[0,1,0],[4,14,39]]
[[0,0,0],[1,0,0],[0,1,0],[30,23,39]]
