[[0,0,0],[1,0,0],[0,1,0],[0,1,40]]
[[0,0,0],[1,0,0],[0,1,0],[3,13,40]]
[[0,0,0],[2,0,0],[0,1,0],[0,11,20]]
[[0,0,0],[1,0,0],[0,1,0],[2,19,40]]
[[0,0,0],[1,0,0],[0,1,0],[18,39,40]]
[[0,0,0],[2,0,0],[0,2,0],[5,2,10]]
[[0,0,0],[1,0,0],[0,1,0],[15,34,40]]
[[0,0,0],[1,0,0],[1,2,0],[6,16,20]]
[[0,0,0],[1,0,0],[0,1,0],[4,27,40]]
[[0,0,0],[1,0,0],[0,1,0],[14,22,40]]
[[0,0,0],[1,0,0],[0,1,0],[22,39,40]]
[[0,0,0],[1,0,0],[0,1,0],[4,37,40]]
[[0,0,0],[1,0,0],[0,2,0],[6,2,20]]
[[0,0,0],[1,0,0],[0,1,0],[6,9,40]]
[[0,0,0],[1,0,0],[0,1,0],[5,12,40]]
[[0,0,0],[1,0,0],[0,1,0],[8,1,40]]
[[0,0,0],[1,0,0],[1,2,0],[17,18,20]]
[[0,0,0],[1,0,0],[0,1,0],[3,9,40]]
[[0,0,0],[1,0,0],[0,1,0],[12,29,40]]
[[0,0,0],[2,0,0],[0,2,0],[0,2,10]]
[[0,0,0],[1,0,0],[0,1,0],[7,37,40]]
[[0,0,0],[1,0,0],[0,1,0],[15,1,40]]
[[0,0,0],[1,0,0],[0,1,0],[6,7,40]]
[[0,0,0],[1,0,0],[0,1,0],[7,9,40]]
[[0,0,0],[1,0,0],[0,2,0],[6,18,20]]
[[0,0,0],[1,0,0],[0,1,0],[5,31,40]]
[[0,0,0],[1,0,0],[0,2,0],[2,18,20]]
[[0,0,0],[1,0,0],[0,1,0],[8,23,40]]
[[0,0,0],[2,0,0],[0,1,0],[0,1,20]]
[[0,0,0],[1,0,0],[0,1,0],[15,11,40]]
[[0,0,0],[1,0,0],[0,1,0],[35,6,40]]
[[0,0,0],[1,0,0],[0,1,0],[15,31,40]]
[[0,0,0],[1,0,0],[0,1,0],[35,14,40]]
[[0,0,0],[1,0,0],[0,1,0],[34,19,40]]
[[0,0,0],[2,0,0],[0,1,0],[4,17,20]]
[[0,0,0],[1,0,0],[0,1,0],[1,19,40]]
[[0,0,0],[2,0,0],[0,1,0],[4,3,20]]
[[0,0,0],[1,0,0],[1,2,0],[5,18,20]]
[[0,0,0],[1,0,0],[1,2,0],[1,12,20]]
[[0,0,0],[1,0,0],[0,2,0],[13,2,20]]
[[0,0,0],[1,0,0],[0,1,0],[16,15,40]]
[[0,0,0],[1,0,0],[0,1,0],[26,31,40]]
[[0,0,0],[1,0,0],[0,1,0],[8,9,40]]
[[0,0,0],[1,0,0],[0,1,0],[12,21,40]]
[[0,0,0],[1,0,0],[0,1,0],[20,1,40]]
[[0,0,0],[1,0,0],[0,1,0],[8,17,40]]
[[0,0,0],[1,0,0],[0,2,0],[2,2,20]]
[[0,0,0],[1,0,0],[0,1,0],[6,27,40]]
[[0,0,0],[1,0,0],[0,1,0],[14,7,40]]
[[0,0,0],[1,0,0],[1,2,0],[5,6,20]]
[[0,0,0],[1,0,0],[0,1,0],[34,17,40]]
[[0,0,0],[1,0,0],[0,1,0],[4,13,40]]
[[0,0,0],[1,0,0],[0,1,0],[4,7,40]]
[[0,0,0],[1,0,0],[0,1,0],[14,29,40]]
[[0,0,0],[2,0,0],[0,1,0],[4,19,20]]
[[0,0,0],[1,0,0],[0,1,0],[5,6,40]]
[[0,0,0],[1,0,0],[0,1,0],[2,1,40]]
[[0,0,0],[1,0,0],[0,1,0],[6,13,40]]
[[0,0,0],[2,0,0],[0,2,0],[2,2,10]]
[[0,0,0],[1,0,0],[0,2,0],[5,12,20]]
[[0,0,0],[2,0,0],[0,1,0],[12,19,20]]
[[0,0,0],[1,0,0],[0,1,0],[4,33,40]]
[[0,0,0],[2,0,0],[0,1,0],[8,17,20]]
[[0,0,0],[1,0,0],[0,2,0],[4,14,20]]
[[0,0,0],[1,0,0],[0,1,0],[13,13,40]]
[[0,0,0],[1,0,0],[0,1,0],[22,34,40]]
[[0,0,0],[1,0,0],[0,1,0],[4,29,40]]
[[0,0,0],[1,0,0],[0,1,0],[7,39,40]]
[[0,0,0],[1,0,0],[0,1,0],[21,21,40]]
[[0,0,0],[1,0,0],[1,2,0],[6,4,20]]
[[0,0,0],[1,0,0],[0,2,0],[3,18,20]]
[[0,0,0],[2,0,0],[0,1,0],[4,13,20]]
[[0,0,0],[1,0,0],[1,2,0],[1,6,20]]
[[0,0,0],[1,0,0],[0,1,0],[34,39,40]]
[[0,0,0],[1,0,0],[0,1,0],[12,9,40]]
[[0,0,0],[1,0,0],[0,1,0],[12,34,40]]
[[0,0,0],[4,0,0],[0,1,0],[0,1,10]]
[[0,0,0],[1,0,0],[0,1,0],[16,35,40]]
[[0,0,0],[1,0,0],[0,1,0],[2,17,40]]
[[0,0,0],[2,0,0],[0,2,0],[2,4,10]]
[[0,0,0],[2,0,0],[0,1,0],[4,7,20]]
[[0,0,0],[1,0,0],[0,1,0],[20,21,40]]
[[0,0,0],[1,0,0],[0,1,0],[4,1,40]]
[[0,0,0],[1,0,0],[0,1,0],[32,29,40]]
[[0,0,0],[1,0,0],[0,1,0],[6,19,40]]
[[0,0,0],[1,0,0],[0,1,0],[12,14,40]]
[[0,0,0],[1,0,0],[0,1,0],[10,21,40]]
[[0,0,0],[1,0,0],[0,1,0],[10,31,40]]
[[0,0,0],[1,0,0],[0,1,0],[12,33,40]]
[[0,0,0],[1,0,0],[0,1,0],[25,21,40]]
[[0,0,0],[1,0,0],[0,1,0],[2,13,40]]
[[0,0,0],[1,0,0],[0,1,0],[18,7,40]]
[[0,0,0],[1,0,0],[1,4,0],[5,5,10]]
[[0,0,0],[1,0,0],[1,2,0],[11,18,20]]
[[0,0,0],[1,0,0],[0,1,0],[7,17,40]]
[[0,0,0],[1,0,0],[0,1,0],[3,39,40]]
[[0,0,0],[1,0,0],[0,1,0],[14,3,40]]
[[0,0,0],[2,0,0],[0,2,0],[4,8,10]]
[[0,0,0],[1,0,0],[0,2,0],[10,2,20]]
[[0,0,0],[1,0,0],[0,1,0],[16,1,40]]
[[0,0,0],[1,0,0],[0,1,0],[4,2,40]]
[[0,0,0],[1,0,0],[0,1,0],[36,9,40]]
[[0,0,0],[1,0,0],[0,1,0],[18,1,40]]
[[0,0,0],[1,0,0],[0,1,0],[18,38,40]]
[[0,0,0],[1,0,0],[0,1,0],[12,39,40]]
[[0,0,0],[1,0,0],[0,2,0],[15,12,20]]
[[0,0,0],[1,0,0],[0,1,0],[11,13,40]]
[[0,0,0],[1,0,0],[0,1,0],[12,1,40]]
[[0,0,0],[1,0,0],[0,1,0],[2,23,40]]
[[0,0,0],[1,0,0],[0,1,0],[5,26,40]]
[[0,0,0],[1,0,0],[0,1,0],[2,11,40]]
[[0,0,0],[1,0,0],[0,1,0],[7,29,40]]
[[0,0,0],[1,0,0],[0,1,0],[3,7,40]]
[[0,0,0],[1,0,0],[1,2,0],[1,18,20]]
[[0,0,0],[1,0,0],[0,1,0],[22,33,40]]
[[0,0,0],[1,0,0],[0,1,0],[13,31,40]]
[[0,0,0],[1,0,0],[0,2,0],[2,8,20]]
[[0,0,0],[1,0,0],[0,1,0],[3,23,40]]
[[0,0,0],[1,0,0],[0,2,0],[14,18,20]]
[[0,0,0],[1,0,0],[0,1,0],[24,25,40]]
[[0,0,0],[2,0,0],[0,1,0],[10,1,20]]
[[0,0,0],[1,0,0],[1,2,0],[5,2,20]]
[[0,0,0],[1,0,0],[0,2,0],[8,16,20]]
[[0,0,0],[1,0,0],[0,1,0],[17,39,40]]
[[0,0,0],[1,0,0],[0,1,0],[15,2,40]]
[[0,0,0],[1,0,0],[0,1,0],[5,4,40]]
[[0,0,0],[1,0,0],[0,1,0],[15,6,40]]
[[0,0,0],[1,0,0],[0,1,0],[18,23,40]]
[[0,0,0],[1,0,0],[0,1,0],[10,1,40]]
[[0,0,0],[1,0,0],[0,2,0],[5,2,20]]
[[0,0,0],[5,0,0],[0,1,0],[0,1,8]]
[[0,0,0],[1,0,0],[0,1,0],[28,28,40]]
[[0,0,0],[4,0,0],[0,1,0],[5,1,10]]
[[0,0,0],[2,0,0],[0,1,0],[8,9,20]]
[[0,0,0],[1,0,0],[0,1,0],[16,5,40]]
[[0,0,0],[1,0,0],[0,1,0],[6,29,40]]
[[0,0,0],[1,0,0],[0,1,0],[34,37,40]]
[[0,0,0],[1,0,0],[0,1,0],[4,12,40]]
[[0,0,0],[1,0,0],[0,1,0],[35,36,40]]
[[0,0,0],[1,0,0],[0,1,0],[26,19,40]]
[[0,0,0],[1,0,0],[1,2,0],[5,14,20]]
[[0,0,0],[1,0,0],[1,2,0],[5,5,20]]
[[0,0,0],[1,0,0],[0,1,0],[25,36,40]]
[[0,0,0],[1,0,0],[0,1,0],[2,37,40]]
[[0,0,0],[1,0,0],[0,1,0],[24,33,40]]
[[0,0,0],[2,0,0],[0,1,0],[8,1,20]]
[[0,0,0],[1,0,0],[0,2,0],[12,18,20]]
[[0,0,0],[2,0,0],[0,1,0],[10,16,20]]
[[0,0,0],[2,0,0],[0,1,0],[12,9,20]]
[[0,0,0],[1,0,0],[0,1,0],[26,11,40]]
[[0,0,0],[1,0,0],[0,2,0],[12,8,20]]
[[0,0,0],[1,0,0],[0,1,0],[15,36,40]]
[[0,0,0],[1,0,0],[0,2,0],[3,2,20]]
[[0,0,0],[1,0,0],[0,2,0],[14,4,20]]
[[0,0,0],[1,0,0],[0,2,0],[6,6,20]]
[[0,0,0],[1,0,0],[1,2,0],[11,6,20]]
[[0,0,0],[2,0,0],[0,1,0],[8,19,20]]
[[0,0,0],[1,0,0],[0,1,0],[18,27,40]]
[[0,0,0],[1,0,0],[0,1,0],[35,22,40]]
[[0,0,0],[1,0,0],[0,1,0],[15,18,40]]
[[0,0,0],[1,0,0],[0,1,0],[9,11,40]]
[[0,0,0],[1,0,0],[0,1,0],[2,21,40]]
[[0,0,0],[1,0,0],[0,1,0],[28,18,40]]
[[0,0,0],[1,0,0],[0,1,0],[1,7,40]]
[[0,0,0],[1,0,0],[0,1,0],[14,37,40]]
[[0,0,0],[1,0,0],[0,1,0],[25,31,40]]
[[0,0,0],[1,0,0],[0,1,0],[15,26,40]]
[[0,0,0],[1,0,0],[0,1,0],[10,11,40]]
[[0,0,0],[1,0,0],[0,1,0],[2,7,40]]
[[0,0,0],[1,0,0],[0,1,0],[6,31,40]]
[[0,0,0],[1,0,0],[0,1,0],[18,19,40]]
[[0,0,0],[1,0,0],[0,1,0],[14,1,40]]
[[0,0,0],[1,0,0],[0,1,0],[3,19,40]]
[[0,0,0],[1,0,0],[0,1,0],[5,21,40]]
[[0,0,0],[1,0,0],[0,1,0],[12,13,40]]
[[0,0,0],[2,0,0],[0,1,0],[4,1,20]]
[[0,0,0],[2,0,0],[0,1,0],[10,6,20]]
[[0,0,0],[1,0,0],[0,1,0],[28,38,40]]
[[0,0,0],[1,0,0],[0,1,0],[8,13,40]]
[[0,0,0],[1,0,0],[0,2,0],[13,6,20]]
[[0,0,0],[1,0,0],[0,1,0],[3,33,40]]
[[0,0,0],[1,0,0],[0,2,0],[19,14,20]]
[[0,0,0],[1,0,0],[1,2,0],[11,12,20]]
[[0,0,0],[1,0,0],[0,1,0],[5,1,40]]
[[0,0,0],[1,0,0],[0,1,0],[38,19,40]]
[[0,0,0],[1,0,0],[0,2,0],[4,4,20]]
[[0,0,0],[1,0,0],[1,2,0],[9,2,20]]
[[0,0,0],[1,0,0],[0,1,0],[6,21,40]]
[[0,0,0],[1,0,0],[0,1,0],[6,23,40]]
[[0,0,0],[1,0,0],[0,1,0],[12,19,40]]
[[0,0,0],[1,0,0],[0,1,0],[18,18,40]]
[[0,0,0],[2,0,0],[0,1,0],[5,1,20]]
[[0,0,0],[1,0,0],[0,1,0],[26,39,40]]
[[0,0,0],[1,0,0],[0,1,0],[25,6,40]]
[[0,0,0],[1,0,0],[0,1,0],[14,23,40]]
[[0,0,0],[1,0,0],[1,2,0],[16,16,20]]
[[0,0,0],[1,0,0],[0,1,0],[6,39,40]]
[[0,0,0],[1,0,0],[0,1,0],[5,36,40]]
[[0,0,0],[2,0,0],[0,1,0],[5,11,20]]
[[0,0,0],[1,0,0],[0,1,0],[32,39,40]]
[[0,0,0],[1,0,0],[0,2,0],[2,6,20]]
[[0,0,0],[1,0,0],[0,1,0],[22,11,40]]
[[0,0,0],[1,0,0],[0,2,0],[9,2,20]]
[[0,0,0],[1,0,0],[0,1,0],[2,14,40]]
[[0,0,0],[1,0,0],[0,1,0],[17,31,40]]
[[0,0,0],[2,0,0],[0,1,0],[10,11,20]]
[[0,0,0],[1,0,0],[0,1,0],[21,29,40]]
[[0,0,0],[1,0,0],[1,2,0],[5,15,20]]
[[0,0,0],[1,0,0],[0,2,0],[14,14,20]]
[[0,0,0],[1,0,0],[0,2,0],[9,14,20]]
[[0,0,0],[1,0,0],[0,1,0],[4,21,40]]
[[0,0,0],[1,0,0],[1,2,0],[13,18,20]]
[[0,0,0],[2,0,0],[0,1,0],[8,11,20]]
[[0,0,0],[1,0,0],[0,1,0],[14,39,40]]
[[0,0,0],[1,0,0],[0,2,0],[18,16,20]]
[[0,0,0],[1,0,0],[0,1,0],[2,29,40]]
[[0,0,0],[1,0,0],[1,2,0],[9,14,20]]
[[0,0,0],[2,0,0],[0,2,0],[4,4,10]]
[[0,0,0],[1,0,0],[0,1,0],[7,13,40]]
[[0,0,0],[1,0,0],[0,1,0],[8,3,40]]
[[0,0,0],[1,0,0],[0,1,0],[30,11,40]]
[[0,0,0],[1,0,0],[0,1,0],[1,1,40]]
[[0,0,0],[1,0,0],[0,2,0],[1,2,20]]
[[0,0,0],[1,0,0],[0,2,0],[1,6,20]]
[[0,0,0],[1,0,0],[0,2,0],[18,18,20]]
[[0,0,0],[1,0,0],[0,1,0],[2,27,40]]
[[0,0,0],[1,0,0],[0,2,0],[11,6,20]]
[[0,0,0],[1,0,0],[0,2,0],[3,6,20]]
[[0,0,0],[1,0,0],[1,2,0],[1,2,20]]
[[0,0,0],[1,0,0],[0,1,0],[2,31,40]]
[[0,0,0],[1,0,0],[0,1,0],[8,25,40]]
[[0,0,0],[1,0,0],[0,1,0],[38,39,40]]
[[0,0,0],[2,0,0],[0,1,0],[4,11,20]]
[[0,0,0],[1,0,0],[0,1,0],[14,17,40]]
[[0,0,0],[1,0,0],[0,1,0],[4,9,40]]
[[0,0,0],[1,0,0],[0,1,0],[18,3,40]]
[[0,0,0],[1,0,0],[0,1,0],[36,29,40]]
[[0,0,0],[1,0,0],[0,2,0],[19,2,20]]
[[0,0,0],[1,0,0],[0,1,0],[2,3,40]]
[[0,0,0],[1,0,0],[0,1,0],[6,11,40]]
[[0,0,0],[1,0,0],[0,1,0],[35,38,40]]
[[0,0,0],[1,0,0],[0,1,0],[16,9,40]]
[[0,0,0],[1,0,0],[0,1,0],[38,38,40]]
[[0,0,0],[1,0,0],[0,1,0],[1,9,40]]
[[0,0,0],[1,0,0],[0,1,0],[4,22,40]]
[[0,0,0],[1,0,0],[0,1,0],[32,19,40]]
[[0,0,0],[1,0,0],[0,1,0],[25,26,40]]
[[0,0,0],[1,0,0],[0,1,0],[13,33,40]]
[[0,0,0],[1,0,0],[0,1,0],[28,29,40]]
[[0,0,0],[1,0,0],[1,2,0],[16,4,20]]
[[0,0,0],[1,0,0],[0,2,0],[15,2,20]]
[[0,0,0],[1,0,0],[0,1,0],[14,27,40]]
[[0,0,0],[1,0,0],[0,1,0],[5,11,40]]
[[0,0,0],[1,0,0],[0,1,0],[30,31,40]]
[[0,0,0],[1,0,0],[0,1,0],[22,37,40]]
[[0,0,0],[1,0,0],[0,1,0],[2,34,40]]
[[0,0,0],[1,0,0],[0,1,0],[6,3,40]]
[[0,0,0],[2,0,0],[0,1,0],[8,7,20]]
[[0,0,0],[4,0,0],[0,1,0],[0,6,10]]
[[0,0,0],[1,0,0],[0,1,0],[32,9,40]]
[[0,0,0],[1,0,0],[0,1,0],[3,3,40]]
[[0,0,0],[1,0,0],[0,1,0],[2,33,40]]
[[0,0,0],[1,0,0],[0,1,0],[2,9,40]]
[[0,0,0],[2,0,0],[0,1,0],[15,6,20]]
[[0,0,0],[2,0,0],[1,2,0],[1,2,10]]
[[0,0,0],[1,0,0],[0,1,0],[28,37,40]]
[[0,0,0],[1,0,0],[0,1,0],[22,31,40]]
[[0,0,0],[1,0,0],[0,1,0],[6,1,40]]
[[0,0,0],[1,0,0],[0,1,0],[5,28,40]]
[[0,0,0],[1,0,0],[0,1,0],[14,19,40]]
[[0,0,0],[1,0,0],[0,1,0],[1,3,40]]
[[0,0,0],[1,0,0],[0,1,0],[22,19,40]]
[[0,0,0],[1,0,0],[0,1,0],[4,17,40]]
[[0,0,0],[1,0,0],[0,2,0],[2,14,20]]
[[0,0,0],[1,0,0],[0,2,0],[9,6,20]]
[[0,0,0],[2,0,0],[0,1,0],[4,9,20]]
[[0,0,0],[1,0,0],[0,1,0],[3,17,40]]
[[0,0,0],[1,0,0],[0,1,0],[8,33,40]]
[[0,0,0],[1,0,0],[0,1,0],[2,39,40]]
[[0,0,0],[2,0,0],[0,1,0],[5,6,20]]
[[0,0,0],[1,0,0],[0,1,0],[11,11,40]]
[[0,0,0],[1,0,0],[0,1,0],[16,25,40]]
[[0,0,0],[1,0,0],[0,2,0],[11,2,20]]
[[0,0,0],[1,0,0],[0,1,0],[1,11,40]]
[[0,0,0],[1,0,0],[0,1,0],[14,9,40]]
[[0,0,0],[1,0,0],[0,1,0],[35,26,40]]
