[[0,0,0],[1,0,0],[0,1,0],[18,9,44]]
[[0,0,0],[1,0,0],[0,1,0],[8,26,44]]
[[0,0,0],[1,0,0],[0,1,0],[3,21,44]]
[[0,0,0],[1,0,0],[0,1,0],[1,21,44]]
[[0,0,0],[1,0,0],[0,1,0],[32,21,44]]
[[0,0,0],[1,0,0],[0,1,0],[38,19,44]]
[[0,0,0],[1,0,0],[0,1,0],[12,5,44]]
[[0,0,0],[1,0,0],[0,1,0],[30,43,44]]
[[0,0,0],[1,0,0],[0,1,0],[36,9,44]]
[[0,0,0],[1,0,0],[1,2,0],[3,14,22]]
[[0,0,0],[1,0,0],[0,1,0],[11,1,44]]
[[0,0,0],[1,0,0],[0,1,0],[40,38,44]]
[[0,0,0],[1,0,0],[0,1,0],[2,19,44]]
[[0,0,0],[1,0,0],[0,1,0],[4,17,44]]
[[0,0,0],[1,0,0],[0,1,0],[10,41,44]]
[[0,0,0],[1,0,0],[0,1,0],[28,17,44]]
[[0,0,0],[1,0,0],[1,2,0],[9,20,22]]
[[0,0,0],[1,0,0],[0,1,0],[24,10,44]]
[[0,0,0],[1,0,0],[0,1,0],[6,9,44]]
[[0,0,0],[1,0,0],[0,1,0],[14,19,44]]
[[0,0,0],[1,0,0],[0,1,0],[20,37,44]]
[[0,0,0],[1,0,0],[0,1,0],[4,29,44]]
[[0,0,0],[1,0,0],[0,1,0],[14,9,44]]
[[0,0,0],[1,0,0],[0,1,0],[30,3,44]]
[[0,0,0],[1,0,0],[0,1,0],[23,23,44]]
[[0,0,0],[1,0,0],[0,1,0],[3,31,44]]
[[0,0,0],[1,0,0],[0,1,0],[22,23,44]]
[[0,0,0],[1,0,0],[0,1,0],[6,31,44]]
[[0,0,0],[1,0,0],[0,1,0],[26,21,44]]
[[0,0,0],[1,0,0],[0,1,0],[10,7,44]]
[[0,0,0],[1,0,0],[0,1,0],[10,15,44]]
[[0,0,0],[1,0,0],[0,1,0],[33,34,44]]
[[0,0,0],[1,0,0],[0,2,0],[1,2,22]]
[[0,0,0],[1,0,0],[0,2,0],[11,2,22]]
[[0,0,0],[1,0,0],[0,1,0],[14,43,44]]
[[0,0,0],[1,0,0],[0,2,0],[13,10,22]]
[[0,0,0],[1,0,0],[1,2,0],[3,2,22]]
[[0,0,0],[1,0,0],[0,1,0],[7,17,44]]
[[0,0,0],[1,0,0],[0,1,0],[2,41,44]]
[[0,0,0],[1,0,0],[0,1,0],[6,15,44]]
[[0,0,0],[1,0,0],[0,1,0],[30,15,44]]
[[0,0,0],[1,0,0],[0,1,0],[25,31,44]]
[[0,0,0],[1,0,0],[0,1,0],[3,13,44]]
[[0,0,0],[1,0,0],[0,1,0],[6,25,44]]
[[0,0,0],[1,0,0],[1,2,0],[13,6,22]]
[[0,0,0],[1,0,0],[0,1,0],[6,3,44]]
[[0,0,0],[1,0,0],[0,1,0],[28,21,44]]
[[0,0,0],[1,0,0],[1,2,0],[1,4,22]]
[[0,0,0],[1,0,0],[0,1,0],[34,39,44]]
[[0,0,0],[1,0,0],[0,1,0],[10,27,44]]
[[0,0,0],[1,0,0],[0,1,0],[18,15,44]]
[[0,0,0],[1,0,0],[0,2,0],[5,6,22]]
[[0,0,0],[1,0,0],[1,2,0],[13,12,22]]
[[0,0,0],[2,0,0],[0,1,0],[0,12,22]]
[[0,0,0],[1,0,0],[0,1,0],[8,13,44]]
[[0,0,0],[1,0,0],[0,1,0],[14,23,44]]
[[0,0,0],[1,0,0],[0,1,0],[26,41,44]]
[[0,0,0],[1,0,0],[0,1,0],[26,30,44]]
[[0,0,0],[1,0,0],[0,1,0],[3,17,44]]
[[0,0,0],[1,0,0],[0,1,0],[2,43,44]]
[[0,0,0],[1,0,0],[0,1,0],[10,23,44]]
[[0,0,0],[1,0,0],[0,2,0],[21,4,22]]
[[0,0,0],[1,0,0],[1,2,0],[9,2,22]]
[[0,0,0],[1,0,0],[0,1,0],[26,27,44]]
[[0,0,0],[1,0,0],[0,1,0],[36,31,44]]
[[0,0,0],[1,0,0],[0,1,0],[2,27,44]]
[[0,0,0],[1,0,0],[0,1,0],[28,28,44]]
[[0,0,0],[1,0,0],[0,2,0],[2,20,22]]
[[0,0,0],[1,0,0],[0,1,0],[18,23,44]]
[[0,0,0],[1,0,0],[1,2,0],[11,2,22]]
[[0,0,0],[1,0,0],[0,1,0],[10,25,44]]
[[0,0,0],[1,0,0],[0,2,0],[3,20,22]]
[[0,0,0],[1,0,0],[0,1,0],[14,31,44]]
[[0,0,0],[1,0,0],[0,1,0],[7,41,44]]
[[0,0,0],[1,0,0],[0,1,0],[26,35,44]]
[[0,0,0],[1,0,0],[0,1,0],[16,18,44]]
[[0,0,0],[1,0,0],[0,1,0],[2,3,44]]
[[0,0,0],[1,0,0],[0,1,0],[36,42,44]]
[[0,0,0],[1,0,0],[0,1,0],[6,23,44]]
[[0,0,0],[1,0,0],[0,1,0],[5,7,44]]
[[0,0,0],[1,0,0],[0,1,0],[6,27,44]]
[[0,0,0],[1,0,0],[0,2,0],[3,6,22]]
[[0,0,0],[1,0,0],[0,1,0],[42,43,44]]
[[0,0,0],[1,0,0],[0,1,0],[16,37,44]]
[[0,0,0],[1,0,0],[0,1,0],[1,1,44]]
[[0,0,0],[1,0,0],[0,1,0],[24,21,44]]
[[0,0,0],[1,0,0],[0,1,0],[2,13,44]]
[[0,0,0],[1,0,0],[0,1,0],[4,9,44]]
[[0,0,0],[1,0,0],[0,1,0],[34,43,44]]
[[0,0,0],[1,0,0],[0,1,0],[6,6,44]]
[[0,0,0],[1,0,0],[0,1,0],[10,31,44]]
[[0,0,0],[1,0,0],[0,1,0],[3,7,44]]
[[0,0,0],[1,0,0],[0,1,0],[10,3,44]]
[[0,0,0],[1,0,0],[0,1,0],[38,43,44]]
[[0,0,0],[1,0,0],[0,1,0],[3,9,44]]
[[0,0,0],[1,0,0],[0,1,0],[24,32,44]]
[[0,0,0],[1,0,0],[0,2,0],[3,4,22]]
[[0,0,0],[1,0,0],[0,1,0],[8,37,44]]
[[0,0,0],[1,0,0],[0,2,0],[7,12,22]]
[[0,0,0],[1,0,0],[0,1,0],[2,39,44]]
[[0,0,0],[1,0,0],[0,2,0],[6,12,22]]
[[0,0,0],[1,0,0],[0,1,0],[1,13,44]]
[[0,0,0],[1,0,0],[0,1,0],[2,10,44]]
[[0,0,0],[1,0,0],[1,2,0],[19,18,22]]
[[0,0,0],[1,0,0],[0,1,0],[4,13,44]]
[[0,0,0],[1,0,0],[0,1,0],[2,25,44]]
[[0,0,0],[1,0,0],[0,1,0],[34,21,44]]
[[0,0,0],[1,0,0],[0,1,0],[7,7,44]]
[[0,0,0],[1,0,0],[0,1,0],[4,19,44]]
[[0,0,0],[1,0,0],[0,1,0],[16,41,44]]
[[0,0,0],[2,0,0],[0,1,0],[11,1,22]]
[[0,0,0],[1,0,0],[0,1,0],[4,41,44]]
[[0,0,0],[1,0,0],[0,1,0],[0,1,44]]
[[0,0,0],[1,0,0],[1,2,0],[5,4,22]]
[[0,0,0],[1,0,0],[0,1,0],[6,1,44]]
[[0,0,0],[1,0,0],[0,1,0],[20,14,44]]
[[0,0,0],[1,0,0],[0,1,0],[13,43,44]]
[[0,0,0],[1,0,0],[0,1,0],[22,1,44]]
[[0,0,0],[1,0,0],[0,1,0],[20,5,44]]
[[0,0,0],[1,0,0],[0,1,0],[6,39,44]]
[[0,0,0],[1,0,0],[0,1,0],[5,9,44]]
[[0,0,0],[1,0,0],[0,1,0],[26,7,44]]
[[0,0,0],[4,0,0],[0,1,0],[0,1,11]]
[[0,0,0],[1,0,0],[0,1,0],[8,5,44]]
[[0,0,0],[1,0,0],[0,1,0],[11,34,44]]
[[0,0,0],[1,0,0],[0,1,0],[14,7,44]]
[[0,0,0],[1,0,0],[0,2,0],[21,2,22]]
[[0,0,0],[1,0,0],[0,1,0],[4,37,44]]
[[0,0,0],[1,0,0],[0,2,0],[3,8,22]]
[[0,0,0],[1,0,0],[0,2,0],[5,16,22]]
[[0,0,0],[1,0,0],[0,2,0],[5,14,22]]
[[0,0,0],[1,0,0],[0,1,0],[6,35,44]]
[[0,0,0],[1,0,0],[0,2,0],[7,2,22]]
[[0,0,0],[1,0,0],[0,1,0],[2,17,44]]
[[0,0,0],[1,0,0],[0,1,0],[26,43,44]]
[[0,0,0],[1,0,0],[0,1,0],[8,29,44]]
[[0,0,0],[1,0,0],[0,1,0],[4,8,44]]
[[0,0,0],[1,0,0],[0,1,0],[1,5,44]]
[[0,0,0],[1,0,0],[1,2,0],[1,2,22]]
[[0,0,0],[1,0,0],[0,1,0],[12,21,44]]
[[0,0,0],[2,0,0],[0,1,0],[0,1,22]]
[[0,0,0],[1,0,0],[0,1,0],[32,2,44]]
[[0,0,0],[1,0,0],[1,2,0],[5,2,22]]
[[0,0,0],[1,0,0],[0,1,0],[8,15,44]]
[[0,0,0],[1,0,0],[0,1,0],[2,7,44]]
[[0,0,0],[1,0,0],[0,1,0],[2,9,44]]
[[0,0,0],[1,0,0],[0,2,0],[1,6,22]]
[[0,0,0],[1,0,0],[0,2,0],[3,2,22]]
[[0,0,0],[1,0,0],[0,2,0],[13,2,22]]
[[0,0,0],[1,0,0],[0,1,0],[13,21,44]]
[[0,0,0],[1,0,0],[0,1,0],[8,1,44]]
[[0,0,0],[1,0,0],[0,1,0],[10,5,44]]
[[0,0,0],[1,0,0],[0,1,0],[30,27,44]]
[[0,0,0],[1,0,0],[0,1,0],[2,5,44]]
[[0,0,0],[1,0,0],[0,1,0],[5,41,44]]
[[0,0,0],[1,0,0],[0,1,0],[2,1,44]]
[[0,0,0],[1,0,0],[0,1,0],[26,19,44]]
[[0,0,0],[1,0,0],[0,1,0],[6,29,44]]
[[0,0,0],[1,0,0],[0,1,0],[20,36,44]]
[[0,0,0],[1,0,0],[0,2,0],[7,10,22]]
[[0,0,0],[1,0,0],[0,1,0],[1,7,44]]
[[0,0,0],[1,0,0],[0,1,0],[14,42,44]]
[[0,0,0],[1,0,0],[0,1,0],[20,1,44]]
[[0,0,0],[1,0,0],[1,2,0],[9,8,22]]
[[0,0,0],[1,0,0],[0,1,0],[18,1,44]]
[[0,0,0],[1,0,0],[0,1,0],[18,39,44]]
[[0,0,0],[1,0,0],[0,1,0],[3,43,44]]
[[0,0,0],[1,0,0],[0,1,0],[6,21,44]]
[[0,0,0],[1,0,0],[0,1,0],[4,25,44]]
[[0,0,0],[1,0,0],[1,2,0],[7,2,22]]
[[0,0,0],[1,0,0],[1,2,0],[1,6,22]]
[[0,0,0],[1,0,0],[0,1,0],[30,21,44]]
[[0,0,0],[1,0,0],[0,1,0],[10,19,44]]
[[0,0,0],[1,0,0],[0,1,0],[34,35,44]]
[[0,0,0],[1,0,0],[1,2,0],[5,16,22]]
[[0,0,0],[1,0,0],[0,1,0],[4,1,44]]
[[0,0,0],[1,0,0],[0,1,0],[3,5,44]]
[[0,0,0],[1,0,0],[0,1,0],[2,15,44]]
[[0,0,0],[1,0,0],[0,2,0],[5,18,22]]
[[0,0,0],[1,0,0],[0,1,0],[30,37,44]]
[[0,0,0],[1,0,0],[0,1,0],[14,1,44]]
[[0,0,0],[1,0,0],[0,1,0],[2,23,44]]
[[0,0,0],[1,0,0],[0,1,0],[2,31,44]]
[[0,0,0],[1,0,0],[0,1,0],[6,43,44]]
[[0,0,0],[1,0,0],[0,1,0],[18,38,44]]
[[0,0,0],[1,0,0],[0,1,0],[24,43,44]]
[[0,0,0],[1,0,0],[0,1,0],[28,39,44]]
[[0,0,0],[1,0,0],[0,1,0],[8,41,44]]
[[0,0,0],[1,0,0],[1,2,0],[3,10,22]]
[[0,0,0],[1,0,0],[0,1,0],[23,25,44]]
[[0,0,0],[1,0,0],[0,2,0],[1,4,22]]
[[0,0,0],[1,0,0],[0,1,0],[6,17,44]]
[[0,0,0],[1,0,0],[0,1,0],[18,3,44]]
[[0,0,0],[1,0,0],[1,2,0],[7,18,22]]
[[0,0,0],[1,0,0],[0,2,0],[3,18,22]]
[[0,0,0],[1,0,0],[0,1,0],[11,23,44]]
[[0,0,0],[1,0,0],[0,1,0],[14,41,44]]
[[0,0,0],[1,0,0],[1,2,0],[5,12,22]]
[[0,0,0],[1,0,0],[0,1,0],[28,6,44]]
[[0,0,0],[1,0,0],[0,1,0],[35,43,44]]
[[0,0,0],[1,0,0],[0,1,0],[10,21,44]]
[[0,0,0],[1,0,0],[0,1,0],[18,31,44]]
[[0,0,0],[1,0,0],[0,1,0],[2,21,44]]
[[0,0,0],[1,0,0],[0,1,0],[2,37,44]]
[[0,0,0],[1,0,0],[0,2,0],[4,16,22]]
[[0,0,0],[1,0,0],[0,1,0],[14,35,44]]
[[0,0,0],[1,0,0],[0,2,0],[7,16,22]]
[[0,0,0],[1,0,0],[0,1,0],[12,13,44]]
[[0,0,0],[1,0,0],[0,1,0],[18,43,44]]
[[0,0,0],[1,0,0],[0,1,0],[33,12,44]]
[[0,0,0],[1,0,0],[0,1,0],[34,13,44]]
[[0,0,0],[1,0,0],[0,1,0],[2,35,44]]
[[0,0,0],[1,0,0],[0,1,0],[16,13,44]]
[[0,0,0],[1,0,0],[0,1,0],[13,37,44]]
[[0,0,0],[1,0,0],[0,1,0],[1,3,44]]
[[0,0,0],[1,0,0],[0,1,0],[6,13,44]]
[[0,0,0],[1,0,0],[0,1,0],[7,19,44]]
[[0,0,0],[1,0,0],[0,1,0],[20,41,44]]
[[0,0,0],[1,0,0],[0,1,0],[33,23,44]]
[[0,0,0],[1,0,0],[0,1,0],[8,25,44]]
[[0,0,0],[1,0,0],[0,1,0],[4,30,44]]
[[0,0,0],[1,0,0],[0,1,0],[16,1,44]]
[[0,0,0],[1,0,0],[0,1,0],[18,37,44]]
[[0,0,0],[1,0,0],[0,1,0],[4,5,44]]
[[0,0,0],[1,0,0],[1,2,0],[3,12,22]]
[[0,0,0],[1,0,0],[1,2,0],[15,12,22]]
[[0,0,0],[1,0,0],[0,1,0],[10,1,44]]
[[0,0,0],[1,0,0],[0,1,0],[16,40,44]]
[[0,0,0],[1,0,0],[0,1,0],[8,21,44]]
[[0,0,0],[1,0,0],[1,2,0],[7,4,22]]
[[0,0,0],[1,0,0],[0,1,0],[5,17,44]]
[[0,0,0],[1,0,0],[0,2,0],[5,2,22]]
[[0,0,0],[1,0,0],[0,1,0],[14,17,44]]
[[0,0,0],[1,0,0],[0,1,0],[3,3,44]]
[[0,0,0],[2,0,0],[0,1,0],[11,12,22]]
[[0,0,0],[1,0,0],[1,2,0],[3,8,22]]
[[0,0,0],[1,0,0],[0,1,0],[23,27,44]]
[[0,0,0],[1,0,0],[0,1,0],[6,7,44]]
[[0,0,0],[1,0,0],[0,1,0],[4,21,44]]
[[0,0,0],[1,0,0],[0,2,0],[14,18,22]]
[[0,0,0],[1,0,0],[0,1,0],[3,19,44]]
[[0,0,0],[1,0,0],[0,1,0],[14,39,44]]
[[0,0,0],[1,0,0],[0,2,0],[13,20,22]]
[[0,0,0],[1,0,0],[0,1,0],[11,12,44]]
[[0,0,0],[1,0,0],[0,1,0],[5,5,44]]
[[0,0,0],[1,0,0],[0,2,0],[8,8,22]]
[[0,0,0],[1,0,0],[0,1,0],[10,43,44]]
[[0,0,0],[1,0,0],[0,1,0],[12,1,44]]
[[0,0,0],[1,0,0],[0,1,0],[2,29,44]]
