[[0,0,0],[1,0,0],[0,1,0],[25,21,45]]
[[0,0,0],[1,0,0],[0,1,0],[5,14,45]]
[[0,0,0],[1,0,0],[0,1,0],[3,34,45]]
[[0,0,0],[1,0,0],[1,3,0],[1,3,15]]
[[0,0,0],[1,0,0],[0,1,0],[14,14,45]]
[[0,0,0],[1,0,0],[0,1,0],[21,7,45]]
[[0,0,0],[1,0,0],[0,1,0],[9,19,45]]
[[0,0,0],[1,0,0],[0,1,0],[8,19,45]]
[[0,0,0],[1,0,0],[0,1,0],[11,16,45]]
[[0,0,0],[1,0,0],[0,1,0],[40,21,45]]
[[0,0,0],[1,0,0],[0,1,0],[3,4,45]]
[[0,0,0],[1,0,0],[0,1,0],[15,16,45]]
[[0,0,0],[1,0,0],[0,1,0],[40,6,45]]
[[0,0,0],[1,0,0],[0,1,0],[20,26,45]]
[[0,0,0],[1,0,0],[0,1,0],[2,19,45]]
[[0,0,0],[1,0,0],[0,1,0],[4,17,45]]
[[0,0,0],[1,0,0],[0,1,0],[2,44,45]]
[[0,0,0],[1,0,0],[0,1,0],[3,33,45]]
[[0,0,0],[1,0,0],[0,1,0],[14,29,45]]
[[0,0,0],[1,0,0],[0,1,0],[14,16,45]]
[[0,0,0],[1,0,0],[1,3,0],[11,6,15]]
[[0,0,0],[1,0,0],[0,1,0],[9,28,45]]
[[0,0,0],[1,0,0],[0,1,0],[6,4,45]]
[[0,0,0],[3,0,0],[0,1,0],[0,1,15]]
[[0,0,0],[1,0,0],[0,1,0],[12,37,45]]
[[0,0,0],[1,0,0],[0,1,0],[3,31,45]]
[[0,0,0],[1,0,0],[0,1,0],[6,31,45]]
[[0,0,0],[1,0,0],[0,3,0],[7,3,15]]
[[0,0,0],[1,0,0],[0,1,0],[8,17,45]]
[[0,0,0],[1,0,0],[0,3,0],[11,3,15]]
[[0,0,0],[1,0,0],[1,3,0],[10,5,15]]
[[0,0,0],[1,0,0],[0,3,0],[11,6,15]]
[[0,0,0],[1,0,0],[0,1,0],[5,23,45]]
[[0,0,0],[1,0,0],[0,1,0],[7,14,45]]
[[0,0,0],[1,0,0],[0,1,0],[11,29,45]]
[[0,0,0],[1,0,0],[0,1,0],[25,6,45]]
[[0,0,0],[1,0,0],[0,1,0],[3,13,45]]
[[0,0,0],[1,0,0],[0,1,0],[21,28,45]]
[[0,0,0],[1,0,0],[1,3,0],[7,3,15]]
[[0,0,0],[1,0,0],[0,1,0],[8,8,45]]
[[0,0,0],[1,0,0],[0,1,0],[24,17,45]]
[[0,0,0],[1,0,0],[1,3,0],[4,3,15]]
[[0,0,0],[1,0,0],[1,3,0],[4,6,15]]
[[0,0,0],[1,0,0],[0,1,0],[3,23,45]]
[[0,0,0],[1,0,0],[0,1,0],[6,22,45]]
[[0,0,0],[1,0,0],[0,1,0],[12,14,45]]
[[0,0,0],[1,0,0],[0,1,0],[24,2,45]]
[[0,0,0],[1,0,0],[0,1,0],[22,44,45]]
[[0,0,0],[1,0,0],[0,1,0],[25,26,45]]
[[0,0,0],[1,0,0],[0,1,0],[2,16,45]]
[[0,0,0],[1,0,0],[0,1,0],[28,28,45]]
[[0,0,0],[1,0,0],[1,3,0],[11,9,15]]
[[0,0,0],[1,0,0],[0,1,0],[8,16,45]]
[[0,0,0],[1,0,0],[0,1,0],[2,26,45]]
[[0,0,0],[1,0,0],[0,1,0],[5,6,45]]
[[0,0,0],[1,0,0],[0,1,0],[14,44,45]]
[[0,0,0],[1,0,0],[0,1,0],[12,7,45]]
[[0,0,0],[1,0,0],[0,1,0],[5,1,45]]
[[0,0,0],[1,0,0],[0,1,0],[15,1,45]]
[[0,0,0],[1,0,0],[0,1,0],[25,41,45]]
[[0,0,0],[1,0,0],[0,3,0],[12,12,15]]
[[0,0,0],[1,0,0],[0,1,0],[33,28,45]]
[[0,0,0],[1,0,0],[0,1,0],[2,22,45]]
[[0,0,0],[1,0,0],[0,1,0],[1,1,45]]
[[0,0,0],[1,0,0],[0,3,0],[1,3,15]]
[[0,0,0],[1,0,0],[0,1,0],[2,13,45]]
[[0,0,0],[1,0,0],[0,1,0],[5,26,45]]
[[0,0,0],[1,0,0],[0,1,0],[1,14,45]]
[[0,0,0],[1,0,0],[0,1,0],[3,7,45]]
[[0,0,0],[1,0,0],[0,1,0],[6,34,45]]
[[0,0,0],[1,0,0],[0,1,0],[24,32,45]]
[[0,0,0],[3,0,0],[0,1,0],[0,11,15]]
[[0,0,0],[1,0,0],[0,3,0],[5,3,15]]
[[0,0,0],[1,0,0],[0,1,0],[5,32,45]]
[[0,0,0],[1,0,0],[0,1,0],[27,19,45]]
[[0,0,0],[1,0,0],[0,1,0],[6,19,45]]
[[0,0,0],[1,0,0],[0,1,0],[42,44,45]]
[[0,0,0],[1,0,0],[0,1,0],[3,16,45]]
[[0,0,0],[1,0,0],[0,1,0],[12,34,45]]
[[0,0,0],[1,0,0],[0,1,0],[3,8,45]]
[[0,0,0],[1,0,0],[0,1,0],[21,16,45]]
[[0,0,0],[1,0,0],[0,1,0],[20,31,45]]
[[0,0,0],[1,0,0],[0,1,0],[1,2,45]]
[[0,0,0],[1,0,0],[0,1,0],[12,19,45]]
[[0,0,0],[1,0,0],[0,1,0],[36,25,45]]
[[0,0,0],[1,0,0],[0,1,0],[24,4,45]]
[[0,0,0],[1,0,0],[0,1,0],[2,34,45]]
[[0,0,0],[1,0,0],[0,1,0],[0,1,45]]
[[0,0,0],[1,0,0],[0,1,0],[11,26,45]]
[[0,0,0],[1,0,0],[0,1,0],[40,42,45]]
[[0,0,0],[1,0,0],[0,1,0],[6,1,45]]
[[0,0,0],[1,0,0],[0,1,0],[2,2,45]]
[[0,0,0],[1,0,0],[0,1,0],[3,38,45]]
[[0,0,0],[1,0,0],[0,1,0],[7,13,45]]
[[0,0,0],[1,0,0],[0,1,0],[26,26,45]]
[[0,0,0],[1,0,0],[0,1,0],[40,24,45]]
[[0,0,0],[1,0,0],[0,1,0],[8,14,45]]
[[0,0,0],[1,0,0],[0,1,0],[11,44,45]]
[[0,0,0],[1,0,0],[0,1,0],[35,21,45]]
[[0,0,0],[1,0,0],[0,1,0],[12,4,45]]
[[0,0,0],[1,0,0],[0,1,0],[33,33,45]]
[[0,0,0],[1,0,0],[0,1,0],[2,17,45]]
[[0,0,0],[1,0,0],[0,1,0],[4,8,45]]
[[0,0,0],[1,0,0],[0,1,0],[2,8,45]]
[[0,0,0],[1,0,0],[0,1,0],[20,44,45]]
[[0,0,0],[1,0,0],[0,1,0],[11,11,45]]
[[0,0,0],[1,0,0],[0,1,0],[12,24,45]]
[[0,0,0],[1,0,0],[0,1,0],[9,7,45]]
[[0,0,0],[1,0,0],[0,1,0],[1,8,45]]
[[0,0,0],[1,0,0],[0,1,0],[20,11,45]]
[[0,0,0],[1,0,0],[0,1,0],[44,44,45]]
[[0,0,0],[1,0,0],[0,1,0],[25,39,45]]
[[0,0,0],[1,0,0],[0,3,0],[3,9,15]]
[[0,0,0],[1,0,0],[0,1,0],[2,7,45]]
[[0,0,0],[1,0,0],[0,1,0],[36,10,45]]
[[0,0,0],[1,0,0],[0,1,0],[12,39,45]]
[[0,0,0],[1,0,0],[0,1,0],[7,44,45]]
[[0,0,0],[1,0,0],[0,3,0],[14,6,15]]
[[0,0,0],[1,0,0],[0,3,0],[1,6,15]]
[[0,0,0],[1,0,0],[0,1,0],[11,14,45]]
[[0,0,0],[1,0,0],[0,1,0],[8,28,45]]
[[0,0,0],[1,0,0],[0,3,0],[14,9,15]]
[[0,0,0],[1,0,0],[1,3,0],[13,12,15]]
[[0,0,0],[1,0,0],[0,1,0],[6,16,45]]
[[0,0,0],[1,0,0],[1,3,0],[1,6,15]]
[[0,0,0],[1,0,0],[0,1,0],[33,13,45]]
[[0,0,0],[1,0,0],[0,1,0],[9,37,45]]
[[0,0,0],[1,0,0],[0,1,0],[8,32,45]]
[[0,0,0],[3,0,0],[0,1,0],[5,1,15]]
[[0,0,0],[1,0,0],[0,1,0],[5,41,45]]
[[0,0,0],[1,0,0],[0,1,0],[1,7,45]]
[[0,0,0],[1,0,0],[0,1,0],[2,4,45]]
[[0,0,0],[1,0,0],[0,1,0],[20,1,45]]
[[0,0,0],[1,0,0],[0,1,0],[18,1,45]]
[[0,0,0],[1,0,0],[0,1,0],[3,43,45]]
[[0,0,0],[1,0,0],[0,3,0],[4,6,15]]
[[0,0,0],[1,0,0],[0,1,0],[1,19,45]]
[[0,0,0],[1,0,0],[0,1,0],[32,44,45]]
[[0,0,0],[1,0,0],[0,1,0],[4,32,45]]
[[0,0,0],[1,0,0],[0,1,0],[2,14,45]]
[[0,0,0],[1,0,0],[0,1,0],[3,1,45]]
[[0,0,0],[1,0,0],[0,1,0],[9,10,45]]
[[0,0,0],[1,0,0],[0,1,0],[8,11,45]]
[[0,0,0],[1,0,0],[0,1,0],[21,1,45]]
[[0,0,0],[1,0,0],[0,1,0],[20,35,45]]
[[0,0,0],[1,0,0],[0,3,0],[14,3,15]]
[[0,0,0],[1,0,0],[0,1,0],[7,29,45]]
[[0,0,0],[1,0,0],[0,1,0],[5,16,45]]
[[0,0,0],[1,0,0],[0,1,0],[5,21,45]]
[[0,0,0],[1,0,0],[0,1,0],[9,22,45]]
[[0,0,0],[1,0,0],[0,3,0],[2,3,15]]
[[0,0,0],[1,0,0],[0,1,0],[36,19,45]]
[[0,0,0],[1,0,0],[0,1,0],[26,28,45]]
[[0,0,0],[1,0,0],[0,1,0],[1,4,45]]
[[0,0,0],[1,0,0],[0,1,0],[2,23,45]]
[[0,0,0],[1,0,0],[0,1,0],[20,6,45]]
[[0,0,0],[5,0,0],[0,1,0],[0,1,9]]
[[0,0,0],[1,0,0],[0,1,0],[39,43,45]]
[[0,0,0],[1,0,0],[0,1,0],[35,26,45]]
[[0,0,0],[1,0,0],[0,3,0],[4,3,15]]
[[0,0,0],[1,0,0],[0,1,0],[3,37,45]]
[[0,0,0],[1,0,0],[0,1,0],[2,38,45]]
[[0,0,0],[1,0,0],[0,1,0],[27,4,45]]
[[0,0,0],[1,0,0],[0,3,0],[7,12,15]]
[[0,0,0],[1,0,0],[0,3,0],[2,6,15]]
[[0,0,0],[1,0,0],[0,1,0],[10,21,45]]
[[0,0,0],[1,0,0],[0,1,0],[14,22,45]]
[[0,0,0],[1,0,0],[0,1,0],[3,28,45]]
[[0,0,0],[1,0,0],[0,1,0],[9,1,45]]
[[0,0,0],[1,0,0],[0,1,0],[11,32,45]]
[[0,0,0],[3,0,0],[0,1,0],[0,6,15]]
[[0,0,0],[1,0,0],[0,1,0],[2,11,45]]
[[0,0,0],[1,0,0],[0,1,0],[8,44,45]]
[[0,0,0],[1,0,0],[0,1,0],[12,44,45]]
[[0,0,0],[3,0,0],[0,1,0],[5,11,15]]
[[0,0,0],[1,0,0],[0,1,0],[4,7,45]]
[[0,0,0],[1,0,0],[0,1,0],[3,22,45]]
[[0,0,0],[1,0,0],[0,1,0],[15,31,45]]
[[0,0,0],[1,0,0],[0,3,0],[10,3,15]]
[[0,0,0],[1,0,0],[0,1,0],[12,16,45]]
[[0,0,0],[1,0,0],[0,1,0],[5,11,45]]
[[0,0,0],[1,0,0],[0,1,0],[10,11,45]]
[[0,0,0],[1,0,0],[0,1,0],[18,10,45]]
[[0,0,0],[1,0,0],[0,1,0],[4,22,45]]
[[0,0,0],[1,0,0],[0,1,0],[18,37,45]]
[[0,0,0],[1,0,0],[0,1,0],[25,12,45]]
[[0,0,0],[1,0,0],[0,1,0],[10,6,45]]
[[0,0,0],[1,0,0],[0,1,0],[10,1,45]]
[[0,0,0],[1,0,0],[0,1,0],[20,8,45]]
[[0,0,0],[1,0,0],[0,1,0],[5,31,45]]
[[0,0,0],[1,0,0],[0,1,0],[7,11,45]]
[[0,0,0],[1,0,0],[0,1,0],[42,14,45]]
[[0,0,0],[1,0,0],[0,3,0],[4,9,15]]
[[0,0,0],[1,0,0],[0,1,0],[39,13,45]]
[[0,0,0],[1,0,0],[0,1,0],[36,40,45]]
[[0,0,0],[1,0,0],[0,1,0],[3,3,45]]
[[0,0,0],[1,0,0],[0,1,0],[2,32,45]]
[[0,0,0],[1,0,0],[0,1,0],[32,32,45]]
[[0,0,0],[1,0,0],[0,1,0],[25,3,45]]
[[0,0,0],[1,0,0],[0,1,0],[4,4,45]]
[[0,0,0],[1,0,0],[0,1,0],[40,33,45]]
[[0,0,0],[1,0,0],[0,1,0],[21,43,45]]
[[0,0,0],[1,0,0],[0,1,0],[6,7,45]]
[[0,0,0],[1,0,0],[0,3,0],[2,12,15]]
[[0,0,0],[1,0,0],[0,1,0],[39,42,45]]
[[0,0,0],[1,0,0],[0,1,0],[24,42,45]]
[[0,0,0],[1,0,0],[0,1,0],[3,19,45]]
[[0,0,0],[1,0,0],[0,1,0],[33,43,45]]
[[0,0,0],[1,0,0],[0,1,0],[19,22,45]]
[[0,0,0],[1,0,0],[0,1,0],[10,26,45]]
[[0,0,0],[1,0,0],[0,1,0],[12,22,45]]
[[0,0,0],[1,0,0],[0,1,0],[8,38,45]]
[[0,0,0],[1,0,0],[0,1,0],[4,11,45]]
[[0,0,0],[1,0,0],[0,1,0],[5,5,45]]
[[0,0,0],[1,0,0],[0,1,0],[2,29,45]]
[[0,0,0],[1,0,0],[0,1,0],[4,14,45]]
[[0,0,0],[1,0,0],[0,1,0],[12,1,45]]
[[0,0,0],[1,0,0],[2,3,0],[2,3,15]]
