[[0,0,0],[1,0,0],[0,1,0],[12,1,46]]
[[0,0,0],[1,0,0],[0,1,0],[10,43,46]]
[[0,0,0],[1,0,0],[0,1,0],[3,21,46]]
[[0,0,0],[1,0,0],[0,1,0],[2,33,46]]
[[0,0,0],[1,0,0],[0,1,0],[12,5,46]]
[[0,0,0],[1,0,0],[0,1,0],[26,44,46]]
[[0,0,0],[1,0,0],[0,1,0],[23,1,46]]
[[0,0,0],[1,0,0],[0,1,0],[8,27,46]]
[[0,0,0],[1,0,0],[0,1,0],[4,33,46]]
[[0,0,0],[1,0,0],[0,1,0],[6,9,46]]
[[0,0,0],[1,0,0],[0,1,0],[2,19,46]]
[[0,0,0],[1,0,0],[0,1,0],[4,17,46]]
[[0,0,0],[1,0,0],[0,1,0],[14,19,46]]
[[0,0,0],[1,0,0],[0,1,0],[14,9,46]]
[[0,0,0],[1,0,0],[0,1,0],[4,29,46]]
[[0,0,0],[1,0,0],[0,1,0],[26,21,46]]
[[0,0,0],[1,0,0],[0,1,0],[6,31,46]]
[[0,0,0],[1,0,0],[0,1,0],[12,35,46]]
[[0,0,0],[1,0,0],[0,1,0],[8,17,46]]
[[0,0,0],[1,0,0],[0,1,0],[10,7,46]]
[[0,0,0],[1,0,0],[0,1,0],[10,15,46]]
[[0,0,0],[1,0,0],[0,1,0],[10,17,46]]
[[0,0,0],[1,0,0],[0,1,0],[22,43,46]]
[[0,0,0],[1,0,0],[0,1,0],[2,41,46]]
[[0,0,0],[1,0,0],[0,1,0],[20,45,46]]
[[0,0,0],[1,0,0],[0,1,0],[6,15,46]]
[[0,0,0],[1,0,0],[0,1,0],[30,19,46]]
[[0,0,0],[1,0,0],[0,1,0],[6,25,46]]
[[0,0,0],[1,0,0],[0,1,0],[5,43,46]]
[[0,0,0],[1,0,0],[0,1,0],[18,45,46]]
[[0,0,0],[1,0,0],[0,1,0],[10,37,46]]
[[0,0,0],[1,0,0],[0,1,0],[6,3,46]]
[[0,0,0],[1,0,0],[0,1,0],[22,45,46]]
[[0,0,0],[1,0,0],[0,1,0],[28,42,46]]
[[0,0,0],[1,0,0],[0,1,0],[12,3,46]]
[[0,0,0],[1,0,0],[0,1,0],[10,27,46]]
[[0,0,0],[1,0,0],[0,1,0],[26,41,46]]
[[0,0,0],[1,0,0],[0,1,0],[3,17,46]]
[[0,0,0],[1,0,0],[0,1,0],[8,13,46]]
[[0,0,0],[1,0,0],[0,1,0],[10,45,46]]
[[0,0,0],[1,0,0],[0,1,0],[2,43,46]]
[[0,0,0],[1,0,0],[0,1,0],[9,15,46]]
[[0,0,0],[1,0,0],[0,1,0],[26,27,46]]
[[0,0,0],[1,0,0],[0,1,0],[4,31,46]]
[[0,0,0],[1,0,0],[0,1,0],[6,45,46]]
[[0,0,0],[1,0,0],[0,1,0],[12,9,46]]
[[0,0,0],[1,0,0],[0,1,0],[16,7,46]]
[[0,0,0],[1,0,0],[0,1,0],[2,27,46]]
[[0,0,0],[1,0,0],[0,1,0],[8,3,46]]
[[0,0,0],[1,0,0],[0,1,0],[6,41,46]]
[[0,0,0],[1,0,0],[0,1,0],[10,25,46]]
[[0,0,0],[1,0,0],[0,1,0],[8,16,46]]
[[0,0,0],[1,0,0],[0,1,0],[7,41,46]]
[[0,0,0],[1,0,0],[0,1,0],[12,7,46]]
[[0,0,0],[1,0,0],[0,1,0],[16,9,46]]
[[0,0,0],[1,0,0],[0,1,0],[20,3,46]]
[[0,0,0],[1,0,0],[0,1,0],[22,39,46]]
[[0,0,0],[1,0,0],[0,1,0],[3,11,46]]
[[0,0,0],[1,0,0],[0,1,0],[26,35,46]]
[[0,0,0],[1,0,0],[0,1,0],[5,7,46]]
[[0,0,0],[1,0,0],[0,1,0],[2,3,46]]
[[0,0,0],[1,0,0],[0,1,0],[9,39,46]]
[[0,0,0],[1,0,0],[0,1,0],[6,27,46]]
[[0,0,0],[1,0,0],[0,1,0],[2,22,46]]
[[0,0,0],[1,0,0],[0,1,0],[32,17,46]]
[[0,0,0],[1,0,0],[0,1,0],[8,39,46]]
[[0,0,0],[1,0,0],[0,1,0],[2,13,46]]
[[0,0,0],[1,0,0],[0,1,0],[1,1,46]]
[[0,0,0],[1,0,0],[0,1,0],[4,43,46]]
[[0,0,0],[1,0,0],[0,1,0],[4,9,46]]
[[0,0,0],[1,0,0],[0,1,0],[3,7,46]]
[[0,0,0],[1,0,0],[0,1,0],[3,9,46]]
[[0,0,0],[1,0,0],[0,1,0],[32,38,46]]
[[0,0,0],[1,0,0],[0,1,0],[14,33,46]]
[[0,0,0],[1,0,0],[0,1,0],[13,35,46]]
[[0,0,0],[1,0,0],[0,1,0],[2,39,46]]
[[0,0,0],[1,0,0],[0,1,0],[6,19,46]]
[[0,0,0],[1,0,0],[0,1,0],[2,25,46]]
[[0,0,0],[1,0,0],[0,1,0],[4,13,46]]
[[0,0,0],[1,0,0],[0,1,0],[34,21,46]]
[[0,0,0],[1,0,0],[0,1,0],[4,39,46]]
[[0,0,0],[1,0,0],[0,1,0],[12,45,46]]
[[0,0,0],[1,0,0],[0,1,0],[4,19,46]]
[[0,0,0],[1,0,0],[0,1,0],[7,7,46]]
[[0,0,0],[1,0,0],[0,1,0],[16,31,46]]
[[0,0,0],[1,0,0],[0,1,0],[16,41,46]]
[[0,0,0],[1,0,0],[0,1,0],[6,1,46]]
[[0,0,0],[1,0,0],[0,1,0],[0,1,46]]
[[0,0,0],[1,0,0],[0,1,0],[16,45,46]]
[[0,0,0],[1,0,0],[0,1,0],[22,1,46]]
[[0,0,0],[1,0,0],[0,1,0],[14,37,46]]
[[0,0,0],[1,0,0],[0,1,0],[4,20,46]]
[[0,0,0],[1,0,0],[0,1,0],[14,3,46]]
[[0,0,0],[1,0,0],[0,1,0],[1,11,46]]
[[0,0,0],[1,0,0],[0,1,0],[10,14,46]]
[[0,0,0],[1,0,0],[0,1,0],[30,40,46]]
[[0,0,0],[1,0,0],[0,1,0],[5,9,46]]
[[0,0,0],[1,0,0],[0,1,0],[8,5,46]]
[[0,0,0],[1,0,0],[0,1,0],[14,45,46]]
[[0,0,0],[1,0,0],[0,1,0],[34,36,46]]
[[0,0,0],[1,0,0],[0,1,0],[14,7,46]]
[[0,0,0],[1,0,0],[0,1,0],[26,29,46]]
[[0,0,0],[1,0,0],[0,1,0],[4,37,46]]
[[0,0,0],[1,0,0],[0,1,0],[5,15,46]]
[[0,0,0],[1,0,0],[0,1,0],[2,17,46]]
[[0,0,0],[1,0,0],[0,1,0],[8,43,46]]
[[0,0,0],[1,0,0],[0,1,0],[6,35,46]]
[[0,0,0],[1,0,0],[0,1,0],[10,13,46]]
[[0,0,0],[1,0,0],[0,1,0],[1,5,46]]
[[0,0,0],[2,0,0],[0,1,0],[0,1,23]]
[[0,0,0],[1,0,0],[0,1,0],[11,11,46]]
[[0,0,0],[1,0,0],[0,1,0],[5,19,46]]
[[0,0,0],[1,0,0],[0,1,0],[8,15,46]]
[[0,0,0],[1,0,0],[0,1,0],[2,9,46]]
[[0,0,0],[1,0,0],[0,1,0],[8,9,46]]
[[0,0,0],[1,0,0],[0,1,0],[2,7,46]]
[[0,0,0],[1,0,0],[0,1,0],[25,45,46]]
[[0,0,0],[1,0,0],[0,1,0],[28,35,46]]
[[0,0,0],[1,0,0],[0,1,0],[2,45,46]]
[[0,0,0],[1,0,0],[0,1,0],[10,5,46]]
[[0,0,0],[1,0,0],[0,1,0],[20,33,46]]
[[0,0,0],[1,0,0],[0,1,0],[8,1,46]]
[[0,0,0],[1,0,0],[0,1,0],[16,11,46]]
[[0,0,0],[1,0,0],[0,1,0],[2,5,46]]
[[0,0,0],[1,0,0],[0,1,0],[18,29,46]]
[[0,0,0],[1,0,0],[0,1,0],[23,24,46]]
[[0,0,0],[1,0,0],[0,1,0],[2,1,46]]
[[0,0,0],[1,0,0],[0,1,0],[6,29,46]]
[[0,0,0],[1,0,0],[0,1,0],[1,17,46]]
[[0,0,0],[1,0,0],[0,1,0],[1,7,46]]
[[0,0,0],[1,0,0],[0,1,0],[18,1,46]]
[[0,0,0],[1,0,0],[0,1,0],[20,1,46]]
[[0,0,0],[1,0,0],[0,1,0],[6,21,46]]
[[0,0,0],[1,0,0],[0,1,0],[18,39,46]]
[[0,0,0],[1,0,0],[0,1,0],[28,19,46]]
[[0,0,0],[1,0,0],[0,1,0],[13,17,46]]
[[0,0,0],[1,0,0],[0,1,0],[12,12,46]]
[[0,0,0],[1,0,0],[0,1,0],[4,25,46]]
[[0,0,0],[1,0,0],[0,1,0],[14,11,46]]
[[0,0,0],[1,0,0],[0,1,0],[30,21,46]]
[[0,0,0],[1,0,0],[0,1,0],[8,45,46]]
[[0,0,0],[1,0,0],[0,1,0],[14,5,46]]
[[0,0,0],[1,0,0],[0,1,0],[6,11,46]]
[[0,0,0],[1,0,0],[0,1,0],[10,19,46]]
[[0,0,0],[1,0,0],[0,1,0],[8,11,46]]
[[0,0,0],[1,0,0],[0,1,0],[3,5,46]]
[[0,0,0],[1,0,0],[0,1,0],[4,1,46]]
[[0,0,0],[1,0,0],[0,1,0],[3,15,46]]
[[0,0,0],[1,0,0],[0,1,0],[2,15,46]]
[[0,0,0],[1,0,0],[0,1,0],[24,25,46]]
[[0,0,0],[1,0,0],[0,1,0],[14,1,46]]
[[0,0,0],[1,0,0],[0,1,0],[4,27,46]]
[[0,0,0],[1,0,0],[0,1,0],[18,11,46]]
[[0,0,0],[1,0,0],[0,1,0],[2,31,46]]
[[0,0,0],[1,0,0],[0,1,0],[8,41,46]]
[[0,0,0],[1,0,0],[0,1,0],[18,3,46]]
[[0,0,0],[1,0,0],[0,1,0],[4,35,46]]
[[0,0,0],[1,0,0],[0,1,0],[2,21,46]]
[[0,0,0],[1,0,0],[0,1,0],[2,37,46]]
[[0,0,0],[1,0,0],[0,1,0],[24,27,46]]
[[0,0,0],[1,0,0],[0,1,0],[6,18,46]]
[[0,0,0],[1,0,0],[0,1,0],[16,43,46]]
[[0,0,0],[1,0,0],[0,1,0],[24,45,46]]
[[0,0,0],[1,0,0],[0,1,0],[4,7,46]]
[[0,0,0],[1,0,0],[0,1,0],[12,13,46]]
[[0,0,0],[1,0,0],[0,1,0],[2,11,46]]
[[0,0,0],[1,0,0],[0,1,0],[4,45,46]]
[[0,0,0],[1,0,0],[0,1,0],[1,3,46]]
[[0,0,0],[1,0,0],[0,1,0],[2,35,46]]
[[0,0,0],[1,0,0],[0,1,0],[9,17,46]]
[[0,0,0],[1,0,0],[0,1,0],[4,15,46]]
[[0,0,0],[1,0,0],[0,1,0],[16,13,46]]
[[0,0,0],[1,0,0],[0,1,0],[6,13,46]]
[[0,0,0],[1,0,0],[0,1,0],[7,19,46]]
[[0,0,0],[1,0,0],[0,1,0],[8,31,46]]
[[0,0,0],[1,0,0],[0,1,0],[8,25,46]]
[[0,0,0],[1,0,0],[0,1,0],[16,1,46]]
[[0,0,0],[1,0,0],[0,1,0],[12,15,46]]
[[0,0,0],[1,0,0],[0,1,0],[4,5,46]]
[[0,0,0],[1,0,0],[0,1,0],[10,1,46]]
[[0,0,0],[1,0,0],[0,1,0],[18,5,46]]
[[0,0,0],[1,0,0],[0,1,0],[3,3,46]]
[[0,0,0],[1,0,0],[0,1,0],[3,45,46]]
[[0,0,0],[1,0,0],[0,1,0],[28,37,46]]
[[0,0,0],[1,0,0],[0,1,0],[6,7,46]]
[[0,0,0],[1,0,0],[0,1,0],[4,11,46]]
[[0,0,0],[1,0,0],[0,1,0],[20,7,46]]
[[0,0,0],[1,0,0],[0,1,0],[3,19,46]]
[[0,0,0],[1,0,0],[0,1,0],[2,29,46]]
[[0,0,0],[1,0,0],[0,1,0],[5,5,46]]
