[[0,0,0],[1,0,0],[0,1,0],[36,16,51]]
[[0,0,0],[1,0,0],[0,1,0],[3,4,51]]
[[0,0,0],[1,0,0],[0,1,0],[5,5,51]]
[[0,0,0],[1,0,0],[0,1,0],[30,43,51]]
[[0,0,0],[1,0,0],[0,1,0],[6,7,51]]
[[0,0,0],[1,0,0],[0,1,0],[9,19,51]]
[[0,0,0],[1,0,0],[0,1,0],[4,11,51]]
[[0,0,0],[1,0,0],[0,1,0],[15,16,51]]
[[0,0,0],[1,0,0],[0,1,0],[12,1,51]]
[[0,0,0],[1,0,0],[0,1,0],[2,44,51]]
[[0,0,0],[1,0,0],[0,1,0],[3,19,51]]
[[0,0,0],[1,0,0],[0,1,0],[2,29,51]]
[[0,0,0],[1,0,0],[0,1,0],[5,14,51]]
[[0,0,0],[1,0,0],[0,1,0],[27,28,51]]
[[0,0,0],[1,0,0],[0,1,0],[2,50,51]]
[[0,0,0],[1,0,0],[0,1,0],[2,19,51]]
[[0,0,0],[1,0,0],[0,1,0],[39,47,51]]
[[0,0,0],[1,0,0],[0,1,0],[5,29,51]]
[[0,0,0],[3,0,0],[0,1,0],[0,1,17]]
[[0,0,0],[1,0,0],[0,1,0],[11,50,51]]
[[0,0,0],[1,0,0],[0,1,0],[6,25,51]]
[[0,0,0],[1,0,0],[0,1,0],[3,31,51]]
[[0,0,0],[1,0,0],[0,1,0],[21,37,51]]
[[0,0,0],[1,0,0],[0,1,0],[33,36,51]]
[[0,0,0],[1,0,0],[0,1,0],[3,25,51]]
[[0,0,0],[1,0,0],[0,1,0],[21,14,51]]
[[0,0,0],[1,0,0],[0,1,0],[9,28,51]]
[[0,0,0],[1,0,0],[0,1,0],[9,25,51]]
[[0,0,0],[1,0,0],[0,1,0],[3,13,51]]
[[0,0,0],[1,0,0],[0,1,0],[6,4,51]]
[[0,0,0],[1,0,0],[0,1,0],[35,38,51]]
[[0,0,0],[1,0,0],[0,1,0],[6,22,51]]
[[0,0,0],[1,0,0],[0,1,0],[18,16,51]]
[[0,0,0],[1,0,0],[0,1,0],[5,8,51]]
[[0,0,0],[1,0,0],[0,1,0],[2,41,51]]
[[0,0,0],[1,0,0],[0,1,0],[6,31,51]]
[[0,0,0],[1,0,0],[0,1,0],[7,14,51]]
[[0,0,0],[1,0,0],[0,1,0],[2,16,51]]
[[0,0,0],[1,0,0],[0,1,0],[5,49,51]]
[[0,0,0],[1,0,0],[0,1,0],[30,22,51]]
[[0,0,0],[1,0,0],[0,1,0],[12,23,51]]
[[0,0,0],[1,0,0],[0,1,0],[12,28,51]]
[[0,0,0],[1,0,0],[0,1,0],[11,38,51]]
[[0,0,0],[1,0,0],[0,1,0],[15,22,51]]
[[0,0,0],[1,0,0],[0,1,0],[15,10,51]]
[[0,0,0],[1,0,0],[0,1,0],[8,10,51]]
[[0,0,0],[1,0,0],[0,1,0],[15,1,51]]
[[0,0,0],[1,0,0],[0,1,0],[4,10,51]]
[[0,0,0],[1,0,0],[0,1,0],[10,25,51]]
[[0,0,0],[1,0,0],[0,1,0],[8,8,51]]
[[0,0,0],[1,0,0],[0,1,0],[19,35,51]]
[[0,0,0],[1,0,0],[0,1,0],[11,35,51]]
[[0,0,0],[1,0,0],[0,1,0],[1,16,51]]
[[0,0,0],[1,0,0],[0,1,0],[21,31,51]]
[[0,0,0],[1,0,0],[0,1,0],[18,4,51]]
[[0,0,0],[1,0,0],[0,1,0],[4,31,51]]
[[0,0,0],[1,0,0],[0,1,0],[20,38,51]]
[[0,0,0],[1,0,0],[0,1,0],[5,20,51]]
[[0,0,0],[1,0,0],[0,1,0],[9,9,51]]
[[0,0,0],[1,0,0],[0,1,0],[2,13,51]]
[[0,0,0],[1,0,0],[0,1,0],[3,7,51]]
[[0,0,0],[1,0,0],[0,1,0],[5,7,51]]
[[0,0,0],[1,0,0],[0,1,0],[39,16,51]]
[[0,0,0],[1,0,0],[0,1,0],[27,43,51]]
[[0,0,0],[1,0,0],[0,1,0],[5,32,51]]
[[0,0,0],[1,0,0],[0,1,0],[27,49,51]]
[[0,0,0],[1,0,0],[0,1,0],[2,26,51]]
[[0,0,0],[1,0,0],[0,1,0],[12,7,51]]
[[0,0,0],[1,0,0],[0,1,0],[6,40,51]]
[[0,0,0],[1,0,0],[0,1,0],[15,19,51]]
[[0,0,0],[1,0,0],[0,1,0],[30,28,51]]
[[0,0,0],[1,0,0],[0,1,0],[34,18,51]]
[[0,0,0],[1,0,0],[0,1,0],[24,1,51]]
[[0,0,0],[1,0,0],[0,1,0],[8,50,51]]
[[0,0,0],[1,0,0],[0,1,0],[6,19,51]]
[[0,0,0],[1,0,0],[0,1,0],[2,25,51]]
[[0,0,0],[1,0,0],[0,1,0],[9,13,51]]
[[0,0,0],[1,0,0],[0,1,0],[2,10,51]]
[[0,0,0],[1,0,0],[0,1,0],[0,1,51]]
[[0,0,0],[1,0,0],[0,1,0],[1,1,51]]
[[0,0,0],[1,0,0],[0,1,0],[2,22,51]]
[[0,0,0],[1,0,0],[0,1,0],[4,13,51]]
[[0,0,0],[1,0,0],[0,1,0],[5,22,51]]
[[0,0,0],[1,0,0],[0,1,0],[24,4,51]]
[[0,0,0],[1,0,0],[0,1,0],[2,20,51]]
[[0,0,0],[1,0,0],[0,1,0],[9,46,51]]
[[0,0,0],[1,0,0],[0,1,0],[8,14,51]]
[[0,0,0],[1,0,0],[0,1,0],[3,16,51]]
[[0,0,0],[1,0,0],[0,1,0],[7,7,51]]
[[0,0,0],[1,0,0],[0,1,0],[12,19,51]]
[[0,0,0],[1,0,0],[0,1,0],[24,31,51]]
[[0,0,0],[1,0,0],[0,1,0],[6,10,51]]
[[0,0,0],[1,0,0],[0,1,0],[1,2,51]]
[[0,0,0],[1,0,0],[0,1,0],[2,2,51]]
[[0,0,0],[1,0,0],[0,1,0],[36,50,51]]
[[0,0,0],[1,0,0],[0,1,0],[35,35,51]]
[[0,0,0],[1,0,0],[0,1,0],[21,40,51]]
[[0,0,0],[1,0,0],[0,1,0],[16,16,51]]
[[0,0,0],[1,0,0],[0,1,0],[1,11,51]]
[[0,0,0],[1,0,0],[0,1,0],[4,8,51]]
[[0,0,0],[1,0,0],[0,1,0],[2,7,51]]
[[0,0,0],[1,0,0],[0,1,0],[15,49,51]]
[[0,0,0],[1,0,0],[0,1,0],[6,1,51]]
[[0,0,0],[1,0,0],[0,1,0],[4,19,51]]
[[0,0,0],[1,0,0],[0,1,0],[2,8,51]]
[[0,0,0],[1,0,0],[0,1,0],[50,50,51]]
[[0,0,0],[1,0,0],[0,1,0],[17,35,51]]
[[0,0,0],[1,0,0],[0,1,0],[3,32,51]]
[[0,0,0],[1,0,0],[0,1,0],[2,5,51]]
[[0,0,0],[1,0,0],[0,1,0],[29,50,51]]
[[0,0,0],[1,0,0],[0,1,0],[21,46,51]]
[[0,0,0],[1,0,0],[0,1,0],[5,19,51]]
[[0,0,0],[1,0,0],[0,1,0],[4,20,51]]
[[0,0,0],[1,0,0],[0,1,0],[12,4,51]]
[[0,0,0],[1,0,0],[0,1,0],[10,14,51]]
[[0,0,0],[1,0,0],[0,1,0],[6,16,51]]
[[0,0,0],[1,0,0],[0,1,0],[1,5,51]]
[[0,0,0],[1,0,0],[0,1,0],[1,7,51]]
[[0,0,0],[1,0,0],[0,1,0],[11,44,51]]
[[0,0,0],[1,0,0],[0,1,0],[4,16,51]]
[[0,0,0],[1,0,0],[0,1,0],[3,43,51]]
[[0,0,0],[1,0,0],[0,1,0],[3,10,51]]
[[0,0,0],[1,0,0],[0,1,0],[20,50,51]]
[[0,0,0],[1,0,0],[0,1,0],[11,11,51]]
[[0,0,0],[1,0,0],[0,1,0],[6,29,51]]
[[0,0,0],[1,0,0],[0,1,0],[28,35,51]]
[[0,0,0],[1,0,0],[0,1,0],[5,47,51]]
[[0,0,0],[1,0,0],[0,1,0],[5,38,51]]
[[0,0,0],[1,0,0],[0,1,0],[1,8,51]]
[[0,0,0],[1,0,0],[0,1,0],[9,16,51]]
[[0,0,0],[1,0,0],[0,1,0],[2,4,51]]
[[0,0,0],[1,0,0],[0,1,0],[6,46,51]]
[[0,0,0],[1,0,0],[0,1,0],[2,14,51]]
[[0,0,0],[1,0,0],[0,1,0],[8,32,51]]
[[0,0,0],[1,0,0],[0,1,0],[30,5,51]]
[[0,0,0],[1,0,0],[0,1,0],[4,23,51]]
[[0,0,0],[1,0,0],[0,1,0],[38,38,51]]
[[0,0,0],[1,0,0],[0,1,0],[3,1,51]]
[[0,0,0],[1,0,0],[0,1,0],[9,10,51]]
[[0,0,0],[1,0,0],[0,1,0],[38,50,51]]
[[0,0,0],[1,0,0],[0,1,0],[7,20,51]]
[[0,0,0],[1,0,0],[0,1,0],[5,35,51]]
[[0,0,0],[1,0,0],[0,1,0],[19,50,51]]
[[0,0,0],[1,0,0],[0,1,0],[27,42,51]]
[[0,0,0],[1,0,0],[0,1,0],[9,49,51]]
[[0,0,0],[1,0,0],[0,1,0],[5,44,51]]
[[0,0,0],[1,0,0],[0,1,0],[3,40,51]]
[[0,0,0],[1,0,0],[0,1,0],[7,28,51]]
[[0,0,0],[1,0,0],[0,1,0],[24,40,51]]
[[0,0,0],[1,0,0],[0,1,0],[12,40,51]]
[[0,0,0],[1,0,0],[0,1,0],[18,1,51]]
[[0,0,0],[1,0,0],[0,1,0],[9,26,51]]
[[0,0,0],[1,0,0],[0,1,0],[5,50,51]]
[[0,0,0],[1,0,0],[0,1,0],[9,1,51]]
[[0,0,0],[1,0,0],[0,1,0],[3,28,51]]
[[0,0,0],[1,0,0],[0,1,0],[7,47,51]]
[[0,0,0],[1,0,0],[0,1,0],[2,23,51]]
[[0,0,0],[1,0,0],[0,1,0],[4,7,51]]
[[0,0,0],[1,0,0],[0,1,0],[8,44,51]]
[[0,0,0],[1,0,0],[0,1,0],[2,38,51]]
[[0,0,0],[1,0,0],[0,1,0],[34,35,51]]
[[0,0,0],[1,0,0],[0,1,0],[6,37,51]]
[[0,0,0],[1,0,0],[0,1,0],[3,15,51]]
[[0,0,0],[1,0,0],[0,1,0],[2,11,51]]
[[0,0,0],[1,0,0],[0,1,0],[6,12,51]]
[[0,0,0],[1,0,0],[0,1,0],[21,1,51]]
[[0,0,0],[1,0,0],[0,1,0],[20,29,51]]
[[0,0,0],[1,0,0],[0,1,0],[1,20,51]]
[[0,0,0],[1,0,0],[0,1,0],[3,37,51]]
[[0,0,0],[1,0,0],[0,1,0],[1,4,51]]
[[0,0,0],[1,0,0],[0,1,0],[5,11,51]]
[[0,0,0],[1,0,0],[0,1,0],[12,16,51]]
[[0,0,0],[1,0,0],[0,1,0],[7,46,51]]
[[0,0,0],[1,0,0],[0,1,0],[8,23,51]]
[[0,0,0],[1,0,0],[0,1,0],[3,49,51]]
[[0,0,0],[1,0,0],[0,1,0],[11,23,51]]
[[0,0,0],[1,0,0],[0,1,0],[3,46,51]]
[[0,0,0],[1,0,0],[0,1,0],[42,16,51]]
[[0,0,0],[1,0,0],[0,1,0],[20,20,51]]
[[0,0,0],[1,0,0],[0,1,0],[8,20,51]]
[[0,0,0],[1,0,0],[0,1,0],[21,49,51]]
[[0,0,0],[1,0,0],[0,1,0],[30,39,51]]
[[0,0,0],[1,0,0],[0,1,0],[18,37,51]]
[[0,0,0],[1,0,0],[0,1,0],[3,22,51]]
[[0,0,0],[1,0,0],[0,1,0],[24,45,51]]
[[0,0,0],[1,0,0],[0,1,0],[21,7,51]]
[[0,0,0],[1,0,0],[0,1,0],[25,44,51]]
[[0,0,0],[1,0,0],[0,1,0],[2,35,51]]
[[0,0,0],[1,0,0],[0,1,0],[12,22,51]]
[[0,0,0],[1,0,0],[0,1,0],[29,29,51]]
[[0,0,0],[1,0,0],[0,1,0],[18,10,51]]
[[0,0,0],[1,0,0],[0,1,0],[7,10,51]]
[[0,0,0],[1,0,0],[0,1,0],[4,14,51]]
[[0,0,0],[1,0,0],[0,1,0],[6,13,51]]
[[0,0,0],[1,0,0],[0,1,0],[4,4,51]]
[[0,0,0],[1,0,0],[0,1,0],[9,43,51]]
[[0,0,0],[1,0,0],[0,1,0],[17,1,51]]
[[0,0,0],[1,0,0],[0,1,0],[12,25,51]]
[[0,0,0],[1,0,0],[0,1,0],[17,18,51]]
[[0,0,0],[1,0,0],[0,1,0],[21,48,51]]
[[0,0,0],[1,0,0],[0,1,0],[10,43,51]]
[[0,0,0],[1,0,0],[0,1,0],[2,32,51]]
[[0,0,0],[1,0,0],[0,1,0],[39,13,51]]
