[[0,0,0],[1,0,0],[0,1,0],[4,21,53]]
[[0,0,0],[1,0,0],[0,1,0],[5,5,53]]
[[0,0,0],[1,0,0],[0,1,0],[4,11,53]]
[[0,0,0],[1,0,0],[0,1,0],[5,17,53]]
[[0,0,0],[1,0,0],[0,1,0],[2,19,53]]
[[0,0,0],[1,0,0],[0,1,0],[4,17,53]]
[[0,0,0],[1,0,0],[0,1,0],[3,19,53]]
[[0,0,0],[1,0,0],[0,1,0],[5,14,53]]
[[0,0,0],[1,0,0],[0,1,0],[5,23,53]]
[[0,0,0],[1,0,0],[0,1,0],[14,14,53]]
[[0,0,0],[1,0,0],[0,1,0],[6,9,53]]
[[0,0,0],[1,0,0],[0,1,0],[10,22,53]]
[[0,0,0],[1,0,0],[0,1,0],[3,6,53]]
[[0,0,0],[1,0,0],[0,1,0],[11,46,53]]
[[0,0,0],[1,0,0],[0,1,0],[17,45,53]]
[[0,0,0],[1,0,0],[0,1,0],[7,17,53]]
[[0,0,0],[1,0,0],[0,1,0],[6,15,53]]
[[0,0,0],[1,0,0],[0,1,0],[13,44,53]]
[[0,0,0],[1,0,0],[0,1,0],[12,14,53]]
[[0,0,0],[1,0,0],[0,1,0],[10,15,53]]
[[0,0,0],[1,0,0],[0,1,0],[3,13,53]]
[[0,0,0],[1,0,0],[0,1,0],[3,52,53]]
[[0,0,0],[1,0,0],[0,1,0],[6,22,53]]
[[0,0,0],[1,0,0],[0,1,0],[5,8,53]]
[[0,0,0],[1,0,0],[0,1,0],[5,49,53]]
[[0,0,0],[1,0,0],[0,1,0],[2,16,53]]
[[0,0,0],[1,0,0],[0,1,0],[2,24,53]]
[[0,0,0],[1,0,0],[0,1,0],[11,48,53]]
[[0,0,0],[1,0,0],[0,1,0],[3,23,53]]
[[0,0,0],[1,0,0],[0,1,0],[12,43,53]]
[[0,0,0],[1,0,0],[0,1,0],[5,10,53]]
[[0,0,0],[1,0,0],[0,1,0],[1,10,53]]
[[0,0,0],[1,0,0],[0,1,0],[2,52,53]]
[[0,0,0],[1,0,0],[0,1,0],[3,11,53]]
[[0,0,0],[1,0,0],[0,1,0],[10,45,53]]
[[0,0,0],[1,0,0],[0,1,0],[4,10,53]]
[[0,0,0],[1,0,0],[0,1,0],[8,22,53]]
[[0,0,0],[1,0,0],[0,1,0],[4,50,53]]
[[0,0,0],[1,0,0],[0,1,0],[7,16,53]]
[[0,0,0],[1,0,0],[0,1,0],[3,17,53]]
[[0,0,0],[1,0,0],[0,1,0],[5,20,53]]
[[0,0,0],[1,0,0],[0,1,0],[1,14,53]]
[[0,0,0],[1,0,0],[0,1,0],[15,41,53]]
[[0,0,0],[1,0,0],[0,1,0],[3,7,53]]
[[0,0,0],[1,0,0],[0,1,0],[13,46,53]]
[[0,0,0],[1,0,0],[0,1,0],[3,9,53]]
[[0,0,0],[1,0,0],[0,1,0],[2,13,53]]
[[0,0,0],[1,0,0],[0,1,0],[5,7,53]]
[[0,0,0],[1,0,0],[0,1,0],[2,26,53]]
[[0,0,0],[1,0,0],[0,1,0],[12,42,53]]
[[0,0,0],[1,0,0],[0,1,0],[7,48,53]]
[[0,0,0],[1,0,0],[0,1,0],[2,3,53]]
[[0,0,0],[1,0,0],[0,1,0],[3,20,53]]
[[0,0,0],[1,0,0],[0,1,0],[11,13,53]]
[[0,0,0],[1,0,0],[0,1,0],[2,22,53]]
[[0,0,0],[1,0,0],[0,1,0],[2,10,53]]
[[0,0,0],[1,0,0],[0,1,0],[0,1,53]]
[[0,0,0],[1,0,0],[0,1,0],[1,1,53]]
[[0,0,0],[1,0,0],[0,1,0],[6,6,53]]
[[0,0,0],[1,0,0],[0,1,0],[4,12,53]]
[[0,0,0],[1,0,0],[0,1,0],[6,49,53]]
[[0,0,0],[1,0,0],[0,1,0],[3,8,53]]
[[0,0,0],[1,0,0],[0,1,0],[11,43,53]]
[[0,0,0],[1,0,0],[0,1,0],[2,20,53]]
[[0,0,0],[1,0,0],[0,1,0],[6,10,53]]
[[0,0,0],[1,0,0],[0,1,0],[3,51,53]]
[[0,0,0],[1,0,0],[0,1,0],[8,47,53]]
[[0,0,0],[1,0,0],[0,1,0],[3,16,53]]
[[0,0,0],[1,0,0],[0,1,0],[2,2,53]]
[[0,0,0],[1,0,0],[0,1,0],[1,2,53]]
[[0,0,0],[1,0,0],[0,1,0],[4,8,53]]
[[0,0,0],[1,0,0],[0,1,0],[2,8,53]]
[[0,0,0],[1,0,0],[0,1,0],[4,19,53]]
[[0,0,0],[1,0,0],[0,1,0],[2,7,53]]
[[0,0,0],[1,0,0],[0,1,0],[1,11,53]]
[[0,0,0],[1,0,0],[0,1,0],[13,43,53]]
[[0,0,0],[1,0,0],[0,1,0],[7,13,53]]
[[0,0,0],[1,0,0],[0,1,0],[4,20,53]]
[[0,0,0],[1,0,0],[0,1,0],[10,14,53]]
[[0,0,0],[1,0,0],[0,1,0],[7,49,53]]
[[0,0,0],[1,0,0],[0,1,0],[2,6,53]]
[[0,0,0],[1,0,0],[0,1,0],[21,39,53]]
[[0,0,0],[1,0,0],[0,1,0],[1,5,53]]
[[0,0,0],[1,0,0],[0,1,0],[2,5,53]]
[[0,0,0],[1,0,0],[0,1,0],[1,7,53]]
[[0,0,0],[1,0,0],[0,1,0],[11,44,53]]
[[0,0,0],[1,0,0],[0,1,0],[3,10,53]]
[[0,0,0],[1,0,0],[0,1,0],[5,15,53]]
[[0,0,0],[1,0,0],[0,1,0],[2,17,53]]
[[0,0,0],[1,0,0],[0,1,0],[13,17,53]]
[[0,0,0],[1,0,0],[0,1,0],[1,17,53]]
[[0,0,0],[1,0,0],[0,1,0],[2,9,53]]
[[0,0,0],[1,0,0],[0,1,0],[3,12,53]]
[[0,0,0],[1,0,0],[0,1,0],[4,6,53]]
[[0,0,0],[1,0,0],[0,1,0],[1,8,53]]
[[0,0,0],[1,0,0],[0,1,0],[10,19,53]]
[[0,0,0],[1,0,0],[0,1,0],[2,18,53]]
[[0,0,0],[1,0,0],[0,1,0],[2,14,53]]
[[0,0,0],[1,0,0],[0,1,0],[2,4,53]]
[[0,0,0],[1,0,0],[0,1,0],[7,12,53]]
[[0,0,0],[1,0,0],[0,1,0],[10,47,53]]
[[0,0,0],[1,0,0],[0,1,0],[2,15,53]]
[[0,0,0],[1,0,0],[0,1,0],[4,25,53]]
[[0,0,0],[1,0,0],[0,1,0],[4,24,53]]
[[0,0,0],[1,0,0],[0,1,0],[1,23,53]]
[[0,0,0],[1,0,0],[0,1,0],[12,12,53]]
[[0,0,0],[1,0,0],[0,1,0],[8,11,53]]
[[0,0,0],[1,0,0],[0,1,0],[3,5,53]]
[[0,0,0],[1,0,0],[0,1,0],[11,15,53]]
[[0,0,0],[1,0,0],[0,1,0],[5,50,53]]
[[0,0,0],[1,0,0],[0,1,0],[3,14,53]]
[[0,0,0],[1,0,0],[0,1,0],[7,47,53]]
[[0,0,0],[1,0,0],[0,1,0],[2,23,53]]
[[0,0,0],[1,0,0],[0,1,0],[3,15,53]]
[[0,0,0],[1,0,0],[0,1,0],[2,11,53]]
[[0,0,0],[1,0,0],[0,1,0],[4,7,53]]
[[0,0,0],[1,0,0],[0,1,0],[6,12,53]]
[[0,0,0],[1,0,0],[0,1,0],[10,10,53]]
[[0,0,0],[1,0,0],[0,1,0],[2,12,53]]
[[0,0,0],[1,0,0],[0,1,0],[1,4,53]]
[[0,0,0],[1,0,0],[0,1,0],[8,46,53]]
[[0,0,0],[1,0,0],[0,1,0],[6,48,53]]
[[0,0,0],[1,0,0],[0,1,0],[2,21,53]]
[[0,0,0],[1,0,0],[0,1,0],[7,50,53]]
[[0,0,0],[1,0,0],[0,1,0],[4,15,53]]
[[0,0,0],[1,0,0],[0,1,0],[8,23,53]]
[[0,0,0],[1,0,0],[0,1,0],[6,14,53]]
[[0,0,0],[1,0,0],[0,1,0],[7,21,53]]
[[0,0,0],[1,0,0],[0,1,0],[1,12,53]]
[[0,0,0],[1,0,0],[0,1,0],[3,22,53]]
[[0,0,0],[1,0,0],[0,1,0],[1,3,53]]
[[0,0,0],[1,0,0],[0,1,0],[3,3,53]]
[[0,0,0],[1,0,0],[0,1,0],[3,21,53]]
[[0,0,0],[1,0,0],[0,1,0],[4,4,53]]
[[0,0,0],[1,0,0],[0,1,0],[7,10,53]]
[[0,0,0],[1,0,0],[0,1,0],[4,14,53]]
[[0,0,0],[1,0,0],[0,1,0],[1,6,53]]
[[0,0,0],[1,0,0],[0,1,0],[5,13,53]]
[[0,0,0],[1,0,0],[0,1,0],[6,24,53]]
[[0,0,0],[1,0,0],[0,1,0],[5,51,53]]
[[0,0,0],[1,0,0],[0,1,0],[11,17,53]]
