[[0,0,0],[1,0,0],[0,1,0],[4,21,55]]
[[0,0,0],[1,0,0],[0,1,0],[15,16,55]]
[[0,0,0],[1,0,0],[0,1,0],[10,26,55]]
[[0,0,0],[1,0,0],[0,1,0],[25,9,55]]
[[0,0,0],[1,0,0],[0,1,0],[5,46,55]]
[[0,0,0],[1,0,0],[0,1,0],[2,19,55]]
[[0,0,0],[1,0,0],[0,1,0],[13,53,55]]
[[0,0,0],[1,0,0],[0,1,0],[11,12,55]]
[[0,0,0],[1,0,0],[0,1,0],[10,51,55]]
[[0,0,0],[1,0,0],[0,1,0],[2,29,55]]
[[0,0,0],[1,0,0],[0,1,0],[3,19,55]]
[[0,0,0],[1,0,0],[0,1,0],[11,1,55]]
[[0,0,0],[1,0,0],[0,1,0],[3,31,55]]
[[0,0,0],[1,0,0],[0,1,0],[5,29,55]]
[[0,0,0],[1,0,0],[0,1,0],[6,9,55]]
[[0,0,0],[1,0,0],[0,1,0],[7,38,55]]
[[0,0,0],[1,0,0],[0,1,0],[47,54,55]]
[[0,0,0],[1,0,0],[0,1,0],[7,18,55]]
[[0,0,0],[1,0,0],[0,1,0],[35,32,55]]
[[0,0,0],[1,0,0],[0,1,0],[2,49,55]]
[[0,0,0],[1,0,0],[0,1,0],[7,17,55]]
[[0,0,0],[1,0,0],[0,1,0],[35,54,55]]
[[0,0,0],[1,0,0],[0,1,0],[3,6,55]]
[[0,0,0],[1,0,0],[0,1,0],[15,30,55]]
[[0,0,0],[1,0,0],[0,1,0],[3,13,55]]
[[0,0,0],[1,0,0],[0,1,0],[27,54,55]]
[[0,0,0],[1,0,0],[0,1,0],[7,52,55]]
[[0,0,0],[1,0,0],[0,1,0],[2,43,55]]
[[0,0,0],[1,0,0],[0,1,0],[22,45,55]]
[[0,0,0],[1,0,0],[0,1,0],[4,26,55]]
[[0,0,0],[1,0,0],[0,1,0],[25,31,55]]
[[0,0,0],[1,0,0],[0,1,0],[33,34,55]]
[[0,0,0],[1,0,0],[0,1,0],[2,16,55]]
[[0,0,0],[1,0,0],[0,1,0],[2,24,55]]
[[0,0,0],[1,0,0],[0,1,0],[4,52,55]]
[[0,0,0],[1,0,0],[0,1,0],[5,6,55]]
[[0,0,0],[1,0,0],[0,1,0],[3,23,55]]
[[0,0,0],[1,0,0],[0,1,0],[32,54,55]]
[[0,0,0],[1,0,0],[0,1,0],[22,12,55]]
[[0,0,0],[1,0,0],[0,1,0],[19,42,55]]
[[0,0,0],[1,0,0],[0,1,0],[25,53,55]]
[[0,0,0],[1,0,0],[0,1,0],[15,1,55]]
[[0,0,0],[1,0,0],[0,1,0],[10,36,55]]
[[0,0,0],[1,0,0],[0,1,0],[10,35,55]]
[[0,0,0],[1,0,0],[0,1,0],[1,16,55]]
[[0,0,0],[1,0,0],[0,1,0],[30,51,55]]
[[0,0,0],[1,0,0],[0,1,0],[3,17,55]]
[[0,0,0],[1,0,0],[0,1,0],[15,21,55]]
[[0,0,0],[1,0,0],[0,1,0],[2,27,55]]
[[0,0,0],[1,0,0],[0,1,0],[5,1,55]]
[[0,0,0],[1,0,0],[0,1,0],[15,46,55]]
[[0,0,0],[1,0,0],[0,1,0],[10,46,55]]
[[0,0,0],[1,0,0],[0,1,0],[3,7,55]]
[[0,0,0],[1,0,0],[0,1,0],[3,9,55]]
[[0,0,0],[1,0,0],[0,1,0],[7,54,55]]
[[0,0,0],[1,0,0],[0,1,0],[16,18,55]]
[[0,0,0],[1,0,0],[0,1,0],[2,13,55]]
[[0,0,0],[1,0,0],[0,1,0],[5,26,55]]
[[0,0,0],[1,0,0],[0,1,0],[5,7,55]]
[[0,0,0],[1,0,0],[0,1,0],[2,39,55]]
[[0,0,0],[1,0,0],[0,1,0],[5,36,55]]
[[0,0,0],[1,0,0],[0,1,0],[20,3,55]]
[[0,0,0],[1,0,0],[0,1,0],[5,18,55]]
[[0,0,0],[1,0,0],[0,1,0],[9,13,55]]
[[0,0,0],[1,0,0],[0,1,0],[2,3,55]]
[[0,0,0],[1,0,0],[0,1,0],[7,23,55]]
[[0,0,0],[1,0,0],[0,1,0],[1,13,55]]
[[0,0,0],[1,0,0],[0,1,0],[27,51,55]]
[[0,0,0],[1,0,0],[0,1,0],[4,41,55]]
[[0,0,0],[1,0,0],[0,1,0],[0,1,55]]
[[0,0,0],[1,0,0],[0,1,0],[1,1,55]]
[[0,0,0],[1,0,0],[0,1,0],[4,13,55]]
[[0,0,0],[1,0,0],[0,1,0],[6,6,55]]
[[0,0,0],[1,0,0],[0,1,0],[5,40,55]]
[[0,0,0],[1,0,0],[0,1,0],[4,12,55]]
[[0,0,0],[1,0,0],[0,1,0],[3,8,55]]
[[0,0,0],[1,0,0],[0,1,0],[15,51,55]]
[[0,0,0],[1,0,0],[0,1,0],[7,51,55]]
[[0,0,0],[1,0,0],[0,1,0],[4,18,55]]
[[0,0,0],[1,0,0],[0,1,0],[18,27,55]]
[[0,0,0],[1,0,0],[0,1,0],[30,36,55]]
[[0,0,0],[1,0,0],[0,1,0],[20,16,55]]
[[0,0,0],[1,0,0],[0,1,0],[22,1,55]]
[[0,0,0],[1,0,0],[0,1,0],[19,27,55]]
[[0,0,0],[1,0,0],[0,1,0],[35,21,55]]
[[0,0,0],[1,0,0],[0,1,0],[3,38,55]]
[[0,0,0],[1,0,0],[0,1,0],[25,1,55]]
[[0,0,0],[1,0,0],[0,1,0],[9,27,55]]
[[0,0,0],[1,0,0],[0,1,0],[7,7,55]]
[[0,0,0],[1,0,0],[0,1,0],[20,25,55]]
[[0,0,0],[1,0,0],[0,1,0],[12,34,55]]
[[0,0,0],[1,0,0],[0,1,0],[2,34,55]]
[[0,0,0],[1,0,0],[0,1,0],[18,18,55]]
[[0,0,0],[1,0,0],[0,1,0],[45,21,55]]
[[0,0,0],[1,0,0],[0,1,0],[16,16,55]]
[[0,0,0],[1,0,0],[0,1,0],[1,2,55]]
[[0,0,0],[1,0,0],[0,1,0],[2,2,55]]
[[0,0,0],[1,0,0],[0,1,0],[3,24,55]]
[[0,0,0],[1,0,0],[0,1,0],[2,54,55]]
[[0,0,0],[1,0,0],[0,1,0],[4,19,55]]
[[0,0,0],[1,0,0],[0,1,0],[2,8,55]]
[[0,0,0],[1,0,0],[0,1,0],[6,39,55]]
[[0,0,0],[1,0,0],[0,1,0],[12,29,55]]
[[0,0,0],[1,0,0],[0,1,0],[2,7,55]]
[[0,0,0],[1,0,0],[0,1,0],[4,8,55]]
[[0,0,0],[1,0,0],[0,1,0],[20,14,55]]
[[0,0,0],[1,0,0],[0,1,0],[13,43,55]]
[[0,0,0],[1,0,0],[0,1,0],[12,21,55]]
[[0,0,0],[1,0,0],[0,1,0],[50,50,55]]
[[0,0,0],[1,0,0],[0,1,0],[10,24,55]]
[[0,0,0],[1,0,0],[0,1,0],[7,49,55]]
[[0,0,0],[1,0,0],[0,1,0],[20,47,55]]
[[0,0,0],[1,0,0],[0,1,0],[13,13,55]]
[[0,0,0],[1,0,0],[0,1,0],[2,6,55]]
[[0,0,0],[1,0,0],[0,1,0],[10,13,55]]
[[0,0,0],[1,0,0],[0,1,0],[7,39,55]]
[[0,0,0],[1,0,0],[0,1,0],[1,7,55]]
[[0,0,0],[1,0,0],[0,1,0],[11,34,55]]
[[0,0,0],[1,0,0],[0,1,0],[6,16,55]]
[[0,0,0],[1,0,0],[0,1,0],[12,24,55]]
[[0,0,0],[1,0,0],[0,1,0],[2,17,55]]
[[0,0,0],[1,0,0],[0,1,0],[4,16,55]]
[[0,0,0],[1,0,0],[0,1,0],[2,9,55]]
[[0,0,0],[1,0,0],[0,1,0],[3,43,55]]
[[0,0,0],[1,0,0],[0,1,0],[13,17,55]]
[[0,0,0],[1,0,0],[0,1,0],[3,12,55]]
[[0,0,0],[1,0,0],[0,1,0],[7,9,55]]
[[0,0,0],[1,0,0],[0,1,0],[4,6,55]]
[[0,0,0],[1,0,0],[0,1,0],[9,36,55]]
[[0,0,0],[1,0,0],[0,1,0],[20,1,55]]
[[0,0,0],[1,0,0],[0,1,0],[12,39,55]]
[[0,0,0],[1,0,0],[0,1,0],[2,18,55]]
[[0,0,0],[1,0,0],[0,1,0],[9,16,55]]
[[0,0,0],[1,0,0],[0,1,0],[13,18,55]]
[[0,0,0],[1,0,0],[0,1,0],[4,42,55]]
[[0,0,0],[1,0,0],[0,1,0],[2,14,55]]
[[0,0,0],[1,0,0],[0,1,0],[9,32,55]]
[[0,0,0],[1,0,0],[0,1,0],[9,48,55]]
[[0,0,0],[1,0,0],[0,1,0],[1,19,55]]
[[0,0,0],[1,0,0],[0,1,0],[9,18,55]]
[[0,0,0],[1,0,0],[0,1,0],[9,12,55]]
[[0,0,0],[1,0,0],[0,1,0],[5,41,55]]
[[0,0,0],[1,0,0],[0,1,0],[2,4,55]]
[[0,0,0],[1,0,0],[0,1,0],[35,31,55]]
[[0,0,0],[1,0,0],[0,1,0],[5,21,55]]
[[0,0,0],[1,0,0],[0,1,0],[38,38,55]]
[[0,0,0],[1,0,0],[0,1,0],[19,38,55]]
[[0,0,0],[1,0,0],[0,1,0],[6,21,55]]
[[0,0,0],[1,0,0],[0,1,0],[4,27,55]]
[[0,0,0],[1,0,0],[0,1,0],[7,29,55]]
[[0,0,0],[1,0,0],[0,1,0],[26,34,55]]
[[0,0,0],[1,0,0],[0,1,0],[20,36,55]]
[[0,0,0],[1,0,0],[0,1,0],[24,54,55]]
[[0,0,0],[1,0,0],[0,1,0],[33,45,55]]
[[0,0,0],[1,0,0],[0,1,0],[4,32,55]]
[[0,0,0],[1,0,0],[0,1,0],[18,48,55]]
[[0,0,0],[1,0,0],[0,1,0],[25,42,55]]
[[0,0,0],[1,0,0],[0,1,0],[12,12,55]]
[[0,0,0],[1,0,0],[0,1,0],[6,17,55]]
[[0,0,0],[1,0,0],[0,1,0],[5,16,55]]
[[0,0,0],[1,0,0],[0,1,0],[3,42,55]]
[[0,0,0],[1,0,0],[0,1,0],[3,14,55]]
[[0,0,0],[1,0,0],[0,1,0],[16,29,55]]
[[0,0,0],[5,0,0],[0,1,0],[0,1,11]]
[[0,0,0],[1,0,0],[0,1,0],[6,18,55]]
[[0,0,0],[1,0,0],[0,1,0],[2,23,55]]
[[0,0,0],[1,0,0],[0,1,0],[4,7,55]]
[[0,0,0],[1,0,0],[0,1,0],[10,2,55]]
[[0,0,0],[1,0,0],[0,1,0],[6,12,55]]
[[0,0,0],[1,0,0],[0,1,0],[10,21,55]]
[[0,0,0],[1,0,0],[0,1,0],[3,53,55]]
[[0,0,0],[1,0,0],[0,1,0],[2,12,55]]
[[0,0,0],[1,0,0],[0,1,0],[3,48,55]]
[[0,0,0],[1,0,0],[0,1,0],[13,54,55]]
[[0,0,0],[1,0,0],[0,1,0],[1,4,55]]
[[0,0,0],[1,0,0],[0,1,0],[15,6,55]]
[[0,0,0],[1,0,0],[0,1,0],[9,51,55]]
[[0,0,0],[1,0,0],[0,1,0],[11,45,55]]
[[0,0,0],[1,0,0],[0,1,0],[2,21,55]]
[[0,0,0],[1,0,0],[0,1,0],[6,8,55]]
[[0,0,0],[1,0,0],[0,1,0],[24,27,55]]
[[0,0,0],[1,0,0],[0,1,0],[10,1,55]]
[[0,0,0],[1,0,0],[0,1,0],[9,42,55]]
[[0,0,0],[1,0,0],[0,1,0],[22,34,55]]
[[0,0,0],[1,0,0],[0,1,0],[18,43,55]]
[[0,0,0],[1,0,0],[0,1,0],[9,17,55]]
[[0,0,0],[1,0,0],[0,1,0],[33,23,55]]
[[0,0,0],[1,0,0],[0,1,0],[5,31,55]]
[[0,0,0],[1,0,0],[0,1,0],[16,43,55]]
[[0,0,0],[1,0,0],[0,1,0],[3,18,55]]
[[0,0,0],[1,0,0],[0,1,0],[20,41,55]]
[[0,0,0],[1,0,0],[0,1,0],[1,12,55]]
[[0,0,0],[1,0,0],[0,1,0],[1,3,55]]
[[0,0,0],[1,0,0],[0,1,0],[3,21,55]]
[[0,0,0],[1,0,0],[0,1,0],[6,51,55]]
[[0,0,0],[1,0,0],[0,1,0],[3,3,55]]
[[0,0,0],[1,0,0],[0,1,0],[1,21,55]]
[[0,0,0],[1,0,0],[0,1,0],[3,54,55]]
[[0,0,0],[1,0,0],[0,1,0],[4,4,55]]
[[0,0,0],[1,0,0],[0,1,0],[10,6,55]]
[[0,0,0],[1,0,0],[0,1,0],[7,19,55]]
[[0,0,0],[1,0,0],[0,1,0],[40,21,55]]
[[0,0,0],[1,0,0],[0,1,0],[12,54,55]]
[[0,0,0],[1,0,0],[0,1,0],[19,48,55]]
[[0,0,0],[1,0,0],[0,1,0],[1,6,55]]
[[0,0,0],[1,0,0],[0,1,0],[2,32,55]]
[[0,0,0],[1,0,0],[0,1,0],[5,51,55]]
