[[0,0,0],[1,0,0],[0,1,0],[3,55,57]]
[[0,0,0],[1,0,0],[0,1,0],[11,17,57]]
[[0,0,0],[1,0,0],[0,1,0],[5,17,57]]
[[0,0,0],[1,0,0],[0,1,0],[27,1,57]]
[[0,0,0],[1,0,0],[0,1,0],[2,32,57]]
[[0,0,0],[1,0,0],[0,1,0],[2,44,57]]
[[0,0,0],[1,0,0],[0,1,0],[21,43,57]]
[[0,0,0],[1,0,0],[0,1,0],[5,5,57]]
[[0,0,0],[1,0,0],[0,1,0],[2,29,57]]
[[0,0,0],[1,0,0],[0,1,0],[5,55,57]]
[[0,0,0],[1,0,0],[0,1,0],[6,7,57]]
[[0,0,0],[1,0,0],[0,1,0],[11,28,57]]
[[0,0,0],[1,0,0],[0,1,0],[11,47,57]]
[[0,0,0],[1,0,0],[0,1,0],[4,17,57]]
[[0,0,0],[1,0,0],[0,1,0],[5,14,57]]
[[0,0,0],[1,0,0],[0,1,0],[35,56,57]]
[[0,0,0],[1,0,0],[0,1,0],[5,25,57]]
[[0,0,0],[1,0,0],[0,1,0],[8,26,57]]
[[0,0,0],[1,0,0],[0,1,0],[18,40,57]]
[[0,0,0],[1,0,0],[0,1,0],[14,14,57]]
[[0,0,0],[1,0,0],[0,1,0],[4,11,57]]
[[0,0,0],[1,0,0],[0,1,0],[12,1,57]]
[[0,0,0],[1,0,0],[0,1,0],[3,31,57]]
[[0,0,0],[1,0,0],[0,1,0],[19,39,57]]
[[0,0,0],[1,0,0],[0,1,0],[12,52,57]]
[[0,0,0],[1,0,0],[0,1,0],[12,27,57]]
[[0,0,0],[1,0,0],[0,1,0],[2,50,57]]
[[0,0,0],[1,0,0],[0,1,0],[10,20,57]]
[[0,0,0],[1,0,0],[0,1,0],[11,53,57]]
[[0,0,0],[3,0,0],[0,1,0],[0,1,19]]
[[0,0,0],[1,0,0],[0,1,0],[5,23,57]]
[[0,0,0],[1,0,0],[0,1,0],[12,46,57]]
[[0,0,0],[1,0,0],[0,1,0],[2,56,57]]
[[0,0,0],[1,0,0],[0,1,0],[7,17,57]]
[[0,0,0],[1,0,0],[0,1,0],[21,37,57]]
[[0,0,0],[1,0,0],[0,1,0],[6,25,57]]
[[0,0,0],[1,0,0],[0,1,0],[9,28,57]]
[[0,0,0],[1,0,0],[0,1,0],[9,25,57]]
[[0,0,0],[1,0,0],[0,1,0],[27,55,57]]
[[0,0,0],[1,0,0],[0,1,0],[3,13,57]]
[[0,0,0],[1,0,0],[0,1,0],[3,52,57]]
[[0,0,0],[1,0,0],[0,1,0],[6,22,57]]
[[0,0,0],[1,0,0],[0,1,0],[6,4,57]]
[[0,0,0],[1,0,0],[0,1,0],[5,8,57]]
[[0,0,0],[1,0,0],[0,1,0],[3,25,57]]
[[0,0,0],[1,0,0],[0,1,0],[11,52,57]]
[[0,0,0],[1,0,0],[0,1,0],[4,26,57]]
[[0,0,0],[1,0,0],[0,1,0],[8,13,57]]
[[0,0,0],[1,0,0],[0,1,0],[7,52,57]]
[[0,0,0],[1,0,0],[0,1,0],[11,41,57]]
[[0,0,0],[1,0,0],[0,1,0],[15,55,57]]
[[0,0,0],[1,0,0],[0,1,0],[6,28,57]]
[[0,0,0],[1,0,0],[0,1,0],[17,44,57]]
[[0,0,0],[1,0,0],[0,1,0],[33,25,57]]
[[0,0,0],[1,0,0],[0,1,0],[2,41,57]]
[[0,0,0],[1,0,0],[0,1,0],[7,14,57]]
[[0,0,0],[1,0,0],[0,1,0],[17,17,57]]
[[0,0,0],[1,0,0],[0,1,0],[7,32,57]]
[[0,0,0],[1,0,0],[0,1,0],[27,37,57]]
[[0,0,0],[1,0,0],[0,1,0],[12,28,57]]
[[0,0,0],[1,0,0],[0,1,0],[9,55,57]]
[[0,0,0],[1,0,0],[0,1,0],[36,41,57]]
[[0,0,0],[1,0,0],[0,1,0],[2,16,57]]
[[0,0,0],[1,0,0],[0,1,0],[1,10,57]]
[[0,0,0],[1,0,0],[0,1,0],[9,34,57]]
[[0,0,0],[1,0,0],[0,1,0],[4,10,57]]
[[0,0,0],[1,0,0],[0,1,0],[8,8,57]]
[[0,0,0],[1,0,0],[0,1,0],[3,17,57]]
[[0,0,0],[1,0,0],[0,1,0],[8,22,57]]
[[0,0,0],[1,0,0],[0,1,0],[15,10,57]]
[[0,0,0],[1,0,0],[0,1,0],[2,28,57]]
[[0,0,0],[1,0,0],[0,1,0],[8,10,57]]
[[0,0,0],[1,0,0],[0,1,0],[24,37,57]]
[[0,0,0],[1,0,0],[0,1,0],[18,22,57]]
[[0,0,0],[1,0,0],[0,1,0],[15,1,57]]
[[0,0,0],[1,0,0],[0,1,0],[15,46,57]]
[[0,0,0],[1,0,0],[0,1,0],[5,20,57]]
[[0,0,0],[1,0,0],[0,1,0],[1,16,57]]
[[0,0,0],[1,0,0],[0,1,0],[2,13,57]]
[[0,0,0],[1,0,0],[0,1,0],[2,26,57]]
[[0,0,0],[1,0,0],[0,1,0],[7,16,57]]
[[0,0,0],[1,0,0],[0,1,0],[15,25,57]]
[[0,0,0],[1,0,0],[0,1,0],[18,4,57]]
[[0,0,0],[1,0,0],[0,1,0],[13,20,57]]
[[0,0,0],[1,0,0],[0,1,0],[13,46,57]]
[[0,0,0],[1,0,0],[0,1,0],[12,7,57]]
[[0,0,0],[1,0,0],[0,1,0],[3,7,57]]
[[0,0,0],[1,0,0],[0,1,0],[24,1,57]]
[[0,0,0],[1,0,0],[0,1,0],[5,7,57]]
[[0,0,0],[1,0,0],[0,1,0],[2,47,57]]
[[0,0,0],[1,0,0],[0,1,0],[8,50,57]]
[[0,0,0],[1,0,0],[0,1,0],[2,10,57]]
[[0,0,0],[1,0,0],[0,1,0],[19,20,57]]
[[0,0,0],[1,0,0],[0,1,0],[17,56,57]]
[[0,0,0],[1,0,0],[0,1,0],[1,13,57]]
[[0,0,0],[1,0,0],[0,1,0],[6,40,57]]
[[0,0,0],[1,0,0],[0,1,0],[9,31,57]]
[[0,0,0],[1,0,0],[0,1,0],[11,22,57]]
[[0,0,0],[1,0,0],[0,1,0],[38,39,57]]
[[0,0,0],[1,0,0],[0,1,0],[1,1,57]]
[[0,0,0],[1,0,0],[0,1,0],[2,22,57]]
[[0,0,0],[1,0,0],[0,1,0],[15,28,57]]
[[0,0,0],[1,0,0],[0,1,0],[21,16,57]]
[[0,0,0],[1,0,0],[0,1,0],[15,5,57]]
[[0,0,0],[1,0,0],[0,1,0],[36,37,57]]
[[0,0,0],[1,0,0],[0,1,0],[2,25,57]]
[[0,0,0],[1,0,0],[0,1,0],[0,1,57]]
[[0,0,0],[1,0,0],[0,1,0],[17,32,57]]
[[0,0,0],[1,0,0],[0,1,0],[33,49,57]]
[[0,0,0],[1,0,0],[0,1,0],[6,34,57]]
[[0,0,0],[1,0,0],[0,1,0],[5,22,57]]
[[0,0,0],[1,0,0],[0,1,0],[3,16,57]]
[[0,0,0],[1,0,0],[0,1,0],[6,10,57]]
[[0,0,0],[1,0,0],[0,1,0],[8,47,57]]
[[0,0,0],[1,0,0],[0,1,0],[2,20,57]]
[[0,0,0],[1,0,0],[0,1,0],[35,35,57]]
[[0,0,0],[1,0,0],[0,1,0],[1,2,57]]
[[0,0,0],[1,0,0],[0,1,0],[9,30,57]]
[[0,0,0],[1,0,0],[0,1,0],[8,14,57]]
[[0,0,0],[1,0,0],[0,1,0],[7,7,57]]
[[0,0,0],[1,0,0],[0,1,0],[4,8,57]]
[[0,0,0],[1,0,0],[0,1,0],[36,25,57]]
[[0,0,0],[1,0,0],[0,1,0],[18,2,57]]
[[0,0,0],[1,0,0],[0,1,0],[14,32,57]]
[[0,0,0],[1,0,0],[0,1,0],[6,1,57]]
[[0,0,0],[1,0,0],[0,1,0],[36,22,57]]
[[0,0,0],[1,0,0],[0,1,0],[2,2,57]]
[[0,0,0],[1,0,0],[0,1,0],[38,20,57]]
[[0,0,0],[1,0,0],[0,1,0],[2,8,57]]
[[0,0,0],[1,0,0],[0,1,0],[7,13,57]]
[[0,0,0],[1,0,0],[0,1,0],[2,7,57]]
[[0,0,0],[1,0,0],[0,1,0],[9,7,57]]
[[0,0,0],[1,0,0],[0,1,0],[1,11,57]]
[[0,0,0],[1,0,0],[0,1,0],[39,37,57]]
[[0,0,0],[1,0,0],[0,1,0],[4,20,57]]
[[0,0,0],[1,0,0],[0,1,0],[5,53,57]]
[[0,0,0],[1,0,0],[0,1,0],[21,46,57]]
[[0,0,0],[1,0,0],[0,1,0],[6,52,57]]
[[0,0,0],[1,0,0],[0,1,0],[6,16,57]]
[[0,0,0],[1,0,0],[0,1,0],[45,51,57]]
[[0,0,0],[1,0,0],[0,1,0],[5,56,57]]
[[0,0,0],[1,0,0],[0,1,0],[6,33,57]]
[[0,0,0],[1,0,0],[0,1,0],[13,13,57]]
[[0,0,0],[1,0,0],[0,1,0],[11,44,57]]
[[0,0,0],[1,0,0],[0,1,0],[8,35,57]]
[[0,0,0],[1,0,0],[0,1,0],[3,10,57]]
[[0,0,0],[1,0,0],[0,1,0],[2,5,57]]
[[0,0,0],[1,0,0],[0,1,0],[12,4,57]]
[[0,0,0],[1,0,0],[0,1,0],[2,17,57]]
[[0,0,0],[1,0,0],[0,1,0],[11,11,57]]
[[0,0,0],[1,0,0],[0,1,0],[1,5,57]]
[[0,0,0],[1,0,0],[0,1,0],[5,34,57]]
[[0,0,0],[1,0,0],[0,1,0],[4,16,57]]
[[0,0,0],[1,0,0],[0,1,0],[18,21,57]]
[[0,0,0],[1,0,0],[0,1,0],[1,7,57]]
[[0,0,0],[1,0,0],[0,1,0],[24,46,57]]
[[0,0,0],[1,0,0],[0,1,0],[3,43,57]]
[[0,0,0],[1,0,0],[0,1,0],[3,36,57]]
[[0,0,0],[1,0,0],[0,1,0],[12,49,57]]
[[0,0,0],[1,0,0],[0,1,0],[11,14,57]]
[[0,0,0],[1,0,0],[0,1,0],[15,24,57]]
[[0,0,0],[1,0,0],[0,1,0],[18,7,57]]
[[0,0,0],[1,0,0],[0,1,0],[15,4,57]]
[[0,0,0],[1,0,0],[0,1,0],[10,16,57]]
[[0,0,0],[1,0,0],[0,1,0],[3,1,57]]
[[0,0,0],[1,0,0],[0,1,0],[24,52,57]]
[[0,0,0],[1,0,0],[0,1,0],[9,10,57]]
[[0,0,0],[1,0,0],[0,1,0],[20,32,57]]
[[0,0,0],[1,0,0],[0,1,0],[5,35,57]]
[[0,0,0],[1,0,0],[0,1,0],[14,56,57]]
[[0,0,0],[1,0,0],[0,1,0],[9,37,57]]
[[0,0,0],[1,0,0],[0,1,0],[6,46,57]]
[[0,0,0],[1,0,0],[0,1,0],[2,14,57]]
[[0,0,0],[1,0,0],[0,1,0],[8,32,57]]
[[0,0,0],[1,0,0],[0,1,0],[2,4,57]]
[[0,0,0],[1,0,0],[0,1,0],[4,23,57]]
[[0,0,0],[1,0,0],[0,1,0],[5,41,57]]
[[0,0,0],[1,0,0],[0,1,0],[12,8,57]]
[[0,0,0],[1,0,0],[0,1,0],[14,47,57]]
[[0,0,0],[1,0,0],[0,1,0],[9,22,57]]
[[0,0,0],[1,0,0],[0,1,0],[33,44,57]]
[[0,0,0],[1,0,0],[0,1,0],[9,49,57]]
[[0,0,0],[1,0,0],[0,1,0],[5,44,57]]
[[0,0,0],[1,0,0],[0,1,0],[7,20,57]]
[[0,0,0],[1,0,0],[0,1,0],[30,37,57]]
[[0,0,0],[1,0,0],[0,1,0],[18,1,57]]
[[0,0,0],[1,0,0],[0,1,0],[32,56,57]]
[[0,0,0],[1,0,0],[0,1,0],[3,40,57]]
[[0,0,0],[1,0,0],[0,1,0],[21,13,57]]
[[0,0,0],[1,0,0],[0,1,0],[8,11,57]]
[[0,0,0],[1,0,0],[0,1,0],[21,56,57]]
[[0,0,0],[1,0,0],[0,1,0],[2,37,57]]
[[0,0,0],[1,0,0],[0,1,0],[20,35,57]]
[[0,0,0],[1,0,0],[0,1,0],[21,1,57]]
[[0,0,0],[1,0,0],[0,1,0],[9,1,57]]
[[0,0,0],[1,0,0],[0,1,0],[4,35,57]]
[[0,0,0],[1,0,0],[0,1,0],[21,55,57]]
[[0,0,0],[1,0,0],[0,1,0],[9,40,57]]
[[0,0,0],[1,0,0],[0,1,0],[5,50,57]]
[[0,0,0],[1,0,0],[0,1,0],[1,20,57]]
[[0,0,0],[1,0,0],[0,1,0],[7,53,57]]
[[0,0,0],[1,0,0],[0,1,0],[27,52,57]]
[[0,0,0],[1,0,0],[0,1,0],[1,4,57]]
[[0,0,0],[1,0,0],[0,1,0],[30,46,57]]
[[0,0,0],[1,0,0],[0,1,0],[2,23,57]]
[[0,0,0],[1,0,0],[0,1,0],[3,28,57]]
[[0,0,0],[1,0,0],[0,1,0],[6,43,57]]
[[0,0,0],[1,0,0],[0,1,0],[4,7,57]]
[[0,0,0],[1,0,0],[0,1,0],[10,10,57]]
[[0,0,0],[1,0,0],[0,1,0],[2,11,57]]
[[0,0,0],[1,0,0],[0,1,0],[9,52,57]]
[[0,0,0],[1,0,0],[0,1,0],[6,37,57]]
[[0,0,0],[1,0,0],[0,1,0],[15,43,57]]
[[0,0,0],[1,0,0],[0,1,0],[12,16,57]]
[[0,0,0],[1,0,0],[0,1,0],[48,48,57]]
[[0,0,0],[1,0,0],[0,1,0],[21,52,57]]
[[0,0,0],[1,0,0],[0,1,0],[4,22,57]]
[[0,0,0],[1,0,0],[0,1,0],[3,37,57]]
[[0,0,0],[1,0,0],[0,1,0],[27,4,57]]
[[0,0,0],[1,0,0],[0,1,0],[3,49,57]]
[[0,0,0],[1,0,0],[0,1,0],[5,11,57]]
[[0,0,0],[1,0,0],[0,1,0],[20,20,57]]
[[0,0,0],[1,0,0],[0,1,0],[12,10,57]]
[[0,0,0],[1,0,0],[0,1,0],[8,20,57]]
[[0,0,0],[1,0,0],[0,1,0],[19,1,57]]
[[0,0,0],[1,0,0],[0,1,0],[8,31,57]]
[[0,0,0],[1,0,0],[0,1,0],[12,13,57]]
[[0,0,0],[1,0,0],[0,1,0],[11,56,57]]
[[0,0,0],[1,0,0],[0,1,0],[56,56,57]]
[[0,0,0],[1,0,0],[0,1,0],[21,49,57]]
[[0,0,0],[1,0,0],[0,1,0],[3,22,57]]
[[0,0,0],[1,0,0],[0,1,0],[3,46,57]]
[[0,0,0],[1,0,0],[0,1,0],[6,14,57]]
[[0,0,0],[1,0,0],[0,1,0],[2,35,57]]
[[0,0,0],[1,0,0],[0,1,0],[42,54,57]]
[[0,0,0],[1,0,0],[0,1,0],[18,10,57]]
[[0,0,0],[1,0,0],[0,1,0],[12,22,57]]
[[0,0,0],[1,0,0],[0,1,0],[32,32,57]]
[[0,0,0],[1,0,0],[0,1,0],[4,4,57]]
[[0,0,0],[1,0,0],[0,1,0],[4,14,57]]
[[0,0,0],[1,0,0],[0,1,0],[8,56,57]]
[[0,0,0],[1,0,0],[0,1,0],[12,31,57]]
[[0,0,0],[1,0,0],[0,1,0],[6,13,57]]
[[0,0,0],[1,0,0],[0,1,0],[3,34,57]]
[[0,0,0],[1,0,0],[0,1,0],[9,11,57]]
[[0,0,0],[1,0,0],[0,1,0],[3,4,57]]
[[0,0,0],[1,0,0],[0,1,0],[33,37,57]]
