[[0,0,0],[2,0,0],[0,1,0],[9,29,30]]
[[0,0,0],[1,0,0],[0,1,0],[32,59,60]]
[[0,0,0],[1,0,0],[0,1,0],[57,14,60]]
[[0,0,0],[1,0,0],[0,1,0],[4,27,60]]
[[0,0,0],[3,0,0],[0,1,0],[15,11,20]]
[[0,0,0],[1,0,0],[0,1,0],[13,49,60]]
[[0,0,0],[1,0,0],[0,1,0],[24,49,60]]
[[0,0,0],[2,0,0],[0,1,0],[18,13,30]]
[[0,0,0],[1,0,0],[0,1,0],[27,26,60]]
[[0,0,0],[1,0,0],[0,1,0],[4,22,60]]
[[0,0,0],[1,0,0],[0,1,0],[38,38,60]]
[[0,0,0],[1,0,0],[0,1,0],[15,46,60]]
[[0,0,0],[1,0,0],[1,2,0],[3,2,30]]
[[0,0,0],[1,0,0],[1,2,0],[15,2,30]]
[[0,0,0],[3,0,0],[0,1,0],[8,1,20]]
[[0,0,0],[1,0,0],[0,2,0],[8,28,30]]
[[0,0,0],[1,0,0],[0,1,0],[29,29,60]]
[[0,0,0],[1,0,0],[0,1,0],[3,13,60]]
[[0,0,0],[1,0,0],[0,1,0],[55,26,60]]
[[0,0,0],[1,0,0],[0,1,0],[12,13,60]]
[[0,0,0],[1,0,0],[0,1,0],[39,2,60]]
[[0,0,0],[1,0,0],[1,2,0],[7,9,30]]
[[0,0,0],[3,0,0],[0,1,0],[0,1,20]]
[[0,0,0],[1,0,0],[0,3,0],[5,8,20]]
[[0,0,0],[2,0,0],[0,1,0],[24,4,30]]
[[0,0,0],[1,0,0],[0,1,0],[42,37,60]]
[[0,0,0],[1,0,0],[1,2,0],[13,8,30]]
[[0,0,0],[1,0,0],[0,1,0],[28,41,60]]
[[0,0,0],[1,0,0],[0,1,0],[11,11,60]]
[[0,0,0],[1,0,0],[0,1,0],[22,23,60]]
[[0,0,0],[1,0,0],[0,1,0],[25,16,60]]
[[0,0,0],[1,0,0],[0,1,0],[3,58,60]]
[[0,0,0],[1,0,0],[0,1,0],[42,19,60]]
[[0,0,0],[1,0,0],[0,2,0],[2,8,30]]
[[0,0,0],[1,0,0],[0,1,0],[25,21,60]]
[[0,0,0],[1,0,0],[0,1,0],[51,38,60]]
[[0,0,0],[1,0,0],[0,1,0],[7,19,60]]
[[0,0,0],[1,0,0],[0,1,0],[18,19,60]]
[[0,0,0],[6,0,0],[0,1,0],[0,1,10]]
[[0,0,0],[1,0,0],[0,1,0],[44,27,60]]
[[0,0,0],[2,0,0],[0,1,0],[6,22,30]]
[[0,0,0],[2,0,0],[0,1,0],[6,23,30]]
[[0,0,0],[1,0,0],[0,1,0],[28,27,60]]
[[0,0,0],[1,0,0],[0,1,0],[3,3,60]]
[[0,0,0],[1,0,0],[0,1,0],[26,49,60]]
[[0,0,0],[1,0,0],[0,1,0],[28,58,60]]
[[0,0,0],[1,0,0],[1,2,0],[7,26,30]]
[[0,0,0],[1,0,0],[0,1,0],[3,7,60]]
[[0,0,0],[1,0,0],[0,1,0],[28,51,60]]
[[0,0,0],[1,0,0],[0,1,0],[9,2,60]]
[[0,0,0],[2,0,0],[0,1,0],[6,28,30]]
[[0,0,0],[1,0,0],[0,1,0],[16,17,60]]
[[0,0,0],[2,0,0],[0,1,0],[6,4,30]]
[[0,0,0],[1,0,0],[0,1,0],[34,37,60]]
[[0,0,0],[1,0,0],[1,2,0],[6,3,30]]
[[0,0,0],[1,0,0],[0,1,0],[45,56,60]]
[[0,0,0],[1,0,0],[1,2,0],[6,6,30]]
[[0,0,0],[1,0,0],[0,2,0],[6,20,30]]
[[0,0,0],[3,0,0],[0,1,0],[4,1,20]]
[[0,0,0],[1,0,0],[0,1,0],[32,34,60]]
[[0,0,0],[1,0,0],[0,1,0],[35,31,60]]
[[0,0,0],[2,0,0],[0,1,0],[25,26,30]]
[[0,0,0],[1,0,0],[0,1,0],[10,21,60]]
[[0,0,0],[1,0,0],[0,1,0],[57,34,60]]
[[0,0,0],[1,0,0],[0,1,0],[14,26,60]]
[[0,0,0],[1,0,0],[0,1,0],[59,59,60]]
[[0,0,0],[1,0,0],[0,2,0],[27,2,30]]
[[0,0,0],[1,0,0],[1,2,0],[13,28,30]]
[[0,0,0],[1,0,0],[0,1,0],[2,59,60]]
[[0,0,0],[3,0,0],[0,1,0],[4,17,20]]
[[0,0,0],[1,0,0],[0,1,0],[8,53,60]]
[[0,0,0],[1,0,0],[0,1,0],[27,39,60]]
[[0,0,0],[1,0,0],[0,1,0],[42,49,60]]
[[0,0,0],[2,0,0],[0,1,0],[25,11,30]]
[[0,0,0],[1,0,0],[0,1,0],[10,6,60]]
[[0,0,0],[2,0,0],[0,1,0],[24,29,30]]
[[0,0,0],[1,0,0],[0,1,0],[38,59,60]]
[[0,0,0],[1,0,0],[1,3,0],[3,4,20]]
[[0,0,0],[1,0,0],[0,1,0],[22,34,60]]
[[0,0,0],[1,0,0],[1,2,0],[28,21,30]]
[[0,0,0],[1,0,0],[0,2,0],[25,2,30]]
[[0,0,0],[1,0,0],[1,2,0],[7,24,30]]
[[0,0,0],[1,0,0],[1,2,0],[7,22,30]]
[[0,0,0],[1,0,0],[0,1,0],[16,33,60]]
[[0,0,0],[1,0,0],[0,1,0],[28,57,60]]
[[0,0,0],[1,0,0],[0,1,0],[24,52,60]]
[[0,0,0],[1,0,0],[0,1,0],[2,17,60]]
[[0,0,0],[1,0,0],[1,4,0],[10,5,15]]
[[0,0,0],[1,0,0],[0,1,0],[35,2,60]]
[[0,0,0],[1,0,0],[0,1,0],[28,37,60]]
[[0,0,0],[1,0,0],[0,1,0],[11,29,60]]
[[0,0,0],[1,0,0],[0,2,0],[27,18,30]]
[[0,0,0],[1,0,0],[0,2,0],[18,26,30]]
[[0,0,0],[1,0,0],[1,3,0],[13,4,20]]
[[0,0,0],[2,0,0],[0,1,0],[3,17,30]]
[[0,0,0],[1,0,0],[0,1,0],[4,7,60]]
[[0,0,0],[1,0,0],[0,1,0],[27,2,60]]
[[0,0,0],[1,0,0],[0,2,0],[29,28,30]]
[[0,0,0],[1,0,0],[0,1,0],[14,47,60]]
[[0,0,0],[1,0,0],[0,1,0],[10,1,60]]
[[0,0,0],[1,0,0],[0,1,0],[8,28,60]]
[[0,0,0],[1,0,0],[0,1,0],[14,22,60]]
[[0,0,0],[1,0,0],[0,1,0],[32,19,60]]
[[0,0,0],[1,0,0],[1,2,0],[11,12,30]]
[[0,0,0],[1,0,0],[0,1,0],[18,13,60]]
[[0,0,0],[1,0,0],[0,1,0],[10,39,60]]
[[0,0,0],[3,0,0],[0,1,0],[12,13,20]]
[[0,0,0],[1,0,0],[0,1,0],[39,22,60]]
[[0,0,0],[1,0,0],[0,1,0],[8,17,60]]
[[0,0,0],[1,0,0],[0,2,0],[17,14,30]]
[[0,0,0],[1,0,0],[1,2,0],[3,3,30]]
[[0,0,0],[1,0,0],[1,2,0],[27,26,30]]
[[0,0,0],[1,0,0],[0,1,0],[9,22,60]]
[[0,0,0],[1,0,0],[0,2,0],[9,4,30]]
[[0,0,0],[1,0,0],[0,1,0],[3,22,60]]
[[0,0,0],[1,0,0],[1,2,0],[11,8,30]]
[[0,0,0],[1,0,0],[0,1,0],[54,27,60]]
[[0,0,0],[1,0,0],[0,1,0],[25,41,60]]
[[0,0,0],[1,0,0],[0,1,0],[2,38,60]]
[[0,0,0],[1,0,0],[0,1,0],[8,21,60]]
[[0,0,0],[2,0,0],[0,1,0],[10,26,30]]
[[0,0,0],[1,0,0],[1,3,0],[17,16,20]]
[[0,0,0],[1,0,0],[0,1,0],[34,17,60]]
[[0,0,0],[1,0,0],[0,1,0],[14,41,60]]
[[0,0,0],[1,0,0],[0,1,0],[13,23,60]]
[[0,0,0],[2,0,0],[0,1,0],[3,13,30]]
[[0,0,0],[1,0,0],[0,1,0],[52,27,60]]
[[0,0,0],[2,0,0],[0,1,0],[10,21,30]]
[[0,0,0],[1,0,0],[0,1,0],[14,19,60]]
[[0,0,0],[1,0,0],[0,2,0],[2,28,30]]
[[0,0,0],[1,0,0],[0,1,0],[23,23,60]]
[[0,0,0],[5,0,0],[0,1,0],[6,1,12]]
[[0,0,0],[3,0,0],[0,1,0],[10,1,20]]
[[0,0,0],[1,0,0],[0,2,0],[9,2,30]]
[[0,0,0],[1,0,0],[0,2,0],[17,16,30]]
[[0,0,0],[1,0,0],[0,2,0],[29,2,30]]
[[0,0,0],[1,0,0],[0,2,0],[26,28,30]]
[[0,0,0],[3,0,0],[1,2,0],[1,2,10]]
[[0,0,0],[1,0,0],[0,1,0],[12,25,60]]
[[0,0,0],[1,0,0],[0,1,0],[14,38,60]]
[[0,0,0],[1,0,0],[0,1,0],[14,49,60]]
[[0,0,0],[1,0,0],[0,1,0],[22,1,60]]
[[0,0,0],[1,0,0],[0,1,0],[28,9,60]]
[[0,0,0],[1,0,0],[0,1,0],[41,41,60]]
[[0,0,0],[1,0,0],[0,1,0],[52,51,60]]
[[0,0,0],[1,0,0],[0,1,0],[4,2,60]]
[[0,0,0],[1,0,0],[0,1,0],[25,46,60]]
[[0,0,0],[1,0,0],[0,1,0],[36,25,60]]
[[0,0,0],[1,0,0],[0,1,0],[26,19,60]]
[[0,0,0],[1,0,0],[0,2,0],[21,5,30]]
[[0,0,0],[1,0,0],[0,2,0],[10,12,30]]
[[0,0,0],[1,0,0],[0,1,0],[55,56,60]]
[[0,0,0],[1,0,0],[0,1,0],[54,22,60]]
[[0,0,0],[1,0,0],[0,2,0],[3,2,30]]
[[0,0,0],[1,0,0],[0,1,0],[1,7,60]]
[[0,0,0],[1,0,0],[0,1,0],[44,52,60]]
[[0,0,0],[1,0,0],[1,2,0],[25,25,30]]
[[0,0,0],[1,0,0],[0,1,0],[11,23,60]]
[[0,0,0],[1,0,0],[0,1,0],[18,33,60]]
[[0,0,0],[1,0,0],[0,1,0],[7,13,60]]
[[0,0,0],[1,0,0],[0,1,0],[26,38,60]]
[[0,0,0],[1,0,0],[0,2,0],[5,2,30]]
[[0,0,0],[1,0,0],[0,1,0],[22,59,60]]
[[0,0,0],[1,0,0],[0,1,0],[39,31,60]]
[[0,0,0],[1,0,0],[0,1,0],[34,11,60]]
[[0,0,0],[1,0,0],[1,2,0],[1,2,30]]
[[0,0,0],[1,0,0],[0,1,0],[5,44,60]]
[[0,0,0],[1,0,0],[0,1,0],[28,38,60]]
[[0,0,0],[1,0,0],[1,2,0],[11,27,30]]
[[0,0,0],[1,0,0],[0,1,0],[33,46,60]]
[[0,0,0],[1,0,0],[1,3,0],[5,5,20]]
[[0,0,0],[1,0,0],[0,1,0],[56,59,60]]
[[0,0,0],[1,0,0],[1,3,0],[16,4,20]]
[[0,0,0],[1,0,0],[0,1,0],[42,9,60]]
[[0,0,0],[1,0,0],[0,1,0],[40,21,60]]
[[0,0,0],[1,0,0],[0,1,0],[38,58,60]]
[[0,0,0],[1,0,0],[0,1,0],[52,33,60]]
[[0,0,0],[1,0,0],[0,1,0],[50,51,60]]
[[0,0,0],[2,0,0],[0,1,0],[5,16,30]]
[[0,0,0],[1,0,0],[0,1,0],[32,44,60]]
[[0,0,0],[2,0,0],[0,1,0],[6,7,30]]
[[0,0,0],[2,0,0],[0,1,0],[3,19,30]]
[[0,0,0],[1,0,0],[0,1,0],[25,51,60]]
[[0,0,0],[1,0,0],[0,1,0],[33,22,60]]
[[0,0,0],[1,0,0],[0,2,0],[8,4,30]]
[[0,0,0],[2,0,0],[0,1,0],[15,1,30]]
[[0,0,0],[1,0,0],[0,1,0],[44,11,60]]
[[0,0,0],[1,0,0],[0,1,0],[52,34,60]]
[[0,0,0],[1,0,0],[0,1,0],[25,11,60]]
[[0,0,0],[1,0,0],[0,1,0],[22,11,60]]
[[0,0,0],[1,0,0],[0,1,0],[12,19,60]]
[[0,0,0],[1,0,0],[0,1,0],[3,1,60]]
[[0,0,0],[1,0,0],[0,1,0],[14,43,60]]
[[0,0,0],[1,0,0],[0,1,0],[3,53,60]]
[[0,0,0],[1,0,0],[0,1,0],[28,43,60]]
[[0,0,0],[1,0,0],[1,3,0],[6,8,20]]
[[0,0,0],[1,0,0],[0,1,0],[1,13,60]]
[[0,0,0],[1,0,0],[0,1,0],[2,19,60]]
[[0,0,0],[1,0,0],[0,1,0],[46,59,60]]
[[0,0,0],[2,0,0],[0,2,0],[6,6,15]]
[[0,0,0],[1,0,0],[0,1,0],[20,11,60]]
[[0,0,0],[1,0,0],[0,1,0],[8,47,60]]
[[0,0,0],[1,0,0],[0,2,0],[17,2,30]]
[[0,0,0],[1,0,0],[0,1,0],[4,39,60]]
[[0,0,0],[1,0,0],[0,1,0],[39,58,60]]
[[0,0,0],[1,0,0],[0,2,0],[11,22,30]]
[[0,0,0],[1,0,0],[0,1,0],[28,1,60]]
[[0,0,0],[1,0,0],[0,1,0],[10,3,60]]
[[0,0,0],[1,0,0],[0,1,0],[4,3,60]]
[[0,0,0],[1,0,0],[0,2,0],[14,22,30]]
[[0,0,0],[1,0,0],[0,1,0],[50,21,60]]
[[0,0,0],[1,0,0],[0,1,0],[1,11,60]]
[[0,0,0],[1,0,0],[0,1,0],[23,59,60]]
[[0,0,0],[1,0,0],[0,1,0],[9,47,60]]
[[0,0,0],[2,0,0],[0,1,0],[0,16,30]]
[[0,0,0],[1,0,0],[0,1,0],[26,59,60]]
[[0,0,0],[1,0,0],[0,1,0],[5,46,60]]
[[0,0,0],[1,0,0],[0,1,0],[24,22,60]]
[[0,0,0],[1,0,0],[0,2,0],[29,16,30]]
[[0,0,0],[1,0,0],[0,1,0],[52,9,60]]
[[0,0,0],[2,0,0],[0,1,0],[9,1,30]]
[[0,0,0],[1,0,0],[1,2,0],[3,14,30]]
[[0,0,0],[1,0,0],[0,1,0],[54,52,60]]
[[0,0,0],[1,0,0],[0,1,0],[27,59,60]]
[[0,0,0],[1,0,0],[0,1,0],[2,43,60]]
[[0,0,0],[1,0,0],[0,2,0],[20,22,30]]
[[0,0,0],[1,0,0],[0,2,0],[7,8,30]]
[[0,0,0],[1,0,0],[0,2,0],[3,16,30]]
[[0,0,0],[1,0,0],[0,1,0],[14,29,60]]
[[0,0,0],[1,0,0],[0,1,0],[22,47,60]]
[[0,0,0],[1,0,0],[0,1,0],[22,41,60]]
[[0,0,0],[1,0,0],[0,1,0],[9,1,60]]
[[0,0,0],[1,0,0],[1,2,0],[15,9,30]]
[[0,0,0],[1,0,0],[0,1,0],[58,58,60]]
[[0,0,0],[1,0,0],[3,4,0],[5,5,15]]
[[0,0,0],[1,0,0],[0,1,0],[3,31,60]]
[[0,0,0],[1,0,0],[1,2,0],[1,4,30]]
[[0,0,0],[1,0,0],[0,1,0],[26,31,60]]
[[0,0,0],[1,0,0],[0,1,0],[33,58,60]]
[[0,0,0],[1,0,0],[1,2,0],[13,21,30]]
[[0,0,0],[1,0,0],[0,1,0],[2,26,60]]
[[0,0,0],[1,0,0],[0,1,0],[44,2,60]]
[[0,0,0],[1,0,0],[0,1,0],[35,26,60]]
[[0,0,0],[1,0,0],[0,1,0],[27,1,60]]
[[0,0,0],[1,0,0],[1,2,0],[7,16,30]]
[[0,0,0],[1,0,0],[1,2,0],[5,2,30]]
[[0,0,0],[1,0,0],[0,1,0],[7,59,60]]
[[0,0,0],[1,0,0],[0,1,0],[3,49,60]]
[[0,0,0],[1,0,0],[0,1,0],[39,26,60]]
[[0,0,0],[1,0,0],[0,1,0],[26,43,60]]
[[0,0,0],[1,0,0],[0,1,0],[30,31,60]]
[[0,0,0],[3,0,0],[0,1,0],[5,11,20]]
[[0,0,0],[1,0,0],[0,1,0],[2,47,60]]
[[0,0,0],[1,0,0],[0,1,0],[20,1,60]]
[[0,0,0],[1,0,0],[0,1,0],[57,19,60]]
[[0,0,0],[3,0,0],[0,2,0],[5,2,10]]
[[0,0,0],[2,0,0],[0,1,0],[5,26,30]]
[[0,0,0],[1,0,0],[0,1,0],[4,41,60]]
[[0,0,0],[1,0,0],[0,1,0],[14,17,60]]
[[0,0,0],[1,0,0],[0,1,0],[8,33,60]]
[[0,0,0],[1,0,0],[2,3,0],[17,8,20]]
[[0,0,0],[1,0,0],[0,1,0],[7,23,60]]
[[0,0,0],[1,0,0],[0,1,0],[2,34,60]]
[[0,0,0],[1,0,0],[0,1,0],[3,33,60]]
[[0,0,0],[1,0,0],[0,1,0],[16,57,60]]
[[0,0,0],[1,0,0],[0,1,0],[27,49,60]]
[[0,0,0],[1,0,0],[0,1,0],[3,34,60]]
[[0,0,0],[2,0,0],[0,1,0],[12,1,30]]
[[0,0,0],[1,0,0],[1,2,0],[4,3,30]]
[[0,0,0],[1,0,0],[0,1,0],[2,31,60]]
[[0,0,0],[1,0,0],[0,1,0],[46,29,60]]
[[0,0,0],[2,0,0],[0,1,0],[12,16,30]]
[[0,0,0],[1,0,0],[0,1,0],[4,51,60]]
[[0,0,0],[1,0,0],[1,2,0],[19,26,30]]
[[0,0,0],[1,0,0],[0,1,0],[24,57,60]]
[[0,0,0],[1,0,0],[0,1,0],[48,28,60]]
[[0,0,0],[1,0,0],[0,3,0],[16,15,20]]
[[0,0,0],[1,0,0],[0,2,0],[3,14,30]]
[[0,0,0],[1,0,0],[0,1,0],[27,22,60]]
[[0,0,0],[1,0,0],[0,1,0],[9,13,60]]
[[0,0,0],[1,0,0],[0,1,0],[6,1,60]]
[[0,0,0],[1,0,0],[0,1,0],[33,33,60]]
[[0,0,0],[2,0,0],[0,1,0],[6,19,30]]
[[0,0,0],[1,0,0],[0,1,0],[38,29,60]]
[[0,0,0],[1,0,0],[0,1,0],[42,59,60]]
[[0,0,0],[1,0,0],[0,1,0],[42,55,60]]
[[0,0,0],[1,0,0],[0,1,0],[36,10,60]]
[[0,0,0],[1,0,0],[0,1,0],[17,41,60]]
[[0,0,0],[1,0,0],[0,1,0],[2,13,60]]
[[0,0,0],[1,0,0],[0,1,0],[32,39,60]]
[[0,0,0],[1,0,0],[0,2,0],[1,4,30]]
[[0,0,0],[1,0,0],[0,2,0],[9,26,30]]
[[0,0,0],[1,0,0],[0,1,0],[55,16,60]]
[[0,0,0],[1,0,0],[0,2,0],[2,4,30]]
[[0,0,0],[1,0,0],[0,1,0],[26,53,60]]
[[0,0,0],[2,0,0],[0,1,0],[0,1,30]]
[[0,0,0],[1,0,0],[0,1,0],[54,57,60]]
[[0,0,0],[1,0,0],[0,1,0],[51,58,60]]
[[0,0,0],[1,0,0],[0,2,0],[27,28,30]]
[[0,0,0],[1,0,0],[0,2,0],[21,2,30]]
[[0,0,0],[1,0,0],[1,2,0],[21,6,30]]
[[0,0,0],[2,0,0],[0,1,0],[10,11,30]]
[[0,0,0],[1,0,0],[0,1,0],[44,21,60]]
[[0,0,0],[1,0,0],[0,1,0],[52,29,60]]
[[0,0,0],[1,0,0],[0,1,0],[15,6,60]]
[[0,0,0],[1,0,0],[0,1,0],[9,46,60]]
[[0,0,0],[1,0,0],[0,2,0],[11,4,30]]
[[0,0,0],[1,0,0],[0,1,0],[32,57,60]]
[[0,0,0],[2,0,0],[0,1,0],[3,7,30]]
[[0,0,0],[1,0,0],[0,1,0],[4,47,60]]
[[0,0,0],[1,0,0],[0,2,0],[14,14,30]]
[[0,0,0],[1,0,0],[0,1,0],[3,26,60]]
[[0,0,0],[1,0,0],[0,2,0],[22,28,30]]
[[0,0,0],[1,0,0],[0,1,0],[1,1,60]]
[[0,0,0],[2,0,0],[0,1,0],[5,1,30]]
[[0,0,0],[1,0,0],[0,1,0],[18,23,60]]
[[0,0,0],[1,0,0],[1,3,0],[16,12,20]]
[[0,0,0],[1,0,0],[0,1,0],[51,14,60]]
[[0,0,0],[1,0,0],[0,1,0],[39,38,60]]
[[0,0,0],[1,0,0],[0,1,0],[12,49,60]]
[[0,0,0],[1,0,0],[0,2,0],[21,14,30]]
[[0,0,0],[1,0,0],[0,1,0],[50,23,60]]
[[0,0,0],[1,0,0],[0,1,0],[57,59,60]]
[[0,0,0],[1,0,0],[0,1,0],[35,44,60]]
[[0,0,0],[2,0,0],[0,1,0],[15,16,30]]
[[0,0,0],[1,0,0],[0,4,0],[6,10,15]]
[[0,0,0],[1,0,0],[0,1,0],[5,2,60]]
[[0,0,0],[1,0,0],[0,1,0],[12,34,60]]
[[0,0,0],[1,0,0],[0,1,0],[52,57,60]]
[[0,0,0],[1,0,0],[0,1,0],[12,37,60]]
[[0,0,0],[3,0,0],[0,1,0],[10,11,20]]
[[0,0,0],[1,0,0],[0,2,0],[9,24,30]]
[[0,0,0],[1,0,0],[0,1,0],[45,31,60]]
[[0,0,0],[1,0,0],[0,1,0],[44,33,60]]
[[0,0,0],[1,0,0],[0,1,0],[7,17,60]]
[[0,0,0],[1,0,0],[0,1,0],[18,31,60]]
[[0,0,0],[1,0,0],[0,2,0],[21,8,30]]
[[0,0,0],[1,0,0],[0,1,0],[2,2,60]]
[[0,0,0],[1,0,0],[1,2,0],[1,27,30]]
[[0,0,0],[1,0,0],[0,1,0],[20,21,60]]
[[0,0,0],[1,0,0],[0,1,0],[2,23,60]]
[[0,0,0],[1,0,0],[0,1,0],[3,38,60]]
[[0,0,0],[1,0,0],[0,1,0],[12,29,60]]
[[0,0,0],[1,0,0],[0,1,0],[9,27,60]]
[[0,0,0],[1,0,0],[0,1,0],[7,7,60]]
[[0,0,0],[1,0,0],[0,1,0],[8,3,60]]
[[0,0,0],[1,0,0],[0,1,0],[8,59,60]]
[[0,0,0],[1,0,0],[0,1,0],[8,38,60]]
[[0,0,0],[1,0,0],[0,1,0],[4,49,60]]
[[0,0,0],[1,0,0],[0,1,0],[5,32,60]]
[[0,0,0],[2,0,0],[0,1,0],[24,22,30]]
[[0,0,0],[1,0,0],[1,3,0],[11,8,20]]
[[0,0,0],[1,0,0],[0,1,0],[16,49,60]]
[[0,0,0],[1,0,0],[0,1,0],[58,59,60]]
[[0,0,0],[1,0,0],[0,1,0],[21,58,60]]
[[0,0,0],[1,0,0],[0,1,0],[9,31,60]]
[[0,0,0],[1,0,0],[0,1,0],[4,17,60]]
[[0,0,0],[1,0,0],[0,2,0],[1,2,30]]
[[0,0,0],[1,0,0],[1,2,0],[13,4,30]]
[[0,0,0],[1,0,0],[0,2,0],[19,2,30]]
[[0,0,0],[2,0,0],[0,1,0],[18,2,30]]
[[0,0,0],[1,0,0],[0,1,0],[39,14,60]]
[[0,0,0],[1,0,0],[0,1,0],[32,14,60]]
[[0,0,0],[1,0,0],[0,2,0],[4,4,30]]
[[0,0,0],[1,0,0],[0,1,0],[10,51,60]]
[[0,0,0],[1,0,0],[0,1,0],[4,53,60]]
[[0,0,0],[1,0,0],[0,2,0],[3,6,30]]
[[0,0,0],[1,0,0],[1,3,0],[9,12,20]]
[[0,0,0],[1,0,0],[0,1,0],[35,8,60]]
[[0,0,0],[2,0,0],[0,1,0],[24,19,30]]
[[0,0,0],[1,0,0],[1,2,0],[19,3,30]]
[[0,0,0],[1,0,0],[0,1,0],[44,29,60]]
[[0,0,0],[1,0,0],[0,1,0],[33,31,60]]
[[0,0,0],[1,0,0],[0,1,0],[35,38,60]]
[[0,0,0],[1,0,0],[0,2,0],[7,2,30]]
[[0,0,0],[1,0,0],[0,1,0],[24,17,60]]
[[0,0,0],[1,0,0],[0,1,0],[6,31,60]]
[[0,0,0],[1,0,0],[0,1,0],[2,53,60]]
[[0,0,0],[1,0,0],[0,1,0],[4,1,60]]
[[0,0,0],[2,0,0],[0,1,0],[18,28,30]]
[[0,0,0],[1,0,0],[0,1,0],[21,49,60]]
[[0,0,0],[2,0,0],[0,1,0],[18,22,30]]
[[0,0,0],[1,0,0],[0,1,0],[27,58,60]]
[[0,0,0],[1,0,0],[0,1,0],[6,13,60]]
[[0,0,0],[1,0,0],[0,1,0],[12,9,60]]
[[0,0,0],[1,0,0],[1,2,0],[16,12,30]]
[[0,0,0],[1,0,0],[0,1,0],[18,58,60]]
[[0,0,0],[1,0,0],[1,2,0],[1,8,30]]
[[0,0,0],[1,0,0],[0,1,0],[10,11,60]]
[[0,0,0],[1,0,0],[0,1,0],[35,51,60]]
[[0,0,0],[1,0,0],[0,1,0],[4,37,60]]
[[0,0,0],[1,0,0],[0,1,0],[42,25,60]]
[[0,0,0],[1,0,0],[0,1,0],[48,58,60]]
[[0,0,0],[1,0,0],[0,2,0],[2,22,30]]
[[0,0,0],[1,0,0],[0,2,0],[19,4,30]]
[[0,0,0],[1,0,0],[0,1,0],[48,25,60]]
[[0,0,0],[1,0,0],[0,1,0],[44,59,60]]
[[0,0,0],[1,0,0],[1,3,0],[1,8,20]]
[[0,0,0],[1,0,0],[0,1,0],[13,17,60]]
[[0,0,0],[1,0,0],[0,1,0],[57,58,60]]
[[0,0,0],[1,0,0],[0,1,0],[22,43,60]]
[[0,0,0],[1,0,0],[0,1,0],[10,41,60]]
[[0,0,0],[1,0,0],[0,1,0],[8,23,60]]
[[0,0,0],[1,0,0],[0,1,0],[26,26,60]]
[[0,0,0],[1,0,0],[0,1,0],[28,13,60]]
[[0,0,0],[1,0,0],[0,1,0],[3,23,60]]
[[0,0,0],[1,0,0],[0,1,0],[14,59,60]]
[[0,0,0],[1,0,0],[0,1,0],[0,1,60]]
[[0,0,0],[1,0,0],[0,1,0],[2,1,60]]
[[0,0,0],[2,0,0],[0,1,0],[10,16,30]]
[[0,0,0],[1,0,0],[0,1,0],[8,41,60]]
[[0,0,0],[2,0,0],[0,1,0],[6,1,30]]
[[0,0,0],[1,0,0],[0,1,0],[16,9,60]]
[[0,0,0],[1,0,0],[0,1,0],[52,3,60]]
[[0,0,0],[1,0,0],[0,1,0],[33,34,60]]
[[0,0,0],[1,0,0],[0,1,0],[1,19,60]]
[[0,0,0],[1,0,0],[1,2,0],[25,8,30]]
[[0,0,0],[1,0,0],[0,1,0],[21,22,60]]
[[0,0,0],[4,0,0],[0,1,0],[10,11,15]]
[[0,0,0],[1,0,0],[0,2,0],[5,12,30]]
[[0,0,0],[1,0,0],[0,1,0],[3,43,60]]
[[0,0,0],[1,0,0],[0,1,0],[16,1,60]]
[[0,0,0],[1,0,0],[1,2,0],[6,21,30]]
[[0,0,0],[1,0,0],[0,1,0],[11,19,60]]
[[0,0,0],[1,0,0],[0,1,0],[5,26,60]]
[[0,0,0],[1,0,0],[0,2,0],[14,9,30]]
[[0,0,0],[1,0,0],[0,1,0],[36,55,60]]
[[0,0,0],[1,0,0],[0,1,0],[26,23,60]]
[[0,0,0],[1,0,0],[0,1,0],[33,37,60]]
[[0,0,0],[1,0,0],[0,1,0],[2,49,60]]
[[0,0,0],[1,0,0],[0,2,0],[15,2,30]]
[[0,0,0],[1,0,0],[0,1,0],[27,46,60]]
[[0,0,0],[1,0,0],[0,1,0],[54,19,60]]
[[0,0,0],[1,0,0],[0,1,0],[39,34,60]]
[[0,0,0],[2,0,0],[0,1,0],[3,1,30]]
[[0,0,0],[1,0,0],[0,1,0],[17,23,60]]
[[0,0,0],[1,0,0],[1,2,0],[13,14,30]]
[[0,0,0],[1,0,0],[0,2,0],[17,28,30]]
[[0,0,0],[1,0,0],[0,3,0],[6,15,20]]
[[0,0,0],[1,0,0],[2,3,0],[0,12,20]]
[[0,0,0],[1,0,0],[0,1,0],[21,19,60]]
[[0,0,0],[1,0,0],[0,1,0],[18,3,60]]
[[0,0,0],[1,0,0],[0,2,0],[4,9,30]]
[[0,0,0],[1,0,0],[1,2,0],[21,27,30]]
[[0,0,0],[1,0,0],[1,2,0],[10,25,30]]
[[0,0,0],[1,0,0],[0,1,0],[42,4,60]]
[[0,0,0],[1,0,0],[0,2,0],[29,14,30]]
[[0,0,0],[1,0,0],[0,1,0],[50,41,60]]
[[0,0,0],[1,0,0],[0,2,0],[8,16,30]]
[[0,0,0],[1,0,0],[0,1,0],[38,19,60]]
[[0,0,0],[1,0,0],[1,2,0],[13,2,30]]
[[0,0,0],[1,0,0],[0,1,0],[18,49,60]]
[[0,0,0],[3,0,0],[0,1,0],[4,13,20]]
[[0,0,0],[1,0,0],[0,1,0],[51,34,60]]
[[0,0,0],[1,0,0],[1,2,0],[3,9,30]]
[[0,0,0],[1,0,0],[0,2,0],[7,4,30]]
[[0,0,0],[1,0,0],[0,1,0],[5,31,60]]
[[0,0,0],[1,0,0],[0,1,0],[25,56,60]]
[[0,0,0],[2,0,0],[0,1,0],[12,4,30]]
[[0,0,0],[1,0,0],[0,1,0],[34,47,60]]
[[0,0,0],[1,0,0],[0,1,0],[6,43,60]]
[[0,0,0],[2,0,0],[0,1,0],[20,11,30]]
[[0,0,0],[5,0,0],[0,1,0],[6,7,12]]
[[0,0,0],[1,0,0],[1,2,0],[11,2,30]]
[[0,0,0],[1,0,0],[0,1,0],[38,7,60]]
[[0,0,0],[1,0,0],[0,1,0],[6,19,60]]
[[0,0,0],[1,0,0],[0,1,0],[4,29,60]]
[[0,0,0],[1,0,0],[0,1,0],[9,19,60]]
[[0,0,0],[2,0,0],[0,2,0],[10,12,15]]
[[0,0,0],[1,0,0],[0,1,0],[5,14,60]]
[[0,0,0],[1,0,0],[0,1,0],[18,43,60]]
[[0,0,0],[1,0,0],[0,1,0],[32,9,60]]
[[0,0,0],[1,0,0],[0,1,0],[27,7,60]]
[[0,0,0],[1,0,0],[0,1,0],[25,1,60]]
[[0,0,0],[1,0,0],[1,2,0],[7,8,30]]
[[0,0,0],[1,0,0],[0,1,0],[33,53,60]]
[[0,0,0],[3,0,0],[0,1,0],[8,9,20]]
[[0,0,0],[1,0,0],[0,1,0],[8,9,60]]
[[0,0,0],[1,0,0],[0,2,0],[7,28,30]]
[[0,0,0],[1,0,0],[0,1,0],[8,57,60]]
[[0,0,0],[1,0,0],[0,1,0],[25,26,60]]
[[0,0,0],[1,0,0],[0,2,0],[9,14,30]]
[[0,0,0],[1,0,0],[0,1,0],[17,29,60]]
[[0,0,0],[1,0,0],[0,1,0],[50,11,60]]
[[0,0,0],[1,0,0],[1,3,0],[7,16,20]]
[[0,0,0],[1,0,0],[0,2,0],[17,22,30]]
[[0,0,0],[3,0,0],[0,1,0],[16,19,20]]
[[0,0,0],[1,0,0],[0,2,0],[27,8,30]]
[[0,0,0],[1,0,0],[1,2,0],[9,21,30]]
[[0,0,0],[1,0,0],[0,1,0],[35,56,60]]
[[0,0,0],[1,0,0],[0,1,0],[32,53,60]]
[[0,0,0],[1,0,0],[0,1,0],[22,13,60]]
[[0,0,0],[1,0,0],[0,1,0],[3,46,60]]
[[0,0,0],[1,0,0],[0,1,0],[16,27,60]]
[[0,0,0],[1,0,0],[0,1,0],[28,3,60]]
[[0,0,0],[1,0,0],[0,1,0],[2,7,60]]
[[0,0,0],[1,0,0],[0,1,0],[16,21,60]]
[[0,0,0],[1,0,0],[0,2,0],[25,27,30]]
[[0,0,0],[2,0,0],[0,2,0],[5,12,15]]
[[0,0,0],[1,0,0],[0,1,0],[56,29,60]]
[[0,0,0],[1,0,0],[0,1,0],[5,38,60]]
[[0,0,0],[1,0,0],[0,1,0],[10,31,60]]
[[0,0,0],[1,0,0],[0,1,0],[8,1,60]]
[[0,0,0],[1,0,0],[1,2,0],[1,12,30]]
[[0,0,0],[1,0,0],[0,1,0],[32,17,60]]
[[0,0,0],[1,0,0],[0,1,0],[4,32,60]]
[[0,0,0],[2,0,0],[0,1,0],[9,19,30]]
[[0,0,0],[1,0,0],[1,2,0],[15,3,30]]
[[0,0,0],[1,0,0],[0,1,0],[50,56,60]]
[[0,0,0],[1,0,0],[0,1,0],[17,59,60]]
[[0,0,0],[1,0,0],[0,1,0],[18,53,60]]
[[0,0,0],[1,0,0],[0,1,0],[4,13,60]]
[[0,0,0],[1,0,0],[0,1,0],[35,11,60]]
[[0,0,0],[1,0,0],[0,1,0],[31,31,60]]
[[0,0,0],[1,0,0],[1,2,0],[6,18,30]]
[[0,0,0],[1,0,0],[1,2,0],[22,9,30]]
[[0,0,0],[1,0,0],[0,1,0],[14,37,60]]
[[0,0,0],[1,0,0],[1,2,0],[25,10,30]]
[[0,0,0],[1,0,0],[0,1,0],[44,41,60]]
[[0,0,0],[1,0,0],[0,1,0],[16,3,60]]
[[0,0,0],[1,0,0],[0,1,0],[51,2,60]]
[[0,0,0],[1,0,0],[0,2,0],[8,21,30]]
[[0,0,0],[1,0,0],[0,2,0],[28,21,30]]
[[0,0,0],[1,0,0],[0,1,0],[21,1,60]]
[[0,0,0],[1,0,0],[0,2,0],[29,4,30]]
[[0,0,0],[1,0,0],[1,2,0],[7,2,30]]
[[0,0,0],[1,0,0],[0,2,0],[2,16,30]]
[[0,0,0],[1,0,0],[0,1,0],[6,55,60]]
[[0,0,0],[1,0,0],[0,1,0],[27,14,60]]
[[0,0,0],[1,0,0],[0,2,0],[5,22,30]]
[[0,0,0],[1,0,0],[0,1,0],[21,34,60]]
[[0,0,0],[1,0,0],[0,1,0],[44,57,60]]
[[0,0,0],[1,0,0],[1,2,0],[21,18,30]]
[[0,0,0],[1,0,0],[0,1,0],[16,29,60]]
[[0,0,0],[1,0,0],[1,2,0],[27,27,30]]
[[0,0,0],[1,0,0],[0,1,0],[9,57,60]]
[[0,0,0],[1,0,0],[0,1,0],[35,46,60]]
[[0,0,0],[1,0,0],[0,1,0],[24,1,60]]
[[0,0,0],[1,0,0],[0,1,0],[8,37,60]]
[[0,0,0],[1,0,0],[0,1,0],[36,49,60]]
[[0,0,0],[1,0,0],[0,1,0],[15,26,60]]
[[0,0,0],[1,0,0],[0,1,0],[2,29,60]]
[[0,0,0],[1,0,0],[0,1,0],[35,14,60]]
[[0,0,0],[3,0,0],[0,1,0],[16,9,20]]
[[0,0,0],[1,0,0],[0,1,0],[5,1,60]]
[[0,0,0],[1,0,0],[0,1,0],[34,29,60]]
[[0,0,0],[1,0,0],[0,1,0],[51,19,60]]
[[0,0,0],[1,0,0],[1,2,0],[26,27,30]]
[[0,0,0],[1,0,0],[0,2,0],[29,22,30]]
[[0,0,0],[1,0,0],[1,2,0],[9,4,30]]
[[0,0,0],[1,0,0],[0,1,0],[18,55,60]]
[[0,0,0],[1,0,0],[0,1,0],[31,41,60]]
[[0,0,0],[1,0,0],[0,1,0],[44,22,60]]
[[0,0,0],[1,0,0],[0,1,0],[15,16,60]]
[[0,0,0],[1,0,0],[0,1,0],[33,38,60]]
[[0,0,0],[1,0,0],[0,1,0],[3,2,60]]
[[0,0,0],[1,0,0],[0,1,0],[42,7,60]]
[[0,0,0],[1,0,0],[0,1,0],[5,8,60]]
[[0,0,0],[1,0,0],[0,2,0],[7,22,30]]
[[0,0,0],[1,0,0],[0,1,0],[28,39,60]]
[[0,0,0],[1,0,0],[1,2,0],[21,22,30]]
[[0,0,0],[3,0,0],[0,1,0],[4,9,20]]
[[0,0,0],[1,0,0],[0,1,0],[17,17,60]]
[[0,0,0],[1,0,0],[0,1,0],[8,29,60]]
[[0,0,0],[1,0,0],[0,1,0],[45,46,60]]
[[0,0,0],[1,0,0],[0,1,0],[7,11,60]]
[[0,0,0],[4,0,0],[0,1,0],[0,1,15]]
[[0,0,0],[1,0,0],[0,1,0],[8,58,60]]
[[0,0,0],[1,0,0],[0,1,0],[18,25,60]]
[[0,0,0],[1,0,0],[0,1,0],[14,31,60]]
[[0,0,0],[1,0,0],[0,1,0],[55,21,60]]
[[0,0,0],[1,0,0],[1,2,0],[9,2,30]]
[[0,0,0],[2,0,0],[0,1,0],[20,21,30]]
[[0,0,0],[1,0,0],[0,1,0],[34,41,60]]
[[0,0,0],[1,0,0],[0,1,0],[11,17,60]]
[[0,0,0],[5,0,0],[0,1,0],[0,1,12]]
[[0,0,0],[1,0,0],[0,1,0],[8,11,60]]
[[0,0,0],[1,0,0],[0,1,0],[50,26,60]]
[[0,0,0],[1,0,0],[0,1,0],[32,23,60]]
[[0,0,0],[1,0,0],[0,1,0],[3,37,60]]
[[0,0,0],[1,0,0],[0,1,0],[39,46,60]]
[[0,0,0],[1,0,0],[0,2,0],[17,8,30]]
[[0,0,0],[1,0,0],[0,1,0],[6,7,60]]
[[0,0,0],[1,0,0],[0,1,0],[54,55,60]]
[[0,0,0],[1,0,0],[0,2,0],[3,26,30]]
[[0,0,0],[1,0,0],[0,2,0],[6,5,30]]
[[0,0,0],[1,0,0],[0,1,0],[35,32,60]]
[[0,0,0],[1,0,0],[0,1,0],[4,9,60]]
[[0,0,0],[1,0,0],[0,1,0],[51,46,60]]
[[0,0,0],[1,0,0],[0,1,0],[55,51,60]]
[[0,0,0],[1,0,0],[0,1,0],[14,7,60]]
[[0,0,0],[1,0,0],[0,1,0],[32,33,60]]
[[0,0,0],[1,0,0],[1,2,0],[11,4,30]]
[[0,0,0],[1,0,0],[0,1,0],[10,27,60]]
[[0,0,0],[2,0,0],[0,1,0],[6,13,30]]
[[0,0,0],[1,0,0],[0,1,0],[22,17,60]]
[[0,0,0],[1,0,0],[0,1,0],[22,53,60]]
[[0,0,0],[1,0,0],[0,1,0],[9,34,60]]
[[0,0,0],[2,0,0],[0,2,0],[3,9,15]]
[[0,0,0],[1,0,0],[0,1,0],[26,1,60]]
[[0,0,0],[1,0,0],[1,2,0],[1,14,30]]
[[0,0,0],[1,0,0],[0,1,0],[42,34,60]]
[[0,0,0],[2,0,0],[0,1,0],[12,28,30]]
[[0,0,0],[2,0,0],[0,1,0],[20,26,30]]
[[0,0,0],[1,0,0],[0,1,0],[32,47,60]]
[[0,0,0],[1,0,0],[0,1,0],[14,11,60]]
[[0,0,0],[2,0,0],[0,1,0],[27,19,30]]
[[0,0,0],[1,0,0],[0,1,0],[7,29,60]]
[[0,0,0],[1,0,0],[1,2,0],[7,4,30]]
[[0,0,0],[1,0,0],[0,1,0],[9,7,60]]
[[0,0,0],[1,0,0],[0,1,0],[55,11,60]]
[[0,0,0],[1,0,0],[0,1,0],[40,41,60]]
[[0,0,0],[1,0,0],[0,1,0],[7,49,60]]
[[0,0,0],[1,0,0],[0,1,0],[51,26,60]]
[[0,0,0],[1,0,0],[0,1,0],[52,21,60]]
[[0,0,0],[1,0,0],[0,1,0],[9,58,60]]
[[0,0,0],[1,0,0],[1,2,0],[9,9,30]]
[[0,0,0],[1,0,0],[0,1,0],[11,13,60]]
[[0,0,0],[1,0,0],[0,2,0],[25,22,30]]
[[0,0,0],[1,0,0],[1,3,0],[19,12,20]]
[[0,0,0],[1,0,0],[0,1,0],[42,39,60]]
[[0,0,0],[1,0,0],[0,1,0],[35,16,60]]
[[0,0,0],[2,0,0],[0,1,0],[6,16,30]]
[[0,0,0],[2,0,0],[0,1,0],[9,13,30]]
[[0,0,0],[1,0,0],[0,1,0],[9,43,60]]
[[0,0,0],[1,0,0],[0,1,0],[16,39,60]]
[[0,0,0],[3,0,0],[0,1,0],[5,1,20]]
[[0,0,0],[1,0,0],[1,2,0],[16,27,30]]
[[0,0,0],[1,0,0],[0,1,0],[21,46,60]]
[[0,0,0],[1,0,0],[1,2,0],[19,18,30]]
[[0,0,0],[1,0,0],[0,1,0],[5,41,60]]
[[0,0,0],[1,0,0],[0,1,0],[3,14,60]]
[[0,0,0],[1,0,0],[0,1,0],[32,29,60]]
[[0,0,0],[1,0,0],[0,2,0],[25,12,30]]
[[0,0,0],[1,0,0],[0,1,0],[13,13,60]]
[[0,0,0],[1,0,0],[1,2,0],[19,28,30]]
[[0,0,0],[1,0,0],[0,1,0],[39,57,60]]
[[0,0,0],[1,0,0],[1,2,0],[21,21,30]]
[[0,0,0],[1,0,0],[0,1,0],[12,4,60]]
[[0,0,0],[1,0,0],[1,2,0],[27,3,30]]
[[0,0,0],[1,0,0],[0,1,0],[55,46,60]]
[[0,0,0],[1,0,0],[0,2,0],[11,2,30]]
[[0,0,0],[2,0,0],[0,1,0],[5,11,30]]
[[0,0,0],[1,0,0],[0,1,0],[8,8,60]]
[[0,0,0],[1,0,0],[0,2,0],[17,4,30]]
[[0,0,0],[2,0,0],[0,1,0],[12,19,30]]
[[0,0,0],[1,0,0],[0,2,0],[11,14,30]]
[[0,0,0],[1,0,0],[0,1,0],[14,14,60]]
[[0,0,0],[1,0,0],[0,1,0],[20,41,60]]
[[0,0,0],[1,0,0],[0,1,0],[18,1,60]]
[[0,0,0],[1,0,0],[0,2,0],[14,28,30]]
[[0,0,0],[1,0,0],[0,1,0],[2,11,60]]
[[0,0,0],[1,0,0],[0,1,0],[28,28,60]]
[[0,0,0],[1,0,0],[0,1,0],[24,7,60]]
[[0,0,0],[1,0,0],[0,1,0],[45,36,60]]
[[0,0,0],[1,0,0],[0,1,0],[17,47,60]]
[[0,0,0],[1,0,0],[1,2,0],[3,8,30]]
[[0,0,0],[1,0,0],[0,1,0],[4,21,60]]
[[0,0,0],[1,0,0],[0,1,0],[18,28,60]]
[[0,0,0],[3,0,0],[0,1,0],[4,3,20]]
[[0,0,0],[1,0,0],[0,1,0],[45,16,60]]
[[0,0,0],[1,0,0],[0,1,0],[6,49,60]]
[[0,0,0],[1,0,0],[0,1,0],[34,59,60]]
[[0,0,0],[1,0,0],[0,1,0],[57,22,60]]
[[0,0,0],[1,0,0],[0,1,0],[2,37,60]]
[[0,0,0],[1,0,0],[0,3,0],[6,5,20]]
[[0,0,0],[1,0,0],[0,1,0],[6,35,60]]
[[0,0,0],[1,0,0],[0,1,0],[57,46,60]]
[[0,0,0],[1,0,0],[0,1,0],[52,59,60]]
[[0,0,0],[1,0,0],[0,1,0],[22,31,60]]
[[0,0,0],[1,0,0],[0,1,0],[1,29,60]]
[[0,0,0],[1,0,0],[0,1,0],[5,21,60]]
[[0,0,0],[1,0,0],[0,1,0],[3,19,60]]
[[0,0,0],[1,0,0],[0,1,0],[21,7,60]]
[[0,0,0],[1,0,0],[0,1,0],[15,1,60]]
[[0,0,0],[1,0,0],[0,1,0],[46,23,60]]
[[0,0,0],[1,0,0],[0,1,0],[13,53,60]]
[[0,0,0],[1,0,0],[0,1,0],[27,38,60]]
[[0,0,0],[1,0,0],[0,1,0],[6,5,60]]
[[0,0,0],[1,0,0],[0,2,0],[12,8,30]]
[[0,0,0],[1,0,0],[0,1,0],[42,29,60]]
[[0,0,0],[1,0,0],[1,2,0],[11,26,30]]
[[0,0,0],[1,0,0],[2,3,0],[4,4,20]]
[[0,0,0],[1,0,0],[0,1,0],[4,52,60]]
[[0,0,0],[1,0,0],[2,3,0],[7,8,20]]
[[0,0,0],[4,0,0],[0,1,0],[5,1,15]]
[[0,0,0],[1,0,0],[0,2,0],[4,14,30]]
[[0,0,0],[1,0,0],[0,2,0],[2,3,30]]
[[0,0,0],[1,0,0],[1,2,0],[11,28,30]]
[[0,0,0],[1,0,0],[0,1,0],[51,22,60]]
[[0,0,0],[1,0,0],[0,1,0],[12,1,60]]
[[0,0,0],[1,0,0],[0,1,0],[4,57,60]]
[[0,0,0],[1,0,0],[0,1,0],[2,14,60]]
[[0,0,0],[1,0,0],[1,2,0],[1,22,30]]
[[0,0,0],[1,0,0],[0,1,0],[4,33,60]]
[[0,0,0],[1,0,0],[0,1,0],[6,25,60]]
[[0,0,0],[1,0,0],[0,1,0],[56,9,60]]
[[0,0,0],[1,0,0],[0,1,0],[50,59,60]]
[[0,0,0],[2,0,0],[0,1,0],[6,8,30]]
[[0,0,0],[1,0,0],[0,1,0],[52,39,60]]
[[0,0,0],[1,0,0],[0,1,0],[28,21,60]]
[[0,0,0],[1,0,0],[2,4,0],[11,10,15]]
[[0,0,0],[1,0,0],[0,2,0],[22,3,30]]
[[0,0,0],[1,0,0],[0,1,0],[50,35,60]]
[[0,0,0],[1,0,0],[1,2,0],[21,3,30]]
[[0,0,0],[1,0,0],[0,1,0],[27,19,60]]
[[0,0,0],[2,0,0],[0,1,0],[10,1,30]]
[[0,0,0],[1,0,0],[0,1,0],[5,11,60]]
[[0,0,0],[1,0,0],[0,1,0],[22,29,60]]
[[0,0,0],[1,0,0],[0,1,0],[30,1,60]]
[[0,0,0],[1,0,0],[0,1,0],[32,49,60]]
[[0,0,0],[1,0,0],[1,2,0],[13,6,30]]
[[0,0,0],[1,0,0],[0,1,0],[48,33,60]]
[[0,0,0],[1,0,0],[0,1,0],[24,37,60]]
[[0,0,0],[1,0,0],[0,1,0],[33,13,60]]
[[0,0,0],[1,0,0],[0,1,0],[16,51,60]]
[[0,0,0],[1,0,0],[0,1,0],[5,56,60]]
[[0,0,0],[1,0,0],[0,1,0],[5,51,60]]
[[0,0,0],[1,0,0],[0,1,0],[40,51,60]]
[[0,0,0],[1,0,0],[0,1,0],[27,29,60]]
[[0,0,0],[2,0,0],[0,1,0],[24,14,30]]
[[0,0,0],[1,0,0],[0,2,0],[1,8,30]]
[[0,0,0],[1,0,0],[0,1,0],[15,31,60]]
[[0,0,0],[1,0,0],[0,1,0],[2,41,60]]
[[0,0,0],[1,0,0],[0,1,0],[28,33,60]]
[[0,0,0],[1,0,0],[0,1,0],[34,7,60]]
[[0,0,0],[1,0,0],[0,1,0],[14,1,60]]
[[0,0,0],[4,0,0],[0,1,0],[5,11,15]]
[[0,0,0],[1,0,0],[0,1,0],[26,29,60]]
[[0,0,0],[1,0,0],[0,1,0],[27,34,60]]
[[0,0,0],[1,0,0],[0,1,0],[5,16,60]]
[[0,0,0],[1,0,0],[0,1,0],[52,14,60]]
[[0,0,0],[1,0,0],[1,6,0],[5,0,10]]
[[0,0,0],[1,0,0],[0,1,0],[36,5,60]]
[[0,0,0],[1,0,0],[0,2,0],[3,8,30]]
