[[0,0,0],[1,0,0],[0,1,0],[4,11,65]]
[[0,0,0],[1,0,0],[0,1,0],[9,21,65]]
[[0,0,0],[1,0,0],[0,1,0],[3,29,65]]
[[0,0,0],[1,0,0],[0,1,0],[4,47,65]]
[[0,0,0],[1,0,0],[0,1,0],[5,22,65]]
[[0,0,0],[1,0,0],[0,1,0],[2,44,65]]
[[0,0,0],[1,0,0],[0,1,0],[35,31,65]]
[[0,0,0],[1,0,0],[0,1,0],[12,64,65]]
[[0,0,0],[1,0,0],[0,1,0],[15,1,65]]
[[0,0,0],[1,0,0],[0,1,0],[7,9,65]]
[[0,0,0],[1,0,0],[0,1,0],[5,56,65]]
[[0,0,0],[1,0,0],[0,1,0],[8,23,65]]
[[0,0,0],[1,0,0],[0,1,0],[5,11,65]]
[[0,0,0],[1,0,0],[0,1,0],[41,64,65]]
[[0,0,0],[1,0,0],[0,1,0],[9,17,65]]
[[0,0,0],[1,0,0],[0,1,0],[2,34,65]]
[[0,0,0],[1,0,0],[0,1,0],[19,42,65]]
[[0,0,0],[1,0,0],[0,1,0],[10,36,65]]
[[0,0,0],[1,0,0],[0,1,0],[14,16,65]]
[[0,0,0],[1,0,0],[0,1,0],[16,24,65]]
[[0,0,0],[1,0,0],[0,1,0],[2,9,65]]
[[0,0,0],[1,0,0],[0,1,0],[1,6,65]]
[[0,0,0],[1,0,0],[0,1,0],[39,40,65]]
[[0,0,0],[1,0,0],[0,1,0],[30,6,65]]
[[0,0,0],[1,0,0],[0,1,0],[18,43,65]]
[[0,0,0],[1,0,0],[0,1,0],[7,62,65]]
[[0,0,0],[1,0,0],[0,1,0],[15,56,65]]
[[0,0,0],[1,0,0],[0,1,0],[20,20,65]]
[[0,0,0],[1,0,0],[0,1,0],[6,9,65]]
[[0,0,0],[1,0,0],[0,1,0],[9,59,65]]
[[0,0,0],[1,0,0],[0,1,0],[5,35,65]]
[[0,0,0],[1,0,0],[0,1,0],[4,17,65]]
[[0,0,0],[1,0,0],[0,1,0],[26,40,65]]
[[0,0,0],[1,0,0],[0,1,0],[2,12,65]]
[[0,0,0],[1,0,0],[0,1,0],[3,8,65]]
[[0,0,0],[1,0,0],[0,1,0],[8,27,65]]
[[0,0,0],[1,0,0],[0,1,0],[15,51,65]]
[[0,0,0],[1,0,0],[0,1,0],[20,1,65]]
[[0,0,0],[1,0,0],[0,1,0],[4,7,65]]
[[0,0,0],[1,0,0],[0,1,0],[43,43,65]]
[[0,0,0],[1,0,0],[0,1,0],[17,51,65]]
[[0,0,0],[1,0,0],[0,1,0],[13,1,65]]
[[0,0,0],[1,0,0],[0,1,0],[3,16,65]]
[[0,0,0],[1,0,0],[0,1,0],[55,24,65]]
[[0,0,0],[1,0,0],[0,1,0],[12,18,65]]
[[0,0,0],[1,0,0],[0,1,0],[2,28,65]]
[[0,0,0],[1,0,0],[0,1,0],[8,32,65]]
[[0,0,0],[1,0,0],[0,1,0],[3,27,65]]
[[0,0,0],[1,0,0],[0,1,0],[16,23,65]]
[[0,0,0],[1,0,0],[0,1,0],[1,2,65]]
[[0,0,0],[1,0,0],[0,1,0],[2,19,65]]
[[0,0,0],[1,0,0],[0,1,0],[17,23,65]]
[[0,0,0],[1,0,0],[0,1,0],[3,53,65]]
[[0,0,0],[1,0,0],[0,1,0],[1,4,65]]
[[0,0,0],[1,0,0],[0,1,0],[8,14,65]]
[[0,0,0],[1,0,0],[0,1,0],[2,64,65]]
[[0,0,0],[1,0,0],[0,1,0],[10,21,65]]
[[0,0,0],[1,0,0],[0,1,0],[2,59,65]]
[[0,0,0],[1,0,0],[0,1,0],[1,18,65]]
[[0,0,0],[1,0,0],[0,1,0],[20,33,65]]
[[0,0,0],[1,0,0],[0,1,0],[10,17,65]]
[[0,0,0],[1,0,0],[0,1,0],[7,61,65]]
[[0,0,0],[1,0,0],[0,1,0],[35,51,65]]
[[0,0,0],[1,0,0],[0,1,0],[2,32,65]]
[[0,0,0],[1,0,0],[0,1,0],[5,16,65]]
[[0,0,0],[1,0,0],[0,1,0],[10,16,65]]
[[0,0,0],[1,0,0],[0,1,0],[3,28,65]]
[[0,0,0],[1,0,0],[0,1,0],[3,6,65]]
[[0,0,0],[1,0,0],[0,1,0],[27,64,65]]
[[0,0,0],[1,0,0],[0,1,0],[8,29,65]]
[[0,0,0],[1,0,0],[0,1,0],[2,6,65]]
[[0,0,0],[1,0,0],[0,1,0],[10,46,65]]
[[0,0,0],[1,0,0],[0,1,0],[17,54,65]]
[[0,0,0],[1,0,0],[0,1,0],[5,31,65]]
[[0,0,0],[1,0,0],[0,1,0],[50,31,65]]
[[0,0,0],[1,0,0],[0,1,0],[3,63,65]]
[[0,0,0],[1,0,0],[0,1,0],[52,14,65]]
[[0,0,0],[1,0,0],[0,1,0],[12,14,65]]
[[0,0,0],[1,0,0],[0,1,0],[30,1,65]]
[[0,0,0],[1,0,0],[0,1,0],[3,38,65]]
[[0,0,0],[1,0,0],[0,1,0],[55,11,65]]
[[0,0,0],[1,0,0],[0,1,0],[10,31,65]]
[[0,0,0],[1,0,0],[0,1,0],[15,64,65]]
[[0,0,0],[1,0,0],[0,1,0],[6,6,65]]
[[0,0,0],[1,0,0],[0,1,0],[16,37,65]]
[[0,0,0],[1,0,0],[0,1,0],[5,41,65]]
[[0,0,0],[1,0,0],[0,1,0],[4,6,65]]
[[0,0,0],[1,0,0],[0,1,0],[1,19,65]]
[[0,0,0],[1,0,0],[0,1,0],[13,53,65]]
[[0,0,0],[1,0,0],[0,1,0],[14,42,65]]
[[0,0,0],[1,0,0],[0,1,0],[10,1,65]]
[[0,0,0],[1,0,0],[0,1,0],[7,19,65]]
[[0,0,0],[1,0,0],[0,1,0],[3,12,65]]
[[0,0,0],[1,0,0],[0,1,0],[55,63,65]]
[[0,0,0],[1,0,0],[0,1,0],[34,42,65]]
[[0,0,0],[1,0,0],[0,1,0],[5,46,65]]
[[0,0,0],[1,0,0],[0,1,0],[9,42,65]]
[[0,0,0],[1,0,0],[0,1,0],[2,23,65]]
[[0,0,0],[1,0,0],[0,1,0],[3,7,65]]
[[0,0,0],[1,0,0],[0,1,0],[9,32,65]]
[[0,0,0],[1,0,0],[0,1,0],[32,64,65]]
[[0,0,0],[1,0,0],[0,1,0],[26,14,65]]
[[0,0,0],[1,0,0],[0,1,0],[9,9,65]]
[[0,0,0],[1,0,0],[0,1,0],[6,24,65]]
[[0,0,0],[1,0,0],[0,1,0],[17,34,65]]
[[0,0,0],[1,0,0],[0,1,0],[5,6,65]]
[[0,0,0],[1,0,0],[0,1,0],[3,43,65]]
[[0,0,0],[1,0,0],[0,1,0],[2,49,65]]
[[0,0,0],[1,0,0],[0,1,0],[1,14,65]]
[[0,0,0],[1,0,0],[0,1,0],[10,43,65]]
[[0,0,0],[1,0,0],[0,1,0],[2,54,65]]
[[0,0,0],[1,0,0],[0,1,0],[12,44,65]]
[[0,0,0],[1,0,0],[0,1,0],[14,21,65]]
[[0,0,0],[1,0,0],[0,1,0],[17,64,65]]
[[0,0,0],[1,0,0],[0,1,0],[6,16,65]]
[[0,0,0],[1,0,0],[0,1,0],[2,2,65]]
[[0,0,0],[1,0,0],[0,1,0],[3,23,65]]
[[0,0,0],[1,0,0],[0,1,0],[7,34,65]]
[[0,0,0],[1,0,0],[0,1,0],[3,14,65]]
[[0,0,0],[1,0,0],[0,1,0],[1,8,65]]
[[0,0,0],[1,0,0],[0,1,0],[13,14,65]]
[[0,0,0],[1,0,0],[0,1,0],[7,27,65]]
[[0,0,0],[1,0,0],[0,1,0],[45,60,65]]
[[0,0,0],[1,0,0],[0,1,0],[8,59,65]]
[[0,0,0],[1,0,0],[0,1,0],[27,54,65]]
[[0,0,0],[1,0,0],[0,1,0],[6,34,65]]
[[0,0,0],[1,0,0],[0,1,0],[12,27,65]]
[[0,0,0],[1,0,0],[0,1,0],[7,17,65]]
[[0,0,0],[1,0,0],[0,1,0],[4,14,65]]
[[0,0,0],[1,0,0],[0,1,0],[3,37,65]]
[[0,0,0],[1,0,0],[0,1,0],[7,24,65]]
[[0,0,0],[1,0,0],[0,1,0],[34,37,65]]
[[0,0,0],[1,0,0],[0,1,0],[2,11,65]]
[[0,0,0],[1,0,0],[0,1,0],[10,41,65]]
[[0,0,0],[1,0,0],[0,1,0],[27,51,65]]
[[0,0,0],[1,0,0],[0,1,0],[12,24,65]]
[[0,0,0],[1,0,0],[0,1,0],[8,53,65]]
[[0,0,0],[1,0,0],[0,1,0],[32,54,65]]
[[0,0,0],[1,0,0],[0,1,0],[7,16,65]]
[[0,0,0],[1,0,0],[0,1,0],[4,8,65]]
[[0,0,0],[1,0,0],[0,1,0],[37,64,65]]
[[0,0,0],[1,0,0],[0,1,0],[4,49,65]]
[[0,0,0],[1,0,0],[0,1,0],[2,17,65]]
[[0,0,0],[1,0,0],[0,1,0],[5,48,65]]
[[0,0,0],[5,0,0],[0,1,0],[0,1,13]]
[[0,0,0],[1,0,0],[0,1,0],[5,21,65]]
[[0,0,0],[1,0,0],[0,1,0],[27,41,65]]
[[0,0,0],[1,0,0],[0,1,0],[4,31,65]]
[[0,0,0],[1,0,0],[0,1,0],[3,19,65]]
[[0,0,0],[1,0,0],[0,1,0],[15,6,65]]
[[0,0,0],[1,0,0],[0,1,0],[9,18,65]]
[[0,0,0],[1,0,0],[0,1,0],[5,61,65]]
[[0,0,0],[1,0,0],[0,1,0],[2,18,65]]
[[0,0,0],[1,0,0],[0,1,0],[50,55,65]]
[[0,0,0],[1,0,0],[0,1,0],[4,62,65]]
[[0,0,0],[1,0,0],[0,1,0],[18,48,65]]
[[0,0,0],[1,0,0],[0,1,0],[20,7,65]]
[[0,0,0],[1,0,0],[0,1,0],[15,25,65]]
[[0,0,0],[1,0,0],[0,1,0],[3,24,65]]
[[0,0,0],[1,0,0],[0,1,0],[7,46,65]]
[[0,0,0],[1,0,0],[0,1,0],[12,19,65]]
[[0,0,0],[1,0,0],[0,1,0],[4,12,65]]
[[0,0,0],[1,0,0],[0,1,0],[26,1,65]]
[[0,0,0],[1,0,0],[0,1,0],[13,27,65]]
[[0,0,0],[1,0,0],[0,1,0],[15,12,65]]
[[0,0,0],[1,0,0],[0,1,0],[6,17,65]]
[[0,0,0],[1,0,0],[0,1,0],[2,7,65]]
[[0,0,0],[1,0,0],[0,1,0],[18,24,65]]
[[0,0,0],[1,0,0],[0,1,0],[6,8,65]]
[[0,0,0],[1,0,0],[0,1,0],[9,61,65]]
[[0,0,0],[1,0,0],[0,1,0],[8,48,65]]
[[0,0,0],[1,0,0],[0,1,0],[8,58,65]]
[[0,0,0],[1,0,0],[0,1,0],[36,43,65]]
[[0,0,0],[1,0,0],[0,1,0],[6,28,65]]
[[0,0,0],[1,0,0],[0,1,0],[21,51,65]]
[[0,0,0],[1,0,0],[0,1,0],[4,19,65]]
[[0,0,0],[1,0,0],[0,1,0],[15,61,65]]
[[0,0,0],[1,0,0],[0,1,0],[8,8,65]]
[[0,0,0],[1,0,0],[0,1,0],[10,30,65]]
[[0,0,0],[1,0,0],[0,1,0],[6,23,65]]
[[0,0,0],[1,0,0],[0,1,0],[2,38,65]]
[[0,0,0],[1,0,0],[0,1,0],[6,12,65]]
[[0,0,0],[1,0,0],[0,1,0],[4,23,65]]
[[0,0,0],[1,0,0],[0,1,0],[8,43,65]]
[[0,0,0],[1,0,0],[0,1,0],[9,27,65]]
[[0,0,0],[1,0,0],[0,1,0],[20,59,65]]
[[0,0,0],[1,0,0],[0,1,0],[42,64,65]]
[[0,0,0],[1,0,0],[0,1,0],[1,1,65]]
[[0,0,0],[1,0,0],[0,1,0],[5,36,65]]
[[0,0,0],[1,0,0],[0,1,0],[2,4,65]]
[[0,0,0],[1,0,0],[0,1,0],[39,53,65]]
[[0,0,0],[1,0,0],[0,1,0],[4,21,65]]
[[0,0,0],[1,0,0],[0,1,0],[2,21,65]]
[[0,0,0],[1,0,0],[0,1,0],[6,21,65]]
[[0,0,0],[1,0,0],[0,1,0],[9,44,65]]
[[0,0,0],[1,0,0],[0,1,0],[5,1,65]]
[[0,0,0],[1,0,0],[0,1,0],[25,61,65]]
[[0,0,0],[1,0,0],[0,1,0],[1,7,65]]
[[0,0,0],[1,0,0],[0,1,0],[18,18,65]]
[[0,0,0],[1,0,0],[0,1,0],[3,64,65]]
[[0,0,0],[1,0,0],[0,1,0],[1,9,65]]
[[0,0,0],[1,0,0],[0,1,0],[2,51,65]]
[[0,0,0],[1,0,0],[0,1,0],[19,56,65]]
[[0,0,0],[1,0,0],[0,1,0],[5,51,65]]
[[0,0,0],[1,0,0],[0,1,0],[2,3,65]]
[[0,0,0],[1,0,0],[0,1,0],[4,4,65]]
[[0,0,0],[1,0,0],[0,1,0],[13,40,65]]
[[0,0,0],[1,0,0],[0,1,0],[35,57,65]]
[[0,0,0],[1,0,0],[0,1,0],[3,58,65]]
[[0,0,0],[1,0,0],[0,1,0],[9,12,65]]
[[0,0,0],[1,0,0],[0,1,0],[18,53,65]]
[[0,0,0],[1,0,0],[0,1,0],[21,32,65]]
[[0,0,0],[1,0,0],[0,1,0],[4,24,65]]
[[0,0,0],[1,0,0],[0,1,0],[3,21,65]]
[[0,0,0],[1,0,0],[0,1,0],[7,54,65]]
[[0,0,0],[1,0,0],[0,1,0],[10,56,65]]
[[0,0,0],[1,0,0],[0,1,0],[9,37,65]]
[[0,0,0],[1,0,0],[0,1,0],[34,58,65]]
[[0,0,0],[1,0,0],[0,1,0],[40,51,65]]
[[0,0,0],[1,0,0],[0,1,0],[15,21,65]]
[[0,0,0],[1,0,0],[0,1,0],[25,1,65]]
[[0,0,0],[1,0,0],[0,1,0],[2,14,65]]
[[0,0,0],[1,0,0],[0,1,0],[20,46,65]]
[[0,0,0],[1,0,0],[0,1,0],[4,18,65]]
[[0,0,0],[1,0,0],[0,1,0],[3,3,65]]
[[0,0,0],[1,0,0],[0,1,0],[55,37,65]]
[[0,0,0],[1,0,0],[0,1,0],[17,19,65]]
[[0,0,0],[1,0,0],[0,1,0],[20,51,65]]
[[0,0,0],[1,0,0],[0,1,0],[8,38,65]]
[[0,0,0],[1,0,0],[0,1,0],[35,18,65]]
[[0,0,0],[1,0,0],[0,1,0],[27,59,65]]
[[0,0,0],[1,0,0],[0,1,0],[7,59,65]]
[[0,0,0],[1,0,0],[0,1,0],[1,21,65]]
[[0,0,0],[1,0,0],[0,1,0],[7,7,65]]
[[0,0,0],[1,0,0],[0,1,0],[1,12,65]]
[[0,0,0],[1,0,0],[0,1,0],[8,21,65]]
[[0,0,0],[1,0,0],[0,1,0],[5,9,65]]
[[0,0,0],[1,0,0],[0,1,0],[4,32,65]]
[[0,0,0],[1,0,0],[0,1,0],[0,1,65]]
[[0,0,0],[1,0,0],[0,1,0],[7,64,65]]
[[0,0,0],[1,0,0],[0,1,0],[2,29,65]]
[[0,0,0],[1,0,0],[0,1,0],[10,6,65]]
[[0,0,0],[1,0,0],[0,1,0],[2,27,65]]
[[0,0,0],[1,0,0],[0,1,0],[4,16,65]]
[[0,0,0],[1,0,0],[0,1,0],[54,64,65]]
[[0,0,0],[1,0,0],[0,1,0],[4,27,65]]
[[0,0,0],[1,0,0],[0,1,0],[40,41,65]]
[[0,0,0],[1,0,0],[0,1,0],[2,16,65]]
[[0,0,0],[1,0,0],[0,1,0],[4,37,65]]
[[0,0,0],[1,0,0],[0,1,0],[9,16,65]]
[[0,0,0],[1,0,0],[0,1,0],[1,17,65]]
[[0,0,0],[1,0,0],[0,1,0],[10,61,65]]
[[0,0,0],[1,0,0],[0,1,0],[2,22,65]]
[[0,0,0],[1,0,0],[0,1,0],[1,3,65]]
[[0,0,0],[1,0,0],[0,1,0],[3,9,65]]
[[0,0,0],[1,0,0],[0,1,0],[3,17,65]]
[[0,0,0],[1,0,0],[0,1,0],[35,56,65]]
[[0,0,0],[1,0,0],[0,1,0],[10,4,65]]
[[0,0,0],[1,0,0],[0,1,0],[35,44,65]]
[[0,0,0],[1,0,0],[0,1,0],[25,16,65]]
[[0,0,0],[1,0,0],[0,1,0],[7,14,65]]
[[0,0,0],[1,0,0],[0,1,0],[4,36,65]]
[[0,0,0],[1,0,0],[0,1,0],[3,11,65]]
[[0,0,0],[1,0,0],[0,1,0],[3,18,65]]
[[0,0,0],[1,0,0],[0,1,0],[15,11,65]]
[[0,0,0],[1,0,0],[0,1,0],[30,51,65]]
[[0,0,0],[1,0,0],[0,1,0],[3,48,65]]
[[0,0,0],[1,0,0],[0,1,0],[2,8,65]]
[[0,0,0],[1,0,0],[0,1,0],[17,17,65]]
[[0,0,0],[1,0,0],[0,1,0],[6,18,65]]
[[0,0,0],[1,0,0],[0,1,0],[8,18,65]]
[[0,0,0],[1,0,0],[0,1,0],[20,56,65]]
[[0,0,0],[1,0,0],[0,1,0],[2,24,65]]
[[0,0,0],[1,0,0],[0,1,0],[6,14,65]]
[[0,0,0],[1,0,0],[0,1,0],[30,41,65]]
[[0,0,0],[1,0,0],[0,1,0],[6,61,65]]
[[0,0,0],[1,0,0],[0,1,0],[41,51,65]]
[[0,0,0],[1,0,0],[0,1,0],[7,21,65]]
[[0,0,0],[1,0,0],[0,1,0],[25,51,65]]
