[[0,0,0],[1,0,0],[0,1,0],[8,16,67]]
[[0,0,0],[1,0,0],[0,1,0],[3,11,67]]
[[0,0,0],[1,0,0],[0,1,0],[3,15,67]]
[[0,0,0],[1,0,0],[0,1,0],[11,25,67]]
[[0,0,0],[1,0,0],[0,1,0],[8,10,67]]
[[0,0,0],[1,0,0],[0,1,0],[19,52,67]]
[[0,0,0],[1,0,0],[0,1,0],[7,21,67]]
[[0,0,0],[1,0,0],[0,1,0],[1,4,67]]
[[0,0,0],[1,0,0],[0,1,0],[10,26,67]]
[[0,0,0],[1,0,0],[0,1,0],[2,21,67]]
[[0,0,0],[1,0,0],[0,1,0],[10,59,67]]
[[0,0,0],[1,0,0],[0,1,0],[3,66,67]]
[[0,0,0],[1,0,0],[0,1,0],[7,24,67]]
[[0,0,0],[1,0,0],[0,1,0],[4,28,67]]
[[0,0,0],[1,0,0],[0,1,0],[9,63,67]]
[[0,0,0],[1,0,0],[0,1,0],[5,10,67]]
[[0,0,0],[1,0,0],[0,1,0],[2,29,67]]
[[0,0,0],[1,0,0],[0,1,0],[3,9,67]]
[[0,0,0],[1,0,0],[0,1,0],[2,3,67]]
[[0,0,0],[1,0,0],[0,1,0],[11,60,67]]
[[0,0,0],[1,0,0],[0,1,0],[3,23,67]]
[[0,0,0],[1,0,0],[0,1,0],[6,20,67]]
[[0,0,0],[1,0,0],[0,1,0],[13,55,67]]
[[0,0,0],[1,0,0],[0,1,0],[2,13,67]]
[[0,0,0],[1,0,0],[0,1,0],[1,1,67]]
[[0,0,0],[1,0,0],[0,1,0],[20,23,67]]
[[0,0,0],[1,0,0],[0,1,0],[6,9,67]]
[[0,0,0],[1,0,0],[0,1,0],[11,58,67]]
[[0,0,0],[1,0,0],[0,1,0],[12,20,67]]
[[0,0,0],[1,0,0],[0,1,0],[3,17,67]]
[[0,0,0],[1,0,0],[0,1,0],[5,28,67]]
[[0,0,0],[1,0,0],[0,1,0],[3,22,67]]
[[0,0,0],[1,0,0],[0,1,0],[6,8,67]]
[[0,0,0],[1,0,0],[0,1,0],[9,60,67]]
[[0,0,0],[1,0,0],[0,1,0],[2,16,67]]
[[0,0,0],[1,0,0],[0,1,0],[3,16,67]]
[[0,0,0],[1,0,0],[0,1,0],[2,25,67]]
[[0,0,0],[1,0,0],[0,1,0],[3,25,67]]
[[0,0,0],[1,0,0],[0,1,0],[12,23,67]]
[[0,0,0],[1,0,0],[0,1,0],[0,1,67]]
[[0,0,0],[1,0,0],[0,1,0],[1,2,67]]
[[0,0,0],[1,0,0],[0,1,0],[6,14,67]]
[[0,0,0],[1,0,0],[0,1,0],[7,11,67]]
[[0,0,0],[1,0,0],[0,1,0],[3,65,67]]
[[0,0,0],[1,0,0],[0,1,0],[5,24,67]]
[[0,0,0],[1,0,0],[0,1,0],[8,30,67]]
[[0,0,0],[1,0,0],[0,1,0],[8,20,67]]
[[0,0,0],[1,0,0],[0,1,0],[11,26,67]]
[[0,0,0],[1,0,0],[0,1,0],[4,10,67]]
[[0,0,0],[1,0,0],[0,1,0],[4,64,67]]
[[0,0,0],[1,0,0],[0,1,0],[1,12,67]]
[[0,0,0],[1,0,0],[0,1,0],[10,25,67]]
[[0,0,0],[1,0,0],[0,1,0],[2,30,67]]
[[0,0,0],[1,0,0],[0,1,0],[7,14,67]]
[[0,0,0],[1,0,0],[0,1,0],[14,55,67]]
[[0,0,0],[1,0,0],[0,1,0],[3,6,67]]
[[0,0,0],[1,0,0],[0,1,0],[4,11,67]]
[[0,0,0],[1,0,0],[0,1,0],[10,22,67]]
[[0,0,0],[1,0,0],[0,1,0],[9,21,67]]
[[0,0,0],[1,0,0],[0,1,0],[3,21,67]]
[[0,0,0],[1,0,0],[0,1,0],[16,20,67]]
[[0,0,0],[1,0,0],[0,1,0],[5,64,67]]
[[0,0,0],[1,0,0],[0,1,0],[9,9,67]]
[[0,0,0],[1,0,0],[0,1,0],[16,53,67]]
[[0,0,0],[1,0,0],[0,1,0],[6,15,67]]
[[0,0,0],[1,0,0],[0,1,0],[7,61,67]]
[[0,0,0],[1,0,0],[0,1,0],[2,22,67]]
[[0,0,0],[1,0,0],[0,1,0],[3,7,67]]
[[0,0,0],[1,0,0],[0,1,0],[23,46,67]]
[[0,0,0],[1,0,0],[0,1,0],[2,66,67]]
[[0,0,0],[1,0,0],[0,1,0],[5,22,67]]
[[0,0,0],[1,0,0],[0,1,0],[6,22,67]]
[[0,0,0],[1,0,0],[0,1,0],[3,8,67]]
[[0,0,0],[1,0,0],[0,1,0],[13,19,67]]
[[0,0,0],[1,0,0],[0,1,0],[9,61,67]]
[[0,0,0],[1,0,0],[0,1,0],[4,6,67]]
[[0,0,0],[1,0,0],[0,1,0],[26,43,67]]
[[0,0,0],[1,0,0],[0,1,0],[8,28,67]]
[[0,0,0],[1,0,0],[0,1,0],[3,12,67]]
[[0,0,0],[1,0,0],[0,1,0],[5,65,67]]
[[0,0,0],[1,0,0],[0,1,0],[2,27,67]]
[[0,0,0],[1,0,0],[0,1,0],[4,31,67]]
[[0,0,0],[1,0,0],[0,1,0],[16,55,67]]
[[0,0,0],[1,0,0],[0,1,0],[2,10,67]]
[[0,0,0],[1,0,0],[0,1,0],[5,19,67]]
[[0,0,0],[1,0,0],[0,1,0],[2,19,67]]
[[0,0,0],[1,0,0],[0,1,0],[2,4,67]]
[[0,0,0],[1,0,0],[0,1,0],[5,7,67]]
[[0,0,0],[1,0,0],[0,1,0],[4,13,67]]
[[0,0,0],[1,0,0],[0,1,0],[2,6,67]]
[[0,0,0],[1,0,0],[0,1,0],[2,26,67]]
[[0,0,0],[1,0,0],[0,1,0],[5,8,67]]
[[0,0,0],[1,0,0],[0,1,0],[7,64,67]]
[[0,0,0],[1,0,0],[0,1,0],[1,18,67]]
[[0,0,0],[1,0,0],[0,1,0],[5,9,67]]
[[0,0,0],[1,0,0],[0,1,0],[11,59,67]]
[[0,0,0],[1,0,0],[0,1,0],[6,29,67]]
[[0,0,0],[1,0,0],[0,1,0],[4,18,67]]
[[0,0,0],[1,0,0],[0,1,0],[6,11,67]]
[[0,0,0],[1,0,0],[0,1,0],[3,29,67]]
[[0,0,0],[1,0,0],[0,1,0],[1,14,67]]
[[0,0,0],[1,0,0],[0,1,0],[4,20,67]]
[[0,0,0],[1,0,0],[0,1,0],[5,63,67]]
[[0,0,0],[1,0,0],[0,1,0],[5,21,67]]
[[0,0,0],[1,0,0],[0,1,0],[5,15,67]]
[[0,0,0],[1,0,0],[0,1,0],[1,5,67]]
[[0,0,0],[1,0,0],[0,1,0],[12,12,67]]
[[0,0,0],[1,0,0],[0,1,0],[9,59,67]]
[[0,0,0],[1,0,0],[0,1,0],[1,29,67]]
[[0,0,0],[1,0,0],[0,1,0],[14,54,67]]
[[0,0,0],[1,0,0],[0,1,0],[5,26,67]]
[[0,0,0],[1,0,0],[0,1,0],[2,7,67]]
[[0,0,0],[1,0,0],[0,1,0],[4,8,67]]
[[0,0,0],[1,0,0],[0,1,0],[19,54,67]]
[[0,0,0],[1,0,0],[0,1,0],[3,26,67]]
[[0,0,0],[1,0,0],[0,1,0],[2,8,67]]
[[0,0,0],[1,0,0],[0,1,0],[2,28,67]]
[[0,0,0],[1,0,0],[0,1,0],[4,27,67]]
[[0,0,0],[1,0,0],[0,1,0],[1,10,67]]
[[0,0,0],[1,0,0],[0,1,0],[7,23,67]]
[[0,0,0],[1,0,0],[0,1,0],[2,5,67]]
[[0,0,0],[1,0,0],[0,1,0],[7,7,67]]
[[0,0,0],[1,0,0],[0,1,0],[8,60,67]]
[[0,0,0],[1,0,0],[0,1,0],[6,10,67]]
[[0,0,0],[1,0,0],[0,1,0],[11,13,67]]
[[0,0,0],[1,0,0],[0,1,0],[1,13,67]]
[[0,0,0],[1,0,0],[0,1,0],[10,58,67]]
[[0,0,0],[1,0,0],[0,1,0],[8,24,67]]
[[0,0,0],[1,0,0],[0,1,0],[9,16,67]]
[[0,0,0],[1,0,0],[0,1,0],[6,16,67]]
[[0,0,0],[1,0,0],[0,1,0],[2,2,67]]
[[0,0,0],[1,0,0],[0,1,0],[12,28,67]]
[[0,0,0],[1,0,0],[0,1,0],[3,10,67]]
[[0,0,0],[1,0,0],[0,1,0],[8,22,67]]
[[0,0,0],[1,0,0],[0,1,0],[4,12,67]]
[[0,0,0],[1,0,0],[0,1,0],[2,20,67]]
[[0,0,0],[1,0,0],[0,1,0],[1,16,67]]
[[0,0,0],[1,0,0],[0,1,0],[19,53,67]]
[[0,0,0],[1,0,0],[0,1,0],[2,12,67]]
[[0,0,0],[1,0,0],[0,1,0],[7,9,67]]
[[0,0,0],[1,0,0],[0,1,0],[9,12,67]]
[[0,0,0],[1,0,0],[0,1,0],[11,20,67]]
[[0,0,0],[1,0,0],[0,1,0],[19,51,67]]
[[0,0,0],[1,0,0],[0,1,0],[4,15,67]]
[[0,0,0],[1,0,0],[0,1,0],[3,18,67]]
[[0,0,0],[1,0,0],[0,1,0],[6,6,67]]
[[0,0,0],[1,0,0],[0,1,0],[13,26,67]]
[[0,0,0],[1,0,0],[0,1,0],[12,16,67]]
[[0,0,0],[1,0,0],[0,1,0],[2,23,67]]
[[0,0,0],[1,0,0],[0,1,0],[2,15,67]]
[[0,0,0],[1,0,0],[0,1,0],[11,62,67]]
[[0,0,0],[1,0,0],[0,1,0],[25,55,67]]
[[0,0,0],[1,0,0],[0,1,0],[8,29,67]]
[[0,0,0],[1,0,0],[0,1,0],[5,13,67]]
[[0,0,0],[1,0,0],[0,1,0],[30,38,67]]
[[0,0,0],[1,0,0],[0,1,0],[2,31,67]]
[[0,0,0],[1,0,0],[0,1,0],[1,8,67]]
[[0,0,0],[1,0,0],[0,1,0],[5,12,67]]
[[0,0,0],[1,0,0],[0,1,0],[1,9,67]]
[[0,0,0],[1,0,0],[0,1,0],[5,5,67]]
[[0,0,0],[1,0,0],[0,1,0],[10,29,67]]
[[0,0,0],[1,0,0],[0,1,0],[3,3,67]]
[[0,0,0],[1,0,0],[0,1,0],[4,16,67]]
[[0,0,0],[1,0,0],[0,1,0],[16,26,67]]
[[0,0,0],[1,0,0],[0,1,0],[8,61,67]]
[[0,0,0],[1,0,0],[0,1,0],[10,18,67]]
[[0,0,0],[1,0,0],[0,1,0],[4,7,67]]
[[0,0,0],[1,0,0],[0,1,0],[18,20,67]]
[[0,0,0],[1,0,0],[0,1,0],[4,14,67]]
[[0,0,0],[1,0,0],[0,1,0],[3,19,67]]
[[0,0,0],[1,0,0],[0,1,0],[6,21,67]]
[[0,0,0],[1,0,0],[0,1,0],[7,13,67]]
[[0,0,0],[1,0,0],[0,1,0],[7,63,67]]
[[0,0,0],[1,0,0],[0,1,0],[4,4,67]]
[[0,0,0],[1,0,0],[0,1,0],[8,14,67]]
[[0,0,0],[1,0,0],[0,1,0],[4,24,67]]
[[0,0,0],[1,0,0],[0,1,0],[13,16,67]]
[[0,0,0],[1,0,0],[0,1,0],[4,25,67]]
[[0,0,0],[1,0,0],[0,1,0],[2,18,67]]
[[0,0,0],[1,0,0],[0,1,0],[9,18,67]]
[[0,0,0],[1,0,0],[0,1,0],[1,23,67]]
[[0,0,0],[1,0,0],[0,1,0],[3,5,67]]
[[0,0,0],[1,0,0],[0,1,0],[13,23,67]]
[[0,0,0],[1,0,0],[0,1,0],[2,14,67]]
[[0,0,0],[1,0,0],[0,1,0],[1,3,67]]
[[0,0,0],[1,0,0],[0,1,0],[3,24,67]]
[[0,0,0],[1,0,0],[0,1,0],[9,23,67]]
[[0,0,0],[1,0,0],[0,1,0],[2,33,67]]
[[0,0,0],[1,0,0],[0,1,0],[7,62,67]]
[[0,0,0],[1,0,0],[0,1,0],[2,17,67]]
[[0,0,0],[1,0,0],[0,1,0],[14,59,67]]
[[0,0,0],[1,0,0],[0,1,0],[2,9,67]]
[[0,0,0],[1,0,0],[0,1,0],[5,23,67]]
[[0,0,0],[1,0,0],[0,1,0],[5,30,67]]
[[0,0,0],[1,0,0],[0,1,0],[7,19,67]]
[[0,0,0],[1,0,0],[0,1,0],[1,6,67]]
[[0,0,0],[1,0,0],[0,1,0],[13,22,67]]
[[0,0,0],[1,0,0],[0,1,0],[10,12,67]]
[[0,0,0],[1,0,0],[0,1,0],[4,23,67]]
[[0,0,0],[1,0,0],[0,1,0],[4,26,67]]
[[0,0,0],[1,0,0],[0,1,0],[9,20,67]]
[[0,0,0],[1,0,0],[0,1,0],[18,51,67]]
[[0,0,0],[1,0,0],[0,1,0],[1,7,67]]
[[0,0,0],[1,0,0],[0,1,0],[2,24,67]]
[[0,0,0],[1,0,0],[0,1,0],[3,27,67]]
[[0,0,0],[1,0,0],[0,1,0],[3,28,67]]
[[0,0,0],[1,0,0],[0,1,0],[6,62,67]]
[[0,0,0],[1,0,0],[0,1,0],[3,13,67]]
[[0,0,0],[1,0,0],[0,1,0],[2,11,67]]
[[0,0,0],[1,0,0],[0,1,0],[6,12,67]]
[[0,0,0],[1,0,0],[0,1,0],[4,32,67]]
[[0,0,0],[1,0,0],[0,1,0],[4,22,67]]
[[0,0,0],[1,0,0],[0,1,0],[9,26,67]]
[[0,0,0],[1,0,0],[0,1,0],[3,14,67]]
[[0,0,0],[1,0,0],[0,1,0],[5,25,67]]
[[0,0,0],[1,0,0],[0,1,0],[3,30,67]]
[[0,0,0],[1,0,0],[0,1,0],[6,63,67]]
