[[0,0,0],[1,0,0],[0,1,0],[3,30,73]]
[[0,0,0],[1,0,0],[0,1,0],[7,28,73]]
[[0,0,0],[1,0,0],[0,1,0],[1,4,73]]
[[0,0,0],[1,0,0],[0,1,0],[3,11,73]]
[[0,0,0],[1,0,0],[0,1,0],[6,17,73]]
[[0,0,0],[1,0,0],[0,1,0],[9,65,73]]
[[0,0,0],[1,0,0],[0,1,0],[6,27,73]]
[[0,0,0],[1,0,0],[0,1,0],[10,32,73]]
[[0,0,0],[1,0,0],[0,1,0],[8,10,73]]
[[0,0,0],[1,0,0],[0,1,0],[7,21,73]]
[[0,0,0],[1,0,0],[0,1,0],[2,3,73]]
[[0,0,0],[1,0,0],[0,1,0],[5,10,73]]
[[0,0,0],[1,0,0],[0,1,0],[2,29,73]]
[[0,0,0],[1,0,0],[0,1,0],[12,31,73]]
[[0,0,0],[1,0,0],[0,1,0],[1,1,73]]
[[0,0,0],[1,0,0],[0,1,0],[2,21,73]]
[[0,0,0],[1,0,0],[0,1,0],[6,20,73]]
[[0,0,0],[1,0,0],[0,1,0],[2,13,73]]
[[0,0,0],[1,0,0],[0,1,0],[8,19,73]]
[[0,0,0],[1,0,0],[0,1,0],[4,28,73]]
[[0,0,0],[1,0,0],[0,1,0],[6,18,73]]
[[0,0,0],[1,0,0],[0,1,0],[5,18,73]]
[[0,0,0],[1,0,0],[0,1,0],[3,23,73]]
[[0,0,0],[1,0,0],[0,1,0],[3,9,73]]
[[0,0,0],[1,0,0],[0,1,0],[31,58,73]]
[[0,0,0],[1,0,0],[0,1,0],[3,17,73]]
[[0,0,0],[1,0,0],[0,1,0],[4,34,73]]
[[0,0,0],[1,0,0],[0,1,0],[6,69,73]]
[[0,0,0],[1,0,0],[0,1,0],[5,71,73]]
[[0,0,0],[1,0,0],[0,1,0],[6,9,73]]
[[0,0,0],[1,0,0],[0,1,0],[3,16,73]]
[[0,0,0],[1,0,0],[0,1,0],[5,28,73]]
[[0,0,0],[1,0,0],[0,1,0],[4,30,73]]
[[0,0,0],[1,0,0],[0,1,0],[3,72,73]]
[[0,0,0],[1,0,0],[0,1,0],[9,31,73]]
[[0,0,0],[1,0,0],[0,1,0],[14,24,73]]
[[0,0,0],[1,0,0],[0,1,0],[16,28,73]]
[[0,0,0],[1,0,0],[0,1,0],[6,8,73]]
[[0,0,0],[1,0,0],[0,1,0],[5,24,73]]
[[0,0,0],[1,0,0],[0,1,0],[11,68,73]]
[[0,0,0],[1,0,0],[0,1,0],[1,2,73]]
[[0,0,0],[1,0,0],[0,1,0],[2,16,73]]
[[0,0,0],[1,0,0],[0,1,0],[8,31,73]]
[[0,0,0],[1,0,0],[0,1,0],[5,31,73]]
[[0,0,0],[1,0,0],[0,1,0],[14,28,73]]
[[0,0,0],[1,0,0],[0,1,0],[2,25,73]]
[[0,0,0],[1,0,0],[0,1,0],[4,10,73]]
[[0,0,0],[1,0,0],[0,1,0],[3,31,73]]
[[0,0,0],[1,0,0],[0,1,0],[10,67,73]]
[[0,0,0],[1,0,0],[0,1,0],[3,25,73]]
[[0,0,0],[1,0,0],[0,1,0],[0,1,73]]
[[0,0,0],[1,0,0],[0,1,0],[12,19,73]]
[[0,0,0],[1,0,0],[0,1,0],[10,25,73]]
[[0,0,0],[1,0,0],[0,1,0],[3,6,73]]
[[0,0,0],[1,0,0],[0,1,0],[6,14,73]]
[[0,0,0],[1,0,0],[0,1,0],[8,66,73]]
[[0,0,0],[1,0,0],[0,1,0],[8,30,73]]
[[0,0,0],[1,0,0],[0,1,0],[7,17,73]]
[[0,0,0],[1,0,0],[0,1,0],[15,23,73]]
[[0,0,0],[1,0,0],[0,1,0],[3,20,73]]
[[0,0,0],[1,0,0],[0,1,0],[6,23,73]]
[[0,0,0],[1,0,0],[0,1,0],[2,30,73]]
[[0,0,0],[1,0,0],[0,1,0],[9,9,73]]
[[0,0,0],[1,0,0],[0,1,0],[6,15,73]]
[[0,0,0],[1,0,0],[0,1,0],[8,12,73]]
[[0,0,0],[1,0,0],[0,1,0],[9,66,73]]
[[0,0,0],[1,0,0],[0,1,0],[2,22,73]]
[[0,0,0],[1,0,0],[0,1,0],[4,11,73]]
[[0,0,0],[1,0,0],[0,1,0],[6,22,73]]
[[0,0,0],[1,0,0],[0,1,0],[8,18,73]]
[[0,0,0],[1,0,0],[0,1,0],[8,67,73]]
[[0,0,0],[1,0,0],[0,1,0],[6,30,73]]
[[0,0,0],[1,0,0],[0,1,0],[17,24,73]]
[[0,0,0],[1,0,0],[0,1,0],[3,21,73]]
[[0,0,0],[1,0,0],[0,1,0],[16,58,73]]
[[0,0,0],[1,0,0],[0,1,0],[3,7,73]]
[[0,0,0],[1,0,0],[0,1,0],[11,17,73]]
[[0,0,0],[1,0,0],[0,1,0],[3,32,73]]
[[0,0,0],[1,0,0],[0,1,0],[5,27,73]]
[[0,0,0],[1,0,0],[0,1,0],[5,33,73]]
[[0,0,0],[1,0,0],[0,1,0],[8,27,73]]
[[0,0,0],[1,0,0],[0,1,0],[2,10,73]]
[[0,0,0],[1,0,0],[0,1,0],[4,31,73]]
[[0,0,0],[1,0,0],[0,1,0],[13,62,73]]
[[0,0,0],[1,0,0],[0,1,0],[2,19,73]]
[[0,0,0],[1,0,0],[0,1,0],[3,8,73]]
[[0,0,0],[1,0,0],[0,1,0],[11,28,73]]
[[0,0,0],[1,0,0],[0,1,0],[4,17,73]]
[[0,0,0],[1,0,0],[0,1,0],[9,24,73]]
[[0,0,0],[1,0,0],[0,1,0],[4,13,73]]
[[0,0,0],[1,0,0],[0,1,0],[2,6,73]]
[[0,0,0],[1,0,0],[0,1,0],[8,28,73]]
[[0,0,0],[1,0,0],[0,1,0],[23,53,73]]
[[0,0,0],[1,0,0],[0,1,0],[2,27,73]]
[[0,0,0],[1,0,0],[0,1,0],[4,6,73]]
[[0,0,0],[1,0,0],[0,1,0],[2,26,73]]
[[0,0,0],[1,0,0],[0,1,0],[7,16,73]]
[[0,0,0],[1,0,0],[0,1,0],[3,12,73]]
[[0,0,0],[1,0,0],[0,1,0],[5,8,73]]
[[0,0,0],[1,0,0],[0,1,0],[12,30,73]]
[[0,0,0],[1,0,0],[0,1,0],[1,17,73]]
[[0,0,0],[1,0,0],[0,1,0],[14,25,73]]
[[0,0,0],[1,0,0],[0,1,0],[4,70,73]]
[[0,0,0],[1,0,0],[0,1,0],[17,23,73]]
[[0,0,0],[1,0,0],[0,1,0],[14,60,73]]
[[0,0,0],[1,0,0],[0,1,0],[2,4,73]]
[[0,0,0],[1,0,0],[0,1,0],[7,26,73]]
[[0,0,0],[1,0,0],[0,1,0],[5,7,73]]
[[0,0,0],[1,0,0],[0,1,0],[3,29,73]]
[[0,0,0],[1,0,0],[0,1,0],[13,25,73]]
[[0,0,0],[1,0,0],[0,1,0],[4,20,73]]
[[0,0,0],[1,0,0],[0,1,0],[10,14,73]]
[[0,0,0],[1,0,0],[0,1,0],[5,9,73]]
[[0,0,0],[1,0,0],[0,1,0],[6,32,73]]
[[0,0,0],[1,0,0],[0,1,0],[6,11,73]]
[[0,0,0],[1,0,0],[0,1,0],[2,72,73]]
[[0,0,0],[1,0,0],[0,1,0],[5,15,73]]
[[0,0,0],[1,0,0],[0,1,0],[4,18,73]]
[[0,0,0],[1,0,0],[0,1,0],[4,8,73]]
[[0,0,0],[1,0,0],[0,1,0],[2,36,73]]
[[0,0,0],[1,0,0],[0,1,0],[8,8,73]]
[[0,0,0],[1,0,0],[0,1,0],[5,26,73]]
[[0,0,0],[1,0,0],[0,1,0],[3,26,73]]
[[0,0,0],[1,0,0],[0,1,0],[1,14,73]]
[[0,0,0],[1,0,0],[0,1,0],[5,21,73]]
[[0,0,0],[1,0,0],[0,1,0],[2,8,73]]
[[0,0,0],[1,0,0],[0,1,0],[9,29,73]]
[[0,0,0],[1,0,0],[0,1,0],[1,5,73]]
[[0,0,0],[1,0,0],[0,1,0],[2,28,73]]
[[0,0,0],[1,0,0],[0,1,0],[7,27,73]]
[[0,0,0],[1,0,0],[0,1,0],[12,63,73]]
[[0,0,0],[1,0,0],[0,1,0],[2,7,73]]
[[0,0,0],[1,0,0],[0,1,0],[6,10,73]]
[[0,0,0],[1,0,0],[0,1,0],[15,59,73]]
[[0,0,0],[1,0,0],[0,1,0],[17,26,73]]
[[0,0,0],[1,0,0],[0,1,0],[1,13,73]]
[[0,0,0],[1,0,0],[0,1,0],[17,57,73]]
[[0,0,0],[1,0,0],[0,1,0],[7,32,73]]
[[0,0,0],[1,0,0],[0,1,0],[8,24,73]]
[[0,0,0],[1,0,0],[0,1,0],[4,27,73]]
[[0,0,0],[1,0,0],[0,1,0],[6,16,73]]
[[0,0,0],[1,0,0],[0,1,0],[1,10,73]]
[[0,0,0],[1,0,0],[0,1,0],[7,7,73]]
[[0,0,0],[1,0,0],[0,1,0],[9,14,73]]
[[0,0,0],[1,0,0],[0,1,0],[9,13,73]]
[[0,0,0],[1,0,0],[0,1,0],[3,10,73]]
[[0,0,0],[1,0,0],[0,1,0],[2,5,73]]
[[0,0,0],[1,0,0],[0,1,0],[15,60,73]]
[[0,0,0],[1,0,0],[0,1,0],[2,2,73]]
[[0,0,0],[1,0,0],[0,1,0],[1,25,73]]
[[0,0,0],[1,0,0],[0,1,0],[4,35,73]]
[[0,0,0],[1,0,0],[0,1,0],[2,12,73]]
[[0,0,0],[1,0,0],[0,1,0],[1,11,73]]
[[0,0,0],[1,0,0],[0,1,0],[9,12,73]]
[[0,0,0],[1,0,0],[0,1,0],[4,12,73]]
[[0,0,0],[1,0,0],[0,1,0],[1,16,73]]
[[0,0,0],[1,0,0],[0,1,0],[2,20,73]]
[[0,0,0],[1,0,0],[0,1,0],[6,6,73]]
[[0,0,0],[1,0,0],[0,1,0],[10,16,73]]
[[0,0,0],[1,0,0],[0,1,0],[35,40,73]]
[[0,0,0],[1,0,0],[0,1,0],[7,9,73]]
[[0,0,0],[1,0,0],[0,1,0],[2,15,73]]
[[0,0,0],[1,0,0],[0,1,0],[11,20,73]]
[[0,0,0],[1,0,0],[0,1,0],[3,18,73]]
[[0,0,0],[1,0,0],[0,1,0],[6,34,73]]
[[0,0,0],[1,0,0],[0,1,0],[5,13,73]]
[[0,0,0],[1,0,0],[0,1,0],[1,31,73]]
[[0,0,0],[1,0,0],[0,1,0],[12,29,73]]
[[0,0,0],[1,0,0],[0,1,0],[7,69,73]]
[[0,0,0],[1,0,0],[0,1,0],[13,26,73]]
[[0,0,0],[1,0,0],[0,1,0],[19,19,73]]
[[0,0,0],[1,0,0],[0,1,0],[2,23,73]]
[[0,0,0],[1,0,0],[0,1,0],[1,8,73]]
[[0,0,0],[1,0,0],[0,1,0],[2,31,73]]
[[0,0,0],[1,0,0],[0,1,0],[7,67,73]]
[[0,0,0],[1,0,0],[0,1,0],[3,3,73]]
[[0,0,0],[1,0,0],[0,1,0],[2,34,73]]
[[0,0,0],[1,0,0],[0,1,0],[10,18,73]]
[[0,0,0],[1,0,0],[0,1,0],[2,32,73]]
[[0,0,0],[1,0,0],[0,1,0],[3,19,73]]
[[0,0,0],[1,0,0],[0,1,0],[5,12,73]]
[[0,0,0],[1,0,0],[0,1,0],[4,4,73]]
[[0,0,0],[1,0,0],[0,1,0],[5,5,73]]
[[0,0,0],[1,0,0],[0,1,0],[11,63,73]]
[[0,0,0],[1,0,0],[0,1,0],[8,32,73]]
[[0,0,0],[1,0,0],[0,1,0],[4,19,73]]
[[0,0,0],[1,0,0],[0,1,0],[4,14,73]]
[[0,0,0],[1,0,0],[0,1,0],[4,24,73]]
[[0,0,0],[1,0,0],[0,1,0],[7,68,73]]
[[0,0,0],[1,0,0],[0,1,0],[7,13,73]]
[[0,0,0],[1,0,0],[0,1,0],[4,16,73]]
[[0,0,0],[1,0,0],[0,1,0],[9,69,73]]
[[0,0,0],[1,0,0],[0,1,0],[10,29,73]]
[[0,0,0],[1,0,0],[0,1,0],[17,62,73]]
[[0,0,0],[1,0,0],[0,1,0],[9,11,73]]
[[0,0,0],[1,0,0],[0,1,0],[4,7,73]]
[[0,0,0],[1,0,0],[0,1,0],[9,17,73]]
[[0,0,0],[1,0,0],[0,1,0],[6,21,73]]
[[0,0,0],[1,0,0],[0,1,0],[1,3,73]]
[[0,0,0],[1,0,0],[0,1,0],[4,25,73]]
[[0,0,0],[1,0,0],[0,1,0],[8,14,73]]
[[0,0,0],[1,0,0],[0,1,0],[16,16,73]]
[[0,0,0],[1,0,0],[0,1,0],[2,18,73]]
[[0,0,0],[1,0,0],[0,1,0],[13,13,73]]
[[0,0,0],[1,0,0],[0,1,0],[2,33,73]]
[[0,0,0],[1,0,0],[0,1,0],[10,28,73]]
[[0,0,0],[1,0,0],[0,1,0],[10,19,73]]
[[0,0,0],[1,0,0],[0,1,0],[9,18,73]]
[[0,0,0],[1,0,0],[0,1,0],[10,24,73]]
[[0,0,0],[1,0,0],[0,1,0],[2,14,73]]
[[0,0,0],[1,0,0],[0,1,0],[3,33,73]]
[[0,0,0],[1,0,0],[0,1,0],[2,17,73]]
[[0,0,0],[1,0,0],[0,1,0],[5,69,73]]
[[0,0,0],[1,0,0],[0,1,0],[3,5,73]]
[[0,0,0],[1,0,0],[0,1,0],[7,19,73]]
[[0,0,0],[1,0,0],[0,1,0],[3,24,73]]
[[0,0,0],[1,0,0],[0,1,0],[5,30,73]]
[[0,0,0],[1,0,0],[0,1,0],[5,29,73]]
[[0,0,0],[1,0,0],[0,1,0],[1,6,73]]
[[0,0,0],[1,0,0],[0,1,0],[2,9,73]]
[[0,0,0],[1,0,0],[0,1,0],[5,23,73]]
[[0,0,0],[1,0,0],[0,1,0],[4,26,73]]
[[0,0,0],[1,0,0],[0,1,0],[7,25,73]]
[[0,0,0],[1,0,0],[0,1,0],[2,24,73]]
[[0,0,0],[1,0,0],[0,1,0],[12,17,73]]
[[0,0,0],[1,0,0],[0,1,0],[6,68,73]]
[[0,0,0],[1,0,0],[0,1,0],[14,30,73]]
[[0,0,0],[1,0,0],[0,1,0],[15,66,73]]
[[0,0,0],[1,0,0],[0,1,0],[10,12,73]]
[[0,0,0],[1,0,0],[0,1,0],[9,20,73]]
[[0,0,0],[1,0,0],[0,1,0],[18,25,73]]
[[0,0,0],[1,0,0],[0,1,0],[14,14,73]]
[[0,0,0],[1,0,0],[0,1,0],[3,27,73]]
[[0,0,0],[1,0,0],[0,1,0],[3,13,73]]
[[0,0,0],[1,0,0],[0,1,0],[1,7,73]]
[[0,0,0],[1,0,0],[0,1,0],[7,20,73]]
[[0,0,0],[1,0,0],[0,1,0],[3,28,73]]
[[0,0,0],[1,0,0],[0,1,0],[9,67,73]]
[[0,0,0],[1,0,0],[0,1,0],[1,19,73]]
[[0,0,0],[1,0,0],[0,1,0],[7,70,73]]
[[0,0,0],[1,0,0],[0,1,0],[9,26,73]]
[[0,0,0],[1,0,0],[0,1,0],[13,18,73]]
[[0,0,0],[1,0,0],[0,1,0],[10,10,73]]
[[0,0,0],[1,0,0],[0,1,0],[2,11,73]]
[[0,0,0],[1,0,0],[0,1,0],[1,27,73]]
[[0,0,0],[1,0,0],[0,1,0],[5,70,73]]
[[0,0,0],[1,0,0],[0,1,0],[1,15,73]]
[[0,0,0],[1,0,0],[0,1,0],[11,30,73]]
[[0,0,0],[1,0,0],[0,1,0],[4,22,73]]
[[0,0,0],[1,0,0],[0,1,0],[4,29,73]]
[[0,0,0],[1,0,0],[0,1,0],[3,71,73]]
[[0,0,0],[1,0,0],[0,1,0],[9,25,73]]
[[0,0,0],[1,0,0],[0,1,0],[24,57,73]]
[[0,0,0],[1,0,0],[0,1,0],[3,15,73]]
[[0,0,0],[1,0,0],[0,1,0],[3,14,73]]
