[[0,0,0],[1,0,0],[0,1,0],[3,20,77]]
[[0,0,0],[1,0,0],[0,1,0],[5,73,77]]
[[0,0,0],[1,0,0],[0,1,0],[12,52,77]]
[[0,0,0],[1,0,0],[0,1,0],[49,40,77]]
[[0,0,0],[1,0,0],[0,1,0],[8,24,77]]
[[0,0,0],[1,0,0],[0,1,0],[7,57,77]]
[[0,0,0],[1,0,0],[0,1,0],[35,76,77]]
[[0,0,0],[1,0,0],[0,1,0],[41,51,77]]
[[0,0,0],[1,0,0],[0,1,0],[18,32,77]]
[[0,0,0],[1,0,0],[0,1,0],[35,32,77]]
[[0,0,0],[1,0,0],[0,1,0],[50,50,77]]
[[0,0,0],[1,0,0],[0,1,0],[24,76,77]]
[[0,0,0],[1,0,0],[0,1,0],[7,71,77]]
[[0,0,0],[1,0,0],[0,1,0],[16,25,77]]
[[0,0,0],[1,0,0],[0,1,0],[21,35,77]]
[[0,0,0],[1,0,0],[0,1,0],[1,16,77]]
[[0,0,0],[1,0,0],[0,1,0],[19,64,77]]
[[0,0,0],[1,0,0],[0,1,0],[2,65,77]]
[[0,0,0],[1,0,0],[0,1,0],[5,8,77]]
[[0,0,0],[1,0,0],[0,1,0],[14,29,77]]
[[0,0,0],[1,0,0],[0,1,0],[11,34,77]]
[[0,0,0],[1,0,0],[0,1,0],[1,6,77]]
[[0,0,0],[1,0,0],[0,1,0],[42,43,77]]
[[0,0,0],[1,0,0],[0,1,0],[49,43,77]]
[[0,0,0],[1,0,0],[0,1,0],[17,72,77]]
[[0,0,0],[1,0,0],[0,1,0],[16,24,77]]
[[0,0,0],[1,0,0],[0,1,0],[2,34,77]]
[[0,0,0],[1,0,0],[0,1,0],[2,9,77]]
[[0,0,0],[1,0,0],[0,1,0],[20,20,77]]
[[0,0,0],[1,0,0],[0,1,0],[7,36,77]]
[[0,0,0],[1,0,0],[0,1,0],[19,25,77]]
[[0,0,0],[1,0,0],[0,1,0],[46,76,77]]
[[0,0,0],[1,0,0],[0,1,0],[2,26,77]]
[[0,0,0],[1,0,0],[0,1,0],[35,10,77]]
[[0,0,0],[1,0,0],[0,1,0],[4,17,77]]
[[0,0,0],[1,0,0],[0,1,0],[49,73,77]]
[[0,0,0],[1,0,0],[0,1,0],[15,41,77]]
[[0,0,0],[1,0,0],[0,1,0],[21,36,77]]
[[0,0,0],[1,0,0],[0,1,0],[9,69,77]]
[[0,0,0],[1,0,0],[0,1,0],[6,9,77]]
[[0,0,0],[1,0,0],[0,1,0],[2,12,77]]
[[0,0,0],[1,0,0],[0,1,0],[2,41,77]]
[[0,0,0],[1,0,0],[0,1,0],[10,54,77]]
[[0,0,0],[1,0,0],[0,1,0],[5,38,77]]
[[0,0,0],[1,0,0],[0,1,0],[3,15,77]]
[[0,0,0],[1,0,0],[0,1,0],[33,45,77]]
[[0,0,0],[1,0,0],[0,1,0],[14,36,77]]
[[0,0,0],[1,0,0],[0,1,0],[33,12,77]]
[[0,0,0],[1,0,0],[0,1,0],[19,24,77]]
[[0,0,0],[1,0,0],[0,1,0],[12,18,77]]
[[0,0,0],[1,0,0],[0,1,0],[3,40,77]]
[[0,0,0],[1,0,0],[0,1,0],[7,49,77]]
[[0,0,0],[1,0,0],[0,1,0],[6,15,77]]
[[0,0,0],[1,0,0],[0,1,0],[5,59,77]]
[[0,0,0],[1,0,0],[0,1,0],[6,32,77]]
[[0,0,0],[1,0,0],[0,1,0],[3,16,77]]
[[0,0,0],[1,0,0],[0,1,0],[3,8,77]]
[[0,0,0],[1,0,0],[0,1,0],[6,30,77]]
[[0,0,0],[1,0,0],[0,1,0],[5,5,77]]
[[0,0,0],[1,0,0],[0,1,0],[8,27,77]]
[[0,0,0],[1,0,0],[0,1,0],[34,50,77]]
[[0,0,0],[1,0,0],[0,1,0],[4,13,77]]
[[0,0,0],[1,0,0],[0,1,0],[42,36,77]]
[[0,0,0],[1,0,0],[0,1,0],[1,2,77]]
[[0,0,0],[1,0,0],[0,1,0],[2,19,77]]
[[0,0,0],[1,0,0],[0,1,0],[35,43,77]]
[[0,0,0],[1,0,0],[0,1,0],[8,32,77]]
[[0,0,0],[1,0,0],[0,1,0],[17,50,77]]
[[0,0,0],[1,0,0],[0,1,0],[7,60,77]]
[[0,0,0],[1,0,0],[0,1,0],[16,20,77]]
[[0,0,0],[1,0,0],[0,1,0],[3,27,77]]
[[0,0,0],[1,0,0],[0,1,0],[11,56,77]]
[[0,0,0],[1,0,0],[0,1,0],[15,65,77]]
[[0,0,0],[1,0,0],[0,1,0],[16,34,77]]
[[0,0,0],[1,0,0],[0,1,0],[1,4,77]]
[[0,0,0],[1,0,0],[0,1,0],[3,53,77]]
[[0,0,0],[1,0,0],[0,1,0],[22,34,77]]
[[0,0,0],[1,0,0],[0,1,0],[8,16,77]]
[[0,0,0],[1,0,0],[0,1,0],[2,13,77]]
[[0,0,0],[1,0,0],[0,1,0],[6,10,77]]
[[0,0,0],[1,0,0],[0,1,0],[14,8,77]]
[[0,0,0],[1,0,0],[0,1,0],[1,15,77]]
[[0,0,0],[1,0,0],[0,1,0],[1,18,77]]
[[0,0,0],[1,0,0],[0,1,0],[18,25,77]]
[[0,0,0],[1,0,0],[0,1,0],[4,29,77]]
[[0,0,0],[1,0,0],[0,1,0],[11,23,77]]
[[0,0,0],[1,0,0],[0,1,0],[18,30,77]]
[[0,0,0],[1,0,0],[0,1,0],[33,1,77]]
[[0,0,0],[1,0,0],[0,1,0],[2,6,77]]
[[0,0,0],[1,0,0],[0,1,0],[10,69,77]]
[[0,0,0],[1,0,0],[0,1,0],[10,46,77]]
[[0,0,0],[1,0,0],[0,1,0],[3,6,77]]
[[0,0,0],[1,0,0],[0,1,0],[42,69,77]]
[[0,0,0],[1,0,0],[0,1,0],[10,40,77]]
[[0,0,0],[1,0,0],[0,1,0],[2,32,77]]
[[0,0,0],[1,0,0],[0,1,0],[5,31,77]]
[[0,0,0],[1,0,0],[0,1,0],[42,3,77]]
[[0,0,0],[1,0,0],[0,1,0],[4,46,77]]
[[0,0,0],[1,0,0],[0,1,0],[7,38,77]]
[[0,0,0],[1,0,0],[0,1,0],[1,5,77]]
[[0,0,0],[1,0,0],[0,1,0],[10,19,77]]
[[0,0,0],[1,0,0],[0,1,0],[6,6,77]]
[[0,0,0],[1,0,0],[0,1,0],[8,34,77]]
[[0,0,0],[1,0,0],[0,1,0],[17,62,77]]
[[0,0,0],[1,0,0],[0,1,0],[4,41,77]]
[[0,0,0],[1,0,0],[0,1,0],[15,30,77]]
[[0,0,0],[1,0,0],[0,1,0],[44,67,77]]
[[0,0,0],[1,0,0],[0,1,0],[2,10,77]]
[[0,0,0],[1,0,0],[0,1,0],[10,12,77]]
[[0,0,0],[1,0,0],[0,1,0],[4,6,77]]
[[0,0,0],[1,0,0],[0,1,0],[14,42,77]]
[[0,0,0],[7,0,0],[0,1,0],[0,1,11]]
[[0,0,0],[1,0,0],[0,1,0],[4,67,77]]
[[0,0,0],[1,0,0],[0,1,0],[28,71,77]]
[[0,0,0],[1,0,0],[0,1,0],[3,12,77]]
[[0,0,0],[1,0,0],[0,1,0],[5,13,77]]
[[0,0,0],[1,0,0],[0,1,0],[6,29,77]]
[[0,0,0],[1,0,0],[0,1,0],[19,37,77]]
[[0,0,0],[1,0,0],[0,1,0],[10,15,77]]
[[0,0,0],[1,0,0],[0,1,0],[9,71,77]]
[[0,0,0],[1,0,0],[0,1,0],[9,9,77]]
[[0,0,0],[1,0,0],[0,1,0],[47,64,77]]
[[0,0,0],[1,0,0],[0,1,0],[16,27,77]]
[[0,0,0],[1,0,0],[0,1,0],[2,54,77]]
[[0,0,0],[1,0,0],[0,1,0],[11,45,77]]
[[0,0,0],[1,0,0],[0,1,0],[23,41,77]]
[[0,0,0],[1,0,0],[0,1,0],[2,23,77]]
[[0,0,0],[1,0,0],[0,1,0],[3,25,77]]
[[0,0,0],[1,0,0],[0,1,0],[7,29,77]]
[[0,0,0],[1,0,0],[0,1,0],[15,23,77]]
[[0,0,0],[1,0,0],[0,1,0],[6,16,77]]
[[0,0,0],[1,0,0],[0,1,0],[6,24,77]]
[[0,0,0],[1,0,0],[0,1,0],[1,8,77]]
[[0,0,0],[1,0,0],[0,1,0],[2,30,77]]
[[0,0,0],[1,0,0],[0,1,0],[17,64,77]]
[[0,0,0],[1,0,0],[0,1,0],[16,18,77]]
[[0,0,0],[1,0,0],[0,1,0],[3,23,77]]
[[0,0,0],[1,0,0],[0,1,0],[8,71,77]]
[[0,0,0],[1,0,0],[0,1,0],[12,15,77]]
[[0,0,0],[1,0,0],[0,1,0],[25,32,77]]
[[0,0,0],[1,0,0],[0,1,0],[1,10,77]]
[[0,0,0],[1,0,0],[0,1,0],[9,24,77]]
[[0,0,0],[1,0,0],[0,1,0],[2,48,77]]
[[0,0,0],[1,0,0],[0,1,0],[2,2,77]]
[[0,0,0],[1,0,0],[0,1,0],[12,23,77]]
[[0,0,0],[1,0,0],[0,1,0],[1,25,77]]
[[0,0,0],[1,0,0],[0,1,0],[42,25,77]]
[[0,0,0],[1,0,0],[0,1,0],[7,27,77]]
[[0,0,0],[1,0,0],[0,1,0],[6,34,77]]
[[0,0,0],[1,0,0],[0,1,0],[24,43,77]]
[[0,0,0],[1,0,0],[0,1,0],[14,50,77]]
[[0,0,0],[1,0,0],[0,1,0],[25,74,77]]
[[0,0,0],[1,0,0],[0,1,0],[8,15,77]]
[[0,0,0],[1,0,0],[0,1,0],[8,59,77]]
[[0,0,0],[1,0,0],[0,1,0],[16,51,77]]
[[0,0,0],[1,0,0],[0,1,0],[22,23,77]]
[[0,0,0],[1,0,0],[0,1,0],[28,1,77]]
[[0,0,0],[1,0,0],[0,1,0],[2,17,77]]
[[0,0,0],[1,0,0],[0,1,0],[4,8,77]]
[[0,0,0],[1,0,0],[0,1,0],[3,34,77]]
[[0,0,0],[1,0,0],[0,1,0],[14,71,77]]
[[0,0,0],[1,0,0],[0,1,0],[21,57,77]]
[[0,0,0],[1,0,0],[0,1,0],[7,16,77]]
[[0,0,0],[1,0,0],[0,1,0],[9,48,77]]
[[0,0,0],[1,0,0],[0,1,0],[12,24,77]]
[[0,0,0],[1,0,0],[0,1,0],[9,36,77]]
[[0,0,0],[1,0,0],[0,1,0],[23,34,77]]
[[0,0,0],[1,0,0],[0,1,0],[10,34,77]]
[[0,0,0],[1,0,0],[0,1,0],[55,34,77]]
[[0,0,0],[1,0,0],[0,1,0],[4,31,77]]
[[0,0,0],[1,0,0],[0,1,0],[14,1,77]]
[[0,0,0],[1,0,0],[0,1,0],[3,19,77]]
[[0,0,0],[1,0,0],[0,1,0],[1,20,77]]
[[0,0,0],[1,0,0],[0,1,0],[4,25,77]]
[[0,0,0],[1,0,0],[0,1,0],[9,62,77]]
[[0,0,0],[1,0,0],[0,1,0],[11,67,77]]
[[0,0,0],[1,0,0],[0,1,0],[15,15,77]]
[[0,0,0],[1,0,0],[0,1,0],[11,12,77]]
[[0,0,0],[1,0,0],[0,1,0],[14,43,77]]
[[0,0,0],[1,0,0],[0,1,0],[15,25,77]]
[[0,0,0],[1,0,0],[0,1,0],[9,18,77]]
[[0,0,0],[1,0,0],[0,1,0],[17,67,77]]
[[0,0,0],[1,0,0],[0,1,0],[3,30,77]]
[[0,0,0],[1,0,0],[0,1,0],[2,18,77]]
[[0,0,0],[1,0,0],[0,1,0],[21,13,77]]
[[0,0,0],[1,0,0],[0,1,0],[4,12,77]]
[[0,0,0],[1,0,0],[0,1,0],[12,19,77]]
[[0,0,0],[1,0,0],[0,1,0],[6,17,77]]
[[0,0,0],[1,0,0],[0,1,0],[3,31,77]]
[[0,0,0],[1,0,0],[0,1,0],[9,20,77]]
[[0,0,0],[1,0,0],[0,1,0],[3,24,77]]
[[0,0,0],[1,0,0],[0,1,0],[51,76,77]]
[[0,0,0],[1,0,0],[0,1,0],[5,10,77]]
[[0,0,0],[1,0,0],[0,1,0],[25,65,77]]
[[0,0,0],[1,0,0],[0,1,0],[21,46,77]]
[[0,0,0],[1,0,0],[0,1,0],[7,15,77]]
[[0,0,0],[1,0,0],[0,1,0],[21,64,77]]
[[0,0,0],[1,0,0],[0,1,0],[3,26,77]]
[[0,0,0],[1,0,0],[0,1,0],[6,8,77]]
[[0,0,0],[1,0,0],[0,1,0],[7,1,77]]
[[0,0,0],[1,0,0],[0,1,0],[4,19,77]]
[[0,0,0],[1,0,0],[0,1,0],[3,76,77]]
[[0,0,0],[1,0,0],[0,1,0],[8,48,77]]
[[0,0,0],[1,0,0],[0,1,0],[8,8,77]]
[[0,0,0],[1,0,0],[0,1,0],[18,27,77]]
[[0,0,0],[1,0,0],[0,1,0],[38,62,77]]
[[0,0,0],[1,0,0],[0,1,0],[21,24,77]]
[[0,0,0],[1,0,0],[0,1,0],[21,68,77]]
[[0,0,0],[1,0,0],[0,1,0],[28,28,77]]
[[0,0,0],[1,0,0],[0,1,0],[42,58,77]]
[[0,0,0],[1,0,0],[0,1,0],[6,36,77]]
[[0,0,0],[1,0,0],[0,1,0],[6,20,77]]
[[0,0,0],[1,0,0],[0,1,0],[6,23,77]]
[[0,0,0],[1,0,0],[0,1,0],[2,38,77]]
[[0,0,0],[1,0,0],[0,1,0],[16,30,77]]
[[0,0,0],[1,0,0],[0,1,0],[63,70,77]]
[[0,0,0],[1,0,0],[0,1,0],[3,32,77]]
[[0,0,0],[1,0,0],[0,1,0],[2,36,77]]
[[0,0,0],[1,0,0],[0,1,0],[12,38,77]]
[[0,0,0],[1,0,0],[0,1,0],[8,19,77]]
[[0,0,0],[1,0,0],[0,1,0],[16,67,77]]
[[0,0,0],[1,0,0],[0,1,0],[21,71,77]]
[[0,0,0],[1,0,0],[0,1,0],[2,15,77]]
[[0,0,0],[1,0,0],[0,1,0],[5,25,77]]
[[0,0,0],[1,0,0],[0,1,0],[6,12,77]]
[[0,0,0],[1,0,0],[0,1,0],[5,23,77]]
[[0,0,0],[1,0,0],[0,1,0],[9,27,77]]
[[0,0,0],[1,0,0],[0,1,0],[5,40,77]]
[[0,0,0],[1,0,0],[0,1,0],[4,52,77]]
[[0,0,0],[1,0,0],[0,1,0],[21,2,77]]
[[0,0,0],[1,0,0],[0,1,0],[5,17,77]]
[[0,0,0],[1,0,0],[0,1,0],[42,47,77]]
[[0,0,0],[1,0,0],[0,1,0],[4,23,77]]
[[0,0,0],[1,0,0],[0,1,0],[1,1,77]]
[[0,0,0],[1,0,0],[0,1,0],[17,40,77]]
[[0,0,0],[1,0,0],[0,1,0],[20,59,77]]
[[0,0,0],[1,0,0],[0,1,0],[15,52,77]]
[[0,0,0],[1,0,0],[0,1,0],[3,5,77]]
[[0,0,0],[1,0,0],[0,1,0],[1,34,77]]
[[0,0,0],[1,0,0],[0,1,0],[2,20,77]]
[[0,0,0],[1,0,0],[0,1,0],[8,30,77]]
[[0,0,0],[1,0,0],[0,1,0],[18,67,77]]
[[0,0,0],[1,0,0],[0,1,0],[4,20,77]]
[[0,0,0],[1,0,0],[0,1,0],[2,5,77]]
[[0,0,0],[1,0,0],[0,1,0],[2,4,77]]
[[0,0,0],[1,0,0],[0,1,0],[3,47,77]]
[[0,0,0],[1,0,0],[0,1,0],[2,62,77]]
[[0,0,0],[1,0,0],[0,1,0],[5,51,77]]
[[0,0,0],[1,0,0],[0,1,0],[3,64,77]]
[[0,0,0],[1,0,0],[0,1,0],[2,3,77]]
[[0,0,0],[1,0,0],[0,1,0],[4,4,77]]
[[0,0,0],[1,0,0],[0,1,0],[7,5,77]]
[[0,0,0],[1,0,0],[0,1,0],[3,75,77]]
[[0,0,0],[1,0,0],[0,1,0],[35,8,77]]
[[0,0,0],[1,0,0],[0,1,0],[4,74,77]]
[[0,0,0],[1,0,0],[0,1,0],[3,54,77]]
[[0,0,0],[1,0,0],[0,1,0],[12,67,77]]
[[0,0,0],[1,0,0],[0,1,0],[9,12,77]]
[[0,0,0],[1,0,0],[0,1,0],[28,15,77]]
[[0,0,0],[1,0,0],[0,1,0],[18,18,77]]
[[0,0,0],[1,0,0],[0,1,0],[25,25,77]]
[[0,0,0],[1,0,0],[0,1,0],[49,29,77]]
[[0,0,0],[1,0,0],[0,1,0],[24,32,77]]
[[0,0,0],[1,0,0],[0,1,0],[22,56,77]]
[[0,0,0],[1,0,0],[0,1,0],[1,9,77]]
[[0,0,0],[1,0,0],[0,1,0],[22,1,77]]
[[0,0,0],[1,0,0],[0,1,0],[49,51,77]]
[[0,0,0],[1,0,0],[0,1,0],[12,59,77]]
[[0,0,0],[1,0,0],[0,1,0],[20,69,77]]
[[0,0,0],[1,0,0],[0,1,0],[46,46,77]]
[[0,0,0],[1,0,0],[0,1,0],[3,3,77]]
[[0,0,0],[1,0,0],[0,1,0],[19,48,77]]
[[0,0,0],[1,0,0],[0,1,0],[2,25,77]]
[[0,0,0],[1,0,0],[0,1,0],[4,18,77]]
[[0,0,0],[1,0,0],[0,1,0],[20,47,77]]
[[0,0,0],[1,0,0],[0,1,0],[11,1,77]]
[[0,0,0],[1,0,0],[0,1,0],[20,23,77]]
[[0,0,0],[1,0,0],[0,1,0],[17,19,77]]
[[0,0,0],[1,0,0],[0,1,0],[17,75,77]]
[[0,0,0],[1,0,0],[0,1,0],[7,8,77]]
[[0,0,0],[1,0,0],[0,1,0],[2,31,77]]
[[0,0,0],[1,0,0],[0,1,0],[6,51,77]]
[[0,0,0],[1,0,0],[0,1,0],[16,76,77]]
[[0,0,0],[1,0,0],[0,1,0],[35,1,77]]
[[0,0,0],[1,0,0],[0,1,0],[44,56,77]]
[[0,0,0],[1,0,0],[0,1,0],[4,15,77]]
[[0,0,0],[1,0,0],[0,1,0],[17,47,77]]
[[0,0,0],[1,0,0],[0,1,0],[4,60,77]]
[[0,0,0],[1,0,0],[0,1,0],[28,57,77]]
[[0,0,0],[1,0,0],[0,1,0],[33,56,77]]
[[0,0,0],[1,0,0],[0,1,0],[10,68,77]]
[[0,0,0],[1,0,0],[0,1,0],[9,76,77]]
[[0,0,0],[1,0,0],[0,1,0],[23,69,77]]
[[0,0,0],[1,0,0],[0,1,0],[7,43,77]]
[[0,0,0],[1,0,0],[0,1,0],[5,19,77]]
[[0,0,0],[1,0,0],[0,1,0],[5,9,77]]
[[0,0,0],[1,0,0],[0,1,0],[7,50,77]]
[[0,0,0],[1,0,0],[0,1,0],[23,76,77]]
[[0,0,0],[1,0,0],[0,1,0],[1,12,77]]
[[0,0,0],[1,0,0],[0,1,0],[2,29,77]]
[[0,0,0],[1,0,0],[0,1,0],[6,72,77]]
[[0,0,0],[1,0,0],[0,1,0],[4,32,77]]
[[0,0,0],[1,0,0],[0,1,0],[7,64,77]]
[[0,0,0],[1,0,0],[0,1,0],[3,13,77]]
[[0,0,0],[1,0,0],[0,1,0],[2,27,77]]
[[0,0,0],[1,0,0],[0,1,0],[0,1,77]]
[[0,0,0],[1,0,0],[0,1,0],[5,32,77]]
[[0,0,0],[1,0,0],[0,1,0],[9,16,77]]
[[0,0,0],[1,0,0],[0,1,0],[24,40,77]]
[[0,0,0],[1,0,0],[0,1,0],[4,27,77]]
[[0,0,0],[1,0,0],[0,1,0],[25,75,77]]
[[0,0,0],[1,0,0],[0,1,0],[5,30,77]]
[[0,0,0],[1,0,0],[0,1,0],[49,62,77]]
[[0,0,0],[1,0,0],[0,1,0],[2,16,77]]
[[0,0,0],[1,0,0],[0,1,0],[5,20,77]]
[[0,0,0],[1,0,0],[0,1,0],[2,43,77]]
[[0,0,0],[1,0,0],[0,1,0],[5,74,77]]
[[0,0,0],[1,0,0],[0,1,0],[10,23,77]]
[[0,0,0],[1,0,0],[0,1,0],[21,1,77]]
[[0,0,0],[1,0,0],[0,1,0],[4,30,77]]
[[0,0,0],[1,0,0],[0,1,0],[3,10,77]]
[[0,0,0],[1,0,0],[0,1,0],[1,3,77]]
[[0,0,0],[1,0,0],[0,1,0],[5,12,77]]
[[0,0,0],[1,0,0],[0,1,0],[5,75,77]]
[[0,0,0],[1,0,0],[0,1,0],[4,37,77]]
[[0,0,0],[1,0,0],[0,1,0],[6,50,77]]
[[0,0,0],[1,0,0],[0,1,0],[3,17,77]]
[[0,0,0],[1,0,0],[0,1,0],[5,29,77]]
[[0,0,0],[1,0,0],[0,1,0],[19,38,77]]
[[0,0,0],[1,0,0],[0,1,0],[3,61,77]]
[[0,0,0],[1,0,0],[0,1,0],[25,46,77]]
[[0,0,0],[1,0,0],[0,1,0],[10,61,77]]
[[0,0,0],[1,0,0],[0,1,0],[32,74,77]]
[[0,0,0],[1,0,0],[0,1,0],[56,43,77]]
[[0,0,0],[1,0,0],[0,1,0],[4,10,77]]
[[0,0,0],[1,0,0],[0,1,0],[6,73,77]]
[[0,0,0],[1,0,0],[0,1,0],[15,20,77]]
[[0,0,0],[1,0,0],[0,1,0],[3,9,77]]
[[0,0,0],[1,0,0],[0,1,0],[9,25,77]]
[[0,0,0],[1,0,0],[0,1,0],[4,36,77]]
[[0,0,0],[1,0,0],[0,1,0],[16,62,77]]
[[0,0,0],[1,0,0],[0,1,0],[49,18,77]]
[[0,0,0],[1,0,0],[0,1,0],[42,57,77]]
[[0,0,0],[1,0,0],[0,1,0],[2,8,77]]
[[0,0,0],[1,0,0],[0,1,0],[2,24,77]]
[[0,0,0],[1,0,0],[0,1,0],[2,69,77]]
[[0,0,0],[1,0,0],[0,1,0],[17,17,77]]
[[0,0,0],[1,0,0],[0,1,0],[8,18,77]]
[[0,0,0],[1,0,0],[0,1,0],[6,61,77]]
[[0,0,0],[1,0,0],[0,1,0],[44,34,77]]
[[0,0,0],[1,0,0],[0,1,0],[3,18,77]]
[[0,0,0],[1,0,0],[0,1,0],[2,76,77]]
[[0,0,0],[1,0,0],[0,1,0],[6,18,77]]
[[0,0,0],[1,0,0],[0,1,0],[32,32,77]]
[[0,0,0],[1,0,0],[0,1,0],[5,45,77]]
[[0,0,0],[1,0,0],[0,1,0],[15,69,77]]
[[0,0,0],[1,0,0],[0,1,0],[4,53,77]]
[[0,0,0],[1,0,0],[0,1,0],[3,29,77]]
[[0,0,0],[1,0,0],[0,1,0],[17,65,77]]
[[0,0,0],[1,0,0],[0,1,0],[24,47,77]]
[[0,0,0],[1,0,0],[0,1,0],[16,48,77]]
