[[0,0,0],[1,0,0],[0,1,0],[7,19,78]]
[[0,0,0],[1,0,0],[0,1,0],[69,76,78]]
[[0,0,0],[2,0,0],[0,1,0],[3,31,39]]
[[0,0,0],[1,0,0],[0,1,0],[12,1,78]]
[[0,0,0],[2,0,0],[0,1,0],[3,16,39]]
[[0,0,0],[1,0,0],[0,1,0],[50,37,78]]
[[0,0,0],[1,0,0],[0,1,0],[56,62,78]]
[[0,0,0],[1,0,0],[0,1,0],[51,40,78]]
[[0,0,0],[1,0,0],[0,1,0],[6,73,78]]
[[0,0,0],[1,0,0],[0,1,0],[56,53,78]]
[[0,0,0],[1,0,0],[0,1,0],[11,53,78]]
[[0,0,0],[2,0,0],[0,1,0],[6,28,39]]
[[0,0,0],[3,0,0],[0,1,0],[13,1,26]]
[[0,0,0],[1,0,0],[0,1,0],[52,53,78]]
[[0,0,0],[1,0,0],[0,1,0],[20,31,78]]
[[0,0,0],[1,0,0],[0,1,0],[5,29,78]]
[[0,0,0],[1,0,0],[0,1,0],[26,27,78]]
[[0,0,0],[1,0,0],[0,1,0],[45,22,78]]
[[0,0,0],[1,0,0],[0,1,0],[57,76,78]]
[[0,0,0],[1,0,0],[0,1,0],[36,1,78]]
[[0,0,0],[1,0,0],[0,1,0],[13,27,78]]
[[0,0,0],[1,0,0],[0,1,0],[24,25,78]]
[[0,0,0],[1,0,0],[0,1,0],[2,20,78]]
[[0,0,0],[3,0,0],[0,1,0],[0,1,26]]
[[0,0,0],[1,0,0],[0,1,0],[32,41,78]]
[[0,0,0],[1,0,0],[0,1,0],[15,40,78]]
[[0,0,0],[1,0,0],[0,1,0],[14,44,78]]
[[0,0,0],[1,0,0],[0,1,0],[5,71,78]]
[[0,0,0],[1,0,0],[0,1,0],[15,43,78]]
[[0,0,0],[1,0,0],[0,1,0],[5,61,78]]
[[0,0,0],[1,0,0],[0,1,0],[4,19,78]]
[[0,0,0],[1,0,0],[0,1,0],[68,76,78]]
[[0,0,0],[1,0,0],[0,1,0],[2,59,78]]
[[0,0,0],[2,0,0],[0,1,0],[6,22,39]]
[[0,0,0],[1,0,0],[0,1,0],[5,11,78]]
[[0,0,0],[1,0,0],[0,1,0],[8,43,78]]
[[0,0,0],[1,0,0],[0,1,0],[2,35,78]]
[[0,0,0],[1,0,0],[0,1,0],[42,37,78]]
[[0,0,0],[6,0,0],[0,1,0],[0,1,13]]
[[0,0,0],[1,0,0],[0,1,0],[3,7,78]]
[[0,0,0],[1,0,0],[0,1,0],[1,25,78]]
[[0,0,0],[1,0,0],[0,1,0],[10,1,78]]
[[0,0,0],[1,0,0],[0,1,0],[10,7,78]]
[[0,0,0],[1,0,0],[0,1,0],[14,23,78]]
[[0,0,0],[1,0,0],[0,1,0],[57,74,78]]
[[0,0,0],[1,0,0],[0,1,0],[27,10,78]]
[[0,0,0],[1,0,0],[0,1,0],[7,31,78]]
[[0,0,0],[1,0,0],[0,1,0],[18,74,78]]
[[0,0,0],[1,0,0],[0,1,0],[13,40,78]]
[[0,0,0],[1,0,0],[0,1,0],[38,68,78]]
[[0,0,0],[1,0,0],[0,1,0],[69,46,78]]
[[0,0,0],[1,0,0],[0,1,0],[3,67,78]]
[[0,0,0],[1,0,0],[0,1,0],[39,40,78]]
[[0,0,0],[1,0,0],[0,1,0],[39,1,78]]
[[0,0,0],[1,0,0],[0,1,0],[9,37,78]]
[[0,0,0],[2,0,0],[0,1,0],[6,25,39]]
[[0,0,0],[1,0,0],[0,1,0],[14,41,78]]
[[0,0,0],[1,0,0],[0,1,0],[52,27,78]]
[[0,0,0],[1,0,0],[0,1,0],[50,71,78]]
[[0,0,0],[1,0,0],[0,1,0],[44,77,78]]
[[0,0,0],[1,0,0],[0,1,0],[3,55,78]]
[[0,0,0],[1,0,0],[0,1,0],[45,4,78]]
[[0,0,0],[1,0,0],[0,1,0],[25,25,78]]
[[0,0,0],[1,0,0],[0,1,0],[10,77,78]]
[[0,0,0],[1,0,0],[0,1,0],[8,50,78]]
[[0,0,0],[1,0,0],[0,1,0],[30,62,78]]
[[0,0,0],[1,0,0],[0,1,0],[36,61,78]]
[[0,0,0],[1,0,0],[0,1,0],[20,50,78]]
[[0,0,0],[2,0,0],[0,1,0],[3,10,39]]
[[0,0,0],[1,0,0],[0,1,0],[15,46,78]]
[[0,0,0],[1,0,0],[0,1,0],[27,34,78]]
[[0,0,0],[1,0,0],[0,1,0],[4,7,78]]
[[0,0,0],[1,0,0],[0,1,0],[58,73,78]]
[[0,0,0],[1,0,0],[0,1,0],[21,73,78]]
[[0,0,0],[1,0,0],[0,1,0],[63,22,78]]
[[0,0,0],[1,0,0],[0,1,0],[16,17,78]]
[[0,0,0],[1,0,0],[0,1,0],[24,16,78]]
[[0,0,0],[1,0,0],[0,1,0],[75,10,78]]
[[0,0,0],[1,0,0],[0,1,0],[11,11,78]]
[[0,0,0],[1,0,0],[0,1,0],[29,59,78]]
[[0,0,0],[1,0,0],[0,1,0],[69,22,78]]
[[0,0,0],[1,0,0],[0,1,0],[27,40,78]]
[[0,0,0],[1,0,0],[0,1,0],[10,5,78]]
[[0,0,0],[1,0,0],[0,1,0],[51,70,78]]
[[0,0,0],[1,0,0],[0,1,0],[14,62,78]]
[[0,0,0],[1,0,0],[0,1,0],[14,38,78]]
[[0,0,0],[1,0,0],[0,1,0],[15,76,78]]
[[0,0,0],[1,0,0],[0,1,0],[28,73,78]]
[[0,0,0],[1,0,0],[0,1,0],[75,16,78]]
[[0,0,0],[1,0,0],[0,1,0],[15,58,78]]
[[0,0,0],[1,0,0],[0,1,0],[50,55,78]]
[[0,0,0],[1,0,0],[0,1,0],[9,22,78]]
[[0,0,0],[2,0,0],[0,1,0],[3,28,39]]
[[0,0,0],[1,0,0],[0,1,0],[8,62,78]]
[[0,0,0],[1,0,0],[0,1,0],[1,5,78]]
[[0,0,0],[1,0,0],[0,1,0],[44,50,78]]
[[0,0,0],[1,0,0],[0,1,0],[10,56,78]]
[[0,0,0],[1,0,0],[0,1,0],[13,14,78]]
[[0,0,0],[1,0,0],[0,1,0],[4,55,78]]
[[0,0,0],[1,0,0],[0,1,0],[12,25,78]]
[[0,0,0],[1,0,0],[0,1,0],[32,34,78]]
[[0,0,0],[1,0,0],[0,1,0],[5,77,78]]
[[0,0,0],[1,0,0],[0,1,0],[44,61,78]]
[[0,0,0],[1,0,0],[0,2,0],[9,36,39]]
[[0,0,0],[1,0,0],[0,1,0],[12,19,78]]
[[0,0,0],[1,0,0],[0,1,0],[12,73,78]]
[[0,0,0],[1,0,0],[0,1,0],[2,38,78]]
[[0,0,0],[1,0,0],[0,1,0],[6,34,78]]
[[0,0,0],[1,0,0],[0,1,0],[42,49,78]]
[[0,0,0],[1,0,0],[0,1,0],[8,25,78]]
[[0,0,0],[1,0,0],[0,1,0],[62,53,78]]
[[0,0,0],[1,0,0],[0,1,0],[51,28,78]]
[[0,0,0],[1,0,0],[0,1,0],[8,47,78]]
[[0,0,0],[1,0,0],[0,1,0],[74,77,78]]
[[0,0,0],[1,0,0],[0,1,0],[22,71,78]]
[[0,0,0],[1,0,0],[0,1,0],[38,23,78]]
[[0,0,0],[1,0,0],[0,1,0],[46,53,78]]
[[0,0,0],[1,0,0],[0,1,0],[32,44,78]]
[[0,0,0],[1,0,0],[0,1,0],[2,17,78]]
[[0,0,0],[1,0,0],[0,1,0],[75,56,78]]
[[0,0,0],[1,0,0],[0,1,0],[46,35,78]]
[[0,0,0],[1,0,0],[0,1,0],[56,23,78]]
[[0,0,0],[1,0,0],[0,1,0],[24,19,78]]
[[0,0,0],[1,0,0],[0,1,0],[63,16,78]]
[[0,0,0],[1,0,0],[0,1,0],[69,64,78]]
[[0,0,0],[1,0,0],[0,1,0],[16,23,78]]
[[0,0,0],[1,0,0],[0,1,0],[57,34,78]]
[[0,0,0],[1,0,0],[0,1,0],[33,73,78]]
[[0,0,0],[1,0,0],[0,1,0],[43,53,78]]
[[0,0,0],[1,0,0],[0,1,0],[75,64,78]]
[[0,0,0],[1,0,0],[0,1,0],[8,53,78]]
[[0,0,0],[1,0,0],[0,1,0],[12,41,78]]
[[0,0,0],[1,0,0],[0,1,0],[75,46,78]]
[[0,0,0],[1,0,0],[0,1,0],[24,31,78]]
[[0,0,0],[1,0,0],[0,1,0],[9,44,78]]
[[0,0,0],[1,0,0],[0,1,0],[9,40,78]]
[[0,0,0],[1,0,0],[0,1,0],[65,66,78]]
[[0,0,0],[1,0,0],[0,1,0],[44,74,78]]
[[0,0,0],[1,0,0],[0,1,0],[14,77,78]]
[[0,0,0],[1,0,0],[0,1,0],[30,19,78]]
[[0,0,0],[1,0,0],[0,1,0],[12,31,78]]
[[0,0,0],[1,0,0],[0,1,0],[57,28,78]]
[[0,0,0],[1,0,0],[0,1,0],[10,47,78]]
[[0,0,0],[1,0,0],[0,1,0],[46,59,78]]
[[0,0,0],[1,0,0],[0,1,0],[15,4,78]]
[[0,0,0],[1,0,0],[0,1,0],[5,25,78]]
[[0,0,0],[1,0,0],[0,1,0],[32,50,78]]
[[0,0,0],[1,0,0],[1,2,0],[1,15,39]]
[[0,0,0],[1,0,0],[0,1,0],[32,7,78]]
[[0,0,0],[1,0,0],[0,1,0],[14,25,78]]
[[0,0,0],[2,0,0],[0,1,0],[3,19,39]]
[[0,0,0],[2,0,0],[0,1,0],[3,32,39]]
[[0,0,0],[1,0,0],[0,1,0],[28,1,78]]
[[0,0,0],[1,0,0],[0,1,0],[32,1,78]]
[[0,0,0],[1,0,0],[0,1,0],[45,10,78]]
[[0,0,0],[1,0,0],[0,1,0],[3,4,78]]
[[0,0,0],[1,0,0],[0,1,0],[21,37,78]]
[[0,0,0],[1,0,0],[0,1,0],[14,29,78]]
[[0,0,0],[1,0,0],[0,1,0],[33,4,78]]
[[0,0,0],[1,0,0],[0,1,0],[2,61,78]]
[[0,0,0],[1,0,0],[0,1,0],[8,44,78]]
[[0,0,0],[1,0,0],[0,1,0],[54,51,78]]
[[0,0,0],[1,0,0],[0,1,0],[20,77,78]]
[[0,0,0],[2,0,0],[0,1,0],[13,1,39]]
[[0,0,0],[1,0,0],[0,1,0],[57,10,78]]
[[0,0,0],[1,0,0],[0,1,0],[38,35,78]]
[[0,0,0],[1,0,0],[0,1,0],[4,59,78]]
[[0,0,0],[1,0,0],[0,1,0],[4,71,78]]
[[0,0,0],[1,0,0],[0,1,0],[14,19,78]]
[[0,0,0],[1,0,0],[0,1,0],[50,50,78]]
[[0,0,0],[1,0,0],[0,1,0],[20,46,78]]
[[0,0,0],[1,0,0],[0,1,0],[21,16,78]]
[[0,0,0],[1,0,0],[0,1,0],[3,22,78]]
[[0,0,0],[1,0,0],[0,1,0],[22,1,78]]
[[0,0,0],[1,0,0],[0,1,0],[33,22,78]]
[[0,0,0],[1,0,0],[0,1,0],[4,5,78]]
[[0,0,0],[1,0,0],[0,1,0],[69,62,78]]
[[0,0,0],[1,0,0],[0,1,0],[36,56,78]]
[[0,0,0],[1,0,0],[0,1,0],[5,47,78]]
[[0,0,0],[1,0,0],[0,1,0],[14,35,78]]
[[0,0,0],[1,0,0],[0,1,0],[60,25,78]]
[[0,0,0],[1,0,0],[0,1,0],[30,55,78]]
[[0,0,0],[1,0,0],[0,1,0],[16,11,78]]
[[0,0,0],[1,0,0],[0,1,0],[33,40,78]]
[[0,0,0],[2,0,0],[0,1,0],[6,7,39]]
[[0,0,0],[1,0,0],[0,1,0],[8,17,78]]
[[0,0,0],[1,0,0],[0,1,0],[51,10,78]]
[[0,0,0],[1,0,0],[0,1,0],[4,31,78]]
[[0,0,0],[1,0,0],[0,1,0],[63,10,78]]
[[0,0,0],[1,0,0],[0,1,0],[16,77,78]]
[[0,0,0],[1,0,0],[0,1,0],[32,62,78]]
[[0,0,0],[2,0,0],[0,1,0],[30,38,39]]
[[0,0,0],[1,0,0],[0,1,0],[33,46,78]]
[[0,0,0],[1,0,0],[0,1,0],[7,59,78]]
[[0,0,0],[1,0,0],[0,1,0],[32,38,78]]
[[0,0,0],[1,0,0],[0,1,0],[6,47,78]]
[[0,0,0],[1,0,0],[0,1,0],[69,28,78]]
[[0,0,0],[1,0,0],[0,1,0],[2,47,78]]
[[0,0,0],[1,0,0],[0,1,0],[50,47,78]]
[[0,0,0],[1,0,0],[0,1,0],[33,33,78]]
[[0,0,0],[1,0,0],[0,1,0],[50,77,78]]
[[0,0,0],[1,0,0],[0,2,0],[18,18,39]]
[[0,0,0],[2,0,0],[0,1,0],[21,31,39]]
[[0,0,0],[1,0,0],[0,1,0],[2,73,78]]
[[0,0,0],[1,0,0],[0,1,0],[2,62,78]]
[[0,0,0],[1,0,0],[0,1,0],[30,61,78]]
[[0,0,0],[1,0,0],[0,1,0],[38,50,78]]
[[0,0,0],[1,0,0],[0,1,0],[44,35,78]]
[[0,0,0],[1,0,0],[0,1,0],[33,58,78]]
[[0,0,0],[1,0,0],[0,1,0],[50,5,78]]
[[0,0,0],[2,0,0],[0,1,0],[15,1,39]]
[[0,0,0],[1,0,0],[0,1,0],[8,68,78]]
[[0,0,0],[1,0,0],[0,1,0],[11,41,78]]
[[0,0,0],[1,0,0],[0,1,0],[21,76,78]]
[[0,0,0],[1,0,0],[0,1,0],[15,51,78]]
[[0,0,0],[1,0,0],[0,1,0],[2,43,78]]
[[0,0,0],[1,0,0],[0,1,0],[41,41,78]]
[[0,0,0],[2,0,0],[0,1,0],[13,14,39]]
[[0,0,0],[1,0,0],[0,1,0],[27,22,78]]
[[0,0,0],[1,0,0],[0,1,0],[12,55,78]]
[[0,0,0],[1,0,0],[0,1,0],[9,1,78]]
[[0,0,0],[1,0,0],[0,1,0],[1,7,78]]
[[0,0,0],[1,0,0],[0,1,0],[3,11,78]]
[[0,0,0],[1,0,0],[0,1,0],[9,64,78]]
[[0,0,0],[1,0,0],[0,1,0],[6,8,78]]
[[0,0,0],[1,0,0],[0,1,0],[10,53,78]]
[[0,0,0],[1,0,0],[0,1,0],[20,11,78]]
[[0,0,0],[1,0,0],[0,1,0],[13,1,78]]
[[0,0,0],[1,0,0],[0,1,0],[2,31,78]]
[[0,0,0],[1,0,0],[0,1,0],[21,31,78]]
[[0,0,0],[1,0,0],[0,1,0],[68,74,78]]
[[0,0,0],[1,0,0],[0,1,0],[28,38,78]]
[[0,0,0],[2,0,0],[0,1,0],[18,1,39]]
[[0,0,0],[1,0,0],[0,1,0],[44,11,78]]
[[0,0,0],[1,0,0],[0,1,0],[4,77,78]]
[[0,0,0],[1,0,0],[0,1,0],[2,44,78]]
[[0,0,0],[1,0,0],[0,1,0],[36,69,78]]
[[0,0,0],[1,0,0],[0,1,0],[6,1,78]]
[[0,0,0],[1,0,0],[0,1,0],[20,1,78]]
[[0,0,0],[1,0,0],[0,1,0],[2,5,78]]
[[0,0,0],[2,0,0],[0,1,0],[3,22,39]]
[[0,0,0],[1,0,0],[0,1,0],[9,73,78]]
[[0,0,0],[1,0,0],[0,1,0],[14,43,78]]
[[0,0,0],[1,0,0],[0,1,0],[1,1,78]]
[[0,0,0],[1,0,0],[0,1,0],[4,41,78]]
[[0,0,0],[2,0,0],[0,1,0],[9,1,39]]
[[0,0,0],[2,0,0],[0,1,0],[3,37,39]]
[[0,0,0],[1,0,0],[0,1,0],[5,19,78]]
[[0,0,0],[1,0,0],[0,1,0],[69,23,78]]
[[0,0,0],[1,0,0],[0,1,0],[9,28,78]]
[[0,0,0],[1,0,0],[0,1,0],[69,4,78]]
[[0,0,0],[1,0,0],[0,1,0],[3,49,78]]
[[0,0,0],[1,0,0],[0,1,0],[31,53,78]]
[[0,0,0],[1,0,0],[0,1,0],[33,1,78]]
[[0,0,0],[1,0,0],[0,1,0],[19,19,78]]
[[0,0,0],[1,0,0],[0,1,0],[3,1,78]]
[[0,0,0],[1,0,0],[0,1,0],[27,55,78]]
[[0,0,0],[1,0,0],[0,1,0],[2,32,78]]
[[0,0,0],[1,0,0],[0,1,0],[63,76,78]]
[[0,0,0],[2,0,0],[0,1,0],[12,1,39]]
[[0,0,0],[1,0,0],[0,1,0],[63,70,78]]
[[0,0,0],[1,0,0],[0,1,0],[2,19,78]]
[[0,0,0],[1,0,0],[1,2,0],[27,6,39]]
[[0,0,0],[1,0,0],[0,1,0],[3,31,78]]
[[0,0,0],[2,0,0],[0,1,0],[6,19,39]]
[[0,0,0],[1,0,0],[0,1,0],[10,25,78]]
[[0,0,0],[1,0,0],[0,1,0],[32,71,78]]
[[0,0,0],[1,0,0],[0,1,0],[42,11,78]]
[[0,0,0],[1,0,0],[0,1,0],[51,64,78]]
[[0,0,0],[1,0,0],[0,1,0],[62,35,78]]
[[0,0,0],[1,0,0],[0,1,0],[75,40,78]]
[[0,0,0],[1,0,0],[0,1,0],[3,50,78]]
[[0,0,0],[1,0,0],[0,1,0],[15,37,78]]
[[0,0,0],[1,0,0],[0,1,0],[1,17,78]]
[[0,0,0],[1,0,0],[0,1,0],[38,47,78]]
[[0,0,0],[2,0,0],[0,1,0],[9,4,39]]
[[0,0,0],[1,0,0],[0,1,0],[75,70,78]]
[[0,0,0],[1,0,0],[0,1,0],[13,66,78]]
[[0,0,0],[1,0,0],[0,1,0],[8,32,78]]
[[0,0,0],[1,0,0],[0,1,0],[3,10,78]]
[[0,0,0],[2,0,0],[0,1,0],[0,1,39]]
[[0,0,0],[1,0,0],[0,1,0],[32,32,78]]
[[0,0,0],[1,0,0],[0,1,0],[27,25,78]]
[[0,0,0],[2,0,0],[0,1,0],[18,34,39]]
[[0,0,0],[1,0,0],[0,1,0],[11,59,78]]
[[0,0,0],[1,0,0],[0,1,0],[14,17,78]]
[[0,0,0],[1,0,0],[0,1,0],[18,7,78]]
[[0,0,0],[1,0,0],[0,1,0],[20,74,78]]
[[0,0,0],[1,0,0],[0,1,0],[8,49,78]]
[[0,0,0],[1,0,0],[0,1,0],[10,19,78]]
[[0,0,0],[1,0,0],[0,1,0],[24,42,78]]
[[0,0,0],[2,0,0],[0,1,0],[6,34,39]]
[[0,0,0],[1,0,0],[0,1,0],[7,23,78]]
[[0,0,0],[1,0,0],[0,1,0],[33,76,78]]
[[0,0,0],[1,0,0],[0,1,0],[3,34,78]]
[[0,0,0],[1,0,0],[0,1,0],[63,58,78]]
[[0,0,0],[1,0,0],[0,1,0],[16,73,78]]
[[0,0,0],[1,0,0],[0,1,0],[8,14,78]]
[[0,0,0],[1,0,0],[0,1,0],[10,43,78]]
[[0,0,0],[1,0,0],[0,1,0],[4,25,78]]
[[0,0,0],[1,0,0],[0,1,0],[4,53,78]]
[[0,0,0],[1,0,0],[0,1,0],[46,37,78]]
[[0,0,0],[1,0,0],[0,1,0],[26,53,78]]
[[0,0,0],[1,0,0],[0,1,0],[20,35,78]]
[[0,0,0],[1,0,0],[0,1,0],[72,33,78]]
[[0,0,0],[1,0,0],[0,1,0],[9,31,78]]
[[0,0,0],[1,0,0],[0,1,0],[4,1,78]]
[[0,0,0],[1,0,0],[0,1,0],[72,20,78]]
[[0,0,0],[2,0,0],[0,1,0],[6,10,39]]
[[0,0,0],[1,0,0],[0,1,0],[27,70,78]]
[[0,0,0],[1,0,0],[0,1,0],[27,1,78]]
[[0,0,0],[1,0,0],[0,1,0],[2,23,78]]
[[0,0,0],[1,0,0],[0,1,0],[15,38,78]]
[[0,0,0],[1,0,0],[0,1,0],[48,70,78]]
[[0,0,0],[1,0,0],[0,1,0],[38,73,78]]
[[0,0,0],[1,0,0],[0,1,0],[3,40,78]]
[[0,0,0],[2,0,0],[0,1,0],[30,10,39]]
[[0,0,0],[1,0,0],[0,1,0],[9,16,78]]
[[0,0,0],[1,0,0],[0,1,0],[40,77,78]]
[[0,0,0],[1,0,0],[0,1,0],[42,50,78]]
[[0,0,0],[1,0,0],[0,1,0],[20,68,78]]
[[0,0,0],[2,0,0],[0,1,0],[15,16,39]]
[[0,0,0],[1,0,0],[0,1,0],[14,68,78]]
[[0,0,0],[1,0,0],[0,1,0],[75,58,78]]
[[0,0,0],[1,0,0],[0,1,0],[3,63,78]]
[[0,0,0],[1,0,0],[0,1,0],[15,10,78]]
[[0,0,0],[1,0,0],[0,1,0],[51,58,78]]
[[0,0,0],[1,0,0],[0,1,0],[33,64,78]]
[[0,0,0],[1,0,0],[0,1,0],[3,64,78]]
[[0,0,0],[1,0,0],[0,1,0],[63,68,78]]
[[0,0,0],[1,0,0],[0,1,0],[68,77,78]]
[[0,0,0],[2,0,0],[0,1,0],[3,7,39]]
[[0,0,0],[1,0,0],[0,1,0],[9,46,78]]
[[0,0,0],[1,0,0],[0,1,0],[33,34,78]]
[[0,0,0],[1,0,0],[0,1,0],[44,59,78]]
[[0,0,0],[1,0,0],[0,1,0],[16,43,78]]
[[0,0,0],[1,0,0],[0,1,0],[8,19,78]]
[[0,0,0],[1,0,0],[0,1,0],[30,75,78]]
[[0,0,0],[1,0,0],[0,1,0],[17,49,78]]
[[0,0,0],[1,0,0],[0,1,0],[38,29,78]]
[[0,0,0],[1,0,0],[0,1,0],[2,2,78]]
[[0,0,0],[1,0,0],[0,1,0],[32,5,78]]
[[0,0,0],[1,0,0],[0,1,0],[27,64,78]]
[[0,0,0],[1,0,0],[0,1,0],[38,71,78]]
[[0,0,0],[1,0,0],[0,1,0],[69,16,78]]
[[0,0,0],[1,0,0],[0,1,0],[32,74,78]]
[[0,0,0],[1,0,0],[0,1,0],[7,7,78]]
[[0,0,0],[1,0,0],[0,1,0],[0,1,78]]
[[0,0,0],[1,0,0],[0,1,0],[5,37,78]]
[[0,0,0],[1,0,0],[0,1,0],[21,32,78]]
[[0,0,0],[1,0,0],[0,1,0],[38,77,78]]
[[0,0,0],[1,0,0],[0,2,0],[12,30,39]]
[[0,0,0],[1,0,0],[0,1,0],[57,70,78]]
[[0,0,0],[1,0,0],[0,1,0],[50,74,78]]
[[0,0,0],[1,0,0],[0,1,0],[33,61,78]]
[[0,0,0],[1,0,0],[0,1,0],[21,58,78]]
[[0,0,0],[2,0,0],[0,1,0],[26,27,39]]
[[0,0,0],[1,0,0],[0,1,0],[7,17,78]]
[[0,0,0],[1,0,0],[0,1,0],[50,62,78]]
[[0,0,0],[1,0,0],[0,1,0],[8,23,78]]
[[0,0,0],[1,0,0],[0,1,0],[32,11,78]]
[[0,0,0],[1,0,0],[0,1,0],[63,4,78]]
[[0,0,0],[1,0,0],[0,1,0],[20,47,78]]
[[0,0,0],[1,0,0],[0,1,0],[14,5,78]]
[[0,0,0],[1,0,0],[0,1,0],[57,40,78]]
[[0,0,0],[2,0,0],[0,1,0],[18,22,39]]
[[0,0,0],[1,0,0],[0,1,0],[45,70,78]]
[[0,0,0],[1,0,0],[0,1,0],[8,59,78]]
[[0,0,0],[1,0,0],[0,1,0],[5,23,78]]
[[0,0,0],[1,0,0],[0,1,0],[27,46,78]]
[[0,0,0],[1,0,0],[0,1,0],[4,47,78]]
[[0,0,0],[1,0,0],[0,1,0],[17,77,78]]
[[0,0,0],[1,0,0],[0,1,0],[32,56,78]]
[[0,0,0],[1,0,0],[0,1,0],[40,53,78]]
[[0,0,0],[1,0,0],[0,1,0],[4,49,78]]
[[0,0,0],[1,0,0],[0,1,0],[12,28,78]]
[[0,0,0],[1,0,0],[0,1,0],[2,53,78]]
[[0,0,0],[1,0,0],[0,1,0],[20,62,78]]
[[0,0,0],[1,0,0],[0,1,0],[58,37,78]]
[[0,0,0],[1,0,0],[0,1,0],[30,49,78]]
[[0,0,0],[1,0,0],[0,1,0],[53,53,78]]
[[0,0,0],[1,0,0],[0,1,0],[77,77,78]]
[[0,0,0],[1,0,0],[0,1,0],[57,58,78]]
[[0,0,0],[1,0,0],[0,1,0],[8,56,78]]
[[0,0,0],[1,0,0],[0,1,0],[21,70,78]]
[[0,0,0],[2,0,0],[0,1,0],[26,14,39]]
[[0,0,0],[1,0,0],[0,1,0],[28,77,78]]
[[0,0,0],[1,0,0],[0,1,0],[15,28,78]]
[[0,0,0],[1,0,0],[0,1,0],[5,17,78]]
[[0,0,0],[1,0,0],[0,1,0],[8,5,78]]
[[0,0,0],[1,0,0],[0,1,0],[69,34,78]]
[[0,0,0],[1,0,0],[0,1,0],[27,58,78]]
[[0,0,0],[1,0,0],[0,1,0],[15,34,78]]
[[0,0,0],[2,0,0],[0,1,0],[21,23,39]]
[[0,0,0],[1,0,0],[0,1,0],[2,1,78]]
[[0,0,0],[1,0,0],[0,1,0],[70,35,78]]
[[0,0,0],[1,0,0],[0,1,0],[27,76,78]]
[[0,0,0],[1,0,0],[0,1,0],[33,70,78]]
[[0,0,0],[1,0,0],[0,1,0],[8,38,78]]
[[0,0,0],[1,0,0],[0,1,0],[54,77,78]]
[[0,0,0],[1,0,0],[0,1,0],[26,14,78]]
[[0,0,0],[1,0,0],[0,1,0],[10,23,78]]
[[0,0,0],[1,0,0],[0,1,0],[5,59,78]]
[[0,0,0],[1,0,0],[0,1,0],[21,22,78]]
[[0,0,0],[1,0,0],[0,1,0],[8,31,78]]
[[0,0,0],[1,0,0],[0,1,0],[38,62,78]]
[[0,0,0],[1,0,0],[0,1,0],[10,41,78]]
[[0,0,0],[1,0,0],[0,1,0],[15,25,78]]
[[0,0,0],[1,0,0],[0,1,0],[8,20,78]]
[[0,0,0],[1,0,0],[0,1,0],[3,43,78]]
[[0,0,0],[1,0,0],[0,1,0],[6,19,78]]
[[0,0,0],[1,0,0],[0,1,0],[9,5,78]]
[[0,0,0],[1,0,0],[0,1,0],[14,50,78]]
[[0,0,0],[1,0,0],[0,1,0],[22,19,78]]
[[0,0,0],[1,0,0],[0,1,0],[38,1,78]]
[[0,0,0],[1,0,0],[0,1,0],[65,40,78]]
[[0,0,0],[1,0,0],[0,1,0],[21,4,78]]
[[0,0,0],[1,0,0],[0,1,0],[38,67,78]]
[[0,0,0],[1,0,0],[0,1,0],[22,25,78]]
[[0,0,0],[1,0,0],[0,1,0],[22,35,78]]
[[0,0,0],[1,0,0],[0,1,0],[75,34,78]]
[[0,0,0],[1,0,0],[0,1,0],[34,1,78]]
[[0,0,0],[1,0,0],[0,1,0],[16,50,78]]
[[0,0,0],[1,0,0],[0,1,0],[15,70,78]]
[[0,0,0],[2,0,0],[0,1,0],[12,4,39]]
[[0,0,0],[1,0,0],[0,1,0],[8,41,78]]
[[0,0,0],[1,0,0],[0,1,0],[15,49,78]]
[[0,0,0],[1,0,0],[0,1,0],[51,34,78]]
[[0,0,0],[1,0,0],[0,1,0],[17,23,78]]
[[0,0,0],[1,0,0],[0,1,0],[6,31,78]]
[[0,0,0],[1,0,0],[0,1,0],[21,45,78]]
[[0,0,0],[2,0,0],[0,1,0],[6,1,39]]
[[0,0,0],[1,0,0],[0,1,0],[6,61,78]]
[[0,0,0],[1,0,0],[0,1,0],[6,43,78]]
[[0,0,0],[1,0,0],[0,1,0],[16,1,78]]
[[0,0,0],[1,0,0],[0,1,0],[4,29,78]]
[[0,0,0],[1,0,0],[0,1,0],[2,49,78]]
[[0,0,0],[1,0,0],[0,1,0],[17,29,78]]
[[0,0,0],[1,0,0],[0,1,0],[12,67,78]]
[[0,0,0],[1,0,0],[0,1,0],[4,17,78]]
[[0,0,0],[1,0,0],[0,1,0],[22,61,78]]
[[0,0,0],[1,0,0],[0,1,0],[18,73,78]]
[[0,0,0],[2,0,0],[0,1,0],[15,19,39]]
[[0,0,0],[1,0,0],[0,1,0],[14,56,78]]
[[0,0,0],[1,0,0],[0,1,0],[62,77,78]]
[[0,0,0],[1,0,0],[0,1,0],[38,74,78]]
[[0,0,0],[1,0,0],[0,1,0],[18,43,78]]
[[0,0,0],[1,0,0],[0,1,0],[11,73,78]]
[[0,0,0],[1,0,0],[0,1,0],[34,67,78]]
[[0,0,0],[1,0,0],[0,1,0],[30,10,78]]
[[0,0,0],[1,0,0],[0,1,0],[18,9,78]]
[[0,0,0],[1,0,0],[0,1,0],[3,73,78]]
[[0,0,0],[1,0,0],[0,1,0],[69,40,78]]
[[0,0,0],[1,0,0],[1,2,0],[27,24,39]]
[[0,0,0],[2,0,0],[0,1,0],[15,25,39]]
[[0,0,0],[1,0,0],[0,1,0],[57,64,78]]
[[0,0,0],[1,0,0],[0,1,0],[32,68,78]]
[[0,0,0],[1,0,0],[0,1,0],[44,44,78]]
[[0,0,0],[1,0,0],[0,1,0],[7,73,78]]
[[0,0,0],[1,0,0],[0,1,0],[11,55,78]]
[[0,0,0],[1,0,0],[0,1,0],[68,17,78]]
[[0,0,0],[1,0,0],[0,2,0],[36,21,39]]
[[0,0,0],[2,0,0],[0,1,0],[24,28,39]]
[[0,0,0],[1,0,0],[0,1,0],[51,4,78]]
[[0,0,0],[1,0,0],[0,1,0],[57,16,78]]
[[0,0,0],[1,0,0],[0,1,0],[66,25,78]]
[[0,0,0],[1,0,0],[0,1,0],[15,19,78]]
[[0,0,0],[1,0,0],[0,2,0],[24,6,39]]
[[0,0,0],[1,0,0],[0,1,0],[10,11,78]]
[[0,0,0],[1,0,0],[0,1,0],[45,40,78]]
[[0,0,0],[1,0,0],[0,1,0],[15,22,78]]
[[0,0,0],[1,0,0],[0,1,0],[14,74,78]]
[[0,0,0],[2,0,0],[0,1,0],[9,37,39]]
[[0,0,0],[1,0,0],[0,1,0],[33,59,78]]
[[0,0,0],[1,0,0],[0,1,0],[44,56,78]]
[[0,0,0],[1,0,0],[0,1,0],[38,56,78]]
[[0,0,0],[2,0,0],[0,1,0],[3,1,39]]
[[0,0,0],[1,0,0],[0,1,0],[33,10,78]]
[[0,0,0],[1,0,0],[0,1,0],[9,57,78]]
[[0,0,0],[1,0,0],[0,1,0],[2,64,78]]
[[0,0,0],[1,0,0],[0,1,0],[33,16,78]]
[[0,0,0],[1,0,0],[0,1,0],[14,59,78]]
[[0,0,0],[1,0,0],[0,1,0],[27,7,78]]
[[0,0,0],[1,0,0],[0,1,0],[54,37,78]]
[[0,0,0],[1,0,0],[0,1,0],[69,70,78]]
[[0,0,0],[1,0,0],[1,2,0],[27,21,39]]
[[0,0,0],[1,0,0],[0,1,0],[10,35,78]]
[[0,0,0],[1,0,0],[0,1,0],[10,37,78]]
[[0,0,0],[1,0,0],[0,1,0],[34,19,78]]
[[0,0,0],[1,0,0],[1,2,0],[14,15,39]]
[[0,0,0],[1,0,0],[0,1,0],[19,73,78]]
[[0,0,0],[1,0,0],[0,1,0],[1,19,78]]
[[0,0,0],[1,0,0],[0,1,0],[38,17,78]]
[[0,0,0],[1,0,0],[0,1,0],[33,7,78]]
[[0,0,0],[1,0,0],[0,1,0],[44,62,78]]
[[0,0,0],[1,0,0],[0,1,0],[18,61,78]]
[[0,0,0],[1,0,0],[0,1,0],[33,49,78]]
[[0,0,0],[2,0,0],[0,1,0],[3,25,39]]
[[0,0,0],[1,0,0],[0,1,0],[2,50,78]]
[[0,0,0],[1,0,0],[0,1,0],[2,7,78]]
[[0,0,0],[1,0,0],[0,1,0],[56,29,78]]
[[0,0,0],[1,0,0],[0,1,0],[69,58,78]]
[[0,0,0],[1,0,0],[0,1,0],[63,64,78]]
[[0,0,0],[1,0,0],[0,1,0],[7,35,78]]
[[0,0,0],[1,0,0],[0,1,0],[56,68,78]]
[[0,0,0],[1,0,0],[0,1,0],[36,4,78]]
[[0,0,0],[1,0,0],[0,1,0],[10,31,78]]
[[0,0,0],[1,0,0],[0,1,0],[69,49,78]]
[[0,0,0],[1,0,0],[0,1,0],[11,19,78]]
[[0,0,0],[1,0,0],[0,1,0],[24,1,78]]
[[0,0,0],[1,0,0],[0,1,0],[10,71,78]]
[[0,0,0],[2,0,0],[0,1,0],[33,25,39]]
[[0,0,0],[1,0,0],[0,1,0],[42,76,78]]
[[0,0,0],[1,0,0],[0,1,0],[21,1,78]]
[[0,0,0],[1,0,0],[0,1,0],[50,56,78]]
[[0,0,0],[1,0,0],[0,1,0],[57,25,78]]
[[0,0,0],[1,0,0],[0,2,0],[21,12,39]]
[[0,0,0],[1,0,0],[0,1,0],[45,8,78]]
[[0,0,0],[1,0,0],[0,1,0],[21,34,78]]
[[0,0,0],[1,0,0],[0,1,0],[11,31,78]]
[[0,0,0],[1,0,0],[0,1,0],[75,76,78]]
[[0,0,0],[1,0,0],[0,1,0],[3,46,78]]
[[0,0,0],[1,0,0],[0,1,0],[63,25,78]]
[[0,0,0],[1,0,0],[0,1,0],[15,16,78]]
[[0,0,0],[1,0,0],[0,1,0],[20,56,78]]
[[0,0,0],[1,0,0],[0,1,0],[2,77,78]]
[[0,0,0],[1,0,0],[0,1,0],[40,55,78]]
[[0,0,0],[2,0,0],[0,1,0],[13,27,39]]
[[0,0,0],[1,0,0],[0,1,0],[12,15,78]]
[[0,0,0],[1,0,0],[0,1,0],[2,8,78]]
[[0,0,0],[2,0,0],[0,1,0],[9,19,39]]
[[0,0,0],[1,0,0],[0,1,0],[9,19,78]]
[[0,0,0],[1,0,0],[0,1,0],[3,70,78]]
[[0,0,0],[1,0,0],[0,1,0],[44,68,78]]
[[0,0,0],[1,0,0],[0,1,0],[17,53,78]]
[[0,0,0],[1,0,0],[0,2,0],[3,9,39]]
[[0,0,0],[1,0,0],[0,1,0],[46,49,78]]
[[0,0,0],[2,0,0],[0,1,0],[24,2,39]]
[[0,0,0],[1,0,0],[0,1,0],[65,27,78]]
[[0,0,0],[1,0,0],[0,1,0],[56,77,78]]
[[0,0,0],[1,0,0],[0,1,0],[15,77,78]]
[[0,0,0],[1,0,0],[0,1,0],[4,43,78]]
[[0,0,0],[1,0,0],[0,1,0],[6,37,78]]
[[0,0,0],[1,0,0],[0,1,0],[5,31,78]]
[[0,0,0],[1,0,0],[0,1,0],[72,72,78]]
[[0,0,0],[1,0,0],[0,1,0],[22,5,78]]
[[0,0,0],[2,0,0],[0,1,0],[6,31,39]]
[[0,0,0],[1,0,0],[0,1,0],[9,25,78]]
[[0,0,0],[1,0,0],[0,1,0],[51,2,78]]
[[0,0,0],[1,0,0],[0,1,0],[15,64,78]]
[[0,0,0],[1,0,0],[0,1,0],[20,32,78]]
[[0,0,0],[1,0,0],[0,1,0],[32,47,78]]
[[0,0,0],[1,0,0],[0,1,0],[4,11,78]]
[[0,0,0],[1,0,0],[0,1,0],[5,5,78]]
[[0,0,0],[1,0,0],[0,1,0],[2,67,78]]
[[0,0,0],[1,0,0],[0,1,0],[68,68,78]]
[[0,0,0],[1,0,0],[0,1,0],[3,28,78]]
[[0,0,0],[1,0,0],[0,1,0],[8,71,78]]
[[0,0,0],[1,0,0],[0,1,0],[54,38,78]]
[[0,0,0],[1,0,0],[0,1,0],[51,46,78]]
[[0,0,0],[1,0,0],[0,1,0],[3,16,78]]
[[0,0,0],[1,0,0],[0,1,0],[28,23,78]]
[[0,0,0],[1,0,0],[0,1,0],[27,16,78]]
[[0,0,0],[1,0,0],[0,1,0],[24,68,78]]
[[0,0,0],[1,0,0],[0,1,0],[51,16,78]]
[[0,0,0],[1,0,0],[0,1,0],[27,28,78]]
[[0,0,0],[1,0,0],[0,1,0],[45,58,78]]
[[0,0,0],[1,0,0],[0,1,0],[9,58,78]]
[[0,0,0],[1,0,0],[0,1,0],[14,7,78]]
[[0,0,0],[1,0,0],[0,1,0],[30,36,78]]
[[0,0,0],[1,0,0],[0,1,0],[2,74,78]]
[[0,0,0],[1,0,0],[0,1,0],[54,64,78]]
[[0,0,0],[1,0,0],[0,1,0],[63,40,78]]
[[0,0,0],[1,0,0],[0,1,0],[9,61,78]]
[[0,0,0],[1,0,0],[0,1,0],[34,77,78]]
[[0,0,0],[1,0,0],[0,1,0],[2,71,78]]
[[0,0,0],[1,0,0],[0,1,0],[8,11,78]]
[[0,0,0],[1,0,0],[0,1,0],[11,35,78]]
[[0,0,0],[1,0,0],[0,1,0],[8,1,78]]
[[0,0,0],[1,0,0],[0,1,0],[44,41,78]]
[[0,0,0],[1,0,0],[0,1,0],[28,11,78]]
[[0,0,0],[1,0,0],[0,1,0],[57,35,78]]
[[0,0,0],[1,0,0],[0,1,0],[14,53,78]]
[[0,0,0],[1,0,0],[0,1,0],[18,22,78]]
[[0,0,0],[1,0,0],[0,1,0],[32,17,78]]
[[0,0,0],[1,0,0],[0,1,0],[63,46,78]]
[[0,0,0],[1,0,0],[0,1,0],[6,7,78]]
[[0,0,0],[1,0,0],[0,1,0],[2,29,78]]
[[0,0,0],[1,0,0],[0,1,0],[75,4,78]]
[[0,0,0],[1,0,0],[0,1,0],[50,68,78]]
[[0,0,0],[1,0,0],[0,1,0],[52,66,78]]
[[0,0,0],[1,0,0],[0,1,0],[12,43,78]]
[[0,0,0],[1,0,0],[0,1,0],[11,77,78]]
[[0,0,0],[1,0,0],[0,1,0],[6,55,78]]
[[0,0,0],[1,0,0],[0,1,0],[12,2,78]]
[[0,0,0],[1,0,0],[0,1,0],[44,71,78]]
[[0,0,0],[2,0,0],[0,1,0],[12,8,39]]
[[0,0,0],[1,0,0],[0,1,0],[45,34,78]]
[[0,0,0],[1,0,0],[0,1,0],[4,62,78]]
[[0,0,0],[1,0,0],[0,1,0],[45,64,78]]
[[0,0,0],[1,0,0],[0,1,0],[32,29,78]]
[[0,0,0],[2,0,0],[0,1,0],[9,25,39]]
[[0,0,0],[1,0,0],[0,1,0],[60,32,78]]
[[0,0,0],[1,0,0],[1,2,0],[27,27,39]]
[[0,0,0],[1,0,0],[0,1,0],[45,67,78]]
[[0,0,0],[1,0,0],[0,1,0],[20,61,78]]
[[0,0,0],[1,0,0],[0,1,0],[9,34,78]]
[[0,0,0],[1,0,0],[0,1,0],[4,23,78]]
[[0,0,0],[1,0,0],[0,1,0],[54,25,78]]
[[0,0,0],[1,0,0],[0,1,0],[56,74,78]]
[[0,0,0],[1,0,0],[0,1,0],[18,67,78]]
[[0,0,0],[1,0,0],[0,1,0],[20,53,78]]
[[0,0,0],[1,0,0],[0,1,0],[17,17,78]]
[[0,0,0],[1,0,0],[0,1,0],[8,29,78]]
[[0,0,0],[1,0,0],[0,1,0],[16,25,78]]
[[0,0,0],[2,0,0],[0,1,0],[12,34,39]]
[[0,0,0],[1,0,0],[0,2,0],[6,3,39]]
[[0,0,0],[1,0,0],[0,1,0],[45,43,78]]
[[0,0,0],[2,0,0],[0,1,0],[30,25,39]]
[[0,0,0],[1,0,0],[0,1,0],[21,10,78]]
[[0,0,0],[1,0,0],[0,1,0],[4,67,78]]
[[0,0,0],[1,0,0],[0,1,0],[28,53,78]]
[[0,0,0],[1,0,0],[0,1,0],[69,10,78]]
[[0,0,0],[1,0,0],[0,1,0],[14,32,78]]
[[0,0,0],[1,0,0],[0,1,0],[48,44,78]]
[[0,0,0],[1,0,0],[0,1,0],[17,35,78]]
[[0,0,0],[1,0,0],[0,1,0],[9,7,78]]
[[0,0,0],[1,0,0],[0,1,0],[45,46,78]]
[[0,0,0],[1,0,0],[0,1,0],[4,61,78]]
[[0,0,0],[1,0,0],[0,1,0],[9,70,78]]
[[0,0,0],[1,0,0],[0,1,0],[6,60,78]]
[[0,0,0],[1,0,0],[0,1,0],[3,19,78]]
[[0,0,0],[2,0,0],[0,1,0],[12,19,39]]
[[0,0,0],[1,0,0],[0,1,0],[10,59,78]]
[[0,0,0],[2,0,0],[0,1,0],[12,25,39]]
[[0,0,0],[1,0,0],[0,1,0],[5,7,78]]
[[0,0,0],[1,0,0],[0,1,0],[36,73,78]]
[[0,0,0],[1,0,0],[0,1,0],[14,14,78]]
[[0,0,0],[1,0,0],[0,1,0],[6,49,78]]
[[0,0,0],[1,0,0],[0,1,0],[26,1,78]]
[[0,0,0],[1,0,0],[0,1,0],[2,37,78]]
[[0,0,0],[1,0,0],[0,1,0],[62,62,78]]
[[0,0,0],[1,0,0],[0,1,0],[16,29,78]]
[[0,0,0],[1,0,0],[0,1,0],[3,25,78]]
[[0,0,0],[1,0,0],[0,1,0],[28,64,78]]
[[0,0,0],[3,0,0],[0,1,0],[13,14,26]]
[[0,0,0],[1,0,0],[0,1,0],[14,11,78]]
[[0,0,0],[1,0,0],[0,1,0],[69,75,78]]
[[0,0,0],[1,0,0],[0,1,0],[8,74,78]]
[[0,0,0],[1,0,0],[0,1,0],[8,58,78]]
[[0,0,0],[1,0,0],[0,2,0],[30,33,39]]
[[0,0,0],[1,0,0],[0,1,0],[18,25,78]]
[[0,0,0],[1,0,0],[0,1,0],[4,10,78]]
[[0,0,0],[1,0,0],[0,1,0],[34,5,78]]
[[0,0,0],[1,0,0],[0,1,0],[60,45,78]]
[[0,0,0],[1,0,0],[0,1,0],[51,76,78]]
[[0,0,0],[1,0,0],[0,1,0],[32,61,78]]
[[0,0,0],[2,0,0],[0,1,0],[3,4,39]]
[[0,0,0],[1,0,0],[0,1,0],[20,20,78]]
[[0,0,0],[1,0,0],[0,1,0],[21,28,78]]
[[0,0,0],[1,0,0],[0,1,0],[3,37,78]]
[[0,0,0],[1,0,0],[0,1,0],[8,61,78]]
[[0,0,0],[1,0,0],[0,1,0],[34,53,78]]
[[0,0,0],[1,0,0],[0,1,0],[8,55,78]]
[[0,0,0],[1,0,0],[0,1,0],[57,46,78]]
[[0,0,0],[1,0,0],[0,1,0],[21,40,78]]
[[0,0,0],[1,0,0],[0,1,0],[9,10,78]]
[[0,0,0],[1,0,0],[0,1,0],[30,23,78]]
[[0,0,0],[1,0,0],[0,1,0],[42,63,78]]
[[0,0,0],[1,0,0],[0,1,0],[41,77,78]]
[[0,0,0],[2,0,0],[0,1,0],[12,28,39]]
[[0,0,0],[1,0,0],[0,1,0],[2,56,78]]
[[0,0,0],[1,0,0],[0,1,0],[63,28,78]]
[[0,0,0],[2,0,0],[0,1,0],[9,16,39]]
[[0,0,0],[1,0,0],[0,1,0],[12,7,78]]
[[0,0,0],[1,0,0],[0,1,0],[51,22,78]]
[[0,0,0],[2,0,0],[0,1,0],[21,10,39]]
[[0,0,0],[1,0,0],[0,1,0],[10,49,78]]
[[0,0,0],[1,0,0],[0,1,0],[5,41,78]]
[[0,0,0],[1,0,0],[0,1,0],[6,25,78]]
[[0,0,0],[1,0,0],[0,1,0],[14,31,78]]
[[0,0,0],[1,0,0],[0,1,0],[75,22,78]]
[[0,0,0],[1,0,0],[0,1,0],[21,25,78]]
[[0,0,0],[1,0,0],[0,1,0],[44,49,78]]
[[0,0,0],[1,0,0],[0,1,0],[18,48,78]]
[[0,0,0],[1,0,0],[0,1,0],[16,7,78]]
[[0,0,0],[1,0,0],[0,1,0],[11,17,78]]
[[0,0,0],[1,0,0],[0,1,0],[38,44,78]]
[[0,0,0],[1,0,0],[0,1,0],[24,7,78]]
[[0,0,0],[1,0,0],[0,1,0],[9,4,78]]
[[0,0,0],[1,0,0],[0,1,0],[32,77,78]]
[[0,0,0],[1,0,0],[1,2,0],[27,3,39]]
[[0,0,0],[1,0,0],[0,1,0],[3,61,78]]
[[0,0,0],[1,0,0],[0,1,0],[22,77,78]]
[[0,0,0],[1,0,0],[0,1,0],[57,61,78]]
[[0,0,0],[1,0,0],[0,1,0],[45,76,78]]
[[0,0,0],[1,0,0],[0,1,0],[40,43,78]]
[[0,0,0],[1,0,0],[0,1,0],[21,46,78]]
[[0,0,0],[1,0,0],[0,1,0],[18,35,78]]
[[0,0,0],[1,0,0],[0,1,0],[28,67,78]]
[[0,0,0],[1,0,0],[0,1,0],[62,74,78]]
[[0,0,0],[1,0,0],[0,1,0],[22,31,78]]
[[0,0,0],[1,0,0],[0,1,0],[8,77,78]]
[[0,0,0],[1,0,0],[0,1,0],[20,5,78]]
[[0,0,0],[1,0,0],[0,1,0],[27,4,78]]
[[0,0,0],[1,0,0],[0,1,0],[20,23,78]]
[[0,0,0],[1,0,0],[0,1,0],[40,41,78]]
[[0,0,0],[1,0,0],[0,1,0],[16,67,78]]
[[0,0,0],[1,0,0],[0,1,0],[46,46,78]]
[[0,0,0],[1,0,0],[0,1,0],[14,1,78]]
[[0,0,0],[1,0,0],[0,1,0],[33,20,78]]
[[0,0,0],[1,0,0],[0,1,0],[44,55,78]]
[[0,0,0],[1,0,0],[0,1,0],[21,64,78]]
[[0,0,0],[1,0,0],[0,1,0],[60,58,78]]
[[0,0,0],[1,0,0],[0,1,0],[15,1,78]]
[[0,0,0],[1,0,0],[0,1,0],[33,28,78]]
[[0,0,0],[1,0,0],[0,1,0],[74,74,78]]
[[0,0,0],[1,0,0],[0,2,0],[15,24,39]]
[[0,0,0],[1,0,0],[0,1,0],[9,76,78]]
[[0,0,0],[1,0,0],[0,1,0],[2,11,78]]
[[0,0,0],[1,0,0],[0,1,0],[28,19,78]]
[[0,0,0],[1,0,0],[0,1,0],[16,41,78]]
[[0,0,0],[1,0,0],[0,1,0],[34,58,78]]
[[0,0,0],[1,0,0],[0,1,0],[3,76,78]]
[[0,0,0],[1,0,0],[0,1,0],[5,35,78]]
[[0,0,0],[1,0,0],[0,1,0],[8,73,78]]
[[0,0,0],[1,0,0],[0,1,0],[75,28,78]]
[[0,0,0],[1,0,0],[0,1,0],[4,35,78]]
[[0,0,0],[1,0,0],[0,1,0],[14,20,78]]
[[0,0,0],[1,0,0],[0,1,0],[6,67,78]]
[[0,0,0],[2,0,0],[0,1,0],[9,28,39]]
[[0,0,0],[2,0,0],[0,1,0],[9,22,39]]
[[0,0,0],[1,0,0],[0,1,0],[2,68,78]]
[[0,0,0],[1,0,0],[0,1,0],[65,53,78]]
[[0,0,0],[1,0,0],[0,1,0],[42,43,78]]
[[0,0,0],[1,0,0],[0,1,0],[2,25,78]]
[[0,0,0],[1,0,0],[0,1,0],[18,1,78]]
[[0,0,0],[1,0,0],[0,1,0],[16,47,78]]
[[0,0,0],[1,0,0],[0,1,0],[45,16,78]]
[[0,0,0],[1,0,0],[0,1,0],[22,44,78]]
[[0,0,0],[1,0,0],[0,1,0],[8,8,78]]
[[0,0,0],[1,0,0],[0,1,0],[20,41,78]]
[[0,0,0],[1,0,0],[0,1,0],[22,70,78]]
[[0,0,0],[1,0,0],[0,1,0],[12,54,78]]
[[0,0,0],[1,0,0],[0,1,0],[30,1,78]]
[[0,0,0],[1,0,0],[0,1,0],[72,46,78]]
[[0,0,0],[1,0,0],[0,1,0],[20,44,78]]
[[0,0,0],[1,0,0],[0,1,0],[63,34,78]]
[[0,0,0],[1,0,0],[0,1,0],[62,68,78]]
[[0,0,0],[1,0,0],[0,1,0],[20,59,78]]
[[0,0,0],[1,0,0],[0,1,0],[6,21,78]]
[[0,0,0],[1,0,0],[0,1,0],[29,77,78]]
[[0,0,0],[1,0,0],[0,1,0],[57,4,78]]
[[0,0,0],[2,0,0],[0,1,0],[9,29,39]]
[[0,0,0],[1,0,0],[0,1,0],[45,28,78]]
[[0,0,0],[1,0,0],[0,1,0],[56,56,78]]
[[0,0,0],[1,0,0],[0,1,0],[57,22,78]]
[[0,0,0],[1,0,0],[0,1,0],[13,53,78]]
[[0,0,0],[1,0,0],[0,1,0],[24,3,78]]
[[0,0,0],[1,0,0],[0,1,0],[2,55,78]]
[[0,0,0],[1,0,0],[1,2,0],[27,18,39]]
[[0,0,0],[1,0,0],[0,1,0],[65,14,78]]
[[0,0,0],[1,0,0],[0,1,0],[16,76,78]]
[[0,0,0],[1,0,0],[0,1,0],[20,38,78]]
[[0,0,0],[1,0,0],[0,2,0],[33,27,39]]
[[0,0,0],[1,0,0],[0,1,0],[20,7,78]]
[[0,0,0],[2,0,0],[0,1,0],[3,34,39]]
[[0,0,0],[1,0,0],[0,1,0],[9,55,78]]
[[0,0,0],[1,0,0],[0,1,0],[1,29,78]]
[[0,0,0],[1,0,0],[0,1,0],[2,14,78]]
[[0,0,0],[1,0,0],[0,1,0],[38,38,78]]
[[0,0,0],[1,0,0],[0,1,0],[15,67,78]]
[[0,0,0],[1,0,0],[0,1,0],[50,59,78]]
[[0,0,0],[1,0,0],[0,1,0],[70,74,78]]
[[0,0,0],[1,0,0],[0,1,0],[29,29,78]]
[[0,0,0],[1,0,0],[0,1,0],[2,41,78]]
[[0,0,0],[1,0,0],[0,1,0],[28,17,78]]
[[0,0,0],[1,0,0],[0,2,0],[13,15,39]]
[[0,0,0],[1,0,0],[0,1,0],[48,57,78]]
[[0,0,0],[1,0,0],[0,1,0],[3,58,78]]
