[[0,0,0],[1,0,0],[0,1,0],[22,65,82]]
[[0,0,0],[1,0,0],[0,1,0],[40,51,82]]
[[0,0,0],[1,0,0],[0,1,0],[5,79,82]]
[[0,0,0],[1,0,0],[0,1,0],[5,29,82]]
[[0,0,0],[1,0,0],[0,1,0],[58,25,82]]
[[0,0,0],[1,0,0],[0,1,0],[12,1,82]]
[[0,0,0],[1,0,0],[0,1,0],[10,73,82]]
[[0,0,0],[1,0,0],[0,1,0],[6,3,82]]
[[0,0,0],[1,0,0],[0,1,0],[22,63,82]]
[[0,0,0],[1,0,0],[0,1,0],[6,65,82]]
[[0,0,0],[1,0,0],[0,1,0],[3,81,82]]
[[0,0,0],[1,0,0],[0,1,0],[42,53,82]]
[[0,0,0],[1,0,0],[0,1,0],[24,61,82]]
[[0,0,0],[1,0,0],[0,1,0],[7,19,82]]
[[0,0,0],[1,0,0],[0,1,0],[3,7,82]]
[[0,0,0],[1,0,0],[0,1,0],[28,57,82]]
[[0,0,0],[1,0,0],[0,1,0],[10,1,82]]
[[0,0,0],[1,0,0],[0,1,0],[4,33,82]]
[[0,0,0],[1,0,0],[0,1,0],[18,21,82]]
[[0,0,0],[1,0,0],[0,1,0],[16,51,82]]
[[0,0,0],[1,0,0],[0,1,0],[54,29,82]]
[[0,0,0],[1,0,0],[0,1,0],[7,31,82]]
[[0,0,0],[1,0,0],[0,1,0],[36,1,82]]
[[0,0,0],[1,0,0],[0,1,0],[8,43,82]]
[[0,0,0],[1,0,0],[0,1,0],[12,13,82]]
[[0,0,0],[1,0,0],[0,1,0],[26,81,82]]
[[0,0,0],[1,0,0],[0,1,0],[14,71,82]]
[[0,0,0],[1,0,0],[0,1,0],[38,61,82]]
[[0,0,0],[1,0,0],[0,1,0],[2,59,82]]
[[0,0,0],[1,0,0],[0,1,0],[10,39,82]]
[[0,0,0],[1,0,0],[0,1,0],[4,19,82]]
[[0,0,0],[1,0,0],[0,1,0],[10,7,82]]
[[0,0,0],[1,0,0],[0,1,0],[12,30,82]]
[[0,0,0],[1,0,0],[0,1,0],[12,47,82]]
[[0,0,0],[1,0,0],[0,1,0],[2,35,82]]
[[0,0,0],[1,0,0],[0,1,0],[40,45,82]]
[[0,0,0],[1,0,0],[0,1,0],[36,81,82]]
[[0,0,0],[1,0,0],[0,1,0],[4,7,82]]
[[0,0,0],[1,0,0],[0,1,0],[8,13,82]]
[[0,0,0],[1,0,0],[0,1,0],[12,81,82]]
[[0,0,0],[1,0,0],[0,1,0],[14,23,82]]
[[0,0,0],[1,0,0],[0,1,0],[34,81,82]]
[[0,0,0],[1,0,0],[0,1,0],[44,77,82]]
[[0,0,0],[1,0,0],[0,1,0],[8,21,82]]
[[0,0,0],[1,0,0],[0,1,0],[16,17,82]]
[[0,0,0],[1,0,0],[0,1,0],[36,77,82]]
[[0,0,0],[1,0,0],[0,1,0],[24,13,82]]
[[0,0,0],[1,0,0],[0,1,0],[32,19,82]]
[[0,0,0],[1,0,0],[0,1,0],[32,59,82]]
[[0,0,0],[1,0,0],[0,1,0],[20,27,82]]
[[0,0,0],[1,0,0],[0,1,0],[6,71,82]]
[[0,0,0],[1,0,0],[0,1,0],[20,3,82]]
[[0,0,0],[1,0,0],[0,1,0],[36,61,82]]
[[0,0,0],[1,0,0],[0,1,0],[22,9,82]]
[[0,0,0],[1,0,0],[0,1,0],[4,73,82]]
[[0,0,0],[1,0,0],[0,1,0],[38,59,82]]
[[0,0,0],[1,0,0],[0,1,0],[3,35,82]]
[[0,0,0],[1,0,0],[0,1,0],[4,69,82]]
[[0,0,0],[1,0,0],[0,1,0],[14,28,82]]
[[0,0,0],[1,0,0],[0,1,0],[46,78,82]]
[[0,0,0],[1,0,0],[0,1,0],[11,11,82]]
[[0,0,0],[1,0,0],[0,1,0],[26,17,82]]
[[0,0,0],[1,0,0],[0,1,0],[10,5,82]]
[[0,0,0],[1,0,0],[0,1,0],[6,77,82]]
[[0,0,0],[1,0,0],[0,1,0],[8,25,82]]
[[0,0,0],[1,0,0],[0,1,0],[28,73,82]]
[[0,0,0],[1,0,0],[0,1,0],[41,1,82]]
[[0,0,0],[1,0,0],[0,1,0],[12,51,82]]
[[0,0,0],[1,0,0],[0,1,0],[4,55,82]]
[[0,0,0],[1,0,0],[0,1,0],[12,73,82]]
[[0,0,0],[1,0,0],[0,1,0],[38,5,82]]
[[0,0,0],[1,0,0],[0,1,0],[1,5,82]]
[[0,0,0],[1,0,0],[0,1,0],[10,32,82]]
[[0,0,0],[1,0,0],[0,1,0],[26,19,82]]
[[0,0,0],[1,0,0],[0,1,0],[40,81,82]]
[[0,0,0],[1,0,0],[0,1,0],[26,75,82]]
[[0,0,0],[1,0,0],[0,1,0],[18,13,82]]
[[0,0,0],[1,0,0],[0,1,0],[3,21,82]]
[[0,0,0],[1,0,0],[0,1,0],[8,53,82]]
[[0,0,0],[1,0,0],[0,1,0],[64,19,82]]
[[0,0,0],[1,0,0],[0,1,0],[42,49,82]]
[[0,0,0],[1,0,0],[0,1,0],[14,77,82]]
[[0,0,0],[1,0,0],[0,1,0],[32,1,82]]
[[0,0,0],[1,0,0],[0,1,0],[14,69,82]]
[[0,0,0],[1,0,0],[0,1,0],[28,1,82]]
[[0,0,0],[1,0,0],[0,1,0],[8,47,82]]
[[0,0,0],[1,0,0],[0,1,0],[2,17,82]]
[[0,0,0],[1,0,0],[0,1,0],[18,15,82]]
[[0,0,0],[1,0,0],[0,1,0],[4,71,82]]
[[0,0,0],[1,0,0],[0,1,0],[23,23,82]]
[[0,0,0],[1,0,0],[0,1,0],[32,7,82]]
[[0,0,0],[1,0,0],[0,1,0],[10,47,82]]
[[0,0,0],[1,0,0],[0,1,0],[24,59,82]]
[[0,0,0],[1,0,0],[0,1,0],[4,59,82]]
[[0,0,0],[1,0,0],[0,1,0],[4,5,82]]
[[0,0,0],[1,0,0],[0,1,0],[28,61,82]]
[[0,0,0],[1,0,0],[0,1,0],[24,31,82]]
[[0,0,0],[1,0,0],[0,1,0],[54,70,82]]
[[0,0,0],[1,0,0],[0,1,0],[7,79,82]]
[[0,0,0],[1,0,0],[0,1,0],[22,1,82]]
[[0,0,0],[1,0,0],[0,1,0],[26,3,82]]
[[0,0,0],[1,0,0],[0,1,0],[24,69,82]]
[[0,0,0],[1,0,0],[0,1,0],[13,31,82]]
[[0,0,0],[1,0,0],[0,1,0],[34,61,82]]
[[0,0,0],[1,0,0],[0,1,0],[2,61,82]]
[[0,0,0],[1,0,0],[0,1,0],[26,31,82]]
[[0,0,0],[1,0,0],[0,1,0],[20,37,82]]
[[0,0,0],[1,0,0],[0,1,0],[8,81,82]]
[[0,0,0],[1,0,0],[0,1,0],[10,61,82]]
[[0,0,0],[1,0,0],[0,1,0],[21,67,82]]
[[0,0,0],[1,0,0],[0,1,0],[8,17,82]]
[[0,0,0],[1,0,0],[0,1,0],[9,21,82]]
[[0,0,0],[1,0,0],[0,1,0],[32,3,82]]
[[0,0,0],[1,0,0],[0,1,0],[30,15,82]]
[[0,0,0],[1,0,0],[0,1,0],[14,35,82]]
[[0,0,0],[1,0,0],[0,1,0],[10,17,82]]
[[0,0,0],[1,0,0],[0,1,0],[56,45,82]]
[[0,0,0],[1,0,0],[0,1,0],[2,47,82]]
[[0,0,0],[1,0,0],[0,1,0],[36,47,82]]
[[0,0,0],[1,0,0],[0,1,0],[30,61,82]]
[[0,0,0],[1,0,0],[0,1,0],[56,51,82]]
[[0,0,0],[1,0,0],[0,1,0],[14,49,82]]
[[0,0,0],[1,0,0],[0,1,0],[6,47,82]]
[[0,0,0],[1,0,0],[0,1,0],[14,9,82]]
[[0,0,0],[1,0,0],[0,1,0],[8,75,82]]
[[0,0,0],[1,0,0],[0,1,0],[3,33,82]]
[[0,0,0],[1,0,0],[0,1,0],[52,72,82]]
[[0,0,0],[1,0,0],[0,1,0],[16,31,82]]
[[0,0,0],[1,0,0],[0,1,0],[16,77,82]]
[[0,0,0],[1,0,0],[0,1,0],[8,63,82]]
[[0,0,0],[1,0,0],[0,1,0],[28,81,82]]
[[0,0,0],[1,0,0],[0,1,0],[2,43,82]]
[[0,0,0],[1,0,0],[0,1,0],[24,75,82]]
[[0,0,0],[1,0,0],[0,1,0],[4,31,82]]
[[0,0,0],[1,0,0],[0,1,0],[30,71,82]]
[[0,0,0],[1,0,0],[0,1,0],[3,11,82]]
[[0,0,0],[1,0,0],[0,1,0],[5,39,82]]
[[0,0,0],[1,0,0],[0,1,0],[1,7,82]]
[[0,0,0],[1,0,0],[0,1,0],[8,35,82]]
[[0,0,0],[1,0,0],[0,1,0],[2,73,82]]
[[0,0,0],[1,0,0],[0,1,0],[8,34,82]]
[[0,0,0],[1,0,0],[0,1,0],[20,11,82]]
[[0,0,0],[1,0,0],[0,1,0],[12,55,82]]
[[0,0,0],[1,0,0],[0,1,0],[40,1,82]]
[[0,0,0],[1,0,0],[0,1,0],[16,13,82]]
[[0,0,0],[1,0,0],[0,1,0],[2,13,82]]
[[0,0,0],[1,0,0],[0,1,0],[1,11,82]]
[[0,0,0],[1,0,0],[0,1,0],[1,13,82]]
[[0,0,0],[1,0,0],[0,1,0],[2,5,82]]
[[0,0,0],[1,0,0],[0,1,0],[5,9,82]]
[[0,0,0],[1,0,0],[0,1,0],[32,81,82]]
[[0,0,0],[1,0,0],[0,1,0],[28,69,82]]
[[0,0,0],[1,0,0],[0,1,0],[12,27,82]]
[[0,0,0],[1,0,0],[0,1,0],[48,45,82]]
[[0,0,0],[1,0,0],[0,1,0],[6,27,82]]
[[0,0,0],[1,0,0],[0,1,0],[14,51,82]]
[[0,0,0],[1,0,0],[0,1,0],[3,5,82]]
[[0,0,0],[1,0,0],[0,1,0],[18,27,82]]
[[0,0,0],[1,0,0],[0,1,0],[20,1,82]]
[[0,0,0],[1,0,0],[0,1,0],[20,15,82]]
[[0,0,0],[1,0,0],[0,1,0],[22,11,82]]
[[0,0,0],[1,0,0],[0,1,0],[18,81,82]]
[[0,0,0],[1,0,0],[0,1,0],[2,31,82]]
[[0,0,0],[1,0,0],[0,1,0],[4,63,82]]
[[0,0,0],[1,0,0],[0,1,0],[21,31,82]]
[[0,0,0],[1,0,0],[0,1,0],[28,7,82]]
[[0,0,0],[1,0,0],[0,1,0],[5,19,82]]
[[0,0,0],[1,0,0],[0,1,0],[8,15,82]]
[[0,0,0],[1,0,0],[0,1,0],[6,39,82]]
[[0,0,0],[1,0,0],[0,1,0],[7,9,82]]
[[0,0,0],[1,0,0],[0,1,0],[6,1,82]]
[[0,0,0],[1,0,0],[0,1,0],[14,21,82]]
[[0,0,0],[1,0,0],[0,1,0],[14,43,82]]
[[0,0,0],[1,0,0],[0,1,0],[12,77,82]]
[[0,0,0],[1,0,0],[0,1,0],[1,1,82]]
[[0,0,0],[1,0,0],[0,1,0],[16,69,82]]
[[0,0,0],[1,0,0],[0,1,0],[12,49,82]]
[[0,0,0],[1,0,0],[0,1,0],[14,3,82]]
[[0,0,0],[1,0,0],[0,1,0],[2,3,82]]
[[0,0,0],[1,0,0],[0,1,0],[2,19,82]]
[[0,0,0],[1,0,0],[0,1,0],[3,31,82]]
[[0,0,0],[1,0,0],[0,1,0],[10,25,82]]
[[0,0,0],[1,0,0],[0,1,0],[1,17,82]]
[[0,0,0],[1,0,0],[0,1,0],[6,63,82]]
[[0,0,0],[1,0,0],[0,1,0],[31,53,82]]
[[0,0,0],[1,0,0],[0,1,0],[36,63,82]]
[[0,0,0],[1,0,0],[0,1,0],[10,29,82]]
[[0,0,0],[1,0,0],[0,1,0],[2,15,82]]
[[0,0,0],[1,0,0],[0,1,0],[22,79,82]]
[[0,0,0],[1,0,0],[0,1,0],[7,23,82]]
[[0,0,0],[1,0,0],[0,1,0],[10,19,82]]
[[0,0,0],[1,0,0],[0,1,0],[22,75,82]]
[[0,0,0],[1,0,0],[0,1,0],[38,75,82]]
[[0,0,0],[1,0,0],[0,1,0],[8,49,82]]
[[0,0,0],[1,0,0],[0,1,0],[8,33,82]]
[[0,0,0],[2,0,0],[0,1,0],[0,1,41]]
[[0,0,0],[1,0,0],[0,1,0],[26,59,82]]
[[0,0,0],[1,0,0],[0,1,0],[38,57,82]]
[[0,0,0],[1,0,0],[0,1,0],[8,3,82]]
[[0,0,0],[1,0,0],[0,1,0],[16,26,82]]
[[0,0,0],[1,0,0],[0,1,0],[18,7,82]]
[[0,0,0],[1,0,0],[0,1,0],[22,73,82]]
[[0,0,0],[1,0,0],[0,1,0],[2,65,82]]
[[0,0,0],[1,0,0],[0,1,0],[20,22,82]]
[[0,0,0],[1,0,0],[0,1,0],[9,13,82]]
[[0,0,0],[1,0,0],[0,1,0],[4,51,82]]
[[0,0,0],[1,0,0],[0,1,0],[10,43,82]]
[[0,0,0],[1,0,0],[0,1,0],[12,53,82]]
[[0,0,0],[1,0,0],[0,1,0],[4,53,82]]
[[0,0,0],[1,0,0],[0,1,0],[4,75,82]]
[[0,0,0],[1,0,0],[0,1,0],[4,25,82]]
[[0,0,0],[1,0,0],[0,1,0],[16,73,82]]
[[0,0,0],[1,0,0],[0,1,0],[18,65,82]]
[[0,0,0],[1,0,0],[0,1,0],[3,15,82]]
[[0,0,0],[1,0,0],[0,1,0],[12,33,82]]
[[0,0,0],[1,0,0],[0,1,0],[2,23,82]]
[[0,0,0],[1,0,0],[0,1,0],[30,81,82]]
[[0,0,0],[1,0,0],[0,1,0],[36,65,82]]
[[0,0,0],[1,0,0],[0,1,0],[28,55,82]]
[[0,0,0],[1,0,0],[0,1,0],[4,37,82]]
[[0,0,0],[1,0,0],[0,1,0],[20,35,82]]
[[0,0,0],[1,0,0],[0,1,0],[12,59,82]]
[[0,0,0],[1,0,0],[0,1,0],[4,1,82]]
[[0,0,0],[1,0,0],[0,1,0],[13,71,82]]
[[0,0,0],[1,0,0],[0,1,0],[10,55,82]]
[[0,0,0],[1,0,0],[0,1,0],[28,59,82]]
[[0,0,0],[1,0,0],[0,1,0],[12,9,82]]
[[0,0,0],[1,0,0],[0,1,0],[8,19,82]]
[[0,0,0],[1,0,0],[0,1,0],[0,1,82]]
[[0,0,0],[1,0,0],[0,1,0],[22,81,82]]
[[0,0,0],[1,0,0],[0,1,0],[36,51,82]]
[[0,0,0],[1,0,0],[0,1,0],[10,75,82]]
[[0,0,0],[1,0,0],[0,1,0],[14,73,82]]
[[0,0,0],[1,0,0],[0,1,0],[4,65,82]]
[[0,0,0],[1,0,0],[0,1,0],[1,31,82]]
[[0,0,0],[1,0,0],[0,1,0],[8,51,82]]
[[0,0,0],[1,0,0],[0,1,0],[6,59,82]]
[[0,0,0],[1,0,0],[0,1,0],[6,9,82]]
[[0,0,0],[1,0,0],[0,1,0],[44,65,82]]
[[0,0,0],[1,0,0],[0,1,0],[16,43,82]]
[[0,0,0],[1,0,0],[0,1,0],[12,29,82]]
[[0,0,0],[1,0,0],[0,1,0],[12,23,82]]
[[0,0,0],[1,0,0],[0,1,0],[4,79,82]]
[[0,0,0],[1,0,0],[0,1,0],[5,15,82]]
[[0,0,0],[1,0,0],[0,1,0],[7,7,82]]
[[0,0,0],[1,0,0],[0,1,0],[4,81,82]]
[[0,0,0],[1,0,0],[0,1,0],[8,59,82]]
[[0,0,0],[1,0,0],[0,1,0],[5,37,82]]
[[0,0,0],[1,0,0],[0,1,0],[12,71,82]]
[[0,0,0],[1,0,0],[0,1,0],[2,63,82]]
[[0,0,0],[1,0,0],[0,1,0],[7,17,82]]
[[0,0,0],[1,0,0],[0,1,0],[9,11,82]]
[[0,0,0],[1,0,0],[0,1,0],[3,17,82]]
[[0,0,0],[1,0,0],[0,1,0],[68,15,82]]
[[0,0,0],[1,0,0],[0,1,0],[2,45,82]]
[[0,0,0],[1,0,0],[0,1,0],[52,37,82]]
[[0,0,0],[1,0,0],[0,1,0],[4,47,82]]
[[0,0,0],[1,0,0],[0,1,0],[4,45,82]]
[[0,0,0],[1,0,0],[0,1,0],[8,23,82]]
[[0,0,0],[1,0,0],[0,1,0],[28,5,82]]
[[0,0,0],[1,0,0],[0,1,0],[14,27,82]]
[[0,0,0],[1,0,0],[0,1,0],[50,74,82]]
[[0,0,0],[1,0,0],[0,1,0],[4,49,82]]
[[0,0,0],[1,0,0],[0,1,0],[3,23,82]]
[[0,0,0],[1,0,0],[0,1,0],[3,39,82]]
[[0,0,0],[1,0,0],[0,1,0],[20,79,82]]
[[0,0,0],[1,0,0],[0,1,0],[50,33,82]]
[[0,0,0],[1,0,0],[0,1,0],[2,53,82]]
[[0,0,0],[1,0,0],[0,1,0],[26,61,82]]
[[0,0,0],[1,0,0],[0,1,0],[30,63,82]]
[[0,0,0],[1,0,0],[0,1,0],[20,13,82]]
[[0,0,0],[1,0,0],[0,1,0],[14,5,82]]
[[0,0,0],[1,0,0],[0,1,0],[16,71,82]]
[[0,0,0],[1,0,0],[0,1,0],[6,23,82]]
[[0,0,0],[1,0,0],[0,1,0],[10,23,82]]
[[0,0,0],[1,0,0],[0,1,0],[2,1,82]]
[[0,0,0],[1,0,0],[0,1,0],[20,21,82]]
[[0,0,0],[1,0,0],[0,1,0],[66,33,82]]
[[0,0,0],[1,0,0],[0,1,0],[12,37,82]]
[[0,0,0],[1,0,0],[0,1,0],[14,55,82]]
[[0,0,0],[1,0,0],[0,1,0],[8,5,82]]
[[0,0,0],[1,0,0],[0,1,0],[8,31,82]]
[[0,0,0],[1,0,0],[0,1,0],[7,37,82]]
[[0,0,0],[1,0,0],[0,1,0],[18,29,82]]
[[0,0,0],[1,0,0],[0,1,0],[18,75,82]]
[[0,0,0],[1,0,0],[0,1,0],[6,13,82]]
[[0,0,0],[1,0,0],[0,1,0],[5,17,82]]
[[0,0,0],[1,0,0],[0,1,0],[12,45,82]]
[[0,0,0],[1,0,0],[0,1,0],[18,71,82]]
[[0,0,0],[1,0,0],[0,1,0],[34,1,82]]
[[0,0,0],[1,0,0],[0,1,0],[6,36,82]]
[[0,0,0],[1,0,0],[0,1,0],[22,25,82]]
[[0,0,0],[1,0,0],[0,1,0],[6,81,82]]
[[0,0,0],[1,0,0],[0,1,0],[20,43,82]]
[[0,0,0],[1,0,0],[0,1,0],[22,19,82]]
[[0,0,0],[1,0,0],[0,1,0],[38,1,82]]
[[0,0,0],[1,0,0],[0,1,0],[6,61,82]]
[[0,0,0],[1,0,0],[0,1,0],[4,17,82]]
[[0,0,0],[1,0,0],[0,1,0],[6,43,82]]
[[0,0,0],[1,0,0],[0,1,0],[16,1,82]]
[[0,0,0],[1,0,0],[0,1,0],[16,19,82]]
[[0,0,0],[1,0,0],[0,1,0],[34,15,82]]
[[0,0,0],[1,0,0],[0,1,0],[16,9,82]]
[[0,0,0],[1,0,0],[0,1,0],[32,53,82]]
[[0,0,0],[1,0,0],[0,1,0],[31,59,82]]
[[0,0,0],[1,0,0],[0,1,0],[4,29,82]]
[[0,0,0],[1,0,0],[0,1,0],[2,27,82]]
[[0,0,0],[1,0,0],[0,1,0],[18,43,82]]
[[0,0,0],[1,0,0],[0,1,0],[6,31,82]]
[[0,0,0],[1,0,0],[0,1,0],[66,23,82]]
[[0,0,0],[1,0,0],[0,1,0],[2,33,82]]
[[0,0,0],[1,0,0],[0,1,0],[2,49,82]]
[[0,0,0],[1,0,0],[0,1,0],[2,9,82]]
[[0,0,0],[1,0,0],[0,1,0],[22,61,82]]
[[0,0,0],[1,0,0],[0,1,0],[3,27,82]]
[[0,0,0],[1,0,0],[0,1,0],[10,11,82]]
[[0,0,0],[1,0,0],[0,1,0],[38,3,82]]
[[0,0,0],[1,0,0],[0,1,0],[34,67,82]]
[[0,0,0],[1,0,0],[0,1,0],[13,29,82]]
[[0,0,0],[1,0,0],[0,1,0],[10,81,82]]
[[0,0,0],[1,0,0],[0,1,0],[14,45,82]]
[[0,0,0],[1,0,0],[0,1,0],[30,3,82]]
[[0,0,0],[1,0,0],[0,1,0],[10,15,82]]
[[0,0,0],[1,0,0],[0,1,0],[1,9,82]]
[[0,0,0],[1,0,0],[0,1,0],[11,75,82]]
[[0,0,0],[1,0,0],[0,1,0],[30,65,82]]
[[0,0,0],[1,0,0],[0,1,0],[5,27,82]]
[[0,0,0],[1,0,0],[0,1,0],[2,7,82]]
[[0,0,0],[1,0,0],[0,1,0],[10,31,82]]
[[0,0,0],[1,0,0],[0,1,0],[11,19,82]]
[[0,0,0],[1,0,0],[0,1,0],[16,27,82]]
[[0,0,0],[1,0,0],[0,1,0],[10,45,82]]
[[0,0,0],[1,0,0],[0,1,0],[8,45,82]]
[[0,0,0],[1,0,0],[0,1,0],[21,27,82]]
[[0,0,0],[1,0,0],[0,1,0],[56,68,82]]
[[0,0,0],[1,0,0],[0,1,0],[16,21,82]]
[[0,0,0],[1,0,0],[0,1,0],[24,1,82]]
[[0,0,0],[1,0,0],[0,1,0],[46,69,82]]
[[0,0,0],[1,0,0],[0,1,0],[7,35,82]]
[[0,0,0],[1,0,0],[0,1,0],[10,35,82]]
[[0,0,0],[1,0,0],[0,1,0],[11,31,82]]
[[0,0,0],[1,0,0],[0,1,0],[32,69,82]]
[[0,0,0],[1,0,0],[0,1,0],[8,79,82]]
[[0,0,0],[1,0,0],[0,1,0],[9,9,82]]
[[0,0,0],[1,0,0],[0,1,0],[6,33,82]]
[[0,0,0],[1,0,0],[0,1,0],[10,37,82]]
[[0,0,0],[1,0,0],[0,1,0],[32,73,82]]
[[0,0,0],[1,0,0],[0,1,0],[4,13,82]]
[[0,0,0],[1,0,0],[0,1,0],[6,15,82]]
[[0,0,0],[1,0,0],[0,1,0],[6,45,82]]
[[0,0,0],[1,0,0],[0,1,0],[8,27,82]]
[[0,0,0],[1,0,0],[0,1,0],[2,77,82]]
[[0,0,0],[1,0,0],[0,1,0],[30,57,82]]
[[0,0,0],[1,0,0],[0,1,0],[12,17,82]]
[[0,0,0],[1,0,0],[0,1,0],[2,51,82]]
[[0,0,0],[1,0,0],[0,1,0],[9,75,82]]
[[0,0,0],[1,0,0],[0,1,0],[31,57,82]]
[[0,0,0],[1,0,0],[0,1,0],[12,15,82]]
[[0,0,0],[1,0,0],[0,1,0],[6,37,82]]
[[0,0,0],[1,0,0],[0,1,0],[41,42,82]]
[[0,0,0],[1,0,0],[0,1,0],[18,3,82]]
[[0,0,0],[1,0,0],[0,1,0],[5,31,82]]
[[0,0,0],[1,0,0],[0,1,0],[20,69,82]]
[[0,0,0],[1,0,0],[0,1,0],[1,21,82]]
[[0,0,0],[1,0,0],[0,1,0],[42,81,82]]
[[0,0,0],[1,0,0],[0,1,0],[44,80,82]]
[[0,0,0],[1,0,0],[0,1,0],[4,43,82]]
[[0,0,0],[1,0,0],[0,1,0],[42,57,82]]
[[0,0,0],[1,0,0],[0,1,0],[8,9,82]]
[[0,0,0],[1,0,0],[0,1,0],[16,79,82]]
[[0,0,0],[1,0,0],[0,1,0],[32,9,82]]
[[0,0,0],[1,0,0],[0,1,0],[48,76,82]]
[[0,0,0],[1,0,0],[0,1,0],[2,71,82]]
[[0,0,0],[1,0,0],[0,1,0],[38,81,82]]
[[0,0,0],[1,0,0],[0,1,0],[5,5,82]]
[[0,0,0],[1,0,0],[0,1,0],[38,45,82]]
[[0,0,0],[1,0,0],[0,1,0],[28,63,82]]
[[0,0,0],[1,0,0],[0,1,0],[14,7,82]]
[[0,0,0],[1,0,0],[0,1,0],[4,11,82]]
[[0,0,0],[1,0,0],[0,1,0],[34,77,82]]
[[0,0,0],[1,0,0],[0,1,0],[10,27,82]]
[[0,0,0],[1,0,0],[0,1,0],[2,81,82]]
[[0,0,0],[1,0,0],[0,1,0],[60,64,82]]
[[0,0,0],[1,0,0],[0,1,0],[4,15,82]]
[[0,0,0],[1,0,0],[0,1,0],[9,25,82]]
[[0,0,0],[1,0,0],[0,1,0],[40,79,82]]
[[0,0,0],[1,0,0],[0,1,0],[9,17,82]]
[[0,0,0],[1,0,0],[0,1,0],[26,15,82]]
[[0,0,0],[1,0,0],[0,1,0],[70,19,82]]
[[0,0,0],[1,0,0],[0,1,0],[11,77,82]]
[[0,0,0],[1,0,0],[0,1,0],[6,55,82]]
[[0,0,0],[1,0,0],[0,1,0],[18,39,82]]
[[0,0,0],[1,0,0],[0,1,0],[34,51,82]]
[[0,0,0],[1,0,0],[0,1,0],[36,3,82]]
[[0,0,0],[1,0,0],[0,1,0],[28,11,82]]
[[0,0,0],[1,0,0],[0,1,0],[3,9,82]]
[[0,0,0],[1,0,0],[0,1,0],[14,53,82]]
[[0,0,0],[1,0,0],[0,1,0],[8,11,82]]
[[0,0,0],[1,0,0],[0,1,0],[11,35,82]]
[[0,0,0],[1,0,0],[0,1,0],[2,67,82]]
[[0,0,0],[1,0,0],[0,1,0],[12,75,82]]
[[0,0,0],[1,0,0],[0,1,0],[32,17,82]]
[[0,0,0],[1,0,0],[0,1,0],[12,57,82]]
[[0,0,0],[1,0,0],[0,1,0],[22,13,82]]
[[0,0,0],[1,0,0],[0,1,0],[12,3,82]]
[[0,0,0],[1,0,0],[0,1,0],[7,77,82]]
[[0,0,0],[1,0,0],[0,1,0],[14,81,82]]
[[0,0,0],[1,0,0],[0,1,0],[24,77,82]]
[[0,0,0],[1,0,0],[0,1,0],[26,77,82]]
[[0,0,0],[1,0,0],[0,1,0],[6,7,82]]
[[0,0,0],[1,0,0],[0,1,0],[32,51,82]]
[[0,0,0],[1,0,0],[0,1,0],[10,79,82]]
[[0,0,0],[1,0,0],[0,1,0],[8,1,82]]
[[0,0,0],[1,0,0],[0,1,0],[6,53,82]]
[[0,0,0],[1,0,0],[0,1,0],[2,69,82]]
[[0,0,0],[1,0,0],[0,1,0],[26,71,82]]
[[0,0,0],[1,0,0],[0,1,0],[36,71,82]]
[[0,0,0],[1,0,0],[0,1,0],[2,29,82]]
[[0,0,0],[1,0,0],[0,1,0],[50,65,82]]
[[0,0,0],[1,0,0],[0,1,0],[20,17,82]]
[[0,0,0],[1,0,0],[0,1,0],[20,29,82]]
[[0,0,0],[1,0,0],[0,1,0],[18,67,82]]
[[0,0,0],[1,0,0],[0,1,0],[16,25,82]]
[[0,0,0],[1,0,0],[0,1,0],[4,23,82]]
[[0,0,0],[1,0,0],[0,1,0],[21,63,82]]
[[0,0,0],[1,0,0],[0,1,0],[12,43,82]]
[[0,0,0],[1,0,0],[0,1,0],[36,53,82]]
[[0,0,0],[1,0,0],[0,1,0],[10,57,82]]
[[0,0,0],[1,0,0],[0,1,0],[28,65,82]]
[[0,0,0],[1,0,0],[0,1,0],[2,57,82]]
[[0,0,0],[1,0,0],[0,1,0],[6,69,82]]
[[0,0,0],[1,0,0],[0,1,0],[30,7,82]]
[[0,0,0],[1,0,0],[0,1,0],[4,67,82]]
[[0,0,0],[1,0,0],[0,1,0],[36,75,82]]
[[0,0,0],[1,0,0],[0,1,0],[48,59,82]]
[[0,0,0],[1,0,0],[0,1,0],[30,5,82]]
[[0,0,0],[1,0,0],[0,1,0],[20,67,82]]
[[0,0,0],[1,0,0],[0,1,0],[68,29,82]]
[[0,0,0],[1,0,0],[0,1,0],[2,40,82]]
[[0,0,0],[1,0,0],[0,1,0],[2,37,82]]
[[0,0,0],[1,0,0],[0,1,0],[22,33,82]]
[[0,0,0],[1,0,0],[0,1,0],[8,29,82]]
[[0,0,0],[1,0,0],[0,1,0],[16,81,82]]
[[0,0,0],[1,0,0],[0,1,0],[6,49,82]]
[[0,0,0],[1,0,0],[0,1,0],[5,21,82]]
[[0,0,0],[1,0,0],[0,1,0],[40,75,82]]
[[0,0,0],[1,0,0],[0,1,0],[4,9,82]]
[[0,0,0],[1,0,0],[0,1,0],[6,57,82]]
[[0,0,0],[1,0,0],[0,1,0],[5,7,82]]
[[0,0,0],[1,0,0],[0,1,0],[6,17,82]]
[[0,0,0],[1,0,0],[0,1,0],[20,25,82]]
[[0,0,0],[1,0,0],[0,1,0],[4,61,82]]
[[0,0,0],[1,0,0],[0,1,0],[3,29,82]]
[[0,0,0],[1,0,0],[0,1,0],[3,19,82]]
[[0,0,0],[1,0,0],[0,1,0],[26,1,82]]
[[0,0,0],[1,0,0],[0,1,0],[24,73,82]]
[[0,0,0],[1,0,0],[0,1,0],[18,37,82]]
[[0,0,0],[1,0,0],[0,1,0],[42,63,82]]
[[0,0,0],[1,0,0],[0,1,0],[62,62,82]]
[[0,0,0],[1,0,0],[0,1,0],[6,25,82]]
[[0,0,0],[1,0,0],[0,1,0],[7,11,82]]
[[0,0,0],[1,0,0],[0,1,0],[4,21,82]]
[[0,0,0],[1,0,0],[0,1,0],[18,25,82]]
[[0,0,0],[1,0,0],[0,1,0],[46,73,82]]
[[0,0,0],[1,0,0],[0,1,0],[14,11,82]]
[[0,0,0],[1,0,0],[0,1,0],[7,27,82]]
[[0,0,0],[1,0,0],[0,1,0],[8,65,82]]
[[0,0,0],[1,0,0],[0,1,0],[14,79,82]]
[[0,0,0],[1,0,0],[0,1,0],[11,13,82]]
[[0,0,0],[1,0,0],[0,1,0],[32,61,82]]
[[0,0,0],[1,0,0],[0,1,0],[30,23,82]]
[[0,0,0],[1,0,0],[0,1,0],[2,21,82]]
[[0,0,0],[1,0,0],[0,1,0],[58,29,82]]
[[0,0,0],[1,0,0],[0,1,0],[28,79,82]]
[[0,0,0],[1,0,0],[0,1,0],[32,77,82]]
[[0,0,0],[1,0,0],[0,1,0],[3,37,82]]
[[0,0,0],[1,0,0],[0,1,0],[8,55,82]]
[[0,0,0],[1,0,0],[0,1,0],[20,23,82]]
[[0,0,0],[1,0,0],[0,1,0],[24,71,82]]
[[0,0,0],[1,0,0],[0,1,0],[16,45,82]]
[[0,0,0],[1,0,0],[0,1,0],[6,35,82]]
[[0,0,0],[1,0,0],[0,1,0],[10,49,82]]
[[0,0,0],[1,0,0],[0,1,0],[8,61,82]]
[[0,0,0],[1,0,0],[0,1,0],[22,77,82]]
[[0,0,0],[1,0,0],[0,1,0],[18,35,82]]
[[0,0,0],[1,0,0],[0,1,0],[22,31,82]]
[[0,0,0],[1,0,0],[0,1,0],[8,77,82]]
[[0,0,0],[1,0,0],[0,1,0],[40,43,82]]
[[0,0,0],[1,0,0],[0,1,0],[26,13,82]]
[[0,0,0],[1,0,0],[0,1,0],[24,63,82]]
[[0,0,0],[1,0,0],[0,1,0],[53,71,82]]
[[0,0,0],[1,0,0],[0,1,0],[2,11,82]]
[[0,0,0],[1,0,0],[0,1,0],[20,5,82]]
[[0,0,0],[1,0,0],[0,1,0],[24,81,82]]
[[0,0,0],[1,0,0],[0,1,0],[16,7,82]]
[[0,0,0],[1,0,0],[0,1,0],[28,67,82]]
[[0,0,0],[1,0,0],[0,1,0],[14,1,82]]
[[0,0,0],[1,0,0],[0,1,0],[34,7,82]]
[[0,0,0],[1,0,0],[0,1,0],[4,57,82]]
[[0,0,0],[1,0,0],[0,1,0],[10,33,82]]
[[0,0,0],[1,0,0],[0,1,0],[2,25,82]]
[[0,0,0],[1,0,0],[0,1,0],[24,33,82]]
[[0,0,0],[1,0,0],[0,1,0],[58,66,82]]
[[0,0,0],[1,0,0],[0,1,0],[18,5,82]]
[[0,0,0],[1,0,0],[0,1,0],[16,47,82]]
[[0,0,0],[1,0,0],[0,1,0],[30,1,82]]
[[0,0,0],[1,0,0],[0,1,0],[4,35,82]]
[[0,0,0],[1,0,0],[0,1,0],[42,67,82]]
[[0,0,0],[1,0,0],[0,1,0],[12,5,82]]
[[0,0,0],[1,0,0],[0,1,0],[4,27,82]]
[[0,0,0],[1,0,0],[0,1,0],[1,3,82]]
[[0,0,0],[1,0,0],[0,1,0],[13,13,82]]
[[0,0,0],[1,0,0],[0,1,0],[22,29,82]]
[[0,0,0],[1,0,0],[0,1,0],[4,38,82]]
[[0,0,0],[1,0,0],[0,1,0],[5,13,82]]
[[0,0,0],[1,0,0],[0,1,0],[6,67,82]]
[[0,0,0],[1,0,0],[0,1,0],[26,67,82]]
[[0,0,0],[1,0,0],[0,1,0],[17,67,82]]
[[0,0,0],[1,0,0],[0,1,0],[18,47,82]]
[[0,0,0],[1,0,0],[0,1,0],[12,21,82]]
[[0,0,0],[1,0,0],[0,1,0],[38,51,82]]
[[0,0,0],[1,0,0],[0,1,0],[10,63,82]]
[[0,0,0],[1,0,0],[0,1,0],[22,23,82]]
[[0,0,0],[1,0,0],[0,1,0],[3,13,82]]
[[0,0,0],[1,0,0],[0,1,0],[18,1,82]]
[[0,0,0],[1,0,0],[0,1,0],[24,3,82]]
[[0,0,0],[1,0,0],[0,1,0],[34,57,82]]
[[0,0,0],[1,0,0],[0,1,0],[40,61,82]]
[[0,0,0],[1,0,0],[0,1,0],[6,21,82]]
[[0,0,0],[1,0,0],[0,1,0],[22,39,82]]
[[0,0,0],[1,0,0],[0,1,0],[24,9,82]]
[[0,0,0],[1,0,0],[0,1,0],[34,79,82]]
[[0,0,0],[1,0,0],[0,1,0],[2,55,82]]
[[0,0,0],[1,0,0],[0,1,0],[24,65,82]]
[[0,0,0],[1,0,0],[0,1,0],[16,35,82]]
[[0,0,0],[1,0,0],[0,1,0],[6,11,82]]
[[0,0,0],[1,0,0],[0,1,0],[2,39,82]]
[[0,0,0],[1,0,0],[0,1,0],[9,35,82]]
[[0,0,0],[1,0,0],[0,1,0],[3,3,82]]
[[0,0,0],[1,0,0],[0,1,0],[20,7,82]]
[[0,0,0],[1,0,0],[0,1,0],[20,71,82]]
[[0,0,0],[1,0,0],[0,1,0],[18,24,82]]
[[0,0,0],[1,0,0],[0,1,0],[2,79,82]]
[[0,0,0],[1,0,0],[0,1,0],[17,27,82]]
[[0,0,0],[1,0,0],[0,1,0],[14,39,82]]
[[0,0,0],[1,0,0],[0,1,0],[1,23,82]]
[[0,0,0],[1,0,0],[0,1,0],[9,23,82]]
[[0,0,0],[1,0,0],[0,1,0],[6,51,82]]
[[0,0,0],[1,0,0],[0,1,0],[2,75,82]]
[[0,0,0],[1,0,0],[0,1,0],[21,21,82]]
[[0,0,0],[1,0,0],[0,1,0],[10,21,82]]
[[0,0,0],[1,0,0],[0,1,0],[20,81,82]]
