[[0,0,0],[1,0,0],[1,3,0],[26,9,30]]
[[0,0,0],[1,0,0],[0,1,0],[65,71,90]]
[[0,0,0],[1,0,0],[0,1,0],[9,12,90]]
[[0,0,0],[1,0,0],[0,1,0],[24,79,90]]
[[0,0,0],[1,0,0],[0,1,0],[3,52,90]]
[[0,0,0],[1,0,0],[0,1,0],[27,64,90]]
[[0,0,0],[1,0,0],[1,2,0],[21,3,45]]
[[0,0,0],[1,0,0],[0,3,0],[14,3,30]]
[[0,0,0],[1,0,0],[0,1,0],[34,17,90]]
[[0,0,0],[1,0,0],[0,1,0],[81,82,90]]
[[0,0,0],[1,0,0],[0,1,0],[5,46,90]]
[[0,0,0],[1,0,0],[0,1,0],[20,56,90]]
[[0,0,0],[1,0,0],[0,1,0],[24,17,90]]
[[0,0,0],[1,0,0],[0,1,0],[70,66,90]]
[[0,0,0],[1,0,0],[0,1,0],[12,4,90]]
[[0,0,0],[2,0,0],[0,1,0],[18,1,45]]
[[0,0,0],[1,0,0],[0,1,0],[12,49,90]]
[[0,0,0],[1,0,0],[0,1,0],[26,59,90]]
[[0,0,0],[1,0,0],[0,1,0],[29,29,90]]
[[0,0,0],[1,0,0],[0,1,0],[69,62,90]]
[[0,0,0],[1,0,0],[0,1,0],[6,1,90]]
[[0,0,0],[1,0,0],[0,1,0],[17,37,90]]
[[0,0,0],[1,0,0],[0,3,0],[2,3,30]]
[[0,0,0],[1,0,0],[0,1,0],[57,67,90]]
[[0,0,0],[1,0,0],[0,3,0],[16,27,30]]
[[0,0,0],[1,0,0],[0,1,0],[56,47,90]]
[[0,0,0],[1,0,0],[0,1,0],[28,28,90]]
[[0,0,0],[1,0,0],[0,1,0],[84,57,90]]
[[0,0,0],[3,0,0],[0,1,0],[6,7,30]]
[[0,0,0],[1,0,0],[0,1,0],[87,82,90]]
[[0,0,0],[1,0,0],[0,1,0],[25,21,90]]
[[0,0,0],[1,0,0],[0,2,0],[40,27,45]]
[[0,0,0],[1,0,0],[0,1,0],[66,65,90]]
[[0,0,0],[2,0,0],[0,1,0],[3,1,45]]
[[0,0,0],[1,0,0],[0,1,0],[7,49,90]]
[[0,0,0],[1,0,0],[0,1,0],[12,37,90]]
[[0,0,0],[1,0,0],[0,1,0],[24,67,90]]
[[0,0,0],[1,0,0],[0,1,0],[74,89,90]]
[[0,0,0],[1,0,0],[0,1,0],[2,61,90]]
[[0,0,0],[1,0,0],[0,1,0],[28,58,90]]
[[0,0,0],[1,0,0],[0,1,0],[22,74,90]]
[[0,0,0],[1,0,0],[0,1,0],[68,17,90]]
[[0,0,0],[2,0,0],[0,1,0],[9,37,45]]
[[0,0,0],[1,0,0],[0,1,0],[21,7,90]]
[[0,0,0],[1,0,0],[0,3,0],[17,27,30]]
[[0,0,0],[1,0,0],[0,1,0],[60,76,90]]
[[0,0,0],[2,0,0],[0,1,0],[18,7,45]]
[[0,0,0],[1,0,0],[0,1,0],[55,51,90]]
[[0,0,0],[1,0,0],[0,1,0],[65,14,90]]
[[0,0,0],[1,0,0],[0,1,0],[12,29,90]]
[[0,0,0],[1,0,0],[0,1,0],[15,40,90]]
[[0,0,0],[1,0,0],[0,1,0],[57,52,90]]
[[0,0,0],[1,0,0],[0,1,0],[25,11,90]]
[[0,0,0],[1,0,0],[0,1,0],[33,53,90]]
[[0,0,0],[1,0,0],[0,2,0],[36,20,45]]
[[0,0,0],[1,0,0],[0,1,0],[56,23,90]]
[[0,0,0],[1,0,0],[0,1,0],[4,62,90]]
[[0,0,0],[1,0,0],[0,1,0],[35,86,90]]
[[0,0,0],[1,0,0],[0,1,0],[8,49,90]]
[[0,0,0],[1,0,0],[0,1,0],[35,61,90]]
[[0,0,0],[1,0,0],[1,2,0],[41,42,45]]
[[0,0,0],[1,0,0],[0,1,0],[8,56,90]]
[[0,0,0],[2,0,0],[0,1,0],[20,1,45]]
[[0,0,0],[1,0,0],[0,1,0],[20,86,90]]
[[0,0,0],[1,0,0],[0,1,0],[44,62,90]]
[[0,0,0],[1,0,0],[0,1,0],[62,74,90]]
[[0,0,0],[1,0,0],[0,1,0],[50,71,90]]
[[0,0,0],[1,0,0],[0,1,0],[3,31,90]]
[[0,0,0],[1,0,0],[0,1,0],[39,57,90]]
[[0,0,0],[2,0,0],[0,1,0],[18,37,45]]
[[0,0,0],[1,0,0],[2,3,0],[17,3,30]]
[[0,0,0],[1,0,0],[0,1,0],[6,55,90]]
[[0,0,0],[2,0,0],[0,1,0],[40,26,45]]
[[0,0,0],[5,0,0],[0,1,0],[0,1,18]]
[[0,0,0],[1,0,0],[0,1,0],[3,28,90]]
[[0,0,0],[1,0,0],[0,1,0],[23,29,90]]
[[0,0,0],[1,0,0],[0,1,0],[23,83,90]]
[[0,0,0],[1,0,0],[0,1,0],[55,56,90]]
[[0,0,0],[1,0,0],[1,2,0],[43,6,45]]
[[0,0,0],[1,0,0],[0,1,0],[76,19,90]]
[[0,0,0],[1,0,0],[0,1,0],[54,55,90]]
[[0,0,0],[2,0,0],[0,1,0],[39,44,45]]
[[0,0,0],[1,0,0],[0,1,0],[12,88,90]]
[[0,0,0],[1,0,0],[0,1,0],[85,46,90]]
[[0,0,0],[1,0,0],[0,1,0],[32,67,90]]
[[0,0,0],[1,0,0],[0,3,0],[26,27,30]]
[[0,0,0],[1,0,0],[0,1,0],[28,79,90]]
[[0,0,0],[1,0,0],[0,1,0],[35,44,90]]
[[0,0,0],[1,0,0],[0,1,0],[14,29,90]]
[[0,0,0],[1,0,0],[0,1,0],[3,76,90]]
[[0,0,0],[1,0,0],[0,1,0],[26,1,90]]
[[0,0,0],[1,0,0],[0,2,0],[10,12,45]]
[[0,0,0],[1,0,0],[0,1,0],[66,5,90]]
[[0,0,0],[1,0,0],[0,1,0],[7,79,90]]
[[0,0,0],[3,0,0],[0,1,0],[12,1,30]]
[[0,0,0],[1,0,0],[0,1,0],[32,49,90]]
[[0,0,0],[3,0,0],[0,1,0],[6,29,30]]
[[0,0,0],[1,0,0],[0,1,0],[20,11,90]]
[[0,0,0],[1,0,0],[0,1,0],[64,7,90]]
[[0,0,0],[1,0,0],[0,1,0],[48,34,90]]
[[0,0,0],[1,0,0],[0,1,0],[14,17,90]]
[[0,0,0],[1,0,0],[0,1,0],[38,88,90]]
[[0,0,0],[1,0,0],[0,1,0],[8,14,90]]
[[0,0,0],[1,0,0],[0,1,0],[7,11,90]]
[[0,0,0],[1,0,0],[0,1,0],[14,61,90]]
[[0,0,0],[3,0,0],[0,1,0],[12,7,30]]
[[0,0,0],[2,0,0],[0,1,0],[3,43,45]]
[[0,0,0],[1,0,0],[0,1,0],[10,21,90]]
[[0,0,0],[1,0,0],[0,3,0],[17,3,30]]
[[0,0,0],[1,0,0],[0,1,0],[38,68,90]]
[[0,0,0],[1,0,0],[1,3,0],[21,18,30]]
[[0,0,0],[2,0,0],[0,3,0],[10,3,15]]
[[0,0,0],[1,0,0],[0,1,0],[2,1,90]]
[[0,0,0],[1,0,0],[0,1,0],[17,53,90]]
[[0,0,0],[1,0,0],[0,1,0],[21,43,90]]
[[0,0,0],[1,0,0],[1,3,0],[28,12,30]]
[[0,0,0],[1,0,0],[0,1,0],[16,47,90]]
[[0,0,0],[1,0,0],[0,1,0],[3,64,90]]
[[0,0,0],[1,0,0],[0,1,0],[8,29,90]]
[[0,0,0],[1,0,0],[0,1,0],[62,68,90]]
[[0,0,0],[1,0,0],[0,1,0],[62,11,90]]
[[0,0,0],[1,0,0],[0,1,0],[34,19,90]]
[[0,0,0],[1,0,0],[0,3,0],[4,6,30]]
[[0,0,0],[1,0,0],[0,1,0],[32,56,90]]
[[0,0,0],[1,0,0],[0,1,0],[32,53,90]]
[[0,0,0],[1,0,0],[0,1,0],[44,52,90]]
[[0,0,0],[1,0,0],[0,1,0],[46,49,90]]
[[0,0,0],[1,0,0],[0,1,0],[22,49,90]]
[[0,0,0],[1,0,0],[1,3,0],[22,18,30]]
[[0,0,0],[1,0,0],[0,1,0],[35,2,90]]
[[0,0,0],[1,0,0],[0,1,0],[21,1,90]]
[[0,0,0],[1,0,0],[0,1,0],[87,22,90]]
[[0,0,0],[1,0,0],[0,1,0],[23,43,90]]
[[0,0,0],[1,0,0],[0,1,0],[81,25,90]]
[[0,0,0],[1,0,0],[0,1,0],[70,57,90]]
[[0,0,0],[1,0,0],[0,1,0],[21,19,90]]
[[0,0,0],[1,0,0],[0,1,0],[57,22,90]]
[[0,0,0],[1,0,0],[0,1,0],[52,64,90]]
[[0,0,0],[1,0,0],[0,1,0],[65,62,90]]
[[0,0,0],[1,0,0],[0,1,0],[6,13,90]]
[[0,0,0],[1,0,0],[0,1,0],[3,43,90]]
[[0,0,0],[1,0,0],[0,1,0],[65,26,90]]
[[0,0,0],[1,0,0],[0,1,0],[4,31,90]]
[[0,0,0],[1,0,0],[0,1,0],[11,71,90]]
[[0,0,0],[1,0,0],[0,1,0],[8,32,90]]
[[0,0,0],[1,0,0],[1,2,0],[16,12,45]]
[[0,0,0],[1,0,0],[0,1,0],[16,7,90]]
[[0,0,0],[1,0,0],[0,1,0],[84,25,90]]
[[0,0,0],[2,0,0],[0,1,0],[24,34,45]]
[[0,0,0],[1,0,0],[0,1,0],[7,23,90]]
[[0,0,0],[1,0,0],[0,1,0],[78,13,90]]
[[0,0,0],[1,0,0],[0,1,0],[12,85,90]]
[[0,0,0],[1,0,0],[0,1,0],[14,32,90]]
[[0,0,0],[2,0,0],[0,1,0],[20,26,45]]
[[0,0,0],[1,0,0],[0,1,0],[14,59,90]]
[[0,0,0],[1,0,0],[0,1,0],[12,52,90]]
[[0,0,0],[1,0,0],[0,1,0],[63,82,90]]
[[0,0,0],[1,0,0],[0,1,0],[32,62,90]]
[[0,0,0],[1,0,0],[0,1,0],[42,7,90]]
[[0,0,0],[1,0,0],[0,1,0],[2,79,90]]
[[0,0,0],[2,0,0],[0,1,0],[3,31,45]]
[[0,0,0],[1,0,0],[1,3,0],[25,27,30]]
[[0,0,0],[1,0,0],[0,1,0],[84,34,90]]
[[0,0,0],[3,0,0],[0,1,0],[15,26,30]]
[[0,0,0],[1,0,0],[0,1,0],[72,19,90]]
[[0,0,0],[2,0,0],[0,1,0],[3,34,45]]
[[0,0,0],[1,0,0],[0,1,0],[3,88,90]]
[[0,0,0],[1,0,0],[0,1,0],[63,64,90]]
[[0,0,0],[1,0,0],[0,1,0],[50,61,90]]
[[0,0,0],[1,0,0],[0,1,0],[69,46,90]]
[[0,0,0],[1,0,0],[0,1,0],[44,67,90]]
[[0,0,0],[2,0,0],[0,1,0],[3,28,45]]
[[0,0,0],[1,0,0],[0,1,0],[38,86,90]]
[[0,0,0],[1,0,0],[0,1,0],[7,89,90]]
[[0,0,0],[1,0,0],[0,1,0],[72,49,90]]
[[0,0,0],[1,0,0],[0,1,0],[2,38,90]]
[[0,0,0],[1,0,0],[2,3,0],[14,27,30]]
[[0,0,0],[1,0,0],[1,2,0],[31,12,45]]
[[0,0,0],[3,0,0],[0,1,0],[6,23,30]]
[[0,0,0],[1,0,0],[0,1,0],[87,46,90]]
[[0,0,0],[1,0,0],[0,1,0],[2,11,90]]
[[0,0,0],[1,0,0],[0,1,0],[65,68,90]]
[[0,0,0],[1,0,0],[0,1,0],[78,33,90]]
[[0,0,0],[2,0,0],[0,1,0],[6,23,45]]
[[0,0,0],[2,0,0],[0,1,0],[10,14,45]]
[[0,0,0],[1,0,0],[0,1,0],[5,2,90]]
[[0,0,0],[1,0,0],[1,2,0],[41,10,45]]
[[0,0,0],[1,0,0],[0,1,0],[24,22,90]]
[[0,0,0],[1,0,0],[0,1,0],[33,34,90]]
[[0,0,0],[1,0,0],[0,1,0],[33,31,90]]
[[0,0,0],[1,0,0],[0,1,0],[3,23,90]]
[[0,0,0],[1,0,0],[0,1,0],[57,16,90]]
[[0,0,0],[2,0,0],[0,1,0],[39,14,45]]
[[0,0,0],[1,0,0],[0,1,0],[55,16,90]]
[[0,0,0],[1,0,0],[0,1,0],[12,1,90]]
[[0,0,0],[1,0,0],[0,1,0],[84,22,90]]
[[0,0,0],[1,0,0],[0,1,0],[8,53,90]]
[[0,0,0],[1,0,0],[0,1,0],[33,76,90]]
[[0,0,0],[1,0,0],[0,1,0],[50,77,90]]
[[0,0,0],[1,0,0],[0,1,0],[35,14,90]]
[[0,0,0],[2,0,0],[0,1,0],[3,32,45]]
[[0,0,0],[1,0,0],[0,3,0],[22,27,30]]
[[0,0,0],[1,0,0],[0,1,0],[12,61,90]]
[[0,0,0],[1,0,0],[0,1,0],[87,88,90]]
[[0,0,0],[1,0,0],[0,1,0],[35,21,90]]
[[0,0,0],[1,0,0],[1,2,0],[26,42,45]]
[[0,0,0],[1,0,0],[0,1,0],[2,56,90]]
[[0,0,0],[1,0,0],[0,1,0],[35,71,90]]
[[0,0,0],[1,0,0],[0,1,0],[28,1,90]]
[[0,0,0],[1,0,0],[0,1,0],[11,83,90]]
[[0,0,0],[1,0,0],[0,1,0],[24,4,90]]
[[0,0,0],[2,0,0],[0,1,0],[3,2,45]]
[[0,0,0],[1,0,0],[1,3,0],[7,9,30]]
[[0,0,0],[1,0,0],[1,2,0],[34,33,45]]
[[0,0,0],[1,0,0],[1,2,0],[21,24,45]]
[[0,0,0],[1,0,0],[0,1,0],[10,71,90]]
[[0,0,0],[1,0,0],[0,3,0],[16,3,30]]
[[0,0,0],[1,0,0],[0,1,0],[44,86,90]]
[[0,0,0],[1,0,0],[1,2,0],[10,35,45]]
[[0,0,0],[2,0,0],[0,1,0],[6,31,45]]
[[0,0,0],[1,0,0],[0,1,0],[33,16,90]]
[[0,0,0],[1,0,0],[2,3,0],[20,9,30]]
[[0,0,0],[1,0,0],[0,1,0],[10,1,90]]
[[0,0,0],[1,0,0],[0,1,0],[2,77,90]]
[[0,0,0],[1,0,0],[0,1,0],[26,41,90]]
[[0,0,0],[1,0,0],[0,3,0],[7,27,30]]
[[0,0,0],[1,0,0],[0,1,0],[84,87,90]]
[[0,0,0],[1,0,0],[0,1,0],[2,2,90]]
[[0,0,0],[2,0,0],[0,1,0],[40,8,45]]
[[0,0,0],[1,0,0],[0,1,0],[62,83,90]]
[[0,0,0],[1,0,0],[0,1,0],[51,46,90]]
[[0,0,0],[1,0,0],[0,1,0],[68,86,90]]
[[0,0,0],[1,0,0],[0,1,0],[56,62,90]]
[[0,0,0],[1,0,0],[0,1,0],[8,17,90]]
[[0,0,0],[1,0,0],[0,3,0],[4,21,30]]
[[0,0,0],[1,0,0],[0,1,0],[85,56,90]]
[[0,0,0],[1,0,0],[0,3,0],[29,3,30]]
[[0,0,0],[1,0,0],[0,1,0],[8,23,90]]
[[0,0,0],[3,0,0],[0,1,0],[6,1,30]]
[[0,0,0],[1,0,0],[0,1,0],[80,26,90]]
[[0,0,0],[1,0,0],[0,1,0],[5,41,90]]
[[0,0,0],[1,0,0],[0,2,0],[6,20,45]]
[[0,0,0],[1,0,0],[0,1,0],[54,73,90]]
[[0,0,0],[2,0,0],[0,3,0],[3,6,15]]
[[0,0,0],[1,0,0],[0,3,0],[28,3,30]]
[[0,0,0],[2,0,0],[0,1,0],[6,1,45]]
[[0,0,0],[1,0,0],[1,2,0],[37,20,45]]
[[0,0,0],[1,0,0],[0,1,0],[20,17,90]]
[[0,0,0],[1,0,0],[0,2,0],[6,5,45]]
[[0,0,0],[1,0,0],[0,1,0],[14,22,90]]
[[0,0,0],[1,0,0],[0,1,0],[63,28,90]]
[[0,0,0],[1,0,0],[0,1,0],[46,77,90]]
[[0,0,0],[2,0,0],[0,1,0],[0,1,45]]
[[0,0,0],[1,0,0],[0,3,0],[1,9,30]]
[[0,0,0],[1,0,0],[0,1,0],[22,23,90]]
[[0,0,0],[1,0,0],[0,1,0],[28,29,90]]
[[0,0,0],[1,0,0],[0,1,0],[87,14,90]]
[[0,0,0],[1,0,0],[0,1,0],[5,5,90]]
[[0,0,0],[1,0,0],[0,1,0],[14,67,90]]
[[0,0,0],[1,0,0],[0,1,0],[75,52,90]]
[[0,0,0],[1,0,0],[0,1,0],[2,49,90]]
[[0,0,0],[1,0,0],[0,1,0],[2,68,90]]
[[0,0,0],[1,0,0],[0,1,0],[8,1,90]]
[[0,0,0],[1,0,0],[1,2,0],[19,20,45]]
[[0,0,0],[1,0,0],[0,1,0],[27,73,90]]
[[0,0,0],[1,0,0],[0,1,0],[26,89,90]]
[[0,0,0],[1,0,0],[0,1,0],[22,59,90]]
[[0,0,0],[3,0,0],[0,1,0],[12,29,30]]
[[0,0,0],[1,0,0],[0,1,0],[33,88,90]]
[[0,0,0],[1,0,0],[0,1,0],[51,4,90]]
[[0,0,0],[1,0,0],[0,1,0],[68,89,90]]
[[0,0,0],[1,0,0],[0,1,0],[78,4,90]]
[[0,0,0],[2,0,0],[0,1,0],[21,43,45]]
[[0,0,0],[1,0,0],[0,1,0],[68,83,90]]
[[0,0,0],[1,0,0],[0,1,0],[25,1,90]]
[[0,0,0],[1,0,0],[1,2,0],[11,40,45]]
[[0,0,0],[1,0,0],[0,1,0],[29,89,90]]
[[0,0,0],[2,0,0],[0,1,0],[24,14,45]]
[[0,0,0],[1,0,0],[0,1,0],[85,69,90]]
[[0,0,0],[1,0,0],[1,3,0],[26,21,30]]
[[0,0,0],[1,0,0],[0,1,0],[24,85,90]]
[[0,0,0],[1,0,0],[1,2,0],[1,12,45]]
[[0,0,0],[2,0,0],[0,1,0],[10,26,45]]
[[0,0,0],[1,0,0],[0,1,0],[8,19,90]]
[[0,0,0],[1,0,0],[0,1,0],[86,86,90]]
[[0,0,0],[2,0,0],[0,1,0],[27,19,45]]
[[0,0,0],[1,0,0],[0,1,0],[33,4,90]]
[[0,0,0],[1,0,0],[0,1,0],[28,68,90]]
[[0,0,0],[1,0,0],[0,1,0],[32,13,90]]
[[0,0,0],[1,0,0],[0,1,0],[7,17,90]]
[[0,0,0],[1,0,0],[0,1,0],[5,32,90]]
[[0,0,0],[1,0,0],[0,1,0],[38,44,90]]
[[0,0,0],[1,0,0],[0,1,0],[8,88,90]]
[[0,0,0],[1,0,0],[0,1,0],[42,34,90]]
[[0,0,0],[1,0,0],[0,1,0],[82,89,90]]
[[0,0,0],[1,0,0],[0,1,0],[2,73,90]]
[[0,0,0],[1,0,0],[0,1,0],[58,88,90]]
[[0,0,0],[1,0,0],[0,1,0],[50,26,90]]
[[0,0,0],[1,0,0],[0,1,0],[81,46,90]]
[[0,0,0],[3,0,0],[0,1,0],[15,1,30]]
[[0,0,0],[1,0,0],[0,1,0],[35,76,90]]
[[0,0,0],[1,0,0],[0,1,0],[57,82,90]]
[[0,0,0],[1,0,0],[0,2,0],[25,12,45]]
[[0,0,0],[1,0,0],[0,1,0],[25,16,90]]
[[0,0,0],[1,0,0],[0,1,0],[16,1,90]]
[[0,0,0],[1,0,0],[0,1,0],[12,69,90]]
[[0,0,0],[1,0,0],[0,1,0],[27,44,90]]
[[0,0,0],[1,0,0],[0,1,0],[2,32,90]]
[[0,0,0],[1,0,0],[0,1,0],[63,58,90]]
[[0,0,0],[1,0,0],[1,2,0],[28,6,45]]
[[0,0,0],[1,0,0],[0,1,0],[4,29,90]]
[[0,0,0],[1,0,0],[0,3,0],[26,21,30]]
[[0,0,0],[1,0,0],[0,3,0],[8,21,30]]
[[0,0,0],[1,0,0],[1,2,0],[16,5,45]]
[[0,0,0],[1,0,0],[2,3,0],[8,6,30]]
[[0,0,0],[1,0,0],[0,3,0],[26,9,30]]
[[0,0,0],[1,0,0],[0,1,0],[8,47,90]]
[[0,0,0],[1,0,0],[0,1,0],[85,86,90]]
[[0,0,0],[1,0,0],[0,1,0],[17,29,90]]
[[0,0,0],[1,0,0],[2,3,0],[4,24,30]]
[[0,0,0],[1,0,0],[0,1,0],[29,37,90]]
[[0,0,0],[1,0,0],[0,1,0],[19,67,90]]
[[0,0,0],[1,0,0],[0,1,0],[69,88,90]]
[[0,0,0],[1,0,0],[0,1,0],[25,86,90]]
[[0,0,0],[1,0,0],[0,1,0],[3,38,90]]
[[0,0,0],[1,0,0],[0,1,0],[14,37,90]]
[[0,0,0],[2,0,0],[0,1,0],[25,41,45]]
[[0,0,0],[1,0,0],[0,3,0],[4,9,30]]
[[0,0,0],[1,0,0],[0,1,0],[2,31,90]]
[[0,0,0],[1,0,0],[0,1,0],[75,34,90]]
[[0,0,0],[1,0,0],[0,1,0],[26,17,90]]
[[0,0,0],[1,0,0],[0,1,0],[40,33,90]]
[[0,0,0],[1,0,0],[0,3,0],[3,24,30]]
[[0,0,0],[1,0,0],[0,1,0],[14,1,90]]
[[0,0,0],[1,0,0],[0,1,0],[56,86,90]]
[[0,0,0],[2,0,0],[1,3,0],[1,3,15]]
[[0,0,0],[1,0,0],[0,1,0],[48,88,90]]
[[0,0,0],[1,0,0],[0,1,0],[62,62,90]]
[[0,0,0],[1,0,0],[0,1,0],[69,34,90]]
[[0,0,0],[1,0,0],[0,1,0],[39,62,90]]
[[0,0,0],[1,0,0],[0,1,0],[43,43,90]]
[[0,0,0],[2,0,0],[0,1,0],[21,1,45]]
[[0,0,0],[1,0,0],[0,1,0],[21,37,90]]
[[0,0,0],[1,0,0],[0,1,0],[87,28,90]]
[[0,0,0],[2,0,0],[0,1,0],[12,1,45]]
[[0,0,0],[1,0,0],[0,1,0],[33,52,90]]
[[0,0,0],[1,0,0],[0,1,0],[5,56,90]]
[[0,0,0],[1,0,0],[0,1,0],[22,41,90]]
[[0,0,0],[1,0,0],[0,1,0],[32,71,90]]
[[0,0,0],[1,0,0],[0,1,0],[44,61,90]]
[[0,0,0],[1,0,0],[0,1,0],[27,24,90]]
[[0,0,0],[1,0,0],[1,2,0],[1,42,45]]
[[0,0,0],[1,0,0],[0,1,0],[11,77,90]]
[[0,0,0],[1,0,0],[0,1,0],[15,4,90]]
[[0,0,0],[1,0,0],[1,5,0],[15,12,18]]
[[0,0,0],[1,0,0],[0,1,0],[56,68,90]]
[[0,0,0],[1,0,0],[0,1,0],[39,88,90]]
[[0,0,0],[1,0,0],[0,1,0],[65,44,90]]
[[0,0,0],[1,0,0],[0,1,0],[21,58,90]]
[[0,0,0],[1,0,0],[0,1,0],[4,52,90]]
[[0,0,0],[1,0,0],[0,1,0],[51,22,90]]
[[0,0,0],[1,0,0],[0,1,0],[36,1,90]]
[[0,0,0],[1,0,0],[0,1,0],[87,29,90]]
[[0,0,0],[1,0,0],[0,1,0],[66,88,90]]
[[0,0,0],[1,0,0],[1,3,0],[11,21,30]]
[[0,0,0],[1,0,0],[0,1,0],[40,21,90]]
[[0,0,0],[3,0,0],[0,1,0],[6,13,30]]
[[0,0,0],[1,0,0],[0,1,0],[14,41,90]]
[[0,0,0],[1,0,0],[1,3,0],[26,24,30]]
[[0,0,0],[1,0,0],[0,1,0],[78,25,90]]
[[0,0,0],[1,0,0],[0,1,0],[6,58,90]]
[[0,0,0],[1,0,0],[0,1,0],[62,64,90]]
[[0,0,0],[1,0,0],[0,1,0],[70,81,90]]
[[0,0,0],[1,0,0],[0,1,0],[22,29,90]]
[[0,0,0],[1,0,0],[0,1,0],[20,35,90]]
[[0,0,0],[1,0,0],[0,1,0],[14,52,90]]
[[0,0,0],[1,0,0],[0,1,0],[86,89,90]]
[[0,0,0],[1,0,0],[0,1,0],[46,71,90]]
[[0,0,0],[1,0,0],[0,1,0],[70,3,90]]
[[0,0,0],[1,0,0],[0,1,0],[52,73,90]]
[[0,0,0],[1,0,0],[0,1,0],[8,59,90]]
[[0,0,0],[1,0,0],[0,1,0],[27,49,90]]
[[0,0,0],[1,0,0],[2,3,0],[2,27,30]]
[[0,0,0],[1,0,0],[0,1,0],[57,44,90]]
[[0,0,0],[1,0,0],[0,1,0],[85,76,90]]
[[0,0,0],[1,0,0],[0,1,0],[56,71,90]]
[[0,0,0],[1,0,0],[0,1,0],[39,79,90]]
[[0,0,0],[1,0,0],[2,3,0],[17,18,30]]
[[0,0,0],[1,0,0],[0,1,0],[25,41,90]]
[[0,0,0],[1,0,0],[0,1,0],[39,58,90]]
[[0,0,0],[1,0,0],[0,1,0],[52,89,90]]
[[0,0,0],[1,0,0],[0,1,0],[78,73,90]]
[[0,0,0],[2,0,0],[0,1,0],[40,44,45]]
[[0,0,0],[1,0,0],[0,1,0],[10,81,90]]
[[0,0,0],[1,0,0],[0,2,0],[39,5,45]]
[[0,0,0],[1,0,0],[0,1,0],[26,56,90]]
[[0,0,0],[1,0,0],[0,1,0],[51,82,90]]
[[0,0,0],[2,0,0],[0,1,0],[33,43,45]]
[[0,0,0],[1,0,0],[0,1,0],[18,55,90]]
[[0,0,0],[1,0,0],[0,1,0],[2,37,90]]
[[0,0,0],[1,0,0],[0,1,0],[14,7,90]]
[[0,0,0],[1,0,0],[0,1,0],[21,34,90]]
[[0,0,0],[1,0,0],[0,1,0],[39,22,90]]
[[0,0,0],[1,0,0],[0,1,0],[26,44,90]]
[[0,0,0],[1,0,0],[0,2,0],[3,5,45]]
[[0,0,0],[1,0,0],[0,1,0],[85,26,90]]
[[0,0,0],[1,0,0],[1,3,0],[13,24,30]]
[[0,0,0],[1,0,0],[0,1,0],[2,67,90]]
[[0,0,0],[3,0,0],[0,1,0],[6,17,30]]
[[0,0,0],[1,0,0],[0,1,0],[62,86,90]]
[[0,0,0],[1,0,0],[1,3,0],[10,6,30]]
[[0,0,0],[9,0,0],[0,1,0],[0,1,10]]
[[0,0,0],[1,0,0],[0,2,0],[33,35,45]]
[[0,0,0],[1,0,0],[1,3,0],[4,6,30]]
[[0,0,0],[1,0,0],[0,1,0],[26,37,90]]
[[0,0,0],[1,0,0],[0,1,0],[2,74,90]]
[[0,0,0],[1,0,0],[0,1,0],[14,86,90]]
[[0,0,0],[1,0,0],[0,1,0],[38,59,90]]
[[0,0,0],[1,0,0],[0,1,0],[2,86,90]]
[[0,0,0],[1,0,0],[1,3,0],[16,24,30]]
[[0,0,0],[1,0,0],[0,1,0],[14,44,90]]
[[0,0,0],[1,0,0],[0,1,0],[50,51,90]]
[[0,0,0],[1,0,0],[0,1,0],[63,78,90]]
[[0,0,0],[1,0,0],[0,1,0],[48,53,90]]
[[0,0,0],[1,0,0],[0,2,0],[25,42,45]]
[[0,0,0],[1,0,0],[1,3,0],[25,25,30]]
[[0,0,0],[1,0,0],[0,1,0],[4,77,90]]
[[0,0,0],[1,0,0],[0,1,0],[8,77,90]]
[[0,0,0],[1,0,0],[0,1,0],[39,76,90]]
[[0,0,0],[1,0,0],[1,3,0],[13,27,30]]
[[0,0,0],[1,0,0],[0,1,0],[33,83,90]]
[[0,0,0],[1,0,0],[0,1,0],[70,21,90]]
[[0,0,0],[1,0,0],[0,1,0],[16,77,90]]
[[0,0,0],[1,0,0],[0,1,0],[8,71,90]]
[[0,0,0],[1,0,0],[0,1,0],[3,13,90]]
[[0,0,0],[1,0,0],[0,2,0],[42,35,45]]
[[0,0,0],[1,0,0],[0,1,0],[33,46,90]]
[[0,0,0],[1,0,0],[0,1,0],[20,1,90]]
[[0,0,0],[1,0,0],[0,1,0],[8,73,90]]
[[0,0,0],[1,0,0],[0,1,0],[69,52,90]]
[[0,0,0],[1,0,0],[0,1,0],[6,25,90]]
[[0,0,0],[1,0,0],[0,3,0],[10,3,30]]
[[0,0,0],[1,0,0],[0,1,0],[40,11,90]]
[[0,0,0],[1,0,0],[0,1,0],[11,29,90]]
[[0,0,0],[1,0,0],[0,1,0],[5,74,90]]
[[0,0,0],[1,0,0],[0,3,0],[17,21,30]]
[[0,0,0],[1,0,0],[0,1,0],[85,33,90]]
[[0,0,0],[1,0,0],[0,1,0],[57,58,90]]
[[0,0,0],[1,0,0],[0,1,0],[2,62,90]]
[[0,0,0],[2,0,0],[0,1,0],[6,38,45]]
[[0,0,0],[1,0,0],[0,1,0],[3,19,90]]
[[0,0,0],[1,0,0],[1,3,0],[11,27,30]]
[[0,0,0],[1,0,0],[0,1,0],[28,23,90]]
[[0,0,0],[1,0,0],[0,1,0],[26,62,90]]
[[0,0,0],[1,0,0],[0,1,0],[25,76,90]]
[[0,0,0],[1,0,0],[0,1,0],[12,89,90]]
[[0,0,0],[1,0,0],[0,1,0],[26,71,90]]
[[0,0,0],[1,0,0],[0,1,0],[29,59,90]]
[[0,0,0],[1,0,0],[0,1,0],[64,77,90]]
[[0,0,0],[3,0,0],[0,1,0],[0,1,30]]
[[0,0,0],[6,0,0],[0,1,0],[0,11,15]]
[[0,0,0],[1,0,0],[0,1,0],[89,89,90]]
[[0,0,0],[1,0,0],[0,1,0],[16,83,90]]
[[0,0,0],[1,0,0],[0,1,0],[39,4,90]]
[[0,0,0],[1,0,0],[0,1,0],[3,3,90]]
[[0,0,0],[1,0,0],[0,1,0],[45,1,90]]
[[0,0,0],[1,0,0],[0,1,0],[63,88,90]]
[[0,0,0],[1,0,0],[0,1,0],[56,59,90]]
[[0,0,0],[2,0,0],[0,1,0],[3,17,45]]
[[0,0,0],[1,0,0],[0,1,0],[48,33,90]]
[[0,0,0],[1,0,0],[0,1,0],[9,2,90]]
[[0,0,0],[1,0,0],[1,2,0],[10,25,45]]
[[0,0,0],[1,0,0],[1,3,0],[7,3,30]]
[[0,0,0],[1,0,0],[0,1,0],[48,23,90]]
[[0,0,0],[1,0,0],[1,3,0],[26,6,30]]
[[0,0,0],[5,0,0],[0,1,0],[6,1,18]]
[[0,0,0],[1,0,0],[0,1,0],[50,86,90]]
[[0,0,0],[1,0,0],[0,1,0],[64,53,90]]
[[0,0,0],[1,0,0],[0,1,0],[5,76,90]]
[[0,0,0],[1,0,0],[0,1,0],[57,4,90]]
[[0,0,0],[1,0,0],[0,1,0],[2,44,90]]
[[0,0,0],[2,0,0],[0,3,0],[9,12,15]]
[[0,0,0],[1,0,0],[0,1,0],[69,28,90]]
[[0,0,0],[1,0,0],[0,1,0],[4,37,90]]
[[0,0,0],[1,0,0],[0,1,0],[66,25,90]]
[[0,0,0],[3,0,0],[0,1,0],[15,16,30]]
[[0,0,0],[1,0,0],[0,1,0],[38,61,90]]
[[0,0,0],[1,0,0],[0,1,0],[32,79,90]]
[[0,0,0],[1,0,0],[1,3,0],[19,9,30]]
[[0,0,0],[1,0,0],[1,3,0],[10,5,30]]
[[0,0,0],[1,0,0],[0,1,0],[22,11,90]]
[[0,0,0],[1,0,0],[0,1,0],[58,23,90]]
[[0,0,0],[1,0,0],[1,2,0],[11,12,45]]
[[0,0,0],[1,0,0],[0,1,0],[25,3,90]]
[[0,0,0],[1,0,0],[0,1,0],[46,89,90]]
[[0,0,0],[1,0,0],[0,1,0],[39,32,90]]
[[0,0,0],[1,0,0],[0,1,0],[8,31,90]]
[[0,0,0],[1,0,0],[0,1,0],[3,58,90]]
[[0,0,0],[1,0,0],[0,1,0],[24,7,90]]
[[0,0,0],[1,0,0],[0,1,0],[3,8,90]]
[[0,0,0],[1,0,0],[0,1,0],[4,23,90]]
[[0,0,0],[2,0,0],[0,1,0],[3,16,45]]
[[0,0,0],[1,0,0],[0,1,0],[42,85,90]]
[[0,0,0],[3,0,0],[0,1,0],[10,11,30]]
[[0,0,0],[1,0,0],[0,1,0],[32,38,90]]
[[0,0,0],[1,0,0],[0,1,0],[28,53,90]]
[[0,0,0],[1,0,0],[0,1,0],[39,82,90]]
[[0,0,0],[1,0,0],[0,1,0],[36,10,90]]
[[0,0,0],[1,0,0],[2,3,0],[27,18,30]]
[[0,0,0],[1,0,0],[0,1,0],[24,19,90]]
[[0,0,0],[1,0,0],[0,1,0],[12,67,90]]
[[0,0,0],[2,0,0],[0,1,0],[5,41,45]]
[[0,0,0],[1,0,0],[0,1,0],[33,22,90]]
[[0,0,0],[1,0,0],[0,1,0],[4,41,90]]
[[0,0,0],[1,0,0],[0,1,0],[4,83,90]]
[[0,0,0],[1,0,0],[0,1,0],[6,79,90]]
[[0,0,0],[1,0,0],[0,3,0],[8,27,30]]
[[0,0,0],[1,0,0],[0,3,0],[16,5,30]]
[[0,0,0],[1,0,0],[0,1,0],[42,67,90]]
[[0,0,0],[1,0,0],[0,1,0],[32,73,90]]
[[0,0,0],[2,0,0],[0,1,0],[25,16,45]]
[[0,0,0],[1,0,0],[0,1,0],[42,29,90]]
[[0,0,0],[1,0,0],[0,1,0],[39,73,90]]
[[0,0,0],[2,0,0],[0,1,0],[24,4,45]]
[[0,0,0],[1,0,0],[0,3,0],[18,9,30]]
[[0,0,0],[1,0,0],[0,1,0],[3,53,90]]
[[0,0,0],[1,0,0],[1,3,0],[4,18,30]]
[[0,0,0],[1,0,0],[0,1,0],[33,68,90]]
[[0,0,0],[1,0,0],[0,1,0],[21,46,90]]
[[0,0,0],[1,0,0],[0,1,0],[22,73,90]]
[[0,0,0],[1,0,0],[0,1,0],[17,89,90]]
[[0,0,0],[1,0,0],[0,2,0],[21,35,45]]
[[0,0,0],[1,0,0],[0,3,0],[4,27,30]]
[[0,0,0],[1,0,0],[0,1,0],[14,68,90]]
[[0,0,0],[2,0,0],[0,1,0],[6,7,45]]
[[0,0,0],[1,0,0],[0,1,0],[33,38,90]]
[[0,0,0],[1,0,0],[0,1,0],[50,56,90]]
[[0,0,0],[1,0,0],[0,1,0],[55,71,90]]
[[0,0,0],[1,0,0],[0,1,0],[25,56,90]]
[[0,0,0],[1,0,0],[0,1,0],[80,86,90]]
[[0,0,0],[1,0,0],[0,1,0],[35,74,90]]
[[0,0,0],[1,0,0],[0,1,0],[66,35,90]]
[[0,0,0],[1,0,0],[0,1,0],[42,89,90]]
[[0,0,0],[1,0,0],[0,3,0],[14,6,30]]
[[0,0,0],[1,0,0],[0,1,0],[65,86,90]]
[[0,0,0],[1,0,0],[0,3,0],[2,21,30]]
[[0,0,0],[1,0,0],[0,1,0],[25,51,90]]
[[0,0,0],[1,0,0],[0,1,0],[37,71,90]]
[[0,0,0],[2,0,0],[0,1,0],[9,28,45]]
[[0,0,0],[1,0,0],[0,1,0],[3,7,90]]
[[0,0,0],[1,0,0],[0,1,0],[42,64,90]]
[[0,0,0],[1,0,0],[0,1,0],[51,58,90]]
[[0,0,0],[1,0,0],[0,3,0],[19,3,30]]
[[0,0,0],[1,0,0],[0,1,0],[33,1,90]]
[[0,0,0],[1,0,0],[0,1,0],[66,55,90]]
[[0,0,0],[1,0,0],[0,1,0],[42,58,90]]
[[0,0,0],[1,0,0],[1,3,0],[6,24,30]]
[[0,0,0],[1,0,0],[0,1,0],[38,11,90]]
[[0,0,0],[1,0,0],[0,1,0],[63,68,90]]
[[0,0,0],[1,0,0],[0,1,0],[18,43,90]]
[[0,0,0],[1,0,0],[0,1,0],[74,41,90]]
[[0,0,0],[1,0,0],[0,1,0],[84,16,90]]
[[0,0,0],[1,0,0],[0,3,0],[20,3,30]]
[[0,0,0],[1,0,0],[0,1,0],[4,71,90]]
[[0,0,0],[1,0,0],[0,3,0],[14,9,30]]
[[0,0,0],[1,0,0],[0,1,0],[32,77,90]]
[[0,0,0],[1,0,0],[0,1,0],[28,73,90]]
[[0,0,0],[1,0,0],[0,1,0],[68,74,90]]
[[0,0,0],[1,0,0],[0,1,0],[3,34,90]]
[[0,0,0],[1,0,0],[0,1,0],[35,41,90]]
[[0,0,0],[1,0,0],[0,1,0],[2,43,90]]
[[0,0,0],[1,0,0],[0,1,0],[51,16,90]]
[[0,0,0],[1,0,0],[0,1,0],[27,34,90]]
[[0,0,0],[1,0,0],[0,1,0],[38,62,90]]
[[0,0,0],[1,0,0],[0,1,0],[74,74,90]]
[[0,0,0],[1,0,0],[1,3,0],[4,3,30]]
[[0,0,0],[1,0,0],[0,1,0],[1,7,90]]
[[0,0,0],[1,0,0],[0,1,0],[65,46,90]]
[[0,0,0],[1,0,0],[1,3,0],[16,9,30]]
[[0,0,0],[1,0,0],[0,1,0],[28,38,90]]
[[0,0,0],[1,0,0],[0,1,0],[84,88,90]]
[[0,0,0],[1,0,0],[0,1,0],[21,61,90]]
[[0,0,0],[1,0,0],[0,1,0],[40,81,90]]
[[0,0,0],[1,0,0],[0,1,0],[39,34,90]]
[[0,0,0],[1,0,0],[0,1,0],[11,53,90]]
[[0,0,0],[1,0,0],[0,1,0],[69,16,90]]
[[0,0,0],[2,0,0],[0,1,0],[18,19,45]]
[[0,0,0],[1,0,0],[0,3,0],[19,21,30]]
[[0,0,0],[1,0,0],[0,1,0],[42,13,90]]
[[0,0,0],[1,0,0],[0,1,0],[62,19,90]]
[[0,0,0],[1,0,0],[0,1,0],[44,73,90]]
[[0,0,0],[1,0,0],[0,1,0],[5,71,90]]
[[0,0,0],[1,0,0],[0,1,0],[50,5,90]]
[[0,0,0],[1,0,0],[0,1,0],[48,58,90]]
[[0,0,0],[1,0,0],[0,1,0],[24,82,90]]
[[0,0,0],[1,0,0],[0,1,0],[4,1,90]]
[[0,0,0],[1,0,0],[0,3,0],[27,27,30]]
[[0,0,0],[1,0,0],[0,1,0],[22,47,90]]
[[0,0,0],[1,0,0],[0,1,0],[28,13,90]]
[[0,0,0],[1,0,0],[0,1,0],[9,73,90]]
[[0,0,0],[1,0,0],[0,1,0],[28,7,90]]
[[0,0,0],[1,0,0],[0,3,0],[25,18,30]]
[[0,0,0],[1,0,0],[0,1,0],[39,28,90]]
[[0,0,0],[1,0,0],[0,1,0],[14,26,90]]
[[0,0,0],[1,0,0],[0,1,0],[6,22,90]]
[[0,0,0],[1,0,0],[0,1,0],[44,68,90]]
[[0,0,0],[1,0,0],[0,3,0],[26,3,30]]
[[0,0,0],[1,0,0],[0,1,0],[8,68,90]]
[[0,0,0],[1,0,0],[0,1,0],[35,16,90]]
[[0,0,0],[1,0,0],[0,1,0],[9,46,90]]
[[0,0,0],[1,0,0],[0,1,0],[44,47,90]]
[[0,0,0],[1,0,0],[0,1,0],[7,13,90]]
[[0,0,0],[1,0,0],[0,1,0],[4,53,90]]
[[0,0,0],[1,0,0],[1,2,0],[31,35,45]]
[[0,0,0],[1,0,0],[0,1,0],[5,61,90]]
[[0,0,0],[1,0,0],[0,1,0],[44,53,90]]
[[0,0,0],[1,0,0],[0,1,0],[22,43,90]]
[[0,0,0],[1,0,0],[0,1,0],[4,7,90]]
[[0,0,0],[1,0,0],[1,2,0],[25,25,45]]
[[0,0,0],[1,0,0],[0,1,0],[6,65,90]]
[[0,0,0],[1,0,0],[0,1,0],[28,88,90]]
[[0,0,0],[1,0,0],[0,1,0],[52,79,90]]
[[0,0,0],[1,0,0],[0,1,0],[18,73,90]]
[[0,0,0],[1,0,0],[0,1,0],[50,81,90]]
[[0,0,0],[1,0,0],[1,2,0],[11,42,45]]
[[0,0,0],[1,0,0],[0,3,0],[14,21,30]]
[[0,0,0],[1,0,0],[0,1,0],[21,82,90]]
[[0,0,0],[1,0,0],[0,1,0],[35,65,90]]
[[0,0,0],[1,0,0],[0,1,0],[55,21,90]]
[[0,0,0],[1,0,0],[0,1,0],[57,69,90]]
[[0,0,0],[1,0,0],[0,1,0],[69,64,90]]
[[0,0,0],[1,0,0],[0,1,0],[2,4,90]]
[[0,0,0],[1,0,0],[0,1,0],[27,82,90]]
[[0,0,0],[1,0,0],[0,1,0],[2,89,90]]
[[0,0,0],[1,0,0],[0,1,0],[55,26,90]]
[[0,0,0],[1,0,0],[0,1,0],[38,43,90]]
[[0,0,0],[1,0,0],[0,1,0],[5,59,90]]
[[0,0,0],[1,0,0],[0,1,0],[36,55,90]]
[[0,0,0],[1,0,0],[0,1,0],[8,61,90]]
[[0,0,0],[1,0,0],[0,1,0],[66,52,90]]
[[0,0,0],[1,0,0],[0,1,0],[4,59,90]]
[[0,0,0],[1,0,0],[0,1,0],[2,23,90]]
[[0,0,0],[2,0,0],[0,1,0],[21,28,45]]
[[0,0,0],[1,0,0],[0,1,0],[44,1,90]]
[[0,0,0],[1,0,0],[0,1,0],[5,77,90]]
[[0,0,0],[1,0,0],[0,1,0],[23,89,90]]
[[0,0,0],[1,0,0],[0,1,0],[38,77,90]]
[[0,0,0],[1,0,0],[0,3,0],[2,27,30]]
[[0,0,0],[1,0,0],[0,1,0],[5,31,90]]
[[0,0,0],[1,0,0],[0,1,0],[56,89,90]]
[[0,0,0],[1,0,0],[0,1,0],[38,83,90]]
[[0,0,0],[1,0,0],[0,1,0],[39,1,90]]
[[0,0,0],[1,0,0],[0,3,0],[29,21,30]]
[[0,0,0],[1,0,0],[0,2,0],[10,42,45]]
[[0,0,0],[1,0,0],[0,1,0],[33,13,90]]
[[0,0,0],[1,0,0],[0,1,0],[15,61,90]]
[[0,0,0],[1,0,0],[0,1,0],[14,38,90]]
[[0,0,0],[1,0,0],[0,1,0],[22,71,90]]
[[0,0,0],[1,0,0],[0,1,0],[44,74,90]]
[[0,0,0],[1,0,0],[0,3,0],[9,6,30]]
[[0,0,0],[3,0,0],[0,1,0],[10,1,30]]
[[0,0,0],[1,0,0],[0,1,0],[71,71,90]]
[[0,0,0],[1,0,0],[0,3,0],[22,3,30]]
[[0,0,0],[3,0,0],[0,1,0],[6,11,30]]
[[0,0,0],[1,0,0],[0,1,0],[74,37,90]]
[[0,0,0],[1,0,0],[0,1,0],[38,17,90]]
[[0,0,0],[1,0,0],[1,3,0],[16,18,30]]
[[0,0,0],[1,0,0],[0,1,0],[28,17,90]]
[[0,0,0],[1,0,0],[0,1,0],[9,42,90]]
[[0,0,0],[1,0,0],[0,1,0],[75,88,90]]
[[0,0,0],[1,0,0],[0,1,0],[33,58,90]]
[[0,0,0],[1,0,0],[0,1,0],[78,76,90]]
[[0,0,0],[1,0,0],[0,1,0],[42,73,90]]
[[0,0,0],[1,0,0],[0,1,0],[14,43,90]]
[[0,0,0],[1,0,0],[0,1,0],[1,11,90]]
[[0,0,0],[1,0,0],[0,1,0],[3,37,90]]
[[0,0,0],[2,0,0],[0,1,0],[9,19,45]]
[[0,0,0],[1,0,0],[0,1,0],[36,85,90]]
[[0,0,0],[1,0,0],[0,1,0],[4,49,90]]
[[0,0,0],[1,0,0],[0,1,0],[22,77,90]]
[[0,0,0],[1,0,0],[1,2,0],[7,24,45]]
[[0,0,0],[1,0,0],[0,1,0],[14,56,90]]
[[0,0,0],[1,0,0],[0,1,0],[69,22,90]]
[[0,0,0],[1,0,0],[0,1,0],[7,19,90]]
[[0,0,0],[1,0,0],[0,1,0],[16,17,90]]
[[0,0,0],[1,0,0],[0,1,0],[8,26,90]]
[[0,0,0],[1,0,0],[1,2,0],[34,3,45]]
[[0,0,0],[1,0,0],[0,3,0],[16,9,30]]
[[0,0,0],[1,0,0],[0,1,0],[11,31,90]]
[[0,0,0],[1,0,0],[0,1,0],[87,44,90]]
[[0,0,0],[1,0,0],[1,3,0],[1,18,30]]
[[0,0,0],[1,0,0],[0,1,0],[39,64,90]]
[[0,0,0],[1,0,0],[0,1,0],[78,85,90]]
[[0,0,0],[1,0,0],[0,1,0],[12,79,90]]
[[0,0,0],[1,0,0],[0,1,0],[66,85,90]]
[[0,0,0],[1,0,0],[0,1,0],[3,68,90]]
[[0,0,0],[1,0,0],[0,1,0],[9,37,90]]
[[0,0,0],[1,0,0],[0,1,0],[57,28,90]]
[[0,0,0],[1,0,0],[1,5,0],[3,6,18]]
[[0,0,0],[2,0,0],[0,1,0],[33,13,45]]
[[0,0,0],[1,0,0],[0,1,0],[16,89,90]]
[[0,0,0],[1,0,0],[0,1,0],[56,74,90]]
[[0,0,0],[1,0,0],[0,1,0],[5,44,90]]
[[0,0,0],[1,0,0],[0,1,0],[26,68,90]]
[[0,0,0],[1,0,0],[1,3,0],[6,6,30]]
[[0,0,0],[1,0,0],[0,1,0],[2,17,90]]
[[0,0,0],[1,0,0],[0,1,0],[51,76,90]]
[[0,0,0],[1,0,0],[0,1,0],[63,55,90]]
[[0,0,0],[1,0,0],[0,1,0],[24,1,90]]
[[0,0,0],[3,0,0],[0,1,0],[12,11,30]]
[[0,0,0],[1,0,0],[0,1,0],[87,34,90]]
[[0,0,0],[1,0,0],[0,1,0],[44,89,90]]
[[0,0,0],[1,0,0],[0,1,0],[23,23,90]]
[[0,0,0],[1,0,0],[0,1,0],[81,64,90]]
[[0,0,0],[1,0,0],[0,1,0],[27,84,90]]
[[0,0,0],[1,0,0],[1,2,0],[37,24,45]]
[[0,0,0],[1,0,0],[0,3,0],[25,3,30]]
[[0,0,0],[1,0,0],[2,3,0],[8,21,30]]
[[0,0,0],[1,0,0],[0,1,0],[24,49,90]]
[[0,0,0],[1,0,0],[0,1,0],[6,43,90]]
[[0,0,0],[2,0,0],[0,1,0],[12,22,45]]
[[0,0,0],[1,0,0],[0,2,0],[40,12,45]]
[[0,0,0],[1,0,0],[2,3,0],[0,12,30]]
[[0,0,0],[1,0,0],[0,1,0],[6,5,90]]
[[0,0,0],[1,0,0],[0,1,0],[44,59,90]]
[[0,0,0],[1,0,0],[0,1,0],[21,31,90]]
[[0,0,0],[1,0,0],[0,1,0],[36,25,90]]
[[0,0,0],[1,0,0],[0,1,0],[17,19,90]]
[[0,0,0],[1,0,0],[0,1,0],[58,43,90]]
[[0,0,0],[1,0,0],[0,1,0],[32,34,90]]
[[0,0,0],[1,0,0],[0,1,0],[3,67,90]]
[[0,0,0],[1,0,0],[0,1,0],[8,11,90]]
[[0,0,0],[1,0,0],[0,1,0],[29,31,90]]
[[0,0,0],[2,0,0],[0,1,0],[12,31,45]]
[[0,0,0],[1,0,0],[0,1,0],[5,68,90]]
[[0,0,0],[1,0,0],[0,1,0],[16,19,90]]
[[0,0,0],[1,0,0],[0,1,0],[65,17,90]]
[[0,0,0],[1,0,0],[1,2,0],[7,39,45]]
[[0,0,0],[1,0,0],[0,1,0],[38,67,90]]
[[0,0,0],[2,0,0],[0,1,0],[12,34,45]]
[[0,0,0],[2,0,0],[0,1,0],[3,19,45]]
[[0,0,0],[1,0,0],[0,1,0],[78,22,90]]
[[0,0,0],[1,0,0],[0,1,0],[27,1,90]]
[[0,0,0],[1,0,0],[0,1,0],[25,71,90]]
[[0,0,0],[1,0,0],[0,2,0],[21,5,45]]
[[0,0,0],[1,0,0],[0,1,0],[11,47,90]]
[[0,0,0],[1,0,0],[0,1,0],[21,28,90]]
[[0,0,0],[1,0,0],[0,1,0],[10,51,90]]
[[0,0,0],[1,0,0],[0,1,0],[69,76,90]]
[[0,0,0],[1,0,0],[0,1,0],[51,28,90]]
[[0,0,0],[1,0,0],[0,1,0],[8,44,90]]
[[0,0,0],[1,0,0],[0,1,0],[58,41,90]]
[[0,0,0],[1,0,0],[0,1,0],[21,52,90]]
[[0,0,0],[1,0,0],[0,1,0],[34,52,90]]
[[0,0,0],[1,0,0],[0,1,0],[14,89,90]]
[[0,0,0],[1,0,0],[0,1,0],[33,33,90]]
[[0,0,0],[3,0,0],[1,2,0],[6,12,15]]
[[0,0,0],[1,0,0],[0,1,0],[42,39,90]]
[[0,0,0],[1,0,0],[0,1,0],[51,64,90]]
[[0,0,0],[1,0,0],[0,3,0],[8,3,30]]
[[0,0,0],[1,0,0],[0,1,0],[34,37,90]]
[[0,0,0],[1,0,0],[0,1,0],[84,82,90]]
[[0,0,0],[1,0,0],[0,1,0],[54,82,90]]
[[0,0,0],[1,0,0],[0,1,0],[34,67,90]]
[[0,0,0],[1,0,0],[0,1,0],[20,71,90]]
[[0,0,0],[1,0,0],[0,1,0],[14,62,90]]
[[0,0,0],[2,0,0],[0,1,0],[6,34,45]]
[[0,0,0],[1,0,0],[0,1,0],[63,38,90]]
[[0,0,0],[1,0,0],[0,1,0],[27,28,90]]
[[0,0,0],[1,0,0],[0,2,0],[24,35,45]]
[[0,0,0],[1,0,0],[0,1,0],[9,55,90]]
[[0,0,0],[1,0,0],[1,2,0],[10,5,45]]
[[0,0,0],[1,0,0],[0,3,0],[14,27,30]]
[[0,0,0],[1,0,0],[1,3,0],[10,12,30]]
[[0,0,0],[1,0,0],[0,1,0],[77,89,90]]
[[0,0,0],[1,0,0],[0,1,0],[48,79,90]]
[[0,0,0],[1,0,0],[0,1,0],[26,13,90]]
[[0,0,0],[1,0,0],[0,1,0],[65,51,90]]
[[0,0,0],[1,0,0],[0,1,0],[4,73,90]]
[[0,0,0],[1,0,0],[0,1,0],[24,47,90]]
[[0,0,0],[1,0,0],[0,1,0],[17,17,90]]
[[0,0,0],[1,0,0],[0,1,0],[32,11,90]]
[[0,0,0],[1,0,0],[0,1,0],[9,22,90]]
[[0,0,0],[1,0,0],[0,1,0],[78,88,90]]
[[0,0,0],[1,0,0],[0,1,0],[39,2,90]]
[[0,0,0],[1,0,0],[0,1,0],[57,89,90]]
[[0,0,0],[1,0,0],[0,1,0],[6,35,90]]
[[0,0,0],[1,0,0],[0,1,0],[69,32,90]]
[[0,0,0],[1,0,0],[0,1,0],[3,4,90]]
[[0,0,0],[1,0,0],[0,1,0],[57,34,90]]
[[0,0,0],[1,0,0],[0,1,0],[12,55,90]]
[[0,0,0],[1,0,0],[1,2,0],[31,42,45]]
[[0,0,0],[1,0,0],[0,1,0],[55,76,90]]
[[0,0,0],[1,0,0],[0,1,0],[10,66,90]]
[[0,0,0],[1,0,0],[0,1,0],[18,28,90]]
[[0,0,0],[1,0,0],[0,3,0],[2,9,30]]
[[0,0,0],[1,0,0],[0,1,0],[48,28,90]]
[[0,0,0],[1,0,0],[0,1,0],[32,61,90]]
[[0,0,0],[1,0,0],[0,1,0],[44,56,90]]
[[0,0,0],[1,0,0],[0,1,0],[65,2,90]]
[[0,0,0],[1,0,0],[0,1,0],[2,47,90]]
[[0,0,0],[3,0,0],[0,1,0],[18,29,30]]
[[0,0,0],[1,0,0],[0,1,0],[6,61,90]]
[[0,0,0],[1,0,0],[0,1,0],[55,46,90]]
[[0,0,0],[1,0,0],[0,1,0],[21,76,90]]
[[0,0,0],[1,0,0],[0,1,0],[7,37,90]]
[[0,0,0],[1,0,0],[0,1,0],[2,41,90]]
[[0,0,0],[1,0,0],[0,1,0],[24,25,90]]
[[0,0,0],[1,0,0],[0,1,0],[4,79,90]]
[[0,0,0],[1,0,0],[0,1,0],[12,31,90]]
[[0,0,0],[1,0,0],[0,1,0],[34,82,90]]
[[0,0,0],[1,0,0],[0,1,0],[48,16,90]]
[[0,0,0],[1,0,0],[0,1,0],[37,89,90]]
[[0,0,0],[1,0,0],[0,1,0],[5,62,90]]
[[0,0,0],[1,0,0],[0,1,0],[35,56,90]]
[[0,0,0],[1,0,0],[0,1,0],[34,62,90]]
[[0,0,0],[2,0,0],[0,1,0],[5,11,45]]
[[0,0,0],[1,0,0],[0,1,0],[10,6,90]]
[[0,0,0],[1,0,0],[0,1,0],[6,37,90]]
[[0,0,0],[1,0,0],[1,2,0],[6,6,45]]
[[0,0,0],[1,0,0],[0,1,0],[33,43,90]]
[[0,0,0],[1,0,0],[0,1,0],[69,87,90]]
[[0,0,0],[1,0,0],[1,2,0],[13,6,45]]
[[0,0,0],[1,0,0],[0,3,0],[11,3,30]]
[[0,0,0],[1,0,0],[1,2,0],[21,6,45]]
[[0,0,0],[1,0,0],[0,1,0],[17,47,90]]
[[0,0,0],[2,0,0],[0,1,0],[10,41,45]]
[[0,0,0],[2,0,0],[0,1,0],[21,13,45]]
[[0,0,0],[1,0,0],[0,1,0],[21,49,90]]
[[0,0,0],[1,0,0],[0,1,0],[23,71,90]]
[[0,0,0],[1,0,0],[0,1,0],[58,58,90]]
[[0,0,0],[1,0,0],[0,1,0],[64,82,90]]
[[0,0,0],[2,0,0],[0,1,0],[10,11,45]]
[[0,0,0],[1,0,0],[0,1,0],[11,89,90]]
[[0,0,0],[1,0,0],[0,1,0],[24,58,90]]
[[0,0,0],[1,0,0],[0,1,0],[74,86,90]]
[[0,0,0],[1,0,0],[1,3,0],[1,27,30]]
[[0,0,0],[2,0,0],[0,1,0],[15,1,45]]
[[0,0,0],[1,0,0],[0,1,0],[16,29,90]]
[[0,0,0],[5,0,0],[0,1,0],[6,7,18]]
[[0,0,0],[1,0,0],[0,1,0],[1,29,90]]
[[0,0,0],[1,0,0],[0,1,0],[32,59,90]]
[[0,0,0],[1,0,0],[0,1,0],[66,34,90]]
[[0,0,0],[1,0,0],[0,1,0],[18,13,90]]
[[0,0,0],[3,0,0],[0,1,0],[15,11,30]]
[[0,0,0],[1,0,0],[1,3,0],[1,9,30]]
[[0,0,0],[1,0,0],[0,3,0],[22,12,30]]
[[0,0,0],[1,0,0],[0,1,0],[3,83,90]]
[[0,0,0],[1,0,0],[0,1,0],[8,74,90]]
[[0,0,0],[1,0,0],[0,1,0],[26,23,90]]
[[0,0,0],[1,0,0],[0,1,0],[5,38,90]]
[[0,0,0],[1,0,0],[0,1,0],[32,1,90]]
[[0,0,0],[1,0,0],[0,1,0],[9,1,90]]
[[0,0,0],[1,0,0],[1,3,0],[13,3,30]]
[[0,0,0],[1,0,0],[1,3,0],[11,18,30]]
[[0,0,0],[1,0,0],[0,2,0],[6,35,45]]
[[0,0,0],[1,0,0],[0,1,0],[3,16,90]]
[[0,0,0],[1,0,0],[0,1,0],[4,67,90]]
[[0,0,0],[1,0,0],[0,1,0],[48,3,90]]
[[0,0,0],[1,0,0],[0,1,0],[80,21,90]]
[[0,0,0],[1,0,0],[0,1,0],[2,14,90]]
[[0,0,0],[1,0,0],[1,2,0],[28,21,45]]
[[0,0,0],[2,0,0],[0,1,0],[6,37,45]]
[[0,0,0],[1,0,0],[0,1,0],[6,49,90]]
[[0,0,0],[1,0,0],[1,2,0],[6,21,45]]
[[0,0,0],[1,0,0],[0,1,0],[10,31,90]]
[[0,0,0],[1,0,0],[0,1,0],[38,38,90]]
[[0,0,0],[1,0,0],[0,1,0],[35,68,90]]
[[0,0,0],[1,0,0],[0,1,0],[36,19,90]]
[[0,0,0],[3,0,0],[0,1,0],[6,19,30]]
[[0,0,0],[1,0,0],[0,1,0],[51,67,90]]
[[0,0,0],[1,0,0],[0,1,0],[2,19,90]]
[[0,0,0],[1,0,0],[1,3,0],[25,5,30]]
[[0,0,0],[2,0,0],[0,1,0],[9,4,45]]
[[0,0,0],[1,0,0],[0,1,0],[40,69,90]]
[[0,0,0],[1,0,0],[0,1,0],[9,64,90]]
[[0,0,0],[1,0,0],[0,1,0],[38,74,90]]
[[0,0,0],[1,0,0],[1,2,0],[43,21,45]]
[[0,0,0],[1,0,0],[0,1,0],[2,26,90]]
[[0,0,0],[1,0,0],[0,1,0],[33,23,90]]
[[0,0,0],[1,0,0],[0,1,0],[34,89,90]]
[[0,0,0],[1,0,0],[0,1,0],[39,46,90]]
[[0,0,0],[1,0,0],[1,2,0],[21,21,45]]
[[0,0,0],[1,0,0],[0,1,0],[40,66,90]]
[[0,0,0],[1,0,0],[0,1,0],[42,69,90]]
[[0,0,0],[1,0,0],[1,2,0],[6,39,45]]
[[0,0,0],[1,0,0],[0,1,0],[3,79,90]]
[[0,0,0],[2,0,0],[0,1,0],[10,32,45]]
[[0,0,0],[1,0,0],[0,3,0],[27,12,30]]
[[0,0,0],[1,0,0],[0,1,0],[78,28,90]]
[[0,0,0],[1,0,0],[0,1,0],[8,38,90]]
[[0,0,0],[1,0,0],[0,1,0],[6,67,90]]
[[0,0,0],[1,0,0],[0,1,0],[44,41,90]]
[[0,0,0],[1,0,0],[0,3,0],[29,9,30]]
[[0,0,0],[1,0,0],[0,1,0],[12,25,90]]
[[0,0,0],[1,0,0],[0,1,0],[2,7,90]]
[[0,0,0],[1,0,0],[0,1,0],[32,64,90]]
[[0,0,0],[1,0,0],[0,1,0],[85,21,90]]
[[0,0,0],[1,0,0],[1,2,0],[26,25,45]]
[[0,0,0],[1,0,0],[0,1,0],[28,89,90]]
[[0,0,0],[1,0,0],[0,1,0],[6,85,90]]
[[0,0,0],[1,0,0],[1,2,0],[22,39,45]]
[[0,0,0],[1,0,0],[2,3,0],[14,3,30]]
[[0,0,0],[1,0,0],[0,1,0],[30,16,90]]
[[0,0,0],[1,0,0],[0,1,0],[20,31,90]]
[[0,0,0],[1,0,0],[0,2,0],[40,42,45]]
[[0,0,0],[1,0,0],[0,1,0],[62,89,90]]
[[0,0,0],[1,0,0],[0,1,0],[63,48,90]]
[[0,0,0],[1,0,0],[0,3,0],[7,21,30]]
[[0,0,0],[1,0,0],[0,1,0],[8,8,90]]
[[0,0,0],[1,0,0],[0,1,0],[28,67,90]]
[[0,0,0],[2,0,0],[0,1,0],[5,26,45]]
[[0,0,0],[1,0,0],[0,1,0],[62,77,90]]
[[0,0,0],[1,0,0],[0,1,0],[8,37,90]]
[[0,0,0],[1,0,0],[0,1,0],[44,7,90]]
[[0,0,0],[1,0,0],[0,1,0],[72,64,90]]
[[0,0,0],[1,0,0],[0,1,0],[26,38,90]]
[[0,0,0],[1,0,0],[0,1,0],[7,7,90]]
[[0,0,0],[1,0,0],[0,1,0],[11,41,90]]
[[0,0,0],[1,0,0],[0,1,0],[81,85,90]]
[[0,0,0],[1,0,0],[0,1,0],[32,89,90]]
[[0,0,0],[1,0,0],[0,1,0],[34,79,90]]
[[0,0,0],[1,0,0],[0,1,0],[14,47,90]]
[[0,0,0],[2,0,0],[0,1,0],[3,4,45]]
[[0,0,0],[1,0,0],[0,1,0],[5,16,90]]
[[0,0,0],[1,0,0],[0,1,0],[32,86,90]]
[[0,0,0],[1,0,0],[0,1,0],[50,59,90]]
[[0,0,0],[1,0,0],[0,1,0],[44,11,90]]
[[0,0,0],[1,0,0],[0,1,0],[1,17,90]]
[[0,0,0],[1,0,0],[0,1,0],[24,57,90]]
[[0,0,0],[2,0,0],[0,1,0],[3,13,45]]
[[0,0,0],[1,0,0],[0,3,0],[11,9,30]]
[[0,0,0],[1,0,0],[0,1,0],[69,82,90]]
[[0,0,0],[1,0,0],[0,1,0],[65,89,90]]
[[0,0,0],[1,0,0],[0,1,0],[22,1,90]]
[[0,0,0],[1,0,0],[1,2,0],[10,10,45]]
[[0,0,0],[1,0,0],[0,1,0],[50,41,90]]
[[0,0,0],[1,0,0],[0,1,0],[4,19,90]]
[[0,0,0],[1,0,0],[0,1,0],[16,11,90]]
[[0,0,0],[1,0,0],[1,3,0],[4,21,30]]
[[0,0,0],[1,0,0],[0,1,0],[7,59,90]]
[[0,0,0],[1,0,0],[1,3,0],[10,3,30]]
[[0,0,0],[1,0,0],[0,1,0],[42,22,90]]
[[0,0,0],[1,0,0],[0,1,0],[21,64,90]]
[[0,0,0],[2,0,0],[0,1,0],[6,8,45]]
[[0,0,0],[1,0,0],[0,3,0],[28,9,30]]
[[0,0,0],[1,0,0],[0,1,0],[52,29,90]]
[[0,0,0],[2,0,0],[0,1,0],[9,1,45]]
[[0,0,0],[2,0,0],[0,1,0],[25,26,45]]
[[0,0,0],[1,0,0],[0,1,0],[33,28,90]]
[[0,0,0],[1,0,0],[0,2,0],[10,27,45]]
[[0,0,0],[1,0,0],[0,1,0],[12,64,90]]
[[0,0,0],[1,0,0],[0,1,0],[23,79,90]]
[[0,0,0],[1,0,0],[0,1,0],[35,62,90]]
[[0,0,0],[1,0,0],[1,3,0],[7,6,30]]
[[0,0,0],[1,0,0],[1,6,0],[10,0,15]]
[[0,0,0],[1,0,0],[0,3,0],[6,15,30]]
[[0,0,0],[1,0,0],[0,1,0],[15,46,90]]
[[0,0,0],[1,0,0],[0,1,0],[33,64,90]]
[[0,0,0],[1,0,0],[0,1,0],[20,81,90]]
[[0,0,0],[1,0,0],[0,1,0],[20,89,90]]
[[0,0,0],[1,0,0],[0,1,0],[38,89,90]]
[[0,0,0],[1,0,0],[0,1,0],[35,38,90]]
[[0,0,0],[1,0,0],[0,1,0],[14,31,90]]
[[0,0,0],[1,0,0],[0,1,0],[18,19,90]]
[[0,0,0],[1,0,0],[0,1,0],[23,31,90]]
[[0,0,0],[1,0,0],[0,1,0],[5,26,90]]
[[0,0,0],[1,0,0],[0,1,0],[33,82,90]]
[[0,0,0],[1,0,0],[0,1,0],[32,47,90]]
[[0,0,0],[2,0,0],[0,1,0],[18,22,45]]
[[0,0,0],[1,0,0],[0,1,0],[74,82,90]]
[[0,0,0],[1,0,0],[0,1,0],[26,74,90]]
[[0,0,0],[1,0,0],[0,1,0],[2,71,90]]
[[0,0,0],[1,0,0],[0,1,0],[34,77,90]]
[[0,0,0],[1,0,0],[0,1,0],[27,4,90]]
[[0,0,0],[1,0,0],[0,1,0],[38,1,90]]
[[0,0,0],[1,0,0],[0,1,0],[57,88,90]]
[[0,0,0],[1,0,0],[1,2,0],[13,21,45]]
[[0,0,0],[1,0,0],[0,1,0],[87,64,90]]
[[0,0,0],[1,0,0],[0,3,0],[8,24,30]]
[[0,0,0],[1,0,0],[0,1,0],[48,55,90]]
[[0,0,0],[1,0,0],[0,1,0],[3,33,90]]
[[0,0,0],[1,0,0],[0,1,0],[4,17,90]]
[[0,0,0],[1,0,0],[0,1,0],[22,13,90]]
[[0,0,0],[1,0,0],[0,1,0],[51,34,90]]
[[0,0,0],[1,0,0],[0,1,0],[87,74,90]]
[[0,0,0],[1,0,0],[0,1,0],[4,89,90]]
[[0,0,0],[1,0,0],[0,1,0],[12,16,90]]
[[0,0,0],[1,0,0],[0,1,0],[42,4,90]]
[[0,0,0],[2,0,0],[0,1,0],[15,16,45]]
[[0,0,0],[1,0,0],[0,1,0],[17,31,90]]
[[0,0,0],[1,0,0],[0,1,0],[75,70,90]]
[[0,0,0],[1,0,0],[1,3,0],[28,27,30]]
[[0,0,0],[1,0,0],[0,1,0],[2,29,90]]
[[0,0,0],[1,0,0],[0,1,0],[80,65,90]]
[[0,0,0],[1,0,0],[0,1,0],[8,58,90]]
[[0,0,0],[1,0,0],[0,1,0],[65,76,90]]
[[0,0,0],[1,0,0],[0,1,0],[14,74,90]]
[[0,0,0],[1,0,0],[0,1,0],[40,87,90]]
[[0,0,0],[1,0,0],[0,1,0],[11,23,90]]
[[0,0,0],[1,0,0],[1,2,0],[36,9,45]]
[[0,0,0],[1,0,0],[0,1,0],[9,28,90]]
[[0,0,0],[1,0,0],[0,1,0],[75,46,90]]
[[0,0,0],[1,0,0],[0,1,0],[84,52,90]]
[[0,0,0],[3,0,0],[0,1,0],[12,17,30]]
[[0,0,0],[1,0,0],[0,3,0],[3,9,30]]
[[0,0,0],[1,0,0],[0,1,0],[37,79,90]]
[[0,0,0],[1,0,0],[0,1,0],[85,51,90]]
[[0,0,0],[1,0,0],[0,1,0],[23,77,90]]
[[0,0,0],[1,0,0],[0,1,0],[78,3,90]]
[[0,0,0],[1,0,0],[1,3,0],[19,12,30]]
[[0,0,0],[1,0,0],[0,1,0],[24,37,90]]
[[0,0,0],[1,0,0],[0,1,0],[57,64,90]]
[[0,0,0],[1,0,0],[0,1,0],[16,59,90]]
[[0,0,0],[1,0,0],[0,1,0],[6,19,90]]
[[0,0,0],[1,0,0],[0,1,0],[27,46,90]]
[[0,0,0],[1,0,0],[0,1,0],[39,87,90]]
[[0,0,0],[1,0,0],[0,1,0],[1,23,90]]
[[0,0,0],[1,0,0],[1,2,0],[37,39,45]]
[[0,0,0],[1,0,0],[0,1,0],[9,67,90]]
[[0,0,0],[1,0,0],[0,1,0],[70,39,90]]
[[0,0,0],[1,0,0],[0,1,0],[15,16,90]]
[[0,0,0],[1,0,0],[0,1,0],[26,67,90]]
[[0,0,0],[1,0,0],[0,1,0],[15,31,90]]
[[0,0,0],[1,0,0],[0,1,0],[2,83,90]]
[[0,0,0],[1,0,0],[0,1,0],[57,7,90]]
[[0,0,0],[1,0,0],[1,2,0],[26,12,45]]
[[0,0,0],[2,0,0],[0,3,0],[5,3,15]]
[[0,0,0],[1,0,0],[0,1,0],[69,4,90]]
[[0,0,0],[1,0,0],[2,3,0],[24,24,30]]
[[0,0,0],[1,0,0],[0,1,0],[85,16,90]]
[[0,0,0],[1,0,0],[0,1,0],[15,76,90]]
[[0,0,0],[1,0,0],[0,1,0],[24,31,90]]
[[0,0,0],[1,0,0],[0,1,0],[70,51,90]]
[[0,0,0],[1,0,0],[0,1,0],[39,61,90]]
[[0,0,0],[1,0,0],[1,3,0],[16,3,30]]
[[0,0,0],[1,0,0],[0,1,0],[33,73,90]]
[[0,0,0],[1,0,0],[0,5,0],[10,9,18]]
[[0,0,0],[1,0,0],[0,1,0],[3,22,90]]
[[0,0,0],[1,0,0],[0,1,0],[32,83,90]]
[[0,0,0],[3,0,0],[0,1,0],[0,11,30]]
[[0,0,0],[1,0,0],[0,3,0],[1,3,30]]
[[0,0,0],[1,0,0],[0,1,0],[32,44,90]]
[[0,0,0],[1,0,0],[0,1,0],[58,68,90]]
[[0,0,0],[1,0,0],[0,1,0],[2,59,90]]
[[0,0,0],[1,0,0],[1,2,0],[36,36,45]]
[[0,0,0],[1,0,0],[0,1,0],[30,31,90]]
[[0,0,0],[1,0,0],[0,1,0],[5,23,90]]
[[0,0,0],[1,0,0],[0,3,0],[4,3,30]]
[[0,0,0],[1,0,0],[0,1,0],[78,58,90]]
[[0,0,0],[1,0,0],[0,1,0],[5,86,90]]
[[0,0,0],[1,0,0],[0,1,0],[2,34,90]]
[[0,0,0],[2,0,0],[2,3,0],[2,3,15]]
[[0,0,0],[1,0,0],[0,1,0],[20,51,90]]
[[0,0,0],[1,0,0],[0,1,0],[5,21,90]]
[[0,0,0],[1,0,0],[1,2,0],[36,33,45]]
[[0,0,0],[1,0,0],[1,2,0],[41,12,45]]
[[0,0,0],[1,0,0],[0,1,0],[48,52,90]]
[[0,0,0],[1,0,0],[0,1,0],[78,43,90]]
[[0,0,0],[1,0,0],[0,1,0],[16,53,90]]
[[0,0,0],[2,0,0],[0,1,0],[24,19,45]]
[[0,0,0],[1,0,0],[0,1,0],[35,32,90]]
[[0,0,0],[1,0,0],[1,2,0],[4,33,45]]
[[0,0,0],[1,0,0],[0,1,0],[5,51,90]]
[[0,0,0],[1,0,0],[0,1,0],[48,83,90]]
[[0,0,0],[1,0,0],[0,1,0],[1,1,90]]
[[0,0,0],[1,0,0],[0,1,0],[63,46,90]]
[[0,0,0],[1,0,0],[0,1,0],[48,85,90]]
[[0,0,0],[2,0,0],[0,1,0],[6,16,45]]
[[0,0,0],[1,0,0],[0,1,0],[5,14,90]]
[[0,0,0],[1,0,0],[1,2,0],[1,20,45]]
[[0,0,0],[1,0,0],[0,1,0],[50,23,90]]
[[0,0,0],[1,0,0],[0,1,0],[8,89,90]]
[[0,0,0],[1,0,0],[0,1,0],[52,74,90]]
[[0,0,0],[1,0,0],[0,1,0],[6,76,90]]
[[0,0,0],[1,0,0],[2,3,0],[20,27,30]]
[[0,0,0],[1,0,0],[1,2,0],[28,20,45]]
[[0,0,0],[1,0,0],[0,3,0],[7,3,30]]
[[0,0,0],[1,0,0],[0,1,0],[45,46,90]]
[[0,0,0],[2,0,0],[0,1,0],[12,7,45]]
[[0,0,0],[1,0,0],[0,1,0],[15,58,90]]
[[0,0,0],[1,0,0],[1,2,0],[25,10,45]]
[[0,0,0],[1,0,0],[0,3,0],[26,25,30]]
[[0,0,0],[1,0,0],[0,1,0],[9,32,90]]
[[0,0,0],[1,0,0],[0,1,0],[24,52,90]]
[[0,0,0],[1,0,0],[0,1,0],[32,32,90]]
[[0,0,0],[1,0,0],[0,1,0],[22,19,90]]
[[0,0,0],[1,0,0],[0,1,0],[3,82,90]]
[[0,0,0],[1,0,0],[1,3,0],[11,9,30]]
[[0,0,0],[1,0,0],[0,1,0],[6,4,90]]
[[0,0,0],[1,0,0],[0,2,0],[25,27,45]]
[[0,0,0],[1,0,0],[0,1,0],[56,56,90]]
[[0,0,0],[1,0,0],[0,1,0],[87,58,90]]
[[0,0,0],[1,0,0],[0,1,0],[4,22,90]]
[[0,0,0],[1,0,0],[0,1,0],[12,39,90]]
[[0,0,0],[1,0,0],[0,1,0],[56,61,90]]
[[0,0,0],[1,0,0],[0,1,0],[57,74,90]]
[[0,0,0],[2,0,0],[0,1,0],[21,37,45]]
[[0,0,0],[1,0,0],[0,1,0],[28,71,90]]
[[0,0,0],[1,0,0],[0,1,0],[22,34,90]]
[[0,0,0],[1,0,0],[0,1,0],[10,11,90]]
[[0,0,0],[2,0,0],[0,1,0],[3,7,45]]
[[0,0,0],[2,0,0],[0,1,0],[3,22,45]]
[[0,0,0],[1,0,0],[0,1,0],[66,16,90]]
[[0,0,0],[1,0,0],[0,3,0],[2,12,30]]
[[0,0,0],[1,0,0],[2,3,0],[2,3,30]]
[[0,0,0],[1,0,0],[0,1,0],[24,77,90]]
[[0,0,0],[1,0,0],[1,2,0],[22,24,45]]
[[0,0,0],[1,0,0],[0,1,0],[25,26,90]]
[[0,0,0],[1,0,0],[0,1,0],[26,26,90]]
[[0,0,0],[1,0,0],[0,1,0],[81,19,90]]
[[0,0,0],[1,0,0],[0,1,0],[15,22,90]]
[[0,0,0],[1,0,0],[2,3,0],[7,18,30]]
[[0,0,0],[1,0,0],[0,1,0],[8,67,90]]
[[0,0,0],[2,0,0],[0,1,0],[12,4,45]]
[[0,0,0],[1,0,0],[0,1,0],[1,19,90]]
[[0,0,0],[1,0,0],[0,1,0],[57,19,90]]
[[0,0,0],[1,0,0],[0,1,0],[80,71,90]]
[[0,0,0],[1,0,0],[0,1,0],[3,46,90]]
[[0,0,0],[1,0,0],[0,1,0],[25,46,90]]
[[0,0,0],[2,0,0],[0,1,0],[10,23,45]]
[[0,0,0],[1,0,0],[0,1,0],[17,79,90]]
[[0,0,0],[3,0,0],[0,1,0],[18,19,30]]
[[0,0,0],[1,0,0],[0,1,0],[21,22,90]]
[[0,0,0],[2,0,0],[0,1,0],[39,13,45]]
[[0,0,0],[1,0,0],[0,1,0],[8,13,90]]
[[0,0,0],[1,0,0],[0,1,0],[88,88,90]]
[[0,0,0],[1,0,0],[0,3,0],[22,9,30]]
[[0,0,0],[1,0,0],[0,1,0],[6,7,90]]
[[0,0,0],[1,0,0],[0,1,0],[2,53,90]]
[[0,0,0],[3,0,0],[0,1,0],[12,19,30]]
[[0,0,0],[1,0,0],[0,1,0],[2,13,90]]
[[0,0,0],[1,0,0],[0,1,0],[87,4,90]]
[[0,0,0],[1,0,0],[0,1,0],[4,11,90]]
[[0,0,0],[1,0,0],[0,1,0],[22,64,90]]
[[0,0,0],[1,0,0],[0,1,0],[5,8,90]]
[[0,0,0],[1,0,0],[0,1,0],[35,1,90]]
[[0,0,0],[1,0,0],[0,1,0],[55,86,90]]
[[0,0,0],[1,0,0],[0,1,0],[4,47,90]]
[[0,0,0],[1,0,0],[0,1,0],[22,44,90]]
[[0,0,0],[1,0,0],[2,3,0],[2,9,30]]
[[0,0,0],[1,0,0],[1,2,0],[16,42,45]]
[[0,0,0],[1,0,0],[0,1,0],[3,1,90]]
[[0,0,0],[1,0,0],[0,1,0],[26,83,90]]
[[0,0,0],[1,0,0],[0,1,0],[12,34,90]]
[[0,0,0],[1,0,0],[0,1,0],[4,13,90]]
[[0,0,0],[1,0,0],[0,1,0],[75,16,90]]
[[0,0,0],[1,0,0],[0,1,0],[39,16,90]]
[[0,0,0],[1,0,0],[0,1,0],[15,1,90]]
[[0,0,0],[1,0,0],[0,1,0],[26,31,90]]
[[0,0,0],[1,0,0],[0,1,0],[26,29,90]]
[[0,0,0],[2,0,0],[0,1,0],[10,31,45]]
[[0,0,0],[1,0,0],[0,1,0],[27,14,90]]
[[0,0,0],[1,0,0],[1,2,0],[40,10,45]]
[[0,0,0],[1,0,0],[0,3,0],[12,27,30]]
[[0,0,0],[1,0,0],[0,1,0],[21,88,90]]
[[0,0,0],[1,0,0],[2,3,0],[8,3,30]]
[[0,0,0],[2,0,0],[0,1,0],[5,16,45]]
[[0,0,0],[1,0,0],[1,2,0],[6,24,45]]
[[0,0,0],[1,0,0],[0,1,0],[87,52,90]]
[[0,0,0],[2,0,0],[0,1,0],[5,1,45]]
[[0,0,0],[1,0,0],[0,1,0],[14,11,90]]
[[0,0,0],[5,0,0],[0,1,0],[6,13,18]]
[[0,0,0],[1,0,0],[0,1,0],[35,8,90]]
[[0,0,0],[1,0,0],[1,2,0],[21,33,45]]
[[0,0,0],[1,0,0],[0,2,0],[12,5,45]]
[[0,0,0],[1,0,0],[0,3,0],[26,5,30]]
[[0,0,0],[1,0,0],[0,1,0],[32,7,90]]
[[0,0,0],[1,0,0],[0,1,0],[9,7,90]]
[[0,0,0],[1,0,0],[0,1,0],[42,76,90]]
[[0,0,0],[2,0,0],[0,1,0],[6,22,45]]
[[0,0,0],[1,0,0],[0,1,0],[6,31,90]]
[[0,0,0],[1,0,0],[0,1,0],[65,32,90]]
[[0,0,0],[2,0,0],[0,1,0],[3,37,45]]
[[0,0,0],[1,0,0],[0,1,0],[40,6,90]]
[[0,0,0],[1,0,0],[0,1,0],[12,7,90]]
[[0,0,0],[1,0,0],[0,1,0],[42,55,90]]
[[0,0,0],[1,0,0],[1,2,0],[36,3,45]]
[[0,0,0],[1,0,0],[0,1,0],[21,4,90]]
[[0,0,0],[1,0,0],[0,1,0],[39,52,90]]
[[0,0,0],[2,0,0],[0,1,0],[24,44,45]]
[[0,0,0],[1,0,0],[0,1,0],[85,87,90]]
[[0,0,0],[3,0,0],[0,1,0],[5,11,30]]
[[0,0,0],[1,0,0],[0,1,0],[57,46,90]]
[[0,0,0],[2,0,0],[0,1,0],[12,19,45]]
[[0,0,0],[1,0,0],[2,3,0],[20,12,30]]
[[0,0,0],[1,0,0],[0,1,0],[65,74,90]]
[[0,0,0],[1,0,0],[0,1,0],[65,56,90]]
[[0,0,0],[1,0,0],[0,1,0],[11,17,90]]
[[0,0,0],[3,0,0],[0,1,0],[10,21,30]]
[[0,0,0],[3,0,0],[0,1,0],[5,1,30]]
[[0,0,0],[1,0,0],[0,3,0],[28,24,30]]
[[0,0,0],[1,0,0],[0,1,0],[87,16,90]]
[[0,0,0],[1,0,0],[0,1,0],[38,58,90]]
[[0,0,0],[2,0,0],[0,1,0],[21,31,45]]
[[0,0,0],[1,0,0],[0,1,0],[30,1,90]]
[[0,0,0],[1,0,0],[0,1,0],[77,77,90]]
[[0,0,0],[1,0,0],[1,3,0],[22,12,30]]
[[0,0,0],[1,0,0],[0,1,0],[44,44,90]]
[[0,0,0],[1,0,0],[0,1,0],[57,14,90]]
[[0,0,0],[2,0,0],[0,1,0],[21,22,45]]
[[0,0,0],[1,0,0],[0,1,0],[2,8,90]]
[[0,0,0],[1,0,0],[1,3,0],[16,6,30]]
[[0,0,0],[1,0,0],[0,1,0],[44,82,90]]
[[0,0,0],[1,0,0],[0,1,0],[25,39,90]]
[[0,0,0],[1,0,0],[1,3,0],[13,21,30]]
[[0,0,0],[1,0,0],[0,1,0],[21,79,90]]
[[0,0,0],[1,0,0],[0,1,0],[4,32,90]]
[[0,0,0],[1,0,0],[0,1,0],[81,55,90]]
[[0,0,0],[1,0,0],[0,1,0],[57,76,90]]
[[0,0,0],[1,0,0],[0,1,0],[10,9,90]]
[[0,0,0],[1,0,0],[0,2,0],[21,20,45]]
[[0,0,0],[1,0,0],[0,1,0],[17,77,90]]
[[0,0,0],[1,0,0],[1,3,0],[7,27,30]]
[[0,0,0],[1,0,0],[0,1,0],[14,53,90]]
[[0,0,0],[1,0,0],[0,1,0],[14,82,90]]
[[0,0,0],[1,0,0],[0,3,0],[8,9,30]]
[[0,0,0],[1,0,0],[0,1,0],[12,19,90]]
[[0,0,0],[1,0,0],[0,1,0],[87,89,90]]
[[0,0,0],[3,0,0],[0,1,0],[0,21,30]]
[[0,0,0],[1,0,0],[0,1,0],[23,73,90]]
[[0,0,0],[1,0,0],[0,1,0],[66,43,90]]
[[0,0,0],[1,0,0],[0,1,0],[57,49,90]]
[[0,0,0],[1,0,0],[0,3,0],[5,3,30]]
[[0,0,0],[1,0,0],[0,1,0],[8,86,90]]
[[0,0,0],[1,0,0],[0,1,0],[22,89,90]]
[[0,0,0],[1,0,0],[0,1,0],[21,13,90]]
[[0,0,0],[1,0,0],[0,1,0],[26,19,90]]
[[0,0,0],[1,0,0],[0,1,0],[30,61,90]]
[[0,0,0],[5,0,0],[0,1,0],[9,1,18]]
[[0,0,0],[1,0,0],[0,3,0],[16,25,30]]
[[0,0,0],[1,0,0],[0,1,0],[21,16,90]]
[[0,0,0],[1,0,0],[0,1,0],[40,71,90]]
[[0,0,0],[1,0,0],[0,1,0],[20,21,90]]
[[0,0,0],[1,0,0],[0,1,0],[33,8,90]]
[[0,0,0],[1,0,0],[0,1,0],[42,31,90]]
[[0,0,0],[1,0,0],[0,1,0],[16,49,90]]
[[0,0,0],[1,0,0],[0,1,0],[14,23,90]]
[[0,0,0],[1,0,0],[0,1,0],[4,82,90]]
[[0,0,0],[1,0,0],[0,1,0],[70,6,90]]
[[0,0,0],[1,0,0],[0,1,0],[48,25,90]]
[[0,0,0],[1,0,0],[0,1,0],[11,11,90]]
[[0,0,0],[1,0,0],[0,3,0],[5,18,30]]
[[0,0,0],[1,0,0],[0,1,0],[9,62,90]]
[[0,0,0],[2,0,0],[0,1,0],[10,1,45]]
[[0,0,0],[1,0,0],[0,1,0],[35,26,90]]
[[0,0,0],[1,0,0],[0,1,0],[25,57,90]]
[[0,0,0],[1,0,0],[0,1,0],[3,73,90]]
[[0,0,0],[1,0,0],[0,1,0],[26,32,90]]
[[0,0,0],[1,0,0],[0,1,0],[57,79,90]]
[[0,0,0],[1,0,0],[0,1,0],[16,23,90]]
[[0,0,0],[1,0,0],[0,1,0],[20,26,90]]
[[0,0,0],[1,0,0],[0,1,0],[32,68,90]]
[[0,0,0],[1,0,0],[0,1,0],[81,28,90]]
[[0,0,0],[1,0,0],[0,1,0],[39,43,90]]
[[0,0,0],[1,0,0],[1,2,0],[19,33,45]]
[[0,0,0],[1,0,0],[0,1,0],[9,52,90]]
[[0,0,0],[1,0,0],[0,1,0],[87,76,90]]
[[0,0,0],[1,0,0],[0,1,0],[34,1,90]]
[[0,0,0],[1,0,0],[0,1,0],[20,41,90]]
[[0,0,0],[1,0,0],[0,1,0],[8,62,90]]
[[0,0,0],[1,0,0],[0,1,0],[8,28,90]]
[[0,0,0],[1,0,0],[0,1,0],[24,87,90]]
[[0,0,0],[1,0,0],[0,1,0],[75,76,90]]
[[0,0,0],[2,0,0],[0,1,0],[15,31,45]]
[[0,0,0],[1,0,0],[1,3,0],[28,6,30]]
[[0,0,0],[1,0,0],[0,1,0],[32,74,90]]
[[0,0,0],[1,0,0],[0,1,0],[63,8,90]]
[[0,0,0],[1,0,0],[0,1,0],[10,27,90]]
[[0,0,0],[1,0,0],[0,1,0],[5,1,90]]
[[0,0,0],[1,0,0],[0,1,0],[57,29,90]]
[[0,0,0],[1,0,0],[0,1,0],[18,1,90]]
[[0,0,0],[1,0,0],[0,1,0],[9,19,90]]
[[0,0,0],[1,0,0],[0,1,0],[26,86,90]]
[[0,0,0],[1,0,0],[0,1,0],[5,11,90]]
[[0,0,0],[1,0,0],[0,1,0],[26,79,90]]
[[0,0,0],[1,0,0],[0,1,0],[38,56,90]]
[[0,0,0],[1,0,0],[0,1,0],[11,19,90]]
[[0,0,0],[1,0,0],[0,1,0],[69,2,90]]
[[0,0,0],[1,0,0],[1,2,0],[19,3,45]]
[[0,0,0],[1,0,0],[0,1,0],[51,88,90]]
[[0,0,0],[1,0,0],[1,2,0],[36,6,45]]
[[0,0,0],[1,0,0],[0,1,0],[27,74,90]]
[[0,0,0],[1,0,0],[0,1,0],[51,52,90]]
[[0,0,0],[1,0,0],[0,1,0],[35,46,90]]
[[0,0,0],[1,0,0],[1,2,0],[40,40,45]]
[[0,0,0],[1,0,0],[0,1,0],[3,61,90]]
[[0,0,0],[1,0,0],[1,3,0],[1,3,30]]
[[0,0,0],[1,0,0],[0,1,0],[65,16,90]]
[[0,0,0],[1,0,0],[0,1,0],[65,38,90]]
[[0,0,0],[1,0,0],[0,1,0],[0,1,90]]
[[0,0,0],[1,0,0],[0,1,0],[68,68,90]]
[[0,0,0],[1,0,0],[0,1,0],[40,51,90]]
[[0,0,0],[1,0,0],[0,1,0],[14,14,90]]
[[0,0,0],[1,0,0],[0,1,0],[27,19,90]]
[[0,0,0],[1,0,0],[1,2,0],[4,3,45]]
[[0,0,0],[1,0,0],[0,1,0],[40,1,90]]
[[0,0,0],[1,0,0],[0,1,0],[2,64,90]]
[[0,0,0],[1,0,0],[0,1,0],[68,88,90]]
[[0,0,0],[1,0,0],[0,1,0],[26,47,90]]
[[0,0,0],[1,0,0],[0,1,0],[3,49,90]]
[[0,0,0],[1,0,0],[0,1,0],[19,29,90]]
[[0,0,0],[1,0,0],[0,1,0],[14,71,90]]
[[0,0,0],[1,0,0],[0,1,0],[7,29,90]]
[[0,0,0],[1,0,0],[0,1,0],[65,8,90]]
[[0,0,0],[1,0,0],[0,1,0],[42,1,90]]
[[0,0,0],[3,0,0],[0,1,0],[15,21,30]]
[[0,0,0],[6,0,0],[0,1,0],[0,1,15]]
[[0,0,0],[1,0,0],[0,1,0],[14,49,90]]
[[0,0,0],[1,0,0],[0,1,0],[10,63,90]]
[[0,0,0],[1,0,0],[0,1,0],[18,37,90]]
[[0,0,0],[1,0,0],[0,1,0],[9,82,90]]
[[0,0,0],[1,0,0],[0,1,0],[69,58,90]]
[[0,0,0],[1,0,0],[0,1,0],[38,53,90]]
[[0,0,0],[1,0,0],[1,2,0],[6,3,45]]
[[0,0,0],[1,0,0],[0,1,0],[39,13,90]]
[[0,0,0],[1,0,0],[0,1,0],[17,59,90]]
[[0,0,0],[1,0,0],[0,1,0],[8,83,90]]
[[0,0,0],[1,0,0],[0,1,0],[80,56,90]]
[[0,0,0],[1,0,0],[0,1,0],[24,76,90]]
