[[0,0,0],[1,0,0],[0,1,0],[56,14,92]]
[[0,0,0],[1,0,0],[0,2,0],[7,40,46]]
[[0,0,0],[1,0,0],[0,1,0],[38,31,92]]
[[0,0,0],[1,0,0],[0,1,0],[44,72,92]]
[[0,0,0],[1,0,0],[0,1,0],[14,15,92]]
[[0,0,0],[1,0,0],[0,1,0],[11,35,92]]
[[0,0,0],[1,0,0],[0,1,0],[12,49,92]]
[[0,0,0],[1,0,0],[0,1,0],[26,59,92]]
[[0,0,0],[1,0,0],[0,1,0],[10,3,92]]
[[0,0,0],[1,0,0],[1,2,0],[1,4,46]]
[[0,0,0],[1,0,0],[0,1,0],[40,89,92]]
[[0,0,0],[1,0,0],[0,1,0],[18,33,92]]
[[0,0,0],[1,0,0],[0,1,0],[6,1,92]]
[[0,0,0],[1,0,0],[0,1,0],[20,49,92]]
[[0,0,0],[1,0,0],[0,1,0],[26,87,92]]
[[0,0,0],[1,0,0],[0,1,0],[22,83,92]]
[[0,0,0],[1,0,0],[0,1,0],[20,33,92]]
[[0,0,0],[1,0,0],[0,1,0],[2,33,92]]
[[0,0,0],[1,0,0],[0,1,0],[9,61,92]]
[[0,0,0],[1,0,0],[0,2,0],[17,2,46]]
[[0,0,0],[1,0,0],[0,2,0],[3,12,46]]
[[0,0,0],[1,0,0],[0,1,0],[12,37,92]]
[[0,0,0],[1,0,0],[0,1,0],[9,27,92]]
[[0,0,0],[1,0,0],[0,1,0],[21,73,92]]
[[0,0,0],[1,0,0],[0,1,0],[2,61,92]]
[[0,0,0],[1,0,0],[0,1,0],[5,25,92]]
[[0,0,0],[1,0,0],[0,1,0],[64,6,92]]
[[0,0,0],[1,0,0],[0,1,0],[12,29,92]]
[[0,0,0],[1,0,0],[1,2,0],[3,2,46]]
[[0,0,0],[1,0,0],[0,2,0],[3,20,46]]
[[0,0,0],[1,0,0],[0,1,0],[10,89,92]]
[[0,0,0],[1,0,0],[0,1,0],[8,49,92]]
[[0,0,0],[1,0,0],[0,1,0],[42,91,92]]
[[0,0,0],[1,0,0],[0,1,0],[11,13,92]]
[[0,0,0],[1,0,0],[0,1,0],[6,55,92]]
[[0,0,0],[1,0,0],[0,1,0],[50,71,92]]
[[0,0,0],[1,0,0],[0,1,0],[48,91,92]]
[[0,0,0],[1,0,0],[1,2,0],[25,24,46]]
[[0,0,0],[1,0,0],[0,1,0],[54,55,92]]
[[0,0,0],[1,0,0],[0,1,0],[1,3,92]]
[[0,0,0],[1,0,0],[1,2,0],[7,30,46]]
[[0,0,0],[1,0,0],[0,1,0],[54,45,92]]
[[0,0,0],[1,0,0],[0,1,0],[8,9,92]]
[[0,0,0],[1,0,0],[0,2,0],[1,2,46]]
[[0,0,0],[1,0,0],[0,1,0],[16,25,92]]
[[0,0,0],[1,0,0],[0,1,0],[6,59,92]]
[[0,0,0],[1,0,0],[0,1,0],[66,71,92]]
[[0,0,0],[1,0,0],[0,1,0],[14,29,92]]
[[0,0,0],[1,0,0],[0,1,0],[26,1,92]]
[[0,0,0],[1,0,0],[0,2,0],[3,10,46]]
[[0,0,0],[1,0,0],[0,1,0],[54,62,92]]
[[0,0,0],[1,0,0],[1,2,0],[17,16,46]]
[[0,0,0],[1,0,0],[0,1,0],[7,87,92]]
[[0,0,0],[1,0,0],[0,1,0],[30,86,92]]
[[0,0,0],[1,0,0],[0,1,0],[32,17,92]]
[[0,0,0],[1,0,0],[0,1,0],[7,11,92]]
[[0,0,0],[1,0,0],[1,2,0],[7,18,46]]
[[0,0,0],[1,0,0],[0,1,0],[14,61,92]]
[[0,0,0],[1,0,0],[0,1,0],[17,53,92]]
[[0,0,0],[1,0,0],[0,1,0],[2,1,92]]
[[0,0,0],[1,0,0],[0,1,0],[8,29,92]]
[[0,0,0],[1,0,0],[0,1,0],[10,21,92]]
[[0,0,0],[1,0,0],[1,2,0],[11,34,46]]
[[0,0,0],[1,0,0],[0,1,0],[82,75,92]]
[[0,0,0],[1,0,0],[0,1,0],[34,19,92]]
[[0,0,0],[1,0,0],[0,1,0],[26,91,92]]
[[0,0,0],[1,0,0],[0,1,0],[88,74,92]]
[[0,0,0],[1,0,0],[0,1,0],[8,5,92]]
[[0,0,0],[1,0,0],[0,1,0],[62,11,92]]
[[0,0,0],[1,0,0],[0,1,0],[5,33,92]]
[[0,0,0],[1,0,0],[0,2,0],[11,8,46]]
[[0,0,0],[1,0,0],[0,1,0],[48,73,92]]
[[0,0,0],[1,0,0],[0,1,0],[18,79,92]]
[[0,0,0],[1,0,0],[0,1,0],[22,49,92]]
[[0,0,0],[1,0,0],[0,1,0],[24,5,92]]
[[0,0,0],[1,0,0],[0,1,0],[7,63,92]]
[[0,0,0],[1,0,0],[0,1,0],[11,87,92]]
[[0,0,0],[1,0,0],[0,1,0],[20,53,92]]
[[0,0,0],[1,0,0],[0,1,0],[6,13,92]]
[[0,0,0],[1,0,0],[0,1,0],[42,83,92]]
[[0,0,0],[1,0,0],[0,1,0],[12,58,92]]
[[0,0,0],[1,0,0],[0,1,0],[6,39,92]]
[[0,0,0],[1,0,0],[0,1,0],[52,64,92]]
[[0,0,0],[1,0,0],[0,1,0],[3,43,92]]
[[0,0,0],[1,0,0],[0,2,0],[11,2,46]]
[[0,0,0],[1,0,0],[0,1,0],[34,63,92]]
[[0,0,0],[1,0,0],[0,1,0],[54,79,92]]
[[0,0,0],[1,0,0],[1,2,0],[9,2,46]]
[[0,0,0],[1,0,0],[0,1,0],[26,85,92]]
[[0,0,0],[1,0,0],[0,1,0],[12,85,92]]
[[0,0,0],[1,0,0],[0,1,0],[12,21,92]]
[[0,0,0],[1,0,0],[0,1,0],[6,81,92]]
[[0,0,0],[1,0,0],[0,1,0],[26,39,92]]
[[0,0,0],[1,0,0],[0,2,0],[1,4,46]]
[[0,0,0],[1,0,0],[0,1,0],[42,7,92]]
[[0,0,0],[1,0,0],[0,2,0],[7,4,46]]
[[0,0,0],[1,0,0],[0,1,0],[2,79,92]]
[[0,0,0],[1,0,0],[0,2,0],[3,16,46]]
[[0,0,0],[1,0,0],[0,1,0],[70,91,92]]
[[0,0,0],[1,0,0],[0,1,0],[2,15,92]]
[[0,0,0],[1,0,0],[0,1,0],[10,17,92]]
[[0,0,0],[1,0,0],[0,1,0],[4,85,92]]
[[0,0,0],[1,0,0],[0,1,0],[62,43,92]]
[[0,0,0],[1,0,0],[0,1,0],[25,45,92]]
[[0,0,0],[1,0,0],[0,1,0],[7,89,92]]
[[0,0,0],[1,0,0],[1,2,0],[15,12,46]]
[[0,0,0],[1,0,0],[1,2,0],[11,30,46]]
[[0,0,0],[1,0,0],[0,1,0],[4,33,92]]
[[0,0,0],[1,0,0],[0,1,0],[48,22,92]]
[[0,0,0],[1,0,0],[0,1,0],[56,53,92]]
[[0,0,0],[1,0,0],[0,1,0],[2,11,92]]
[[0,0,0],[1,0,0],[0,1,0],[44,77,92]]
[[0,0,0],[1,0,0],[0,1,0],[11,39,92]]
[[0,0,0],[1,0,0],[0,1,0],[6,29,92]]
[[0,0,0],[1,0,0],[1,2,0],[9,32,46]]
[[0,0,0],[1,0,0],[0,1,0],[9,11,92]]
[[0,0,0],[1,0,0],[0,1,0],[2,22,92]]
[[0,0,0],[1,0,0],[0,1,0],[12,1,92]]
[[0,0,0],[1,0,0],[0,1,0],[2,45,92]]
[[0,0,0],[1,0,0],[0,1,0],[70,27,92]]
[[0,0,0],[1,0,0],[0,1,0],[2,51,92]]
[[0,0,0],[1,0,0],[1,2,0],[11,8,46]]
[[0,0,0],[1,0,0],[0,1,0],[8,53,92]]
[[0,0,0],[1,0,0],[0,1,0],[2,3,92]]
[[0,0,0],[1,0,0],[1,2,0],[9,24,46]]
[[0,0,0],[1,0,0],[0,1,0],[10,13,92]]
[[0,0,0],[1,0,0],[0,1,0],[28,1,92]]
[[0,0,0],[1,0,0],[0,1,0],[12,61,92]]
[[0,0,0],[1,0,0],[0,2,0],[9,10,46]]
[[0,0,0],[1,0,0],[0,1,0],[3,45,92]]
[[0,0,0],[1,0,0],[0,1,0],[11,83,92]]
[[0,0,0],[1,0,0],[0,1,0],[6,18,92]]
[[0,0,0],[1,0,0],[0,2,0],[1,8,46]]
[[0,0,0],[1,0,0],[0,1,0],[10,43,92]]
[[0,0,0],[1,0,0],[0,1,0],[10,71,92]]
[[0,0,0],[1,0,0],[0,2,0],[18,12,46]]
[[0,0,0],[1,0,0],[1,2,0],[17,14,46]]
[[0,0,0],[1,0,0],[0,1,0],[66,11,92]]
[[0,0,0],[1,0,0],[0,1,0],[3,11,92]]
[[0,0,0],[1,0,0],[0,1,0],[10,1,92]]
[[0,0,0],[1,0,0],[0,1,0],[34,87,92]]
[[0,0,0],[1,0,0],[0,1,0],[40,77,92]]
[[0,0,0],[1,0,0],[0,1,0],[23,70,92]]
[[0,0,0],[1,0,0],[0,1,0],[26,41,92]]
[[0,0,0],[1,0,0],[1,2,0],[27,12,46]]
[[0,0,0],[1,0,0],[0,1,0],[90,91,92]]
[[0,0,0],[1,0,0],[0,1,0],[56,45,92]]
[[0,0,0],[1,0,0],[0,1,0],[15,15,92]]
[[0,0,0],[1,0,0],[0,1,0],[6,71,92]]
[[0,0,0],[1,0,0],[0,1,0],[72,90,92]]
[[0,0,0],[1,0,0],[0,1,0],[2,77,92]]
[[0,0,0],[1,0,0],[0,1,0],[26,7,92]]
[[0,0,0],[1,0,0],[0,1,0],[30,21,92]]
[[0,0,0],[1,0,0],[0,1,0],[24,45,92]]
[[0,0,0],[1,0,0],[0,1,0],[8,17,92]]
[[0,0,0],[1,0,0],[0,1,0],[5,27,92]]
[[0,0,0],[1,0,0],[0,1,0],[5,41,92]]
[[0,0,0],[1,0,0],[0,1,0],[5,39,92]]
[[0,0,0],[1,0,0],[1,2,0],[29,20,46]]
[[0,0,0],[1,0,0],[0,1,0],[26,75,92]]
[[0,0,0],[1,0,0],[0,2,0],[12,24,46]]
[[0,0,0],[1,0,0],[0,1,0],[12,53,92]]
[[0,0,0],[1,0,0],[0,1,0],[18,11,92]]
[[0,0,0],[1,0,0],[0,1,0],[20,17,92]]
[[0,0,0],[1,0,0],[0,1,0],[60,65,92]]
[[0,0,0],[2,0,0],[0,1,0],[0,1,46]]
[[0,0,0],[1,0,0],[0,1,0],[68,2,92]]
[[0,0,0],[1,0,0],[0,1,0],[86,91,92]]
[[0,0,0],[1,0,0],[0,1,0],[62,53,92]]
[[0,0,0],[1,0,0],[0,1,0],[54,73,92]]
[[0,0,0],[1,0,0],[0,1,0],[22,3,92]]
[[0,0,0],[1,0,0],[0,1,0],[9,39,92]]
[[0,0,0],[1,0,0],[0,1,0],[21,33,92]]
[[0,0,0],[1,0,0],[0,1,0],[28,29,92]]
[[0,0,0],[1,0,0],[0,1,0],[2,49,92]]
[[0,0,0],[1,0,0],[0,1,0],[5,5,92]]
[[0,0,0],[1,0,0],[0,1,0],[14,67,92]]
[[0,0,0],[1,0,0],[0,1,0],[26,89,92]]
[[0,0,0],[1,0,0],[0,1,0],[8,1,92]]
[[0,0,0],[1,0,0],[0,1,0],[22,59,92]]
[[0,0,0],[1,0,0],[0,2,0],[11,30,46]]
[[0,0,0],[1,0,0],[0,2,0],[5,12,46]]
[[0,0,0],[1,0,0],[0,2,0],[9,34,46]]
[[0,0,0],[1,0,0],[0,1,0],[10,35,92]]
[[0,0,0],[1,0,0],[0,2,0],[25,44,46]]
[[0,0,0],[1,0,0],[1,2,0],[21,14,46]]
[[0,0,0],[1,0,0],[0,2,0],[5,40,46]]
[[0,0,0],[1,0,0],[0,1,0],[10,79,92]]
[[0,0,0],[1,0,0],[0,1,0],[32,13,92]]
[[0,0,0],[1,0,0],[0,1,0],[62,87,92]]
[[0,0,0],[1,0,0],[1,2,0],[13,4,46]]
[[0,0,0],[1,0,0],[1,2,0],[3,22,46]]
[[0,0,0],[1,0,0],[0,1,0],[7,33,92]]
[[0,0,0],[1,0,0],[0,1,0],[2,73,92]]
[[0,0,0],[1,0,0],[1,2,0],[9,6,46]]
[[0,0,0],[1,0,0],[1,2,0],[1,6,46]]
[[0,0,0],[1,0,0],[0,1,0],[7,9,92]]
[[0,0,0],[1,0,0],[1,2,0],[7,4,46]]
[[0,0,0],[1,0,0],[0,1,0],[22,25,92]]
[[0,0,0],[1,0,0],[0,1,0],[16,1,92]]
[[0,0,0],[1,0,0],[0,2,0],[5,2,46]]
[[0,0,0],[1,0,0],[0,1,0],[3,27,92]]
[[0,0,0],[1,0,0],[0,1,0],[69,24,92]]
[[0,0,0],[1,0,0],[0,1,0],[4,29,92]]
[[0,0,0],[1,0,0],[0,1,0],[17,29,92]]
[[0,0,0],[1,0,0],[0,1,0],[6,9,92]]
[[0,0,0],[1,0,0],[0,2,0],[13,8,46]]
[[0,0,0],[1,0,0],[0,1,0],[74,71,92]]
[[0,0,0],[1,0,0],[0,1,0],[14,37,92]]
[[0,0,0],[1,0,0],[0,1,0],[18,85,92]]
[[0,0,0],[1,0,0],[0,1,0],[1,21,92]]
[[0,0,0],[1,0,0],[0,1,0],[26,17,92]]
[[0,0,0],[1,0,0],[0,1,0],[19,27,92]]
[[0,0,0],[1,0,0],[0,1,0],[34,55,92]]
[[0,0,0],[1,0,0],[0,1,0],[2,31,92]]
[[0,0,0],[1,0,0],[0,1,0],[10,14,92]]
[[0,0,0],[1,0,0],[0,1,0],[6,45,92]]
[[0,0,0],[1,0,0],[0,1,0],[13,81,92]]
[[0,0,0],[1,0,0],[0,1,0],[82,87,92]]
[[0,0,0],[1,0,0],[0,1,0],[18,29,92]]
[[0,0,0],[1,0,0],[0,2,0],[9,30,46]]
[[0,0,0],[1,0,0],[0,1,0],[1,33,92]]
[[0,0,0],[4,0,0],[0,1,0],[0,1,23]]
[[0,0,0],[1,0,0],[0,1,0],[14,1,92]]
[[0,0,0],[1,0,0],[0,1,0],[69,70,92]]
[[0,0,0],[1,0,0],[0,1,0],[6,53,92]]
[[0,0,0],[1,0,0],[0,1,0],[62,91,92]]
[[0,0,0],[1,0,0],[0,2,0],[25,2,46]]
[[0,0,0],[1,0,0],[0,1,0],[60,45,92]]
[[0,0,0],[1,0,0],[0,1,0],[3,21,92]]
[[0,0,0],[1,0,0],[0,1,0],[36,1,92]]
[[0,0,0],[1,0,0],[0,1,0],[30,65,92]]
[[0,0,0],[1,0,0],[0,1,0],[58,39,92]]
[[0,0,0],[1,0,0],[0,2,0],[2,44,46]]
[[0,0,0],[1,0,0],[0,1,0],[14,33,92]]
[[0,0,0],[1,0,0],[0,2,0],[15,22,46]]
[[0,0,0],[1,0,0],[1,2,0],[19,6,46]]
[[0,0,0],[1,0,0],[0,1,0],[14,51,92]]
[[0,0,0],[1,0,0],[0,1,0],[14,19,92]]
[[0,0,0],[1,0,0],[0,1,0],[14,41,92]]
[[0,0,0],[1,0,0],[0,1,0],[14,9,92]]
[[0,0,0],[1,0,0],[0,1,0],[22,29,92]]
[[0,0,0],[1,0,0],[0,1,0],[16,9,92]]
[[0,0,0],[1,0,0],[0,1,0],[2,35,92]]
[[0,0,0],[1,0,0],[0,1,0],[42,47,92]]
[[0,0,0],[1,0,0],[0,1,0],[52,87,92]]
[[0,0,0],[1,0,0],[0,2,0],[17,26,46]]
[[0,0,0],[1,0,0],[0,2,0],[3,18,46]]
[[0,0,0],[1,0,0],[1,2,0],[11,28,46]]
[[0,0,0],[1,0,0],[0,1,0],[32,84,92]]
[[0,0,0],[1,0,0],[0,1,0],[14,7,92]]
[[0,0,0],[1,0,0],[0,1,0],[7,21,92]]
[[0,0,0],[1,0,0],[0,1,0],[24,13,92]]
[[0,0,0],[1,0,0],[0,1,0],[38,19,92]]
[[0,0,0],[1,0,0],[0,1,0],[58,83,92]]
[[0,0,0],[1,0,0],[0,1,0],[18,55,92]]
[[0,0,0],[1,0,0],[0,1,0],[13,83,92]]
[[0,0,0],[1,0,0],[0,1,0],[2,67,92]]
[[0,0,0],[1,0,0],[0,1,0],[40,5,92]]
[[0,0,0],[1,0,0],[1,2,0],[5,12,46]]
[[0,0,0],[1,0,0],[0,1,0],[2,37,92]]
[[0,0,0],[1,0,0],[0,1,0],[74,83,92]]
[[0,0,0],[1,0,0],[1,2,0],[17,40,46]]
[[0,0,0],[1,0,0],[1,2,0],[21,4,46]]
[[0,0,0],[1,0,0],[0,1,0],[38,51,92]]
[[0,0,0],[1,0,0],[0,2,0],[11,26,46]]
[[0,0,0],[1,0,0],[0,1,0],[30,3,92]]
[[0,0,0],[1,0,0],[0,1,0],[28,19,92]]
[[0,0,0],[1,0,0],[0,1,0],[10,19,92]]
[[0,0,0],[1,0,0],[0,1,0],[1,9,92]]
[[0,0,0],[1,0,0],[0,1,0],[6,83,92]]
[[0,0,0],[1,0,0],[0,1,0],[30,83,92]]
[[0,0,0],[1,0,0],[0,2,0],[13,22,46]]
[[0,0,0],[1,0,0],[0,1,0],[5,9,92]]
[[0,0,0],[1,0,0],[0,1,0],[50,51,92]]
[[0,0,0],[1,0,0],[0,1,0],[26,37,92]]
[[0,0,0],[1,0,0],[0,1,0],[38,59,92]]
[[0,0,0],[1,0,0],[0,1,0],[6,11,92]]
[[0,0,0],[1,0,0],[1,2,0],[7,28,46]]
[[0,0,0],[1,0,0],[0,1,0],[14,25,92]]
[[0,0,0],[1,0,0],[0,1,0],[48,53,92]]
[[0,0,0],[1,0,0],[0,1,0],[6,41,92]]
[[0,0,0],[1,0,0],[0,1,0],[8,77,92]]
[[0,0,0],[1,0,0],[0,1,0],[38,78,92]]
[[0,0,0],[1,0,0],[0,1,0],[16,77,92]]
[[0,0,0],[1,0,0],[0,1,0],[4,77,92]]
[[0,0,0],[1,0,0],[0,1,0],[20,1,92]]
[[0,0,0],[1,0,0],[0,1,0],[50,43,92]]
[[0,0,0],[1,0,0],[0,1,0],[3,13,92]]
[[0,0,0],[1,0,0],[0,1,0],[42,53,92]]
[[0,0,0],[1,0,0],[0,1,0],[26,27,92]]
[[0,0,0],[1,0,0],[0,1,0],[12,5,92]]
[[0,0,0],[1,0,0],[0,2,0],[3,42,46]]
[[0,0,0],[1,0,0],[0,1,0],[42,74,92]]
[[0,0,0],[1,0,0],[0,1,0],[66,3,92]]
[[0,0,0],[1,0,0],[1,2,0],[19,2,46]]
[[0,0,0],[1,0,0],[0,1,0],[8,73,92]]
[[0,0,0],[1,0,0],[0,1,0],[8,39,92]]
[[0,0,0],[1,0,0],[0,1,0],[10,25,92]]
[[0,0,0],[1,0,0],[0,1,0],[6,25,92]]
[[0,0,0],[1,0,0],[0,1,0],[46,47,92]]
[[0,0,0],[1,0,0],[0,1,0],[3,39,92]]
[[0,0,0],[1,0,0],[0,1,0],[62,7,92]]
[[0,0,0],[1,0,0],[0,1,0],[3,19,92]]
[[0,0,0],[1,0,0],[0,1,0],[4,61,92]]
[[0,0,0],[1,0,0],[0,1,0],[10,85,92]]
[[0,0,0],[1,0,0],[0,1,0],[48,45,92]]
[[0,0,0],[1,0,0],[0,1,0],[14,3,92]]
[[0,0,0],[1,0,0],[1,2,0],[13,28,46]]
[[0,0,0],[1,0,0],[0,2,0],[26,42,46]]
[[0,0,0],[1,0,0],[0,1,0],[12,81,92]]
[[0,0,0],[1,0,0],[0,1,0],[3,3,92]]
[[0,0,0],[1,0,0],[0,1,0],[18,75,92]]
[[0,0,0],[1,0,0],[0,2,0],[25,22,46]]
[[0,0,0],[1,0,0],[0,1,0],[38,65,92]]
[[0,0,0],[1,0,0],[0,1,0],[30,25,92]]
[[0,0,0],[1,0,0],[0,2,0],[5,6,46]]
[[0,0,0],[1,0,0],[0,1,0],[22,17,92]]
[[0,0,0],[1,0,0],[0,1,0],[2,57,92]]
[[0,0,0],[1,0,0],[0,1,0],[4,37,92]]
[[0,0,0],[1,0,0],[0,1,0],[14,87,92]]
[[0,0,0],[1,0,0],[0,1,0],[40,30,92]]
[[0,0,0],[1,0,0],[0,1,0],[34,35,92]]
[[0,0,0],[1,0,0],[0,1,0],[6,47,92]]
[[0,0,0],[1,0,0],[0,1,0],[16,13,92]]
[[0,0,0],[1,0,0],[0,1,0],[6,91,92]]
[[0,0,0],[1,0,0],[0,1,0],[58,11,92]]
[[0,0,0],[1,0,0],[0,1,0],[20,73,92]]
[[0,0,0],[1,0,0],[0,1,0],[22,11,92]]
[[0,0,0],[1,0,0],[0,1,0],[30,5,92]]
[[0,0,0],[1,0,0],[0,2,0],[7,36,46]]
[[0,0,0],[1,0,0],[0,1,0],[6,17,92]]
[[0,0,0],[1,0,0],[0,1,0],[2,25,92]]
[[0,0,0],[1,0,0],[0,1,0],[20,5,92]]
[[0,0,0],[1,0,0],[0,1,0],[20,27,92]]
[[0,0,0],[1,0,0],[0,1,0],[32,38,92]]
[[0,0,0],[1,0,0],[0,1,0],[34,13,92]]
[[0,0,0],[1,0,0],[0,1,0],[6,73,92]]
[[0,0,0],[1,0,0],[0,1,0],[4,41,92]]
[[0,0,0],[1,0,0],[0,1,0],[10,15,92]]
[[0,0,0],[1,0,0],[0,1,0],[6,79,92]]
[[0,0,0],[1,0,0],[0,1,0],[10,65,92]]
[[0,0,0],[1,0,0],[1,2,0],[23,2,46]]
[[0,0,0],[1,0,0],[0,1,0],[42,67,92]]
[[0,0,0],[1,0,0],[0,1,0],[3,41,92]]
[[0,0,0],[1,0,0],[0,1,0],[50,89,92]]
[[0,0,0],[1,0,0],[0,2,0],[15,2,46]]
[[0,0,0],[1,0,0],[1,2,0],[13,2,46]]
[[0,0,0],[1,0,0],[0,1,0],[4,81,92]]
[[0,0,0],[1,0,0],[0,1,0],[6,77,92]]
[[0,0,0],[1,0,0],[0,1,0],[7,41,92]]
[[0,0,0],[1,0,0],[0,1,0],[32,73,92]]
[[0,0,0],[1,0,0],[0,1,0],[30,9,92]]
[[0,0,0],[1,0,0],[0,1,0],[5,17,92]]
[[0,0,0],[1,0,0],[0,1,0],[58,71,92]]
[[0,0,0],[1,0,0],[1,2,0],[15,6,46]]
[[0,0,0],[1,0,0],[0,1,0],[8,41,92]]
[[0,0,0],[1,0,0],[0,1,0],[18,47,92]]
[[0,0,0],[1,0,0],[0,1,0],[74,91,92]]
[[0,0,0],[1,0,0],[0,1,0],[36,80,92]]
[[0,0,0],[1,0,0],[1,2,0],[21,20,46]]
[[0,0,0],[1,0,0],[0,2,0],[1,6,46]]
[[0,0,0],[1,0,0],[0,2,0],[7,12,46]]
[[0,0,0],[1,0,0],[0,1,0],[3,7,92]]
[[0,0,0],[1,0,0],[0,1,0],[70,55,92]]
[[0,0,0],[1,0,0],[0,1,0],[40,76,92]]
[[0,0,0],[1,0,0],[0,1,0],[8,45,92]]
[[0,0,0],[1,0,0],[0,1,0],[13,29,92]]
[[0,0,0],[1,0,0],[0,2,0],[7,38,46]]
[[0,0,0],[1,0,0],[0,1,0],[5,35,92]]
[[0,0,0],[1,0,0],[0,1,0],[40,53,92]]
[[0,0,0],[1,0,0],[0,1,0],[32,77,92]]
[[0,0,0],[1,0,0],[0,1,0],[11,33,92]]
[[0,0,0],[1,0,0],[0,1,0],[2,43,92]]
[[0,0,0],[1,0,0],[1,2,0],[5,4,46]]
[[0,0,0],[1,0,0],[1,2,0],[3,16,46]]
[[0,0,0],[1,0,0],[0,1,0],[12,45,92]]
[[0,0,0],[1,0,0],[0,2,0],[45,2,46]]
[[0,0,0],[1,0,0],[0,2,0],[15,32,46]]
[[0,0,0],[1,0,0],[0,1,0],[1,7,92]]
[[0,0,0],[1,0,0],[0,1,0],[16,54,92]]
[[0,0,0],[1,0,0],[0,1,0],[26,73,92]]
[[0,0,0],[1,0,0],[1,2,0],[21,2,46]]
[[0,0,0],[1,0,0],[0,2,0],[3,4,46]]
[[0,0,0],[1,0,0],[0,1,0],[56,60,92]]
[[0,0,0],[1,0,0],[0,1,0],[4,1,92]]
[[0,0,0],[1,0,0],[0,1,0],[47,49,92]]
[[0,0,0],[1,0,0],[0,1,0],[20,50,92]]
[[0,0,0],[1,0,0],[0,1,0],[22,47,92]]
[[0,0,0],[1,0,0],[0,1,0],[54,63,92]]
[[0,0,0],[1,0,0],[0,1,0],[4,20,92]]
[[0,0,0],[1,0,0],[0,1,0],[28,25,92]]
[[0,0,0],[1,0,0],[0,1,0],[6,57,92]]
[[0,0,0],[1,0,0],[0,1,0],[36,77,92]]
[[0,0,0],[1,0,0],[0,1,0],[26,55,92]]
[[0,0,0],[1,0,0],[0,1,0],[1,15,92]]
[[0,0,0],[1,0,0],[0,1,0],[62,41,92]]
[[0,0,0],[1,0,0],[0,1,0],[28,37,92]]
[[0,0,0],[1,0,0],[0,1,0],[26,35,92]]
[[0,0,0],[1,0,0],[0,1,0],[10,67,92]]
[[0,0,0],[1,0,0],[0,1,0],[4,53,92]]
[[0,0,0],[1,0,0],[0,2,0],[17,30,46]]
[[0,0,0],[1,0,0],[0,1,0],[7,13,92]]
[[0,0,0],[1,0,0],[0,1,0],[22,43,92]]
[[0,0,0],[1,0,0],[0,1,0],[6,27,92]]
[[0,0,0],[1,0,0],[0,1,0],[72,41,92]]
[[0,0,0],[1,0,0],[0,1,0],[28,88,92]]
[[0,0,0],[1,0,0],[0,1,0],[6,65,92]]
[[0,0,0],[1,0,0],[1,2,0],[13,36,46]]
[[0,0,0],[1,0,0],[0,1,0],[46,1,92]]
[[0,0,0],[1,0,0],[0,1,0],[34,9,92]]
[[0,0,0],[1,0,0],[0,1,0],[10,55,92]]
[[0,0,0],[1,0,0],[1,2,0],[33,32,46]]
[[0,0,0],[1,0,0],[0,1,0],[2,89,92]]
[[0,0,0],[1,0,0],[0,1,0],[9,17,92]]
[[0,0,0],[1,0,0],[0,1,0],[8,61,92]]
[[0,0,0],[1,0,0],[0,1,0],[38,43,92]]
[[0,0,0],[1,0,0],[0,1,0],[10,45,92]]
[[0,0,0],[1,0,0],[0,1,0],[8,25,92]]
[[0,0,0],[1,0,0],[0,1,0],[4,5,92]]
[[0,0,0],[1,0,0],[0,1,0],[70,45,92]]
[[0,0,0],[1,0,0],[0,1,0],[44,1,92]]
[[0,0,0],[1,0,0],[0,1,0],[6,87,92]]
[[0,0,0],[1,0,0],[0,1,0],[38,77,92]]
[[0,0,0],[1,0,0],[0,1,0],[50,19,92]]
[[0,0,0],[1,0,0],[1,2,0],[3,18,46]]
[[0,0,0],[1,0,0],[0,2,0],[9,36,46]]
[[0,0,0],[1,0,0],[0,1,0],[24,29,92]]
[[0,0,0],[1,0,0],[0,1,0],[38,83,92]]
[[0,0,0],[1,0,0],[0,1,0],[22,71,92]]
[[0,0,0],[1,0,0],[0,1,0],[54,91,92]]
[[0,0,0],[1,0,0],[1,2,0],[21,44,46]]
[[0,0,0],[1,0,0],[0,1,0],[30,91,92]]
[[0,0,0],[1,0,0],[0,1,0],[3,25,92]]
[[0,0,0],[1,0,0],[0,1,0],[10,7,92]]
[[0,0,0],[1,0,0],[1,2,0],[3,10,46]]
[[0,0,0],[1,0,0],[0,1,0],[30,47,92]]
[[0,0,0],[1,0,0],[0,1,0],[25,91,92]]
[[0,0,0],[1,0,0],[0,1,0],[78,63,92]]
[[0,0,0],[1,0,0],[0,2,0],[6,36,46]]
[[0,0,0],[1,0,0],[0,1,0],[16,57,92]]
[[0,0,0],[1,0,0],[0,1,0],[30,17,92]]
[[0,0,0],[1,0,0],[0,1,0],[62,59,92]]
[[0,0,0],[1,0,0],[0,1,0],[18,41,92]]
[[0,0,0],[1,0,0],[0,1,0],[74,37,92]]
[[0,0,0],[1,0,0],[1,2,0],[9,4,46]]
[[0,0,0],[1,0,0],[1,2,0],[7,26,46]]
[[0,0,0],[1,0,0],[0,1,0],[10,47,92]]
[[0,0,0],[1,0,0],[0,1,0],[6,75,92]]
[[0,0,0],[1,0,0],[0,1,0],[42,73,92]]
[[0,0,0],[1,0,0],[0,1,0],[26,43,92]]
[[0,0,0],[1,0,0],[0,2,0],[3,6,46]]
[[0,0,0],[1,0,0],[0,1,0],[5,19,92]]
[[0,0,0],[1,0,0],[0,1,0],[1,45,92]]
[[0,0,0],[1,0,0],[0,1,0],[3,37,92]]
[[0,0,0],[1,0,0],[0,1,0],[4,49,92]]
[[0,0,0],[1,0,0],[0,1,0],[14,43,92]]
[[0,0,0],[1,0,0],[1,2,0],[7,22,46]]
[[0,0,0],[1,0,0],[0,1,0],[1,11,92]]
[[0,0,0],[1,0,0],[0,1,0],[36,85,92]]
[[0,0,0],[1,0,0],[1,2,0],[7,24,46]]
[[0,0,0],[1,0,0],[0,1,0],[7,19,92]]
[[0,0,0],[1,0,0],[0,2,0],[10,28,46]]
[[0,0,0],[1,0,0],[0,1,0],[54,15,92]]
[[0,0,0],[1,0,0],[0,1,0],[18,21,92]]
[[0,0,0],[1,0,0],[0,1,0],[15,27,92]]
[[0,0,0],[1,0,0],[0,1,0],[16,17,92]]
[[0,0,0],[1,0,0],[0,1,0],[18,91,92]]
[[0,0,0],[1,0,0],[0,1,0],[4,43,92]]
[[0,0,0],[1,0,0],[0,1,0],[22,39,92]]
[[0,0,0],[1,0,0],[0,1,0],[68,45,92]]
[[0,0,0],[1,0,0],[0,2,0],[27,20,46]]
[[0,0,0],[1,0,0],[0,2,0],[13,2,46]]
[[0,0,0],[1,0,0],[0,2,0],[25,16,46]]
[[0,0,0],[1,0,0],[0,1,0],[2,81,92]]
[[0,0,0],[1,0,0],[0,1,0],[30,33,92]]
[[0,0,0],[1,0,0],[0,1,0],[50,45,92]]
[[0,0,0],[1,0,0],[0,1,0],[14,5,92]]
[[0,0,0],[1,0,0],[0,1,0],[16,89,92]]
[[0,0,0],[1,0,0],[0,1,0],[2,17,92]]
[[0,0,0],[1,0,0],[0,1,0],[22,79,92]]
[[0,0,0],[1,0,0],[0,1,0],[44,89,92]]
[[0,0,0],[1,0,0],[0,1,0],[18,9,92]]
[[0,0,0],[1,0,0],[0,2,0],[5,38,46]]
[[0,0,0],[1,0,0],[0,1,0],[24,1,92]]
[[0,0,0],[1,0,0],[0,2,0],[28,38,46]]
[[0,0,0],[1,0,0],[0,1,0],[28,42,92]]
[[0,0,0],[1,0,0],[1,2,0],[3,26,46]]
[[0,0,0],[1,0,0],[0,1,0],[34,91,92]]
[[0,0,0],[1,0,0],[0,1,0],[2,87,92]]
[[0,0,0],[1,0,0],[0,1,0],[5,7,92]]
[[0,0,0],[1,0,0],[0,1,0],[66,91,92]]
[[0,0,0],[1,0,0],[0,1,0],[50,55,92]]
[[0,0,0],[1,0,0],[0,1,0],[18,3,92]]
[[0,0,0],[1,0,0],[0,1,0],[3,67,92]]
[[0,0,0],[1,0,0],[0,1,0],[38,91,92]]
[[0,0,0],[1,0,0],[0,1,0],[74,35,92]]
[[0,0,0],[1,0,0],[0,1,0],[62,31,92]]
[[0,0,0],[1,0,0],[0,1,0],[38,67,92]]
[[0,0,0],[1,0,0],[0,1,0],[3,91,92]]
[[0,0,0],[1,0,0],[0,1,0],[60,10,92]]
[[0,0,0],[1,0,0],[0,1,0],[10,51,92]]
[[0,0,0],[1,0,0],[0,1,0],[22,45,92]]
[[0,0,0],[1,0,0],[0,1,0],[2,5,92]]
[[0,0,0],[1,0,0],[0,1,0],[19,75,92]]
[[0,0,0],[1,0,0],[0,1,0],[12,17,92]]
[[0,0,0],[1,0,0],[0,1,0],[38,39,92]]
[[0,0,0],[1,0,0],[0,1,0],[58,75,92]]
[[0,0,0],[1,0,0],[0,1,0],[18,31,92]]
[[0,0,0],[1,0,0],[0,1,0],[54,7,92]]
[[0,0,0],[1,0,0],[0,1,0],[3,5,92]]
[[0,0,0],[1,0,0],[0,1,0],[2,55,92]]
[[0,0,0],[1,0,0],[1,2,0],[5,24,46]]
[[0,0,0],[1,0,0],[0,1,0],[36,11,92]]
[[0,0,0],[1,0,0],[1,2,0],[19,12,46]]
[[0,0,0],[1,0,0],[0,1,0],[14,89,92]]
[[0,0,0],[1,0,0],[0,1,0],[22,67,92]]
[[0,0,0],[1,0,0],[0,1,0],[5,43,92]]
[[0,0,0],[1,0,0],[0,1,0],[8,16,92]]
[[0,0,0],[1,0,0],[0,1,0],[78,91,92]]
[[0,0,0],[1,0,0],[0,1,0],[34,67,92]]
[[0,0,0],[1,0,0],[0,2,0],[7,10,46]]
[[0,0,0],[1,0,0],[0,1,0],[4,65,92]]
[[0,0,0],[1,0,0],[0,1,0],[21,25,92]]
[[0,0,0],[1,0,0],[1,2,0],[17,36,46]]
[[0,0,0],[1,0,0],[1,2,0],[7,16,46]]
[[0,0,0],[1,0,0],[0,1,0],[36,34,92]]
[[0,0,0],[1,0,0],[0,1,0],[82,91,92]]
[[0,0,0],[1,0,0],[0,1,0],[4,73,92]]
[[0,0,0],[1,0,0],[0,1,0],[14,65,92]]
[[0,0,0],[1,0,0],[1,2,0],[7,6,46]]
[[0,0,0],[1,0,0],[0,2,0],[11,32,46]]
[[0,0,0],[1,0,0],[0,1,0],[17,17,92]]
[[0,0,0],[1,0,0],[0,1,0],[6,15,92]]
[[0,0,0],[1,0,0],[0,1,0],[58,27,92]]
[[0,0,0],[1,0,0],[0,1,0],[6,35,92]]
[[0,0,0],[1,0,0],[0,1,0],[18,5,92]]
[[0,0,0],[1,0,0],[0,1,0],[32,9,92]]
[[0,0,0],[1,0,0],[0,2,0],[15,24,46]]
[[0,0,0],[1,0,0],[0,1,0],[18,51,92]]
[[0,0,0],[1,0,0],[0,1,0],[16,61,92]]
[[0,0,0],[1,0,0],[1,2,0],[3,14,46]]
[[0,0,0],[1,0,0],[0,1,0],[18,7,92]]
[[0,0,0],[1,0,0],[0,1,0],[34,59,92]]
[[0,0,0],[1,0,0],[0,1,0],[14,55,92]]
[[0,0,0],[1,0,0],[1,2,0],[1,10,46]]
[[0,0,0],[1,0,0],[0,1,0],[30,35,92]]
[[0,0,0],[1,0,0],[0,1,0],[38,5,92]]
[[0,0,0],[1,0,0],[0,1,0],[6,61,92]]
[[0,0,0],[1,0,0],[0,1,0],[6,63,92]]
[[0,0,0],[1,0,0],[0,1,0],[52,81,92]]
[[0,0,0],[1,0,0],[0,1,0],[3,35,92]]
[[0,0,0],[1,0,0],[0,1,0],[2,47,92]]
[[0,0,0],[1,0,0],[0,2,0],[13,28,46]]
[[0,0,0],[1,0,0],[0,1,0],[2,41,92]]
[[0,0,0],[1,0,0],[0,1,0],[18,49,92]]
[[0,0,0],[1,0,0],[0,2,0],[27,40,46]]
[[0,0,0],[1,0,0],[0,1,0],[28,81,92]]
[[0,0,0],[1,0,0],[0,1,0],[22,63,92]]
[[0,0,0],[1,0,0],[0,1,0],[24,25,92]]
[[0,0,0],[1,0,0],[0,1,0],[34,82,92]]
[[0,0,0],[1,0,0],[0,1,0],[6,37,92]]
[[0,0,0],[1,0,0],[0,1,0],[62,75,92]]
[[0,0,0],[1,0,0],[0,1,0],[44,57,92]]
[[0,0,0],[1,0,0],[0,2,0],[11,4,46]]
[[0,0,0],[1,0,0],[0,1,0],[16,45,92]]
[[0,0,0],[1,0,0],[0,1,0],[22,91,92]]
[[0,0,0],[1,0,0],[0,2,0],[7,2,46]]
[[0,0,0],[1,0,0],[0,1,0],[38,35,92]]
[[0,0,0],[1,0,0],[0,1,0],[18,63,92]]
[[0,0,0],[1,0,0],[0,1,0],[21,49,92]]
[[0,0,0],[1,0,0],[0,1,0],[13,35,92]]
[[0,0,0],[1,0,0],[0,1,0],[66,79,92]]
[[0,0,0],[1,0,0],[0,2,0],[3,8,46]]
[[0,0,0],[1,0,0],[0,1,0],[26,15,92]]
[[0,0,0],[1,0,0],[0,1,0],[86,43,92]]
[[0,0,0],[1,0,0],[0,1,0],[58,58,92]]
[[0,0,0],[1,0,0],[0,1,0],[23,1,92]]
[[0,0,0],[1,0,0],[0,1,0],[10,37,92]]
[[0,0,0],[1,0,0],[0,1,0],[16,29,92]]
[[0,0,0],[1,0,0],[0,2,0],[13,24,46]]
[[0,0,0],[1,0,0],[0,1,0],[34,21,92]]
[[0,0,0],[1,0,0],[0,1,0],[6,3,92]]
[[0,0,0],[1,0,0],[0,1,0],[80,82,92]]
[[0,0,0],[1,0,0],[1,2,0],[1,8,46]]
[[0,0,0],[1,0,0],[0,2,0],[5,14,46]]
[[0,0,0],[1,0,0],[0,1,0],[62,57,92]]
[[0,0,0],[1,0,0],[1,2,0],[9,8,46]]
[[0,0,0],[1,0,0],[0,1,0],[18,13,92]]
[[0,0,0],[1,0,0],[0,1,0],[30,81,92]]
[[0,0,0],[1,0,0],[0,1,0],[36,17,92]]
[[0,0,0],[1,0,0],[0,1,0],[78,39,92]]
[[0,0,0],[1,0,0],[0,1,0],[32,1,92]]
[[0,0,0],[1,0,0],[0,1,0],[22,75,92]]
[[0,0,0],[1,0,0],[0,1,0],[17,81,92]]
[[0,0,0],[1,0,0],[0,1,0],[58,51,92]]
[[0,0,0],[1,0,0],[1,2,0],[17,12,46]]
[[0,0,0],[1,0,0],[0,1,0],[7,39,92]]
[[0,0,0],[1,0,0],[0,1,0],[9,9,92]]
[[0,0,0],[1,0,0],[1,2,0],[31,6,46]]
[[0,0,0],[1,0,0],[0,1,0],[42,77,92]]
[[0,0,0],[1,0,0],[1,2,0],[5,16,46]]
[[0,0,0],[1,0,0],[0,1,0],[2,63,92]]
[[0,0,0],[1,0,0],[0,1,0],[10,31,92]]
[[0,0,0],[1,0,0],[0,1,0],[6,49,92]]
[[0,0,0],[1,0,0],[0,1,0],[8,65,92]]
[[0,0,0],[1,0,0],[0,1,0],[2,19,92]]
[[0,0,0],[1,0,0],[0,1,0],[54,87,92]]
[[0,0,0],[1,0,0],[0,1,0],[29,87,92]]
[[0,0,0],[1,0,0],[1,2,0],[29,14,46]]
[[0,0,0],[1,0,0],[0,1,0],[34,89,92]]
[[0,0,0],[1,0,0],[0,1,0],[12,13,92]]
[[0,0,0],[1,0,0],[0,1,0],[4,25,92]]
[[0,0,0],[1,0,0],[0,1,0],[15,55,92]]
[[0,0,0],[1,0,0],[0,1,0],[11,21,92]]
[[0,0,0],[1,0,0],[0,1,0],[5,89,92]]
[[0,0,0],[1,0,0],[0,1,0],[7,25,92]]
[[0,0,0],[1,0,0],[0,1,0],[12,12,92]]
[[0,0,0],[1,0,0],[0,1,0],[30,19,92]]
[[0,0,0],[1,0,0],[0,1,0],[12,25,92]]
[[0,0,0],[1,0,0],[0,1,0],[14,35,92]]
[[0,0,0],[1,0,0],[0,1,0],[6,67,92]]
[[0,0,0],[1,0,0],[0,1,0],[2,7,92]]
[[0,0,0],[1,0,0],[0,1,0],[16,33,92]]
[[0,0,0],[1,0,0],[0,1,0],[28,89,92]]
[[0,0,0],[1,0,0],[0,1,0],[2,65,92]]
[[0,0,0],[1,0,0],[1,2,0],[27,24,46]]
[[0,0,0],[1,0,0],[1,2,0],[19,16,46]]
[[0,0,0],[1,0,0],[0,2,0],[7,34,46]]
[[0,0,0],[1,0,0],[0,1,0],[18,15,92]]
[[0,0,0],[1,0,0],[0,1,0],[30,71,92]]
[[0,0,0],[1,0,0],[0,1,0],[2,21,92]]
[[0,0,0],[1,0,0],[0,1,0],[42,27,92]]
[[0,0,0],[1,0,0],[0,1,0],[34,3,92]]
[[0,0,0],[1,0,0],[0,1,0],[1,5,92]]
[[0,0,0],[1,0,0],[0,1,0],[8,37,92]]
[[0,0,0],[1,0,0],[0,1,0],[76,86,92]]
[[0,0,0],[1,0,0],[0,1,0],[62,77,92]]
[[0,0,0],[1,0,0],[0,2,0],[23,2,46]]
[[0,0,0],[1,0,0],[0,1,0],[9,15,92]]
[[0,0,0],[1,0,0],[1,2,0],[27,18,46]]
[[0,0,0],[1,0,0],[0,1,0],[30,39,92]]
[[0,0,0],[1,0,0],[0,1,0],[14,47,92]]
[[0,0,0],[1,0,0],[0,1,0],[7,7,92]]
[[0,0,0],[1,0,0],[0,1,0],[50,39,92]]
[[0,0,0],[1,0,0],[0,2,0],[11,6,46]]
[[0,0,0],[1,0,0],[0,1,0],[32,89,92]]
[[0,0,0],[1,0,0],[0,1,0],[50,59,92]]
[[0,0,0],[1,0,0],[0,1,0],[34,79,92]]
[[0,0,0],[1,0,0],[0,2,0],[9,32,46]]
[[0,0,0],[1,0,0],[0,1,0],[34,81,92]]
[[0,0,0],[1,0,0],[0,1,0],[1,17,92]]
[[0,0,0],[1,0,0],[0,2,0],[8,32,46]]
[[0,0,0],[1,0,0],[0,1,0],[52,45,92]]
[[0,0,0],[1,0,0],[0,1,0],[22,1,92]]
[[0,0,0],[1,0,0],[0,1,0],[28,21,92]]
[[0,0,0],[1,0,0],[0,2,0],[7,14,46]]
[[0,0,0],[1,0,0],[0,1,0],[10,83,92]]
[[0,0,0],[1,0,0],[0,1,0],[2,91,92]]
[[0,0,0],[1,0,0],[0,1,0],[23,24,92]]
[[0,0,0],[1,0,0],[0,1,0],[34,7,92]]
[[0,0,0],[1,0,0],[0,1,0],[13,33,92]]
[[0,0,0],[1,0,0],[0,1,0],[18,59,92]]
[[0,0,0],[1,0,0],[0,1,0],[28,65,92]]
[[0,0,0],[1,0,0],[0,1,0],[20,89,92]]
[[0,0,0],[1,0,0],[0,1,0],[14,31,92]]
[[0,0,0],[1,0,0],[0,2,0],[13,34,46]]
[[0,0,0],[1,0,0],[0,1,0],[18,19,92]]
[[0,0,0],[1,0,0],[0,1,0],[6,51,92]]
[[0,0,0],[1,0,0],[0,1,0],[48,68,92]]
[[0,0,0],[1,0,0],[0,1,0],[38,89,92]]
[[0,0,0],[1,0,0],[1,2,0],[7,2,46]]
[[0,0,0],[1,0,0],[0,1,0],[26,51,92]]
[[0,0,0],[1,0,0],[0,2,0],[5,16,46]]
[[0,0,0],[1,0,0],[1,2,0],[3,24,46]]
[[0,0,0],[1,0,0],[0,1,0],[2,71,92]]
[[0,0,0],[1,0,0],[0,1,0],[4,17,92]]
[[0,0,0],[1,0,0],[0,2,0],[3,44,46]]
[[0,0,0],[1,0,0],[0,1,0],[34,77,92]]
[[0,0,0],[1,0,0],[0,1,0],[28,33,92]]
[[0,0,0],[1,0,0],[0,1,0],[38,1,92]]
[[0,0,0],[1,0,0],[1,2,0],[3,20,46]]
[[0,0,0],[1,0,0],[0,1,0],[22,13,92]]
[[0,0,0],[1,0,0],[0,1,0],[4,89,92]]
[[0,0,0],[1,0,0],[0,2,0],[27,2,46]]
[[0,0,0],[1,0,0],[0,1,0],[14,45,92]]
[[0,0,0],[1,0,0],[0,1,0],[11,25,92]]
[[0,0,0],[1,0,0],[0,1,0],[14,79,92]]
[[0,0,0],[1,0,0],[0,1,0],[3,33,92]]
[[0,0,0],[1,0,0],[1,2,0],[5,26,46]]
[[0,0,0],[1,0,0],[0,1,0],[13,25,92]]
[[0,0,0],[1,0,0],[0,2,0],[45,4,46]]
[[0,0,0],[1,0,0],[0,1,0],[15,39,92]]
[[0,0,0],[1,0,0],[1,2,0],[19,42,46]]
[[0,0,0],[1,0,0],[1,2,0],[17,2,46]]
[[0,0,0],[1,0,0],[1,2,0],[13,8,46]]
[[0,0,0],[1,0,0],[0,2,0],[3,2,46]]
[[0,0,0],[1,0,0],[0,1,0],[2,29,92]]
[[0,0,0],[1,0,0],[0,1,0],[84,78,92]]
[[0,0,0],[1,0,0],[0,2,0],[11,36,46]]
[[0,0,0],[1,0,0],[0,1,0],[24,9,92]]
[[0,0,0],[1,0,0],[0,1,0],[12,57,92]]
[[0,0,0],[1,0,0],[0,1,0],[6,21,92]]
[[0,0,0],[1,0,0],[0,1,0],[2,75,92]]
[[0,0,0],[1,0,0],[0,1,0],[5,15,92]]
[[0,0,0],[1,0,0],[1,2,0],[9,30,46]]
[[0,0,0],[1,0,0],[0,1,0],[36,9,92]]
[[0,0,0],[1,0,0],[0,1,0],[6,19,92]]
[[0,0,0],[1,0,0],[1,2,0],[31,24,46]]
[[0,0,0],[1,0,0],[0,1,0],[50,85,92]]
[[0,0,0],[1,0,0],[0,1,0],[14,81,92]]
[[0,0,0],[1,0,0],[0,1,0],[26,67,92]]
[[0,0,0],[1,0,0],[0,1,0],[2,83,92]]
[[0,0,0],[1,0,0],[0,1,0],[30,79,92]]
[[0,0,0],[1,0,0],[0,1,0],[9,85,92]]
[[0,0,0],[1,0,0],[0,1,0],[26,63,92]]
[[0,0,0],[1,0,0],[1,2,0],[5,28,46]]
[[0,0,0],[1,0,0],[0,2,0],[9,6,46]]
[[0,0,0],[1,0,0],[0,1,0],[30,67,92]]
[[0,0,0],[1,0,0],[1,2,0],[15,10,46]]
[[0,0,0],[1,0,0],[0,1,0],[70,51,92]]
[[0,0,0],[1,0,0],[0,1,0],[14,57,92]]
[[0,0,0],[1,0,0],[1,2,0],[15,38,46]]
[[0,0,0],[1,0,0],[0,1,0],[58,45,92]]
[[0,0,0],[1,0,0],[0,1,0],[2,59,92]]
[[0,0,0],[1,0,0],[0,1,0],[42,75,92]]
[[0,0,0],[1,0,0],[0,1,0],[18,39,92]]
[[0,0,0],[1,0,0],[0,1,0],[10,91,92]]
[[0,0,0],[1,0,0],[1,2,0],[5,2,46]]
[[0,0,0],[1,0,0],[0,1,0],[32,29,92]]
[[0,0,0],[1,0,0],[0,1,0],[52,18,92]]
[[0,0,0],[1,0,0],[0,1,0],[16,53,92]]
[[0,0,0],[1,0,0],[0,1,0],[6,33,92]]
[[0,0,0],[1,0,0],[0,1,0],[74,43,92]]
[[0,0,0],[1,0,0],[0,1,0],[5,21,92]]
[[0,0,0],[1,0,0],[1,2,0],[1,2,46]]
[[0,0,0],[1,0,0],[0,2,0],[1,14,46]]
[[0,0,0],[1,0,0],[1,2,0],[43,42,46]]
[[0,0,0],[1,0,0],[0,1,0],[66,31,92]]
[[0,0,0],[1,0,0],[0,2,0],[9,38,46]]
[[0,0,0],[1,0,0],[0,1,0],[18,67,92]]
[[0,0,0],[1,0,0],[0,1,0],[20,25,92]]
[[0,0,0],[1,0,0],[0,1,0],[1,1,92]]
[[0,0,0],[1,0,0],[0,1,0],[26,21,92]]
[[0,0,0],[1,0,0],[0,1,0],[8,89,92]]
[[0,0,0],[1,0,0],[0,2,0],[3,14,46]]
[[0,0,0],[1,0,0],[0,1,0],[23,47,92]]
[[0,0,0],[1,0,0],[0,2,0],[16,16,46]]
[[0,0,0],[1,0,0],[0,1,0],[8,57,92]]
[[0,0,0],[1,0,0],[0,2,0],[5,8,46]]
[[0,0,0],[1,0,0],[0,1,0],[70,35,92]]
[[0,0,0],[1,0,0],[0,1,0],[30,55,92]]
[[0,0,0],[1,0,0],[0,1,0],[22,19,92]]
[[0,0,0],[1,0,0],[0,2,0],[9,14,46]]
[[0,0,0],[1,0,0],[0,2,0],[7,16,46]]
[[0,0,0],[1,0,0],[0,1,0],[10,73,92]]
[[0,0,0],[1,0,0],[1,2,0],[3,8,46]]
[[0,0,0],[1,0,0],[0,1,0],[10,11,92]]
[[0,0,0],[1,0,0],[0,2,0],[5,42,46]]
[[0,0,0],[1,0,0],[0,1,0],[32,85,92]]
[[0,0,0],[1,0,0],[0,1,0],[10,39,92]]
[[0,0,0],[1,0,0],[0,1,0],[10,53,92]]
[[0,0,0],[1,0,0],[0,1,0],[8,85,92]]
[[0,0,0],[1,0,0],[0,1,0],[9,21,92]]
[[0,0,0],[1,0,0],[0,2,0],[1,10,46]]
[[0,0,0],[1,0,0],[0,1,0],[66,45,92]]
[[0,0,0],[1,0,0],[0,1,0],[44,26,92]]
[[0,0,0],[1,0,0],[0,1,0],[38,75,92]]
[[0,0,0],[1,0,0],[0,2,0],[14,20,46]]
[[0,0,0],[1,0,0],[0,1,0],[50,63,92]]
[[0,0,0],[1,0,0],[0,1,0],[44,65,92]]
[[0,0,0],[1,0,0],[0,1,0],[10,59,92]]
[[0,0,0],[1,0,0],[1,2,0],[29,28,46]]
[[0,0,0],[1,0,0],[0,1,0],[1,19,92]]
[[0,0,0],[1,0,0],[1,2,0],[13,12,46]]
[[0,0,0],[1,0,0],[0,1,0],[30,51,92]]
[[0,0,0],[1,0,0],[0,1,0],[8,13,92]]
[[0,0,0],[1,0,0],[0,1,0],[34,31,92]]
[[0,0,0],[1,0,0],[0,1,0],[6,7,92]]
[[0,0,0],[1,0,0],[1,2,0],[11,6,46]]
[[0,0,0],[1,0,0],[0,1,0],[56,37,92]]
[[0,0,0],[1,0,0],[0,1,0],[26,81,92]]
[[0,0,0],[1,0,0],[0,1,0],[14,83,92]]
[[0,0,0],[1,0,0],[0,1,0],[58,15,92]]
[[0,0,0],[1,0,0],[0,1,0],[16,31,92]]
[[0,0,0],[1,0,0],[0,1,0],[2,53,92]]
[[0,0,0],[1,0,0],[0,1,0],[18,87,92]]
[[0,0,0],[1,0,0],[1,2,0],[3,12,46]]
[[0,0,0],[1,0,0],[0,1,0],[2,13,92]]
[[0,0,0],[1,0,0],[0,1,0],[42,79,92]]
[[0,0,0],[1,0,0],[0,1,0],[26,83,92]]
[[0,0,0],[1,0,0],[0,1,0],[54,11,92]]
[[0,0,0],[1,0,0],[1,2,0],[11,2,46]]
[[0,0,0],[1,0,0],[0,2,0],[5,10,46]]
[[0,0,0],[1,0,0],[0,1,0],[4,13,92]]
[[0,0,0],[1,0,0],[0,1,0],[40,57,92]]
[[0,0,0],[1,0,0],[0,1,0],[38,47,92]]
[[0,0,0],[1,0,0],[0,1,0],[26,29,92]]
[[0,0,0],[2,0,0],[0,1,0],[0,24,46]]
[[0,0,0],[1,0,0],[0,1,0],[66,19,92]]
[[0,0,0],[1,0,0],[0,1,0],[26,90,92]]
[[0,0,0],[1,0,0],[0,2,0],[17,14,46]]
[[0,0,0],[1,0,0],[0,1,0],[3,15,92]]
[[0,0,0],[1,0,0],[0,1,0],[3,9,92]]
[[0,0,0],[1,0,0],[0,1,0],[50,11,92]]
[[0,0,0],[1,0,0],[0,1,0],[14,75,92]]
[[0,0,0],[1,0,0],[0,1,0],[69,47,92]]
[[0,0,0],[1,0,0],[0,1,0],[54,3,92]]
[[0,0,0],[1,0,0],[0,1,0],[50,66,92]]
[[0,0,0],[1,0,0],[1,2,0],[5,20,46]]
[[0,0,0],[1,0,0],[0,1,0],[14,11,92]]
[[0,0,0],[1,0,0],[1,2,0],[17,8,46]]
[[0,0,0],[1,0,0],[1,2,0],[15,2,46]]
[[0,0,0],[1,0,0],[0,1,0],[6,31,92]]
[[0,0,0],[1,0,0],[0,1,0],[22,85,92]]
[[0,0,0],[1,0,0],[0,1,0],[36,57,92]]
[[0,0,0],[1,0,0],[0,1,0],[30,63,92]]
[[0,0,0],[1,0,0],[1,2,0],[9,20,46]]
[[0,0,0],[1,0,0],[0,1,0],[15,21,92]]
[[0,0,0],[1,0,0],[0,1,0],[22,87,92]]
[[0,0,0],[1,0,0],[0,1,0],[3,29,92]]
[[0,0,0],[1,0,0],[0,1,0],[28,5,92]]
[[0,0,0],[1,0,0],[0,1,0],[14,27,92]]
[[0,0,0],[1,0,0],[0,1,0],[13,17,92]]
[[0,0,0],[1,0,0],[0,1,0],[2,85,92]]
[[0,0,0],[1,0,0],[0,1,0],[18,45,92]]
[[0,0,0],[1,0,0],[0,1,0],[30,1,92]]
[[0,0,0],[1,0,0],[1,2,0],[11,24,46]]
[[0,0,0],[1,0,0],[0,1,0],[10,5,92]]
[[0,0,0],[1,0,0],[0,1,0],[62,45,92]]
[[0,0,0],[1,0,0],[0,1,0],[20,45,92]]
[[0,0,0],[1,0,0],[0,1,0],[50,91,92]]
[[0,0,0],[1,0,0],[0,1,0],[4,66,92]]
[[0,0,0],[1,0,0],[0,1,0],[2,9,92]]
[[0,0,0],[1,0,0],[0,2,0],[4,40,46]]
[[0,0,0],[1,0,0],[0,1,0],[36,21,92]]
[[0,0,0],[1,0,0],[0,1,0],[17,77,92]]
[[0,0,0],[1,0,0],[0,1,0],[14,91,92]]
[[0,0,0],[1,0,0],[0,1,0],[14,53,92]]
[[0,0,0],[1,0,0],[0,2,0],[15,18,46]]
[[0,0,0],[1,0,0],[0,1,0],[10,61,92]]
[[0,0,0],[1,0,0],[0,1,0],[35,35,92]]
[[0,0,0],[1,0,0],[0,1,0],[2,27,92]]
[[0,0,0],[1,0,0],[0,1,0],[4,21,92]]
[[0,0,0],[1,0,0],[0,2,0],[13,32,46]]
[[0,0,0],[1,0,0],[0,1,0],[22,31,92]]
[[0,0,0],[1,0,0],[0,2,0],[5,18,46]]
[[0,0,0],[1,0,0],[0,2,0],[15,28,46]]
[[0,0,0],[1,0,0],[0,1,0],[42,87,92]]
[[0,0,0],[1,0,0],[0,1,0],[50,15,92]]
[[0,0,0],[1,0,0],[0,1,0],[13,15,92]]
[[0,0,0],[1,0,0],[0,1,0],[18,57,92]]
[[0,0,0],[1,0,0],[0,1,0],[22,89,92]]
[[0,0,0],[1,0,0],[0,1,0],[18,27,92]]
[[0,0,0],[1,0,0],[1,2,0],[5,18,46]]
[[0,0,0],[1,0,0],[0,1,0],[52,41,92]]
[[0,0,0],[1,0,0],[0,2,0],[9,2,46]]
[[0,0,0],[1,0,0],[0,1,0],[30,27,92]]
[[0,0,0],[1,0,0],[0,1,0],[34,47,92]]
[[0,0,0],[1,0,0],[0,1,0],[20,21,92]]
[[0,0,0],[1,0,0],[0,1,0],[4,45,92]]
[[0,0,0],[1,0,0],[0,1,0],[16,49,92]]
[[0,0,0],[1,0,0],[0,1,0],[42,31,92]]
[[0,0,0],[1,0,0],[0,1,0],[11,11,92]]
[[0,0,0],[1,0,0],[0,1,0],[48,81,92]]
[[0,0,0],[1,0,0],[0,1,0],[12,9,92]]
[[0,0,0],[2,0,0],[0,1,0],[23,24,46]]
[[0,0,0],[1,0,0],[0,1,0],[22,15,92]]
[[0,0,0],[1,0,0],[0,2,0],[17,28,46]]
[[0,0,0],[1,0,0],[0,1,0],[42,3,92]]
[[0,0,0],[1,0,0],[0,1,0],[78,59,92]]
[[0,0,0],[1,0,0],[0,1,0],[34,1,92]]
[[0,0,0],[1,0,0],[0,1,0],[8,62,92]]
[[0,0,0],[1,0,0],[0,1,0],[4,57,92]]
[[0,0,0],[1,0,0],[0,1,0],[9,33,92]]
[[0,0,0],[1,0,0],[0,1,0],[38,71,92]]
[[0,0,0],[1,0,0],[1,2,0],[25,6,46]]
[[0,0,0],[1,0,0],[0,1,0],[56,83,92]]
[[0,0,0],[1,0,0],[0,1,0],[10,27,92]]
[[0,0,0],[1,0,0],[0,1,0],[70,7,92]]
[[0,0,0],[1,0,0],[0,1,0],[42,35,92]]
[[0,0,0],[1,0,0],[0,1,0],[18,1,92]]
[[0,0,0],[1,0,0],[0,1,0],[7,35,92]]
[[0,0,0],[1,0,0],[0,1,0],[34,43,92]]
[[0,0,0],[1,0,0],[0,1,0],[47,51,92]]
[[0,0,0],[1,0,0],[0,1,0],[47,47,92]]
[[0,0,0],[1,0,0],[0,1,0],[4,9,92]]
[[0,0,0],[1,0,0],[0,1,0],[30,15,92]]
[[0,0,0],[1,0,0],[0,1,0],[40,7,92]]
[[0,0,0],[1,0,0],[0,1,0],[16,41,92]]
[[0,0,0],[1,0,0],[1,2,0],[5,22,46]]
[[0,0,0],[1,0,0],[0,1,0],[20,13,92]]
[[0,0,0],[2,0,0],[0,1,0],[23,1,46]]
[[0,0,0],[1,0,0],[0,1,0],[58,91,92]]
[[0,0,0],[1,0,0],[0,1,0],[64,45,92]]
[[0,0,0],[1,0,0],[0,1,0],[0,1,92]]
[[0,0,0],[1,0,0],[0,1,0],[5,65,92]]
[[0,0,0],[1,0,0],[1,2,0],[11,26,46]]
[[0,0,0],[1,0,0],[0,1,0],[40,1,92]]
[[0,0,0],[1,0,0],[0,1,0],[14,71,92]]
[[0,0,0],[1,0,0],[0,1,0],[26,47,92]]
[[0,0,0],[1,0,0],[0,1,0],[3,17,92]]
[[0,0,0],[1,0,0],[0,1,0],[42,1,92]]
[[0,0,0],[1,0,0],[0,1,0],[54,27,92]]
[[0,0,0],[1,0,0],[0,1,0],[12,35,92]]
[[0,0,0],[1,0,0],[0,1,0],[2,39,92]]
[[0,0,0],[1,0,0],[0,1,0],[10,33,92]]
[[0,0,0],[1,0,0],[0,1,0],[10,63,92]]
[[0,0,0],[1,0,0],[0,1,0],[14,49,92]]
[[0,0,0],[1,0,0],[0,1,0],[10,49,92]]
[[0,0,0],[1,0,0],[0,1,0],[5,13,92]]
