[[0,0,0],[1,0,0],[0,1,0],[11,53,93]]
[[0,0,0],[1,0,0],[0,1,0],[54,61,93]]
[[0,0,0],[1,0,0],[0,1,0],[5,40,93]]
[[0,0,0],[1,0,0],[0,1,0],[24,46,93]]
[[0,0,0],[1,0,0],[0,1,0],[5,29,93]]
[[0,0,0],[1,0,0],[0,1,0],[2,41,93]]
[[0,0,0],[1,0,0],[0,1,0],[32,41,93]]
[[0,0,0],[1,0,0],[0,1,0],[2,20,93]]
[[0,0,0],[1,0,0],[0,1,0],[3,58,93]]
[[0,0,0],[1,0,0],[0,1,0],[4,28,93]]
[[0,0,0],[1,0,0],[0,1,0],[8,22,93]]
[[0,0,0],[1,0,0],[0,1,0],[12,1,93]]
[[0,0,0],[1,0,0],[0,1,0],[26,37,93]]
[[0,0,0],[1,0,0],[0,1,0],[29,38,93]]
[[0,0,0],[1,0,0],[0,1,0],[42,61,93]]
[[0,0,0],[1,0,0],[0,1,0],[15,43,93]]
[[0,0,0],[3,0,0],[0,1,0],[0,1,31]]
[[0,0,0],[1,0,0],[0,1,0],[26,29,93]]
[[0,0,0],[1,0,0],[0,1,0],[6,73,93]]
[[0,0,0],[1,0,0],[0,1,0],[3,7,93]]
[[0,0,0],[1,0,0],[0,1,0],[1,25,93]]
[[0,0,0],[1,0,0],[0,1,0],[27,19,93]]
[[0,0,0],[1,0,0],[0,1,0],[5,11,93]]
[[0,0,0],[1,0,0],[0,1,0],[27,10,93]]
[[0,0,0],[1,0,0],[0,1,0],[24,39,93]]
[[0,0,0],[1,0,0],[0,1,0],[66,90,93]]
[[0,0,0],[1,0,0],[0,1,0],[26,50,93]]
[[0,0,0],[1,0,0],[0,1,0],[36,1,93]]
[[0,0,0],[1,0,0],[0,1,0],[24,25,93]]
[[0,0,0],[1,0,0],[0,1,0],[11,26,93]]
[[0,0,0],[1,0,0],[0,1,0],[8,26,93]]
[[0,0,0],[1,0,0],[0,1,0],[18,88,93]]
[[0,0,0],[1,0,0],[0,1,0],[8,28,93]]
[[0,0,0],[1,0,0],[0,1,0],[14,71,93]]
[[0,0,0],[1,0,0],[0,1,0],[27,91,93]]
[[0,0,0],[1,0,0],[0,1,0],[33,13,93]]
[[0,0,0],[1,0,0],[0,1,0],[23,38,93]]
[[0,0,0],[1,0,0],[0,1,0],[3,67,93]]
[[0,0,0],[1,0,0],[0,1,0],[4,22,93]]
[[0,0,0],[1,0,0],[0,1,0],[7,88,93]]
[[0,0,0],[1,0,0],[0,1,0],[14,44,93]]
[[0,0,0],[1,0,0],[0,1,0],[5,71,93]]
[[0,0,0],[1,0,0],[0,1,0],[14,26,93]]
[[0,0,0],[1,0,0],[0,1,0],[2,59,93]]
[[0,0,0],[1,0,0],[0,1,0],[4,19,93]]
[[0,0,0],[1,0,0],[0,1,0],[2,35,93]]
[[0,0,0],[1,0,0],[0,1,0],[11,37,93]]
[[0,0,0],[1,0,0],[0,1,0],[8,13,93]]
[[0,0,0],[1,0,0],[0,1,0],[8,43,93]]
[[0,0,0],[1,0,0],[0,1,0],[6,16,93]]
[[0,0,0],[1,0,0],[0,1,0],[3,60,93]]
[[0,0,0],[1,0,0],[0,1,0],[7,89,93]]
[[0,0,0],[1,0,0],[0,1,0],[8,50,93]]
[[0,0,0],[1,0,0],[0,1,0],[33,92,93]]
[[0,0,0],[1,0,0],[0,1,0],[24,13,93]]
[[0,0,0],[1,0,0],[0,1,0],[11,29,93]]
[[0,0,0],[1,0,0],[0,1,0],[12,10,93]]
[[0,0,0],[1,0,0],[0,1,0],[3,82,93]]
[[0,0,0],[1,0,0],[0,1,0],[27,34,93]]
[[0,0,0],[1,0,0],[0,1,0],[9,37,93]]
[[0,0,0],[1,0,0],[0,1,0],[5,80,93]]
[[0,0,0],[1,0,0],[0,1,0],[4,7,93]]
[[0,0,0],[1,0,0],[0,1,0],[39,1,93]]
[[0,0,0],[1,0,0],[0,1,0],[21,79,93]]
[[0,0,0],[1,0,0],[0,1,0],[21,13,93]]
[[0,0,0],[1,0,0],[0,1,0],[32,59,93]]
[[0,0,0],[1,0,0],[0,1,0],[3,55,93]]
[[0,0,0],[1,0,0],[0,1,0],[14,22,93]]
[[0,0,0],[1,0,0],[0,1,0],[36,61,93]]
[[0,0,0],[1,0,0],[0,1,0],[5,10,93]]
[[0,0,0],[1,0,0],[0,1,0],[27,40,93]]
[[0,0,0],[1,0,0],[0,1,0],[14,38,93]]
[[0,0,0],[1,0,0],[0,1,0],[15,46,93]]
[[0,0,0],[1,0,0],[0,1,0],[24,70,93]]
[[0,0,0],[1,0,0],[0,1,0],[13,86,93]]
[[0,0,0],[1,0,0],[0,1,0],[38,41,93]]
[[0,0,0],[1,0,0],[0,1,0],[1,8,93]]
[[0,0,0],[1,0,0],[0,1,0],[3,52,93]]
[[0,0,0],[1,0,0],[0,1,0],[24,16,93]]
[[0,0,0],[1,0,0],[0,1,0],[11,11,93]]
[[0,0,0],[1,0,0],[0,1,0],[18,52,93]]
[[0,0,0],[1,0,0],[0,1,0],[9,22,93]]
[[0,0,0],[1,0,0],[0,1,0],[15,82,93]]
[[0,0,0],[1,0,0],[0,1,0],[66,28,93]]
[[0,0,0],[1,0,0],[0,1,0],[44,92,93]]
[[0,0,0],[1,0,0],[0,1,0],[15,58,93]]
[[0,0,0],[1,0,0],[0,1,0],[9,54,93]]
[[0,0,0],[1,0,0],[0,1,0],[2,38,93]]
[[0,0,0],[1,0,0],[0,1,0],[6,4,93]]
[[0,0,0],[1,0,0],[0,1,0],[10,32,93]]
[[0,0,0],[1,0,0],[0,1,0],[30,64,93]]
[[0,0,0],[1,0,0],[0,1,0],[69,87,93]]
[[0,0,0],[1,0,0],[0,1,0],[5,86,93]]
[[0,0,0],[1,0,0],[0,1,0],[38,92,93]]
[[0,0,0],[1,0,0],[0,1,0],[42,58,93]]
[[0,0,0],[1,0,0],[0,1,0],[12,51,93]]
[[0,0,0],[1,0,0],[0,1,0],[32,44,93]]
[[0,0,0],[1,0,0],[0,1,0],[1,5,93]]
[[0,0,0],[1,0,0],[0,1,0],[21,88,93]]
[[0,0,0],[1,0,0],[0,1,0],[12,25,93]]
[[0,0,0],[1,0,0],[0,1,0],[10,85,93]]
[[0,0,0],[1,0,0],[0,1,0],[27,36,93]]
[[0,0,0],[1,0,0],[0,1,0],[5,77,93]]
[[0,0,0],[1,0,0],[0,1,0],[30,76,93]]
[[0,0,0],[1,0,0],[0,1,0],[18,13,93]]
[[0,0,0],[1,0,0],[0,1,0],[12,19,93]]
[[0,0,0],[1,0,0],[0,1,0],[6,34,93]]
[[0,0,0],[1,0,0],[0,1,0],[9,40,93]]
[[0,0,0],[1,0,0],[0,1,0],[2,10,93]]
[[0,0,0],[1,0,0],[0,1,0],[12,16,93]]
[[0,0,0],[1,0,0],[0,1,0],[6,64,93]]
[[0,0,0],[1,0,0],[0,1,0],[13,85,93]]
[[0,0,0],[1,0,0],[0,1,0],[14,77,93]]
[[0,0,0],[1,0,0],[0,1,0],[24,34,93]]
[[0,0,0],[1,0,0],[0,1,0],[45,79,93]]
[[0,0,0],[1,0,0],[0,1,0],[78,78,93]]
[[0,0,0],[1,0,0],[0,1,0],[5,25,93]]
[[0,0,0],[1,0,0],[0,1,0],[31,63,93]]
[[0,0,0],[1,0,0],[0,1,0],[2,17,93]]
[[0,0,0],[1,0,0],[0,1,0],[32,50,93]]
[[0,0,0],[1,0,0],[0,1,0],[3,4,93]]
[[0,0,0],[1,0,0],[0,1,0],[8,44,93]]
[[0,0,0],[1,0,0],[0,1,0],[38,83,93]]
[[0,0,0],[1,0,0],[0,1,0],[23,59,93]]
[[0,0,0],[1,0,0],[0,1,0],[26,83,93]]
[[0,0,0],[1,0,0],[0,1,0],[18,82,93]]
[[0,0,0],[1,0,0],[0,1,0],[2,46,93]]
[[0,0,0],[1,0,0],[0,1,0],[48,61,93]]
[[0,0,0],[1,0,0],[0,1,0],[38,53,93]]
[[0,0,0],[1,0,0],[0,1,0],[1,22,93]]
[[0,0,0],[1,0,0],[0,1,0],[8,92,93]]
[[0,0,0],[1,0,0],[0,1,0],[14,19,93]]
[[0,0,0],[1,0,0],[0,1,0],[46,79,93]]
[[0,0,0],[1,0,0],[0,1,0],[4,59,93]]
[[0,0,0],[1,0,0],[0,1,0],[9,91,93]]
[[0,0,0],[1,0,0],[0,1,0],[23,23,93]]
[[0,0,0],[1,0,0],[0,1,0],[30,4,93]]
[[0,0,0],[1,0,0],[0,1,0],[21,16,93]]
[[0,0,0],[1,0,0],[0,1,0],[1,10,93]]
[[0,0,0],[1,0,0],[0,1,0],[15,4,93]]
[[0,0,0],[1,0,0],[0,1,0],[7,26,93]]
[[0,0,0],[1,0,0],[0,1,0],[24,82,93]]
[[0,0,0],[1,0,0],[0,1,0],[50,92,93]]
[[0,0,0],[1,0,0],[0,1,0],[33,22,93]]
[[0,0,0],[1,0,0],[0,1,0],[2,86,93]]
[[0,0,0],[1,0,0],[0,1,0],[14,29,93]]
[[0,0,0],[1,0,0],[0,1,0],[34,61,93]]
[[0,0,0],[1,0,0],[0,1,0],[2,61,93]]
[[0,0,0],[1,0,0],[0,1,0],[25,32,93]]
[[0,0,0],[1,0,0],[0,1,0],[30,67,93]]
[[0,0,0],[1,0,0],[0,1,0],[4,14,93]]
[[0,0,0],[1,0,0],[0,1,0],[50,50,93]]
[[0,0,0],[1,0,0],[0,1,0],[11,23,93]]
[[0,0,0],[1,0,0],[0,1,0],[18,45,93]]
[[0,0,0],[1,0,0],[0,1,0],[3,22,93]]
[[0,0,0],[1,0,0],[0,1,0],[39,86,93]]
[[0,0,0],[1,0,0],[0,1,0],[41,92,93]]
[[0,0,0],[1,0,0],[0,1,0],[11,44,93]]
[[0,0,0],[1,0,0],[0,1,0],[18,40,93]]
[[0,0,0],[1,0,0],[0,1,0],[2,47,93]]
[[0,0,0],[1,0,0],[0,1,0],[60,67,93]]
[[0,0,0],[1,0,0],[0,1,0],[21,42,93]]
[[0,0,0],[1,0,0],[0,1,0],[16,16,93]]
[[0,0,0],[1,0,0],[0,1,0],[33,85,93]]
[[0,0,0],[1,0,0],[0,1,0],[65,92,93]]
[[0,0,0],[1,0,0],[0,1,0],[9,88,93]]
[[0,0,0],[1,0,0],[0,1,0],[24,22,93]]
[[0,0,0],[1,0,0],[0,1,0],[21,76,93]]
[[0,0,0],[1,0,0],[0,1,0],[24,4,93]]
[[0,0,0],[1,0,0],[0,1,0],[2,43,93]]
[[0,0,0],[1,0,0],[0,1,0],[41,41,93]]
[[0,0,0],[1,0,0],[0,1,0],[36,22,93]]
[[0,0,0],[1,0,0],[0,1,0],[15,85,93]]
[[0,0,0],[1,0,0],[0,1,0],[36,79,93]]
[[0,0,0],[1,0,0],[0,1,0],[23,79,93]]
[[0,0,0],[1,0,0],[0,1,0],[32,38,93]]
[[0,0,0],[1,0,0],[0,1,0],[29,86,93]]
[[0,0,0],[1,0,0],[0,1,0],[7,16,93]]
[[0,0,0],[1,0,0],[0,1,0],[27,67,93]]
[[0,0,0],[1,0,0],[0,1,0],[13,19,93]]
[[0,0,0],[1,0,0],[0,1,0],[9,1,93]]
[[0,0,0],[1,0,0],[0,1,0],[16,32,93]]
[[0,0,0],[1,0,0],[0,1,0],[12,55,93]]
[[0,0,0],[1,0,0],[0,1,0],[9,64,93]]
[[0,0,0],[1,0,0],[0,1,0],[1,13,93]]
[[0,0,0],[1,0,0],[0,1,0],[1,7,93]]
[[0,0,0],[1,0,0],[0,1,0],[1,32,93]]
[[0,0,0],[1,0,0],[0,1,0],[7,13,93]]
[[0,0,0],[1,0,0],[0,1,0],[4,8,93]]
[[0,0,0],[1,0,0],[0,1,0],[2,13,93]]
[[0,0,0],[1,0,0],[0,1,0],[44,86,93]]
[[0,0,0],[1,0,0],[0,1,0],[1,4,93]]
[[0,0,0],[1,0,0],[0,1,0],[7,28,93]]
[[0,0,0],[1,0,0],[0,1,0],[8,68,93]]
[[0,0,0],[1,0,0],[0,1,0],[29,34,93]]
[[0,0,0],[1,0,0],[0,1,0],[3,88,93]]
[[0,0,0],[1,0,0],[0,1,0],[18,16,93]]
[[0,0,0],[1,0,0],[0,1,0],[5,89,93]]
[[0,0,0],[1,0,0],[0,1,0],[27,79,93]]
[[0,0,0],[1,0,0],[0,1,0],[2,44,93]]
[[0,0,0],[1,0,0],[0,1,0],[30,82,93]]
[[0,0,0],[1,0,0],[0,1,0],[1,11,93]]
[[0,0,0],[1,0,0],[0,1,0],[9,73,93]]
[[0,0,0],[1,0,0],[0,1,0],[2,5,93]]
[[0,0,0],[1,0,0],[0,1,0],[30,33,93]]
[[0,0,0],[1,0,0],[0,1,0],[4,41,93]]
[[0,0,0],[1,0,0],[0,1,0],[8,86,93]]
[[0,0,0],[1,0,0],[0,1,0],[38,80,93]]
[[0,0,0],[1,0,0],[0,1,0],[33,91,93]]
[[0,0,0],[1,0,0],[0,1,0],[42,52,93]]
[[0,0,0],[1,0,0],[0,1,0],[15,79,93]]
[[0,0,0],[1,0,0],[0,1,0],[54,71,93]]
[[0,0,0],[1,0,0],[0,1,0],[3,91,93]]
[[0,0,0],[1,0,0],[0,1,0],[14,16,93]]
[[0,0,0],[1,0,0],[0,1,0],[23,77,93]]
[[0,0,0],[1,0,0],[0,1,0],[19,25,93]]
[[0,0,0],[1,0,0],[0,1,0],[4,26,93]]
[[0,0,0],[1,0,0],[0,1,0],[27,37,93]]
[[0,0,0],[1,0,0],[0,1,0],[27,5,93]]
[[0,0,0],[1,0,0],[0,1,0],[5,92,93]]
[[0,0,0],[1,0,0],[0,1,0],[6,1,93]]
[[0,0,0],[1,0,0],[0,1,0],[3,1,93]]
[[0,0,0],[1,0,0],[0,1,0],[1,1,93]]
[[0,0,0],[1,0,0],[0,1,0],[18,85,93]]
[[0,0,0],[1,0,0],[0,1,0],[36,85,93]]
[[0,0,0],[1,0,0],[0,1,0],[2,19,93]]
[[0,0,0],[1,0,0],[0,1,0],[6,70,93]]
[[0,0,0],[1,0,0],[0,1,0],[3,85,93]]
[[0,0,0],[1,0,0],[0,1,0],[11,89,93]]
[[0,0,0],[1,0,0],[0,1,0],[4,4,93]]
[[0,0,0],[1,0,0],[0,1,0],[10,25,93]]
[[0,0,0],[1,0,0],[0,1,0],[2,26,93]]
[[0,0,0],[1,0,0],[0,1,0],[63,61,93]]
[[0,0,0],[1,0,0],[0,1,0],[12,49,93]]
[[0,0,0],[1,0,0],[0,1,0],[5,58,93]]
[[0,0,0],[1,0,0],[0,1,0],[39,55,93]]
[[0,0,0],[1,0,0],[0,1,0],[6,26,93]]
[[0,0,0],[1,0,0],[0,1,0],[25,71,93]]
[[0,0,0],[1,0,0],[0,1,0],[33,1,93]]
[[0,0,0],[1,0,0],[0,1,0],[3,49,93]]
[[0,0,0],[1,0,0],[0,1,0],[3,10,93]]
[[0,0,0],[1,0,0],[0,1,0],[32,32,93]]
[[0,0,0],[1,0,0],[0,1,0],[31,1,93]]
[[0,0,0],[1,0,0],[0,1,0],[15,55,93]]
[[0,0,0],[1,0,0],[0,1,0],[36,82,93]]
[[0,0,0],[1,0,0],[0,1,0],[11,59,93]]
[[0,0,0],[1,0,0],[0,1,0],[60,55,93]]
[[0,0,0],[1,0,0],[0,1,0],[25,80,93]]
[[0,0,0],[1,0,0],[0,1,0],[26,59,93]]
[[0,0,0],[1,0,0],[0,1,0],[11,88,93]]
[[0,0,0],[1,0,0],[0,1,0],[2,32,93]]
[[0,0,0],[1,0,0],[0,1,0],[10,29,93]]
[[0,0,0],[1,0,0],[0,1,0],[12,22,93]]
[[0,0,0],[1,0,0],[0,1,0],[9,52,93]]
[[0,0,0],[1,0,0],[0,1,0],[3,34,93]]
[[0,0,0],[1,0,0],[0,1,0],[7,38,93]]
[[0,0,0],[1,0,0],[0,1,0],[2,65,93]]
[[0,0,0],[1,0,0],[0,1,0],[8,14,93]]
[[0,0,0],[1,0,0],[0,1,0],[15,37,93]]
[[0,0,0],[1,0,0],[0,1,0],[3,79,93]]
[[0,0,0],[1,0,0],[0,1,0],[8,32,93]]
[[0,0,0],[1,0,0],[0,1,0],[5,28,93]]
[[0,0,0],[1,0,0],[0,1,0],[9,13,93]]
[[0,0,0],[1,0,0],[0,1,0],[27,25,93]]
[[0,0,0],[1,0,0],[0,1,0],[18,7,93]]
[[0,0,0],[1,0,0],[0,1,0],[22,73,93]]
[[0,0,0],[1,0,0],[0,1,0],[65,65,93]]
[[0,0,0],[1,0,0],[0,1,0],[11,14,93]]
[[0,0,0],[1,0,0],[0,1,0],[1,34,93]]
[[0,0,0],[1,0,0],[0,1,0],[18,4,93]]
[[0,0,0],[1,0,0],[0,1,0],[27,1,93]]
[[0,0,0],[1,0,0],[0,1,0],[12,88,93]]
[[0,0,0],[1,0,0],[0,1,0],[4,25,93]]
[[0,0,0],[1,0,0],[0,1,0],[15,10,93]]
[[0,0,0],[1,0,0],[0,1,0],[2,34,93]]
[[0,0,0],[1,0,0],[0,1,0],[2,23,93]]
[[0,0,0],[1,0,0],[0,1,0],[3,64,93]]
[[0,0,0],[1,0,0],[0,1,0],[4,37,93]]
[[0,0,0],[1,0,0],[0,1,0],[24,28,93]]
[[0,0,0],[1,0,0],[0,1,0],[9,16,93]]
[[0,0,0],[1,0,0],[0,1,0],[9,46,93]]
[[0,0,0],[1,0,0],[0,1,0],[25,38,93]]
[[0,0,0],[1,0,0],[0,1,0],[33,19,93]]
[[0,0,0],[1,0,0],[0,1,0],[45,61,93]]
[[0,0,0],[1,0,0],[0,1,0],[3,40,93]]
[[0,0,0],[1,0,0],[0,1,0],[11,92,93]]
[[0,0,0],[1,0,0],[0,1,0],[8,19,93]]
[[0,0,0],[1,0,0],[0,1,0],[6,88,93]]
[[0,0,0],[1,0,0],[0,1,0],[60,61,93]]
[[0,0,0],[1,0,0],[0,1,0],[54,79,93]]
[[0,0,0],[1,0,0],[0,1,0],[18,79,93]]
[[0,0,0],[1,0,0],[0,1,0],[7,10,93]]
[[0,0,0],[1,0,0],[0,1,0],[92,92,93]]
[[0,0,0],[1,0,0],[0,1,0],[0,1,93]]
[[0,0,0],[1,0,0],[0,1,0],[62,32,93]]
[[0,0,0],[1,0,0],[0,1,0],[12,34,93]]
[[0,0,0],[1,0,0],[0,1,0],[11,74,93]]
[[0,0,0],[1,0,0],[0,1,0],[5,43,93]]
[[0,0,0],[1,0,0],[0,1,0],[2,2,93]]
[[0,0,0],[1,0,0],[0,1,0],[2,80,93]]
[[0,0,0],[1,0,0],[0,1,0],[7,7,93]]
[[0,0,0],[1,0,0],[0,1,0],[39,76,93]]
[[0,0,0],[1,0,0],[0,1,0],[16,83,93]]
[[0,0,0],[1,0,0],[0,1,0],[12,64,93]]
[[0,0,0],[1,0,0],[0,1,0],[5,37,93]]
[[0,0,0],[1,0,0],[0,1,0],[10,16,93]]
[[0,0,0],[1,0,0],[0,1,0],[5,23,93]]
[[0,0,0],[1,0,0],[0,1,0],[8,59,93]]
[[0,0,0],[1,0,0],[0,1,0],[5,32,93]]
[[0,0,0],[1,0,0],[0,1,0],[12,28,93]]
[[0,0,0],[1,0,0],[0,1,0],[23,41,93]]
[[0,0,0],[1,0,0],[0,1,0],[33,61,93]]
[[0,0,0],[1,0,0],[0,1,0],[19,29,93]]
[[0,0,0],[1,0,0],[0,1,0],[4,40,93]]
[[0,0,0],[1,0,0],[0,1,0],[8,23,93]]
[[0,0,0],[1,0,0],[0,1,0],[2,16,93]]
[[0,0,0],[1,0,0],[0,1,0],[72,43,93]]
[[0,0,0],[1,0,0],[0,1,0],[31,32,93]]
[[0,0,0],[1,0,0],[0,1,0],[21,19,93]]
[[0,0,0],[1,0,0],[0,1,0],[48,88,93]]
[[0,0,0],[1,0,0],[0,1,0],[42,85,93]]
[[0,0,0],[1,0,0],[0,1,0],[9,67,93]]
[[0,0,0],[1,0,0],[0,1,0],[18,49,93]]
[[0,0,0],[1,0,0],[0,1,0],[6,76,93]]
[[0,0,0],[1,0,0],[0,1,0],[12,37,93]]
[[0,0,0],[1,0,0],[0,1,0],[53,53,93]]
[[0,0,0],[1,0,0],[0,1,0],[21,22,93]]
[[0,0,0],[1,0,0],[0,1,0],[2,53,93]]
[[0,0,0],[1,0,0],[0,1,0],[18,34,93]]
[[0,0,0],[1,0,0],[0,1,0],[8,20,93]]
[[0,0,0],[1,0,0],[0,1,0],[3,43,93]]
[[0,0,0],[1,0,0],[0,1,0],[6,19,93]]
[[0,0,0],[1,0,0],[0,1,0],[14,50,93]]
[[0,0,0],[1,0,0],[0,1,0],[21,91,93]]
[[0,0,0],[1,0,0],[0,1,0],[5,17,93]]
[[0,0,0],[1,0,0],[0,1,0],[5,65,93]]
[[0,0,0],[1,0,0],[0,1,0],[6,13,93]]
[[0,0,0],[1,0,0],[0,1,0],[15,28,93]]
[[0,0,0],[1,0,0],[0,1,0],[5,14,93]]
[[0,0,0],[1,0,0],[0,1,0],[15,34,93]]
[[0,0,0],[1,0,0],[0,1,0],[23,44,93]]
[[0,0,0],[1,0,0],[0,1,0],[23,29,93]]
[[0,0,0],[1,0,0],[0,1,0],[18,58,93]]
[[0,0,0],[1,0,0],[0,1,0],[33,70,93]]
[[0,0,0],[1,0,0],[0,1,0],[23,65,93]]
[[0,0,0],[1,0,0],[0,1,0],[66,59,93]]
[[0,0,0],[1,0,0],[0,1,0],[8,38,93]]
[[0,0,0],[1,0,0],[0,1,0],[54,49,93]]
[[0,0,0],[1,0,0],[0,1,0],[23,92,93]]
[[0,0,0],[1,0,0],[0,1,0],[7,37,93]]
[[0,0,0],[1,0,0],[0,1,0],[5,59,93]]
[[0,0,0],[1,0,0],[0,1,0],[12,20,93]]
[[0,0,0],[1,0,0],[0,1,0],[39,13,93]]
[[0,0,0],[1,0,0],[0,1,0],[6,61,93]]
[[0,0,0],[1,0,0],[0,1,0],[4,17,93]]
[[0,0,0],[1,0,0],[0,1,0],[13,50,93]]
[[0,0,0],[1,0,0],[0,1,0],[12,67,93]]
[[0,0,0],[1,0,0],[0,1,0],[24,76,93]]
[[0,0,0],[1,0,0],[0,1,0],[30,10,93]]
[[0,0,0],[1,0,0],[0,1,0],[41,59,93]]
[[0,0,0],[1,0,0],[0,1,0],[3,73,93]]
[[0,0,0],[1,0,0],[0,1,0],[32,53,93]]
[[0,0,0],[1,0,0],[0,1,0],[16,37,93]]
[[0,0,0],[1,0,0],[0,1,0],[8,41,93]]
[[0,0,0],[1,0,0],[0,1,0],[15,49,93]]
[[0,0,0],[1,0,0],[0,1,0],[39,4,93]]
[[0,0,0],[1,0,0],[0,1,0],[66,52,93]]
[[0,0,0],[1,0,0],[0,1,0],[6,43,93]]
[[0,0,0],[1,0,0],[0,1,0],[51,43,93]]
[[0,0,0],[1,0,0],[0,1,0],[4,29,93]]
[[0,0,0],[1,0,0],[0,1,0],[5,26,93]]
[[0,0,0],[1,0,0],[0,1,0],[16,19,93]]
[[0,0,0],[1,0,0],[0,1,0],[21,82,93]]
[[0,0,0],[1,0,0],[0,1,0],[18,43,93]]
[[0,0,0],[1,0,0],[0,1,0],[45,49,93]]
[[0,0,0],[1,0,0],[0,1,0],[30,2,93]]
[[0,0,0],[1,0,0],[0,1,0],[29,92,93]]
[[0,0,0],[1,0,0],[0,1,0],[14,89,93]]
[[0,0,0],[1,0,0],[0,1,0],[44,44,93]]
[[0,0,0],[1,0,0],[0,1,0],[19,44,93]]
[[0,0,0],[1,0,0],[0,1,0],[14,80,93]]
[[0,0,0],[1,0,0],[0,1,0],[6,46,93]]
[[0,0,0],[1,0,0],[0,1,0],[24,10,93]]
[[0,0,0],[1,0,0],[0,1,0],[30,73,93]]
[[0,0,0],[1,0,0],[0,1,0],[26,26,93]]
[[0,0,0],[1,0,0],[0,1,0],[51,55,93]]
[[0,0,0],[1,0,0],[0,1,0],[13,29,93]]
[[0,0,0],[1,0,0],[0,1,0],[14,59,93]]
[[0,0,0],[1,0,0],[0,1,0],[7,34,93]]
[[0,0,0],[1,0,0],[0,1,0],[6,22,93]]
[[0,0,0],[1,0,0],[0,1,0],[6,82,93]]
[[0,0,0],[1,0,0],[0,1,0],[21,85,93]]
[[0,0,0],[1,0,0],[0,1,0],[5,91,93]]
[[0,0,0],[1,0,0],[0,1,0],[4,44,93]]
[[0,0,0],[1,0,0],[0,1,0],[39,91,93]]
[[0,0,0],[1,0,0],[0,1,0],[2,50,93]]
[[0,0,0],[1,0,0],[0,1,0],[2,7,93]]
[[0,0,0],[1,0,0],[0,1,0],[33,7,93]]
[[0,0,0],[1,0,0],[0,1,0],[1,19,93]]
[[0,0,0],[1,0,0],[0,1,0],[7,35,93]]
[[0,0,0],[1,0,0],[0,1,0],[24,1,93]]
[[0,0,0],[1,0,0],[0,1,0],[13,37,93]]
[[0,0,0],[1,0,0],[0,1,0],[6,28,93]]
[[0,0,0],[1,0,0],[0,1,0],[10,38,93]]
[[0,0,0],[1,0,0],[0,1,0],[11,85,93]]
[[0,0,0],[1,0,0],[0,1,0],[12,82,93]]
[[0,0,0],[1,0,0],[0,1,0],[9,85,93]]
[[0,0,0],[1,0,0],[0,1,0],[32,73,93]]
[[0,0,0],[1,0,0],[0,1,0],[4,13,93]]
[[0,0,0],[1,0,0],[0,1,0],[22,26,93]]
[[0,0,0],[1,0,0],[0,1,0],[5,50,93]]
[[0,0,0],[1,0,0],[0,1,0],[2,77,93]]
[[0,0,0],[1,0,0],[0,1,0],[15,16,93]]
[[0,0,0],[1,0,0],[0,1,0],[69,49,93]]
[[0,0,0],[1,0,0],[0,1,0],[3,70,93]]
[[0,0,0],[1,0,0],[0,1,0],[23,76,93]]
[[0,0,0],[1,0,0],[0,1,0],[2,8,93]]
[[0,0,0],[1,0,0],[0,1,0],[42,7,93]]
[[0,0,0],[1,0,0],[0,1,0],[11,83,93]]
[[0,0,0],[1,0,0],[0,1,0],[21,1,93]]
[[0,0,0],[1,0,0],[0,1,0],[26,44,93]]
[[0,0,0],[1,0,0],[0,1,0],[23,53,93]]
[[0,0,0],[1,0,0],[0,1,0],[29,80,93]]
[[0,0,0],[1,0,0],[0,1,0],[3,46,93]]
[[0,0,0],[1,0,0],[0,1,0],[6,37,93]]
[[0,0,0],[1,0,0],[0,1,0],[45,80,93]]
[[0,0,0],[1,0,0],[0,1,0],[5,38,93]]
[[0,0,0],[1,0,0],[0,1,0],[9,19,93]]
[[0,0,0],[1,0,0],[0,1,0],[51,61,93]]
[[0,0,0],[1,0,0],[0,1,0],[18,46,93]]
[[0,0,0],[1,0,0],[0,1,0],[2,4,93]]
[[0,0,0],[1,0,0],[0,1,0],[51,74,93]]
[[0,0,0],[1,0,0],[0,1,0],[3,28,93]]
[[0,0,0],[1,0,0],[0,1,0],[7,32,93]]
[[0,0,0],[1,0,0],[0,1,0],[8,71,93]]
[[0,0,0],[1,0,0],[0,1,0],[5,20,93]]
[[0,0,0],[1,0,0],[0,1,0],[27,16,93]]
[[0,0,0],[1,0,0],[0,1,0],[2,74,93]]
[[0,0,0],[1,0,0],[0,1,0],[16,79,93]]
[[0,0,0],[1,0,0],[0,1,0],[2,71,93]]
[[0,0,0],[1,0,0],[0,1,0],[9,25,93]]
[[0,0,0],[1,0,0],[0,1,0],[5,5,93]]
[[0,0,0],[1,0,0],[0,1,0],[15,64,93]]
[[0,0,0],[1,0,0],[0,1,0],[26,65,93]]
[[0,0,0],[1,0,0],[0,1,0],[4,11,93]]
[[0,0,0],[1,0,0],[0,1,0],[5,34,93]]
[[0,0,0],[1,0,0],[0,1,0],[6,55,93]]
[[0,0,0],[1,0,0],[0,1,0],[7,25,93]]
[[0,0,0],[1,0,0],[0,1,0],[6,58,93]]
[[0,0,0],[1,0,0],[0,1,0],[6,52,93]]
[[0,0,0],[1,0,0],[0,1,0],[11,77,93]]
[[0,0,0],[1,0,0],[0,1,0],[3,16,93]]
[[0,0,0],[1,0,0],[0,1,0],[9,58,93]]
[[0,0,0],[1,0,0],[0,1,0],[45,67,93]]
[[0,0,0],[1,0,0],[0,1,0],[9,61,93]]
[[0,0,0],[1,0,0],[0,1,0],[8,11,93]]
[[0,0,0],[1,0,0],[0,1,0],[11,50,93]]
[[0,0,0],[1,0,0],[0,1,0],[7,41,93]]
[[0,0,0],[1,0,0],[0,1,0],[6,7,93]]
[[0,0,0],[1,0,0],[0,1,0],[4,32,93]]
[[0,0,0],[1,0,0],[0,1,0],[72,84,93]]
[[0,0,0],[1,0,0],[0,1,0],[15,61,93]]
[[0,0,0],[1,0,0],[0,1,0],[23,80,93]]
[[0,0,0],[1,0,0],[0,1,0],[53,92,93]]
[[0,0,0],[1,0,0],[0,1,0],[2,29,93]]
[[0,0,0],[1,0,0],[0,1,0],[16,25,93]]
[[0,0,0],[1,0,0],[0,1,0],[26,77,93]]
[[0,0,0],[1,0,0],[0,1,0],[12,43,93]]
[[0,0,0],[1,0,0],[0,1,0],[26,68,93]]
[[0,0,0],[1,0,0],[0,1,0],[2,83,93]]
[[0,0,0],[1,0,0],[0,1,0],[30,25,93]]
[[0,0,0],[1,0,0],[0,1,0],[12,61,93]]
[[0,0,0],[1,0,0],[0,1,0],[15,48,93]]
[[0,0,0],[1,0,0],[0,1,0],[19,76,93]]
[[0,0,0],[1,0,0],[0,1,0],[9,34,93]]
[[0,0,0],[1,0,0],[0,1,0],[13,83,93]]
[[0,0,0],[1,0,0],[0,1,0],[4,23,93]]
[[0,0,0],[1,0,0],[0,1,0],[42,82,93]]
[[0,0,0],[1,0,0],[0,1,0],[2,40,93]]
[[0,0,0],[1,0,0],[0,1,0],[8,29,93]]
[[0,0,0],[1,0,0],[0,1,0],[1,2,93]]
[[0,0,0],[1,0,0],[0,1,0],[13,32,93]]
[[0,0,0],[1,0,0],[0,1,0],[45,1,93]]
[[0,0,0],[1,0,0],[0,1,0],[9,7,93]]
[[0,0,0],[1,0,0],[0,1,0],[8,80,93]]
[[0,0,0],[1,0,0],[0,1,0],[4,16,93]]
[[0,0,0],[1,0,0],[0,1,0],[23,83,93]]
[[0,0,0],[1,0,0],[0,1,0],[36,73,93]]
[[0,0,0],[1,0,0],[0,1,0],[2,37,93]]
[[0,0,0],[1,0,0],[0,1,0],[6,10,93]]
[[0,0,0],[1,0,0],[0,1,0],[11,32,93]]
[[0,0,0],[1,0,0],[0,1,0],[29,44,93]]
[[0,0,0],[1,0,0],[0,1,0],[8,74,93]]
[[0,0,0],[1,0,0],[0,1,0],[3,29,93]]
[[0,0,0],[1,0,0],[0,1,0],[9,70,93]]
[[0,0,0],[1,0,0],[0,1,0],[3,19,93]]
[[0,0,0],[1,0,0],[0,1,0],[1,14,93]]
[[0,0,0],[1,0,0],[0,1,0],[4,10,93]]
[[0,0,0],[1,0,0],[0,1,0],[5,53,93]]
[[0,0,0],[1,0,0],[0,1,0],[6,57,93]]
[[0,0,0],[1,0,0],[0,1,0],[5,7,93]]
[[0,0,0],[1,0,0],[0,1,0],[14,14,93]]
[[0,0,0],[1,0,0],[0,1,0],[5,8,93]]
[[0,0,0],[1,0,0],[0,1,0],[3,25,93]]
[[0,0,0],[1,0,0],[0,1,0],[12,85,93]]
[[0,0,0],[1,0,0],[0,1,0],[21,40,93]]
[[0,0,0],[1,0,0],[0,1,0],[24,73,93]]
[[0,0,0],[1,0,0],[0,1,0],[9,10,93]]
[[0,0,0],[1,0,0],[0,1,0],[8,65,93]]
[[0,0,0],[1,0,0],[0,1,0],[8,83,93]]
[[0,0,0],[1,0,0],[0,1,0],[24,8,93]]
[[0,0,0],[1,0,0],[0,1,0],[7,11,93]]
[[0,0,0],[1,0,0],[0,1,0],[11,86,93]]
[[0,0,0],[1,0,0],[0,1,0],[13,26,93]]
[[0,0,0],[1,0,0],[0,1,0],[6,25,93]]
[[0,0,0],[1,0,0],[0,1,0],[42,83,93]]
[[0,0,0],[1,0,0],[0,1,0],[38,44,93]]
[[0,0,0],[1,0,0],[0,1,0],[11,17,93]]
[[0,0,0],[1,0,0],[0,1,0],[8,10,93]]
[[0,0,0],[1,0,0],[0,1,0],[6,79,93]]
[[0,0,0],[1,0,0],[0,1,0],[45,91,93]]
[[0,0,0],[1,0,0],[0,1,0],[2,92,93]]
[[0,0,0],[1,0,0],[0,1,0],[3,37,93]]
[[0,0,0],[1,0,0],[0,1,0],[5,74,93]]
[[0,0,0],[1,0,0],[0,1,0],[57,61,93]]
[[0,0,0],[1,0,0],[0,1,0],[11,68,93]]
[[0,0,0],[1,0,0],[0,1,0],[4,34,93]]
[[0,0,0],[1,0,0],[0,1,0],[8,55,93]]
[[0,0,0],[1,0,0],[0,1,0],[12,70,93]]
[[0,0,0],[1,0,0],[0,1,0],[21,52,93]]
[[0,0,0],[1,0,0],[0,1,0],[21,46,93]]
[[0,0,0],[1,0,0],[0,1,0],[2,56,93]]
[[0,0,0],[1,0,0],[0,1,0],[11,22,93]]
[[0,0,0],[1,0,0],[0,1,0],[10,10,93]]
[[0,0,0],[1,0,0],[0,1,0],[10,26,93]]
[[0,0,0],[1,0,0],[0,1,0],[12,7,93]]
[[0,0,0],[1,0,0],[0,1,0],[5,41,93]]
[[0,0,0],[1,0,0],[0,1,0],[6,40,93]]
[[0,0,0],[1,0,0],[0,1,0],[21,25,93]]
[[0,0,0],[1,0,0],[0,1,0],[1,16,93]]
[[0,0,0],[1,0,0],[0,1,0],[12,4,93]]
[[0,0,0],[1,0,0],[0,1,0],[15,1,93]]
[[0,0,0],[1,0,0],[0,1,0],[26,92,93]]
[[0,0,0],[1,0,0],[0,1,0],[26,74,93]]
[[0,0,0],[1,0,0],[0,1,0],[15,17,93]]
[[0,0,0],[1,0,0],[0,1,0],[42,1,93]]
[[0,0,0],[1,0,0],[0,1,0],[2,11,93]]
[[0,0,0],[1,0,0],[0,1,0],[24,7,93]]
[[0,0,0],[1,0,0],[0,1,0],[3,61,93]]
[[0,0,0],[1,0,0],[0,1,0],[53,65,93]]
[[0,0,0],[1,0,0],[0,1,0],[9,49,93]]
[[0,0,0],[1,0,0],[0,1,0],[75,28,93]]
[[0,0,0],[1,0,0],[0,1,0],[4,35,93]]
[[0,0,0],[1,0,0],[0,1,0],[27,4,93]]
[[0,0,0],[1,0,0],[0,1,0],[33,28,93]]
[[0,0,0],[1,0,0],[0,1,0],[2,25,93]]
[[0,0,0],[1,0,0],[0,1,0],[11,52,93]]
[[0,0,0],[1,0,0],[0,1,0],[33,88,93]]
[[0,0,0],[1,0,0],[0,1,0],[10,20,93]]
[[0,0,0],[1,0,0],[0,1,0],[30,16,93]]
[[0,0,0],[1,0,0],[0,1,0],[9,43,93]]
[[0,0,0],[1,0,0],[0,1,0],[54,40,93]]
[[0,0,0],[1,0,0],[0,1,0],[30,1,93]]
[[0,0,0],[1,0,0],[0,1,0],[3,76,93]]
[[0,0,0],[1,0,0],[0,1,0],[5,35,93]]
[[0,0,0],[1,0,0],[0,1,0],[5,13,93]]
[[0,0,0],[1,0,0],[0,1,0],[63,34,93]]
[[0,0,0],[1,0,0],[0,1,0],[6,67,93]]
[[0,0,0],[1,0,0],[0,1,0],[14,20,93]]
[[0,0,0],[1,0,0],[0,1,0],[39,85,93]]
[[0,0,0],[1,0,0],[0,1,0],[13,13,93]]
[[0,0,0],[1,0,0],[0,1,0],[2,22,93]]
[[0,0,0],[1,0,0],[0,1,0],[36,88,93]]
[[0,0,0],[1,0,0],[0,1,0],[21,7,93]]
[[0,0,0],[1,0,0],[0,1,0],[2,68,93]]
[[0,0,0],[1,0,0],[0,1,0],[14,92,93]]
[[0,0,0],[1,0,0],[0,1,0],[5,56,93]]
[[0,0,0],[1,0,0],[0,1,0],[8,8,93]]
[[0,0,0],[1,0,0],[0,1,0],[18,1,93]]
[[0,0,0],[1,0,0],[0,1,0],[3,13,93]]
[[0,0,0],[1,0,0],[0,1,0],[4,38,93]]
[[0,0,0],[1,0,0],[0,1,0],[29,73,93]]
[[0,0,0],[1,0,0],[0,1,0],[39,61,93]]
[[0,0,0],[1,0,0],[0,1,0],[15,91,93]]
[[0,0,0],[1,0,0],[0,1,0],[12,46,93]]
[[0,0,0],[1,0,0],[0,1,0],[18,19,93]]
[[0,0,0],[1,0,0],[0,1,0],[2,14,93]]
[[0,0,0],[1,0,0],[0,1,0],[30,79,93]]
[[0,0,0],[1,0,0],[0,1,0],[7,20,93]]
[[0,0,0],[1,0,0],[0,1,0],[23,86,93]]
[[0,0,0],[1,0,0],[0,1,0],[62,63,93]]
[[0,0,0],[1,0,0],[0,1,0],[9,23,93]]
[[0,0,0],[1,0,0],[0,1,0],[24,37,93]]
[[0,0,0],[1,0,0],[0,1,0],[75,81,93]]
[[0,0,0],[1,0,0],[0,1,0],[11,20,93]]
[[0,0,0],[1,0,0],[0,1,0],[2,28,93]]
[[0,0,0],[1,0,0],[0,1,0],[23,68,93]]
[[0,0,0],[1,0,0],[0,1,0],[9,55,93]]
[[0,0,0],[1,0,0],[0,1,0],[38,38,93]]
[[0,0,0],[1,0,0],[0,1,0],[36,70,93]]
[[0,0,0],[1,0,0],[0,1,0],[29,29,93]]
