[[0,0,0],[1,0,0],[0,1,0],[3,22,97]]
[[0,0,0],[1,0,0],[0,1,0],[2,34,97]]
[[0,0,0],[1,0,0],[0,1,0],[5,8,97]]
[[0,0,0],[1,0,0],[0,1,0],[12,35,97]]
[[0,0,0],[1,0,0],[0,1,0],[16,24,97]]
[[0,0,0],[1,0,0],[0,1,0],[13,16,97]]
[[0,0,0],[1,0,0],[0,1,0],[2,9,97]]
[[0,0,0],[1,0,0],[0,1,0],[6,38,97]]
[[0,0,0],[1,0,0],[0,1,0],[3,18,97]]
[[0,0,0],[1,0,0],[0,1,0],[3,11,97]]
[[0,0,0],[1,0,0],[0,1,0],[1,6,97]]
[[0,0,0],[1,0,0],[0,1,0],[16,40,97]]
[[0,0,0],[1,0,0],[0,1,0],[13,91,97]]
[[0,0,0],[1,0,0],[0,1,0],[17,17,97]]
[[0,0,0],[1,0,0],[0,1,0],[8,18,97]]
[[0,0,0],[1,0,0],[0,1,0],[2,24,97]]
[[0,0,0],[1,0,0],[0,1,0],[4,28,97]]
[[0,0,0],[1,0,0],[0,1,0],[10,20,97]]
[[0,0,0],[1,0,0],[0,1,0],[7,21,97]]
[[0,0,0],[1,0,0],[0,1,0],[8,40,97]]
[[0,0,0],[1,0,0],[0,1,0],[10,18,97]]
[[0,0,0],[1,0,0],[0,1,0],[1,26,97]]
[[0,0,0],[1,0,0],[0,1,0],[5,35,97]]
[[0,0,0],[1,0,0],[0,1,0],[21,87,97]]
[[0,0,0],[1,0,0],[0,1,0],[3,29,97]]
[[0,0,0],[1,0,0],[0,1,0],[19,32,97]]
[[0,0,0],[1,0,0],[0,1,0],[4,17,97]]
[[0,0,0],[1,0,0],[0,1,0],[17,25,97]]
[[0,0,0],[1,0,0],[0,1,0],[5,33,97]]
[[0,0,0],[1,0,0],[0,1,0],[1,11,97]]
[[0,0,0],[1,0,0],[0,1,0],[21,79,97]]
[[0,0,0],[1,0,0],[0,1,0],[11,92,97]]
[[0,0,0],[1,0,0],[0,1,0],[8,24,97]]
[[0,0,0],[1,0,0],[0,1,0],[19,36,97]]
[[0,0,0],[1,0,0],[0,1,0],[3,8,97]]
[[0,0,0],[1,0,0],[0,1,0],[6,30,97]]
[[0,0,0],[1,0,0],[0,1,0],[11,11,97]]
[[0,0,0],[1,0,0],[0,1,0],[8,27,97]]
[[0,0,0],[1,0,0],[0,1,0],[18,34,97]]
[[0,0,0],[1,0,0],[0,1,0],[5,24,97]]
[[0,0,0],[1,0,0],[0,1,0],[4,35,97]]
[[0,0,0],[1,0,0],[0,1,0],[36,63,97]]
[[0,0,0],[1,0,0],[0,1,0],[4,7,97]]
[[0,0,0],[1,0,0],[0,1,0],[3,15,97]]
[[0,0,0],[1,0,0],[0,1,0],[6,32,97]]
[[0,0,0],[1,0,0],[0,1,0],[10,36,97]]
[[0,0,0],[1,0,0],[0,1,0],[2,28,97]]
[[0,0,0],[1,0,0],[0,1,0],[6,93,97]]
[[0,0,0],[1,0,0],[0,1,0],[4,13,97]]
[[0,0,0],[1,0,0],[0,1,0],[23,31,97]]
[[0,0,0],[1,0,0],[0,1,0],[5,34,97]]
[[0,0,0],[1,0,0],[0,1,0],[13,15,97]]
[[0,0,0],[1,0,0],[0,1,0],[2,19,97]]
[[0,0,0],[1,0,0],[0,1,0],[19,83,97]]
[[0,0,0],[1,0,0],[0,1,0],[2,96,97]]
[[0,0,0],[1,0,0],[0,1,0],[25,30,97]]
[[0,0,0],[1,0,0],[0,1,0],[6,9,97]]
[[0,0,0],[1,0,0],[0,1,0],[8,22,97]]
[[0,0,0],[1,0,0],[0,1,0],[8,45,97]]
[[0,0,0],[1,0,0],[0,1,0],[2,26,97]]
[[0,0,0],[1,0,0],[0,1,0],[8,36,97]]
[[0,0,0],[1,0,0],[0,1,0],[1,4,97]]
[[0,0,0],[1,0,0],[0,1,0],[5,38,97]]
[[0,0,0],[1,0,0],[0,1,0],[2,41,97]]
[[0,0,0],[1,0,0],[0,1,0],[1,18,97]]
[[0,0,0],[1,0,0],[0,1,0],[9,31,97]]
[[0,0,0],[1,0,0],[0,1,0],[20,35,97]]
[[0,0,0],[1,0,0],[0,1,0],[3,40,97]]
[[0,0,0],[1,0,0],[0,1,0],[3,45,97]]
[[0,0,0],[1,0,0],[0,1,0],[2,12,97]]
[[0,0,0],[1,0,0],[0,1,0],[21,36,97]]
[[0,0,0],[1,0,0],[0,1,0],[26,72,97]]
[[0,0,0],[1,0,0],[0,1,0],[10,16,97]]
[[0,0,0],[1,0,0],[0,1,0],[5,5,97]]
[[0,0,0],[1,0,0],[0,1,0],[7,32,97]]
[[0,0,0],[1,0,0],[0,1,0],[16,35,97]]
[[0,0,0],[1,0,0],[0,1,0],[4,34,97]]
[[0,0,0],[1,0,0],[0,1,0],[33,80,97]]
[[0,0,0],[1,0,0],[0,1,0],[9,93,97]]
[[0,0,0],[1,0,0],[0,1,0],[3,16,97]]
[[0,0,0],[1,0,0],[0,1,0],[2,40,97]]
[[0,0,0],[1,0,0],[0,1,0],[22,77,97]]
[[0,0,0],[1,0,0],[0,1,0],[7,92,97]]
[[0,0,0],[1,0,0],[0,1,0],[11,91,97]]
[[0,0,0],[1,0,0],[0,1,0],[5,31,97]]
[[0,0,0],[1,0,0],[0,1,0],[1,5,97]]
[[0,0,0],[1,0,0],[0,1,0],[8,32,97]]
[[0,0,0],[1,0,0],[0,1,0],[6,15,97]]
[[0,0,0],[1,0,0],[0,1,0],[3,27,97]]
[[0,0,0],[1,0,0],[0,1,0],[11,15,97]]
[[0,0,0],[1,0,0],[0,1,0],[4,46,97]]
[[0,0,0],[1,0,0],[0,1,0],[16,23,97]]
[[0,0,0],[1,0,0],[0,1,0],[1,2,97]]
[[0,0,0],[1,0,0],[0,1,0],[9,41,97]]
[[0,0,0],[1,0,0],[0,1,0],[3,38,97]]
[[0,0,0],[1,0,0],[0,1,0],[7,38,97]]
[[0,0,0],[1,0,0],[0,1,0],[35,80,97]]
[[0,0,0],[1,0,0],[0,1,0],[4,41,97]]
[[0,0,0],[1,0,0],[0,1,0],[8,12,97]]
[[0,0,0],[1,0,0],[0,1,0],[6,6,97]]
[[0,0,0],[1,0,0],[0,1,0],[16,37,97]]
[[0,0,0],[1,0,0],[0,1,0],[24,84,97]]
[[0,0,0],[1,0,0],[0,1,0],[8,16,97]]
[[0,0,0],[1,0,0],[0,1,0],[19,79,97]]
[[0,0,0],[1,0,0],[0,1,0],[1,19,97]]
[[0,0,0],[1,0,0],[0,1,0],[6,22,97]]
[[0,0,0],[1,0,0],[0,1,0],[4,26,97]]
[[0,0,0],[1,0,0],[0,1,0],[2,13,97]]
[[0,0,0],[1,0,0],[0,1,0],[2,10,97]]
[[0,0,0],[1,0,0],[0,1,0],[20,33,97]]
[[0,0,0],[1,0,0],[0,1,0],[6,40,97]]
[[0,0,0],[1,0,0],[0,1,0],[7,19,97]]
[[0,0,0],[1,0,0],[0,1,0],[6,10,97]]
[[0,0,0],[1,0,0],[0,1,0],[17,38,97]]
[[0,0,0],[1,0,0],[0,1,0],[29,71,97]]
[[0,0,0],[1,0,0],[0,1,0],[2,32,97]]
[[0,0,0],[1,0,0],[0,1,0],[18,80,97]]
[[0,0,0],[1,0,0],[0,1,0],[10,40,97]]
[[0,0,0],[1,0,0],[0,1,0],[19,22,97]]
[[0,0,0],[1,0,0],[0,1,0],[2,23,97]]
[[0,0,0],[1,0,0],[0,1,0],[7,93,97]]
[[0,0,0],[1,0,0],[0,1,0],[3,28,97]]
[[0,0,0],[1,0,0],[0,1,0],[3,6,97]]
[[0,0,0],[1,0,0],[0,1,0],[3,7,97]]
[[0,0,0],[1,0,0],[0,1,0],[7,12,97]]
[[0,0,0],[1,0,0],[0,1,0],[9,32,97]]
[[0,0,0],[1,0,0],[0,1,0],[8,29,97]]
[[0,0,0],[1,0,0],[0,1,0],[5,37,97]]
[[0,0,0],[1,0,0],[0,1,0],[6,46,97]]
[[0,0,0],[1,0,0],[0,1,0],[2,6,97]]
[[0,0,0],[1,0,0],[0,1,0],[9,9,97]]
[[0,0,0],[1,0,0],[0,1,0],[6,24,97]]
[[0,0,0],[1,0,0],[0,1,0],[16,38,97]]
[[0,0,0],[1,0,0],[0,1,0],[3,43,97]]
[[0,0,0],[1,0,0],[0,1,0],[22,38,97]]
[[0,0,0],[1,0,0],[0,1,0],[1,13,97]]
[[0,0,0],[1,0,0],[0,1,0],[10,19,97]]
[[0,0,0],[1,0,0],[0,1,0],[1,10,97]]
[[0,0,0],[1,0,0],[0,1,0],[16,36,97]]
[[0,0,0],[1,0,0],[0,1,0],[5,42,97]]
[[0,0,0],[1,0,0],[0,1,0],[10,26,97]]
[[0,0,0],[1,0,0],[0,1,0],[12,42,97]]
[[0,0,0],[1,0,0],[0,1,0],[2,30,97]]
[[0,0,0],[1,0,0],[0,1,0],[9,30,97]]
[[0,0,0],[1,0,0],[0,1,0],[6,16,97]]
[[0,0,0],[1,0,0],[0,1,0],[25,84,97]]
[[0,0,0],[1,0,0],[0,1,0],[3,95,97]]
[[0,0,0],[1,0,0],[0,1,0],[3,23,97]]
[[0,0,0],[1,0,0],[0,1,0],[3,35,97]]
[[0,0,0],[1,0,0],[0,1,0],[13,30,97]]
[[0,0,0],[1,0,0],[0,1,0],[3,14,97]]
[[0,0,0],[1,0,0],[0,1,0],[13,13,97]]
[[0,0,0],[1,0,0],[0,1,0],[10,12,97]]
[[0,0,0],[1,0,0],[0,1,0],[5,41,97]]
[[0,0,0],[1,0,0],[0,1,0],[4,6,97]]
[[0,0,0],[1,0,0],[0,1,0],[8,44,97]]
[[0,0,0],[1,0,0],[0,1,0],[11,29,97]]
[[0,0,0],[1,0,0],[0,1,0],[5,7,97]]
[[0,0,0],[1,0,0],[0,1,0],[8,34,97]]
[[0,0,0],[1,0,0],[0,1,0],[7,27,97]]
[[0,0,0],[1,0,0],[0,1,0],[10,44,97]]
[[0,0,0],[1,0,0],[0,1,0],[22,76,97]]
[[0,0,0],[1,0,0],[0,1,0],[12,23,97]]
[[0,0,0],[1,0,0],[0,1,0],[12,16,97]]
[[0,0,0],[1,0,0],[0,1,0],[4,33,97]]
[[0,0,0],[1,0,0],[0,1,0],[21,21,97]]
[[0,0,0],[1,0,0],[0,1,0],[5,93,97]]
[[0,0,0],[1,0,0],[0,1,0],[3,12,97]]
[[0,0,0],[1,0,0],[0,1,0],[9,29,97]]
[[0,0,0],[1,0,0],[0,1,0],[3,44,97]]
[[0,0,0],[1,0,0],[0,1,0],[3,37,97]]
[[0,0,0],[1,0,0],[0,1,0],[5,13,97]]
[[0,0,0],[1,0,0],[0,1,0],[1,22,97]]
[[0,0,0],[1,0,0],[0,1,0],[3,25,97]]
[[0,0,0],[1,0,0],[0,1,0],[16,41,97]]
[[0,0,0],[1,0,0],[0,1,0],[42,67,97]]
[[0,0,0],[1,0,0],[0,1,0],[8,15,97]]
[[0,0,0],[1,0,0],[0,1,0],[6,29,97]]
[[0,0,0],[1,0,0],[0,1,0],[9,36,97]]
[[0,0,0],[1,0,0],[0,1,0],[17,34,97]]
[[0,0,0],[1,0,0],[0,1,0],[23,23,97]]
[[0,0,0],[1,0,0],[0,1,0],[3,36,97]]
[[0,0,0],[1,0,0],[0,1,0],[2,37,97]]
[[0,0,0],[1,0,0],[0,1,0],[4,8,97]]
[[0,0,0],[1,0,0],[0,1,0],[12,15,97]]
[[0,0,0],[1,0,0],[0,1,0],[12,34,97]]
[[0,0,0],[1,0,0],[0,1,0],[7,33,97]]
[[0,0,0],[1,0,0],[0,1,0],[2,45,97]]
[[0,0,0],[1,0,0],[0,1,0],[10,43,97]]
[[0,0,0],[1,0,0],[0,1,0],[2,17,97]]
[[0,0,0],[1,0,0],[0,1,0],[2,2,97]]
[[0,0,0],[1,0,0],[0,1,0],[13,37,97]]
[[0,0,0],[1,0,0],[0,1,0],[7,34,97]]
[[0,0,0],[1,0,0],[0,1,0],[2,48,97]]
[[0,0,0],[1,0,0],[0,1,0],[1,25,97]]
[[0,0,0],[1,0,0],[0,1,0],[24,33,97]]
[[0,0,0],[1,0,0],[0,1,0],[12,30,97]]
[[0,0,0],[1,0,0],[0,1,0],[1,8,97]]
[[0,0,0],[1,0,0],[0,1,0],[3,39,97]]
[[0,0,0],[1,0,0],[0,1,0],[6,33,97]]
[[0,0,0],[1,0,0],[0,1,0],[9,38,97]]
[[0,0,0],[1,0,0],[0,1,0],[17,37,97]]
[[0,0,0],[1,0,0],[0,1,0],[7,17,97]]
[[0,0,0],[1,0,0],[0,1,0],[4,14,97]]
[[0,0,0],[1,0,0],[0,1,0],[25,74,97]]
[[0,0,0],[1,0,0],[0,1,0],[7,24,97]]
[[0,0,0],[1,0,0],[0,1,0],[3,24,97]]
[[0,0,0],[1,0,0],[0,1,0],[2,11,97]]
[[0,0,0],[1,0,0],[0,1,0],[17,33,97]]
[[0,0,0],[1,0,0],[0,1,0],[12,40,97]]
[[0,0,0],[1,0,0],[0,1,0],[10,10,97]]
[[0,0,0],[1,0,0],[0,1,0],[6,17,97]]
[[0,0,0],[1,0,0],[0,1,0],[3,34,97]]
[[0,0,0],[1,0,0],[0,1,0],[2,7,97]]
[[0,0,0],[1,0,0],[0,1,0],[6,8,97]]
[[0,0,0],[1,0,0],[0,1,0],[7,16,97]]
[[0,0,0],[1,0,0],[0,1,0],[5,26,97]]
[[0,0,0],[1,0,0],[0,1,0],[16,87,97]]
[[0,0,0],[1,0,0],[0,1,0],[5,10,97]]
[[0,0,0],[1,0,0],[0,1,0],[5,21,97]]
[[0,0,0],[1,0,0],[0,1,0],[1,35,97]]
[[0,0,0],[1,0,0],[0,1,0],[41,59,97]]
[[0,0,0],[1,0,0],[0,1,0],[4,38,97]]
[[0,0,0],[1,0,0],[0,1,0],[5,14,97]]
[[0,0,0],[1,0,0],[0,1,0],[28,79,97]]
[[0,0,0],[1,0,0],[0,1,0],[8,35,97]]
[[0,0,0],[1,0,0],[0,1,0],[4,25,97]]
[[0,0,0],[1,0,0],[0,1,0],[6,44,97]]
[[0,0,0],[1,0,0],[0,1,0],[3,19,97]]
[[0,0,0],[1,0,0],[0,1,0],[9,18,97]]
[[0,0,0],[1,0,0],[0,1,0],[1,20,97]]
[[0,0,0],[1,0,0],[0,1,0],[11,18,97]]
[[0,0,0],[1,0,0],[0,1,0],[4,19,97]]
[[0,0,0],[1,0,0],[0,1,0],[2,18,97]]
[[0,0,0],[1,0,0],[0,1,0],[8,13,97]]
[[0,0,0],[1,0,0],[0,1,0],[17,83,97]]
[[0,0,0],[1,0,0],[0,1,0],[2,36,97]]
[[0,0,0],[1,0,0],[0,1,0],[3,33,97]]
[[0,0,0],[1,0,0],[0,1,0],[6,23,97]]
[[0,0,0],[1,0,0],[0,1,0],[13,88,97]]
[[0,0,0],[1,0,0],[0,1,0],[23,30,97]]
[[0,0,0],[1,0,0],[0,1,0],[9,20,97]]
[[0,0,0],[1,0,0],[0,1,0],[4,12,97]]
[[0,0,0],[1,0,0],[0,1,0],[12,19,97]]
[[0,0,0],[1,0,0],[0,1,0],[28,28,97]]
[[0,0,0],[1,0,0],[0,1,0],[7,23,97]]
[[0,0,0],[1,0,0],[0,1,0],[12,38,97]]
[[0,0,0],[1,0,0],[0,1,0],[18,29,97]]
[[0,0,0],[1,0,0],[0,1,0],[36,76,97]]
[[0,0,0],[1,0,0],[0,1,0],[5,25,97]]
[[0,0,0],[1,0,0],[0,1,0],[19,28,97]]
[[0,0,0],[1,0,0],[0,1,0],[2,38,97]]
[[0,0,0],[1,0,0],[0,1,0],[7,11,97]]
[[0,0,0],[1,0,0],[0,1,0],[3,96,97]]
[[0,0,0],[1,0,0],[0,1,0],[13,41,97]]
[[0,0,0],[1,0,0],[0,1,0],[20,79,97]]
[[0,0,0],[1,0,0],[0,1,0],[2,15,97]]
[[0,0,0],[1,0,0],[0,1,0],[4,23,97]]
[[0,0,0],[1,0,0],[0,1,0],[7,31,97]]
[[0,0,0],[1,0,0],[0,1,0],[12,22,97]]
[[0,0,0],[1,0,0],[0,1,0],[3,31,97]]
[[0,0,0],[1,0,0],[0,1,0],[9,90,97]]
[[0,0,0],[1,0,0],[0,1,0],[21,82,97]]
[[0,0,0],[1,0,0],[0,1,0],[4,40,97]]
[[0,0,0],[1,0,0],[0,1,0],[3,26,97]]
[[0,0,0],[1,0,0],[0,1,0],[8,30,97]]
[[0,0,0],[1,0,0],[0,1,0],[5,36,97]]
[[0,0,0],[1,0,0],[0,1,0],[6,28,97]]
[[0,0,0],[1,0,0],[0,1,0],[11,16,97]]
[[0,0,0],[1,0,0],[0,1,0],[2,5,97]]
[[0,0,0],[1,0,0],[0,1,0],[5,17,97]]
[[0,0,0],[1,0,0],[0,1,0],[10,32,97]]
[[0,0,0],[1,0,0],[0,1,0],[13,24,97]]
[[0,0,0],[1,0,0],[0,1,0],[11,87,97]]
[[0,0,0],[1,0,0],[0,1,0],[31,69,97]]
[[0,0,0],[1,0,0],[0,1,0],[17,31,97]]
[[0,0,0],[1,0,0],[0,1,0],[7,28,97]]
[[0,0,0],[1,0,0],[0,1,0],[2,21,97]]
[[0,0,0],[1,0,0],[0,1,0],[10,30,97]]
[[0,0,0],[1,0,0],[0,1,0],[13,22,97]]
[[0,0,0],[1,0,0],[0,1,0],[5,43,97]]
[[0,0,0],[1,0,0],[0,1,0],[8,91,97]]
[[0,0,0],[1,0,0],[0,1,0],[1,7,97]]
[[0,0,0],[1,0,0],[0,1,0],[18,20,97]]
[[0,0,0],[1,0,0],[0,1,0],[25,31,97]]
[[0,0,0],[1,0,0],[0,1,0],[4,20,97]]
[[0,0,0],[1,0,0],[0,1,0],[1,33,97]]
[[0,0,0],[1,0,0],[0,1,0],[21,77,97]]
[[0,0,0],[1,0,0],[0,1,0],[1,30,97]]
[[0,0,0],[1,0,0],[0,1,0],[6,36,97]]
[[0,0,0],[1,0,0],[0,1,0],[8,37,97]]
[[0,0,0],[1,0,0],[0,1,0],[3,32,97]]
[[0,0,0],[1,0,0],[0,1,0],[6,92,97]]
[[0,0,0],[1,0,0],[0,1,0],[8,42,97]]
[[0,0,0],[1,0,0],[0,1,0],[35,78,97]]
[[0,0,0],[1,0,0],[0,1,0],[6,20,97]]
[[0,0,0],[1,0,0],[0,1,0],[13,23,97]]
[[0,0,0],[1,0,0],[0,1,0],[19,88,97]]
[[0,0,0],[1,0,0],[0,1,0],[6,12,97]]
[[0,0,0],[1,0,0],[0,1,0],[16,30,97]]
[[0,0,0],[1,0,0],[0,1,0],[16,21,97]]
[[0,0,0],[1,0,0],[0,1,0],[17,26,97]]
[[0,0,0],[1,0,0],[0,1,0],[5,15,97]]
[[0,0,0],[1,0,0],[0,1,0],[8,19,97]]
[[0,0,0],[1,0,0],[0,1,0],[9,12,97]]
[[0,0,0],[1,0,0],[0,1,0],[9,26,97]]
[[0,0,0],[1,0,0],[0,1,0],[19,31,97]]
[[0,0,0],[1,0,0],[0,1,0],[8,90,97]]
[[0,0,0],[1,0,0],[0,1,0],[36,62,97]]
[[0,0,0],[1,0,0],[0,1,0],[8,43,97]]
[[0,0,0],[1,0,0],[0,1,0],[3,21,97]]
[[0,0,0],[1,0,0],[0,1,0],[2,20,97]]
[[0,0,0],[1,0,0],[0,1,0],[9,27,97]]
[[0,0,0],[1,0,0],[0,1,0],[5,40,97]]
[[0,0,0],[1,0,0],[0,1,0],[11,90,97]]
[[0,0,0],[1,0,0],[0,1,0],[1,23,97]]
[[0,0,0],[1,0,0],[0,1,0],[31,80,97]]
[[0,0,0],[1,0,0],[0,1,0],[3,5,97]]
[[0,0,0],[1,0,0],[0,1,0],[1,1,97]]
[[0,0,0],[1,0,0],[0,1,0],[4,18,97]]
[[0,0,0],[1,0,0],[0,1,0],[2,4,97]]
[[0,0,0],[1,0,0],[0,1,0],[10,33,97]]
[[0,0,0],[1,0,0],[0,1,0],[8,20,97]]
[[0,0,0],[1,0,0],[0,1,0],[24,79,97]]
[[0,0,0],[1,0,0],[0,1,0],[2,31,97]]
[[0,0,0],[1,0,0],[0,1,0],[6,21,97]]
[[0,0,0],[1,0,0],[0,1,0],[20,78,97]]
[[0,0,0],[1,0,0],[0,1,0],[13,18,97]]
[[0,0,0],[1,0,0],[0,1,0],[6,11,97]]
[[0,0,0],[1,0,0],[0,1,0],[3,42,97]]
[[0,0,0],[1,0,0],[0,1,0],[1,21,97]]
[[0,0,0],[1,0,0],[0,1,0],[7,25,97]]
[[0,0,0],[1,0,0],[0,1,0],[18,18,97]]
[[0,0,0],[1,0,0],[0,1,0],[1,9,97]]
[[0,0,0],[1,0,0],[0,1,0],[7,44,97]]
[[0,0,0],[1,0,0],[0,1,0],[22,32,97]]
[[0,0,0],[1,0,0],[0,1,0],[2,3,97]]
[[0,0,0],[1,0,0],[0,1,0],[5,9,97]]
[[0,0,0],[1,0,0],[0,1,0],[24,32,97]]
[[0,0,0],[1,0,0],[0,1,0],[9,89,97]]
[[0,0,0],[1,0,0],[0,1,0],[4,32,97]]
[[0,0,0],[1,0,0],[0,1,0],[4,4,97]]
[[0,0,0],[1,0,0],[0,1,0],[8,10,97]]
[[0,0,0],[1,0,0],[0,1,0],[6,37,97]]
[[0,0,0],[1,0,0],[0,1,0],[12,20,97]]
[[0,0,0],[1,0,0],[0,1,0],[9,91,97]]
[[0,0,0],[1,0,0],[0,1,0],[25,25,97]]
[[0,0,0],[1,0,0],[0,1,0],[21,78,97]]
[[0,0,0],[1,0,0],[0,1,0],[2,35,97]]
[[0,0,0],[1,0,0],[0,1,0],[11,27,97]]
[[0,0,0],[1,0,0],[0,1,0],[10,89,97]]
[[0,0,0],[1,0,0],[0,1,0],[4,24,97]]
[[0,0,0],[1,0,0],[0,1,0],[11,21,97]]
[[0,0,0],[1,0,0],[0,1,0],[11,41,97]]
[[0,0,0],[1,0,0],[0,1,0],[6,26,97]]
[[0,0,0],[1,0,0],[0,1,0],[2,14,97]]
[[0,0,0],[1,0,0],[0,1,0],[2,25,97]]
[[0,0,0],[1,0,0],[0,1,0],[2,42,97]]
[[0,0,0],[1,0,0],[0,1,0],[2,16,97]]
[[0,0,0],[1,0,0],[0,1,0],[2,43,97]]
[[0,0,0],[1,0,0],[0,1,0],[3,3,97]]
[[0,0,0],[1,0,0],[0,1,0],[4,39,97]]
[[0,0,0],[1,0,0],[0,1,0],[3,41,97]]
[[0,0,0],[1,0,0],[0,1,0],[2,33,97]]
[[0,0,0],[1,0,0],[0,1,0],[13,29,97]]
[[0,0,0],[1,0,0],[0,1,0],[2,39,97]]
[[0,0,0],[1,0,0],[0,1,0],[4,30,97]]
[[0,0,0],[1,0,0],[0,1,0],[2,22,97]]
[[0,0,0],[1,0,0],[0,1,0],[1,3,97]]
[[0,0,0],[1,0,0],[0,1,0],[12,87,97]]
[[0,0,0],[1,0,0],[0,1,0],[4,94,97]]
[[0,0,0],[1,0,0],[0,1,0],[11,88,97]]
[[0,0,0],[1,0,0],[0,1,0],[17,82,97]]
[[0,0,0],[1,0,0],[0,1,0],[5,95,97]]
[[0,0,0],[1,0,0],[0,1,0],[4,15,97]]
[[0,0,0],[1,0,0],[0,1,0],[3,17,97]]
[[0,0,0],[1,0,0],[0,1,0],[7,7,97]]
[[0,0,0],[1,0,0],[0,1,0],[3,10,97]]
[[0,0,0],[1,0,0],[0,1,0],[1,28,97]]
[[0,0,0],[1,0,0],[0,1,0],[20,26,97]]
[[0,0,0],[1,0,0],[0,1,0],[10,22,97]]
[[0,0,0],[1,0,0],[0,1,0],[11,24,97]]
[[0,0,0],[1,0,0],[0,1,0],[8,21,97]]
[[0,0,0],[1,0,0],[0,1,0],[23,86,97]]
[[0,0,0],[1,0,0],[0,1,0],[22,29,97]]
[[0,0,0],[1,0,0],[0,1,0],[0,1,97]]
[[0,0,0],[1,0,0],[0,1,0],[5,32,97]]
[[0,0,0],[1,0,0],[0,1,0],[7,91,97]]
[[0,0,0],[1,0,0],[0,1,0],[4,10,97]]
[[0,0,0],[1,0,0],[0,1,0],[5,19,97]]
[[0,0,0],[1,0,0],[0,1,0],[2,29,97]]
[[0,0,0],[1,0,0],[0,1,0],[2,27,97]]
[[0,0,0],[1,0,0],[0,1,0],[4,42,97]]
[[0,0,0],[1,0,0],[0,1,0],[4,36,97]]
[[0,0,0],[1,0,0],[0,1,0],[4,16,97]]
[[0,0,0],[1,0,0],[0,1,0],[9,13,97]]
[[0,0,0],[1,0,0],[0,1,0],[7,35,97]]
[[0,0,0],[1,0,0],[0,1,0],[17,84,97]]
[[0,0,0],[1,0,0],[0,1,0],[5,94,97]]
[[0,0,0],[1,0,0],[0,1,0],[7,13,97]]
[[0,0,0],[1,0,0],[0,1,0],[4,27,97]]
[[0,0,0],[1,0,0],[0,1,0],[3,13,97]]
[[0,0,0],[1,0,0],[0,1,0],[2,8,97]]
[[0,0,0],[1,0,0],[0,1,0],[2,46,97]]
[[0,0,0],[1,0,0],[0,1,0],[11,37,97]]
[[0,0,0],[1,0,0],[0,1,0],[6,14,97]]
[[0,0,0],[1,0,0],[0,1,0],[10,24,97]]
[[0,0,0],[1,0,0],[0,1,0],[4,37,97]]
[[0,0,0],[1,0,0],[0,1,0],[5,45,97]]
[[0,0,0],[1,0,0],[0,1,0],[5,12,97]]
[[0,0,0],[1,0,0],[0,1,0],[1,17,97]]
[[0,0,0],[1,0,0],[0,1,0],[11,25,97]]
[[0,0,0],[1,0,0],[0,1,0],[4,11,97]]
[[0,0,0],[1,0,0],[0,1,0],[16,22,97]]
[[0,0,0],[1,0,0],[0,1,0],[11,30,97]]
[[0,0,0],[1,0,0],[0,1,0],[9,33,97]]
[[0,0,0],[1,0,0],[0,1,0],[3,9,97]]
[[0,0,0],[1,0,0],[0,1,0],[10,88,97]]
[[0,0,0],[1,0,0],[0,1,0],[4,47,97]]
[[0,0,0],[1,0,0],[0,1,0],[5,22,97]]
[[0,0,0],[1,0,0],[0,1,0],[2,44,97]]
[[0,0,0],[1,0,0],[0,1,0],[12,28,97]]
[[0,0,0],[1,0,0],[0,1,0],[3,20,97]]
[[0,0,0],[1,0,0],[0,1,0],[7,37,97]]
[[0,0,0],[1,0,0],[0,1,0],[6,42,97]]
[[0,0,0],[1,0,0],[0,1,0],[7,94,97]]
[[0,0,0],[1,0,0],[0,1,0],[4,22,97]]
[[0,0,0],[1,0,0],[0,1,0],[5,29,97]]
[[0,0,0],[1,0,0],[0,1,0],[5,18,97]]
[[0,0,0],[1,0,0],[0,1,0],[7,9,97]]
[[0,0,0],[1,0,0],[0,1,0],[13,33,97]]
[[0,0,0],[1,0,0],[0,1,0],[4,43,97]]
[[0,0,0],[1,0,0],[0,1,0],[7,14,97]]
[[0,0,0],[1,0,0],[0,1,0],[9,17,97]]
[[0,0,0],[1,0,0],[0,1,0],[21,35,97]]
