[[0,0,0],[1,0,0],[0,1,0],[1,2,99]]
[[0,0,0],[1,0,0],[0,1,0],[28,28,99]]
[[0,0,0],[1,0,0],[0,1,0],[57,98,99]]
[[0,0,0],[1,0,0],[0,1,0],[4,28,99]]
[[0,0,0],[1,0,0],[0,1,0],[68,68,99]]
[[0,0,0],[1,0,0],[0,1,0],[39,13,99]]
[[0,0,0],[1,0,0],[0,3,0],[14,3,33]]
[[0,0,0],[1,0,0],[0,1,0],[12,37,99]]
[[0,0,0],[1,0,0],[0,1,0],[5,65,99]]
[[0,0,0],[1,0,0],[0,1,0],[5,13,99]]
[[0,0,0],[1,0,0],[0,1,0],[57,52,99]]
[[0,0,0],[1,0,0],[0,1,0],[9,82,99]]
[[0,0,0],[1,0,0],[0,1,0],[26,59,99]]
[[0,0,0],[1,0,0],[0,1,0],[3,52,99]]
[[0,0,0],[1,0,0],[0,1,0],[19,86,99]]
[[0,0,0],[1,0,0],[0,1,0],[12,4,99]]
[[0,0,0],[1,0,0],[0,1,0],[69,75,99]]
[[0,0,0],[1,0,0],[0,1,0],[23,32,99]]
[[0,0,0],[1,0,0],[0,1,0],[54,46,99]]
[[0,0,0],[1,0,0],[0,1,0],[51,13,99]]
[[0,0,0],[1,0,0],[0,1,0],[47,89,99]]
[[0,0,0],[1,0,0],[0,1,0],[16,40,99]]
[[0,0,0],[1,0,0],[0,3,0],[23,12,33]]
[[0,0,0],[1,0,0],[0,1,0],[7,49,99]]
[[0,0,0],[1,0,0],[0,1,0],[24,67,99]]
[[0,0,0],[1,0,0],[0,1,0],[75,97,99]]
[[0,0,0],[1,0,0],[0,1,0],[60,76,99]]
[[0,0,0],[1,0,0],[0,3,0],[2,3,33]]
[[0,0,0],[1,0,0],[0,1,0],[12,49,99]]
[[0,0,0],[1,0,0],[0,1,0],[88,45,99]]
[[0,0,0],[1,0,0],[0,1,0],[23,29,99]]
[[0,0,0],[1,0,0],[0,1,0],[17,37,99]]
[[0,0,0],[1,0,0],[0,1,0],[8,56,99]]
[[0,0,0],[1,0,0],[0,1,0],[44,78,99]]
[[0,0,0],[1,0,0],[0,1,0],[15,70,99]]
[[0,0,0],[1,0,0],[0,1,0],[8,80,99]]
[[0,0,0],[1,0,0],[0,3,0],[5,24,33]]
[[0,0,0],[1,0,0],[0,1,0],[21,43,99]]
[[0,0,0],[1,0,0],[0,1,0],[21,7,99]]
[[0,0,0],[1,0,0],[0,1,0],[7,82,99]]
[[0,0,0],[1,0,0],[0,1,0],[21,40,99]]
[[0,0,0],[1,0,0],[0,1,0],[4,14,99]]
[[0,0,0],[1,0,0],[0,1,0],[48,34,99]]
[[0,0,0],[1,0,0],[0,1,0],[30,76,99]]
[[0,0,0],[1,0,0],[0,1,0],[42,14,99]]
[[0,0,0],[1,0,0],[0,1,0],[8,14,99]]
[[0,0,0],[1,0,0],[0,3,0],[4,12,33]]
[[0,0,0],[1,0,0],[0,1,0],[5,92,99]]
[[0,0,0],[1,0,0],[0,1,0],[14,98,99]]
[[0,0,0],[1,0,0],[0,1,0],[3,76,99]]
[[0,0,0],[1,0,0],[0,1,0],[12,58,99]]
[[0,0,0],[1,0,0],[0,1,0],[21,1,99]]
[[0,0,0],[1,0,0],[0,1,0],[72,39,99]]
[[0,0,0],[1,0,0],[0,1,0],[3,28,99]]
[[0,0,0],[1,0,0],[0,1,0],[26,52,99]]
[[0,0,0],[1,0,0],[0,1,0],[3,64,99]]
[[0,0,0],[1,0,0],[0,1,0],[3,31,99]]
[[0,0,0],[1,0,0],[0,1,0],[17,53,99]]
[[0,0,0],[1,0,0],[0,1,0],[54,79,99]]
[[0,0,0],[1,0,0],[0,1,0],[90,43,99]]
[[0,0,0],[1,0,0],[0,1,0],[3,43,99]]
[[0,0,0],[1,0,0],[0,3,0],[4,6,33]]
[[0,0,0],[1,0,0],[0,1,0],[21,24,99]]
[[0,0,0],[1,0,0],[0,1,0],[78,13,99]]
[[0,0,0],[1,0,0],[0,3,0],[7,15,33]]
[[0,0,0],[1,0,0],[0,1,0],[4,85,99]]
[[0,0,0],[1,0,0],[0,1,0],[15,91,99]]
[[0,0,0],[1,0,0],[0,1,0],[8,29,99]]
[[0,0,0],[1,0,0],[0,1,0],[57,25,99]]
[[0,0,0],[1,0,0],[0,1,0],[15,30,99]]
[[0,0,0],[1,0,0],[0,1,0],[21,70,99]]
[[0,0,0],[1,0,0],[0,1,0],[75,58,99]]
[[0,0,0],[1,0,0],[0,1,0],[43,68,99]]
[[0,0,0],[1,0,0],[0,3,0],[13,3,33]]
[[0,0,0],[1,0,0],[0,1,0],[6,39,99]]
[[0,0,0],[1,0,0],[0,1,0],[8,32,99]]
[[0,0,0],[1,0,0],[0,1,0],[14,59,99]]
[[0,0,0],[1,0,0],[0,1,0],[21,19,99]]
[[0,0,0],[1,0,0],[0,1,0],[6,13,99]]
[[0,0,0],[1,0,0],[0,1,0],[4,31,99]]
[[0,0,0],[1,0,0],[0,1,0],[10,13,99]]
[[0,0,0],[1,0,0],[0,1,0],[12,1,99]]
[[0,0,0],[1,0,0],[0,3,0],[10,12,33]]
[[0,0,0],[1,0,0],[0,1,0],[14,32,99]]
[[0,0,0],[1,0,0],[0,1,0],[48,70,99]]
[[0,0,0],[1,0,0],[0,1,0],[2,38,99]]
[[0,0,0],[1,0,0],[0,1,0],[18,38,99]]
[[0,0,0],[1,0,0],[0,1,0],[1,32,99]]
[[0,0,0],[1,0,0],[0,1,0],[2,56,99]]
[[0,0,0],[1,0,0],[1,3,0],[23,15,33]]
[[0,0,0],[1,0,0],[0,1,0],[12,52,99]]
[[0,0,0],[1,0,0],[0,1,0],[8,53,99]]
[[0,0,0],[1,0,0],[0,1,0],[39,97,99]]
[[0,0,0],[1,0,0],[1,3,0],[7,9,33]]
[[0,0,0],[1,0,0],[0,1,0],[12,61,99]]
[[0,0,0],[1,0,0],[0,1,0],[7,28,99]]
[[0,0,0],[1,0,0],[0,1,0],[36,75,99]]
[[0,0,0],[1,0,0],[0,3,0],[13,30,33]]
[[0,0,0],[1,0,0],[0,1,0],[44,67,99]]
[[0,0,0],[1,0,0],[0,1,0],[8,23,99]]
[[0,0,0],[1,0,0],[0,1,0],[33,34,99]]
[[0,0,0],[1,0,0],[0,1,0],[3,70,99]]
[[0,0,0],[1,0,0],[0,1,0],[12,10,99]]
[[0,0,0],[1,0,0],[0,1,0],[51,60,99]]
[[0,0,0],[1,0,0],[0,1,0],[77,45,99]]
[[0,0,0],[1,0,0],[0,1,0],[13,38,99]]
[[0,0,0],[1,0,0],[0,1,0],[11,78,99]]
[[0,0,0],[1,0,0],[0,1,0],[21,68,99]]
[[0,0,0],[1,0,0],[0,1,0],[48,4,99]]
[[0,0,0],[1,0,0],[0,1,0],[6,70,99]]
[[0,0,0],[1,0,0],[0,1,0],[15,67,99]]
[[0,0,0],[1,0,0],[0,1,0],[26,41,99]]
[[0,0,0],[1,0,0],[0,3,0],[16,3,33]]
[[0,0,0],[1,0,0],[0,1,0],[7,32,99]]
[[0,0,0],[1,0,0],[0,1,0],[13,91,99]]
[[0,0,0],[1,0,0],[0,1,0],[2,20,99]]
[[0,0,0],[1,0,0],[0,3,0],[14,30,33]]
[[0,0,0],[1,0,0],[0,1,0],[3,85,99]]
[[0,0,0],[1,0,0],[0,1,0],[5,29,99]]
[[0,0,0],[1,0,0],[0,3,0],[10,15,33]]
[[0,0,0],[1,0,0],[0,1,0],[8,17,99]]
[[0,0,0],[1,0,0],[0,1,0],[69,61,99]]
[[0,0,0],[1,0,0],[0,1,0],[5,98,99]]
[[0,0,0],[1,0,0],[0,1,0],[30,92,99]]
[[0,0,0],[1,0,0],[0,1,0],[24,85,99]]
[[0,0,0],[1,0,0],[0,1,0],[2,28,99]]
[[0,0,0],[1,0,0],[0,1,0],[24,98,99]]
[[0,0,0],[1,0,0],[0,1,0],[2,2,99]]
[[0,0,0],[1,0,0],[0,1,0],[10,35,99]]
[[0,0,0],[1,0,0],[0,1,0],[34,71,99]]
[[0,0,0],[1,0,0],[0,1,0],[8,98,99]]
[[0,0,0],[1,0,0],[0,1,0],[90,21,99]]
[[0,0,0],[1,0,0],[0,1,0],[15,96,99]]
[[0,0,0],[1,0,0],[0,1,0],[30,13,99]]
[[0,0,0],[1,0,0],[0,1,0],[24,4,99]]
[[0,0,0],[1,0,0],[0,1,0],[5,41,99]]
[[0,0,0],[1,0,0],[0,1,0],[6,10,99]]
[[0,0,0],[1,0,0],[0,3,0],[1,9,33]]
[[0,0,0],[1,0,0],[0,1,0],[22,23,99]]
[[0,0,0],[1,0,0],[0,1,0],[54,57,99]]
[[0,0,0],[1,0,0],[0,1,0],[5,5,99]]
[[0,0,0],[1,0,0],[0,1,0],[63,15,99]]
[[0,0,0],[1,0,0],[0,1,0],[2,68,99]]
[[0,0,0],[1,0,0],[0,1,0],[27,29,99]]
[[0,0,0],[1,0,0],[0,1,0],[90,10,99]]
[[0,0,0],[1,0,0],[0,1,0],[15,64,99]]
[[0,0,0],[1,0,0],[0,1,0],[2,49,99]]
[[0,0,0],[1,0,0],[0,1,0],[4,29,99]]
[[0,0,0],[1,0,0],[0,1,0],[38,98,99]]
[[0,0,0],[1,0,0],[0,1,0],[81,96,99]]
[[0,0,0],[1,0,0],[0,1,0],[60,52,99]]
[[0,0,0],[1,0,0],[0,1,0],[2,31,99]]
[[0,0,0],[1,0,0],[0,1,0],[27,73,99]]
[[0,0,0],[1,0,0],[1,3,0],[25,12,33]]
[[0,0,0],[1,0,0],[0,1,0],[10,14,99]]
[[0,0,0],[1,0,0],[0,1,0],[17,32,99]]
[[0,0,0],[1,0,0],[0,1,0],[51,93,99]]
[[0,0,0],[1,0,0],[0,1,0],[2,32,99]]
[[0,0,0],[1,0,0],[0,1,0],[23,95,99]]
[[0,0,0],[1,0,0],[0,1,0],[5,32,99]]
[[0,0,0],[1,0,0],[0,1,0],[8,19,99]]
[[0,0,0],[1,0,0],[0,1,0],[21,37,99]]
[[0,0,0],[1,0,0],[0,1,0],[24,10,99]]
[[0,0,0],[1,0,0],[0,1,0],[21,2,99]]
[[0,0,0],[1,0,0],[0,1,0],[30,82,99]]
[[0,0,0],[1,0,0],[0,1,0],[7,17,99]]
[[0,0,0],[1,0,0],[0,1,0],[36,1,99]]
[[0,0,0],[1,0,0],[0,1,0],[5,83,99]]
[[0,0,0],[1,0,0],[0,1,0],[8,47,99]]
[[0,0,0],[1,0,0],[0,1,0],[29,86,99]]
[[0,0,0],[1,0,0],[0,1,0],[4,35,99]]
[[0,0,0],[1,0,0],[0,1,0],[15,19,99]]
[[0,0,0],[1,0,0],[0,1,0],[5,56,99]]
[[0,0,0],[1,0,0],[0,1,0],[32,71,99]]
[[0,0,0],[1,0,0],[0,1,0],[42,47,99]]
[[0,0,0],[1,0,0],[0,1,0],[29,98,99]]
[[0,0,0],[1,0,0],[0,3,0],[8,21,33]]
[[0,0,0],[1,0,0],[0,1,0],[3,97,99]]
[[0,0,0],[1,0,0],[0,1,0],[21,85,99]]
[[0,0,0],[1,0,0],[0,1,0],[2,35,99]]
[[0,0,0],[3,0,0],[0,1,0],[11,1,33]]
[[0,0,0],[1,0,0],[0,1,0],[17,29,99]]
[[0,0,0],[1,0,0],[0,3,0],[4,9,33]]
[[0,0,0],[1,0,0],[0,1,0],[39,79,99]]
[[0,0,0],[1,0,0],[0,3,0],[32,18,33]]
[[0,0,0],[1,0,0],[0,1,0],[23,34,99]]
[[0,0,0],[1,0,0],[0,1,0],[15,4,99]]
[[0,0,0],[1,0,0],[0,1,0],[2,50,99]]
[[0,0,0],[1,0,0],[0,1,0],[21,34,99]]
[[0,0,0],[1,0,0],[0,1,0],[9,36,99]]
[[0,0,0],[1,0,0],[0,1,0],[4,52,99]]
[[0,0,0],[1,0,0],[0,1,0],[55,78,99]]
[[0,0,0],[1,0,0],[0,1,0],[14,41,99]]
[[0,0,0],[1,0,0],[0,1,0],[9,80,99]]
[[0,0,0],[1,0,0],[0,1,0],[24,40,99]]
[[0,0,0],[1,0,0],[0,1,0],[58,64,99]]
[[0,0,0],[1,0,0],[0,1,0],[14,19,99]]
[[0,0,0],[1,0,0],[0,1,0],[51,97,99]]
[[0,0,0],[1,0,0],[0,1,0],[24,94,99]]
[[0,0,0],[1,0,0],[0,1,0],[8,35,99]]
[[0,0,0],[1,0,0],[0,1,0],[47,74,99]]
[[0,0,0],[1,0,0],[0,3,0],[4,24,33]]
[[0,0,0],[1,0,0],[0,1,0],[24,43,99]]
[[0,0,0],[1,0,0],[0,1,0],[2,86,99]]
[[0,0,0],[1,0,0],[0,1,0],[2,98,99]]
[[0,0,0],[1,0,0],[0,1,0],[5,28,99]]
[[0,0,0],[1,0,0],[1,3,0],[16,24,33]]
[[0,0,0],[1,0,0],[0,1,0],[6,58,99]]
[[0,0,0],[1,0,0],[0,3,0],[15,24,33]]
[[0,0,0],[1,0,0],[0,1,0],[54,24,99]]
[[0,0,0],[1,0,0],[0,1,0],[6,50,99]]
[[0,0,0],[1,0,0],[0,1,0],[2,74,99]]
[[0,0,0],[1,0,0],[0,1,0],[9,47,99]]
[[0,0,0],[9,0,0],[0,1,0],[0,1,11]]
[[0,0,0],[1,0,0],[0,3,0],[1,6,33]]
[[0,0,0],[1,0,0],[0,1,0],[23,56,99]]
[[0,0,0],[1,0,0],[0,1,0],[27,10,99]]
[[0,0,0],[1,0,0],[0,1,0],[30,34,99]]
[[0,0,0],[1,0,0],[0,3,0],[24,30,33]]
[[0,0,0],[1,0,0],[0,1,0],[1,16,99]]
[[0,0,0],[1,0,0],[0,1,0],[11,45,99]]
[[0,0,0],[1,0,0],[0,1,0],[2,37,99]]
[[0,0,0],[1,0,0],[0,1,0],[45,1,99]]
[[0,0,0],[1,0,0],[0,1,0],[12,76,99]]
[[0,0,0],[1,0,0],[1,3,0],[10,15,33]]
[[0,0,0],[1,0,0],[0,1,0],[54,90,99]]
[[0,0,0],[1,0,0],[0,1,0],[57,32,99]]
[[0,0,0],[1,0,0],[0,1,0],[75,31,99]]
[[0,0,0],[1,0,0],[0,1,0],[57,58,99]]
[[0,0,0],[1,0,0],[0,1,0],[38,59,99]]
[[0,0,0],[1,0,0],[1,3,0],[4,6,33]]
[[0,0,0],[1,0,0],[0,1,0],[6,83,99]]
[[0,0,0],[1,0,0],[0,3,0],[10,3,33]]
[[0,0,0],[1,0,0],[0,1,0],[2,62,99]]
[[0,0,0],[1,0,0],[0,1,0],[19,82,99]]
[[0,0,0],[1,0,0],[0,1,0],[4,23,99]]
[[0,0,0],[1,0,0],[0,1,0],[8,71,99]]
[[0,0,0],[1,0,0],[0,1,0],[3,19,99]]
[[0,0,0],[1,0,0],[0,1,0],[6,25,99]]
[[0,0,0],[1,0,0],[0,1,0],[29,95,99]]
[[0,0,0],[1,0,0],[0,1,0],[3,58,99]]
[[0,0,0],[1,0,0],[0,1,0],[69,94,99]]
[[0,0,0],[1,0,0],[0,1,0],[19,32,99]]
[[0,0,0],[1,0,0],[0,1,0],[3,13,99]]
[[0,0,0],[1,0,0],[0,1,0],[5,10,99]]
[[0,0,0],[1,0,0],[0,1,0],[72,6,99]]
[[0,0,0],[1,0,0],[1,3,0],[7,3,33]]
[[0,0,0],[1,0,0],[0,1,0],[42,67,99]]
[[0,0,0],[1,0,0],[0,1,0],[30,25,99]]
[[0,0,0],[1,0,0],[1,3,0],[10,9,33]]
[[0,0,0],[1,0,0],[0,1,0],[24,19,99]]
[[0,0,0],[1,0,0],[0,1,0],[38,95,99]]
[[0,0,0],[1,0,0],[0,1,0],[6,17,99]]
[[0,0,0],[1,0,0],[0,1,0],[12,70,99]]
[[0,0,0],[1,0,0],[0,1,0],[11,56,99]]
[[0,0,0],[1,0,0],[0,1,0],[4,38,99]]
[[0,0,0],[1,0,0],[0,1,0],[15,34,99]]
[[0,0,0],[1,0,0],[0,1,0],[15,10,99]]
[[0,0,0],[1,0,0],[0,1,0],[8,31,99]]
[[0,0,0],[1,0,0],[0,1,0],[12,67,99]]
[[0,0,0],[1,0,0],[0,1,0],[4,41,99]]
[[0,0,0],[1,0,0],[0,1,0],[89,89,99]]
[[0,0,0],[3,0,0],[0,1,0],[0,1,33]]
[[0,0,0],[1,0,0],[1,3,0],[4,18,33]]
[[0,0,0],[1,0,0],[0,1,0],[28,94,99]]
[[0,0,0],[1,0,0],[0,1,0],[5,17,99]]
[[0,0,0],[1,0,0],[0,1,0],[15,97,99]]
[[0,0,0],[1,0,0],[0,1,0],[10,26,99]]
[[0,0,0],[1,0,0],[0,1,0],[24,7,99]]
[[0,0,0],[1,0,0],[0,1,0],[6,73,99]]
[[0,0,0],[1,0,0],[0,1,0],[4,37,99]]
[[0,0,0],[1,0,0],[0,1,0],[39,82,99]]
[[0,0,0],[1,0,0],[0,1,0],[47,98,99]]
[[0,0,0],[1,0,0],[0,1,0],[29,34,99]]
[[0,0,0],[1,0,0],[0,3,0],[32,6,33]]
[[0,0,0],[1,0,0],[0,1,0],[2,76,99]]
[[0,0,0],[1,0,0],[0,1,0],[11,34,99]]
[[0,0,0],[1,0,0],[0,3,0],[14,6,33]]
[[0,0,0],[1,0,0],[0,1,0],[2,40,99]]
[[0,0,0],[1,0,0],[0,1,0],[17,68,99]]
[[0,0,0],[1,0,0],[0,1,0],[5,35,99]]
[[0,0,0],[1,0,0],[0,1,0],[2,25,99]]
[[0,0,0],[1,0,0],[0,3,0],[5,6,33]]
[[0,0,0],[1,0,0],[0,1,0],[33,1,99]]
[[0,0,0],[1,0,0],[0,1,0],[30,4,99]]
[[0,0,0],[1,0,0],[0,1,0],[4,10,99]]
[[0,0,0],[1,0,0],[0,1,0],[60,84,99]]
[[0,0,0],[1,0,0],[0,1,0],[3,7,99]]
[[0,0,0],[1,0,0],[0,1,0],[8,41,99]]
[[0,0,0],[1,0,0],[0,3,0],[14,9,33]]
[[0,0,0],[1,0,0],[0,1,0],[17,89,99]]
[[0,0,0],[1,0,0],[0,1,0],[22,56,99]]
[[0,0,0],[1,0,0],[0,1,0],[1,4,99]]
[[0,0,0],[1,0,0],[1,3,0],[4,3,33]]
[[0,0,0],[1,0,0],[0,1,0],[13,76,99]]
[[0,0,0],[1,0,0],[0,1,0],[75,79,99]]
[[0,0,0],[1,0,0],[0,1,0],[32,98,99]]
[[0,0,0],[1,0,0],[0,1,0],[17,86,99]]
[[0,0,0],[1,0,0],[0,1,0],[5,97,99]]
[[0,0,0],[1,0,0],[0,1,0],[36,10,99]]
[[0,0,0],[1,0,0],[1,3,0],[1,6,33]]
[[0,0,0],[1,0,0],[0,1,0],[21,61,99]]
[[0,0,0],[1,0,0],[0,1,0],[3,53,99]]
[[0,0,0],[1,0,0],[0,1,0],[6,79,99]]
[[0,0,0],[1,0,0],[0,1,0],[7,41,99]]
[[0,0,0],[1,0,0],[0,1,0],[2,43,99]]
[[0,0,0],[1,0,0],[0,3,0],[16,21,33]]
[[0,0,0],[1,0,0],[0,3,0],[4,27,33]]
[[0,0,0],[1,0,0],[0,1,0],[1,7,99]]
[[0,0,0],[1,0,0],[0,1,0],[68,74,99]]
[[0,0,0],[1,0,0],[0,1,0],[14,68,99]]
[[0,0,0],[1,0,0],[0,1,0],[39,34,99]]
[[0,0,0],[1,0,0],[0,1,0],[17,26,99]]
[[0,0,0],[1,0,0],[0,1,0],[7,95,99]]
[[0,0,0],[1,0,0],[0,1,0],[24,32,99]]
[[0,0,0],[1,0,0],[0,1,0],[29,47,99]]
[[0,0,0],[1,0,0],[0,1,0],[4,20,99]]
[[0,0,0],[1,0,0],[0,1,0],[13,32,99]]
[[0,0,0],[1,0,0],[0,1,0],[27,95,99]]
[[0,0,0],[1,0,0],[0,1,0],[18,60,99]]
[[0,0,0],[1,0,0],[0,1,0],[30,48,99]]
[[0,0,0],[1,0,0],[0,3,0],[14,12,33]]
[[0,0,0],[1,0,0],[0,1,0],[23,98,99]]
[[0,0,0],[3,0,0],[0,1,0],[0,23,33]]
[[0,0,0],[1,0,0],[0,1,0],[51,31,99]]
[[0,0,0],[1,0,0],[0,1,0],[7,13,99]]
[[0,0,0],[1,0,0],[0,1,0],[14,26,99]]
[[0,0,0],[1,0,0],[0,1,0],[51,58,99]]
[[0,0,0],[1,0,0],[0,1,0],[17,83,99]]
[[0,0,0],[1,0,0],[0,1,0],[5,71,99]]
[[0,0,0],[1,0,0],[0,1,0],[12,94,99]]
[[0,0,0],[1,0,0],[0,1,0],[13,26,99]]
[[0,0,0],[1,0,0],[0,3,0],[23,3,33]]
[[0,0,0],[1,0,0],[0,1,0],[29,68,99]]
[[0,0,0],[1,0,0],[0,1,0],[3,34,99]]
[[0,0,0],[1,0,0],[0,1,0],[9,73,99]]
[[0,0,0],[1,0,0],[0,1,0],[5,40,99]]
[[0,0,0],[1,0,0],[0,1,0],[4,40,99]]
[[0,0,0],[1,0,0],[0,1,0],[23,41,99]]
[[0,0,0],[1,0,0],[0,1,0],[17,98,99]]
[[0,0,0],[1,0,0],[0,1,0],[5,59,99]]
[[0,0,0],[1,0,0],[0,1,0],[74,74,99]]
[[0,0,0],[1,0,0],[0,1,0],[4,7,99]]
[[0,0,0],[1,0,0],[0,1,0],[33,67,99]]
[[0,0,0],[1,0,0],[0,1,0],[27,82,99]]
[[0,0,0],[1,0,0],[0,1,0],[2,23,99]]
[[0,0,0],[1,0,0],[0,1,0],[24,82,99]]
[[0,0,0],[1,0,0],[0,1,0],[47,83,99]]
[[0,0,0],[1,0,0],[0,3,0],[6,18,33]]
[[0,0,0],[1,0,0],[0,1,0],[69,64,99]]
[[0,0,0],[1,0,0],[0,1,0],[23,80,99]]
[[0,0,0],[1,0,0],[0,1,0],[15,74,99]]
[[0,0,0],[1,0,0],[0,1,0],[8,68,99]]
[[0,0,0],[1,0,0],[0,1,0],[42,82,99]]
[[0,0,0],[1,0,0],[1,3,0],[4,15,33]]
[[0,0,0],[1,0,0],[0,1,0],[1,13,99]]
[[0,0,0],[1,0,0],[0,1,0],[19,70,99]]
[[0,0,0],[1,0,0],[0,1,0],[15,85,99]]
[[0,0,0],[1,0,0],[0,1,0],[47,59,99]]
[[0,0,0],[1,0,0],[0,1,0],[14,34,99]]
[[0,0,0],[1,0,0],[0,1,0],[23,89,99]]
[[0,0,0],[1,0,0],[0,1,0],[13,23,99]]
[[0,0,0],[1,0,0],[0,1,0],[30,91,99]]
[[0,0,0],[1,0,0],[0,1,0],[39,1,99]]
[[0,0,0],[1,0,0],[0,1,0],[60,4,99]]
[[0,0,0],[1,0,0],[0,1,0],[2,4,99]]
[[0,0,0],[1,0,0],[0,1,0],[48,19,99]]
[[0,0,0],[1,0,0],[0,1,0],[39,28,99]]
[[0,0,0],[1,0,0],[0,1,0],[43,58,99]]
[[0,0,0],[1,0,0],[0,1,0],[5,31,99]]
[[0,0,0],[1,0,0],[0,1,0],[51,91,99]]
[[0,0,0],[1,0,0],[0,1,0],[9,46,99]]
[[0,0,0],[1,0,0],[0,1,0],[2,10,99]]
[[0,0,0],[1,0,0],[0,1,0],[44,1,99]]
[[0,0,0],[1,0,0],[0,1,0],[38,83,99]]
[[0,0,0],[1,0,0],[0,1,0],[3,37,99]]
[[0,0,0],[1,0,0],[0,3,0],[9,9,33]]
[[0,0,0],[1,0,0],[0,1,0],[21,82,99]]
[[0,0,0],[1,0,0],[0,3,0],[32,15,33]]
[[0,0,0],[1,0,0],[0,1,0],[26,98,99]]
[[0,0,0],[1,0,0],[0,1,0],[17,71,99]]
[[0,0,0],[1,0,0],[0,1,0],[15,52,99]]
[[0,0,0],[1,0,0],[0,1,0],[2,89,99]]
[[0,0,0],[1,0,0],[0,1,0],[10,23,99]]
[[0,0,0],[1,0,0],[0,1,0],[3,25,99]]
[[0,0,0],[1,0,0],[0,1,0],[54,91,99]]
[[0,0,0],[1,0,0],[0,1,0],[47,71,99]]
[[0,0,0],[1,0,0],[0,3,0],[22,3,33]]
[[0,0,0],[1,0,0],[0,1,0],[3,86,99]]
[[0,0,0],[1,0,0],[0,1,0],[17,91,99]]
[[0,0,0],[1,0,0],[0,1,0],[9,58,99]]
[[0,0,0],[1,0,0],[0,1,0],[9,14,99]]
[[0,0,0],[1,0,0],[0,1,0],[7,19,99]]
[[0,0,0],[1,0,0],[0,1,0],[14,64,99]]
[[0,0,0],[1,0,0],[0,1,0],[4,4,99]]
[[0,0,0],[1,0,0],[0,1,0],[18,46,99]]
[[0,0,0],[1,0,0],[0,1,0],[9,37,99]]
[[0,0,0],[1,0,0],[0,1,0],[14,38,99]]
[[0,0,0],[1,0,0],[0,1,0],[48,41,99]]
[[0,0,0],[1,0,0],[0,1,0],[36,82,99]]
[[0,0,0],[1,0,0],[0,1,0],[39,64,99]]
[[0,0,0],[1,0,0],[0,1,0],[2,17,99]]
[[0,0,0],[1,0,0],[0,1,0],[6,43,99]]
[[0,0,0],[1,0,0],[0,1,0],[42,73,99]]
[[0,0,0],[1,0,0],[0,1,0],[48,74,99]]
[[0,0,0],[1,0,0],[0,1,0],[3,94,99]]
[[0,0,0],[1,0,0],[0,1,0],[24,49,99]]
[[0,0,0],[1,0,0],[0,1,0],[32,34,99]]
[[0,0,0],[1,0,0],[0,1,0],[8,26,99]]
[[0,0,0],[1,0,0],[0,1,0],[7,40,99]]
[[0,0,0],[1,0,0],[0,1,0],[29,32,99]]
[[0,0,0],[1,0,0],[0,1,0],[18,71,99]]
[[0,0,0],[1,0,0],[0,1,0],[4,43,99]]
[[0,0,0],[1,0,0],[0,1,0],[27,84,99]]
[[0,0,0],[1,0,0],[0,1,0],[21,31,99]]
[[0,0,0],[1,0,0],[0,1,0],[17,19,99]]
[[0,0,0],[1,0,0],[0,1,0],[12,79,99]]
[[0,0,0],[1,0,0],[0,1,0],[63,73,99]]
[[0,0,0],[1,0,0],[0,1,0],[84,61,99]]
[[0,0,0],[1,0,0],[0,1,0],[8,10,99]]
[[0,0,0],[1,0,0],[0,1,0],[28,82,99]]
[[0,0,0],[1,0,0],[0,1,0],[5,19,99]]
[[0,0,0],[1,0,0],[0,1,0],[13,28,99]]
[[0,0,0],[1,0,0],[0,1,0],[57,85,99]]
[[0,0,0],[1,0,0],[0,1,0],[42,49,99]]
[[0,0,0],[1,0,0],[0,1,0],[63,81,99]]
[[0,0,0],[1,0,0],[0,1,0],[23,23,99]]
[[0,0,0],[1,0,0],[0,1,0],[14,56,99]]
[[0,0,0],[1,0,0],[0,1,0],[18,91,99]]
[[0,0,0],[1,0,0],[0,1,0],[2,5,99]]
[[0,0,0],[1,0,0],[0,1,0],[21,52,99]]
[[0,0,0],[1,0,0],[0,1,0],[27,1,99]]
[[0,0,0],[1,0,0],[0,1,0],[18,93,99]]
[[0,0,0],[1,0,0],[0,1,0],[44,89,99]]
[[0,0,0],[1,0,0],[0,1,0],[1,40,99]]
[[0,0,0],[1,0,0],[0,1,0],[5,7,99]]
[[0,0,0],[1,0,0],[0,1,0],[39,94,99]]
[[0,0,0],[1,0,0],[0,1,0],[51,76,99]]
[[0,0,0],[1,0,0],[0,1,0],[8,40,99]]
[[0,0,0],[1,0,0],[0,1,0],[57,97,99]]
[[0,0,0],[1,0,0],[0,1,0],[3,91,99]]
[[0,0,0],[3,0,0],[0,1,0],[11,23,33]]
[[0,0,0],[1,0,0],[0,3,0],[32,3,33]]
[[0,0,0],[1,0,0],[0,1,0],[24,1,99]]
[[0,0,0],[1,0,0],[0,1,0],[14,89,99]]
[[0,0,0],[1,0,0],[0,1,0],[21,28,99]]
[[0,0,0],[1,0,0],[0,1,0],[5,68,99]]
[[0,0,0],[1,0,0],[0,1,0],[74,98,99]]
[[0,0,0],[1,0,0],[0,1,0],[18,5,99]]
[[0,0,0],[1,0,0],[0,1,0],[5,95,99]]
[[0,0,0],[1,0,0],[0,1,0],[19,38,99]]
[[0,0,0],[1,0,0],[0,1,0],[44,56,99]]
[[0,0,0],[1,0,0],[0,3,0],[2,9,33]]
[[0,0,0],[1,0,0],[0,1,0],[3,67,99]]
[[0,0,0],[1,0,0],[0,1,0],[30,70,99]]
[[0,0,0],[1,0,0],[0,1,0],[7,37,99]]
[[0,0,0],[1,0,0],[0,3,0],[8,3,33]]
[[0,0,0],[1,0,0],[0,1,0],[54,68,99]]
[[0,0,0],[1,0,0],[0,1,0],[3,40,99]]
[[0,0,0],[1,0,0],[0,1,0],[90,98,99]]
[[0,0,0],[1,0,0],[0,1,0],[16,16,99]]
[[0,0,0],[1,0,0],[0,1,0],[22,45,99]]
[[0,0,0],[1,0,0],[0,1,0],[14,65,99]]
[[0,0,0],[1,0,0],[0,1,0],[14,95,99]]
[[0,0,0],[1,0,0],[0,1,0],[43,59,99]]
[[0,0,0],[1,0,0],[0,1,0],[5,43,99]]
[[0,0,0],[1,0,0],[0,3,0],[11,3,33]]
[[0,0,0],[1,0,0],[0,1,0],[6,94,99]]
[[0,0,0],[1,0,0],[0,1,0],[77,89,99]]
[[0,0,0],[1,0,0],[0,1,0],[6,61,99]]
[[0,0,0],[1,0,0],[0,1,0],[17,17,99]]
[[0,0,0],[1,0,0],[0,1,0],[69,97,99]]
[[0,0,0],[1,0,0],[1,3,0],[31,30,33]]
[[0,0,0],[1,0,0],[0,1,0],[54,13,99]]
[[0,0,0],[1,0,0],[0,3,0],[14,27,33]]
[[0,0,0],[1,0,0],[0,1,0],[2,41,99]]
[[0,0,0],[1,0,0],[0,1,0],[44,12,99]]
[[0,0,0],[1,0,0],[0,1,0],[1,29,99]]
[[0,0,0],[1,0,0],[0,1,0],[17,47,99]]
[[0,0,0],[1,0,0],[0,1,0],[3,4,99]]
[[0,0,0],[1,0,0],[0,1,0],[7,38,99]]
[[0,0,0],[1,0,0],[0,1,0],[53,98,99]]
[[0,0,0],[1,0,0],[0,3,0],[2,30,33]]
[[0,0,0],[1,0,0],[0,1,0],[16,29,99]]
[[0,0,0],[1,0,0],[0,1,0],[21,49,99]]
[[0,0,0],[1,0,0],[0,3,0],[3,27,33]]
[[0,0,0],[1,0,0],[0,1,0],[27,40,99]]
[[0,0,0],[1,0,0],[0,1,0],[18,28,99]]
[[0,0,0],[1,0,0],[0,1,0],[2,47,99]]
[[0,0,0],[1,0,0],[0,1,0],[6,37,99]]
[[0,0,0],[1,0,0],[0,1,0],[6,6,99]]
[[0,0,0],[1,0,0],[0,1,0],[9,1,99]]
[[0,0,0],[1,0,0],[0,1,0],[38,38,99]]
[[0,0,0],[1,0,0],[0,1,0],[8,65,99]]
[[0,0,0],[1,0,0],[0,1,0],[18,49,99]]
[[0,0,0],[1,0,0],[0,1,0],[18,16,99]]
[[0,0,0],[3,0,0],[0,1,0],[11,12,33]]
[[0,0,0],[1,0,0],[0,1,0],[12,28,99]]
[[0,0,0],[1,0,0],[0,1,0],[48,16,99]]
[[0,0,0],[1,0,0],[0,1,0],[5,62,99]]
[[0,0,0],[1,0,0],[0,3,0],[13,9,33]]
[[0,0,0],[1,0,0],[0,1,0],[30,43,99]]
[[0,0,0],[1,0,0],[0,1,0],[38,74,99]]
[[0,0,0],[1,0,0],[0,1,0],[30,10,99]]
[[0,0,0],[1,0,0],[0,1,0],[30,19,99]]
[[0,0,0],[1,0,0],[0,1,0],[14,35,99]]
[[0,0,0],[1,0,0],[0,1,0],[72,72,99]]
[[0,0,0],[1,0,0],[0,1,0],[42,69,99]]
[[0,0,0],[1,0,0],[0,1,0],[28,83,99]]
[[0,0,0],[1,0,0],[0,1,0],[23,71,99]]
[[0,0,0],[1,0,0],[0,1,0],[19,83,99]]
[[0,0,0],[1,0,0],[0,1,0],[12,43,99]]
[[0,0,0],[1,0,0],[0,1,0],[3,79,99]]
[[0,0,0],[1,0,0],[0,1,0],[2,19,99]]
[[0,0,0],[1,0,0],[0,1,0],[93,97,99]]
[[0,0,0],[1,0,0],[0,1,0],[15,49,99]]
[[0,0,0],[1,0,0],[1,3,0],[7,24,33]]
[[0,0,0],[1,0,0],[1,3,0],[13,3,33]]
[[0,0,0],[1,0,0],[1,3,0],[23,9,33]]
[[0,0,0],[1,0,0],[0,1,0],[3,16,99]]
[[0,0,0],[1,0,0],[0,1,0],[12,25,99]]
[[0,0,0],[1,0,0],[0,1,0],[11,89,99]]
[[0,0,0],[1,0,0],[0,1,0],[2,80,99]]
[[0,0,0],[1,0,0],[0,1,0],[8,74,99]]
[[0,0,0],[3,0,0],[0,1,0],[0,12,33]]
[[0,0,0],[1,0,0],[0,1,0],[30,37,99]]
[[0,0,0],[1,0,0],[0,1,0],[5,38,99]]
[[0,0,0],[1,0,0],[0,1,0],[1,5,99]]
[[0,0,0],[1,0,0],[0,1,0],[39,7,99]]
[[0,0,0],[1,0,0],[0,1,0],[8,37,99]]
[[0,0,0],[1,0,0],[0,1,0],[36,19,99]]
[[0,0,0],[1,0,0],[0,1,0],[2,7,99]]
[[0,0,0],[1,0,0],[0,1,0],[63,48,99]]
[[0,0,0],[1,0,0],[0,1,0],[12,13,99]]
[[0,0,0],[1,0,0],[1,3,0],[1,9,33]]
[[0,0,0],[1,0,0],[0,1,0],[8,8,99]]
[[0,0,0],[1,0,0],[0,1,0],[13,13,99]]
[[0,0,0],[1,0,0],[0,1,0],[2,14,99]]
[[0,0,0],[1,0,0],[0,1,0],[81,30,99]]
[[0,0,0],[1,0,0],[0,1,0],[39,39,99]]
[[0,0,0],[1,0,0],[0,1,0],[24,28,99]]
[[0,0,0],[1,0,0],[0,1,0],[2,26,99]]
[[0,0,0],[1,0,0],[0,3,0],[23,6,33]]
[[0,0,0],[1,0,0],[0,1,0],[6,49,99]]
[[0,0,0],[1,0,0],[0,1,0],[6,16,99]]
[[0,0,0],[1,0,0],[0,1,0],[2,65,99]]
[[0,0,0],[1,0,0],[0,1,0],[51,5,99]]
[[0,0,0],[1,0,0],[0,1,0],[24,34,99]]
[[0,0,0],[1,0,0],[0,1,0],[69,40,99]]
[[0,0,0],[1,0,0],[0,1,0],[4,19,99]]
[[0,0,0],[1,0,0],[0,1,0],[6,85,99]]
[[0,0,0],[1,0,0],[0,1,0],[6,67,99]]
[[0,0,0],[1,0,0],[0,1,0],[9,64,99]]
[[0,0,0],[1,0,0],[0,1,0],[32,86,99]]
[[0,0,0],[1,0,0],[0,1,0],[15,41,99]]
[[0,0,0],[1,0,0],[0,1,0],[4,26,99]]
[[0,0,0],[1,0,0],[0,1,0],[69,31,99]]
[[0,0,0],[1,0,0],[0,1,0],[42,16,99]]
[[0,0,0],[1,0,0],[0,1,0],[15,46,99]]
[[0,0,0],[1,0,0],[0,1,0],[7,7,99]]
[[0,0,0],[1,0,0],[0,3,0],[5,21,33]]
[[0,0,0],[1,0,0],[0,1,0],[42,40,99]]
[[0,0,0],[1,0,0],[0,1,0],[7,10,99]]
[[0,0,0],[1,0,0],[0,1,0],[4,74,99]]
[[0,0,0],[1,0,0],[1,3,0],[4,21,33]]
[[0,0,0],[1,0,0],[0,1,0],[14,47,99]]
[[0,0,0],[1,0,0],[0,3,0],[7,21,33]]
[[0,0,0],[1,0,0],[0,1,0],[45,64,99]]
[[0,0,0],[1,0,0],[0,1,0],[30,16,99]]
[[0,0,0],[1,0,0],[0,1,0],[16,37,99]]
[[0,0,0],[1,0,0],[0,1,0],[38,89,99]]
[[0,0,0],[1,0,0],[1,3,0],[13,9,33]]
[[0,0,0],[1,0,0],[0,1,0],[14,31,99]]
[[0,0,0],[1,0,0],[0,1,0],[6,46,99]]
[[0,0,0],[1,0,0],[0,1,0],[9,69,99]]
[[0,0,0],[1,0,0],[0,1,0],[48,1,99]]
[[0,0,0],[1,0,0],[0,1,0],[26,38,99]]
[[0,0,0],[1,0,0],[0,1,0],[2,71,99]]
[[0,0,0],[1,0,0],[0,1,0],[2,16,99]]
[[0,0,0],[1,0,0],[0,1,0],[4,8,99]]
[[0,0,0],[1,0,0],[0,1,0],[3,42,99]]
[[0,0,0],[1,0,0],[0,1,0],[3,10,99]]
[[0,0,0],[1,0,0],[0,1,0],[36,42,99]]
[[0,0,0],[1,0,0],[0,1,0],[7,31,99]]
[[0,0,0],[1,0,0],[0,1,0],[75,46,99]]
[[0,0,0],[1,0,0],[0,1,0],[5,20,99]]
[[0,0,0],[1,0,0],[0,1,0],[4,17,99]]
[[0,0,0],[1,0,0],[0,1,0],[48,94,99]]
[[0,0,0],[1,0,0],[0,1,0],[1,17,99]]
[[0,0,0],[1,0,0],[0,1,0],[22,1,99]]
[[0,0,0],[1,0,0],[0,1,0],[39,25,99]]
[[0,0,0],[1,0,0],[0,3,0],[32,12,33]]
[[0,0,0],[1,0,0],[0,1,0],[90,87,99]]
[[0,0,0],[1,0,0],[0,1,0],[18,19,99]]
[[0,0,0],[1,0,0],[0,1,0],[5,80,99]]
[[0,0,0],[1,0,0],[0,3,0],[5,27,33]]
[[0,0,0],[1,0,0],[1,3,0],[7,6,33]]
[[0,0,0],[1,0,0],[1,3,0],[10,3,33]]
[[0,0,0],[1,0,0],[0,1,0],[37,74,99]]
[[0,0,0],[1,0,0],[0,1,0],[30,59,99]]
[[0,0,0],[1,0,0],[0,1,0],[60,85,99]]
[[0,0,0],[1,0,0],[0,1,0],[3,20,99]]
[[0,0,0],[1,0,0],[0,3,0],[8,12,33]]
[[0,0,0],[1,0,0],[0,1,0],[14,74,99]]
[[0,0,0],[1,0,0],[0,1,0],[17,38,99]]
[[0,0,0],[1,0,0],[0,1,0],[5,26,99]]
[[0,0,0],[1,0,0],[0,1,0],[2,59,99]]
[[0,0,0],[1,0,0],[0,1,0],[48,96,99]]
[[0,0,0],[1,0,0],[0,1,0],[2,92,99]]
[[0,0,0],[1,0,0],[0,1,0],[98,98,99]]
[[0,0,0],[1,0,0],[0,1,0],[6,82,99]]
[[0,0,0],[1,0,0],[0,3,0],[1,3,33]]
[[0,0,0],[1,0,0],[0,1,0],[2,29,99]]
[[0,0,0],[1,0,0],[0,1,0],[11,23,99]]
[[0,0,0],[1,0,0],[0,1,0],[9,28,99]]
[[0,0,0],[1,0,0],[0,1,0],[15,76,99]]
[[0,0,0],[1,0,0],[0,1,0],[2,34,99]]
[[0,0,0],[1,0,0],[0,3,0],[5,9,33]]
[[0,0,0],[1,0,0],[0,1,0],[5,86,99]]
[[0,0,0],[1,0,0],[0,1,0],[48,52,99]]
[[0,0,0],[1,0,0],[0,1,0],[2,83,99]]
[[0,0,0],[1,0,0],[0,1,0],[12,16,99]]
[[0,0,0],[1,0,0],[0,1,0],[1,23,99]]
[[0,0,0],[1,0,0],[0,1,0],[9,3,99]]
[[0,0,0],[1,0,0],[0,1,0],[39,61,99]]
[[0,0,0],[1,0,0],[0,1,0],[12,40,99]]
[[0,0,0],[1,0,0],[0,1,0],[48,8,99]]
[[0,0,0],[1,0,0],[0,1,0],[88,12,99]]
[[0,0,0],[1,0,0],[0,1,0],[32,65,99]]
[[0,0,0],[1,0,0],[0,1,0],[17,34,99]]
[[0,0,0],[1,0,0],[0,1,0],[21,94,99]]
[[0,0,0],[1,0,0],[0,3,0],[4,3,33]]
[[0,0,0],[1,0,0],[0,1,0],[1,8,99]]
[[0,0,0],[1,0,0],[0,1,0],[15,8,99]]
[[0,0,0],[1,0,0],[0,1,0],[22,78,99]]
[[0,0,0],[1,0,0],[1,3,0],[19,6,33]]
[[0,0,0],[1,0,0],[1,3,0],[23,18,33]]
[[0,0,0],[1,0,0],[0,1,0],[88,78,99]]
[[0,0,0],[1,0,0],[0,1,0],[8,89,99]]
[[0,0,0],[1,0,0],[0,1,0],[29,71,99]]
[[0,0,0],[1,0,0],[0,1,0],[15,31,99]]
[[0,0,0],[1,0,0],[1,3,0],[13,15,33]]
[[0,0,0],[1,0,0],[0,1,0],[30,79,99]]
[[0,0,0],[1,0,0],[0,1,0],[6,19,99]]
[[0,0,0],[1,0,0],[0,1,0],[27,46,99]]
[[0,0,0],[1,0,0],[0,1,0],[6,4,99]]
[[0,0,0],[1,0,0],[0,1,0],[54,35,99]]
[[0,0,0],[1,0,0],[0,1,0],[54,2,99]]
[[0,0,0],[1,0,0],[1,3,0],[23,6,33]]
[[0,0,0],[1,0,0],[0,1,0],[15,16,99]]
[[0,0,0],[1,0,0],[0,1,0],[23,47,99]]
[[0,0,0],[1,0,0],[0,1,0],[22,12,99]]
[[0,0,0],[1,0,0],[1,3,0],[16,3,33]]
[[0,0,0],[1,0,0],[0,1,0],[5,23,99]]
[[0,0,0],[1,0,0],[0,1,0],[57,87,99]]
[[0,0,0],[1,0,0],[0,1,0],[32,32,99]]
[[0,0,0],[1,0,0],[0,1,0],[78,58,99]]
[[0,0,0],[1,0,0],[0,1,0],[17,23,99]]
[[0,0,0],[1,0,0],[0,1,0],[1,1,99]]
[[0,0,0],[1,0,0],[0,1,0],[48,85,99]]
[[0,0,0],[1,0,0],[0,1,0],[15,58,99]]
[[0,0,0],[1,0,0],[0,1,0],[5,14,99]]
[[0,0,0],[1,0,0],[0,1,0],[26,26,99]]
[[0,0,0],[1,0,0],[0,1,0],[1,28,99]]
[[0,0,0],[1,0,0],[0,1,0],[6,7,99]]
[[0,0,0],[1,0,0],[0,1,0],[3,82,99]]
[[0,0,0],[1,0,0],[0,1,0],[17,95,99]]
[[0,0,0],[1,0,0],[2,3,0],[2,3,33]]
[[0,0,0],[1,0,0],[0,1,0],[27,51,99]]
[[0,0,0],[1,0,0],[0,1,0],[13,31,99]]
[[0,0,0],[1,0,0],[0,1,0],[6,76,99]]
[[0,0,0],[1,0,0],[0,1,0],[24,52,99]]
[[0,0,0],[1,0,0],[0,1,0],[7,14,99]]
[[0,0,0],[1,0,0],[0,1,0],[5,37,99]]
[[0,0,0],[1,0,0],[0,1,0],[8,70,99]]
[[0,0,0],[1,0,0],[0,1,0],[1,19,99]]
[[0,0,0],[1,0,0],[0,1,0],[30,26,99]]
[[0,0,0],[1,0,0],[0,1,0],[13,41,99]]
[[0,0,0],[1,0,0],[0,3,0],[7,18,33]]
[[0,0,0],[1,0,0],[0,1,0],[5,8,99]]
[[0,0,0],[1,0,0],[0,1,0],[15,25,99]]
[[0,0,0],[1,0,0],[0,1,0],[39,16,99]]
[[0,0,0],[1,0,0],[0,3,0],[7,3,33]]
[[0,0,0],[1,0,0],[0,1,0],[3,46,99]]
[[0,0,0],[1,0,0],[0,1,0],[17,94,99]]
[[0,0,0],[1,0,0],[0,1,0],[11,12,99]]
[[0,0,0],[1,0,0],[0,1,0],[16,28,99]]
[[0,0,0],[1,0,0],[0,3,0],[2,12,33]]
[[0,0,0],[1,0,0],[0,1,0],[2,53,99]]
[[0,0,0],[1,0,0],[0,1,0],[15,1,99]]
[[0,0,0],[1,0,0],[0,1,0],[4,47,99]]
[[0,0,0],[1,0,0],[0,1,0],[16,31,99]]
[[0,0,0],[1,0,0],[0,1,0],[3,1,99]]
[[0,0,0],[1,0,0],[0,1,0],[26,65,99]]
[[0,0,0],[1,0,0],[0,1,0],[4,13,99]]
[[0,0,0],[1,0,0],[0,1,0],[5,34,99]]
[[0,0,0],[1,0,0],[0,1,0],[21,35,99]]
[[0,0,0],[1,0,0],[0,1,0],[19,89,99]]
[[0,0,0],[1,0,0],[0,3,0],[32,9,33]]
[[0,0,0],[1,0,0],[0,1,0],[14,83,99]]
[[0,0,0],[1,0,0],[0,1,0],[10,10,99]]
[[0,0,0],[1,0,0],[0,1,0],[7,26,99]]
[[0,0,0],[1,0,0],[0,1,0],[12,7,99]]
[[0,0,0],[1,0,0],[0,1,0],[3,75,99]]
[[0,0,0],[1,0,0],[0,3,0],[8,6,33]]
[[0,0,0],[1,0,0],[0,1,0],[75,91,99]]
[[0,0,0],[1,0,0],[0,1,0],[12,34,99]]
[[0,0,0],[1,0,0],[0,1,0],[8,46,99]]
[[0,0,0],[1,0,0],[0,1,0],[5,53,99]]
[[0,0,0],[1,0,0],[0,1,0],[42,76,99]]
[[0,0,0],[1,0,0],[0,1,0],[30,52,99]]
[[0,0,0],[1,0,0],[0,1,0],[57,46,99]]
[[0,0,0],[1,0,0],[0,1,0],[2,13,99]]
[[0,0,0],[1,0,0],[0,1,0],[87,31,99]]
[[0,0,0],[1,0,0],[0,1,0],[14,80,99]]
[[0,0,0],[1,0,0],[0,1,0],[21,97,99]]
[[0,0,0],[1,0,0],[0,1,0],[6,28,99]]
[[0,0,0],[1,0,0],[0,3,0],[7,24,33]]
[[0,0,0],[1,0,0],[0,1,0],[10,16,99]]
[[0,0,0],[1,0,0],[0,1,0],[4,32,99]]
[[0,0,0],[1,0,0],[0,1,0],[84,7,99]]
[[0,0,0],[1,0,0],[0,1,0],[4,16,99]]
[[0,0,0],[1,0,0],[0,1,0],[30,1,99]]
[[0,0,0],[1,0,0],[0,1,0],[29,49,99]]
[[0,0,0],[1,0,0],[0,1,0],[9,10,99]]
[[0,0,0],[1,0,0],[0,1,0],[2,46,99]]
[[0,0,0],[1,0,0],[0,1,0],[51,38,99]]
[[0,0,0],[1,0,0],[0,1,0],[27,91,99]]
[[0,0,0],[1,0,0],[0,1,0],[18,10,99]]
[[0,0,0],[1,0,0],[0,1,0],[15,13,99]]
[[0,0,0],[1,0,0],[0,1,0],[27,7,99]]
[[0,0,0],[1,0,0],[0,1,0],[2,8,99]]
[[0,0,0],[1,0,0],[0,1,0],[22,89,99]]
[[0,0,0],[1,0,0],[0,1,0],[90,32,99]]
[[0,0,0],[1,0,0],[0,1,0],[53,53,99]]
[[0,0,0],[1,0,0],[0,1,0],[17,74,99]]
[[0,0,0],[1,0,0],[0,1,0],[18,82,99]]
[[0,0,0],[1,0,0],[0,1,0],[8,92,99]]
[[0,0,0],[1,0,0],[0,1,0],[14,53,99]]
[[0,0,0],[1,0,0],[0,1,0],[6,40,99]]
[[0,0,0],[1,0,0],[0,1,0],[75,25,99]]
[[0,0,0],[1,0,0],[0,1,0],[7,94,99]]
[[0,0,0],[1,0,0],[0,1,0],[11,1,99]]
[[0,0,0],[1,0,0],[0,1,0],[8,34,99]]
[[0,0,0],[1,0,0],[0,1,0],[12,19,99]]
[[0,0,0],[1,0,0],[0,1,0],[21,16,99]]
[[0,0,0],[1,0,0],[0,1,0],[40,71,99]]
[[0,0,0],[1,0,0],[0,1,0],[8,86,99]]
[[0,0,0],[1,0,0],[0,1,0],[15,37,99]]
[[0,0,0],[1,0,0],[0,1,0],[57,70,99]]
[[0,0,0],[1,0,0],[0,1,0],[55,45,99]]
[[0,0,0],[1,0,0],[0,1,0],[9,91,99]]
[[0,0,0],[1,0,0],[0,1,0],[42,94,99]]
[[0,0,0],[1,0,0],[0,1,0],[1,10,99]]
[[0,0,0],[1,0,0],[0,1,0],[23,68,99]]
[[0,0,0],[1,0,0],[0,3,0],[5,3,33]]
[[0,0,0],[1,0,0],[0,1,0],[55,12,99]]
[[0,0,0],[1,0,0],[0,1,0],[9,19,99]]
[[0,0,0],[1,0,0],[0,1,0],[14,91,99]]
[[0,0,0],[1,0,0],[0,1,0],[19,26,99]]
[[0,0,0],[1,0,0],[0,1,0],[13,98,99]]
[[0,0,0],[1,0,0],[0,1,0],[11,67,99]]
[[0,0,0],[1,0,0],[0,1,0],[24,87,99]]
[[0,0,0],[1,0,0],[0,1,0],[18,1,99]]
[[0,0,0],[1,0,0],[0,3,0],[8,15,33]]
[[0,0,0],[1,0,0],[0,1,0],[21,57,99]]
[[0,0,0],[1,0,0],[0,3,0],[23,15,33]]
[[0,0,0],[1,0,0],[0,1,0],[48,61,99]]
[[0,0,0],[1,0,0],[0,1,0],[13,65,99]]
[[0,0,0],[1,0,0],[0,1,0],[18,27,99]]
[[0,0,0],[1,0,0],[0,1,0],[3,61,99]]
[[0,0,0],[1,0,0],[0,1,0],[55,89,99]]
[[0,0,0],[1,0,0],[0,1,0],[48,7,99]]
[[0,0,0],[1,0,0],[0,1,0],[8,28,99]]
[[0,0,0],[1,0,0],[0,1,0],[19,37,99]]
[[0,0,0],[1,0,0],[0,1,0],[84,93,99]]
[[0,0,0],[1,0,0],[0,1,0],[13,89,99]]
[[0,0,0],[1,0,0],[0,1,0],[3,73,99]]
[[0,0,0],[1,0,0],[1,3,0],[1,3,33]]
[[0,0,0],[1,0,0],[0,1,0],[14,14,99]]
[[0,0,0],[1,0,0],[0,1,0],[57,79,99]]
[[0,0,0],[1,0,0],[0,1,0],[19,59,99]]
[[0,0,0],[1,0,0],[0,1,0],[47,47,99]]
[[0,0,0],[1,0,0],[0,1,0],[7,16,99]]
[[0,0,0],[1,0,0],[0,3,0],[8,18,33]]
[[0,0,0],[1,0,0],[0,1,0],[24,76,99]]
[[0,0,0],[1,0,0],[0,1,0],[27,62,99]]
[[0,0,0],[1,0,0],[0,1,0],[51,71,99]]
[[0,0,0],[1,0,0],[0,3,0],[10,6,33]]
[[0,0,0],[1,0,0],[0,1,0],[42,1,99]]
[[0,0,0],[1,0,0],[0,1,0],[42,80,99]]
[[0,0,0],[1,0,0],[0,1,0],[9,25,99]]
[[0,0,0],[1,0,0],[0,1,0],[17,80,99]]
[[0,0,0],[1,0,0],[0,1,0],[5,46,99]]
[[0,0,0],[1,0,0],[0,1,0],[29,29,99]]
[[0,0,0],[1,0,0],[0,3,0],[2,15,33]]
[[0,0,0],[1,0,0],[0,3,0],[23,9,33]]
[[0,0,0],[1,0,0],[0,1,0],[6,34,99]]
[[0,0,0],[1,0,0],[0,1,0],[23,26,99]]
[[0,0,0],[1,0,0],[0,3,0],[2,6,33]]
[[0,0,0],[1,0,0],[0,1,0],[68,98,99]]
[[0,0,0],[1,0,0],[0,1,0],[15,43,99]]
[[0,0,0],[1,0,0],[0,1,0],[18,37,99]]
[[0,0,0],[1,0,0],[0,1,0],[3,49,99]]
[[0,0,0],[1,0,0],[0,1,0],[0,1,99]]
[[0,0,0],[1,0,0],[0,1,0],[79,98,99]]
[[0,0,0],[1,0,0],[0,1,0],[38,53,99]]
[[0,0,0],[1,0,0],[0,1,0],[45,10,99]]
[[0,0,0],[1,0,0],[0,1,0],[6,1,99]]
[[0,0,0],[1,0,0],[1,3,0],[23,12,33]]
