[[0,0],[5,0],[0,1],[-6,1]]
[[0,0],[1,0],[2,3],[-2,1]]
[[0,0],[1,0],[0,1],[2,1],[3,3],[1,3]]
[[0,0],[1,0],[0,1],[-4,1],[-5,2],[-3,2]]
[[0,0],[1,0],[0,3],[-1,3],[2,-5]]
[[0,0],[1,0],[0,1],[1,2],[5,2]]
[[0,0],[1,0],[3,5],[3,2]]
[[0,0],[3,0],[0,1],[-8,1]]
[[0,0],[1,0],[2,4],[3,4],[-1,-3]]
[[0,0],[1,0],[4,5],[7,8]]
[[0,0],[1,0],[2,4],[-1,-5],[1,3]]
[[0,0],[1,0],[1,3],[3,3],[3,2]]
[[0,0],[1,0],[1,3],[3,5],[3,4]]
[[0,0],[5,0],[0,1],[2,-1],[-1,1]]
[[0,0],[1,0],[1,5],[2,5],[0,-1]]
[[0,0],[3,0],[0,1],[2,-2],[1,-2]]
[[0,0],[1,0],[4,5],[-1,-3],[5,7]]
[[0,0],[1,0],[4,7],[-1,-4]]
[[0,0],[1,0],[0,1],[5,2],[6,3]]
[[0,0],[1,0],[1,4],[2,4],[0,-1],[2,2]]
[[0,0],[2,0],[0,1],[-9,1]]
[[0,0],[1,0],[1,11]]
[[0,0],[1,0],[2,11]]
[[0,0],[1,0],[3,11]]
[[0,0],[1,0],[2,5],[3,5],[0,-1]]
[[0,0],[1,0],[2,3],[3,4],[3,1]]
[[0,0],[1,0],[1,2],[3,3],[2,3],[3,1]]
[[0,0],[5,0],[0,1],[4,-1],[-1,1]]
[[0,0],[1,0],[8,9],[2,1]]
[[0,0],[1,0],[4,7],[2,1]]
[[0,0],[1,0],[0,1],[-10,1]]
[[0,0],[1,0],[0,1],[-10,6]]
[[0,0],[4,0],[0,1],[-7,1]]
[[0,0],[1,0],[2,5],[-1,-6]]
[[0,0],[1,0],[1,4],[2,4],[2,1]]
[[0,0],[1,0],[1,4],[2,5],[2,2]]
[[0,0],[1,0],[4,5],[2,1],[6,7]]
[[0,0],[1,0],[1,2],[2,2],[-3,-7]]
[[0,0],[1,0],[2,7],[2,3]]
[[0,0],[1,0],[0,2],[-3,2],[-3,1]]
[[0,0],[1,0],[0,1],[-4,2],[-6,4]]
[[0,0],[1,0],[6,8],[7,9]]
[[0,0],[5,0],[0,1],[3,-1],[-1,1]]
