[[0,0],[1,0],[17,100]]
[[0,0],[5,0],[5,20]]
[[0,0],[1,0],[47,100]]
[[0,0],[1,0],[26,100]]
[[0,0],[1,0],[27,100]]
[[0,0],[2,0],[6,50]]
[[0,0],[1,0],[96,100]]
[[0,0],[2,0],[2,50]]
[[0,0],[2,0],[22,50]]
[[0,0],[1,0],[13,100]]
[[0,0],[1,0],[36,100]]
[[0,0],[1,0],[39,100]]
[[0,0],[1,0],[11,100]]
[[0,0],[1,0],[3,100]]
[[0,0],[1,0],[86,100]]
[[0,0],[1,0],[33,100]]
[[0,0],[1,0],[7,100]]
[[0,0],[1,0],[1,100]]
[[0,0],[1,0],[31,100]]
[[0,0],[1,0],[16,100]]
[[0,0],[1,0],[37,100]]
[[0,0],[2,0],[8,50]]
[[0,0],[1,0],[56,100]]
[[0,0],[1,0],[29,100]]
[[0,0],[2,0],[12,50]]
[[0,0],[1,0],[66,100]]
[[0,0],[1,0],[76,100]]
[[0,0],[1,0],[6,100]]
[[0,0],[1,0],[51,100]]
[[0,0],[1,0],[19,100]]
[[0,0],[10,0],[0,10]]
[[0,0],[5,0],[15,20]]
[[0,0],[1,0],[9,100]]
[[0,0],[1,0],[21,100]]
[[0,0],[1,0],[23,100]]
[[0,0],[1,0],[57,100]]
[[0,0],[1,0],[46,100]]
[[0,0],[1,0],[49,100]]
[[0,0],[1,0],[41,100]]
[[0,0],[2,0],[4,50]]
[[0,0],[1,0],[99,100]]
