[[0,0],[1,0],[94,102]]
[[0,0],[1,0],[47,102]]
[[0,0],[1,0],[67,102]]
[[0,0],[2,0],[36,51]]
[[0,0],[1,0],[88,102]]
[[0,0],[1,0],[52,102]]
[[0,0],[1,0],[40,102]]
[[0,0],[1,0],[13,102]]
[[0,0],[1,0],[69,102]]
[[0,0],[1,0],[64,102]]
[[0,0],[1,0],[53,102]]
[[0,0],[1,0],[11,102]]
[[0,0],[1,0],[86,102]]
[[0,0],[1,0],[1,102]]
[[0,0],[1,0],[70,102]]
[[0,0],[1,0],[7,102]]
[[0,0],[1,0],[4,102]]
[[0,0],[1,0],[16,102]]
[[0,0],[1,0],[10,102]]
[[0,0],[1,0],[37,102]]
[[0,0],[1,0],[101,102]]
[[0,0],[1,0],[31,102]]
[[0,0],[1,0],[22,102]]
[[0,0],[1,0],[29,102]]
[[0,0],[1,0],[61,102]]
[[0,0],[1,0],[76,102]]
[[0,0],[1,0],[35,102]]
[[0,0],[1,0],[18,102]]
[[0,0],[1,0],[25,102]]
[[0,0],[1,0],[28,102]]
[[0,0],[1,0],[19,102]]
[[0,0],[1,0],[59,102]]
[[0,0],[1,0],[23,102]]
[[0,0],[1,0],[5,102]]
[[0,0],[1,0],[46,102]]
[[0,0],[1,0],[100,102]]
[[0,0],[1,0],[58,102]]
[[0,0],[1,0],[82,102]]
