[[0,0],[1,0],[105,106]]
[[0,0],[1,0],[33,106]]
[[0,0],[1,0],[3,106]]
[[0,0],[1,0],[41,106]]
[[0,0],[1,0],[37,106]]
[[0,0],[1,0],[54,106]]
[[0,0],[1,0],[39,106]]
[[0,0],[1,0],[57,106]]
[[0,0],[1,0],[21,106]]
[[0,0],[1,0],[51,106]]
[[0,0],[1,0],[31,106]]
[[0,0],[1,0],[77,106]]
[[0,0],[1,0],[81,106]]
[[0,0],[1,0],[11,106]]
[[0,0],[1,0],[63,106]]
[[0,0],[1,0],[5,106]]
[[0,0],[1,0],[19,106]]
[[0,0],[1,0],[27,106]]
[[0,0],[1,0],[61,106]]
[[0,0],[1,0],[23,106]]
[[0,0],[1,0],[13,106]]
[[0,0],[1,0],[17,106]]
[[0,0],[1,0],[1,106]]
[[0,0],[1,0],[47,106]]
[[0,0],[1,0],[9,106]]
[[0,0],[1,0],[15,106]]
[[0,0],[1,0],[7,106]]
[[0,0],[1,0],[35,106]]
