[[0,0],[1,0],[5,108]]
[[0,0],[1,0],[100,108]]
[[0,0],[1,0],[82,108]]
[[0,0],[1,0],[94,108]]
[[0,0],[2,0],[2,54]]
[[0,0],[1,0],[13,108]]
[[0,0],[2,0],[32,54]]
[[0,0],[1,0],[43,108]]
[[0,0],[1,0],[83,108]]
[[0,0],[1,0],[70,108]]
[[0,0],[6,0],[6,18]]
[[0,0],[1,0],[33,108]]
[[0,0],[1,0],[106,108]]
[[0,0],[1,0],[1,108]]
[[0,0],[1,0],[10,108]]
[[0,0],[1,0],[22,108]]
[[0,0],[2,0],[20,54]]
[[0,0],[1,0],[69,108]]
[[0,0],[1,0],[64,108]]
[[0,0],[1,0],[11,108]]
[[0,0],[1,0],[29,108]]
[[0,0],[1,0],[61,108]]
[[0,0],[3,0],[3,36]]
[[0,0],[1,0],[53,108]]
[[0,0],[1,0],[35,108]]
[[0,0],[1,0],[107,108]]
[[0,0],[1,0],[7,108]]
[[0,0],[2,0],[8,54]]
[[0,0],[3,0],[27,36]]
[[0,0],[1,0],[19,108]]
[[0,0],[2,0],[10,54]]
[[0,0],[1,0],[37,108]]
[[0,0],[6,0],[12,18]]
[[0,0],[1,0],[28,108]]
[[0,0],[2,0],[26,54]]
[[0,0],[1,0],[105,108]]
[[0,0],[3,0],[15,36]]
[[0,0],[1,0],[77,108]]
[[0,0],[1,0],[34,108]]
[[0,0],[1,0],[49,108]]
[[0,0],[1,0],[55,108]]
[[0,0],[1,0],[58,108]]
[[0,0],[2,0],[4,54]]
[[0,0],[1,0],[17,108]]
[[0,0],[3,0],[33,36]]
[[0,0],[3,0],[21,36]]
[[0,0],[1,0],[93,108]]
[[0,0],[3,0],[30,36]]
[[0,0],[1,0],[67,108]]
[[0,0],[1,0],[23,108]]
[[0,0],[1,0],[21,108]]
[[0,0],[1,0],[57,108]]
[[0,0],[1,0],[46,108]]
