[[0,0],[1,0],[49,112]]
[[0,0],[1,0],[22,112]]
[[0,0],[1,0],[92,112]]
[[0,0],[1,0],[111,112]]
[[0,0],[1,0],[37,112]]
[[0,0],[1,0],[11,112]]
[[0,0],[1,0],[53,112]]
[[0,0],[1,0],[9,112]]
[[0,0],[2,0],[26,56]]
[[0,0],[1,0],[29,112]]
[[0,0],[1,0],[50,112]]
[[0,0],[1,0],[67,112]]
[[0,0],[2,0],[22,56]]
[[0,0],[1,0],[13,112]]
[[0,0],[1,0],[36,112]]
[[0,0],[1,0],[17,112]]
[[0,0],[1,0],[73,112]]
[[0,0],[1,0],[43,112]]
[[0,0],[1,0],[71,112]]
[[0,0],[1,0],[55,112]]
[[0,0],[2,0],[30,56]]
[[0,0],[1,0],[87,112]]
[[0,0],[2,0],[18,56]]
[[0,0],[2,0],[54,56]]
[[0,0],[1,0],[79,112]]
[[0,0],[1,0],[15,112]]
[[0,0],[1,0],[31,112]]
[[0,0],[1,0],[41,112]]
[[0,0],[1,0],[19,112]]
[[0,0],[1,0],[57,112]]
[[0,0],[1,0],[65,112]]
[[0,0],[1,0],[105,112]]
[[0,0],[2,0],[6,56]]
[[0,0],[4,0],[4,28]]
[[0,0],[1,0],[23,112]]
[[0,0],[1,0],[1,112]]
[[0,0],[2,0],[44,56]]
[[0,0],[2,0],[2,56]]
[[0,0],[1,0],[5,112]]
[[0,0],[1,0],[78,112]]
[[0,0],[1,0],[97,112]]
[[0,0],[4,0],[12,28]]
[[0,0],[4,0],[8,28]]
[[0,0],[1,0],[61,112]]
[[0,0],[1,0],[106,112]]
[[0,0],[1,0],[27,112]]
[[0,0],[1,0],[3,112]]
[[0,0],[2,0],[16,56]]
[[0,0],[2,0],[10,56]]
