[[0,0],[1,0],[25,117]]
[[0,0],[1,0],[20,117]]
[[0,0],[1,0],[73,117]]
[[0,0],[3,0],[3,39]]
[[0,0],[1,0],[5,117]]
[[0,0],[1,0],[53,117]]
[[0,0],[1,0],[70,117]]
[[0,0],[1,0],[85,117]]
[[0,0],[1,0],[76,117]]
[[0,0],[3,0],[12,39]]
[[0,0],[1,0],[19,117]]
[[0,0],[1,0],[43,117]]
[[0,0],[1,0],[28,117]]
[[0,0],[1,0],[7,117]]
[[0,0],[1,0],[11,117]]
[[0,0],[1,0],[40,117]]
[[0,0],[1,0],[66,117]]
[[0,0],[1,0],[17,117]]
[[0,0],[1,0],[1,117]]
[[0,0],[3,0],[9,39]]
[[0,0],[1,0],[31,117]]
[[0,0],[1,0],[14,117]]
[[0,0],[1,0],[8,117]]
[[0,0],[1,0],[64,117]]
[[0,0],[1,0],[16,117]]
[[0,0],[1,0],[61,117]]
[[0,0],[1,0],[4,117]]
[[0,0],[3,0],[6,39]]
[[0,0],[1,0],[105,117]]
[[0,0],[1,0],[27,117]]
[[0,0],[1,0],[10,117]]
[[0,0],[1,0],[58,117]]
[[0,0],[1,0],[2,117]]
[[0,0],[1,0],[55,117]]
