[[0,0],[1,0],[55,118]]
[[0,0],[1,0],[73,118]]
[[0,0],[1,0],[5,118]]
[[0,0],[1,0],[41,118]]
[[0,0],[1,0],[39,118]]
[[0,0],[1,0],[9,118]]
[[0,0],[1,0],[51,118]]
[[0,0],[1,0],[65,118]]
[[0,0],[1,0],[83,118]]
[[0,0],[1,0],[19,118]]
[[0,0],[1,0],[13,118]]
[[0,0],[1,0],[7,118]]
[[0,0],[1,0],[11,118]]
[[0,0],[1,0],[29,118]]
[[0,0],[1,0],[1,118]]
[[0,0],[1,0],[33,118]]
[[0,0],[1,0],[75,118]]
[[0,0],[1,0],[47,118]]
[[0,0],[1,0],[31,118]]
[[0,0],[1,0],[3,118]]
[[0,0],[1,0],[61,118]]
[[0,0],[1,0],[37,118]]
[[0,0],[1,0],[117,118]]
[[0,0],[1,0],[60,118]]
[[0,0],[1,0],[101,118]]
[[0,0],[1,0],[21,118]]
[[0,0],[1,0],[15,118]]
[[0,0],[1,0],[27,118]]
[[0,0],[1,0],[49,118]]
[[0,0],[1,0],[25,118]]
[[0,0],[1,0],[23,118]]
