[[0,0],[1,0],[33,122]]
[[0,0],[1,0],[43,122]]
[[0,0],[1,0],[1,122]]
[[0,0],[1,0],[21,122]]
[[0,0],[1,0],[39,122]]
[[0,0],[1,0],[9,122]]
[[0,0],[1,0],[23,122]]
[[0,0],[1,0],[81,122]]
[[0,0],[1,0],[17,122]]
[[0,0],[1,0],[62,122]]
[[0,0],[1,0],[65,122]]
[[0,0],[1,0],[73,122]]
[[0,0],[1,0],[59,122]]
[[0,0],[1,0],[7,122]]
[[0,0],[1,0],[15,122]]
[[0,0],[1,0],[75,122]]
[[0,0],[1,0],[11,122]]
[[0,0],[1,0],[51,122]]
[[0,0],[1,0],[77,122]]
[[0,0],[1,0],[19,122]]
[[0,0],[1,0],[27,122]]
[[0,0],[1,0],[3,122]]
[[0,0],[1,0],[31,122]]
[[0,0],[1,0],[29,122]]
[[0,0],[1,0],[87,122]]
[[0,0],[1,0],[53,122]]
[[0,0],[1,0],[85,122]]
[[0,0],[1,0],[25,122]]
[[0,0],[1,0],[5,122]]
[[0,0],[1,0],[13,122]]
[[0,0],[1,0],[121,122]]
[[0,0],[1,0],[55,122]]
