[[0,0],[1,0],[33,124]]
[[0,0],[1,0],[55,124]]
[[0,0],[1,0],[32,124]]
[[0,0],[1,0],[49,124]]
[[0,0],[2,0],[6,62]]
[[0,0],[1,0],[1,124]]
[[0,0],[1,0],[99,124]]
[[0,0],[1,0],[9,124]]
[[0,0],[1,0],[17,124]]
[[0,0],[1,0],[59,124]]
[[0,0],[1,0],[21,124]]
[[0,0],[1,0],[11,124]]
[[0,0],[1,0],[23,124]]
[[0,0],[1,0],[67,124]]
[[0,0],[1,0],[123,124]]
[[0,0],[2,0],[2,62]]
[[0,0],[1,0],[41,124]]
[[0,0],[1,0],[7,124]]
[[0,0],[1,0],[15,124]]
[[0,0],[1,0],[51,124]]
[[0,0],[1,0],[94,124]]
[[0,0],[1,0],[19,124]]
[[0,0],[1,0],[37,124]]
[[0,0],[2,0],[12,62]]
[[0,0],[1,0],[3,124]]
[[0,0],[2,0],[8,62]]
[[0,0],[1,0],[97,124]]
[[0,0],[2,0],[10,62]]
[[0,0],[1,0],[47,124]]
[[0,0],[1,0],[29,124]]
[[0,0],[1,0],[61,124]]
[[0,0],[1,0],[53,124]]
[[0,0],[1,0],[85,124]]
[[0,0],[1,0],[35,124]]
[[0,0],[1,0],[5,124]]
[[0,0],[1,0],[63,124]]
[[0,0],[1,0],[13,124]]
[[0,0],[2,0],[24,62]]
[[0,0],[1,0],[43,124]]
[[0,0],[1,0],[45,124]]
[[0,0],[2,0],[4,62]]
