[[0,0],[1,0],[4,125]]
[[0,0],[1,0],[56,125]]
[[0,0],[5,0],[5,25]]
[[0,0],[1,0],[2,125]]
[[0,0],[1,0],[12,125]]
[[0,0],[1,0],[28,125]]
[[0,0],[1,0],[13,125]]
[[0,0],[1,0],[41,125]]
[[0,0],[1,0],[71,125]]
[[0,0],[1,0],[17,125]]
[[0,0],[1,0],[1,125]]
[[0,0],[1,0],[29,125]]
[[0,0],[1,0],[33,125]]
[[0,0],[1,0],[9,125]]
[[0,0],[1,0],[31,125]]
[[0,0],[1,0],[3,125]]
[[0,0],[1,0],[36,125]]
[[0,0],[1,0],[8,125]]
[[0,0],[1,0],[26,125]]
[[0,0],[1,0],[7,125]]
[[0,0],[1,0],[11,125]]
[[0,0],[5,0],[10,25]]
[[0,0],[1,0],[24,125]]
[[0,0],[1,0],[111,125]]
[[0,0],[1,0],[46,125]]
[[0,0],[1,0],[6,125]]
[[0,0],[1,0],[16,125]]
[[0,0],[1,0],[51,125]]
