[[0,0],[1,0],[1,126]]
[[0,0],[1,0],[34,126]]
[[0,0],[1,0],[106,126]]
[[0,0],[1,0],[55,126]]
[[0,0],[1,0],[52,126]]
[[0,0],[1,0],[58,126]]
[[0,0],[1,0],[17,126]]
[[0,0],[1,0],[10,126]]
[[0,0],[1,0],[65,126]]
[[0,0],[1,0],[99,126]]
[[0,0],[2,0],[30,63]]
[[0,0],[1,0],[11,126]]
[[0,0],[1,0],[67,126]]
[[0,0],[1,0],[41,126]]
[[0,0],[1,0],[88,126]]
[[0,0],[1,0],[76,126]]
[[0,0],[1,0],[100,126]]
[[0,0],[1,0],[92,126]]
[[0,0],[1,0],[15,126]]
[[0,0],[1,0],[16,126]]
[[0,0],[1,0],[91,126]]
[[0,0],[1,0],[125,126]]
[[0,0],[1,0],[37,126]]
[[0,0],[1,0],[94,126]]
[[0,0],[2,0],[56,63]]
[[0,0],[3,0],[3,42]]
[[0,0],[1,0],[19,126]]
[[0,0],[3,0],[39,42]]
[[0,0],[1,0],[118,126]]
[[0,0],[1,0],[120,126]]
[[0,0],[1,0],[8,126]]
[[0,0],[3,0],[24,42]]
[[0,0],[1,0],[25,126]]
[[0,0],[1,0],[31,126]]
[[0,0],[1,0],[64,126]]
[[0,0],[1,0],[22,126]]
[[0,0],[1,0],[29,126]]
[[0,0],[1,0],[53,126]]
[[0,0],[1,0],[47,126]]
[[0,0],[1,0],[57,126]]
[[0,0],[1,0],[124,126]]
[[0,0],[3,0],[27,42]]
[[0,0],[2,0],[51,63]]
[[0,0],[1,0],[5,126]]
[[0,0],[1,0],[46,126]]
[[0,0],[1,0],[4,126]]
[[0,0],[1,0],[78,126]]
[[0,0],[1,0],[103,126]]
[[0,0],[1,0],[40,126]]
[[0,0],[3,0],[9,42]]
[[0,0],[1,0],[13,126]]
[[0,0],[1,0],[82,126]]
[[0,0],[1,0],[43,126]]
[[0,0],[1,0],[50,126]]
[[0,0],[1,0],[71,126]]
