[[0,0],[1,0],[27,127]]
[[0,0],[1,0],[12,127]]
[[0,0],[1,0],[28,127]]
[[0,0],[1,0],[25,127]]
[[0,0],[1,0],[2,127]]
[[0,0],[1,0],[20,127]]
[[0,0],[1,0],[13,127]]
[[0,0],[1,0],[5,127]]
[[0,0],[1,0],[1,127]]
[[0,0],[1,0],[29,127]]
[[0,0],[1,0],[9,127]]
[[0,0],[1,0],[8,127]]
[[0,0],[1,0],[31,127]]
[[0,0],[1,0],[3,127]]
[[0,0],[1,0],[26,127]]
[[0,0],[1,0],[7,127]]
[[0,0],[1,0],[30,127]]
[[0,0],[1,0],[11,127]]
[[0,0],[1,0],[10,127]]
[[0,0],[1,0],[34,127]]
[[0,0],[1,0],[6,127]]
[[0,0],[1,0],[4,127]]
[[0,0],[1,0],[46,127]]
