[[0,0],[1,0],[15,128]]
[[0,0],[1,0],[73,128]]
[[0,0],[1,0],[11,128]]
[[0,0],[1,0],[65,128]]
[[0,0],[8,0],[8,16]]
[[0,0],[4,0],[12,32]]
[[0,0],[1,0],[3,128]]
[[0,0],[1,0],[59,128]]
[[0,0],[2,0],[30,64]]
[[0,0],[1,0],[89,128]]
[[0,0],[2,0],[6,64]]
[[0,0],[1,0],[1,128]]
[[0,0],[1,0],[47,128]]
[[0,0],[1,0],[75,128]]
[[0,0],[1,0],[13,128]]
[[0,0],[1,0],[5,128]]
[[0,0],[1,0],[127,128]]
[[0,0],[1,0],[21,128]]
[[0,0],[2,0],[42,64]]
[[0,0],[1,0],[25,128]]
[[0,0],[2,0],[14,64]]
[[0,0],[2,0],[34,64]]
[[0,0],[4,0],[20,32]]
[[0,0],[2,0],[2,64]]
[[0,0],[2,0],[18,64]]
[[0,0],[1,0],[67,128]]
[[0,0],[1,0],[93,128]]
[[0,0],[1,0],[17,128]]
[[0,0],[1,0],[101,128]]
[[0,0],[1,0],[33,128]]
[[0,0],[1,0],[19,128]]
[[0,0],[1,0],[85,128]]
[[0,0],[4,0],[4,32]]
[[0,0],[1,0],[49,128]]
[[0,0],[1,0],[87,128]]
[[0,0],[1,0],[7,128]]
[[0,0],[1,0],[63,128]]
[[0,0],[2,0],[38,64]]
[[0,0],[1,0],[31,128]]
[[0,0],[1,0],[71,128]]
[[0,0],[4,0],[28,32]]
[[0,0],[2,0],[62,64]]
[[0,0],[1,0],[9,128]]
[[0,0],[1,0],[29,128]]
[[0,0],[1,0],[23,128]]
[[0,0],[1,0],[51,128]]
[[0,0],[2,0],[10,64]]
[[0,0],[1,0],[83,128]]
[[0,0],[1,0],[37,128]]
