[[0,0],[1,0],[11,130]]
[[0,0],[1,0],[7,130]]
[[0,0],[1,0],[56,130]]
[[0,0],[1,0],[105,130]]
[[0,0],[1,0],[129,130]]
[[0,0],[1,0],[9,130]]
[[0,0],[1,0],[61,130]]
[[0,0],[1,0],[76,130]]
[[0,0],[1,0],[66,130]]
[[0,0],[1,0],[63,130]]
[[0,0],[1,0],[51,130]]
[[0,0],[1,0],[77,130]]
[[0,0],[1,0],[46,130]]
[[0,0],[1,0],[6,130]]
[[0,0],[1,0],[19,130]]
[[0,0],[1,0],[21,130]]
[[0,0],[1,0],[79,130]]
[[0,0],[1,0],[57,130]]
[[0,0],[1,0],[41,130]]
[[0,0],[1,0],[59,130]]
[[0,0],[1,0],[92,130]]
[[0,0],[1,0],[99,130]]
[[0,0],[1,0],[17,130]]
[[0,0],[1,0],[49,130]]
[[0,0],[1,0],[126,130]]
[[0,0],[1,0],[36,130]]
[[0,0],[1,0],[47,130]]
[[0,0],[2,0],[15,65]]
[[0,0],[1,0],[96,130]]
[[0,0],[1,0],[43,130]]
[[0,0],[1,0],[14,130]]
[[0,0],[1,0],[40,130]]
[[0,0],[1,0],[86,130]]
[[0,0],[1,0],[118,130]]
[[0,0],[1,0],[27,130]]
[[0,0],[1,0],[1,130]]
[[0,0],[1,0],[116,130]]
[[0,0],[1,0],[106,130]]
[[0,0],[1,0],[101,130]]
[[0,0],[1,0],[33,130]]
[[0,0],[1,0],[37,130]]
[[0,0],[1,0],[107,130]]
[[0,0],[1,0],[3,130]]
[[0,0],[1,0],[16,130]]
