[[0,0],[1,0],[130,132]]
[[0,0],[1,0],[65,132]]
[[0,0],[1,0],[129,132]]
[[0,0],[1,0],[79,132]]
[[0,0],[1,0],[10,132]]
[[0,0],[1,0],[89,132]]
[[0,0],[1,0],[82,132]]
[[0,0],[3,0],[36,44]]
[[0,0],[1,0],[35,132]]
[[0,0],[1,0],[1,132]]
[[0,0],[2,0],[24,66]]
[[0,0],[1,0],[118,132]]
[[0,0],[1,0],[78,132]]
[[0,0],[1,0],[121,132]]
[[0,0],[1,0],[47,132]]
[[0,0],[1,0],[13,132]]
[[0,0],[2,0],[57,66]]
[[0,0],[1,0],[25,132]]
[[0,0],[1,0],[94,132]]
[[0,0],[1,0],[5,132]]
[[0,0],[1,0],[131,132]]
[[0,0],[1,0],[56,132]]
[[0,0],[2,0],[14,66]]
[[0,0],[1,0],[21,132]]
[[0,0],[2,0],[4,66]]
[[0,0],[2,0],[20,66]]
[[0,0],[1,0],[100,132]]
[[0,0],[2,0],[2,66]]
[[0,0],[1,0],[106,132]]
[[0,0],[2,0],[26,66]]
[[0,0],[1,0],[67,132]]
[[0,0],[1,0],[95,132]]
[[0,0],[1,0],[81,132]]
[[0,0],[1,0],[17,132]]
[[0,0],[2,0],[8,66]]
[[0,0],[1,0],[57,132]]
[[0,0],[1,0],[93,132]]
[[0,0],[1,0],[113,132]]
[[0,0],[1,0],[117,132]]
[[0,0],[1,0],[122,132]]
[[0,0],[1,0],[49,132]]
[[0,0],[1,0],[58,132]]
[[0,0],[1,0],[70,132]]
[[0,0],[1,0],[45,132]]
[[0,0],[1,0],[34,132]]
[[0,0],[1,0],[7,132]]
[[0,0],[1,0],[43,132]]
[[0,0],[1,0],[91,132]]
[[0,0],[1,0],[105,132]]
[[0,0],[1,0],[9,132]]
[[0,0],[1,0],[31,132]]
[[0,0],[1,0],[71,132]]
[[0,0],[2,0],[46,66]]
[[0,0],[1,0],[29,132]]
[[0,0],[2,0],[32,66]]
[[0,0],[1,0],[23,132]]
[[0,0],[2,0],[10,66]]
[[0,0],[1,0],[69,132]]
[[0,0],[1,0],[109,132]]
[[0,0],[1,0],[46,132]]
[[0,0],[1,0],[73,132]]
[[0,0],[1,0],[111,132]]
