[[0,0],[1,0],[29,134]]
[[0,0],[1,0],[9,134]]
[[0,0],[1,0],[7,134]]
[[0,0],[1,0],[25,134]]
[[0,0],[1,0],[68,134]]
[[0,0],[1,0],[119,134]]
[[0,0],[1,0],[133,134]]
[[0,0],[1,0],[51,134]]
[[0,0],[1,0],[63,134]]
[[0,0],[1,0],[97,134]]
[[0,0],[1,0],[5,134]]
[[0,0],[1,0],[19,134]]
[[0,0],[1,0],[23,134]]
[[0,0],[1,0],[57,134]]
[[0,0],[1,0],[41,134]]
[[0,0],[1,0],[81,134]]
[[0,0],[1,0],[73,134]]
[[0,0],[1,0],[99,134]]
[[0,0],[1,0],[21,134]]
[[0,0],[1,0],[17,134]]
[[0,0],[1,0],[79,134]]
[[0,0],[1,0],[103,134]]
[[0,0],[1,0],[49,134]]
[[0,0],[1,0],[43,134]]
[[0,0],[1,0],[47,134]]
[[0,0],[1,0],[1,134]]
[[0,0],[1,0],[75,134]]
[[0,0],[1,0],[13,134]]
[[0,0],[1,0],[33,134]]
[[0,0],[1,0],[107,134]]
[[0,0],[1,0],[89,134]]
[[0,0],[1,0],[69,134]]
[[0,0],[1,0],[3,134]]
[[0,0],[1,0],[39,134]]
[[0,0],[1,0],[11,134]]
