[[0,0],[1,0],[37,135]]
[[0,0],[3,0],[21,45]]
[[0,0],[1,0],[32,135]]
[[0,0],[1,0],[7,135]]
[[0,0],[1,0],[22,135]]
[[0,0],[1,0],[55,135]]
[[0,0],[1,0],[51,135]]
[[0,0],[3,0],[18,45]]
[[0,0],[1,0],[66,135]]
[[0,0],[1,0],[46,135]]
[[0,0],[3,0],[12,45]]
[[0,0],[1,0],[97,135]]
[[0,0],[1,0],[6,135]]
[[0,0],[1,0],[19,135]]
[[0,0],[1,0],[23,135]]
[[0,0],[3,0],[3,45]]
[[0,0],[1,0],[28,135]]
[[0,0],[1,0],[41,135]]
[[0,0],[1,0],[100,135]]
[[0,0],[1,0],[111,135]]
[[0,0],[1,0],[21,135]]
[[0,0],[1,0],[79,135]]
[[0,0],[1,0],[8,135]]
[[0,0],[1,0],[49,135]]
[[0,0],[1,0],[67,135]]
[[0,0],[1,0],[96,135]]
[[0,0],[1,0],[26,135]]
[[0,0],[3,0],[6,45]]
[[0,0],[1,0],[71,135]]
[[0,0],[1,0],[14,135]]
[[0,0],[1,0],[2,135]]
[[0,0],[1,0],[118,135]]
[[0,0],[1,0],[1,135]]
[[0,0],[3,0],[33,45]]
[[0,0],[1,0],[88,135]]
[[0,0],[1,0],[10,135]]
[[0,0],[1,0],[13,135]]
[[0,0],[1,0],[106,135]]
[[0,0],[1,0],[109,135]]
[[0,0],[1,0],[101,135]]
[[0,0],[1,0],[16,135]]
[[0,0],[1,0],[11,135]]
[[0,0],[1,0],[4,135]]
[[0,0],[1,0],[31,135]]
