[[0,0],[1,0],[3,137]]
[[0,0],[1,0],[28,137]]
[[0,0],[1,0],[27,137]]
[[0,0],[1,0],[6,137]]
[[0,0],[1,0],[14,137]]
[[0,0],[1,0],[16,137]]
[[0,0],[1,0],[29,137]]
[[0,0],[1,0],[12,137]]
[[0,0],[1,0],[10,137]]
[[0,0],[1,0],[5,137]]
[[0,0],[1,0],[8,137]]
[[0,0],[1,0],[9,137]]
[[0,0],[1,0],[11,137]]
[[0,0],[1,0],[30,137]]
[[0,0],[1,0],[1,137]]
[[0,0],[1,0],[7,137]]
[[0,0],[1,0],[15,137]]
[[0,0],[1,0],[31,137]]
[[0,0],[1,0],[4,137]]
[[0,0],[1,0],[20,137]]
[[0,0],[1,0],[43,137]]
[[0,0],[1,0],[13,137]]
[[0,0],[1,0],[19,137]]
[[0,0],[1,0],[2,137]]
