[[0,0],[1,0],[116,138]]
[[0,0],[1,0],[37,138]]
[[0,0],[1,0],[16,138]]
[[0,0],[1,0],[130,138]]
[[0,0],[1,0],[73,138]]
[[0,0],[1,0],[1,138]]
[[0,0],[1,0],[11,138]]
[[0,0],[1,0],[13,138]]
[[0,0],[1,0],[35,138]]
[[0,0],[1,0],[47,138]]
[[0,0],[1,0],[124,138]]
[[0,0],[1,0],[82,138]]
[[0,0],[1,0],[88,138]]
[[0,0],[1,0],[64,138]]
[[0,0],[1,0],[28,138]]
[[0,0],[1,0],[89,138]]
[[0,0],[1,0],[59,138]]
[[0,0],[1,0],[118,138]]
[[0,0],[1,0],[55,138]]
[[0,0],[1,0],[5,138]]
[[0,0],[1,0],[112,138]]
[[0,0],[1,0],[106,138]]
[[0,0],[1,0],[25,138]]
[[0,0],[1,0],[4,138]]
[[0,0],[1,0],[94,138]]
[[0,0],[1,0],[100,138]]
[[0,0],[1,0],[67,138]]
[[0,0],[1,0],[93,138]]
[[0,0],[1,0],[17,138]]
[[0,0],[1,0],[19,138]]
[[0,0],[1,0],[52,138]]
[[0,0],[1,0],[22,138]]
[[0,0],[1,0],[58,138]]
[[0,0],[1,0],[76,138]]
[[0,0],[1,0],[70,138]]
[[0,0],[1,0],[77,138]]
[[0,0],[1,0],[40,138]]
[[0,0],[2,0],[48,69]]
[[0,0],[1,0],[31,138]]
[[0,0],[1,0],[34,138]]
[[0,0],[1,0],[29,138]]
[[0,0],[1,0],[7,138]]
[[0,0],[1,0],[41,138]]
[[0,0],[1,0],[53,138]]
[[0,0],[1,0],[43,138]]
[[0,0],[1,0],[91,138]]
[[0,0],[1,0],[137,138]]
[[0,0],[1,0],[136,138]]
[[0,0],[1,0],[24,138]]
[[0,0],[1,0],[10,138]]
