[[0,0],[1,0],[11,141]]
[[0,0],[1,0],[16,141]]
[[0,0],[1,0],[64,141]]
[[0,0],[1,0],[4,141]]
[[0,0],[1,0],[95,141]]
[[0,0],[1,0],[19,141]]
[[0,0],[1,0],[37,141]]
[[0,0],[1,0],[7,141]]
[[0,0],[1,0],[55,141]]
[[0,0],[1,0],[25,141]]
[[0,0],[1,0],[28,141]]
[[0,0],[1,0],[34,141]]
[[0,0],[1,0],[46,141]]
[[0,0],[1,0],[8,141]]
[[0,0],[1,0],[17,141]]
[[0,0],[1,0],[49,141]]
[[0,0],[1,0],[5,141]]
[[0,0],[1,0],[23,141]]
[[0,0],[1,0],[58,141]]
[[0,0],[1,0],[26,141]]
[[0,0],[1,0],[41,141]]
[[0,0],[1,0],[103,141]]
[[0,0],[1,0],[73,141]]
[[0,0],[1,0],[40,141]]
[[0,0],[1,0],[10,141]]
[[0,0],[1,0],[1,141]]
[[0,0],[1,0],[88,141]]
[[0,0],[1,0],[43,141]]
[[0,0],[1,0],[13,141]]
[[0,0],[1,0],[48,141]]
[[0,0],[1,0],[2,141]]
[[0,0],[1,0],[31,141]]
[[0,0],[1,0],[70,141]]
[[0,0],[1,0],[22,141]]
