[[0,0],[1,0],[27,145]]
[[0,0],[1,0],[6,145]]
[[0,0],[1,0],[31,145]]
[[0,0],[1,0],[88,145]]
[[0,0],[1,0],[4,145]]
[[0,0],[1,0],[3,145]]
[[0,0],[1,0],[38,145]]
[[0,0],[1,0],[56,145]]
[[0,0],[1,0],[8,145]]
[[0,0],[1,0],[71,145]]
[[0,0],[1,0],[22,145]]
[[0,0],[1,0],[9,145]]
[[0,0],[1,0],[61,145]]
[[0,0],[1,0],[52,145]]
[[0,0],[1,0],[14,145]]
[[0,0],[1,0],[23,145]]
[[0,0],[1,0],[12,145]]
[[0,0],[1,0],[28,145]]
[[0,0],[1,0],[30,145]]
[[0,0],[1,0],[1,145]]
[[0,0],[1,0],[59,145]]
[[0,0],[1,0],[21,145]]
[[0,0],[1,0],[41,145]]
[[0,0],[1,0],[81,145]]
[[0,0],[1,0],[7,145]]
[[0,0],[1,0],[11,145]]
[[0,0],[1,0],[16,145]]
[[0,0],[1,0],[26,145]]
[[0,0],[1,0],[36,145]]
[[0,0],[1,0],[2,145]]
[[0,0],[1,0],[51,145]]
[[0,0],[1,0],[86,145]]
