[[0,0],[1,0],[112,150]]
[[0,0],[1,0],[23,150]]
[[0,0],[1,0],[13,150]]
[[0,0],[1,0],[47,150]]
[[0,0],[1,0],[126,150]]
[[0,0],[1,0],[64,150]]
[[0,0],[2,0],[42,75]]
[[0,0],[1,0],[61,150]]
[[0,0],[1,0],[59,150]]
[[0,0],[1,0],[149,150]]
[[0,0],[1,0],[145,150]]
[[0,0],[1,0],[106,150]]
[[0,0],[2,0],[57,75]]
[[0,0],[1,0],[88,150]]
[[0,0],[1,0],[141,150]]
[[0,0],[1,0],[55,150]]
[[0,0],[1,0],[118,150]]
[[0,0],[1,0],[146,150]]
[[0,0],[1,0],[56,150]]
[[0,0],[1,0],[124,150]]
[[0,0],[5,0],[20,30]]
[[0,0],[1,0],[28,150]]
[[0,0],[1,0],[94,150]]
[[0,0],[1,0],[21,150]]
[[0,0],[1,0],[52,150]]
[[0,0],[1,0],[19,150]]
[[0,0],[1,0],[101,150]]
[[0,0],[1,0],[4,150]]
[[0,0],[1,0],[142,150]]
[[0,0],[2,0],[12,75]]
[[0,0],[1,0],[67,150]]
[[0,0],[1,0],[107,150]]
[[0,0],[1,0],[97,150]]
[[0,0],[1,0],[81,150]]
[[0,0],[1,0],[17,150]]
[[0,0],[1,0],[115,150]]
[[0,0],[5,0],[5,30]]
[[0,0],[5,0],[25,30]]
[[0,0],[1,0],[7,150]]
[[0,0],[1,0],[76,150]]
[[0,0],[1,0],[77,150]]
[[0,0],[1,0],[85,150]]
[[0,0],[1,0],[71,150]]
[[0,0],[1,0],[49,150]]
[[0,0],[1,0],[51,150]]
[[0,0],[1,0],[22,150]]
[[0,0],[1,0],[16,150]]
[[0,0],[1,0],[86,150]]
[[0,0],[1,0],[58,150]]
[[0,0],[1,0],[109,150]]
[[0,0],[1,0],[148,150]]
[[0,0],[1,0],[136,150]]
[[0,0],[1,0],[34,150]]
[[0,0],[1,0],[116,150]]
[[0,0],[1,0],[37,150]]
[[0,0],[1,0],[46,150]]
[[0,0],[1,0],[111,150]]
[[0,0],[1,0],[11,150]]
[[0,0],[1,0],[26,150]]
[[0,0],[1,0],[31,150]]
[[0,0],[2,0],[27,75]]
[[0,0],[2,0],[72,75]]
[[0,0],[1,0],[29,150]]
[[0,0],[1,0],[82,150]]
[[0,0],[1,0],[1,150]]
