[[0,0],[1,0],[9,152]]
[[0,0],[1,0],[134,152]]
[[0,0],[1,0],[23,152]]
[[0,0],[2,0],[6,76]]
[[0,0],[1,0],[75,152]]
[[0,0],[1,0],[5,152]]
[[0,0],[1,0],[3,152]]
[[0,0],[1,0],[39,152]]
[[0,0],[2,0],[42,76]]
[[0,0],[1,0],[25,152]]
[[0,0],[2,0],[30,76]]
[[0,0],[1,0],[151,152]]
[[0,0],[1,0],[35,152]]
[[0,0],[1,0],[59,152]]
[[0,0],[1,0],[33,152]]
[[0,0],[2,0],[14,76]]
[[0,0],[2,0],[2,76]]
[[0,0],[2,0],[18,76]]
[[0,0],[1,0],[21,152]]
[[0,0],[1,0],[123,152]]
[[0,0],[1,0],[101,152]]
[[0,0],[2,0],[40,76]]
[[0,0],[1,0],[45,152]]
[[0,0],[1,0],[20,152]]
[[0,0],[1,0],[115,152]]
[[0,0],[1,0],[97,152]]
[[0,0],[1,0],[81,152]]
[[0,0],[1,0],[77,152]]
[[0,0],[1,0],[113,152]]
[[0,0],[1,0],[7,152]]
[[0,0],[2,0],[50,76]]
[[0,0],[1,0],[49,152]]
[[0,0],[1,0],[58,152]]
[[0,0],[1,0],[43,152]]
[[0,0],[2,0],[54,76]]
[[0,0],[1,0],[85,152]]
[[0,0],[1,0],[27,152]]
[[0,0],[1,0],[63,152]]
[[0,0],[1,0],[79,152]]
[[0,0],[1,0],[15,152]]
[[0,0],[2,0],[10,76]]
[[0,0],[1,0],[69,152]]
[[0,0],[1,0],[31,152]]
[[0,0],[1,0],[65,152]]
[[0,0],[1,0],[96,152]]
[[0,0],[2,0],[74,76]]
[[0,0],[1,0],[37,152]]
[[0,0],[1,0],[11,152]]
[[0,0],[1,0],[1,152]]
[[0,0],[1,0],[41,152]]
[[0,0],[1,0],[47,152]]
[[0,0],[1,0],[53,152]]
[[0,0],[1,0],[135,152]]
[[0,0],[1,0],[91,152]]
[[0,0],[1,0],[13,152]]
