[[0,0],[1,0],[2,159]]
[[0,0],[1,0],[38,159]]
[[0,0],[1,0],[31,159]]
[[0,0],[1,0],[79,159]]
[[0,0],[1,0],[8,159]]
[[0,0],[1,0],[46,159]]
[[0,0],[1,0],[5,159]]
[[0,0],[1,0],[22,159]]
[[0,0],[1,0],[64,159]]
[[0,0],[1,0],[4,159]]
[[0,0],[1,0],[61,159]]
[[0,0],[1,0],[54,159]]
[[0,0],[1,0],[1,159]]
[[0,0],[1,0],[10,159]]
[[0,0],[1,0],[139,159]]
[[0,0],[1,0],[28,159]]
[[0,0],[1,0],[55,159]]
[[0,0],[1,0],[13,159]]
[[0,0],[1,0],[112,159]]
[[0,0],[1,0],[109,159]]
[[0,0],[1,0],[52,159]]
[[0,0],[1,0],[14,159]]
[[0,0],[1,0],[34,159]]
[[0,0],[1,0],[130,159]]
[[0,0],[1,0],[23,159]]
[[0,0],[1,0],[58,159]]
[[0,0],[1,0],[59,159]]
[[0,0],[1,0],[107,159]]
[[0,0],[1,0],[26,159]]
[[0,0],[1,0],[76,159]]
[[0,0],[1,0],[11,159]]
[[0,0],[1,0],[127,159]]
[[0,0],[1,0],[37,159]]
[[0,0],[1,0],[97,159]]
[[0,0],[1,0],[19,159]]
[[0,0],[1,0],[88,159]]
[[0,0],[1,0],[7,159]]
[[0,0],[1,0],[25,159]]
