[[0,0],[4,0],[12,40]]
[[0,0],[1,0],[43,160]]
[[0,0],[1,0],[31,160]]
[[0,0],[1,0],[41,160]]
[[0,0],[1,0],[99,160]]
[[0,0],[2,0],[58,80]]
[[0,0],[1,0],[71,160]]
[[0,0],[1,0],[105,160]]
[[0,0],[2,0],[22,80]]
[[0,0],[2,0],[42,80]]
[[0,0],[1,0],[51,160]]
[[0,0],[2,0],[14,80]]
[[0,0],[1,0],[69,160]]
[[0,0],[1,0],[146,160]]
[[0,0],[1,0],[116,160]]
[[0,0],[1,0],[93,160]]
[[0,0],[1,0],[79,160]]
[[0,0],[1,0],[126,160]]
[[0,0],[2,0],[18,80]]
[[0,0],[1,0],[101,160]]
[[0,0],[1,0],[33,160]]
[[0,0],[1,0],[65,160]]
[[0,0],[1,0],[57,160]]
[[0,0],[1,0],[19,160]]
[[0,0],[1,0],[129,160]]
[[0,0],[1,0],[27,160]]
[[0,0],[1,0],[3,160]]
[[0,0],[1,0],[159,160]]
[[0,0],[1,0],[49,160]]
[[0,0],[1,0],[145,160]]
[[0,0],[2,0],[12,80]]
[[0,0],[1,0],[1,160]]
[[0,0],[4,0],[36,40]]
[[0,0],[1,0],[86,160]]
[[0,0],[2,0],[34,80]]
[[0,0],[1,0],[63,160]]
[[0,0],[2,0],[2,80]]
[[0,0],[1,0],[21,160]]
[[0,0],[2,0],[50,80]]
[[0,0],[1,0],[77,160]]
[[0,0],[1,0],[123,160]]
[[0,0],[2,0],[26,80]]
[[0,0],[1,0],[25,160]]
[[0,0],[1,0],[6,160]]
[[0,0],[1,0],[66,160]]
[[0,0],[1,0],[53,160]]
[[0,0],[1,0],[9,160]]
[[0,0],[1,0],[106,160]]
[[0,0],[1,0],[29,160]]
[[0,0],[1,0],[156,160]]
[[0,0],[1,0],[137,160]]
[[0,0],[2,0],[52,80]]
[[0,0],[2,0],[38,80]]
[[0,0],[4,0],[4,40]]
[[0,0],[1,0],[111,160]]
[[0,0],[1,0],[36,160]]
[[0,0],[1,0],[81,160]]
[[0,0],[1,0],[17,160]]
[[0,0],[1,0],[46,160]]
[[0,0],[1,0],[11,160]]
[[0,0],[4,0],[24,40]]
[[0,0],[2,0],[72,80]]
[[0,0],[1,0],[47,160]]
[[0,0],[1,0],[13,160]]
[[0,0],[2,0],[78,80]]
[[0,0],[2,0],[62,80]]
[[0,0],[1,0],[87,160]]
[[0,0],[1,0],[39,160]]
[[0,0],[1,0],[7,160]]
[[0,0],[1,0],[76,160]]
[[0,0],[2,0],[6,80]]
[[0,0],[1,0],[26,160]]
