[[0,0],[1,0],[99,161]]
[[0,0],[1,0],[26,161]]
[[0,0],[1,0],[24,161]]
[[0,0],[1,0],[71,161]]
[[0,0],[1,0],[8,161]]
[[0,0],[1,0],[36,161]]
[[0,0],[1,0],[52,161]]
[[0,0],[1,0],[2,161]]
[[0,0],[1,0],[139,161]]
[[0,0],[1,0],[134,161]]
[[0,0],[1,0],[10,161]]
[[0,0],[1,0],[53,161]]
[[0,0],[1,0],[12,161]]
[[0,0],[1,0],[106,161]]
[[0,0],[1,0],[1,161]]
[[0,0],[1,0],[13,161]]
[[0,0],[1,0],[3,161]]
[[0,0],[1,0],[4,161]]
[[0,0],[1,0],[37,161]]
[[0,0],[1,0],[64,161]]
[[0,0],[1,0],[11,161]]
[[0,0],[1,0],[29,161]]
[[0,0],[1,0],[70,161]]
[[0,0],[1,0],[34,161]]
[[0,0],[1,0],[25,161]]
[[0,0],[1,0],[22,161]]
[[0,0],[1,0],[9,161]]
[[0,0],[1,0],[15,161]]
[[0,0],[1,0],[5,161]]
[[0,0],[1,0],[6,161]]
[[0,0],[1,0],[30,161]]
[[0,0],[1,0],[93,161]]
[[0,0],[1,0],[57,161]]
[[0,0],[1,0],[38,161]]
