[[0,0],[1,0],[99,164]]
[[0,0],[1,0],[31,164]]
[[0,0],[1,0],[51,164]]
[[0,0],[1,0],[23,164]]
[[0,0],[1,0],[163,164]]
[[0,0],[1,0],[69,164]]
[[0,0],[1,0],[109,164]]
[[0,0],[1,0],[19,164]]
[[0,0],[1,0],[57,164]]
[[0,0],[2,0],[24,82]]
[[0,0],[1,0],[93,164]]
[[0,0],[1,0],[117,164]]
[[0,0],[1,0],[27,164]]
[[0,0],[1,0],[3,164]]
[[0,0],[1,0],[59,164]]
[[0,0],[1,0],[89,164]]
[[0,0],[1,0],[61,164]]
[[0,0],[1,0],[135,164]]
[[0,0],[1,0],[149,164]]
[[0,0],[1,0],[49,164]]
[[0,0],[2,0],[8,82]]
[[0,0],[1,0],[1,164]]
[[0,0],[1,0],[42,164]]
[[0,0],[2,0],[12,82]]
[[0,0],[2,0],[4,82]]
[[0,0],[2,0],[2,82]]
[[0,0],[1,0],[25,164]]
[[0,0],[1,0],[5,164]]
[[0,0],[1,0],[131,164]]
[[0,0],[1,0],[63,164]]
[[0,0],[2,0],[26,82]]
[[0,0],[1,0],[124,164]]
[[0,0],[1,0],[21,164]]
[[0,0],[1,0],[91,164]]
[[0,0],[1,0],[9,164]]
[[0,0],[1,0],[53,164]]
[[0,0],[1,0],[67,164]]
[[0,0],[1,0],[83,164]]
[[0,0],[1,0],[81,164]]
[[0,0],[1,0],[17,164]]
[[0,0],[1,0],[11,164]]
[[0,0],[1,0],[37,164]]
[[0,0],[2,0],[10,82]]
[[0,0],[1,0],[85,164]]
[[0,0],[1,0],[35,164]]
[[0,0],[1,0],[45,164]]
[[0,0],[1,0],[13,164]]
[[0,0],[1,0],[87,164]]
[[0,0],[2,0],[6,82]]
[[0,0],[1,0],[39,164]]
[[0,0],[1,0],[7,164]]
[[0,0],[1,0],[43,164]]
