[[0,0],[2,0],[58,84]]
[[0,0],[2,0],[32,84]]
[[0,0],[1,0],[94,168]]
[[0,0],[3,0],[52,56]]
[[0,0],[1,0],[155,168]]
[[0,0],[1,0],[43,168]]
[[0,0],[1,0],[41,168]]
[[0,0],[1,0],[141,168]]
[[0,0],[1,0],[71,168]]
[[0,0],[2,0],[20,84]]
[[0,0],[2,0],[22,84]]
[[0,0],[1,0],[93,168]]
[[0,0],[2,0],[16,84]]
[[0,0],[1,0],[79,168]]
[[0,0],[1,0],[23,168]]
[[0,0],[1,0],[15,168]]
[[0,0],[1,0],[33,168]]
[[0,0],[1,0],[69,168]]
[[0,0],[1,0],[161,168]]
[[0,0],[1,0],[19,168]]
[[0,0],[1,0],[65,168]]
[[0,0],[1,0],[129,168]]
[[0,0],[1,0],[61,168]]
[[0,0],[1,0],[113,168]]
[[0,0],[1,0],[139,168]]
[[0,0],[2,0],[30,84]]
[[0,0],[2,0],[68,84]]
[[0,0],[1,0],[117,168]]
[[0,0],[1,0],[49,168]]
[[0,0],[1,0],[22,168]]
[[0,0],[1,0],[58,168]]
[[0,0],[1,0],[153,168]]
[[0,0],[1,0],[57,168]]
[[0,0],[1,0],[1,168]]
[[0,0],[2,0],[51,84]]
[[0,0],[1,0],[92,168]]
[[0,0],[2,0],[8,84]]
[[0,0],[1,0],[59,168]]
[[0,0],[1,0],[118,168]]
[[0,0],[1,0],[134,168]]
[[0,0],[1,0],[64,168]]
[[0,0],[1,0],[97,168]]
[[0,0],[2,0],[2,84]]
[[0,0],[2,0],[50,84]]
[[0,0],[2,0],[26,84]]
[[0,0],[1,0],[167,168]]
[[0,0],[4,0],[18,42]]
[[0,0],[1,0],[133,168]]
[[0,0],[1,0],[5,168]]
[[0,0],[1,0],[106,168]]
[[0,0],[1,0],[29,168]]
[[0,0],[1,0],[78,168]]
[[0,0],[2,0],[82,84]]
[[0,0],[1,0],[25,168]]
[[0,0],[2,0],[44,84]]
[[0,0],[1,0],[67,168]]
[[0,0],[1,0],[53,168]]
[[0,0],[1,0],[9,168]]
[[0,0],[1,0],[83,168]]
[[0,0],[2,0],[38,84]]
[[0,0],[1,0],[81,168]]
[[0,0],[1,0],[17,168]]
[[0,0],[1,0],[10,168]]
[[0,0],[1,0],[148,168]]
[[0,0],[2,0],[10,84]]
[[0,0],[3,0],[35,56]]
[[0,0],[1,0],[37,168]]
[[0,0],[1,0],[130,168]]
[[0,0],[1,0],[125,168]]
[[0,0],[1,0],[73,168]]
[[0,0],[1,0],[46,168]]
[[0,0],[2,0],[80,84]]
[[0,0],[1,0],[11,168]]
[[0,0],[1,0],[45,168]]
[[0,0],[1,0],[162,168]]
[[0,0],[1,0],[47,168]]
[[0,0],[1,0],[13,168]]
[[0,0],[1,0],[82,168]]
[[0,0],[1,0],[85,168]]
[[0,0],[1,0],[127,168]]
[[0,0],[1,0],[166,168]]
[[0,0],[1,0],[142,168]]
[[0,0],[2,0],[72,84]]
[[0,0],[1,0],[165,168]]
[[0,0],[2,0],[9,84]]
[[0,0],[1,0],[50,168]]
[[0,0],[1,0],[55,168]]
[[0,0],[1,0],[31,168]]
[[0,0],[1,0],[99,168]]
[[0,0],[1,0],[34,168]]
