[[0,0],[1,0],[50,169]]
[[0,0],[1,0],[59,169]]
[[0,0],[1,0],[10,169]]
[[0,0],[1,0],[40,169]]
[[0,0],[1,0],[12,169]]
[[0,0],[1,0],[1,169]]
[[0,0],[1,0],[31,169]]
[[0,0],[1,0],[2,169]]
[[0,0],[1,0],[3,169]]
[[0,0],[1,0],[14,169]]
[[0,0],[1,0],[33,169]]
[[0,0],[1,0],[53,169]]
[[0,0],[1,0],[27,169]]
[[0,0],[1,0],[4,169]]
[[0,0],[1,0],[51,169]]
[[0,0],[1,0],[7,169]]
[[0,0],[1,0],[44,169]]
[[0,0],[1,0],[16,169]]
[[0,0],[1,0],[11,169]]
[[0,0],[1,0],[6,169]]
[[0,0],[1,0],[20,169]]
[[0,0],[1,0],[19,169]]
[[0,0],[1,0],[79,169]]
[[0,0],[1,0],[66,169]]
[[0,0],[13,0],[0,13]]
[[0,0],[1,0],[32,169]]
[[0,0],[1,0],[9,169]]
[[0,0],[1,0],[5,169]]
[[0,0],[1,0],[23,169]]
[[0,0],[1,0],[58,169]]
[[0,0],[1,0],[8,169]]
[[0,0],[1,0],[30,169]]
[[0,0],[1,0],[49,169]]
