[[0,0],[1,0],[39,170]]
[[0,0],[1,0],[7,170]]
[[0,0],[1,0],[41,170]]
[[0,0],[1,0],[43,170]]
[[0,0],[1,0],[71,170]]
[[0,0],[1,0],[93,170]]
[[0,0],[1,0],[33,170]]
[[0,0],[1,0],[18,170]]
[[0,0],[1,0],[69,170]]
[[0,0],[1,0],[79,170]]
[[0,0],[1,0],[23,170]]
[[0,0],[1,0],[61,170]]
[[0,0],[1,0],[113,170]]
[[0,0],[1,0],[154,170]]
[[0,0],[1,0],[146,170]]
[[0,0],[1,0],[139,170]]
[[0,0],[1,0],[116,170]]
[[0,0],[1,0],[3,170]]
[[0,0],[1,0],[16,170]]
[[0,0],[1,0],[49,170]]
[[0,0],[1,0],[101,170]]
[[0,0],[1,0],[126,170]]
[[0,0],[1,0],[1,170]]
[[0,0],[1,0],[151,170]]
[[0,0],[1,0],[27,170]]
[[0,0],[1,0],[97,170]]
[[0,0],[1,0],[86,170]]
[[0,0],[1,0],[89,170]]
[[0,0],[1,0],[96,170]]
[[0,0],[1,0],[133,170]]
[[0,0],[1,0],[6,170]]
[[0,0],[1,0],[29,170]]
[[0,0],[1,0],[156,170]]
[[0,0],[1,0],[21,170]]
[[0,0],[1,0],[106,170]]
[[0,0],[2,0],[70,85]]
[[0,0],[1,0],[53,170]]
[[0,0],[1,0],[9,170]]
[[0,0],[1,0],[66,170]]
[[0,0],[1,0],[83,170]]
[[0,0],[1,0],[111,170]]
[[0,0],[1,0],[169,170]]
[[0,0],[1,0],[36,170]]
[[0,0],[1,0],[52,170]]
[[0,0],[1,0],[46,170]]
[[0,0],[1,0],[13,170]]
[[0,0],[1,0],[11,170]]
[[0,0],[1,0],[35,170]]
[[0,0],[1,0],[47,170]]
[[0,0],[1,0],[120,170]]
[[0,0],[1,0],[76,170]]
[[0,0],[1,0],[166,170]]
[[0,0],[1,0],[56,170]]
[[0,0],[1,0],[26,170]]
[[0,0],[1,0],[103,170]]
[[0,0],[1,0],[107,170]]
