[[0,0],[1,0],[1,178]]
[[0,0],[1,0],[13,178]]
[[0,0],[1,0],[69,178]]
[[0,0],[1,0],[101,178]]
[[0,0],[1,0],[147,178]]
[[0,0],[1,0],[41,178]]
[[0,0],[1,0],[177,178]]
[[0,0],[1,0],[59,178]]
[[0,0],[1,0],[39,178]]
[[0,0],[1,0],[83,178]]
[[0,0],[1,0],[37,178]]
[[0,0],[1,0],[17,178]]
[[0,0],[1,0],[73,178]]
[[0,0],[1,0],[7,178]]
[[0,0],[1,0],[157,178]]
[[0,0],[1,0],[11,178]]
[[0,0],[1,0],[135,178]]
[[0,0],[1,0],[49,178]]
[[0,0],[1,0],[87,178]]
[[0,0],[1,0],[67,178]]
[[0,0],[1,0],[25,178]]
[[0,0],[1,0],[5,178]]
[[0,0],[1,0],[127,178]]
[[0,0],[1,0],[113,178]]
[[0,0],[1,0],[53,178]]
[[0,0],[1,0],[15,178]]
[[0,0],[1,0],[27,178]]
[[0,0],[1,0],[85,178]]
[[0,0],[1,0],[97,178]]
[[0,0],[1,0],[19,178]]
[[0,0],[1,0],[79,178]]
[[0,0],[1,0],[103,178]]
[[0,0],[1,0],[3,178]]
[[0,0],[1,0],[121,178]]
[[0,0],[1,0],[29,178]]
[[0,0],[1,0],[55,178]]
[[0,0],[1,0],[61,178]]
[[0,0],[1,0],[145,178]]
[[0,0],[1,0],[71,178]]
[[0,0],[1,0],[45,178]]
[[0,0],[1,0],[9,178]]
[[0,0],[1,0],[47,178]]
[[0,0],[1,0],[90,178]]
[[0,0],[1,0],[63,178]]
[[0,0],[1,0],[35,178]]
[[0,0],[1,0],[23,178]]
