[[0,0],[1,0],[59,180]]
[[0,0],[1,0],[46,180]]
[[0,0],[1,0],[179,180]]
[[0,0],[3,0],[8,60]]
[[0,0],[1,0],[177,180]]
[[0,0],[1,0],[82,180]]
[[0,0],[1,0],[34,180]]
[[0,0],[1,0],[89,180]]
[[0,0],[1,0],[111,180]]
[[0,0],[1,0],[116,180]]
[[0,0],[2,0],[16,90]]
[[0,0],[2,0],[65,90]]
[[0,0],[1,0],[19,180]]
[[0,0],[2,0],[20,90]]
[[0,0],[1,0],[77,180]]
[[0,0],[1,0],[55,180]]
[[0,0],[2,0],[22,90]]
[[0,0],[2,0],[42,90]]
[[0,0],[1,0],[41,180]]
[[0,0],[2,0],[87,90]]
[[0,0],[1,0],[86,180]]
[[0,0],[1,0],[161,180]]
[[0,0],[1,0],[118,180]]
[[0,0],[3,0],[48,60]]
[[0,0],[1,0],[29,180]]
[[0,0],[1,0],[107,180]]
[[0,0],[1,0],[109,180]]
[[0,0],[1,0],[146,180]]
[[0,0],[1,0],[115,180]]
[[0,0],[1,0],[93,180]]
[[0,0],[1,0],[23,180]]
[[0,0],[1,0],[142,180]]
[[0,0],[1,0],[172,180]]
[[0,0],[1,0],[22,180]]
[[0,0],[3,0],[57,60]]
[[0,0],[1,0],[71,180]]
[[0,0],[3,0],[39,60]]
[[0,0],[1,0],[83,180]]
[[0,0],[1,0],[17,180]]
[[0,0],[1,0],[1,180]]
[[0,0],[1,0],[49,180]]
[[0,0],[2,0],[44,90]]
[[0,0],[1,0],[133,180]]
[[0,0],[1,0],[21,180]]
[[0,0],[1,0],[28,180]]
[[0,0],[1,0],[81,180]]
[[0,0],[3,0],[28,60]]
[[0,0],[2,0],[8,90]]
[[0,0],[1,0],[141,180]]
[[0,0],[1,0],[69,180]]
[[0,0],[1,0],[175,180]]
[[0,0],[2,0],[38,90]]
[[0,0],[1,0],[178,180]]
[[0,0],[1,0],[85,180]]
[[0,0],[1,0],[76,180]]
[[0,0],[1,0],[25,180]]
[[0,0],[1,0],[7,180]]
[[0,0],[1,0],[154,180]]
[[0,0],[1,0],[13,180]]
[[0,0],[1,0],[166,180]]
[[0,0],[1,0],[176,180]]
[[0,0],[1,0],[37,180]]
[[0,0],[1,0],[31,180]]
[[0,0],[1,0],[91,180]]
[[0,0],[1,0],[136,180]]
[[0,0],[1,0],[94,180]]
[[0,0],[2,0],[2,90]]
[[0,0],[1,0],[58,180]]
[[0,0],[1,0],[57,180]]
[[0,0],[2,0],[12,90]]
[[0,0],[3,0],[27,60]]
[[0,0],[1,0],[79,180]]
[[0,0],[3,0],[9,60]]
[[0,0],[4,0],[40,45]]
[[0,0],[1,0],[26,180]]
[[0,0],[1,0],[51,180]]
[[0,0],[2,0],[52,90]]
[[0,0],[1,0],[171,180]]
[[0,0],[2,0],[56,90]]
[[0,0],[1,0],[16,180]]
[[0,0],[2,0],[4,90]]
[[0,0],[1,0],[106,180]]
[[0,0],[1,0],[43,180]]
[[0,0],[1,0],[33,180]]
[[0,0],[1,0],[145,180]]
[[0,0],[2,0],[32,90]]
[[0,0],[2,0],[57,90]]
[[0,0],[1,0],[129,180]]
[[0,0],[3,0],[18,60]]
[[0,0],[1,0],[61,180]]
[[0,0],[1,0],[56,180]]
[[0,0],[2,0],[14,90]]
[[0,0],[3,0],[33,60]]
[[0,0],[1,0],[127,180]]
[[0,0],[1,0],[113,180]]
[[0,0],[3,0],[3,60]]
[[0,0],[1,0],[64,180]]
[[0,0],[6,0],[6,30]]
[[0,0],[6,0],[12,30]]
[[0,0],[1,0],[11,180]]
