[[0,0],[1,0],[1,181]]
[[0,0],[1,0],[23,181]]
[[0,0],[1,0],[10,181]]
[[0,0],[1,0],[12,181]]
[[0,0],[1,0],[41,181]]
[[0,0],[1,0],[28,181]]
[[0,0],[1,0],[13,181]]
[[0,0],[1,0],[39,181]]
[[0,0],[1,0],[11,181]]
[[0,0],[1,0],[17,181]]
[[0,0],[1,0],[24,181]]
[[0,0],[1,0],[49,181]]
[[0,0],[1,0],[7,181]]
[[0,0],[1,0],[25,181]]
[[0,0],[1,0],[51,181]]
[[0,0],[1,0],[2,181]]
[[0,0],[1,0],[6,181]]
[[0,0],[1,0],[5,181]]
[[0,0],[1,0],[3,181]]
[[0,0],[1,0],[38,181]]
[[0,0],[1,0],[42,181]]
[[0,0],[1,0],[4,181]]
[[0,0],[1,0],[8,181]]
[[0,0],[1,0],[62,181]]
[[0,0],[1,0],[22,181]]
[[0,0],[1,0],[9,181]]
[[0,0],[1,0],[55,181]]
[[0,0],[1,0],[43,181]]
[[0,0],[1,0],[47,181]]
[[0,0],[1,0],[48,181]]
[[0,0],[1,0],[52,181]]
[[0,0],[1,0],[40,181]]
