[[0,0],[1,0],[69,182]]
[[0,0],[1,0],[120,182]]
[[0,0],[1,0],[55,182]]
[[0,0],[1,0],[109,182]]
[[0,0],[1,0],[33,182]]
[[0,0],[1,0],[41,182]]
[[0,0],[1,0],[57,182]]
[[0,0],[1,0],[87,182]]
[[0,0],[1,0],[155,182]]
[[0,0],[1,0],[19,182]]
[[0,0],[1,0],[105,182]]
[[0,0],[1,0],[101,182]]
[[0,0],[1,0],[15,182]]
[[0,0],[1,0],[31,182]]
[[0,0],[1,0],[135,182]]
[[0,0],[1,0],[1,182]]
[[0,0],[1,0],[23,182]]
[[0,0],[1,0],[97,182]]
[[0,0],[1,0],[170,182]]
[[0,0],[1,0],[25,182]]
[[0,0],[1,0],[134,182]]
[[0,0],[1,0],[5,182]]
[[0,0],[1,0],[93,182]]
[[0,0],[1,0],[27,182]]
[[0,0],[1,0],[64,182]]
[[0,0],[1,0],[3,182]]
[[0,0],[1,0],[59,182]]
[[0,0],[1,0],[22,182]]
[[0,0],[1,0],[106,182]]
[[0,0],[1,0],[176,182]]
[[0,0],[2,0],[28,91]]
[[0,0],[1,0],[83,182]]
[[0,0],[1,0],[148,182]]
[[0,0],[1,0],[118,182]]
[[0,0],[1,0],[92,182]]
[[0,0],[1,0],[37,182]]
[[0,0],[1,0],[131,182]]
[[0,0],[1,0],[11,182]]
[[0,0],[1,0],[9,182]]
[[0,0],[1,0],[181,182]]
[[0,0],[1,0],[53,182]]
[[0,0],[1,0],[66,182]]
[[0,0],[1,0],[29,182]]
[[0,0],[1,0],[169,182]]
[[0,0],[1,0],[67,182]]
[[0,0],[1,0],[107,182]]
[[0,0],[1,0],[50,182]]
[[0,0],[1,0],[121,182]]
[[0,0],[1,0],[45,182]]
[[0,0],[1,0],[144,182]]
[[0,0],[1,0],[103,182]]
[[0,0],[1,0],[17,182]]
[[0,0],[1,0],[36,182]]
[[0,0],[1,0],[40,182]]
[[0,0],[1,0],[43,182]]
[[0,0],[1,0],[71,182]]
[[0,0],[1,0],[162,182]]
[[0,0],[1,0],[8,182]]
