[[0,0],[1,0],[1,183]]
[[0,0],[1,0],[123,183]]
[[0,0],[1,0],[10,183]]
[[0,0],[1,0],[130,183]]
[[0,0],[1,0],[28,183]]
[[0,0],[1,0],[13,183]]
[[0,0],[1,0],[109,183]]
[[0,0],[1,0],[16,183]]
[[0,0],[1,0],[17,183]]
[[0,0],[1,0],[73,183]]
[[0,0],[1,0],[11,183]]
[[0,0],[1,0],[91,183]]
[[0,0],[1,0],[49,183]]
[[0,0],[1,0],[37,183]]
[[0,0],[1,0],[67,183]]
[[0,0],[1,0],[7,183]]
[[0,0],[1,0],[58,183]]
[[0,0],[1,0],[20,183]]
[[0,0],[1,0],[133,183]]
[[0,0],[1,0],[76,183]]
[[0,0],[1,0],[115,183]]
[[0,0],[1,0],[2,183]]
[[0,0],[1,0],[160,183]]
[[0,0],[1,0],[5,183]]
[[0,0],[1,0],[97,183]]
[[0,0],[1,0],[19,183]]
[[0,0],[1,0],[64,183]]
[[0,0],[1,0],[31,183]]
[[0,0],[1,0],[121,183]]
[[0,0],[1,0],[79,183]]
[[0,0],[1,0],[82,183]]
[[0,0],[1,0],[4,183]]
[[0,0],[1,0],[38,183]]
[[0,0],[1,0],[8,183]]
[[0,0],[1,0],[29,183]]
[[0,0],[1,0],[32,183]]
[[0,0],[1,0],[62,183]]
[[0,0],[1,0],[22,183]]
[[0,0],[1,0],[43,183]]
[[0,0],[1,0],[52,183]]
[[0,0],[1,0],[35,183]]
[[0,0],[1,0],[40,183]]
[[0,0],[1,0],[14,183]]
[[0,0],[1,0],[34,183]]
