[[0,0],[1,0],[28,186]]
[[0,0],[1,0],[127,186]]
[[0,0],[1,0],[184,186]]
[[0,0],[1,0],[65,186]]
[[0,0],[1,0],[55,186]]
[[0,0],[1,0],[19,186]]
[[0,0],[1,0],[34,186]]
[[0,0],[1,0],[16,186]]
[[0,0],[1,0],[143,186]]
[[0,0],[1,0],[160,186]]
[[0,0],[1,0],[172,186]]
[[0,0],[1,0],[4,186]]
[[0,0],[1,0],[41,186]]
[[0,0],[1,0],[1,186]]
[[0,0],[1,0],[94,186]]
[[0,0],[1,0],[97,186]]
[[0,0],[2,0],[33,93]]
[[0,0],[1,0],[23,186]]
[[0,0],[1,0],[61,186]]
[[0,0],[1,0],[154,186]]
[[0,0],[1,0],[5,186]]
[[0,0],[1,0],[106,186]]
[[0,0],[1,0],[25,186]]
[[0,0],[1,0],[22,186]]
[[0,0],[1,0],[58,186]]
[[0,0],[1,0],[88,186]]
[[0,0],[1,0],[64,186]]
[[0,0],[1,0],[63,186]]
[[0,0],[1,0],[136,186]]
[[0,0],[1,0],[118,186]]
[[0,0],[1,0],[178,186]]
[[0,0],[1,0],[10,186]]
[[0,0],[1,0],[148,186]]
[[0,0],[1,0],[32,186]]
[[0,0],[1,0],[29,186]]
[[0,0],[1,0],[37,186]]
[[0,0],[1,0],[156,186]]
[[0,0],[1,0],[52,186]]
[[0,0],[1,0],[185,186]]
[[0,0],[1,0],[119,186]]
[[0,0],[1,0],[46,186]]
[[0,0],[1,0],[100,186]]
[[0,0],[1,0],[11,186]]
[[0,0],[1,0],[13,186]]
[[0,0],[1,0],[53,186]]
[[0,0],[1,0],[47,186]]
[[0,0],[1,0],[91,186]]
[[0,0],[1,0],[82,186]]
[[0,0],[1,0],[137,186]]
[[0,0],[1,0],[76,186]]
[[0,0],[1,0],[142,186]]
[[0,0],[1,0],[166,186]]
[[0,0],[1,0],[70,186]]
[[0,0],[1,0],[40,186]]
[[0,0],[1,0],[169,186]]
[[0,0],[1,0],[103,186]]
[[0,0],[1,0],[107,186]]
[[0,0],[1,0],[112,186]]
[[0,0],[1,0],[7,186]]
[[0,0],[1,0],[130,186]]
[[0,0],[1,0],[125,186]]
[[0,0],[1,0],[73,186]]
[[0,0],[1,0],[109,186]]
[[0,0],[1,0],[85,186]]
[[0,0],[1,0],[35,186]]
[[0,0],[1,0],[71,186]]
