[[0,0],[1,0],[9,187]]
[[0,0],[1,0],[43,187]]
[[0,0],[1,0],[14,187]]
[[0,0],[1,0],[23,187]]
[[0,0],[1,0],[24,187]]
[[0,0],[1,0],[100,187]]
[[0,0],[1,0],[69,187]]
[[0,0],[1,0],[30,187]]
[[0,0],[1,0],[21,187]]
[[0,0],[1,0],[67,187]]
[[0,0],[1,0],[89,187]]
[[0,0],[1,0],[16,187]]
[[0,0],[1,0],[7,187]]
[[0,0],[1,0],[18,187]]
[[0,0],[1,0],[15,187]]
[[0,0],[1,0],[86,187]]
[[0,0],[1,0],[20,187]]
[[0,0],[1,0],[6,187]]
[[0,0],[1,0],[19,187]]
[[0,0],[1,0],[2,187]]
[[0,0],[1,0],[154,187]]
[[0,0],[1,0],[111,187]]
[[0,0],[1,0],[5,187]]
[[0,0],[1,0],[3,187]]
[[0,0],[1,0],[42,187]]
[[0,0],[1,0],[120,187]]
[[0,0],[1,0],[38,187]]
[[0,0],[1,0],[56,187]]
[[0,0],[1,0],[27,187]]
[[0,0],[1,0],[8,187]]
[[0,0],[1,0],[46,187]]
[[0,0],[1,0],[45,187]]
[[0,0],[1,0],[4,187]]
[[0,0],[1,0],[35,187]]
[[0,0],[1,0],[12,187]]
[[0,0],[1,0],[10,187]]
[[0,0],[1,0],[1,187]]
[[0,0],[1,0],[13,187]]
