[[0,0],[1,0],[109,190]]
[[0,0],[1,0],[189,190]]
[[0,0],[1,0],[56,190]]
[[0,0],[1,0],[71,190]]
[[0,0],[1,0],[33,190]]
[[0,0],[1,0],[99,190]]
[[0,0],[1,0],[139,190]]
[[0,0],[1,0],[26,190]]
[[0,0],[1,0],[69,190]]
[[0,0],[1,0],[79,190]]
[[0,0],[1,0],[16,190]]
[[0,0],[1,0],[31,190]]
[[0,0],[1,0],[146,190]]
[[0,0],[1,0],[116,190]]
[[0,0],[1,0],[41,190]]
[[0,0],[1,0],[1,190]]
[[0,0],[1,0],[101,190]]
[[0,0],[1,0],[172,190]]
[[0,0],[1,0],[20,190]]
[[0,0],[1,0],[97,190]]
[[0,0],[1,0],[134,190]]
[[0,0],[1,0],[6,190]]
[[0,0],[1,0],[77,190]]
[[0,0],[2,0],[40,95]]
[[0,0],[1,0],[23,190]]
[[0,0],[1,0],[3,190]]
[[0,0],[1,0],[61,190]]
[[0,0],[1,0],[49,190]]
[[0,0],[1,0],[126,190]]
[[0,0],[1,0],[106,190]]
[[0,0],[1,0],[27,190]]
[[0,0],[1,0],[83,190]]
[[0,0],[1,0],[86,190]]
[[0,0],[1,0],[151,190]]
[[0,0],[1,0],[58,190]]
[[0,0],[1,0],[136,190]]
[[0,0],[1,0],[131,190]]
[[0,0],[1,0],[63,190]]
[[0,0],[1,0],[96,190]]
[[0,0],[1,0],[176,190]]
[[0,0],[1,0],[29,190]]
[[0,0],[1,0],[37,190]]
[[0,0],[1,0],[156,190]]
[[0,0],[1,0],[21,190]]
[[0,0],[1,0],[46,190]]
[[0,0],[1,0],[67,190]]
[[0,0],[1,0],[11,190]]
[[0,0],[1,0],[9,190]]
[[0,0],[1,0],[13,190]]
[[0,0],[1,0],[166,190]]
[[0,0],[1,0],[53,190]]
[[0,0],[1,0],[17,190]]
[[0,0],[1,0],[115,190]]
[[0,0],[1,0],[47,190]]
[[0,0],[1,0],[66,190]]
[[0,0],[1,0],[186,190]]
[[0,0],[1,0],[103,190]]
[[0,0],[1,0],[73,190]]
[[0,0],[1,0],[39,190]]
[[0,0],[1,0],[36,190]]
[[0,0],[1,0],[7,190]]
[[0,0],[1,0],[43,190]]
