[[0,0],[1,0],[10,197]]
[[0,0],[1,0],[43,197]]
[[0,0],[1,0],[32,197]]
[[0,0],[1,0],[40,197]]
[[0,0],[1,0],[7,197]]
[[0,0],[1,0],[1,197]]
[[0,0],[1,0],[39,197]]
[[0,0],[1,0],[20,197]]
[[0,0],[1,0],[4,197]]
[[0,0],[1,0],[36,197]]
[[0,0],[1,0],[27,197]]
[[0,0],[1,0],[2,197]]
[[0,0],[1,0],[16,197]]
[[0,0],[1,0],[14,197]]
[[0,0],[1,0],[17,197]]
[[0,0],[1,0],[31,197]]
[[0,0],[1,0],[44,197]]
[[0,0],[1,0],[9,197]]
[[0,0],[1,0],[13,197]]
[[0,0],[1,0],[11,197]]
[[0,0],[1,0],[3,197]]
[[0,0],[1,0],[25,197]]
[[0,0],[1,0],[48,197]]
[[0,0],[1,0],[52,197]]
[[0,0],[1,0],[26,197]]
[[0,0],[1,0],[5,197]]
[[0,0],[1,0],[6,197]]
[[0,0],[1,0],[51,197]]
[[0,0],[1,0],[30,197]]
[[0,0],[1,0],[71,197]]
[[0,0],[1,0],[24,197]]
[[0,0],[1,0],[21,197]]
[[0,0],[1,0],[8,197]]
[[0,0],[1,0],[12,197]]
