[[0,0],[1,0],[113,198]]
[[0,0],[1,0],[52,198]]
[[0,0],[1,0],[19,198]]
[[0,0],[1,0],[101,198]]
[[0,0],[1,0],[188,198]]
[[0,0],[1,0],[142,198]]
[[0,0],[1,0],[49,198]]
[[0,0],[1,0],[122,198]]
[[0,0],[1,0],[125,198]]
[[0,0],[2,0],[90,99]]
[[0,0],[1,0],[107,198]]
[[0,0],[1,0],[172,198]]
[[0,0],[1,0],[45,198]]
[[0,0],[1,0],[58,198]]
[[0,0],[1,0],[70,198]]
[[0,0],[1,0],[34,198]]
[[0,0],[1,0],[197,198]]
[[0,0],[1,0],[7,198]]
[[0,0],[1,0],[76,198]]
[[0,0],[1,0],[40,198]]
[[0,0],[1,0],[43,198]]
[[0,0],[3,0],[36,66]]
[[0,0],[3,0],[15,66]]
[[0,0],[1,0],[190,198]]
[[0,0],[1,0],[137,198]]
[[0,0],[1,0],[31,198]]
[[0,0],[1,0],[53,198]]
[[0,0],[1,0],[29,198]]
[[0,0],[1,0],[157,198]]
[[0,0],[2,0],[24,99]]
[[0,0],[1,0],[12,198]]
[[0,0],[1,0],[23,198]]
[[0,0],[1,0],[83,198]]
[[0,0],[1,0],[16,198]]
[[0,0],[1,0],[109,198]]
[[0,0],[1,0],[148,198]]
[[0,0],[1,0],[136,198]]
[[0,0],[1,0],[37,198]]
[[0,0],[3,0],[9,66]]
[[0,0],[3,0],[39,66]]
[[0,0],[1,0],[65,198]]
[[0,0],[3,0],[63,66]]
[[0,0],[1,0],[46,198]]
[[0,0],[1,0],[111,198]]
[[0,0],[1,0],[130,198]]
[[0,0],[1,0],[79,198]]
[[0,0],[1,0],[64,198]]
[[0,0],[1,0],[89,198]]
[[0,0],[1,0],[10,198]]
[[0,0],[1,0],[1,198]]
[[0,0],[1,0],[82,198]]
[[0,0],[1,0],[112,198]]
[[0,0],[1,0],[196,198]]
[[0,0],[1,0],[55,198]]
[[0,0],[1,0],[118,198]]
[[0,0],[1,0],[25,198]]
[[0,0],[1,0],[13,198]]
[[0,0],[1,0],[166,198]]
[[0,0],[1,0],[5,198]]
[[0,0],[1,0],[78,198]]
[[0,0],[1,0],[160,198]]
[[0,0],[1,0],[56,198]]
[[0,0],[1,0],[124,198]]
[[0,0],[1,0],[47,198]]
[[0,0],[3,0],[3,66]]
[[0,0],[1,0],[28,198]]
[[0,0],[1,0],[184,198]]
[[0,0],[1,0],[94,198]]
[[0,0],[1,0],[127,198]]
[[0,0],[1,0],[4,198]]
[[0,0],[1,0],[100,198]]
[[0,0],[1,0],[106,198]]
[[0,0],[1,0],[67,198]]
[[0,0],[1,0],[95,198]]
[[0,0],[3,0],[21,66]]
[[0,0],[1,0],[139,198]]
[[0,0],[1,0],[178,198]]
[[0,0],[1,0],[163,198]]
[[0,0],[1,0],[17,198]]
[[0,0],[1,0],[177,198]]
[[0,0],[2,0],[57,99]]
