[[0,0],[1,0],[4,199]]
[[0,0],[1,0],[32,199]]
[[0,0],[1,0],[7,199]]
[[0,0],[1,0],[37,199]]
[[0,0],[1,0],[68,199]]
[[0,0],[1,0],[55,199]]
[[0,0],[1,0],[29,199]]
[[0,0],[1,0],[9,199]]
[[0,0],[1,0],[61,199]]
[[0,0],[1,0],[35,199]]
[[0,0],[1,0],[15,199]]
[[0,0],[1,0],[5,199]]
[[0,0],[1,0],[6,199]]
[[0,0],[1,0],[28,199]]
[[0,0],[1,0],[30,199]]
[[0,0],[1,0],[38,199]]
[[0,0],[1,0],[93,199]]
[[0,0],[1,0],[17,199]]
[[0,0],[1,0],[8,199]]
[[0,0],[1,0],[81,199]]
[[0,0],[1,0],[24,199]]
[[0,0],[1,0],[14,199]]
[[0,0],[1,0],[36,199]]
[[0,0],[1,0],[2,199]]
[[0,0],[1,0],[45,199]]
[[0,0],[1,0],[12,199]]
[[0,0],[1,0],[1,199]]
[[0,0],[1,0],[13,199]]
[[0,0],[1,0],[10,199]]
[[0,0],[1,0],[69,199]]
[[0,0],[1,0],[16,199]]
[[0,0],[1,0],[39,199]]
[[0,0],[1,0],[11,199]]
[[0,0],[1,0],[31,199]]
[[0,0],[1,0],[3,199]]
