[[0,0],[2,0],[4,102]]
[[0,0],[2,0],[20,102]]
[[0,0],[1,0],[188,204]]
[[0,0],[1,0],[22,204]]
[[0,0],[2,0],[2,102]]
[[0,0],[1,0],[57,204]]
[[0,0],[1,0],[125,204]]
[[0,0],[1,0],[52,204]]
[[0,0],[1,0],[117,204]]
[[0,0],[1,0],[86,204]]
[[0,0],[2,0],[56,102]]
[[0,0],[1,0],[58,204]]
[[0,0],[1,0],[101,204]]
[[0,0],[1,0],[45,204]]
[[0,0],[1,0],[142,204]]
[[0,0],[1,0],[70,204]]
[[0,0],[1,0],[189,204]]
[[0,0],[1,0],[107,204]]
[[0,0],[3,0],[20,68]]
[[0,0],[1,0],[31,204]]
[[0,0],[2,0],[8,102]]
[[0,0],[1,0],[7,204]]
[[0,0],[1,0],[29,204]]
[[0,0],[1,0],[171,204]]
[[0,0],[1,0],[201,204]]
[[0,0],[1,0],[91,204]]
[[0,0],[1,0],[105,204]]
[[0,0],[1,0],[9,204]]
[[0,0],[1,0],[190,204]]
[[0,0],[1,0],[137,204]]
[[0,0],[1,0],[53,204]]
[[0,0],[1,0],[65,204]]
[[0,0],[1,0],[129,204]]
[[0,0],[1,0],[23,204]]
[[0,0],[1,0],[10,204]]
[[0,0],[1,0],[154,204]]
[[0,0],[1,0],[69,204]]
[[0,0],[1,0],[61,204]]
[[0,0],[2,0],[87,102]]
[[0,0],[2,0],[38,102]]
[[0,0],[2,0],[14,102]]
[[0,0],[1,0],[46,204]]
[[0,0],[1,0],[73,204]]
[[0,0],[1,0],[35,204]]
[[0,0],[1,0],[11,204]]
[[0,0],[1,0],[1,204]]
[[0,0],[1,0],[37,204]]
[[0,0],[1,0],[130,204]]
[[0,0],[2,0],[16,102]]
[[0,0],[1,0],[202,204]]
[[0,0],[1,0],[59,204]]
[[0,0],[1,0],[118,204]]
[[0,0],[1,0],[166,204]]
[[0,0],[1,0],[120,204]]
[[0,0],[2,0],[10,102]]
[[0,0],[1,0],[89,204]]
[[0,0],[1,0],[47,204]]
[[0,0],[1,0],[13,204]]
[[0,0],[1,0],[82,204]]
[[0,0],[2,0],[74,102]]
[[0,0],[2,0],[32,102]]
[[0,0],[1,0],[127,204]]
[[0,0],[1,0],[165,204]]
[[0,0],[1,0],[55,204]]
[[0,0],[1,0],[103,204]]
[[0,0],[1,0],[121,204]]
[[0,0],[1,0],[133,204]]
[[0,0],[1,0],[25,204]]
[[0,0],[1,0],[5,204]]
[[0,0],[1,0],[94,204]]
[[0,0],[1,0],[106,204]]
[[0,0],[1,0],[155,204]]
[[0,0],[1,0],[67,204]]
[[0,0],[1,0],[203,204]]
[[0,0],[1,0],[95,204]]
[[0,0],[2,0],[50,102]]
[[0,0],[1,0],[21,204]]
[[0,0],[2,0],[36,102]]
[[0,0],[1,0],[163,204]]
[[0,0],[1,0],[141,204]]
[[0,0],[1,0],[81,204]]
[[0,0],[1,0],[177,204]]
[[0,0],[1,0],[33,204]]
[[0,0],[1,0],[19,204]]
[[0,0],[1,0],[161,204]]
[[0,0],[2,0],[70,102]]
[[0,0],[1,0],[169,204]]
[[0,0],[1,0],[18,204]]
[[0,0],[1,0],[93,204]]
[[0,0],[1,0],[178,204]]
