[[0,0],[1,0],[11,205]]
[[0,0],[1,0],[101,205]]
[[0,0],[1,0],[16,205]]
[[0,0],[1,0],[61,205]]
[[0,0],[1,0],[7,205]]
[[0,0],[1,0],[124,205]]
[[0,0],[1,0],[4,205]]
[[0,0],[1,0],[76,205]]
[[0,0],[1,0],[6,205]]
[[0,0],[1,0],[32,205]]
[[0,0],[1,0],[19,205]]
[[0,0],[1,0],[37,205]]
[[0,0],[1,0],[9,205]]
[[0,0],[1,0],[66,205]]
[[0,0],[1,0],[151,205]]
[[0,0],[1,0],[8,205]]
[[0,0],[1,0],[111,205]]
[[0,0],[1,0],[81,205]]
[[0,0],[1,0],[79,205]]
[[0,0],[1,0],[46,205]]
[[0,0],[1,0],[23,205]]
[[0,0],[1,0],[42,205]]
[[0,0],[1,0],[24,205]]
[[0,0],[1,0],[47,205]]
[[0,0],[1,0],[26,205]]
[[0,0],[1,0],[21,205]]
[[0,0],[1,0],[165,205]]
[[0,0],[1,0],[91,205]]
[[0,0],[1,0],[12,205]]
[[0,0],[1,0],[106,205]]
[[0,0],[1,0],[1,205]]
[[0,0],[1,0],[13,205]]
[[0,0],[1,0],[14,205]]
[[0,0],[1,0],[161,205]]
[[0,0],[1,0],[31,205]]
[[0,0],[1,0],[27,205]]
[[0,0],[1,0],[96,205]]
[[0,0],[1,0],[43,205]]
[[0,0],[1,0],[3,205]]
[[0,0],[1,0],[36,205]]
[[0,0],[1,0],[2,205]]
[[0,0],[1,0],[53,205]]
[[0,0],[1,0],[22,205]]
[[0,0],[1,0],[51,205]]
