[[0,0],[1,0],[49,207]]
[[0,0],[1,0],[22,207]]
[[0,0],[1,0],[20,207]]
[[0,0],[1,0],[97,207]]
[[0,0],[1,0],[85,207]]
[[0,0],[1,0],[70,207]]
[[0,0],[1,0],[162,207]]
[[0,0],[1,0],[76,207]]
[[0,0],[1,0],[40,207]]
[[0,0],[1,0],[31,207]]
[[0,0],[1,0],[34,207]]
[[0,0],[1,0],[29,207]]
[[0,0],[1,0],[41,207]]
[[0,0],[1,0],[7,207]]
[[0,0],[1,0],[43,207]]
[[0,0],[1,0],[157,207]]
[[0,0],[3,0],[15,69]]
[[0,0],[1,0],[181,207]]
[[0,0],[1,0],[91,207]]
[[0,0],[1,0],[136,207]]
[[0,0],[3,0],[9,69]]
[[0,0],[1,0],[24,207]]
[[0,0],[3,0],[12,69]]
[[0,0],[1,0],[14,207]]
[[0,0],[1,0],[61,207]]
[[0,0],[1,0],[10,207]]
[[0,0],[1,0],[73,207]]
[[0,0],[1,0],[116,207]]
[[0,0],[1,0],[1,207]]
[[0,0],[3,0],[6,69]]
[[0,0],[1,0],[11,207]]
[[0,0],[1,0],[35,207]]
[[0,0],[1,0],[13,207]]
[[0,0],[1,0],[124,207]]
[[0,0],[1,0],[56,207]]
[[0,0],[1,0],[47,207]]
[[0,0],[1,0],[82,207]]
[[0,0],[1,0],[28,207]]
[[0,0],[1,0],[127,207]]
[[0,0],[1,0],[44,207]]
[[0,0],[3,0],[3,69]]
[[0,0],[1,0],[121,207]]
[[0,0],[1,0],[55,207]]
[[0,0],[1,0],[133,207]]
[[0,0],[1,0],[25,207]]
[[0,0],[1,0],[103,207]]
[[0,0],[1,0],[5,207]]
[[0,0],[1,0],[94,207]]
[[0,0],[1,0],[2,207]]
[[0,0],[1,0],[8,207]]
[[0,0],[1,0],[106,207]]
[[0,0],[1,0],[4,207]]
[[0,0],[1,0],[100,207]]
[[0,0],[1,0],[93,207]]
[[0,0],[1,0],[19,207]]
