[[0,0],[1,0],[183,208]]
[[0,0],[1,0],[7,208]]
[[0,0],[1,0],[163,208]]
[[0,0],[1,0],[115,208]]
[[0,0],[1,0],[97,208]]
[[0,0],[1,0],[77,208]]
[[0,0],[1,0],[81,208]]
[[0,0],[2,0],[62,104]]
[[0,0],[1,0],[17,208]]
[[0,0],[1,0],[43,208]]
[[0,0],[2,0],[28,104]]
[[0,0],[1,0],[71,208]]
[[0,0],[2,0],[2,104]]
[[0,0],[4,0],[12,52]]
[[0,0],[1,0],[40,208]]
[[0,0],[1,0],[85,208]]
[[0,0],[2,0],[18,104]]
[[0,0],[1,0],[27,208]]
[[0,0],[2,0],[80,104]]
[[0,0],[1,0],[51,208]]
[[0,0],[1,0],[69,208]]
[[0,0],[2,0],[6,104]]
[[0,0],[1,0],[14,208]]
[[0,0],[1,0],[92,208]]
[[0,0],[1,0],[189,208]]
[[0,0],[1,0],[83,208]]
[[0,0],[1,0],[63,208]]
[[0,0],[1,0],[37,208]]
[[0,0],[1,0],[79,208]]
[[0,0],[1,0],[15,208]]
[[0,0],[1,0],[31,208]]
[[0,0],[1,0],[11,208]]
[[0,0],[1,0],[41,208]]
[[0,0],[1,0],[65,208]]
[[0,0],[1,0],[129,208]]
[[0,0],[1,0],[66,208]]
[[0,0],[4,0],[4,52]]
[[0,0],[1,0],[135,208]]
[[0,0],[1,0],[53,208]]
[[0,0],[1,0],[105,208]]
[[0,0],[1,0],[9,208]]
[[0,0],[1,0],[29,208]]
[[0,0],[1,0],[89,208]]
[[0,0],[2,0],[66,104]]
[[0,0],[1,0],[23,208]]
[[0,0],[1,0],[170,208]]
[[0,0],[1,0],[1,208]]
[[0,0],[1,0],[103,208]]
[[0,0],[1,0],[75,208]]
[[0,0],[1,0],[5,208]]
[[0,0],[1,0],[207,208]]
[[0,0],[2,0],[14,104]]
[[0,0],[1,0],[121,208]]
[[0,0],[2,0],[10,104]]
[[0,0],[1,0],[25,208]]
[[0,0],[2,0],[34,104]]
[[0,0],[2,0],[74,104]]
[[0,0],[2,0],[46,104]]
[[0,0],[2,0],[22,104]]
[[0,0],[1,0],[61,208]]
[[0,0],[2,0],[102,104]]
[[0,0],[1,0],[3,208]]
[[0,0],[1,0],[59,208]]
[[0,0],[4,0],[8,52]]
[[0,0],[1,0],[159,208]]
[[0,0],[1,0],[55,208]]
[[0,0],[1,0],[35,208]]
[[0,0],[1,0],[196,208]]
[[0,0],[1,0],[141,208]]
[[0,0],[1,0],[118,208]]
[[0,0],[1,0],[21,208]]
[[0,0],[1,0],[101,208]]
[[0,0],[1,0],[33,208]]
[[0,0],[1,0],[57,208]]
[[0,0],[1,0],[161,208]]
[[0,0],[1,0],[99,208]]
[[0,0],[2,0],[50,104]]
[[0,0],[2,0],[54,104]]
[[0,0],[1,0],[95,208]]
[[0,0],[4,0],[16,52]]
