[[0,0],[1,0],[178,210]]
[[0,0],[3,0],[63,70]]
[[0,0],[1,0],[29,210]]
[[0,0],[1,0],[86,210]]
[[0,0],[1,0],[161,210]]
[[0,0],[1,0],[25,210]]
[[0,0],[1,0],[166,210]]
[[0,0],[1,0],[146,210]]
[[0,0],[1,0],[58,210]]
[[0,0],[1,0],[136,210]]
[[0,0],[1,0],[172,210]]
[[0,0],[3,0],[45,70]]
[[0,0],[1,0],[94,210]]
[[0,0],[2,0],[27,105]]
[[0,0],[1,0],[155,210]]
[[0,0],[1,0],[139,210]]
[[0,0],[1,0],[64,210]]
[[0,0],[1,0],[79,210]]
[[0,0],[1,0],[78,210]]
[[0,0],[1,0],[26,210]]
[[0,0],[1,0],[99,210]]
[[0,0],[1,0],[36,210]]
[[0,0],[2,0],[87,105]]
[[0,0],[1,0],[121,210]]
[[0,0],[1,0],[171,210]]
[[0,0],[1,0],[41,210]]
[[0,0],[1,0],[53,210]]
[[0,0],[2,0],[65,105]]
[[0,0],[1,0],[43,210]]
[[0,0],[1,0],[23,210]]
[[0,0],[1,0],[37,210]]
[[0,0],[1,0],[142,210]]
[[0,0],[1,0],[190,210]]
[[0,0],[1,0],[176,210]]
[[0,0],[1,0],[11,210]]
[[0,0],[1,0],[17,210]]
[[0,0],[1,0],[91,210]]
[[0,0],[1,0],[201,210]]
[[0,0],[1,0],[57,210]]
[[0,0],[1,0],[82,210]]
[[0,0],[1,0],[148,210]]
[[0,0],[1,0],[52,210]]
[[0,0],[1,0],[206,210]]
[[0,0],[1,0],[204,210]]
[[0,0],[1,0],[67,210]]
[[0,0],[1,0],[59,210]]
[[0,0],[1,0],[55,210]]
[[0,0],[1,0],[209,210]]
[[0,0],[1,0],[205,210]]
[[0,0],[1,0],[116,210]]
[[0,0],[2,0],[93,105]]
[[0,0],[2,0],[51,105]]
[[0,0],[1,0],[34,210]]
[[0,0],[1,0],[149,210]]
[[0,0],[2,0],[77,105]]
[[0,0],[1,0],[196,210]]
[[0,0],[2,0],[100,105]]
[[0,0],[1,0],[181,210]]
[[0,0],[1,0],[47,210]]
[[0,0],[1,0],[88,210]]
[[0,0],[1,0],[4,210]]
[[0,0],[1,0],[31,210]]
[[0,0],[2,0],[57,105]]
[[0,0],[1,0],[202,210]]
[[0,0],[1,0],[92,210]]
[[0,0],[1,0],[22,210]]
[[0,0],[1,0],[162,210]]
[[0,0],[1,0],[8,210]]
[[0,0],[1,0],[169,210]]
[[0,0],[1,0],[118,210]]
[[0,0],[1,0],[103,210]]
[[0,0],[1,0],[113,210]]
[[0,0],[1,0],[115,210]]
[[0,0],[1,0],[83,210]]
[[0,0],[1,0],[71,210]]
[[0,0],[1,0],[141,210]]
[[0,0],[1,0],[184,210]]
[[0,0],[1,0],[124,210]]
[[0,0],[1,0],[51,210]]
[[0,0],[2,0],[12,105]]
[[0,0],[1,0],[1,210]]
[[0,0],[2,0],[102,105]]
[[0,0],[1,0],[134,210]]
[[0,0],[1,0],[73,210]]
[[0,0],[1,0],[46,210]]
[[0,0],[1,0],[16,210]]
[[0,0],[1,0],[106,210]]
[[0,0],[1,0],[111,210]]
[[0,0],[2,0],[72,105]]
[[0,0],[1,0],[208,210]]
[[0,0],[1,0],[145,210]]
[[0,0],[1,0],[81,210]]
[[0,0],[2,0],[9,105]]
[[0,0],[5,0],[12,42]]
[[0,0],[1,0],[13,210]]
[[0,0],[1,0],[85,210]]
[[0,0],[1,0],[101,210]]
[[0,0],[1,0],[76,210]]
[[0,0],[1,0],[183,210]]
[[0,0],[1,0],[19,210]]
