[[0,0],[1,0],[95,212]]
[[0,0],[1,0],[107,212]]
[[0,0],[1,0],[163,212]]
[[0,0],[1,0],[167,212]]
[[0,0],[1,0],[97,212]]
[[0,0],[1,0],[81,212]]
[[0,0],[2,0],[4,106]]
[[0,0],[1,0],[17,212]]
[[0,0],[1,0],[7,212]]
[[0,0],[1,0],[43,212]]
[[0,0],[1,0],[113,212]]
[[0,0],[2,0],[2,106]]
[[0,0],[1,0],[77,212]]
[[0,0],[1,0],[27,212]]
[[0,0],[2,0],[8,106]]
[[0,0],[1,0],[51,212]]
[[0,0],[1,0],[125,212]]
[[0,0],[2,0],[6,106]]
[[0,0],[1,0],[69,212]]
[[0,0],[2,0],[24,106]]
[[0,0],[1,0],[109,212]]
[[0,0],[1,0],[111,212]]
[[0,0],[1,0],[63,212]]
[[0,0],[1,0],[11,212]]
[[0,0],[1,0],[37,212]]
[[0,0],[1,0],[41,212]]
[[0,0],[1,0],[129,212]]
[[0,0],[1,0],[65,212]]
[[0,0],[1,0],[105,212]]
[[0,0],[1,0],[119,212]]
[[0,0],[1,0],[9,212]]
[[0,0],[1,0],[15,212]]
[[0,0],[1,0],[31,212]]
[[0,0],[1,0],[29,212]]
[[0,0],[1,0],[1,212]]
[[0,0],[1,0],[75,212]]
[[0,0],[1,0],[211,212]]
[[0,0],[1,0],[157,212]]
[[0,0],[1,0],[23,212]]
[[0,0],[1,0],[121,212]]
[[0,0],[2,0],[14,106]]
[[0,0],[1,0],[47,212]]
[[0,0],[1,0],[133,212]]
[[0,0],[1,0],[5,212]]
[[0,0],[1,0],[13,212]]
[[0,0],[2,0],[10,106]]
[[0,0],[2,0],[16,106]]
[[0,0],[1,0],[39,212]]
[[0,0],[2,0],[22,106]]
[[0,0],[1,0],[3,212]]
[[0,0],[1,0],[59,212]]
[[0,0],[1,0],[61,212]]
[[0,0],[2,0],[12,106]]
[[0,0],[1,0],[145,212]]
[[0,0],[1,0],[35,212]]
[[0,0],[1,0],[139,212]]
[[0,0],[1,0],[141,212]]
[[0,0],[1,0],[123,212]]
[[0,0],[1,0],[33,212]]
[[0,0],[1,0],[127,212]]
[[0,0],[1,0],[160,212]]
[[0,0],[1,0],[19,212]]
[[0,0],[1,0],[57,212]]
[[0,0],[1,0],[54,212]]
[[0,0],[1,0],[21,212]]
[[0,0],[1,0],[187,212]]
