[[0,0],[1,0],[67,213]]
[[0,0],[1,0],[50,213]]
[[0,0],[1,0],[172,213]]
[[0,0],[1,0],[70,213]]
[[0,0],[1,0],[115,213]]
[[0,0],[1,0],[97,213]]
[[0,0],[1,0],[17,213]]
[[0,0],[1,0],[7,213]]
[[0,0],[1,0],[43,213]]
[[0,0],[1,0],[76,213]]
[[0,0],[1,0],[85,213]]
[[0,0],[1,0],[49,213]]
[[0,0],[1,0],[22,213]]
[[0,0],[1,0],[14,213]]
[[0,0],[1,0],[72,213]]
[[0,0],[1,0],[58,213]]
[[0,0],[1,0],[34,213]]
[[0,0],[1,0],[16,213]]
[[0,0],[1,0],[148,213]]
[[0,0],[1,0],[46,213]]
[[0,0],[1,0],[11,213]]
[[0,0],[1,0],[37,213]]
[[0,0],[1,0],[79,213]]
[[0,0],[1,0],[91,213]]
[[0,0],[1,0],[10,213]]
[[0,0],[1,0],[181,213]]
[[0,0],[1,0],[31,213]]
[[0,0],[1,0],[143,213]]
[[0,0],[1,0],[1,213]]
[[0,0],[1,0],[23,213]]
[[0,0],[1,0],[121,213]]
[[0,0],[1,0],[47,213]]
[[0,0],[1,0],[133,213]]
[[0,0],[1,0],[5,213]]
[[0,0],[1,0],[25,213]]
[[0,0],[1,0],[13,213]]
[[0,0],[1,0],[73,213]]
[[0,0],[1,0],[130,213]]
[[0,0],[1,0],[44,213]]
[[0,0],[1,0],[145,213]]
[[0,0],[1,0],[106,213]]
[[0,0],[1,0],[35,213]]
[[0,0],[1,0],[8,213]]
[[0,0],[1,0],[118,213]]
[[0,0],[1,0],[2,213]]
[[0,0],[1,0],[19,213]]
[[0,0],[1,0],[28,213]]
[[0,0],[1,0],[52,213]]
[[0,0],[1,0],[4,213]]
[[0,0],[1,0],[20,213]]
