[[0,0],[1,0],[67,214]]
[[0,0],[1,0],[95,214]]
[[0,0],[1,0],[45,214]]
[[0,0],[1,0],[163,214]]
[[0,0],[1,0],[97,214]]
[[0,0],[1,0],[167,214]]
[[0,0],[1,0],[17,214]]
[[0,0],[1,0],[7,214]]
[[0,0],[1,0],[113,214]]
[[0,0],[1,0],[77,214]]
[[0,0],[1,0],[93,214]]
[[0,0],[1,0],[171,214]]
[[0,0],[1,0],[27,214]]
[[0,0],[1,0],[85,214]]
[[0,0],[1,0],[71,214]]
[[0,0],[1,0],[49,214]]
[[0,0],[1,0],[108,214]]
[[0,0],[1,0],[213,214]]
[[0,0],[1,0],[69,214]]
[[0,0],[1,0],[109,214]]
[[0,0],[1,0],[37,214]]
[[0,0],[1,0],[87,214]]
[[0,0],[1,0],[41,214]]
[[0,0],[1,0],[65,214]]
[[0,0],[1,0],[11,214]]
[[0,0],[1,0],[9,214]]
[[0,0],[1,0],[79,214]]
[[0,0],[1,0],[181,214]]
[[0,0],[1,0],[91,214]]
[[0,0],[1,0],[15,214]]
[[0,0],[1,0],[89,214]]
[[0,0],[1,0],[31,214]]
[[0,0],[1,0],[53,214]]
[[0,0],[1,0],[29,214]]
[[0,0],[1,0],[1,214]]
[[0,0],[1,0],[75,214]]
[[0,0],[1,0],[23,214]]
[[0,0],[1,0],[133,214]]
[[0,0],[1,0],[5,214]]
[[0,0],[1,0],[25,214]]
[[0,0],[1,0],[13,214]]
[[0,0],[1,0],[103,214]]
[[0,0],[1,0],[73,214]]
[[0,0],[1,0],[3,214]]
[[0,0],[1,0],[61,214]]
[[0,0],[1,0],[59,214]]
[[0,0],[1,0],[151,214]]
[[0,0],[1,0],[35,214]]
[[0,0],[1,0],[175,214]]
[[0,0],[1,0],[55,214]]
[[0,0],[1,0],[57,214]]
[[0,0],[1,0],[131,214]]
[[0,0],[1,0],[21,214]]
[[0,0],[1,0],[19,214]]
[[0,0],[1,0],[99,214]]
