[[0,0],[1,0],[76,215]]
[[0,0],[1,0],[44,215]]
[[0,0],[1,0],[46,215]]
[[0,0],[1,0],[6,215]]
[[0,0],[1,0],[56,215]]
[[0,0],[1,0],[57,215]]
[[0,0],[1,0],[31,215]]
[[0,0],[1,0],[8,215]]
[[0,0],[1,0],[3,215]]
[[0,0],[1,0],[4,215]]
[[0,0],[1,0],[32,215]]
[[0,0],[1,0],[68,215]]
[[0,0],[1,0],[22,215]]
[[0,0],[1,0],[136,215]]
[[0,0],[1,0],[171,215]]
[[0,0],[1,0],[9,215]]
[[0,0],[1,0],[191,215]]
[[0,0],[1,0],[52,215]]
[[0,0],[1,0],[61,215]]
[[0,0],[1,0],[14,215]]
[[0,0],[1,0],[66,215]]
[[0,0],[1,0],[131,215]]
[[0,0],[1,0],[71,215]]
[[0,0],[1,0],[23,215]]
[[0,0],[1,0],[12,215]]
[[0,0],[1,0],[13,215]]
[[0,0],[1,0],[1,215]]
[[0,0],[1,0],[161,215]]
[[0,0],[1,0],[181,215]]
[[0,0],[1,0],[69,215]]
[[0,0],[1,0],[130,215]]
[[0,0],[1,0],[16,215]]
[[0,0],[1,0],[21,215]]
[[0,0],[1,0],[17,215]]
[[0,0],[1,0],[81,215]]
[[0,0],[1,0],[11,215]]
[[0,0],[1,0],[49,215]]
[[0,0],[1,0],[126,215]]
[[0,0],[1,0],[58,215]]
[[0,0],[1,0],[67,215]]
[[0,0],[1,0],[7,215]]
[[0,0],[1,0],[51,215]]
[[0,0],[1,0],[26,215]]
[[0,0],[1,0],[53,215]]
[[0,0],[1,0],[87,215]]
[[0,0],[1,0],[2,215]]
