[[0,0],[1,0],[166,216]]
[[0,0],[2,0],[20,108]]
[[0,0],[1,0],[161,216]]
[[0,0],[1,0],[58,216]]
[[0,0],[1,0],[154,216]]
[[0,0],[1,0],[178,216]]
[[0,0],[1,0],[136,216]]
[[0,0],[3,0],[39,72]]
[[0,0],[1,0],[172,216]]
[[0,0],[1,0],[95,216]]
[[0,0],[1,0],[100,216]]
[[0,0],[1,0],[25,216]]
[[0,0],[1,0],[94,216]]
[[0,0],[1,0],[79,216]]
[[0,0],[2,0],[10,108]]
[[0,0],[6,0],[24,36]]
[[0,0],[2,0],[14,108]]
[[0,0],[1,0],[64,216]]
[[0,0],[3,0],[3,72]]
[[0,0],[1,0],[215,216]]
[[0,0],[1,0],[214,216]]
[[0,0],[3,0],[66,72]]
[[0,0],[2,0],[44,108]]
[[0,0],[6,0],[6,36]]
[[0,0],[2,0],[92,108]]
[[0,0],[1,0],[109,216]]
[[0,0],[3,0],[69,72]]
[[0,0],[2,0],[106,108]]
[[0,0],[3,0],[33,72]]
[[0,0],[1,0],[130,216]]
[[0,0],[2,0],[8,108]]
[[0,0],[1,0],[41,216]]
[[0,0],[1,0],[53,216]]
[[0,0],[2,0],[2,108]]
[[0,0],[1,0],[129,216]]
[[0,0],[1,0],[43,216]]
[[0,0],[1,0],[107,216]]
[[0,0],[2,0],[38,108]]
[[0,0],[6,0],[30,36]]
[[0,0],[1,0],[23,216]]
[[0,0],[1,0],[105,216]]
[[0,0],[1,0],[17,216]]
[[0,0],[3,0],[30,72]]
[[0,0],[1,0],[37,216]]
[[0,0],[1,0],[142,216]]
[[0,0],[1,0],[190,216]]
[[0,0],[1,0],[177,216]]
[[0,0],[1,0],[11,216]]
[[0,0],[2,0],[56,108]]
[[0,0],[1,0],[67,216]]
[[0,0],[1,0],[21,216]]
[[0,0],[1,0],[201,216]]
[[0,0],[1,0],[213,216]]
[[0,0],[1,0],[82,216]]
[[0,0],[1,0],[57,216]]
[[0,0],[1,0],[185,216]]
[[0,0],[1,0],[119,216]]
[[0,0],[1,0],[5,216]]
[[0,0],[2,0],[32,108]]
[[0,0],[3,0],[27,72]]
[[0,0],[1,0],[69,216]]
[[0,0],[2,0],[34,108]]
[[0,0],[1,0],[55,216]]
[[0,0],[1,0],[33,216]]
[[0,0],[2,0],[104,108]]
[[0,0],[1,0],[93,216]]
[[0,0],[3,0],[51,72]]
[[0,0],[1,0],[34,216]]
[[0,0],[1,0],[65,216]]
[[0,0],[3,0],[57,72]]
[[0,0],[1,0],[7,216]]
[[0,0],[1,0],[202,216]]
[[0,0],[1,0],[35,216]]
[[0,0],[1,0],[131,216]]
[[0,0],[1,0],[22,216]]
[[0,0],[1,0],[118,216]]
[[0,0],[1,0],[127,216]]
[[0,0],[1,0],[115,216]]
[[0,0],[1,0],[83,216]]
[[0,0],[1,0],[49,216]]
[[0,0],[3,0],[15,72]]
[[0,0],[2,0],[80,108]]
[[0,0],[1,0],[28,216]]
[[0,0],[1,0],[169,216]]
[[0,0],[2,0],[68,108]]
[[0,0],[1,0],[103,216]]
[[0,0],[1,0],[141,216]]
[[0,0],[2,0],[26,108]]
[[0,0],[1,0],[71,216]]
[[0,0],[1,0],[1,216]]
[[0,0],[2,0],[86,108]]
[[0,0],[2,0],[46,108]]
[[0,0],[1,0],[106,216]]
[[0,0],[2,0],[58,108]]
[[0,0],[3,0],[21,72]]
[[0,0],[1,0],[77,216]]
[[0,0],[1,0],[165,216]]
[[0,0],[1,0],[10,216]]
[[0,0],[1,0],[46,216]]
[[0,0],[1,0],[125,216]]
[[0,0],[1,0],[73,216]]
[[0,0],[1,0],[70,216]]
[[0,0],[1,0],[13,216]]
[[0,0],[1,0],[163,216]]
[[0,0],[1,0],[19,216]]
[[0,0],[3,0],[63,72]]
[[0,0],[1,0],[61,216]]
[[0,0],[1,0],[29,216]]
[[0,0],[1,0],[208,216]]
[[0,0],[1,0],[157,216]]
