[[0,0],[1,0],[36,217]]
[[0,0],[1,0],[2,217]]
[[0,0],[1,0],[53,217]]
[[0,0],[1,0],[38,217]]
[[0,0],[1,0],[3,217]]
[[0,0],[1,0],[8,217]]
[[0,0],[1,0],[5,217]]
[[0,0],[1,0],[63,217]]
[[0,0],[1,0],[22,217]]
[[0,0],[1,0],[85,217]]
[[0,0],[1,0],[141,217]]
[[0,0],[1,0],[4,217]]
[[0,0],[1,0],[50,217]]
[[0,0],[1,0],[64,217]]
[[0,0],[1,0],[45,217]]
[[0,0],[1,0],[57,217]]
[[0,0],[1,0],[12,217]]
[[0,0],[1,0],[68,217]]
[[0,0],[1,0],[10,217]]
[[0,0],[1,0],[134,217]]
[[0,0],[1,0],[13,217]]
[[0,0],[1,0],[32,217]]
[[0,0],[1,0],[71,217]]
[[0,0],[1,0],[1,217]]
[[0,0],[1,0],[34,217]]
[[0,0],[1,0],[9,217]]
[[0,0],[1,0],[23,217]]
[[0,0],[1,0],[58,217]]
[[0,0],[1,0],[17,217]]
[[0,0],[1,0],[43,217]]
[[0,0],[1,0],[33,217]]
[[0,0],[1,0],[48,217]]
[[0,0],[1,0],[92,217]]
[[0,0],[1,0],[39,217]]
[[0,0],[1,0],[26,217]]
[[0,0],[1,0],[94,217]]
[[0,0],[1,0],[59,217]]
[[0,0],[1,0],[127,217]]
[[0,0],[1,0],[11,217]]
[[0,0],[1,0],[15,217]]
[[0,0],[1,0],[16,217]]
[[0,0],[1,0],[20,217]]
[[0,0],[1,0],[113,217]]
[[0,0],[1,0],[44,217]]
[[0,0],[1,0],[125,217]]
[[0,0],[1,0],[6,217]]
