[[0,0],[1,0],[93,218]]
[[0,0],[1,0],[17,218]]
[[0,0],[1,0],[113,218]]
[[0,0],[1,0],[107,218]]
[[0,0],[1,0],[7,218]]
[[0,0],[1,0],[49,218]]
[[0,0],[1,0],[51,218]]
[[0,0],[1,0],[43,218]]
[[0,0],[1,0],[27,218]]
[[0,0],[1,0],[83,218]]
[[0,0],[1,0],[69,218]]
[[0,0],[1,0],[129,218]]
[[0,0],[1,0],[65,218]]
[[0,0],[1,0],[15,218]]
[[0,0],[1,0],[147,218]]
[[0,0],[1,0],[31,218]]
[[0,0],[1,0],[29,218]]
[[0,0],[1,0],[87,218]]
[[0,0],[1,0],[37,218]]
[[0,0],[1,0],[195,218]]
[[0,0],[1,0],[1,218]]
[[0,0],[1,0],[41,218]]
[[0,0],[1,0],[110,218]]
[[0,0],[1,0],[53,218]]
[[0,0],[1,0],[11,218]]
[[0,0],[1,0],[13,218]]
[[0,0],[1,0],[9,218]]
[[0,0],[1,0],[47,218]]
[[0,0],[1,0],[91,218]]
[[0,0],[1,0],[137,218]]
[[0,0],[1,0],[217,218]]
[[0,0],[1,0],[61,218]]
[[0,0],[1,0],[133,218]]
[[0,0],[1,0],[5,218]]
[[0,0],[1,0],[103,218]]
[[0,0],[1,0],[75,218]]
[[0,0],[1,0],[3,218]]
[[0,0],[1,0],[121,218]]
[[0,0],[1,0],[39,218]]
[[0,0],[1,0],[25,218]]
[[0,0],[1,0],[145,218]]
[[0,0],[1,0],[141,218]]
[[0,0],[1,0],[35,218]]
[[0,0],[1,0],[59,218]]
[[0,0],[1,0],[33,218]]
[[0,0],[1,0],[55,218]]
[[0,0],[1,0],[19,218]]
[[0,0],[1,0],[99,218]]
[[0,0],[1,0],[139,218]]
[[0,0],[1,0],[21,218]]
[[0,0],[1,0],[95,218]]
[[0,0],[1,0],[101,218]]
[[0,0],[1,0],[45,218]]
[[0,0],[1,0],[57,218]]
[[0,0],[1,0],[155,218]]
[[0,0],[1,0],[67,218]]
