[[0,0],[1,0],[25,223]]
[[0,0],[1,0],[31,223]]
[[0,0],[1,0],[27,223]]
[[0,0],[1,0],[8,223]]
[[0,0],[1,0],[3,223]]
[[0,0],[1,0],[2,223]]
[[0,0],[1,0],[46,223]]
[[0,0],[1,0],[5,223]]
[[0,0],[1,0],[22,223]]
[[0,0],[1,0],[42,223]]
[[0,0],[1,0],[40,223]]
[[0,0],[1,0],[54,223]]
[[0,0],[1,0],[35,223]]
[[0,0],[1,0],[4,223]]
[[0,0],[1,0],[45,223]]
[[0,0],[1,0],[12,223]]
[[0,0],[1,0],[50,223]]
[[0,0],[1,0],[13,223]]
[[0,0],[1,0],[1,223]]
[[0,0],[1,0],[55,223]]
[[0,0],[1,0],[9,223]]
[[0,0],[1,0],[10,223]]
[[0,0],[1,0],[14,223]]
[[0,0],[1,0],[49,223]]
[[0,0],[1,0],[43,223]]
[[0,0],[1,0],[23,223]]
[[0,0],[1,0],[24,223]]
[[0,0],[1,0],[30,223]]
[[0,0],[1,0],[39,223]]
[[0,0],[1,0],[21,223]]
[[0,0],[1,0],[11,223]]
[[0,0],[1,0],[26,223]]
[[0,0],[1,0],[7,223]]
[[0,0],[1,0],[20,223]]
[[0,0],[1,0],[15,223]]
[[0,0],[1,0],[44,223]]
[[0,0],[1,0],[6,223]]
[[0,0],[1,0],[18,223]]
[[0,0],[1,0],[19,223]]
