[[0,0],[1,0],[8,227]]
[[0,0],[1,0],[49,227]]
[[0,0],[1,0],[24,227]]
[[0,0],[1,0],[26,227]]
[[0,0],[1,0],[45,227]]
[[0,0],[1,0],[14,227]]
[[0,0],[1,0],[12,227]]
[[0,0],[1,0],[2,227]]
[[0,0],[1,0],[27,227]]
[[0,0],[1,0],[13,227]]
[[0,0],[1,0],[10,227]]
[[0,0],[1,0],[1,227]]
[[0,0],[1,0],[16,227]]
[[0,0],[1,0],[7,227]]
[[0,0],[1,0],[4,227]]
[[0,0],[1,0],[11,227]]
[[0,0],[1,0],[33,227]]
[[0,0],[1,0],[37,227]]
[[0,0],[1,0],[3,227]]
[[0,0],[1,0],[84,227]]
[[0,0],[1,0],[18,227]]
[[0,0],[1,0],[70,227]]
[[0,0],[1,0],[29,227]]
[[0,0],[1,0],[61,227]]
[[0,0],[1,0],[22,227]]
[[0,0],[1,0],[51,227]]
[[0,0],[1,0],[25,227]]
[[0,0],[1,0],[15,227]]
[[0,0],[1,0],[9,227]]
[[0,0],[1,0],[23,227]]
[[0,0],[1,0],[5,227]]
[[0,0],[1,0],[44,227]]
[[0,0],[1,0],[28,227]]
[[0,0],[1,0],[21,227]]
[[0,0],[1,0],[6,227]]
[[0,0],[1,0],[46,227]]
[[0,0],[1,0],[30,227]]
[[0,0],[1,0],[17,227]]
[[0,0],[1,0],[50,227]]
