[[0,0],[1,0],[42,229]]
[[0,0],[1,0],[14,229]]
[[0,0],[1,0],[26,229]]
[[0,0],[1,0],[40,229]]
[[0,0],[1,0],[36,229]]
[[0,0],[1,0],[2,229]]
[[0,0],[1,0],[12,229]]
[[0,0],[1,0],[1,229]]
[[0,0],[1,0],[10,229]]
[[0,0],[1,0],[13,229]]
[[0,0],[1,0],[31,229]]
[[0,0],[1,0],[16,229]]
[[0,0],[1,0],[11,229]]
[[0,0],[1,0],[3,229]]
[[0,0],[1,0],[33,229]]
[[0,0],[1,0],[7,229]]
[[0,0],[1,0],[4,229]]
[[0,0],[1,0],[18,229]]
[[0,0],[1,0],[32,229]]
[[0,0],[1,0],[22,229]]
[[0,0],[1,0],[37,229]]
[[0,0],[1,0],[65,229]]
[[0,0],[1,0],[54,229]]
[[0,0],[1,0],[29,229]]
[[0,0],[1,0],[25,229]]
[[0,0],[1,0],[9,229]]
[[0,0],[1,0],[35,229]]
[[0,0],[1,0],[15,229]]
[[0,0],[1,0],[34,229]]
[[0,0],[1,0],[95,229]]
[[0,0],[1,0],[6,229]]
[[0,0],[1,0],[5,229]]
[[0,0],[1,0],[41,229]]
[[0,0],[1,0],[78,229]]
[[0,0],[1,0],[30,229]]
[[0,0],[1,0],[59,229]]
[[0,0],[1,0],[17,229]]
[[0,0],[1,0],[21,229]]
[[0,0],[1,0],[81,229]]
[[0,0],[1,0],[8,229]]
