[[0,0],[1,0],[63,230]]
[[0,0],[1,0],[6,230]]
[[0,0],[1,0],[9,230]]
[[0,0],[1,0],[91,230]]
[[0,0],[1,0],[137,230]]
[[0,0],[1,0],[53,230]]
[[0,0],[1,0],[29,230]]
[[0,0],[1,0],[66,230]]
[[0,0],[1,0],[156,230]]
[[0,0],[1,0],[106,230]]
[[0,0],[1,0],[67,230]]
[[0,0],[1,0],[176,230]]
[[0,0],[1,0],[229,230]]
[[0,0],[1,0],[83,230]]
[[0,0],[1,0],[185,230]]
[[0,0],[1,0],[136,230]]
[[0,0],[2,0],[25,115]]
[[0,0],[1,0],[17,230]]
[[0,0],[1,0],[206,230]]
[[0,0],[1,0],[73,230]]
[[0,0],[1,0],[37,230]]
[[0,0],[1,0],[36,230]]
[[0,0],[1,0],[111,230]]
[[0,0],[1,0],[11,230]]
[[0,0],[1,0],[186,230]]
[[0,0],[1,0],[162,230]]
[[0,0],[1,0],[121,230]]
[[0,0],[1,0],[196,230]]
[[0,0],[1,0],[166,230]]
[[0,0],[1,0],[70,230]]
[[0,0],[1,0],[13,230]]
[[0,0],[1,0],[197,230]]
[[0,0],[1,0],[56,230]]
[[0,0],[1,0],[47,230]]
[[0,0],[1,0],[87,230]]
[[0,0],[1,0],[41,230]]
[[0,0],[1,0],[127,230]]
[[0,0],[1,0],[76,230]]
[[0,0],[1,0],[7,230]]
[[0,0],[1,0],[39,230]]
[[0,0],[1,0],[43,230]]
[[0,0],[1,0],[171,230]]
[[0,0],[1,0],[216,230]]
[[0,0],[1,0],[208,230]]
[[0,0],[1,0],[226,230]]
[[0,0],[1,0],[26,230]]
[[0,0],[1,0],[31,230]]
[[0,0],[1,0],[71,230]]
[[0,0],[1,0],[209,230]]
[[0,0],[1,0],[51,230]]
[[0,0],[1,0],[139,230]]
[[0,0],[1,0],[16,230]]
[[0,0],[1,0],[146,230]]
[[0,0],[1,0],[153,230]]
[[0,0],[1,0],[116,230]]
[[0,0],[1,0],[57,230]]
[[0,0],[1,0],[129,230]]
[[0,0],[1,0],[126,230]]
[[0,0],[1,0],[24,230]]
[[0,0],[1,0],[117,230]]
[[0,0],[1,0],[19,230]]
[[0,0],[1,0],[79,230]]
[[0,0],[1,0],[27,230]]
[[0,0],[1,0],[3,230]]
[[0,0],[1,0],[89,230]]
[[0,0],[1,0],[61,230]]
[[0,0],[1,0],[149,230]]
[[0,0],[1,0],[49,230]]
[[0,0],[1,0],[1,230]]
[[0,0],[1,0],[96,230]]
[[0,0],[1,0],[86,230]]
[[0,0],[1,0],[133,230]]
[[0,0],[1,0],[123,230]]
[[0,0],[1,0],[131,230]]
