[[0,0],[1,0],[225,231]]
[[0,0],[1,0],[169,231]]
[[0,0],[1,0],[67,231]]
[[0,0],[1,0],[17,231]]
[[0,0],[1,0],[36,231]]
[[0,0],[1,0],[46,231]]
[[0,0],[1,0],[111,231]]
[[0,0],[3,0],[14,77]]
[[0,0],[1,0],[10,231]]
[[0,0],[1,0],[188,231]]
[[0,0],[1,0],[85,231]]
[[0,0],[1,0],[162,231]]
[[0,0],[1,0],[50,231]]
[[0,0],[1,0],[202,231]]
[[0,0],[1,0],[45,231]]
[[0,0],[1,0],[120,231]]
[[0,0],[1,0],[166,231]]
[[0,0],[1,0],[13,231]]
[[0,0],[1,0],[103,231]]
[[0,0],[1,0],[144,231]]
[[0,0],[1,0],[115,231]]
[[0,0],[1,0],[197,231]]
[[0,0],[1,0],[34,231]]
[[0,0],[1,0],[56,231]]
[[0,0],[1,0],[2,231]]
[[0,0],[1,0],[41,231]]
[[0,0],[1,0],[94,231]]
[[0,0],[1,0],[127,231]]
[[0,0],[1,0],[76,231]]
[[0,0],[1,0],[40,231]]
[[0,0],[1,0],[43,231]]
[[0,0],[1,0],[155,231]]
[[0,0],[1,0],[26,231]]
[[0,0],[1,0],[4,231]]
[[0,0],[1,0],[31,231]]
[[0,0],[1,0],[71,231]]
[[0,0],[1,0],[8,231]]
[[0,0],[1,0],[12,231]]
[[0,0],[1,0],[23,231]]
[[0,0],[1,0],[163,231]]
[[0,0],[1,0],[16,231]]
[[0,0],[1,0],[141,231]]
[[0,0],[1,0],[109,231]]
[[0,0],[1,0],[177,231]]
[[0,0],[1,0],[57,231]]
[[0,0],[1,0],[183,231]]
[[0,0],[1,0],[19,231]]
[[0,0],[1,0],[79,231]]
[[0,0],[1,0],[20,231]]
[[0,0],[1,0],[64,231]]
[[0,0],[1,0],[61,231]]
[[0,0],[1,0],[15,231]]
[[0,0],[1,0],[151,231]]
[[0,0],[1,0],[89,231]]
[[0,0],[1,0],[1,231]]
[[0,0],[1,0],[22,231]]
[[0,0],[1,0],[32,231]]
[[0,0],[1,0],[172,231]]
[[0,0],[1,0],[86,231]]
[[0,0],[1,0],[97,231]]
[[0,0],[1,0],[92,231]]
[[0,0],[1,0],[118,231]]
[[0,0],[1,0],[133,231]]
[[0,0],[1,0],[25,231]]
[[0,0],[1,0],[5,231]]
[[0,0],[1,0],[78,231]]
[[0,0],[1,0],[204,231]]
[[0,0],[1,0],[124,231]]
