[[0,0],[1,0],[5,232]]
[[0,0],[2,0],[30,116]]
[[0,0],[1,0],[95,232]]
[[0,0],[1,0],[21,232]]
[[0,0],[1,0],[25,232]]
[[0,0],[2,0],[60,116]]
[[0,0],[1,0],[67,232]]
[[0,0],[2,0],[114,116]]
[[0,0],[1,0],[201,232]]
[[0,0],[1,0],[53,232]]
[[0,0],[1,0],[9,232]]
[[0,0],[1,0],[83,232]]
[[0,0],[1,0],[173,232]]
[[0,0],[2,0],[54,116]]
[[0,0],[1,0],[81,232]]
[[0,0],[2,0],[2,116]]
[[0,0],[1,0],[17,232]]
[[0,0],[2,0],[90,116]]
[[0,0],[2,0],[6,116]]
[[0,0],[1,0],[37,232]]
[[0,0],[1,0],[73,232]]
[[0,0],[1,0],[45,232]]
[[0,0],[1,0],[35,232]]
[[0,0],[1,0],[11,232]]
[[0,0],[2,0],[42,116]]
[[0,0],[1,0],[47,232]]
[[0,0],[1,0],[13,232]]
[[0,0],[1,0],[85,232]]
[[0,0],[1,0],[189,232]]
[[0,0],[1,0],[115,232]]
[[0,0],[2,0],[38,116]]
[[0,0],[2,0],[14,116]]
[[0,0],[1,0],[55,232]]
[[0,0],[1,0],[103,232]]
[[0,0],[1,0],[107,232]]
[[0,0],[1,0],[75,232]]
[[0,0],[2,0],[46,116]]
[[0,0],[1,0],[39,232]]
[[0,0],[1,0],[7,232]]
[[0,0],[2,0],[10,116]]
[[0,0],[2,0],[66,116]]
[[0,0],[1,0],[121,232]]
[[0,0],[1,0],[175,232]]
[[0,0],[1,0],[51,232]]
[[0,0],[1,0],[71,232]]
[[0,0],[1,0],[141,232]]
[[0,0],[1,0],[109,232]]
[[0,0],[1,0],[105,232]]
[[0,0],[1,0],[163,232]]
[[0,0],[1,0],[231,232]]
[[0,0],[2,0],[34,116]]
[[0,0],[1,0],[23,232]]
[[0,0],[1,0],[33,232]]
[[0,0],[1,0],[15,232]]
[[0,0],[1,0],[30,232]]
[[0,0],[1,0],[19,232]]
[[0,0],[1,0],[146,232]]
[[0,0],[1,0],[113,232]]
[[0,0],[1,0],[61,232]]
[[0,0],[1,0],[139,232]]
[[0,0],[1,0],[3,232]]
[[0,0],[1,0],[143,232]]
[[0,0],[1,0],[117,232]]
[[0,0],[1,0],[49,232]]
[[0,0],[1,0],[153,232]]
[[0,0],[1,0],[57,232]]
[[0,0],[1,0],[1,232]]
[[0,0],[1,0],[27,232]]
[[0,0],[1,0],[204,232]]
[[0,0],[2,0],[22,116]]
[[0,0],[1,0],[59,232]]
[[0,0],[1,0],[63,232]]
[[0,0],[1,0],[191,232]]
[[0,0],[1,0],[88,232]]
[[0,0],[1,0],[97,232]]
[[0,0],[1,0],[77,232]]
[[0,0],[1,0],[131,232]]
[[0,0],[2,0],[18,116]]
[[0,0],[1,0],[167,232]]
[[0,0],[1,0],[133,232]]
