[[0,0],[1,0],[24,233]]
[[0,0],[1,0],[41,233]]
[[0,0],[1,0],[45,233]]
[[0,0],[1,0],[12,233]]
[[0,0],[1,0],[57,233]]
[[0,0],[1,0],[10,233]]
[[0,0],[1,0],[13,233]]
[[0,0],[1,0],[1,233]]
[[0,0],[1,0],[14,233]]
[[0,0],[1,0],[2,233]]
[[0,0],[1,0],[43,233]]
[[0,0],[1,0],[3,233]]
[[0,0],[1,0],[33,233]]
[[0,0],[1,0],[56,233]]
[[0,0],[1,0],[22,233]]
[[0,0],[1,0],[7,233]]
[[0,0],[1,0],[15,233]]
[[0,0],[1,0],[74,233]]
[[0,0],[1,0],[75,233]]
[[0,0],[1,0],[16,233]]
[[0,0],[1,0],[11,233]]
[[0,0],[1,0],[4,233]]
[[0,0],[1,0],[20,233]]
[[0,0],[1,0],[55,233]]
[[0,0],[1,0],[37,233]]
[[0,0],[1,0],[44,233]]
[[0,0],[1,0],[6,233]]
[[0,0],[1,0],[34,233]]
[[0,0],[1,0],[23,233]]
[[0,0],[1,0],[38,233]]
[[0,0],[1,0],[25,233]]
[[0,0],[1,0],[42,233]]
[[0,0],[1,0],[9,233]]
[[0,0],[1,0],[17,233]]
[[0,0],[1,0],[5,233]]
[[0,0],[1,0],[8,233]]
[[0,0],[1,0],[47,233]]
[[0,0],[1,0],[46,233]]
[[0,0],[1,0],[21,233]]
[[0,0],[1,0],[60,233]]
