[[0,0],[1,0],[29,235]]
[[0,0],[1,0],[54,235]]
[[0,0],[1,0],[21,235]]
[[0,0],[1,0],[62,235]]
[[0,0],[1,0],[95,235]]
[[0,0],[1,0],[53,235]]
[[0,0],[1,0],[9,235]]
[[0,0],[1,0],[66,235]]
[[0,0],[1,0],[81,235]]
[[0,0],[1,0],[136,235]]
[[0,0],[1,0],[17,235]]
[[0,0],[1,0],[186,235]]
[[0,0],[1,0],[176,235]]
[[0,0],[1,0],[37,235]]
[[0,0],[1,0],[36,235]]
[[0,0],[1,0],[52,235]]
[[0,0],[1,0],[48,235]]
[[0,0],[1,0],[46,235]]
[[0,0],[1,0],[13,235]]
[[0,0],[1,0],[11,235]]
[[0,0],[1,0],[189,235]]
[[0,0],[1,0],[38,235]]
[[0,0],[1,0],[28,235]]
[[0,0],[1,0],[76,235]]
[[0,0],[1,0],[26,235]]
[[0,0],[1,0],[31,235]]
[[0,0],[1,0],[34,235]]
[[0,0],[1,0],[2,235]]
[[0,0],[1,0],[7,235]]
[[0,0],[1,0],[12,235]]
[[0,0],[1,0],[4,235]]
[[0,0],[1,0],[41,235]]
[[0,0],[1,0],[51,235]]
[[0,0],[1,0],[8,235]]
[[0,0],[1,0],[71,235]]
[[0,0],[1,0],[161,235]]
[[0,0],[1,0],[23,235]]
[[0,0],[1,0],[61,235]]
[[0,0],[1,0],[24,235]]
[[0,0],[1,0],[116,235]]
[[0,0],[1,0],[14,235]]
[[0,0],[1,0],[3,235]]
[[0,0],[1,0],[16,235]]
[[0,0],[1,0],[101,235]]
[[0,0],[1,0],[1,235]]
[[0,0],[1,0],[126,235]]
[[0,0],[1,0],[22,235]]
[[0,0],[1,0],[151,235]]
[[0,0],[1,0],[63,235]]
[[0,0],[1,0],[6,235]]
