[[0,0],[1,0],[25,238]]
[[0,0],[1,0],[5,238]]
[[0,0],[1,0],[78,238]]
[[0,0],[1,0],[167,238]]
[[0,0],[1,0],[29,238]]
[[0,0],[1,0],[123,238]]
[[0,0],[1,0],[106,238]]
[[0,0],[1,0],[67,238]]
[[0,0],[1,0],[95,238]]
[[0,0],[1,0],[9,238]]
[[0,0],[1,0],[137,238]]
[[0,0],[1,0],[83,238]]
[[0,0],[1,0],[81,238]]
[[0,0],[1,0],[173,238]]
[[0,0],[1,0],[237,238]]
[[0,0],[1,0],[111,238]]
[[0,0],[1,0],[169,238]]
[[0,0],[1,0],[176,238]]
[[0,0],[1,0],[222,238]]
[[0,0],[1,0],[188,238]]
[[0,0],[1,0],[232,238]]
[[0,0],[1,0],[185,238]]
[[0,0],[1,0],[148,238]]
[[0,0],[1,0],[73,238]]
[[0,0],[1,0],[37,238]]
[[0,0],[1,0],[36,238]]
[[0,0],[1,0],[52,238]]
[[0,0],[1,0],[35,238]]
[[0,0],[1,0],[11,238]]
[[0,0],[1,0],[125,238]]
[[0,0],[1,0],[45,238]]
[[0,0],[1,0],[120,238]]
[[0,0],[1,0],[13,238]]
[[0,0],[1,0],[162,238]]
[[0,0],[1,0],[47,238]]
[[0,0],[1,0],[99,238]]
[[0,0],[1,0],[50,238]]
[[0,0],[1,0],[107,238]]
[[0,0],[1,0],[121,238]]
[[0,0],[1,0],[103,238]]
[[0,0],[1,0],[31,238]]
[[0,0],[1,0],[87,238]]
[[0,0],[1,0],[41,238]]
[[0,0],[1,0],[39,238]]
[[0,0],[1,0],[8,238]]
[[0,0],[1,0],[43,238]]
[[0,0],[1,0],[190,238]]
[[0,0],[1,0],[163,238]]
[[0,0],[1,0],[141,238]]
[[0,0],[1,0],[33,238]]
[[0,0],[1,0],[129,238]]
[[0,0],[1,0],[93,238]]
[[0,0],[1,0],[19,238]]
[[0,0],[1,0],[18,238]]
[[0,0],[1,0],[79,238]]
[[0,0],[1,0],[69,238]]
[[0,0],[1,0],[3,238]]
[[0,0],[1,0],[23,238]]
[[0,0],[1,0],[61,238]]
[[0,0],[1,0],[15,238]]
[[0,0],[1,0],[154,238]]
[[0,0],[1,0],[57,238]]
[[0,0],[1,0],[1,238]]
[[0,0],[1,0],[183,238]]
[[0,0],[1,0],[22,238]]
[[0,0],[2,0],[70,119]]
[[0,0],[1,0],[86,238]]
[[0,0],[1,0],[27,238]]
[[0,0],[1,0],[64,238]]
[[0,0],[1,0],[59,238]]
[[0,0],[1,0],[89,238]]
[[0,0],[1,0],[92,238]]
[[0,0],[1,0],[134,238]]
[[0,0],[1,0],[218,238]]
