[[0,0],[1,0],[51,240]]
[[0,0],[2,0],[58,120]]
[[0,0],[1,0],[238,240]]
[[0,0],[1,0],[133,240]]
[[0,0],[1,0],[9,240]]
[[0,0],[1,0],[1,240]]
[[0,0],[4,0],[28,60]]
[[0,0],[1,0],[97,240]]
[[0,0],[2,0],[114,120]]
[[0,0],[4,0],[24,60]]
[[0,0],[1,0],[106,240]]
[[0,0],[2,0],[14,120]]
[[0,0],[2,0],[18,120]]
[[0,0],[1,0],[214,240]]
[[0,0],[1,0],[145,240]]
[[0,0],[1,0],[231,240]]
[[0,0],[1,0],[81,240]]
[[0,0],[1,0],[121,240]]
[[0,0],[1,0],[178,240]]
[[0,0],[1,0],[85,240]]
[[0,0],[1,0],[76,240]]
[[0,0],[1,0],[61,240]]
[[0,0],[2,0],[44,120]]
[[0,0],[1,0],[53,240]]
[[0,0],[2,0],[27,120]]
[[0,0],[1,0],[117,240]]
[[0,0],[1,0],[137,240]]
[[0,0],[1,0],[25,240]]
[[0,0],[1,0],[154,240]]
[[0,0],[1,0],[236,240]]
[[0,0],[3,0],[28,80]]
[[0,0],[1,0],[11,240]]
[[0,0],[1,0],[151,240]]
[[0,0],[2,0],[82,120]]
[[0,0],[2,0],[42,120]]
[[0,0],[1,0],[91,240]]
[[0,0],[2,0],[87,120]]
[[0,0],[2,0],[38,120]]
[[0,0],[1,0],[79,240]]
[[0,0],[1,0],[201,240]]
[[0,0],[1,0],[153,240]]
[[0,0],[3,0],[68,80]]
[[0,0],[2,0],[92,120]]
[[0,0],[1,0],[82,240]]
[[0,0],[1,0],[26,240]]
[[0,0],[1,0],[57,240]]
[[0,0],[1,0],[185,240]]
[[0,0],[1,0],[177,240]]
[[0,0],[1,0],[119,240]]
[[0,0],[1,0],[89,240]]
[[0,0],[4,0],[8,60]]
[[0,0],[1,0],[171,240]]
[[0,0],[1,0],[55,240]]
[[0,0],[1,0],[189,240]]
[[0,0],[2,0],[110,120]]
[[0,0],[2,0],[98,120]]
[[0,0],[1,0],[205,240]]
[[0,0],[1,0],[41,240]]
[[0,0],[2,0],[2,120]]
[[0,0],[1,0],[109,240]]
[[0,0],[4,0],[16,60]]
[[0,0],[1,0],[43,240]]
[[0,0],[1,0],[173,240]]
[[0,0],[1,0],[33,240]]
[[0,0],[2,0],[62,120]]
[[0,0],[1,0],[196,240]]
[[0,0],[1,0],[93,240]]
[[0,0],[1,0],[23,240]]
[[0,0],[1,0],[47,240]]
[[0,0],[1,0],[199,240]]
[[0,0],[1,0],[129,240]]
[[0,0],[1,0],[142,240]]
[[0,0],[1,0],[202,240]]
[[0,0],[1,0],[22,240]]
[[0,0],[4,0],[4,60]]
[[0,0],[4,0],[54,60]]
[[0,0],[1,0],[237,240]]
[[0,0],[1,0],[127,240]]
[[0,0],[2,0],[116,120]]
[[0,0],[1,0],[21,240]]
[[0,0],[1,0],[235,240]]
[[0,0],[1,0],[83,240]]
[[0,0],[1,0],[17,240]]
[[0,0],[2,0],[32,120]]
[[0,0],[1,0],[49,240]]
[[0,0],[2,0],[57,120]]
[[0,0],[1,0],[213,240]]
[[0,0],[2,0],[66,120]]
[[0,0],[2,0],[50,120]]
[[0,0],[1,0],[206,240]]
[[0,0],[2,0],[34,120]]
[[0,0],[1,0],[141,240]]
[[0,0],[1,0],[69,240]]
[[0,0],[1,0],[59,240]]
[[0,0],[1,0],[175,240]]
[[0,0],[1,0],[239,240]]
[[0,0],[1,0],[46,240]]
[[0,0],[3,0],[75,80]]
[[0,0],[1,0],[73,240]]
[[0,0],[2,0],[117,120]]
[[0,0],[2,0],[46,120]]
[[0,0],[1,0],[34,240]]
[[0,0],[1,0],[209,240]]
[[0,0],[1,0],[111,240]]
[[0,0],[1,0],[116,240]]
[[0,0],[2,0],[118,120]]
[[0,0],[1,0],[226,240]]
[[0,0],[4,0],[44,60]]
[[0,0],[2,0],[102,120]]
[[0,0],[1,0],[7,240]]
[[0,0],[1,0],[191,240]]
[[0,0],[1,0],[203,240]]
[[0,0],[1,0],[225,240]]
[[0,0],[1,0],[13,240]]
[[0,0],[1,0],[19,240]]
[[0,0],[1,0],[163,240]]
[[0,0],[1,0],[65,240]]
[[0,0],[1,0],[101,240]]
[[0,0],[2,0],[52,120]]
[[0,0],[2,0],[112,120]]
[[0,0],[1,0],[29,240]]
[[0,0],[1,0],[31,240]]
[[0,0],[1,0],[86,240]]
[[0,0],[1,0],[166,240]]
[[0,0],[1,0],[146,240]]
[[0,0],[1,0],[161,240]]
[[0,0],[1,0],[118,240]]
[[0,0],[2,0],[68,120]]
[[0,0],[1,0],[58,240]]
[[0,0],[1,0],[169,240]]
[[0,0],[2,0],[26,120]]
[[0,0],[1,0],[136,240]]
[[0,0],[1,0],[94,240]]
[[0,0],[1,0],[115,240]]
[[0,0],[6,0],[16,40]]
[[0,0],[1,0],[71,240]]
[[0,0],[3,0],[35,80]]
[[0,0],[2,0],[22,120]]
