[[0,0],[1,0],[35,241]]
[[0,0],[1,0],[28,241]]
[[0,0],[1,0],[10,241]]
[[0,0],[1,0],[13,241]]
[[0,0],[1,0],[83,241]]
[[0,0],[1,0],[1,241]]
[[0,0],[1,0],[7,241]]
[[0,0],[1,0],[16,241]]
[[0,0],[1,0],[11,241]]
[[0,0],[1,0],[18,241]]
[[0,0],[1,0],[33,241]]
[[0,0],[1,0],[26,241]]
[[0,0],[1,0],[36,241]]
[[0,0],[1,0],[72,241]]
[[0,0],[1,0],[51,241]]
[[0,0],[1,0],[2,241]]
[[0,0],[1,0],[15,241]]
[[0,0],[1,0],[27,241]]
[[0,0],[1,0],[96,241]]
[[0,0],[1,0],[5,241]]
[[0,0],[1,0],[6,241]]
[[0,0],[1,0],[82,241]]
[[0,0],[1,0],[46,241]]
[[0,0],[1,0],[19,241]]
[[0,0],[1,0],[50,241]]
[[0,0],[1,0],[64,241]]
[[0,0],[1,0],[3,241]]
[[0,0],[1,0],[42,241]]
[[0,0],[1,0],[4,241]]
[[0,0],[1,0],[55,241]]
[[0,0],[1,0],[56,241]]
[[0,0],[1,0],[57,241]]
[[0,0],[1,0],[8,241]]
[[0,0],[1,0],[29,241]]
[[0,0],[1,0],[66,241]]
[[0,0],[1,0],[32,241]]
[[0,0],[1,0],[34,241]]
[[0,0],[1,0],[14,241]]
[[0,0],[1,0],[95,241]]
[[0,0],[1,0],[45,241]]
[[0,0],[1,0],[9,241]]
[[0,0],[1,0],[12,241]]
