[[0,0],[1,0],[49,243]]
[[0,0],[1,0],[145,243]]
[[0,0],[1,0],[58,243]]
[[0,0],[1,0],[22,243]]
[[0,0],[1,0],[32,243]]
[[0,0],[1,0],[37,243]]
[[0,0],[1,0],[118,243]]
[[0,0],[1,0],[52,243]]
[[0,0],[1,0],[100,243]]
[[0,0],[1,0],[10,243]]
[[0,0],[1,0],[11,243]]
[[0,0],[1,0],[91,243]]
[[0,0],[3,0],[30,81]]
[[0,0],[9,0],[18,27]]
[[0,0],[1,0],[82,243]]
[[0,0],[1,0],[157,243]]
[[0,0],[1,0],[142,243]]
[[0,0],[1,0],[95,243]]
[[0,0],[1,0],[169,243]]
[[0,0],[1,0],[13,243]]
[[0,0],[1,0],[67,243]]
[[0,0],[1,0],[103,243]]
[[0,0],[1,0],[112,243]]
[[0,0],[1,0],[121,243]]
[[0,0],[1,0],[7,243]]
[[0,0],[1,0],[70,243]]
[[0,0],[1,0],[44,243]]
[[0,0],[1,0],[17,243]]
[[0,0],[1,0],[43,243]]
[[0,0],[1,0],[40,243]]
[[0,0],[1,0],[85,243]]
[[0,0],[3,0],[15,81]]
[[0,0],[1,0],[8,243]]
[[0,0],[1,0],[55,243]]
[[0,0],[3,0],[12,81]]
[[0,0],[1,0],[35,243]]
[[0,0],[1,0],[109,243]]
[[0,0],[1,0],[34,243]]
[[0,0],[1,0],[14,243]]
[[0,0],[1,0],[28,243]]
[[0,0],[1,0],[2,243]]
[[0,0],[1,0],[16,243]]
[[0,0],[1,0],[127,243]]
[[0,0],[9,0],[9,27]]
[[0,0],[1,0],[160,243]]
[[0,0],[3,0],[3,81]]
[[0,0],[3,0],[39,81]]
[[0,0],[1,0],[26,243]]
[[0,0],[1,0],[4,243]]
[[0,0],[1,0],[20,243]]
[[0,0],[1,0],[41,243]]
[[0,0],[1,0],[94,243]]
[[0,0],[1,0],[31,243]]
[[0,0],[1,0],[19,243]]
[[0,0],[3,0],[6,81]]
[[0,0],[1,0],[205,243]]
[[0,0],[1,0],[1,243]]
[[0,0],[3,0],[48,81]]
[[0,0],[1,0],[133,243]]
[[0,0],[1,0],[5,243]]
[[0,0],[1,0],[97,243]]
[[0,0],[1,0],[25,243]]
[[0,0],[1,0],[154,243]]
[[0,0],[1,0],[59,243]]
