[[0,0],[1,0],[1,246]]
[[0,0],[1,0],[97,246]]
[[0,0],[1,0],[124,246]]
[[0,0],[1,0],[16,246]]
[[0,0],[1,0],[227,246]]
[[0,0],[1,0],[40,246]]
[[0,0],[1,0],[214,246]]
[[0,0],[1,0],[208,246]]
[[0,0],[1,0],[145,246]]
[[0,0],[1,0],[217,246]]
[[0,0],[1,0],[106,246]]
[[0,0],[1,0],[70,246]]
[[0,0],[1,0],[125,246]]
[[0,0],[1,0],[76,246]]
[[0,0],[1,0],[130,246]]
[[0,0],[1,0],[178,246]]
[[0,0],[1,0],[61,246]]
[[0,0],[1,0],[137,246]]
[[0,0],[1,0],[25,246]]
[[0,0],[1,0],[53,246]]
[[0,0],[1,0],[100,246]]
[[0,0],[1,0],[154,246]]
[[0,0],[1,0],[220,246]]
[[0,0],[1,0],[64,246]]
[[0,0],[1,0],[37,246]]
[[0,0],[1,0],[95,246]]
[[0,0],[1,0],[11,246]]
[[0,0],[2,0],[84,123]]
[[0,0],[1,0],[79,246]]
[[0,0],[1,0],[160,246]]
[[0,0],[1,0],[143,246]]
[[0,0],[1,0],[148,246]]
[[0,0],[1,0],[119,246]]
[[0,0],[1,0],[55,246]]
[[0,0],[1,0],[43,246]]
[[0,0],[1,0],[196,246]]
[[0,0],[1,0],[181,246]]
[[0,0],[1,0],[23,246]]
[[0,0],[1,0],[142,246]]
[[0,0],[1,0],[190,246]]
[[0,0],[1,0],[35,246]]
[[0,0],[1,0],[22,246]]
[[0,0],[1,0],[47,246]]
[[0,0],[1,0],[4,246]]
[[0,0],[1,0],[202,246]]
[[0,0],[1,0],[17,246]]
[[0,0],[1,0],[113,246]]
[[0,0],[1,0],[49,246]]
[[0,0],[1,0],[83,246]]
[[0,0],[1,0],[42,246]]
[[0,0],[1,0],[206,246]]
[[0,0],[1,0],[184,246]]
[[0,0],[1,0],[67,246]]
[[0,0],[1,0],[28,246]]
[[0,0],[1,0],[5,246]]
[[0,0],[1,0],[112,246]]
[[0,0],[1,0],[52,246]]
[[0,0],[1,0],[73,246]]
[[0,0],[1,0],[59,246]]
[[0,0],[1,0],[46,246]]
[[0,0],[1,0],[165,246]]
[[0,0],[1,0],[232,246]]
[[0,0],[1,0],[34,246]]
[[0,0],[1,0],[226,246]]
[[0,0],[1,0],[77,246]]
[[0,0],[1,0],[7,246]]
[[0,0],[1,0],[163,246]]
[[0,0],[1,0],[245,246]]
[[0,0],[1,0],[13,246]]
[[0,0],[1,0],[10,246]]
[[0,0],[1,0],[88,246]]
[[0,0],[1,0],[161,246]]
[[0,0],[1,0],[166,246]]
[[0,0],[1,0],[157,246]]
[[0,0],[1,0],[244,246]]
[[0,0],[1,0],[118,246]]
[[0,0],[1,0],[31,246]]
[[0,0],[1,0],[136,246]]
[[0,0],[1,0],[94,246]]
[[0,0],[1,0],[115,246]]
[[0,0],[1,0],[58,246]]
[[0,0],[1,0],[155,246]]
[[0,0],[1,0],[172,246]]
[[0,0],[1,0],[139,246]]
[[0,0],[1,0],[71,246]]
[[0,0],[1,0],[238,246]]
