[[0,0],[1,0],[97,248]]
[[0,0],[1,0],[99,248]]
[[0,0],[2,0],[22,124]]
[[0,0],[1,0],[27,248]]
[[0,0],[1,0],[9,248]]
[[0,0],[2,0],[10,124]]
[[0,0],[1,0],[125,248]]
[[0,0],[2,0],[14,124]]
[[0,0],[1,0],[61,248]]
[[0,0],[2,0],[122,124]]
[[0,0],[1,0],[39,248]]
[[0,0],[1,0],[85,248]]
[[0,0],[1,0],[15,248]]
[[0,0],[1,0],[53,248]]
[[0,0],[2,0],[106,124]]
[[0,0],[1,0],[25,248]]
[[0,0],[1,0],[247,248]]
[[0,0],[2,0],[74,124]]
[[0,0],[2,0],[82,124]]
[[0,0],[1,0],[79,248]]
[[0,0],[1,0],[37,248]]
[[0,0],[1,0],[3,248]]
[[0,0],[2,0],[38,124]]
[[0,0],[1,0],[11,248]]
[[0,0],[1,0],[177,248]]
[[0,0],[1,0],[91,248]]
[[0,0],[1,0],[153,248]]
[[0,0],[1,0],[87,248]]
[[0,0],[1,0],[57,248]]
[[0,0],[2,0],[70,124]]
[[0,0],[1,0],[185,248]]
[[0,0],[1,0],[119,248]]
[[0,0],[2,0],[30,124]]
[[0,0],[1,0],[109,248]]
[[0,0],[1,0],[89,248]]
[[0,0],[2,0],[2,124]]
[[0,0],[1,0],[171,248]]
[[0,0],[1,0],[55,248]]
[[0,0],[1,0],[173,248]]
[[0,0],[1,0],[33,248]]
[[0,0],[1,0],[41,248]]
[[0,0],[1,0],[47,248]]
[[0,0],[1,0],[43,248]]
[[0,0],[1,0],[156,248]]
[[0,0],[1,0],[35,248]]
[[0,0],[1,0],[32,248]]
[[0,0],[1,0],[23,248]]
[[0,0],[1,0],[127,248]]
[[0,0],[1,0],[105,248]]
[[0,0],[2,0],[6,124]]
[[0,0],[1,0],[17,248]]
[[0,0],[1,0],[113,248]]
[[0,0],[1,0],[49,248]]
[[0,0],[2,0],[64,124]]
[[0,0],[2,0],[66,124]]
[[0,0],[1,0],[67,248]]
[[0,0],[1,0],[103,248]]
[[0,0],[1,0],[21,248]]
[[0,0],[1,0],[141,248]]
[[0,0],[1,0],[63,248]]
[[0,0],[1,0],[167,248]]
[[0,0],[1,0],[175,248]]
[[0,0],[1,0],[5,248]]
[[0,0],[1,0],[111,248]]
[[0,0],[1,0],[69,248]]
[[0,0],[1,0],[45,248]]
[[0,0],[1,0],[59,248]]
[[0,0],[1,0],[165,248]]
[[0,0],[2,0],[46,124]]
[[0,0],[1,0],[13,248]]
[[0,0],[1,0],[19,248]]
[[0,0],[1,0],[65,248]]
[[0,0],[1,0],[123,248]]
[[0,0],[1,0],[29,248]]
[[0,0],[1,0],[7,248]]
[[0,0],[1,0],[131,248]]
[[0,0],[1,0],[101,248]]
[[0,0],[1,0],[115,248]]
[[0,0],[2,0],[26,124]]
[[0,0],[1,0],[218,248]]
[[0,0],[1,0],[51,248]]
[[0,0],[1,0],[94,248]]
[[0,0],[2,0],[90,124]]
[[0,0],[1,0],[1,248]]
[[0,0],[1,0],[187,248]]
