[[0,0],[1,0],[71,252]]
[[0,0],[2,0],[22,126]]
[[0,0],[1,0],[214,252]]
[[0,0],[2,0],[114,126]]
[[0,0],[2,0],[119,126]]
[[0,0],[1,0],[106,252]]
[[0,0],[2,0],[10,126]]
[[0,0],[1,0],[133,252]]
[[0,0],[3,0],[9,84]]
[[0,0],[3,0],[39,84]]
[[0,0],[1,0],[125,252]]
[[0,0],[3,0],[66,84]]
[[0,0],[3,0],[3,84]]
[[0,0],[1,0],[208,252]]
[[0,0],[1,0],[217,252]]
[[0,0],[3,0],[45,84]]
[[0,0],[1,0],[249,252]]
[[0,0],[1,0],[250,252]]
[[0,0],[1,0],[61,252]]
[[0,0],[3,0],[52,84]]
[[0,0],[2,0],[44,126]]
[[0,0],[6,0],[12,42]]
[[0,0],[1,0],[130,252]]
[[0,0],[1,0],[178,252]]
[[0,0],[1,0],[85,252]]
[[0,0],[6,0],[6,42]]
[[0,0],[1,0],[95,252]]
[[0,0],[1,0],[15,252]]
[[0,0],[1,0],[137,252]]
[[0,0],[1,0],[25,252]]
[[0,0],[1,0],[53,252]]
[[0,0],[4,0],[49,63]]
[[0,0],[1,0],[100,252]]
[[0,0],[2,0],[16,126]]
[[0,0],[2,0],[74,126]]
[[0,0],[2,0],[8,126]]
[[0,0],[1,0],[64,252]]
[[0,0],[1,0],[176,252]]
[[0,0],[1,0],[37,252]]
[[0,0],[1,0],[11,252]]
[[0,0],[1,0],[177,252]]
[[0,0],[1,0],[143,252]]
[[0,0],[1,0],[91,252]]
[[0,0],[1,0],[78,252]]
[[0,0],[1,0],[201,252]]
[[0,0],[1,0],[151,252]]
[[0,0],[1,0],[57,252]]
[[0,0],[1,0],[82,252]]
[[0,0],[3,0],[33,84]]
[[0,0],[2,0],[30,126]]
[[0,0],[1,0],[148,252]]
[[0,0],[1,0],[33,252]]
[[0,0],[2,0],[2,126]]
[[0,0],[3,0],[27,84]]
[[0,0],[2,0],[110,126]]
[[0,0],[1,0],[55,252]]
[[0,0],[3,0],[24,84]]
[[0,0],[1,0],[173,252]]
[[0,0],[1,0],[41,252]]
[[0,0],[1,0],[93,252]]
[[0,0],[1,0],[129,252]]
[[0,0],[2,0],[62,126]]
[[0,0],[1,0],[43,252]]
[[0,0],[1,0],[47,252]]
[[0,0],[1,0],[22,252]]
[[0,0],[1,0],[107,252]]
[[0,0],[2,0],[51,126]]
[[0,0],[1,0],[202,252]]
[[0,0],[1,0],[8,252]]
[[0,0],[1,0],[246,252]]
[[0,0],[1,0],[17,252]]
[[0,0],[1,0],[83,252]]
[[0,0],[1,0],[92,252]]
[[0,0],[2,0],[56,126]]
[[0,0],[1,0],[237,252]]
[[0,0],[1,0],[49,252]]
[[0,0],[1,0],[142,252]]
[[0,0],[1,0],[127,252]]
[[0,0],[3,0],[80,84]]
[[0,0],[1,0],[190,252]]
[[0,0],[3,0],[81,84]]
[[0,0],[1,0],[181,252]]
[[0,0],[2,0],[4,126]]
[[0,0],[1,0],[67,252]]
[[0,0],[6,0],[18,42]]
[[0,0],[2,0],[50,126]]
[[0,0],[2,0],[93,126]]
[[0,0],[1,0],[103,252]]
[[0,0],[1,0],[141,252]]
[[0,0],[1,0],[193,252]]
[[0,0],[1,0],[213,252]]
[[0,0],[2,0],[80,126]]
[[0,0],[1,0],[232,252]]
[[0,0],[1,0],[5,252]]
[[0,0],[1,0],[46,252]]
[[0,0],[1,0],[73,252]]
[[0,0],[1,0],[225,252]]
[[0,0],[1,0],[69,252]]
[[0,0],[1,0],[19,252]]
[[0,0],[1,0],[163,252]]
[[0,0],[1,0],[65,252]]
[[0,0],[1,0],[165,252]]
[[0,0],[1,0],[10,252]]
[[0,0],[1,0],[13,252]]
[[0,0],[1,0],[34,252]]
[[0,0],[1,0],[131,252]]
[[0,0],[1,0],[226,252]]
[[0,0],[1,0],[166,252]]
[[0,0],[1,0],[251,252]]
[[0,0],[1,0],[118,252]]
[[0,0],[1,0],[29,252]]
[[0,0],[1,0],[31,252]]
[[0,0],[1,0],[136,252]]
[[0,0],[1,0],[183,252]]
[[0,0],[1,0],[58,252]]
[[0,0],[2,0],[26,126]]
[[0,0],[3,0],[15,84]]
[[0,0],[1,0],[172,252]]
[[0,0],[1,0],[229,252]]
[[0,0],[1,0],[244,252]]
[[0,0],[1,0],[218,252]]
[[0,0],[2,0],[20,126]]
[[0,0],[1,0],[94,252]]
[[0,0],[1,0],[197,252]]
[[0,0],[1,0],[50,252]]
[[0,0],[1,0],[155,252]]
[[0,0],[1,0],[134,252]]
[[0,0],[1,0],[1,252]]
[[0,0],[2,0],[58,126]]
[[0,0],[1,0],[139,252]]
[[0,0],[1,0],[99,252]]
