[[0,0],[1,0],[131,255]]
[[0,0],[1,0],[96,255]]
[[0,0],[1,0],[111,255]]
[[0,0],[1,0],[191,255]]
[[0,0],[1,0],[246,255]]
[[0,0],[1,0],[178,255]]
[[0,0],[1,0],[29,255]]
[[0,0],[1,0],[37,255]]
[[0,0],[1,0],[156,255]]
[[0,0],[1,0],[201,255]]
[[0,0],[1,0],[46,255]]
[[0,0],[1,0],[21,255]]
[[0,0],[1,0],[67,255]]
[[0,0],[1,0],[52,255]]
[[0,0],[1,0],[11,255]]
[[0,0],[1,0],[199,255]]
[[0,0],[1,0],[38,255]]
[[0,0],[1,0],[211,255]]
[[0,0],[1,0],[91,255]]
[[0,0],[1,0],[137,255]]
[[0,0],[1,0],[53,255]]
[[0,0],[1,0],[13,255]]
[[0,0],[1,0],[81,255]]
[[0,0],[1,0],[66,255]]
[[0,0],[1,0],[76,255]]
[[0,0],[1,0],[169,255]]
[[0,0],[1,0],[223,255]]
[[0,0],[3,0],[20,85]]
[[0,0],[1,0],[112,255]]
[[0,0],[1,0],[121,255]]
[[0,0],[1,0],[222,255]]
[[0,0],[1,0],[186,255]]
[[0,0],[1,0],[36,255]]
[[0,0],[1,0],[7,255]]
[[0,0],[1,0],[8,255]]
[[0,0],[1,0],[43,255]]
[[0,0],[1,0],[208,255]]
[[0,0],[1,0],[35,255]]
[[0,0],[1,0],[171,255]]
[[0,0],[1,0],[120,255]]
[[0,0],[1,0],[141,255]]
[[0,0],[1,0],[109,255]]
[[0,0],[1,0],[71,255]]
[[0,0],[1,0],[161,255]]
[[0,0],[1,0],[28,255]]
[[0,0],[1,0],[127,255]]
[[0,0],[1,0],[231,255]]
[[0,0],[1,0],[216,255]]
[[0,0],[1,0],[19,255]]
[[0,0],[1,0],[26,255]]
[[0,0],[1,0],[139,255]]
[[0,0],[1,0],[79,255]]
[[0,0],[1,0],[18,255]]
[[0,0],[1,0],[14,255]]
[[0,0],[1,0],[69,255]]
[[0,0],[1,0],[16,255]]
[[0,0],[1,0],[31,255]]
[[0,0],[1,0],[1,255]]
[[0,0],[1,0],[41,255]]
[[0,0],[1,0],[2,255]]
[[0,0],[1,0],[205,255]]
[[0,0],[1,0],[101,255]]
[[0,0],[1,0],[4,255]]
[[0,0],[1,0],[97,255]]
[[0,0],[1,0],[89,255]]
[[0,0],[1,0],[6,255]]
[[0,0],[1,0],[23,255]]
[[0,0],[1,0],[133,255]]
[[0,0],[1,0],[154,255]]
[[0,0],[1,0],[239,255]]
[[0,0],[1,0],[49,255]]
[[0,0],[1,0],[126,255]]
[[0,0],[1,0],[22,255]]
[[0,0],[1,0],[106,255]]
[[0,0],[1,0],[86,255]]
[[0,0],[1,0],[88,255]]
