[[0,0],[1,0],[4,257]]
[[0,0],[1,0],[6,257]]
[[0,0],[1,0],[19,257]]
[[0,0],[1,0],[3,257]]
[[0,0],[1,0],[7,257]]
[[0,0],[1,0],[25,257]]
[[0,0],[1,0],[1,257]]
[[0,0],[1,0],[20,257]]
[[0,0],[1,0],[31,257]]
[[0,0],[1,0],[21,257]]
[[0,0],[1,0],[23,257]]
[[0,0],[1,0],[38,257]]
[[0,0],[1,0],[18,257]]
[[0,0],[1,0],[66,257]]
[[0,0],[1,0],[22,257]]
[[0,0],[1,0],[16,257]]
[[0,0],[1,0],[8,257]]
[[0,0],[1,0],[47,257]]
[[0,0],[1,0],[24,257]]
[[0,0],[1,0],[15,257]]
[[0,0],[1,0],[42,257]]
[[0,0],[1,0],[54,257]]
[[0,0],[1,0],[81,257]]
[[0,0],[1,0],[9,257]]
[[0,0],[1,0],[14,257]]
[[0,0],[1,0],[5,257]]
[[0,0],[1,0],[52,257]]
[[0,0],[1,0],[39,257]]
[[0,0],[1,0],[30,257]]
[[0,0],[1,0],[26,257]]
[[0,0],[1,0],[53,257]]
[[0,0],[1,0],[40,257]]
[[0,0],[1,0],[37,257]]
[[0,0],[1,0],[2,257]]
[[0,0],[1,0],[12,257]]
[[0,0],[1,0],[11,257]]
[[0,0],[1,0],[41,257]]
[[0,0],[1,0],[99,257]]
[[0,0],[1,0],[29,257]]
[[0,0],[1,0],[34,257]]
[[0,0],[1,0],[13,257]]
[[0,0],[1,0],[114,257]]
[[0,0],[1,0],[10,257]]
[[0,0],[1,0],[48,257]]
