[[0,0],[1,0],[10,259]]
[[0,0],[1,0],[15,259]]
[[0,0],[1,0],[149,259]]
[[0,0],[1,0],[24,259]]
[[0,0],[1,0],[11,259]]
[[0,0],[1,0],[64,259]]
[[0,0],[1,0],[3,259]]
[[0,0],[1,0],[1,259]]
[[0,0],[1,0],[59,259]]
[[0,0],[1,0],[5,259]]
[[0,0],[1,0],[13,259]]
[[0,0],[1,0],[211,259]]
[[0,0],[1,0],[88,259]]
[[0,0],[1,0],[120,259]]
[[0,0],[1,0],[38,259]]
[[0,0],[1,0],[2,259]]
[[0,0],[1,0],[112,259]]
[[0,0],[1,0],[78,259]]
[[0,0],[1,0],[127,259]]
[[0,0],[1,0],[39,259]]
[[0,0],[1,0],[25,259]]
[[0,0],[1,0],[4,259]]
[[0,0],[1,0],[99,259]]
[[0,0],[1,0],[6,259]]
[[0,0],[1,0],[60,259]]
[[0,0],[1,0],[18,259]]
[[0,0],[1,0],[141,259]]
[[0,0],[1,0],[30,259]]
[[0,0],[1,0],[8,259]]
[[0,0],[1,0],[36,259]]
[[0,0],[1,0],[17,259]]
[[0,0],[1,0],[101,259]]
[[0,0],[1,0],[33,259]]
[[0,0],[1,0],[223,259]]
[[0,0],[1,0],[122,259]]
[[0,0],[1,0],[113,259]]
[[0,0],[1,0],[19,259]]
[[0,0],[1,0],[50,259]]
[[0,0],[1,0],[22,259]]
[[0,0],[1,0],[92,259]]
[[0,0],[1,0],[32,259]]
[[0,0],[1,0],[34,259]]
[[0,0],[1,0],[41,259]]
[[0,0],[1,0],[31,259]]
[[0,0],[1,0],[9,259]]
[[0,0],[1,0],[40,259]]
[[0,0],[1,0],[71,259]]
[[0,0],[1,0],[43,259]]
[[0,0],[1,0],[239,259]]
[[0,0],[1,0],[29,259]]
[[0,0],[1,0],[12,259]]
[[0,0],[1,0],[23,259]]
[[0,0],[1,0],[51,259]]
[[0,0],[1,0],[16,259]]
