[[0,0],[1,0],[37,262]]
[[0,0],[1,0],[193,262]]
[[0,0],[1,0],[111,262]]
[[0,0],[1,0],[11,262]]
[[0,0],[1,0],[79,262]]
[[0,0],[1,0],[3,262]]
[[0,0],[1,0],[15,262]]
[[0,0],[1,0],[61,262]]
[[0,0],[1,0],[1,262]]
[[0,0],[1,0],[59,262]]
[[0,0],[1,0],[55,262]]
[[0,0],[1,0],[5,262]]
[[0,0],[1,0],[13,262]]
[[0,0],[1,0],[133,262]]
[[0,0],[1,0],[103,262]]
[[0,0],[1,0],[47,262]]
[[0,0],[1,0],[127,262]]
[[0,0],[1,0],[21,262]]
[[0,0],[1,0],[39,262]]
[[0,0],[1,0],[227,262]]
[[0,0],[1,0],[67,262]]
[[0,0],[1,0],[95,262]]
[[0,0],[1,0],[187,262]]
[[0,0],[1,0],[169,262]]
[[0,0],[1,0],[163,262]]
[[0,0],[1,0],[141,262]]
[[0,0],[1,0],[139,262]]
[[0,0],[1,0],[17,262]]
[[0,0],[1,0],[177,262]]
[[0,0],[1,0],[33,262]]
[[0,0],[1,0],[237,262]]
[[0,0],[1,0],[117,262]]
[[0,0],[1,0],[173,262]]
[[0,0],[1,0],[101,262]]
[[0,0],[1,0],[113,262]]
[[0,0],[1,0],[19,262]]
[[0,0],[1,0],[27,262]]
[[0,0],[1,0],[49,262]]
[[0,0],[1,0],[45,262]]
[[0,0],[1,0],[205,262]]
[[0,0],[1,0],[107,262]]
[[0,0],[1,0],[97,262]]
[[0,0],[1,0],[41,262]]
[[0,0],[1,0],[115,262]]
[[0,0],[1,0],[7,262]]
[[0,0],[1,0],[87,262]]
[[0,0],[1,0],[9,262]]
[[0,0],[1,0],[63,262]]
[[0,0],[1,0],[261,262]]
[[0,0],[1,0],[181,262]]
[[0,0],[1,0],[119,262]]
[[0,0],[1,0],[43,262]]
[[0,0],[1,0],[77,262]]
[[0,0],[1,0],[31,262]]
[[0,0],[1,0],[91,262]]
[[0,0],[1,0],[53,262]]
[[0,0],[1,0],[71,262]]
[[0,0],[1,0],[137,262]]
[[0,0],[1,0],[51,262]]
[[0,0],[1,0],[29,262]]
[[0,0],[1,0],[157,262]]
[[0,0],[1,0],[132,262]]
[[0,0],[1,0],[23,262]]
[[0,0],[1,0],[83,262]]
[[0,0],[1,0],[109,262]]
[[0,0],[1,0],[73,262]]
[[0,0],[1,0],[65,262]]
