[[0,0],[1,0],[37,263]]
[[0,0],[1,0],[11,263]]
[[0,0],[1,0],[3,263]]
[[0,0],[1,0],[15,263]]
[[0,0],[1,0],[10,263]]
[[0,0],[1,0],[1,263]]
[[0,0],[1,0],[59,263]]
[[0,0],[1,0],[42,263]]
[[0,0],[1,0],[55,263]]
[[0,0],[1,0],[38,263]]
[[0,0],[1,0],[5,263]]
[[0,0],[1,0],[62,263]]
[[0,0],[1,0],[13,263]]
[[0,0],[1,0],[56,263]]
[[0,0],[1,0],[28,263]]
[[0,0],[1,0],[2,263]]
[[0,0],[1,0],[21,263]]
[[0,0],[1,0],[54,263]]
[[0,0],[1,0],[6,263]]
[[0,0],[1,0],[4,263]]
[[0,0],[1,0],[30,263]]
[[0,0],[1,0],[8,263]]
[[0,0],[1,0],[18,263]]
[[0,0],[1,0],[17,263]]
[[0,0],[1,0],[57,263]]
[[0,0],[1,0],[52,263]]
[[0,0],[1,0],[20,263]]
[[0,0],[1,0],[19,263]]
[[0,0],[1,0],[27,263]]
[[0,0],[1,0],[49,263]]
[[0,0],[1,0],[50,263]]
[[0,0],[1,0],[41,263]]
[[0,0],[1,0],[58,263]]
[[0,0],[1,0],[7,263]]
[[0,0],[1,0],[9,263]]
[[0,0],[1,0],[63,263]]
[[0,0],[1,0],[43,263]]
[[0,0],[1,0],[53,263]]
[[0,0],[1,0],[71,263]]
[[0,0],[1,0],[51,263]]
[[0,0],[1,0],[29,263]]
[[0,0],[1,0],[16,263]]
[[0,0],[1,0],[12,263]]
[[0,0],[1,0],[72,263]]
[[0,0],[1,0],[14,263]]
