[[0,0],[1,0],[199,264]]
[[0,0],[1,0],[103,264]]
[[0,0],[2,0],[10,132]]
[[0,0],[1,0],[29,264]]
[[0,0],[1,0],[189,264]]
[[0,0],[1,0],[111,264]]
[[0,0],[1,0],[25,264]]
[[0,0],[1,0],[190,264]]
[[0,0],[1,0],[225,264]]
[[0,0],[1,0],[133,264]]
[[0,0],[1,0],[13,264]]
[[0,0],[1,0],[131,264]]
[[0,0],[2,0],[90,132]]
[[0,0],[1,0],[5,264]]
[[0,0],[2,0],[92,132]]
[[0,0],[1,0],[19,264]]
[[0,0],[2,0],[112,132]]
[[0,0],[1,0],[45,264]]
[[0,0],[1,0],[41,264]]
[[0,0],[1,0],[130,264]]
[[0,0],[2,0],[123,132]]
[[0,0],[1,0],[254,264]]
[[0,0],[1,0],[167,264]]
[[0,0],[1,0],[175,264]]
[[0,0],[2,0],[68,132]]
[[0,0],[1,0],[178,264]]
[[0,0],[2,0],[50,132]]
[[0,0],[1,0],[263,264]]
[[0,0],[1,0],[17,264]]
[[0,0],[1,0],[214,264]]
[[0,0],[1,0],[47,264]]
[[0,0],[1,0],[105,264]]
[[0,0],[1,0],[261,264]]
[[0,0],[1,0],[106,264]]
[[0,0],[1,0],[121,264]]
[[0,0],[2,0],[14,132]]
[[0,0],[1,0],[253,264]]
[[0,0],[1,0],[177,264]]
[[0,0],[1,0],[67,264]]
[[0,0],[1,0],[35,264]]
[[0,0],[2,0],[34,132]]
[[0,0],[1,0],[201,264]]
[[0,0],[4,0],[48,66]]
[[0,0],[1,0],[145,264]]
[[0,0],[1,0],[238,264]]
[[0,0],[1,0],[155,264]]
[[0,0],[1,0],[237,264]]
[[0,0],[2,0],[24,132]]
[[0,0],[2,0],[116,132]]
[[0,0],[1,0],[1,264]]
[[0,0],[2,0],[2,132]]
[[0,0],[2,0],[58,132]]
[[0,0],[1,0],[142,264]]
[[0,0],[2,0],[94,132]]
[[0,0],[2,0],[104,132]]
[[0,0],[2,0],[20,132]]
[[0,0],[1,0],[93,264]]
[[0,0],[1,0],[137,264]]
[[0,0],[1,0],[95,264]]
[[0,0],[1,0],[210,264]]
[[0,0],[1,0],[58,264]]
[[0,0],[1,0],[109,264]]
[[0,0],[1,0],[226,264]]
[[0,0],[1,0],[31,264]]
[[0,0],[1,0],[10,264]]
[[0,0],[1,0],[46,264]]
[[0,0],[1,0],[82,264]]
[[0,0],[2,0],[80,132]]
[[0,0],[1,0],[70,264]]
[[0,0],[1,0],[118,264]]
[[0,0],[1,0],[91,264]]
[[0,0],[1,0],[241,264]]
[[0,0],[1,0],[56,264]]
[[0,0],[1,0],[232,264]]
[[0,0],[1,0],[122,264]]
[[0,0],[1,0],[129,264]]
[[0,0],[1,0],[43,264]]
[[0,0],[1,0],[71,264]]
[[0,0],[1,0],[9,264]]
[[0,0],[2,0],[26,132]]
[[0,0],[1,0],[23,264]]
[[0,0],[1,0],[37,264]]
[[0,0],[3,0],[80,88]]
[[0,0],[1,0],[85,264]]
[[0,0],[1,0],[221,264]]
[[0,0],[1,0],[59,264]]
[[0,0],[2,0],[46,132]]
[[0,0],[1,0],[262,264]]
[[0,0],[1,0],[34,264]]
[[0,0],[2,0],[86,132]]
[[0,0],[1,0],[115,264]]
[[0,0],[1,0],[197,264]]
[[0,0],[2,0],[130,132]]
[[0,0],[1,0],[57,264]]
[[0,0],[1,0],[181,264]]
[[0,0],[1,0],[81,264]]
[[0,0],[1,0],[69,264]]
[[0,0],[1,0],[141,264]]
[[0,0],[2,0],[57,132]]
[[0,0],[1,0],[211,264]]
[[0,0],[1,0],[49,264]]
[[0,0],[1,0],[78,264]]
[[0,0],[2,0],[56,132]]
[[0,0],[1,0],[107,264]]
[[0,0],[2,0],[32,132]]
[[0,0],[1,0],[117,264]]
[[0,0],[1,0],[113,264]]
[[0,0],[1,0],[188,264]]
[[0,0],[1,0],[65,264]]
[[0,0],[2,0],[8,132]]
[[0,0],[1,0],[7,264]]
[[0,0],[1,0],[202,264]]
[[0,0],[1,0],[89,264]]
[[0,0],[1,0],[100,264]]
[[0,0],[2,0],[128,132]]
[[0,0],[1,0],[250,264]]
[[0,0],[1,0],[243,264]]
[[0,0],[1,0],[249,264]]
[[0,0],[3,0],[36,88]]
[[0,0],[1,0],[79,264]]
[[0,0],[1,0],[94,264]]
[[0,0],[1,0],[73,264]]
[[0,0],[1,0],[213,264]]
[[0,0],[1,0],[21,264]]
[[0,0],[2,0],[62,132]]
[[0,0],[1,0],[166,264]]
[[0,0],[1,0],[203,264]]
[[0,0],[1,0],[125,264]]
[[0,0],[1,0],[101,264]]
[[0,0],[1,0],[153,264]]
