[[0,0],[1,0],[3,265]]
[[0,0],[1,0],[16,265]]
[[0,0],[1,0],[14,265]]
[[0,0],[1,0],[42,265]]
[[0,0],[1,0],[48,265]]
[[0,0],[1,0],[37,265]]
[[0,0],[1,0],[46,265]]
[[0,0],[1,0],[1,265]]
[[0,0],[1,0],[73,265]]
[[0,0],[1,0],[211,265]]
[[0,0],[1,0],[13,265]]
[[0,0],[1,0],[11,265]]
[[0,0],[1,0],[47,265]]
[[0,0],[1,0],[28,265]]
[[0,0],[1,0],[131,265]]
[[0,0],[1,0],[56,265]]
[[0,0],[1,0],[54,265]]
[[0,0],[1,0],[6,265]]
[[0,0],[1,0],[2,265]]
[[0,0],[1,0],[246,265]]
[[0,0],[1,0],[21,265]]
[[0,0],[1,0],[4,265]]
[[0,0],[1,0],[141,265]]
[[0,0],[1,0],[160,265]]
[[0,0],[1,0],[8,265]]
[[0,0],[1,0],[68,265]]
[[0,0],[1,0],[18,265]]
[[0,0],[1,0],[17,265]]
[[0,0],[1,0],[161,265]]
[[0,0],[1,0],[146,265]]
[[0,0],[1,0],[206,265]]
[[0,0],[1,0],[36,265]]
[[0,0],[1,0],[49,265]]
[[0,0],[1,0],[57,265]]
[[0,0],[1,0],[86,265]]
[[0,0],[1,0],[27,265]]
[[0,0],[1,0],[76,265]]
[[0,0],[1,0],[26,265]]
[[0,0],[1,0],[31,265]]
[[0,0],[1,0],[77,265]]
[[0,0],[1,0],[96,265]]
[[0,0],[1,0],[107,265]]
[[0,0],[1,0],[7,265]]
[[0,0],[1,0],[226,265]]
[[0,0],[1,0],[32,265]]
[[0,0],[1,0],[29,265]]
[[0,0],[1,0],[41,265]]
[[0,0],[1,0],[201,265]]
[[0,0],[1,0],[12,265]]
[[0,0],[1,0],[66,265]]
[[0,0],[1,0],[9,265]]
[[0,0],[1,0],[74,265]]
[[0,0],[1,0],[91,265]]
[[0,0],[1,0],[111,265]]
[[0,0],[1,0],[69,265]]
[[0,0],[1,0],[61,265]]
