[[0,0],[1,0],[143,266]]
[[0,0],[1,0],[3,266]]
[[0,0],[1,0],[37,266]]
[[0,0],[1,0],[73,266]]
[[0,0],[1,0],[1,266]]
[[0,0],[1,0],[185,266]]
[[0,0],[1,0],[153,266]]
[[0,0],[1,0],[145,266]]
[[0,0],[1,0],[13,266]]
[[0,0],[1,0],[11,266]]
[[0,0],[1,0],[204,266]]
[[0,0],[1,0],[64,266]]
[[0,0],[1,0],[120,266]]
[[0,0],[1,0],[134,266]]
[[0,0],[1,0],[127,266]]
[[0,0],[1,0],[59,266]]
[[0,0],[1,0],[131,266]]
[[0,0],[1,0],[55,266]]
[[0,0],[1,0],[218,266]]
[[0,0],[2,0],[21,133]]
[[0,0],[1,0],[5,266]]
[[0,0],[1,0],[246,266]]
[[0,0],[1,0],[75,266]]
[[0,0],[1,0],[78,266]]
[[0,0],[1,0],[106,266]]
[[0,0],[1,0],[39,266]]
[[0,0],[1,0],[25,266]]
[[0,0],[1,0],[141,266]]
[[0,0],[1,0],[67,266]]
[[0,0],[1,0],[8,266]]
[[0,0],[1,0],[219,266]]
[[0,0],[1,0],[163,266]]
[[0,0],[1,0],[93,266]]
[[0,0],[1,0],[17,266]]
[[0,0],[1,0],[177,266]]
[[0,0],[1,0],[248,266]]
[[0,0],[1,0],[33,266]]
[[0,0],[1,0],[113,266]]
[[0,0],[1,0],[117,266]]
[[0,0],[1,0],[36,266]]
[[0,0],[1,0],[101,266]]
[[0,0],[1,0],[232,266]]
[[0,0],[1,0],[45,266]]
[[0,0],[1,0],[172,266]]
[[0,0],[1,0],[20,266]]
[[0,0],[1,0],[260,266]]
[[0,0],[1,0],[22,266]]
[[0,0],[1,0],[92,266]]
[[0,0],[1,0],[85,266]]
[[0,0],[1,0],[162,266]]
[[0,0],[1,0],[58,266]]
[[0,0],[1,0],[97,266]]
[[0,0],[1,0],[27,266]]
[[0,0],[1,0],[115,266]]
[[0,0],[1,0],[50,266]]
[[0,0],[1,0],[77,266]]
[[0,0],[1,0],[31,266]]
[[0,0],[1,0],[197,266]]
[[0,0],[1,0],[96,266]]
[[0,0],[1,0],[167,266]]
[[0,0],[1,0],[107,266]]
[[0,0],[1,0],[87,266]]
[[0,0],[1,0],[29,266]]
[[0,0],[1,0],[195,266]]
[[0,0],[1,0],[265,266]]
[[0,0],[1,0],[225,266]]
[[0,0],[1,0],[51,266]]
[[0,0],[1,0],[109,266]]
[[0,0],[1,0],[9,266]]
[[0,0],[1,0],[53,266]]
[[0,0],[1,0],[43,266]]
[[0,0],[1,0],[83,266]]
[[0,0],[1,0],[137,266]]
[[0,0],[1,0],[210,266]]
[[0,0],[1,0],[79,266]]
[[0,0],[1,0],[111,266]]
[[0,0],[1,0],[65,266]]
[[0,0],[1,0],[61,266]]
[[0,0],[1,0],[15,266]]
[[0,0],[1,0],[23,266]]
[[0,0],[1,0],[176,266]]
[[0,0],[1,0],[148,266]]
