[[0,0],[1,0],[148,267]]
[[0,0],[1,0],[16,267]]
[[0,0],[1,0],[179,267]]
[[0,0],[1,0],[14,267]]
[[0,0],[1,0],[37,267]]
[[0,0],[1,0],[1,267]]
[[0,0],[1,0],[73,267]]
[[0,0],[1,0],[46,267]]
[[0,0],[1,0],[145,267]]
[[0,0],[1,0],[13,267]]
[[0,0],[1,0],[35,267]]
[[0,0],[1,0],[82,267]]
[[0,0],[1,0],[11,267]]
[[0,0],[1,0],[88,267]]
[[0,0],[1,0],[64,267]]
[[0,0],[1,0],[28,267]]
[[0,0],[1,0],[44,267]]
[[0,0],[1,0],[90,267]]
[[0,0],[1,0],[5,267]]
[[0,0],[1,0],[184,267]]
[[0,0],[1,0],[133,267]]
[[0,0],[1,0],[2,267]]
[[0,0],[1,0],[106,267]]
[[0,0],[1,0],[25,267]]
[[0,0],[1,0],[94,267]]
[[0,0],[1,0],[4,267]]
[[0,0],[1,0],[100,267]]
[[0,0],[1,0],[160,267]]
[[0,0],[1,0],[8,267]]
[[0,0],[1,0],[163,267]]
[[0,0],[1,0],[17,267]]
[[0,0],[1,0],[19,267]]
[[0,0],[1,0],[49,267]]
[[0,0],[1,0],[52,267]]
[[0,0],[1,0],[205,267]]
[[0,0],[1,0],[22,267]]
[[0,0],[1,0],[58,267]]
[[0,0],[1,0],[142,267]]
[[0,0],[1,0],[76,267]]
[[0,0],[1,0],[97,267]]
[[0,0],[1,0],[115,267]]
[[0,0],[1,0],[26,267]]
[[0,0],[1,0],[70,267]]
[[0,0],[1,0],[31,267]]
[[0,0],[1,0],[40,267]]
[[0,0],[1,0],[7,267]]
[[0,0],[1,0],[34,267]]
[[0,0],[1,0],[29,267]]
[[0,0],[1,0],[157,267]]
[[0,0],[1,0],[181,267]]
[[0,0],[1,0],[53,267]]
[[0,0],[1,0],[71,267]]
[[0,0],[1,0],[43,267]]
[[0,0],[1,0],[74,267]]
[[0,0],[1,0],[136,267]]
[[0,0],[1,0],[91,267]]
[[0,0],[1,0],[79,267]]
[[0,0],[1,0],[65,267]]
[[0,0],[1,0],[61,267]]
[[0,0],[1,0],[10,267]]
[[0,0],[1,0],[23,267]]
[[0,0],[1,0],[154,267]]
