[[0,0],[1,0],[61,268]]
[[0,0],[2,0],[8,134]]
[[0,0],[1,0],[73,268]]
[[0,0],[1,0],[1,268]]
[[0,0],[1,0],[153,268]]
[[0,0],[1,0],[202,268]]
[[0,0],[1,0],[11,268]]
[[0,0],[1,0],[135,268]]
[[0,0],[1,0],[59,268]]
[[0,0],[1,0],[131,268]]
[[0,0],[1,0],[13,268]]
[[0,0],[1,0],[89,268]]
[[0,0],[1,0],[47,268]]
[[0,0],[1,0],[99,268]]
[[0,0],[2,0],[60,134]]
[[0,0],[1,0],[75,268]]
[[0,0],[1,0],[121,268]]
[[0,0],[1,0],[267,268]]
[[0,0],[1,0],[5,268]]
[[0,0],[1,0],[103,268]]
[[0,0],[1,0],[123,268]]
[[0,0],[1,0],[25,268]]
[[0,0],[1,0],[133,268]]
[[0,0],[1,0],[39,268]]
[[0,0],[1,0],[203,268]]
[[0,0],[1,0],[175,268]]
[[0,0],[1,0],[163,268]]
[[0,0],[1,0],[21,268]]
[[0,0],[1,0],[141,268]]
[[0,0],[2,0],[10,134]]
[[0,0],[1,0],[17,268]]
[[0,0],[1,0],[81,268]]
[[0,0],[1,0],[68,268]]
[[0,0],[1,0],[33,268]]
[[0,0],[1,0],[231,268]]
[[0,0],[1,0],[173,268]]
[[0,0],[1,0],[19,268]]
[[0,0],[1,0],[113,268]]
[[0,0],[1,0],[49,268]]
[[0,0],[1,0],[183,268]]
[[0,0],[1,0],[117,268]]
[[0,0],[1,0],[57,268]]
[[0,0],[1,0],[45,268]]
[[0,0],[1,0],[125,268]]
[[0,0],[1,0],[27,268]]
[[0,0],[1,0],[97,268]]
[[0,0],[2,0],[6,134]]
[[0,0],[1,0],[63,268]]
[[0,0],[1,0],[107,268]]
[[0,0],[1,0],[31,268]]
[[0,0],[1,0],[213,268]]
[[0,0],[1,0],[233,268]]
[[0,0],[1,0],[77,268]]
[[0,0],[1,0],[167,268]]
[[0,0],[2,0],[4,134]]
[[0,0],[2,0],[20,134]]
[[0,0],[1,0],[7,268]]
[[0,0],[1,0],[41,268]]
[[0,0],[1,0],[87,268]]
[[0,0],[2,0],[14,134]]
[[0,0],[1,0],[51,268]]
[[0,0],[2,0],[16,134]]
[[0,0],[2,0],[2,134]]
[[0,0],[1,0],[119,268]]
[[0,0],[1,0],[29,268]]
[[0,0],[1,0],[43,268]]
[[0,0],[1,0],[9,268]]
[[0,0],[2,0],[18,134]]
[[0,0],[2,0],[26,134]]
[[0,0],[1,0],[157,268]]
[[0,0],[1,0],[91,268]]
[[0,0],[1,0],[83,268]]
[[0,0],[1,0],[71,268]]
[[0,0],[1,0],[109,268]]
[[0,0],[1,0],[53,268]]
[[0,0],[2,0],[28,134]]
[[0,0],[1,0],[79,268]]
[[0,0],[1,0],[15,268]]
[[0,0],[1,0],[3,268]]
[[0,0],[1,0],[129,268]]
[[0,0],[1,0],[23,268]]
[[0,0],[1,0],[69,268]]
[[0,0],[2,0],[12,134]]
