[[0,0],[1,0],[61,269]]
[[0,0],[1,0],[1,269]]
[[0,0],[1,0],[35,269]]
[[0,0],[1,0],[11,269]]
[[0,0],[1,0],[37,269]]
[[0,0],[1,0],[38,269]]
[[0,0],[1,0],[82,269]]
[[0,0],[1,0],[13,269]]
[[0,0],[1,0],[89,269]]
[[0,0],[1,0],[47,269]]
[[0,0],[1,0],[99,269]]
[[0,0],[1,0],[6,269]]
[[0,0],[1,0],[5,269]]
[[0,0],[1,0],[2,269]]
[[0,0],[1,0],[25,269]]
[[0,0],[1,0],[39,269]]
[[0,0],[1,0],[60,269]]
[[0,0],[1,0],[8,269]]
[[0,0],[1,0],[21,269]]
[[0,0],[1,0],[4,269]]
[[0,0],[1,0],[17,269]]
[[0,0],[1,0],[33,269]]
[[0,0],[1,0],[22,269]]
[[0,0],[1,0],[36,269]]
[[0,0],[1,0],[52,269]]
[[0,0],[1,0],[20,269]]
[[0,0],[1,0],[26,269]]
[[0,0],[1,0],[40,269]]
[[0,0],[1,0],[7,269]]
[[0,0],[1,0],[34,269]]
[[0,0],[1,0],[41,269]]
[[0,0],[1,0],[51,269]]
[[0,0],[1,0],[9,269]]
[[0,0],[1,0],[29,269]]
[[0,0],[1,0],[12,269]]
[[0,0],[1,0],[71,269]]
[[0,0],[1,0],[109,269]]
[[0,0],[1,0],[53,269]]
[[0,0],[1,0],[79,269]]
[[0,0],[1,0],[15,269]]
[[0,0],[1,0],[10,269]]
[[0,0],[1,0],[3,269]]
[[0,0],[1,0],[23,269]]
[[0,0],[1,0],[24,269]]
[[0,0],[1,0],[14,269]]
[[0,0],[1,0],[16,269]]
