[[0,0],[1,0],[29,270]]
[[0,0],[1,0],[25,270]]
[[0,0],[1,0],[256,270]]
[[0,0],[1,0],[11,270]]
[[0,0],[1,0],[190,270]]
[[0,0],[3,0],[3,90]]
[[0,0],[1,0],[111,270]]
[[0,0],[1,0],[13,270]]
[[0,0],[1,0],[83,270]]
[[0,0],[3,0],[66,90]]
[[0,0],[1,0],[77,270]]
[[0,0],[1,0],[41,270]]
[[0,0],[1,0],[19,270]]
[[0,0],[1,0],[265,270]]
[[0,0],[1,0],[64,270]]
[[0,0],[1,0],[209,270]]
[[0,0],[1,0],[51,270]]
[[0,0],[1,0],[17,270]]
[[0,0],[1,0],[184,270]]
[[0,0],[1,0],[121,270]]
[[0,0],[1,0],[176,270]]
[[0,0],[1,0],[151,270]]
[[0,0],[1,0],[214,270]]
[[0,0],[1,0],[167,270]]
[[0,0],[1,0],[175,270]]
[[0,0],[1,0],[178,270]]
[[0,0],[1,0],[261,270]]
[[0,0],[1,0],[112,270]]
[[0,0],[1,0],[266,270]]
[[0,0],[1,0],[171,270]]
[[0,0],[1,0],[106,270]]
[[0,0],[1,0],[67,270]]
[[0,0],[1,0],[201,270]]
[[0,0],[1,0],[231,270]]
[[0,0],[1,0],[206,270]]
[[0,0],[1,0],[268,270]]
[[0,0],[1,0],[145,270]]
[[0,0],[1,0],[163,270]]
[[0,0],[1,0],[238,270]]
[[0,0],[1,0],[1,270]]
[[0,0],[1,0],[269,270]]
[[0,0],[1,0],[4,270]]
[[0,0],[6,0],[36,45]]
[[0,0],[1,0],[142,270]]
[[0,0],[3,0],[84,90]]
[[0,0],[3,0],[33,90]]
[[0,0],[1,0],[137,270]]
[[0,0],[1,0],[55,270]]
[[0,0],[1,0],[116,270]]
[[0,0],[2,0],[20,135]]
[[0,0],[1,0],[124,270]]
[[0,0],[1,0],[109,270]]
[[0,0],[1,0],[46,270]]
[[0,0],[1,0],[58,270]]
[[0,0],[1,0],[226,270]]
[[0,0],[1,0],[97,270]]
[[0,0],[1,0],[31,270]]
[[0,0],[1,0],[82,270]]
[[0,0],[1,0],[139,270]]
[[0,0],[1,0],[196,270]]
[[0,0],[1,0],[208,270]]
[[0,0],[2,0],[132,135]]
[[0,0],[1,0],[56,270]]
[[0,0],[1,0],[232,270]]
[[0,0],[1,0],[91,270]]
[[0,0],[1,0],[118,270]]
[[0,0],[1,0],[161,270]]
[[0,0],[2,0],[65,135]]
[[0,0],[1,0],[205,270]]
[[0,0],[1,0],[43,270]]
[[0,0],[1,0],[127,270]]
[[0,0],[1,0],[53,270]]
[[0,0],[1,0],[71,270]]
[[0,0],[1,0],[59,270]]
[[0,0],[1,0],[262,270]]
[[0,0],[1,0],[37,270]]
[[0,0],[1,0],[85,270]]
[[0,0],[1,0],[88,270]]
[[0,0],[1,0],[235,270]]
[[0,0],[1,0],[23,270]]
[[0,0],[3,0],[48,90]]
[[0,0],[1,0],[22,270]]
[[0,0],[3,0],[51,90]]
[[0,0],[1,0],[34,270]]
[[0,0],[2,0],[87,135]]
[[0,0],[1,0],[115,270]]
[[0,0],[1,0],[76,270]]
[[0,0],[2,0],[110,135]]
[[0,0],[1,0],[49,270]]
[[0,0],[1,0],[197,270]]
[[0,0],[3,0],[57,90]]
[[0,0],[1,0],[244,270]]
[[0,0],[2,0],[102,135]]
[[0,0],[3,0],[75,90]]
[[0,0],[1,0],[141,270]]
[[0,0],[1,0],[113,270]]
[[0,0],[2,0],[57,135]]
[[0,0],[1,0],[86,270]]
[[0,0],[1,0],[28,270]]
[[0,0],[1,0],[26,270]]
[[0,0],[1,0],[172,270]]
[[0,0],[2,0],[12,135]]
[[0,0],[3,0],[21,90]]
[[0,0],[1,0],[89,270]]
[[0,0],[3,0],[63,90]]
[[0,0],[1,0],[7,270]]
[[0,0],[1,0],[16,270]]
[[0,0],[1,0],[202,270]]
[[0,0],[1,0],[154,270]]
[[0,0],[1,0],[146,270]]
[[0,0],[3,0],[87,90]]
[[0,0],[1,0],[94,270]]
[[0,0],[3,0],[78,90]]
[[0,0],[1,0],[223,270]]
[[0,0],[1,0],[79,270]]
[[0,0],[2,0],[42,135]]
[[0,0],[3,0],[12,90]]
[[0,0],[1,0],[166,270]]
[[0,0],[1,0],[21,270]]
[[0,0],[1,0],[148,270]]
[[0,0],[1,0],[52,270]]
[[0,0],[1,0],[136,270]]
[[0,0],[1,0],[236,270]]
[[0,0],[1,0],[101,270]]
