[[0,0],[1,0],[29,278]]
[[0,0],[1,0],[247,278]]
[[0,0],[1,0],[277,278]]
[[0,0],[1,0],[121,278]]
[[0,0],[1,0],[5,278]]
[[0,0],[1,0],[23,278]]
[[0,0],[1,0],[75,278]]
[[0,0],[1,0],[13,278]]
[[0,0],[1,0],[25,278]]
[[0,0],[1,0],[73,278]]
[[0,0],[1,0],[207,278]]
[[0,0],[1,0],[47,278]]
[[0,0],[1,0],[39,278]]
[[0,0],[1,0],[3,278]]
[[0,0],[1,0],[61,278]]
[[0,0],[1,0],[151,278]]
[[0,0],[1,0],[149,278]]
[[0,0],[1,0],[145,278]]
[[0,0],[1,0],[35,278]]
[[0,0],[1,0],[175,278]]
[[0,0],[1,0],[141,278]]
[[0,0],[1,0],[55,278]]
[[0,0],[1,0],[33,278]]
[[0,0],[1,0],[131,278]]
[[0,0],[1,0],[123,278]]
[[0,0],[1,0],[99,278]]
[[0,0],[1,0],[101,278]]
[[0,0],[1,0],[57,278]]
[[0,0],[1,0],[219,278]]
[[0,0],[1,0],[21,278]]
[[0,0],[1,0],[19,278]]
[[0,0],[1,0],[67,278]]
[[0,0],[1,0],[95,278]]
[[0,0],[1,0],[187,278]]
[[0,0],[1,0],[45,278]]
[[0,0],[1,0],[17,278]]
[[0,0],[1,0],[81,278]]
[[0,0],[1,0],[115,278]]
[[0,0],[1,0],[140,278]]
[[0,0],[1,0],[7,278]]
[[0,0],[1,0],[117,278]]
[[0,0],[1,0],[171,278]]
[[0,0],[1,0],[43,278]]
[[0,0],[1,0],[113,278]]
[[0,0],[1,0],[85,278]]
[[0,0],[1,0],[27,278]]
[[0,0],[1,0],[49,278]]
[[0,0],[1,0],[225,278]]
[[0,0],[1,0],[51,278]]
[[0,0],[1,0],[69,278]]
[[0,0],[1,0],[125,278]]
[[0,0],[1,0],[189,278]]
[[0,0],[1,0],[109,278]]
[[0,0],[1,0],[41,278]]
[[0,0],[1,0],[185,278]]
[[0,0],[1,0],[201,278]]
[[0,0],[1,0],[65,278]]
[[0,0],[1,0],[87,278]]
[[0,0],[1,0],[9,278]]
[[0,0],[1,0],[37,278]]
[[0,0],[1,0],[63,278]]
[[0,0],[1,0],[105,278]]
[[0,0],[1,0],[181,278]]
[[0,0],[1,0],[11,278]]
[[0,0],[1,0],[111,278]]
[[0,0],[1,0],[119,278]]
[[0,0],[1,0],[79,278]]
[[0,0],[1,0],[15,278]]
[[0,0],[1,0],[135,278]]
[[0,0],[1,0],[195,278]]
[[0,0],[1,0],[1,278]]
