[[0,0],[1,0],[111,280]]
[[0,0],[1,0],[25,280]]
[[0,0],[1,0],[11,280]]
[[0,0],[1,0],[73,280]]
[[0,0],[1,0],[225,280]]
[[0,0],[1,0],[21,280]]
[[0,0],[1,0],[13,280]]
[[0,0],[1,0],[99,280]]
[[0,0],[1,0],[61,280]]
[[0,0],[1,0],[19,280]]
[[0,0],[2,0],[44,140]]
[[0,0],[1,0],[218,280]]
[[0,0],[2,0],[138,140]]
[[0,0],[2,0],[92,140]]
[[0,0],[1,0],[29,280]]
[[0,0],[1,0],[167,280]]
[[0,0],[1,0],[15,280]]
[[0,0],[1,0],[279,280]]
[[0,0],[1,0],[87,280]]
[[0,0],[1,0],[47,280]]
[[0,0],[1,0],[106,280]]
[[0,0],[1,0],[131,280]]
[[0,0],[1,0],[36,280]]
[[0,0],[1,0],[176,280]]
[[0,0],[1,0],[92,280]]
[[0,0],[1,0],[231,280]]
[[0,0],[2,0],[30,140]]
[[0,0],[1,0],[276,280]]
[[0,0],[1,0],[41,280]]
[[0,0],[1,0],[265,280]]
[[0,0],[1,0],[179,280]]
[[0,0],[1,0],[206,280]]
[[0,0],[1,0],[209,280]]
[[0,0],[4,0],[60,70]]
[[0,0],[1,0],[6,280]]
[[0,0],[1,0],[162,280]]
[[0,0],[2,0],[16,140]]
[[0,0],[1,0],[151,280]]
[[0,0],[1,0],[217,280]]
[[0,0],[1,0],[17,280]]
[[0,0],[1,0],[134,280]]
[[0,0],[1,0],[1,280]]
[[0,0],[1,0],[169,280]]
[[0,0],[1,0],[116,280]]
[[0,0],[2,0],[135,140]]
[[0,0],[2,0],[34,140]]
[[0,0],[2,0],[58,140]]
[[0,0],[1,0],[177,280]]
[[0,0],[1,0],[67,280]]
[[0,0],[1,0],[109,280]]
[[0,0],[2,0],[22,140]]
[[0,0],[1,0],[201,280]]
[[0,0],[1,0],[46,280]]
[[0,0],[1,0],[204,280]]
[[0,0],[2,0],[6,140]]
[[0,0],[1,0],[145,280]]
[[0,0],[2,0],[2,140]]
[[0,0],[1,0],[273,280]]
[[0,0],[1,0],[155,280]]
[[0,0],[1,0],[139,280]]
[[0,0],[1,0],[97,280]]
[[0,0],[1,0],[185,280]]
[[0,0],[2,0],[65,140]]
[[0,0],[1,0],[161,280]]
[[0,0],[1,0],[43,280]]
[[0,0],[1,0],[93,280]]
[[0,0],[1,0],[137,280]]
[[0,0],[1,0],[274,280]]
[[0,0],[1,0],[71,280]]
[[0,0],[1,0],[226,280]]
[[0,0],[1,0],[247,280]]
[[0,0],[2,0],[132,140]]
[[0,0],[1,0],[31,280]]
[[0,0],[1,0],[246,280]]
[[0,0],[1,0],[66,280]]
[[0,0],[1,0],[37,280]]
[[0,0],[1,0],[229,280]]
[[0,0],[2,0],[26,140]]
[[0,0],[2,0],[74,140]]
[[0,0],[2,0],[82,140]]
[[0,0],[1,0],[91,280]]
[[0,0],[1,0],[127,280]]
[[0,0],[1,0],[76,280]]
[[0,0],[1,0],[197,280]]
[[0,0],[1,0],[57,280]]
[[0,0],[1,0],[227,280]]
[[0,0],[1,0],[69,280]]
[[0,0],[1,0],[27,280]]
[[0,0],[1,0],[141,280]]
[[0,0],[2,0],[86,140]]
[[0,0],[1,0],[9,280]]
[[0,0],[2,0],[46,140]]
[[0,0],[1,0],[78,280]]
[[0,0],[1,0],[211,280]]
[[0,0],[1,0],[107,280]]
[[0,0],[1,0],[23,280]]
[[0,0],[1,0],[85,280]]
[[0,0],[1,0],[221,280]]
[[0,0],[1,0],[65,280]]
[[0,0],[1,0],[239,280]]
[[0,0],[2,0],[12,140]]
[[0,0],[1,0],[146,280]]
[[0,0],[1,0],[22,280]]
[[0,0],[1,0],[251,280]]
[[0,0],[2,0],[72,140]]
[[0,0],[1,0],[89,280]]
[[0,0],[1,0],[159,280]]
[[0,0],[1,0],[181,280]]
[[0,0],[2,0],[32,140]]
[[0,0],[1,0],[81,280]]
[[0,0],[2,0],[52,140]]
[[0,0],[1,0],[186,280]]
[[0,0],[1,0],[39,280]]
[[0,0],[1,0],[3,280]]
[[0,0],[1,0],[49,280]]
[[0,0],[5,0],[21,56]]
[[0,0],[1,0],[26,280]]
[[0,0],[2,0],[38,140]]
[[0,0],[1,0],[117,280]]
[[0,0],[1,0],[148,280]]
[[0,0],[1,0],[166,280]]
[[0,0],[4,0],[25,70]]
[[0,0],[1,0],[86,280]]
[[0,0],[1,0],[236,280]]
[[0,0],[1,0],[157,280]]
[[0,0],[2,0],[42,140]]
[[0,0],[2,0],[128,140]]
[[0,0],[2,0],[18,140]]
[[0,0],[2,0],[62,140]]
[[0,0],[1,0],[156,280]]
