[[0,0],[1,0],[91,281]]
[[0,0],[1,0],[44,281]]
[[0,0],[1,0],[23,281]]
[[0,0],[1,0],[61,281]]
[[0,0],[1,0],[5,281]]
[[0,0],[1,0],[6,281]]
[[0,0],[1,0],[3,281]]
[[0,0],[1,0],[24,281]]
[[0,0],[1,0],[73,281]]
[[0,0],[1,0],[25,281]]
[[0,0],[1,0],[8,281]]
[[0,0],[1,0],[18,281]]
[[0,0],[1,0],[59,281]]
[[0,0],[1,0],[19,281]]
[[0,0],[1,0],[2,281]]
[[0,0],[1,0],[62,281]]
[[0,0],[1,0],[60,281]]
[[0,0],[1,0],[67,281]]
[[0,0],[1,0],[4,281]]
[[0,0],[1,0],[93,281]]
[[0,0],[1,0],[17,281]]
[[0,0],[1,0],[50,281]]
[[0,0],[1,0],[81,281]]
[[0,0],[1,0],[30,281]]
[[0,0],[1,0],[7,281]]
[[0,0],[1,0],[22,281]]
[[0,0],[1,0],[12,281]]
[[0,0],[1,0],[58,281]]
[[0,0],[1,0],[92,281]]
[[0,0],[1,0],[43,281]]
[[0,0],[1,0],[85,281]]
[[0,0],[1,0],[72,281]]
[[0,0],[1,0],[27,281]]
[[0,0],[1,0],[26,281]]
[[0,0],[1,0],[31,281]]
[[0,0],[1,0],[15,281]]
[[0,0],[1,0],[10,281]]
[[0,0],[1,0],[65,281]]
[[0,0],[1,0],[16,281]]
[[0,0],[1,0],[32,281]]
[[0,0],[1,0],[14,281]]
[[0,0],[1,0],[42,281]]
[[0,0],[1,0],[37,281]]
[[0,0],[1,0],[1,281]]
[[0,0],[1,0],[66,281]]
[[0,0],[1,0],[13,281]]
[[0,0],[1,0],[9,281]]
[[0,0],[1,0],[11,281]]
