[[0,0],[1,0],[73,284]]
[[0,0],[1,0],[99,284]]
[[0,0],[1,0],[83,284]]
[[0,0],[1,0],[133,284]]
[[0,0],[1,0],[13,284]]
[[0,0],[1,0],[143,284]]
[[0,0],[1,0],[21,284]]
[[0,0],[1,0],[77,284]]
[[0,0],[1,0],[5,284]]
[[0,0],[1,0],[119,284]]
[[0,0],[2,0],[44,142]]
[[0,0],[1,0],[61,284]]
[[0,0],[1,0],[45,284]]
[[0,0],[1,0],[29,284]]
[[0,0],[1,0],[189,284]]
[[0,0],[1,0],[63,284]]
[[0,0],[1,0],[131,284]]
[[0,0],[1,0],[121,284]]
[[0,0],[1,0],[15,284]]
[[0,0],[1,0],[167,284]]
[[0,0],[1,0],[233,284]]
[[0,0],[1,0],[87,284]]
[[0,0],[1,0],[47,284]]
[[0,0],[1,0],[171,284]]
[[0,0],[1,0],[72,284]]
[[0,0],[1,0],[41,284]]
[[0,0],[1,0],[265,284]]
[[0,0],[2,0],[16,142]]
[[0,0],[1,0],[33,284]]
[[0,0],[1,0],[17,284]]
[[0,0],[1,0],[214,284]]
[[0,0],[1,0],[1,284]]
[[0,0],[2,0],[14,142]]
[[0,0],[1,0],[105,284]]
[[0,0],[2,0],[34,142]]
[[0,0],[1,0],[67,284]]
[[0,0],[1,0],[35,284]]
[[0,0],[1,0],[135,284]]
[[0,0],[1,0],[109,284]]
[[0,0],[1,0],[145,284]]
[[0,0],[2,0],[6,142]]
[[0,0],[2,0],[2,142]]
[[0,0],[1,0],[173,284]]
[[0,0],[1,0],[75,284]]
[[0,0],[1,0],[129,284]]
[[0,0],[1,0],[43,284]]
[[0,0],[1,0],[283,284]]
[[0,0],[1,0],[93,284]]
[[0,0],[1,0],[183,284]]
[[0,0],[1,0],[31,284]]
[[0,0],[1,0],[235,284]]
[[0,0],[2,0],[4,142]]
[[0,0],[1,0],[37,284]]
[[0,0],[1,0],[229,284]]
[[0,0],[1,0],[91,284]]
[[0,0],[1,0],[115,284]]
[[0,0],[1,0],[227,284]]
[[0,0],[1,0],[27,284]]
[[0,0],[1,0],[9,284]]
[[0,0],[1,0],[53,284]]
[[0,0],[1,0],[107,284]]
[[0,0],[2,0],[46,142]]
[[0,0],[1,0],[69,284]]
[[0,0],[1,0],[141,284]]
[[0,0],[1,0],[59,284]]
[[0,0],[1,0],[65,284]]
[[0,0],[1,0],[187,284]]
[[0,0],[1,0],[23,284]]
[[0,0],[1,0],[85,284]]
[[0,0],[1,0],[7,284]]
[[0,0],[2,0],[12,142]]
[[0,0],[1,0],[89,284]]
[[0,0],[2,0],[8,142]]
[[0,0],[1,0],[81,284]]
[[0,0],[1,0],[3,284]]
[[0,0],[2,0],[32,142]]
[[0,0],[1,0],[159,284]]
[[0,0],[1,0],[181,284]]
[[0,0],[1,0],[79,284]]
[[0,0],[1,0],[39,284]]
[[0,0],[2,0],[42,142]]
[[0,0],[1,0],[157,284]]
[[0,0],[1,0],[123,284]]
[[0,0],[1,0],[147,284]]
[[0,0],[2,0],[10,142]]
[[0,0],[1,0],[25,284]]
[[0,0],[1,0],[11,284]]
