[[0,0],[1,0],[66,285]]
[[0,0],[1,0],[13,285]]
[[0,0],[1,0],[44,285]]
[[0,0],[1,0],[6,285]]
[[0,0],[1,0],[186,285]]
[[0,0],[1,0],[267,285]]
[[0,0],[1,0],[61,285]]
[[0,0],[1,0],[126,285]]
[[0,0],[1,0],[103,285]]
[[0,0],[1,0],[73,285]]
[[0,0],[1,0],[106,285]]
[[0,0],[1,0],[39,285]]
[[0,0],[1,0],[8,285]]
[[0,0],[1,0],[151,285]]
[[0,0],[1,0],[88,285]]
[[0,0],[1,0],[141,285]]
[[0,0],[1,0],[118,285]]
[[0,0],[1,0],[131,285]]
[[0,0],[1,0],[124,285]]
[[0,0],[1,0],[56,285]]
[[0,0],[1,0],[231,285]]
[[0,0],[1,0],[28,285]]
[[0,0],[1,0],[127,285]]
[[0,0],[1,0],[139,285]]
[[0,0],[1,0],[276,285]]
[[0,0],[1,0],[246,285]]
[[0,0],[1,0],[178,285]]
[[0,0],[1,0],[94,285]]
[[0,0],[1,0],[67,285]]
[[0,0],[1,0],[2,285]]
[[0,0],[1,0],[259,285]]
[[0,0],[1,0],[101,285]]
[[0,0],[1,0],[142,285]]
[[0,0],[1,0],[52,285]]
[[0,0],[1,0],[21,285]]
[[0,0],[1,0],[20,285]]
[[0,0],[1,0],[4,285]]
[[0,0],[1,0],[97,285]]
[[0,0],[1,0],[17,285]]
[[0,0],[1,0],[115,285]]
[[0,0],[1,0],[81,285]]
[[0,0],[1,0],[187,285]]
[[0,0],[1,0],[223,285]]
[[0,0],[1,0],[169,285]]
[[0,0],[1,0],[77,285]]
[[0,0],[1,0],[7,285]]
[[0,0],[1,0],[49,285]]
[[0,0],[1,0],[51,285]]
[[0,0],[1,0],[43,285]]
[[0,0],[1,0],[36,285]]
[[0,0],[1,0],[261,285]]
[[0,0],[3,0],[60,95]]
[[0,0],[1,0],[86,285]]
[[0,0],[1,0],[71,285]]
[[0,0],[1,0],[58,285]]
[[0,0],[1,0],[136,285]]
[[0,0],[1,0],[92,285]]
[[0,0],[1,0],[74,285]]
[[0,0],[1,0],[191,285]]
[[0,0],[1,0],[210,285]]
[[0,0],[1,0],[79,285]]
[[0,0],[1,0],[96,285]]
[[0,0],[1,0],[111,285]]
[[0,0],[1,0],[31,285]]
[[0,0],[1,0],[216,285]]
[[0,0],[1,0],[176,285]]
[[0,0],[1,0],[16,285]]
[[0,0],[1,0],[32,285]]
[[0,0],[1,0],[14,285]]
[[0,0],[1,0],[229,285]]
[[0,0],[1,0],[221,285]]
[[0,0],[1,0],[41,285]]
[[0,0],[1,0],[226,285]]
[[0,0],[1,0],[1,285]]
[[0,0],[1,0],[34,285]]
[[0,0],[1,0],[201,285]]
[[0,0],[1,0],[153,285]]
[[0,0],[1,0],[156,285]]
[[0,0],[1,0],[11,285]]
[[0,0],[1,0],[29,285]]
[[0,0],[1,0],[37,285]]
[[0,0],[1,0],[181,285]]
[[0,0],[1,0],[134,285]]
[[0,0],[1,0],[91,285]]
