[[0,0],[1,0],[170,286]]
[[0,0],[1,0],[47,286]]
[[0,0],[1,0],[3,286]]
[[0,0],[1,0],[61,286]]
[[0,0],[1,0],[222,286]]
[[0,0],[1,0],[23,286]]
[[0,0],[1,0],[75,286]]
[[0,0],[1,0],[5,286]]
[[0,0],[1,0],[73,286]]
[[0,0],[1,0],[25,286]]
[[0,0],[1,0],[133,286]]
[[0,0],[1,0],[145,286]]
[[0,0],[2,0],[132,143]]
[[0,0],[1,0],[35,286]]
[[0,0],[1,0],[175,286]]
[[0,0],[1,0],[151,286]]
[[0,0],[1,0],[118,286]]
[[0,0],[1,0],[149,286]]
[[0,0],[1,0],[59,286]]
[[0,0],[1,0],[56,286]]
[[0,0],[1,0],[131,286]]
[[0,0],[1,0],[173,286]]
[[0,0],[1,0],[127,286]]
[[0,0],[1,0],[276,286]]
[[0,0],[1,0],[196,286]]
[[0,0],[1,0],[19,286]]
[[0,0],[1,0],[285,286]]
[[0,0],[1,0],[232,286]]
[[0,0],[1,0],[245,286]]
[[0,0],[1,0],[254,286]]
[[0,0],[1,0],[67,286]]
[[0,0],[1,0],[123,286]]
[[0,0],[1,0],[95,286]]
[[0,0],[1,0],[57,286]]
[[0,0],[1,0],[155,286]]
[[0,0],[1,0],[21,286]]
[[0,0],[1,0],[45,286]]
[[0,0],[1,0],[100,286]]
[[0,0],[1,0],[17,286]]
[[0,0],[1,0],[97,286]]
[[0,0],[1,0],[177,286]]
[[0,0],[1,0],[248,286]]
[[0,0],[1,0],[274,286]]
[[0,0],[1,0],[81,286]]
[[0,0],[1,0],[93,286]]
[[0,0],[1,0],[40,286]]
[[0,0],[1,0],[107,286]]
[[0,0],[1,0],[197,286]]
[[0,0],[1,0],[144,286]]
[[0,0],[1,0],[49,286]]
[[0,0],[1,0],[122,286]]
[[0,0],[1,0],[188,286]]
[[0,0],[1,0],[7,286]]
[[0,0],[1,0],[51,286]]
[[0,0],[1,0],[183,286]]
[[0,0],[1,0],[171,286]]
[[0,0],[1,0],[43,286]]
[[0,0],[1,0],[12,286]]
[[0,0],[1,0],[125,286]]
[[0,0],[1,0],[92,286]]
[[0,0],[1,0],[83,286]]
[[0,0],[1,0],[85,286]]
[[0,0],[1,0],[27,286]]
[[0,0],[1,0],[71,286]]
[[0,0],[1,0],[63,286]]
[[0,0],[1,0],[147,286]]
[[0,0],[1,0],[69,286]]
[[0,0],[1,0],[210,286]]
[[0,0],[1,0],[79,286]]
[[0,0],[1,0],[233,286]]
[[0,0],[1,0],[15,286]]
[[0,0],[1,0],[31,286]]
[[0,0],[1,0],[14,286]]
[[0,0],[1,0],[221,286]]
[[0,0],[1,0],[1,286]]
[[0,0],[1,0],[209,286]]
[[0,0],[1,0],[185,286]]
[[0,0],[1,0],[34,286]]
[[0,0],[1,0],[87,286]]
[[0,0],[1,0],[9,286]]
[[0,0],[1,0],[29,286]]
[[0,0],[1,0],[37,286]]
[[0,0],[1,0],[157,286]]
[[0,0],[1,0],[181,286]]
[[0,0],[1,0],[119,286]]
[[0,0],[1,0],[166,286]]
