[[0,0],[1,0],[41,289]]
[[0,0],[1,0],[99,289]]
[[0,0],[1,0],[4,289]]
[[0,0],[17,0],[0,17]]
[[0,0],[1,0],[43,289]]
[[0,0],[1,0],[40,289]]
[[0,0],[1,0],[18,289]]
[[0,0],[1,0],[23,289]]
[[0,0],[1,0],[69,289]]
[[0,0],[1,0],[12,289]]
[[0,0],[1,0],[8,289]]
[[0,0],[1,0],[16,289]]
[[0,0],[1,0],[14,289]]
[[0,0],[1,0],[15,289]]
[[0,0],[1,0],[20,289]]
[[0,0],[1,0],[57,289]]
[[0,0],[1,0],[3,289]]
[[0,0],[1,0],[27,289]]
[[0,0],[1,0],[64,289]]
[[0,0],[1,0],[98,289]]
[[0,0],[1,0],[42,289]]
[[0,0],[1,0],[22,289]]
[[0,0],[1,0],[1,289]]
[[0,0],[1,0],[5,289]]
[[0,0],[1,0],[86,289]]
[[0,0],[1,0],[21,289]]
[[0,0],[1,0],[80,289]]
[[0,0],[1,0],[54,289]]
[[0,0],[1,0],[9,289]]
[[0,0],[1,0],[6,289]]
[[0,0],[1,0],[67,289]]
[[0,0],[1,0],[137,289]]
[[0,0],[1,0],[74,289]]
[[0,0],[1,0],[111,289]]
[[0,0],[1,0],[110,289]]
[[0,0],[1,0],[52,289]]
[[0,0],[1,0],[10,289]]
[[0,0],[1,0],[81,289]]
[[0,0],[1,0],[11,289]]
[[0,0],[1,0],[50,289]]
[[0,0],[1,0],[45,289]]
[[0,0],[1,0],[84,289]]
[[0,0],[1,0],[35,289]]
[[0,0],[1,0],[13,289]]
[[0,0],[1,0],[103,289]]
[[0,0],[1,0],[2,289]]
[[0,0],[1,0],[38,289]]
[[0,0],[1,0],[7,289]]
[[0,0],[1,0],[75,289]]
[[0,0],[1,0],[28,289]]
[[0,0],[1,0],[120,289]]
[[0,0],[1,0],[44,289]]
[[0,0],[1,0],[26,289]]
