[[0,0],[1,0],[41,291]]
[[0,0],[1,0],[94,291]]
[[0,0],[1,0],[26,291]]
[[0,0],[1,0],[4,291]]
[[0,0],[1,0],[70,291]]
[[0,0],[1,0],[115,291]]
[[0,0],[1,0],[160,291]]
[[0,0],[1,0],[31,291]]
[[0,0],[1,0],[40,291]]
[[0,0],[1,0],[184,291]]
[[0,0],[1,0],[68,291]]
[[0,0],[1,0],[43,291]]
[[0,0],[1,0],[195,291]]
[[0,0],[1,0],[23,291]]
[[0,0],[1,0],[109,291]]
[[0,0],[1,0],[235,291]]
[[0,0],[1,0],[8,291]]
[[0,0],[1,0],[16,291]]
[[0,0],[1,0],[116,291]]
[[0,0],[1,0],[253,291]]
[[0,0],[1,0],[14,291]]
[[0,0],[1,0],[20,291]]
[[0,0],[1,0],[61,291]]
[[0,0],[1,0],[154,291]]
[[0,0],[1,0],[193,291]]
[[0,0],[1,0],[64,291]]
[[0,0],[1,0],[19,291]]
[[0,0],[1,0],[49,291]]
[[0,0],[1,0],[217,291]]
[[0,0],[1,0],[98,291]]
[[0,0],[1,0],[205,291]]
[[0,0],[1,0],[1,291]]
[[0,0],[1,0],[145,291]]
[[0,0],[1,0],[22,291]]
[[0,0],[1,0],[5,291]]
[[0,0],[1,0],[58,291]]
[[0,0],[1,0],[32,291]]
[[0,0],[1,0],[133,291]]
[[0,0],[1,0],[62,291]]
[[0,0],[1,0],[25,291]]
[[0,0],[1,0],[100,291]]
[[0,0],[1,0],[106,291]]
[[0,0],[1,0],[67,291]]
[[0,0],[1,0],[187,291]]
[[0,0],[1,0],[148,291]]
[[0,0],[1,0],[238,291]]
[[0,0],[1,0],[136,291]]
[[0,0],[1,0],[17,291]]
[[0,0],[1,0],[37,291]]
[[0,0],[1,0],[130,291]]
[[0,0],[1,0],[10,291]]
[[0,0],[1,0],[220,291]]
[[0,0],[1,0],[85,291]]
[[0,0],[1,0],[82,291]]
[[0,0],[1,0],[11,291]]
[[0,0],[1,0],[142,291]]
[[0,0],[1,0],[50,291]]
[[0,0],[1,0],[55,291]]
[[0,0],[1,0],[13,291]]
[[0,0],[1,0],[35,291]]
[[0,0],[1,0],[121,291]]
[[0,0],[1,0],[28,291]]
[[0,0],[1,0],[103,291]]
[[0,0],[1,0],[2,291]]
[[0,0],[1,0],[7,291]]
[[0,0],[1,0],[34,291]]
[[0,0],[1,0],[44,291]]
[[0,0],[1,0],[76,291]]
