[[0,0],[1,0],[44,295]]
[[0,0],[1,0],[47,295]]
[[0,0],[1,0],[39,295]]
[[0,0],[1,0],[171,295]]
[[0,0],[1,0],[26,295]]
[[0,0],[1,0],[4,295]]
[[0,0],[1,0],[31,295]]
[[0,0],[1,0],[71,295]]
[[0,0],[1,0],[51,295]]
[[0,0],[1,0],[8,295]]
[[0,0],[1,0],[18,295]]
[[0,0],[1,0],[16,295]]
[[0,0],[1,0],[12,295]]
[[0,0],[1,0],[23,295]]
[[0,0],[1,0],[14,295]]
[[0,0],[1,0],[146,295]]
[[0,0],[1,0],[33,295]]
[[0,0],[1,0],[116,295]]
[[0,0],[1,0],[101,295]]
[[0,0],[1,0],[57,295]]
[[0,0],[1,0],[24,295]]
[[0,0],[1,0],[19,295]]
[[0,0],[1,0],[64,295]]
[[0,0],[1,0],[3,295]]
[[0,0],[1,0],[61,295]]
[[0,0],[1,0],[151,295]]
[[0,0],[1,0],[27,295]]
[[0,0],[1,0],[1,295]]
[[0,0],[1,0],[96,295]]
[[0,0],[1,0],[92,295]]
[[0,0],[1,0],[86,295]]
[[0,0],[1,0],[58,295]]
[[0,0],[1,0],[131,295]]
[[0,0],[1,0],[9,295]]
[[0,0],[1,0],[63,295]]
[[0,0],[1,0],[181,295]]
[[0,0],[1,0],[54,295]]
[[0,0],[1,0],[21,295]]
[[0,0],[1,0],[119,295]]
[[0,0],[1,0],[6,295]]
[[0,0],[1,0],[221,295]]
[[0,0],[1,0],[91,295]]
[[0,0],[1,0],[66,295]]
[[0,0],[1,0],[156,295]]
[[0,0],[1,0],[60,295]]
[[0,0],[1,0],[29,295]]
[[0,0],[1,0],[106,295]]
[[0,0],[1,0],[102,295]]
[[0,0],[1,0],[176,295]]
[[0,0],[1,0],[136,295]]
[[0,0],[1,0],[17,295]]
[[0,0],[1,0],[178,295]]
[[0,0],[1,0],[73,295]]
[[0,0],[1,0],[46,295]]
[[0,0],[1,0],[36,295]]
[[0,0],[1,0],[11,295]]
[[0,0],[1,0],[121,295]]
[[0,0],[1,0],[13,295]]
[[0,0],[1,0],[56,295]]
[[0,0],[1,0],[28,295]]
[[0,0],[1,0],[2,295]]
[[0,0],[1,0],[7,295]]
