[[0,0],[1,0],[7,297]]
[[0,0],[1,0],[144,297]]
[[0,0],[3,0],[21,99]]
[[0,0],[1,0],[89,297]]
[[0,0],[1,0],[100,297]]
[[0,0],[1,0],[62,297]]
[[0,0],[1,0],[16,297]]
[[0,0],[3,0],[12,99]]
[[0,0],[1,0],[79,297]]
[[0,0],[1,0],[175,297]]
[[0,0],[1,0],[214,297]]
[[0,0],[1,0],[184,297]]
[[0,0],[1,0],[47,297]]
[[0,0],[3,0],[36,99]]
[[0,0],[1,0],[177,297]]
[[0,0],[1,0],[61,297]]
[[0,0],[1,0],[276,297]]
[[0,0],[1,0],[8,297]]
[[0,0],[1,0],[14,297]]
[[0,0],[1,0],[4,297]]
[[0,0],[1,0],[25,297]]
[[0,0],[3,0],[30,99]]
[[0,0],[1,0],[256,297]]
[[0,0],[1,0],[55,297]]
[[0,0],[1,0],[5,297]]
[[0,0],[1,0],[12,297]]
[[0,0],[1,0],[210,297]]
[[0,0],[1,0],[45,297]]
[[0,0],[1,0],[58,297]]
[[0,0],[1,0],[10,297]]
[[0,0],[1,0],[46,297]]
[[0,0],[1,0],[64,297]]
[[0,0],[1,0],[82,297]]
[[0,0],[1,0],[151,297]]
[[0,0],[3,0],[3,99]]
[[0,0],[1,0],[196,297]]
[[0,0],[1,0],[2,297]]
[[0,0],[1,0],[139,297]]
[[0,0],[1,0],[178,297]]
[[0,0],[1,0],[91,297]]
[[0,0],[1,0],[17,297]]
[[0,0],[3,0],[48,99]]
[[0,0],[1,0],[127,297]]
[[0,0],[1,0],[106,297]]
[[0,0],[1,0],[56,297]]
[[0,0],[1,0],[40,297]]
[[0,0],[3,0],[69,99]]
[[0,0],[1,0],[67,297]]
[[0,0],[1,0],[37,297]]
[[0,0],[1,0],[221,297]]
[[0,0],[1,0],[20,297]]
[[0,0],[1,0],[217,297]]
[[0,0],[1,0],[1,297]]
[[0,0],[1,0],[142,297]]
[[0,0],[1,0],[109,297]]
[[0,0],[1,0],[49,297]]
[[0,0],[1,0],[211,297]]
[[0,0],[1,0],[31,297]]
[[0,0],[3,0],[6,99]]
[[0,0],[1,0],[28,297]]
[[0,0],[1,0],[193,297]]
[[0,0],[1,0],[70,297]]
[[0,0],[1,0],[232,297]]
[[0,0],[1,0],[43,297]]
[[0,0],[1,0],[68,297]]
[[0,0],[1,0],[23,297]]
[[0,0],[1,0],[73,297]]
[[0,0],[1,0],[32,297]]
[[0,0],[1,0],[148,297]]
[[0,0],[1,0],[59,297]]
[[0,0],[1,0],[262,297]]
[[0,0],[1,0],[34,297]]
[[0,0],[1,0],[136,297]]
[[0,0],[3,0],[39,99]]
[[0,0],[1,0],[103,297]]
[[0,0],[1,0],[29,297]]
[[0,0],[1,0],[78,297]]
[[0,0],[1,0],[111,297]]
[[0,0],[1,0],[50,297]]
[[0,0],[1,0],[26,297]]
[[0,0],[3,0],[15,99]]
[[0,0],[1,0],[13,297]]
[[0,0],[1,0],[188,297]]
[[0,0],[1,0],[19,297]]
