[[0,0],[1,0],[2,299]]
[[0,0],[1,0],[7,299]]
[[0,0],[1,0],[34,299]]
[[0,0],[1,0],[41,299]]
[[0,0],[1,0],[4,299]]
[[0,0],[1,0],[12,299]]
[[0,0],[1,0],[208,299]]
[[0,0],[1,0],[8,299]]
[[0,0],[1,0],[105,299]]
[[0,0],[1,0],[43,299]]
[[0,0],[1,0],[93,299]]
[[0,0],[1,0],[231,299]]
[[0,0],[1,0],[18,299]]
[[0,0],[1,0],[15,299]]
[[0,0],[1,0],[24,299]]
[[0,0],[1,0],[16,299]]
[[0,0],[1,0],[116,299]]
[[0,0],[1,0],[19,299]]
[[0,0],[1,0],[139,299]]
[[0,0],[1,0],[3,299]]
[[0,0],[1,0],[14,299]]
[[0,0],[1,0],[49,299]]
[[0,0],[1,0],[183,299]]
[[0,0],[1,0],[1,299]]
[[0,0],[1,0],[42,299]]
[[0,0],[1,0],[22,299]]
[[0,0],[1,0],[274,299]]
[[0,0],[1,0],[170,299]]
[[0,0],[1,0],[27,299]]
[[0,0],[1,0],[118,299]]
[[0,0],[1,0],[59,299]]
[[0,0],[1,0],[5,299]]
[[0,0],[1,0],[96,299]]
[[0,0],[1,0],[54,299]]
[[0,0],[1,0],[6,299]]
[[0,0],[1,0],[29,299]]
[[0,0],[1,0],[106,299]]
[[0,0],[1,0],[114,299]]
[[0,0],[1,0],[123,299]]
[[0,0],[1,0],[9,299]]
[[0,0],[1,0],[53,299]]
[[0,0],[1,0],[66,299]]
[[0,0],[1,0],[74,299]]
[[0,0],[1,0],[17,299]]
[[0,0],[1,0],[10,299]]
[[0,0],[1,0],[36,299]]
[[0,0],[1,0],[37,299]]
[[0,0],[1,0],[48,299]]
[[0,0],[1,0],[85,299]]
[[0,0],[1,0],[35,299]]
[[0,0],[1,0],[11,299]]
[[0,0],[1,0],[28,299]]
[[0,0],[1,0],[38,299]]
[[0,0],[1,0],[47,299]]
[[0,0],[1,0],[196,299]]
[[0,0],[1,0],[55,299]]
[[0,0],[1,0],[99,299]]
[[0,0],[1,0],[40,299]]
