[[0,0],[1,0],[221,300]]
[[0,0],[1,0],[197,300]]
[[0,0],[1,0],[276,300]]
[[0,0],[1,0],[189,300]]
[[0,0],[5,0],[50,60]]
[[0,0],[1,0],[266,300]]
[[0,0],[1,0],[7,300]]
[[0,0],[1,0],[58,300]]
[[0,0],[1,0],[31,300]]
[[0,0],[1,0],[265,300]]
[[0,0],[3,0],[8,100]]
[[0,0],[1,0],[199,300]]
[[0,0],[1,0],[227,300]]
[[0,0],[1,0],[51,300]]
[[0,0],[1,0],[23,300]]
[[0,0],[5,0],[35,60]]
[[0,0],[1,0],[262,300]]
[[0,0],[1,0],[86,300]]
[[0,0],[1,0],[91,300]]
[[0,0],[1,0],[166,300]]
[[0,0],[1,0],[85,300]]
[[0,0],[1,0],[111,300]]
[[0,0],[2,0],[102,150]]
[[0,0],[2,0],[117,150]]
[[0,0],[1,0],[33,300]]
[[0,0],[1,0],[142,300]]
[[0,0],[2,0],[32,150]]
[[0,0],[1,0],[26,300]]
[[0,0],[1,0],[41,300]]
[[0,0],[1,0],[101,300]]
[[0,0],[1,0],[237,300]]
[[0,0],[1,0],[94,300]]
[[0,0],[1,0],[251,300]]
[[0,0],[1,0],[146,300]]
[[0,0],[1,0],[16,300]]
[[0,0],[5,0],[55,60]]
[[0,0],[5,0],[25,60]]
[[0,0],[2,0],[68,150]]
[[0,0],[2,0],[16,150]]
[[0,0],[1,0],[97,300]]
[[0,0],[1,0],[47,300]]
[[0,0],[1,0],[256,300]]
[[0,0],[2,0],[74,150]]
[[0,0],[2,0],[26,150]]
[[0,0],[1,0],[295,300]]
[[0,0],[1,0],[151,300]]
[[0,0],[1,0],[129,300]]
[[0,0],[1,0],[261,300]]
[[0,0],[2,0],[28,150]]
[[0,0],[2,0],[56,150]]
[[0,0],[1,0],[153,300]]
[[0,0],[1,0],[17,300]]
[[0,0],[1,0],[171,300]]
[[0,0],[1,0],[296,300]]
[[0,0],[2,0],[12,150]]
[[0,0],[1,0],[71,300]]
[[0,0],[1,0],[141,300]]
[[0,0],[1,0],[11,300]]
[[0,0],[2,0],[62,150]]
[[0,0],[1,0],[56,300]]
[[0,0],[1,0],[178,300]]
[[0,0],[2,0],[87,150]]
[[0,0],[1,0],[119,300]]
[[0,0],[5,0],[5,60]]
[[0,0],[1,0],[93,300]]
[[0,0],[2,0],[52,150]]
[[0,0],[2,0],[44,150]]
[[0,0],[1,0],[298,300]]
[[0,0],[1,0],[22,300]]
[[0,0],[1,0],[81,300]]
[[0,0],[1,0],[202,300]]
[[0,0],[1,0],[249,300]]
[[0,0],[1,0],[235,300]]
[[0,0],[1,0],[89,300]]
[[0,0],[1,0],[46,300]]
[[0,0],[1,0],[137,300]]
[[0,0],[1,0],[21,300]]
[[0,0],[1,0],[177,300]]
[[0,0],[1,0],[176,300]]
[[0,0],[1,0],[107,300]]
[[0,0],[2,0],[132,150]]
[[0,0],[1,0],[116,300]]
[[0,0],[1,0],[206,300]]
[[0,0],[3,0],[68,100]]
[[0,0],[1,0],[231,300]]
[[0,0],[1,0],[167,300]]
[[0,0],[1,0],[257,300]]
[[0,0],[10,0],[20,30]]
[[0,0],[1,0],[274,300]]
[[0,0],[1,0],[217,300]]
[[0,0],[1,0],[118,300]]
[[0,0],[3,0],[28,100]]
[[0,0],[2,0],[22,150]]
[[0,0],[1,0],[57,300]]
[[0,0],[1,0],[37,300]]
[[0,0],[1,0],[291,300]]
[[0,0],[2,0],[2,150]]
[[0,0],[2,0],[147,150]]
[[0,0],[1,0],[214,300]]
[[0,0],[1,0],[49,300]]
[[0,0],[1,0],[236,300]]
[[0,0],[2,0],[112,150]]
[[0,0],[1,0],[115,300]]
[[0,0],[1,0],[145,300]]
[[0,0],[1,0],[19,300]]
[[0,0],[1,0],[213,300]]
[[0,0],[1,0],[273,300]]
[[0,0],[2,0],[98,150]]
[[0,0],[1,0],[226,300]]
[[0,0],[1,0],[247,300]]
[[0,0],[1,0],[169,300]]
[[0,0],[1,0],[139,300]]
[[0,0],[2,0],[8,150]]
[[0,0],[1,0],[34,300]]
[[0,0],[1,0],[201,300]]
[[0,0],[1,0],[187,300]]
[[0,0],[1,0],[13,300]]
[[0,0],[2,0],[42,150]]
[[0,0],[1,0],[154,300]]
[[0,0],[2,0],[14,150]]
[[0,0],[2,0],[72,150]]
[[0,0],[1,0],[67,300]]
[[0,0],[1,0],[121,300]]
[[0,0],[1,0],[297,300]]
[[0,0],[1,0],[205,300]]
[[0,0],[1,0],[286,300]]
[[0,0],[1,0],[109,300]]
[[0,0],[1,0],[299,300]]
[[0,0],[5,0],[45,60]]
[[0,0],[10,0],[10,30]]
[[0,0],[1,0],[136,300]]
[[0,0],[1,0],[29,300]]
[[0,0],[1,0],[238,300]]
[[0,0],[2,0],[4,150]]
[[0,0],[1,0],[77,300]]
[[0,0],[1,0],[149,300]]
[[0,0],[1,0],[76,300]]
[[0,0],[1,0],[59,300]]
[[0,0],[2,0],[57,150]]
[[0,0],[1,0],[126,300]]
[[0,0],[1,0],[69,300]]
[[0,0],[3,0],[88,100]]
[[0,0],[1,0],[9,300]]
[[0,0],[3,0],[48,100]]
[[0,0],[1,0],[157,300]]
[[0,0],[1,0],[55,300]]
[[0,0],[1,0],[61,300]]
[[0,0],[1,0],[106,300]]
[[0,0],[1,0],[1,300]]
[[0,0],[1,0],[82,300]]
[[0,0],[1,0],[127,300]]
[[0,0],[1,0],[196,300]]
[[0,0],[1,0],[117,300]]
[[0,0],[2,0],[27,150]]
