[[0,0],[1,0],[41,303]]
[[0,0],[1,0],[94,303]]
[[0,0],[1,0],[103,303]]
[[0,0],[1,0],[2,303]]
[[0,0],[1,0],[7,303]]
[[0,0],[1,0],[160,303]]
[[0,0],[1,0],[34,303]]
[[0,0],[1,0],[8,303]]
[[0,0],[1,0],[203,303]]
[[0,0],[1,0],[43,303]]
[[0,0],[1,0],[4,303]]
[[0,0],[1,0],[175,303]]
[[0,0],[1,0],[190,303]]
[[0,0],[1,0],[109,303]]
[[0,0],[1,0],[241,303]]
[[0,0],[1,0],[79,303]]
[[0,0],[1,0],[16,303]]
[[0,0],[1,0],[61,303]]
[[0,0],[1,0],[23,303]]
[[0,0],[1,0],[14,303]]
[[0,0],[1,0],[49,303]]
[[0,0],[1,0],[1,303]]
[[0,0],[1,0],[116,303]]
[[0,0],[1,0],[145,303]]
[[0,0],[1,0],[22,303]]
[[0,0],[1,0],[64,303]]
[[0,0],[1,0],[151,303]]
[[0,0],[1,0],[217,303]]
[[0,0],[1,0],[58,303]]
[[0,0],[1,0],[118,303]]
[[0,0],[1,0],[32,303]]
[[0,0],[1,0],[5,303]]
[[0,0],[1,0],[25,303]]
[[0,0],[1,0],[133,303]]
[[0,0],[1,0],[265,303]]
[[0,0],[1,0],[67,303]]
[[0,0],[1,0],[29,303]]
[[0,0],[1,0],[106,303]]
[[0,0],[1,0],[181,303]]
[[0,0],[1,0],[102,303]]
[[0,0],[1,0],[157,303]]
[[0,0],[1,0],[268,303]]
[[0,0],[1,0],[100,303]]
[[0,0],[1,0],[17,303]]
[[0,0],[1,0],[74,303]]
[[0,0],[1,0],[10,303]]
[[0,0],[1,0],[238,303]]
[[0,0],[1,0],[178,303]]
[[0,0],[1,0],[73,303]]
[[0,0],[1,0],[46,303]]
[[0,0],[1,0],[110,303]]
[[0,0],[1,0],[37,303]]
[[0,0],[1,0],[52,303]]
[[0,0],[1,0],[211,303]]
[[0,0],[1,0],[11,303]]
[[0,0],[1,0],[142,303]]
[[0,0],[1,0],[13,303]]
[[0,0],[1,0],[82,303]]
[[0,0],[1,0],[115,303]]
[[0,0],[1,0],[28,303]]
[[0,0],[1,0],[47,303]]
[[0,0],[1,0],[44,303]]
[[0,0],[1,0],[40,303]]
[[0,0],[1,0],[127,303]]
[[0,0],[1,0],[121,303]]
[[0,0],[1,0],[26,303]]
[[0,0],[1,0],[196,303]]
[[0,0],[1,0],[50,303]]
[[0,0],[1,0],[55,303]]
[[0,0],[1,0],[31,303]]
