[[0,0],[1,0],[243,304]]
[[0,0],[1,0],[159,304]]
[[0,0],[1,0],[231,304]]
[[0,0],[1,0],[63,304]]
[[0,0],[1,0],[81,304]]
[[0,0],[1,0],[79,304]]
[[0,0],[1,0],[175,304]]
[[0,0],[1,0],[153,304]]
[[0,0],[1,0],[3,304]]
[[0,0],[1,0],[265,304]]
[[0,0],[1,0],[47,304]]
[[0,0],[4,0],[32,76]]
[[0,0],[1,0],[149,304]]
[[0,0],[1,0],[123,304]]
[[0,0],[2,0],[66,152]]
[[0,0],[4,0],[4,76]]
[[0,0],[1,0],[25,304]]
[[0,0],[1,0],[21,304]]
[[0,0],[1,0],[5,304]]
[[0,0],[2,0],[90,152]]
[[0,0],[4,0],[12,76]]
[[0,0],[4,0],[8,76]]
[[0,0],[1,0],[210,304]]
[[0,0],[1,0],[33,304]]
[[0,0],[2,0],[150,152]]
[[0,0],[2,0],[50,152]]
[[0,0],[1,0],[143,304]]
[[0,0],[2,0],[14,152]]
[[0,0],[1,0],[248,304]]
[[0,0],[1,0],[125,304]]
[[0,0],[1,0],[177,304]]
[[0,0],[1,0],[45,304]]
[[0,0],[2,0],[30,152]]
[[0,0],[1,0],[35,304]]
[[0,0],[1,0],[185,304]]
[[0,0],[1,0],[75,304]]
[[0,0],[1,0],[55,304]]
[[0,0],[1,0],[51,304]]
[[0,0],[1,0],[163,304]]
[[0,0],[2,0],[118,152]]
[[0,0],[2,0],[6,152]]
[[0,0],[1,0],[15,304]]
[[0,0],[1,0],[137,304]]
[[0,0],[1,0],[303,304]]
[[0,0],[1,0],[41,304]]
[[0,0],[1,0],[97,304]]
[[0,0],[1,0],[205,304]]
[[0,0],[2,0],[116,152]]
[[0,0],[1,0],[37,304]]
[[0,0],[1,0],[151,304]]
[[0,0],[1,0],[286,304]]
[[0,0],[1,0],[217,304]]
[[0,0],[1,0],[20,304]]
[[0,0],[1,0],[58,304]]
[[0,0],[1,0],[91,304]]
[[0,0],[1,0],[105,304]]
[[0,0],[1,0],[135,304]]
[[0,0],[1,0],[53,304]]
[[0,0],[1,0],[237,304]]
[[0,0],[1,0],[27,304]]
[[0,0],[1,0],[9,304]]
[[0,0],[2,0],[78,152]]
[[0,0],[1,0],[17,304]]
[[0,0],[1,0],[134,304]]
[[0,0],[2,0],[94,152]]
[[0,0],[1,0],[1,304]]
[[0,0],[2,0],[2,152]]
[[0,0],[2,0],[40,152]]
[[0,0],[2,0],[70,152]]
[[0,0],[2,0],[74,152]]
[[0,0],[2,0],[54,152]]
[[0,0],[1,0],[211,304]]
[[0,0],[2,0],[46,152]]
[[0,0],[1,0],[96,304]]
[[0,0],[1,0],[221,304]]
[[0,0],[1,0],[43,304]]
[[0,0],[1,0],[173,304]]
[[0,0],[1,0],[172,304]]
[[0,0],[1,0],[193,304]]
[[0,0],[1,0],[165,304]]
[[0,0],[1,0],[71,304]]
[[0,0],[1,0],[39,304]]
[[0,0],[1,0],[275,304]]
[[0,0],[2,0],[26,152]]
[[0,0],[1,0],[101,304]]
[[0,0],[1,0],[49,304]]
[[0,0],[1,0],[103,304]]
[[0,0],[1,0],[31,304]]
[[0,0],[1,0],[113,304]]
[[0,0],[1,0],[157,304]]
[[0,0],[1,0],[69,304]]
[[0,0],[1,0],[11,304]]
[[0,0],[1,0],[107,304]]
[[0,0],[1,0],[23,304]]
[[0,0],[1,0],[85,304]]
[[0,0],[1,0],[59,304]]
[[0,0],[1,0],[115,304]]
[[0,0],[2,0],[42,152]]
[[0,0],[1,0],[187,304]]
[[0,0],[2,0],[130,152]]
[[0,0],[1,0],[7,304]]
[[0,0],[1,0],[191,304]]
[[0,0],[1,0],[13,304]]
[[0,0],[1,0],[77,304]]
[[0,0],[2,0],[18,152]]
[[0,0],[1,0],[65,304]]
[[0,0],[1,0],[195,304]]
[[0,0],[2,0],[10,152]]
[[0,0],[4,0],[16,76]]
[[0,0],[1,0],[121,304]]
[[0,0],[1,0],[215,304]]
