[[0,0],[1,0],[215,306]]
[[0,0],[1,0],[112,306]]
[[0,0],[3,0],[9,102]]
[[0,0],[2,0],[138,153]]
[[0,0],[1,0],[130,306]]
[[0,0],[1,0],[100,306]]
[[0,0],[1,0],[188,306]]
[[0,0],[1,0],[47,306]]
[[0,0],[1,0],[149,306]]
[[0,0],[1,0],[25,306]]
[[0,0],[1,0],[133,306]]
[[0,0],[1,0],[154,306]]
[[0,0],[1,0],[5,306]]
[[0,0],[1,0],[223,306]]
[[0,0],[3,0],[33,102]]
[[0,0],[1,0],[184,306]]
[[0,0],[1,0],[214,306]]
[[0,0],[3,0],[45,102]]
[[0,0],[1,0],[46,306]]
[[0,0],[1,0],[82,306]]
[[0,0],[1,0],[61,306]]
[[0,0],[1,0],[4,306]]
[[0,0],[1,0],[139,306]]
[[0,0],[1,0],[185,306]]
[[0,0],[1,0],[256,306]]
[[0,0],[1,0],[178,306]]
[[0,0],[1,0],[190,306]]
[[0,0],[1,0],[35,306]]
[[0,0],[1,0],[10,306]]
[[0,0],[1,0],[55,306]]
[[0,0],[1,0],[292,306]]
[[0,0],[1,0],[163,306]]
[[0,0],[1,0],[137,306]]
[[0,0],[1,0],[41,306]]
[[0,0],[1,0],[97,306]]
[[0,0],[1,0],[171,306]]
[[0,0],[3,0],[3,102]]
[[0,0],[1,0],[274,306]]
[[0,0],[1,0],[64,306]]
[[0,0],[3,0],[27,102]]
[[0,0],[1,0],[37,306]]
[[0,0],[1,0],[161,306]]
[[0,0],[1,0],[40,306]]
[[0,0],[1,0],[131,306]]
[[0,0],[1,0],[106,306]]
[[0,0],[1,0],[196,306]]
[[0,0],[1,0],[305,306]]
[[0,0],[1,0],[151,306]]
[[0,0],[1,0],[268,306]]
[[0,0],[1,0],[286,306]]
[[0,0],[1,0],[58,306]]
[[0,0],[1,0],[142,306]]
[[0,0],[1,0],[53,306]]
[[0,0],[1,0],[280,306]]
[[0,0],[1,0],[1,306]]
[[0,0],[1,0],[127,306]]
[[0,0],[1,0],[67,306]]
[[0,0],[1,0],[227,306]]
[[0,0],[1,0],[208,306]]
[[0,0],[1,0],[211,306]]
[[0,0],[1,0],[172,306]]
[[0,0],[1,0],[273,306]]
[[0,0],[1,0],[181,306]]
[[0,0],[1,0],[193,306]]
[[0,0],[1,0],[43,306]]
[[0,0],[1,0],[298,306]]
[[0,0],[1,0],[70,306]]
[[0,0],[1,0],[71,306]]
[[0,0],[1,0],[226,306]]
[[0,0],[1,0],[290,306]]
[[0,0],[1,0],[271,306]]
[[0,0],[1,0],[232,306]]
[[0,0],[1,0],[202,306]]
[[0,0],[1,0],[148,306]]
[[0,0],[3,0],[54,102]]
[[0,0],[2,0],[36,153]]
[[0,0],[1,0],[22,306]]
[[0,0],[1,0],[120,306]]
[[0,0],[1,0],[124,306]]
[[0,0],[1,0],[101,306]]
[[0,0],[1,0],[222,306]]
[[0,0],[1,0],[103,306]]
[[0,0],[1,0],[31,306]]
[[0,0],[1,0],[28,306]]
[[0,0],[1,0],[289,306]]
[[0,0],[1,0],[197,306]]
[[0,0],[1,0],[244,306]]
[[0,0],[1,0],[166,306]]
[[0,0],[1,0],[69,306]]
[[0,0],[1,0],[262,306]]
[[0,0],[1,0],[86,306]]
[[0,0],[1,0],[94,306]]
[[0,0],[1,0],[73,306]]
[[0,0],[1,0],[118,306]]
[[0,0],[1,0],[11,306]]
[[0,0],[1,0],[304,306]]
[[0,0],[1,0],[107,306]]
[[0,0],[3,0],[81,102]]
[[0,0],[1,0],[76,306]]
[[0,0],[1,0],[23,306]]
[[0,0],[1,0],[59,306]]
[[0,0],[1,0],[115,306]]
[[0,0],[2,0],[87,153]]
[[0,0],[3,0],[39,102]]
[[0,0],[1,0],[250,306]]
[[0,0],[1,0],[7,306]]
[[0,0],[1,0],[13,306]]
[[0,0],[1,0],[160,306]]
[[0,0],[1,0],[77,306]]
[[0,0],[1,0],[65,306]]
[[0,0],[1,0],[257,306]]
[[0,0],[1,0],[89,306]]
[[0,0],[1,0],[16,306]]
[[0,0],[1,0],[220,306]]
[[0,0],[1,0],[88,306]]
[[0,0],[3,0],[99,102]]
[[0,0],[1,0],[19,306]]
[[0,0],[3,0],[15,102]]
[[0,0],[1,0],[52,306]]
[[0,0],[1,0],[29,306]]
