[[0,0],[1,0],[69,307]]
[[0,0],[1,0],[55,307]]
[[0,0],[1,0],[12,307]]
[[0,0],[1,0],[8,307]]
[[0,0],[1,0],[16,307]]
[[0,0],[1,0],[2,307]]
[[0,0],[1,0],[14,307]]
[[0,0],[1,0],[33,307]]
[[0,0],[1,0],[20,307]]
[[0,0],[1,0],[4,307]]
[[0,0],[1,0],[56,307]]
[[0,0],[1,0],[26,307]]
[[0,0],[1,0],[79,307]]
[[0,0],[1,0],[15,307]]
[[0,0],[1,0],[31,307]]
[[0,0],[1,0],[57,307]]
[[0,0],[1,0],[1,307]]
[[0,0],[1,0],[30,307]]
[[0,0],[1,0],[5,307]]
[[0,0],[1,0],[25,307]]
[[0,0],[1,0],[126,307]]
[[0,0],[1,0],[80,307]]
[[0,0],[1,0],[61,307]]
[[0,0],[1,0],[24,307]]
[[0,0],[1,0],[6,307]]
[[0,0],[1,0],[3,307]]
[[0,0],[1,0],[27,307]]
[[0,0],[1,0],[58,307]]
[[0,0],[1,0],[74,307]]
[[0,0],[1,0],[32,307]]
[[0,0],[1,0],[72,307]]
[[0,0],[1,0],[62,307]]
[[0,0],[1,0],[37,307]]
[[0,0],[1,0],[21,307]]
[[0,0],[1,0],[111,307]]
[[0,0],[1,0],[110,307]]
[[0,0],[1,0],[10,307]]
[[0,0],[1,0],[9,307]]
[[0,0],[1,0],[53,307]]
[[0,0],[1,0],[66,307]]
[[0,0],[1,0],[54,307]]
[[0,0],[1,0],[11,307]]
[[0,0],[1,0],[13,307]]
[[0,0],[1,0],[7,307]]
[[0,0],[1,0],[38,307]]
[[0,0],[1,0],[75,307]]
[[0,0],[1,0],[76,307]]
[[0,0],[1,0],[36,307]]
[[0,0],[1,0],[17,307]]
[[0,0],[1,0],[39,307]]
[[0,0],[1,0],[73,307]]
[[0,0],[1,0],[43,307]]
[[0,0],[1,0],[18,307]]
