[[0,0],[1,0],[309,310]]
[[0,0],[1,0],[29,310]]
[[0,0],[1,0],[296,310]]
[[0,0],[1,0],[3,310]]
[[0,0],[1,0],[276,310]]
[[0,0],[1,0],[63,310]]
[[0,0],[1,0],[79,310]]
[[0,0],[1,0],[199,310]]
[[0,0],[1,0],[123,310]]
[[0,0],[1,0],[26,310]]
[[0,0],[1,0],[266,310]]
[[0,0],[1,0],[21,310]]
[[0,0],[1,0],[33,310]]
[[0,0],[1,0],[46,310]]
[[0,0],[1,0],[177,310]]
[[0,0],[1,0],[143,310]]
[[0,0],[1,0],[125,310]]
[[0,0],[1,0],[256,310]]
[[0,0],[1,0],[61,310]]
[[0,0],[1,0],[87,310]]
[[0,0],[1,0],[51,310]]
[[0,0],[1,0],[218,310]]
[[0,0],[1,0],[263,310]]
[[0,0],[1,0],[261,310]]
[[0,0],[1,0],[36,310]]
[[0,0],[1,0],[41,310]]
[[0,0],[1,0],[97,310]]
[[0,0],[1,0],[171,310]]
[[0,0],[1,0],[189,310]]
[[0,0],[1,0],[283,310]]
[[0,0],[1,0],[206,310]]
[[0,0],[1,0],[161,310]]
[[0,0],[1,0],[183,310]]
[[0,0],[1,0],[37,310]]
[[0,0],[1,0],[106,310]]
[[0,0],[1,0],[66,310]]
[[0,0],[1,0],[196,310]]
[[0,0],[1,0],[286,310]]
[[0,0],[1,0],[169,310]]
[[0,0],[1,0],[151,310]]
[[0,0],[1,0],[91,310]]
[[0,0],[1,0],[179,310]]
[[0,0],[1,0],[6,310]]
[[0,0],[1,0],[57,310]]
[[0,0],[1,0],[280,310]]
[[0,0],[1,0],[9,310]]
[[0,0],[1,0],[116,310]]
[[0,0],[1,0],[17,310]]
[[0,0],[1,0],[1,310]]
[[0,0],[1,0],[53,310]]
[[0,0],[1,0],[241,310]]
[[0,0],[1,0],[237,310]]
[[0,0],[1,0],[56,310]]
[[0,0],[2,0],[95,155]]
[[0,0],[1,0],[67,310]]
[[0,0],[1,0],[96,310]]
[[0,0],[1,0],[109,310]]
[[0,0],[1,0],[193,310]]
[[0,0],[1,0],[43,310]]
[[0,0],[1,0],[249,310]]
[[0,0],[1,0],[146,310]]
[[0,0],[1,0],[173,310]]
[[0,0],[1,0],[129,310]]
[[0,0],[1,0],[71,310]]
[[0,0],[1,0],[226,310]]
[[0,0],[1,0],[39,310]]
[[0,0],[1,0],[306,310]]
[[0,0],[1,0],[101,310]]
[[0,0],[1,0],[216,310]]
[[0,0],[1,0],[246,310]]
[[0,0],[1,0],[166,310]]
[[0,0],[1,0],[103,310]]
[[0,0],[1,0],[86,310]]
[[0,0],[1,0],[136,310]]
[[0,0],[1,0],[197,310]]
[[0,0],[1,0],[236,310]]
[[0,0],[1,0],[94,310]]
[[0,0],[1,0],[157,310]]
[[0,0],[1,0],[32,310]]
[[0,0],[1,0],[126,310]]
[[0,0],[1,0],[11,310]]
[[0,0],[1,0],[107,310]]
[[0,0],[1,0],[59,310]]
[[0,0],[1,0],[147,310]]
[[0,0],[1,0],[76,310]]
[[0,0],[1,0],[23,310]]
[[0,0],[1,0],[156,310]]
[[0,0],[1,0],[89,310]]
[[0,0],[1,0],[16,310]]
[[0,0],[1,0],[7,310]]
[[0,0],[1,0],[13,310]]
[[0,0],[1,0],[99,310]]
[[0,0],[1,0],[191,310]]
[[0,0],[1,0],[83,310]]
[[0,0],[1,0],[77,310]]
[[0,0],[1,0],[19,310]]
[[0,0],[1,0],[176,310]]
[[0,0],[1,0],[81,310]]
