[[0,0],[1,0],[51,311]]
[[0,0],[1,0],[35,311]]
[[0,0],[1,0],[8,311]]
[[0,0],[1,0],[18,311]]
[[0,0],[1,0],[16,311]]
[[0,0],[1,0],[55,311]]
[[0,0],[1,0],[12,311]]
[[0,0],[1,0],[14,311]]
[[0,0],[1,0],[33,311]]
[[0,0],[1,0],[41,311]]
[[0,0],[1,0],[116,311]]
[[0,0],[1,0],[2,311]]
[[0,0],[1,0],[34,311]]
[[0,0],[1,0],[20,311]]
[[0,0],[1,0],[4,311]]
[[0,0],[1,0],[19,311]]
[[0,0],[1,0],[15,311]]
[[0,0],[1,0],[1,311]]
[[0,0],[1,0],[30,311]]
[[0,0],[1,0],[5,311]]
[[0,0],[1,0],[23,311]]
[[0,0],[1,0],[133,311]]
[[0,0],[1,0],[6,311]]
[[0,0],[1,0],[3,311]]
[[0,0],[1,0],[49,311]]
[[0,0],[1,0],[22,311]]
[[0,0],[1,0],[102,311]]
[[0,0],[1,0],[72,311]]
[[0,0],[1,0],[48,311]]
[[0,0],[1,0],[58,311]]
[[0,0],[1,0],[124,311]]
[[0,0],[1,0],[46,311]]
[[0,0],[1,0],[123,311]]
[[0,0],[1,0],[9,311]]
[[0,0],[1,0],[37,311]]
[[0,0],[1,0],[54,311]]
[[0,0],[1,0],[21,311]]
[[0,0],[1,0],[11,311]]
[[0,0],[1,0],[10,311]]
[[0,0],[1,0],[82,311]]
[[0,0],[1,0],[29,311]]
[[0,0],[1,0],[45,311]]
[[0,0],[1,0],[50,311]]
[[0,0],[1,0],[38,311]]
[[0,0],[1,0],[13,311]]
[[0,0],[1,0],[17,311]]
[[0,0],[1,0],[73,311]]
[[0,0],[1,0],[103,311]]
[[0,0],[1,0],[7,311]]
[[0,0],[1,0],[47,311]]
[[0,0],[1,0],[44,311]]
[[0,0],[1,0],[36,311]]
[[0,0],[1,0],[85,311]]
