[[0,0],[1,0],[21,313]]
[[0,0],[1,0],[23,313]]
[[0,0],[1,0],[71,313]]
[[0,0],[1,0],[45,313]]
[[0,0],[1,0],[28,313]]
[[0,0],[1,0],[13,313]]
[[0,0],[1,0],[109,313]]
[[0,0],[1,0],[37,313]]
[[0,0],[1,0],[66,313]]
[[0,0],[1,0],[11,313]]
[[0,0],[1,0],[72,313]]
[[0,0],[1,0],[10,313]]
[[0,0],[1,0],[6,313]]
[[0,0],[1,0],[60,313]]
[[0,0],[1,0],[19,313]]
[[0,0],[1,0],[1,313]]
[[0,0],[1,0],[51,313]]
[[0,0],[1,0],[62,313]]
[[0,0],[1,0],[9,313]]
[[0,0],[1,0],[49,313]]
[[0,0],[1,0],[36,313]]
[[0,0],[1,0],[38,313]]
[[0,0],[1,0],[99,313]]
[[0,0],[1,0],[29,313]]
[[0,0],[1,0],[17,313]]
[[0,0],[1,0],[7,313]]
[[0,0],[1,0],[8,313]]
[[0,0],[1,0],[15,313]]
[[0,0],[1,0],[42,313]]
[[0,0],[1,0],[30,313]]
[[0,0],[1,0],[20,313]]
[[0,0],[1,0],[41,313]]
[[0,0],[1,0],[2,313]]
[[0,0],[1,0],[56,313]]
[[0,0],[1,0],[18,313]]
[[0,0],[1,0],[3,313]]
[[0,0],[1,0],[44,313]]
[[0,0],[1,0],[16,313]]
[[0,0],[1,0],[50,313]]
[[0,0],[1,0],[63,313]]
[[0,0],[1,0],[31,313]]
[[0,0],[1,0],[43,313]]
[[0,0],[1,0],[14,313]]
[[0,0],[1,0],[12,313]]
[[0,0],[1,0],[61,313]]
[[0,0],[1,0],[5,313]]
[[0,0],[1,0],[80,313]]
[[0,0],[1,0],[4,313]]
[[0,0],[1,0],[22,313]]
[[0,0],[1,0],[35,313]]
[[0,0],[1,0],[70,313]]
[[0,0],[1,0],[32,313]]
[[0,0],[1,0],[81,313]]
[[0,0],[1,0],[108,313]]
