[[0,0],[1,0],[43,314]]
[[0,0],[1,0],[313,314]]
[[0,0],[1,0],[127,314]]
[[0,0],[1,0],[33,314]]
[[0,0],[1,0],[161,314]]
[[0,0],[1,0],[273,314]]
[[0,0],[1,0],[69,314]]
[[0,0],[1,0],[79,314]]
[[0,0],[1,0],[55,314]]
[[0,0],[1,0],[15,314]]
[[0,0],[1,0],[31,314]]
[[0,0],[1,0],[279,314]]
[[0,0],[1,0],[99,314]]
[[0,0],[1,0],[251,314]]
[[0,0],[1,0],[269,314]]
[[0,0],[1,0],[193,314]]
[[0,0],[1,0],[129,314]]
[[0,0],[1,0],[19,314]]
[[0,0],[1,0],[143,314]]
[[0,0],[1,0],[179,314]]
[[0,0],[1,0],[87,314]]
[[0,0],[1,0],[101,314]]
[[0,0],[1,0],[195,314]]
[[0,0],[1,0],[209,314]]
[[0,0],[1,0],[1,314]]
[[0,0],[1,0],[57,314]]
[[0,0],[1,0],[155,314]]
[[0,0],[1,0],[93,314]]
[[0,0],[1,0],[97,314]]
[[0,0],[1,0],[158,314]]
[[0,0],[1,0],[89,314]]
[[0,0],[1,0],[277,314]]
[[0,0],[1,0],[77,314]]
[[0,0],[1,0],[61,314]]
[[0,0],[1,0],[23,314]]
[[0,0],[1,0],[5,314]]
[[0,0],[1,0],[113,314]]
[[0,0],[1,0],[239,314]]
[[0,0],[1,0],[167,314]]
[[0,0],[1,0],[3,314]]
[[0,0],[1,0],[49,314]]
[[0,0],[1,0],[25,314]]
[[0,0],[1,0],[151,314]]
[[0,0],[1,0],[149,314]]
[[0,0],[1,0],[83,314]]
[[0,0],[1,0],[173,314]]
[[0,0],[1,0],[27,314]]
[[0,0],[1,0],[249,314]]
[[0,0],[1,0],[59,314]]
[[0,0],[1,0],[111,314]]
[[0,0],[1,0],[131,314]]
[[0,0],[1,0],[29,314]]
[[0,0],[1,0],[95,314]]
[[0,0],[1,0],[199,314]]
[[0,0],[1,0],[181,314]]
[[0,0],[1,0],[67,314]]
[[0,0],[1,0],[123,314]]
[[0,0],[1,0],[13,314]]
[[0,0],[1,0],[9,314]]
[[0,0],[1,0],[53,314]]
[[0,0],[1,0],[11,314]]
[[0,0],[1,0],[47,314]]
[[0,0],[1,0],[17,314]]
[[0,0],[1,0],[91,314]]
[[0,0],[1,0],[137,314]]
[[0,0],[1,0],[81,314]]
[[0,0],[1,0],[293,314]]
[[0,0],[1,0],[197,314]]
[[0,0],[1,0],[169,314]]
[[0,0],[1,0],[107,314]]
[[0,0],[1,0],[103,314]]
[[0,0],[1,0],[7,314]]
[[0,0],[1,0],[39,314]]
[[0,0],[1,0],[73,314]]
[[0,0],[1,0],[175,314]]
[[0,0],[1,0],[189,314]]
[[0,0],[1,0],[51,314]]
[[0,0],[1,0],[109,314]]
[[0,0],[1,0],[85,314]]
[[0,0],[1,0],[71,314]]
