[[0,0],[3,0],[78,105]]
[[0,0],[3,0],[12,105]]
[[0,0],[1,0],[267,315]]
[[0,0],[1,0],[295,315]]
[[0,0],[1,0],[121,315]]
[[0,0],[1,0],[52,315]]
[[0,0],[1,0],[176,315]]
[[0,0],[1,0],[309,315]]
[[0,0],[1,0],[26,315]]
[[0,0],[1,0],[92,315]]
[[0,0],[1,0],[47,315]]
[[0,0],[3,0],[9,105]]
[[0,0],[1,0],[276,315]]
[[0,0],[3,0],[18,105]]
[[0,0],[1,0],[8,315]]
[[0,0],[3,0],[10,105]]
[[0,0],[1,0],[291,315]]
[[0,0],[1,0],[154,315]]
[[0,0],[1,0],[100,315]]
[[0,0],[3,0],[87,105]]
[[0,0],[1,0],[74,315]]
[[0,0],[3,0],[45,105]]
[[0,0],[1,0],[184,315]]
[[0,0],[3,0],[33,105]]
[[0,0],[1,0],[218,315]]
[[0,0],[1,0],[201,315]]
[[0,0],[1,0],[10,315]]
[[0,0],[1,0],[301,315]]
[[0,0],[1,0],[46,315]]
[[0,0],[1,0],[51,315]]
[[0,0],[1,0],[163,315]]
[[0,0],[1,0],[4,315]]
[[0,0],[1,0],[155,315]]
[[0,0],[1,0],[178,315]]
[[0,0],[1,0],[190,315]]
[[0,0],[1,0],[36,315]]
[[0,0],[3,0],[3,105]]
[[0,0],[1,0],[106,315]]
[[0,0],[1,0],[55,315]]
[[0,0],[1,0],[41,315]]
[[0,0],[1,0],[260,315]]
[[0,0],[1,0],[183,315]]
[[0,0],[1,0],[58,315]]
[[0,0],[1,0],[64,315]]
[[0,0],[1,0],[37,315]]
[[0,0],[1,0],[66,315]]
[[0,0],[1,0],[196,315]]
[[0,0],[1,0],[229,315]]
[[0,0],[1,0],[6,315]]
[[0,0],[1,0],[217,315]]
[[0,0],[1,0],[2,315]]
[[0,0],[5,0],[14,63]]
[[0,0],[1,0],[17,315]]
[[0,0],[1,0],[1,315]]
[[0,0],[1,0],[169,315]]
[[0,0],[1,0],[134,315]]
[[0,0],[1,0],[91,315]]
[[0,0],[1,0],[127,315]]
[[0,0],[1,0],[116,315]]
[[0,0],[1,0],[142,315]]
[[0,0],[1,0],[122,315]]
[[0,0],[1,0],[53,315]]
[[0,0],[1,0],[57,315]]
[[0,0],[1,0],[141,315]]
[[0,0],[1,0],[109,315]]
[[0,0],[1,0],[67,315]]
[[0,0],[1,0],[204,315]]
[[0,0],[1,0],[145,315]]
[[0,0],[3,0],[6,105]]
[[0,0],[1,0],[208,315]]
[[0,0],[1,0],[202,315]]
[[0,0],[1,0],[96,315]]
[[0,0],[1,0],[22,315]]
[[0,0],[1,0],[181,315]]
[[0,0],[3,0],[24,105]]
[[0,0],[1,0],[71,315]]
[[0,0],[1,0],[186,315]]
[[0,0],[1,0],[148,315]]
[[0,0],[1,0],[31,315]]
[[0,0],[1,0],[28,315]]
[[0,0],[1,0],[246,315]]
[[0,0],[3,0],[80,105]]
[[0,0],[1,0],[236,315]]
[[0,0],[1,0],[157,315]]
[[0,0],[1,0],[166,315]]
[[0,0],[1,0],[101,315]]
[[0,0],[1,0],[136,315]]
[[0,0],[1,0],[235,315]]
[[0,0],[1,0],[118,315]]
[[0,0],[1,0],[76,315]]
[[0,0],[1,0],[244,315]]
[[0,0],[1,0],[156,315]]
[[0,0],[1,0],[94,315]]
[[0,0],[1,0],[78,315]]
[[0,0],[1,0],[73,315]]
[[0,0],[1,0],[32,315]]
[[0,0],[1,0],[111,315]]
[[0,0],[1,0],[191,315]]
[[0,0],[1,0],[50,315]]
[[0,0],[1,0],[11,315]]
[[0,0],[1,0],[13,315]]
[[0,0],[1,0],[85,315]]
[[0,0],[1,0],[23,315]]
[[0,0],[1,0],[88,315]]
[[0,0],[1,0],[187,315]]
[[0,0],[1,0],[19,315]]
[[0,0],[1,0],[34,315]]
[[0,0],[1,0],[29,315]]
[[0,0],[1,0],[251,315]]
[[0,0],[1,0],[16,315]]
