[[0,0],[1,0],[121,318]]
[[0,0],[1,0],[79,318]]
[[0,0],[1,0],[167,318]]
[[0,0],[1,0],[112,318]]
[[0,0],[1,0],[52,318]]
[[0,0],[1,0],[266,318]]
[[0,0],[1,0],[47,318]]
[[0,0],[1,0],[130,318]]
[[0,0],[1,0],[154,318]]
[[0,0],[1,0],[238,318]]
[[0,0],[1,0],[100,318]]
[[0,0],[1,0],[25,318]]
[[0,0],[1,0],[269,318]]
[[0,0],[1,0],[223,318]]
[[0,0],[1,0],[184,318]]
[[0,0],[1,0],[214,318]]
[[0,0],[1,0],[213,318]]
[[0,0],[1,0],[143,318]]
[[0,0],[1,0],[5,318]]
[[0,0],[1,0],[125,318]]
[[0,0],[1,0],[61,318]]
[[0,0],[1,0],[35,318]]
[[0,0],[1,0],[46,318]]
[[0,0],[1,0],[163,318]]
[[0,0],[1,0],[97,318]]
[[0,0],[1,0],[10,318]]
[[0,0],[1,0],[185,318]]
[[0,0],[1,0],[82,318]]
[[0,0],[1,0],[139,318]]
[[0,0],[1,0],[256,318]]
[[0,0],[1,0],[190,318]]
[[0,0],[1,0],[4,318]]
[[0,0],[1,0],[161,318]]
[[0,0],[1,0],[40,318]]
[[0,0],[1,0],[54,318]]
[[0,0],[1,0],[178,318]]
[[0,0],[1,0],[316,318]]
[[0,0],[1,0],[41,318]]
[[0,0],[1,0],[55,318]]
[[0,0],[1,0],[317,318]]
[[0,0],[1,0],[292,318]]
[[0,0],[1,0],[64,318]]
[[0,0],[1,0],[274,318]]
[[0,0],[1,0],[268,318]]
[[0,0],[1,0],[58,318]]
[[0,0],[1,0],[280,318]]
[[0,0],[1,0],[37,318]]
[[0,0],[1,0],[17,318]]
[[0,0],[1,0],[196,318]]
[[0,0],[1,0],[286,318]]
[[0,0],[1,0],[1,318]]
[[0,0],[1,0],[169,318]]
[[0,0],[1,0],[142,318]]
[[0,0],[1,0],[127,318]]
[[0,0],[1,0],[227,318]]
[[0,0],[1,0],[211,318]]
[[0,0],[1,0],[109,318]]
[[0,0],[1,0],[145,318]]
[[0,0],[2,0],[108,159]]
[[0,0],[1,0],[70,318]]
[[0,0],[1,0],[208,318]]
[[0,0],[1,0],[172,318]]
[[0,0],[1,0],[232,318]]
[[0,0],[1,0],[298,318]]
[[0,0],[1,0],[22,318]]
[[0,0],[1,0],[275,318]]
[[0,0],[1,0],[202,318]]
[[0,0],[1,0],[181,318]]
[[0,0],[1,0],[124,318]]
[[0,0],[1,0],[113,318]]
[[0,0],[1,0],[71,318]]
[[0,0],[1,0],[289,318]]
[[0,0],[1,0],[226,318]]
[[0,0],[1,0],[166,318]]
[[0,0],[1,0],[262,318]]
[[0,0],[1,0],[148,318]]
[[0,0],[1,0],[31,318]]
[[0,0],[1,0],[136,318]]
[[0,0],[1,0],[28,318]]
[[0,0],[1,0],[310,318]]
[[0,0],[1,0],[235,318]]
[[0,0],[1,0],[101,318]]
[[0,0],[1,0],[118,318]]
[[0,0],[1,0],[115,318]]
[[0,0],[1,0],[103,318]]
[[0,0],[1,0],[76,318]]
[[0,0],[1,0],[94,318]]
[[0,0],[1,0],[244,318]]
[[0,0],[1,0],[11,318]]
[[0,0],[1,0],[304,318]]
[[0,0],[1,0],[107,318]]
[[0,0],[1,0],[250,318]]
[[0,0],[1,0],[65,318]]
[[0,0],[1,0],[59,318]]
[[0,0],[1,0],[13,318]]
[[0,0],[1,0],[85,318]]
[[0,0],[1,0],[77,318]]
[[0,0],[1,0],[187,318]]
[[0,0],[1,0],[88,318]]
[[0,0],[1,0],[23,318]]
[[0,0],[1,0],[19,318]]
[[0,0],[1,0],[220,318]]
[[0,0],[1,0],[160,318]]
[[0,0],[1,0],[119,318]]
[[0,0],[1,0],[251,318]]
[[0,0],[1,0],[89,318]]
[[0,0],[1,0],[34,318]]
[[0,0],[1,0],[16,318]]
[[0,0],[1,0],[7,318]]
[[0,0],[1,0],[245,318]]
