[[0,0],[1,0],[33,323]]
[[0,0],[1,0],[20,323]]
[[0,0],[1,0],[188,323]]
[[0,0],[1,0],[49,323]]
[[0,0],[1,0],[50,323]]
[[0,0],[1,0],[22,323]]
[[0,0],[1,0],[96,323]]
[[0,0],[1,0],[32,323]]
[[0,0],[1,0],[7,323]]
[[0,0],[1,0],[86,323]]
[[0,0],[1,0],[41,323]]
[[0,0],[1,0],[26,323]]
[[0,0],[1,0],[115,323]]
[[0,0],[1,0],[77,323]]
[[0,0],[1,0],[31,323]]
[[0,0],[1,0],[9,323]]
[[0,0],[1,0],[40,323]]
[[0,0],[1,0],[53,323]]
[[0,0],[1,0],[66,323]]
[[0,0],[1,0],[239,323]]
[[0,0],[1,0],[29,323]]
[[0,0],[1,0],[137,323]]
[[0,0],[1,0],[69,323]]
[[0,0],[1,0],[12,323]]
[[0,0],[1,0],[116,323]]
[[0,0],[1,0],[16,323]]
[[0,0],[1,0],[72,323]]
[[0,0],[1,0],[222,323]]
[[0,0],[1,0],[48,323]]
[[0,0],[1,0],[83,323]]
[[0,0],[1,0],[14,323]]
[[0,0],[1,0],[73,323]]
[[0,0],[1,0],[153,323]]
[[0,0],[1,0],[10,323]]
[[0,0],[1,0],[65,323]]
[[0,0],[1,0],[61,323]]
[[0,0],[1,0],[15,323]]
[[0,0],[1,0],[11,323]]
[[0,0],[1,0],[3,323]]
[[0,0],[1,0],[1,323]]
[[0,0],[1,0],[42,323]]
[[0,0],[1,0],[5,323]]
[[0,0],[1,0],[35,323]]
[[0,0],[1,0],[13,323]]
[[0,0],[1,0],[2,323]]
[[0,0],[1,0],[62,323]]
[[0,0],[1,0],[134,323]]
[[0,0],[1,0],[305,323]]
[[0,0],[1,0],[21,323]]
[[0,0],[1,0],[39,323]]
[[0,0],[1,0],[25,323]]
[[0,0],[1,0],[4,323]]
[[0,0],[1,0],[80,323]]
[[0,0],[1,0],[6,323]]
[[0,0],[1,0],[60,323]]
[[0,0],[1,0],[18,323]]
[[0,0],[1,0],[30,323]]
[[0,0],[1,0],[67,323]]
[[0,0],[1,0],[8,323]]
[[0,0],[1,0],[117,323]]
[[0,0],[1,0],[248,323]]
[[0,0],[1,0],[52,323]]
