[[0,0],[1,0],[251,332]]
[[0,0],[1,0],[49,332]]
[[0,0],[1,0],[107,332]]
[[0,0],[1,0],[33,332]]
[[0,0],[1,0],[197,332]]
[[0,0],[1,0],[181,332]]
[[0,0],[1,0],[69,332]]
[[0,0],[1,0],[1,332]]
[[0,0],[1,0],[65,332]]
[[0,0],[1,0],[207,332]]
[[0,0],[1,0],[137,332]]
[[0,0],[1,0],[7,332]]
[[0,0],[1,0],[89,332]]
[[0,0],[1,0],[149,332]]
[[0,0],[1,0],[91,332]]
[[0,0],[1,0],[173,332]]
[[0,0],[1,0],[185,332]]
[[0,0],[1,0],[73,332]]
[[0,0],[2,0],[2,166]]
[[0,0],[1,0],[39,332]]
[[0,0],[1,0],[191,332]]
[[0,0],[1,0],[99,332]]
[[0,0],[1,0],[129,332]]
[[0,0],[1,0],[43,332]]
[[0,0],[1,0],[127,332]]
[[0,0],[1,0],[21,332]]
[[0,0],[2,0],[22,166]]
[[0,0],[2,0],[20,166]]
[[0,0],[1,0],[9,332]]
[[0,0],[1,0],[101,332]]
[[0,0],[1,0],[71,332]]
[[0,0],[1,0],[331,332]]
[[0,0],[1,0],[59,332]]
[[0,0],[1,0],[297,332]]
[[0,0],[1,0],[85,332]]
[[0,0],[1,0],[11,332]]
[[0,0],[1,0],[255,332]]
[[0,0],[1,0],[63,332]]
[[0,0],[2,0],[16,166]]
[[0,0],[2,0],[4,166]]
[[0,0],[1,0],[115,332]]
[[0,0],[1,0],[57,332]]
[[0,0],[1,0],[13,332]]
[[0,0],[1,0],[143,332]]
[[0,0],[2,0],[14,166]]
[[0,0],[1,0],[41,332]]
[[0,0],[1,0],[3,332]]
[[0,0],[2,0],[34,166]]
[[0,0],[1,0],[51,332]]
[[0,0],[1,0],[113,332]]
[[0,0],[1,0],[257,332]]
[[0,0],[1,0],[215,332]]
[[0,0],[1,0],[17,332]]
[[0,0],[1,0],[169,332]]
[[0,0],[1,0],[167,332]]
[[0,0],[1,0],[121,332]]
[[0,0],[1,0],[15,332]]
[[0,0],[1,0],[239,332]]
[[0,0],[1,0],[175,332]]
[[0,0],[1,0],[295,332]]
[[0,0],[1,0],[47,332]]
[[0,0],[1,0],[177,332]]
[[0,0],[1,0],[67,332]]
[[0,0],[2,0],[6,166]]
[[0,0],[1,0],[250,332]]
[[0,0],[1,0],[165,332]]
[[0,0],[1,0],[79,332]]
[[0,0],[1,0],[145,332]]
[[0,0],[1,0],[153,332]]
[[0,0],[1,0],[119,332]]
[[0,0],[1,0],[237,332]]
[[0,0],[2,0],[8,166]]
[[0,0],[2,0],[36,166]]
[[0,0],[1,0],[199,332]]
[[0,0],[1,0],[103,332]]
[[0,0],[1,0],[55,332]]
[[0,0],[2,0],[38,166]]
[[0,0],[1,0],[29,332]]
[[0,0],[1,0],[25,332]]
[[0,0],[1,0],[131,332]]
[[0,0],[2,0],[18,166]]
[[0,0],[1,0],[109,332]]
[[0,0],[1,0],[87,332]]
[[0,0],[1,0],[31,332]]
[[0,0],[1,0],[193,332]]
[[0,0],[1,0],[19,332]]
[[0,0],[2,0],[40,166]]
[[0,0],[1,0],[5,332]]
[[0,0],[1,0],[209,332]]
[[0,0],[2,0],[10,166]]
[[0,0],[1,0],[45,332]]
[[0,0],[1,0],[271,332]]
[[0,0],[1,0],[27,332]]
[[0,0],[1,0],[53,332]]
[[0,0],[1,0],[105,332]]
[[0,0],[1,0],[235,332]]
[[0,0],[1,0],[23,332]]
[[0,0],[1,0],[171,332]]
[[0,0],[1,0],[221,332]]
[[0,0],[1,0],[84,332]]
[[0,0],[2,0],[12,166]]
