[[0,0],[1,0],[146,335]]
[[0,0],[1,0],[269,335]]
[[0,0],[1,0],[36,335]]
[[0,0],[1,0],[101,335]]
[[0,0],[1,0],[86,335]]
[[0,0],[1,0],[27,335]]
[[0,0],[1,0],[76,335]]
[[0,0],[1,0],[96,335]]
[[0,0],[1,0],[191,335]]
[[0,0],[1,0],[251,335]]
[[0,0],[1,0],[26,335]]
[[0,0],[1,0],[32,335]]
[[0,0],[1,0],[77,335]]
[[0,0],[1,0],[31,335]]
[[0,0],[1,0],[41,335]]
[[0,0],[1,0],[34,335]]
[[0,0],[1,0],[266,335]]
[[0,0],[1,0],[7,335]]
[[0,0],[1,0],[9,335]]
[[0,0],[1,0],[311,335]]
[[0,0],[1,0],[181,335]]
[[0,0],[1,0],[72,335]]
[[0,0],[1,0],[12,335]]
[[0,0],[1,0],[83,335]]
[[0,0],[1,0],[109,335]]
[[0,0],[1,0],[71,335]]
[[0,0],[1,0],[53,335]]
[[0,0],[1,0],[66,335]]
[[0,0],[1,0],[74,335]]
[[0,0],[1,0],[236,335]]
[[0,0],[1,0],[176,335]]
[[0,0],[1,0],[111,335]]
[[0,0],[1,0],[16,335]]
[[0,0],[1,0],[3,335]]
[[0,0],[1,0],[23,335]]
[[0,0],[1,0],[186,335]]
[[0,0],[1,0],[14,335]]
[[0,0],[1,0],[1,335]]
[[0,0],[1,0],[73,335]]
[[0,0],[1,0],[126,335]]
[[0,0],[1,0],[46,335]]
[[0,0],[1,0],[37,335]]
[[0,0],[1,0],[11,335]]
[[0,0],[1,0],[64,335]]
[[0,0],[1,0],[38,335]]
[[0,0],[1,0],[13,335]]
[[0,0],[1,0],[82,335]]
[[0,0],[1,0],[124,335]]
[[0,0],[1,0],[135,335]]
[[0,0],[1,0],[131,335]]
[[0,0],[1,0],[44,335]]
[[0,0],[1,0],[47,335]]
[[0,0],[1,0],[6,335]]
[[0,0],[1,0],[196,335]]
[[0,0],[1,0],[246,335]]
[[0,0],[1,0],[2,335]]
[[0,0],[1,0],[123,335]]
[[0,0],[1,0],[106,335]]
[[0,0],[1,0],[8,335]]
[[0,0],[1,0],[39,335]]
[[0,0],[1,0],[4,335]]
[[0,0],[1,0],[141,335]]
[[0,0],[1,0],[17,335]]
[[0,0],[1,0],[81,335]]
[[0,0],[1,0],[33,335]]
[[0,0],[1,0],[68,335]]
[[0,0],[1,0],[161,335]]
[[0,0],[1,0],[231,335]]
[[0,0],[1,0],[18,335]]
[[0,0],[1,0],[19,335]]
