[[0,0],[1,0],[129,336]]
[[0,0],[1,0],[67,336]]
[[0,0],[1,0],[49,336]]
[[0,0],[1,0],[95,336]]
[[0,0],[1,0],[149,336]]
[[0,0],[1,0],[148,336]]
[[0,0],[1,0],[13,336]]
[[0,0],[1,0],[106,336]]
[[0,0],[1,0],[33,336]]
[[0,0],[1,0],[71,336]]
[[0,0],[1,0],[125,336]]
[[0,0],[1,0],[250,336]]
[[0,0],[1,0],[79,336]]
[[0,0],[1,0],[15,336]]
[[0,0],[3,0],[108,112]]
[[0,0],[1,0],[232,336]]
[[0,0],[1,0],[178,336]]
[[0,0],[4,0],[52,84]]
[[0,0],[2,0],[128,168]]
[[0,0],[1,0],[201,336]]
[[0,0],[1,0],[239,336]]
[[0,0],[1,0],[301,336]]
[[0,0],[2,0],[116,168]]
[[0,0],[1,0],[25,336]]
[[0,0],[1,0],[209,336]]
[[0,0],[1,0],[113,336]]
[[0,0],[1,0],[73,336]]
[[0,0],[1,0],[61,336]]
[[0,0],[2,0],[93,168]]
[[0,0],[2,0],[100,168]]
[[0,0],[1,0],[99,336]]
[[0,0],[4,0],[8,84]]
[[0,0],[2,0],[106,168]]
[[0,0],[2,0],[68,168]]
[[0,0],[2,0],[20,168]]
[[0,0],[1,0],[215,336]]
[[0,0],[1,0],[298,336]]
[[0,0],[1,0],[142,336]]
[[0,0],[1,0],[23,336]]
[[0,0],[1,0],[82,336]]
[[0,0],[2,0],[92,168]]
[[0,0],[1,0],[5,336]]
[[0,0],[2,0],[138,168]]
[[0,0],[1,0],[285,336]]
[[0,0],[1,0],[163,336]]
[[0,0],[1,0],[31,336]]
[[0,0],[2,0],[156,168]]
[[0,0],[4,0],[4,84]]
[[0,0],[2,0],[18,168]]
[[0,0],[1,0],[130,336]]
[[0,0],[1,0],[302,336]]
[[0,0],[1,0],[55,336]]
[[0,0],[2,0],[50,168]]
[[0,0],[1,0],[190,336]]
[[0,0],[1,0],[237,336]]
[[0,0],[1,0],[155,336]]
[[0,0],[2,0],[58,168]]
[[0,0],[1,0],[65,336]]
[[0,0],[1,0],[64,336]]
[[0,0],[1,0],[81,336]]
[[0,0],[1,0],[162,336]]
[[0,0],[2,0],[142,168]]
[[0,0],[1,0],[41,336]]
[[0,0],[2,0],[26,168]]
[[0,0],[1,0],[166,336]]
[[0,0],[1,0],[58,336]]
[[0,0],[1,0],[101,336]]
[[0,0],[1,0],[151,336]]
[[0,0],[1,0],[46,336]]
[[0,0],[2,0],[94,168]]
[[0,0],[2,0],[16,168]]
[[0,0],[2,0],[162,168]]
[[0,0],[2,0],[44,168]]
[[0,0],[2,0],[166,168]]
[[0,0],[1,0],[227,336]]
[[0,0],[1,0],[246,336]]
[[0,0],[1,0],[165,336]]
[[0,0],[2,0],[9,168]]
[[0,0],[1,0],[118,336]]
[[0,0],[1,0],[115,336]]
[[0,0],[1,0],[274,336]]
[[0,0],[1,0],[45,336]]
[[0,0],[1,0],[321,336]]
[[0,0],[2,0],[164,168]]
[[0,0],[4,0],[18,84]]
[[0,0],[1,0],[295,336]]
[[0,0],[1,0],[137,336]]
[[0,0],[1,0],[213,336]]
[[0,0],[2,0],[22,168]]
[[0,0],[1,0],[37,336]]
[[0,0],[1,0],[17,336]]
[[0,0],[4,0],[16,84]]
[[0,0],[1,0],[47,336]]
[[0,0],[1,0],[57,336]]
[[0,0],[1,0],[94,336]]
[[0,0],[1,0],[97,336]]
[[0,0],[1,0],[316,336]]
[[0,0],[1,0],[103,336]]
[[0,0],[1,0],[89,336]]
[[0,0],[1,0],[34,336]]
[[0,0],[4,0],[20,84]]
[[0,0],[1,0],[309,336]]
[[0,0],[2,0],[2,168]]
[[0,0],[1,0],[107,336]]
[[0,0],[6,0],[48,56]]
[[0,0],[2,0],[38,168]]
[[0,0],[4,0],[32,84]]
[[0,0],[1,0],[11,336]]
[[0,0],[1,0],[141,336]]
[[0,0],[1,0],[10,336]]
[[0,0],[1,0],[19,336]]
[[0,0],[1,0],[183,336]]
[[0,0],[1,0],[193,336]]
[[0,0],[2,0],[135,168]]
[[0,0],[1,0],[217,336]]
[[0,0],[1,0],[83,336]]
[[0,0],[1,0],[214,336]]
[[0,0],[4,0],[60,84]]
[[0,0],[3,0],[52,112]]
[[0,0],[1,0],[50,336]]
[[0,0],[2,0],[30,168]]
[[0,0],[1,0],[281,336]]
[[0,0],[1,0],[249,336]]
[[0,0],[1,0],[78,336]]
[[0,0],[1,0],[334,336]]
[[0,0],[1,0],[133,336]]
[[0,0],[1,0],[43,336]]
[[0,0],[1,0],[59,336]]
[[0,0],[1,0],[202,336]]
[[0,0],[2,0],[10,168]]
[[0,0],[1,0],[1,336]]
[[0,0],[1,0],[267,336]]
[[0,0],[1,0],[218,336]]
[[0,0],[1,0],[205,336]]
[[0,0],[1,0],[93,336]]
[[0,0],[1,0],[53,336]]
[[0,0],[1,0],[167,336]]
[[0,0],[1,0],[329,336]]
[[0,0],[1,0],[92,336]]
[[0,0],[1,0],[22,336]]
[[0,0],[2,0],[98,168]]
[[0,0],[2,0],[122,168]]
[[0,0],[1,0],[262,336]]
[[0,0],[1,0],[223,336]]
[[0,0],[1,0],[286,336]]
[[0,0],[1,0],[225,336]]
[[0,0],[1,0],[226,336]]
[[0,0],[2,0],[82,168]]
[[0,0],[4,0],[40,84]]
[[0,0],[2,0],[110,168]]
[[0,0],[1,0],[85,336]]
[[0,0],[2,0],[51,168]]
[[0,0],[1,0],[169,336]]
[[0,0],[1,0],[177,336]]
[[0,0],[1,0],[29,336]]
[[0,0],[1,0],[335,336]]
[[0,0],[1,0],[145,336]]
[[0,0],[1,0],[333,336]]
[[0,0],[1,0],[260,336]]
[[0,0],[2,0],[114,168]]
[[0,0],[3,0],[35,112]]
[[0,0],[1,0],[9,336]]
[[0,0],[1,0],[117,336]]
[[0,0],[2,0],[86,168]]
[[0,0],[3,0],[91,112]]
[[0,0],[1,0],[157,336]]
[[0,0],[1,0],[134,336]]
[[0,0],[1,0],[139,336]]
[[0,0],[2,0],[66,168]]
[[0,0],[1,0],[261,336]]
[[0,0],[1,0],[69,336]]
[[0,0],[1,0],[127,336]]
[[0,0],[1,0],[330,336]]
[[0,0],[1,0],[310,336]]
[[0,0],[2,0],[134,168]]
[[0,0],[1,0],[161,336]]
[[0,0],[1,0],[297,336]]
[[0,0],[1,0],[153,336]]
[[0,0],[1,0],[265,336]]
[[0,0],[2,0],[90,168]]
