[[0,0],[1,0],[30,337]]
[[0,0],[1,0],[67,337]]
[[0,0],[1,0],[7,337]]
[[0,0],[1,0],[36,337]]
[[0,0],[1,0],[17,337]]
[[0,0],[1,0],[70,337]]
[[0,0],[1,0],[81,337]]
[[0,0],[1,0],[40,337]]
[[0,0],[1,0],[51,337]]
[[0,0],[1,0],[69,337]]
[[0,0],[1,0],[12,337]]
[[0,0],[1,0],[58,337]]
[[0,0],[1,0],[96,337]]
[[0,0],[1,0],[34,337]]
[[0,0],[1,0],[86,337]]
[[0,0],[1,0],[16,337]]
[[0,0],[1,0],[32,337]]
[[0,0],[1,0],[14,337]]
[[0,0],[1,0],[63,337]]
[[0,0],[1,0],[37,337]]
[[0,0],[1,0],[10,337]]
[[0,0],[1,0],[15,337]]
[[0,0],[1,0],[31,337]]
[[0,0],[1,0],[41,337]]
[[0,0],[1,0],[65,337]]
[[0,0],[1,0],[9,337]]
[[0,0],[1,0],[66,337]]
[[0,0],[1,0],[11,337]]
[[0,0],[1,0],[129,337]]
[[0,0],[1,0],[53,337]]
[[0,0],[1,0],[91,337]]
[[0,0],[1,0],[1,337]]
[[0,0],[1,0],[23,337]]
[[0,0],[1,0],[5,337]]
[[0,0],[1,0],[13,337]]
[[0,0],[1,0],[38,337]]
[[0,0],[1,0],[39,337]]
[[0,0],[1,0],[151,337]]
[[0,0],[1,0],[61,337]]
[[0,0],[1,0],[6,337]]
[[0,0],[1,0],[3,337]]
[[0,0],[1,0],[106,337]]
[[0,0],[1,0],[18,337]]
[[0,0],[1,0],[64,337]]
[[0,0],[1,0],[35,337]]
[[0,0],[1,0],[2,337]]
[[0,0],[1,0],[8,337]]
[[0,0],[1,0],[62,337]]
[[0,0],[1,0],[52,337]]
[[0,0],[1,0],[33,337]]
[[0,0],[1,0],[4,337]]
[[0,0],[1,0],[99,337]]
[[0,0],[1,0],[20,337]]
[[0,0],[1,0],[54,337]]
[[0,0],[1,0],[19,337]]
[[0,0],[1,0],[68,337]]
[[0,0],[1,0],[95,337]]
[[0,0],[1,0],[50,337]]
