[[0,0],[1,0],[141,338]]
[[0,0],[1,0],[227,338]]
[[0,0],[1,0],[144,338]]
[[0,0],[1,0],[33,338]]
[[0,0],[1,0],[7,338]]
[[0,0],[1,0],[1,338]]
[[0,0],[1,0],[248,338]]
[[0,0],[1,0],[249,338]]
[[0,0],[1,0],[185,338]]
[[0,0],[1,0],[75,338]]
[[0,0],[1,0],[101,338]]
[[0,0],[1,0],[43,338]]
[[0,0],[1,0],[159,338]]
[[0,0],[1,0],[222,338]]
[[0,0],[1,0],[137,338]]
[[0,0],[1,0],[163,338]]
[[0,0],[1,0],[49,338]]
[[0,0],[1,0],[274,338]]
[[0,0],[1,0],[71,338]]
[[0,0],[1,0],[205,338]]
[[0,0],[1,0],[37,338]]
[[0,0],[1,0],[129,338]]
[[0,0],[1,0],[149,338]]
[[0,0],[1,0],[14,338]]
[[0,0],[1,0],[73,338]]
[[0,0],[1,0],[95,338]]
[[0,0],[1,0],[11,338]]
[[0,0],[1,0],[21,338]]
[[0,0],[13,0],[13,26]]
[[0,0],[1,0],[57,338]]
[[0,0],[1,0],[9,338]]
[[0,0],[1,0],[225,338]]
[[0,0],[1,0],[191,338]]
[[0,0],[1,0],[118,338]]
[[0,0],[1,0],[85,338]]
[[0,0],[1,0],[127,338]]
[[0,0],[1,0],[297,338]]
[[0,0],[1,0],[99,338]]
[[0,0],[1,0],[61,338]]
[[0,0],[1,0],[83,338]]
[[0,0],[1,0],[59,338]]
[[0,0],[1,0],[167,338]]
[[0,0],[1,0],[121,338]]
[[0,0],[1,0],[51,338]]
[[0,0],[1,0],[165,338]]
[[0,0],[1,0],[63,338]]
[[0,0],[1,0],[15,338]]
[[0,0],[1,0],[40,338]]
[[0,0],[1,0],[47,338]]
[[0,0],[1,0],[215,338]]
[[0,0],[1,0],[81,338]]
[[0,0],[1,0],[151,338]]
[[0,0],[1,0],[79,338]]
[[0,0],[1,0],[3,338]]
[[0,0],[1,0],[199,338]]
[[0,0],[1,0],[103,338]]
[[0,0],[1,0],[269,338]]
[[0,0],[1,0],[157,338]]
[[0,0],[1,0],[135,338]]
[[0,0],[1,0],[17,338]]
[[0,0],[1,0],[25,338]]
[[0,0],[1,0],[177,338]]
[[0,0],[1,0],[5,338]]
[[0,0],[1,0],[223,338]]
[[0,0],[1,0],[109,338]]
[[0,0],[1,0],[119,338]]
[[0,0],[1,0],[155,338]]
[[0,0],[1,0],[67,338]]
[[0,0],[1,0],[77,338]]
[[0,0],[1,0],[55,338]]
[[0,0],[1,0],[193,338]]
[[0,0],[1,0],[125,338]]
[[0,0],[1,0],[97,338]]
[[0,0],[1,0],[303,338]]
[[0,0],[1,0],[45,338]]
[[0,0],[1,0],[19,338]]
[[0,0],[1,0],[87,338]]
[[0,0],[1,0],[29,338]]
[[0,0],[1,0],[66,338]]
[[0,0],[1,0],[93,338]]
[[0,0],[1,0],[300,338]]
[[0,0],[1,0],[196,338]]
[[0,0],[1,0],[170,338]]
[[0,0],[1,0],[326,338]]
[[0,0],[1,0],[31,338]]
[[0,0],[1,0],[92,338]]
[[0,0],[1,0],[53,338]]
[[0,0],[1,0],[131,338]]
[[0,0],[1,0],[27,338]]
[[0,0],[1,0],[337,338]]
[[0,0],[1,0],[107,338]]
[[0,0],[1,0],[105,338]]
[[0,0],[1,0],[23,338]]
