[[0,0],[1,0],[50,339]]
[[0,0],[1,0],[67,339]]
[[0,0],[1,0],[187,339]]
[[0,0],[1,0],[169,339]]
[[0,0],[1,0],[7,339]]
[[0,0],[1,0],[17,339]]
[[0,0],[1,0],[115,339]]
[[0,0],[1,0],[223,339]]
[[0,0],[1,0],[70,339]]
[[0,0],[1,0],[208,339]]
[[0,0],[1,0],[40,339]]
[[0,0],[1,0],[71,339]]
[[0,0],[1,0],[319,339]]
[[0,0],[1,0],[43,339]]
[[0,0],[1,0],[49,339]]
[[0,0],[1,0],[250,339]]
[[0,0],[1,0],[22,339]]
[[0,0],[1,0],[58,339]]
[[0,0],[1,0],[148,339]]
[[0,0],[1,0],[32,339]]
[[0,0],[1,0],[16,339]]
[[0,0],[1,0],[238,339]]
[[0,0],[1,0],[136,339]]
[[0,0],[1,0],[14,339]]
[[0,0],[1,0],[37,339]]
[[0,0],[1,0],[280,339]]
[[0,0],[1,0],[41,339]]
[[0,0],[1,0],[79,339]]
[[0,0],[1,0],[46,339]]
[[0,0],[1,0],[10,339]]
[[0,0],[1,0],[65,339]]
[[0,0],[1,0],[31,339]]
[[0,0],[1,0],[82,339]]
[[0,0],[1,0],[193,339]]
[[0,0],[1,0],[11,339]]
[[0,0],[1,0],[29,339]]
[[0,0],[1,0],[91,339]]
[[0,0],[1,0],[137,339]]
[[0,0],[1,0],[1,339]]
[[0,0],[1,0],[157,339]]
[[0,0],[1,0],[5,339]]
[[0,0],[1,0],[23,339]]
[[0,0],[1,0],[13,339]]
[[0,0],[1,0],[121,339]]
[[0,0],[1,0],[211,339]]
[[0,0],[1,0],[44,339]]
[[0,0],[1,0],[38,339]]
[[0,0],[1,0],[112,339]]
[[0,0],[1,0],[47,339]]
[[0,0],[1,0],[25,339]]
[[0,0],[1,0],[130,339]]
[[0,0],[1,0],[73,339]]
[[0,0],[1,0],[80,339]]
[[0,0],[1,0],[114,339]]
[[0,0],[1,0],[61,339]]
[[0,0],[1,0],[151,339]]
[[0,0],[1,0],[154,339]]
[[0,0],[1,0],[64,339]]
[[0,0],[1,0],[145,339]]
[[0,0],[1,0],[286,339]]
[[0,0],[1,0],[124,339]]
[[0,0],[1,0],[8,339]]
[[0,0],[1,0],[88,339]]
[[0,0],[1,0],[2,339]]
[[0,0],[1,0],[28,339]]
[[0,0],[1,0],[127,339]]
[[0,0],[1,0],[52,339]]
[[0,0],[1,0],[118,339]]
[[0,0],[1,0],[4,339]]
[[0,0],[1,0],[94,339]]
[[0,0],[1,0],[100,339]]
[[0,0],[1,0],[271,339]]
[[0,0],[1,0],[160,339]]
[[0,0],[1,0],[184,339]]
[[0,0],[1,0],[19,339]]
[[0,0],[1,0],[142,339]]
[[0,0],[1,0],[95,339]]
[[0,0],[1,0],[227,339]]
