[[0,0],[1,0],[169,343]]
[[0,0],[1,0],[50,343]]
[[0,0],[1,0],[17,343]]
[[0,0],[1,0],[36,343]]
[[0,0],[1,0],[40,343]]
[[0,0],[1,0],[260,343]]
[[0,0],[1,0],[85,343]]
[[0,0],[1,0],[27,343]]
[[0,0],[7,0],[7,49]]
[[0,0],[1,0],[22,343]]
[[0,0],[1,0],[176,343]]
[[0,0],[1,0],[32,343]]
[[0,0],[1,0],[16,343]]
[[0,0],[1,0],[69,343]]
[[0,0],[1,0],[12,343]]
[[0,0],[1,0],[92,343]]
[[0,0],[1,0],[48,343]]
[[0,0],[1,0],[41,343]]
[[0,0],[1,0],[148,343]]
[[0,0],[1,0],[46,343]]
[[0,0],[1,0],[65,343]]
[[0,0],[1,0],[34,343]]
[[0,0],[1,0],[9,343]]
[[0,0],[1,0],[37,343]]
[[0,0],[1,0],[26,343]]
[[0,0],[1,0],[11,343]]
[[0,0],[7,0],[14,49]]
[[0,0],[1,0],[10,343]]
[[0,0],[1,0],[190,343]]
[[0,0],[1,0],[15,343]]
[[0,0],[1,0],[31,343]]
[[0,0],[1,0],[1,343]]
[[0,0],[1,0],[89,343]]
[[0,0],[1,0],[29,343]]
[[0,0],[1,0],[211,343]]
[[0,0],[1,0],[5,343]]
[[0,0],[1,0],[23,343]]
[[0,0],[1,0],[13,343]]
[[0,0],[1,0],[25,343]]
[[0,0],[1,0],[47,343]]
[[0,0],[1,0],[24,343]]
[[0,0],[1,0],[6,343]]
[[0,0],[1,0],[3,343]]
[[0,0],[1,0],[64,343]]
[[0,0],[1,0],[59,343]]
[[0,0],[7,0],[21,49]]
[[0,0],[1,0],[106,343]]
[[0,0],[1,0],[18,343]]
[[0,0],[1,0],[8,343]]
[[0,0],[1,0],[120,343]]
[[0,0],[1,0],[88,343]]
[[0,0],[1,0],[141,343]]
[[0,0],[1,0],[55,343]]
[[0,0],[1,0],[118,343]]
[[0,0],[1,0],[33,343]]
[[0,0],[1,0],[124,343]]
[[0,0],[1,0],[2,343]]
[[0,0],[1,0],[123,343]]
[[0,0],[1,0],[99,343]]
[[0,0],[1,0],[57,343]]
[[0,0],[1,0],[127,343]]
[[0,0],[1,0],[155,343]]
[[0,0],[1,0],[54,343]]
[[0,0],[1,0],[4,343]]
[[0,0],[1,0],[19,343]]
[[0,0],[1,0],[90,343]]
[[0,0],[1,0],[218,343]]
[[0,0],[1,0],[232,343]]
[[0,0],[1,0],[68,343]]
[[0,0],[1,0],[30,343]]
