[[0,0],[1,0],[107,344]]
[[0,0],[1,0],[33,344]]
[[0,0],[1,0],[1,344]]
[[0,0],[1,0],[207,344]]
[[0,0],[1,0],[105,344]]
[[0,0],[1,0],[65,344]]
[[0,0],[2,0],[42,172]]
[[0,0],[2,0],[30,172]]
[[0,0],[1,0],[7,344]]
[[0,0],[1,0],[35,344]]
[[0,0],[1,0],[251,344]]
[[0,0],[1,0],[89,344]]
[[0,0],[1,0],[181,344]]
[[0,0],[1,0],[173,344]]
[[0,0],[1,0],[39,344]]
[[0,0],[1,0],[49,344]]
[[0,0],[1,0],[185,344]]
[[0,0],[1,0],[75,344]]
[[0,0],[1,0],[205,344]]
[[0,0],[1,0],[161,344]]
[[0,0],[2,0],[114,172]]
[[0,0],[1,0],[101,344]]
[[0,0],[1,0],[259,344]]
[[0,0],[2,0],[90,172]]
[[0,0],[1,0],[95,344]]
[[0,0],[2,0],[22,172]]
[[0,0],[2,0],[88,172]]
[[0,0],[1,0],[37,344]]
[[0,0],[1,0],[123,344]]
[[0,0],[1,0],[149,344]]
[[0,0],[2,0],[2,172]]
[[0,0],[1,0],[191,344]]
[[0,0],[1,0],[11,344]]
[[0,0],[1,0],[91,344]]
[[0,0],[1,0],[293,344]]
[[0,0],[1,0],[143,344]]
[[0,0],[1,0],[21,344]]
[[0,0],[1,0],[127,344]]
[[0,0],[1,0],[13,344]]
[[0,0],[1,0],[99,344]]
[[0,0],[1,0],[83,344]]
[[0,0],[1,0],[302,344]]
[[0,0],[1,0],[57,344]]
[[0,0],[1,0],[61,344]]
[[0,0],[1,0],[9,344]]
[[0,0],[1,0],[321,344]]
[[0,0],[2,0],[50,172]]
[[0,0],[1,0],[85,344]]
[[0,0],[1,0],[189,344]]
[[0,0],[1,0],[257,344]]
[[0,0],[1,0],[63,344]]
[[0,0],[1,0],[15,344]]
[[0,0],[1,0],[187,344]]
[[0,0],[1,0],[175,344]]
[[0,0],[1,0],[263,344]]
[[0,0],[2,0],[14,172]]
[[0,0],[1,0],[47,344]]
[[0,0],[1,0],[121,344]]
[[0,0],[1,0],[275,344]]
[[0,0],[2,0],[34,172]]
[[0,0],[1,0],[165,344]]
[[0,0],[1,0],[79,344]]
[[0,0],[1,0],[41,344]]
[[0,0],[1,0],[3,344]]
[[0,0],[1,0],[117,344]]
[[0,0],[2,0],[6,172]]
[[0,0],[1,0],[113,344]]
[[0,0],[1,0],[151,344]]
[[0,0],[1,0],[203,344]]
[[0,0],[1,0],[44,344]]
[[0,0],[1,0],[17,344]]
[[0,0],[1,0],[199,344]]
[[0,0],[1,0],[103,344]]
[[0,0],[2,0],[110,172]]
[[0,0],[2,0],[54,172]]
[[0,0],[2,0],[98,172]]
[[0,0],[1,0],[177,344]]
[[0,0],[1,0],[147,344]]
[[0,0],[1,0],[67,344]]
[[0,0],[1,0],[25,344]]
[[0,0],[2,0],[38,172]]
[[0,0],[1,0],[133,344]]
[[0,0],[1,0],[77,344]]
[[0,0],[2,0],[26,172]]
[[0,0],[1,0],[273,344]]
[[0,0],[1,0],[5,344]]
[[0,0],[1,0],[119,344]]
[[0,0],[1,0],[125,344]]
[[0,0],[2,0],[78,172]]
[[0,0],[1,0],[97,344]]
[[0,0],[1,0],[19,344]]
[[0,0],[1,0],[271,344]]
[[0,0],[1,0],[45,344]]
[[0,0],[2,0],[70,172]]
[[0,0],[1,0],[55,344]]
[[0,0],[1,0],[29,344]]
[[0,0],[2,0],[18,172]]
[[0,0],[2,0],[10,172]]
[[0,0],[1,0],[87,344]]
[[0,0],[1,0],[31,344]]
[[0,0],[2,0],[66,172]]
[[0,0],[1,0],[343,344]]
[[0,0],[1,0],[131,344]]
[[0,0],[1,0],[233,344]]
[[0,0],[1,0],[216,344]]
[[0,0],[1,0],[229,344]]
[[0,0],[1,0],[235,344]]
[[0,0],[1,0],[171,344]]
[[0,0],[1,0],[285,344]]
[[0,0],[1,0],[291,344]]
[[0,0],[1,0],[130,344]]
[[0,0],[2,0],[170,172]]
[[0,0],[1,0],[209,344]]
[[0,0],[1,0],[27,344]]
[[0,0],[2,0],[126,172]]
