[[0,0],[1,0],[68,347]]
[[0,0],[1,0],[93,347]]
[[0,0],[1,0],[17,347]]
[[0,0],[1,0],[50,347]]
[[0,0],[1,0],[70,347]]
[[0,0],[1,0],[122,347]]
[[0,0],[1,0],[7,347]]
[[0,0],[1,0],[108,347]]
[[0,0],[1,0],[36,347]]
[[0,0],[1,0],[144,347]]
[[0,0],[1,0],[49,347]]
[[0,0],[1,0],[12,347]]
[[0,0],[1,0],[22,347]]
[[0,0],[1,0],[109,347]]
[[0,0],[1,0],[43,347]]
[[0,0],[1,0],[27,347]]
[[0,0],[1,0],[26,347]]
[[0,0],[1,0],[79,347]]
[[0,0],[1,0],[69,347]]
[[0,0],[1,0],[10,347]]
[[0,0],[1,0],[31,347]]
[[0,0],[1,0],[15,347]]
[[0,0],[1,0],[16,347]]
[[0,0],[1,0],[32,347]]
[[0,0],[1,0],[14,347]]
[[0,0],[1,0],[48,347]]
[[0,0],[1,0],[37,347]]
[[0,0],[1,0],[42,347]]
[[0,0],[1,0],[1,347]]
[[0,0],[1,0],[46,347]]
[[0,0],[1,0],[9,347]]
[[0,0],[1,0],[13,347]]
[[0,0],[1,0],[150,347]]
[[0,0],[1,0],[11,347]]
[[0,0],[1,0],[44,347]]
[[0,0],[1,0],[38,347]]
[[0,0],[1,0],[47,347]]
[[0,0],[1,0],[61,347]]
[[0,0],[1,0],[5,347]]
[[0,0],[1,0],[23,347]]
[[0,0],[1,0],[24,347]]
[[0,0],[1,0],[6,347]]
[[0,0],[1,0],[3,347]]
[[0,0],[1,0],[25,347]]
[[0,0],[1,0],[39,347]]
[[0,0],[1,0],[126,347]]
[[0,0],[1,0],[35,347]]
[[0,0],[1,0],[8,347]]
[[0,0],[1,0],[28,347]]
[[0,0],[1,0],[127,347]]
[[0,0],[1,0],[18,347]]
[[0,0],[1,0],[19,347]]
[[0,0],[1,0],[2,347]]
[[0,0],[1,0],[60,347]]
[[0,0],[1,0],[45,347]]
[[0,0],[1,0],[21,347]]
[[0,0],[1,0],[4,347]]
[[0,0],[1,0],[20,347]]
[[0,0],[1,0],[67,347]]
