[[0,0],[1,0],[69,348]]
[[0,0],[1,0],[1,348]]
[[0,0],[1,0],[105,348]]
[[0,0],[1,0],[141,348]]
[[0,0],[1,0],[65,348]]
[[0,0],[1,0],[23,348]]
[[0,0],[1,0],[88,348]]
[[0,0],[1,0],[35,348]]
[[0,0],[1,0],[22,348]]
[[0,0],[1,0],[251,348]]
[[0,0],[1,0],[253,348]]
[[0,0],[1,0],[46,348]]
[[0,0],[1,0],[7,348]]
[[0,0],[1,0],[89,348]]
[[0,0],[1,0],[202,348]]
[[0,0],[1,0],[347,348]]
[[0,0],[1,0],[333,348]]
[[0,0],[1,0],[249,348]]
[[0,0],[1,0],[10,348]]
[[0,0],[2,0],[68,174]]
[[0,0],[2,0],[62,174]]
[[0,0],[1,0],[49,348]]
[[0,0],[1,0],[204,348]]
[[0,0],[2,0],[147,174]]
[[0,0],[1,0],[185,348]]
[[0,0],[1,0],[173,348]]
[[0,0],[1,0],[298,348]]
[[0,0],[1,0],[166,348]]
[[0,0],[1,0],[161,348]]
[[0,0],[1,0],[129,348]]
[[0,0],[1,0],[43,348]]
[[0,0],[1,0],[137,348]]
[[0,0],[1,0],[101,348]]
[[0,0],[1,0],[274,348]]
[[0,0],[1,0],[71,348]]
[[0,0],[2,0],[60,174]]
[[0,0],[1,0],[262,348]]
[[0,0],[2,0],[2,174]]
[[0,0],[1,0],[94,348]]
[[0,0],[1,0],[37,348]]
[[0,0],[1,0],[286,348]]
[[0,0],[1,0],[11,348]]
[[0,0],[1,0],[307,348]]
[[0,0],[1,0],[149,348]]
[[0,0],[1,0],[91,348]]
[[0,0],[1,0],[118,348]]
[[0,0],[1,0],[73,348]]
[[0,0],[1,0],[225,348]]
[[0,0],[2,0],[20,174]]
[[0,0],[1,0],[191,348]]
[[0,0],[1,0],[83,348]]
[[0,0],[1,0],[115,348]]
[[0,0],[1,0],[293,348]]
[[0,0],[1,0],[143,348]]
[[0,0],[1,0],[21,348]]
[[0,0],[1,0],[57,348]]
[[0,0],[1,0],[13,348]]
[[0,0],[1,0],[127,348]]
[[0,0],[1,0],[9,348]]
[[0,0],[1,0],[61,348]]
[[0,0],[1,0],[321,348]]
[[0,0],[2,0],[118,174]]
[[0,0],[1,0],[59,348]]
[[0,0],[1,0],[297,348]]
[[0,0],[2,0],[16,174]]
[[0,0],[2,0],[4,174]]
[[0,0],[2,0],[74,174]]
[[0,0],[1,0],[85,348]]
[[0,0],[1,0],[189,348]]
[[0,0],[2,0],[14,174]]
[[0,0],[1,0],[30,348]]
[[0,0],[1,0],[121,348]]
[[0,0],[1,0],[167,348]]
[[0,0],[1,0],[175,348]]
[[0,0],[1,0],[34,348]]
[[0,0],[1,0],[47,348]]
[[0,0],[1,0],[106,348]]
[[0,0],[1,0],[146,348]]
[[0,0],[2,0],[34,174]]
[[0,0],[1,0],[309,348]]
[[0,0],[1,0],[81,348]]
[[0,0],[2,0],[86,174]]
[[0,0],[1,0],[165,348]]
[[0,0],[2,0],[104,174]]
[[0,0],[1,0],[79,348]]
[[0,0],[1,0],[289,348]]
[[0,0],[1,0],[238,348]]
[[0,0],[1,0],[117,348]]
[[0,0],[2,0],[56,174]]
[[0,0],[1,0],[153,348]]
[[0,0],[1,0],[17,348]]
[[0,0],[1,0],[151,348]]
[[0,0],[1,0],[169,348]]
[[0,0],[1,0],[237,348]]
[[0,0],[1,0],[142,348]]
[[0,0],[1,0],[334,348]]
[[0,0],[1,0],[103,348]]
[[0,0],[1,0],[154,348]]
[[0,0],[1,0],[177,348]]
[[0,0],[2,0],[8,174]]
[[0,0],[1,0],[67,348]]
[[0,0],[1,0],[322,348]]
[[0,0],[1,0],[25,348]]
[[0,0],[1,0],[201,348]]
[[0,0],[2,0],[32,174]]
[[0,0],[1,0],[250,348]]
[[0,0],[2,0],[38,174]]
[[0,0],[1,0],[109,348]]
[[0,0],[1,0],[273,348]]
[[0,0],[1,0],[193,348]]
[[0,0],[2,0],[26,174]]
[[0,0],[1,0],[70,348]]
[[0,0],[1,0],[139,348]]
[[0,0],[1,0],[82,348]]
[[0,0],[1,0],[133,348]]
[[0,0],[1,0],[213,348]]
[[0,0],[1,0],[19,348]]
[[0,0],[1,0],[77,348]]
[[0,0],[1,0],[5,348]]
[[0,0],[1,0],[119,348]]
[[0,0],[1,0],[125,348]]
[[0,0],[1,0],[45,348]]
[[0,0],[1,0],[346,348]]
[[0,0],[1,0],[345,348]]
[[0,0],[2,0],[10,174]]
[[0,0],[1,0],[93,348]]
[[0,0],[1,0],[190,348]]
[[0,0],[1,0],[131,348]]
[[0,0],[1,0],[226,348]]
[[0,0],[1,0],[233,348]]
[[0,0],[1,0],[320,348]]
[[0,0],[1,0],[178,348]]
[[0,0],[1,0],[31,348]]
[[0,0],[1,0],[310,348]]
[[0,0],[1,0],[235,348]]
[[0,0],[1,0],[291,348]]
[[0,0],[2,0],[152,174]]
[[0,0],[1,0],[285,348]]
[[0,0],[3,0],[32,116]]
[[0,0],[1,0],[130,348]]
[[0,0],[2,0],[92,174]]
[[0,0],[2,0],[28,174]]
[[0,0],[1,0],[107,348]]
[[0,0],[1,0],[33,348]]
[[0,0],[1,0],[53,348]]
[[0,0],[1,0],[214,348]]
