[[0,0],[1,0],[20,349]]
[[0,0],[1,0],[100,349]]
[[0,0],[1,0],[17,349]]
[[0,0],[1,0],[68,349]]
[[0,0],[1,0],[76,349]]
[[0,0],[1,0],[107,349]]
[[0,0],[1,0],[40,349]]
[[0,0],[1,0],[49,349]]
[[0,0],[1,0],[7,349]]
[[0,0],[1,0],[22,349]]
[[0,0],[1,0],[43,349]]
[[0,0],[1,0],[83,349]]
[[0,0],[1,0],[12,349]]
[[0,0],[1,0],[27,349]]
[[0,0],[1,0],[63,349]]
[[0,0],[1,0],[10,349]]
[[0,0],[1,0],[31,349]]
[[0,0],[1,0],[15,349]]
[[0,0],[1,0],[16,349]]
[[0,0],[1,0],[32,349]]
[[0,0],[1,0],[14,349]]
[[0,0],[1,0],[69,349]]
[[0,0],[1,0],[48,349]]
[[0,0],[1,0],[143,349]]
[[0,0],[1,0],[34,349]]
[[0,0],[1,0],[1,349]]
[[0,0],[1,0],[9,349]]
[[0,0],[1,0],[11,349]]
[[0,0],[1,0],[37,349]]
[[0,0],[1,0],[38,349]]
[[0,0],[1,0],[105,349]]
[[0,0],[1,0],[13,349]]
[[0,0],[1,0],[89,349]]
[[0,0],[1,0],[47,349]]
[[0,0],[1,0],[44,349]]
[[0,0],[1,0],[6,349]]
[[0,0],[1,0],[3,349]]
[[0,0],[1,0],[24,349]]
[[0,0],[1,0],[23,349]]
[[0,0],[1,0],[61,349]]
[[0,0],[1,0],[5,349]]
[[0,0],[1,0],[106,349]]
[[0,0],[1,0],[39,349]]
[[0,0],[1,0],[8,349]]
[[0,0],[1,0],[118,349]]
[[0,0],[1,0],[33,349]]
[[0,0],[1,0],[99,349]]
[[0,0],[1,0],[56,349]]
[[0,0],[1,0],[18,349]]
[[0,0],[1,0],[28,349]]
[[0,0],[1,0],[54,349]]
[[0,0],[1,0],[19,349]]
[[0,0],[1,0],[55,349]]
[[0,0],[1,0],[90,349]]
[[0,0],[1,0],[62,349]]
[[0,0],[1,0],[2,349]]
[[0,0],[1,0],[123,349]]
[[0,0],[1,0],[60,349]]
[[0,0],[1,0],[21,349]]
[[0,0],[1,0],[4,349]]
