[[0,0],[1,0],[21,353]]
[[0,0],[1,0],[25,353]]
[[0,0],[1,0],[9,353]]
[[0,0],[1,0],[6,353]]
[[0,0],[1,0],[29,353]]
[[0,0],[1,0],[67,353]]
[[0,0],[1,0],[72,353]]
[[0,0],[1,0],[36,353]]
[[0,0],[1,0],[111,353]]
[[0,0],[1,0],[17,353]]
[[0,0],[1,0],[37,353]]
[[0,0],[1,0],[10,353]]
[[0,0],[1,0],[52,353]]
[[0,0],[1,0],[11,353]]
[[0,0],[1,0],[55,353]]
[[0,0],[1,0],[35,353]]
[[0,0],[1,0],[13,353]]
[[0,0],[1,0],[2,353]]
[[0,0],[1,0],[34,353]]
[[0,0],[1,0],[38,353]]
[[0,0],[1,0],[7,353]]
[[0,0],[1,0],[28,353]]
[[0,0],[1,0],[39,353]]
[[0,0],[1,0],[76,353]]
[[0,0],[1,0],[26,353]]
[[0,0],[1,0],[94,353]]
[[0,0],[1,0],[70,353]]
[[0,0],[1,0],[31,353]]
[[0,0],[1,0],[41,353]]
[[0,0],[1,0],[4,353]]
[[0,0],[1,0],[56,353]]
[[0,0],[1,0],[71,353]]
[[0,0],[1,0],[40,353]]
[[0,0],[1,0],[68,353]]
[[0,0],[1,0],[105,353]]
[[0,0],[1,0],[18,353]]
[[0,0],[1,0],[30,353]]
[[0,0],[1,0],[69,353]]
[[0,0],[1,0],[51,353]]
[[0,0],[1,0],[12,353]]
[[0,0],[1,0],[8,353]]
[[0,0],[1,0],[16,353]]
[[0,0],[1,0],[14,353]]
[[0,0],[1,0],[93,353]]
[[0,0],[1,0],[79,353]]
[[0,0],[1,0],[15,353]]
[[0,0],[1,0],[20,353]]
[[0,0],[1,0],[61,353]]
[[0,0],[1,0],[19,353]]
[[0,0],[1,0],[57,353]]
[[0,0],[1,0],[3,353]]
[[0,0],[1,0],[24,353]]
[[0,0],[1,0],[27,353]]
[[0,0],[1,0],[42,353]]
[[0,0],[1,0],[1,353]]
[[0,0],[1,0],[92,353]]
[[0,0],[1,0],[5,353]]
[[0,0],[1,0],[58,353]]
[[0,0],[1,0],[62,353]]
[[0,0],[1,0],[97,353]]
