[[0,0],[1,0],[46,354]]
[[0,0],[1,0],[193,354]]
[[0,0],[1,0],[310,354]]
[[0,0],[1,0],[70,354]]
[[0,0],[1,0],[94,354]]
[[0,0],[1,0],[73,354]]
[[0,0],[1,0],[286,354]]
[[0,0],[1,0],[202,354]]
[[0,0],[1,0],[178,354]]
[[0,0],[1,0],[148,354]]
[[0,0],[1,0],[91,354]]
[[0,0],[1,0],[23,354]]
[[0,0],[1,0],[10,354]]
[[0,0],[1,0],[101,354]]
[[0,0],[1,0],[280,354]]
[[0,0],[1,0],[235,354]]
[[0,0],[1,0],[274,354]]
[[0,0],[1,0],[241,354]]
[[0,0],[1,0],[191,354]]
[[0,0],[1,0],[160,354]]
[[0,0],[1,0],[37,354]]
[[0,0],[1,0],[251,354]]
[[0,0],[1,0],[197,354]]
[[0,0],[1,0],[127,354]]
[[0,0],[1,0],[166,354]]
[[0,0],[1,0],[136,354]]
[[0,0],[1,0],[88,354]]
[[0,0],[1,0],[11,354]]
[[0,0],[1,0],[107,354]]
[[0,0],[1,0],[7,354]]
[[0,0],[1,0],[1,354]]
[[0,0],[1,0],[13,354]]
[[0,0],[1,0],[100,354]]
[[0,0],[1,0],[89,354]]
[[0,0],[1,0],[65,354]]
[[0,0],[1,0],[328,354]]
[[0,0],[1,0],[149,354]]
[[0,0],[1,0],[16,354]]
[[0,0],[1,0],[124,354]]
[[0,0],[1,0],[83,354]]
[[0,0],[1,0],[60,354]]
[[0,0],[1,0],[277,354]]
[[0,0],[1,0],[259,354]]
[[0,0],[1,0],[208,354]]
[[0,0],[1,0],[52,354]]
[[0,0],[1,0],[322,354]]
[[0,0],[1,0],[173,354]]
[[0,0],[1,0],[172,354]]
[[0,0],[1,0],[353,354]]
[[0,0],[1,0],[112,354]]
[[0,0],[1,0],[296,354]]
[[0,0],[1,0],[43,354]]
[[0,0],[1,0],[298,354]]
[[0,0],[1,0],[175,354]]
[[0,0],[1,0],[184,354]]
[[0,0],[1,0],[232,354]]
[[0,0],[1,0],[47,354]]
[[0,0],[1,0],[61,354]]
[[0,0],[1,0],[238,354]]
[[0,0],[1,0],[250,354]]
[[0,0],[1,0],[119,354]]
[[0,0],[1,0],[155,354]]
[[0,0],[1,0],[187,354]]
[[0,0],[1,0],[34,354]]
[[0,0],[1,0],[340,354]]
[[0,0],[1,0],[55,354]]
[[0,0],[1,0],[269,354]]
[[0,0],[1,0],[245,354]]
[[0,0],[1,0],[244,354]]
[[0,0],[1,0],[220,354]]
[[0,0],[1,0],[262,354]]
[[0,0],[1,0],[41,354]]
[[0,0],[1,0],[316,354]]
[[0,0],[2,0],[120,177]]
[[0,0],[1,0],[283,354]]
[[0,0],[1,0],[64,354]]
[[0,0],[1,0],[304,354]]
[[0,0],[1,0],[29,354]]
[[0,0],[1,0],[143,354]]
[[0,0],[1,0],[76,354]]
[[0,0],[1,0],[82,354]]
[[0,0],[1,0],[196,354]]
[[0,0],[1,0],[115,354]]
[[0,0],[1,0],[151,354]]
[[0,0],[1,0],[139,354]]
[[0,0],[1,0],[169,354]]
[[0,0],[1,0],[58,354]]
[[0,0],[1,0],[130,354]]
[[0,0],[1,0],[257,354]]
[[0,0],[1,0],[53,354]]
[[0,0],[1,0],[352,354]]
[[0,0],[1,0],[17,354]]
[[0,0],[1,0],[19,354]]
[[0,0],[1,0],[106,354]]
[[0,0],[1,0],[40,354]]
[[0,0],[1,0],[154,354]]
[[0,0],[1,0],[229,354]]
[[0,0],[1,0],[268,354]]
[[0,0],[1,0],[79,354]]
[[0,0],[1,0],[214,354]]
[[0,0],[1,0],[142,354]]
[[0,0],[1,0],[145,354]]
[[0,0],[1,0],[287,354]]
[[0,0],[1,0],[334,354]]
[[0,0],[1,0],[237,354]]
[[0,0],[1,0],[4,354]]
[[0,0],[1,0],[25,354]]
[[0,0],[1,0],[226,354]]
[[0,0],[1,0],[256,354]]
[[0,0],[1,0],[133,354]]
[[0,0],[1,0],[346,354]]
[[0,0],[1,0],[190,354]]
[[0,0],[1,0],[35,354]]
[[0,0],[1,0],[233,354]]
[[0,0],[1,0],[22,354]]
[[0,0],[1,0],[5,354]]
[[0,0],[1,0],[292,354]]
[[0,0],[1,0],[137,354]]
[[0,0],[1,0],[49,354]]
[[0,0],[1,0],[31,354]]
[[0,0],[1,0],[28,354]]
[[0,0],[1,0],[131,354]]
