[[0,0],[1,0],[91,356]]
[[0,0],[1,0],[185,356]]
[[0,0],[1,0],[73,356]]
[[0,0],[1,0],[105,356]]
[[0,0],[1,0],[39,356]]
[[0,0],[1,0],[45,356]]
[[0,0],[1,0],[23,356]]
[[0,0],[1,0],[261,356]]
[[0,0],[1,0],[335,356]]
[[0,0],[1,0],[9,356]]
[[0,0],[2,0],[28,178]]
[[0,0],[1,0],[101,356]]
[[0,0],[1,0],[99,356]]
[[0,0],[1,0],[191,356]]
[[0,0],[1,0],[195,356]]
[[0,0],[1,0],[127,356]]
[[0,0],[1,0],[37,356]]
[[0,0],[1,0],[11,356]]
[[0,0],[1,0],[197,356]]
[[0,0],[1,0],[107,356]]
[[0,0],[1,0],[69,356]]
[[0,0],[2,0],[48,178]]
[[0,0],[1,0],[1,356]]
[[0,0],[1,0],[63,356]]
[[0,0],[1,0],[325,356]]
[[0,0],[1,0],[7,356]]
[[0,0],[1,0],[65,356]]
[[0,0],[1,0],[83,356]]
[[0,0],[2,0],[16,178]]
[[0,0],[1,0],[13,356]]
[[0,0],[2,0],[50,178]]
[[0,0],[1,0],[299,356]]
[[0,0],[1,0],[117,356]]
[[0,0],[2,0],[14,178]]
[[0,0],[1,0],[149,356]]
[[0,0],[2,0],[2,178]]
[[0,0],[2,0],[58,178]]
[[0,0],[1,0],[167,356]]
[[0,0],[1,0],[121,356]]
[[0,0],[1,0],[43,356]]
[[0,0],[1,0],[113,356]]
[[0,0],[1,0],[173,356]]
[[0,0],[1,0],[201,356]]
[[0,0],[1,0],[157,356]]
[[0,0],[1,0],[71,356]]
[[0,0],[1,0],[59,356]]
[[0,0],[1,0],[47,356]]
[[0,0],[1,0],[177,356]]
[[0,0],[1,0],[90,356]]
[[0,0],[1,0],[203,356]]
[[0,0],[1,0],[85,356]]
[[0,0],[2,0],[4,178]]
[[0,0],[1,0],[61,356]]
[[0,0],[1,0],[279,356]]
[[0,0],[2,0],[6,178]]
[[0,0],[1,0],[103,356]]
[[0,0],[1,0],[55,356]]
[[0,0],[1,0],[41,356]]
[[0,0],[2,0],[34,178]]
[[0,0],[2,0],[8,178]]
[[0,0],[1,0],[115,356]]
[[0,0],[1,0],[305,356]]
[[0,0],[1,0],[143,356]]
[[0,0],[1,0],[147,356]]
[[0,0],[1,0],[81,356]]
[[0,0],[1,0],[139,356]]
[[0,0],[1,0],[29,356]]
[[0,0],[1,0],[215,356]]
[[0,0],[1,0],[93,356]]
[[0,0],[1,0],[151,356]]
[[0,0],[1,0],[3,356]]
[[0,0],[1,0],[169,356]]
[[0,0],[1,0],[281,356]]
[[0,0],[1,0],[111,356]]
[[0,0],[2,0],[56,178]]
[[0,0],[1,0],[97,356]]
[[0,0],[1,0],[19,356]]
[[0,0],[1,0],[27,356]]
[[0,0],[1,0],[17,356]]
[[0,0],[1,0],[53,356]]
[[0,0],[2,0],[18,178]]
[[0,0],[1,0],[15,356]]
[[0,0],[1,0],[355,356]]
[[0,0],[1,0],[67,356]]
[[0,0],[1,0],[227,356]]
[[0,0],[1,0],[179,356]]
[[0,0],[2,0],[10,178]]
[[0,0],[1,0],[79,356]]
[[0,0],[1,0],[268,356]]
[[0,0],[1,0],[145,356]]
[[0,0],[2,0],[26,178]]
[[0,0],[1,0],[135,356]]
[[0,0],[1,0],[25,356]]
[[0,0],[1,0],[181,356]]
[[0,0],[1,0],[35,356]]
[[0,0],[1,0],[237,356]]
[[0,0],[1,0],[125,356]]
[[0,0],[1,0],[233,356]]
[[0,0],[1,0],[87,356]]
[[0,0],[2,0],[12,178]]
[[0,0],[1,0],[133,356]]
[[0,0],[1,0],[49,356]]
[[0,0],[1,0],[33,356]]
[[0,0],[1,0],[5,356]]
[[0,0],[1,0],[219,356]]
[[0,0],[1,0],[131,356]]
[[0,0],[1,0],[247,356]]
[[0,0],[1,0],[193,356]]
