[[0,0],[1,0],[31,358]]
[[0,0],[1,0],[185,358]]
[[0,0],[1,0],[73,358]]
[[0,0],[1,0],[105,358]]
[[0,0],[1,0],[91,358]]
[[0,0],[1,0],[45,358]]
[[0,0],[1,0],[75,358]]
[[0,0],[1,0],[39,358]]
[[0,0],[1,0],[23,358]]
[[0,0],[1,0],[9,358]]
[[0,0],[1,0],[251,358]]
[[0,0],[1,0],[161,358]]
[[0,0],[1,0],[99,358]]
[[0,0],[1,0],[205,358]]
[[0,0],[1,0],[195,358]]
[[0,0],[1,0],[37,358]]
[[0,0],[1,0],[127,358]]
[[0,0],[1,0],[69,358]]
[[0,0],[1,0],[11,358]]
[[0,0],[1,0],[57,358]]
[[0,0],[1,0],[225,358]]
[[0,0],[1,0],[1,358]]
[[0,0],[1,0],[255,358]]
[[0,0],[1,0],[159,358]]
[[0,0],[1,0],[63,358]]
[[0,0],[1,0],[89,358]]
[[0,0],[1,0],[65,358]]
[[0,0],[1,0],[7,358]]
[[0,0],[1,0],[13,358]]
[[0,0],[1,0],[83,358]]
[[0,0],[1,0],[123,358]]
[[0,0],[1,0],[117,358]]
[[0,0],[1,0],[207,358]]
[[0,0],[1,0],[149,358]]
[[0,0],[1,0],[121,358]]
[[0,0],[1,0],[113,358]]
[[0,0],[1,0],[167,358]]
[[0,0],[1,0],[21,358]]
[[0,0],[1,0],[157,358]]
[[0,0],[1,0],[129,358]]
[[0,0],[1,0],[71,358]]
[[0,0],[1,0],[175,358]]
[[0,0],[1,0],[59,358]]
[[0,0],[1,0],[85,358]]
[[0,0],[1,0],[155,358]]
[[0,0],[1,0],[47,358]]
[[0,0],[1,0],[187,358]]
[[0,0],[1,0],[315,358]]
[[0,0],[1,0],[61,358]]
[[0,0],[1,0],[119,358]]
[[0,0],[1,0],[41,358]]
[[0,0],[1,0],[55,358]]
[[0,0],[1,0],[189,358]]
[[0,0],[1,0],[115,358]]
[[0,0],[1,0],[81,358]]
[[0,0],[1,0],[29,358]]
[[0,0],[1,0],[143,358]]
[[0,0],[1,0],[147,358]]
[[0,0],[1,0],[265,358]]
[[0,0],[1,0],[3,358]]
[[0,0],[1,0],[257,358]]
[[0,0],[1,0],[51,358]]
[[0,0],[1,0],[263,358]]
[[0,0],[1,0],[111,358]]
[[0,0],[1,0],[97,358]]
[[0,0],[1,0],[77,358]]
[[0,0],[1,0],[17,358]]
[[0,0],[1,0],[53,358]]
[[0,0],[1,0],[19,358]]
[[0,0],[1,0],[27,358]]
[[0,0],[1,0],[15,358]]
[[0,0],[1,0],[67,358]]
[[0,0],[1,0],[227,358]]
[[0,0],[1,0],[223,358]]
[[0,0],[1,0],[145,358]]
[[0,0],[1,0],[79,358]]
[[0,0],[1,0],[25,358]]
[[0,0],[1,0],[181,358]]
[[0,0],[1,0],[125,358]]
[[0,0],[1,0],[180,358]]
[[0,0],[1,0],[35,358]]
[[0,0],[1,0],[87,358]]
[[0,0],[1,0],[137,358]]
[[0,0],[1,0],[49,358]]
[[0,0],[1,0],[33,358]]
[[0,0],[1,0],[5,358]]
[[0,0],[1,0],[141,358]]
[[0,0],[1,0],[357,358]]
[[0,0],[1,0],[219,358]]
[[0,0],[1,0],[193,358]]
[[0,0],[1,0],[249,358]]
