[[0,0],[1,0],[73,360]]
[[0,0],[2,0],[116,180]]
[[0,0],[2,0],[102,180]]
[[0,0],[3,0],[115,120]]
[[0,0],[1,0],[146,360]]
[[0,0],[1,0],[109,360]]
[[0,0],[1,0],[121,360]]
[[0,0],[1,0],[163,360]]
[[0,0],[3,0],[108,120]]
[[0,0],[2,0],[32,180]]
[[0,0],[2,0],[65,180]]
[[0,0],[1,0],[322,360]]
[[0,0],[2,0],[176,180]]
[[0,0],[1,0],[357,360]]
[[0,0],[5,0],[32,72]]
[[0,0],[6,0],[6,60]]
[[0,0],[3,0],[117,120]]
[[0,0],[1,0],[136,360]]
[[0,0],[1,0],[238,360]]
[[0,0],[1,0],[261,360]]
[[0,0],[1,0],[69,360]]
[[0,0],[1,0],[181,360]]
[[0,0],[1,0],[256,360]]
[[0,0],[2,0],[128,180]]
[[0,0],[1,0],[129,360]]
[[0,0],[1,0],[209,360]]
[[0,0],[1,0],[55,360]]
[[0,0],[1,0],[185,360]]
[[0,0],[1,0],[61,360]]
[[0,0],[1,0],[106,360]]
[[0,0],[1,0],[82,360]]
[[0,0],[1,0],[326,360]]
[[0,0],[2,0],[68,180]]
[[0,0],[1,0],[175,360]]
[[0,0],[1,0],[196,360]]
[[0,0],[1,0],[79,360]]
[[0,0],[3,0],[33,120]]
[[0,0],[3,0],[93,120]]
[[0,0],[2,0],[50,180]]
[[0,0],[2,0],[74,180]]
[[0,0],[1,0],[171,360]]
[[0,0],[1,0],[71,360]]
[[0,0],[3,0],[63,120]]
[[0,0],[1,0],[7,360]]
[[0,0],[1,0],[58,360]]
[[0,0],[2,0],[56,180]]
[[0,0],[1,0],[31,360]]
[[0,0],[2,0],[92,180]]
[[0,0],[1,0],[178,360]]
[[0,0],[1,0],[359,360]]
[[0,0],[2,0],[172,180]]
[[0,0],[1,0],[23,360]]
[[0,0],[2,0],[142,180]]
[[0,0],[1,0],[269,360]]
[[0,0],[1,0],[119,360]]
[[0,0],[1,0],[25,360]]
[[0,0],[1,0],[51,360]]
[[0,0],[1,0],[166,360]]
[[0,0],[2,0],[104,180]]
[[0,0],[3,0],[27,120]]
[[0,0],[1,0],[298,360]]
[[0,0],[3,0],[57,120]]
[[0,0],[3,0],[18,120]]
[[0,0],[1,0],[355,360]]
[[0,0],[1,0],[81,360]]
[[0,0],[1,0],[142,360]]
[[0,0],[4,0],[24,90]]
[[0,0],[2,0],[58,180]]
[[0,0],[2,0],[154,180]]
[[0,0],[1,0],[346,360]]
[[0,0],[2,0],[177,180]]
[[0,0],[1,0],[64,360]]
[[0,0],[1,0],[101,360]]
[[0,0],[1,0],[46,360]]
[[0,0],[2,0],[44,180]]
[[0,0],[1,0],[116,360]]
[[0,0],[1,0],[41,360]]
[[0,0],[1,0],[237,360]]
[[0,0],[1,0],[65,360]]
[[0,0],[1,0],[206,360]]
[[0,0],[1,0],[94,360]]
[[0,0],[1,0],[251,360]]
[[0,0],[1,0],[231,360]]
[[0,0],[2,0],[162,180]]
[[0,0],[4,0],[85,90]]
[[0,0],[1,0],[16,360]]
[[0,0],[6,0],[54,60]]
[[0,0],[6,0],[36,60]]
[[0,0],[1,0],[274,360]]
[[0,0],[1,0],[271,360]]
[[0,0],[1,0],[257,360]]
[[0,0],[2,0],[34,180]]
[[0,0],[1,0],[325,360]]
[[0,0],[1,0],[295,360]]
[[0,0],[1,0],[341,360]]
[[0,0],[1,0],[351,360]]
[[0,0],[1,0],[97,360]]
[[0,0],[1,0],[309,360]]
[[0,0],[1,0],[37,360]]
[[0,0],[1,0],[118,360]]
[[0,0],[2,0],[164,180]]
[[0,0],[1,0],[57,360]]
[[0,0],[3,0],[39,120]]
[[0,0],[1,0],[291,360]]
[[0,0],[1,0],[203,360]]
[[0,0],[2,0],[62,180]]
[[0,0],[1,0],[17,360]]
[[0,0],[1,0],[214,360]]
[[0,0],[2,0],[87,180]]
[[0,0],[1,0],[172,360]]
[[0,0],[1,0],[352,360]]
[[0,0],[3,0],[9,120]]
[[0,0],[2,0],[52,180]]
[[0,0],[1,0],[316,360]]
[[0,0],[1,0],[213,360]]
[[0,0],[3,0],[68,120]]
[[0,0],[1,0],[244,360]]
[[0,0],[1,0],[141,360]]
[[0,0],[3,0],[28,120]]
[[0,0],[3,0],[87,120]]
[[0,0],[1,0],[115,360]]
[[0,0],[1,0],[321,360]]
[[0,0],[1,0],[19,360]]
[[0,0],[2,0],[22,180]]
[[0,0],[1,0],[11,360]]
[[0,0],[1,0],[208,360]]
[[0,0],[2,0],[2,180]]
[[0,0],[2,0],[38,180]]
[[0,0],[2,0],[147,180]]
[[0,0],[1,0],[83,360]]
[[0,0],[2,0],[46,180]]
[[0,0],[2,0],[112,180]]
[[0,0],[1,0],[93,360]]
[[0,0],[1,0],[34,360]]
[[0,0],[2,0],[170,180]]
[[0,0],[1,0],[211,360]]
[[0,0],[1,0],[358,360]]
[[0,0],[1,0],[154,360]]
[[0,0],[1,0],[202,360]]
[[0,0],[1,0],[22,360]]
[[0,0],[1,0],[187,360]]
[[0,0],[1,0],[53,360]]
[[0,0],[1,0],[249,360]]
[[0,0],[2,0],[8,180]]
[[0,0],[1,0],[235,360]]
[[0,0],[1,0],[21,360]]
[[0,0],[1,0],[205,360]]
[[0,0],[1,0],[89,360]]
[[0,0],[1,0],[286,360]]
[[0,0],[1,0],[177,360]]
[[0,0],[1,0],[28,360]]
[[0,0],[1,0],[29,360]]
[[0,0],[3,0],[75,120]]
[[0,0],[1,0],[107,360]]
[[0,0],[1,0],[77,360]]
[[0,0],[2,0],[178,180]]
[[0,0],[1,0],[76,360]]
[[0,0],[2,0],[152,180]]
[[0,0],[1,0],[167,360]]
[[0,0],[1,0],[289,360]]
[[0,0],[1,0],[356,360]]
[[0,0],[1,0],[59,360]]
[[0,0],[3,0],[78,120]]
[[0,0],[2,0],[110,180]]
[[0,0],[6,0],[18,60]]
[[0,0],[1,0],[313,360]]
[[0,0],[4,0],[40,90]]
[[0,0],[1,0],[229,360]]
[[0,0],[1,0],[127,360]]
[[0,0],[2,0],[98,180]]
[[0,0],[1,0],[1,360]]
[[0,0],[1,0],[223,360]]
[[0,0],[1,0],[334,360]]
[[0,0],[2,0],[57,180]]
[[0,0],[1,0],[133,360]]
[[0,0],[1,0],[43,360]]
[[0,0],[2,0],[155,180]]
[[0,0],[4,0],[84,90]]
[[0,0],[1,0],[236,360]]
[[0,0],[1,0],[266,360]]
[[0,0],[1,0],[293,360]]
[[0,0],[1,0],[49,360]]
[[0,0],[3,0],[35,120]]
[[0,0],[1,0],[305,360]]
[[0,0],[1,0],[199,360]]
[[0,0],[1,0],[226,360]]
[[0,0],[1,0],[145,360]]
[[0,0],[1,0],[265,360]]
[[0,0],[1,0],[179,360]]
[[0,0],[1,0],[273,360]]
[[0,0],[2,0],[42,180]]
[[0,0],[1,0],[85,360]]
[[0,0],[1,0],[111,360]]
[[0,0],[3,0],[3,120]]
[[0,0],[1,0],[262,360]]
[[0,0],[3,0],[51,120]]
[[0,0],[1,0],[161,360]]
[[0,0],[1,0],[86,360]]
[[0,0],[1,0],[91,360]]
[[0,0],[2,0],[14,180]]
[[0,0],[1,0],[139,360]]
[[0,0],[1,0],[191,360]]
[[0,0],[1,0],[143,360]]
[[0,0],[1,0],[113,360]]
[[0,0],[1,0],[13,360]]
[[0,0],[1,0],[33,360]]
[[0,0],[1,0],[26,360]]
[[0,0],[1,0],[201,360]]
[[0,0],[2,0],[86,180]]
[[0,0],[3,0],[21,120]]
