[[0,0],[1,0],[62,361]]
[[0,0],[1,0],[32,361]]
[[0,0],[1,0],[29,361]]
[[0,0],[1,0],[67,361]]
[[0,0],[1,0],[123,361]]
[[0,0],[1,0],[9,361]]
[[0,0],[1,0],[74,361]]
[[0,0],[1,0],[53,361]]
[[0,0],[1,0],[17,361]]
[[0,0],[1,0],[10,361]]
[[0,0],[1,0],[137,361]]
[[0,0],[1,0],[81,361]]
[[0,0],[19,0],[0,19]]
[[0,0],[1,0],[48,361]]
[[0,0],[1,0],[52,361]]
[[0,0],[1,0],[35,361]]
[[0,0],[1,0],[13,361]]
[[0,0],[1,0],[11,361]]
[[0,0],[1,0],[47,361]]
[[0,0],[1,0],[28,361]]
[[0,0],[1,0],[26,361]]
[[0,0],[1,0],[115,361]]
[[0,0],[1,0],[50,361]]
[[0,0],[1,0],[55,361]]
[[0,0],[1,0],[84,361]]
[[0,0],[1,0],[56,361]]
[[0,0],[1,0],[2,361]]
[[0,0],[1,0],[75,361]]
[[0,0],[1,0],[7,361]]
[[0,0],[1,0],[34,361]]
[[0,0],[1,0],[39,361]]
[[0,0],[1,0],[144,361]]
[[0,0],[1,0],[4,361]]
[[0,0],[1,0],[51,361]]
[[0,0],[1,0],[12,361]]
[[0,0],[1,0],[68,361]]
[[0,0],[1,0],[8,361]]
[[0,0],[1,0],[18,361]]
[[0,0],[1,0],[33,361]]
[[0,0],[1,0],[15,361]]
[[0,0],[1,0],[23,361]]
[[0,0],[1,0],[69,361]]
[[0,0],[1,0],[122,361]]
[[0,0],[1,0],[3,361]]
[[0,0],[1,0],[143,361]]
[[0,0],[1,0],[14,361]]
[[0,0],[1,0],[16,361]]
[[0,0],[1,0],[42,361]]
[[0,0],[1,0],[101,361]]
[[0,0],[1,0],[49,361]]
[[0,0],[1,0],[1,361]]
[[0,0],[1,0],[22,361]]
[[0,0],[1,0],[172,361]]
[[0,0],[1,0],[153,361]]
[[0,0],[1,0],[20,361]]
[[0,0],[1,0],[58,361]]
[[0,0],[1,0],[124,361]]
[[0,0],[1,0],[134,361]]
[[0,0],[1,0],[63,361]]
[[0,0],[1,0],[27,361]]
[[0,0],[1,0],[64,361]]
[[0,0],[1,0],[77,361]]
[[0,0],[1,0],[5,361]]
[[0,0],[1,0],[54,361]]
[[0,0],[1,0],[96,361]]
[[0,0],[1,0],[6,361]]
