[[0,0],[1,0],[333,362]]
[[0,0],[1,0],[247,362]]
[[0,0],[1,0],[185,362]]
[[0,0],[1,0],[39,362]]
[[0,0],[1,0],[73,362]]
[[0,0],[1,0],[241,362]]
[[0,0],[1,0],[105,362]]
[[0,0],[1,0],[91,362]]
[[0,0],[1,0],[23,362]]
[[0,0],[1,0],[127,362]]
[[0,0],[1,0],[75,362]]
[[0,0],[1,0],[253,362]]
[[0,0],[1,0],[101,362]]
[[0,0],[1,0],[99,362]]
[[0,0],[1,0],[171,362]]
[[0,0],[1,0],[9,362]]
[[0,0],[1,0],[37,362]]
[[0,0],[1,0],[197,362]]
[[0,0],[1,0],[159,362]]
[[0,0],[1,0],[225,362]]
[[0,0],[1,0],[1,362]]
[[0,0],[1,0],[293,362]]
[[0,0],[1,0],[13,362]]
[[0,0],[1,0],[107,362]]
[[0,0],[1,0],[11,362]]
[[0,0],[1,0],[309,362]]
[[0,0],[1,0],[57,362]]
[[0,0],[1,0],[83,362]]
[[0,0],[1,0],[7,362]]
[[0,0],[1,0],[95,362]]
[[0,0],[1,0],[117,362]]
[[0,0],[1,0],[89,362]]
[[0,0],[1,0],[149,362]]
[[0,0],[1,0],[113,362]]
[[0,0],[1,0],[157,362]]
[[0,0],[1,0],[123,362]]
[[0,0],[1,0],[167,362]]
[[0,0],[1,0],[299,362]]
[[0,0],[1,0],[175,362]]
[[0,0],[1,0],[21,362]]
[[0,0],[1,0],[47,362]]
[[0,0],[1,0],[61,362]]
[[0,0],[1,0],[43,362]]
[[0,0],[1,0],[201,362]]
[[0,0],[1,0],[85,362]]
[[0,0],[1,0],[189,362]]
[[0,0],[1,0],[297,362]]
[[0,0],[1,0],[59,362]]
[[0,0],[1,0],[182,362]]
[[0,0],[1,0],[119,362]]
[[0,0],[1,0],[155,362]]
[[0,0],[1,0],[361,362]]
[[0,0],[1,0],[103,362]]
[[0,0],[1,0],[143,362]]
[[0,0],[1,0],[55,362]]
[[0,0],[1,0],[93,362]]
[[0,0],[1,0],[329,362]]
[[0,0],[1,0],[81,362]]
[[0,0],[1,0],[41,362]]
[[0,0],[1,0],[147,362]]
[[0,0],[1,0],[283,362]]
[[0,0],[1,0],[3,362]]
[[0,0],[1,0],[111,362]]
[[0,0],[1,0],[77,362]]
[[0,0],[1,0],[51,362]]
[[0,0],[1,0],[151,362]]
[[0,0],[1,0],[97,362]]
[[0,0],[1,0],[15,362]]
[[0,0],[1,0],[17,362]]
[[0,0],[1,0],[139,362]]
[[0,0],[1,0],[19,362]]
[[0,0],[1,0],[291,362]]
[[0,0],[1,0],[67,362]]
[[0,0],[1,0],[227,362]]
[[0,0],[1,0],[27,362]]
[[0,0],[1,0],[179,362]]
[[0,0],[1,0],[221,362]]
[[0,0],[1,0],[229,362]]
[[0,0],[1,0],[125,362]]
[[0,0],[1,0],[217,362]]
[[0,0],[1,0],[153,362]]
[[0,0],[1,0],[35,362]]
[[0,0],[1,0],[163,362]]
[[0,0],[1,0],[49,362]]
[[0,0],[1,0],[25,362]]
[[0,0],[1,0],[87,362]]
[[0,0],[1,0],[31,362]]
[[0,0],[1,0],[233,362]]
[[0,0],[1,0],[131,362]]
[[0,0],[1,0],[193,362]]
[[0,0],[1,0],[5,362]]
[[0,0],[1,0],[45,362]]
