[[0,0],[1,0],[337,363]]
[[0,0],[1,0],[10,363]]
[[0,0],[1,0],[301,363]]
[[0,0],[1,0],[46,363]]
[[0,0],[1,0],[280,363]]
[[0,0],[1,0],[2,363]]
[[0,0],[1,0],[94,363]]
[[0,0],[1,0],[32,363]]
[[0,0],[1,0],[241,363]]
[[0,0],[1,0],[73,363]]
[[0,0],[1,0],[178,363]]
[[0,0],[1,0],[23,363]]
[[0,0],[1,0],[127,363]]
[[0,0],[1,0],[122,363]]
[[0,0],[1,0],[166,363]]
[[0,0],[1,0],[136,363]]
[[0,0],[1,0],[160,363]]
[[0,0],[1,0],[37,363]]
[[0,0],[1,0],[1,363]]
[[0,0],[1,0],[13,363]]
[[0,0],[1,0],[309,363]]
[[0,0],[1,0],[98,363]]
[[0,0],[1,0],[124,363]]
[[0,0],[1,0],[144,363]]
[[0,0],[1,0],[7,363]]
[[0,0],[1,0],[95,363]]
[[0,0],[1,0],[100,363]]
[[0,0],[1,0],[89,363]]
[[0,0],[1,0],[16,363]]
[[0,0],[1,0],[38,363]]
[[0,0],[1,0],[277,363]]
[[0,0],[1,0],[175,363]]
[[0,0],[1,0],[208,363]]
[[0,0],[1,0],[47,363]]
[[0,0],[1,0],[61,363]]
[[0,0],[1,0],[177,363]]
[[0,0],[1,0],[43,363]]
[[0,0],[1,0],[276,363]]
[[0,0],[1,0],[8,363]]
[[0,0],[1,0],[85,363]]
[[0,0],[1,0],[59,363]]
[[0,0],[1,0],[74,363]]
[[0,0],[1,0],[14,363]]
[[0,0],[1,0],[34,363]]
[[0,0],[1,0],[342,363]]
[[0,0],[1,0],[103,363]]
[[0,0],[1,0],[12,363]]
[[0,0],[1,0],[115,363]]
[[0,0],[1,0],[41,363]]
[[0,0],[1,0],[210,363]]
[[0,0],[1,0],[58,363]]
[[0,0],[1,0],[78,363]]
[[0,0],[1,0],[64,363]]
[[0,0],[1,0],[111,363]]
[[0,0],[1,0],[283,363]]
[[0,0],[1,0],[50,363]]
[[0,0],[1,0],[196,363]]
[[0,0],[1,0],[151,363]]
[[0,0],[1,0],[97,363]]
[[0,0],[1,0],[254,363]]
[[0,0],[1,0],[17,363]]
[[0,0],[1,0],[139,363]]
[[0,0],[1,0],[19,363]]
[[0,0],[1,0],[56,363]]
[[0,0],[11,0],[22,33]]
[[0,0],[1,0],[106,363]]
[[0,0],[1,0],[40,363]]
[[0,0],[1,0],[130,363]]
[[0,0],[1,0],[243,363]]
[[0,0],[1,0],[67,363]]
[[0,0],[1,0],[79,363]]
[[0,0],[11,0],[11,33]]
[[0,0],[1,0],[214,363]]
[[0,0],[1,0],[145,363]]
[[0,0],[1,0],[287,363]]
[[0,0],[1,0],[125,363]]
[[0,0],[1,0],[20,363]]
[[0,0],[1,0],[217,363]]
[[0,0],[1,0],[142,363]]
[[0,0],[1,0],[181,363]]
[[0,0],[1,0],[4,363]]
[[0,0],[1,0],[49,363]]
[[0,0],[1,0],[25,363]]
[[0,0],[1,0],[226,363]]
[[0,0],[1,0],[133,363]]
[[0,0],[1,0],[256,363]]
[[0,0],[1,0],[190,363]]
[[0,0],[1,0],[31,363]]
[[0,0],[1,0],[131,363]]
[[0,0],[1,0],[5,363]]
[[0,0],[1,0],[45,363]]
[[0,0],[1,0],[70,363]]
