[[0,0],[1,0],[221,365]]
[[0,0],[1,0],[266,365]]
[[0,0],[1,0],[67,365]]
[[0,0],[1,0],[201,365]]
[[0,0],[1,0],[9,365]]
[[0,0],[1,0],[156,365]]
[[0,0],[1,0],[21,365]]
[[0,0],[1,0],[91,365]]
[[0,0],[1,0],[66,365]]
[[0,0],[1,0],[17,365]]
[[0,0],[1,0],[74,365]]
[[0,0],[1,0],[81,365]]
[[0,0],[1,0],[147,365]]
[[0,0],[1,0],[111,365]]
[[0,0],[1,0],[186,365]]
[[0,0],[1,0],[104,365]]
[[0,0],[1,0],[220,365]]
[[0,0],[1,0],[46,365]]
[[0,0],[1,0],[36,365]]
[[0,0],[1,0],[211,365]]
[[0,0],[1,0],[11,365]]
[[0,0],[1,0],[37,365]]
[[0,0],[1,0],[38,365]]
[[0,0],[1,0],[13,365]]
[[0,0],[1,0],[47,365]]
[[0,0],[1,0],[56,365]]
[[0,0],[1,0],[291,365]]
[[0,0],[1,0],[76,365]]
[[0,0],[1,0],[26,365]]
[[0,0],[1,0],[31,365]]
[[0,0],[1,0],[216,365]]
[[0,0],[1,0],[121,365]]
[[0,0],[1,0],[196,365]]
[[0,0],[1,0],[2,365]]
[[0,0],[1,0],[34,365]]
[[0,0],[1,0],[7,365]]
[[0,0],[1,0],[87,365]]
[[0,0],[1,0],[41,365]]
[[0,0],[1,0],[51,365]]
[[0,0],[1,0],[39,365]]
[[0,0],[1,0],[8,365]]
[[0,0],[1,0],[4,365]]
[[0,0],[1,0],[141,365]]
[[0,0],[1,0],[12,365]]
[[0,0],[1,0],[33,365]]
[[0,0],[1,0],[161,365]]
[[0,0],[1,0],[68,365]]
[[0,0],[1,0],[231,365]]
[[0,0],[1,0],[18,365]]
[[0,0],[1,0],[93,365]]
[[0,0],[1,0],[79,365]]
[[0,0],[1,0],[19,365]]
[[0,0],[1,0],[3,365]]
[[0,0],[1,0],[24,365]]
[[0,0],[1,0],[23,365]]
[[0,0],[1,0],[16,365]]
[[0,0],[1,0],[14,365]]
[[0,0],[1,0],[69,365]]
[[0,0],[1,0],[126,365]]
[[0,0],[1,0],[1,365]]
[[0,0],[1,0],[22,365]]
[[0,0],[1,0],[116,365]]
[[0,0],[1,0],[42,365]]
[[0,0],[1,0],[101,365]]
[[0,0],[1,0],[151,365]]
[[0,0],[1,0],[86,365]]
[[0,0],[1,0],[88,365]]
[[0,0],[1,0],[64,365]]
[[0,0],[1,0],[59,365]]
[[0,0],[1,0],[131,365]]
[[0,0],[1,0],[96,365]]
[[0,0],[1,0],[54,365]]
[[0,0],[1,0],[98,365]]
[[0,0],[1,0],[6,365]]
[[0,0],[1,0],[78,365]]
[[0,0],[1,0],[32,365]]
