[[0,0],[1,0],[209,366]]
[[0,0],[1,0],[46,366]]
[[0,0],[1,0],[202,366]]
[[0,0],[1,0],[280,366]]
[[0,0],[1,0],[10,366]]
[[0,0],[1,0],[185,366]]
[[0,0],[1,0],[94,366]]
[[0,0],[1,0],[73,366]]
[[0,0],[1,0],[241,366]]
[[0,0],[1,0],[286,366]]
[[0,0],[1,0],[91,366]]
[[0,0],[1,0],[161,366]]
[[0,0],[1,0],[166,366]]
[[0,0],[1,0],[178,366]]
[[0,0],[1,0],[148,366]]
[[0,0],[1,0],[136,366]]
[[0,0],[1,0],[88,366]]
[[0,0],[1,0],[235,366]]
[[0,0],[1,0],[23,366]]
[[0,0],[1,0],[160,366]]
[[0,0],[1,0],[274,366]]
[[0,0],[1,0],[37,366]]
[[0,0],[1,0],[197,366]]
[[0,0],[1,0],[1,366]]
[[0,0],[1,0],[11,366]]
[[0,0],[1,0],[65,366]]
[[0,0],[1,0],[328,366]]
[[0,0],[1,0],[13,366]]
[[0,0],[1,0],[83,366]]
[[0,0],[1,0],[259,366]]
[[0,0],[1,0],[124,366]]
[[0,0],[1,0],[89,366]]
[[0,0],[1,0],[113,366]]
[[0,0],[1,0],[7,366]]
[[0,0],[1,0],[16,366]]
[[0,0],[1,0],[95,366]]
[[0,0],[1,0],[123,366]]
[[0,0],[1,0],[100,366]]
[[0,0],[1,0],[173,366]]
[[0,0],[1,0],[208,366]]
[[0,0],[1,0],[172,366]]
[[0,0],[1,0],[184,366]]
[[0,0],[1,0],[121,366]]
[[0,0],[1,0],[118,366]]
[[0,0],[1,0],[232,366]]
[[0,0],[1,0],[298,366]]
[[0,0],[1,0],[167,366]]
[[0,0],[1,0],[239,366]]
[[0,0],[1,0],[175,366]]
[[0,0],[1,0],[112,366]]
[[0,0],[1,0],[52,366]]
[[0,0],[1,0],[43,366]]
[[0,0],[1,0],[47,366]]
[[0,0],[1,0],[322,366]]
[[0,0],[1,0],[250,366]]
[[0,0],[1,0],[71,366]]
[[0,0],[1,0],[59,366]]
[[0,0],[1,0],[262,366]]
[[0,0],[1,0],[238,366]]
[[0,0],[1,0],[306,366]]
[[0,0],[1,0],[155,366]]
[[0,0],[1,0],[85,366]]
[[0,0],[2,0],[63,183]]
[[0,0],[1,0],[187,366]]
[[0,0],[1,0],[220,366]]
[[0,0],[1,0],[119,366]]
[[0,0],[1,0],[34,366]]
[[0,0],[1,0],[115,366]]
[[0,0],[1,0],[316,366]]
[[0,0],[1,0],[41,366]]
[[0,0],[1,0],[340,366]]
[[0,0],[1,0],[103,366]]
[[0,0],[1,0],[29,366]]
[[0,0],[1,0],[143,366]]
[[0,0],[1,0],[76,366]]
[[0,0],[1,0],[55,366]]
[[0,0],[1,0],[245,366]]
[[0,0],[1,0],[64,366]]
[[0,0],[1,0],[304,366]]
[[0,0],[1,0],[364,366]]
[[0,0],[1,0],[58,366]]
[[0,0],[1,0],[97,366]]
[[0,0],[1,0],[77,366]]
[[0,0],[1,0],[17,366]]
[[0,0],[1,0],[82,366]]
[[0,0],[1,0],[196,366]]
[[0,0],[1,0],[265,366]]
[[0,0],[1,0],[19,366]]
[[0,0],[1,0],[151,366]]
[[0,0],[1,0],[40,366]]
[[0,0],[1,0],[352,366]]
[[0,0],[1,0],[62,366]]
[[0,0],[1,0],[106,366]]
[[0,0],[1,0],[130,366]]
[[0,0],[1,0],[154,366]]
[[0,0],[1,0],[67,366]]
[[0,0],[1,0],[227,366]]
[[0,0],[1,0],[53,366]]
[[0,0],[1,0],[214,366]]
[[0,0],[1,0],[268,366]]
[[0,0],[1,0],[145,366]]
[[0,0],[1,0],[79,366]]
[[0,0],[1,0],[217,366]]
[[0,0],[1,0],[35,366]]
[[0,0],[1,0],[22,366]]
[[0,0],[1,0],[142,366]]
[[0,0],[1,0],[334,366]]
[[0,0],[1,0],[346,366]]
[[0,0],[1,0],[163,366]]
[[0,0],[1,0],[49,366]]
[[0,0],[1,0],[25,366]]
[[0,0],[1,0],[256,366]]
[[0,0],[1,0],[190,366]]
[[0,0],[1,0],[109,366]]
[[0,0],[1,0],[4,366]]
[[0,0],[1,0],[358,366]]
[[0,0],[1,0],[365,366]]
[[0,0],[1,0],[226,366]]
[[0,0],[1,0],[133,366]]
[[0,0],[1,0],[31,366]]
[[0,0],[1,0],[137,366]]
[[0,0],[1,0],[310,366]]
[[0,0],[1,0],[28,366]]
[[0,0],[1,0],[70,366]]
[[0,0],[1,0],[5,366]]
[[0,0],[1,0],[292,366]]
