[[0,0],[1,0],[5,367]]
[[0,0],[1,0],[78,367]]
[[0,0],[1,0],[25,367]]
[[0,0],[1,0],[67,367]]
[[0,0],[1,0],[9,367]]
[[0,0],[1,0],[29,367]]
[[0,0],[1,0],[21,367]]
[[0,0],[1,0],[17,367]]
[[0,0],[1,0],[83,367]]
[[0,0],[1,0],[53,367]]
[[0,0],[1,0],[66,367]]
[[0,0],[1,0],[74,367]]
[[0,0],[1,0],[10,367]]
[[0,0],[1,0],[48,367]]
[[0,0],[1,0],[73,367]]
[[0,0],[1,0],[37,367]]
[[0,0],[1,0],[11,367]]
[[0,0],[1,0],[142,367]]
[[0,0],[1,0],[13,367]]
[[0,0],[1,0],[82,367]]
[[0,0],[1,0],[115,367]]
[[0,0],[1,0],[70,367]]
[[0,0],[1,0],[28,367]]
[[0,0],[1,0],[76,367]]
[[0,0],[1,0],[99,367]]
[[0,0],[1,0],[40,367]]
[[0,0],[1,0],[26,367]]
[[0,0],[1,0],[84,367]]
[[0,0],[1,0],[31,367]]
[[0,0],[1,0],[75,367]]
[[0,0],[1,0],[112,367]]
[[0,0],[1,0],[41,367]]
[[0,0],[1,0],[2,367]]
[[0,0],[1,0],[34,367]]
[[0,0],[1,0],[7,367]]
[[0,0],[1,0],[8,367]]
[[0,0],[1,0],[43,367]]
[[0,0],[1,0],[4,367]]
[[0,0],[1,0],[12,367]]
[[0,0],[1,0],[33,367]]
[[0,0],[1,0],[30,367]]
[[0,0],[1,0],[65,367]]
[[0,0],[1,0],[18,367]]
[[0,0],[1,0],[79,367]]
[[0,0],[1,0],[19,367]]
[[0,0],[1,0],[16,367]]
[[0,0],[1,0],[3,367]]
[[0,0],[1,0],[15,367]]
[[0,0],[1,0],[14,367]]
[[0,0],[1,0],[1,367]]
[[0,0],[1,0],[116,367]]
[[0,0],[1,0],[22,367]]
[[0,0],[1,0],[57,367]]
[[0,0],[1,0],[42,367]]
[[0,0],[1,0],[20,367]]
[[0,0],[1,0],[88,367]]
[[0,0],[1,0],[64,367]]
[[0,0],[1,0],[27,367]]
[[0,0],[1,0],[63,367]]
[[0,0],[1,0],[98,367]]
[[0,0],[1,0],[6,367]]
[[0,0],[1,0],[32,367]]
[[0,0],[1,0],[77,367]]
