[[0,0],[1,0],[238,372]]
[[0,0],[1,0],[191,372]]
[[0,0],[1,0],[113,372]]
[[0,0],[1,0],[73,372]]
[[0,0],[1,0],[109,372]]
[[0,0],[2,0],[64,186]]
[[0,0],[1,0],[241,372]]
[[0,0],[1,0],[261,372]]
[[0,0],[1,0],[69,372]]
[[0,0],[2,0],[116,186]]
[[0,0],[1,0],[311,372]]
[[0,0],[1,0],[280,372]]
[[0,0],[1,0],[297,372]]
[[0,0],[2,0],[32,186]]
[[0,0],[1,0],[185,372]]
[[0,0],[1,0],[153,372]]
[[0,0],[2,0],[126,186]]
[[0,0],[1,0],[129,372]]
[[0,0],[1,0],[322,372]]
[[0,0],[1,0],[67,372]]
[[0,0],[1,0],[163,372]]
[[0,0],[1,0],[82,372]]
[[0,0],[1,0],[285,372]]
[[0,0],[2,0],[20,186]]
[[0,0],[1,0],[106,372]]
[[0,0],[1,0],[71,372]]
[[0,0],[1,0],[125,372]]
[[0,0],[1,0],[130,372]]
[[0,0],[1,0],[175,372]]
[[0,0],[1,0],[7,372]]
[[0,0],[1,0],[79,372]]
[[0,0],[1,0],[55,372]]
[[0,0],[1,0],[25,372]]
[[0,0],[2,0],[74,186]]
[[0,0],[1,0],[178,372]]
[[0,0],[2,0],[68,186]]
[[0,0],[2,0],[28,186]]
[[0,0],[2,0],[50,186]]
[[0,0],[1,0],[61,372]]
[[0,0],[2,0],[92,186]]
[[0,0],[1,0],[166,372]]
[[0,0],[1,0],[142,372]]
[[0,0],[1,0],[233,372]]
[[0,0],[1,0],[215,372]]
[[0,0],[1,0],[298,372]]
[[0,0],[1,0],[23,372]]
[[0,0],[1,0],[119,372]]
[[0,0],[1,0],[5,372]]
[[0,0],[1,0],[189,372]]
[[0,0],[1,0],[46,372]]
[[0,0],[1,0],[371,372]]
[[0,0],[1,0],[58,372]]
[[0,0],[1,0],[101,372]]
[[0,0],[1,0],[165,372]]
[[0,0],[1,0],[190,372]]
[[0,0],[2,0],[146,186]]
[[0,0],[2,0],[26,186]]
[[0,0],[2,0],[16,186]]
[[0,0],[1,0],[65,372]]
[[0,0],[2,0],[44,186]]
[[0,0],[1,0],[81,372]]
[[0,0],[1,0],[237,372]]
[[0,0],[1,0],[137,372]]
[[0,0],[1,0],[274,372]]
[[0,0],[1,0],[35,372]]
[[0,0],[1,0],[295,372]]
[[0,0],[1,0],[41,372]]
[[0,0],[1,0],[57,372]]
[[0,0],[1,0],[257,372]]
[[0,0],[1,0],[37,372]]
[[0,0],[1,0],[94,372]]
[[0,0],[1,0],[97,372]]
[[0,0],[1,0],[47,372]]
[[0,0],[1,0],[346,372]]
[[0,0],[1,0],[103,372]]
[[0,0],[1,0],[105,372]]
[[0,0],[1,0],[151,372]]
[[0,0],[1,0],[173,372]]
[[0,0],[1,0],[309,372]]
[[0,0],[1,0],[11,372]]
[[0,0],[1,0],[118,372]]
[[0,0],[2,0],[22,186]]
[[0,0],[1,0],[321,372]]
[[0,0],[1,0],[19,372]]
[[0,0],[1,0],[141,372]]
[[0,0],[2,0],[38,186]]
[[0,0],[1,0],[10,372]]
[[0,0],[1,0],[277,372]]
[[0,0],[1,0],[45,372]]
[[0,0],[1,0],[83,372]]
[[0,0],[1,0],[17,372]]
[[0,0],[1,0],[214,372]]
[[0,0],[1,0],[213,372]]
[[0,0],[2,0],[52,186]]
[[0,0],[1,0],[249,372]]
[[0,0],[1,0],[247,372]]
[[0,0],[1,0],[358,372]]
[[0,0],[2,0],[2,186]]
[[0,0],[1,0],[89,372]]
[[0,0],[1,0],[156,372]]
[[0,0],[1,0],[202,372]]
[[0,0],[2,0],[8,186]]
[[0,0],[1,0],[34,372]]
[[0,0],[1,0],[107,372]]
[[0,0],[1,0],[187,372]]
[[0,0],[2,0],[10,186]]
[[0,0],[1,0],[53,372]]
[[0,0],[1,0],[167,372]]
[[0,0],[1,0],[22,372]]
[[0,0],[2,0],[33,186]]
[[0,0],[1,0],[154,372]]
[[0,0],[1,0],[21,372]]
[[0,0],[2,0],[152,186]]
[[0,0],[1,0],[286,372]]
[[0,0],[1,0],[225,372]]
[[0,0],[1,0],[345,372]]
[[0,0],[1,0],[334,372]]
[[0,0],[1,0],[70,372]]
[[0,0],[1,0],[63,372]]
[[0,0],[1,0],[177,372]]
[[0,0],[1,0],[43,372]]
[[0,0],[1,0],[59,372]]
[[0,0],[1,0],[133,372]]
[[0,0],[1,0],[1,372]]
[[0,0],[1,0],[29,372]]
[[0,0],[1,0],[333,372]]
[[0,0],[1,0],[9,372]]
[[0,0],[1,0],[218,372]]
[[0,0],[2,0],[122,186]]
[[0,0],[1,0],[117,372]]
[[0,0],[2,0],[4,186]]
[[0,0],[1,0],[179,372]]
[[0,0],[1,0],[127,372]]
[[0,0],[1,0],[262,372]]
[[0,0],[1,0],[161,372]]
[[0,0],[1,0],[223,372]]
[[0,0],[1,0],[49,372]]
[[0,0],[1,0],[226,372]]
[[0,0],[1,0],[342,372]]
[[0,0],[2,0],[14,186]]
[[0,0],[1,0],[169,372]]
[[0,0],[1,0],[91,372]]
[[0,0],[1,0],[143,372]]
[[0,0],[1,0],[33,372]]
[[0,0],[3,0],[96,124]]
[[0,0],[1,0],[85,372]]
[[0,0],[1,0],[145,372]]
[[0,0],[1,0],[370,372]]
[[0,0],[1,0],[273,372]]
[[0,0],[1,0],[13,372]]
[[0,0],[1,0],[121,372]]
[[0,0],[1,0],[250,372]]
[[0,0],[1,0],[32,372]]
[[0,0],[1,0],[201,372]]
[[0,0],[1,0],[369,372]]
[[0,0],[1,0],[357,372]]
