[[0,0],[1,0],[148,375]]
[[0,0],[1,0],[261,375]]
[[0,0],[1,0],[36,375]]
[[0,0],[1,0],[163,375]]
[[0,0],[1,0],[49,375]]
[[0,0],[1,0],[171,375]]
[[0,0],[5,0],[55,75]]
[[0,0],[1,0],[216,375]]
[[0,0],[5,0],[30,75]]
[[0,0],[1,0],[131,375]]
[[0,0],[1,0],[161,375]]
[[0,0],[1,0],[274,375]]
[[0,0],[1,0],[186,375]]
[[0,0],[1,0],[31,375]]
[[0,0],[5,0],[5,75]]
[[0,0],[1,0],[28,375]]
[[0,0],[5,0],[35,75]]
[[0,0],[1,0],[37,375]]
[[0,0],[1,0],[32,375]]
[[0,0],[1,0],[286,375]]
[[0,0],[1,0],[73,375]]
[[0,0],[1,0],[126,375]]
[[0,0],[1,0],[11,375]]
[[0,0],[1,0],[91,375]]
[[0,0],[1,0],[2,375]]
[[0,0],[1,0],[336,375]]
[[0,0],[1,0],[6,375]]
[[0,0],[1,0],[116,375]]
[[0,0],[1,0],[1,375]]
[[0,0],[1,0],[241,375]]
[[0,0],[1,0],[156,375]]
[[0,0],[1,0],[251,375]]
[[0,0],[1,0],[328,375]]
[[0,0],[1,0],[7,375]]
[[0,0],[1,0],[16,375]]
[[0,0],[1,0],[13,375]]
[[0,0],[5,0],[20,75]]
[[0,0],[1,0],[88,375]]
[[0,0],[1,0],[127,375]]
[[0,0],[1,0],[253,375]]
[[0,0],[1,0],[208,375]]
[[0,0],[1,0],[96,375]]
[[0,0],[1,0],[38,375]]
[[0,0],[1,0],[112,375]]
[[0,0],[1,0],[52,375]]
[[0,0],[1,0],[43,375]]
[[0,0],[1,0],[296,375]]
[[0,0],[1,0],[276,375]]
[[0,0],[1,0],[71,375]]
[[0,0],[1,0],[306,375]]
[[0,0],[1,0],[14,375]]
[[0,0],[1,0],[8,375]]
[[0,0],[1,0],[124,375]]
[[0,0],[1,0],[246,375]]
[[0,0],[1,0],[21,375]]
[[0,0],[1,0],[103,375]]
[[0,0],[1,0],[86,375]]
[[0,0],[1,0],[201,375]]
[[0,0],[1,0],[184,375]]
[[0,0],[1,0],[118,375]]
[[0,0],[1,0],[74,375]]
[[0,0],[1,0],[44,375]]
[[0,0],[1,0],[59,375]]
[[0,0],[1,0],[187,375]]
[[0,0],[1,0],[76,375]]
[[0,0],[1,0],[82,375]]
[[0,0],[1,0],[139,375]]
[[0,0],[1,0],[281,375]]
[[0,0],[1,0],[321,375]]
[[0,0],[1,0],[61,375]]
[[0,0],[1,0],[104,375]]
[[0,0],[1,0],[51,375]]
[[0,0],[1,0],[34,375]]
[[0,0],[1,0],[366,375]]
[[0,0],[1,0],[111,375]]
[[0,0],[1,0],[41,375]]
[[0,0],[1,0],[19,375]]
[[0,0],[5,0],[10,75]]
[[0,0],[1,0],[283,375]]
[[0,0],[1,0],[64,375]]
[[0,0],[1,0],[176,375]]
[[0,0],[1,0],[81,375]]
[[0,0],[1,0],[29,375]]
[[0,0],[1,0],[66,375]]
[[0,0],[1,0],[196,375]]
[[0,0],[1,0],[229,375]]
[[0,0],[1,0],[169,375]]
[[0,0],[1,0],[151,375]]
[[0,0],[1,0],[231,375]]
[[0,0],[1,0],[58,375]]
[[0,0],[1,0],[62,375]]
[[0,0],[1,0],[26,375]]
[[0,0],[1,0],[17,375]]
[[0,0],[1,0],[53,375]]
[[0,0],[1,0],[56,375]]
[[0,0],[1,0],[291,375]]
[[0,0],[1,0],[351,375]]
[[0,0],[1,0],[133,375]]
[[0,0],[1,0],[154,375]]
[[0,0],[1,0],[109,375]]
[[0,0],[1,0],[141,375]]
[[0,0],[1,0],[46,375]]
[[0,0],[1,0],[193,375]]
[[0,0],[1,0],[181,375]]
[[0,0],[1,0],[256,375]]
[[0,0],[1,0],[22,375]]
[[0,0],[1,0],[4,375]]
[[0,0],[1,0],[178,375]]
