[[0,0],[1,0],[72,377]]
[[0,0],[1,0],[118,377]]
[[0,0],[1,0],[59,377]]
[[0,0],[1,0],[136,377]]
[[0,0],[1,0],[10,377]]
[[0,0],[1,0],[147,377]]
[[0,0],[1,0],[96,377]]
[[0,0],[1,0],[62,377]]
[[0,0],[1,0],[32,377]]
[[0,0],[1,0],[37,377]]
[[0,0],[1,0],[45,377]]
[[0,0],[1,0],[157,377]]
[[0,0],[1,0],[9,377]]
[[0,0],[1,0],[11,377]]
[[0,0],[1,0],[38,377]]
[[0,0],[1,0],[53,377]]
[[0,0],[1,0],[44,377]]
[[0,0],[1,0],[76,377]]
[[0,0],[1,0],[17,377]]
[[0,0],[1,0],[50,377]]
[[0,0],[1,0],[70,377]]
[[0,0],[1,0],[84,377]]
[[0,0],[1,0],[40,377]]
[[0,0],[1,0],[7,377]]
[[0,0],[1,0],[75,377]]
[[0,0],[1,0],[222,377]]
[[0,0],[1,0],[112,377]]
[[0,0],[1,0],[36,377]]
[[0,0],[1,0],[175,377]]
[[0,0],[1,0],[144,377]]
[[0,0],[1,0],[35,377]]
[[0,0],[1,0],[51,377]]
[[0,0],[1,0],[12,377]]
[[0,0],[1,0],[85,377]]
[[0,0],[1,0],[8,377]]
[[0,0],[1,0],[18,377]]
[[0,0],[1,0],[79,377]]
[[0,0],[1,0],[33,377]]
[[0,0],[1,0],[31,377]]
[[0,0],[1,0],[15,377]]
[[0,0],[1,0],[196,377]]
[[0,0],[1,0],[291,377]]
[[0,0],[1,0],[146,377]]
[[0,0],[1,0],[235,377]]
[[0,0],[1,0],[19,377]]
[[0,0],[1,0],[2,377]]
[[0,0],[1,0],[34,377]]
[[0,0],[1,0],[16,377]]
[[0,0],[1,0],[14,377]]
[[0,0],[1,0],[233,377]]
[[0,0],[1,0],[1,377]]
[[0,0],[1,0],[41,377]]
[[0,0],[1,0],[4,377]]
[[0,0],[1,0],[20,377]]
[[0,0],[1,0],[135,377]]
[[0,0],[1,0],[170,377]]
[[0,0],[1,0],[57,377]]
[[0,0],[1,0],[93,377]]
[[0,0],[1,0],[248,377]]
[[0,0],[1,0],[97,377]]
[[0,0],[1,0],[30,377]]
[[0,0],[1,0],[23,377]]
[[0,0],[1,0],[77,377]]
[[0,0],[1,0],[5,377]]
[[0,0],[1,0],[6,377]]
[[0,0],[1,0],[3,377]]
[[0,0],[1,0],[24,377]]
[[0,0],[1,0],[183,377]]
[[0,0],[1,0],[117,377]]
[[0,0],[1,0],[49,377]]
[[0,0],[1,0],[25,377]]
[[0,0],[1,0],[92,377]]
