[[0,0],[1,0],[64,381]]
[[0,0],[1,0],[118,381]]
[[0,0],[1,0],[136,381]]
[[0,0],[1,0],[74,381]]
[[0,0],[1,0],[124,381]]
[[0,0],[1,0],[173,381]]
[[0,0],[1,0],[10,381]]
[[0,0],[1,0],[238,381]]
[[0,0],[1,0],[32,381]]
[[0,0],[1,0],[178,381]]
[[0,0],[1,0],[46,381]]
[[0,0],[1,0],[67,381]]
[[0,0],[1,0],[265,381]]
[[0,0],[1,0],[202,381]]
[[0,0],[1,0],[29,381]]
[[0,0],[1,0],[211,381]]
[[0,0],[1,0],[152,381]]
[[0,0],[1,0],[11,381]]
[[0,0],[1,0],[37,381]]
[[0,0],[1,0],[142,381]]
[[0,0],[1,0],[166,381]]
[[0,0],[1,0],[157,381]]
[[0,0],[1,0],[100,381]]
[[0,0],[1,0],[115,381]]
[[0,0],[1,0],[283,381]]
[[0,0],[1,0],[13,381]]
[[0,0],[1,0],[17,381]]
[[0,0],[1,0],[47,381]]
[[0,0],[1,0],[76,381]]
[[0,0],[1,0],[223,381]]
[[0,0],[1,0],[50,381]]
[[0,0],[1,0],[107,381]]
[[0,0],[1,0],[40,381]]
[[0,0],[1,0],[121,381]]
[[0,0],[1,0],[112,381]]
[[0,0],[1,0],[220,381]]
[[0,0],[1,0],[7,381]]
[[0,0],[1,0],[73,381]]
[[0,0],[1,0],[35,381]]
[[0,0],[1,0],[43,381]]
[[0,0],[1,0],[244,381]]
[[0,0],[1,0],[8,381]]
[[0,0],[1,0],[289,381]]
[[0,0],[1,0],[85,381]]
[[0,0],[1,0],[280,381]]
[[0,0],[1,0],[28,381]]
[[0,0],[1,0],[65,381]]
[[0,0],[1,0],[235,381]]
[[0,0],[1,0],[26,381]]
[[0,0],[1,0],[79,381]]
[[0,0],[1,0],[19,381]]
[[0,0],[1,0],[55,381]]
[[0,0],[1,0],[139,381]]
[[0,0],[1,0],[184,381]]
[[0,0],[1,0],[31,381]]
[[0,0],[1,0],[193,381]]
[[0,0],[1,0],[16,381]]
[[0,0],[1,0],[14,381]]
[[0,0],[1,0],[196,381]]
[[0,0],[1,0],[94,381]]
[[0,0],[1,0],[2,381]]
[[0,0],[1,0],[1,381]]
[[0,0],[1,0],[34,381]]
[[0,0],[1,0],[41,381]]
[[0,0],[1,0],[226,381]]
[[0,0],[1,0],[160,381]]
[[0,0],[1,0],[255,381]]
[[0,0],[1,0],[163,381]]
[[0,0],[1,0],[190,381]]
[[0,0],[1,0],[172,381]]
[[0,0],[1,0],[4,381]]
[[0,0],[1,0],[20,381]]
[[0,0],[1,0],[128,381]]
[[0,0],[1,0],[253,381]]
[[0,0],[1,0],[23,381]]
[[0,0],[1,0],[277,381]]
[[0,0],[1,0],[122,381]]
[[0,0],[1,0],[154,381]]
[[0,0],[1,0],[5,381]]
[[0,0],[1,0],[49,381]]
[[0,0],[1,0],[25,381]]
[[0,0],[1,0],[22,381]]
[[0,0],[1,0],[80,381]]
[[0,0],[1,0],[106,381]]
[[0,0],[1,0],[145,381]]
[[0,0],[1,0],[250,381]]
[[0,0],[1,0],[151,381]]
[[0,0],[1,0],[337,381]]
