[[0,0],[1,0],[27,383]]
[[0,0],[1,0],[124,383]]
[[0,0],[1,0],[63,383]]
[[0,0],[1,0],[54,383]]
[[0,0],[1,0],[10,383]]
[[0,0],[1,0],[90,383]]
[[0,0],[1,0],[104,383]]
[[0,0],[1,0],[62,383]]
[[0,0],[1,0],[9,383]]
[[0,0],[1,0],[29,383]]
[[0,0],[1,0],[95,383]]
[[0,0],[1,0],[123,383]]
[[0,0],[1,0],[37,383]]
[[0,0],[1,0],[21,383]]
[[0,0],[1,0],[11,383]]
[[0,0],[1,0],[100,383]]
[[0,0],[1,0],[38,383]]
[[0,0],[1,0],[91,383]]
[[0,0],[1,0],[13,383]]
[[0,0],[1,0],[17,383]]
[[0,0],[1,0],[53,383]]
[[0,0],[1,0],[70,383]]
[[0,0],[1,0],[44,383]]
[[0,0],[1,0],[76,383]]
[[0,0],[1,0],[40,383]]
[[0,0],[1,0],[75,383]]
[[0,0],[1,0],[103,383]]
[[0,0],[1,0],[7,383]]
[[0,0],[1,0],[36,383]]
[[0,0],[1,0],[35,383]]
[[0,0],[1,0],[39,383]]
[[0,0],[1,0],[8,383]]
[[0,0],[1,0],[43,383]]
[[0,0],[1,0],[125,383]]
[[0,0],[1,0],[141,383]]
[[0,0],[1,0],[12,383]]
[[0,0],[1,0],[71,383]]
[[0,0],[1,0],[56,383]]
[[0,0],[1,0],[28,383]]
[[0,0],[1,0],[18,383]]
[[0,0],[1,0],[26,383]]
[[0,0],[1,0],[19,383]]
[[0,0],[1,0],[16,383]]
[[0,0],[1,0],[69,383]]
[[0,0],[1,0],[55,383]]
[[0,0],[1,0],[15,383]]
[[0,0],[1,0],[31,383]]
[[0,0],[1,0],[14,383]]
[[0,0],[1,0],[1,383]]
[[0,0],[1,0],[2,383]]
[[0,0],[1,0],[34,383]]
[[0,0],[1,0],[57,383]]
[[0,0],[1,0],[4,383]]
[[0,0],[1,0],[20,383]]
[[0,0],[1,0],[30,383]]
[[0,0],[1,0],[6,383]]
[[0,0],[1,0],[77,383]]
[[0,0],[1,0],[3,383]]
[[0,0],[1,0],[61,383]]
[[0,0],[1,0],[5,383]]
[[0,0],[1,0],[23,383]]
[[0,0],[1,0],[80,383]]
[[0,0],[1,0],[22,383]]
[[0,0],[1,0],[72,383]]
[[0,0],[1,0],[92,383]]
