[[0,0],[1,0],[37,385]]
[[0,0],[1,0],[85,385]]
[[0,0],[1,0],[59,385]]
[[0,0],[1,0],[134,385]]
[[0,0],[1,0],[1,385]]
[[0,0],[1,0],[34,385]]
[[0,0],[1,0],[46,385]]
[[0,0],[1,0],[93,385]]
[[0,0],[1,0],[96,385]]
[[0,0],[1,0],[221,385]]
[[0,0],[1,0],[57,385]]
[[0,0],[1,0],[181,385]]
[[0,0],[1,0],[364,385]]
[[0,0],[1,0],[31,385]]
[[0,0],[1,0],[120,385]]
[[0,0],[1,0],[76,385]]
[[0,0],[1,0],[274,385]]
[[0,0],[1,0],[9,385]]
[[0,0],[1,0],[127,385]]
[[0,0],[1,0],[306,385]]
[[0,0],[1,0],[3,385]]
[[0,0],[1,0],[144,385]]
[[0,0],[1,0],[56,385]]
[[0,0],[1,0],[211,385]]
[[0,0],[1,0],[122,385]]
[[0,0],[1,0],[23,385]]
[[0,0],[1,0],[146,385]]
[[0,0],[1,0],[104,385]]
[[0,0],[1,0],[26,385]]
[[0,0],[1,0],[89,385]]
[[0,0],[1,0],[188,385]]
[[0,0],[1,0],[39,385]]
[[0,0],[1,0],[78,385]]
[[0,0],[1,0],[50,385]]
[[0,0],[1,0],[103,385]]
[[0,0],[1,0],[191,385]]
[[0,0],[1,0],[375,385]]
[[0,0],[1,0],[81,385]]
[[0,0],[1,0],[186,385]]
[[0,0],[1,0],[61,385]]
[[0,0],[1,0],[190,385]]
[[0,0],[1,0],[133,385]]
[[0,0],[1,0],[100,385]]
[[0,0],[1,0],[62,385]]
[[0,0],[1,0],[29,385]]
[[0,0],[1,0],[86,385]]
[[0,0],[1,0],[16,385]]
[[0,0],[1,0],[351,385]]
[[0,0],[1,0],[111,385]]
[[0,0],[1,0],[148,385]]
[[0,0],[1,0],[225,385]]
[[0,0],[1,0],[13,385]]
[[0,0],[1,0],[64,385]]
[[0,0],[1,0],[54,385]]
[[0,0],[1,0],[19,385]]
[[0,0],[1,0],[267,385]]
[[0,0],[1,0],[295,385]]
[[0,0],[1,0],[166,385]]
[[0,0],[1,0],[169,385]]
[[0,0],[1,0],[176,385]]
[[0,0],[1,0],[38,385]]
[[0,0],[1,0],[18,385]]
[[0,0],[1,0],[136,385]]
[[0,0],[1,0],[87,385]]
[[0,0],[1,0],[218,385]]
[[0,0],[1,0],[15,385]]
[[0,0],[1,0],[36,385]]
[[0,0],[1,0],[309,385]]
[[0,0],[1,0],[47,385]]
[[0,0],[1,0],[206,385]]
[[0,0],[1,0],[41,385]]
[[0,0],[1,0],[265,385]]
[[0,0],[1,0],[4,385]]
[[0,0],[1,0],[131,385]]
[[0,0],[1,0],[8,385]]
[[0,0],[1,0],[162,385]]
[[0,0],[1,0],[92,385]]
[[0,0],[1,0],[83,385]]
[[0,0],[1,0],[6,385]]
[[0,0],[1,0],[12,385]]
[[0,0],[1,0],[116,385]]
[[0,0],[1,0],[45,385]]
[[0,0],[1,0],[137,385]]
[[0,0],[1,0],[260,385]]
[[0,0],[1,0],[261,385]]
[[0,0],[1,0],[51,385]]
[[0,0],[1,0],[171,385]]
[[0,0],[5,0],[49,77]]
[[0,0],[1,0],[320,385]]
[[0,0],[1,0],[2,385]]
[[0,0],[1,0],[17,385]]
[[0,0],[1,0],[106,385]]
[[0,0],[1,0],[365,385]]
[[0,0],[1,0],[177,385]]
[[0,0],[1,0],[43,385]]
[[0,0],[1,0],[155,385]]
[[0,0],[1,0],[72,385]]
[[0,0],[1,0],[71,385]]
[[0,0],[1,0],[27,385]]
[[0,0],[1,0],[287,385]]
