[[0,0],[1,0],[237,386]]
[[0,0],[1,0],[273,386]]
[[0,0],[1,0],[135,386]]
[[0,0],[1,0],[59,386]]
[[0,0],[1,0],[1,386]]
[[0,0],[1,0],[227,386]]
[[0,0],[1,0],[219,386]]
[[0,0],[1,0],[93,386]]
[[0,0],[1,0],[57,386]]
[[0,0],[1,0],[181,386]]
[[0,0],[1,0],[69,386]]
[[0,0],[1,0],[185,386]]
[[0,0],[1,0],[95,386]]
[[0,0],[1,0],[31,386]]
[[0,0],[1,0],[97,386]]
[[0,0],[1,0],[9,386]]
[[0,0],[1,0],[325,386]]
[[0,0],[1,0],[49,386]]
[[0,0],[1,0],[7,386]]
[[0,0],[1,0],[127,386]]
[[0,0],[1,0],[161,386]]
[[0,0],[1,0],[3,386]]
[[0,0],[1,0],[211,386]]
[[0,0],[1,0],[23,386]]
[[0,0],[1,0],[65,386]]
[[0,0],[1,0],[89,386]]
[[0,0],[1,0],[249,386]]
[[0,0],[1,0],[187,386]]
[[0,0],[1,0],[277,386]]
[[0,0],[1,0],[39,386]]
[[0,0],[1,0],[73,386]]
[[0,0],[1,0],[21,386]]
[[0,0],[1,0],[194,386]]
[[0,0],[1,0],[223,386]]
[[0,0],[1,0],[243,386]]
[[0,0],[1,0],[153,386]]
[[0,0],[1,0],[79,386]]
[[0,0],[1,0],[107,386]]
[[0,0],[1,0],[191,386]]
[[0,0],[1,0],[81,386]]
[[0,0],[1,0],[141,386]]
[[0,0],[1,0],[11,386]]
[[0,0],[1,0],[257,386]]
[[0,0],[1,0],[29,386]]
[[0,0],[1,0],[157,386]]
[[0,0],[1,0],[165,386]]
[[0,0],[1,0],[123,386]]
[[0,0],[1,0],[111,386]]
[[0,0],[1,0],[13,386]]
[[0,0],[1,0],[77,386]]
[[0,0],[1,0],[101,386]]
[[0,0],[1,0],[119,386]]
[[0,0],[1,0],[203,386]]
[[0,0],[1,0],[151,386]]
[[0,0],[1,0],[19,386]]
[[0,0],[1,0],[169,386]]
[[0,0],[1,0],[25,386]]
[[0,0],[1,0],[15,386]]
[[0,0],[1,0],[343,386]]
[[0,0],[1,0],[5,386]]
[[0,0],[1,0],[189,386]]
[[0,0],[1,0],[47,386]]
[[0,0],[1,0],[147,386]]
[[0,0],[1,0],[63,386]]
[[0,0],[1,0],[41,386]]
[[0,0],[1,0],[265,386]]
[[0,0],[1,0],[35,386]]
[[0,0],[1,0],[131,386]]
[[0,0],[1,0],[179,386]]
[[0,0],[1,0],[83,386]]
[[0,0],[1,0],[145,386]]
[[0,0],[1,0],[269,386]]
[[0,0],[1,0],[45,386]]
[[0,0],[1,0],[33,386]]
[[0,0],[1,0],[261,386]]
[[0,0],[1,0],[105,386]]
[[0,0],[1,0],[385,386]]
[[0,0],[1,0],[247,386]]
[[0,0],[1,0],[283,386]]
[[0,0],[1,0],[51,386]]
[[0,0],[1,0],[171,386]]
[[0,0],[1,0],[17,386]]
[[0,0],[1,0],[299,386]]
[[0,0],[1,0],[333,386]]
[[0,0],[1,0],[91,386]]
[[0,0],[1,0],[75,386]]
[[0,0],[1,0],[253,386]]
[[0,0],[1,0],[177,386]]
[[0,0],[1,0],[173,386]]
[[0,0],[1,0],[155,386]]
[[0,0],[1,0],[67,386]]
[[0,0],[1,0],[71,386]]
[[0,0],[1,0],[27,386]]
[[0,0],[1,0],[55,386]]
[[0,0],[1,0],[271,386]]
[[0,0],[1,0],[37,386]]
[[0,0],[1,0],[85,386]]
[[0,0],[1,0],[287,386]]
