[[0,0],[1,0],[287,388]]
[[0,0],[1,0],[1,388]]
[[0,0],[1,0],[85,388]]
[[0,0],[1,0],[251,388]]
[[0,0],[1,0],[195,388]]
[[0,0],[1,0],[57,388]]
[[0,0],[1,0],[93,388]]
[[0,0],[1,0],[185,388]]
[[0,0],[1,0],[221,388]]
[[0,0],[2,0],[2,194]]
[[0,0],[1,0],[95,388]]
[[0,0],[1,0],[181,388]]
[[0,0],[2,0],[8,194]]
[[0,0],[2,0],[6,194]]
[[0,0],[2,0],[52,194]]
[[0,0],[1,0],[31,388]]
[[0,0],[1,0],[193,388]]
[[0,0],[2,0],[12,194]]
[[0,0],[1,0],[98,388]]
[[0,0],[1,0],[9,388]]
[[0,0],[1,0],[53,388]]
[[0,0],[2,0],[38,194]]
[[0,0],[1,0],[215,388]]
[[0,0],[1,0],[3,388]]
[[0,0],[1,0],[49,388]]
[[0,0],[1,0],[211,388]]
[[0,0],[1,0],[159,388]]
[[0,0],[1,0],[161,388]]
[[0,0],[1,0],[113,388]]
[[0,0],[1,0],[7,388]]
[[0,0],[1,0],[89,388]]
[[0,0],[1,0],[65,388]]
[[0,0],[1,0],[23,388]]
[[0,0],[1,0],[249,388]]
[[0,0],[2,0],[4,194]]
[[0,0],[2,0],[36,194]]
[[0,0],[1,0],[73,388]]
[[0,0],[1,0],[39,388]]
[[0,0],[1,0],[277,388]]
[[0,0],[1,0],[21,388]]
[[0,0],[1,0],[107,388]]
[[0,0],[1,0],[153,388]]
[[0,0],[1,0],[79,388]]
[[0,0],[1,0],[103,388]]
[[0,0],[1,0],[191,388]]
[[0,0],[1,0],[117,388]]
[[0,0],[1,0],[81,388]]
[[0,0],[1,0],[11,388]]
[[0,0],[1,0],[245,388]]
[[0,0],[1,0],[141,388]]
[[0,0],[1,0],[125,388]]
[[0,0],[1,0],[61,388]]
[[0,0],[1,0],[123,388]]
[[0,0],[1,0],[133,388]]
[[0,0],[1,0],[29,388]]
[[0,0],[1,0],[165,388]]
[[0,0],[1,0],[157,388]]
[[0,0],[1,0],[239,388]]
[[0,0],[1,0],[387,388]]
[[0,0],[1,0],[351,388]]
[[0,0],[2,0],[16,194]]
[[0,0],[2,0],[72,194]]
[[0,0],[1,0],[213,388]]
[[0,0],[1,0],[13,388]]
[[0,0],[1,0],[19,388]]
[[0,0],[2,0],[14,194]]
[[0,0],[1,0],[77,388]]
[[0,0],[1,0],[267,388]]
[[0,0],[1,0],[151,388]]
[[0,0],[1,0],[169,388]]
[[0,0],[1,0],[99,388]]
[[0,0],[1,0],[25,388]]
[[0,0],[2,0],[18,194]]
[[0,0],[2,0],[42,194]]
[[0,0],[1,0],[279,388]]
[[0,0],[1,0],[87,388]]
[[0,0],[1,0],[15,388]]
[[0,0],[1,0],[147,388]]
[[0,0],[1,0],[47,388]]
[[0,0],[1,0],[41,388]]
[[0,0],[2,0],[22,194]]
[[0,0],[1,0],[5,388]]
[[0,0],[1,0],[189,388]]
[[0,0],[1,0],[63,388]]
[[0,0],[1,0],[35,388]]
[[0,0],[1,0],[292,388]]
[[0,0],[1,0],[131,388]]
[[0,0],[2,0],[10,194]]
[[0,0],[1,0],[179,388]]
[[0,0],[1,0],[83,388]]
[[0,0],[2,0],[20,194]]
[[0,0],[1,0],[145,388]]
[[0,0],[1,0],[33,388]]
[[0,0],[1,0],[283,388]]
[[0,0],[1,0],[269,388]]
[[0,0],[1,0],[45,388]]
[[0,0],[1,0],[51,388]]
[[0,0],[2,0],[44,194]]
[[0,0],[1,0],[183,388]]
[[0,0],[1,0],[261,388]]
[[0,0],[1,0],[17,388]]
[[0,0],[1,0],[201,388]]
[[0,0],[1,0],[91,388]]
[[0,0],[1,0],[75,388]]
[[0,0],[1,0],[319,388]]
[[0,0],[1,0],[155,388]]
[[0,0],[1,0],[43,388]]
[[0,0],[1,0],[67,388]]
[[0,0],[1,0],[217,388]]
[[0,0],[1,0],[253,388]]
[[0,0],[1,0],[27,388]]
[[0,0],[2,0],[40,194]]
[[0,0],[1,0],[71,388]]
[[0,0],[1,0],[163,388]]
[[0,0],[1,0],[129,388]]
[[0,0],[1,0],[59,388]]
[[0,0],[1,0],[273,388]]
[[0,0],[1,0],[55,388]]
