[[0,0],[1,0],[11,389]]
[[0,0],[1,0],[3,389]]
[[0,0],[1,0],[15,389]]
[[0,0],[1,0],[129,389]]
[[0,0],[1,0],[151,389]]
[[0,0],[1,0],[24,389]]
[[0,0],[1,0],[10,389]]
[[0,0],[1,0],[64,389]]
[[0,0],[1,0],[59,389]]
[[0,0],[1,0],[35,389]]
[[0,0],[1,0],[1,389]]
[[0,0],[1,0],[75,389]]
[[0,0],[1,0],[13,389]]
[[0,0],[1,0],[5,389]]
[[0,0],[1,0],[2,389]]
[[0,0],[1,0],[47,389]]
[[0,0],[1,0],[124,389]]
[[0,0],[1,0],[123,389]]
[[0,0],[1,0],[28,389]]
[[0,0],[1,0],[25,389]]
[[0,0],[1,0],[56,389]]
[[0,0],[1,0],[6,389]]
[[0,0],[1,0],[90,389]]
[[0,0],[1,0],[44,389]]
[[0,0],[1,0],[21,389]]
[[0,0],[1,0],[4,389]]
[[0,0],[1,0],[68,389]]
[[0,0],[1,0],[67,389]]
[[0,0],[1,0],[18,389]]
[[0,0],[1,0],[60,389]]
[[0,0],[1,0],[8,389]]
[[0,0],[1,0],[17,389]]
[[0,0],[1,0],[33,389]]
[[0,0],[1,0],[19,389]]
[[0,0],[1,0],[36,389]]
[[0,0],[1,0],[57,389]]
[[0,0],[1,0],[52,389]]
[[0,0],[1,0],[20,389]]
[[0,0],[1,0],[85,389]]
[[0,0],[1,0],[49,389]]
[[0,0],[1,0],[22,389]]
[[0,0],[1,0],[50,389]]
[[0,0],[1,0],[45,389]]
[[0,0],[1,0],[86,389]]
[[0,0],[1,0],[32,389]]
[[0,0],[1,0],[58,389]]
[[0,0],[1,0],[92,389]]
[[0,0],[1,0],[7,389]]
[[0,0],[1,0],[34,389]]
[[0,0],[1,0],[63,389]]
[[0,0],[1,0],[76,389]]
[[0,0],[1,0],[43,389]]
[[0,0],[1,0],[9,389]]
[[0,0],[1,0],[91,389]]
[[0,0],[1,0],[77,389]]
[[0,0],[1,0],[51,389]]
[[0,0],[1,0],[29,389]]
[[0,0],[1,0],[102,389]]
[[0,0],[1,0],[14,389]]
[[0,0],[1,0],[23,389]]
[[0,0],[1,0],[157,389]]
[[0,0],[1,0],[16,389]]
[[0,0],[1,0],[12,389]]
[[0,0],[1,0],[46,389]]
[[0,0],[1,0],[48,389]]
[[0,0],[1,0],[110,389]]
