[[0,0],[1,0],[71,394]]
[[0,0],[1,0],[227,394]]
[[0,0],[1,0],[207,394]]
[[0,0],[1,0],[27,394]]
[[0,0],[1,0],[37,394]]
[[0,0],[1,0],[93,394]]
[[0,0],[1,0],[221,394]]
[[0,0],[1,0],[135,394]]
[[0,0],[1,0],[59,394]]
[[0,0],[1,0],[195,394]]
[[0,0],[1,0],[95,394]]
[[0,0],[1,0],[235,394]]
[[0,0],[1,0],[315,394]]
[[0,0],[1,0],[31,394]]
[[0,0],[1,0],[57,394]]
[[0,0],[1,0],[181,394]]
[[0,0],[1,0],[69,394]]
[[0,0],[1,0],[185,394]]
[[0,0],[1,0],[139,394]]
[[0,0],[1,0],[205,394]]
[[0,0],[1,0],[49,394]]
[[0,0],[1,0],[3,394]]
[[0,0],[1,0],[53,394]]
[[0,0],[1,0],[113,394]]
[[0,0],[1,0],[65,394]]
[[0,0],[1,0],[9,394]]
[[0,0],[1,0],[7,394]]
[[0,0],[1,0],[23,394]]
[[0,0],[1,0],[249,394]]
[[0,0],[1,0],[223,394]]
[[0,0],[1,0],[39,394]]
[[0,0],[1,0],[21,394]]
[[0,0],[1,0],[191,394]]
[[0,0],[1,0],[115,394]]
[[0,0],[1,0],[81,394]]
[[0,0],[1,0],[141,394]]
[[0,0],[1,0],[125,394]]
[[0,0],[1,0],[61,394]]
[[0,0],[1,0],[153,394]]
[[0,0],[1,0],[117,394]]
[[0,0],[1,0],[107,394]]
[[0,0],[1,0],[103,394]]
[[0,0],[1,0],[29,394]]
[[0,0],[1,0],[339,394]]
[[0,0],[1,0],[157,394]]
[[0,0],[1,0],[393,394]]
[[0,0],[1,0],[245,394]]
[[0,0],[1,0],[133,394]]
[[0,0],[1,0],[225,394]]
[[0,0],[1,0],[311,394]]
[[0,0],[1,0],[13,394]]
[[0,0],[1,0],[11,394]]
[[0,0],[1,0],[77,394]]
[[0,0],[1,0],[233,394]]
[[0,0],[1,0],[165,394]]
[[0,0],[1,0],[123,394]]
[[0,0],[1,0],[285,394]]
[[0,0],[1,0],[19,394]]
[[0,0],[1,0],[321,394]]
[[0,0],[1,0],[101,394]]
[[0,0],[1,0],[99,394]]
[[0,0],[1,0],[119,394]]
[[0,0],[1,0],[151,394]]
[[0,0],[1,0],[15,394]]
[[0,0],[1,0],[267,394]]
[[0,0],[1,0],[47,394]]
[[0,0],[1,0],[297,394]]
[[0,0],[1,0],[147,394]]
[[0,0],[1,0],[63,394]]
[[0,0],[1,0],[25,394]]
[[0,0],[1,0],[307,394]]
[[0,0],[1,0],[309,394]]
[[0,0],[1,0],[35,394]]
[[0,0],[1,0],[131,394]]
[[0,0],[1,0],[143,394]]
[[0,0],[1,0],[5,394]]
[[0,0],[1,0],[179,394]]
[[0,0],[1,0],[45,394]]
[[0,0],[1,0],[41,394]]
[[0,0],[1,0],[33,394]]
[[0,0],[1,0],[51,394]]
[[0,0],[1,0],[198,394]]
[[0,0],[1,0],[305,394]]
[[0,0],[1,0],[137,394]]
[[0,0],[1,0],[175,394]]
[[0,0],[1,0],[17,394]]
[[0,0],[1,0],[105,394]]
[[0,0],[1,0],[121,394]]
[[0,0],[1,0],[183,394]]
[[0,0],[1,0],[283,394]]
[[0,0],[1,0],[177,394]]
[[0,0],[1,0],[67,394]]
[[0,0],[1,0],[201,394]]
[[0,0],[1,0],[303,394]]
[[0,0],[1,0],[75,394]]
[[0,0],[1,0],[129,394]]
[[0,0],[1,0],[163,394]]
[[0,0],[1,0],[155,394]]
[[0,0],[1,0],[43,394]]
[[0,0],[1,0],[1,394]]
