[[0,0],[1,0],[16,397]]
[[0,0],[1,0],[46,397]]
[[0,0],[1,0],[48,397]]
[[0,0],[1,0],[73,397]]
[[0,0],[1,0],[116,397]]
[[0,0],[1,0],[35,397]]
[[0,0],[1,0],[1,397]]
[[0,0],[1,0],[11,397]]
[[0,0],[1,0],[42,397]]
[[0,0],[1,0],[38,397]]
[[0,0],[1,0],[59,397]]
[[0,0],[1,0],[13,397]]
[[0,0],[1,0],[47,397]]
[[0,0],[1,0],[28,397]]
[[0,0],[1,0],[56,397]]
[[0,0],[1,0],[98,397]]
[[0,0],[1,0],[6,397]]
[[0,0],[1,0],[55,397]]
[[0,0],[1,0],[5,397]]
[[0,0],[1,0],[103,397]]
[[0,0],[1,0],[2,397]]
[[0,0],[1,0],[80,397]]
[[0,0],[1,0],[25,397]]
[[0,0],[1,0],[39,397]]
[[0,0],[1,0],[106,397]]
[[0,0],[1,0],[60,397]]
[[0,0],[1,0],[152,397]]
[[0,0],[1,0],[8,397]]
[[0,0],[1,0],[21,397]]
[[0,0],[1,0],[4,397]]
[[0,0],[1,0],[17,397]]
[[0,0],[1,0],[68,397]]
[[0,0],[1,0],[30,397]]
[[0,0],[1,0],[138,397]]
[[0,0],[1,0],[18,397]]
[[0,0],[1,0],[19,397]]
[[0,0],[1,0],[49,397]]
[[0,0],[1,0],[57,397]]
[[0,0],[1,0],[101,397]]
[[0,0],[1,0],[52,397]]
[[0,0],[1,0],[20,397]]
[[0,0],[1,0],[27,397]]
[[0,0],[1,0],[58,397]]
[[0,0],[1,0],[162,397]]
[[0,0],[1,0],[97,397]]
[[0,0],[1,0],[26,397]]
[[0,0],[1,0],[96,397]]
[[0,0],[1,0],[107,397]]
[[0,0],[1,0],[50,397]]
[[0,0],[1,0],[40,397]]
[[0,0],[1,0],[31,397]]
[[0,0],[1,0],[32,397]]
[[0,0],[1,0],[7,397]]
[[0,0],[1,0],[41,397]]
[[0,0],[1,0],[51,397]]
[[0,0],[1,0],[43,397]]
[[0,0],[1,0],[29,397]]
[[0,0],[1,0],[108,397]]
[[0,0],[1,0],[102,397]]
[[0,0],[1,0],[9,397]]
[[0,0],[1,0],[83,397]]
[[0,0],[1,0],[12,397]]
[[0,0],[1,0],[72,397]]
[[0,0],[1,0],[15,397]]
[[0,0],[1,0],[3,397]]
[[0,0],[1,0],[24,397]]
[[0,0],[1,0],[10,397]]
[[0,0],[1,0],[14,397]]
