[[0,0],[1,0],[262,402]]
[[0,0],[1,0],[139,402]]
[[0,0],[1,0],[364,402]]
[[0,0],[1,0],[208,402]]
[[0,0],[1,0],[310,402]]
[[0,0],[1,0],[10,402]]
[[0,0],[1,0],[55,402]]
[[0,0],[1,0],[287,402]]
[[0,0],[1,0],[85,402]]
[[0,0],[1,0],[76,402]]
[[0,0],[1,0],[298,402]]
[[0,0],[1,0],[97,402]]
[[0,0],[1,0],[59,402]]
[[0,0],[1,0],[274,402]]
[[0,0],[1,0],[325,402]]
[[0,0],[1,0],[226,402]]
[[0,0],[1,0],[227,402]]
[[0,0],[1,0],[232,402]]
[[0,0],[1,0],[34,402]]
[[0,0],[1,0],[7,402]]
[[0,0],[1,0],[196,402]]
[[0,0],[1,0],[65,402]]
[[0,0],[1,0],[89,402]]
[[0,0],[1,0],[172,402]]
[[0,0],[1,0],[181,402]]
[[0,0],[1,0],[95,402]]
[[0,0],[1,0],[286,402]]
[[0,0],[1,0],[88,402]]
[[0,0],[1,0],[202,402]]
[[0,0],[1,0],[394,402]]
[[0,0],[1,0],[382,402]]
[[0,0],[1,0],[53,402]]
[[0,0],[1,0],[197,402]]
[[0,0],[1,0],[22,402]]
[[0,0],[1,0],[275,402]]
[[0,0],[1,0],[244,402]]
[[0,0],[1,0],[215,402]]
[[0,0],[1,0],[241,402]]
[[0,0],[1,0],[49,402]]
[[0,0],[1,0],[79,402]]
[[0,0],[1,0],[118,402]]
[[0,0],[1,0],[107,402]]
[[0,0],[1,0],[328,402]]
[[0,0],[1,0],[23,402]]
[[0,0],[1,0],[103,402]]
[[0,0],[1,0],[28,402]]
[[0,0],[1,0],[68,402]]
[[0,0],[1,0],[113,402]]
[[0,0],[1,0],[281,402]]
[[0,0],[1,0],[277,402]]
[[0,0],[1,0],[73,402]]
[[0,0],[1,0],[133,402]]
[[0,0],[1,0],[257,402]]
[[0,0],[1,0],[11,402]]
[[0,0],[1,0],[16,402]]
[[0,0],[1,0],[239,402]]
[[0,0],[1,0],[223,402]]
[[0,0],[1,0],[250,402]]
[[0,0],[1,0],[148,402]]
[[0,0],[1,0],[52,402]]
[[0,0],[1,0],[13,402]]
[[0,0],[1,0],[160,402]]
[[0,0],[1,0],[191,402]]
[[0,0],[1,0],[101,402]]
[[0,0],[1,0],[370,402]]
[[0,0],[1,0],[220,402]]
[[0,0],[1,0],[61,402]]
[[0,0],[1,0],[199,402]]
[[0,0],[1,0],[340,402]]
[[0,0],[1,0],[19,402]]
[[0,0],[1,0],[256,402]]
[[0,0],[1,0],[178,402]]
[[0,0],[1,0],[100,402]]
[[0,0],[1,0],[190,402]]
[[0,0],[1,0],[29,402]]
[[0,0],[1,0],[334,402]]
[[0,0],[1,0],[233,402]]
[[0,0],[1,0],[157,402]]
[[0,0],[1,0],[166,402]]
[[0,0],[1,0],[136,402]]
[[0,0],[1,0],[25,402]]
[[0,0],[1,0],[94,402]]
[[0,0],[1,0],[304,402]]
[[0,0],[1,0],[154,402]]
[[0,0],[1,0],[5,402]]
[[0,0],[1,0],[64,402]]
[[0,0],[1,0],[47,402]]
[[0,0],[1,0],[119,402]]
[[0,0],[1,0],[352,402]]
[[0,0],[1,0],[151,402]]
[[0,0],[1,0],[238,402]]
[[0,0],[1,0],[367,402]]
[[0,0],[1,0],[143,402]]
[[0,0],[1,0],[209,402]]
[[0,0],[1,0],[336,402]]
[[0,0],[1,0],[322,402]]
[[0,0],[1,0],[83,402]]
[[0,0],[1,0],[269,402]]
[[0,0],[1,0],[280,402]]
[[0,0],[1,0],[184,402]]
[[0,0],[1,0],[376,402]]
[[0,0],[1,0],[214,402]]
[[0,0],[2,0],[69,201]]
[[0,0],[1,0],[292,402]]
[[0,0],[1,0],[112,402]]
[[0,0],[1,0],[401,402]]
[[0,0],[1,0],[41,402]]
[[0,0],[1,0],[4,402]]
[[0,0],[1,0],[109,402]]
[[0,0],[1,0],[316,402]]
[[0,0],[1,0],[130,402]]
[[0,0],[1,0],[106,402]]
[[0,0],[1,0],[40,402]]
[[0,0],[1,0],[388,402]]
[[0,0],[1,0],[173,402]]
[[0,0],[1,0],[400,402]]
[[0,0],[1,0],[217,402]]
[[0,0],[1,0],[43,402]]
[[0,0],[1,0],[137,402]]
[[0,0],[1,0],[70,402]]
[[0,0],[1,0],[247,402]]
[[0,0],[1,0],[271,402]]
[[0,0],[1,0],[142,402]]
[[0,0],[1,0],[346,402]]
[[0,0],[1,0],[37,402]]
[[0,0],[1,0],[135,402]]
[[0,0],[1,0],[124,402]]
[[0,0],[1,0],[331,402]]
[[0,0],[1,0],[17,402]]
[[0,0],[1,0],[1,402]]
[[0,0],[1,0],[371,402]]
[[0,0],[1,0],[235,402]]
[[0,0],[1,0],[358,402]]
[[0,0],[1,0],[58,402]]
[[0,0],[1,0],[46,402]]
[[0,0],[1,0],[91,402]]
[[0,0],[1,0],[82,402]]
[[0,0],[1,0],[253,402]]
