[[0,0],[1,0],[42,403]]
[[0,0],[1,0],[1,403]]
[[0,0],[1,0],[157,403]]
[[0,0],[1,0],[5,403]]
[[0,0],[1,0],[23,403]]
[[0,0],[1,0],[170,403]]
[[0,0],[1,0],[38,403]]
[[0,0],[1,0],[47,403]]
[[0,0],[1,0],[44,403]]
[[0,0],[1,0],[25,403]]
[[0,0],[1,0],[24,403]]
[[0,0],[1,0],[6,403]]
[[0,0],[1,0],[3,403]]
[[0,0],[1,0],[18,403]]
[[0,0],[1,0],[8,403]]
[[0,0],[1,0],[88,403]]
[[0,0],[1,0],[28,403]]
[[0,0],[1,0],[120,403]]
[[0,0],[1,0],[2,403]]
[[0,0],[1,0],[21,403]]
[[0,0],[1,0],[33,403]]
[[0,0],[1,0],[4,403]]
[[0,0],[1,0],[20,403]]
[[0,0],[1,0],[118,403]]
[[0,0],[1,0],[94,403]]
[[0,0],[1,0],[90,403]]
[[0,0],[1,0],[218,403]]
[[0,0],[1,0],[274,403]]
[[0,0],[1,0],[19,403]]
[[0,0],[1,0],[45,403]]
[[0,0],[1,0],[50,403]]
[[0,0],[1,0],[30,403]]
[[0,0],[1,0],[7,403]]
[[0,0],[1,0],[17,403]]
[[0,0],[1,0],[183,403]]
[[0,0],[1,0],[70,403]]
[[0,0],[1,0],[77,403]]
[[0,0],[1,0],[81,403]]
[[0,0],[1,0],[71,403]]
[[0,0],[1,0],[40,403]]
[[0,0],[1,0],[43,403]]
[[0,0],[1,0],[108,403]]
[[0,0],[1,0],[27,403]]
[[0,0],[1,0],[69,403]]
[[0,0],[1,0],[249,403]]
[[0,0],[1,0],[125,403]]
[[0,0],[1,0],[12,403]]
[[0,0],[1,0],[22,403]]
[[0,0],[1,0],[109,403]]
[[0,0],[1,0],[235,403]]
[[0,0],[1,0],[92,403]]
[[0,0],[1,0],[51,403]]
[[0,0],[1,0],[58,403]]
[[0,0],[1,0],[148,403]]
[[0,0],[1,0],[32,403]]
[[0,0],[1,0],[16,403]]
[[0,0],[1,0],[34,403]]
[[0,0],[1,0],[14,403]]
[[0,0],[1,0],[37,403]]
[[0,0],[1,0],[87,403]]
[[0,0],[1,0],[86,403]]
[[0,0],[1,0],[311,403]]
[[0,0],[1,0],[300,403]]
[[0,0],[1,0],[192,403]]
[[0,0],[1,0],[79,403]]
[[0,0],[1,0],[41,403]]
[[0,0],[1,0],[15,403]]
[[0,0],[1,0],[119,403]]
[[0,0],[1,0],[46,403]]
[[0,0],[1,0],[10,403]]
[[0,0],[1,0],[9,403]]
[[0,0],[1,0],[66,403]]
[[0,0],[1,0],[11,403]]
[[0,0],[1,0],[53,403]]
[[0,0],[1,0],[82,403]]
[[0,0],[1,0],[105,403]]
[[0,0],[1,0],[29,403]]
[[0,0],[1,0],[156,403]]
