[[0,0],[1,0],[293,404]]
[[0,0],[1,0],[139,404]]
[[0,0],[1,0],[57,404]]
[[0,0],[1,0],[185,404]]
[[0,0],[1,0],[253,404]]
[[0,0],[2,0],[24,202]]
[[0,0],[1,0],[163,404]]
[[0,0],[1,0],[59,404]]
[[0,0],[1,0],[327,404]]
[[0,0],[1,0],[55,404]]
[[0,0],[2,0],[8,202]]
[[0,0],[1,0],[227,404]]
[[0,0],[2,0],[6,202]]
[[0,0],[1,0],[85,404]]
[[0,0],[1,0],[377,404]]
[[0,0],[1,0],[211,404]]
[[0,0],[2,0],[12,202]]
[[0,0],[2,0],[32,202]]
[[0,0],[1,0],[205,404]]
[[0,0],[1,0],[7,404]]
[[0,0],[2,0],[2,202]]
[[0,0],[1,0],[65,404]]
[[0,0],[1,0],[89,404]]
[[0,0],[1,0],[195,404]]
[[0,0],[1,0],[93,404]]
[[0,0],[1,0],[255,404]]
[[0,0],[1,0],[95,404]]
[[0,0],[1,0],[39,404]]
[[0,0],[1,0],[31,404]]
[[0,0],[2,0],[80,202]]
[[0,0],[1,0],[243,404]]
[[0,0],[1,0],[9,404]]
[[0,0],[1,0],[107,404]]
[[0,0],[1,0],[53,404]]
[[0,0],[1,0],[153,404]]
[[0,0],[1,0],[3,404]]
[[0,0],[1,0],[355,404]]
[[0,0],[1,0],[115,404]]
[[0,0],[1,0],[79,404]]
[[0,0],[2,0],[26,202]]
[[0,0],[1,0],[113,404]]
[[0,0],[2,0],[4,202]]
[[0,0],[1,0],[23,404]]
[[0,0],[2,0],[66,202]]
[[0,0],[1,0],[281,404]]
[[0,0],[1,0],[11,404]]
[[0,0],[1,0],[141,404]]
[[0,0],[1,0],[357,404]]
[[0,0],[1,0],[73,404]]
[[0,0],[1,0],[257,404]]
[[0,0],[1,0],[277,404]]
[[0,0],[1,0],[133,404]]
[[0,0],[1,0],[21,404]]
[[0,0],[1,0],[165,404]]
[[0,0],[1,0],[223,404]]
[[0,0],[1,0],[225,404]]
[[0,0],[2,0],[28,202]]
[[0,0],[1,0],[203,404]]
[[0,0],[1,0],[117,404]]
[[0,0],[1,0],[13,404]]
[[0,0],[1,0],[19,404]]
[[0,0],[1,0],[245,404]]
[[0,0],[1,0],[125,404]]
[[0,0],[1,0],[29,404]]
[[0,0],[1,0],[25,404]]
[[0,0],[2,0],[16,202]]
[[0,0],[1,0],[335,404]]
[[0,0],[1,0],[157,404]]
[[0,0],[1,0],[304,404]]
[[0,0],[1,0],[359,404]]
[[0,0],[1,0],[15,404]]
[[0,0],[2,0],[14,202]]
[[0,0],[1,0],[213,404]]
[[0,0],[1,0],[5,404]]
[[0,0],[1,0],[307,404]]
[[0,0],[1,0],[119,404]]
[[0,0],[1,0],[99,404]]
[[0,0],[1,0],[102,404]]
[[0,0],[1,0],[83,404]]
[[0,0],[2,0],[18,202]]
[[0,0],[1,0],[143,404]]
[[0,0],[2,0],[10,202]]
[[0,0],[1,0],[33,404]]
[[0,0],[1,0],[121,404]]
[[0,0],[1,0],[269,404]]
[[0,0],[1,0],[87,404]]
[[0,0],[1,0],[51,404]]
[[0,0],[1,0],[343,404]]
[[0,0],[1,0],[171,404]]
[[0,0],[1,0],[41,404]]
[[0,0],[1,0],[301,404]]
[[0,0],[1,0],[403,404]]
[[0,0],[1,0],[189,404]]
[[0,0],[2,0],[44,202]]
[[0,0],[1,0],[63,404]]
[[0,0],[2,0],[20,202]]
[[0,0],[1,0],[35,404]]
[[0,0],[1,0],[131,404]]
[[0,0],[1,0],[175,404]]
[[0,0],[1,0],[75,404]]
[[0,0],[1,0],[323,404]]
[[0,0],[1,0],[109,404]]
[[0,0],[1,0],[43,404]]
[[0,0],[1,0],[145,404]]
[[0,0],[1,0],[217,404]]
[[0,0],[1,0],[137,404]]
[[0,0],[1,0],[105,404]]
[[0,0],[1,0],[173,404]]
[[0,0],[2,0],[30,202]]
[[0,0],[1,0],[71,404]]
[[0,0],[1,0],[183,404]]
[[0,0],[1,0],[129,404]]
[[0,0],[1,0],[235,404]]
[[0,0],[1,0],[17,404]]
[[0,0],[1,0],[37,404]]
[[0,0],[1,0],[1,404]]
[[0,0],[1,0],[201,404]]
[[0,0],[1,0],[237,404]]
[[0,0],[1,0],[91,404]]
[[0,0],[1,0],[207,404]]
[[0,0],[1,0],[155,404]]
[[0,0],[1,0],[67,404]]
