[[0,0],[1,0],[262,405]]
[[0,0],[1,0],[67,405]]
[[0,0],[1,0],[82,405]]
[[0,0],[1,0],[139,405]]
[[0,0],[1,0],[253,405]]
[[0,0],[1,0],[366,405]]
[[0,0],[1,0],[10,405]]
[[0,0],[1,0],[193,405]]
[[0,0],[1,0],[55,405]]
[[0,0],[1,0],[97,405]]
[[0,0],[3,0],[66,135]]
[[0,0],[1,0],[341,405]]
[[0,0],[1,0],[298,405]]
[[0,0],[1,0],[211,405]]
[[0,0],[1,0],[161,405]]
[[0,0],[1,0],[96,405]]
[[0,0],[1,0],[325,405]]
[[0,0],[1,0],[34,405]]
[[0,0],[1,0],[7,405]]
[[0,0],[1,0],[88,405]]
[[0,0],[1,0],[181,405]]
[[0,0],[1,0],[22,405]]
[[0,0],[1,0],[31,405]]
[[0,0],[1,0],[202,405]]
[[0,0],[1,0],[118,405]]
[[0,0],[1,0],[53,405]]
[[0,0],[1,0],[56,405]]
[[0,0],[1,0],[49,405]]
[[0,0],[1,0],[244,405]]
[[0,0],[1,0],[79,405]]
[[0,0],[3,0],[18,135]]
[[0,0],[1,0],[23,405]]
[[0,0],[1,0],[103,405]]
[[0,0],[1,0],[26,405]]
[[0,0],[1,0],[14,405]]
[[0,0],[1,0],[281,405]]
[[0,0],[1,0],[28,405]]
[[0,0],[1,0],[68,405]]
[[0,0],[1,0],[11,405]]
[[0,0],[1,0],[236,405]]
[[0,0],[1,0],[141,405]]
[[0,0],[1,0],[73,405]]
[[0,0],[1,0],[16,405]]
[[0,0],[1,0],[381,405]]
[[0,0],[3,0],[84,135]]
[[0,0],[1,0],[21,405]]
[[0,0],[1,0],[223,405]]
[[0,0],[1,0],[111,405]]
[[0,0],[1,0],[52,405]]
[[0,0],[3,0],[30,135]]
[[0,0],[1,0],[13,405]]
[[0,0],[1,0],[19,405]]
[[0,0],[1,0],[370,405]]
[[0,0],[3,0],[3,135]]
[[0,0],[1,0],[101,405]]
[[0,0],[1,0],[190,405]]
[[0,0],[1,0],[186,405]]
[[0,0],[1,0],[61,405]]
[[0,0],[1,0],[321,405]]
[[0,0],[1,0],[199,405]]
[[0,0],[1,0],[62,405]]
[[0,0],[1,0],[176,405]]
[[0,0],[1,0],[86,405]]
[[0,0],[1,0],[136,405]]
[[0,0],[1,0],[94,405]]
[[0,0],[1,0],[100,405]]
[[0,0],[1,0],[157,405]]
[[0,0],[1,0],[32,405]]
[[0,0],[1,0],[44,405]]
[[0,0],[1,0],[154,405]]
[[0,0],[9,0],[18,45]]
[[0,0],[1,0],[276,405]]
[[0,0],[3,0],[12,135]]
[[0,0],[3,0],[48,135]]
[[0,0],[1,0],[119,405]]
[[0,0],[1,0],[307,405]]
[[0,0],[1,0],[291,405]]
[[0,0],[3,0],[33,135]]
[[0,0],[1,0],[151,405]]
[[0,0],[1,0],[8,405]]
[[0,0],[1,0],[156,405]]
[[0,0],[1,0],[83,405]]
[[0,0],[1,0],[6,405]]
[[0,0],[1,0],[367,405]]
[[0,0],[1,0],[336,405]]
[[0,0],[3,0],[63,135]]
[[0,0],[1,0],[280,405]]
[[0,0],[1,0],[116,405]]
[[0,0],[1,0],[121,405]]
[[0,0],[1,0],[214,405]]
[[0,0],[1,0],[184,405]]
[[0,0],[1,0],[51,405]]
[[0,0],[1,0],[376,405]]
[[0,0],[1,0],[112,405]]
[[0,0],[3,0],[6,135]]
[[0,0],[1,0],[41,405]]
[[0,0],[1,0],[301,405]]
[[0,0],[1,0],[231,405]]
[[0,0],[1,0],[131,405]]
[[0,0],[3,0],[21,135]]
[[0,0],[1,0],[4,405]]
[[0,0],[1,0],[109,405]]
[[0,0],[1,0],[106,405]]
[[0,0],[1,0],[43,405]]
[[0,0],[1,0],[145,405]]
[[0,0],[1,0],[158,405]]
[[0,0],[3,0],[24,135]]
[[0,0],[3,0],[78,135]]
[[0,0],[1,0],[142,405]]
[[0,0],[1,0],[283,405]]
[[0,0],[1,0],[71,405]]
[[0,0],[1,0],[268,405]]
[[0,0],[9,0],[9,45]]
[[0,0],[3,0],[57,135]]
[[0,0],[1,0],[259,405]]
[[0,0],[1,0],[66,405]]
[[0,0],[1,0],[235,405]]
[[0,0],[1,0],[17,405]]
[[0,0],[1,0],[37,405]]
[[0,0],[1,0],[74,405]]
[[0,0],[1,0],[1,405]]
[[0,0],[1,0],[201,405]]
[[0,0],[1,0],[46,405]]
[[0,0],[1,0],[91,405]]
[[0,0],[1,0],[2,405]]
[[0,0],[1,0],[246,405]]
