[[0,0],[1,0],[42,407]]
[[0,0],[1,0],[38,407]]
[[0,0],[1,0],[13,407]]
[[0,0],[1,0],[166,407]]
[[0,0],[1,0],[112,407]]
[[0,0],[1,0],[5,407]]
[[0,0],[1,0],[23,407]]
[[0,0],[1,0],[78,407]]
[[0,0],[1,0],[73,407]]
[[0,0],[1,0],[80,407]]
[[0,0],[1,0],[133,407]]
[[0,0],[1,0],[39,407]]
[[0,0],[1,0],[6,407]]
[[0,0],[1,0],[64,407]]
[[0,0],[1,0],[3,407]]
[[0,0],[1,0],[186,407]]
[[0,0],[1,0],[8,407]]
[[0,0],[1,0],[276,407]]
[[0,0],[1,0],[18,407]]
[[0,0],[1,0],[124,407]]
[[0,0],[1,0],[28,407]]
[[0,0],[1,0],[56,407]]
[[0,0],[1,0],[2,407]]
[[0,0],[1,0],[21,407]]
[[0,0],[1,0],[54,407]]
[[0,0],[1,0],[101,407]]
[[0,0],[1,0],[155,407]]
[[0,0],[1,0],[20,407]]
[[0,0],[1,0],[4,407]]
[[0,0],[1,0],[19,407]]
[[0,0],[1,0],[100,407]]
[[0,0],[1,0],[67,407]]
[[0,0],[1,0],[60,407]]
[[0,0],[1,0],[45,407]]
[[0,0],[1,0],[50,407]]
[[0,0],[1,0],[144,407]]
[[0,0],[1,0],[17,407]]
[[0,0],[1,0],[97,407]]
[[0,0],[1,0],[81,407]]
[[0,0],[1,0],[7,407]]
[[0,0],[1,0],[36,407]]
[[0,0],[1,0],[40,407]]
[[0,0],[1,0],[43,407]]
[[0,0],[1,0],[260,407]]
[[0,0],[1,0],[223,407]]
[[0,0],[1,0],[297,407]]
[[0,0],[1,0],[27,407]]
[[0,0],[1,0],[49,407]]
[[0,0],[1,0],[71,407]]
[[0,0],[1,0],[188,407]]
[[0,0],[1,0],[122,407]]
[[0,0],[1,0],[125,407]]
[[0,0],[1,0],[32,407]]
[[0,0],[1,0],[16,407]]
[[0,0],[1,0],[12,407]]
[[0,0],[1,0],[72,407]]
[[0,0],[1,0],[14,407]]
[[0,0],[1,0],[309,407]]
[[0,0],[1,0],[92,407]]
[[0,0],[1,0],[83,407]]
[[0,0],[1,0],[65,407]]
[[0,0],[1,0],[41,407]]
[[0,0],[1,0],[46,407]]
[[0,0],[1,0],[265,407]]
[[0,0],[1,0],[9,407]]
[[0,0],[1,0],[63,407]]
[[0,0],[1,0],[26,407]]
[[0,0],[1,0],[79,407]]
[[0,0],[1,0],[15,407]]
[[0,0],[1,0],[119,407]]
[[0,0],[1,0],[31,407]]
[[0,0],[1,0],[10,407]]
[[0,0],[1,0],[91,407]]
[[0,0],[1,0],[221,407]]
[[0,0],[1,0],[89,407]]
[[0,0],[1,0],[53,407]]
[[0,0],[1,0],[82,407]]
[[0,0],[1,0],[1,407]]
