[[0,0],[1,0],[9,409]]
[[0,0],[1,0],[38,409]]
[[0,0],[1,0],[47,409]]
[[0,0],[1,0],[53,409]]
[[0,0],[1,0],[166,409]]
[[0,0],[1,0],[165,409]]
[[0,0],[1,0],[23,409]]
[[0,0],[1,0],[128,409]]
[[0,0],[1,0],[61,409]]
[[0,0],[1,0],[6,409]]
[[0,0],[1,0],[5,409]]
[[0,0],[1,0],[3,409]]
[[0,0],[1,0],[78,409]]
[[0,0],[1,0],[121,409]]
[[0,0],[1,0],[175,409]]
[[0,0],[1,0],[8,409]]
[[0,0],[1,0],[124,409]]
[[0,0],[1,0],[28,409]]
[[0,0],[1,0],[138,409]]
[[0,0],[1,0],[59,409]]
[[0,0],[1,0],[127,409]]
[[0,0],[1,0],[18,409]]
[[0,0],[1,0],[33,409]]
[[0,0],[1,0],[54,409]]
[[0,0],[1,0],[56,409]]
[[0,0],[1,0],[19,409]]
[[0,0],[1,0],[2,409]]
[[0,0],[1,0],[139,409]]
[[0,0],[1,0],[95,409]]
[[0,0],[1,0],[60,409]]
[[0,0],[1,0],[21,409]]
[[0,0],[1,0],[20,409]]
[[0,0],[1,0],[45,409]]
[[0,0],[1,0],[4,409]]
[[0,0],[1,0],[57,409]]
[[0,0],[1,0],[140,409]]
[[0,0],[1,0],[70,409]]
[[0,0],[1,0],[17,409]]
[[0,0],[1,0],[97,409]]
[[0,0],[1,0],[50,409]]
[[0,0],[1,0],[30,409]]
[[0,0],[1,0],[77,409]]
[[0,0],[1,0],[7,409]]
[[0,0],[1,0],[108,409]]
[[0,0],[1,0],[36,409]]
[[0,0],[1,0],[49,409]]
[[0,0],[1,0],[22,409]]
[[0,0],[1,0],[71,409]]
[[0,0],[1,0],[12,409]]
[[0,0],[1,0],[58,409]]
[[0,0],[1,0],[27,409]]
[[0,0],[1,0],[72,409]]
[[0,0],[1,0],[26,409]]
[[0,0],[1,0],[79,409]]
[[0,0],[1,0],[15,409]]
[[0,0],[1,0],[31,409]]
[[0,0],[1,0],[10,409]]
[[0,0],[1,0],[65,409]]
[[0,0],[1,0],[96,409]]
[[0,0],[1,0],[129,409]]
[[0,0],[1,0],[14,409]]
[[0,0],[1,0],[16,409]]
[[0,0],[1,0],[32,409]]
[[0,0],[1,0],[29,409]]
[[0,0],[1,0],[37,409]]
[[0,0],[1,0],[46,409]]
[[0,0],[1,0],[48,409]]
[[0,0],[1,0],[1,409]]
[[0,0],[1,0],[13,409]]
[[0,0],[1,0],[11,409]]
