[[0,0],[1,0],[91,410]]
[[0,0],[1,0],[46,410]]
[[0,0],[1,0],[409,410]]
[[0,0],[1,0],[76,410]]
[[0,0],[1,0],[273,410]]
[[0,0],[1,0],[163,410]]
[[0,0],[1,0],[57,410]]
[[0,0],[1,0],[69,410]]
[[0,0],[1,0],[227,410]]
[[0,0],[1,0],[396,410]]
[[0,0],[1,0],[27,410]]
[[0,0],[1,0],[161,410]]
[[0,0],[1,0],[93,410]]
[[0,0],[1,0],[366,410]]
[[0,0],[1,0],[59,410]]
[[0,0],[1,0],[226,410]]
[[0,0],[1,0],[219,410]]
[[0,0],[1,0],[7,410]]
[[0,0],[1,0],[31,410]]
[[0,0],[1,0],[306,410]]
[[0,0],[1,0],[216,410]]
[[0,0],[1,0],[96,410]]
[[0,0],[1,0],[196,410]]
[[0,0],[1,0],[146,410]]
[[0,0],[1,0],[89,410]]
[[0,0],[1,0],[251,410]]
[[0,0],[1,0],[356,410]]
[[0,0],[1,0],[286,410]]
[[0,0],[1,0],[56,410]]
[[0,0],[1,0],[49,410]]
[[0,0],[1,0],[79,410]]
[[0,0],[1,0],[39,410]]
[[0,0],[1,0],[3,410]]
[[0,0],[1,0],[197,410]]
[[0,0],[1,0],[53,410]]
[[0,0],[1,0],[26,410]]
[[0,0],[1,0],[113,410]]
[[0,0],[1,0],[289,410]]
[[0,0],[1,0],[236,410]]
[[0,0],[1,0],[141,410]]
[[0,0],[1,0],[9,410]]
[[0,0],[1,0],[126,410]]
[[0,0],[1,0],[23,410]]
[[0,0],[1,0],[257,410]]
[[0,0],[1,0],[103,410]]
[[0,0],[1,0],[187,410]]
[[0,0],[1,0],[386,410]]
[[0,0],[1,0],[281,410]]
[[0,0],[1,0],[277,410]]
[[0,0],[1,0],[73,410]]
[[0,0],[1,0],[111,410]]
[[0,0],[1,0],[21,410]]
[[0,0],[1,0],[11,410]]
[[0,0],[1,0],[13,410]]
[[0,0],[1,0],[77,410]]
[[0,0],[1,0],[16,410]]
[[0,0],[1,0],[165,410]]
[[0,0],[1,0],[81,410]]
[[0,0],[1,0],[296,410]]
[[0,0],[1,0],[61,410]]
[[0,0],[1,0],[186,410]]
[[0,0],[1,0],[117,410]]
[[0,0],[1,0],[19,410]]
[[0,0],[1,0],[29,410]]
[[0,0],[1,0],[157,410]]
[[0,0],[1,0],[166,410]]
[[0,0],[1,0],[101,410]]
[[0,0],[1,0],[370,410]]
[[0,0],[1,0],[86,410]]
[[0,0],[1,0],[136,410]]
[[0,0],[1,0],[203,410]]
[[0,0],[1,0],[199,410]]
[[0,0],[1,0],[311,410]]
[[0,0],[1,0],[256,410]]
[[0,0],[1,0],[263,410]]
[[0,0],[1,0],[176,410]]
[[0,0],[1,0],[149,410]]
[[0,0],[1,0],[406,410]]
[[0,0],[1,0],[47,410]]
[[0,0],[1,0],[156,410]]
[[0,0],[1,0],[276,410]]
[[0,0],[1,0],[313,410]]
[[0,0],[1,0],[143,410]]
[[0,0],[1,0],[209,410]]
[[0,0],[1,0],[179,410]]
[[0,0],[1,0],[206,410]]
[[0,0],[1,0],[83,410]]
[[0,0],[1,0],[119,410]]
[[0,0],[1,0],[6,410]]
[[0,0],[1,0],[151,410]]
[[0,0],[1,0],[33,410]]
[[0,0],[2,0],[125,205]]
[[0,0],[1,0],[169,410]]
[[0,0],[1,0],[301,410]]
[[0,0],[1,0],[376,410]]
[[0,0],[1,0],[189,410]]
[[0,0],[1,0],[51,410]]
[[0,0],[1,0],[336,410]]
[[0,0],[1,0],[116,410]]
[[0,0],[1,0],[63,410]]
[[0,0],[1,0],[167,410]]
[[0,0],[1,0],[36,410]]
[[0,0],[1,0],[316,410]]
[[0,0],[1,0],[266,410]]
[[0,0],[1,0],[106,410]]
[[0,0],[1,0],[131,410]]
[[0,0],[1,0],[323,410]]
[[0,0],[1,0],[173,410]]
[[0,0],[1,0],[171,410]]
[[0,0],[1,0],[303,410]]
[[0,0],[1,0],[271,410]]
[[0,0],[1,0],[346,410]]
[[0,0],[1,0],[217,410]]
[[0,0],[1,0],[329,410]]
[[0,0],[1,0],[124,410]]
[[0,0],[1,0],[43,410]]
[[0,0],[1,0],[17,410]]
[[0,0],[1,0],[1,410]]
[[0,0],[1,0],[71,410]]
[[0,0],[1,0],[326,410]]
[[0,0],[1,0],[288,410]]
[[0,0],[1,0],[283,410]]
[[0,0],[1,0],[37,410]]
[[0,0],[1,0],[42,410]]
[[0,0],[1,0],[66,410]]
[[0,0],[1,0],[177,410]]
[[0,0],[1,0],[229,410]]
[[0,0],[1,0],[67,410]]
