[[0,0],[1,0],[82,411]]
[[0,0],[1,0],[11,411]]
[[0,0],[1,0],[38,411]]
[[0,0],[1,0],[91,411]]
[[0,0],[1,0],[217,411]]
[[0,0],[1,0],[292,411]]
[[0,0],[1,0],[61,411]]
[[0,0],[1,0],[220,411]]
[[0,0],[1,0],[5,411]]
[[0,0],[1,0],[23,411]]
[[0,0],[1,0],[154,411]]
[[0,0],[1,0],[121,411]]
[[0,0],[1,0],[112,411]]
[[0,0],[1,0],[106,411]]
[[0,0],[1,0],[73,411]]
[[0,0],[1,0],[145,411]]
[[0,0],[1,0],[25,411]]
[[0,0],[1,0],[130,411]]
[[0,0],[1,0],[268,411]]
[[0,0],[1,0],[175,411]]
[[0,0],[1,0],[35,411]]
[[0,0],[1,0],[8,411]]
[[0,0],[1,0],[124,411]]
[[0,0],[1,0],[88,411]]
[[0,0],[1,0],[28,411]]
[[0,0],[1,0],[64,411]]
[[0,0],[1,0],[337,411]]
[[0,0],[1,0],[138,411]]
[[0,0],[1,0],[98,411]]
[[0,0],[1,0],[59,411]]
[[0,0],[1,0],[127,411]]
[[0,0],[1,0],[118,411]]
[[0,0],[1,0],[196,411]]
[[0,0],[1,0],[55,411]]
[[0,0],[1,0],[19,411]]
[[0,0],[1,0],[2,411]]
[[0,0],[1,0],[139,411]]
[[0,0],[1,0],[62,411]]
[[0,0],[1,0],[95,411]]
[[0,0],[1,0],[199,411]]
[[0,0],[1,0],[52,411]]
[[0,0],[1,0],[172,411]]
[[0,0],[1,0],[20,411]]
[[0,0],[1,0],[4,411]]
[[0,0],[1,0],[232,411]]
[[0,0],[1,0],[205,411]]
[[0,0],[1,0],[94,411]]
[[0,0],[1,0],[160,411]]
[[0,0],[1,0],[67,411]]
[[0,0],[1,0],[301,411]]
[[0,0],[1,0],[68,411]]
[[0,0],[1,0],[76,411]]
[[0,0],[1,0],[17,411]]
[[0,0],[1,0],[97,411]]
[[0,0],[1,0],[70,411]]
[[0,0],[1,0],[115,411]]
[[0,0],[1,0],[50,411]]
[[0,0],[1,0],[40,411]]
[[0,0],[1,0],[169,411]]
[[0,0],[1,0],[187,411]]
[[0,0],[1,0],[7,411]]
[[0,0],[1,0],[107,411]]
[[0,0],[1,0],[49,411]]
[[0,0],[1,0],[244,411]]
[[0,0],[1,0],[22,411]]
[[0,0],[1,0],[109,411]]
[[0,0],[1,0],[85,411]]
[[0,0],[1,0],[208,411]]
[[0,0],[1,0],[71,411]]
[[0,0],[1,0],[58,411]]
[[0,0],[1,0],[43,411]]
[[0,0],[1,0],[364,411]]
[[0,0],[1,0],[136,411]]
[[0,0],[1,0],[79,411]]
[[0,0],[1,0],[26,411]]
[[0,0],[1,0],[65,411]]
[[0,0],[1,0],[31,411]]
[[0,0],[1,0],[10,411]]
[[0,0],[1,0],[275,411]]
[[0,0],[1,0],[116,411]]
[[0,0],[1,0],[16,411]]
[[0,0],[1,0],[32,411]]
[[0,0],[1,0],[34,411]]
[[0,0],[1,0],[14,411]]
[[0,0],[1,0],[29,411]]
[[0,0],[1,0],[37,411]]
[[0,0],[1,0],[226,411]]
[[0,0],[1,0],[202,411]]
[[0,0],[1,0],[1,411]]
[[0,0],[1,0],[157,411]]
[[0,0],[1,0],[46,411]]
[[0,0],[1,0],[307,411]]
[[0,0],[1,0],[13,411]]
[[0,0],[1,0],[262,411]]
