[[0,0],[1,0],[155,412]]
[[0,0],[1,0],[193,412]]
[[0,0],[1,0],[273,412]]
[[0,0],[1,0],[57,412]]
[[0,0],[1,0],[287,412]]
[[0,0],[2,0],[24,206]]
[[0,0],[1,0],[227,412]]
[[0,0],[1,0],[27,412]]
[[0,0],[1,0],[211,412]]
[[0,0],[1,0],[161,412]]
[[0,0],[1,0],[104,412]]
[[0,0],[1,0],[69,412]]
[[0,0],[2,0],[12,206]]
[[0,0],[1,0],[205,412]]
[[0,0],[2,0],[8,206]]
[[0,0],[1,0],[65,412]]
[[0,0],[2,0],[6,206]]
[[0,0],[2,0],[2,206]]
[[0,0],[1,0],[315,412]]
[[0,0],[1,0],[93,412]]
[[0,0],[1,0],[85,412]]
[[0,0],[1,0],[221,412]]
[[0,0],[2,0],[32,206]]
[[0,0],[1,0],[255,412]]
[[0,0],[1,0],[379,412]]
[[0,0],[1,0],[411,412]]
[[0,0],[1,0],[95,412]]
[[0,0],[2,0],[38,206]]
[[0,0],[1,0],[7,412]]
[[0,0],[1,0],[31,412]]
[[0,0],[1,0],[89,412]]
[[0,0],[1,0],[249,412]]
[[0,0],[1,0],[3,412]]
[[0,0],[1,0],[49,412]]
[[0,0],[1,0],[159,412]]
[[0,0],[1,0],[79,412]]
[[0,0],[1,0],[39,412]]
[[0,0],[1,0],[113,412]]
[[0,0],[1,0],[127,412]]
[[0,0],[1,0],[289,412]]
[[0,0],[1,0],[9,412]]
[[0,0],[2,0],[4,206]]
[[0,0],[1,0],[53,412]]
[[0,0],[1,0],[197,412]]
[[0,0],[1,0],[107,412]]
[[0,0],[1,0],[153,412]]
[[0,0],[1,0],[141,412]]
[[0,0],[1,0],[187,412]]
[[0,0],[1,0],[23,412]]
[[0,0],[1,0],[223,412]]
[[0,0],[1,0],[11,412]]
[[0,0],[1,0],[357,412]]
[[0,0],[1,0],[73,412]]
[[0,0],[1,0],[111,412]]
[[0,0],[1,0],[81,412]]
[[0,0],[1,0],[133,412]]
[[0,0],[1,0],[13,412]]
[[0,0],[1,0],[21,412]]
[[0,0],[1,0],[19,412]]
[[0,0],[1,0],[77,412]]
[[0,0],[1,0],[61,412]]
[[0,0],[1,0],[203,412]]
[[0,0],[1,0],[29,412]]
[[0,0],[1,0],[101,412]]
[[0,0],[1,0],[15,412]]
[[0,0],[1,0],[147,412]]
[[0,0],[1,0],[295,412]]
[[0,0],[2,0],[16,206]]
[[0,0],[1,0],[47,412]]
[[0,0],[1,0],[25,412]]
[[0,0],[2,0],[42,206]]
[[0,0],[1,0],[149,412]]
[[0,0],[2,0],[14,206]]
[[0,0],[1,0],[179,412]]
[[0,0],[1,0],[99,412]]
[[0,0],[1,0],[83,412]]
[[0,0],[1,0],[213,412]]
[[0,0],[1,0],[143,412]]
[[0,0],[2,0],[18,206]]
[[0,0],[1,0],[5,412]]
[[0,0],[1,0],[119,412]]
[[0,0],[2,0],[10,206]]
[[0,0],[2,0],[22,206]]
[[0,0],[1,0],[151,412]]
[[0,0],[1,0],[169,412]]
[[0,0],[1,0],[45,412]]
[[0,0],[1,0],[51,412]]
[[0,0],[1,0],[297,412]]
[[0,0],[1,0],[353,412]]
[[0,0],[2,0],[94,206]]
[[0,0],[1,0],[63,412]]
[[0,0],[1,0],[35,412]]
[[0,0],[1,0],[131,412]]
[[0,0],[1,0],[121,412]]
[[0,0],[1,0],[167,412]]
[[0,0],[1,0],[175,412]]
[[0,0],[1,0],[87,412]]
[[0,0],[2,0],[20,206]]
[[0,0],[1,0],[109,412]]
[[0,0],[1,0],[171,412]]
[[0,0],[1,0],[145,412]]
[[0,0],[1,0],[41,412]]
[[0,0],[1,0],[231,412]]
[[0,0],[1,0],[337,412]]
[[0,0],[1,0],[173,412]]
[[0,0],[1,0],[129,412]]
[[0,0],[1,0],[43,412]]
[[0,0],[1,0],[217,412]]
[[0,0],[1,0],[137,412]]
[[0,0],[2,0],[30,206]]
[[0,0],[1,0],[17,412]]
[[0,0],[1,0],[1,412]]
[[0,0],[1,0],[105,412]]
[[0,0],[1,0],[71,412]]
[[0,0],[2,0],[40,206]]
[[0,0],[1,0],[183,412]]
[[0,0],[1,0],[207,412]]
[[0,0],[1,0],[247,412]]
[[0,0],[1,0],[177,412]]
[[0,0],[2,0],[50,206]]
[[0,0],[1,0],[67,412]]
[[0,0],[1,0],[310,412]]
[[0,0],[1,0],[37,412]]
[[0,0],[1,0],[135,412]]
[[0,0],[1,0],[91,412]]
