[[0,0],[1,0],[91,414]]
[[0,0],[1,0],[364,414]]
[[0,0],[1,0],[97,414]]
[[0,0],[1,0],[10,414]]
[[0,0],[1,0],[155,414]]
[[0,0],[1,0],[82,414]]
[[0,0],[1,0],[139,414]]
[[0,0],[1,0],[208,414]]
[[0,0],[1,0],[76,414]]
[[0,0],[1,0],[227,414]]
[[0,0],[1,0],[232,414]]
[[0,0],[1,0],[298,414]]
[[0,0],[1,0],[211,414]]
[[0,0],[1,0],[392,414]]
[[0,0],[1,0],[65,414]]
[[0,0],[3,0],[45,138]]
[[0,0],[1,0],[59,414]]
[[0,0],[1,0],[55,414]]
[[0,0],[3,0],[135,138]]
[[0,0],[1,0],[93,414]]
[[0,0],[1,0],[85,414]]
[[0,0],[1,0],[221,414]]
[[0,0],[1,0],[88,414]]
[[0,0],[1,0],[172,414]]
[[0,0],[3,0],[72,138]]
[[0,0],[1,0],[274,414]]
[[0,0],[1,0],[95,414]]
[[0,0],[1,0],[22,414]]
[[0,0],[1,0],[226,414]]
[[0,0],[1,0],[89,414]]
[[0,0],[1,0],[251,414]]
[[0,0],[1,0],[34,414]]
[[0,0],[1,0],[7,414]]
[[0,0],[1,0],[31,414]]
[[0,0],[1,0],[202,414]]
[[0,0],[1,0],[394,414]]
[[0,0],[1,0],[196,414]]
[[0,0],[1,0],[286,414]]
[[0,0],[2,0],[117,207]]
[[0,0],[1,0],[49,414]]
[[0,0],[1,0],[118,414]]
[[0,0],[2,0],[48,207]]
[[0,0],[1,0],[181,414]]
[[0,0],[1,0],[328,414]]
[[0,0],[1,0],[382,414]]
[[0,0],[1,0],[289,414]]
[[0,0],[1,0],[79,414]]
[[0,0],[1,0],[127,414]]
[[0,0],[1,0],[53,414]]
[[0,0],[1,0],[197,414]]
[[0,0],[1,0],[28,414]]
[[0,0],[1,0],[244,414]]
[[0,0],[1,0],[215,414]]
[[0,0],[1,0],[24,414]]
[[0,0],[3,0],[9,138]]
[[0,0],[3,0],[51,138]]
[[0,0],[1,0],[103,414]]
[[0,0],[1,0],[73,414]]
[[0,0],[1,0],[11,414]]
[[0,0],[1,0],[239,414]]
[[0,0],[1,0],[250,414]]
[[0,0],[1,0],[16,414]]
[[0,0],[1,0],[133,414]]
[[0,0],[1,0],[191,414]]
[[0,0],[1,0],[13,414]]
[[0,0],[1,0],[77,414]]
[[0,0],[1,0],[369,414]]
[[0,0],[1,0],[19,414]]
[[0,0],[1,0],[220,414]]
[[0,0],[1,0],[61,414]]
[[0,0],[1,0],[160,414]]
[[0,0],[3,0],[3,138]]
[[0,0],[1,0],[166,414]]
[[0,0],[3,0],[27,138]]
[[0,0],[1,0],[148,414]]
[[0,0],[1,0],[52,414]]
[[0,0],[1,0],[136,414]]
[[0,0],[1,0],[29,414]]
[[0,0],[1,0],[157,414]]
[[0,0],[1,0],[245,414]]
[[0,0],[1,0],[370,414]]
[[0,0],[1,0],[256,414]]
[[0,0],[1,0],[190,414]]
[[0,0],[1,0],[334,414]]
[[0,0],[1,0],[406,414]]
[[0,0],[1,0],[340,414]]
[[0,0],[1,0],[154,414]]
[[0,0],[1,0],[178,414]]
[[0,0],[1,0],[263,414]]
[[0,0],[1,0],[100,414]]
[[0,0],[1,0],[25,414]]
[[0,0],[2,0],[186,207]]
[[0,0],[1,0],[149,414]]
[[0,0],[1,0],[94,414]]
[[0,0],[1,0],[47,414]]
[[0,0],[1,0],[304,414]]
[[0,0],[1,0],[313,414]]
[[0,0],[1,0],[307,414]]
[[0,0],[1,0],[64,414]]
[[0,0],[1,0],[209,414]]
[[0,0],[1,0],[179,414]]
[[0,0],[3,0],[33,138]]
[[0,0],[1,0],[352,414]]
[[0,0],[1,0],[143,414]]
[[0,0],[1,0],[5,414]]
[[0,0],[3,0],[15,138]]
[[0,0],[1,0],[280,414]]
[[0,0],[1,0],[238,414]]
[[0,0],[1,0],[254,414]]
[[0,0],[1,0],[119,414]]
[[0,0],[1,0],[376,414]]
[[0,0],[1,0],[214,414]]
[[0,0],[1,0],[300,414]]
[[0,0],[1,0],[301,414]]
[[0,0],[3,0],[81,138]]
[[0,0],[1,0],[116,414]]
[[0,0],[1,0],[121,414]]
[[0,0],[1,0],[35,414]]
[[0,0],[1,0],[40,414]]
[[0,0],[1,0],[131,414]]
[[0,0],[1,0],[412,414]]
[[0,0],[1,0],[323,414]]
[[0,0],[1,0],[112,414]]
[[0,0],[1,0],[316,414]]
[[0,0],[1,0],[145,414]]
[[0,0],[1,0],[343,414]]
[[0,0],[1,0],[41,414]]
[[0,0],[1,0],[106,414]]
[[0,0],[3,0],[21,138]]
[[0,0],[1,0],[292,414]]
[[0,0],[1,0],[173,414]]
[[0,0],[1,0],[70,414]]
[[0,0],[1,0],[231,414]]
[[0,0],[1,0],[4,414]]
[[0,0],[1,0],[268,414]]
[[0,0],[1,0],[400,414]]
[[0,0],[1,0],[130,414]]
[[0,0],[1,0],[305,414]]
[[0,0],[1,0],[43,414]]
[[0,0],[1,0],[137,414]]
[[0,0],[1,0],[346,414]]
[[0,0],[1,0],[388,414]]
[[0,0],[1,0],[17,414]]
[[0,0],[1,0],[413,414]]
[[0,0],[1,0],[1,414]]
[[0,0],[1,0],[162,414]]
[[0,0],[1,0],[358,414]]
[[0,0],[1,0],[124,414]]
[[0,0],[1,0],[142,414]]
[[0,0],[3,0],[39,138]]
[[0,0],[1,0],[58,414]]
[[0,0],[1,0],[331,414]]
[[0,0],[1,0],[247,414]]
[[0,0],[1,0],[67,414]]
[[0,0],[1,0],[262,414]]
[[0,0],[1,0],[37,414]]
[[0,0],[1,0],[310,414]]
[[0,0],[1,0],[229,414]]
[[0,0],[3,0],[75,138]]
