[[0,0],[1,0],[26,419]]
[[0,0],[1,0],[4,419]]
[[0,0],[1,0],[41,419]]
[[0,0],[1,0],[56,419]]
[[0,0],[1,0],[99,419]]
[[0,0],[1,0],[40,419]]
[[0,0],[1,0],[69,419]]
[[0,0],[1,0],[18,419]]
[[0,0],[1,0],[12,419]]
[[0,0],[1,0],[51,419]]
[[0,0],[1,0],[8,419]]
[[0,0],[1,0],[16,419]]
[[0,0],[1,0],[139,419]]
[[0,0],[1,0],[14,419]]
[[0,0],[1,0],[117,419]]
[[0,0],[1,0],[33,419]]
[[0,0],[1,0],[20,419]]
[[0,0],[1,0],[79,419]]
[[0,0],[1,0],[126,419]]
[[0,0],[1,0],[15,419]]
[[0,0],[1,0],[57,419]]
[[0,0],[1,0],[24,419]]
[[0,0],[1,0],[64,419]]
[[0,0],[1,0],[19,419]]
[[0,0],[1,0],[3,419]]
[[0,0],[1,0],[27,419]]
[[0,0],[1,0],[49,419]]
[[0,0],[1,0],[89,419]]
[[0,0],[1,0],[98,419]]
[[0,0],[1,0],[59,419]]
[[0,0],[1,0],[1,419]]
[[0,0],[1,0],[5,419]]
[[0,0],[1,0],[58,419]]
[[0,0],[1,0],[88,419]]
[[0,0],[1,0],[62,419]]
[[0,0],[1,0],[78,419]]
[[0,0],[1,0],[63,419]]
[[0,0],[1,0],[77,419]]
[[0,0],[1,0],[80,419]]
[[0,0],[1,0],[118,419]]
[[0,0],[1,0],[25,419]]
[[0,0],[1,0],[90,419]]
[[0,0],[1,0],[119,419]]
[[0,0],[1,0],[9,419]]
[[0,0],[1,0],[54,419]]
[[0,0],[1,0],[53,419]]
[[0,0],[1,0],[6,419]]
[[0,0],[1,0],[91,419]]
[[0,0],[1,0],[95,419]]
[[0,0],[1,0],[102,419]]
[[0,0],[1,0],[17,419]]
[[0,0],[1,0],[48,419]]
[[0,0],[1,0],[52,419]]
[[0,0],[1,0],[81,419]]
[[0,0],[1,0],[46,419]]
[[0,0],[1,0],[10,419]]
[[0,0],[1,0],[11,419]]
[[0,0],[1,0],[104,419]]
[[0,0],[1,0],[45,419]]
[[0,0],[1,0],[50,419]]
[[0,0],[1,0],[55,419]]
[[0,0],[1,0],[13,419]]
[[0,0],[1,0],[103,419]]
[[0,0],[1,0],[120,419]]
[[0,0],[1,0],[121,419]]
[[0,0],[1,0],[2,419]]
[[0,0],[1,0],[7,419]]
[[0,0],[1,0],[34,419]]
[[0,0],[1,0],[47,419]]
[[0,0],[1,0],[76,419]]
[[0,0],[1,0],[87,419]]
