[[0,0],[1,0],[39,421]]
[[0,0],[1,0],[56,421]]
[[0,0],[1,0],[127,421]]
[[0,0],[1,0],[26,421]]
[[0,0],[1,0],[44,421]]
[[0,0],[1,0],[40,421]]
[[0,0],[1,0],[4,421]]
[[0,0],[1,0],[128,421]]
[[0,0],[1,0],[18,421]]
[[0,0],[1,0],[8,421]]
[[0,0],[1,0],[14,421]]
[[0,0],[1,0],[23,421]]
[[0,0],[1,0],[16,421]]
[[0,0],[1,0],[12,421]]
[[0,0],[1,0],[109,421]]
[[0,0],[1,0],[33,421]]
[[0,0],[1,0],[65,421]]
[[0,0],[1,0],[19,421]]
[[0,0],[1,0],[57,421]]
[[0,0],[1,0],[3,421]]
[[0,0],[1,0],[15,421]]
[[0,0],[1,0],[20,421]]
[[0,0],[1,0],[24,421]]
[[0,0],[1,0],[27,421]]
[[0,0],[1,0],[64,421]]
[[0,0],[1,0],[59,421]]
[[0,0],[1,0],[122,421]]
[[0,0],[1,0],[49,421]]
[[0,0],[1,0],[89,421]]
[[0,0],[1,0],[1,421]]
[[0,0],[1,0],[98,421]]
[[0,0],[1,0],[88,421]]
[[0,0],[1,0],[32,421]]
[[0,0],[1,0],[62,421]]
[[0,0],[1,0],[86,421]]
[[0,0],[1,0],[58,421]]
[[0,0],[1,0],[5,421]]
[[0,0],[1,0],[25,421]]
[[0,0],[1,0],[63,421]]
[[0,0],[1,0],[6,421]]
[[0,0],[1,0],[9,421]]
[[0,0],[1,0],[90,421]]
[[0,0],[1,0],[21,421]]
[[0,0],[1,0],[66,421]]
[[0,0],[1,0],[53,421]]
[[0,0],[1,0],[95,421]]
[[0,0],[1,0],[108,421]]
[[0,0],[1,0],[156,421]]
[[0,0],[1,0],[72,421]]
[[0,0],[1,0],[17,421]]
[[0,0],[1,0],[74,421]]
[[0,0],[1,0],[48,421]]
[[0,0],[1,0],[46,421]]
[[0,0],[1,0],[73,421]]
[[0,0],[1,0],[110,421]]
[[0,0],[1,0],[11,421]]
[[0,0],[1,0],[37,421]]
[[0,0],[1,0],[10,421]]
[[0,0],[1,0],[142,421]]
[[0,0],[1,0],[38,421]]
[[0,0],[1,0],[107,421]]
[[0,0],[1,0],[50,421]]
[[0,0],[1,0],[75,421]]
[[0,0],[1,0],[45,421]]
[[0,0],[1,0],[121,421]]
[[0,0],[1,0],[13,421]]
[[0,0],[1,0],[2,421]]
[[0,0],[1,0],[7,421]]
[[0,0],[1,0],[34,421]]
[[0,0],[1,0],[47,421]]
[[0,0],[1,0],[41,421]]
[[0,0],[1,0],[87,421]]
