[[0,0],[1,0],[97,423]]
[[0,0],[1,0],[10,423]]
[[0,0],[1,0],[346,423]]
[[0,0],[1,0],[17,423]]
[[0,0],[1,0],[241,423]]
[[0,0],[1,0],[377,423]]
[[0,0],[1,0],[56,423]]
[[0,0],[1,0],[49,423]]
[[0,0],[1,0],[40,423]]
[[0,0],[1,0],[211,423]]
[[0,0],[1,0],[355,423]]
[[0,0],[1,0],[109,423]]
[[0,0],[1,0],[43,423]]
[[0,0],[1,0],[67,423]]
[[0,0],[1,0],[253,423]]
[[0,0],[1,0],[28,423]]
[[0,0],[1,0],[70,423]]
[[0,0],[1,0],[73,423]]
[[0,0],[1,0],[142,423]]
[[0,0],[1,0],[268,423]]
[[0,0],[1,0],[71,423]]
[[0,0],[1,0],[1,423]]
[[0,0],[1,0],[85,423]]
[[0,0],[1,0],[134,423]]
[[0,0],[1,0],[160,423]]
[[0,0],[1,0],[34,423]]
[[0,0],[1,0],[262,423]]
[[0,0],[1,0],[103,423]]
[[0,0],[1,0],[88,423]]
[[0,0],[1,0],[11,423]]
[[0,0],[1,0],[95,423]]
[[0,0],[3,0],[9,141]]
[[0,0],[1,0],[31,423]]
[[0,0],[1,0],[86,423]]
[[0,0],[1,0],[29,423]]
[[0,0],[1,0],[76,423]]
[[0,0],[1,0],[32,423]]
[[0,0],[1,0],[118,423]]
[[0,0],[1,0],[298,423]]
[[0,0],[3,0],[18,141]]
[[0,0],[1,0],[148,423]]
[[0,0],[1,0],[7,423]]
[[0,0],[1,0],[187,423]]
[[0,0],[1,0],[23,423]]
[[0,0],[1,0],[13,423]]
[[0,0],[1,0],[26,423]]
[[0,0],[1,0],[19,423]]
[[0,0],[1,0],[48,423]]
[[0,0],[1,0],[330,423]]
[[0,0],[1,0],[277,423]]
[[0,0],[3,0],[3,141]]
[[0,0],[1,0],[38,423]]
[[0,0],[1,0],[244,423]]
[[0,0],[1,0],[304,423]]
[[0,0],[1,0],[313,423]]
[[0,0],[1,0],[44,423]]
[[0,0],[1,0],[184,423]]
[[0,0],[3,0],[30,141]]
[[0,0],[1,0],[79,423]]
[[0,0],[1,0],[50,423]]
[[0,0],[1,0],[265,423]]
[[0,0],[1,0],[14,423]]
[[0,0],[1,0],[8,423]]
[[0,0],[3,0],[12,141]]
[[0,0],[1,0],[256,423]]
[[0,0],[1,0],[61,423]]
[[0,0],[1,0],[35,423]]
[[0,0],[1,0],[4,423]]
[[0,0],[1,0],[16,423]]
[[0,0],[1,0],[62,423]]
[[0,0],[3,0],[33,141]]
[[0,0],[1,0],[83,423]]
[[0,0],[1,0],[130,423]]
[[0,0],[1,0],[133,423]]
[[0,0],[1,0],[64,423]]
[[0,0],[1,0],[52,423]]
[[0,0],[1,0],[154,423]]
[[0,0],[3,0],[15,141]]
[[0,0],[1,0],[247,423]]
[[0,0],[1,0],[370,423]]
[[0,0],[1,0],[169,423]]
[[0,0],[1,0],[151,423]]
[[0,0],[1,0],[91,423]]
[[0,0],[1,0],[175,423]]
[[0,0],[3,0],[6,141]]
[[0,0],[1,0],[199,423]]
[[0,0],[1,0],[2,423]]
[[0,0],[1,0],[178,423]]
[[0,0],[1,0],[58,423]]
[[0,0],[1,0],[25,423]]
[[0,0],[1,0],[280,423]]
[[0,0],[3,0],[21,141]]
[[0,0],[1,0],[41,423]]
[[0,0],[1,0],[331,423]]
[[0,0],[1,0],[5,423]]
[[0,0],[1,0],[55,423]]
[[0,0],[1,0],[189,423]]
[[0,0],[1,0],[37,423]]
[[0,0],[1,0],[307,423]]
[[0,0],[1,0],[131,423]]
[[0,0],[1,0],[46,423]]
[[0,0],[1,0],[20,423]]
[[0,0],[1,0],[145,423]]
[[0,0],[1,0],[82,423]]
[[0,0],[1,0],[196,423]]
[[0,0],[1,0],[181,423]]
[[0,0],[1,0],[22,423]]
