[[0,0],[1,0],[17,424]]
[[0,0],[1,0],[185,424]]
[[0,0],[1,0],[109,424]]
[[0,0],[1,0],[241,424]]
[[0,0],[1,0],[105,424]]
[[0,0],[1,0],[205,424]]
[[0,0],[1,0],[127,424]]
[[0,0],[1,0],[49,424]]
[[0,0],[1,0],[211,424]]
[[0,0],[1,0],[161,424]]
[[0,0],[1,0],[113,424]]
[[0,0],[1,0],[171,424]]
[[0,0],[1,0],[9,424]]
[[0,0],[2,0],[6,212]]
[[0,0],[1,0],[271,424]]
[[0,0],[1,0],[423,424]]
[[0,0],[2,0],[34,212]]
[[0,0],[1,0],[287,424]]
[[0,0],[1,0],[275,424]]
[[0,0],[1,0],[129,424]]
[[0,0],[1,0],[43,424]]
[[0,0],[2,0],[38,212]]
[[0,0],[1,0],[217,424]]
[[0,0],[1,0],[71,424]]
[[0,0],[1,0],[249,424]]
[[0,0],[1,0],[1,424]]
[[0,0],[1,0],[39,424]]
[[0,0],[2,0],[2,212]]
[[0,0],[2,0],[78,212]]
[[0,0],[1,0],[73,424]]
[[0,0],[2,0],[126,212]]
[[0,0],[1,0],[135,424]]
[[0,0],[1,0],[59,424]]
[[0,0],[1,0],[95,424]]
[[0,0],[1,0],[141,424]]
[[0,0],[1,0],[31,424]]
[[0,0],[2,0],[114,212]]
[[0,0],[1,0],[103,424]]
[[0,0],[1,0],[339,424]]
[[0,0],[1,0],[251,424]]
[[0,0],[1,0],[160,424]]
[[0,0],[1,0],[29,424]]
[[0,0],[2,0],[46,212]]
[[0,0],[1,0],[157,424]]
[[0,0],[2,0],[210,212]]
[[0,0],[1,0],[69,424]]
[[0,0],[1,0],[357,424]]
[[0,0],[1,0],[3,424]]
[[0,0],[1,0],[111,424]]
[[0,0],[1,0],[11,424]]
[[0,0],[1,0],[13,424]]
[[0,0],[1,0],[77,424]]
[[0,0],[2,0],[66,212]]
[[0,0],[1,0],[65,424]]
[[0,0],[1,0],[165,424]]
[[0,0],[2,0],[154,212]]
[[0,0],[1,0],[19,424]]
[[0,0],[1,0],[7,424]]
[[0,0],[2,0],[102,212]]
[[0,0],[2,0],[26,212]]
[[0,0],[1,0],[23,424]]
[[0,0],[1,0],[99,424]]
[[0,0],[1,0],[119,424]]
[[0,0],[1,0],[203,424]]
[[0,0],[1,0],[187,424]]
[[0,0],[1,0],[79,424]]
[[0,0],[1,0],[277,424]]
[[0,0],[1,0],[21,424]]
[[0,0],[1,0],[47,424]]
[[0,0],[1,0],[197,424]]
[[0,0],[2,0],[14,212]]
[[0,0],[1,0],[63,424]]
[[0,0],[1,0],[81,424]]
[[0,0],[1,0],[125,424]]
[[0,0],[1,0],[61,424]]
[[0,0],[1,0],[107,424]]
[[0,0],[1,0],[35,424]]
[[0,0],[1,0],[309,424]]
[[0,0],[2,0],[18,212]]
[[0,0],[2,0],[42,212]]
[[0,0],[1,0],[83,424]]
[[0,0],[1,0],[33,424]]
[[0,0],[2,0],[162,212]]
[[0,0],[1,0],[133,424]]
[[0,0],[2,0],[10,212]]
[[0,0],[1,0],[233,424]]
[[0,0],[1,0],[123,424]]
[[0,0],[1,0],[54,424]]
[[0,0],[1,0],[317,424]]
[[0,0],[1,0],[167,424]]
[[0,0],[1,0],[319,424]]
[[0,0],[1,0],[266,424]]
[[0,0],[1,0],[213,424]]
[[0,0],[1,0],[121,424]]
[[0,0],[1,0],[372,424]]
[[0,0],[2,0],[122,212]]
[[0,0],[2,0],[62,212]]
[[0,0],[1,0],[209,424]]
[[0,0],[1,0],[335,424]]
[[0,0],[1,0],[231,424]]
[[0,0],[1,0],[177,424]]
[[0,0],[1,0],[151,424]]
[[0,0],[1,0],[199,424]]
[[0,0],[1,0],[15,424]]
[[0,0],[1,0],[201,424]]
[[0,0],[1,0],[91,424]]
[[0,0],[1,0],[169,424]]
[[0,0],[2,0],[94,212]]
[[0,0],[2,0],[82,212]]
[[0,0],[1,0],[75,424]]
[[0,0],[1,0],[163,424]]
[[0,0],[1,0],[189,424]]
[[0,0],[2,0],[22,212]]
[[0,0],[1,0],[155,424]]
[[0,0],[1,0],[307,424]]
[[0,0],[1,0],[27,424]]
[[0,0],[1,0],[143,424]]
[[0,0],[2,0],[74,212]]
[[0,0],[1,0],[55,424]]
[[0,0],[1,0],[179,424]]
[[0,0],[1,0],[323,424]]
[[0,0],[1,0],[5,424]]
[[0,0],[1,0],[93,424]]
[[0,0],[1,0],[37,424]]
[[0,0],[2,0],[70,212]]
[[0,0],[1,0],[145,424]]
[[0,0],[1,0],[229,424]]
[[0,0],[2,0],[108,212]]
[[0,0],[1,0],[41,424]]
[[0,0],[1,0],[45,424]]
[[0,0],[1,0],[399,424]]
[[0,0],[2,0],[54,212]]
[[0,0],[1,0],[337,424]]
[[0,0],[1,0],[293,424]]
[[0,0],[1,0],[51,424]]
[[0,0],[2,0],[30,212]]
[[0,0],[1,0],[139,424]]
[[0,0],[1,0],[57,424]]
[[0,0],[1,0],[97,424]]
[[0,0],[1,0],[181,424]]
