[[0,0],[1,0],[290,425]]
[[0,0],[1,0],[241,425]]
[[0,0],[1,0],[106,425]]
[[0,0],[1,0],[205,425]]
[[0,0],[1,0],[56,425]]
[[0,0],[1,0],[246,425]]
[[0,0],[1,0],[171,425]]
[[0,0],[1,0],[28,425]]
[[0,0],[1,0],[113,425]]
[[0,0],[1,0],[67,425]]
[[0,0],[1,0],[222,425]]
[[0,0],[1,0],[9,425]]
[[0,0],[1,0],[271,425]]
[[0,0],[5,0],[20,85]]
[[0,0],[1,0],[43,425]]
[[0,0],[1,0],[324,425]]
[[0,0],[1,0],[1,425]]
[[0,0],[1,0],[39,425]]
[[0,0],[1,0],[42,425]]
[[0,0],[1,0],[191,425]]
[[0,0],[1,0],[73,425]]
[[0,0],[1,0],[236,425]]
[[0,0],[1,0],[141,425]]
[[0,0],[1,0],[88,425]]
[[0,0],[1,0],[31,425]]
[[0,0],[1,0],[103,425]]
[[0,0],[1,0],[251,425]]
[[0,0],[1,0],[29,425]]
[[0,0],[1,0],[193,425]]
[[0,0],[1,0],[76,425]]
[[0,0],[1,0],[86,425]]
[[0,0],[1,0],[239,425]]
[[0,0],[1,0],[69,425]]
[[0,0],[1,0],[3,425]]
[[0,0],[1,0],[111,425]]
[[0,0],[1,0],[11,425]]
[[0,0],[1,0],[26,425]]
[[0,0],[1,0],[13,425]]
[[0,0],[1,0],[77,425]]
[[0,0],[1,0],[156,425]]
[[0,0],[1,0],[126,425]]
[[0,0],[1,0],[19,425]]
[[0,0],[1,0],[7,425]]
[[0,0],[1,0],[381,425]]
[[0,0],[1,0],[23,425]]
[[0,0],[1,0],[32,425]]
[[0,0],[1,0],[24,425]]
[[0,0],[1,0],[166,425]]
[[0,0],[1,0],[89,425]]
[[0,0],[1,0],[101,425]]
[[0,0],[1,0],[79,425]]
[[0,0],[1,0],[48,425]]
[[0,0],[1,0],[21,425]]
[[0,0],[1,0],[47,425]]
[[0,0],[1,0],[176,425]]
[[0,0],[1,0],[18,425]]
[[0,0],[1,0],[61,425]]
[[0,0],[1,0],[78,425]]
[[0,0],[1,0],[35,425]]
[[0,0],[1,0],[8,425]]
[[0,0],[5,0],[10,85]]
[[0,0],[1,0],[14,425]]
[[0,0],[1,0],[4,425]]
[[0,0],[1,0],[33,425]]
[[0,0],[1,0],[108,425]]
[[0,0],[1,0],[16,425]]
[[0,0],[5,0],[15,85]]
[[0,0],[1,0],[137,425]]
[[0,0],[1,0],[266,425]]
[[0,0],[1,0],[132,425]]
[[0,0],[1,0],[121,425]]
[[0,0],[1,0],[84,425]]
[[0,0],[1,0],[52,425]]
[[0,0],[1,0],[321,425]]
[[0,0],[1,0],[66,425]]
[[0,0],[1,0],[112,425]]
[[0,0],[1,0],[2,425]]
[[0,0],[1,0],[201,425]]
[[0,0],[1,0],[91,425]]
[[0,0],[1,0],[74,425]]
[[0,0],[1,0],[27,425]]
[[0,0],[1,0],[131,425]]
[[0,0],[1,0],[316,425]]
[[0,0],[1,0],[36,425]]
[[0,0],[1,0],[12,425]]
[[0,0],[1,0],[6,425]]
[[0,0],[1,0],[41,425]]
[[0,0],[1,0],[46,425]]
[[0,0],[1,0],[51,425]]
[[0,0],[1,0],[22,425]]
[[0,0],[1,0],[301,425]]
[[0,0],[5,0],[5,85]]
[[0,0],[1,0],[196,425]]
[[0,0],[1,0],[120,425]]
[[0,0],[1,0],[57,425]]
[[0,0],[1,0],[181,425]]
