[[0,0],[1,0],[181,428]]
[[0,0],[1,0],[395,428]]
[[0,0],[1,0],[109,428]]
[[0,0],[1,0],[171,428]]
[[0,0],[1,0],[205,428]]
[[0,0],[1,0],[113,428]]
[[0,0],[1,0],[67,428]]
[[0,0],[2,0],[52,214]]
[[0,0],[1,0],[299,428]]
[[0,0],[1,0],[9,428]]
[[0,0],[2,0],[12,214]]
[[0,0],[1,0],[53,428]]
[[0,0],[2,0],[8,214]]
[[0,0],[1,0],[173,428]]
[[0,0],[2,0],[6,214]]
[[0,0],[2,0],[34,214]]
[[0,0],[1,0],[43,428]]
[[0,0],[1,0],[287,428]]
[[0,0],[1,0],[217,428]]
[[0,0],[1,0],[249,428]]
[[0,0],[1,0],[1,428]]
[[0,0],[2,0],[2,214]]
[[0,0],[1,0],[71,428]]
[[0,0],[1,0],[73,428]]
[[0,0],[1,0],[207,428]]
[[0,0],[2,0],[32,214]]
[[0,0],[1,0],[59,428]]
[[0,0],[1,0],[191,428]]
[[0,0],[1,0],[195,428]]
[[0,0],[1,0],[135,428]]
[[0,0],[1,0],[85,428]]
[[0,0],[1,0],[95,428]]
[[0,0],[1,0],[251,428]]
[[0,0],[1,0],[193,428]]
[[0,0],[1,0],[31,428]]
[[0,0],[1,0],[103,428]]
[[0,0],[1,0],[117,428]]
[[0,0],[1,0],[29,428]]
[[0,0],[1,0],[3,428]]
[[0,0],[1,0],[157,428]]
[[0,0],[1,0],[239,428]]
[[0,0],[1,0],[11,428]]
[[0,0],[1,0],[69,428]]
[[0,0],[1,0],[225,428]]
[[0,0],[2,0],[4,214]]
[[0,0],[1,0],[327,428]]
[[0,0],[1,0],[65,428]]
[[0,0],[1,0],[13,428]]
[[0,0],[1,0],[19,428]]
[[0,0],[1,0],[77,428]]
[[0,0],[1,0],[215,428]]
[[0,0],[1,0],[165,428]]
[[0,0],[1,0],[291,428]]
[[0,0],[1,0],[99,428]]
[[0,0],[1,0],[285,428]]
[[0,0],[1,0],[7,428]]
[[0,0],[1,0],[89,428]]
[[0,0],[1,0],[23,428]]
[[0,0],[1,0],[119,428]]
[[0,0],[1,0],[267,428]]
[[0,0],[2,0],[16,214]]
[[0,0],[1,0],[79,428]]
[[0,0],[2,0],[14,214]]
[[0,0],[1,0],[21,428]]
[[0,0],[1,0],[47,428]]
[[0,0],[1,0],[197,428]]
[[0,0],[1,0],[322,428]]
[[0,0],[1,0],[153,428]]
[[0,0],[1,0],[63,428]]
[[0,0],[1,0],[35,428]]
[[0,0],[1,0],[313,428]]
[[0,0],[2,0],[28,214]]
[[0,0],[1,0],[61,428]]
[[0,0],[2,0],[18,214]]
[[0,0],[1,0],[83,428]]
[[0,0],[1,0],[347,428]]
[[0,0],[1,0],[281,428]]
[[0,0],[1,0],[269,428]]
[[0,0],[2,0],[10,214]]
[[0,0],[1,0],[108,428]]
[[0,0],[1,0],[133,428]]
[[0,0],[1,0],[305,428]]
[[0,0],[1,0],[389,428]]
[[0,0],[2,0],[20,214]]
[[0,0],[1,0],[149,428]]
[[0,0],[1,0],[317,428]]
[[0,0],[1,0],[121,428]]
[[0,0],[1,0],[167,428]]
[[0,0],[1,0],[175,428]]
[[0,0],[1,0],[209,428]]
[[0,0],[1,0],[183,428]]
[[0,0],[1,0],[213,428]]
[[0,0],[2,0],[44,214]]
[[0,0],[1,0],[151,428]]
[[0,0],[1,0],[91,428]]
[[0,0],[2,0],[58,214]]
[[0,0],[1,0],[169,428]]
[[0,0],[1,0],[75,428]]
[[0,0],[1,0],[199,428]]
[[0,0],[1,0],[15,428]]
[[0,0],[1,0],[163,428]]
[[0,0],[1,0],[303,428]]
[[0,0],[1,0],[155,428]]
[[0,0],[2,0],[22,214]]
[[0,0],[1,0],[25,428]]
[[0,0],[1,0],[227,428]]
[[0,0],[1,0],[27,428]]
[[0,0],[1,0],[131,428]]
[[0,0],[2,0],[50,214]]
[[0,0],[1,0],[87,428]]
[[0,0],[1,0],[323,428]]
[[0,0],[1,0],[427,428]]
[[0,0],[1,0],[55,428]]
[[0,0],[1,0],[145,428]]
[[0,0],[1,0],[41,428]]
[[0,0],[1,0],[5,428]]
[[0,0],[1,0],[93,428]]
[[0,0],[1,0],[37,428]]
[[0,0],[1,0],[51,428]]
[[0,0],[1,0],[45,428]]
[[0,0],[2,0],[30,214]]
[[0,0],[1,0],[139,428]]
[[0,0],[1,0],[57,428]]
[[0,0],[1,0],[97,428]]
[[0,0],[1,0],[301,428]]
[[0,0],[1,0],[17,428]]
[[0,0],[1,0],[185,428]]
[[0,0],[1,0],[241,428]]
[[0,0],[1,0],[49,428]]
