[[0,0],[1,0],[49,429]]
[[0,0],[1,0],[355,429]]
[[0,0],[1,0],[124,429]]
[[0,0],[1,0],[40,429]]
[[0,0],[1,0],[109,429]]
[[0,0],[1,0],[113,429]]
[[0,0],[1,0],[205,429]]
[[0,0],[1,0],[127,429]]
[[0,0],[1,0],[261,429]]
[[0,0],[1,0],[67,429]]
[[0,0],[1,0],[122,429]]
[[0,0],[1,0],[222,429]]
[[0,0],[1,0],[373,429]]
[[0,0],[1,0],[70,429]]
[[0,0],[1,0],[53,429]]
[[0,0],[1,0],[28,429]]
[[0,0],[1,0],[274,429]]
[[0,0],[1,0],[172,429]]
[[0,0],[1,0],[268,429]]
[[0,0],[1,0],[202,429]]
[[0,0],[1,0],[287,429]]
[[0,0],[1,0],[326,429]]
[[0,0],[1,0],[1,429]]
[[0,0],[1,0],[142,429]]
[[0,0],[1,0],[386,429]]
[[0,0],[1,0],[71,429]]
[[0,0],[1,0],[73,429]]
[[0,0],[1,0],[328,429]]
[[0,0],[1,0],[262,429]]
[[0,0],[1,0],[289,429]]
[[0,0],[1,0],[85,429]]
[[0,0],[1,0],[95,429]]
[[0,0],[1,0],[339,429]]
[[0,0],[1,0],[160,429]]
[[0,0],[1,0],[34,429]]
[[0,0],[1,0],[193,429]]
[[0,0],[1,0],[31,429]]
[[0,0],[1,0],[29,429]]
[[0,0],[1,0],[298,429]]
[[0,0],[1,0],[76,429]]
[[0,0],[1,0],[375,429]]
[[0,0],[1,0],[157,429]]
[[0,0],[1,0],[232,429]]
[[0,0],[1,0],[417,429]]
[[0,0],[1,0],[111,429]]
[[0,0],[1,0],[98,429]]
[[0,0],[1,0],[94,429]]
[[0,0],[1,0],[19,429]]
[[0,0],[1,0],[144,429]]
[[0,0],[1,0],[32,429]]
[[0,0],[1,0],[166,429]]
[[0,0],[1,0],[7,429]]
[[0,0],[1,0],[89,429]]
[[0,0],[1,0],[23,429]]
[[0,0],[1,0],[38,429]]
[[0,0],[1,0],[148,429]]
[[0,0],[1,0],[243,429]]
[[0,0],[1,0],[136,429]]
[[0,0],[1,0],[342,429]]
[[0,0],[1,0],[352,429]]
[[0,0],[3,0],[55,143]]
[[0,0],[1,0],[214,429]]
[[0,0],[1,0],[79,429]]
[[0,0],[1,0],[35,429]]
[[0,0],[1,0],[8,429]]
[[0,0],[1,0],[125,429]]
[[0,0],[1,0],[61,429]]
[[0,0],[1,0],[276,429]]
[[0,0],[1,0],[309,429]]
[[0,0],[1,0],[238,429]]
[[0,0],[1,0],[14,429]]
[[0,0],[1,0],[256,429]]
[[0,0],[1,0],[62,429]]
[[0,0],[1,0],[378,429]]
[[0,0],[1,0],[4,429]]
[[0,0],[1,0],[16,429]]
[[0,0],[1,0],[100,429]]
[[0,0],[1,0],[300,429]]
[[0,0],[1,0],[149,429]]
[[0,0],[1,0],[248,429]]
[[0,0],[1,0],[64,429]]
[[0,0],[1,0],[209,429]]
[[0,0],[1,0],[210,429]]
[[0,0],[1,0],[183,429]]
[[0,0],[1,0],[112,429]]
[[0,0],[1,0],[177,429]]
[[0,0],[1,0],[254,429]]
[[0,0],[1,0],[151,429]]
[[0,0],[1,0],[2,429]]
[[0,0],[1,0],[163,429]]
[[0,0],[1,0],[155,429]]
[[0,0],[1,0],[25,429]]
[[0,0],[1,0],[27,429]]
[[0,0],[1,0],[131,429]]
[[0,0],[1,0],[349,429]]
[[0,0],[1,0],[343,429]]
[[0,0],[1,0],[145,429]]
[[0,0],[1,0],[41,429]]
[[0,0],[1,0],[5,429]]
[[0,0],[1,0],[12,429]]
[[0,0],[1,0],[37,429]]
[[0,0],[1,0],[337,429]]
[[0,0],[1,0],[292,429]]
[[0,0],[1,0],[408,429]]
[[0,0],[1,0],[45,429]]
[[0,0],[1,0],[20,429]]
[[0,0],[1,0],[364,429]]
[[0,0],[1,0],[10,429]]
[[0,0],[1,0],[82,429]]
[[0,0],[1,0],[139,429]]
[[0,0],[1,0],[97,429]]
[[0,0],[1,0],[259,429]]
[[0,0],[1,0],[196,429]]
[[0,0],[1,0],[17,429]]
[[0,0],[1,0],[241,429]]
[[0,0],[1,0],[105,429]]
