[[0,0],[1,0],[31,431]]
[[0,0],[1,0],[94,431]]
[[0,0],[1,0],[103,431]]
[[0,0],[1,0],[2,431]]
[[0,0],[1,0],[7,431]]
[[0,0],[1,0],[34,431]]
[[0,0],[1,0],[51,431]]
[[0,0],[1,0],[8,431]]
[[0,0],[1,0],[4,431]]
[[0,0],[1,0],[171,431]]
[[0,0],[1,0],[141,431]]
[[0,0],[1,0],[12,431]]
[[0,0],[1,0],[71,431]]
[[0,0],[1,0],[33,431]]
[[0,0],[1,0],[65,431]]
[[0,0],[1,0],[30,431]]
[[0,0],[1,0],[138,431]]
[[0,0],[1,0],[129,431]]
[[0,0],[1,0],[113,431]]
[[0,0],[1,0],[18,431]]
[[0,0],[1,0],[19,431]]
[[0,0],[1,0],[3,431]]
[[0,0],[1,0],[15,431]]
[[0,0],[1,0],[61,431]]
[[0,0],[1,0],[16,431]]
[[0,0],[1,0],[14,431]]
[[0,0],[1,0],[23,431]]
[[0,0],[1,0],[153,431]]
[[0,0],[1,0],[1,431]]
[[0,0],[1,0],[22,431]]
[[0,0],[1,0],[143,431]]
[[0,0],[1,0],[57,431]]
[[0,0],[1,0],[172,431]]
[[0,0],[1,0],[20,431]]
[[0,0],[1,0],[88,431]]
[[0,0],[1,0],[64,431]]
[[0,0],[1,0],[89,431]]
[[0,0],[1,0],[96,431]]
[[0,0],[1,0],[63,431]]
[[0,0],[1,0],[6,431]]
[[0,0],[1,0],[32,431]]
[[0,0],[1,0],[90,431]]
[[0,0],[1,0],[5,431]]
[[0,0],[1,0],[62,431]]
[[0,0],[1,0],[133,431]]
[[0,0],[1,0],[67,431]]
[[0,0],[1,0],[29,431]]
[[0,0],[1,0],[60,431]]
[[0,0],[1,0],[9,431]]
[[0,0],[1,0],[95,431]]
[[0,0],[1,0],[21,431]]
[[0,0],[1,0],[114,431]]
[[0,0],[1,0],[17,431]]
[[0,0],[1,0],[83,431]]
[[0,0],[1,0],[137,431]]
[[0,0],[1,0],[66,431]]
[[0,0],[1,0],[53,431]]
[[0,0],[1,0],[81,431]]
[[0,0],[1,0],[74,431]]
[[0,0],[1,0],[10,431]]
[[0,0],[1,0],[46,431]]
[[0,0],[1,0],[35,431]]
[[0,0],[1,0],[52,431]]
[[0,0],[1,0],[11,431]]
[[0,0],[1,0],[45,431]]
[[0,0],[1,0],[120,431]]
[[0,0],[1,0],[13,431]]
[[0,0],[1,0],[142,431]]
[[0,0],[1,0],[82,431]]
[[0,0],[1,0],[47,431]]
[[0,0],[1,0],[40,431]]
[[0,0],[1,0],[26,431]]
[[0,0],[1,0],[84,431]]
