[[0,0],[1,0],[277,432]]
[[0,0],[2,0],[214,216]]
[[0,0],[1,0],[321,432]]
[[0,0],[3,0],[138,144]]
[[0,0],[12,0],[24,36]]
[[0,0],[2,0],[14,216]]
[[0,0],[1,0],[209,432]]
[[0,0],[3,0],[3,144]]
[[0,0],[1,0],[118,432]]
[[0,0],[1,0],[115,432]]
[[0,0],[1,0],[10,432]]
[[0,0],[2,0],[110,216]]
[[0,0],[2,0],[138,216]]
[[0,0],[3,0],[39,144]]
[[0,0],[1,0],[213,432]]
[[0,0],[2,0],[154,216]]
[[0,0],[1,0],[215,432]]
[[0,0],[1,0],[249,432]]
[[0,0],[1,0],[226,432]]
[[0,0],[2,0],[26,216]]
[[0,0],[1,0],[235,432]]
[[0,0],[1,0],[202,432]]
[[0,0],[1,0],[143,432]]
[[0,0],[3,0],[93,144]]
[[0,0],[1,0],[89,432]]
[[0,0],[1,0],[370,432]]
[[0,0],[1,0],[424,432]]
[[0,0],[1,0],[358,432]]
[[0,0],[2,0],[92,216]]
[[0,0],[3,0],[63,144]]
[[0,0],[1,0],[273,432]]
[[0,0],[4,0],[52,108]]
[[0,0],[1,0],[357,432]]
[[0,0],[1,0],[190,432]]
[[0,0],[1,0],[201,432]]
[[0,0],[1,0],[205,432]]
[[0,0],[2,0],[106,216]]
[[0,0],[4,0],[4,108]]
[[0,0],[1,0],[22,432]]
[[0,0],[1,0],[21,432]]
[[0,0],[2,0],[34,216]]
[[0,0],[3,0],[123,144]]
[[0,0],[1,0],[35,432]]
[[0,0],[1,0],[154,432]]
[[0,0],[1,0],[311,432]]
[[0,0],[1,0],[229,432]]
[[0,0],[1,0],[37,432]]
[[0,0],[1,0],[225,432]]
[[0,0],[3,0],[99,144]]
[[0,0],[4,0],[64,108]]
[[0,0],[2,0],[164,216]]
[[0,0],[1,0],[136,432]]
[[0,0],[6,0],[30,72]]
[[0,0],[1,0],[57,432]]
[[0,0],[1,0],[286,432]]
[[0,0],[1,0],[345,432]]
[[0,0],[2,0],[66,216]]
[[0,0],[1,0],[70,432]]
[[0,0],[1,0],[82,432]]
[[0,0],[1,0],[347,432]]
[[0,0],[1,0],[28,432]]
[[0,0],[2,0],[44,216]]
[[0,0],[1,0],[67,432]]
[[0,0],[1,0],[281,432]]
[[0,0],[1,0],[103,432]]
[[0,0],[1,0],[334,432]]
[[0,0],[1,0],[341,432]]
[[0,0],[3,0],[30,144]]
[[0,0],[1,0],[106,432]]
[[0,0],[2,0],[200,216]]
[[0,0],[1,0],[1,432]]
[[0,0],[6,0],[42,72]]
[[0,0],[1,0],[172,432]]
[[0,0],[1,0],[55,432]]
[[0,0],[1,0],[199,432]]
[[0,0],[1,0],[19,432]]
[[0,0],[1,0],[179,432]]
[[0,0],[1,0],[157,432]]
[[0,0],[1,0],[319,432]]
[[0,0],[2,0],[20,216]]
[[0,0],[1,0],[352,432]]
[[0,0],[1,0],[131,432]]
[[0,0],[1,0],[127,432]]
[[0,0],[2,0],[212,216]]
[[0,0],[1,0],[418,432]]
[[0,0],[3,0],[135,144]]
[[0,0],[1,0],[214,432]]
[[0,0],[1,0],[245,432]]
[[0,0],[1,0],[161,432]]
[[0,0],[3,0],[21,144]]
[[0,0],[1,0],[166,432]]
[[0,0],[1,0],[49,432]]
[[0,0],[1,0],[142,432]]
[[0,0],[1,0],[169,432]]
[[0,0],[1,0],[23,432]]
[[0,0],[1,0],[13,432]]
[[0,0],[1,0],[265,432]]
[[0,0],[2,0],[74,216]]
[[0,0],[2,0],[56,216]]
[[0,0],[1,0],[145,432]]
[[0,0],[2,0],[68,216]]
[[0,0],[2,0],[70,216]]
[[0,0],[3,0],[33,144]]
[[0,0],[4,0],[20,108]]
[[0,0],[1,0],[31,432]]
[[0,0],[1,0],[100,432]]
[[0,0],[1,0],[34,432]]
[[0,0],[6,0],[54,72]]
[[0,0],[1,0],[299,432]]
[[0,0],[1,0],[109,432]]
[[0,0],[1,0],[238,432]]
[[0,0],[3,0],[57,144]]
[[0,0],[2,0],[2,216]]
[[0,0],[2,0],[46,216]]
[[0,0],[1,0],[73,432]]
[[0,0],[1,0],[237,432]]
[[0,0],[1,0],[69,432]]
[[0,0],[1,0],[77,432]]
[[0,0],[1,0],[388,432]]
[[0,0],[1,0],[310,432]]
[[0,0],[4,0],[16,108]]
[[0,0],[2,0],[210,216]]
[[0,0],[1,0],[322,432]]
[[0,0],[1,0],[241,432]]
[[0,0],[1,0],[41,432]]
[[0,0],[1,0],[381,432]]
[[0,0],[2,0],[58,216]]
[[0,0],[12,0],[12,36]]
[[0,0],[2,0],[10,216]]
[[0,0],[1,0],[94,432]]
[[0,0],[1,0],[185,432]]
[[0,0],[1,0],[43,432]]
[[0,0],[6,0],[66,72]]
[[0,0],[1,0],[181,432]]
[[0,0],[1,0],[29,432]]
[[0,0],[2,0],[166,216]]
[[0,0],[1,0],[59,432]]
[[0,0],[1,0],[430,432]]
[[0,0],[1,0],[163,432]]
[[0,0],[1,0],[95,432]]
[[0,0],[1,0],[7,432]]
[[0,0],[1,0],[293,432]]
[[0,0],[2,0],[42,216]]
[[0,0],[1,0],[309,432]]
[[0,0],[1,0],[130,432]]
[[0,0],[1,0],[429,432]]
[[0,0],[1,0],[393,432]]
[[0,0],[2,0],[134,216]]
[[0,0],[3,0],[51,144]]
[[0,0],[1,0],[141,432]]
[[0,0],[1,0],[61,432]]
[[0,0],[3,0],[102,144]]
[[0,0],[6,0],[60,72]]
[[0,0],[1,0],[25,432]]
[[0,0],[3,0],[141,144]]
[[0,0],[1,0],[283,432]]
[[0,0],[1,0],[431,432]]
[[0,0],[1,0],[262,432]]
[[0,0],[1,0],[221,432]]
[[0,0],[1,0],[83,432]]
[[0,0],[1,0],[17,432]]
[[0,0],[1,0],[259,432]]
[[0,0],[1,0],[58,432]]
[[0,0],[1,0],[298,432]]
[[0,0],[2,0],[122,216]]
[[0,0],[1,0],[377,432]]
[[0,0],[1,0],[316,432]]
[[0,0],[1,0],[119,432]]
[[0,0],[1,0],[5,432]]
[[0,0],[2,0],[22,216]]
[[0,0],[1,0],[33,432]]
[[0,0],[1,0],[335,432]]
[[0,0],[1,0],[250,432]]
[[0,0],[2,0],[116,216]]
[[0,0],[2,0],[38,216]]
[[0,0],[1,0],[46,432]]
[[0,0],[1,0],[331,432]]
[[0,0],[1,0],[107,432]]
[[0,0],[2,0],[186,216]]
[[0,0],[3,0],[15,144]]
[[0,0],[1,0],[165,432]]
[[0,0],[1,0],[93,432]]
[[0,0],[1,0],[369,432]]
[[0,0],[1,0],[53,432]]
[[0,0],[3,0],[27,144]]
[[0,0],[1,0],[65,432]]
[[0,0],[4,0],[40,108]]
[[0,0],[1,0],[295,432]]
[[0,0],[6,0],[6,72]]
[[0,0],[2,0],[128,216]]
[[0,0],[1,0],[274,432]]
[[0,0],[1,0],[193,432]]
[[0,0],[1,0],[382,432]]
[[0,0],[2,0],[86,216]]
[[0,0],[1,0],[271,432]]
[[0,0],[1,0],[47,432]]
[[0,0],[1,0],[217,432]]
[[0,0],[1,0],[346,432]]
[[0,0],[1,0],[280,432]]
[[0,0],[3,0],[69,144]]
[[0,0],[1,0],[417,432]]
[[0,0],[1,0],[257,432]]
[[0,0],[2,0],[114,216]]
[[0,0],[3,0],[66,144]]
[[0,0],[1,0],[129,432]]
[[0,0],[1,0],[285,432]]
[[0,0],[2,0],[98,216]]
[[0,0],[1,0],[177,432]]
[[0,0],[1,0],[71,432]]
[[0,0],[3,0],[75,144]]
[[0,0],[1,0],[406,432]]
[[0,0],[1,0],[125,432]]
[[0,0],[1,0],[394,432]]
[[0,0],[1,0],[79,432]]
[[0,0],[2,0],[188,216]]
[[0,0],[4,0],[8,108]]
[[0,0],[1,0],[11,432]]
[[0,0],[1,0],[105,432]]
[[0,0],[1,0],[178,432]]
[[0,0],[1,0],[244,432]]
[[0,0],[2,0],[140,216]]
