[[0,0],[1,0],[69,433]]
[[0,0],[1,0],[35,433]]
[[0,0],[1,0],[12,433]]
[[0,0],[1,0],[198,433]]
[[0,0],[1,0],[2,433]]
[[0,0],[1,0],[8,433]]
[[0,0],[1,0],[34,433]]
[[0,0],[1,0],[14,433]]
[[0,0],[1,0],[87,433]]
[[0,0],[1,0],[16,433]]
[[0,0],[1,0],[26,433]]
[[0,0],[1,0],[79,433]]
[[0,0],[1,0],[94,433]]
[[0,0],[1,0],[15,433]]
[[0,0],[1,0],[33,433]]
[[0,0],[1,0],[20,433]]
[[0,0],[1,0],[4,433]]
[[0,0],[1,0],[41,433]]
[[0,0],[1,0],[56,433]]
[[0,0],[1,0],[155,433]]
[[0,0],[1,0],[19,433]]
[[0,0],[1,0],[68,433]]
[[0,0],[1,0],[42,433]]
[[0,0],[1,0],[89,433]]
[[0,0],[1,0],[30,433]]
[[0,0],[1,0],[1,433]]
[[0,0],[1,0],[23,433]]
[[0,0],[1,0],[5,433]]
[[0,0],[1,0],[97,433]]
[[0,0],[1,0],[151,433]]
[[0,0],[1,0],[80,433]]
[[0,0],[1,0],[61,433]]
[[0,0],[1,0],[6,433]]
[[0,0],[1,0],[3,433]]
[[0,0],[1,0],[98,433]]
[[0,0],[1,0],[22,433]]
[[0,0],[1,0],[96,433]]
[[0,0],[1,0],[74,433]]
[[0,0],[1,0],[88,433]]
[[0,0],[1,0],[83,433]]
[[0,0],[1,0],[86,433]]
[[0,0],[1,0],[199,433]]
[[0,0],[1,0],[136,433]]
[[0,0],[1,0],[90,433]]
[[0,0],[1,0],[46,433]]
[[0,0],[1,0],[21,433]]
[[0,0],[1,0],[110,433]]
[[0,0],[1,0],[10,433]]
[[0,0],[1,0],[11,433]]
[[0,0],[1,0],[82,433]]
[[0,0],[1,0],[9,433]]
[[0,0],[1,0],[91,433]]
[[0,0],[1,0],[95,433]]
[[0,0],[1,0],[104,433]]
[[0,0],[1,0],[29,433]]
[[0,0],[1,0],[137,433]]
[[0,0],[1,0],[67,433]]
[[0,0],[1,0],[45,433]]
[[0,0],[1,0],[13,433]]
[[0,0],[1,0],[103,433]]
[[0,0],[1,0],[7,433]]
[[0,0],[1,0],[38,433]]
[[0,0],[1,0],[107,433]]
[[0,0],[1,0],[47,433]]
[[0,0],[1,0],[75,433]]
[[0,0],[1,0],[39,433]]
[[0,0],[1,0],[76,433]]
[[0,0],[1,0],[70,433]]
[[0,0],[1,0],[44,433]]
[[0,0],[1,0],[17,433]]
[[0,0],[1,0],[81,433]]
[[0,0],[1,0],[43,433]]
[[0,0],[1,0],[40,433]]
[[0,0],[1,0],[18,433]]
