[[0,0],[1,0],[221,435]]
[[0,0],[1,0],[146,435]]
[[0,0],[1,0],[217,435]]
[[0,0],[1,0],[181,435]]
[[0,0],[1,0],[43,435]]
[[0,0],[1,0],[71,435]]
[[0,0],[1,0],[142,435]]
[[0,0],[1,0],[346,435]]
[[0,0],[1,0],[53,435]]
[[0,0],[1,0],[22,435]]
[[0,0],[1,0],[320,435]]
[[0,0],[1,0],[124,435]]
[[0,0],[1,0],[17,435]]
[[0,0],[1,0],[1,435]]
[[0,0],[1,0],[241,435]]
[[0,0],[1,0],[371,435]]
[[0,0],[1,0],[259,435]]
[[0,0],[1,0],[326,435]]
[[0,0],[1,0],[49,435]]
[[0,0],[1,0],[56,435]]
[[0,0],[1,0],[134,435]]
[[0,0],[1,0],[127,435]]
[[0,0],[1,0],[103,435]]
[[0,0],[1,0],[253,435]]
[[0,0],[1,0],[28,435]]
[[0,0],[1,0],[246,435]]
[[0,0],[1,0],[289,435]]
[[0,0],[1,0],[236,435]]
[[0,0],[1,0],[141,435]]
[[0,0],[1,0],[208,435]]
[[0,0],[1,0],[204,435]]
[[0,0],[1,0],[30,435]]
[[0,0],[1,0],[73,435]]
[[0,0],[1,0],[11,435]]
[[0,0],[1,0],[76,435]]
[[0,0],[1,0],[59,435]]
[[0,0],[1,0],[226,435]]
[[0,0],[1,0],[396,435]]
[[0,0],[1,0],[117,435]]
[[0,0],[1,0],[34,435]]
[[0,0],[1,0],[7,435]]
[[0,0],[1,0],[306,435]]
[[0,0],[1,0],[111,435]]
[[0,0],[1,0],[13,435]]
[[0,0],[1,0],[77,435]]
[[0,0],[1,0],[88,435]]
[[0,0],[1,0],[186,435]]
[[0,0],[1,0],[19,435]]
[[0,0],[1,0],[31,435]]
[[0,0],[1,0],[216,435]]
[[0,0],[1,0],[98,435]]
[[0,0],[1,0],[244,435]]
[[0,0],[1,0],[86,435]]
[[0,0],[1,0],[44,435]]
[[0,0],[1,0],[38,435]]
[[0,0],[1,0],[94,435]]
[[0,0],[1,0],[276,435]]
[[0,0],[1,0],[79,435]]
[[0,0],[1,0],[118,435]]
[[0,0],[1,0],[126,435]]
[[0,0],[1,0],[107,435]]
[[0,0],[1,0],[23,435]]
[[0,0],[1,0],[26,435]]
[[0,0],[1,0],[187,435]]
[[0,0],[1,0],[156,435]]
[[0,0],[1,0],[381,435]]
[[0,0],[1,0],[238,435]]
[[0,0],[1,0],[14,435]]
[[0,0],[1,0],[8,435]]
[[0,0],[1,0],[426,435]]
[[0,0],[1,0],[367,435]]
[[0,0],[1,0],[133,435]]
[[0,0],[1,0],[21,435]]
[[0,0],[1,0],[291,435]]
[[0,0],[1,0],[16,435]]
[[0,0],[1,0],[322,435]]
[[0,0],[1,0],[83,435]]
[[0,0],[1,0],[223,435]]
[[0,0],[1,0],[52,435]]
[[0,0],[1,0],[121,435]]
[[0,0],[1,0],[184,435]]
[[0,0],[1,0],[376,435]]
[[0,0],[1,0],[81,435]]
[[0,0],[1,0],[112,435]]
[[0,0],[1,0],[231,435]]
[[0,0],[1,0],[61,435]]
[[0,0],[1,0],[4,435]]
[[0,0],[1,0],[175,435]]
[[0,0],[1,0],[266,435]]
[[0,0],[1,0],[321,435]]
[[0,0],[1,0],[233,435]]
[[0,0],[1,0],[334,435]]
[[0,0],[1,0],[351,435]]
[[0,0],[1,0],[378,435]]
[[0,0],[1,0],[154,435]]
[[0,0],[1,0],[283,435]]
[[0,0],[1,0],[37,435]]
[[0,0],[1,0],[206,435]]
[[0,0],[1,0],[66,435]]
[[0,0],[1,0],[74,435]]
[[0,0],[1,0],[2,435]]
[[0,0],[1,0],[201,435]]
[[0,0],[1,0],[307,435]]
[[0,0],[1,0],[46,435]]
[[0,0],[1,0],[91,435]]
[[0,0],[1,0],[82,435]]
[[0,0],[1,0],[336,435]]
[[0,0],[1,0],[6,435]]
[[0,0],[1,0],[139,435]]
[[0,0],[1,0],[36,435]]
[[0,0],[1,0],[51,435]]
[[0,0],[1,0],[163,435]]
[[0,0],[1,0],[366,435]]
[[0,0],[1,0],[349,435]]
[[0,0],[1,0],[41,435]]
[[0,0],[1,0],[97,435]]
[[0,0],[1,0],[171,435]]
[[0,0],[3,0],[90,145]]
[[0,0],[1,0],[106,435]]
[[0,0],[1,0],[131,435]]
[[0,0],[1,0],[161,435]]
[[0,0],[1,0],[211,435]]
[[0,0],[1,0],[96,435]]
[[0,0],[1,0],[411,435]]
