[[0,0],[1,0],[365,436]]
[[0,0],[1,0],[217,436]]
[[0,0],[2,0],[8,218]]
[[0,0],[1,0],[249,436]]
[[0,0],[2,0],[6,218]]
[[0,0],[1,0],[93,436]]
[[0,0],[1,0],[105,436]]
[[0,0],[1,0],[255,436]]
[[0,0],[1,0],[173,436]]
[[0,0],[2,0],[12,218]]
[[0,0],[1,0],[275,436]]
[[0,0],[1,0],[129,436]]
[[0,0],[1,0],[39,436]]
[[0,0],[1,0],[271,436]]
[[0,0],[1,0],[259,436]]
[[0,0],[1,0],[9,436]]
[[0,0],[1,0],[235,436]]
[[0,0],[1,0],[17,436]]
[[0,0],[1,0],[135,436]]
[[0,0],[1,0],[1,436]]
[[0,0],[1,0],[53,436]]
[[0,0],[1,0],[237,436]]
[[0,0],[1,0],[49,436]]
[[0,0],[1,0],[328,436]]
[[0,0],[2,0],[34,218]]
[[0,0],[1,0],[113,436]]
[[0,0],[1,0],[67,436]]
[[0,0],[1,0],[103,436]]
[[0,0],[1,0],[11,436]]
[[0,0],[2,0],[32,218]]
[[0,0],[1,0],[339,436]]
[[0,0],[1,0],[141,436]]
[[0,0],[1,0],[69,436]]
[[0,0],[1,0],[73,436]]
[[0,0],[1,0],[273,436]]
[[0,0],[1,0],[59,436]]
[[0,0],[2,0],[2,218]]
[[0,0],[1,0],[85,436]]
[[0,0],[1,0],[435,436]]
[[0,0],[1,0],[225,436]]
[[0,0],[1,0],[251,436]]
[[0,0],[1,0],[325,436]]
[[0,0],[1,0],[7,436]]
[[0,0],[1,0],[65,436]]
[[0,0],[1,0],[203,436]]
[[0,0],[1,0],[191,436]]
[[0,0],[1,0],[195,436]]
[[0,0],[1,0],[13,436]]
[[0,0],[1,0],[19,436]]
[[0,0],[1,0],[267,436]]
[[0,0],[1,0],[101,436]]
[[0,0],[1,0],[95,436]]
[[0,0],[1,0],[31,436]]
[[0,0],[2,0],[4,218]]
[[0,0],[1,0],[243,436]]
[[0,0],[1,0],[29,436]]
[[0,0],[1,0],[107,436]]
[[0,0],[1,0],[197,436]]
[[0,0],[1,0],[215,436]]
[[0,0],[1,0],[3,436]]
[[0,0],[1,0],[159,436]]
[[0,0],[1,0],[313,436]]
[[0,0],[1,0],[79,436]]
[[0,0],[1,0],[359,436]]
[[0,0],[1,0],[147,436]]
[[0,0],[2,0],[90,218]]
[[0,0],[1,0],[47,436]]
[[0,0],[2,0],[16,218]]
[[0,0],[1,0],[257,436]]
[[0,0],[1,0],[99,436]]
[[0,0],[2,0],[14,218]]
[[0,0],[1,0],[83,436]]
[[0,0],[2,0],[28,218]]
[[0,0],[2,0],[42,218]]
[[0,0],[1,0],[133,436]]
[[0,0],[1,0],[21,436]]
[[0,0],[1,0],[33,436]]
[[0,0],[1,0],[121,436]]
[[0,0],[1,0],[269,436]]
[[0,0],[1,0],[81,436]]
[[0,0],[2,0],[18,218]]
[[0,0],[1,0],[347,436]]
[[0,0],[1,0],[309,436]]
[[0,0],[2,0],[10,218]]
[[0,0],[1,0],[265,436]]
[[0,0],[1,0],[63,436]]
[[0,0],[1,0],[35,436]]
[[0,0],[1,0],[125,436]]
[[0,0],[1,0],[61,436]]
[[0,0],[1,0],[75,436]]
[[0,0],[1,0],[321,436]]
[[0,0],[1,0],[110,436]]
[[0,0],[1,0],[25,436]]
[[0,0],[1,0],[137,436]]
[[0,0],[1,0],[149,436]]
[[0,0],[2,0],[20,218]]
[[0,0],[1,0],[283,436]]
[[0,0],[1,0],[15,436]]
[[0,0],[1,0],[183,436]]
[[0,0],[1,0],[213,436]]
[[0,0],[1,0],[5,436]]
[[0,0],[1,0],[37,436]]
[[0,0],[1,0],[413,436]]
[[0,0],[1,0],[229,436]]
[[0,0],[1,0],[317,436]]
[[0,0],[1,0],[91,436]]
[[0,0],[1,0],[151,436]]
[[0,0],[1,0],[319,436]]
[[0,0],[1,0],[155,436]]
[[0,0],[1,0],[143,436]]
[[0,0],[2,0],[40,218]]
[[0,0],[1,0],[139,436]]
[[0,0],[1,0],[57,436]]
[[0,0],[1,0],[27,436]]
[[0,0],[1,0],[279,436]]
[[0,0],[1,0],[87,436]]
[[0,0],[1,0],[45,436]]
[[0,0],[1,0],[51,436]]
[[0,0],[2,0],[76,218]]
[[0,0],[2,0],[50,218]]
[[0,0],[2,0],[92,218]]
[[0,0],[1,0],[261,436]]
[[0,0],[1,0],[55,436]]
[[0,0],[1,0],[41,436]]
[[0,0],[1,0],[227,436]]
[[0,0],[1,0],[189,436]]
[[0,0],[1,0],[219,436]]
[[0,0],[1,0],[131,436]]
[[0,0],[2,0],[30,218]]
[[0,0],[1,0],[43,436]]
[[0,0],[1,0],[205,436]]
[[0,0],[1,0],[145,436]]
