[[0,0],[1,0],[51,437]]
[[0,0],[1,0],[18,437]]
[[0,0],[1,0],[8,437]]
[[0,0],[1,0],[55,437]]
[[0,0],[1,0],[139,437]]
[[0,0],[1,0],[14,437]]
[[0,0],[1,0],[120,437]]
[[0,0],[1,0],[16,437]]
[[0,0],[1,0],[12,437]]
[[0,0],[1,0],[2,437]]
[[0,0],[1,0],[33,437]]
[[0,0],[1,0],[34,437]]
[[0,0],[1,0],[116,437]]
[[0,0],[1,0],[28,437]]
[[0,0],[1,0],[65,437]]
[[0,0],[1,0],[87,437]]
[[0,0],[1,0],[99,437]]
[[0,0],[1,0],[26,437]]
[[0,0],[1,0],[15,437]]
[[0,0],[1,0],[101,437]]
[[0,0],[1,0],[20,437]]
[[0,0],[1,0],[4,437]]
[[0,0],[1,0],[31,437]]
[[0,0],[1,0],[30,437]]
[[0,0],[1,0],[1,437]]
[[0,0],[1,0],[172,437]]
[[0,0],[1,0],[134,437]]
[[0,0],[1,0],[5,437]]
[[0,0],[1,0],[248,437]]
[[0,0],[1,0],[25,437]]
[[0,0],[1,0],[6,437]]
[[0,0],[1,0],[117,437]]
[[0,0],[1,0],[3,437]]
[[0,0],[1,0],[24,437]]
[[0,0],[1,0],[77,437]]
[[0,0],[1,0],[27,437]]
[[0,0],[1,0],[64,437]]
[[0,0],[1,0],[59,437]]
[[0,0],[1,0],[49,437]]
[[0,0],[1,0],[22,437]]
[[0,0],[1,0],[106,437]]
[[0,0],[1,0],[96,437]]
[[0,0],[1,0],[88,437]]
[[0,0],[1,0],[32,437]]
[[0,0],[1,0],[229,437]]
[[0,0],[1,0],[58,437]]
[[0,0],[1,0],[72,437]]
[[0,0],[1,0],[323,437]]
[[0,0],[1,0],[254,437]]
[[0,0],[1,0],[48,437]]
[[0,0],[1,0],[123,437]]
[[0,0],[1,0],[191,437]]
[[0,0],[1,0],[185,437]]
[[0,0],[1,0],[63,437]]
[[0,0],[1,0],[11,437]]
[[0,0],[1,0],[37,437]]
[[0,0],[1,0],[9,437]]
[[0,0],[1,0],[21,437]]
[[0,0],[1,0],[10,437]]
[[0,0],[1,0],[66,437]]
[[0,0],[1,0],[100,437]]
[[0,0],[1,0],[137,437]]
[[0,0],[1,0],[67,437]]
[[0,0],[1,0],[187,437]]
[[0,0],[1,0],[369,437]]
[[0,0],[1,0],[29,437]]
[[0,0],[1,0],[50,437]]
[[0,0],[1,0],[75,437]]
[[0,0],[1,0],[267,437]]
[[0,0],[1,0],[45,437]]
[[0,0],[1,0],[13,437]]
[[0,0],[1,0],[70,437]]
[[0,0],[1,0],[17,437]]
[[0,0],[1,0],[7,437]]
[[0,0],[1,0],[47,437]]
[[0,0],[1,0],[39,437]]
[[0,0],[1,0],[43,437]]
[[0,0],[1,0],[44,437]]
[[0,0],[1,0],[130,437]]
[[0,0],[1,0],[208,437]]
[[0,0],[1,0],[40,437]]
[[0,0],[1,0],[71,437]]
