[[0,0],[1,0],[307,438]]
[[0,0],[1,0],[4,438]]
[[0,0],[1,0],[366,438]]
[[0,0],[1,0],[118,438]]
[[0,0],[1,0],[139,438]]
[[0,0],[1,0],[115,438]]
[[0,0],[1,0],[10,438]]
[[0,0],[1,0],[112,438]]
[[0,0],[1,0],[211,438]]
[[0,0],[1,0],[215,438]]
[[0,0],[1,0],[235,438]]
[[0,0],[1,0],[89,438]]
[[0,0],[1,0],[424,438]]
[[0,0],[1,0],[226,438]]
[[0,0],[1,0],[358,438]]
[[0,0],[1,0],[148,438]]
[[0,0],[1,0],[202,438]]
[[0,0],[1,0],[143,438]]
[[0,0],[1,0],[343,438]]
[[0,0],[1,0],[121,438]]
[[0,0],[1,0],[370,438]]
[[0,0],[1,0],[190,438]]
[[0,0],[1,0],[220,438]]
[[0,0],[1,0],[353,438]]
[[0,0],[1,0],[187,438]]
[[0,0],[1,0],[22,438]]
[[0,0],[1,0],[205,438]]
[[0,0],[1,0],[184,438]]
[[0,0],[1,0],[137,438]]
[[0,0],[1,0],[35,438]]
[[0,0],[2,0],[75,219]]
[[0,0],[1,0],[136,438]]
[[0,0],[1,0],[37,438]]
[[0,0],[1,0],[229,438]]
[[0,0],[1,0],[437,438]]
[[0,0],[1,0],[154,438]]
[[0,0],[1,0],[74,438]]
[[0,0],[1,0],[286,438]]
[[0,0],[1,0],[253,438]]
[[0,0],[1,0],[70,438]]
[[0,0],[1,0],[67,438]]
[[0,0],[1,0],[147,438]]
[[0,0],[1,0],[28,438]]
[[0,0],[1,0],[82,438]]
[[0,0],[1,0],[334,438]]
[[0,0],[1,0],[149,438]]
[[0,0],[1,0],[103,438]]
[[0,0],[1,0],[1,438]]
[[0,0],[1,0],[197,438]]
[[0,0],[1,0],[106,438]]
[[0,0],[1,0],[175,438]]
[[0,0],[1,0],[172,438]]
[[0,0],[1,0],[88,438]]
[[0,0],[1,0],[55,438]]
[[0,0],[1,0],[19,438]]
[[0,0],[1,0],[40,438]]
[[0,0],[1,0],[199,438]]
[[0,0],[1,0],[179,438]]
[[0,0],[1,0],[196,438]]
[[0,0],[1,0],[352,438]]
[[0,0],[1,0],[328,438]]
[[0,0],[1,0],[157,438]]
[[0,0],[1,0],[214,438]]
[[0,0],[1,0],[161,438]]
[[0,0],[1,0],[127,438]]
[[0,0],[1,0],[49,438]]
[[0,0],[1,0],[418,438]]
[[0,0],[1,0],[166,438]]
[[0,0],[1,0],[265,438]]
[[0,0],[1,0],[142,438]]
[[0,0],[1,0],[145,438]]
[[0,0],[1,0],[13,438]]
[[0,0],[1,0],[23,438]]
[[0,0],[1,0],[100,438]]
[[0,0],[1,0],[101,438]]
[[0,0],[1,0],[31,438]]
[[0,0],[1,0],[34,438]]
[[0,0],[1,0],[268,438]]
[[0,0],[1,0],[238,438]]
[[0,0],[1,0],[16,438]]
[[0,0],[1,0],[109,438]]
[[0,0],[1,0],[191,438]]
[[0,0],[1,0],[310,438]]
[[0,0],[1,0],[77,438]]
[[0,0],[1,0],[388,438]]
[[0,0],[1,0],[41,438]]
[[0,0],[1,0],[76,438]]
[[0,0],[1,0],[376,438]]
[[0,0],[1,0],[97,438]]
[[0,0],[1,0],[322,438]]
[[0,0],[1,0],[94,438]]
[[0,0],[1,0],[400,438]]
[[0,0],[1,0],[43,438]]
[[0,0],[1,0],[59,438]]
[[0,0],[1,0],[133,438]]
[[0,0],[1,0],[430,438]]
[[0,0],[1,0],[29,438]]
[[0,0],[1,0],[293,438]]
[[0,0],[1,0],[7,438]]
[[0,0],[1,0],[232,438]]
[[0,0],[1,0],[52,438]]
[[0,0],[1,0],[130,438]]
[[0,0],[1,0],[25,438]]
[[0,0],[1,0],[61,438]]
[[0,0],[1,0],[283,438]]
[[0,0],[1,0],[269,438]]
[[0,0],[1,0],[262,438]]
[[0,0],[1,0],[17,438]]
[[0,0],[1,0],[83,438]]
[[0,0],[1,0],[221,438]]
[[0,0],[1,0],[91,438]]
[[0,0],[1,0],[316,438]]
[[0,0],[1,0],[58,438]]
[[0,0],[1,0],[298,438]]
[[0,0],[1,0],[5,438]]
[[0,0],[1,0],[275,438]]
[[0,0],[1,0],[119,438]]
[[0,0],[1,0],[412,438]]
[[0,0],[1,0],[46,438]]
[[0,0],[1,0],[250,438]]
[[0,0],[1,0],[160,438]]
[[0,0],[1,0],[107,438]]
[[0,0],[1,0],[65,438]]
[[0,0],[1,0],[64,438]]
[[0,0],[1,0],[113,438]]
[[0,0],[1,0],[53,438]]
[[0,0],[1,0],[193,438]]
[[0,0],[1,0],[167,438]]
[[0,0],[1,0],[382,438]]
[[0,0],[1,0],[280,438]]
[[0,0],[1,0],[436,438]]
[[0,0],[1,0],[274,438]]
[[0,0],[1,0],[340,438]]
[[0,0],[1,0],[47,438]]
[[0,0],[1,0],[257,438]]
[[0,0],[1,0],[346,438]]
[[0,0],[1,0],[256,438]]
[[0,0],[1,0],[406,438]]
[[0,0],[1,0],[364,438]]
[[0,0],[1,0],[151,438]]
[[0,0],[1,0],[125,438]]
[[0,0],[1,0],[71,438]]
[[0,0],[1,0],[11,438]]
[[0,0],[1,0],[304,438]]
[[0,0],[1,0],[394,438]]
[[0,0],[1,0],[124,438]]
[[0,0],[1,0],[244,438]]
[[0,0],[1,0],[208,438]]
[[0,0],[1,0],[359,438]]
[[0,0],[1,0],[178,438]]
