[[0,0],[1,0],[105,440]]
[[0,0],[1,0],[45,440]]
[[0,0],[2,0],[14,220]]
[[0,0],[1,0],[277,440]]
[[0,0],[2,0],[82,220]]
[[0,0],[1,0],[183,440]]
[[0,0],[1,0],[375,440]]
[[0,0],[1,0],[366,440]]
[[0,0],[2,0],[118,220]]
[[0,0],[2,0],[18,220]]
[[0,0],[1,0],[39,440]]
[[0,0],[2,0],[26,220]]
[[0,0],[1,0],[226,440]]
[[0,0],[2,0],[92,220]]
[[0,0],[2,0],[172,220]]
[[0,0],[2,0],[90,220]]
[[0,0],[1,0],[89,440]]
[[0,0],[1,0],[267,440]]
[[0,0],[1,0],[12,440]]
[[0,0],[1,0],[116,440]]
[[0,0],[1,0],[121,440]]
[[0,0],[2,0],[162,220]]
[[0,0],[1,0],[206,440]]
[[0,0],[1,0],[188,440]]
[[0,0],[2,0],[6,220]]
[[0,0],[1,0],[329,440]]
[[0,0],[1,0],[225,440]]
[[0,0],[1,0],[21,440]]
[[0,0],[1,0],[36,440]]
[[0,0],[1,0],[137,440]]
[[0,0],[1,0],[37,440]]
[[0,0],[1,0],[229,440]]
[[0,0],[2,0],[146,220]]
[[0,0],[1,0],[67,440]]
[[0,0],[1,0],[57,440]]
[[0,0],[2,0],[62,220]]
[[0,0],[1,0],[345,440]]
[[0,0],[1,0],[106,440]]
[[0,0],[1,0],[419,440]]
[[0,0],[1,0],[186,440]]
[[0,0],[1,0],[236,440]]
[[0,0],[1,0],[1,440]]
[[0,0],[1,0],[281,440]]
[[0,0],[1,0],[149,440]]
[[0,0],[1,0],[246,440]]
[[0,0],[1,0],[361,440]]
[[0,0],[1,0],[78,440]]
[[0,0],[1,0],[341,440]]
[[0,0],[2,0],[200,220]]
[[0,0],[4,0],[15,110]]
[[0,0],[1,0],[197,440]]
[[0,0],[1,0],[391,440]]
[[0,0],[2,0],[32,220]]
[[0,0],[1,0],[126,440]]
[[0,0],[1,0],[266,440]]
[[0,0],[1,0],[19,440]]
[[0,0],[1,0],[157,440]]
[[0,0],[1,0],[131,440]]
[[0,0],[1,0],[9,440]]
[[0,0],[1,0],[199,440]]
[[0,0],[1,0],[127,440]]
[[0,0],[1,0],[196,440]]
[[0,0],[1,0],[117,440]]
[[0,0],[2,0],[212,220]]
[[0,0],[1,0],[155,440]]
[[0,0],[2,0],[78,220]]
[[0,0],[1,0],[51,440]]
[[0,0],[1,0],[210,440]]
[[0,0],[1,0],[166,440]]
[[0,0],[1,0],[87,440]]
[[0,0],[1,0],[305,440]]
[[0,0],[1,0],[13,440]]
[[0,0],[1,0],[279,440]]
[[0,0],[1,0],[145,440]]
[[0,0],[1,0],[247,440]]
[[0,0],[1,0],[31,440]]
[[0,0],[1,0],[342,440]]
[[0,0],[2,0],[68,220]]
[[0,0],[1,0],[23,440]]
[[0,0],[1,0],[169,440]]
[[0,0],[1,0],[265,440]]
[[0,0],[1,0],[386,440]]
[[0,0],[2,0],[35,220]]
[[0,0],[2,0],[152,220]]
[[0,0],[1,0],[191,440]]
[[0,0],[1,0],[337,440]]
[[0,0],[1,0],[86,440]]
[[0,0],[1,0],[109,440]]
[[0,0],[1,0],[34,440]]
[[0,0],[1,0],[425,440]]
[[0,0],[2,0],[156,220]]
[[0,0],[1,0],[6,440]]
[[0,0],[1,0],[239,440]]
[[0,0],[2,0],[178,220]]
[[0,0],[2,0],[2,220]]
[[0,0],[2,0],[12,220]]
[[0,0],[1,0],[408,440]]
[[0,0],[1,0],[76,440]]
[[0,0],[2,0],[46,220]]
[[0,0],[1,0],[73,440]]
[[0,0],[1,0],[241,440]]
[[0,0],[1,0],[69,440]]
[[0,0],[1,0],[426,440]]
[[0,0],[1,0],[219,440]]
[[0,0],[2,0],[24,220]]
[[0,0],[1,0],[97,440]]
[[0,0],[1,0],[261,440]]
[[0,0],[5,0],[16,88]]
[[0,0],[1,0],[41,440]]
[[0,0],[1,0],[29,440]]
[[0,0],[1,0],[326,440]]
[[0,0],[1,0],[122,440]]
[[0,0],[1,0],[185,440]]
[[0,0],[1,0],[133,440]]
[[0,0],[1,0],[43,440]]
[[0,0],[2,0],[42,220]]
[[0,0],[2,0],[218,220]]
[[0,0],[1,0],[276,440]]
[[0,0],[1,0],[59,440]]
[[0,0],[2,0],[52,220]]
[[0,0],[2,0],[145,220]]
[[0,0],[1,0],[430,440]]
[[0,0],[1,0],[232,440]]
[[0,0],[1,0],[7,440]]
[[0,0],[1,0],[293,440]]
[[0,0],[2,0],[72,220]]
[[0,0],[1,0],[309,440]]
[[0,0],[1,0],[171,440]]
[[0,0],[1,0],[141,440]]
[[0,0],[1,0],[301,440]]
[[0,0],[1,0],[61,440]]
[[0,0],[2,0],[94,220]]
[[0,0],[1,0],[439,440]]
[[0,0],[1,0],[111,440]]
[[0,0],[1,0],[144,440]]
[[0,0],[1,0],[223,440]]
[[0,0],[4,0],[70,110]]
[[0,0],[1,0],[339,440]]
[[0,0],[1,0],[221,440]]
[[0,0],[1,0],[83,440]]
[[0,0],[1,0],[25,440]]
[[0,0],[1,0],[17,440]]
[[0,0],[1,0],[259,440]]
[[0,0],[1,0],[306,440]]
[[0,0],[1,0],[3,440]]
[[0,0],[1,0],[298,440]]
[[0,0],[1,0],[316,440]]
[[0,0],[2,0],[54,220]]
[[0,0],[2,0],[122,220]]
[[0,0],[1,0],[207,440]]
[[0,0],[1,0],[156,440]]
[[0,0],[1,0],[227,440]]
[[0,0],[1,0],[377,440]]
[[0,0],[1,0],[91,440]]
[[0,0],[1,0],[119,440]]
[[0,0],[1,0],[27,440]]
[[0,0],[1,0],[56,440]]
[[0,0],[2,0],[38,220]]
[[0,0],[1,0],[93,440]]
[[0,0],[1,0],[146,440]]
[[0,0],[1,0],[369,440]]
[[0,0],[2,0],[186,220]]
[[0,0],[1,0],[46,440]]
[[0,0],[1,0],[331,440]]
[[0,0],[1,0],[65,440]]
[[0,0],[1,0],[113,440]]
[[0,0],[1,0],[26,440]]
[[0,0],[1,0],[107,440]]
[[0,0],[1,0],[53,440]]
[[0,0],[1,0],[81,440]]
[[0,0],[1,0],[47,440]]
[[0,0],[1,0],[346,440]]
[[0,0],[1,0],[167,440]]
[[0,0],[2,0],[112,220]]
[[0,0],[1,0],[254,440]]
[[0,0],[2,0],[86,220]]
[[0,0],[1,0],[436,440]]
[[0,0],[1,0],[129,440]]
[[0,0],[2,0],[114,220]]
[[0,0],[1,0],[123,440]]
[[0,0],[1,0],[177,440]]
[[0,0],[1,0],[251,440]]
[[0,0],[2,0],[192,220]]
[[0,0],[1,0],[364,440]]
[[0,0],[1,0],[406,440]]
[[0,0],[1,0],[153,440]]
[[0,0],[1,0],[203,440]]
[[0,0],[1,0],[151,440]]
[[0,0],[1,0],[356,440]]
[[0,0],[1,0],[351,440]]
