[[0,0],[1,0],[43,443]]
[[0,0],[1,0],[28,443]]
[[0,0],[1,0],[33,443]]
[[0,0],[1,0],[18,443]]
[[0,0],[1,0],[69,443]]
[[0,0],[1,0],[79,443]]
[[0,0],[1,0],[65,443]]
[[0,0],[1,0],[56,443]]
[[0,0],[1,0],[15,443]]
[[0,0],[1,0],[31,443]]
[[0,0],[1,0],[99,443]]
[[0,0],[1,0],[19,443]]
[[0,0],[1,0],[16,443]]
[[0,0],[1,0],[2,443]]
[[0,0],[1,0],[14,443]]
[[0,0],[1,0],[20,443]]
[[0,0],[1,0],[4,443]]
[[0,0],[1,0],[1,443]]
[[0,0],[1,0],[41,443]]
[[0,0],[1,0],[42,443]]
[[0,0],[1,0],[57,443]]
[[0,0],[1,0],[68,443]]
[[0,0],[1,0],[105,443]]
[[0,0],[1,0],[93,443]]
[[0,0],[1,0],[89,443]]
[[0,0],[1,0],[61,443]]
[[0,0],[1,0],[30,443]]
[[0,0],[1,0],[5,443]]
[[0,0],[1,0],[23,443]]
[[0,0],[1,0],[6,443]]
[[0,0],[1,0],[24,443]]
[[0,0],[1,0],[154,443]]
[[0,0],[1,0],[3,443]]
[[0,0],[1,0],[108,443]]
[[0,0],[1,0],[49,443]]
[[0,0],[1,0],[106,443]]
[[0,0],[1,0],[25,443]]
[[0,0],[1,0],[22,443]]
[[0,0],[1,0],[92,443]]
[[0,0],[1,0],[58,443]]
[[0,0],[1,0],[102,443]]
[[0,0],[1,0],[64,443]]
[[0,0],[1,0],[72,443]]
[[0,0],[1,0],[86,443]]
[[0,0],[1,0],[98,443]]
[[0,0],[1,0],[10,443]]
[[0,0],[1,0],[32,443]]
[[0,0],[1,0],[29,443]]
[[0,0],[1,0],[21,443]]
[[0,0],[1,0],[48,443]]
[[0,0],[1,0],[52,443]]
[[0,0],[1,0],[45,443]]
[[0,0],[1,0],[46,443]]
[[0,0],[1,0],[110,443]]
[[0,0],[1,0],[13,443]]
[[0,0],[1,0],[9,443]]
[[0,0],[1,0],[11,443]]
[[0,0],[1,0],[53,443]]
[[0,0],[1,0],[47,443]]
[[0,0],[1,0],[76,443]]
[[0,0],[1,0],[44,443]]
[[0,0],[1,0],[165,443]]
[[0,0],[1,0],[17,443]]
[[0,0],[1,0],[132,443]]
[[0,0],[1,0],[50,443]]
[[0,0],[1,0],[40,443]]
[[0,0],[1,0],[188,443]]
[[0,0],[1,0],[7,443]]
[[0,0],[1,0],[107,443]]
[[0,0],[1,0],[36,443]]
[[0,0],[1,0],[73,443]]
[[0,0],[1,0],[12,443]]
[[0,0],[1,0],[109,443]]
[[0,0],[1,0],[51,443]]
[[0,0],[1,0],[8,443]]
