[[0,0],[1,0],[268,447]]
[[0,0],[1,0],[22,447]]
[[0,0],[1,0],[43,447]]
[[0,0],[1,0],[202,447]]
[[0,0],[1,0],[17,447]]
[[0,0],[1,0],[1,447]]
[[0,0],[1,0],[259,447]]
[[0,0],[1,0],[49,447]]
[[0,0],[1,0],[124,447]]
[[0,0],[1,0],[71,447]]
[[0,0],[1,0],[289,447]]
[[0,0],[1,0],[262,447]]
[[0,0],[1,0],[67,447]]
[[0,0],[1,0],[253,447]]
[[0,0],[1,0],[310,447]]
[[0,0],[1,0],[140,447]]
[[0,0],[1,0],[193,447]]
[[0,0],[1,0],[103,447]]
[[0,0],[1,0],[208,447]]
[[0,0],[1,0],[76,447]]
[[0,0],[1,0],[104,447]]
[[0,0],[1,0],[415,447]]
[[0,0],[1,0],[11,447]]
[[0,0],[1,0],[250,447]]
[[0,0],[1,0],[59,447]]
[[0,0],[1,0],[13,447]]
[[0,0],[1,0],[85,447]]
[[0,0],[1,0],[77,447]]
[[0,0],[1,0],[88,447]]
[[0,0],[1,0],[19,447]]
[[0,0],[1,0],[80,447]]
[[0,0],[1,0],[220,447]]
[[0,0],[1,0],[325,447]]
[[0,0],[1,0],[160,447]]
[[0,0],[1,0],[226,447]]
[[0,0],[1,0],[89,447]]
[[0,0],[1,0],[166,447]]
[[0,0],[1,0],[34,447]]
[[0,0],[1,0],[148,447]]
[[0,0],[1,0],[31,447]]
[[0,0],[1,0],[7,447]]
[[0,0],[1,0],[136,447]]
[[0,0],[1,0],[38,447]]
[[0,0],[1,0],[157,447]]
[[0,0],[1,0],[118,447]]
[[0,0],[1,0],[44,447]]
[[0,0],[1,0],[115,447]]
[[0,0],[1,0],[79,447]]
[[0,0],[1,0],[295,447]]
[[0,0],[1,0],[26,447]]
[[0,0],[1,0],[98,447]]
[[0,0],[1,0],[94,447]]
[[0,0],[1,0],[8,447]]
[[0,0],[1,0],[50,447]]
[[0,0],[1,0],[187,447]]
[[0,0],[1,0],[23,447]]
[[0,0],[1,0],[352,447]]
[[0,0],[1,0],[361,447]]
[[0,0],[1,0],[238,447]]
[[0,0],[1,0],[14,447]]
[[0,0],[1,0],[119,447]]
[[0,0],[1,0],[184,447]]
[[0,0],[1,0],[223,447]]
[[0,0],[1,0],[16,447]]
[[0,0],[1,0],[277,447]]
[[0,0],[1,0],[121,447]]
[[0,0],[1,0],[35,447]]
[[0,0],[1,0],[391,447]]
[[0,0],[1,0],[175,447]]
[[0,0],[1,0],[265,447]]
[[0,0],[1,0],[256,447]]
[[0,0],[1,0],[4,447]]
[[0,0],[1,0],[199,447]]
[[0,0],[1,0],[150,447]]
[[0,0],[1,0],[154,447]]
[[0,0],[1,0],[130,447]]
[[0,0],[1,0],[178,447]]
[[0,0],[1,0],[25,447]]
[[0,0],[1,0],[58,447]]
[[0,0],[1,0],[247,447]]
[[0,0],[1,0],[5,447]]
[[0,0],[1,0],[37,447]]
[[0,0],[1,0],[229,447]]
[[0,0],[1,0],[151,447]]
[[0,0],[1,0],[91,447]]
[[0,0],[1,0],[46,447]]
[[0,0],[1,0],[20,447]]
[[0,0],[1,0],[2,447]]
[[0,0],[1,0],[163,447]]
[[0,0],[1,0],[97,447]]
[[0,0],[1,0],[10,447]]
[[0,0],[1,0],[82,447]]
[[0,0],[1,0],[139,447]]
[[0,0],[1,0],[116,447]]
[[0,0],[1,0],[40,447]]
[[0,0],[1,0],[161,447]]
[[0,0],[1,0],[211,447]]
[[0,0],[1,0],[109,447]]
[[0,0],[1,0],[41,447]]
[[0,0],[1,0],[55,447]]
[[0,0],[1,0],[70,447]]
[[0,0],[1,0],[299,447]]
