[[0,0],[1,0],[271,448]]
[[0,0],[1,0],[217,448]]
[[0,0],[1,0],[246,448]]
[[0,0],[2,0],[18,224]]
[[0,0],[1,0],[339,448]]
[[0,0],[2,0],[114,224]]
[[0,0],[1,0],[218,448]]
[[0,0],[4,0],[36,112]]
[[0,0],[1,0],[277,448]]
[[0,0],[1,0],[50,448]]
[[0,0],[1,0],[53,448]]
[[0,0],[1,0],[78,448]]
[[0,0],[1,0],[75,448]]
[[0,0],[1,0],[131,448]]
[[0,0],[1,0],[358,448]]
[[0,0],[1,0],[87,448]]
[[0,0],[1,0],[92,448]]
[[0,0],[2,0],[222,224]]
[[0,0],[1,0],[1,448]]
[[0,0],[2,0],[194,224]]
[[0,0],[1,0],[385,448]]
[[0,0],[1,0],[199,448]]
[[0,0],[4,0],[4,112]]
[[0,0],[1,0],[205,448]]
[[0,0],[1,0],[321,448]]
[[0,0],[1,0],[167,448]]
[[0,0],[1,0],[295,448]]
[[0,0],[2,0],[26,224]]
[[0,0],[1,0],[37,448]]
[[0,0],[4,0],[52,112]]
[[0,0],[1,0],[273,448]]
[[0,0],[1,0],[47,448]]
[[0,0],[1,0],[365,448]]
[[0,0],[1,0],[57,448]]
[[0,0],[2,0],[146,224]]
[[0,0],[1,0],[9,448]]
[[0,0],[1,0],[117,448]]
[[0,0],[2,0],[34,224]]
[[0,0],[1,0],[235,448]]
[[0,0],[1,0],[89,448]]
[[0,0],[2,0],[44,224]]
[[0,0],[1,0],[291,448]]
[[0,0],[1,0],[127,448]]
[[0,0],[2,0],[62,224]]
[[0,0],[1,0],[247,448]]
[[0,0],[2,0],[100,224]]
[[0,0],[1,0],[11,448]]
[[0,0],[1,0],[265,448]]
[[0,0],[1,0],[386,448]]
[[0,0],[1,0],[67,448]]
[[0,0],[1,0],[59,448]]
[[0,0],[1,0],[19,448]]
[[0,0],[1,0],[149,448]]
[[0,0],[1,0],[95,448]]
[[0,0],[2,0],[212,224]]
[[0,0],[1,0],[134,448]]
[[0,0],[2,0],[6,224]]
[[0,0],[1,0],[139,448]]
[[0,0],[2,0],[158,224]]
[[0,0],[2,0],[106,224]]
[[0,0],[1,0],[261,448]]
[[0,0],[1,0],[330,448]]
[[0,0],[4,0],[108,112]]
[[0,0],[2,0],[2,224]]
[[0,0],[1,0],[161,448]]
[[0,0],[1,0],[345,448]]
[[0,0],[1,0],[329,448]]
[[0,0],[1,0],[43,448]]
[[0,0],[2,0],[156,224]]
[[0,0],[1,0],[219,448]]
[[0,0],[1,0],[22,448]]
[[0,0],[1,0],[148,448]]
[[0,0],[2,0],[74,224]]
[[0,0],[1,0],[106,448]]
[[0,0],[1,0],[223,448]]
[[0,0],[1,0],[311,448]]
[[0,0],[1,0],[99,448]]
[[0,0],[2,0],[142,224]]
[[0,0],[1,0],[121,448]]
[[0,0],[4,0],[88,112]]
[[0,0],[2,0],[46,224]]
[[0,0],[1,0],[3,448]]
[[0,0],[1,0],[85,448]]
[[0,0],[2,0],[130,224]]
[[0,0],[1,0],[23,448]]
[[0,0],[1,0],[169,448]]
[[0,0],[2,0],[58,224]]
[[0,0],[4,0],[20,112]]
[[0,0],[1,0],[25,448]]
[[0,0],[2,0],[30,224]]
[[0,0],[1,0],[29,448]]
[[0,0],[1,0],[145,448]]
[[0,0],[4,0],[32,112]]
[[0,0],[1,0],[179,448]]
[[0,0],[2,0],[210,224]]
[[0,0],[1,0],[260,448]]
[[0,0],[1,0],[31,448]]
[[0,0],[2,0],[184,224]]
[[0,0],[1,0],[289,448]]
[[0,0],[1,0],[225,448]]
[[0,0],[8,0],[16,56]]
[[0,0],[1,0],[51,448]]
[[0,0],[1,0],[409,448]]
[[0,0],[1,0],[55,448]]
[[0,0],[1,0],[185,448]]
[[0,0],[1,0],[5,448]]
[[0,0],[2,0],[10,224]]
[[0,0],[1,0],[207,448]]
[[0,0],[1,0],[155,448]]
[[0,0],[1,0],[81,448]]
[[0,0],[1,0],[162,448]]
[[0,0],[1,0],[447,448]]
[[0,0],[1,0],[41,448]]
[[0,0],[2,0],[72,224]]
[[0,0],[1,0],[302,448]]
[[0,0],[1,0],[49,448]]
[[0,0],[1,0],[305,448]]
[[0,0],[1,0],[237,448]]
[[0,0],[1,0],[125,448]]
[[0,0],[2,0],[122,224]]
[[0,0],[2,0],[22,224]]
[[0,0],[1,0],[111,448]]
[[0,0],[1,0],[105,448]]
[[0,0],[1,0],[191,448]]
[[0,0],[1,0],[129,448]]
[[0,0],[1,0],[351,448]]
[[0,0],[1,0],[209,448]]
[[0,0],[1,0],[113,448]]
[[0,0],[1,0],[13,448]]
[[0,0],[1,0],[73,448]]
[[0,0],[1,0],[61,448]]
[[0,0],[1,0],[33,448]]
[[0,0],[1,0],[204,448]]
[[0,0],[1,0],[71,448]]
[[0,0],[1,0],[275,448]]
[[0,0],[4,0],[60,112]]
[[0,0],[1,0],[79,448]]
[[0,0],[1,0],[355,448]]
[[0,0],[1,0],[135,448]]
[[0,0],[1,0],[15,448]]
[[0,0],[1,0],[101,448]]
[[0,0],[1,0],[414,448]]
[[0,0],[1,0],[215,448]]
[[0,0],[2,0],[38,224]]
[[0,0],[2,0],[86,224]]
[[0,0],[1,0],[17,448]]
[[0,0],[1,0],[165,448]]
[[0,0],[1,0],[285,448]]
[[0,0],[2,0],[54,224]]
[[0,0],[1,0],[379,448]]
[[0,0],[1,0],[316,448]]
[[0,0],[1,0],[115,448]]
[[0,0],[1,0],[181,448]]
[[0,0],[1,0],[45,448]]
[[0,0],[1,0],[274,448]]
[[0,0],[2,0],[134,224]]
[[0,0],[8,0],[24,56]]
[[0,0],[4,0],[12,112]]
[[0,0],[2,0],[174,224]]
[[0,0],[1,0],[428,448]]
[[0,0],[8,0],[8,56]]
[[0,0],[1,0],[190,448]]
[[0,0],[1,0],[97,448]]
[[0,0],[1,0],[36,448]]
[[0,0],[4,0],[44,112]]
[[0,0],[1,0],[442,448]]
[[0,0],[1,0],[195,448]]
[[0,0],[1,0],[251,448]]
[[0,0],[1,0],[221,448]]
[[0,0],[2,0],[98,224]]
[[0,0],[1,0],[441,448]]
[[0,0],[2,0],[82,224]]
[[0,0],[1,0],[65,448]]
[[0,0],[1,0],[325,448]]
[[0,0],[2,0],[110,224]]
[[0,0],[1,0],[341,448]]
[[0,0],[1,0],[151,448]]
[[0,0],[1,0],[27,448]]
[[0,0],[1,0],[141,448]]
[[0,0],[1,0],[372,448]]
[[0,0],[1,0],[255,448]]
