[[0,0],[1,0],[217,450]]
[[0,0],[3,0],[138,150]]
[[0,0],[1,0],[56,450]]
[[0,0],[1,0],[446,450]]
[[0,0],[2,0],[27,225]]
[[0,0],[1,0],[83,450]]
[[0,0],[1,0],[377,450]]
[[0,0],[3,0],[9,150]]
[[0,0],[3,0],[39,150]]
[[0,0],[1,0],[173,450]]
[[0,0],[1,0],[334,450]]
[[0,0],[1,0],[131,450]]
[[0,0],[1,0],[358,450]]
[[0,0],[1,0],[176,450]]
[[0,0],[1,0],[418,450]]
[[0,0],[1,0],[1,450]]
[[0,0],[2,0],[222,225]]
[[0,0],[1,0],[385,450]]
[[0,0],[1,0],[286,450]]
[[0,0],[1,0],[199,450]]
[[0,0],[1,0],[205,450]]
[[0,0],[1,0],[226,450]]
[[0,0],[3,0],[78,150]]
[[0,0],[5,0],[25,90]]
[[0,0],[1,0],[321,450]]
[[0,0],[3,0],[63,150]]
[[0,0],[1,0],[307,450]]
[[0,0],[1,0],[167,450]]
[[0,0],[1,0],[295,450]]
[[0,0],[1,0],[34,450]]
[[0,0],[1,0],[37,450]]
[[0,0],[1,0],[406,450]]
[[0,0],[1,0],[47,450]]
[[0,0],[3,0],[99,150]]
[[0,0],[1,0],[21,450]]
[[0,0],[1,0],[89,450]]
[[0,0],[1,0],[235,450]]
[[0,0],[1,0],[352,450]]
[[0,0],[1,0],[424,450]]
[[0,0],[1,0],[103,450]]
[[0,0],[1,0],[364,450]]
[[0,0],[2,0],[132,225]]
[[0,0],[2,0],[65,225]]
[[0,0],[1,0],[291,450]]
[[0,0],[1,0],[127,450]]
[[0,0],[1,0],[381,450]]
[[0,0],[1,0],[449,450]]
[[0,0],[1,0],[214,450]]
[[0,0],[1,0],[172,450]]
[[0,0],[1,0],[11,450]]
[[0,0],[1,0],[265,450]]
[[0,0],[2,0],[20,225]]
[[0,0],[2,0],[87,225]]
[[0,0],[1,0],[386,450]]
[[0,0],[1,0],[266,450]]
[[0,0],[1,0],[149,450]]
[[0,0],[1,0],[67,450]]
[[0,0],[1,0],[59,450]]
[[0,0],[1,0],[19,450]]
[[0,0],[1,0],[76,450]]
[[0,0],[1,0],[328,450]]
[[0,0],[1,0],[261,450]]
[[0,0],[1,0],[139,450]]
[[0,0],[5,0],[5,90]]
[[0,0],[1,0],[126,450]]
[[0,0],[1,0],[426,450]]
[[0,0],[1,0],[161,450]]
[[0,0],[1,0],[86,450]]
[[0,0],[1,0],[112,450]]
[[0,0],[1,0],[201,450]]
[[0,0],[1,0],[133,450]]
[[0,0],[1,0],[88,450]]
[[0,0],[1,0],[211,450]]
[[0,0],[1,0],[43,450]]
[[0,0],[1,0],[148,450]]
[[0,0],[1,0],[22,450]]
[[0,0],[1,0],[388,450]]
[[0,0],[1,0],[202,450]]
[[0,0],[1,0],[184,450]]
[[0,0],[1,0],[411,450]]
[[0,0],[1,0],[197,450]]
[[0,0],[3,0],[147,150]]
[[0,0],[1,0],[106,450]]
[[0,0],[1,0],[223,450]]
[[0,0],[3,0],[21,150]]
[[0,0],[1,0],[171,450]]
[[0,0],[1,0],[415,450]]
[[0,0],[2,0],[147,225]]
[[0,0],[3,0],[33,150]]
[[0,0],[1,0],[121,450]]
[[0,0],[1,0],[232,450]]
[[0,0],[1,0],[376,450]]
[[0,0],[1,0],[85,450]]
[[0,0],[1,0],[169,450]]
[[0,0],[2,0],[177,225]]
[[0,0],[1,0],[28,450]]
[[0,0],[1,0],[23,450]]
[[0,0],[1,0],[29,450]]
[[0,0],[1,0],[145,450]]
[[0,0],[1,0],[77,450]]
[[0,0],[1,0],[292,450]]
[[0,0],[1,0],[179,450]]
[[0,0],[1,0],[31,450]]
[[0,0],[3,0],[57,150]]
[[0,0],[5,0],[20,90]]
[[0,0],[1,0],[287,450]]
[[0,0],[1,0],[313,450]]
[[0,0],[1,0],[262,450]]
[[0,0],[1,0],[136,450]]
[[0,0],[1,0],[409,450]]
[[0,0],[1,0],[51,450]]
[[0,0],[1,0],[55,450]]
[[0,0],[1,0],[298,450]]
[[0,0],[1,0],[142,450]]
[[0,0],[1,0],[196,450]]
[[0,0],[1,0],[82,450]]
[[0,0],[1,0],[416,450]]
[[0,0],[1,0],[26,450]]
[[0,0],[1,0],[293,450]]
[[0,0],[1,0],[81,450]]
[[0,0],[3,0],[48,150]]
[[0,0],[1,0],[236,450]]
[[0,0],[1,0],[268,450]]
[[0,0],[1,0],[109,450]]
[[0,0],[1,0],[49,450]]
[[0,0],[1,0],[448,450]]
[[0,0],[1,0],[16,450]]
[[0,0],[1,0],[91,450]]
[[0,0],[1,0],[256,450]]
[[0,0],[1,0],[119,450]]
[[0,0],[1,0],[124,450]]
[[0,0],[5,0],[85,90]]
[[0,0],[2,0],[12,225]]
[[0,0],[1,0],[111,450]]
[[0,0],[2,0],[57,225]]
[[0,0],[1,0],[257,450]]
[[0,0],[1,0],[191,450]]
[[0,0],[1,0],[209,450]]
[[0,0],[1,0],[166,450]]
[[0,0],[1,0],[113,450]]
[[0,0],[1,0],[351,450]]
[[0,0],[1,0],[13,450]]
[[0,0],[1,0],[61,450]]
[[0,0],[1,0],[118,450]]
[[0,0],[1,0],[71,450]]
[[0,0],[1,0],[326,450]]
[[0,0],[1,0],[101,450]]
[[0,0],[15,0],[15,30]]
[[0,0],[1,0],[79,450]]
[[0,0],[1,0],[146,450]]
[[0,0],[1,0],[355,450]]
[[0,0],[1,0],[7,450]]
[[0,0],[1,0],[46,450]]
[[0,0],[1,0],[244,450]]
[[0,0],[1,0],[52,450]]
[[0,0],[1,0],[17,450]]
[[0,0],[1,0],[178,450]]
[[0,0],[1,0],[322,450]]
[[0,0],[2,0],[42,225]]
[[0,0],[1,0],[208,450]]
[[0,0],[1,0],[316,450]]
[[0,0],[1,0],[94,450]]
[[0,0],[1,0],[296,450]]
[[0,0],[5,0],[35,90]]
[[0,0],[1,0],[238,450]]
[[0,0],[1,0],[231,450]]
[[0,0],[1,0],[445,450]]
[[0,0],[1,0],[181,450]]
[[0,0],[3,0],[27,150]]
[[0,0],[1,0],[115,450]]
[[0,0],[1,0],[274,450]]
[[0,0],[3,0],[18,150]]
[[0,0],[5,0],[80,90]]
[[0,0],[1,0],[4,450]]
[[0,0],[1,0],[187,450]]
[[0,0],[2,0],[102,225]]
[[0,0],[1,0],[97,450]]
[[0,0],[1,0],[64,450]]
[[0,0],[1,0],[203,450]]
[[0,0],[1,0],[276,450]]
[[0,0],[1,0],[116,450]]
[[0,0],[3,0],[69,150]]
[[0,0],[1,0],[442,450]]
[[0,0],[1,0],[154,450]]
[[0,0],[1,0],[382,450]]
[[0,0],[1,0],[394,450]]
[[0,0],[1,0],[346,450]]
[[0,0],[1,0],[221,450]]
[[0,0],[2,0],[192,225]]
[[0,0],[1,0],[304,450]]
[[0,0],[1,0],[206,450]]
[[0,0],[1,0],[251,450]]
[[0,0],[1,0],[107,450]]
[[0,0],[2,0],[155,225]]
[[0,0],[1,0],[397,450]]
[[0,0],[5,0],[50,90]]
[[0,0],[1,0],[441,450]]
[[0,0],[1,0],[58,450]]
[[0,0],[1,0],[356,450]]
[[0,0],[1,0],[141,450]]
[[0,0],[2,0],[110,225]]
[[0,0],[1,0],[151,450]]
[[0,0],[3,0],[108,150]]
[[0,0],[1,0],[412,450]]
[[0,0],[1,0],[436,450]]
[[0,0],[3,0],[3,150]]
