[[0,0],[1,0],[41,452]]
[[0,0],[1,0],[47,452]]
[[0,0],[1,0],[243,452]]
[[0,0],[2,0],[48,226]]
[[0,0],[1,0],[189,452]]
[[0,0],[1,0],[307,452]]
[[0,0],[1,0],[63,452]]
[[0,0],[1,0],[179,452]]
[[0,0],[1,0],[83,452]]
[[0,0],[1,0],[115,452]]
[[0,0],[1,0],[79,452]]
[[0,0],[1,0],[143,452]]
[[0,0],[1,0],[393,452]]
[[0,0],[1,0],[81,452]]
[[0,0],[2,0],[64,226]]
[[0,0],[1,0],[121,452]]
[[0,0],[1,0],[167,452]]
[[0,0],[2,0],[4,226]]
[[0,0],[1,0],[51,452]]
[[0,0],[1,0],[245,452]]
[[0,0],[1,0],[125,452]]
[[0,0],[1,0],[257,452]]
[[0,0],[1,0],[183,452]]
[[0,0],[1,0],[305,452]]
[[0,0],[1,0],[17,452]]
[[0,0],[2,0],[46,226]]
[[0,0],[1,0],[29,452]]
[[0,0],[1,0],[165,452]]
[[0,0],[1,0],[157,452]]
[[0,0],[1,0],[319,452]]
[[0,0],[1,0],[109,452]]
[[0,0],[1,0],[177,452]]
[[0,0],[2,0],[24,226]]
[[0,0],[1,0],[111,452]]
[[0,0],[1,0],[213,452]]
[[0,0],[1,0],[19,452]]
[[0,0],[1,0],[27,452]]
[[0,0],[1,0],[77,452]]
[[0,0],[1,0],[291,452]]
[[0,0],[2,0],[6,226]]
[[0,0],[1,0],[271,452]]
[[0,0],[1,0],[55,452]]
[[0,0],[2,0],[12,226]]
[[0,0],[1,0],[340,452]]
[[0,0],[1,0],[235,452]]
[[0,0],[1,0],[227,452]]
[[0,0],[1,0],[135,452]]
[[0,0],[1,0],[25,452]]
[[0,0],[1,0],[335,452]]
[[0,0],[1,0],[229,452]]
[[0,0],[1,0],[349,452]]
[[0,0],[1,0],[251,452]]
[[0,0],[1,0],[87,452]]
[[0,0],[1,0],[139,452]]
[[0,0],[1,0],[93,452]]
[[0,0],[1,0],[5,452]]
[[0,0],[2,0],[36,226]]
[[0,0],[1,0],[35,452]]
[[0,0],[1,0],[131,452]]
[[0,0],[1,0],[69,452]]
[[0,0],[1,0],[31,452]]
[[0,0],[1,0],[97,452]]
[[0,0],[1,0],[53,452]]
[[0,0],[2,0],[26,226]]
[[0,0],[1,0],[49,452]]
[[0,0],[1,0],[33,452]]
[[0,0],[2,0],[18,226]]
[[0,0],[1,0],[105,452]]
[[0,0],[1,0],[159,452]]
[[0,0],[1,0],[45,452]]
[[0,0],[1,0],[385,452]]
[[0,0],[1,0],[7,452]]
[[0,0],[1,0],[65,452]]
[[0,0],[1,0],[89,452]]
[[0,0],[1,0],[23,452]]
[[0,0],[1,0],[171,452]]
[[0,0],[1,0],[261,452]]
[[0,0],[1,0],[249,452]]
[[0,0],[1,0],[301,452]]
[[0,0],[1,0],[259,452]]
[[0,0],[2,0],[22,226]]
[[0,0],[1,0],[299,452]]
[[0,0],[1,0],[231,452]]
[[0,0],[1,0],[91,452]]
[[0,0],[2,0],[10,226]]
[[0,0],[1,0],[73,452]]
[[0,0],[1,0],[75,452]]
[[0,0],[1,0],[39,452]]
[[0,0],[2,0],[20,226]]
[[0,0],[1,0],[43,452]]
[[0,0],[1,0],[277,452]]
[[0,0],[1,0],[333,452]]
[[0,0],[1,0],[114,452]]
[[0,0],[2,0],[60,226]]
[[0,0],[1,0],[21,452]]
[[0,0],[1,0],[197,452]]
[[0,0],[1,0],[107,452]]
[[0,0],[1,0],[253,452]]
[[0,0],[1,0],[71,452]]
[[0,0],[1,0],[163,452]]
[[0,0],[2,0],[16,226]]
[[0,0],[2,0],[44,226]]
[[0,0],[1,0],[129,452]]
[[0,0],[2,0],[14,226]]
[[0,0],[1,0],[37,452]]
[[0,0],[1,0],[315,452]]
[[0,0],[1,0],[219,452]]
[[0,0],[1,0],[85,452]]
[[0,0],[1,0],[1,452]]
[[0,0],[1,0],[11,452]]
[[0,0],[1,0],[61,452]]
[[0,0],[1,0],[123,452]]
[[0,0],[1,0],[311,452]]
[[0,0],[2,0],[62,226]]
[[0,0],[1,0],[57,452]]
[[0,0],[1,0],[149,452]]
[[0,0],[1,0],[185,452]]
[[0,0],[1,0],[451,452]]
[[0,0],[1,0],[225,452]]
[[0,0],[1,0],[95,452]]
[[0,0],[1,0],[13,452]]
[[0,0],[1,0],[9,452]]
[[0,0],[1,0],[241,452]]
[[0,0],[1,0],[101,452]]
[[0,0],[1,0],[215,452]]
[[0,0],[1,0],[3,452]]
[[0,0],[1,0],[169,452]]
[[0,0],[1,0],[99,452]]
[[0,0],[1,0],[297,452]]
[[0,0],[1,0],[127,452]]
[[0,0],[1,0],[205,452]]
[[0,0],[1,0],[187,452]]
[[0,0],[2,0],[2,226]]
[[0,0],[1,0],[279,452]]
[[0,0],[1,0],[15,452]]
[[0,0],[2,0],[8,226]]
