[[0,0],[1,0],[189,454]]
[[0,0],[1,0],[153,454]]
[[0,0],[1,0],[63,454]]
[[0,0],[1,0],[223,454]]
[[0,0],[1,0],[179,454]]
[[0,0],[1,0],[115,454]]
[[0,0],[1,0],[83,454]]
[[0,0],[1,0],[145,454]]
[[0,0],[1,0],[81,454]]
[[0,0],[1,0],[117,454]]
[[0,0],[1,0],[103,454]]
[[0,0],[1,0],[281,454]]
[[0,0],[1,0],[121,454]]
[[0,0],[1,0],[269,454]]
[[0,0],[1,0],[245,454]]
[[0,0],[1,0],[125,454]]
[[0,0],[1,0],[283,454]]
[[0,0],[1,0],[375,454]]
[[0,0],[1,0],[51,454]]
[[0,0],[1,0],[353,454]]
[[0,0],[1,0],[233,454]]
[[0,0],[1,0],[183,454]]
[[0,0],[1,0],[389,454]]
[[0,0],[1,0],[17,454]]
[[0,0],[1,0],[29,454]]
[[0,0],[1,0],[201,454]]
[[0,0],[1,0],[165,454]]
[[0,0],[1,0],[175,454]]
[[0,0],[1,0],[387,454]]
[[0,0],[1,0],[319,454]]
[[0,0],[1,0],[217,454]]
[[0,0],[1,0],[155,454]]
[[0,0],[1,0],[203,454]]
[[0,0],[1,0],[345,454]]
[[0,0],[1,0],[77,454]]
[[0,0],[1,0],[19,454]]
[[0,0],[1,0],[27,454]]
[[0,0],[1,0],[119,454]]
[[0,0],[1,0],[291,454]]
[[0,0],[1,0],[199,454]]
[[0,0],[1,0],[55,454]]
[[0,0],[1,0],[287,454]]
[[0,0],[1,0],[25,454]]
[[0,0],[1,0],[235,454]]
[[0,0],[1,0],[229,454]]
[[0,0],[1,0],[363,454]]
[[0,0],[1,0],[87,454]]
[[0,0],[1,0],[147,454]]
[[0,0],[1,0],[343,454]]
[[0,0],[1,0],[195,454]]
[[0,0],[1,0],[5,454]]
[[0,0],[1,0],[181,454]]
[[0,0],[1,0],[69,454]]
[[0,0],[1,0],[131,454]]
[[0,0],[1,0],[193,454]]
[[0,0],[1,0],[97,454]]
[[0,0],[1,0],[407,454]]
[[0,0],[1,0],[31,454]]
[[0,0],[1,0],[53,454]]
[[0,0],[1,0],[137,454]]
[[0,0],[1,0],[49,454]]
[[0,0],[1,0],[33,454]]
[[0,0],[1,0],[105,454]]
[[0,0],[1,0],[211,454]]
[[0,0],[1,0],[45,454]]
[[0,0],[1,0],[159,454]]
[[0,0],[1,0],[89,454]]
[[0,0],[1,0],[7,454]]
[[0,0],[1,0],[23,454]]
[[0,0],[1,0],[73,454]]
[[0,0],[1,0],[75,454]]
[[0,0],[1,0],[277,454]]
[[0,0],[1,0],[39,454]]
[[0,0],[1,0],[21,454]]
[[0,0],[1,0],[197,454]]
[[0,0],[1,0],[43,454]]
[[0,0],[1,0],[419,454]]
[[0,0],[1,0],[107,454]]
[[0,0],[1,0],[129,454]]
[[0,0],[1,0],[71,454]]
[[0,0],[1,0],[59,454]]
[[0,0],[1,0],[228,454]]
[[0,0],[1,0],[37,454]]
[[0,0],[1,0],[85,454]]
[[0,0],[1,0],[1,454]]
[[0,0],[1,0],[141,454]]
[[0,0],[1,0],[315,454]]
[[0,0],[1,0],[11,454]]
[[0,0],[1,0],[61,454]]
[[0,0],[1,0],[123,454]]
[[0,0],[1,0],[311,454]]
[[0,0],[1,0],[293,454]]
[[0,0],[1,0],[57,454]]
[[0,0],[1,0],[207,454]]
[[0,0],[1,0],[149,454]]
[[0,0],[1,0],[95,454]]
[[0,0],[1,0],[13,454]]
[[0,0],[1,0],[9,454]]
[[0,0],[1,0],[241,454]]
[[0,0],[1,0],[267,454]]
[[0,0],[1,0],[169,454]]
[[0,0],[1,0],[321,454]]
[[0,0],[1,0],[215,454]]
[[0,0],[1,0],[3,454]]
[[0,0],[1,0],[151,454]]
[[0,0],[1,0],[113,454]]
[[0,0],[1,0],[99,454]]
[[0,0],[1,0],[205,454]]
[[0,0],[1,0],[297,454]]
[[0,0],[1,0],[263,454]]
[[0,0],[1,0],[127,454]]
[[0,0],[1,0],[361,454]]
[[0,0],[1,0],[453,454]]
[[0,0],[1,0],[15,454]]
[[0,0],[1,0],[41,454]]
