[[0,0],[1,0],[41,455]]
[[0,0],[1,0],[47,455]]
[[0,0],[1,0],[8,455]]
[[0,0],[1,0],[83,455]]
[[0,0],[1,0],[79,455]]
[[0,0],[1,0],[81,455]]
[[0,0],[1,0],[50,455]]
[[0,0],[1,0],[12,455]]
[[0,0],[1,0],[281,455]]
[[0,0],[1,0],[121,455]]
[[0,0],[1,0],[190,455]]
[[0,0],[1,0],[51,455]]
[[0,0],[1,0],[86,455]]
[[0,0],[1,0],[17,455]]
[[0,0],[1,0],[29,455]]
[[0,0],[1,0],[201,455]]
[[0,0],[1,0],[66,455]]
[[0,0],[1,0],[157,455]]
[[0,0],[1,0],[417,455]]
[[0,0],[1,0],[40,455]]
[[0,0],[1,0],[351,455]]
[[0,0],[1,0],[400,455]]
[[0,0],[1,0],[365,455]]
[[0,0],[1,0],[106,455]]
[[0,0],[1,0],[155,455]]
[[0,0],[1,0],[67,455]]
[[0,0],[1,0],[19,455]]
[[0,0],[1,0],[48,455]]
[[0,0],[1,0],[27,455]]
[[0,0],[1,0],[209,455]]
[[0,0],[1,0],[287,455]]
[[0,0],[1,0],[235,455]]
[[0,0],[1,0],[74,455]]
[[0,0],[1,0],[170,455]]
[[0,0],[1,0],[379,455]]
[[0,0],[1,0],[18,455]]
[[0,0],[1,0],[251,455]]
[[0,0],[1,0],[36,455]]
[[0,0],[1,0],[93,455]]
[[0,0],[1,0],[82,455]]
[[0,0],[1,0],[196,455]]
[[0,0],[1,0],[181,455]]
[[0,0],[1,0],[216,455]]
[[0,0],[1,0],[69,455]]
[[0,0],[1,0],[22,455]]
[[0,0],[1,0],[4,455]]
[[0,0],[1,0],[97,455]]
[[0,0],[1,0],[31,455]]
[[0,0],[1,0],[6,455]]
[[0,0],[1,0],[92,455]]
[[0,0],[1,0],[53,455]]
[[0,0],[1,0],[222,455]]
[[0,0],[1,0],[162,455]]
[[0,0],[1,0],[33,455]]
[[0,0],[1,0],[337,455]]
[[0,0],[1,0],[211,455]]
[[0,0],[5,0],[70,91]]
[[0,0],[1,0],[435,455]]
[[0,0],[1,0],[396,455]]
[[0,0],[1,0],[261,455]]
[[0,0],[1,0],[378,455]]
[[0,0],[1,0],[23,455]]
[[0,0],[1,0],[300,455]]
[[0,0],[1,0],[171,455]]
[[0,0],[1,0],[68,455]]
[[0,0],[1,0],[431,455]]
[[0,0],[1,0],[73,455]]
[[0,0],[1,0],[2,455]]
[[0,0],[1,0],[246,455]]
[[0,0],[1,0],[202,455]]
[[0,0],[1,0],[72,455]]
[[0,0],[1,0],[197,455]]
[[0,0],[1,0],[43,455]]
[[0,0],[1,0],[71,455]]
[[0,0],[1,0],[341,455]]
[[0,0],[1,0],[37,455]]
[[0,0],[1,0],[85,455]]
[[0,0],[1,0],[1,455]]
[[0,0],[1,0],[14,455]]
[[0,0],[1,0],[236,455]]
[[0,0],[1,0],[134,455]]
[[0,0],[1,0],[11,455]]
[[0,0],[1,0],[61,455]]
[[0,0],[1,0],[339,455]]
[[0,0],[1,0],[46,455]]
[[0,0],[1,0],[96,455]]
[[0,0],[1,0],[16,455]]
[[0,0],[1,0],[186,455]]
[[0,0],[1,0],[430,455]]
[[0,0],[1,0],[344,455]]
[[0,0],[1,0],[311,455]]
[[0,0],[1,0],[34,455]]
[[0,0],[1,0],[94,455]]
[[0,0],[1,0],[32,455]]
[[0,0],[1,0],[225,455]]
[[0,0],[1,0],[64,455]]
[[0,0],[1,0],[391,455]]
[[0,0],[1,0],[148,455]]
[[0,0],[1,0],[120,455]]
[[0,0],[1,0],[54,455]]
[[0,0],[1,0],[9,455]]
[[0,0],[1,0],[101,455]]
[[0,0],[1,0],[330,455]]
[[0,0],[1,0],[267,455]]
[[0,0],[1,0],[232,455]]
[[0,0],[1,0],[3,455]]
[[0,0],[1,0],[151,455]]
[[0,0],[1,0],[274,455]]
[[0,0],[1,0],[166,455]]
[[0,0],[1,0],[113,455]]
[[0,0],[1,0],[99,455]]
[[0,0],[1,0],[136,455]]
[[0,0],[1,0],[295,455]]
[[0,0],[1,0],[146,455]]
[[0,0],[1,0],[218,455]]
[[0,0],[1,0],[15,455]]
