[[0,0],[2,0],[92,228]]
[[0,0],[1,0],[93,456]]
[[0,0],[2,0],[188,228]]
[[0,0],[2,0],[50,228]]
[[0,0],[1,0],[131,456]]
[[0,0],[1,0],[358,456]]
[[0,0],[1,0],[35,456]]
[[0,0],[1,0],[277,456]]
[[0,0],[1,0],[53,456]]
[[0,0],[1,0],[1,456]]
[[0,0],[3,0],[136,152]]
[[0,0],[1,0],[334,456]]
[[0,0],[1,0],[137,456]]
[[0,0],[1,0],[321,456]]
[[0,0],[1,0],[307,456]]
[[0,0],[2,0],[154,228]]
[[0,0],[1,0],[324,456]]
[[0,0],[1,0],[455,456]]
[[0,0],[1,0],[177,456]]
[[0,0],[1,0],[286,456]]
[[0,0],[2,0],[14,228]]
[[0,0],[2,0],[104,228]]
[[0,0],[2,0],[140,228]]
[[0,0],[1,0],[419,456]]
[[0,0],[1,0],[226,456]]
[[0,0],[2,0],[26,228]]
[[0,0],[1,0],[406,456]]
[[0,0],[1,0],[273,456]]
[[0,0],[1,0],[47,456]]
[[0,0],[1,0],[337,456]]
[[0,0],[2,0],[32,228]]
[[0,0],[1,0],[295,456]]
[[0,0],[1,0],[34,456]]
[[0,0],[1,0],[37,456]]
[[0,0],[1,0],[143,456]]
[[0,0],[2,0],[34,228]]
[[0,0],[1,0],[9,456]]
[[0,0],[2,0],[44,228]]
[[0,0],[2,0],[164,228]]
[[0,0],[1,0],[117,456]]
[[0,0],[1,0],[381,456]]
[[0,0],[1,0],[214,456]]
[[0,0],[1,0],[21,456]]
[[0,0],[1,0],[172,456]]
[[0,0],[1,0],[370,456]]
[[0,0],[2,0],[62,228]]
[[0,0],[2,0],[68,228]]
[[0,0],[2,0],[200,228]]
[[0,0],[1,0],[67,456]]
[[0,0],[1,0],[299,456]]
[[0,0],[2,0],[20,228]]
[[0,0],[1,0],[248,456]]
[[0,0],[1,0],[245,456]]
[[0,0],[1,0],[134,456]]
[[0,0],[1,0],[297,456]]
[[0,0],[1,0],[11,456]]
[[0,0],[2,0],[212,228]]
[[0,0],[1,0],[265,456]]
[[0,0],[2,0],[106,228]]
[[0,0],[1,0],[59,456]]
[[0,0],[2,0],[226,228]]
[[0,0],[2,0],[56,228]]
[[0,0],[2,0],[40,228]]
[[0,0],[1,0],[139,456]]
[[0,0],[2,0],[2,228]]
[[0,0],[1,0],[261,456]]
[[0,0],[1,0],[70,456]]
[[0,0],[1,0],[22,456]]
[[0,0],[1,0],[39,456]]
[[0,0],[1,0],[202,456]]
[[0,0],[1,0],[438,456]]
[[0,0],[1,0],[345,456]]
[[0,0],[1,0],[106,456]]
[[0,0],[1,0],[249,456]]
[[0,0],[1,0],[223,456]]
[[0,0],[2,0],[74,228]]
[[0,0],[1,0],[201,456]]
[[0,0],[1,0],[329,456]]
[[0,0],[1,0],[43,456]]
[[0,0],[1,0],[259,456]]
[[0,0],[1,0],[429,456]]
[[0,0],[1,0],[267,456]]
[[0,0],[1,0],[189,456]]
[[0,0],[2,0],[130,228]]
[[0,0],[1,0],[239,456]]
[[0,0],[1,0],[29,456]]
[[0,0],[2,0],[58,228]]
[[0,0],[1,0],[145,456]]
[[0,0],[1,0],[367,456]]
[[0,0],[1,0],[353,456]]
[[0,0],[1,0],[163,456]]
[[0,0],[1,0],[31,456]]
[[0,0],[1,0],[77,456]]
[[0,0],[3,0],[60,152]]
[[0,0],[1,0],[85,456]]
[[0,0],[2,0],[78,228]]
[[0,0],[1,0],[262,456]]
[[0,0],[1,0],[23,456]]
[[0,0],[1,0],[169,456]]
[[0,0],[1,0],[357,456]]
[[0,0],[1,0],[289,456]]
[[0,0],[1,0],[225,456]]
[[0,0],[1,0],[25,456]]
[[0,0],[1,0],[373,456]]
[[0,0],[2,0],[224,228]]
[[0,0],[1,0],[298,456]]
[[0,0],[1,0],[229,456]]
[[0,0],[1,0],[130,456]]
[[0,0],[1,0],[335,456]]
[[0,0],[2,0],[10,228]]
[[0,0],[1,0],[333,456]]
[[0,0],[1,0],[393,456]]
[[0,0],[1,0],[55,456]]
[[0,0],[1,0],[81,456]]
[[0,0],[1,0],[310,456]]
[[0,0],[1,0],[185,456]]
[[0,0],[1,0],[142,456]]
[[0,0],[1,0],[82,456]]
[[0,0],[1,0],[20,456]]
[[0,0],[1,0],[5,456]]
[[0,0],[1,0],[175,456]]
[[0,0],[1,0],[155,456]]
[[0,0],[1,0],[430,456]]
[[0,0],[2,0],[70,228]]
[[0,0],[1,0],[109,456]]
[[0,0],[2,0],[182,228]]
[[0,0],[1,0],[49,456]]
[[0,0],[1,0],[305,456]]
[[0,0],[1,0],[41,456]]
[[0,0],[1,0],[237,456]]
[[0,0],[1,0],[125,456]]
[[0,0],[1,0],[250,456]]
[[0,0],[1,0],[91,456]]
[[0,0],[1,0],[69,456]]
[[0,0],[2,0],[22,228]]
[[0,0],[1,0],[191,456]]
[[0,0],[1,0],[453,456]]
[[0,0],[1,0],[257,456]]
[[0,0],[1,0],[129,456]]
[[0,0],[1,0],[210,456]]
[[0,0],[1,0],[369,456]]
[[0,0],[2,0],[80,228]]
[[0,0],[1,0],[166,456]]
[[0,0],[4,0],[42,114]]
[[0,0],[1,0],[113,456]]
[[0,0],[1,0],[13,456]]
[[0,0],[1,0],[118,456]]
[[0,0],[1,0],[105,456]]
[[0,0],[1,0],[61,456]]
[[0,0],[1,0],[33,456]]
[[0,0],[1,0],[153,456]]
[[0,0],[1,0],[79,456]]
[[0,0],[1,0],[400,456]]
[[0,0],[1,0],[17,456]]
[[0,0],[1,0],[71,456]]
[[0,0],[2,0],[135,228]]
[[0,0],[1,0],[7,456]]
[[0,0],[1,0],[454,456]]
[[0,0],[1,0],[101,456]]
[[0,0],[1,0],[46,456]]
[[0,0],[2,0],[21,228]]
[[0,0],[1,0],[213,456]]
[[0,0],[2,0],[86,228]]
[[0,0],[1,0],[215,456]]
[[0,0],[1,0],[178,456]]
[[0,0],[1,0],[322,456]]
[[0,0],[1,0],[115,456]]
[[0,0],[1,0],[45,456]]
[[0,0],[1,0],[165,456]]
[[0,0],[1,0],[94,456]]
[[0,0],[1,0],[379,456]]
[[0,0],[1,0],[343,456]]
[[0,0],[1,0],[238,456]]
[[0,0],[1,0],[383,456]]
[[0,0],[1,0],[417,456]]
[[0,0],[2,0],[134,228]]
[[0,0],[1,0],[181,456]]
[[0,0],[1,0],[274,456]]
[[0,0],[1,0],[405,456]]
[[0,0],[1,0],[97,456]]
[[0,0],[2,0],[8,228]]
[[0,0],[1,0],[309,456]]
[[0,0],[2,0],[116,228]]
[[0,0],[1,0],[442,456]]
[[0,0],[1,0],[154,456]]
[[0,0],[2,0],[128,228]]
[[0,0],[1,0],[362,456]]
[[0,0],[1,0],[394,456]]
[[0,0],[1,0],[346,456]]
[[0,0],[1,0],[253,456]]
[[0,0],[1,0],[221,456]]
[[0,0],[2,0],[176,228]]
[[0,0],[1,0],[382,456]]
[[0,0],[1,0],[283,456]]
[[0,0],[2,0],[192,228]]
[[0,0],[1,0],[58,456]]
[[0,0],[1,0],[65,456]]
[[0,0],[1,0],[251,456]]
[[0,0],[2,0],[82,228]]
[[0,0],[1,0],[141,456]]
[[0,0],[1,0],[10,456]]
[[0,0],[1,0],[107,456]]
[[0,0],[1,0],[269,456]]
[[0,0],[1,0],[193,456]]
[[0,0],[1,0],[227,456]]
[[0,0],[2,0],[110,228]]
[[0,0],[1,0],[441,456]]
[[0,0],[1,0],[361,456]]
[[0,0],[1,0],[341,456]]
[[0,0],[1,0],[151,456]]
