[[0,0],[1,0],[139,457]]
[[0,0],[1,0],[117,457]]
[[0,0],[1,0],[36,457]]
[[0,0],[1,0],[22,457]]
[[0,0],[1,0],[45,457]]
[[0,0],[1,0],[52,457]]
[[0,0],[1,0],[20,457]]
[[0,0],[1,0],[92,457]]
[[0,0],[1,0],[140,457]]
[[0,0],[1,0],[27,457]]
[[0,0],[1,0],[26,457]]
[[0,0],[1,0],[97,457]]
[[0,0],[1,0],[31,457]]
[[0,0],[1,0],[96,457]]
[[0,0],[1,0],[34,457]]
[[0,0],[1,0],[7,457]]
[[0,0],[1,0],[107,457]]
[[0,0],[1,0],[40,457]]
[[0,0],[1,0],[32,457]]
[[0,0],[1,0],[29,457]]
[[0,0],[1,0],[156,457]]
[[0,0],[1,0],[157,457]]
[[0,0],[1,0],[41,457]]
[[0,0],[1,0],[71,457]]
[[0,0],[1,0],[51,457]]
[[0,0],[1,0],[12,457]]
[[0,0],[1,0],[43,457]]
[[0,0],[1,0],[66,457]]
[[0,0],[1,0],[102,457]]
[[0,0],[1,0],[9,457]]
[[0,0],[1,0],[74,457]]
[[0,0],[1,0],[53,457]]
[[0,0],[1,0],[72,457]]
[[0,0],[1,0],[15,457]]
[[0,0],[1,0],[10,457]]
[[0,0],[1,0],[23,457]]
[[0,0],[1,0],[3,457]]
[[0,0],[1,0],[116,457]]
[[0,0],[1,0],[143,457]]
[[0,0],[1,0],[14,457]]
[[0,0],[1,0],[16,457]]
[[0,0],[1,0],[42,457]]
[[0,0],[1,0],[37,457]]
[[0,0],[1,0],[46,457]]
[[0,0],[1,0],[48,457]]
[[0,0],[1,0],[73,457]]
[[0,0],[1,0],[35,457]]
[[0,0],[1,0],[1,457]]
[[0,0],[1,0],[170,457]]
[[0,0],[1,0],[13,457]]
[[0,0],[1,0],[11,457]]
[[0,0],[1,0],[47,457]]
[[0,0],[1,0],[134,457]]
[[0,0],[1,0],[28,457]]
[[0,0],[1,0],[118,457]]
[[0,0],[1,0],[44,457]]
[[0,0],[1,0],[89,457]]
[[0,0],[1,0],[55,457]]
[[0,0],[1,0],[54,457]]
[[0,0],[1,0],[56,457]]
[[0,0],[1,0],[6,457]]
[[0,0],[1,0],[5,457]]
[[0,0],[1,0],[2,457]]
[[0,0],[1,0],[75,457]]
[[0,0],[1,0],[95,457]]
[[0,0],[1,0],[94,457]]
[[0,0],[1,0],[21,457]]
[[0,0],[1,0],[4,457]]
[[0,0],[1,0],[67,457]]
[[0,0],[1,0],[8,457]]
[[0,0],[1,0],[68,457]]
[[0,0],[1,0],[158,457]]
[[0,0],[1,0],[18,457]]
[[0,0],[1,0],[93,457]]
[[0,0],[1,0],[17,457]]
[[0,0],[1,0],[33,457]]
[[0,0],[1,0],[30,457]]
[[0,0],[1,0],[19,457]]
