[[0,0],[1,0],[356,460]]
[[0,0],[1,0],[66,460]]
[[0,0],[1,0],[436,460]]
[[0,0],[1,0],[131,460]]
[[0,0],[1,0],[446,460]]
[[0,0],[1,0],[93,460]]
[[0,0],[1,0],[1,460]]
[[0,0],[1,0],[137,460]]
[[0,0],[1,0],[53,460]]
[[0,0],[1,0],[96,460]]
[[0,0],[2,0],[172,230]]
[[0,0],[1,0],[176,460]]
[[0,0],[1,0],[321,460]]
[[0,0],[1,0],[87,460]]
[[0,0],[1,0],[286,460]]
[[0,0],[1,0],[63,460]]
[[0,0],[2,0],[14,230]]
[[0,0],[1,0],[347,460]]
[[0,0],[1,0],[406,460]]
[[0,0],[2,0],[26,230]]
[[0,0],[2,0],[140,230]]
[[0,0],[1,0],[273,460]]
[[0,0],[1,0],[199,460]]
[[0,0],[1,0],[226,460]]
[[0,0],[1,0],[47,460]]
[[0,0],[2,0],[32,230]]
[[0,0],[1,0],[167,460]]
[[0,0],[1,0],[147,460]]
[[0,0],[1,0],[57,460]]
[[0,0],[1,0],[37,460]]
[[0,0],[2,0],[34,230]]
[[0,0],[1,0],[9,460]]
[[0,0],[1,0],[291,460]]
[[0,0],[1,0],[143,460]]
[[0,0],[1,0],[157,460]]
[[0,0],[2,0],[36,230]]
[[0,0],[1,0],[127,460]]
[[0,0],[1,0],[89,460]]
[[0,0],[1,0],[117,460]]
[[0,0],[1,0],[183,460]]
[[0,0],[1,0],[21,460]]
[[0,0],[1,0],[6,460]]
[[0,0],[1,0],[67,460]]
[[0,0],[1,0],[19,460]]
[[0,0],[1,0],[11,460]]
[[0,0],[1,0],[297,460]]
[[0,0],[1,0],[266,460]]
[[0,0],[1,0],[336,460]]
[[0,0],[1,0],[459,460]]
[[0,0],[1,0],[76,460]]
[[0,0],[2,0],[28,230]]
[[0,0],[2,0],[6,230]]
[[0,0],[1,0],[386,460]]
[[0,0],[1,0],[366,460]]
[[0,0],[1,0],[86,460]]
[[0,0],[1,0],[426,460]]
[[0,0],[1,0],[139,460]]
[[0,0],[1,0],[70,460]]
[[0,0],[2,0],[2,230]]
[[0,0],[1,0],[149,460]]
[[0,0],[1,0],[211,460]]
[[0,0],[1,0],[126,460]]
[[0,0],[1,0],[438,460]]
[[0,0],[1,0],[39,460]]
[[0,0],[1,0],[201,460]]
[[0,0],[1,0],[43,460]]
[[0,0],[1,0],[106,460]]
[[0,0],[1,0],[219,460]]
[[0,0],[1,0],[159,460]]
[[0,0],[1,0],[223,460]]
[[0,0],[1,0],[415,460]]
[[0,0],[1,0],[133,460]]
[[0,0],[1,0],[3,460]]
[[0,0],[1,0],[376,460]]
[[0,0],[1,0],[171,460]]
[[0,0],[2,0],[142,230]]
[[0,0],[1,0],[353,460]]
[[0,0],[1,0],[179,460]]
[[0,0],[1,0],[197,460]]
[[0,0],[1,0],[121,460]]
[[0,0],[1,0],[279,460]]
[[0,0],[1,0],[29,460]]
[[0,0],[1,0],[31,460]]
[[0,0],[1,0],[77,460]]
[[0,0],[1,0],[287,460]]
[[0,0],[1,0],[51,460]]
[[0,0],[1,0],[136,460]]
[[0,0],[1,0],[357,460]]
[[0,0],[1,0],[186,460]]
[[0,0],[1,0],[456,460]]
[[0,0],[1,0],[306,460]]
[[0,0],[1,0],[243,460]]
[[0,0],[2,0],[94,230]]
[[0,0],[1,0],[229,460]]
[[0,0],[1,0],[81,460]]
[[0,0],[2,0],[16,230]]
[[0,0],[1,0],[185,460]]
[[0,0],[1,0],[26,460]]
[[0,0],[1,0],[416,460]]
[[0,0],[1,0],[24,460]]
[[0,0],[1,0],[196,460]]
[[0,0],[1,0],[49,460]]
[[0,0],[2,0],[182,230]]
[[0,0],[1,0],[236,460]]
[[0,0],[2,0],[4,230]]
[[0,0],[1,0],[109,460]]
[[0,0],[1,0],[41,460]]
[[0,0],[1,0],[162,460]]
[[0,0],[2,0],[24,230]]
[[0,0],[2,0],[122,230]]
[[0,0],[1,0],[91,460]]
[[0,0],[1,0],[16,460]]
[[0,0],[1,0],[256,460]]
[[0,0],[2,0],[12,230]]
[[0,0],[1,0],[111,460]]
[[0,0],[2,0],[22,230]]
[[0,0],[1,0],[119,460]]
[[0,0],[1,0],[129,460]]
[[0,0],[1,0],[369,460]]
[[0,0],[1,0],[166,460]]
[[0,0],[1,0],[209,460]]
[[0,0],[1,0],[33,460]]
[[0,0],[1,0],[153,460]]
[[0,0],[1,0],[326,460]]
[[0,0],[1,0],[13,460]]
[[0,0],[1,0],[61,460]]
[[0,0],[1,0],[79,460]]
[[0,0],[1,0],[73,460]]
[[0,0],[2,0],[52,230]]
[[0,0],[1,0],[17,460]]
[[0,0],[1,0],[71,460]]
[[0,0],[1,0],[296,460]]
[[0,0],[1,0],[7,460]]
[[0,0],[1,0],[146,460]]
[[0,0],[2,0],[48,230]]
[[0,0],[1,0],[316,460]]
[[0,0],[1,0],[213,460]]
[[0,0],[1,0],[401,460]]
[[0,0],[1,0],[208,460]]
[[0,0],[2,0],[112,230]]
[[0,0],[4,0],[50,115]]
[[0,0],[2,0],[25,230]]
[[0,0],[1,0],[231,460]]
[[0,0],[1,0],[97,460]]
[[0,0],[1,0],[300,460]]
[[0,0],[2,0],[8,230]]
[[0,0],[1,0],[309,460]]
[[0,0],[2,0],[102,230]]
[[0,0],[1,0],[203,460]]
[[0,0],[1,0],[216,460]]
[[0,0],[1,0],[254,460]]
[[0,0],[1,0],[346,460]]
[[0,0],[1,0],[36,460]]
[[0,0],[1,0],[283,460]]
[[0,0],[1,0],[221,460]]
[[0,0],[1,0],[392,460]]
[[0,0],[1,0],[116,460]]
[[0,0],[1,0],[206,460]]
[[0,0],[1,0],[123,460]]
[[0,0],[2,0],[82,230]]
[[0,0],[1,0],[193,460]]
[[0,0],[1,0],[359,460]]
[[0,0],[1,0],[141,460]]
[[0,0],[1,0],[227,460]]
[[0,0],[1,0],[156,460]]
[[0,0],[1,0],[246,460]]
[[0,0],[1,0],[269,460]]
[[0,0],[1,0],[361,460]]
[[0,0],[1,0],[396,460]]
[[0,0],[1,0],[27,460]]
[[0,0],[1,0],[83,460]]
[[0,0],[1,0],[271,460]]
[[0,0],[1,0],[56,460]]
[[0,0],[2,0],[18,230]]
