[[0,0],[1,0],[361,468]]
[[0,0],[1,0],[334,468]]
[[0,0],[1,0],[358,468]]
[[0,0],[1,0],[27,468]]
[[0,0],[1,0],[58,468]]
[[0,0],[1,0],[317,468]]
[[0,0],[1,0],[173,468]]
[[0,0],[1,0],[1,468]]
[[0,0],[1,0],[66,468]]
[[0,0],[2,0],[50,234]]
[[0,0],[1,0],[460,468]]
[[0,0],[3,0],[9,156]]
[[0,0],[1,0],[349,468]]
[[0,0],[1,0],[321,468]]
[[0,0],[1,0],[307,468]]
[[0,0],[3,0],[93,156]]
[[0,0],[1,0],[131,468]]
[[0,0],[1,0],[93,468]]
[[0,0],[1,0],[35,468]]
[[0,0],[1,0],[53,468]]
[[0,0],[1,0],[167,468]]
[[0,0],[1,0],[92,468]]
[[0,0],[2,0],[140,234]]
[[0,0],[1,0],[57,468]]
[[0,0],[1,0],[37,468]]
[[0,0],[2,0],[14,234]]
[[0,0],[1,0],[418,468]]
[[0,0],[3,0],[68,156]]
[[0,0],[1,0],[47,468]]
[[0,0],[1,0],[235,468]]
[[0,0],[3,0],[153,156]]
[[0,0],[1,0],[226,468]]
[[0,0],[1,0],[89,468]]
[[0,0],[3,0],[16,156]]
[[0,0],[1,0],[177,468]]
[[0,0],[1,0],[424,468]]
[[0,0],[2,0],[15,234]]
[[0,0],[2,0],[32,234]]
[[0,0],[3,0],[99,156]]
[[0,0],[1,0],[103,468]]
[[0,0],[1,0],[406,468]]
[[0,0],[1,0],[370,468]]
[[0,0],[2,0],[146,234]]
[[0,0],[1,0],[34,468]]
[[0,0],[6,0],[12,78]]
[[0,0],[1,0],[11,468]]
[[0,0],[3,0],[120,156]]
[[0,0],[2,0],[34,234]]
[[0,0],[1,0],[172,468]]
[[0,0],[1,0],[19,468]]
[[0,0],[2,0],[132,234]]
[[0,0],[1,0],[352,468]]
[[0,0],[1,0],[139,468]]
[[0,0],[1,0],[183,468]]
[[0,0],[1,0],[21,468]]
[[0,0],[2,0],[62,234]]
[[0,0],[1,0],[157,468]]
[[0,0],[1,0],[214,468]]
[[0,0],[2,0],[93,234]]
[[0,0],[1,0],[261,468]]
[[0,0],[1,0],[127,468]]
[[0,0],[2,0],[106,234]]
[[0,0],[2,0],[56,234]]
[[0,0],[2,0],[40,234]]
[[0,0],[1,0],[381,468]]
[[0,0],[1,0],[345,468]]
[[0,0],[2,0],[28,234]]
[[0,0],[1,0],[249,468]]
[[0,0],[1,0],[70,468]]
[[0,0],[1,0],[211,468]]
[[0,0],[2,0],[20,234]]
[[0,0],[1,0],[265,468]]
[[0,0],[1,0],[43,468]]
[[0,0],[1,0],[59,468]]
[[0,0],[4,0],[108,117]]
[[0,0],[1,0],[248,468]]
[[0,0],[1,0],[133,468]]
[[0,0],[1,0],[202,468]]
[[0,0],[1,0],[149,468]]
[[0,0],[1,0],[95,468]]
[[0,0],[2,0],[2,234]]
[[0,0],[3,0],[81,156]]
[[0,0],[1,0],[106,468]]
[[0,0],[1,0],[121,468]]
[[0,0],[1,0],[197,468]]
[[0,0],[3,0],[111,156]]
[[0,0],[1,0],[465,468]]
[[0,0],[3,0],[33,156]]
[[0,0],[1,0],[201,468]]
[[0,0],[1,0],[25,468]]
[[0,0],[3,0],[42,156]]
[[0,0],[1,0],[22,468]]
[[0,0],[1,0],[179,468]]
[[0,0],[1,0],[357,468]]
[[0,0],[1,0],[40,468]]
[[0,0],[3,0],[21,156]]
[[0,0],[1,0],[262,468]]
[[0,0],[1,0],[77,468]]
[[0,0],[1,0],[388,468]]
[[0,0],[1,0],[241,468]]
[[0,0],[6,0],[24,78]]
[[0,0],[2,0],[170,234]]
[[0,0],[1,0],[223,468]]
[[0,0],[1,0],[136,468]]
[[0,0],[1,0],[415,468]]
[[0,0],[1,0],[229,468]]
[[0,0],[1,0],[185,468]]
[[0,0],[1,0],[142,468]]
[[0,0],[1,0],[456,468]]
[[0,0],[2,0],[152,234]]
[[0,0],[1,0],[170,468]]
[[0,0],[2,0],[210,234]]
[[0,0],[1,0],[145,468]]
[[0,0],[1,0],[298,468]]
[[0,0],[1,0],[85,468]]
[[0,0],[1,0],[430,468]]
[[0,0],[1,0],[163,468]]
[[0,0],[1,0],[82,468]]
[[0,0],[1,0],[23,468]]
[[0,0],[1,0],[5,468]]
[[0,0],[1,0],[28,468]]
[[0,0],[2,0],[10,234]]
[[0,0],[1,0],[29,468]]
[[0,0],[1,0],[31,468]]
[[0,0],[1,0],[100,468]]
[[0,0],[1,0],[293,468]]
[[0,0],[1,0],[287,468]]
[[0,0],[2,0],[16,234]]
[[0,0],[1,0],[393,468]]
[[0,0],[1,0],[55,468]]
[[0,0],[1,0],[155,468]]
[[0,0],[1,0],[310,468]]
[[0,0],[1,0],[69,468]]
[[0,0],[1,0],[196,468]]
[[0,0],[1,0],[237,468]]
[[0,0],[1,0],[280,468]]
[[0,0],[1,0],[453,468]]
[[0,0],[2,0],[122,234]]
[[0,0],[1,0],[41,468]]
[[0,0],[2,0],[22,234]]
[[0,0],[2,0],[4,234]]
[[0,0],[3,0],[51,156]]
[[0,0],[1,0],[129,468]]
[[0,0],[1,0],[166,468]]
[[0,0],[1,0],[49,468]]
[[0,0],[1,0],[91,468]]
[[0,0],[1,0],[33,468]]
[[0,0],[1,0],[326,468]]
[[0,0],[1,0],[275,468]]
[[0,0],[1,0],[71,468]]
[[0,0],[1,0],[46,468]]
[[0,0],[2,0],[80,234]]
[[0,0],[1,0],[125,468]]
[[0,0],[1,0],[331,468]]
[[0,0],[1,0],[250,468]]
[[0,0],[1,0],[7,468]]
[[0,0],[1,0],[79,468]]
[[0,0],[1,0],[105,468]]
[[0,0],[1,0],[101,468]]
[[0,0],[1,0],[404,468]]
[[0,0],[6,0],[18,78]]
[[0,0],[1,0],[178,468]]
[[0,0],[1,0],[244,468]]
[[0,0],[1,0],[454,468]]
[[0,0],[2,0],[38,234]]
[[0,0],[2,0],[86,234]]
[[0,0],[1,0],[209,468]]
[[0,0],[1,0],[238,468]]
[[0,0],[1,0],[191,468]]
[[0,0],[1,0],[165,468]]
[[0,0],[1,0],[118,468]]
[[0,0],[1,0],[73,468]]
[[0,0],[1,0],[467,468]]
[[0,0],[1,0],[115,468]]
[[0,0],[2,0],[54,234]]
[[0,0],[1,0],[355,468]]
[[0,0],[1,0],[61,468]]
[[0,0],[1,0],[274,468]]
[[0,0],[1,0],[417,468]]
[[0,0],[1,0],[17,468]]
[[0,0],[1,0],[213,468]]
[[0,0],[1,0],[233,468]]
[[0,0],[3,0],[15,156]]
[[0,0],[1,0],[215,468]]
[[0,0],[1,0],[322,468]]
[[0,0],[1,0],[94,468]]
[[0,0],[1,0],[97,468]]
[[0,0],[2,0],[8,234]]
[[0,0],[6,0],[6,78]]
[[0,0],[1,0],[285,468]]
[[0,0],[1,0],[300,468]]
[[0,0],[3,0],[27,156]]
[[0,0],[1,0],[316,468]]
[[0,0],[2,0],[171,234]]
[[0,0],[1,0],[401,468]]
[[0,0],[1,0],[181,468]]
[[0,0],[1,0],[263,468]]
[[0,0],[1,0],[394,468]]
[[0,0],[1,0],[466,468]]
[[0,0],[1,0],[190,468]]
[[0,0],[1,0],[309,468]]
[[0,0],[1,0],[187,468]]
[[0,0],[2,0],[128,234]]
[[0,0],[1,0],[359,468]]
[[0,0],[2,0],[116,234]]
[[0,0],[1,0],[64,468]]
[[0,0],[3,0],[69,156]]
[[0,0],[1,0],[325,468]]
[[0,0],[1,0],[382,468]]
[[0,0],[1,0],[141,468]]
[[0,0],[1,0],[222,468]]
[[0,0],[1,0],[10,468]]
[[0,0],[3,0],[75,156]]
[[0,0],[1,0],[217,468]]
[[0,0],[1,0],[154,468]]
[[0,0],[1,0],[269,468]]
[[0,0],[1,0],[339,468]]
[[0,0],[1,0],[83,468]]
[[0,0],[1,0],[346,468]]
[[0,0],[3,0],[3,156]]
[[0,0],[2,0],[110,234]]
[[0,0],[1,0],[14,468]]
