[[0,0],[1,0],[251,472]]
[[0,0],[1,0],[173,472]]
[[0,0],[2,0],[110,236]]
[[0,0],[1,0],[427,472]]
[[0,0],[2,0],[18,236]]
[[0,0],[1,0],[1,472]]
[[0,0],[1,0],[75,472]]
[[0,0],[1,0],[151,472]]
[[0,0],[1,0],[27,472]]
[[0,0],[2,0],[50,236]]
[[0,0],[1,0],[205,472]]
[[0,0],[1,0],[93,472]]
[[0,0],[1,0],[131,472]]
[[0,0],[1,0],[199,472]]
[[0,0],[2,0],[66,236]]
[[0,0],[1,0],[53,472]]
[[0,0],[1,0],[47,472]]
[[0,0],[2,0],[26,236]]
[[0,0],[1,0],[365,472]]
[[0,0],[1,0],[167,472]]
[[0,0],[1,0],[137,472]]
[[0,0],[1,0],[87,472]]
[[0,0],[1,0],[37,472]]
[[0,0],[2,0],[14,236]]
[[0,0],[1,0],[147,472]]
[[0,0],[1,0],[143,472]]
[[0,0],[1,0],[57,472]]
[[0,0],[2,0],[146,236]]
[[0,0],[1,0],[235,472]]
[[0,0],[1,0],[337,472]]
[[0,0],[1,0],[89,472]]
[[0,0],[1,0],[19,472]]
[[0,0],[1,0],[157,472]]
[[0,0],[1,0],[11,472]]
[[0,0],[1,0],[9,472]]
[[0,0],[1,0],[291,472]]
[[0,0],[1,0],[127,472]]
[[0,0],[1,0],[117,472]]
[[0,0],[1,0],[381,472]]
[[0,0],[1,0],[183,472]]
[[0,0],[1,0],[21,472]]
[[0,0],[2,0],[62,236]]
[[0,0],[1,0],[139,472]]
[[0,0],[2,0],[6,236]]
[[0,0],[1,0],[211,472]]
[[0,0],[1,0],[67,472]]
[[0,0],[1,0],[39,472]]
[[0,0],[1,0],[247,472]]
[[0,0],[1,0],[95,472]]
[[0,0],[1,0],[245,472]]
[[0,0],[1,0],[249,472]]
[[0,0],[1,0],[133,472]]
[[0,0],[1,0],[303,472]]
[[0,0],[2,0],[2,236]]
[[0,0],[2,0],[74,236]]
[[0,0],[1,0],[149,472]]
[[0,0],[1,0],[429,472]]
[[0,0],[1,0],[197,472]]
[[0,0],[1,0],[171,472]]
[[0,0],[1,0],[353,472]]
[[0,0],[1,0],[367,472]]
[[0,0],[1,0],[121,472]]
[[0,0],[1,0],[179,472]]
[[0,0],[1,0],[77,472]]
[[0,0],[2,0],[234,236]]
[[0,0],[2,0],[58,236]]
[[0,0],[2,0],[120,236]]
[[0,0],[1,0],[201,472]]
[[0,0],[1,0],[99,472]]
[[0,0],[1,0],[25,472]]
[[0,0],[1,0],[241,472]]
[[0,0],[1,0],[219,472]]
[[0,0],[1,0],[51,472]]
[[0,0],[2,0],[130,236]]
[[0,0],[1,0],[3,472]]
[[0,0],[2,0],[46,236]]
[[0,0],[1,0],[313,472]]
[[0,0],[1,0],[311,472]]
[[0,0],[1,0],[243,472]]
[[0,0],[1,0],[29,472]]
[[0,0],[1,0],[207,472]]
[[0,0],[1,0],[437,472]]
[[0,0],[1,0],[145,472]]
[[0,0],[2,0],[78,236]]
[[0,0],[2,0],[30,236]]
[[0,0],[1,0],[60,472]]
[[0,0],[1,0],[31,472]]
[[0,0],[1,0],[409,472]]
[[0,0],[1,0],[185,472]]
[[0,0],[2,0],[10,236]]
[[0,0],[1,0],[85,472]]
[[0,0],[1,0],[23,472]]
[[0,0],[1,0],[5,472]]
[[0,0],[1,0],[175,472]]
[[0,0],[2,0],[94,236]]
[[0,0],[2,0],[166,236]]
[[0,0],[1,0],[237,472]]
[[0,0],[1,0],[319,472]]
[[0,0],[1,0],[55,472]]
[[0,0],[1,0],[81,472]]
[[0,0],[1,0],[363,472]]
[[0,0],[1,0],[111,472]]
[[0,0],[2,0],[122,236]]
[[0,0],[1,0],[69,472]]
[[0,0],[1,0],[257,472]]
[[0,0],[1,0],[129,472]]
[[0,0],[1,0],[471,472]]
[[0,0],[1,0],[49,472]]
[[0,0],[2,0],[22,236]]
[[0,0],[1,0],[13,472]]
[[0,0],[1,0],[41,472]]
[[0,0],[1,0],[33,472]]
[[0,0],[1,0],[125,472]]
[[0,0],[1,0],[79,472]]
[[0,0],[1,0],[15,472]]
[[0,0],[1,0],[119,472]]
[[0,0],[1,0],[71,472]]
[[0,0],[2,0],[202,236]]
[[0,0],[1,0],[191,472]]
[[0,0],[1,0],[369,472]]
[[0,0],[1,0],[7,472]]
[[0,0],[1,0],[101,472]]
[[0,0],[1,0],[331,472]]
[[0,0],[1,0],[296,472]]
[[0,0],[1,0],[113,472]]
[[0,0],[1,0],[178,472]]
[[0,0],[1,0],[61,472]]
[[0,0],[2,0],[42,236]]
[[0,0],[1,0],[115,472]]
[[0,0],[2,0],[38,236]]
[[0,0],[1,0],[165,472]]
[[0,0],[1,0],[355,472]]
[[0,0],[2,0],[54,236]]
[[0,0],[1,0],[73,472]]
[[0,0],[1,0],[17,472]]
[[0,0],[2,0],[150,236]]
[[0,0],[1,0],[213,472]]
[[0,0],[1,0],[414,472]]
[[0,0],[1,0],[233,472]]
[[0,0],[2,0],[102,236]]
[[0,0],[1,0],[203,472]]
[[0,0],[1,0],[263,472]]
[[0,0],[1,0],[65,472]]
[[0,0],[1,0],[309,472]]
[[0,0],[1,0],[195,472]]
[[0,0],[1,0],[193,472]]
[[0,0],[1,0],[187,472]]
[[0,0],[1,0],[375,472]]
[[0,0],[2,0],[98,236]]
[[0,0],[1,0],[83,472]]
[[0,0],[1,0],[283,472]]
[[0,0],[2,0],[82,236]]
[[0,0],[1,0],[317,472]]
[[0,0],[1,0],[217,472]]
[[0,0],[1,0],[123,472]]
