[[0,0],[1,0],[358,474]]
[[0,0],[1,0],[412,474]]
[[0,0],[1,0],[1,474]]
[[0,0],[1,0],[460,474]]
[[0,0],[1,0],[220,474]]
[[0,0],[1,0],[334,474]]
[[0,0],[1,0],[151,474]]
[[0,0],[1,0],[160,474]]
[[0,0],[1,0],[131,474]]
[[0,0],[1,0],[199,474]]
[[0,0],[1,0],[35,474]]
[[0,0],[1,0],[277,474]]
[[0,0],[1,0],[53,474]]
[[0,0],[1,0],[47,474]]
[[0,0],[1,0],[167,474]]
[[0,0],[1,0],[137,474]]
[[0,0],[1,0],[295,474]]
[[0,0],[1,0],[37,474]]
[[0,0],[1,0],[418,474]]
[[0,0],[1,0],[143,474]]
[[0,0],[1,0],[424,474]]
[[0,0],[1,0],[364,474]]
[[0,0],[1,0],[286,474]]
[[0,0],[1,0],[226,474]]
[[0,0],[1,0],[406,474]]
[[0,0],[1,0],[449,474]]
[[0,0],[1,0],[235,474]]
[[0,0],[1,0],[172,474]]
[[0,0],[1,0],[89,474]]
[[0,0],[1,0],[103,474]]
[[0,0],[1,0],[370,474]]
[[0,0],[1,0],[34,474]]
[[0,0],[1,0],[157,474]]
[[0,0],[1,0],[19,474]]
[[0,0],[1,0],[76,474]]
[[0,0],[1,0],[328,474]]
[[0,0],[1,0],[11,474]]
[[0,0],[1,0],[127,474]]
[[0,0],[1,0],[214,474]]
[[0,0],[1,0],[352,474]]
[[0,0],[1,0],[70,474]]
[[0,0],[1,0],[211,474]]
[[0,0],[1,0],[67,474]]
[[0,0],[1,0],[202,474]]
[[0,0],[1,0],[247,474]]
[[0,0],[1,0],[112,474]]
[[0,0],[1,0],[472,474]]
[[0,0],[1,0],[106,474]]
[[0,0],[1,0],[133,474]]
[[0,0],[1,0],[43,474]]
[[0,0],[1,0],[148,474]]
[[0,0],[1,0],[59,474]]
[[0,0],[1,0],[232,474]]
[[0,0],[1,0],[301,474]]
[[0,0],[1,0],[88,474]]
[[0,0],[1,0],[121,474]]
[[0,0],[1,0],[40,474]]
[[0,0],[1,0],[77,474]]
[[0,0],[1,0],[22,474]]
[[0,0],[1,0],[184,474]]
[[0,0],[1,0],[80,474]]
[[0,0],[1,0],[329,474]]
[[0,0],[1,0],[159,474]]
[[0,0],[1,0],[223,474]]
[[0,0],[1,0],[289,474]]
[[0,0],[1,0],[262,474]]
[[0,0],[1,0],[241,474]]
[[0,0],[1,0],[136,474]]
[[0,0],[1,0],[388,474]]
[[0,0],[1,0],[376,474]]
[[0,0],[1,0],[313,474]]
[[0,0],[1,0],[229,474]]
[[0,0],[1,0],[298,474]]
[[0,0],[1,0],[28,474]]
[[0,0],[1,0],[29,474]]
[[0,0],[1,0],[335,474]]
[[0,0],[1,0],[163,474]]
[[0,0],[1,0],[31,474]]
[[0,0],[1,0],[85,474]]
[[0,0],[1,0],[287,474]]
[[0,0],[1,0],[5,474]]
[[0,0],[1,0],[142,474]]
[[0,0],[1,0],[23,474]]
[[0,0],[1,0],[82,474]]
[[0,0],[1,0],[268,474]]
[[0,0],[1,0],[175,474]]
[[0,0],[1,0],[100,474]]
[[0,0],[1,0],[292,474]]
[[0,0],[1,0],[109,474]]
[[0,0],[1,0],[430,474]]
[[0,0],[1,0],[293,474]]
[[0,0],[1,0],[130,474]]
[[0,0],[1,0],[473,474]]
[[0,0],[1,0],[280,474]]
[[0,0],[1,0],[55,474]]
[[0,0],[1,0],[310,474]]
[[0,0],[1,0],[16,474]]
[[0,0],[1,0],[196,474]]
[[0,0],[1,0],[155,474]]
[[0,0],[1,0],[49,474]]
[[0,0],[1,0],[166,474]]
[[0,0],[1,0],[305,474]]
[[0,0],[1,0],[13,474]]
[[0,0],[1,0],[41,474]]
[[0,0],[1,0],[125,474]]
[[0,0],[1,0],[250,474]]
[[0,0],[1,0],[448,474]]
[[0,0],[1,0],[124,474]]
[[0,0],[1,0],[400,474]]
[[0,0],[1,0],[91,474]]
[[0,0],[1,0],[256,474]]
[[0,0],[1,0],[119,474]]
[[0,0],[1,0],[71,474]]
[[0,0],[1,0],[191,474]]
[[0,0],[1,0],[101,474]]
[[0,0],[2,0],[81,237]]
[[0,0],[1,0],[209,474]]
[[0,0],[1,0],[7,474]]
[[0,0],[1,0],[454,474]]
[[0,0],[1,0],[46,474]]
[[0,0],[1,0],[113,474]]
[[0,0],[1,0],[61,474]]
[[0,0],[1,0],[244,474]]
[[0,0],[1,0],[52,474]]
[[0,0],[1,0],[118,474]]
[[0,0],[1,0],[178,474]]
[[0,0],[1,0],[115,474]]
[[0,0],[1,0],[208,474]]
[[0,0],[1,0],[238,474]]
[[0,0],[1,0],[17,474]]
[[0,0],[1,0],[274,474]]
[[0,0],[1,0],[97,474]]
[[0,0],[1,0],[340,474]]
[[0,0],[1,0],[215,474]]
[[0,0],[1,0],[322,474]]
[[0,0],[1,0],[401,474]]
[[0,0],[1,0],[394,474]]
[[0,0],[1,0],[94,474]]
[[0,0],[1,0],[379,474]]
[[0,0],[1,0],[203,474]]
[[0,0],[1,0],[65,474]]
[[0,0],[1,0],[466,474]]
[[0,0],[1,0],[304,474]]
[[0,0],[1,0],[269,474]]
[[0,0],[1,0],[193,474]]
[[0,0],[1,0],[442,474]]
[[0,0],[1,0],[10,474]]
[[0,0],[1,0],[396,474]]
[[0,0],[1,0],[154,474]]
[[0,0],[1,0],[107,474]]
[[0,0],[1,0],[190,474]]
[[0,0],[1,0],[4,474]]
[[0,0],[1,0],[325,474]]
[[0,0],[1,0],[64,474]]
[[0,0],[1,0],[346,474]]
[[0,0],[1,0],[221,474]]
[[0,0],[1,0],[83,474]]
[[0,0],[1,0],[436,474]]
[[0,0],[1,0],[382,474]]
[[0,0],[1,0],[317,474]]
[[0,0],[1,0],[217,474]]
[[0,0],[1,0],[58,474]]
