[[0,0],[1,0],[173,476]]
[[0,0],[1,0],[227,476]]
[[0,0],[1,0],[1,476]]
[[0,0],[1,0],[281,476]]
[[0,0],[2,0],[18,238]]
[[0,0],[1,0],[246,476]]
[[0,0],[2,0],[114,238]]
[[0,0],[1,0],[75,476]]
[[0,0],[1,0],[78,476]]
[[0,0],[1,0],[50,476]]
[[0,0],[1,0],[27,476]]
[[0,0],[1,0],[341,476]]
[[0,0],[1,0],[151,476]]
[[0,0],[1,0],[460,476]]
[[0,0],[1,0],[349,476]]
[[0,0],[1,0],[176,476]]
[[0,0],[1,0],[321,476]]
[[0,0],[1,0],[307,476]]
[[0,0],[1,0],[218,476]]
[[0,0],[1,0],[344,476]]
[[0,0],[1,0],[131,476]]
[[0,0],[1,0],[93,476]]
[[0,0],[1,0],[35,476]]
[[0,0],[1,0],[199,476]]
[[0,0],[1,0],[92,476]]
[[0,0],[2,0],[104,238]]
[[0,0],[1,0],[137,476]]
[[0,0],[1,0],[47,476]]
[[0,0],[1,0],[167,476]]
[[0,0],[1,0],[87,476]]
[[0,0],[1,0],[57,476]]
[[0,0],[1,0],[37,476]]
[[0,0],[1,0],[177,476]]
[[0,0],[1,0],[143,476]]
[[0,0],[1,0],[324,476]]
[[0,0],[1,0],[273,476]]
[[0,0],[1,0],[89,476]]
[[0,0],[2,0],[44,238]]
[[0,0],[1,0],[103,476]]
[[0,0],[1,0],[19,476]]
[[0,0],[2,0],[36,238]]
[[0,0],[1,0],[134,476]]
[[0,0],[1,0],[11,476]]
[[0,0],[1,0],[9,476]]
[[0,0],[1,0],[157,476]]
[[0,0],[1,0],[188,476]]
[[0,0],[1,0],[330,476]]
[[0,0],[2,0],[100,238]]
[[0,0],[1,0],[117,476]]
[[0,0],[1,0],[426,476]]
[[0,0],[1,0],[139,476]]
[[0,0],[1,0],[183,476]]
[[0,0],[1,0],[211,476]]
[[0,0],[2,0],[6,238]]
[[0,0],[2,0],[20,238]]
[[0,0],[1,0],[407,476]]
[[0,0],[1,0],[67,476]]
[[0,0],[1,0],[261,476]]
[[0,0],[1,0],[39,476]]
[[0,0],[1,0],[247,476]]
[[0,0],[1,0],[95,476]]
[[0,0],[1,0],[43,476]]
[[0,0],[1,0],[106,476]]
[[0,0],[1,0],[59,476]]
[[0,0],[2,0],[2,238]]
[[0,0],[2,0],[74,238]]
[[0,0],[1,0],[232,476]]
[[0,0],[1,0],[386,476]]
[[0,0],[1,0],[86,476]]
[[0,0],[1,0],[267,476]]
[[0,0],[1,0],[149,476]]
[[0,0],[1,0],[148,476]]
[[0,0],[1,0],[121,476]]
[[0,0],[1,0],[179,476]]
[[0,0],[1,0],[22,476]]
[[0,0],[1,0],[239,476]]
[[0,0],[2,0],[58,238]]
[[0,0],[1,0],[99,476]]
[[0,0],[1,0],[290,476]]
[[0,0],[1,0],[225,476]]
[[0,0],[1,0],[25,476]]
[[0,0],[1,0],[241,476]]
[[0,0],[1,0],[423,476]]
[[0,0],[1,0],[219,476]]
[[0,0],[1,0],[3,476]]
[[0,0],[1,0],[456,476]]
[[0,0],[2,0],[46,238]]
[[0,0],[1,0],[145,476]]
[[0,0],[2,0],[198,238]]
[[0,0],[1,0],[163,476]]
[[0,0],[2,0],[78,238]]
[[0,0],[1,0],[279,476]]
[[0,0],[1,0],[29,476]]
[[0,0],[1,0],[185,476]]
[[0,0],[1,0],[169,476]]
[[0,0],[2,0],[10,238]]
[[0,0],[1,0],[31,476]]
[[0,0],[1,0],[85,476]]
[[0,0],[1,0],[23,476]]
[[0,0],[1,0],[5,476]]
[[0,0],[1,0],[260,476]]
[[0,0],[1,0],[109,476]]
[[0,0],[2,0],[16,238]]
[[0,0],[2,0],[70,238]]
[[0,0],[1,0],[302,476]]
[[0,0],[1,0],[81,476]]
[[0,0],[1,0],[237,476]]
[[0,0],[2,0],[72,238]]
[[0,0],[1,0],[55,476]]
[[0,0],[1,0],[111,476]]
[[0,0],[1,0],[120,476]]
[[0,0],[2,0],[4,238]]
[[0,0],[1,0],[129,476]]
[[0,0],[1,0],[69,476]]
[[0,0],[2,0],[12,238]]
[[0,0],[2,0],[22,238]]
[[0,0],[1,0],[305,476]]
[[0,0],[1,0],[41,476]]
[[0,0],[1,0],[162,476]]
[[0,0],[1,0],[33,476]]
[[0,0],[1,0],[275,476]]
[[0,0],[1,0],[13,476]]
[[0,0],[1,0],[125,476]]
[[0,0],[1,0],[79,476]]
[[0,0],[1,0],[400,476]]
[[0,0],[1,0],[15,476]]
[[0,0],[1,0],[256,476]]
[[0,0],[1,0],[71,476]]
[[0,0],[1,0],[470,476]]
[[0,0],[1,0],[191,476]]
[[0,0],[1,0],[113,476]]
[[0,0],[1,0],[115,476]]
[[0,0],[2,0],[38,238]]
[[0,0],[1,0],[61,476]]
[[0,0],[1,0],[52,476]]
[[0,0],[1,0],[45,476]]
[[0,0],[1,0],[165,476]]
[[0,0],[1,0],[73,476]]
[[0,0],[2,0],[189,238]]
[[0,0],[1,0],[475,476]]
[[0,0],[1,0],[18,476]]
[[0,0],[1,0],[428,476]]
[[0,0],[1,0],[97,476]]
[[0,0],[1,0],[274,476]]
[[0,0],[1,0],[414,476]]
[[0,0],[1,0],[316,476]]
[[0,0],[1,0],[213,476]]
[[0,0],[1,0],[233,476]]
[[0,0],[2,0],[8,238]]
[[0,0],[1,0],[288,476]]
[[0,0],[2,0],[76,238]]
[[0,0],[1,0],[181,476]]
[[0,0],[1,0],[65,476]]
[[0,0],[1,0],[190,476]]
[[0,0],[1,0],[107,476]]
[[0,0],[2,0],[128,238]]
[[0,0],[1,0],[141,476]]
[[0,0],[1,0],[154,476]]
[[0,0],[1,0],[269,476]]
[[0,0],[1,0],[64,476]]
[[0,0],[4,0],[21,119]]
[[0,0],[1,0],[271,476]]
[[0,0],[1,0],[83,476]]
[[0,0],[1,0],[8,476]]
[[0,0],[1,0],[375,476]]
[[0,0],[1,0],[36,476]]
[[0,0],[1,0],[253,476]]
[[0,0],[1,0],[283,476]]
[[0,0],[1,0],[222,476]]
[[0,0],[1,0],[372,476]]
[[0,0],[2,0],[138,238]]
[[0,0],[1,0],[358,476]]
[[0,0],[1,0],[123,476]]
[[0,0],[1,0],[317,476]]
