[[0,0],[1,0],[169,477]]
[[0,0],[1,0],[218,477]]
[[0,0],[1,0],[50,477]]
[[0,0],[3,0],[36,159]]
[[0,0],[1,0],[187,477]]
[[0,0],[1,0],[121,477]]
[[0,0],[1,0],[223,477]]
[[0,0],[1,0],[40,477]]
[[0,0],[1,0],[109,477]]
[[0,0],[1,0],[112,477]]
[[0,0],[1,0],[316,477]]
[[0,0],[1,0],[145,477]]
[[0,0],[1,0],[41,477]]
[[0,0],[1,0],[70,477]]
[[0,0],[1,0],[133,477]]
[[0,0],[1,0],[19,477]]
[[0,0],[1,0],[77,477]]
[[0,0],[1,0],[220,477]]
[[0,0],[1,0],[268,477]]
[[0,0],[1,0],[271,477]]
[[0,0],[1,0],[217,477]]
[[0,0],[1,0],[372,477]]
[[0,0],[1,0],[17,477]]
[[0,0],[3,0],[9,159]]
[[0,0],[1,0],[142,477]]
[[0,0],[1,0],[170,477]]
[[0,0],[1,0],[44,477]]
[[0,0],[1,0],[256,477]]
[[0,0],[1,0],[58,477]]
[[0,0],[1,0],[62,477]]
[[0,0],[1,0],[67,477]]
[[0,0],[1,0],[310,477]]
[[0,0],[1,0],[25,477]]
[[0,0],[1,0],[313,477]]
[[0,0],[1,0],[364,477]]
[[0,0],[1,0],[20,477]]
[[0,0],[1,0],[193,477]]
[[0,0],[1,0],[139,477]]
[[0,0],[1,0],[213,477]]
[[0,0],[1,0],[97,477]]
[[0,0],[1,0],[5,477]]
[[0,0],[3,0],[3,159]]
[[0,0],[1,0],[349,477]]
[[0,0],[1,0],[214,477]]
[[0,0],[3,0],[18,159]]
[[0,0],[1,0],[55,477]]
[[0,0],[1,0],[88,477]]
[[0,0],[1,0],[22,477]]
[[0,0],[1,0],[7,477]]
[[0,0],[1,0],[31,477]]
[[0,0],[1,0],[266,477]]
[[0,0],[1,0],[89,477]]
[[0,0],[1,0],[343,477]]
[[0,0],[1,0],[196,477]]
[[0,0],[1,0],[92,477]]
[[0,0],[1,0],[49,477]]
[[0,0],[1,0],[337,477]]
[[0,0],[1,0],[181,477]]
[[0,0],[1,0],[173,477]]
[[0,0],[1,0],[130,477]]
[[0,0],[1,0],[4,477]]
[[0,0],[1,0],[43,477]]
[[0,0],[1,0],[107,477]]
[[0,0],[1,0],[28,477]]
[[0,0],[1,0],[1,477]]
[[0,0],[1,0],[124,477]]
[[0,0],[1,0],[71,477]]
[[0,0],[1,0],[23,477]]
[[0,0],[1,0],[247,477]]
[[0,0],[1,0],[262,477]]
[[0,0],[3,0],[12,159]]
[[0,0],[1,0],[14,477]]
[[0,0],[1,0],[37,477]]
[[0,0],[1,0],[11,477]]
[[0,0],[3,0],[33,159]]
[[0,0],[1,0],[46,477]]
[[0,0],[1,0],[91,477]]
[[0,0],[1,0],[73,477]]
[[0,0],[1,0],[2,477]]
[[0,0],[1,0],[163,477]]
[[0,0],[1,0],[16,477]]
[[0,0],[1,0],[10,477]]
[[0,0],[1,0],[13,477]]
[[0,0],[3,0],[24,159]]
[[0,0],[1,0],[298,477]]
[[0,0],[3,0],[15,159]]
[[0,0],[1,0],[76,477]]
[[0,0],[3,0],[21,159]]
[[0,0],[1,0],[166,477]]
[[0,0],[1,0],[61,477]]
[[0,0],[1,0],[160,477]]
[[0,0],[1,0],[38,477]]
[[0,0],[1,0],[148,477]]
[[0,0],[1,0],[59,477]]
[[0,0],[1,0],[52,477]]
[[0,0],[1,0],[136,477]]
[[0,0],[3,0],[6,159]]
[[0,0],[1,0],[370,477]]
[[0,0],[1,0],[85,477]]
[[0,0],[1,0],[274,477]]
[[0,0],[1,0],[172,477]]
[[0,0],[1,0],[80,477]]
[[0,0],[1,0],[95,477]]
[[0,0],[1,0],[54,477]]
[[0,0],[1,0],[34,477]]
[[0,0],[1,0],[394,477]]
[[0,0],[1,0],[94,477]]
[[0,0],[1,0],[100,477]]
[[0,0],[1,0],[286,477]]
[[0,0],[1,0],[47,477]]
[[0,0],[1,0],[118,477]]
[[0,0],[1,0],[241,477]]
[[0,0],[1,0],[32,477]]
[[0,0],[1,0],[8,477]]
[[0,0],[1,0],[64,477]]
[[0,0],[1,0],[79,477]]
[[0,0],[1,0],[127,477]]
[[0,0],[1,0],[238,477]]
[[0,0],[1,0],[289,477]]
[[0,0],[1,0],[26,477]]
