[[0,0],[1,0],[29,483]]
[[0,0],[1,0],[76,483]]
[[0,0],[1,0],[298,483]]
[[0,0],[1,0],[239,483]]
[[0,0],[1,0],[118,483]]
[[0,0],[1,0],[169,483]]
[[0,0],[1,0],[80,483]]
[[0,0],[1,0],[104,483]]
[[0,0],[1,0],[26,483]]
[[0,0],[1,0],[433,483]]
[[0,0],[1,0],[352,483]]
[[0,0],[1,0],[15,483]]
[[0,0],[1,0],[19,483]]
[[0,0],[1,0],[55,483]]
[[0,0],[1,0],[24,483]]
[[0,0],[1,0],[176,483]]
[[0,0],[1,0],[229,483]]
[[0,0],[1,0],[74,483]]
[[0,0],[1,0],[41,483]]
[[0,0],[1,0],[20,483]]
[[0,0],[1,0],[461,483]]
[[0,0],[1,0],[79,483]]
[[0,0],[1,0],[78,483]]
[[0,0],[1,0],[304,483]]
[[0,0],[1,0],[82,483]]
[[0,0],[1,0],[93,483]]
[[0,0],[1,0],[323,483]]
[[0,0],[1,0],[456,483]]
[[0,0],[1,0],[181,483]]
[[0,0],[1,0],[139,483]]
[[0,0],[1,0],[281,483]]
[[0,0],[1,0],[265,483]]
[[0,0],[1,0],[4,483]]
[[0,0],[1,0],[130,483]]
[[0,0],[1,0],[190,483]]
[[0,0],[1,0],[53,483]]
[[0,0],[1,0],[22,483]]
[[0,0],[1,0],[62,483]]
[[0,0],[1,0],[97,483]]
[[0,0],[1,0],[17,483]]
[[0,0],[1,0],[109,483]]
[[0,0],[1,0],[351,483]]
[[0,0],[1,0],[260,483]]
[[0,0],[1,0],[106,483]]
[[0,0],[1,0],[40,483]]
[[0,0],[1,0],[372,483]]
[[0,0],[1,0],[300,483]]
[[0,0],[1,0],[68,483]]
[[0,0],[1,0],[392,483]]
[[0,0],[1,0],[67,483]]
[[0,0],[1,0],[231,483]]
[[0,0],[1,0],[268,483]]
[[0,0],[1,0],[70,483]]
[[0,0],[1,0],[2,483]]
[[0,0],[1,0],[199,483]]
[[0,0],[1,0],[73,483]]
[[0,0],[1,0],[142,483]]
[[0,0],[1,0],[25,483]]
[[0,0],[1,0],[36,483]]
[[0,0],[1,0],[160,483]]
[[0,0],[1,0],[191,483]]
[[0,0],[1,0],[5,483]]
[[0,0],[1,0],[37,483]]
[[0,0],[1,0],[128,483]]
[[0,0],[1,0],[163,483]]
[[0,0],[1,0],[141,483]]
[[0,0],[1,0],[331,483]]
[[0,0],[1,0],[88,483]]
[[0,0],[1,0],[31,483]]
[[0,0],[1,0],[11,483]]
[[0,0],[1,0],[193,483]]
[[0,0],[1,0],[162,483]]
[[0,0],[1,0],[116,483]]
[[0,0],[1,0],[438,483]]
[[0,0],[1,0],[325,483]]
[[0,0],[1,0],[57,483]]
[[0,0],[1,0],[94,483]]
[[0,0],[1,0],[32,483]]
[[0,0],[1,0],[148,483]]
[[0,0],[1,0],[225,483]]
[[0,0],[1,0],[13,483]]
[[0,0],[1,0],[439,483]]
[[0,0],[1,0],[435,483]]
[[0,0],[1,0],[10,483]]
[[0,0],[1,0],[373,483]]
[[0,0],[1,0],[101,483]]
[[0,0],[1,0],[120,483]]
[[0,0],[1,0],[330,483]]
[[0,0],[1,0],[124,483]]
[[0,0],[1,0],[274,483]]
[[0,0],[1,0],[241,483]]
[[0,0],[1,0],[277,483]]
[[0,0],[1,0],[267,483]]
[[0,0],[1,0],[477,483]]
[[0,0],[1,0],[127,483]]
[[0,0],[1,0],[197,483]]
[[0,0],[1,0],[295,483]]
[[0,0],[1,0],[166,483]]
[[0,0],[1,0],[99,483]]
[[0,0],[1,0],[113,483]]
[[0,0],[1,0],[246,483]]
[[0,0],[1,0],[172,483]]
[[0,0],[1,0],[38,483]]
[[0,0],[1,0],[43,483]]
[[0,0],[1,0],[71,483]]
[[0,0],[1,0],[309,483]]
[[0,0],[1,0],[394,483]]
[[0,0],[1,0],[85,483]]
[[0,0],[1,0],[47,483]]
[[0,0],[1,0],[61,483]]
[[0,0],[1,0],[1,483]]
[[0,0],[1,0],[8,483]]
[[0,0],[1,0],[134,483]]
[[0,0],[1,0],[100,483]]
[[0,0],[1,0],[34,483]]
[[0,0],[1,0],[328,483]]
[[0,0],[1,0],[103,483]]
[[0,0],[1,0],[16,483]]
[[0,0],[1,0],[344,483]]
[[0,0],[1,0],[289,483]]
[[0,0],[1,0],[393,483]]
[[0,0],[1,0],[220,483]]
[[0,0],[1,0],[262,483]]
[[0,0],[3,0],[49,161]]
[[0,0],[1,0],[208,483]]
[[0,0],[1,0],[52,483]]
[[0,0],[1,0],[369,483]]
[[0,0],[1,0],[288,483]]
[[0,0],[1,0],[183,483]]
[[0,0],[1,0],[204,483]]
[[0,0],[1,0],[64,483]]
[[0,0],[1,0],[283,483]]
