[[0,0],[1,0],[205,488]]
[[0,0],[1,0],[65,488]]
[[0,0],[1,0],[177,488]]
[[0,0],[1,0],[123,488]]
[[0,0],[1,0],[347,488]]
[[0,0],[1,0],[107,488]]
[[0,0],[1,0],[271,488]]
[[0,0],[1,0],[47,488]]
[[0,0],[1,0],[167,488]]
[[0,0],[1,0],[325,488]]
[[0,0],[1,0],[295,488]]
[[0,0],[1,0],[151,488]]
[[0,0],[1,0],[341,488]]
[[0,0],[2,0],[14,244]]
[[0,0],[1,0],[37,488]]
[[0,0],[1,0],[57,488]]
[[0,0],[1,0],[157,488]]
[[0,0],[2,0],[66,244]]
[[0,0],[1,0],[131,488]]
[[0,0],[2,0],[146,244]]
[[0,0],[1,0],[9,488]]
[[0,0],[1,0],[173,488]]
[[0,0],[1,0],[291,488]]
[[0,0],[1,0],[127,488]]
[[0,0],[1,0],[117,488]]
[[0,0],[1,0],[1,488]]
[[0,0],[2,0],[154,244]]
[[0,0],[2,0],[118,244]]
[[0,0],[1,0],[103,488]]
[[0,0],[1,0],[87,488]]
[[0,0],[2,0],[26,244]]
[[0,0],[1,0],[19,488]]
[[0,0],[1,0],[247,488]]
[[0,0],[1,0],[245,488]]
[[0,0],[1,0],[11,488]]
[[0,0],[2,0],[162,244]]
[[0,0],[1,0],[265,488]]
[[0,0],[1,0],[273,488]]
[[0,0],[1,0],[365,488]]
[[0,0],[2,0],[34,244]]
[[0,0],[1,0],[139,488]]
[[0,0],[1,0],[211,488]]
[[0,0],[2,0],[106,244]]
[[0,0],[1,0],[143,488]]
[[0,0],[1,0],[39,488]]
[[0,0],[2,0],[6,244]]
[[0,0],[1,0],[184,488]]
[[0,0],[2,0],[62,244]]
[[0,0],[1,0],[99,488]]
[[0,0],[1,0],[303,488]]
[[0,0],[1,0],[219,488]]
[[0,0],[1,0],[21,488]]
[[0,0],[1,0],[89,488]]
[[0,0],[1,0],[267,488]]
[[0,0],[1,0],[239,488]]
[[0,0],[1,0],[29,488]]
[[0,0],[1,0],[367,488]]
[[0,0],[1,0],[353,488]]
[[0,0],[1,0],[299,488]]
[[0,0],[1,0],[121,488]]
[[0,0],[1,0],[95,488]]
[[0,0],[1,0],[77,488]]
[[0,0],[1,0],[297,488]]
[[0,0],[2,0],[2,244]]
[[0,0],[1,0],[225,488]]
[[0,0],[1,0],[289,488]]
[[0,0],[1,0],[59,488]]
[[0,0],[2,0],[46,244]]
[[0,0],[1,0],[149,488]]
[[0,0],[2,0],[78,244]]
[[0,0],[1,0],[261,488]]
[[0,0],[2,0],[170,244]]
[[0,0],[1,0],[229,488]]
[[0,0],[1,0],[55,488]]
[[0,0],[1,0],[159,488]]
[[0,0],[1,0],[133,488]]
[[0,0],[2,0],[130,244]]
[[0,0],[1,0],[43,488]]
[[0,0],[1,0],[175,488]]
[[0,0],[2,0],[58,244]]
[[0,0],[1,0],[155,488]]
[[0,0],[2,0],[10,244]]
[[0,0],[1,0],[395,488]]
[[0,0],[1,0],[3,488]]
[[0,0],[1,0],[49,488]]
[[0,0],[1,0],[327,488]]
[[0,0],[1,0],[171,488]]
[[0,0],[2,0],[30,244]]
[[0,0],[1,0],[301,488]]
[[0,0],[1,0],[145,488]]
[[0,0],[1,0],[179,488]]
[[0,0],[1,0],[31,488]]
[[0,0],[1,0],[487,488]]
[[0,0],[1,0],[287,488]]
[[0,0],[1,0],[111,488]]
[[0,0],[1,0],[85,488]]
[[0,0],[1,0],[169,488]]
[[0,0],[1,0],[23,488]]
[[0,0],[1,0],[119,488]]
[[0,0],[1,0],[25,488]]
[[0,0],[1,0],[51,488]]
[[0,0],[1,0],[306,488]]
[[0,0],[1,0],[421,488]]
[[0,0],[1,0],[425,488]]
[[0,0],[1,0],[113,488]]
[[0,0],[1,0],[13,488]]
[[0,0],[1,0],[243,488]]
[[0,0],[1,0],[33,488]]
[[0,0],[1,0],[207,488]]
[[0,0],[1,0],[387,488]]
[[0,0],[1,0],[62,488]]
[[0,0],[1,0],[275,488]]
[[0,0],[1,0],[81,488]]
[[0,0],[2,0],[242,244]]
[[0,0],[1,0],[5,488]]
[[0,0],[1,0],[73,488]]
[[0,0],[1,0],[109,488]]
[[0,0],[1,0],[41,488]]
[[0,0],[1,0],[237,488]]
[[0,0],[1,0],[125,488]]
[[0,0],[2,0],[22,244]]
[[0,0],[1,0],[165,488]]
[[0,0],[2,0],[42,244]]
[[0,0],[1,0],[231,488]]
[[0,0],[2,0],[38,244]]
[[0,0],[1,0],[417,488]]
[[0,0],[1,0],[69,488]]
[[0,0],[1,0],[428,488]]
[[0,0],[1,0],[181,488]]
[[0,0],[1,0],[129,488]]
[[0,0],[1,0],[351,488]]
[[0,0],[1,0],[209,488]]
[[0,0],[1,0],[97,488]]
[[0,0],[1,0],[105,488]]
[[0,0],[1,0],[153,488]]
[[0,0],[2,0],[174,244]]
[[0,0],[1,0],[79,488]]
[[0,0],[1,0],[15,488]]
[[0,0],[1,0],[203,488]]
[[0,0],[2,0],[86,244]]
[[0,0],[1,0],[17,488]]
[[0,0],[2,0],[102,244]]
[[0,0],[2,0],[54,244]]
[[0,0],[2,0],[124,244]]
[[0,0],[1,0],[7,488]]
[[0,0],[1,0],[397,488]]
[[0,0],[2,0],[150,244]]
[[0,0],[1,0],[115,488]]
[[0,0],[1,0],[45,488]]
[[0,0],[1,0],[233,488]]
[[0,0],[1,0],[27,488]]
[[0,0],[1,0],[83,488]]
[[0,0],[2,0],[110,244]]
[[0,0],[2,0],[18,244]]
[[0,0],[1,0],[35,488]]
[[0,0],[1,0],[195,488]]
[[0,0],[1,0],[53,488]]
[[0,0],[1,0],[75,488]]
[[0,0],[1,0],[253,488]]
[[0,0],[2,0],[50,244]]
