[[0,0],[1,0],[3,493]]
[[0,0],[1,0],[239,493]]
[[0,0],[1,0],[175,493]]
[[0,0],[1,0],[64,493]]
[[0,0],[1,0],[111,493]]
[[0,0],[1,0],[52,493]]
[[0,0],[1,0],[66,493]]
[[0,0],[1,0],[19,493]]
[[0,0],[1,0],[291,493]]
[[0,0],[1,0],[80,493]]
[[0,0],[1,0],[110,493]]
[[0,0],[1,0],[15,493]]
[[0,0],[1,0],[24,493]]
[[0,0],[1,0],[182,493]]
[[0,0],[1,0],[44,493]]
[[0,0],[1,0],[79,493]]
[[0,0],[1,0],[147,493]]
[[0,0],[1,0],[55,493]]
[[0,0],[1,0],[81,493]]
[[0,0],[1,0],[12,493]]
[[0,0],[1,0],[35,493]]
[[0,0],[1,0],[18,493]]
[[0,0],[1,0],[22,493]]
[[0,0],[1,0],[20,493]]
[[0,0],[1,0],[50,493]]
[[0,0],[1,0],[49,493]]
[[0,0],[1,0],[33,493]]
[[0,0],[1,0],[62,493]]
[[0,0],[1,0],[106,493]]
[[0,0],[1,0],[154,493]]
[[0,0],[1,0],[67,493]]
[[0,0],[1,0],[4,493]]
[[0,0],[1,0],[320,493]]
[[0,0],[1,0],[133,493]]
[[0,0],[1,0],[53,493]]
[[0,0],[1,0],[28,493]]
[[0,0],[1,0],[273,493]]
[[0,0],[1,0],[132,493]]
[[0,0],[1,0],[84,493]]
[[0,0],[1,0],[72,493]]
[[0,0],[1,0],[2,493]]
[[0,0],[1,0],[25,493]]
[[0,0],[1,0],[88,493]]
[[0,0],[1,0],[194,493]]
[[0,0],[1,0],[358,493]]
[[0,0],[1,0],[131,493]]
[[0,0],[1,0],[31,493]]
[[0,0],[1,0],[6,493]]
[[0,0],[1,0],[36,493]]
[[0,0],[1,0],[5,493]]
[[0,0],[1,0],[37,493]]
[[0,0],[1,0],[11,493]]
[[0,0],[1,0],[46,493]]
[[0,0],[1,0],[69,493]]
[[0,0],[1,0],[45,493]]
[[0,0],[1,0],[407,493]]
[[0,0],[1,0],[65,493]]
[[0,0],[1,0],[96,493]]
[[0,0],[1,0],[10,493]]
[[0,0],[1,0],[120,493]]
[[0,0],[1,0],[13,493]]
[[0,0],[1,0],[188,493]]
[[0,0],[1,0],[32,493]]
[[0,0],[1,0],[105,493]]
[[0,0],[1,0],[99,493]]
[[0,0],[1,0],[7,493]]
[[0,0],[1,0],[23,493]]
[[0,0],[1,0],[171,493]]
[[0,0],[1,0],[205,493]]
[[0,0],[1,0],[9,493]]
[[0,0],[1,0],[101,493]]
[[0,0],[1,0],[43,493]]
[[0,0],[1,0],[21,493]]
[[0,0],[1,0],[146,493]]
[[0,0],[1,0],[107,493]]
[[0,0],[1,0],[134,493]]
[[0,0],[1,0],[1,493]]
[[0,0],[1,0],[63,493]]
[[0,0],[1,0],[8,493]]
[[0,0],[1,0],[30,493]]
[[0,0],[1,0],[61,493]]
[[0,0],[1,0],[71,493]]
[[0,0],[1,0],[59,493]]
[[0,0],[1,0],[14,493]]
[[0,0],[1,0],[95,493]]
[[0,0],[1,0],[60,493]]
[[0,0],[1,0],[54,493]]
[[0,0],[1,0],[16,493]]
[[0,0],[1,0],[86,493]]
[[0,0],[1,0],[103,493]]
[[0,0],[1,0],[100,493]]
[[0,0],[1,0],[204,493]]
