[[0,0],[1,0],[254,495]]
[[0,0],[3,0],[9,165]]
[[0,0],[1,0],[382,495]]
[[0,0],[3,0],[36,165]]
[[0,0],[1,0],[116,495]]
[[0,0],[1,0],[177,495]]
[[0,0],[3,0],[6,165]]
[[0,0],[1,0],[286,495]]
[[0,0],[1,0],[193,495]]
[[0,0],[1,0],[406,495]]
[[0,0],[1,0],[246,495]]
[[0,0],[1,0],[2,495]]
[[0,0],[1,0],[271,495]]
[[0,0],[1,0],[47,495]]
[[0,0],[1,0],[325,495]]
[[0,0],[3,0],[63,165]]
[[0,0],[1,0],[151,495]]
[[0,0],[1,0],[37,495]]
[[0,0],[1,0],[131,495]]
[[0,0],[1,0],[157,495]]
[[0,0],[1,0],[291,495]]
[[0,0],[3,0],[3,165]]
[[0,0],[1,0],[1,495]]
[[0,0],[1,0],[214,495]]
[[0,0],[1,0],[127,495]]
[[0,0],[1,0],[14,495]]
[[0,0],[1,0],[78,495]]
[[0,0],[3,0],[78,165]]
[[0,0],[1,0],[460,495]]
[[0,0],[1,0],[103,495]]
[[0,0],[1,0],[321,495]]
[[0,0],[1,0],[19,495]]
[[0,0],[1,0],[342,495]]
[[0,0],[1,0],[328,495]]
[[0,0],[1,0],[266,495]]
[[0,0],[1,0],[265,495]]
[[0,0],[1,0],[247,495]]
[[0,0],[1,0],[337,495]]
[[0,0],[1,0],[199,495]]
[[0,0],[1,0],[161,495]]
[[0,0],[1,0],[366,495]]
[[0,0],[1,0],[86,495]]
[[0,0],[1,0],[386,495]]
[[0,0],[1,0],[139,495]]
[[0,0],[1,0],[34,495]]
[[0,0],[1,0],[408,495]]
[[0,0],[1,0],[184,495]]
[[0,0],[1,0],[112,495]]
[[0,0],[1,0],[201,495]]
[[0,0],[1,0],[202,495]]
[[0,0],[1,0],[433,495]]
[[0,0],[3,0],[123,165]]
[[0,0],[1,0],[188,495]]
[[0,0],[1,0],[235,495]]
[[0,0],[1,0],[89,495]]
[[0,0],[1,0],[381,495]]
[[0,0],[1,0],[411,495]]
[[0,0],[1,0],[376,495]]
[[0,0],[3,0],[12,165]]
[[0,0],[1,0],[21,495]]
[[0,0],[1,0],[6,495]]
[[0,0],[1,0],[370,495]]
[[0,0],[1,0],[121,495]]
[[0,0],[1,0],[12,495]]
[[0,0],[1,0],[67,495]]
[[0,0],[1,0],[28,495]]
[[0,0],[1,0],[29,495]]
[[0,0],[1,0],[336,495]]
[[0,0],[3,0],[80,165]]
[[0,0],[1,0],[289,495]]
[[0,0],[1,0],[122,495]]
[[0,0],[1,0],[76,495]]
[[0,0],[1,0],[59,495]]
[[0,0],[1,0],[74,495]]
[[0,0],[1,0],[456,495]]
[[0,0],[1,0],[186,495]]
[[0,0],[1,0],[313,495]]
[[0,0],[1,0],[426,495]]
[[0,0],[3,0],[135,165]]
[[0,0],[3,0],[48,165]]
[[0,0],[1,0],[451,495]]
[[0,0],[1,0],[43,495]]
[[0,0],[1,0],[155,495]]
[[0,0],[1,0],[232,495]]
[[0,0],[1,0],[106,495]]
[[0,0],[1,0],[430,495]]
[[0,0],[1,0],[82,495]]
[[0,0],[1,0],[259,495]]
[[0,0],[1,0],[196,495]]
[[0,0],[1,0],[49,495]]
[[0,0],[1,0],[415,495]]
[[0,0],[3,0],[25,165]]
[[0,0],[1,0],[485,495]]
[[0,0],[1,0],[145,495]]
[[0,0],[1,0],[179,495]]
[[0,0],[1,0],[301,495]]
[[0,0],[3,0],[21,165]]
[[0,0],[3,0],[102,165]]
[[0,0],[1,0],[169,495]]
[[0,0],[5,0],[27,99]]
[[0,0],[1,0],[262,495]]
[[0,0],[1,0],[91,495]]
[[0,0],[1,0],[111,495]]
[[0,0],[1,0],[51,495]]
[[0,0],[1,0],[23,495]]
[[0,0],[1,0],[166,495]]
[[0,0],[1,0],[100,495]]
[[0,0],[1,0],[191,495]]
[[0,0],[1,0],[243,495]]
[[0,0],[1,0],[298,495]]
[[0,0],[1,0],[13,495]]
[[0,0],[1,0],[280,495]]
[[0,0],[1,0],[98,495]]
[[0,0],[1,0],[26,495]]
[[0,0],[1,0],[73,495]]
[[0,0],[1,0],[371,495]]
[[0,0],[1,0],[142,495]]
[[0,0],[1,0],[68,495]]
[[0,0],[1,0],[46,495]]
[[0,0],[1,0],[109,495]]
[[0,0],[1,0],[474,495]]
[[0,0],[1,0],[101,495]]
[[0,0],[1,0],[41,495]]
[[0,0],[1,0],[146,495]]
[[0,0],[1,0],[471,495]]
[[0,0],[3,0],[18,165]]
[[0,0],[1,0],[16,495]]
[[0,0],[1,0],[256,495]]
[[0,0],[1,0],[181,495]]
[[0,0],[1,0],[97,495]]
[[0,0],[1,0],[274,495]]
[[0,0],[1,0],[118,495]]
[[0,0],[1,0],[309,495]]
[[0,0],[1,0],[61,495]]
[[0,0],[1,0],[4,495]]
[[0,0],[1,0],[17,495]]
[[0,0],[1,0],[79,495]]
[[0,0],[1,0],[276,495]]
[[0,0],[1,0],[104,495]]
[[0,0],[1,0],[71,495]]
[[0,0],[1,0],[296,495]]
[[0,0],[1,0],[7,495]]
[[0,0],[1,0],[58,495]]
[[0,0],[1,0],[401,495]]
[[0,0],[1,0],[141,495]]
[[0,0],[1,0],[244,495]]
[[0,0],[1,0],[52,495]]
[[0,0],[1,0],[208,495]]
[[0,0],[1,0],[156,495]]
[[0,0],[1,0],[441,495]]
[[0,0],[1,0],[178,495]]
[[0,0],[1,0],[144,495]]
[[0,0],[1,0],[10,495]]
[[0,0],[1,0],[8,495]]
[[0,0],[1,0],[56,495]]
[[0,0],[1,0],[83,495]]
[[0,0],[3,0],[39,165]]
[[0,0],[1,0],[190,495]]
[[0,0],[1,0],[320,495]]
[[0,0],[1,0],[92,495]]
[[0,0],[1,0],[64,495]]
[[0,0],[1,0],[96,495]]
