[[0,0],[1,0],[344,497]]
[[0,0],[1,0],[15,497]]
[[0,0],[1,0],[19,497]]
[[0,0],[1,0],[183,497]]
[[0,0],[1,0],[288,497]]
[[0,0],[1,0],[48,497]]
[[0,0],[1,0],[66,497]]
[[0,0],[1,0],[64,497]]
[[0,0],[1,0],[176,497]]
[[0,0],[1,0],[29,497]]
[[0,0],[1,0],[18,497]]
[[0,0],[1,0],[44,497]]
[[0,0],[1,0],[79,497]]
[[0,0],[1,0],[78,497]]
[[0,0],[1,0],[20,497]]
[[0,0],[1,0],[58,497]]
[[0,0],[1,0],[50,497]]
[[0,0],[1,0],[143,497]]
[[0,0],[1,0],[3,497]]
[[0,0],[1,0],[82,497]]
[[0,0],[1,0],[179,497]]
[[0,0],[1,0],[26,497]]
[[0,0],[1,0],[12,497]]
[[0,0],[1,0],[155,497]]
[[0,0],[1,0],[180,497]]
[[0,0],[1,0],[27,497]]
[[0,0],[1,0],[24,497]]
[[0,0],[1,0],[102,497]]
[[0,0],[1,0],[41,497]]
[[0,0],[1,0],[106,497]]
[[0,0],[1,0],[33,497]]
[[0,0],[1,0],[323,497]]
[[0,0],[1,0],[40,497]]
[[0,0],[1,0],[400,497]]
[[0,0],[1,0],[81,497]]
[[0,0],[1,0],[39,497]]
[[0,0],[1,0],[4,497]]
[[0,0],[1,0],[190,497]]
[[0,0],[1,0],[22,497]]
[[0,0],[1,0],[92,497]]
[[0,0],[1,0],[53,497]]
[[0,0],[1,0],[72,497]]
[[0,0],[1,0],[17,497]]
[[0,0],[1,0],[137,497]]
[[0,0],[1,0],[25,497]]
[[0,0],[1,0],[260,497]]
[[0,0],[1,0],[427,497]]
[[0,0],[1,0],[5,497]]
[[0,0],[1,0],[68,497]]
[[0,0],[1,0],[37,497]]
[[0,0],[1,0],[67,497]]
[[0,0],[1,0],[141,497]]
[[0,0],[1,0],[2,497]]
[[0,0],[1,0],[11,497]]
[[0,0],[1,0],[358,497]]
[[0,0],[1,0],[46,497]]
[[0,0],[1,0],[73,497]]
[[0,0],[1,0],[6,497]]
[[0,0],[1,0],[45,497]]
[[0,0],[1,0],[57,497]]
[[0,0],[1,0],[10,497]]
[[0,0],[1,0],[148,497]]
[[0,0],[1,0],[36,497]]
[[0,0],[1,0],[13,497]]
[[0,0],[1,0],[163,497]]
[[0,0],[1,0],[65,497]]
[[0,0],[1,0],[330,497]]
[[0,0],[1,0],[101,497]]
[[0,0],[1,0],[195,497]]
[[0,0],[1,0],[356,497]]
[[0,0],[1,0],[267,497]]
[[0,0],[1,0],[162,497]]
[[0,0],[1,0],[197,497]]
[[0,0],[1,0],[38,497]]
[[0,0],[1,0],[43,497]]
[[0,0],[1,0],[107,497]]
[[0,0],[1,0],[23,497]]
[[0,0],[1,0],[337,497]]
[[0,0],[1,0],[47,497]]
[[0,0],[1,0],[9,497]]
[[0,0],[1,0],[134,497]]
[[0,0],[1,0],[1,497]]
[[0,0],[1,0],[127,497]]
[[0,0],[1,0],[8,497]]
[[0,0],[1,0],[103,497]]
[[0,0],[1,0],[99,497]]
[[0,0],[1,0],[16,497]]
[[0,0],[1,0],[253,497]]
[[0,0],[1,0],[414,497]]
[[0,0],[1,0],[30,497]]
[[0,0],[1,0],[184,497]]
[[0,0],[1,0],[85,497]]
[[0,0],[1,0],[59,497]]
[[0,0],[1,0],[34,497]]
[[0,0],[1,0],[111,497]]
[[0,0],[1,0],[100,497]]
[[0,0],[1,0],[80,497]]
[[0,0],[1,0],[110,497]]
