[[0,0],[1,0],[110,499]]
[[0,0],[1,0],[77,499]]
[[0,0],[1,0],[60,499]]
[[0,0],[1,0],[15,499]]
[[0,0],[1,0],[48,499]]
[[0,0],[1,0],[19,499]]
[[0,0],[1,0],[176,499]]
[[0,0],[1,0],[29,499]]
[[0,0],[1,0],[66,499]]
[[0,0],[1,0],[54,499]]
[[0,0],[1,0],[20,499]]
[[0,0],[1,0],[18,499]]
[[0,0],[1,0],[153,499]]
[[0,0],[1,0],[118,499]]
[[0,0],[1,0],[3,499]]
[[0,0],[1,0],[82,499]]
[[0,0],[1,0],[12,499]]
[[0,0],[1,0],[177,499]]
[[0,0],[1,0],[115,499]]
[[0,0],[1,0],[119,499]]
[[0,0],[1,0],[224,499]]
[[0,0],[1,0],[27,499]]
[[0,0],[1,0],[55,499]]
[[0,0],[1,0],[24,499]]
[[0,0],[1,0],[41,499]]
[[0,0],[1,0],[223,499]]
[[0,0],[1,0],[109,499]]
[[0,0],[1,0],[33,499]]
[[0,0],[1,0],[40,499]]
[[0,0],[1,0],[93,499]]
[[0,0],[1,0],[81,499]]
[[0,0],[1,0],[70,499]]
[[0,0],[1,0],[4,499]]
[[0,0],[1,0],[39,499]]
[[0,0],[1,0],[92,499]]
[[0,0],[1,0],[35,499]]
[[0,0],[1,0],[22,499]]
[[0,0],[1,0],[75,499]]
[[0,0],[1,0],[62,499]]
[[0,0],[1,0],[72,499]]
[[0,0],[1,0],[17,499]]
[[0,0],[1,0],[56,499]]
[[0,0],[1,0],[49,499]]
[[0,0],[1,0],[28,499]]
[[0,0],[1,0],[5,499]]
[[0,0],[1,0],[67,499]]
[[0,0],[1,0],[140,499]]
[[0,0],[1,0],[2,499]]
[[0,0],[1,0],[11,499]]
[[0,0],[1,0],[46,499]]
[[0,0],[1,0],[116,499]]
[[0,0],[1,0],[6,499]]
[[0,0],[1,0],[144,499]]
[[0,0],[1,0],[7,499]]
[[0,0],[1,0],[36,499]]
[[0,0],[1,0],[191,499]]
[[0,0],[1,0],[160,499]]
[[0,0],[1,0],[13,499]]
[[0,0],[1,0],[10,499]]
[[0,0],[1,0],[168,499]]
[[0,0],[1,0],[31,499]]
[[0,0],[1,0],[172,499]]
[[0,0],[1,0],[43,499]]
[[0,0],[1,0],[32,499]]
[[0,0],[1,0],[71,499]]
[[0,0],[1,0],[23,499]]
[[0,0],[1,0],[47,499]]
[[0,0],[1,0],[129,499]]
[[0,0],[1,0],[124,499]]
[[0,0],[1,0],[9,499]]
[[0,0],[1,0],[14,499]]
[[0,0],[1,0],[1,499]]
[[0,0],[1,0],[8,499]]
[[0,0],[1,0],[21,499]]
[[0,0],[1,0],[103,499]]
[[0,0],[1,0],[42,499]]
[[0,0],[1,0],[16,499]]
[[0,0],[1,0],[30,499]]
[[0,0],[1,0],[85,499]]
[[0,0],[1,0],[76,499]]
[[0,0],[1,0],[63,499]]
[[0,0],[1,0],[61,499]]
[[0,0],[1,0],[117,499]]
[[0,0],[1,0],[34,499]]
[[0,0],[1,0],[80,499]]
