[[0,0],[1,0],[93,500]]
[[0,0],[1,0],[53,500]]
[[0,0],[1,0],[96,500]]
[[0,0],[1,0],[36,500]]
[[0,0],[5,0],[95,100]]
[[0,0],[2,0],[92,250]]
[[0,0],[1,0],[57,500]]
[[0,0],[1,0],[37,500]]
[[0,0],[1,0],[436,500]]
[[0,0],[1,0],[123,500]]
[[0,0],[1,0],[286,500]]
[[0,0],[1,0],[216,500]]
[[0,0],[1,0],[396,500]]
[[0,0],[1,0],[251,500]]
[[0,0],[1,0],[47,500]]
[[0,0],[1,0],[346,500]]
[[0,0],[1,0],[253,500]]
[[0,0],[1,0],[147,500]]
[[0,0],[2,0],[14,250]]
[[0,0],[1,0],[63,500]]
[[0,0],[1,0],[406,500]]
[[0,0],[1,0],[103,500]]
[[0,0],[1,0],[151,500]]
[[0,0],[1,0],[173,500]]
[[0,0],[1,0],[356,500]]
[[0,0],[1,0],[1,500]]
[[0,0],[1,0],[246,500]]
[[0,0],[1,0],[11,500]]
[[0,0],[1,0],[446,500]]
[[0,0],[1,0],[9,500]]
[[0,0],[5,0],[30,100]]
[[0,0],[2,0],[66,250]]
[[0,0],[2,0],[222,250]]
[[0,0],[1,0],[19,500]]
[[0,0],[2,0],[26,250]]
[[0,0],[1,0],[199,500]]
[[0,0],[1,0],[307,500]]
[[0,0],[1,0],[366,500]]
[[0,0],[1,0],[117,500]]
[[0,0],[1,0],[131,500]]
[[0,0],[1,0],[266,500]]
[[0,0],[1,0],[139,500]]
[[0,0],[1,0],[183,500]]
[[0,0],[1,0],[291,500]]
[[0,0],[1,0],[157,500]]
[[0,0],[1,0],[161,500]]
[[0,0],[2,0],[32,250]]
[[0,0],[1,0],[249,500]]
[[0,0],[1,0],[39,500]]
[[0,0],[1,0],[211,500]]
[[0,0],[2,0],[6,250]]
[[0,0],[1,0],[226,500]]
[[0,0],[1,0],[89,500]]
[[0,0],[1,0],[386,500]]
[[0,0],[2,0],[34,250]]
[[0,0],[5,0],[5,100]]
[[0,0],[1,0],[273,500]]
[[0,0],[1,0],[121,500]]
[[0,0],[1,0],[86,500]]
[[0,0],[1,0],[303,500]]
[[0,0],[1,0],[336,500]]
[[0,0],[2,0],[62,250]]
[[0,0],[1,0],[201,500]]
[[0,0],[1,0],[6,500]]
[[0,0],[1,0],[423,500]]
[[0,0],[5,0],[55,100]]
[[0,0],[1,0],[219,500]]
[[0,0],[1,0],[476,500]]
[[0,0],[1,0],[357,500]]
[[0,0],[2,0],[56,250]]
[[0,0],[1,0],[21,500]]
[[0,0],[1,0],[313,500]]
[[0,0],[1,0],[323,500]]
[[0,0],[1,0],[99,500]]
[[0,0],[1,0],[241,500]]
[[0,0],[1,0],[76,500]]
[[0,0],[1,0],[261,500]]
[[0,0],[1,0],[136,500]]
[[0,0],[1,0],[229,500]]
[[0,0],[1,0],[426,500]]
[[0,0],[1,0],[376,500]]
[[0,0],[2,0],[142,250]]
[[0,0],[1,0],[499,500]]
[[0,0],[1,0],[456,500]]
[[0,0],[1,0],[43,500]]
[[0,0],[2,0],[2,250]]
[[0,0],[1,0],[413,500]]
[[0,0],[1,0],[67,500]]
[[0,0],[1,0],[59,500]]
[[0,0],[1,0],[163,500]]
[[0,0],[1,0],[133,500]]
[[0,0],[1,0],[29,500]]
[[0,0],[1,0],[496,500]]
[[0,0],[1,0],[373,500]]
[[0,0],[1,0],[149,500]]
[[0,0],[1,0],[171,500]]
[[0,0],[1,0],[333,500]]
[[0,0],[1,0],[126,500]]
[[0,0],[1,0],[106,500]]
[[0,0],[2,0],[58,250]]
[[0,0],[1,0],[186,500]]
[[0,0],[1,0],[236,500]]
[[0,0],[1,0],[179,500]]
[[0,0],[1,0],[416,500]]
[[0,0],[2,0],[16,250]]
[[0,0],[1,0],[196,500]]
[[0,0],[1,0],[306,500]]
[[0,0],[1,0],[421,500]]
[[0,0],[1,0],[159,500]]
[[0,0],[1,0],[111,500]]
[[0,0],[2,0],[72,250]]
[[0,0],[1,0],[223,500]]
[[0,0],[1,0],[51,500]]
[[0,0],[1,0],[409,500]]
[[0,0],[1,0],[3,500]]
[[0,0],[1,0],[279,500]]
[[0,0],[1,0],[166,500]]
[[0,0],[1,0],[49,500]]
[[0,0],[1,0],[169,500]]
[[0,0],[1,0],[33,500]]
[[0,0],[1,0],[23,500]]
[[0,0],[1,0],[119,500]]
[[0,0],[1,0],[13,500]]
[[0,0],[1,0],[189,500]]
[[0,0],[2,0],[12,250]]
[[0,0],[1,0],[46,500]]
[[0,0],[1,0],[207,500]]
[[0,0],[1,0],[31,500]]
[[0,0],[1,0],[486,500]]
[[0,0],[1,0],[146,500]]
[[0,0],[1,0],[101,500]]
[[0,0],[2,0],[24,250]]
[[0,0],[1,0],[363,500]]
[[0,0],[1,0],[191,500]]
[[0,0],[1,0],[113,500]]
[[0,0],[1,0],[109,500]]
[[0,0],[1,0],[16,500]]
[[0,0],[1,0],[73,500]]
[[0,0],[2,0],[22,250]]
[[0,0],[2,0],[4,250]]
[[0,0],[1,0],[81,500]]
[[0,0],[1,0],[26,500]]
[[0,0],[10,0],[20,50]]
[[0,0],[1,0],[41,500]]
[[0,0],[1,0],[153,500]]
[[0,0],[2,0],[52,250]]
[[0,0],[5,0],[15,100]]
[[0,0],[1,0],[257,500]]
[[0,0],[1,0],[129,500]]
[[0,0],[1,0],[97,500]]
[[0,0],[1,0],[203,500]]
[[0,0],[2,0],[48,250]]
[[0,0],[1,0],[256,500]]
[[0,0],[1,0],[326,500]]
[[0,0],[5,0],[45,100]]
[[0,0],[2,0],[112,250]]
[[0,0],[1,0],[181,500]]
[[0,0],[1,0],[276,500]]
[[0,0],[1,0],[71,500]]
[[0,0],[2,0],[8,250]]
[[0,0],[1,0],[7,500]]
[[0,0],[2,0],[102,250]]
[[0,0],[5,0],[80,100]]
[[0,0],[1,0],[466,500]]
[[0,0],[1,0],[296,500]]
[[0,0],[1,0],[439,500]]
[[0,0],[5,0],[65,100]]
[[0,0],[1,0],[283,500]]
[[0,0],[1,0],[141,500]]
[[0,0],[1,0],[269,500]]
[[0,0],[1,0],[431,500]]
[[0,0],[1,0],[83,500]]
[[0,0],[1,0],[17,500]]
[[0,0],[1,0],[233,500]]
[[0,0],[1,0],[213,500]]
[[0,0],[1,0],[27,500]]
[[0,0],[1,0],[316,500]]
[[0,0],[2,0],[82,250]]
[[0,0],[1,0],[176,500]]
[[0,0],[1,0],[156,500]]
[[0,0],[10,0],[10,50]]
[[0,0],[1,0],[116,500]]
[[0,0],[1,0],[66,500]]
[[0,0],[1,0],[263,500]]
[[0,0],[1,0],[206,500]]
[[0,0],[1,0],[56,500]]
[[0,0],[1,0],[107,500]]
[[0,0],[2,0],[18,250]]
