[[0,0],[1,0],[100,501]]
[[0,0],[1,0],[19,501]]
[[0,0],[1,0],[283,501]]
[[0,0],[1,0],[220,501]]
[[0,0],[1,0],[64,501]]
[[0,0],[1,0],[86,501]]
[[0,0],[1,0],[118,501]]
[[0,0],[1,0],[74,501]]
[[0,0],[1,0],[29,501]]
[[0,0],[1,0],[229,501]]
[[0,0],[1,0],[157,501]]
[[0,0],[1,0],[169,501]]
[[0,0],[1,0],[313,501]]
[[0,0],[1,0],[44,501]]
[[0,0],[1,0],[79,501]]
[[0,0],[1,0],[20,501]]
[[0,0],[1,0],[58,501]]
[[0,0],[1,0],[155,501]]
[[0,0],[1,0],[139,501]]
[[0,0],[1,0],[361,501]]
[[0,0],[1,0],[364,501]]
[[0,0],[1,0],[442,501]]
[[0,0],[1,0],[367,501]]
[[0,0],[1,0],[55,501]]
[[0,0],[1,0],[41,501]]
[[0,0],[1,0],[133,501]]
[[0,0],[1,0],[349,501]]
[[0,0],[1,0],[223,501]]
[[0,0],[1,0],[40,501]]
[[0,0],[1,0],[109,501]]
[[0,0],[1,0],[145,501]]
[[0,0],[1,0],[316,501]]
[[0,0],[1,0],[70,501]]
[[0,0],[1,0],[196,501]]
[[0,0],[1,0],[142,501]]
[[0,0],[1,0],[190,501]]
[[0,0],[1,0],[35,501]]
[[0,0],[1,0],[181,501]]
[[0,0],[1,0],[22,501]]
[[0,0],[1,0],[256,501]]
[[0,0],[1,0],[199,501]]
[[0,0],[1,0],[62,501]]
[[0,0],[1,0],[130,501]]
[[0,0],[1,0],[202,501]]
[[0,0],[1,0],[4,501]]
[[0,0],[1,0],[235,501]]
[[0,0],[1,0],[17,501]]
[[0,0],[1,0],[53,501]]
[[0,0],[1,0],[25,501]]
[[0,0],[1,0],[56,501]]
[[0,0],[1,0],[49,501]]
[[0,0],[1,0],[335,501]]
[[0,0],[1,0],[154,501]]
[[0,0],[1,0],[67,501]]
[[0,0],[1,0],[200,501]]
[[0,0],[1,0],[331,501]]
[[0,0],[1,0],[247,501]]
[[0,0],[1,0],[397,501]]
[[0,0],[1,0],[28,501]]
[[0,0],[1,0],[5,501]]
[[0,0],[1,0],[68,501]]
[[0,0],[1,0],[37,501]]
[[0,0],[1,0],[11,501]]
[[0,0],[1,0],[46,501]]
[[0,0],[1,0],[91,501]]
[[0,0],[1,0],[73,501]]
[[0,0],[1,0],[2,501]]
[[0,0],[1,0],[193,501]]
[[0,0],[1,0],[164,501]]
[[0,0],[1,0],[454,501]]
[[0,0],[1,0],[160,501]]
[[0,0],[1,0],[7,501]]
[[0,0],[1,0],[163,501]]
[[0,0],[1,0],[65,501]]
[[0,0],[1,0],[148,501]]
[[0,0],[1,0],[10,501]]
[[0,0],[1,0],[168,501]]
[[0,0],[1,0],[13,501]]
[[0,0],[1,0],[88,501]]
[[0,0],[1,0],[382,501]]
[[0,0],[1,0],[131,501]]
[[0,0],[1,0],[166,501]]
[[0,0],[1,0],[31,501]]
[[0,0],[1,0],[38,501]]
[[0,0],[1,0],[43,501]]
[[0,0],[1,0],[295,501]]
[[0,0],[1,0],[32,501]]
[[0,0],[1,0],[71,501]]
[[0,0],[1,0],[23,501]]
[[0,0],[1,0],[14,501]]
[[0,0],[1,0],[1,501]]
[[0,0],[1,0],[8,501]]
[[0,0],[1,0],[124,501]]
[[0,0],[1,0],[16,501]]
[[0,0],[1,0],[127,501]]
[[0,0],[1,0],[103,501]]
[[0,0],[1,0],[122,501]]
[[0,0],[1,0],[289,501]]
[[0,0],[1,0],[322,501]]
[[0,0],[1,0],[253,501]]
[[0,0],[1,0],[208,501]]
[[0,0],[1,0],[121,501]]
[[0,0],[1,0],[391,501]]
[[0,0],[1,0],[184,501]]
[[0,0],[1,0],[52,501]]
[[0,0],[1,0],[85,501]]
[[0,0],[1,0],[298,501]]
[[0,0],[1,0],[76,501]]
[[0,0],[1,0],[175,501]]
[[0,0],[1,0],[232,501]]
[[0,0],[1,0],[250,501]]
[[0,0],[1,0],[61,501]]
[[0,0],[1,0],[80,501]]
[[0,0],[1,0],[34,501]]
