[[0,0],[1,0],[19,505]]
[[0,0],[1,0],[34,505]]
[[0,0],[1,0],[54,505]]
[[0,0],[1,0],[74,505]]
[[0,0],[1,0],[86,505]]
[[0,0],[1,0],[157,505]]
[[0,0],[1,0],[44,505]]
[[0,0],[1,0],[79,505]]
[[0,0],[1,0],[58,505]]
[[0,0],[1,0],[183,505]]
[[0,0],[1,0],[3,505]]
[[0,0],[1,0],[66,505]]
[[0,0],[1,0],[26,505]]
[[0,0],[1,0],[12,505]]
[[0,0],[1,0],[147,505]]
[[0,0],[1,0],[151,505]]
[[0,0],[1,0],[18,505]]
[[0,0],[1,0],[78,505]]
[[0,0],[1,0],[201,505]]
[[0,0],[1,0],[82,505]]
[[0,0],[1,0],[291,505]]
[[0,0],[1,0],[51,505]]
[[0,0],[1,0],[304,505]]
[[0,0],[1,0],[182,505]]
[[0,0],[1,0],[102,505]]
[[0,0],[1,0],[401,505]]
[[0,0],[1,0],[97,505]]
[[0,0],[1,0],[27,505]]
[[0,0],[1,0],[281,505]]
[[0,0],[1,0],[109,505]]
[[0,0],[1,0],[33,505]]
[[0,0],[1,0],[366,505]]
[[0,0],[1,0],[81,505]]
[[0,0],[1,0],[41,505]]
[[0,0],[1,0],[346,505]]
[[0,0],[1,0],[22,505]]
[[0,0],[1,0],[196,505]]
[[0,0],[1,0],[92,505]]
[[0,0],[1,0],[231,505]]
[[0,0],[1,0],[181,505]]
[[0,0],[1,0],[326,505]]
[[0,0],[1,0],[17,505]]
[[0,0],[1,0],[199,505]]
[[0,0],[1,0],[39,505]]
[[0,0],[1,0],[56,505]]
[[0,0],[1,0],[49,505]]
[[0,0],[1,0],[4,505]]
[[0,0],[1,0],[256,505]]
[[0,0],[1,0],[53,505]]
[[0,0],[1,0],[67,505]]
[[0,0],[1,0],[236,505]]
[[0,0],[1,0],[141,505]]
[[0,0],[1,0],[158,505]]
[[0,0],[1,0],[6,505]]
[[0,0],[1,0],[331,505]]
[[0,0],[1,0],[2,505]]
[[0,0],[1,0],[11,505]]
[[0,0],[1,0],[91,505]]
[[0,0],[1,0],[13,505]]
[[0,0],[1,0],[116,505]]
[[0,0],[1,0],[186,505]]
[[0,0],[1,0],[87,505]]
[[0,0],[1,0],[88,505]]
[[0,0],[1,0],[31,505]]
[[0,0],[1,0],[7,505]]
[[0,0],[1,0],[131,505]]
[[0,0],[1,0],[261,505]]
[[0,0],[1,0],[36,505]]
[[0,0],[1,0],[166,505]]
[[0,0],[1,0],[251,505]]
[[0,0],[1,0],[161,505]]
[[0,0],[1,0],[89,505]]
[[0,0],[1,0],[38,505]]
[[0,0],[1,0],[171,505]]
[[0,0],[1,0],[405,505]]
[[0,0],[1,0],[128,505]]
[[0,0],[1,0],[311,505]]
[[0,0],[1,0],[146,505]]
[[0,0],[1,0],[96,505]]
[[0,0],[1,0],[129,505]]
[[0,0],[1,0],[156,505]]
[[0,0],[1,0],[126,505]]
[[0,0],[1,0],[371,505]]
[[0,0],[1,0],[71,505]]
[[0,0],[1,0],[32,505]]
[[0,0],[1,0],[241,505]]
[[0,0],[1,0],[1,505]]
[[0,0],[1,0],[8,505]]
[[0,0],[1,0],[246,505]]
[[0,0],[1,0],[113,505]]
[[0,0],[1,0],[14,505]]
[[0,0],[1,0],[9,505]]
[[0,0],[1,0],[138,505]]
[[0,0],[1,0],[108,505]]
[[0,0],[1,0],[103,505]]
[[0,0],[1,0],[21,505]]
[[0,0],[1,0],[16,505]]
[[0,0],[1,0],[76,505]]
[[0,0],[1,0],[296,505]]
[[0,0],[1,0],[61,505]]
[[0,0],[1,0],[52,505]]
[[0,0],[1,0],[321,505]]
[[0,0],[1,0],[59,505]]
[[0,0],[1,0],[77,505]]
