[[0,0],[1,0],[193,508]]
[[0,0],[2,0],[50,254]]
[[0,0],[2,0],[92,254]]
[[0,0],[1,0],[53,508]]
[[0,0],[1,0],[47,508]]
[[0,0],[1,0],[167,508]]
[[0,0],[1,0],[382,508]]
[[0,0],[1,0],[253,508]]
[[0,0],[1,0],[147,508]]
[[0,0],[1,0],[217,508]]
[[0,0],[1,0],[57,508]]
[[0,0],[1,0],[37,508]]
[[0,0],[1,0],[177,508]]
[[0,0],[1,0],[63,508]]
[[0,0],[1,0],[251,508]]
[[0,0],[1,0],[427,508]]
[[0,0],[1,0],[173,508]]
[[0,0],[2,0],[14,254]]
[[0,0],[1,0],[1,508]]
[[0,0],[1,0],[281,508]]
[[0,0],[1,0],[385,508]]
[[0,0],[1,0],[103,508]]
[[0,0],[1,0],[151,508]]
[[0,0],[1,0],[321,508]]
[[0,0],[1,0],[19,508]]
[[0,0],[2,0],[26,254]]
[[0,0],[1,0],[11,508]]
[[0,0],[1,0],[131,508]]
[[0,0],[1,0],[9,508]]
[[0,0],[1,0],[157,508]]
[[0,0],[1,0],[199,508]]
[[0,0],[1,0],[161,508]]
[[0,0],[1,0],[117,508]]
[[0,0],[1,0],[139,508]]
[[0,0],[1,0],[277,508]]
[[0,0],[1,0],[183,508]]
[[0,0],[1,0],[211,508]]
[[0,0],[1,0],[365,508]]
[[0,0],[1,0],[87,508]]
[[0,0],[1,0],[249,508]]
[[0,0],[1,0],[39,508]]
[[0,0],[1,0],[247,508]]
[[0,0],[2,0],[6,254]]
[[0,0],[1,0],[265,508]]
[[0,0],[1,0],[273,508]]
[[0,0],[2,0],[20,254]]
[[0,0],[2,0],[40,254]]
[[0,0],[1,0],[89,508]]
[[0,0],[1,0],[303,508]]
[[0,0],[1,0],[353,508]]
[[0,0],[1,0],[239,508]]
[[0,0],[2,0],[62,254]]
[[0,0],[2,0],[68,254]]
[[0,0],[1,0],[201,508]]
[[0,0],[1,0],[323,508]]
[[0,0],[1,0],[99,508]]
[[0,0],[1,0],[225,508]]
[[0,0],[1,0],[241,508]]
[[0,0],[1,0],[219,508]]
[[0,0],[2,0],[56,254]]
[[0,0],[1,0],[21,508]]
[[0,0],[1,0],[313,508]]
[[0,0],[1,0],[67,508]]
[[0,0],[1,0],[163,508]]
[[0,0],[2,0],[2,254]]
[[0,0],[1,0],[311,508]]
[[0,0],[1,0],[29,508]]
[[0,0],[1,0],[95,508]]
[[0,0],[1,0],[43,508]]
[[0,0],[1,0],[59,508]]
[[0,0],[1,0],[395,508]]
[[0,0],[1,0],[133,508]]
[[0,0],[1,0],[175,508]]
[[0,0],[2,0],[58,254]]
[[0,0],[1,0],[149,508]]
[[0,0],[1,0],[171,508]]
[[0,0],[2,0],[10,254]]
[[0,0],[1,0],[179,508]]
[[0,0],[1,0],[301,508]]
[[0,0],[1,0],[55,508]]
[[0,0],[1,0],[25,508]]
[[0,0],[2,0],[16,254]]
[[0,0],[1,0],[111,508]]
[[0,0],[1,0],[223,508]]
[[0,0],[1,0],[51,508]]
[[0,0],[1,0],[447,508]]
[[0,0],[1,0],[3,508]]
[[0,0],[1,0],[49,508]]
[[0,0],[1,0],[389,508]]
[[0,0],[1,0],[33,508]]
[[0,0],[1,0],[145,508]]
[[0,0],[1,0],[275,508]]
[[0,0],[1,0],[189,508]]
[[0,0],[1,0],[13,508]]
[[0,0],[1,0],[279,508]]
[[0,0],[2,0],[12,254]]
[[0,0],[1,0],[371,508]]
[[0,0],[1,0],[169,508]]
[[0,0],[1,0],[31,508]]
[[0,0],[1,0],[287,508]]
[[0,0],[1,0],[85,508]]
[[0,0],[1,0],[23,508]]
[[0,0],[1,0],[5,508]]
[[0,0],[1,0],[191,508]]
[[0,0],[1,0],[109,508]]
[[0,0],[2,0],[24,254]]
[[0,0],[1,0],[101,508]]
[[0,0],[1,0],[387,508]]
[[0,0],[2,0],[4,254]]
[[0,0],[1,0],[237,508]]
[[0,0],[2,0],[22,254]]
[[0,0],[1,0],[73,508]]
[[0,0],[1,0],[417,508]]
[[0,0],[1,0],[129,508]]
[[0,0],[2,0],[52,254]]
[[0,0],[1,0],[69,508]]
[[0,0],[1,0],[97,508]]
[[0,0],[1,0],[41,508]]
[[0,0],[1,0],[153,508]]
[[0,0],[1,0],[125,508]]
[[0,0],[1,0],[203,508]]
[[0,0],[1,0],[79,508]]
[[0,0],[1,0],[15,508]]
[[0,0],[1,0],[507,508]]
[[0,0],[1,0],[181,508]]
[[0,0],[2,0],[8,254]]
[[0,0],[1,0],[71,508]]
[[0,0],[1,0],[128,508]]
[[0,0],[1,0],[209,508]]
[[0,0],[2,0],[54,254]]
[[0,0],[1,0],[7,508]]
[[0,0],[1,0],[105,508]]
[[0,0],[1,0],[135,508]]
[[0,0],[1,0],[115,508]]
[[0,0],[1,0],[141,508]]
[[0,0],[1,0],[45,508]]
[[0,0],[1,0],[431,508]]
[[0,0],[1,0],[83,508]]
[[0,0],[1,0],[17,508]]
[[0,0],[2,0],[60,254]]
[[0,0],[1,0],[213,508]]
[[0,0],[1,0],[215,508]]
[[0,0],[1,0],[401,508]]
[[0,0],[1,0],[75,508]]
[[0,0],[1,0],[255,508]]
[[0,0],[1,0],[27,508]]
[[0,0],[1,0],[343,508]]
[[0,0],[1,0],[349,508]]
[[0,0],[2,0],[18,254]]
[[0,0],[1,0],[65,508]]
[[0,0],[1,0],[263,508]]
[[0,0],[1,0],[93,508]]
[[0,0],[1,0],[35,508]]
