[[0,0],[1,0],[19,511]]
[[0,0],[1,0],[80,511]]
[[0,0],[1,0],[220,511]]
[[0,0],[1,0],[95,511]]
[[0,0],[1,0],[15,511]]
[[0,0],[1,0],[54,511]]
[[0,0],[1,0],[393,511]]
[[0,0],[1,0],[117,511]]
[[0,0],[1,0],[29,511]]
[[0,0],[1,0],[288,511]]
[[0,0],[1,0],[74,511]]
[[0,0],[1,0],[48,511]]
[[0,0],[1,0],[44,511]]
[[0,0],[1,0],[3,511]]
[[0,0],[1,0],[176,511]]
[[0,0],[1,0],[79,511]]
[[0,0],[1,0],[58,511]]
[[0,0],[1,0],[147,511]]
[[0,0],[1,0],[12,511]]
[[0,0],[1,0],[66,511]]
[[0,0],[1,0],[153,511]]
[[0,0],[1,0],[26,511]]
[[0,0],[1,0],[78,511]]
[[0,0],[1,0],[24,511]]
[[0,0],[1,0],[20,511]]
[[0,0],[1,0],[18,511]]
[[0,0],[1,0],[218,511]]
[[0,0],[1,0],[50,511]]
[[0,0],[1,0],[97,511]]
[[0,0],[1,0],[155,511]]
[[0,0],[1,0],[187,511]]
[[0,0],[1,0],[82,511]]
[[0,0],[1,0],[281,511]]
[[0,0],[1,0],[27,511]]
[[0,0],[1,0],[40,511]]
[[0,0],[1,0],[316,511]]
[[0,0],[1,0],[81,511]]
[[0,0],[1,0],[41,511]]
[[0,0],[1,0],[106,511]]
[[0,0],[1,0],[55,511]]
[[0,0],[1,0],[125,511]]
[[0,0],[1,0],[22,511]]
[[0,0],[1,0],[372,511]]
[[0,0],[1,0],[17,511]]
[[0,0],[1,0],[174,511]]
[[0,0],[1,0],[4,511]]
[[0,0],[1,0],[75,511]]
[[0,0],[1,0],[62,511]]
[[0,0],[1,0],[39,511]]
[[0,0],[1,0],[53,511]]
[[0,0],[1,0],[25,511]]
[[0,0],[1,0],[6,511]]
[[0,0],[1,0],[5,511]]
[[0,0],[1,0],[37,511]]
[[0,0],[1,0],[69,511]]
[[0,0],[1,0],[45,511]]
[[0,0],[1,0],[11,511]]
[[0,0],[1,0],[46,511]]
[[0,0],[1,0],[2,511]]
[[0,0],[1,0],[293,511]]
[[0,0],[1,0],[13,511]]
[[0,0],[1,0],[57,511]]
[[0,0],[1,0],[10,511]]
[[0,0],[1,0],[330,511]]
[[0,0],[1,0],[89,511]]
[[0,0],[1,0],[148,511]]
[[0,0],[1,0],[36,511]]
[[0,0],[1,0],[38,511]]
[[0,0],[1,0],[173,511]]
[[0,0],[1,0],[267,511]]
[[0,0],[1,0],[172,511]]
[[0,0],[1,0],[274,511]]
[[0,0],[1,0],[96,511]]
[[0,0],[1,0],[120,511]]
[[0,0],[1,0],[197,511]]
[[0,0],[1,0],[295,511]]
[[0,0],[1,0],[43,511]]
[[0,0],[1,0],[47,511]]
[[0,0],[1,0],[1,511]]
[[0,0],[1,0],[162,511]]
[[0,0],[1,0],[107,511]]
[[0,0],[1,0],[8,511]]
[[0,0],[1,0],[134,511]]
[[0,0],[1,0],[246,511]]
[[0,0],[1,0],[113,511]]
[[0,0],[1,0],[99,511]]
[[0,0],[1,0],[23,511]]
[[0,0],[1,0],[127,511]]
[[0,0],[1,0],[9,511]]
[[0,0],[1,0],[16,511]]
[[0,0],[1,0],[108,511]]
[[0,0],[1,0],[138,511]]
[[0,0],[1,0],[204,511]]
[[0,0],[1,0],[90,511]]
[[0,0],[1,0],[76,511]]
[[0,0],[1,0],[232,511]]
[[0,0],[1,0],[61,511]]
[[0,0],[1,0],[104,511]]
[[0,0],[1,0],[239,511]]
[[0,0],[1,0],[344,511]]
[[0,0],[1,0],[111,511]]
[[0,0],[1,0],[85,511]]
