[[0,0],[1,0],[35,514]]
[[0,0],[1,0],[179,514]]
[[0,0],[1,0],[55,514]]
[[0,0],[1,0],[15,514]]
[[0,0],[1,0],[17,514]]
[[0,0],[1,0],[57,514]]
[[0,0],[1,0],[1,514]]
[[0,0],[1,0],[157,514]]
[[0,0],[1,0],[319,514]]
[[0,0],[1,0],[371,514]]
[[0,0],[1,0],[249,514]]
[[0,0],[1,0],[207,514]]
[[0,0],[1,0],[351,514]]
[[0,0],[1,0],[93,514]]
[[0,0],[1,0],[379,514]]
[[0,0],[1,0],[177,514]]
[[0,0],[1,0],[417,514]]
[[0,0],[1,0],[21,514]]
[[0,0],[1,0],[387,514]]
[[0,0],[1,0],[115,514]]
[[0,0],[1,0],[95,514]]
[[0,0],[1,0],[159,514]]
[[0,0],[1,0],[223,514]]
[[0,0],[1,0],[465,514]]
[[0,0],[1,0],[113,514]]
[[0,0],[1,0],[89,514]]
[[0,0],[1,0],[33,514]]
[[0,0],[1,0],[345,514]]
[[0,0],[1,0],[71,514]]
[[0,0],[1,0],[125,514]]
[[0,0],[1,0],[123,514]]
[[0,0],[1,0],[161,514]]
[[0,0],[1,0],[411,514]]
[[0,0],[1,0],[39,514]]
[[0,0],[1,0],[453,514]]
[[0,0],[1,0],[109,514]]
[[0,0],[1,0],[333,514]]
[[0,0],[1,0],[315,514]]
[[0,0],[1,0],[293,514]]
[[0,0],[1,0],[203,514]]
[[0,0],[1,0],[31,514]]
[[0,0],[1,0],[63,514]]
[[0,0],[1,0],[251,514]]
[[0,0],[1,0],[193,514]]
[[0,0],[1,0],[197,514]]
[[0,0],[1,0],[258,514]]
[[0,0],[1,0],[255,514]]
[[0,0],[1,0],[77,514]]
[[0,0],[1,0],[9,514]]
[[0,0],[1,0],[323,514]]
[[0,0],[1,0],[513,514]]
[[0,0],[1,0],[117,514]]
[[0,0],[1,0],[85,514]]
[[0,0],[1,0],[25,514]]
[[0,0],[1,0],[133,514]]
[[0,0],[1,0],[11,514]]
[[0,0],[1,0],[29,514]]
[[0,0],[1,0],[105,514]]
[[0,0],[1,0],[3,514]]
[[0,0],[1,0],[211,514]]
[[0,0],[1,0],[231,514]]
[[0,0],[1,0],[171,514]]
[[0,0],[1,0],[65,514]]
[[0,0],[1,0],[111,514]]
[[0,0],[1,0],[339,514]]
[[0,0],[1,0],[69,514]]
[[0,0],[1,0],[47,514]]
[[0,0],[1,0],[83,514]]
[[0,0],[1,0],[213,514]]
[[0,0],[1,0],[217,514]]
[[0,0],[1,0],[155,514]]
[[0,0],[1,0],[19,514]]
[[0,0],[1,0],[167,514]]
[[0,0],[1,0],[275,514]]
[[0,0],[1,0],[215,514]]
[[0,0],[1,0],[101,514]]
[[0,0],[1,0],[141,514]]
[[0,0],[1,0],[79,514]]
[[0,0],[1,0],[51,514]]
[[0,0],[1,0],[269,514]]
[[0,0],[1,0],[7,514]]
[[0,0],[1,0],[137,514]]
[[0,0],[1,0],[349,514]]
[[0,0],[1,0],[183,514]]
[[0,0],[1,0],[219,514]]
[[0,0],[1,0],[99,514]]
[[0,0],[1,0],[369,514]]
[[0,0],[1,0],[277,514]]
[[0,0],[1,0],[253,514]]
[[0,0],[1,0],[305,514]]
[[0,0],[1,0],[279,514]]
[[0,0],[1,0],[73,514]]
[[0,0],[1,0],[233,514]]
[[0,0],[1,0],[185,514]]
[[0,0],[1,0],[5,514]]
[[0,0],[1,0],[91,514]]
[[0,0],[1,0],[119,514]]
[[0,0],[1,0],[153,514]]
[[0,0],[1,0],[287,514]]
[[0,0],[1,0],[43,514]]
[[0,0],[1,0],[225,514]]
[[0,0],[1,0],[13,514]]
[[0,0],[1,0],[393,514]]
[[0,0],[1,0],[131,514]]
[[0,0],[1,0],[241,514]]
[[0,0],[1,0],[27,514]]
[[0,0],[1,0],[151,514]]
[[0,0],[1,0],[45,514]]
[[0,0],[1,0],[267,514]]
[[0,0],[1,0],[139,514]]
[[0,0],[1,0],[365,514]]
[[0,0],[1,0],[189,514]]
[[0,0],[1,0],[427,514]]
[[0,0],[1,0],[75,514]]
[[0,0],[1,0],[41,514]]
[[0,0],[1,0],[173,514]]
[[0,0],[1,0],[53,514]]
[[0,0],[1,0],[201,514]]
[[0,0],[1,0],[205,514]]
[[0,0],[1,0],[271,514]]
[[0,0],[1,0],[327,514]]
[[0,0],[1,0],[37,514]]
[[0,0],[1,0],[107,514]]
[[0,0],[1,0],[129,514]]
[[0,0],[1,0],[229,514]]
[[0,0],[1,0],[23,514]]
[[0,0],[1,0],[67,514]]
[[0,0],[1,0],[59,514]]
[[0,0],[1,0],[367,514]]
[[0,0],[1,0],[81,514]]
