[[0,0],[1,0],[121,515]]
[[0,0],[1,0],[176,515]]
[[0,0],[1,0],[81,515]]
[[0,0],[1,0],[336,515]]
[[0,0],[1,0],[163,515]]
[[0,0],[1,0],[221,515]]
[[0,0],[1,0],[74,515]]
[[0,0],[1,0],[311,515]]
[[0,0],[1,0],[17,515]]
[[0,0],[1,0],[1,515]]
[[0,0],[1,0],[207,515]]
[[0,0],[1,0],[66,515]]
[[0,0],[1,0],[21,515]]
[[0,0],[1,0],[98,515]]
[[0,0],[1,0],[4,515]]
[[0,0],[1,0],[33,515]]
[[0,0],[1,0],[71,515]]
[[0,0],[1,0],[226,515]]
[[0,0],[1,0],[134,515]]
[[0,0],[1,0],[46,515]]
[[0,0],[1,0],[82,515]]
[[0,0],[1,0],[14,515]]
[[0,0],[1,0],[411,515]]
[[0,0],[1,0],[196,515]]
[[0,0],[1,0],[39,515]]
[[0,0],[1,0],[391,515]]
[[0,0],[1,0],[24,515]]
[[0,0],[1,0],[32,515]]
[[0,0],[1,0],[52,515]]
[[0,0],[1,0],[331,515]]
[[0,0],[1,0],[2,515]]
[[0,0],[1,0],[386,515]]
[[0,0],[1,0],[156,515]]
[[0,0],[1,0],[96,515]]
[[0,0],[1,0],[31,515]]
[[0,0],[1,0],[63,515]]
[[0,0],[1,0],[251,515]]
[[0,0],[1,0],[152,515]]
[[0,0],[1,0],[9,515]]
[[0,0],[1,0],[88,515]]
[[0,0],[1,0],[236,515]]
[[0,0],[1,0],[126,515]]
[[0,0],[1,0],[306,515]]
[[0,0],[1,0],[22,515]]
[[0,0],[1,0],[133,515]]
[[0,0],[1,0],[11,515]]
[[0,0],[1,0],[36,515]]
[[0,0],[1,0],[29,515]]
[[0,0],[1,0],[164,515]]
[[0,0],[1,0],[326,515]]
[[0,0],[1,0],[3,515]]
[[0,0],[1,0],[211,515]]
[[0,0],[1,0],[146,515]]
[[0,0],[1,0],[26,515]]
[[0,0],[1,0],[171,515]]
[[0,0],[1,0],[111,515]]
[[0,0],[1,0],[181,515]]
[[0,0],[1,0],[16,515]]
[[0,0],[1,0],[47,515]]
[[0,0],[1,0],[106,515]]
[[0,0],[1,0],[12,515]]
[[0,0],[1,0],[83,515]]
[[0,0],[1,0],[19,515]]
[[0,0],[1,0],[141,515]]
[[0,0],[1,0],[296,515]]
[[0,0],[1,0],[51,515]]
[[0,0],[1,0],[38,515]]
[[0,0],[1,0],[7,515]]
[[0,0],[1,0],[104,515]]
[[0,0],[1,0],[137,515]]
[[0,0],[1,0],[48,515]]
[[0,0],[1,0],[28,515]]
[[0,0],[1,0],[62,515]]
[[0,0],[1,0],[61,515]]
[[0,0],[1,0],[346,515]]
[[0,0],[1,0],[136,515]]
[[0,0],[1,0],[18,515]]
[[0,0],[1,0],[73,515]]
[[0,0],[1,0],[356,515]]
[[0,0],[1,0],[8,515]]
[[0,0],[1,0],[58,515]]
[[0,0],[1,0],[91,515]]
[[0,0],[1,0],[6,515]]
[[0,0],[1,0],[13,515]]
[[0,0],[1,0],[316,515]]
[[0,0],[1,0],[64,515]]
[[0,0],[1,0],[131,515]]
[[0,0],[1,0],[54,515]]
[[0,0],[1,0],[27,515]]
[[0,0],[1,0],[151,515]]
[[0,0],[1,0],[42,515]]
[[0,0],[1,0],[138,515]]
[[0,0],[1,0],[84,515]]
[[0,0],[1,0],[139,515]]
[[0,0],[1,0],[286,515]]
[[0,0],[1,0],[34,515]]
[[0,0],[1,0],[41,515]]
[[0,0],[1,0],[246,515]]
[[0,0],[1,0],[53,515]]
[[0,0],[1,0],[114,515]]
[[0,0],[1,0],[310,515]]
[[0,0],[1,0],[341,515]]
[[0,0],[1,0],[271,515]]
[[0,0],[1,0],[37,515]]
[[0,0],[1,0],[23,515]]
[[0,0],[1,0],[59,515]]
