[[0,0],[1,0],[367,519]]
[[0,0],[1,0],[55,519]]
[[0,0],[1,0],[17,519]]
[[0,0],[1,0],[1,519]]
[[0,0],[1,0],[244,519]]
[[0,0],[1,0],[157,519]]
[[0,0],[1,0],[347,519]]
[[0,0],[1,0],[194,519]]
[[0,0],[1,0],[115,519]]
[[0,0],[1,0],[124,519]]
[[0,0],[1,0],[50,519]]
[[0,0],[1,0],[98,519]]
[[0,0],[1,0],[4,519]]
[[0,0],[1,0],[268,519]]
[[0,0],[1,0],[95,519]]
[[0,0],[1,0],[223,519]]
[[0,0],[1,0],[113,519]]
[[0,0],[1,0],[103,519]]
[[0,0],[1,0],[283,519]]
[[0,0],[1,0],[86,519]]
[[0,0],[1,0],[134,519]]
[[0,0],[1,0],[46,519]]
[[0,0],[1,0],[14,519]]
[[0,0],[1,0],[149,519]]
[[0,0],[1,0],[71,519]]
[[0,0],[1,0],[32,519]]
[[0,0],[1,0],[226,519]]
[[0,0],[1,0],[174,519]]
[[0,0],[1,0],[196,519]]
[[0,0],[1,0],[208,519]]
[[0,0],[1,0],[148,519]]
[[0,0],[1,0],[415,519]]
[[0,0],[1,0],[2,519]]
[[0,0],[1,0],[193,519]]
[[0,0],[1,0],[10,519]]
[[0,0],[1,0],[31,519]]
[[0,0],[1,0],[88,519]]
[[0,0],[1,0],[334,519]]
[[0,0],[1,0],[340,519]]
[[0,0],[1,0],[298,519]]
[[0,0],[1,0],[77,519]]
[[0,0],[1,0],[25,519]]
[[0,0],[1,0],[22,519]]
[[0,0],[1,0],[11,519]]
[[0,0],[1,0],[85,519]]
[[0,0],[1,0],[235,519]]
[[0,0],[1,0],[122,519]]
[[0,0],[1,0],[49,519]]
[[0,0],[1,0],[361,519]]
[[0,0],[1,0],[133,519]]
[[0,0],[1,0],[112,519]]
[[0,0],[1,0],[29,519]]
[[0,0],[1,0],[20,519]]
[[0,0],[1,0],[211,519]]
[[0,0],[1,0],[265,519]]
[[0,0],[1,0],[301,519]]
[[0,0],[1,0],[16,519]]
[[0,0],[1,0],[376,519]]
[[0,0],[1,0],[175,519]]
[[0,0],[1,0],[172,519]]
[[0,0],[1,0],[181,519]]
[[0,0],[1,0],[94,519]]
[[0,0],[1,0],[328,519]]
[[0,0],[1,0],[217,519]]
[[0,0],[1,0],[47,519]]
[[0,0],[1,0],[19,519]]
[[0,0],[1,0],[106,519]]
[[0,0],[1,0],[493,519]]
[[0,0],[1,0],[202,519]]
[[0,0],[1,0],[478,519]]
[[0,0],[1,0],[76,519]]
[[0,0],[1,0],[460,519]]
[[0,0],[1,0],[167,519]]
[[0,0],[1,0],[145,519]]
[[0,0],[1,0],[178,519]]
[[0,0],[1,0],[101,519]]
[[0,0],[1,0],[137,519]]
[[0,0],[1,0],[322,519]]
[[0,0],[1,0],[184,519]]
[[0,0],[1,0],[7,519]]
[[0,0],[1,0],[28,519]]
[[0,0],[1,0],[136,519]]
[[0,0],[1,0],[100,519]]
[[0,0],[1,0],[61,519]]
[[0,0],[1,0],[8,519]]
[[0,0],[1,0],[259,519]]
[[0,0],[1,0],[253,519]]
[[0,0],[1,0],[91,519]]
[[0,0],[1,0],[5,519]]
[[0,0],[1,0],[58,519]]
[[0,0],[1,0],[43,519]]
[[0,0],[1,0],[250,519]]
[[0,0],[1,0],[307,519]]
[[0,0],[1,0],[97,519]]
[[0,0],[1,0],[64,519]]
[[0,0],[1,0],[373,519]]
[[0,0],[1,0],[166,519]]
[[0,0],[1,0],[56,519]]
[[0,0],[1,0],[13,519]]
[[0,0],[1,0],[92,519]]
[[0,0],[1,0],[220,519]]
[[0,0],[1,0],[454,519]]
[[0,0],[1,0],[44,519]]
[[0,0],[1,0],[139,519]]
[[0,0],[1,0],[295,519]]
[[0,0],[1,0],[430,519]]
[[0,0],[1,0],[34,519]]
[[0,0],[1,0],[313,519]]
[[0,0],[1,0],[310,519]]
[[0,0],[1,0],[70,519]]
[[0,0],[1,0],[274,519]]
[[0,0],[1,0],[205,519]]
[[0,0],[1,0],[337,519]]
[[0,0],[1,0],[271,519]]
[[0,0],[1,0],[37,519]]
[[0,0],[1,0],[121,519]]
[[0,0],[1,0],[35,519]]
[[0,0],[1,0],[23,519]]
