[[0,0],[1,0],[143,522]]
[[0,0],[1,0],[320,522]]
[[0,0],[1,0],[47,522]]
[[0,0],[1,0],[97,522]]
[[0,0],[3,0],[9,174]]
[[0,0],[1,0],[136,522]]
[[0,0],[1,0],[130,522]]
[[0,0],[3,0],[63,174]]
[[0,0],[1,0],[185,522]]
[[0,0],[1,0],[265,522]]
[[0,0],[1,0],[496,522]]
[[0,0],[1,0],[313,522]]
[[0,0],[1,0],[394,522]]
[[0,0],[1,0],[325,522]]
[[0,0],[3,0],[3,174]]
[[0,0],[1,0],[382,522]]
[[0,0],[1,0],[10,522]]
[[0,0],[1,0],[142,522]]
[[0,0],[1,0],[117,522]]
[[0,0],[1,0],[299,522]]
[[0,0],[1,0],[76,522]]
[[0,0],[1,0],[361,522]]
[[0,0],[3,0],[99,174]]
[[0,0],[1,0],[64,522]]
[[0,0],[1,0],[395,522]]
[[0,0],[1,0],[107,522]]
[[0,0],[1,0],[113,522]]
[[0,0],[1,0],[478,522]]
[[0,0],[1,0],[65,522]]
[[0,0],[1,0],[30,522]]
[[0,0],[1,0],[448,522]]
[[0,0],[1,0],[251,522]]
[[0,0],[1,0],[16,522]]
[[0,0],[1,0],[217,522]]
[[0,0],[1,0],[52,522]]
[[0,0],[1,0],[427,522]]
[[0,0],[1,0],[124,522]]
[[0,0],[1,0],[460,522]]
[[0,0],[1,0],[73,522]]
[[0,0],[1,0],[436,522]]
[[0,0],[1,0],[353,522]]
[[0,0],[1,0],[121,522]]
[[0,0],[1,0],[178,522]]
[[0,0],[1,0],[25,522]]
[[0,0],[1,0],[7,522]]
[[0,0],[1,0],[31,522]]
[[0,0],[1,0],[365,522]]
[[0,0],[3,0],[33,174]]
[[0,0],[1,0],[137,522]]
[[0,0],[1,0],[100,522]]
[[0,0],[1,0],[275,522]]
[[0,0],[1,0],[79,522]]
[[0,0],[1,0],[490,522]]
[[0,0],[1,0],[101,522]]
[[0,0],[1,0],[238,522]]
[[0,0],[1,0],[442,522]]
[[0,0],[1,0],[262,522]]
[[0,0],[1,0],[181,522]]
[[0,0],[1,0],[316,522]]
[[0,0],[1,0],[71,522]]
[[0,0],[1,0],[146,522]]
[[0,0],[1,0],[163,522]]
[[0,0],[1,0],[331,522]]
[[0,0],[1,0],[89,522]]
[[0,0],[1,0],[508,522]]
[[0,0],[1,0],[397,522]]
[[0,0],[1,0],[94,522]]
[[0,0],[3,0],[45,174]]
[[0,0],[1,0],[233,522]]
[[0,0],[1,0],[82,522]]
[[0,0],[1,0],[196,522]]
[[0,0],[1,0],[34,522]]
[[0,0],[1,0],[268,522]]
[[0,0],[3,0],[57,174]]
[[0,0],[1,0],[280,522]]
[[0,0],[1,0],[295,522]]
[[0,0],[1,0],[323,522]]
[[0,0],[1,0],[11,522]]
[[0,0],[1,0],[41,522]]
[[0,0],[1,0],[283,522]]
[[0,0],[1,0],[291,522]]
[[0,0],[1,0],[484,522]]
[[0,0],[1,0],[83,522]]
[[0,0],[1,0],[328,522]]
[[0,0],[3,0],[135,174]]
[[0,0],[1,0],[103,522]]
[[0,0],[1,0],[5,522]]
[[0,0],[1,0],[371,522]]
[[0,0],[1,0],[250,522]]
[[0,0],[1,0],[70,522]]
[[0,0],[1,0],[204,522]]
[[0,0],[1,0],[118,522]]
[[0,0],[1,0],[166,522]]
[[0,0],[1,0],[53,522]]
[[0,0],[1,0],[184,522]]
[[0,0],[1,0],[256,522]]
[[0,0],[1,0],[173,522]]
[[0,0],[3,0],[81,174]]
[[0,0],[2,0],[234,261]]
[[0,0],[1,0],[465,522]]
[[0,0],[1,0],[17,522]]
[[0,0],[1,0],[244,522]]
[[0,0],[1,0],[437,522]]
[[0,0],[1,0],[112,522]]
[[0,0],[1,0],[388,522]]
[[0,0],[1,0],[358,522]]
[[0,0],[1,0],[413,522]]
[[0,0],[1,0],[106,522]]
[[0,0],[1,0],[115,522]]
[[0,0],[3,0],[21,174]]
[[0,0],[1,0],[88,522]]
[[0,0],[1,0],[211,522]]
[[0,0],[1,0],[167,522]]
[[0,0],[1,0],[514,522]]
[[0,0],[1,0],[400,522]]
[[0,0],[1,0],[22,522]]
[[0,0],[1,0],[521,522]]
[[0,0],[1,0],[202,522]]
[[0,0],[1,0],[43,522]]
[[0,0],[1,0],[274,522]]
[[0,0],[1,0],[259,522]]
[[0,0],[1,0],[376,522]]
[[0,0],[1,0],[35,522]]
[[0,0],[1,0],[40,522]]
[[0,0],[1,0],[340,522]]
[[0,0],[2,0],[60,261]]
[[0,0],[1,0],[229,522]]
[[0,0],[1,0],[37,522]]
[[0,0],[1,0],[292,522]]
[[0,0],[1,0],[467,522]]
[[0,0],[1,0],[154,522]]
[[0,0],[1,0],[77,522]]
[[0,0],[1,0],[307,522]]
[[0,0],[1,0],[298,522]]
[[0,0],[1,0],[310,522]]
[[0,0],[3,0],[51,174]]
[[0,0],[1,0],[424,522]]
[[0,0],[1,0],[214,522]]
[[0,0],[1,0],[352,522]]
[[0,0],[1,0],[190,522]]
[[0,0],[3,0],[171,174]]
[[0,0],[1,0],[4,522]]
[[0,0],[2,0],[147,261]]
[[0,0],[1,0],[304,522]]
[[0,0],[1,0],[235,522]]
[[0,0],[1,0],[245,522]]
[[0,0],[1,0],[335,522]]
[[0,0],[1,0],[19,522]]
[[0,0],[1,0],[149,522]]
[[0,0],[1,0],[175,522]]
[[0,0],[1,0],[364,522]]
[[0,0],[1,0],[155,522]]
[[0,0],[1,0],[193,522]]
[[0,0],[1,0],[346,522]]
[[0,0],[1,0],[412,522]]
[[0,0],[1,0],[139,522]]
[[0,0],[1,0],[59,522]]
[[0,0],[1,0],[430,522]]
[[0,0],[3,0],[27,174]]
[[0,0],[1,0],[370,522]]
[[0,0],[1,0],[119,522]]
[[0,0],[1,0],[466,522]]
[[0,0],[1,0],[378,522]]
[[0,0],[1,0],[172,522]]
[[0,0],[1,0],[269,522]]
[[0,0],[1,0],[220,522]]
[[0,0],[1,0],[49,522]]
[[0,0],[1,0],[67,522]]
[[0,0],[1,0],[148,522]]
[[0,0],[1,0],[472,522]]
[[0,0],[1,0],[133,522]]
[[0,0],[3,0],[15,174]]
[[0,0],[1,0],[334,522]]
[[0,0],[1,0],[502,522]]
[[0,0],[1,0],[91,522]]
[[0,0],[1,0],[205,522]]
[[0,0],[1,0],[418,522]]
[[0,0],[1,0],[160,522]]
[[0,0],[1,0],[286,522]]
[[0,0],[1,0],[322,522]]
[[0,0],[1,0],[23,522]]
[[0,0],[3,0],[90,174]]
[[0,0],[1,0],[46,522]]
[[0,0],[1,0],[28,522]]
[[0,0],[1,0],[13,522]]
[[0,0],[1,0],[61,522]]
[[0,0],[1,0],[131,522]]
[[0,0],[1,0],[289,522]]
[[0,0],[1,0],[226,522]]
[[0,0],[1,0],[454,522]]
[[0,0],[1,0],[208,522]]
[[0,0],[1,0],[1,522]]
[[0,0],[1,0],[301,522]]
[[0,0],[1,0],[281,522]]
[[0,0],[1,0],[343,522]]
[[0,0],[1,0],[494,522]]
[[0,0],[3,0],[69,174]]
[[0,0],[1,0],[520,522]]
