[[0,0],[1,0],[37,523]]
[[0,0],[1,0],[65,523]]
[[0,0],[1,0],[61,523]]
[[0,0],[1,0],[42,523]]
[[0,0],[1,0],[126,523]]
[[0,0],[1,0],[14,523]]
[[0,0],[1,0],[16,523]]
[[0,0],[1,0],[153,523]]
[[0,0],[1,0],[46,523]]
[[0,0],[1,0],[3,523]]
[[0,0],[1,0],[179,523]]
[[0,0],[1,0],[130,523]]
[[0,0],[1,0],[11,523]]
[[0,0],[1,0],[48,523]]
[[0,0],[1,0],[38,523]]
[[0,0],[1,0],[82,523]]
[[0,0],[1,0],[1,523]]
[[0,0],[1,0],[28,523]]
[[0,0],[1,0],[120,523]]
[[0,0],[1,0],[166,523]]
[[0,0],[1,0],[44,523]]
[[0,0],[1,0],[13,523]]
[[0,0],[1,0],[35,523]]
[[0,0],[1,0],[47,523]]
[[0,0],[1,0],[64,523]]
[[0,0],[1,0],[6,523]]
[[0,0],[1,0],[133,523]]
[[0,0],[1,0],[75,523]]
[[0,0],[1,0],[121,523]]
[[0,0],[1,0],[2,523]]
[[0,0],[1,0],[39,523]]
[[0,0],[1,0],[5,523]]
[[0,0],[1,0],[25,523]]
[[0,0],[1,0],[54,523]]
[[0,0],[1,0],[60,523]]
[[0,0],[1,0],[4,523]]
[[0,0],[1,0],[141,523]]
[[0,0],[1,0],[21,523]]
[[0,0],[1,0],[8,523]]
[[0,0],[1,0],[78,523]]
[[0,0],[1,0],[80,523]]
[[0,0],[1,0],[67,523]]
[[0,0],[1,0],[68,523]]
[[0,0],[1,0],[17,523]]
[[0,0],[1,0],[33,523]]
[[0,0],[1,0],[81,523]]
[[0,0],[1,0],[19,523]]
[[0,0],[1,0],[18,523]]
[[0,0],[1,0],[36,523]]
[[0,0],[1,0],[20,523]]
[[0,0],[1,0],[45,523]]
[[0,0],[1,0],[22,523]]
[[0,0],[1,0],[76,523]]
[[0,0],[1,0],[70,523]]
[[0,0],[1,0],[140,523]]
[[0,0],[1,0],[97,523]]
[[0,0],[1,0],[63,523]]
[[0,0],[1,0],[31,523]]
[[0,0],[1,0],[27,523]]
[[0,0],[1,0],[142,523]]
[[0,0],[1,0],[32,523]]
[[0,0],[1,0],[77,523]]
[[0,0],[1,0],[26,523]]
[[0,0],[1,0],[40,523]]
[[0,0],[1,0],[7,523]]
[[0,0],[1,0],[12,523]]
[[0,0],[1,0],[34,523]]
[[0,0],[1,0],[41,523]]
[[0,0],[1,0],[119,523]]
[[0,0],[1,0],[53,523]]
[[0,0],[1,0],[9,523]]
[[0,0],[1,0],[72,523]]
[[0,0],[1,0],[102,523]]
[[0,0],[1,0],[190,523]]
[[0,0],[1,0],[105,523]]
[[0,0],[1,0],[43,523]]
[[0,0],[1,0],[111,523]]
[[0,0],[1,0],[71,523]]
[[0,0],[1,0],[23,523]]
[[0,0],[1,0],[66,523]]
[[0,0],[1,0],[69,523]]
[[0,0],[1,0],[10,523]]
[[0,0],[1,0],[15,523]]
[[0,0],[1,0],[129,523]]
[[0,0],[1,0],[147,523]]
[[0,0],[1,0],[154,523]]
[[0,0],[1,0],[24,523]]
[[0,0],[1,0],[79,523]]
[[0,0],[1,0],[116,523]]
