[[0,0],[1,0],[279,524]]
[[0,0],[1,0],[127,524]]
[[0,0],[2,0],[62,262]]
[[0,0],[1,0],[97,524]]
[[0,0],[1,0],[373,524]]
[[0,0],[1,0],[47,524]]
[[0,0],[2,0],[38,262]]
[[0,0],[1,0],[221,524]]
[[0,0],[1,0],[263,524]]
[[0,0],[1,0],[81,524]]
[[0,0],[2,0],[86,262]]
[[0,0],[1,0],[265,524]]
[[0,0],[1,0],[381,524]]
[[0,0],[1,0],[109,524]]
[[0,0],[1,0],[243,524]]
[[0,0],[1,0],[299,524]]
[[0,0],[1,0],[394,524]]
[[0,0],[1,0],[55,524]]
[[0,0],[1,0],[271,524]]
[[0,0],[1,0],[21,524]]
[[0,0],[1,0],[111,524]]
[[0,0],[2,0],[32,262]]
[[0,0],[2,0],[40,262]]
[[0,0],[1,0],[325,524]]
[[0,0],[1,0],[395,524]]
[[0,0],[2,0],[8,262]]
[[0,0],[1,0],[489,524]]
[[0,0],[1,0],[107,524]]
[[0,0],[1,0],[117,524]]
[[0,0],[1,0],[113,524]]
[[0,0],[1,0],[69,524]]
[[0,0],[1,0],[65,524]]
[[0,0],[2,0],[20,262]]
[[0,0],[1,0],[237,524]]
[[0,0],[1,0],[349,524]]
[[0,0],[1,0],[95,524]]
[[0,0],[1,0],[217,524]]
[[0,0],[2,0],[14,262]]
[[0,0],[1,0],[161,524]]
[[0,0],[1,0],[73,524]]
[[0,0],[1,0],[15,524]]
[[0,0],[1,0],[239,524]]
[[0,0],[1,0],[353,524]]
[[0,0],[1,0],[369,524]]
[[0,0],[1,0],[7,524]]
[[0,0],[1,0],[31,524]]
[[0,0],[1,0],[132,524]]
[[0,0],[1,0],[137,524]]
[[0,0],[1,0],[275,524]]
[[0,0],[1,0],[63,524]]
[[0,0],[1,0],[145,524]]
[[0,0],[1,0],[79,524]]
[[0,0],[1,0],[101,524]]
[[0,0],[1,0],[169,524]]
[[0,0],[1,0],[165,524]]
[[0,0],[2,0],[36,262]]
[[0,0],[1,0],[181,524]]
[[0,0],[1,0],[163,524]]
[[0,0],[1,0],[71,524]]
[[0,0],[1,0],[231,524]]
[[0,0],[1,0],[9,524]]
[[0,0],[1,0],[123,524]]
[[0,0],[1,0],[435,524]]
[[0,0],[1,0],[333,524]]
[[0,0],[1,0],[323,524]]
[[0,0],[1,0],[439,524]]
[[0,0],[2,0],[30,262]]
[[0,0],[1,0],[11,524]]
[[0,0],[1,0],[283,524]]
[[0,0],[1,0],[41,524]]
[[0,0],[1,0],[291,524]]
[[0,0],[1,0],[83,524]]
[[0,0],[1,0],[309,524]]
[[0,0],[2,0],[12,262]]
[[0,0],[1,0],[207,524]]
[[0,0],[1,0],[371,524]]
[[0,0],[2,0],[10,262]]
[[0,0],[1,0],[103,524]]
[[0,0],[1,0],[305,524]]
[[0,0],[1,0],[341,524]]
[[0,0],[1,0],[5,524]]
[[0,0],[1,0],[39,524]]
[[0,0],[1,0],[329,524]]
[[0,0],[1,0],[53,524]]
[[0,0],[1,0],[173,524]]
[[0,0],[1,0],[159,524]]
[[0,0],[1,0],[33,524]]
[[0,0],[1,0],[339,524]]
[[0,0],[1,0],[17,524]]
[[0,0],[1,0],[499,524]]
[[0,0],[2,0],[22,262]]
[[0,0],[1,0],[115,524]]
[[0,0],[1,0],[277,524]]
[[0,0],[1,0],[273,524]]
[[0,0],[2,0],[2,262]]
[[0,0],[1,0],[211,524]]
[[0,0],[1,0],[93,524]]
[[0,0],[1,0],[135,524]]
[[0,0],[1,0],[43,524]]
[[0,0],[1,0],[87,524]]
[[0,0],[2,0],[34,262]]
[[0,0],[1,0],[419,524]]
[[0,0],[1,0],[327,524]]
[[0,0],[1,0],[187,524]]
[[0,0],[1,0],[57,524]]
[[0,0],[1,0],[37,524]]
[[0,0],[1,0],[229,524]]
[[0,0],[1,0],[449,524]]
[[0,0],[1,0],[267,524]]
[[0,0],[1,0],[357,524]]
[[0,0],[1,0],[77,524]]
[[0,0],[1,0],[179,524]]
[[0,0],[1,0],[213,524]]
[[0,0],[1,0],[45,524]]
[[0,0],[2,0],[48,262]]
[[0,0],[1,0],[235,524]]
[[0,0],[1,0],[19,524]]
[[0,0],[1,0],[157,524]]
[[0,0],[1,0],[335,524]]
[[0,0],[2,0],[6,262]]
[[0,0],[1,0],[139,524]]
[[0,0],[1,0],[193,524]]
[[0,0],[1,0],[149,524]]
[[0,0],[1,0],[141,524]]
[[0,0],[1,0],[59,524]]
[[0,0],[1,0],[119,524]]
[[0,0],[1,0],[403,524]]
[[0,0],[1,0],[67,524]]
[[0,0],[1,0],[49,524]]
[[0,0],[2,0],[4,262]]
[[0,0],[1,0],[227,524]]
[[0,0],[1,0],[269,524]]
[[0,0],[1,0],[91,524]]
[[0,0],[2,0],[64,262]]
[[0,0],[1,0],[27,524]]
[[0,0],[1,0],[133,524]]
[[0,0],[1,0],[261,524]]
[[0,0],[2,0],[42,262]]
[[0,0],[1,0],[205,524]]
[[0,0],[2,0],[18,262]]
[[0,0],[1,0],[177,524]]
[[0,0],[1,0],[23,524]]
[[0,0],[1,0],[51,524]]
[[0,0],[1,0],[29,524]]
[[0,0],[1,0],[99,524]]
[[0,0],[1,0],[13,524]]
[[0,0],[2,0],[16,262]]
[[0,0],[1,0],[61,524]]
[[0,0],[1,0],[1,524]]
[[0,0],[1,0],[147,524]]
[[0,0],[1,0],[321,524]]
[[0,0],[2,0],[74,262]]
[[0,0],[1,0],[399,524]]
[[0,0],[1,0],[301,524]]
[[0,0],[1,0],[523,524]]
[[0,0],[1,0],[3,524]]
[[0,0],[1,0],[315,524]]
