[[0,0],[1,0],[59,527]]
[[0,0],[1,0],[1,527]]
[[0,0],[1,0],[37,527]]
[[0,0],[1,0],[187,527]]
[[0,0],[1,0],[23,527]]
[[0,0],[1,0],[74,527]]
[[0,0],[1,0],[15,527]]
[[0,0],[1,0],[142,527]]
[[0,0],[1,0],[409,527]]
[[0,0],[1,0],[55,527]]
[[0,0],[1,0],[60,527]]
[[0,0],[1,0],[311,527]]
[[0,0],[1,0],[95,527]]
[[0,0],[1,0],[165,527]]
[[0,0],[1,0],[290,527]]
[[0,0],[1,0],[21,527]]
[[0,0],[1,0],[86,527]]
[[0,0],[1,0],[98,527]]
[[0,0],[1,0],[4,527]]
[[0,0],[1,0],[125,527]]
[[0,0],[1,0],[218,527]]
[[0,0],[1,0],[103,527]]
[[0,0],[1,0],[154,527]]
[[0,0],[1,0],[46,527]]
[[0,0],[1,0],[14,527]]
[[0,0],[1,0],[71,527]]
[[0,0],[1,0],[32,527]]
[[0,0],[1,0],[10,527]]
[[0,0],[1,0],[63,527]]
[[0,0],[1,0],[87,527]]
[[0,0],[1,0],[52,527]]
[[0,0],[1,0],[2,527]]
[[0,0],[1,0],[77,527]]
[[0,0],[1,0],[96,527]]
[[0,0],[1,0],[30,527]]
[[0,0],[1,0],[404,527]]
[[0,0],[1,0],[22,527]]
[[0,0],[1,0],[9,527]]
[[0,0],[1,0],[29,527]]
[[0,0],[1,0],[147,527]]
[[0,0],[1,0],[108,527]]
[[0,0],[1,0],[3,527]]
[[0,0],[1,0],[78,527]]
[[0,0],[1,0],[130,527]]
[[0,0],[1,0],[65,527]]
[[0,0],[1,0],[11,527]]
[[0,0],[1,0],[169,527]]
[[0,0],[1,0],[222,527]]
[[0,0],[1,0],[26,527]]
[[0,0],[1,0],[36,527]]
[[0,0],[1,0],[20,527]]
[[0,0],[1,0],[120,527]]
[[0,0],[1,0],[47,527]]
[[0,0],[1,0],[19,527]]
[[0,0],[1,0],[106,527]]
[[0,0],[1,0],[171,527]]
[[0,0],[1,0],[12,527]]
[[0,0],[1,0],[16,527]]
[[0,0],[1,0],[146,527]]
[[0,0],[1,0],[76,527]]
[[0,0],[1,0],[145,527]]
[[0,0],[1,0],[324,527]]
[[0,0],[1,0],[38,527]]
[[0,0],[1,0],[94,527]]
[[0,0],[1,0],[69,527]]
[[0,0],[1,0],[99,527]]
[[0,0],[1,0],[28,527]]
[[0,0],[1,0],[144,527]]
[[0,0],[1,0],[101,527]]
[[0,0],[1,0],[137,527]]
[[0,0],[1,0],[61,527]]
[[0,0],[1,0],[72,527]]
[[0,0],[1,0],[8,527]]
[[0,0],[1,0],[7,527]]
[[0,0],[1,0],[100,527]]
[[0,0],[1,0],[6,527]]
[[0,0],[1,0],[73,527]]
[[0,0],[1,0],[97,527]]
[[0,0],[1,0],[131,527]]
[[0,0],[1,0],[18,527]]
[[0,0],[1,0],[166,527]]
[[0,0],[1,0],[54,527]]
[[0,0],[1,0],[56,527]]
[[0,0],[1,0],[13,527]]
[[0,0],[1,0],[5,527]]
[[0,0],[1,0],[43,527]]
[[0,0],[1,0],[64,527]]
[[0,0],[1,0],[42,527]]
[[0,0],[1,0],[373,527]]
[[0,0],[1,0],[27,527]]
[[0,0],[1,0],[70,527]]
[[0,0],[1,0],[494,527]]
[[0,0],[1,0],[75,527]]
[[0,0],[1,0],[41,527]]
[[0,0],[1,0],[143,527]]
[[0,0],[1,0],[35,527]]
[[0,0],[1,0],[53,527]]
[[0,0],[1,0],[107,527]]
