[[0,0],[1,0],[448,531]]
[[0,0],[1,0],[310,531]]
[[0,0],[1,0],[388,531]]
[[0,0],[1,0],[110,531]]
[[0,0],[3,0],[6,177]]
[[0,0],[1,0],[50,531]]
[[0,0],[3,0],[9,177]]
[[0,0],[1,0],[238,531]]
[[0,0],[1,0],[23,531]]
[[0,0],[1,0],[397,531]]
[[0,0],[1,0],[67,531]]
[[0,0],[1,0],[268,531]]
[[0,0],[1,0],[115,531]]
[[0,0],[1,0],[325,531]]
[[0,0],[1,0],[35,531]]
[[0,0],[1,0],[187,531]]
[[0,0],[1,0],[116,531]]
[[0,0],[1,0],[55,531]]
[[0,0],[1,0],[103,531]]
[[0,0],[1,0],[163,531]]
[[0,0],[1,0],[68,531]]
[[0,0],[1,0],[89,531]]
[[0,0],[1,0],[17,531]]
[[0,0],[1,0],[71,531]]
[[0,0],[1,0],[46,531]]
[[0,0],[1,0],[161,531]]
[[0,0],[1,0],[14,531]]
[[0,0],[1,0],[82,531]]
[[0,0],[1,0],[60,531]]
[[0,0],[1,0],[391,531]]
[[0,0],[1,0],[124,531]]
[[0,0],[1,0],[52,531]]
[[0,0],[1,0],[331,531]]
[[0,0],[1,0],[4,531]]
[[0,0],[1,0],[98,531]]
[[0,0],[1,0],[109,531]]
[[0,0],[3,0],[18,177]]
[[0,0],[1,0],[208,531]]
[[0,0],[1,0],[95,531]]
[[0,0],[1,0],[223,531]]
[[0,0],[3,0],[27,177]]
[[0,0],[1,0],[10,531]]
[[0,0],[1,0],[193,531]]
[[0,0],[1,0],[160,531]]
[[0,0],[1,0],[298,531]]
[[0,0],[1,0],[334,531]]
[[0,0],[1,0],[226,531]]
[[0,0],[1,0],[283,531]]
[[0,0],[1,0],[25,531]]
[[0,0],[1,0],[414,531]]
[[0,0],[1,0],[196,531]]
[[0,0],[1,0],[32,531]]
[[0,0],[1,0],[11,531]]
[[0,0],[1,0],[304,531]]
[[0,0],[1,0],[20,531]]
[[0,0],[1,0],[2,531]]
[[0,0],[1,0],[235,531]]
[[0,0],[1,0],[112,531]]
[[0,0],[1,0],[31,531]]
[[0,0],[1,0],[172,531]]
[[0,0],[1,0],[16,531]]
[[0,0],[1,0],[152,531]]
[[0,0],[1,0],[262,531]]
[[0,0],[1,0],[130,531]]
[[0,0],[1,0],[47,531]]
[[0,0],[1,0],[40,531]]
[[0,0],[1,0],[106,531]]
[[0,0],[1,0],[88,531]]
[[0,0],[1,0],[493,531]]
[[0,0],[1,0],[202,531]]
[[0,0],[1,0],[19,531]]
[[0,0],[1,0],[22,531]]
[[0,0],[1,0],[178,531]]
[[0,0],[1,0],[418,531]]
[[0,0],[1,0],[101,531]]
[[0,0],[1,0],[296,531]]
[[0,0],[1,0],[49,531]]
[[0,0],[1,0],[79,531]]
[[0,0],[1,0],[7,531]]
[[0,0],[1,0],[199,531]]
[[0,0],[1,0],[265,531]]
[[0,0],[1,0],[26,531]]
[[0,0],[1,0],[181,531]]
[[0,0],[3,0],[3,177]]
[[0,0],[1,0],[352,531]]
[[0,0],[1,0],[94,531]]
[[0,0],[1,0],[8,531]]
[[0,0],[1,0],[5,531]]
[[0,0],[1,0],[145,531]]
[[0,0],[1,0],[43,531]]
[[0,0],[1,0],[13,531]]
[[0,0],[1,0],[97,531]]
[[0,0],[1,0],[100,531]]
[[0,0],[1,0],[184,531]]
[[0,0],[1,0],[62,531]]
[[0,0],[1,0],[61,531]]
[[0,0],[1,0],[44,531]]
[[0,0],[1,0],[346,531]]
[[0,0],[1,0],[277,531]]
[[0,0],[1,0],[253,531]]
[[0,0],[1,0],[73,531]]
[[0,0],[1,0],[259,531]]
[[0,0],[1,0],[139,531]]
[[0,0],[1,0],[406,531]]
[[0,0],[1,0],[58,531]]
[[0,0],[1,0],[119,531]]
[[0,0],[1,0],[91,531]]
[[0,0],[1,0],[250,531]]
[[0,0],[3,0],[12,177]]
[[0,0],[1,0],[313,531]]
[[0,0],[1,0],[64,531]]
[[0,0],[3,0],[21,177]]
[[0,0],[3,0],[57,177]]
[[0,0],[1,0],[70,531]]
[[0,0],[1,0],[131,531]]
[[0,0],[1,0],[205,531]]
[[0,0],[1,0],[56,531]]
[[0,0],[1,0],[37,531]]
[[0,0],[3,0],[75,177]]
[[0,0],[1,0],[151,531]]
[[0,0],[1,0],[256,531]]
[[0,0],[1,0],[367,531]]
[[0,0],[1,0],[343,531]]
[[0,0],[3,0],[15,177]]
[[0,0],[1,0],[142,531]]
[[0,0],[1,0],[34,531]]
[[0,0],[3,0],[24,177]]
[[0,0],[1,0],[292,531]]
[[0,0],[1,0],[409,531]]
[[0,0],[1,0],[237,531]]
[[0,0],[1,0],[41,531]]
[[0,0],[1,0],[74,531]]
[[0,0],[1,0],[1,531]]
