[[0,0],[1,0],[118,533]]
[[0,0],[1,0],[53,533]]
[[0,0],[1,0],[67,533]]
[[0,0],[1,0],[59,533]]
[[0,0],[1,0],[115,533]]
[[0,0],[1,0],[35,533]]
[[0,0],[1,0],[23,533]]
[[0,0],[1,0],[443,533]]
[[0,0],[1,0],[55,533]]
[[0,0],[1,0],[33,533]]
[[0,0],[1,0],[116,533]]
[[0,0],[1,0],[103,533]]
[[0,0],[1,0],[17,533]]
[[0,0],[1,0],[135,533]]
[[0,0],[1,0],[46,533]]
[[0,0],[1,0],[14,533]]
[[0,0],[1,0],[68,533]]
[[0,0],[1,0],[157,533]]
[[0,0],[1,0],[66,533]]
[[0,0],[1,0],[60,533]]
[[0,0],[1,0],[93,533]]
[[0,0],[1,0],[124,533]]
[[0,0],[1,0],[21,533]]
[[0,0],[1,0],[4,533]]
[[0,0],[1,0],[159,533]]
[[0,0],[1,0],[10,533]]
[[0,0],[1,0],[113,533]]
[[0,0],[1,0],[469,533]]
[[0,0],[1,0],[25,533]]
[[0,0],[1,0],[11,533]]
[[0,0],[1,0],[24,533]]
[[0,0],[1,0],[32,533]]
[[0,0],[1,0],[125,533]]
[[0,0],[1,0],[326,533]]
[[0,0],[1,0],[235,533]]
[[0,0],[1,0],[196,533]]
[[0,0],[1,0],[2,533]]
[[0,0],[1,0],[30,533]]
[[0,0],[1,0],[108,533]]
[[0,0],[1,0],[261,533]]
[[0,0],[1,0],[20,533]]
[[0,0],[1,0],[96,533]]
[[0,0],[1,0],[31,533]]
[[0,0],[1,0],[16,533]]
[[0,0],[1,0],[9,533]]
[[0,0],[1,0],[40,533]]
[[0,0],[1,0],[83,533]]
[[0,0],[1,0],[172,533]]
[[0,0],[1,0],[19,533]]
[[0,0],[1,0],[69,533]]
[[0,0],[1,0],[22,533]]
[[0,0],[1,0],[12,533]]
[[0,0],[1,0],[202,533]]
[[0,0],[1,0],[222,533]]
[[0,0],[1,0],[493,533]]
[[0,0],[1,0],[85,533]]
[[0,0],[1,0],[144,533]]
[[0,0],[1,0],[3,533]]
[[0,0],[1,0],[49,533]]
[[0,0],[1,0],[36,533]]
[[0,0],[1,0],[170,533]]
[[0,0],[1,0],[141,533]]
[[0,0],[1,0],[7,533]]
[[0,0],[1,0],[136,533]]
[[0,0],[1,0],[18,533]]
[[0,0],[1,0],[120,533]]
[[0,0],[1,0],[8,533]]
[[0,0],[1,0],[6,533]]
[[0,0],[1,0],[43,533]]
[[0,0],[1,0],[5,533]]
[[0,0],[1,0],[137,533]]
[[0,0],[1,0],[183,533]]
[[0,0],[1,0],[42,533]]
[[0,0],[1,0],[61,533]]
[[0,0],[1,0],[44,533]]
[[0,0],[1,0],[45,533]]
[[0,0],[1,0],[84,533]]
[[0,0],[1,0],[128,533]]
[[0,0],[1,0],[58,533]]
[[0,0],[1,0],[119,533]]
[[0,0],[1,0],[329,533]]
[[0,0],[1,0],[70,533]]
[[0,0],[1,0],[206,533]]
[[0,0],[1,0],[114,533]]
[[0,0],[1,0],[27,533]]
[[0,0],[1,0],[54,533]]
[[0,0],[1,0],[107,533]]
[[0,0],[1,0],[274,533]]
[[0,0],[1,0],[56,533]]
[[0,0],[1,0],[129,533]]
[[0,0],[1,0],[247,533]]
[[0,0],[1,0],[92,533]]
[[0,0],[1,0],[37,533]]
[[0,0],[1,0],[121,533]]
[[0,0],[1,0],[142,533]]
[[0,0],[1,0],[209,533]]
[[0,0],[1,0],[34,533]]
[[0,0],[1,0],[57,533]]
[[0,0],[1,0],[1,533]]
[[0,0],[1,0],[15,533]]
