[[0,0],[1,0],[28,534]]
[[0,0],[1,0],[61,534]]
[[0,0],[1,0],[496,534]]
[[0,0],[1,0],[47,534]]
[[0,0],[1,0],[136,534]]
[[0,0],[1,0],[425,534]]
[[0,0],[1,0],[313,534]]
[[0,0],[1,0],[299,534]]
[[0,0],[1,0],[142,534]]
[[0,0],[1,0],[325,534]]
[[0,0],[1,0],[395,534]]
[[0,0],[1,0],[127,534]]
[[0,0],[1,0],[130,534]]
[[0,0],[1,0],[394,534]]
[[0,0],[1,0],[10,534]]
[[0,0],[1,0],[76,534]]
[[0,0],[1,0],[382,534]]
[[0,0],[1,0],[16,534]]
[[0,0],[1,0],[217,534]]
[[0,0],[1,0],[55,534]]
[[0,0],[1,0],[427,534]]
[[0,0],[1,0],[361,534]]
[[0,0],[1,0],[65,534]]
[[0,0],[1,0],[64,534]]
[[0,0],[1,0],[257,534]]
[[0,0],[1,0],[232,534]]
[[0,0],[1,0],[52,534]]
[[0,0],[1,0],[478,534]]
[[0,0],[1,0],[121,534]]
[[0,0],[1,0],[25,534]]
[[0,0],[1,0],[161,534]]
[[0,0],[1,0],[436,534]]
[[0,0],[1,0],[448,534]]
[[0,0],[1,0],[113,534]]
[[0,0],[1,0],[7,534]]
[[0,0],[1,0],[251,534]]
[[0,0],[1,0],[460,534]]
[[0,0],[1,0],[238,534]]
[[0,0],[1,0],[73,534]]
[[0,0],[1,0],[95,534]]
[[0,0],[1,0],[101,534]]
[[0,0],[1,0],[365,534]]
[[0,0],[1,0],[446,534]]
[[0,0],[1,0],[71,534]]
[[0,0],[1,0],[262,534]]
[[0,0],[1,0],[124,534]]
[[0,0],[1,0],[79,534]]
[[0,0],[1,0],[490,534]]
[[0,0],[1,0],[137,534]]
[[0,0],[1,0],[82,534]]
[[0,0],[1,0],[532,534]]
[[0,0],[1,0],[85,534]]
[[0,0],[1,0],[100,534]]
[[0,0],[1,0],[11,534]]
[[0,0],[1,0],[31,534]]
[[0,0],[1,0],[533,534]]
[[0,0],[1,0],[181,534]]
[[0,0],[1,0],[295,534]]
[[0,0],[1,0],[145,534]]
[[0,0],[1,0],[268,534]]
[[0,0],[1,0],[94,534]]
[[0,0],[1,0],[233,534]]
[[0,0],[1,0],[442,534]]
[[0,0],[1,0],[316,534]]
[[0,0],[1,0],[103,534]]
[[0,0],[1,0],[5,534]]
[[0,0],[1,0],[163,534]]
[[0,0],[1,0],[196,534]]
[[0,0],[1,0],[83,534]]
[[0,0],[1,0],[34,534]]
[[0,0],[1,0],[328,534]]
[[0,0],[2,0],[180,267]]
[[0,0],[1,0],[41,534]]
[[0,0],[1,0],[319,534]]
[[0,0],[1,0],[508,534]]
[[0,0],[1,0],[70,534]]
[[0,0],[1,0],[280,534]]
[[0,0],[1,0],[90,534]]
[[0,0],[1,0],[166,534]]
[[0,0],[1,0],[323,534]]
[[0,0],[1,0],[484,534]]
[[0,0],[1,0],[526,534]]
[[0,0],[1,0],[112,534]]
[[0,0],[1,0],[244,534]]
[[0,0],[1,0],[256,534]]
[[0,0],[1,0],[305,534]]
[[0,0],[1,0],[53,534]]
[[0,0],[1,0],[400,534]]
[[0,0],[1,0],[118,534]]
[[0,0],[1,0],[358,534]]
[[0,0],[1,0],[43,534]]
[[0,0],[1,0],[115,534]]
[[0,0],[1,0],[250,534]]
[[0,0],[1,0],[167,534]]
[[0,0],[1,0],[184,534]]
[[0,0],[1,0],[106,534]]
[[0,0],[1,0],[274,534]]
[[0,0],[1,0],[340,534]]
[[0,0],[1,0],[37,534]]
[[0,0],[1,0],[388,534]]
[[0,0],[1,0],[357,534]]
[[0,0],[1,0],[202,534]]
[[0,0],[1,0],[17,534]]
[[0,0],[1,0],[40,534]]
[[0,0],[1,0],[203,534]]
[[0,0],[1,0],[514,534]]
[[0,0],[1,0],[88,534]]
[[0,0],[1,0],[77,534]]
[[0,0],[1,0],[311,534]]
[[0,0],[1,0],[304,534]]
[[0,0],[1,0],[298,534]]
[[0,0],[1,0],[22,534]]
[[0,0],[1,0],[179,534]]
[[0,0],[1,0],[424,534]]
[[0,0],[1,0],[259,534]]
[[0,0],[1,0],[187,534]]
[[0,0],[1,0],[292,534]]
[[0,0],[1,0],[35,534]]
[[0,0],[1,0],[376,534]]
[[0,0],[1,0],[19,534]]
[[0,0],[1,0],[352,534]]
[[0,0],[1,0],[430,534]]
[[0,0],[1,0],[190,534]]
[[0,0],[1,0],[310,534]]
[[0,0],[1,0],[154,534]]
[[0,0],[1,0],[193,534]]
[[0,0],[1,0],[175,534]]
[[0,0],[1,0],[364,534]]
[[0,0],[1,0],[370,534]]
[[0,0],[1,0],[214,534]]
[[0,0],[1,0],[4,534]]
[[0,0],[1,0],[466,534]]
[[0,0],[1,0],[155,534]]
[[0,0],[1,0],[245,534]]
[[0,0],[1,0],[334,534]]
[[0,0],[1,0],[247,534]]
[[0,0],[1,0],[149,534]]
[[0,0],[1,0],[157,534]]
[[0,0],[1,0],[383,534]]
[[0,0],[1,0],[148,534]]
[[0,0],[1,0],[59,534]]
[[0,0],[1,0],[133,534]]
[[0,0],[1,0],[403,534]]
[[0,0],[1,0],[172,534]]
[[0,0],[1,0],[269,534]]
[[0,0],[1,0],[119,534]]
[[0,0],[1,0],[346,534]]
[[0,0],[1,0],[46,534]]
[[0,0],[1,0],[412,534]]
[[0,0],[1,0],[205,534]]
[[0,0],[1,0],[91,534]]
[[0,0],[1,0],[208,534]]
[[0,0],[1,0],[281,534]]
[[0,0],[1,0],[58,534]]
[[0,0],[1,0],[49,534]]
[[0,0],[1,0],[67,534]]
[[0,0],[1,0],[220,534]]
[[0,0],[1,0],[472,534]]
[[0,0],[1,0],[227,534]]
[[0,0],[1,0],[418,534]]
[[0,0],[1,0],[160,534]]
[[0,0],[1,0],[502,534]]
[[0,0],[1,0],[286,534]]
[[0,0],[1,0],[13,534]]
[[0,0],[1,0],[454,534]]
[[0,0],[1,0],[197,534]]
[[0,0],[1,0],[1,534]]
[[0,0],[1,0],[409,534]]
[[0,0],[1,0],[322,534]]
[[0,0],[1,0],[23,534]]
[[0,0],[1,0],[520,534]]
[[0,0],[1,0],[355,534]]
[[0,0],[1,0],[241,534]]
[[0,0],[1,0],[199,534]]
[[0,0],[1,0],[226,534]]
[[0,0],[1,0],[29,534]]
[[0,0],[1,0],[185,534]]
[[0,0],[1,0],[143,534]]
[[0,0],[1,0],[263,534]]
[[0,0],[1,0],[97,534]]
[[0,0],[1,0],[406,534]]
[[0,0],[1,0],[343,534]]
