[[0,0],[1,0],[53,535]]
[[0,0],[1,0],[59,535]]
[[0,0],[1,0],[81,535]]
[[0,0],[1,0],[127,535]]
[[0,0],[1,0],[23,535]]
[[0,0],[1,0],[33,535]]
[[0,0],[1,0],[116,535]]
[[0,0],[1,0],[17,535]]
[[0,0],[1,0],[168,535]]
[[0,0],[1,0],[103,535]]
[[0,0],[1,0],[46,535]]
[[0,0],[1,0],[161,535]]
[[0,0],[1,0],[14,535]]
[[0,0],[1,0],[401,535]]
[[0,0],[1,0],[71,535]]
[[0,0],[1,0],[331,535]]
[[0,0],[1,0],[239,535]]
[[0,0],[1,0],[66,535]]
[[0,0],[1,0],[82,535]]
[[0,0],[1,0],[39,535]]
[[0,0],[1,0],[21,535]]
[[0,0],[1,0],[98,535]]
[[0,0],[1,0],[4,535]]
[[0,0],[1,0],[429,535]]
[[0,0],[1,0],[159,535]]
[[0,0],[1,0],[77,535]]
[[0,0],[1,0],[236,535]]
[[0,0],[1,0],[24,535]]
[[0,0],[1,0],[32,535]]
[[0,0],[1,0],[11,535]]
[[0,0],[1,0],[326,535]]
[[0,0],[1,0],[281,535]]
[[0,0],[1,0],[108,535]]
[[0,0],[1,0],[2,535]]
[[0,0],[1,0],[96,535]]
[[0,0],[1,0],[171,535]]
[[0,0],[1,0],[386,535]]
[[0,0],[1,0],[16,535]]
[[0,0],[1,0],[156,535]]
[[0,0],[1,0],[231,535]]
[[0,0],[1,0],[31,535]]
[[0,0],[1,0],[9,535]]
[[0,0],[1,0],[88,535]]
[[0,0],[1,0],[111,535]]
[[0,0],[1,0],[126,535]]
[[0,0],[1,0],[266,535]]
[[0,0],[1,0],[47,535]]
[[0,0],[1,0],[22,535]]
[[0,0],[1,0],[19,535]]
[[0,0],[1,0],[106,535]]
[[0,0],[1,0],[12,535]]
[[0,0],[1,0],[291,535]]
[[0,0],[1,0],[76,535]]
[[0,0],[1,0],[49,535]]
[[0,0],[1,0],[38,535]]
[[0,0],[1,0],[36,535]]
[[0,0],[1,0],[29,535]]
[[0,0],[1,0],[3,535]]
[[0,0],[1,0],[101,535]]
[[0,0],[1,0],[48,535]]
[[0,0],[1,0],[141,535]]
[[0,0],[1,0],[7,535]]
[[0,0],[1,0],[186,535]]
[[0,0],[1,0],[136,535]]
[[0,0],[1,0],[26,535]]
[[0,0],[1,0],[181,535]]
[[0,0],[1,0],[8,535]]
[[0,0],[1,0],[18,535]]
[[0,0],[1,0],[6,535]]
[[0,0],[1,0],[215,535]]
[[0,0],[1,0],[441,535]]
[[0,0],[1,0],[366,535]]
[[0,0],[1,0],[43,535]]
[[0,0],[1,0],[166,535]]
[[0,0],[1,0],[62,535]]
[[0,0],[1,0],[13,535]]
[[0,0],[1,0],[99,535]]
[[0,0],[1,0],[28,535]]
[[0,0],[1,0],[61,535]]
[[0,0],[1,0],[44,535]]
[[0,0],[1,0],[346,535]]
[[0,0],[1,0],[42,535]]
[[0,0],[1,0],[139,535]]
[[0,0],[1,0],[426,535]]
[[0,0],[1,0],[91,535]]
[[0,0],[1,0],[128,535]]
[[0,0],[1,0],[58,535]]
[[0,0],[1,0],[131,535]]
[[0,0],[1,0],[206,535]]
[[0,0],[1,0],[54,535]]
[[0,0],[1,0],[27,535]]
[[0,0],[1,0],[56,535]]
[[0,0],[1,0],[191,535]]
[[0,0],[1,0],[102,535]]
[[0,0],[1,0],[129,535]]
[[0,0],[1,0],[143,535]]
[[0,0],[1,0],[92,535]]
[[0,0],[1,0],[416,535]]
[[0,0],[1,0],[271,535]]
[[0,0],[1,0],[121,535]]
[[0,0],[1,0],[37,535]]
[[0,0],[1,0],[151,535]]
[[0,0],[1,0],[229,535]]
[[0,0],[1,0],[286,535]]
[[0,0],[1,0],[336,535]]
[[0,0],[1,0],[41,535]]
[[0,0],[1,0],[246,535]]
[[0,0],[1,0],[57,535]]
[[0,0],[1,0],[34,535]]
[[0,0],[1,0],[1,535]]
