[[0,0],[1,0],[115,541]]
[[0,0],[1,0],[34,541]]
[[0,0],[1,0],[41,541]]
[[0,0],[1,0],[35,541]]
[[0,0],[1,0],[81,541]]
[[0,0],[1,0],[110,541]]
[[0,0],[1,0],[165,541]]
[[0,0],[1,0],[33,541]]
[[0,0],[1,0],[50,541]]
[[0,0],[1,0],[17,541]]
[[0,0],[1,0],[23,541]]
[[0,0],[1,0],[168,541]]
[[0,0],[1,0],[157,541]]
[[0,0],[1,0],[89,541]]
[[0,0],[1,0],[14,541]]
[[0,0],[1,0],[71,541]]
[[0,0],[1,0],[95,541]]
[[0,0],[1,0],[68,541]]
[[0,0],[1,0],[10,541]]
[[0,0],[1,0],[39,541]]
[[0,0],[1,0],[113,541]]
[[0,0],[1,0],[98,541]]
[[0,0],[1,0],[52,541]]
[[0,0],[1,0],[21,541]]
[[0,0],[1,0],[4,541]]
[[0,0],[1,0],[77,541]]
[[0,0],[1,0],[24,541]]
[[0,0],[1,0],[78,541]]
[[0,0],[1,0],[25,541]]
[[0,0],[1,0],[11,541]]
[[0,0],[1,0],[65,541]]
[[0,0],[1,0],[32,541]]
[[0,0],[1,0],[63,541]]
[[0,0],[1,0],[156,541]]
[[0,0],[1,0],[87,541]]
[[0,0],[1,0],[88,541]]
[[0,0],[1,0],[40,541]]
[[0,0],[1,0],[2,541]]
[[0,0],[1,0],[133,541]]
[[0,0],[1,0],[172,541]]
[[0,0],[1,0],[106,541]]
[[0,0],[1,0],[22,541]]
[[0,0],[1,0],[19,541]]
[[0,0],[1,0],[20,541]]
[[0,0],[1,0],[12,541]]
[[0,0],[1,0],[202,541]]
[[0,0],[1,0],[16,541]]
[[0,0],[1,0],[51,541]]
[[0,0],[1,0],[76,541]]
[[0,0],[1,0],[9,541]]
[[0,0],[1,0],[38,541]]
[[0,0],[1,0],[3,541]]
[[0,0],[1,0],[49,541]]
[[0,0],[1,0],[130,541]]
[[0,0],[1,0],[182,541]]
[[0,0],[1,0],[69,541]]
[[0,0],[1,0],[29,541]]
[[0,0],[1,0],[79,541]]
[[0,0],[1,0],[141,541]]
[[0,0],[1,0],[222,541]]
[[0,0],[1,0],[26,541]]
[[0,0],[1,0],[72,541]]
[[0,0],[1,0],[7,541]]
[[0,0],[1,0],[8,541]]
[[0,0],[1,0],[6,541]]
[[0,0],[1,0],[150,541]]
[[0,0],[1,0],[18,541]]
[[0,0],[1,0],[99,541]]
[[0,0],[1,0],[185,541]]
[[0,0],[1,0],[13,541]]
[[0,0],[1,0],[43,541]]
[[0,0],[1,0],[132,541]]
[[0,0],[1,0],[5,541]]
[[0,0],[1,0],[42,541]]
[[0,0],[1,0],[137,541]]
[[0,0],[1,0],[44,541]]
[[0,0],[1,0],[62,541]]
[[0,0],[1,0],[100,541]]
[[0,0],[1,0],[73,541]]
[[0,0],[1,0],[70,541]]
[[0,0],[1,0],[75,541]]
[[0,0],[1,0],[128,541]]
[[0,0],[1,0],[129,541]]
[[0,0],[1,0],[84,541]]
[[0,0],[1,0],[140,541]]
[[0,0],[1,0],[92,541]]
[[0,0],[1,0],[114,541]]
[[0,0],[1,0],[64,541]]
[[0,0],[1,0],[74,541]]
[[0,0],[1,0],[1,541]]
[[0,0],[1,0],[15,541]]
[[0,0],[1,0],[80,541]]
