[[0,0],[1,0],[57,542]]
[[0,0],[1,0],[67,542]]
[[0,0],[1,0],[201,542]]
[[0,0],[1,0],[81,542]]
[[0,0],[1,0],[249,542]]
[[0,0],[1,0],[127,542]]
[[0,0],[1,0],[53,542]]
[[0,0],[1,0],[163,542]]
[[0,0],[1,0],[33,542]]
[[0,0],[1,0],[17,542]]
[[0,0],[1,0],[59,542]]
[[0,0],[1,0],[221,542]]
[[0,0],[1,0],[187,542]]
[[0,0],[1,0],[23,542]]
[[0,0],[1,0],[325,542]]
[[0,0],[1,0],[319,542]]
[[0,0],[1,0],[395,542]]
[[0,0],[1,0],[55,542]]
[[0,0],[1,0],[387,542]]
[[0,0],[1,0],[351,542]]
[[0,0],[1,0],[93,542]]
[[0,0],[1,0],[103,542]]
[[0,0],[1,0],[135,542]]
[[0,0],[1,0],[109,542]]
[[0,0],[1,0],[71,542]]
[[0,0],[1,0],[95,542]]
[[0,0],[1,0],[193,542]]
[[0,0],[1,0],[113,542]]
[[0,0],[1,0],[289,542]]
[[0,0],[1,0],[299,542]]
[[0,0],[1,0],[423,542]]
[[0,0],[1,0],[39,542]]
[[0,0],[1,0],[453,542]]
[[0,0],[1,0],[383,542]]
[[0,0],[1,0],[272,542]]
[[0,0],[1,0],[21,542]]
[[0,0],[1,0],[203,542]]
[[0,0],[1,0],[77,542]]
[[0,0],[1,0],[405,542]]
[[0,0],[1,0],[303,542]]
[[0,0],[1,0],[125,542]]
[[0,0],[1,0],[507,542]]
[[0,0],[1,0],[197,542]]
[[0,0],[1,0],[123,542]]
[[0,0],[1,0],[211,542]]
[[0,0],[1,0],[25,542]]
[[0,0],[1,0],[301,542]]
[[0,0],[1,0],[149,542]]
[[0,0],[1,0],[65,542]]
[[0,0],[1,0],[11,542]]
[[0,0],[1,0],[335,542]]
[[0,0],[1,0],[31,542]]
[[0,0],[1,0],[63,542]]
[[0,0],[1,0],[281,542]]
[[0,0],[1,0],[111,542]]
[[0,0],[1,0],[315,542]]
[[0,0],[1,0],[133,542]]
[[0,0],[1,0],[175,542]]
[[0,0],[1,0],[323,542]]
[[0,0],[1,0],[255,542]]
[[0,0],[1,0],[83,542]]
[[0,0],[1,0],[47,542]]
[[0,0],[1,0],[19,542]]
[[0,0],[1,0],[171,542]]
[[0,0],[1,0],[275,542]]
[[0,0],[1,0],[317,542]]
[[0,0],[1,0],[291,542]]
[[0,0],[1,0],[231,542]]
[[0,0],[1,0],[9,542]]
[[0,0],[1,0],[49,542]]
[[0,0],[1,0],[51,542]]
[[0,0],[1,0],[29,542]]
[[0,0],[1,0],[3,542]]
[[0,0],[1,0],[141,542]]
[[0,0],[1,0],[245,542]]
[[0,0],[1,0],[79,542]]
[[0,0],[1,0],[169,542]]
[[0,0],[1,0],[105,542]]
[[0,0],[1,0],[117,542]]
[[0,0],[1,0],[85,542]]
[[0,0],[1,0],[167,542]]
[[0,0],[1,0],[361,542]]
[[0,0],[1,0],[445,542]]
[[0,0],[1,0],[101,542]]
[[0,0],[1,0],[7,542]]
[[0,0],[1,0],[541,542]]
[[0,0],[1,0],[199,542]]
[[0,0],[1,0],[145,542]]
[[0,0],[1,0],[307,542]]
[[0,0],[1,0],[213,542]]
[[0,0],[1,0],[13,542]]
[[0,0],[1,0],[99,542]]
[[0,0],[1,0],[153,542]]
[[0,0],[1,0],[369,542]]
[[0,0],[1,0],[5,542]]
[[0,0],[1,0],[215,542]]
[[0,0],[1,0],[43,542]]
[[0,0],[1,0],[61,542]]
[[0,0],[1,0],[473,542]]
[[0,0],[1,0],[381,542]]
[[0,0],[1,0],[45,542]]
[[0,0],[1,0],[259,542]]
[[0,0],[1,0],[365,542]]
[[0,0],[1,0],[273,542]]
[[0,0],[1,0],[73,542]]
[[0,0],[1,0],[183,542]]
[[0,0],[1,0],[403,542]]
[[0,0],[1,0],[455,542]]
[[0,0],[1,0],[233,542]]
[[0,0],[1,0],[277,542]]
[[0,0],[1,0],[131,542]]
[[0,0],[1,0],[279,542]]
[[0,0],[1,0],[91,542]]
[[0,0],[1,0],[427,542]]
[[0,0],[1,0],[75,542]]
[[0,0],[1,0],[129,542]]
[[0,0],[1,0],[295,542]]
[[0,0],[1,0],[143,542]]
[[0,0],[1,0],[205,542]]
[[0,0],[1,0],[209,542]]
[[0,0],[1,0],[179,542]]
[[0,0],[1,0],[377,542]]
[[0,0],[1,0],[27,542]]
[[0,0],[1,0],[107,542]]
[[0,0],[1,0],[189,542]]
[[0,0],[1,0],[257,542]]
[[0,0],[1,0],[1,542]]
[[0,0],[1,0],[37,542]]
[[0,0],[1,0],[121,542]]
[[0,0],[1,0],[237,542]]
[[0,0],[1,0],[385,542]]
[[0,0],[1,0],[195,542]]
[[0,0],[1,0],[151,542]]
[[0,0],[1,0],[229,542]]
[[0,0],[1,0],[15,542]]
[[0,0],[1,0],[41,542]]
[[0,0],[1,0],[357,542]]
