[[0,0],[1,0],[67,543]]
[[0,0],[1,0],[337,543]]
[[0,0],[1,0],[268,543]]
[[0,0],[1,0],[244,543]]
[[0,0],[1,0],[110,543]]
[[0,0],[1,0],[439,543]]
[[0,0],[1,0],[17,543]]
[[0,0],[1,0],[50,543]]
[[0,0],[1,0],[23,543]]
[[0,0],[1,0],[157,543]]
[[0,0],[1,0],[319,543]]
[[0,0],[1,0],[325,543]]
[[0,0],[1,0],[55,543]]
[[0,0],[1,0],[124,543]]
[[0,0],[1,0],[109,543]]
[[0,0],[1,0],[46,543]]
[[0,0],[1,0],[14,543]]
[[0,0],[1,0],[71,543]]
[[0,0],[1,0],[379,543]]
[[0,0],[1,0],[363,543]]
[[0,0],[1,0],[223,543]]
[[0,0],[1,0],[331,543]]
[[0,0],[1,0],[113,543]]
[[0,0],[1,0],[10,543]]
[[0,0],[1,0],[289,543]]
[[0,0],[1,0],[475,543]]
[[0,0],[1,0],[82,543]]
[[0,0],[1,0],[208,543]]
[[0,0],[1,0],[148,543]]
[[0,0],[1,0],[52,543]]
[[0,0],[1,0],[86,543]]
[[0,0],[1,0],[4,543]]
[[0,0],[1,0],[236,543]]
[[0,0],[1,0],[125,543]]
[[0,0],[1,0],[340,543]]
[[0,0],[1,0],[283,543]]
[[0,0],[1,0],[25,543]]
[[0,0],[1,0],[301,543]]
[[0,0],[1,0],[65,543]]
[[0,0],[1,0],[226,543]]
[[0,0],[1,0],[11,543]]
[[0,0],[1,0],[262,543]]
[[0,0],[1,0],[31,543]]
[[0,0],[1,0],[88,543]]
[[0,0],[1,0],[40,543]]
[[0,0],[1,0],[235,543]]
[[0,0],[1,0],[172,543]]
[[0,0],[1,0],[175,543]]
[[0,0],[1,0],[112,543]]
[[0,0],[1,0],[83,543]]
[[0,0],[1,0],[20,543]]
[[0,0],[1,0],[2,543]]
[[0,0],[1,0],[328,543]]
[[0,0],[1,0],[47,543]]
[[0,0],[1,0],[22,543]]
[[0,0],[1,0],[19,543]]
[[0,0],[1,0],[106,543]]
[[0,0],[1,0],[16,543]]
[[0,0],[1,0],[202,543]]
[[0,0],[1,0],[76,543]]
[[0,0],[1,0],[146,543]]
[[0,0],[1,0],[122,543]]
[[0,0],[1,0],[49,543]]
[[0,0],[1,0],[38,543]]
[[0,0],[1,0],[29,543]]
[[0,0],[1,0],[130,543]]
[[0,0],[1,0],[182,543]]
[[0,0],[1,0],[217,543]]
[[0,0],[1,0],[170,543]]
[[0,0],[1,0],[169,543]]
[[0,0],[1,0],[85,543]]
[[0,0],[1,0],[26,543]]
[[0,0],[1,0],[178,543]]
[[0,0],[1,0],[361,543]]
[[0,0],[1,0],[370,543]]
[[0,0],[1,0],[265,543]]
[[0,0],[1,0],[8,543]]
[[0,0],[1,0],[7,543]]
[[0,0],[1,0],[511,543]]
[[0,0],[1,0],[199,543]]
[[0,0],[1,0],[145,543]]
[[0,0],[1,0],[166,543]]
[[0,0],[1,0],[214,543]]
[[0,0],[1,0],[349,543]]
[[0,0],[1,0],[13,543]]
[[0,0],[1,0],[28,543]]
[[0,0],[1,0],[5,543]]
[[0,0],[1,0],[43,543]]
[[0,0],[1,0],[61,543]]
[[0,0],[1,0],[322,543]]
[[0,0],[1,0],[259,543]]
[[0,0],[1,0],[490,543]]
[[0,0],[1,0],[62,543]]
[[0,0],[1,0],[100,543]]
[[0,0],[1,0],[73,543]]
[[0,0],[1,0],[58,543]]
[[0,0],[1,0],[403,543]]
[[0,0],[1,0],[70,543]]
[[0,0],[1,0],[139,543]]
[[0,0],[1,0],[56,543]]
[[0,0],[1,0],[232,543]]
[[0,0],[1,0],[91,543]]
[[0,0],[1,0],[316,543]]
[[0,0],[1,0],[92,543]]
[[0,0],[1,0],[220,543]]
[[0,0],[1,0],[355,543]]
[[0,0],[1,0],[205,543]]
[[0,0],[1,0],[271,543]]
[[0,0],[1,0],[64,543]]
[[0,0],[1,0],[209,543]]
[[0,0],[1,0],[107,543]]
[[0,0],[1,0],[247,543]]
[[0,0],[1,0],[1,543]]
[[0,0],[1,0],[190,543]]
[[0,0],[1,0],[121,543]]
[[0,0],[1,0],[37,543]]
[[0,0],[1,0],[151,543]]
[[0,0],[1,0],[229,543]]
[[0,0],[1,0],[286,543]]
[[0,0],[1,0],[142,543]]
[[0,0],[1,0],[118,543]]
[[0,0],[1,0],[409,543]]
[[0,0],[1,0],[41,543]]
[[0,0],[1,0],[230,543]]
