[[0,0],[1,0],[103,545]]
[[0,0],[1,0],[246,545]]
[[0,0],[1,0],[41,545]]
[[0,0],[1,0],[506,545]]
[[0,0],[1,0],[451,545]]
[[0,0],[1,0],[86,545]]
[[0,0],[1,0],[46,545]]
[[0,0],[1,0],[206,545]]
[[0,0],[1,0],[161,545]]
[[0,0],[1,0],[196,545]]
[[0,0],[1,0],[341,545]]
[[0,0],[1,0],[23,545]]
[[0,0],[1,0],[2,545]]
[[0,0],[1,0],[148,545]]
[[0,0],[1,0],[129,545]]
[[0,0],[1,0],[67,545]]
[[0,0],[1,0],[386,545]]
[[0,0],[1,0],[179,545]]
[[0,0],[1,0],[63,545]]
[[0,0],[1,0],[81,545]]
[[0,0],[1,0],[142,545]]
[[0,0],[1,0],[156,545]]
[[0,0],[1,0],[96,545]]
[[0,0],[1,0],[77,545]]
[[0,0],[1,0],[9,545]]
[[0,0],[1,0],[17,545]]
[[0,0],[1,0],[236,545]]
[[0,0],[1,0],[1,545]]
[[0,0],[1,0],[207,545]]
[[0,0],[1,0],[22,545]]
[[0,0],[1,0],[351,545]]
[[0,0],[1,0],[117,545]]
[[0,0],[1,0],[11,545]]
[[0,0],[1,0],[98,545]]
[[0,0],[1,0],[124,545]]
[[0,0],[1,0],[21,545]]
[[0,0],[1,0],[108,545]]
[[0,0],[1,0],[29,545]]
[[0,0],[1,0],[49,545]]
[[0,0],[1,0],[111,545]]
[[0,0],[1,0],[116,545]]
[[0,0],[1,0],[266,545]]
[[0,0],[1,0],[181,545]]
[[0,0],[1,0],[47,545]]
[[0,0],[1,0],[71,545]]
[[0,0],[1,0],[376,545]]
[[0,0],[1,0],[83,545]]
[[0,0],[1,0],[14,545]]
[[0,0],[1,0],[19,545]]
[[0,0],[1,0],[328,545]]
[[0,0],[1,0],[24,545]]
[[0,0],[1,0],[52,545]]
[[0,0],[1,0],[101,545]]
[[0,0],[1,0],[141,545]]
[[0,0],[1,0],[38,545]]
[[0,0],[1,0],[31,545]]
[[0,0],[1,0],[48,545]]
[[0,0],[1,0],[28,545]]
[[0,0],[1,0],[219,545]]
[[0,0],[1,0],[18,545]]
[[0,0],[1,0],[136,545]]
[[0,0],[1,0],[126,545]]
[[0,0],[1,0],[88,545]]
[[0,0],[1,0],[8,545]]
[[0,0],[1,0],[36,545]]
[[0,0],[1,0],[326,545]]
[[0,0],[1,0],[301,545]]
[[0,0],[1,0],[3,545]]
[[0,0],[1,0],[191,545]]
[[0,0],[1,0],[281,545]]
[[0,0],[1,0],[396,545]]
[[0,0],[1,0],[466,545]]
[[0,0],[1,0],[13,545]]
[[0,0],[1,0],[97,545]]
[[0,0],[1,0],[166,545]]
[[0,0],[1,0],[241,545]]
[[0,0],[1,0],[16,545]]
[[0,0],[1,0],[56,545]]
[[0,0],[1,0],[138,545]]
[[0,0],[1,0],[12,545]]
[[0,0],[1,0],[139,545]]
[[0,0],[1,0],[84,545]]
[[0,0],[1,0],[76,545]]
[[0,0],[1,0],[51,545]]
[[0,0],[1,0],[7,545]]
[[0,0],[1,0],[144,545]]
[[0,0],[1,0],[199,545]]
[[0,0],[1,0],[53,545]]
[[0,0],[1,0],[104,545]]
[[0,0],[1,0],[62,545]]
[[0,0],[1,0],[102,545]]
[[0,0],[1,0],[456,545]]
[[0,0],[1,0],[61,545]]
[[0,0],[1,0],[37,545]]
[[0,0],[1,0],[121,545]]
[[0,0],[1,0],[356,545]]
[[0,0],[1,0],[74,545]]
[[0,0],[1,0],[311,545]]
[[0,0],[1,0],[6,545]]
[[0,0],[1,0],[158,545]]
[[0,0],[1,0],[221,545]]
[[0,0],[1,0],[216,545]]
[[0,0],[1,0],[57,545]]
[[0,0],[1,0],[157,545]]
[[0,0],[1,0],[131,545]]
[[0,0],[1,0],[316,545]]
[[0,0],[1,0],[66,545]]
[[0,0],[1,0],[64,545]]
[[0,0],[1,0],[54,545]]
[[0,0],[1,0],[110,545]]
[[0,0],[1,0],[151,545]]
[[0,0],[1,0],[4,545]]
