[[0,0],[1,0],[226,546]]
[[0,0],[1,0],[287,546]]
[[0,0],[1,0],[519,546]]
[[0,0],[1,0],[456,546]]
[[0,0],[2,0],[119,273]]
[[0,0],[1,0],[61,546]]
[[0,0],[1,0],[394,546]]
[[0,0],[1,0],[197,546]]
[[0,0],[1,0],[131,546]]
[[0,0],[2,0],[249,273]]
[[0,0],[1,0],[478,546]]
[[0,0],[1,0],[302,546]]
[[0,0],[1,0],[10,546]]
[[0,0],[1,0],[8,546]]
[[0,0],[1,0],[454,546]]
[[0,0],[1,0],[1,546]]
[[0,0],[1,0],[222,546]]
[[0,0],[2,0],[177,273]]
[[0,0],[1,0],[170,546]]
[[0,0],[2,0],[261,273]]
[[0,0],[1,0],[545,546]]
[[0,0],[1,0],[199,546]]
[[0,0],[1,0],[191,546]]
[[0,0],[1,0],[386,546]]
[[0,0],[1,0],[73,546]]
[[0,0],[2,0],[135,273]]
[[0,0],[1,0],[414,546]]
[[0,0],[1,0],[121,546]]
[[0,0],[1,0],[66,546]]
[[0,0],[1,0],[239,546]]
[[0,0],[1,0],[382,546]]
[[0,0],[2,0],[9,273]]
[[0,0],[1,0],[137,546]]
[[0,0],[1,0],[142,546]]
[[0,0],[1,0],[109,546]]
[[0,0],[1,0],[407,546]]
[[0,0],[1,0],[64,546]]
[[0,0],[1,0],[101,546]]
[[0,0],[1,0],[271,546]]
[[0,0],[1,0],[107,546]]
[[0,0],[1,0],[181,546]]
[[0,0],[1,0],[428,546]]
[[0,0],[1,0],[76,546]]
[[0,0],[1,0],[344,546]]
[[0,0],[3,0],[133,182]]
[[0,0],[1,0],[477,546]]
[[0,0],[1,0],[94,546]]
[[0,0],[1,0],[251,546]]
[[0,0],[2,0],[28,273]]
[[0,0],[1,0],[82,546]]
[[0,0],[1,0],[16,546]]
[[0,0],[1,0],[196,546]]
[[0,0],[1,0],[393,546]]
[[0,0],[1,0],[105,546]]
[[0,0],[1,0],[417,546]]
[[0,0],[1,0],[372,546]]
[[0,0],[1,0],[319,546]]
[[0,0],[1,0],[218,546]]
[[0,0],[1,0],[232,546]]
[[0,0],[1,0],[151,546]]
[[0,0],[1,0],[397,546]]
[[0,0],[1,0],[309,546]]
[[0,0],[1,0],[300,546]]
[[0,0],[1,0],[11,546]]
[[0,0],[2,0],[219,273]]
[[0,0],[1,0],[436,546]]
[[0,0],[1,0],[326,546]]
[[0,0],[1,0],[178,546]]
[[0,0],[1,0],[283,546]]
[[0,0],[1,0],[25,546]]
[[0,0],[1,0],[124,546]]
[[0,0],[1,0],[15,546]]
[[0,0],[1,0],[460,546]]
[[0,0],[1,0],[120,546]]
[[0,0],[1,0],[103,546]]
[[0,0],[1,0],[85,546]]
[[0,0],[1,0],[100,546]]
[[0,0],[1,0],[144,546]]
[[0,0],[1,0],[209,546]]
[[0,0],[3,0],[143,182]]
[[0,0],[1,0],[83,546]]
[[0,0],[1,0],[31,546]]
[[0,0],[1,0],[365,546]]
[[0,0],[1,0],[328,546]]
[[0,0],[1,0],[533,546]]
[[0,0],[1,0],[53,546]]
[[0,0],[1,0],[71,546]]
[[0,0],[1,0],[169,546]]
[[0,0],[1,0],[250,546]]
[[0,0],[1,0],[305,546]]
[[0,0],[1,0],[337,546]]
[[0,0],[1,0],[79,546]]
[[0,0],[1,0],[145,546]]
[[0,0],[1,0],[262,546]]
[[0,0],[1,0],[89,546]]
[[0,0],[1,0],[166,546]]
[[0,0],[1,0],[316,546]]
[[0,0],[1,0],[184,546]]
[[0,0],[2,0],[30,273]]
[[0,0],[1,0],[233,546]]
[[0,0],[1,0],[34,546]]
[[0,0],[6,0],[84,91]]
[[0,0],[1,0],[388,546]]
[[0,0],[1,0],[404,546]]
[[0,0],[1,0],[470,546]]
[[0,0],[1,0],[508,546]]
[[0,0],[1,0],[41,546]]
[[0,0],[1,0],[339,546]]
[[0,0],[1,0],[268,546]]
[[0,0],[1,0],[167,546]]
[[0,0],[1,0],[514,546]]
[[0,0],[1,0],[435,546]]
[[0,0],[1,0],[358,546]]
[[0,0],[1,0],[484,546]]
[[0,0],[1,0],[288,546]]
[[0,0],[1,0],[274,546]]
[[0,0],[1,0],[311,546]]
[[0,0],[1,0],[5,546]]
[[0,0],[1,0],[340,546]]
[[0,0],[1,0],[211,546]]
[[0,0],[1,0],[37,546]]
[[0,0],[1,0],[22,546]]
[[0,0],[1,0],[202,546]]
[[0,0],[1,0],[57,546]]
[[0,0],[2,0],[54,273]]
[[0,0],[1,0],[134,546]]
[[0,0],[1,0],[162,546]]
[[0,0],[1,0],[256,546]]
[[0,0],[1,0],[246,546]]
[[0,0],[1,0],[376,546]]
[[0,0],[1,0],[267,546]]
[[0,0],[2,0],[132,273]]
[[0,0],[1,0],[204,546]]
[[0,0],[1,0],[118,546]]
[[0,0],[1,0],[419,546]]
[[0,0],[1,0],[352,546]]
[[0,0],[1,0],[4,546]]
[[0,0],[1,0],[244,546]]
[[0,0],[1,0],[526,546]]
[[0,0],[1,0],[304,546]]
[[0,0],[1,0],[214,546]]
[[0,0],[1,0],[482,546]]
[[0,0],[1,0],[383,546]]
[[0,0],[1,0],[157,546]]
[[0,0],[1,0],[225,546]]
[[0,0],[1,0],[17,546]]
[[0,0],[1,0],[155,546]]
[[0,0],[1,0],[400,546]]
[[0,0],[1,0],[106,546]]
[[0,0],[1,0],[43,546]]
[[0,0],[1,0],[19,546]]
[[0,0],[1,0],[330,546]]
[[0,0],[1,0],[430,546]]
[[0,0],[1,0],[215,546]]
[[0,0],[1,0],[359,546]]
[[0,0],[1,0],[141,546]]
[[0,0],[1,0],[88,546]]
[[0,0],[1,0],[466,546]]
[[0,0],[1,0],[223,546]]
[[0,0],[1,0],[412,546]]
[[0,0],[1,0],[292,546]]
[[0,0],[1,0],[538,546]]
[[0,0],[1,0],[431,546]]
[[0,0],[1,0],[421,546]]
[[0,0],[1,0],[148,546]]
[[0,0],[1,0],[36,546]]
[[0,0],[1,0],[40,546]]
[[0,0],[1,0],[58,546]]
[[0,0],[1,0],[469,546]]
[[0,0],[1,0],[534,546]]
[[0,0],[2,0],[114,273]]
[[0,0],[1,0],[172,546]]
[[0,0],[1,0],[27,546]]
[[0,0],[1,0],[269,546]]
[[0,0],[1,0],[220,546]]
[[0,0],[2,0],[51,273]]
[[0,0],[1,0],[433,546]]
[[0,0],[1,0],[298,546]]
[[0,0],[1,0],[253,546]]
[[0,0],[1,0],[190,546]]
[[0,0],[1,0],[310,546]]
[[0,0],[1,0],[160,546]]
[[0,0],[1,0],[498,546]]
[[0,0],[1,0],[424,546]]
[[0,0],[1,0],[179,546]]
[[0,0],[1,0],[205,546]]
[[0,0],[1,0],[46,546]]
[[0,0],[1,0],[176,546]]
[[0,0],[1,0],[29,546]]
[[0,0],[1,0],[59,546]]
[[0,0],[2,0],[72,273]]
[[0,0],[2,0],[198,273]]
[[0,0],[1,0],[92,546]]
[[0,0],[1,0],[370,546]]
[[0,0],[2,0],[240,273]]
[[0,0],[1,0],[289,546]]
[[0,0],[1,0],[193,546]]
[[0,0],[1,0],[346,546]]
[[0,0],[2,0],[15,273]]
[[0,0],[1,0],[99,546]]
[[0,0],[1,0],[373,546]]
[[0,0],[1,0],[317,546]]
[[0,0],[1,0],[544,546]]
[[0,0],[1,0],[50,546]]
[[0,0],[2,0],[65,273]]
[[0,0],[2,0],[171,273]]
[[0,0],[1,0],[334,546]]
[[0,0],[1,0],[261,546]]
[[0,0],[2,0],[93,273]]
[[0,0],[1,0],[67,546]]
[[0,0],[1,0],[391,546]]
[[0,0],[1,0],[418,546]]
[[0,0],[1,0],[47,546]]
[[0,0],[1,0],[472,546]]
[[0,0],[1,0],[185,546]]
[[0,0],[1,0],[97,546]]
[[0,0],[1,0],[502,546]]
[[0,0],[1,0],[265,546]]
[[0,0],[1,0],[496,546]]
[[0,0],[1,0],[23,546]]
[[0,0],[1,0],[136,546]]
[[0,0],[1,0],[540,546]]
[[0,0],[1,0],[512,546]]
[[0,0],[1,0],[451,546]]
[[0,0],[1,0],[248,546]]
[[0,0],[1,0],[495,546]]
[[0,0],[1,0],[55,546]]
[[0,0],[1,0],[183,546]]
