[[0,0],[1,0],[4,549]]
[[0,0],[3,0],[6,183]]
[[0,0],[1,0],[343,549]]
[[0,0],[1,0],[364,549]]
[[0,0],[1,0],[160,549]]
[[0,0],[3,0],[9,183]]
[[0,0],[1,0],[34,549]]
[[0,0],[1,0],[41,549]]
[[0,0],[1,0],[292,549]]
[[0,0],[1,0],[70,549]]
[[0,0],[1,0],[46,549]]
[[0,0],[1,0],[118,549]]
[[0,0],[1,0],[173,549]]
[[0,0],[1,0],[161,549]]
[[0,0],[1,0],[331,549]]
[[0,0],[1,0],[107,549]]
[[0,0],[1,0],[487,549]]
[[0,0],[1,0],[32,549]]
[[0,0],[1,0],[232,549]]
[[0,0],[1,0],[67,549]]
[[0,0],[1,0],[82,549]]
[[0,0],[1,0],[59,549]]
[[0,0],[1,0],[196,549]]
[[0,0],[1,0],[337,549]]
[[0,0],[1,0],[187,549]]
[[0,0],[1,0],[23,549]]
[[0,0],[1,0],[2,549]]
[[0,0],[1,0],[80,549]]
[[0,0],[1,0],[10,549]]
[[0,0],[1,0],[17,549]]
[[0,0],[3,0],[27,183]]
[[0,0],[1,0],[130,549]]
[[0,0],[1,0],[1,549]]
[[0,0],[1,0],[340,549]]
[[0,0],[3,0],[18,183]]
[[0,0],[1,0],[22,549]]
[[0,0],[1,0],[385,549]]
[[0,0],[1,0],[11,549]]
[[0,0],[1,0],[245,549]]
[[0,0],[1,0],[499,549]]
[[0,0],[1,0],[115,549]]
[[0,0],[1,0],[49,549]]
[[0,0],[1,0],[211,549]]
[[0,0],[1,0],[29,549]]
[[0,0],[1,0],[112,549]]
[[0,0],[1,0],[20,549]]
[[0,0],[1,0],[265,549]]
[[0,0],[1,0],[223,549]]
[[0,0],[1,0],[325,549]]
[[0,0],[1,0],[94,549]]
[[0,0],[1,0],[83,549]]
[[0,0],[1,0],[123,549]]
[[0,0],[1,0],[172,549]]
[[0,0],[1,0],[352,549]]
[[0,0],[1,0],[47,549]]
[[0,0],[1,0],[19,549]]
[[0,0],[1,0],[14,549]]
[[0,0],[1,0],[71,549]]
[[0,0],[1,0],[226,549]]
[[0,0],[1,0],[38,549]]
[[0,0],[1,0],[208,549]]
[[0,0],[1,0],[52,549]]
[[0,0],[1,0],[322,549]]
[[0,0],[1,0],[101,549]]
[[0,0],[1,0],[109,549]]
[[0,0],[1,0],[214,549]]
[[0,0],[1,0],[31,549]]
[[0,0],[1,0],[193,549]]
[[0,0],[1,0],[358,549]]
[[0,0],[1,0],[184,549]]
[[0,0],[1,0],[334,549]]
[[0,0],[1,0],[349,549]]
[[0,0],[1,0],[28,549]]
[[0,0],[1,0],[88,549]]
[[0,0],[1,0],[298,549]]
[[0,0],[1,0],[73,549]]
[[0,0],[1,0],[433,549]]
[[0,0],[3,0],[42,183]]
[[0,0],[1,0],[8,549]]
[[0,0],[1,0],[489,549]]
[[0,0],[1,0],[91,549]]
[[0,0],[1,0],[306,549]]
[[0,0],[1,0],[235,549]]
[[0,0],[3,0],[3,183]]
[[0,0],[1,0],[85,549]]
[[0,0],[3,0],[51,183]]
[[0,0],[1,0],[58,549]]
[[0,0],[1,0],[133,549]]
[[0,0],[1,0],[97,549]]
[[0,0],[1,0],[262,549]]
[[0,0],[1,0],[65,549]]
[[0,0],[1,0],[241,549]]
[[0,0],[1,0],[16,549]]
[[0,0],[1,0],[13,549]]
[[0,0],[1,0],[40,549]]
[[0,0],[1,0],[247,549]]
[[0,0],[1,0],[92,549]]
[[0,0],[1,0],[220,549]]
[[0,0],[1,0],[106,549]]
[[0,0],[1,0],[286,549]]
[[0,0],[1,0],[44,549]]
[[0,0],[1,0],[217,549]]
[[0,0],[1,0],[178,549]]
[[0,0],[1,0],[76,549]]
[[0,0],[1,0],[145,549]]
[[0,0],[1,0],[313,549]]
[[0,0],[1,0],[463,549]]
[[0,0],[1,0],[79,549]]
[[0,0],[1,0],[7,549]]
[[0,0],[1,0],[62,549]]
[[0,0],[1,0],[199,549]]
[[0,0],[1,0],[53,549]]
[[0,0],[1,0],[439,549]]
[[0,0],[1,0],[274,549]]
[[0,0],[1,0],[100,549]]
[[0,0],[1,0],[35,549]]
[[0,0],[1,0],[346,549]]
[[0,0],[1,0],[127,549]]
[[0,0],[1,0],[205,549]]
[[0,0],[1,0],[259,549]]
[[0,0],[1,0],[37,549]]
[[0,0],[1,0],[121,549]]
[[0,0],[3,0],[12,183]]
[[0,0],[3,0],[66,183]]
[[0,0],[1,0],[128,549]]
[[0,0],[3,0],[21,183]]
[[0,0],[1,0],[43,549]]
[[0,0],[1,0],[5,549]]
[[0,0],[1,0],[307,549]]
[[0,0],[1,0],[74,549]]
[[0,0],[1,0],[221,549]]
[[0,0],[1,0],[64,549]]
[[0,0],[1,0],[68,549]]
[[0,0],[1,0],[319,549]]
[[0,0],[1,0],[238,549]]
[[0,0],[3,0],[24,183]]
[[0,0],[3,0],[15,183]]
[[0,0],[1,0],[190,549]]
