[[0,0],[1,0],[183,550]]
[[0,0],[1,0],[281,550]]
[[0,0],[1,0],[171,550]]
[[0,0],[1,0],[456,550]]
[[0,0],[1,0],[226,550]]
[[0,0],[1,0],[117,550]]
[[0,0],[1,0],[78,550]]
[[0,0],[1,0],[51,550]]
[[0,0],[1,0],[86,550]]
[[0,0],[1,0],[343,550]]
[[0,0],[1,0],[61,550]]
[[0,0],[1,0],[1,550]]
[[0,0],[1,0],[197,550]]
[[0,0],[1,0],[111,550]]
[[0,0],[1,0],[320,550]]
[[0,0],[1,0],[408,550]]
[[0,0],[1,0],[113,550]]
[[0,0],[1,0],[210,550]]
[[0,0],[1,0],[399,550]]
[[0,0],[5,0],[25,110]]
[[0,0],[1,0],[3,550]]
[[0,0],[1,0],[56,550]]
[[0,0],[1,0],[199,550]]
[[0,0],[1,0],[73,550]]
[[0,0],[1,0],[191,550]]
[[0,0],[1,0],[386,550]]
[[0,0],[1,0],[263,550]]
[[0,0],[1,0],[249,550]]
[[0,0],[1,0],[389,550]]
[[0,0],[1,0],[387,550]]
[[0,0],[1,0],[81,550]]
[[0,0],[1,0],[137,550]]
[[0,0],[1,0],[239,550]]
[[0,0],[1,0],[21,550]]
[[0,0],[1,0],[216,550]]
[[0,0],[1,0],[518,550]]
[[0,0],[1,0],[109,550]]
[[0,0],[1,0],[107,550]]
[[0,0],[1,0],[243,550]]
[[0,0],[1,0],[101,550]]
[[0,0],[1,0],[69,550]]
[[0,0],[1,0],[271,550]]
[[0,0],[1,0],[126,550]]
[[0,0],[1,0],[181,550]]
[[0,0],[1,0],[129,550]]
[[0,0],[1,0],[63,550]]
[[0,0],[1,0],[9,550]]
[[0,0],[1,0],[26,550]]
[[0,0],[1,0],[76,550]]
[[0,0],[1,0],[356,550]]
[[0,0],[1,0],[251,550]]
[[0,0],[1,0],[146,550]]
[[0,0],[1,0],[16,550]]
[[0,0],[1,0],[217,550]]
[[0,0],[1,0],[474,550]]
[[0,0],[1,0],[426,550]]
[[0,0],[1,0],[196,550]]
[[0,0],[5,0],[105,110]]
[[0,0],[1,0],[257,550]]
[[0,0],[1,0],[232,550]]
[[0,0],[5,0],[5,110]]
[[0,0],[1,0],[326,550]]
[[0,0],[1,0],[446,550]]
[[0,0],[1,0],[283,550]]
[[0,0],[1,0],[436,550]]
[[0,0],[1,0],[546,550]]
[[0,0],[1,0],[351,550]]
[[0,0],[1,0],[156,550]]
[[0,0],[1,0],[7,550]]
[[0,0],[1,0],[291,550]]
[[0,0],[1,0],[144,550]]
[[0,0],[1,0],[189,550]]
[[0,0],[1,0],[103,550]]
[[0,0],[1,0],[83,550]]
[[0,0],[1,0],[342,550]]
[[0,0],[1,0],[31,550]]
[[0,0],[1,0],[536,550]]
[[0,0],[1,0],[169,550]]
[[0,0],[1,0],[39,550]]
[[0,0],[1,0],[53,550]]
[[0,0],[1,0],[366,550]]
[[0,0],[1,0],[89,550]]
[[0,0],[1,0],[166,550]]
[[0,0],[1,0],[296,550]]
[[0,0],[1,0],[79,550]]
[[0,0],[1,0],[233,550]]
[[0,0],[1,0],[316,550]]
[[0,0],[1,0],[123,550]]
[[0,0],[1,0],[188,550]]
[[0,0],[1,0],[34,550]]
[[0,0],[1,0],[254,550]]
[[0,0],[1,0],[41,550]]
[[0,0],[1,0],[521,550]]
[[0,0],[1,0],[476,550]]
[[0,0],[1,0],[167,550]]
[[0,0],[1,0],[323,550]]
[[0,0],[1,0],[479,550]]
[[0,0],[1,0],[93,550]]
[[0,0],[1,0],[211,550]]
[[0,0],[1,0],[57,550]]
[[0,0],[1,0],[37,550]]
[[0,0],[1,0],[229,550]]
[[0,0],[1,0],[96,550]]
[[0,0],[1,0],[256,550]]
[[0,0],[1,0],[246,550]]
[[0,0],[1,0],[357,550]]
[[0,0],[1,0],[122,550]]
[[0,0],[1,0],[371,550]]
[[0,0],[1,0],[376,550]]
[[0,0],[1,0],[203,550]]
[[0,0],[1,0],[419,550]]
[[0,0],[1,0],[206,550]]
[[0,0],[1,0],[153,550]]
[[0,0],[2,0],[35,275]]
[[0,0],[1,0],[526,550]]
[[0,0],[1,0],[173,550]]
[[0,0],[1,0],[277,550]]
[[0,0],[1,0],[159,550]]
[[0,0],[1,0],[236,550]]
[[0,0],[1,0],[17,550]]
[[0,0],[1,0],[155,550]]
[[0,0],[2,0],[77,275]]
[[0,0],[1,0],[247,550]]
[[0,0],[1,0],[139,550]]
[[0,0],[1,0],[157,550]]
[[0,0],[1,0],[43,550]]
[[0,0],[1,0],[549,550]]
[[0,0],[1,0],[19,550]]
[[0,0],[1,0],[452,550]]
[[0,0],[1,0],[430,550]]
[[0,0],[1,0],[276,550]]
[[0,0],[1,0],[106,550]]
[[0,0],[1,0],[87,550]]
[[0,0],[1,0],[416,550]]
[[0,0],[1,0],[141,550]]
[[0,0],[1,0],[364,550]]
[[0,0],[1,0],[119,550]]
[[0,0],[5,0],[15,110]]
[[0,0],[1,0],[327,550]]
[[0,0],[1,0],[466,550]]
[[0,0],[1,0],[306,550]]
[[0,0],[1,0],[485,550]]
[[0,0],[1,0],[213,550]]
[[0,0],[1,0],[91,550]]
[[0,0],[1,0],[266,550]]
[[0,0],[1,0],[36,550]]
[[0,0],[1,0],[27,550]]
[[0,0],[1,0],[49,550]]
[[0,0],[1,0],[298,550]]
[[0,0],[2,0],[255,275]]
[[0,0],[1,0],[45,550]]
[[0,0],[1,0],[46,550]]
[[0,0],[1,0],[516,550]]
[[0,0],[1,0],[12,550]]
[[0,0],[1,0],[219,550]]
[[0,0],[1,0],[176,550]]
[[0,0],[2,0],[145,275]]
[[0,0],[1,0],[201,550]]
[[0,0],[5,0],[65,110]]
[[0,0],[1,0],[116,550]]
[[0,0],[1,0],[149,550]]
[[0,0],[1,0],[6,550]]
[[0,0],[1,0],[59,550]]
[[0,0],[1,0],[241,550]]
[[0,0],[1,0],[177,550]]
[[0,0],[5,0],[35,110]]
[[0,0],[1,0],[406,550]]
[[0,0],[1,0],[13,550]]
[[0,0],[1,0],[486,550]]
[[0,0],[5,0],[60,110]]
[[0,0],[1,0],[346,550]]
[[0,0],[1,0],[147,550]]
[[0,0],[1,0],[423,550]]
[[0,0],[1,0],[133,550]]
[[0,0],[1,0],[67,550]]
[[0,0],[1,0],[336,550]]
[[0,0],[1,0],[261,550]]
[[0,0],[2,0],[90,275]]
[[0,0],[1,0],[97,550]]
[[0,0],[1,0],[265,550]]
[[0,0],[1,0],[496,550]]
[[0,0],[1,0],[47,550]]
[[0,0],[1,0],[136,550]]
[[0,0],[1,0],[221,550]]
[[0,0],[1,0],[451,550]]
[[0,0],[1,0],[313,550]]
[[0,0],[1,0],[23,550]]
[[0,0],[1,0],[540,550]]
[[0,0],[1,0],[186,550]]
