[[0,0],[1,0],[41,551]]
[[0,0],[1,0],[343,551]]
[[0,0],[1,0],[33,551]]
[[0,0],[1,0],[34,551]]
[[0,0],[1,0],[204,551]]
[[0,0],[1,0],[86,551]]
[[0,0],[1,0],[210,551]]
[[0,0],[1,0],[32,551]]
[[0,0],[1,0],[67,551]]
[[0,0],[1,0],[59,551]]
[[0,0],[1,0],[39,551]]
[[0,0],[1,0],[23,551]]
[[0,0],[1,0],[2,551]]
[[0,0],[1,0],[96,551]]
[[0,0],[1,0],[30,551]]
[[0,0],[1,0],[10,551]]
[[0,0],[1,0],[9,551]]
[[0,0],[1,0],[17,551]]
[[0,0],[1,0],[1,551]]
[[0,0],[1,0],[77,551]]
[[0,0],[1,0],[15,551]]
[[0,0],[1,0],[22,551]]
[[0,0],[1,0],[11,551]]
[[0,0],[1,0],[291,551]]
[[0,0],[1,0],[117,551]]
[[0,0],[1,0],[122,551]]
[[0,0],[1,0],[115,551]]
[[0,0],[1,0],[21,551]]
[[0,0],[1,0],[112,551]]
[[0,0],[1,0],[20,551]]
[[0,0],[1,0],[378,551]]
[[0,0],[1,0],[98,551]]
[[0,0],[1,0],[89,551]]
[[0,0],[1,0],[172,551]]
[[0,0],[1,0],[175,551]]
[[0,0],[1,0],[94,551]]
[[0,0],[1,0],[83,551]]
[[0,0],[1,0],[134,551]]
[[0,0],[1,0],[120,551]]
[[0,0],[1,0],[14,551]]
[[0,0],[1,0],[149,551]]
[[0,0],[1,0],[71,551]]
[[0,0],[1,0],[436,551]]
[[0,0],[1,0],[150,551]]
[[0,0],[1,0],[218,551]]
[[0,0],[1,0],[52,551]]
[[0,0],[1,0],[137,551]]
[[0,0],[1,0],[48,551]]
[[0,0],[1,0],[31,551]]
[[0,0],[1,0],[99,551]]
[[0,0],[1,0],[136,551]]
[[0,0],[1,0],[28,551]]
[[0,0],[1,0],[88,551]]
[[0,0],[1,0],[305,551]]
[[0,0],[1,0],[126,551]]
[[0,0],[1,0],[73,551]]
[[0,0],[1,0],[183,551]]
[[0,0],[1,0],[78,551]]
[[0,0],[1,0],[72,551]]
[[0,0],[1,0],[8,551]]
[[0,0],[1,0],[18,551]]
[[0,0],[1,0],[91,551]]
[[0,0],[1,0],[85,551]]
[[0,0],[1,0],[36,551]]
[[0,0],[1,0],[3,551]]
[[0,0],[1,0],[182,551]]
[[0,0],[1,0],[97,551]]
[[0,0],[1,0],[65,551]]
[[0,0],[1,0],[16,551]]
[[0,0],[1,0],[27,551]]
[[0,0],[1,0],[191,551]]
[[0,0],[1,0],[13,551]]
[[0,0],[1,0],[40,551]]
[[0,0],[1,0],[267,551]]
[[0,0],[1,0],[44,551]]
[[0,0],[1,0],[12,551]]
[[0,0],[1,0],[227,551]]
[[0,0],[1,0],[494,551]]
[[0,0],[1,0],[84,551]]
[[0,0],[1,0],[104,551]]
[[0,0],[1,0],[79,551]]
[[0,0],[1,0],[7,551]]
[[0,0],[1,0],[62,551]]
[[0,0],[1,0],[100,551]]
[[0,0],[1,0],[61,551]]
[[0,0],[1,0],[121,551]]
[[0,0],[1,0],[37,551]]
[[0,0],[1,0],[35,551]]
[[0,0],[1,0],[127,551]]
[[0,0],[1,0],[381,551]]
[[0,0],[1,0],[153,551]]
[[0,0],[1,0],[6,551]]
[[0,0],[1,0],[5,551]]
[[0,0],[1,0],[43,551]]
[[0,0],[1,0],[68,551]]
[[0,0],[1,0],[157,551]]
[[0,0],[1,0],[90,551]]
[[0,0],[1,0],[66,551]]
[[0,0],[1,0],[4,551]]
[[0,0],[1,0],[151,551]]
[[0,0],[1,0],[42,551]]
[[0,0],[1,0],[45,551]]
