[[0,0],[1,0],[394,552]]
[[0,0],[1,0],[55,552]]
[[0,0],[1,0],[61,552]]
[[0,0],[1,0],[10,552]]
[[0,0],[1,0],[226,552]]
[[0,0],[1,0],[454,552]]
[[0,0],[1,0],[117,552]]
[[0,0],[1,0],[208,552]]
[[0,0],[1,0],[1,552]]
[[0,0],[2,0],[106,276]]
[[0,0],[1,0],[301,552]]
[[0,0],[1,0],[441,552]]
[[0,0],[1,0],[281,552]]
[[0,0],[1,0],[395,552]]
[[0,0],[1,0],[321,552]]
[[0,0],[2,0],[62,276]]
[[0,0],[1,0],[478,552]]
[[0,0],[1,0],[197,552]]
[[0,0],[1,0],[113,552]]
[[0,0],[2,0],[80,276]]
[[0,0],[1,0],[191,552]]
[[0,0],[1,0],[525,552]]
[[0,0],[1,0],[429,552]]
[[0,0],[2,0],[8,276]]
[[0,0],[1,0],[143,552]]
[[0,0],[1,0],[293,552]]
[[0,0],[1,0],[349,552]]
[[0,0],[2,0],[44,276]]
[[0,0],[2,0],[176,276]]
[[0,0],[1,0],[199,552]]
[[0,0],[2,0],[86,276]]
[[0,0],[2,0],[50,276]]
[[0,0],[2,0],[20,276]]
[[0,0],[1,0],[239,552]]
[[0,0],[2,0],[94,276]]
[[0,0],[2,0],[104,276]]
[[0,0],[1,0],[73,552]]
[[0,0],[1,0],[381,552]]
[[0,0],[2,0],[32,276]]
[[0,0],[2,0],[188,276]]
[[0,0],[1,0],[81,552]]
[[0,0],[1,0],[249,552]]
[[0,0],[1,0],[109,552]]
[[0,0],[1,0],[369,552]]
[[0,0],[2,0],[14,276]]
[[0,0],[2,0],[140,276]]
[[0,0],[1,0],[21,552]]
[[0,0],[1,0],[382,552]]
[[0,0],[1,0],[325,552]]
[[0,0],[1,0],[142,552]]
[[0,0],[3,0],[164,184]]
[[0,0],[1,0],[137,552]]
[[0,0],[1,0],[275,552]]
[[0,0],[1,0],[238,552]]
[[0,0],[1,0],[129,552]]
[[0,0],[1,0],[442,552]]
[[0,0],[1,0],[489,552]]
[[0,0],[1,0],[107,552]]
[[0,0],[1,0],[101,552]]
[[0,0],[1,0],[165,552]]
[[0,0],[1,0],[477,552]]
[[0,0],[2,0],[26,276]]
[[0,0],[1,0],[231,552]]
[[0,0],[1,0],[237,552]]
[[0,0],[1,0],[285,552]]
[[0,0],[1,0],[438,552]]
[[0,0],[1,0],[163,552]]
[[0,0],[1,0],[95,552]]
[[0,0],[1,0],[417,552]]
[[0,0],[4,0],[96,138]]
[[0,0],[1,0],[331,552]]
[[0,0],[1,0],[9,552]]
[[0,0],[1,0],[94,552]]
[[0,0],[2,0],[118,276]]
[[0,0],[2,0],[154,276]]
[[0,0],[1,0],[392,552]]
[[0,0],[1,0],[257,552]]
[[0,0],[1,0],[82,552]]
[[0,0],[1,0],[300,552]]
[[0,0],[1,0],[333,552]]
[[0,0],[1,0],[427,552]]
[[0,0],[1,0],[393,552]]
[[0,0],[1,0],[105,552]]
[[0,0],[2,0],[152,276]]
[[0,0],[1,0],[151,552]]
[[0,0],[2,0],[56,276]]
[[0,0],[2,0],[186,276]]
[[0,0],[1,0],[11,552]]
[[0,0],[1,0],[309,552]]
[[0,0],[1,0],[189,552]]
[[0,0],[1,0],[178,552]]
[[0,0],[1,0],[530,552]]
[[0,0],[1,0],[283,552]]
[[0,0],[1,0],[7,552]]
[[0,0],[1,0],[83,552]]
[[0,0],[1,0],[25,552]]
[[0,0],[1,0],[31,552]]
[[0,0],[1,0],[209,552]]
[[0,0],[3,0],[72,184]]
[[0,0],[2,0],[146,276]]
[[0,0],[1,0],[103,552]]
[[0,0],[1,0],[250,552]]
[[0,0],[1,0],[490,552]]
[[0,0],[1,0],[337,552]]
[[0,0],[1,0],[262,552]]
[[0,0],[2,0],[272,276]]
[[0,0],[2,0],[260,276]]
[[0,0],[1,0],[166,552]]
[[0,0],[1,0],[145,552]]
[[0,0],[1,0],[71,552]]
[[0,0],[1,0],[53,552]]
[[0,0],[2,0],[10,276]]
[[0,0],[2,0],[182,276]]
[[0,0],[1,0],[329,552]]
[[0,0],[1,0],[529,552]]
[[0,0],[1,0],[33,552]]
[[0,0],[1,0],[89,552]]
[[0,0],[1,0],[34,552]]
[[0,0],[1,0],[233,552]]
[[0,0],[1,0],[358,552]]
[[0,0],[1,0],[93,552]]
[[0,0],[1,0],[413,552]]
[[0,0],[1,0],[323,552]]
[[0,0],[2,0],[212,276]]
[[0,0],[2,0],[82,276]]
[[0,0],[1,0],[405,552]]
[[0,0],[1,0],[254,552]]
[[0,0],[1,0],[461,552]]
[[0,0],[1,0],[211,552]]
[[0,0],[1,0],[41,552]]
[[0,0],[1,0],[514,552]]
[[0,0],[2,0],[110,276]]
[[0,0],[1,0],[22,552]]
[[0,0],[1,0],[202,552]]
[[0,0],[1,0],[274,552]]
[[0,0],[1,0],[473,552]]
[[0,0],[1,0],[484,552]]
[[0,0],[2,0],[134,276]]
[[0,0],[1,0],[371,552]]
[[0,0],[1,0],[35,552]]
[[0,0],[1,0],[5,552]]
[[0,0],[1,0],[70,552]]
[[0,0],[1,0],[118,552]]
[[0,0],[1,0],[37,552]]
[[0,0],[1,0],[229,552]]
[[0,0],[1,0],[467,552]]
[[0,0],[1,0],[357,552]]
[[0,0],[1,0],[162,552]]
[[0,0],[2,0],[68,276]]
[[0,0],[1,0],[57,552]]
[[0,0],[1,0],[77,552]]
[[0,0],[1,0],[173,552]]
[[0,0],[2,0],[248,276]]
[[0,0],[2,0],[22,276]]
[[0,0],[1,0],[214,552]]
[[0,0],[1,0],[507,552]]
[[0,0],[2,0],[2,276]]
[[0,0],[1,0],[383,552]]
[[0,0],[1,0],[153,552]]
[[0,0],[1,0],[465,552]]
[[0,0],[1,0],[225,552]]
[[0,0],[1,0],[526,552]]
[[0,0],[1,0],[17,552]]
[[0,0],[1,0],[277,552]]
[[0,0],[2,0],[70,276]]
[[0,0],[1,0],[501,552]]
[[0,0],[1,0],[106,552]]
[[0,0],[1,0],[19,552]]
[[0,0],[2,0],[48,276]]
[[0,0],[1,0],[551,552]]
[[0,0],[1,0],[247,552]]
[[0,0],[1,0],[245,552]]
[[0,0],[1,0],[273,552]]
[[0,0],[1,0],[175,552]]
[[0,0],[1,0],[155,552]]
[[0,0],[1,0],[141,552]]
[[0,0],[2,0],[128,276]]
[[0,0],[2,0],[34,276]]
[[0,0],[1,0],[549,552]]
[[0,0],[1,0],[139,552]]
[[0,0],[2,0],[274,276]]
[[0,0],[1,0],[538,552]]
[[0,0],[1,0],[431,552]]
[[0,0],[1,0],[43,552]]
[[0,0],[1,0],[487,552]]
[[0,0],[1,0],[430,552]]
[[0,0],[2,0],[164,276]]
[[0,0],[1,0],[415,552]]
[[0,0],[1,0],[119,552]]
[[0,0],[1,0],[58,552]]
[[0,0],[1,0],[466,552]]
[[0,0],[1,0],[154,552]]
[[0,0],[1,0],[421,552]]
[[0,0],[1,0],[187,552]]
[[0,0],[1,0],[49,552]]
[[0,0],[1,0],[385,552]]
[[0,0],[1,0],[298,552]]
[[0,0],[1,0],[213,552]]
[[0,0],[2,0],[58,276]]
[[0,0],[1,0],[310,552]]
[[0,0],[2,0],[232,276]]
[[0,0],[1,0],[550,552]]
[[0,0],[1,0],[45,552]]
[[0,0],[1,0],[91,552]]
[[0,0],[1,0],[179,552]]
[[0,0],[2,0],[117,276]]
[[0,0],[2,0],[255,276]]
[[0,0],[1,0],[513,552]]
[[0,0],[1,0],[205,552]]
[[0,0],[1,0],[190,552]]
[[0,0],[1,0],[297,552]]
[[0,0],[1,0],[235,552]]
[[0,0],[1,0],[286,552]]
[[0,0],[1,0],[29,552]]
[[0,0],[1,0],[335,552]]
[[0,0],[2,0],[224,276]]
[[0,0],[1,0],[241,552]]
[[0,0],[2,0],[200,276]]
[[0,0],[1,0],[177,552]]
[[0,0],[1,0],[116,552]]
[[0,0],[1,0],[149,552]]
[[0,0],[1,0],[13,552]]
[[0,0],[1,0],[346,552]]
[[0,0],[1,0],[406,552]]
[[0,0],[1,0],[201,552]]
[[0,0],[2,0],[236,276]]
[[0,0],[1,0],[193,552]]
[[0,0],[1,0],[289,552]]
[[0,0],[1,0],[59,552]]
[[0,0],[1,0],[370,552]]
[[0,0],[2,0],[116,276]]
[[0,0],[1,0],[127,552]]
[[0,0],[1,0],[67,552]]
[[0,0],[2,0],[74,276]]
[[0,0],[1,0],[47,552]]
[[0,0],[1,0],[453,552]]
[[0,0],[1,0],[334,552]]
[[0,0],[1,0],[502,552]]
[[0,0],[1,0],[133,552]]
[[0,0],[1,0],[367,552]]
[[0,0],[1,0],[97,552]]
[[0,0],[1,0],[261,552]]
[[0,0],[1,0],[418,552]]
[[0,0],[1,0],[130,552]]
[[0,0],[1,0],[505,552]]
[[0,0],[1,0],[537,552]]
[[0,0],[2,0],[178,276]]
[[0,0],[1,0],[287,552]]
[[0,0],[1,0],[185,552]]
[[0,0],[2,0],[38,276]]
