[[0,0],[1,0],[151,553]]
[[0,0],[1,0],[238,553]]
[[0,0],[1,0],[246,553]]
[[0,0],[1,0],[475,553]]
[[0,0],[1,0],[204,553]]
[[0,0],[1,0],[4,553]]
[[0,0],[1,0],[113,553]]
[[0,0],[1,0],[33,553]]
[[0,0],[1,0],[173,553]]
[[0,0],[1,0],[190,553]]
[[0,0],[1,0],[239,553]]
[[0,0],[1,0],[34,553]]
[[0,0],[1,0],[103,553]]
[[0,0],[1,0],[232,553]]
[[0,0],[1,0],[114,553]]
[[0,0],[1,0],[330,553]]
[[0,0],[1,0],[10,553]]
[[0,0],[1,0],[81,553]]
[[0,0],[1,0],[470,553]]
[[0,0],[1,0],[82,553]]
[[0,0],[1,0],[407,553]]
[[0,0],[1,0],[39,553]]
[[0,0],[1,0],[23,553]]
[[0,0],[1,0],[2,553]]
[[0,0],[1,0],[32,553]]
[[0,0],[1,0],[15,553]]
[[0,0],[1,0],[174,553]]
[[0,0],[1,0],[59,553]]
[[0,0],[1,0],[17,553]]
[[0,0],[1,0],[1,553]]
[[0,0],[1,0],[30,553]]
[[0,0],[1,0],[22,553]]
[[0,0],[1,0],[351,553]]
[[0,0],[1,0],[96,553]]
[[0,0],[1,0],[60,553]]
[[0,0],[1,0],[80,553]]
[[0,0],[1,0],[29,553]]
[[0,0],[1,0],[115,553]]
[[0,0],[1,0],[95,553]]
[[0,0],[1,0],[9,553]]
[[0,0],[1,0],[211,553]]
[[0,0],[1,0],[111,553]]
[[0,0],[1,0],[11,553]]
[[0,0],[1,0],[50,553]]
[[0,0],[1,0],[20,553]]
[[0,0],[1,0],[134,553]]
[[0,0],[1,0],[125,553]]
[[0,0],[1,0],[19,553]]
[[0,0],[1,0],[116,553]]
[[0,0],[1,0],[218,553]]
[[0,0],[1,0],[135,553]]
[[0,0],[1,0],[24,553]]
[[0,0],[1,0],[71,553]]
[[0,0],[1,0],[109,553]]
[[0,0],[1,0],[141,553]]
[[0,0],[1,0],[38,553]]
[[0,0],[1,0],[150,553]]
[[0,0],[1,0],[94,553]]
[[0,0],[1,0],[31,553]]
[[0,0],[1,0],[155,553]]
[[0,0],[1,0],[99,553]]
[[0,0],[1,0],[52,553]]
[[0,0],[1,0],[152,553]]
[[0,0],[1,0],[317,553]]
[[0,0],[1,0],[72,553]]
[[0,0],[1,0],[48,553]]
[[0,0],[1,0],[183,553]]
[[0,0],[1,0],[58,553]]
[[0,0],[1,0],[8,553]]
[[0,0],[1,0],[197,553]]
[[0,0],[1,0],[372,553]]
[[0,0],[1,0],[18,553]]
[[0,0],[1,0],[3,553]]
[[0,0],[1,0],[78,553]]
[[0,0],[1,0],[191,553]]
[[0,0],[1,0],[73,553]]
[[0,0],[1,0],[26,553]]
[[0,0],[1,0],[85,553]]
[[0,0],[1,0],[13,553]]
[[0,0],[1,0],[309,553]]
[[0,0],[1,0],[92,553]]
[[0,0],[1,0],[106,553]]
[[0,0],[1,0],[36,553]]
[[0,0],[1,0],[44,553]]
[[0,0],[1,0],[40,553]]
[[0,0],[1,0],[12,553]]
[[0,0],[1,0],[27,553]]
[[0,0],[1,0],[16,553]]
[[0,0],[1,0],[51,553]]
[[0,0],[1,0],[102,553]]
[[0,0],[1,0],[127,553]]
[[0,0],[1,0],[61,553]]
[[0,0],[1,0],[53,553]]
[[0,0],[1,0],[253,553]]
[[0,0],[1,0],[274,553]]
[[0,0],[1,0],[62,553]]
[[0,0],[1,0],[512,553]]
[[0,0],[1,0],[74,553]]
[[0,0],[1,0],[6,553]]
[[0,0],[1,0],[37,553]]
[[0,0],[1,0],[288,553]]
[[0,0],[1,0],[55,553]]
[[0,0],[1,0],[54,553]]
[[0,0],[1,0],[5,553]]
[[0,0],[1,0],[153,553]]
[[0,0],[1,0],[43,553]]
[[0,0],[1,0],[45,553]]
[[0,0],[1,0],[57,553]]
[[0,0],[1,0],[64,553]]
[[0,0],[1,0],[110,553]]
