[[0,0],[1,0],[23,555]]
[[0,0],[1,0],[456,555]]
[[0,0],[1,0],[61,555]]
[[0,0],[1,0],[394,555]]
[[0,0],[1,0],[51,555]]
[[0,0],[1,0],[131,555]]
[[0,0],[1,0],[14,555]]
[[0,0],[1,0],[226,555]]
[[0,0],[1,0],[8,555]]
[[0,0],[3,0],[40,185]]
[[0,0],[1,0],[44,555]]
[[0,0],[1,0],[454,555]]
[[0,0],[1,0],[208,555]]
[[0,0],[1,0],[1,555]]
[[0,0],[1,0],[301,555]]
[[0,0],[1,0],[441,555]]
[[0,0],[1,0],[281,555]]
[[0,0],[1,0],[171,555]]
[[0,0],[1,0],[321,555]]
[[0,0],[1,0],[519,555]]
[[0,0],[1,0],[408,555]]
[[0,0],[1,0],[197,555]]
[[0,0],[1,0],[113,555]]
[[0,0],[1,0],[191,555]]
[[0,0],[1,0],[56,555]]
[[0,0],[1,0],[199,555]]
[[0,0],[1,0],[411,555]]
[[0,0],[1,0],[73,555]]
[[0,0],[1,0],[381,555]]
[[0,0],[1,0],[471,555]]
[[0,0],[1,0],[81,555]]
[[0,0],[1,0],[109,555]]
[[0,0],[1,0],[216,555]]
[[0,0],[1,0],[121,555]]
[[0,0],[1,0],[66,555]]
[[0,0],[1,0],[21,555]]
[[0,0],[1,0],[382,555]]
[[0,0],[1,0],[137,555]]
[[0,0],[1,0],[26,555]]
[[0,0],[1,0],[76,555]]
[[0,0],[1,0],[64,555]]
[[0,0],[1,0],[531,555]]
[[0,0],[1,0],[426,555]]
[[0,0],[1,0],[231,555]]
[[0,0],[1,0],[126,555]]
[[0,0],[1,0],[146,555]]
[[0,0],[1,0],[163,555]]
[[0,0],[1,0],[232,555]]
[[0,0],[1,0],[448,555]]
[[0,0],[1,0],[94,555]]
[[0,0],[1,0],[397,555]]
[[0,0],[1,0],[251,555]]
[[0,0],[1,0],[82,555]]
[[0,0],[1,0],[16,555]]
[[0,0],[1,0],[196,555]]
[[0,0],[1,0],[396,555]]
[[0,0],[1,0],[351,555]]
[[0,0],[1,0],[52,555]]
[[0,0],[1,0],[445,555]]
[[0,0],[1,0],[156,555]]
[[0,0],[1,0],[11,555]]
[[0,0],[1,0],[436,555]]
[[0,0],[1,0],[178,555]]
[[0,0],[1,0],[546,555]]
[[0,0],[1,0],[291,555]]
[[0,0],[1,0],[7,555]]
[[0,0],[1,0],[83,555]]
[[0,0],[1,0],[31,555]]
[[0,0],[1,0],[79,555]]
[[0,0],[1,0],[262,555]]
[[0,0],[1,0],[166,555]]
[[0,0],[1,0],[316,555]]
[[0,0],[1,0],[184,555]]
[[0,0],[1,0],[71,555]]
[[0,0],[1,0],[169,555]]
[[0,0],[1,0],[366,555]]
[[0,0],[1,0],[379,555]]
[[0,0],[1,0],[75,555]]
[[0,0],[1,0],[34,555]]
[[0,0],[1,0],[268,555]]
[[0,0],[1,0],[112,555]]
[[0,0],[1,0],[388,555]]
[[0,0],[1,0],[41,555]]
[[0,0],[1,0],[22,555]]
[[0,0],[1,0],[202,555]]
[[0,0],[1,0],[122,555]]
[[0,0],[1,0],[246,555]]
[[0,0],[1,0],[371,555]]
[[0,0],[1,0],[229,555]]
[[0,0],[1,0],[118,555]]
[[0,0],[1,0],[77,555]]
[[0,0],[1,0],[96,555]]
[[0,0],[1,0],[256,555]]
[[0,0],[1,0],[203,555]]
[[0,0],[1,0],[236,555]]
[[0,0],[1,0],[214,555]]
[[0,0],[1,0],[260,555]]
[[0,0],[1,0],[206,555]]
[[0,0],[1,0],[157,555]]
[[0,0],[1,0],[17,555]]
[[0,0],[1,0],[277,555]]
[[0,0],[1,0],[501,555]]
[[0,0],[1,0],[4,555]]
[[0,0],[1,0],[244,555]]
[[0,0],[1,0],[457,555]]
[[0,0],[1,0],[106,555]]
[[0,0],[1,0],[19,555]]
[[0,0],[1,0],[247,555]]
[[0,0],[1,0],[141,555]]
[[0,0],[1,0],[276,555]]
[[0,0],[1,0],[431,555]]
[[0,0],[1,0],[43,555]]
[[0,0],[1,0],[266,555]]
[[0,0],[1,0],[58,555]]
[[0,0],[1,0],[416,555]]
[[0,0],[1,0],[32,555]]
[[0,0],[1,0],[172,555]]
[[0,0],[1,0],[421,555]]
[[0,0],[1,0],[306,555]]
[[0,0],[1,0],[154,555]]
[[0,0],[1,0],[187,555]]
[[0,0],[1,0],[307,555]]
[[0,0],[1,0],[298,555]]
[[0,0],[1,0],[36,555]]
[[0,0],[1,0],[253,555]]
[[0,0],[1,0],[469,555]]
[[0,0],[1,0],[62,555]]
[[0,0],[1,0],[297,555]]
[[0,0],[1,0],[29,555]]
[[0,0],[1,0],[6,555]]
[[0,0],[1,0],[516,555]]
[[0,0],[1,0],[322,555]]
[[0,0],[1,0],[46,555]]
[[0,0],[1,0],[116,555]]
[[0,0],[1,0],[149,555]]
[[0,0],[1,0],[28,555]]
[[0,0],[1,0],[13,555]]
[[0,0],[1,0],[201,555]]
[[0,0],[1,0],[193,555]]
[[0,0],[1,0],[406,555]]
[[0,0],[1,0],[486,555]]
[[0,0],[1,0],[59,555]]
[[0,0],[1,0],[506,555]]
[[0,0],[1,0],[2,555]]
[[0,0],[1,0],[38,555]]
[[0,0],[1,0],[47,555]]
[[0,0],[1,0],[133,555]]
[[0,0],[1,0],[221,555]]
[[0,0],[1,0],[334,555]]
[[0,0],[1,0],[97,555]]
[[0,0],[1,0],[261,555]]
[[0,0],[1,0],[367,555]]
[[0,0],[1,0],[186,555]]
[[0,0],[1,0],[136,555]]
[[0,0],[1,0],[336,555]]
[[0,0],[1,0],[391,555]]
