[[0,0],[1,0],[33,557]]
[[0,0],[1,0],[86,557]]
[[0,0],[1,0],[70,557]]
[[0,0],[1,0],[204,557]]
[[0,0],[1,0],[4,557]]
[[0,0],[1,0],[118,557]]
[[0,0],[1,0],[67,557]]
[[0,0],[1,0],[41,557]]
[[0,0],[1,0],[34,557]]
[[0,0],[1,0],[46,557]]
[[0,0],[1,0],[107,557]]
[[0,0],[1,0],[10,557]]
[[0,0],[1,0],[39,557]]
[[0,0],[1,0],[17,557]]
[[0,0],[1,0],[2,557]]
[[0,0],[1,0],[1,557]]
[[0,0],[1,0],[23,557]]
[[0,0],[1,0],[15,557]]
[[0,0],[1,0],[30,557]]
[[0,0],[1,0],[22,557]]
[[0,0],[1,0],[80,557]]
[[0,0],[1,0],[115,557]]
[[0,0],[1,0],[9,557]]
[[0,0],[1,0],[49,557]]
[[0,0],[1,0],[60,557]]
[[0,0],[1,0],[124,557]]
[[0,0],[1,0],[29,557]]
[[0,0],[1,0],[95,557]]
[[0,0],[1,0],[11,557]]
[[0,0],[1,0],[111,557]]
[[0,0],[1,0],[50,557]]
[[0,0],[1,0],[83,557]]
[[0,0],[1,0],[98,557]]
[[0,0],[1,0],[112,557]]
[[0,0],[1,0],[47,557]]
[[0,0],[1,0],[21,557]]
[[0,0],[1,0],[19,557]]
[[0,0],[1,0],[20,557]]
[[0,0],[1,0],[120,557]]
[[0,0],[1,0],[24,557]]
[[0,0],[1,0],[125,557]]
[[0,0],[1,0],[38,557]]
[[0,0],[1,0],[154,557]]
[[0,0],[1,0],[14,557]]
[[0,0],[1,0],[71,557]]
[[0,0],[1,0],[149,557]]
[[0,0],[1,0],[193,557]]
[[0,0],[1,0],[28,557]]
[[0,0],[1,0],[52,557]]
[[0,0],[1,0],[72,557]]
[[0,0],[1,0],[48,557]]
[[0,0],[1,0],[8,557]]
[[0,0],[1,0],[3,557]]
[[0,0],[1,0],[73,557]]
[[0,0],[1,0],[18,557]]
[[0,0],[1,0],[25,557]]
[[0,0],[1,0],[91,557]]
[[0,0],[1,0],[26,557]]
[[0,0],[1,0],[105,557]]
[[0,0],[1,0],[56,557]]
[[0,0],[1,0],[85,557]]
[[0,0],[1,0],[13,557]]
[[0,0],[1,0],[40,557]]
[[0,0],[1,0],[92,557]]
[[0,0],[1,0],[106,557]]
[[0,0],[1,0],[36,557]]
[[0,0],[1,0],[138,557]]
[[0,0],[1,0],[227,557]]
[[0,0],[1,0],[27,557]]
[[0,0],[1,0],[12,557]]
[[0,0],[1,0],[16,557]]
[[0,0],[1,0],[51,557]]
[[0,0],[1,0],[145,557]]
[[0,0],[1,0],[104,557]]
[[0,0],[1,0],[69,557]]
[[0,0],[1,0],[84,557]]
[[0,0],[1,0],[35,557]]
[[0,0],[1,0],[201,557]]
[[0,0],[1,0],[61,557]]
[[0,0],[1,0],[7,557]]
[[0,0],[1,0],[6,557]]
[[0,0],[1,0],[74,557]]
[[0,0],[1,0],[176,557]]
[[0,0],[1,0],[121,557]]
[[0,0],[1,0],[37,557]]
[[0,0],[1,0],[90,557]]
[[0,0],[1,0],[55,557]]
[[0,0],[1,0],[128,557]]
[[0,0],[1,0],[43,557]]
[[0,0],[1,0],[57,557]]
[[0,0],[1,0],[5,557]]
[[0,0],[1,0],[42,557]]
[[0,0],[1,0],[64,557]]
[[0,0],[1,0],[68,557]]
