[[0,0],[1,0],[189,559]]
[[0,0],[1,0],[66,559]]
[[0,0],[1,0],[190,559]]
[[0,0],[1,0],[4,559]]
[[0,0],[1,0],[173,559]]
[[0,0],[1,0],[118,559]]
[[0,0],[1,0],[160,559]]
[[0,0],[1,0],[67,559]]
[[0,0],[1,0],[34,559]]
[[0,0],[1,0],[179,559]]
[[0,0],[1,0],[46,559]]
[[0,0],[1,0],[10,559]]
[[0,0],[1,0],[17,559]]
[[0,0],[1,0],[196,559]]
[[0,0],[1,0],[59,559]]
[[0,0],[1,0],[1,559]]
[[0,0],[1,0],[2,559]]
[[0,0],[1,0],[77,559]]
[[0,0],[1,0],[96,559]]
[[0,0],[1,0],[23,559]]
[[0,0],[1,0],[15,559]]
[[0,0],[1,0],[30,559]]
[[0,0],[1,0],[22,559]]
[[0,0],[1,0],[9,559]]
[[0,0],[1,0],[122,559]]
[[0,0],[1,0],[49,559]]
[[0,0],[1,0],[115,559]]
[[0,0],[1,0],[60,559]]
[[0,0],[1,0],[130,559]]
[[0,0],[1,0],[300,559]]
[[0,0],[1,0],[95,559]]
[[0,0],[1,0],[339,559]]
[[0,0],[1,0],[11,559]]
[[0,0],[1,0],[111,559]]
[[0,0],[1,0],[168,559]]
[[0,0],[1,0],[50,559]]
[[0,0],[1,0],[134,559]]
[[0,0],[1,0],[21,559]]
[[0,0],[1,0],[20,559]]
[[0,0],[1,0],[98,559]]
[[0,0],[1,0],[188,559]]
[[0,0],[1,0],[120,559]]
[[0,0],[1,0],[19,559]]
[[0,0],[1,0],[47,559]]
[[0,0],[1,0],[24,559]]
[[0,0],[1,0],[125,559]]
[[0,0],[1,0],[89,559]]
[[0,0],[1,0],[345,559]]
[[0,0],[1,0],[38,559]]
[[0,0],[1,0],[135,559]]
[[0,0],[1,0],[14,559]]
[[0,0],[1,0],[248,559]]
[[0,0],[1,0],[88,559]]
[[0,0],[1,0],[87,559]]
[[0,0],[1,0],[101,559]]
[[0,0],[1,0],[48,559]]
[[0,0],[1,0],[8,559]]
[[0,0],[1,0],[326,559]]
[[0,0],[1,0],[126,559]]
[[0,0],[1,0],[73,559]]
[[0,0],[1,0],[58,559]]
[[0,0],[1,0],[183,559]]
[[0,0],[1,0],[3,559]]
[[0,0],[1,0],[97,559]]
[[0,0],[1,0],[25,559]]
[[0,0],[1,0],[18,559]]
[[0,0],[1,0],[166,559]]
[[0,0],[1,0],[105,559]]
[[0,0],[1,0],[85,559]]
[[0,0],[1,0],[261,559]]
[[0,0],[1,0],[44,559]]
[[0,0],[1,0],[12,559]]
[[0,0],[1,0],[16,559]]
[[0,0],[1,0],[27,559]]
[[0,0],[1,0],[76,559]]
[[0,0],[1,0],[51,559]]
[[0,0],[1,0],[69,559]]
[[0,0],[1,0],[139,559]]
[[0,0],[1,0],[79,559]]
[[0,0],[1,0],[170,559]]
[[0,0],[1,0],[456,559]]
[[0,0],[1,0],[102,559]]
[[0,0],[1,0],[84,559]]
[[0,0],[1,0],[313,559]]
[[0,0],[1,0],[259,559]]
[[0,0],[1,0],[53,559]]
[[0,0],[1,0],[7,559]]
[[0,0],[1,0],[274,559]]
[[0,0],[1,0],[6,559]]
[[0,0],[1,0],[388,559]]
[[0,0],[1,0],[37,559]]
[[0,0],[1,0],[121,559]]
[[0,0],[1,0],[131,559]]
[[0,0],[1,0],[54,559]]
[[0,0],[1,0],[157,559]]
[[0,0],[1,0],[90,559]]
[[0,0],[1,0],[55,559]]
[[0,0],[1,0],[5,559]]
[[0,0],[1,0],[64,559]]
[[0,0],[1,0],[209,559]]
[[0,0],[1,0],[68,559]]
[[0,0],[1,0],[45,559]]
[[0,0],[1,0],[42,559]]
[[0,0],[1,0],[110,559]]
[[0,0],[1,0],[165,559]]
[[0,0],[1,0],[33,559]]
