[[0,0],[1,0],[265,564]]
[[0,0],[1,0],[10,564]]
[[0,0],[1,0],[1,564]]
[[0,0],[1,0],[451,564]]
[[0,0],[1,0],[197,564]]
[[0,0],[1,0],[409,564]]
[[0,0],[1,0],[221,564]]
[[0,0],[1,0],[321,564]]
[[0,0],[1,0],[23,564]]
[[0,0],[1,0],[55,564]]
[[0,0],[2,0],[8,282]]
[[0,0],[1,0],[199,564]]
[[0,0],[1,0],[226,564]]
[[0,0],[1,0],[287,564]]
[[0,0],[2,0],[62,282]]
[[0,0],[1,0],[525,564]]
[[0,0],[1,0],[131,564]]
[[0,0],[1,0],[429,564]]
[[0,0],[1,0],[117,564]]
[[0,0],[2,0],[86,282]]
[[0,0],[1,0],[478,564]]
[[0,0],[1,0],[263,564]]
[[0,0],[2,0],[80,282]]
[[0,0],[2,0],[98,282]]
[[0,0],[1,0],[249,564]]
[[0,0],[2,0],[44,282]]
[[0,0],[1,0],[121,564]]
[[0,0],[1,0],[161,564]]
[[0,0],[1,0],[142,564]]
[[0,0],[2,0],[176,282]]
[[0,0],[1,0],[353,564]]
[[0,0],[1,0],[518,564]]
[[0,0],[2,0],[50,282]]
[[0,0],[1,0],[325,564]]
[[0,0],[1,0],[238,564]]
[[0,0],[1,0],[191,564]]
[[0,0],[1,0],[107,564]]
[[0,0],[1,0],[109,564]]
[[0,0],[1,0],[73,564]]
[[0,0],[2,0],[20,282]]
[[0,0],[2,0],[140,282]]
[[0,0],[2,0],[32,282]]
[[0,0],[2,0],[190,282]]
[[0,0],[1,0],[271,564]]
[[0,0],[1,0],[275,564]]
[[0,0],[1,0],[471,564]]
[[0,0],[1,0],[101,564]]
[[0,0],[2,0],[14,282]]
[[0,0],[1,0],[69,564]]
[[0,0],[1,0],[165,564]]
[[0,0],[1,0],[129,564]]
[[0,0],[1,0],[382,564]]
[[0,0],[1,0],[81,564]]
[[0,0],[2,0],[237,282]]
[[0,0],[1,0],[137,564]]
[[0,0],[1,0],[21,564]]
[[0,0],[2,0],[26,282]]
[[0,0],[1,0],[369,564]]
[[0,0],[2,0],[206,282]]
[[0,0],[1,0],[82,564]]
[[0,0],[1,0],[381,564]]
[[0,0],[1,0],[417,564]]
[[0,0],[1,0],[407,564]]
[[0,0],[1,0],[489,564]]
[[0,0],[1,0],[65,564]]
[[0,0],[1,0],[237,564]]
[[0,0],[1,0],[257,564]]
[[0,0],[1,0],[11,564]]
[[0,0],[1,0],[295,564]]
[[0,0],[1,0],[181,564]]
[[0,0],[1,0],[25,564]]
[[0,0],[1,0],[178,564]]
[[0,0],[1,0],[333,564]]
[[0,0],[1,0],[9,564]]
[[0,0],[1,0],[7,564]]
[[0,0],[2,0],[56,282]]
[[0,0],[1,0],[442,564]]
[[0,0],[1,0],[393,564]]
[[0,0],[1,0],[103,564]]
[[0,0],[1,0],[477,564]]
[[0,0],[1,0],[163,564]]
[[0,0],[1,0],[83,564]]
[[0,0],[1,0],[105,564]]
[[0,0],[1,0],[48,564]]
[[0,0],[1,0],[285,564]]
[[0,0],[2,0],[46,282]]
[[0,0],[1,0],[95,564]]
[[0,0],[1,0],[319,564]]
[[0,0],[1,0],[377,564]]
[[0,0],[1,0],[283,564]]
[[0,0],[1,0],[71,564]]
[[0,0],[1,0],[309,564]]
[[0,0],[1,0],[262,564]]
[[0,0],[1,0],[166,564]]
[[0,0],[1,0],[89,564]]
[[0,0],[1,0],[490,564]]
[[0,0],[1,0],[79,564]]
[[0,0],[2,0],[146,282]]
[[0,0],[2,0],[10,282]]
[[0,0],[1,0],[189,564]]
[[0,0],[1,0],[33,564]]
[[0,0],[1,0],[31,564]]
[[0,0],[1,0],[169,564]]
[[0,0],[1,0],[358,564]]
[[0,0],[1,0],[53,564]]
[[0,0],[1,0],[250,564]]
[[0,0],[1,0],[503,564]]
[[0,0],[1,0],[473,564]]
[[0,0],[1,0],[145,564]]
[[0,0],[1,0],[167,564]]
[[0,0],[1,0],[379,564]]
[[0,0],[1,0],[233,564]]
[[0,0],[1,0],[274,564]]
[[0,0],[1,0],[34,564]]
[[0,0],[1,0],[5,564]]
[[0,0],[1,0],[57,564]]
[[0,0],[2,0],[52,282]]
[[0,0],[1,0],[37,564]]
[[0,0],[1,0],[202,564]]
[[0,0],[1,0],[357,564]]
[[0,0],[2,0],[82,282]]
[[0,0],[1,0],[203,564]]
[[0,0],[1,0],[41,564]]
[[0,0],[1,0],[70,564]]
[[0,0],[2,0],[110,282]]
[[0,0],[1,0],[405,564]]
[[0,0],[1,0],[514,564]]
[[0,0],[1,0],[562,564]]
[[0,0],[1,0],[479,564]]
[[0,0],[1,0],[153,564]]
[[0,0],[1,0],[93,564]]
[[0,0],[1,0],[413,564]]
[[0,0],[2,0],[22,282]]
[[0,0],[1,0],[526,564]]
[[0,0],[1,0],[77,564]]
[[0,0],[1,0],[22,564]]
[[0,0],[1,0],[341,564]]
[[0,0],[1,0],[173,564]]
[[0,0],[1,0],[35,564]]
[[0,0],[1,0],[236,564]]
[[0,0],[1,0],[225,564]]
[[0,0],[1,0],[118,564]]
[[0,0],[1,0],[139,564]]
[[0,0],[2,0],[68,282]]
[[0,0],[1,0],[43,564]]
[[0,0],[1,0],[19,564]]
[[0,0],[1,0],[430,564]]
[[0,0],[1,0],[549,564]]
[[0,0],[1,0],[345,564]]
[[0,0],[1,0],[561,564]]
[[0,0],[1,0],[106,564]]
[[0,0],[1,0],[563,564]]
[[0,0],[1,0],[330,564]]
[[0,0],[2,0],[2,282]]
[[0,0],[1,0],[175,564]]
[[0,0],[1,0],[214,564]]
[[0,0],[1,0],[466,564]]
[[0,0],[2,0],[96,282]]
[[0,0],[1,0],[501,564]]
[[0,0],[1,0],[465,564]]
[[0,0],[1,0],[17,564]]
[[0,0],[1,0],[247,564]]
[[0,0],[1,0],[421,564]]
[[0,0],[2,0],[128,282]]
[[0,0],[2,0],[34,282]]
[[0,0],[1,0],[385,564]]
[[0,0],[1,0],[273,564]]
[[0,0],[1,0],[449,564]]
[[0,0],[1,0],[215,564]]
[[0,0],[1,0],[298,564]]
[[0,0],[1,0],[550,564]]
[[0,0],[1,0],[119,564]]
[[0,0],[1,0],[513,564]]
[[0,0],[1,0],[424,564]]
[[0,0],[1,0],[46,564]]
[[0,0],[1,0],[187,564]]
[[0,0],[1,0],[259,564]]
[[0,0],[1,0],[45,564]]
[[0,0],[1,0],[538,564]]
[[0,0],[1,0],[205,564]]
[[0,0],[1,0],[213,564]]
[[0,0],[1,0],[415,564]]
[[0,0],[1,0],[58,564]]
[[0,0],[1,0],[49,564]]
[[0,0],[1,0],[469,564]]
[[0,0],[1,0],[190,564]]
[[0,0],[1,0],[310,564]]
[[0,0],[1,0],[227,564]]
[[0,0],[1,0],[154,564]]
[[0,0],[1,0],[335,564]]
[[0,0],[1,0],[297,564]]
[[0,0],[1,0],[286,564]]
[[0,0],[1,0],[193,564]]
[[0,0],[1,0],[370,564]]
[[0,0],[1,0],[13,564]]
[[0,0],[1,0],[253,564]]
[[0,0],[1,0],[322,564]]
[[0,0],[3,0],[144,188]]
[[0,0],[1,0],[334,564]]
[[0,0],[1,0],[355,564]]
[[0,0],[1,0],[201,564]]
[[0,0],[1,0],[59,564]]
[[0,0],[1,0],[453,564]]
[[0,0],[1,0],[133,564]]
[[0,0],[1,0],[241,564]]
[[0,0],[1,0],[347,564]]
[[0,0],[1,0],[177,564]]
[[0,0],[1,0],[29,564]]
[[0,0],[1,0],[261,564]]
[[0,0],[1,0],[537,564]]
[[0,0],[2,0],[4,282]]
[[0,0],[2,0],[74,282]]
[[0,0],[1,0],[406,564]]
[[0,0],[2,0],[16,282]]
[[0,0],[1,0],[97,564]]
[[0,0],[1,0],[346,564]]
[[0,0],[2,0],[116,282]]
[[0,0],[1,0],[313,564]]
[[0,0],[2,0],[38,282]]
[[0,0],[2,0],[92,282]]
[[0,0],[1,0],[67,564]]
[[0,0],[1,0],[441,564]]
[[0,0],[1,0],[281,564]]
[[0,0],[1,0],[127,564]]
[[0,0],[1,0],[125,564]]
[[0,0],[1,0],[418,564]]
[[0,0],[1,0],[502,564]]
[[0,0],[1,0],[130,564]]
[[0,0],[1,0],[454,564]]
[[0,0],[1,0],[394,564]]
