[[0,0],[1,0],[114,565]]
[[0,0],[1,0],[64,565]]
[[0,0],[1,0],[68,565]]
[[0,0],[1,0],[526,565]]
[[0,0],[1,0],[161,565]]
[[0,0],[1,0],[331,565]]
[[0,0],[1,0],[143,565]]
[[0,0],[1,0],[174,565]]
[[0,0],[1,0],[316,565]]
[[0,0],[1,0],[66,565]]
[[0,0],[1,0],[256,565]]
[[0,0],[1,0],[4,565]]
[[0,0],[1,0],[246,565]]
[[0,0],[1,0],[41,565]]
[[0,0],[1,0],[34,565]]
[[0,0],[1,0],[451,565]]
[[0,0],[1,0],[1,565]]
[[0,0],[1,0],[340,565]]
[[0,0],[1,0],[118,565]]
[[0,0],[1,0],[11,565]]
[[0,0],[1,0],[236,565]]
[[0,0],[1,0],[32,565]]
[[0,0],[1,0],[67,565]]
[[0,0],[1,0],[59,565]]
[[0,0],[1,0],[196,565]]
[[0,0],[1,0],[341,565]]
[[0,0],[1,0],[211,565]]
[[0,0],[1,0],[2,565]]
[[0,0],[1,0],[23,565]]
[[0,0],[1,0],[81,565]]
[[0,0],[1,0],[96,565]]
[[0,0],[1,0],[146,565]]
[[0,0],[1,0],[63,565]]
[[0,0],[1,0],[156,565]]
[[0,0],[1,0],[89,565]]
[[0,0],[1,0],[116,565]]
[[0,0],[1,0],[9,565]]
[[0,0],[1,0],[276,565]]
[[0,0],[1,0],[17,565]]
[[0,0],[1,0],[266,565]]
[[0,0],[1,0],[14,565]]
[[0,0],[1,0],[22,565]]
[[0,0],[1,0],[19,565]]
[[0,0],[1,0],[71,565]]
[[0,0],[1,0],[167,565]]
[[0,0],[1,0],[117,565]]
[[0,0],[1,0],[481,565]]
[[0,0],[1,0],[38,565]]
[[0,0],[1,0],[98,565]]
[[0,0],[1,0],[49,565]]
[[0,0],[1,0],[52,565]]
[[0,0],[1,0],[29,565]]
[[0,0],[1,0],[21,565]]
[[0,0],[1,0],[101,565]]
[[0,0],[1,0],[141,565]]
[[0,0],[1,0],[136,565]]
[[0,0],[1,0],[181,565]]
[[0,0],[1,0],[18,565]]
[[0,0],[1,0],[72,565]]
[[0,0],[1,0],[8,565]]
[[0,0],[1,0],[24,565]]
[[0,0],[1,0],[306,565]]
[[0,0],[1,0],[321,565]]
[[0,0],[1,0],[366,565]]
[[0,0],[1,0],[281,565]]
[[0,0],[1,0],[261,565]]
[[0,0],[1,0],[251,565]]
[[0,0],[1,0],[446,565]]
[[0,0],[1,0],[97,565]]
[[0,0],[1,0],[166,565]]
[[0,0],[1,0],[301,565]]
[[0,0],[1,0],[31,565]]
[[0,0],[1,0],[184,565]]
[[0,0],[1,0],[16,565]]
[[0,0],[1,0],[13,565]]
[[0,0],[1,0],[28,565]]
[[0,0],[1,0],[126,565]]
[[0,0],[1,0],[183,565]]
[[0,0],[1,0],[69,565]]
[[0,0],[1,0],[73,565]]
[[0,0],[1,0],[44,565]]
[[0,0],[1,0],[12,565]]
[[0,0],[1,0],[91,565]]
[[0,0],[1,0],[51,565]]
[[0,0],[1,0],[76,565]]
[[0,0],[1,0],[58,565]]
[[0,0],[1,0],[3,565]]
[[0,0],[1,0],[182,565]]
[[0,0],[1,0],[104,565]]
[[0,0],[1,0],[36,565]]
[[0,0],[1,0],[79,565]]
[[0,0],[1,0],[7,565]]
[[0,0],[1,0],[27,565]]
[[0,0],[1,0],[26,565]]
[[0,0],[1,0],[56,565]]
[[0,0],[1,0],[227,565]]
[[0,0],[1,0],[121,565]]
[[0,0],[1,0],[37,565]]
[[0,0],[1,0],[6,565]]
[[0,0],[1,0],[43,565]]
[[0,0],[1,0],[57,565]]
[[0,0],[1,0],[74,565]]
[[0,0],[1,0],[201,565]]
[[0,0],[1,0],[62,565]]
[[0,0],[1,0],[238,565]]
[[0,0],[1,0],[127,565]]
[[0,0],[1,0],[346,565]]
[[0,0],[1,0],[42,565]]
[[0,0],[1,0],[61,565]]
[[0,0],[1,0],[128,565]]
[[0,0],[1,0],[33,565]]
[[0,0],[1,0],[216,565]]
[[0,0],[1,0],[311,565]]
[[0,0],[1,0],[46,565]]
[[0,0],[1,0],[131,565]]
[[0,0],[1,0],[221,565]]
