[[0,0],[1,0],[321,570]]
[[0,0],[1,0],[248,570]]
[[0,0],[1,0],[197,570]]
[[0,0],[1,0],[265,570]]
[[0,0],[1,0],[23,570]]
[[0,0],[1,0],[409,570]]
[[0,0],[1,0],[143,570]]
[[0,0],[2,0],[40,285]]
[[0,0],[2,0],[222,285]]
[[0,0],[1,0],[61,570]]
[[0,0],[2,0],[177,285]]
[[0,0],[1,0],[55,570]]
[[0,0],[1,0],[131,570]]
[[0,0],[1,0],[86,570]]
[[0,0],[1,0],[226,570]]
[[0,0],[2,0],[249,285]]
[[0,0],[1,0],[263,570]]
[[0,0],[1,0],[239,570]]
[[0,0],[1,0],[343,570]]
[[0,0],[1,0],[113,570]]
[[0,0],[1,0],[478,570]]
[[0,0],[1,0],[109,570]]
[[0,0],[1,0],[121,570]]
[[0,0],[1,0],[191,570]]
[[0,0],[1,0],[535,570]]
[[0,0],[1,0],[56,570]]
[[0,0],[2,0],[267,285]]
[[0,0],[2,0],[135,285]]
[[0,0],[1,0],[325,570]]
[[0,0],[1,0],[142,570]]
[[0,0],[1,0],[299,570]]
[[0,0],[1,0],[386,570]]
[[0,0],[1,0],[411,570]]
[[0,0],[1,0],[101,570]]
[[0,0],[1,0],[238,570]]
[[0,0],[1,0],[73,570]]
[[0,0],[1,0],[107,570]]
[[0,0],[1,0],[381,570]]
[[0,0],[1,0],[531,570]]
[[0,0],[1,0],[471,570]]
[[0,0],[1,0],[81,570]]
[[0,0],[2,0],[237,285]]
[[0,0],[2,0],[78,285]]
[[0,0],[1,0],[231,570]]
[[0,0],[1,0],[146,570]]
[[0,0],[1,0],[21,570]]
[[0,0],[1,0],[511,570]]
[[0,0],[1,0],[232,570]]
[[0,0],[1,0],[382,570]]
[[0,0],[1,0],[82,570]]
[[0,0],[1,0],[16,570]]
[[0,0],[1,0],[137,570]]
[[0,0],[1,0],[217,570]]
[[0,0],[1,0],[26,570]]
[[0,0],[1,0],[326,570]]
[[0,0],[5,0],[24,114]]
[[0,0],[1,0],[407,570]]
[[0,0],[1,0],[52,570]]
[[0,0],[1,0],[361,570]]
[[0,0],[1,0],[64,570]]
[[0,0],[1,0],[442,570]]
[[0,0],[1,0],[181,570]]
[[0,0],[1,0],[295,570]]
[[0,0],[1,0],[565,570]]
[[0,0],[1,0],[11,570]]
[[0,0],[1,0],[436,570]]
[[0,0],[1,0],[178,570]]
[[0,0],[1,0],[25,570]]
[[0,0],[1,0],[356,570]]
[[0,0],[1,0],[7,570]]
[[0,0],[1,0],[324,570]]
[[0,0],[1,0],[438,570]]
[[0,0],[1,0],[83,570]]
[[0,0],[1,0],[328,570]]
[[0,0],[1,0],[448,570]]
[[0,0],[1,0],[94,570]]
[[0,0],[1,0],[251,570]]
[[0,0],[1,0],[103,570]]
[[0,0],[1,0],[196,570]]
[[0,0],[1,0],[568,570]]
[[0,0],[1,0],[351,570]]
[[0,0],[1,0],[445,570]]
[[0,0],[1,0],[124,570]]
[[0,0],[1,0],[79,570]]
[[0,0],[1,0],[262,570]]
[[0,0],[1,0],[39,570]]
[[0,0],[1,0],[166,570]]
[[0,0],[2,0],[27,285]]
[[0,0],[1,0],[151,570]]
[[0,0],[2,0],[12,285]]
[[0,0],[1,0],[296,570]]
[[0,0],[1,0],[377,570]]
[[0,0],[1,0],[71,570]]
[[0,0],[1,0],[446,570]]
[[0,0],[1,0],[283,570]]
[[0,0],[1,0],[291,570]]
[[0,0],[1,0],[31,570]]
[[0,0],[1,0],[89,570]]
[[0,0],[1,0],[536,570]]
[[0,0],[1,0],[305,570]]
[[0,0],[1,0],[268,570]]
[[0,0],[1,0],[337,570]]
[[0,0],[1,0],[85,570]]
[[0,0],[1,0],[112,570]]
[[0,0],[1,0],[358,570]]
[[0,0],[1,0],[145,570]]
[[0,0],[1,0],[316,570]]
[[0,0],[1,0],[53,570]]
[[0,0],[1,0],[184,570]]
[[0,0],[1,0],[169,570]]
[[0,0],[2,0],[87,285]]
[[0,0],[1,0],[167,570]]
[[0,0],[1,0],[202,570]]
[[0,0],[1,0],[362,570]]
[[0,0],[1,0],[134,570]]
[[0,0],[1,0],[274,570]]
[[0,0],[1,0],[508,570]]
[[0,0],[1,0],[379,570]]
[[0,0],[1,0],[371,570]]
[[0,0],[1,0],[476,570]]
[[0,0],[1,0],[34,570]]
[[0,0],[2,0],[207,285]]
[[0,0],[1,0],[37,570]]
[[0,0],[1,0],[229,570]]
[[0,0],[1,0],[388,570]]
[[0,0],[1,0],[77,570]]
[[0,0],[1,0],[173,570]]
[[0,0],[1,0],[41,570]]
[[0,0],[1,0],[267,570]]
[[0,0],[1,0],[203,570]]
[[0,0],[1,0],[514,570]]
[[0,0],[1,0],[562,570]]
[[0,0],[1,0],[236,570]]
[[0,0],[1,0],[22,570]]
[[0,0],[1,0],[484,570]]
[[0,0],[3,0],[60,190]]
[[0,0],[1,0],[206,570]]
[[0,0],[1,0],[341,570]]
[[0,0],[1,0],[153,570]]
[[0,0],[2,0],[132,285]]
[[0,0],[1,0],[376,570]]
[[0,0],[1,0],[244,570]]
[[0,0],[1,0],[526,570]]
[[0,0],[1,0],[118,570]]
[[0,0],[1,0],[569,570]]
[[0,0],[1,0],[106,570]]
[[0,0],[1,0],[115,570]]
[[0,0],[1,0],[419,570]]
[[0,0],[1,0],[96,570]]
[[0,0],[1,0],[561,570]]
[[0,0],[1,0],[256,570]]
[[0,0],[1,0],[175,570]]
[[0,0],[1,0],[141,570]]
[[0,0],[1,0],[364,570]]
[[0,0],[1,0],[400,570]]
[[0,0],[1,0],[139,570]]
[[0,0],[2,0],[282,285]]
[[0,0],[1,0],[556,570]]
[[0,0],[1,0],[43,570]]
[[0,0],[1,0],[214,570]]
[[0,0],[2,0],[147,285]]
[[0,0],[1,0],[352,570]]
[[0,0],[1,0],[359,570]]
[[0,0],[1,0],[157,570]]
[[0,0],[1,0],[17,570]]
[[0,0],[1,0],[277,570]]
[[0,0],[1,0],[501,570]]
[[0,0],[1,0],[4,570]]
[[0,0],[1,0],[466,570]]
[[0,0],[2,0],[230,285]]
[[0,0],[1,0],[172,570]]
[[0,0],[1,0],[385,570]]
[[0,0],[1,0],[552,570]]
[[0,0],[1,0],[298,570]]
[[0,0],[1,0],[148,570]]
[[0,0],[1,0],[88,570]]
[[0,0],[1,0],[223,570]]
[[0,0],[1,0],[412,570]]
[[0,0],[1,0],[179,570]]
[[0,0],[1,0],[424,570]]
[[0,0],[1,0],[538,570]]
[[0,0],[2,0],[102,285]]
[[0,0],[1,0],[205,570]]
[[0,0],[1,0],[259,570]]
[[0,0],[1,0],[415,570]]
[[0,0],[1,0],[119,570]]
[[0,0],[1,0],[58,570]]
[[0,0],[1,0],[416,570]]
[[0,0],[1,0],[235,570]]
[[0,0],[1,0],[292,570]]
[[0,0],[2,0],[192,285]]
[[0,0],[1,0],[49,570]]
[[0,0],[1,0],[154,570]]
[[0,0],[1,0],[46,570]]
[[0,0],[1,0],[116,570]]
[[0,0],[1,0],[187,570]]
[[0,0],[1,0],[13,570]]
[[0,0],[2,0],[117,285]]
[[0,0],[1,0],[176,570]]
[[0,0],[1,0],[289,570]]
[[0,0],[1,0],[91,570]]
[[0,0],[2,0],[42,285]]
[[0,0],[2,0],[72,285]]
[[0,0],[1,0],[29,570]]
[[0,0],[1,0],[355,570]]
[[0,0],[1,0],[286,570]]
[[0,0],[1,0],[322,570]]
[[0,0],[1,0],[241,570]]
[[0,0],[3,0],[155,190]]
[[0,0],[1,0],[149,570]]
[[0,0],[1,0],[28,570]]
[[0,0],[1,0],[47,570]]
[[0,0],[1,0],[201,570]]
[[0,0],[1,0],[566,570]]
[[0,0],[1,0],[346,570]]
[[0,0],[1,0],[97,570]]
[[0,0],[1,0],[334,570]]
[[0,0],[1,0],[406,570]]
[[0,0],[1,0],[261,570]]
[[0,0],[1,0],[136,570]]
[[0,0],[1,0],[20,570]]
[[0,0],[1,0],[317,570]]
[[0,0],[1,0],[505,570]]
[[0,0],[1,0],[495,570]]
[[0,0],[2,0],[21,285]]
[[0,0],[1,0],[506,570]]
[[0,0],[1,0],[496,570]]
[[0,0],[1,0],[127,570]]
[[0,0],[2,0],[252,285]]
[[0,0],[1,0],[67,570]]
[[0,0],[1,0],[313,570]]
[[0,0],[1,0],[544,570]]
[[0,0],[1,0],[394,570]]
[[0,0],[1,0],[51,570]]
[[0,0],[1,0],[472,570]]
[[0,0],[1,0],[111,570]]
[[0,0],[1,0],[221,570]]
[[0,0],[1,0],[502,570]]
[[0,0],[1,0],[454,570]]
[[0,0],[2,0],[162,285]]
[[0,0],[1,0],[208,570]]
[[0,0],[1,0],[1,570]]
[[0,0],[1,0],[301,570]]
[[0,0],[1,0],[441,570]]
