[[0,0],[1,0],[271,573]]
[[0,0],[1,0],[103,573]]
[[0,0],[1,0],[46,573]]
[[0,0],[1,0],[206,573]]
[[0,0],[1,0],[64,573]]
[[0,0],[1,0],[107,573]]
[[0,0],[1,0],[331,573]]
[[0,0],[1,0],[487,573]]
[[0,0],[1,0],[10,573]]
[[0,0],[1,0],[190,573]]
[[0,0],[1,0],[383,573]]
[[0,0],[1,0],[256,573]]
[[0,0],[1,0],[1,573]]
[[0,0],[1,0],[148,573]]
[[0,0],[1,0],[142,573]]
[[0,0],[1,0],[4,573]]
[[0,0],[1,0],[77,573]]
[[0,0],[1,0],[67,573]]
[[0,0],[1,0],[34,573]]
[[0,0],[1,0],[115,573]]
[[0,0],[1,0],[283,573]]
[[0,0],[1,0],[337,573]]
[[0,0],[1,0],[211,573]]
[[0,0],[1,0],[292,573]]
[[0,0],[1,0],[11,573]]
[[0,0],[1,0],[268,573]]
[[0,0],[1,0],[244,573]]
[[0,0],[1,0],[32,573]]
[[0,0],[1,0],[59,573]]
[[0,0],[1,0],[175,573]]
[[0,0],[1,0],[50,573]]
[[0,0],[1,0],[196,573]]
[[0,0],[1,0],[17,573]]
[[0,0],[1,0],[187,573]]
[[0,0],[1,0],[2,573]]
[[0,0],[1,0],[23,573]]
[[0,0],[1,0],[19,573]]
[[0,0],[1,0],[47,573]]
[[0,0],[1,0],[22,573]]
[[0,0],[1,0],[112,573]]
[[0,0],[1,0],[20,573]]
[[0,0],[1,0],[146,573]]
[[0,0],[1,0],[122,573]]
[[0,0],[1,0],[89,573]]
[[0,0],[1,0],[116,573]]
[[0,0],[1,0],[49,573]]
[[0,0],[1,0],[130,573]]
[[0,0],[1,0],[124,573]]
[[0,0],[1,0],[14,573]]
[[0,0],[1,0],[29,573]]
[[0,0],[1,0],[71,573]]
[[0,0],[1,0],[109,573]]
[[0,0],[1,0],[95,573]]
[[0,0],[1,0],[223,573]]
[[0,0],[1,0],[193,573]]
[[0,0],[1,0],[358,573]]
[[0,0],[1,0],[376,573]]
[[0,0],[1,0],[136,573]]
[[0,0],[1,0],[208,573]]
[[0,0],[1,0],[52,573]]
[[0,0],[1,0],[101,573]]
[[0,0],[1,0],[532,573]]
[[0,0],[1,0],[265,573]]
[[0,0],[1,0],[505,573]]
[[0,0],[1,0],[8,573]]
[[0,0],[1,0],[94,573]]
[[0,0],[1,0],[154,573]]
[[0,0],[1,0],[226,573]]
[[0,0],[1,0],[97,573]]
[[0,0],[1,0],[166,573]]
[[0,0],[1,0],[25,573]]
[[0,0],[1,0],[301,573]]
[[0,0],[1,0],[262,573]]
[[0,0],[1,0],[65,573]]
[[0,0],[1,0],[214,573]]
[[0,0],[1,0],[31,573]]
[[0,0],[1,0],[13,573]]
[[0,0],[1,0],[349,573]]
[[0,0],[1,0],[28,573]]
[[0,0],[1,0],[88,573]]
[[0,0],[1,0],[40,573]]
[[0,0],[1,0],[133,573]]
[[0,0],[1,0],[106,573]]
[[0,0],[1,0],[424,573]]
[[0,0],[1,0],[16,573]]
[[0,0],[1,0],[76,573]]
[[0,0],[1,0],[460,573]]
[[0,0],[1,0],[58,573]]
[[0,0],[1,0],[442,573]]
[[0,0],[1,0],[250,573]]
[[0,0],[1,0],[192,573]]
[[0,0],[1,0],[73,573]]
[[0,0],[1,0],[139,573]]
[[0,0],[1,0],[79,573]]
[[0,0],[1,0],[91,573]]
[[0,0],[1,0],[295,573]]
[[0,0],[1,0],[169,573]]
[[0,0],[1,0],[241,573]]
[[0,0],[1,0],[56,573]]
[[0,0],[1,0],[85,573]]
[[0,0],[1,0],[178,573]]
[[0,0],[1,0],[355,573]]
[[0,0],[1,0],[418,573]]
[[0,0],[1,0],[92,573]]
[[0,0],[1,0],[205,573]]
[[0,0],[1,0],[313,573]]
[[0,0],[1,0],[227,573]]
[[0,0],[1,0],[7,573]]
[[0,0],[1,0],[199,573]]
[[0,0],[1,0],[274,573]]
[[0,0],[1,0],[145,573]]
[[0,0],[1,0],[74,573]]
[[0,0],[1,0],[286,573]]
[[0,0],[1,0],[121,573]]
[[0,0],[1,0],[229,573]]
[[0,0],[1,0],[400,573]]
[[0,0],[1,0],[5,573]]
[[0,0],[1,0],[35,573]]
[[0,0],[1,0],[127,573]]
[[0,0],[1,0],[61,573]]
[[0,0],[1,0],[62,573]]
[[0,0],[1,0],[110,573]]
[[0,0],[1,0],[397,573]]
[[0,0],[1,0],[253,573]]
[[0,0],[1,0],[163,573]]
[[0,0],[1,0],[238,573]]
[[0,0],[1,0],[100,573]]
[[0,0],[1,0],[70,573]]
[[0,0],[1,0],[55,573]]
[[0,0],[1,0],[140,573]]
