[[0,0],[1,0],[395,574]]
[[0,0],[1,0],[78,574]]
[[0,0],[1,0],[540,574]]
[[0,0],[1,0],[302,574]]
[[0,0],[1,0],[512,574]]
[[0,0],[1,0],[293,574]]
[[0,0],[1,0],[23,574]]
[[0,0],[1,0],[131,574]]
[[0,0],[1,0],[143,574]]
[[0,0],[1,0],[459,574]]
[[0,0],[1,0],[61,574]]
[[0,0],[1,0],[55,574]]
[[0,0],[1,0],[183,574]]
[[0,0],[1,0],[117,574]]
[[0,0],[1,0],[113,574]]
[[0,0],[1,0],[239,574]]
[[0,0],[1,0],[263,574]]
[[0,0],[1,0],[121,574]]
[[0,0],[1,0],[3,574]]
[[0,0],[1,0],[191,574]]
[[0,0],[1,0],[243,574]]
[[0,0],[1,0],[299,574]]
[[0,0],[1,0],[325,574]]
[[0,0],[1,0],[573,574]]
[[0,0],[1,0],[428,574]]
[[0,0],[1,0],[411,574]]
[[0,0],[1,0],[73,574]]
[[0,0],[1,0],[107,574]]
[[0,0],[1,0],[386,574]]
[[0,0],[1,0],[81,574]]
[[0,0],[1,0],[414,574]]
[[0,0],[1,0],[101,574]]
[[0,0],[1,0],[69,574]]
[[0,0],[1,0],[165,574]]
[[0,0],[1,0],[417,574]]
[[0,0],[1,0],[237,574]]
[[0,0],[1,0],[257,574]]
[[0,0],[1,0],[232,574]]
[[0,0],[1,0],[137,574]]
[[0,0],[1,0],[42,574]]
[[0,0],[1,0],[361,574]]
[[0,0],[1,0],[333,574]]
[[0,0],[1,0],[64,574]]
[[0,0],[1,0],[344,574]]
[[0,0],[1,0],[407,574]]
[[0,0],[1,0],[372,574]]
[[0,0],[1,0],[15,574]]
[[0,0],[1,0],[11,574]]
[[0,0],[1,0],[442,574]]
[[0,0],[1,0],[295,574]]
[[0,0],[1,0],[83,574]]
[[0,0],[1,0],[9,574]]
[[0,0],[1,0],[251,574]]
[[0,0],[1,0],[95,574]]
[[0,0],[1,0],[393,574]]
[[0,0],[1,0],[365,574]]
[[0,0],[1,0],[568,574]]
[[0,0],[1,0],[218,574]]
[[0,0],[1,0],[103,574]]
[[0,0],[1,0],[351,574]]
[[0,0],[1,0],[445,574]]
[[0,0],[1,0],[124,574]]
[[0,0],[1,0],[120,574]]
[[0,0],[1,0],[79,574]]
[[0,0],[1,0],[377,574]]
[[0,0],[1,0],[39,574]]
[[0,0],[1,0],[291,574]]
[[0,0],[1,0],[151,574]]
[[0,0],[1,0],[309,574]]
[[0,0],[1,0],[71,574]]
[[0,0],[1,0],[89,574]]
[[0,0],[1,0],[33,574]]
[[0,0],[1,0],[75,574]]
[[0,0],[1,0],[31,574]]
[[0,0],[1,0],[339,574]]
[[0,0],[1,0],[401,574]]
[[0,0],[1,0],[358,574]]
[[0,0],[1,0],[145,574]]
[[0,0],[1,0],[85,574]]
[[0,0],[1,0],[211,574]]
[[0,0],[1,0],[169,574]]
[[0,0],[1,0],[329,574]]
[[0,0],[1,0],[316,574]]
[[0,0],[1,0],[53,574]]
[[0,0],[1,0],[470,574]]
[[0,0],[1,0],[134,574]]
[[0,0],[1,0],[207,574]]
[[0,0],[1,0],[509,574]]
[[0,0],[1,0],[233,574]]
[[0,0],[1,0],[274,574]]
[[0,0],[1,0],[5,574]]
[[0,0],[1,0],[491,574]]
[[0,0],[1,0],[57,574]]
[[0,0],[1,0],[37,574]]
[[0,0],[1,0],[229,574]]
[[0,0],[1,0],[255,574]]
[[0,0],[1,0],[204,574]]
[[0,0],[1,0],[93,574]]
[[0,0],[1,0],[22,574]]
[[0,0],[1,0],[288,574]]
[[0,0],[1,0],[206,574]]
[[0,0],[1,0],[153,574]]
[[0,0],[1,0],[225,574]]
[[0,0],[1,0],[484,574]]
[[0,0],[1,0],[526,574]]
[[0,0],[1,0],[19,574]]
[[0,0],[1,0],[106,574]]
[[0,0],[1,0],[135,574]]
[[0,0],[1,0],[330,574]]
[[0,0],[1,0],[162,574]]
[[0,0],[1,0],[400,574]]
[[0,0],[1,0],[139,574]]
[[0,0],[1,0],[43,574]]
[[0,0],[1,0],[549,574]]
[[0,0],[1,0],[159,574]]
[[0,0],[1,0],[375,574]]
[[0,0],[1,0],[447,574]]
[[0,0],[1,0],[465,574]]
[[0,0],[1,0],[17,574]]
[[0,0],[1,0],[260,574]]
[[0,0],[1,0],[487,574]]
[[0,0],[1,0],[277,574]]
[[0,0],[1,0],[327,574]]
[[0,0],[1,0],[403,574]]
[[0,0],[1,0],[307,574]]
[[0,0],[1,0],[155,574]]
[[0,0],[1,0],[269,574]]
[[0,0],[2,0],[84,287]]
[[0,0],[1,0],[148,574]]
[[0,0],[1,0],[45,574]]
[[0,0],[1,0],[452,574]]
[[0,0],[1,0],[534,574]]
[[0,0],[1,0],[215,574]]
[[0,0],[1,0],[433,574]]
[[0,0],[1,0],[303,574]]
[[0,0],[1,0],[187,574]]
[[0,0],[1,0],[498,574]]
[[0,0],[1,0],[227,574]]
[[0,0],[1,0],[176,574]]
[[0,0],[1,0],[289,574]]
[[0,0],[1,0],[193,574]]
[[0,0],[1,0],[13,574]]
[[0,0],[1,0],[36,574]]
[[0,0],[1,0],[27,574]]
[[0,0],[1,0],[190,574]]
[[0,0],[1,0],[370,574]]
[[0,0],[1,0],[475,574]]
[[0,0],[1,0],[195,574]]
[[0,0],[1,0],[177,574]]
[[0,0],[1,0],[29,574]]
[[0,0],[1,0],[219,574]]
[[0,0],[1,0],[201,574]]
[[0,0],[1,0],[97,574]]
[[0,0],[1,0],[149,574]]
[[0,0],[1,0],[50,574]]
[[0,0],[1,0],[92,574]]
[[0,0],[1,0],[47,574]]
[[0,0],[1,0],[59,574]]
[[0,0],[1,0],[185,574]]
[[0,0],[1,0],[554,574]]
[[0,0],[1,0],[67,574]]
[[0,0],[1,0],[456,574]]
[[0,0],[1,0],[313,574]]
[[0,0],[1,0],[125,574]]
[[0,0],[1,0],[51,574]]
[[0,0],[1,0],[8,574]]
[[0,0],[1,0],[1,574]]
[[0,0],[1,0],[111,574]]
[[0,0],[1,0],[221,574]]
[[0,0],[1,0],[321,574]]
