[[0,0],[1,0],[158,575]]
[[0,0],[1,0],[551,575]]
[[0,0],[1,0],[93,575]]
[[0,0],[1,0],[271,575]]
[[0,0],[1,0],[68,575]]
[[0,0],[1,0],[311,575]]
[[0,0],[1,0],[206,575]]
[[0,0],[1,0],[114,575]]
[[0,0],[1,0],[246,575]]
[[0,0],[1,0],[39,575]]
[[0,0],[1,0],[1,575]]
[[0,0],[1,0],[162,575]]
[[0,0],[1,0],[86,575]]
[[0,0],[1,0],[4,575]]
[[0,0],[1,0],[151,575]]
[[0,0],[1,0],[77,575]]
[[0,0],[1,0],[236,575]]
[[0,0],[1,0],[142,575]]
[[0,0],[1,0],[224,575]]
[[0,0],[1,0],[118,575]]
[[0,0],[1,0],[41,575]]
[[0,0],[1,0],[34,575]]
[[0,0],[1,0],[431,575]]
[[0,0],[1,0],[211,575]]
[[0,0],[1,0],[11,575]]
[[0,0],[1,0],[156,575]]
[[0,0],[1,0],[254,575]]
[[0,0],[1,0],[63,575]]
[[0,0],[1,0],[196,575]]
[[0,0],[1,0],[17,575]]
[[0,0],[1,0],[111,575]]
[[0,0],[1,0],[168,575]]
[[0,0],[1,0],[134,575]]
[[0,0],[1,0],[2,575]]
[[0,0],[1,0],[266,575]]
[[0,0],[5,0],[20,115]]
[[0,0],[1,0],[19,575]]
[[0,0],[1,0],[47,575]]
[[0,0],[1,0],[22,575]]
[[0,0],[1,0],[516,575]]
[[0,0],[1,0],[291,575]]
[[0,0],[1,0],[231,575]]
[[0,0],[1,0],[116,575]]
[[0,0],[1,0],[9,575]]
[[0,0],[1,0],[146,575]]
[[0,0],[1,0],[276,575]]
[[0,0],[1,0],[38,575]]
[[0,0],[1,0],[29,575]]
[[0,0],[1,0],[109,575]]
[[0,0],[1,0],[141,575]]
[[0,0],[1,0],[14,575]]
[[0,0],[1,0],[71,575]]
[[0,0],[1,0],[186,575]]
[[0,0],[1,0],[159,575]]
[[0,0],[1,0],[136,575]]
[[0,0],[1,0],[167,575]]
[[0,0],[1,0],[52,575]]
[[0,0],[1,0],[21,575]]
[[0,0],[1,0],[101,575]]
[[0,0],[1,0],[530,575]]
[[0,0],[1,0],[8,575]]
[[0,0],[1,0],[24,575]]
[[0,0],[1,0],[511,575]]
[[0,0],[1,0],[486,575]]
[[0,0],[5,0],[25,115]]
[[0,0],[1,0],[326,575]]
[[0,0],[1,0],[181,575]]
[[0,0],[1,0],[78,575]]
[[0,0],[1,0],[415,575]]
[[0,0],[1,0],[149,575]]
[[0,0],[1,0],[301,575]]
[[0,0],[1,0],[18,575]]
[[0,0],[1,0],[185,575]]
[[0,0],[1,0],[166,575]]
[[0,0],[1,0],[31,575]]
[[0,0],[1,0],[13,575]]
[[0,0],[1,0],[28,575]]
[[0,0],[1,0],[88,575]]
[[0,0],[1,0],[87,575]]
[[0,0],[1,0],[133,575]]
[[0,0],[5,0],[15,115]]
[[0,0],[1,0],[137,575]]
[[0,0],[1,0],[44,575]]
[[0,0],[1,0],[106,575]]
[[0,0],[1,0],[171,575]]
[[0,0],[1,0],[12,575]]
[[0,0],[1,0],[16,575]]
[[0,0],[1,0],[76,575]]
[[0,0],[1,0],[296,575]]
[[0,0],[1,0],[51,575]]
[[0,0],[1,0],[126,575]]
[[0,0],[1,0],[58,575]]
[[0,0],[1,0],[3,575]]
[[0,0],[1,0],[139,575]]
[[0,0],[1,0],[79,575]]
[[0,0],[1,0],[456,575]]
[[0,0],[1,0],[169,575]]
[[0,0],[1,0],[56,575]]
[[0,0],[1,0],[191,575]]
[[0,0],[1,0],[91,575]]
[[0,0],[1,0],[84,575]]
[[0,0],[1,0],[26,575]]
[[0,0],[1,0],[392,575]]
[[0,0],[1,0],[7,575]]
[[0,0],[1,0],[27,575]]
[[0,0],[5,0],[10,115]]
[[0,0],[1,0],[6,575]]
[[0,0],[1,0],[176,575]]
[[0,0],[1,0],[121,575]]
[[0,0],[5,0],[5,115]]
[[0,0],[1,0],[57,575]]
[[0,0],[1,0],[43,575]]
[[0,0],[1,0],[201,575]]
[[0,0],[1,0],[61,575]]
[[0,0],[1,0],[127,575]]
[[0,0],[1,0],[53,575]]
[[0,0],[1,0],[62,575]]
[[0,0],[1,0],[216,575]]
[[0,0],[1,0],[471,575]]
[[0,0],[1,0],[221,575]]
[[0,0],[1,0],[70,575]]
[[0,0],[1,0],[131,575]]
[[0,0],[1,0],[277,575]]
[[0,0],[1,0],[54,575]]
[[0,0],[1,0],[128,575]]
[[0,0],[1,0],[129,575]]
[[0,0],[1,0],[143,575]]
