[[0,0],[1,0],[485,576]]
[[0,0],[2,0],[92,288]]
[[0,0],[1,0],[417,576]]
[[0,0],[2,0],[44,288]]
[[0,0],[1,0],[525,576]]
[[0,0],[1,0],[143,576]]
[[0,0],[1,0],[57,576]]
[[0,0],[1,0],[149,576]]
[[0,0],[2,0],[200,288]]
[[0,0],[4,0],[4,144]]
[[0,0],[12,0],[36,48]]
[[0,0],[2,0],[140,288]]
[[0,0],[3,0],[21,192]]
[[0,0],[1,0],[241,576]]
[[0,0],[1,0],[501,576]]
[[0,0],[1,0],[574,576]]
[[0,0],[1,0],[181,576]]
[[0,0],[1,0],[201,576]]
[[0,0],[1,0],[239,576]]
[[0,0],[6,0],[30,96]]
[[0,0],[1,0],[454,576]]
[[0,0],[1,0],[568,576]]
[[0,0],[1,0],[118,576]]
[[0,0],[1,0],[205,576]]
[[0,0],[1,0],[173,576]]
[[0,0],[1,0],[418,576]]
[[0,0],[3,0],[15,192]]
[[0,0],[2,0],[86,288]]
[[0,0],[1,0],[465,576]]
[[0,0],[2,0],[34,288]]
[[0,0],[1,0],[429,576]]
[[0,0],[1,0],[259,576]]
[[0,0],[1,0],[321,576]]
[[0,0],[1,0],[41,576]]
[[0,0],[1,0],[34,576]]
[[0,0],[1,0],[331,576]]
[[0,0],[2,0],[142,288]]
[[0,0],[1,0],[178,576]]
[[0,0],[1,0],[101,576]]
[[0,0],[2,0],[114,288]]
[[0,0],[1,0],[53,576]]
[[0,0],[1,0],[253,576]]
[[0,0],[2,0],[14,288]]
[[0,0],[1,0],[17,576]]
[[0,0],[1,0],[345,576]]
[[0,0],[2,0],[50,288]]
[[0,0],[1,0],[343,576]]
[[0,0],[1,0],[211,576]]
[[0,0],[2,0],[212,288]]
[[0,0],[3,0],[51,192]]
[[0,0],[1,0],[244,576]]
[[0,0],[1,0],[70,576]]
[[0,0],[1,0],[442,576]]
[[0,0],[1,0],[225,576]]
[[0,0],[1,0],[369,576]]
[[0,0],[1,0],[401,576]]
[[0,0],[1,0],[145,576]]
[[0,0],[1,0],[23,576]]
[[0,0],[1,0],[316,576]]
[[0,0],[1,0],[11,576]]
[[0,0],[1,0],[121,576]]
[[0,0],[1,0],[250,576]]
[[0,0],[1,0],[107,576]]
[[0,0],[2,0],[38,288]]
[[0,0],[1,0],[113,576]]
[[0,0],[4,0],[76,144]]
[[0,0],[1,0],[190,576]]
[[0,0],[1,0],[161,576]]
[[0,0],[2,0],[82,288]]
[[0,0],[1,0],[277,576]]
[[0,0],[2,0],[282,288]]
[[0,0],[1,0],[573,576]]
[[0,0],[2,0],[22,288]]
[[0,0],[2,0],[236,288]]
[[0,0],[1,0],[310,576]]
[[0,0],[1,0],[71,576]]
[[0,0],[1,0],[93,576]]
[[0,0],[1,0],[37,576]]
[[0,0],[3,0],[57,192]]
[[0,0],[1,0],[127,576]]
[[0,0],[2,0],[162,288]]
[[0,0],[1,0],[157,576]]
[[0,0],[4,0],[88,144]]
[[0,0],[1,0],[10,576]]
[[0,0],[2,0],[106,288]]
[[0,0],[1,0],[229,576]]
[[0,0],[1,0],[298,576]]
[[0,0],[1,0],[226,576]]
[[0,0],[2,0],[42,288]]
[[0,0],[1,0],[65,576]]
[[0,0],[1,0],[262,576]]
[[0,0],[1,0],[467,576]]
[[0,0],[1,0],[89,576]]
[[0,0],[24,0],[0,24]]
[[0,0],[2,0],[210,288]]
[[0,0],[1,0],[478,576]]
[[0,0],[2,0],[118,288]]
[[0,0],[1,0],[424,576]]
[[0,0],[4,0],[40,144]]
[[0,0],[1,0],[358,576]]
[[0,0],[1,0],[1,576]]
[[0,0],[1,0],[49,576]]
[[0,0],[1,0],[466,576]]
[[0,0],[1,0],[237,576]]
[[0,0],[1,0],[309,576]]
[[0,0],[1,0],[81,576]]
[[0,0],[4,0],[140,144]]
[[0,0],[4,0],[84,144]]
[[0,0],[1,0],[295,576]]
[[0,0],[1,0],[59,576]]
[[0,0],[2,0],[138,288]]
[[0,0],[2,0],[254,288]]
[[0,0],[1,0],[349,576]]
[[0,0],[1,0],[47,576]]
[[0,0],[6,0],[6,96]]
[[0,0],[2,0],[154,288]]
[[0,0],[1,0],[100,576]]
[[0,0],[3,0],[189,192]]
[[0,0],[1,0],[406,576]]
[[0,0],[1,0],[393,576]]
[[0,0],[1,0],[325,576]]
[[0,0],[1,0],[197,576]]
[[0,0],[1,0],[191,576]]
[[0,0],[1,0],[167,576]]
[[0,0],[2,0],[286,288]]
[[0,0],[1,0],[489,576]]
[[0,0],[3,0],[27,192]]
[[0,0],[3,0],[87,192]]
[[0,0],[4,0],[44,144]]
[[0,0],[1,0],[103,576]]
[[0,0],[2,0],[26,288]]
[[0,0],[1,0],[382,576]]
[[0,0],[1,0],[125,576]]
[[0,0],[3,0],[111,192]]
[[0,0],[1,0],[179,576]]
[[0,0],[1,0],[5,576]]
[[0,0],[3,0],[63,192]]
[[0,0],[1,0],[513,576]]
[[0,0],[1,0],[25,576]]
[[0,0],[3,0],[69,192]]
[[0,0],[1,0],[550,576]]
[[0,0],[6,0],[18,96]]
[[0,0],[4,0],[52,144]]
[[0,0],[2,0],[230,288]]
[[0,0],[1,0],[215,576]]
[[0,0],[1,0],[491,576]]
[[0,0],[1,0],[137,576]]
[[0,0],[2,0],[258,288]]
[[0,0],[1,0],[391,576]]
[[0,0],[3,0],[93,192]]
[[0,0],[1,0],[163,576]]
[[0,0],[1,0],[289,576]]
[[0,0],[1,0],[13,576]]
[[0,0],[2,0],[122,288]]
[[0,0],[1,0],[430,576]]
[[0,0],[1,0],[94,576]]
[[0,0],[1,0],[61,576]]
[[0,0],[1,0],[265,576]]
[[0,0],[1,0],[514,576]]
[[0,0],[1,0],[46,576]]
[[0,0],[4,0],[20,144]]
[[0,0],[1,0],[203,576]]
[[0,0],[1,0],[214,576]]
[[0,0],[1,0],[73,576]]
[[0,0],[1,0],[443,576]]
[[0,0],[12,0],[12,48]]
[[0,0],[1,0],[213,576]]
[[0,0],[1,0],[29,576]]
[[0,0],[1,0],[273,576]]
[[0,0],[1,0],[21,576]]
[[0,0],[1,0],[353,576]]
[[0,0],[2,0],[98,288]]
[[0,0],[1,0],[58,576]]
[[0,0],[1,0],[319,576]]
[[0,0],[2,0],[116,288]]
[[0,0],[1,0],[274,576]]
[[0,0],[1,0],[367,576]]
[[0,0],[1,0],[129,576]]
[[0,0],[1,0],[388,576]]
[[0,0],[1,0],[449,576]]
[[0,0],[1,0],[22,576]]
[[0,0],[3,0],[33,192]]
[[0,0],[2,0],[10,288]]
[[0,0],[1,0],[55,576]]
[[0,0],[1,0],[169,576]]
[[0,0],[2,0],[70,288]]
[[0,0],[1,0],[165,576]]
[[0,0],[1,0],[346,576]]
[[0,0],[1,0],[357,576]]
[[0,0],[1,0],[19,576]]
[[0,0],[6,0],[54,96]]
[[0,0],[1,0],[33,576]]
[[0,0],[1,0],[425,576]]
[[0,0],[1,0],[526,576]]
[[0,0],[1,0],[136,576]]
[[0,0],[2,0],[146,288]]
[[0,0],[1,0],[43,576]]
[[0,0],[2,0],[186,288]]
[[0,0],[1,0],[271,576]]
[[0,0],[1,0],[453,576]]
[[0,0],[1,0],[370,576]]
[[0,0],[1,0],[187,576]]
[[0,0],[2,0],[284,288]]
[[0,0],[2,0],[188,288]]
[[0,0],[1,0],[575,576]]
[[0,0],[2,0],[260,288]]
[[0,0],[1,0],[377,576]]
[[0,0],[3,0],[45,192]]
[[0,0],[1,0],[95,576]]
[[0,0],[2,0],[46,288]]
[[0,0],[8,0],[8,72]]
[[0,0],[1,0],[35,576]]
[[0,0],[2,0],[74,288]]
[[0,0],[6,0],[42,96]]
[[0,0],[3,0],[153,192]]
[[0,0],[1,0],[460,576]]
[[0,0],[1,0],[334,576]]
[[0,0],[1,0],[502,576]]
[[0,0],[1,0],[415,576]]
[[0,0],[1,0],[301,576]]
[[0,0],[1,0],[538,576]]
[[0,0],[1,0],[130,576]]
[[0,0],[1,0],[285,576]]
[[0,0],[2,0],[66,288]]
[[0,0],[1,0],[141,576]]
[[0,0],[3,0],[3,192]]
[[0,0],[2,0],[110,288]]
[[0,0],[1,0],[79,576]]
[[0,0],[8,0],[16,72]]
[[0,0],[1,0],[221,576]]
[[0,0],[1,0],[235,576]]
[[0,0],[1,0],[329,576]]
[[0,0],[2,0],[68,288]]
[[0,0],[1,0],[115,576]]
[[0,0],[2,0],[20,288]]
[[0,0],[2,0],[130,288]]
[[0,0],[1,0],[263,576]]
[[0,0],[4,0],[68,144]]
[[0,0],[1,0],[83,576]]
[[0,0],[2,0],[62,288]]
[[0,0],[1,0],[562,576]]
[[0,0],[1,0],[283,576]]
[[0,0],[1,0],[280,576]]
[[0,0],[1,0],[394,576]]
[[0,0],[1,0],[119,576]]
[[0,0],[2,0],[272,288]]
[[0,0],[1,0],[166,576]]
[[0,0],[8,0],[32,72]]
[[0,0],[1,0],[172,576]]
[[0,0],[1,0],[69,576]]
[[0,0],[4,0],[112,144]]
[[0,0],[4,0],[132,144]]
[[0,0],[1,0],[537,576]]
[[0,0],[1,0],[82,576]]
[[0,0],[1,0],[217,576]]
[[0,0],[1,0],[177,576]]
[[0,0],[1,0],[202,576]]
[[0,0],[3,0],[9,192]]
[[0,0],[2,0],[178,288]]
[[0,0],[1,0],[155,576]]
[[0,0],[1,0],[307,576]]
[[0,0],[1,0],[287,576]]
[[0,0],[1,0],[490,576]]
[[0,0],[1,0],[106,576]]
[[0,0],[1,0],[142,576]]
[[0,0],[4,0],[28,144]]
[[0,0],[1,0],[105,576]]
[[0,0],[3,0],[99,192]]
[[0,0],[6,0],[90,96]]
[[0,0],[1,0],[561,576]]
[[0,0],[1,0],[509,576]]
[[0,0],[2,0],[94,288]]
[[0,0],[1,0],[77,576]]
[[0,0],[1,0],[28,576]]
[[0,0],[1,0],[154,576]]
[[0,0],[1,0],[193,576]]
[[0,0],[1,0],[532,576]]
[[0,0],[2,0],[164,288]]
[[0,0],[1,0],[286,576]]
[[0,0],[1,0],[381,576]]
[[0,0],[2,0],[56,288]]
[[0,0],[1,0],[131,576]]
[[0,0],[3,0],[75,192]]
[[0,0],[1,0],[249,576]]
[[0,0],[1,0],[7,576]]
[[0,0],[4,0],[136,144]]
[[0,0],[1,0],[322,576]]
[[0,0],[1,0],[139,576]]
[[0,0],[1,0],[97,576]]
[[0,0],[1,0],[238,576]]
[[0,0],[2,0],[2,288]]
[[0,0],[1,0],[31,576]]
