[[0,0],[1,0],[10,577]]
[[0,0],[1,0],[30,577]]
[[0,0],[1,0],[58,577]]
[[0,0],[1,0],[8,577]]
[[0,0],[1,0],[130,577]]
[[0,0],[1,0],[9,577]]
[[0,0],[1,0],[13,577]]
[[0,0],[1,0],[90,577]]
[[0,0],[1,0],[117,577]]
[[0,0],[1,0],[54,577]]
[[0,0],[1,0],[27,577]]
[[0,0],[1,0],[85,577]]
[[0,0],[1,0],[133,577]]
[[0,0],[1,0],[29,577]]
[[0,0],[1,0],[3,577]]
[[0,0],[1,0],[26,577]]
[[0,0],[1,0],[41,577]]
[[0,0],[1,0],[114,577]]
[[0,0],[1,0],[53,577]]
[[0,0],[1,0],[70,577]]
[[0,0],[1,0],[143,577]]
[[0,0],[1,0],[201,577]]
[[0,0],[1,0],[19,577]]
[[0,0],[1,0],[213,577]]
[[0,0],[1,0],[76,577]]
[[0,0],[1,0],[120,577]]
[[0,0],[1,0],[132,577]]
[[0,0],[1,0],[23,577]]
[[0,0],[1,0],[67,577]]
[[0,0],[1,0],[142,577]]
[[0,0],[1,0],[137,577]]
[[0,0],[1,0],[62,577]]
[[0,0],[1,0],[214,577]]
[[0,0],[1,0],[15,577]]
[[0,0],[1,0],[68,577]]
[[0,0],[1,0],[18,577]]
[[0,0],[1,0],[17,577]]
[[0,0],[1,0],[66,577]]
[[0,0],[1,0],[60,577]]
[[0,0],[1,0],[91,577]]
[[0,0],[1,0],[5,577]]
[[0,0],[1,0],[21,577]]
[[0,0],[1,0],[6,577]]
[[0,0],[1,0],[128,577]]
[[0,0],[1,0],[43,577]]
[[0,0],[1,0],[131,577]]
[[0,0],[1,0],[135,577]]
[[0,0],[1,0],[42,577]]
[[0,0],[1,0],[44,577]]
[[0,0],[1,0],[123,577]]
[[0,0],[1,0],[149,577]]
[[0,0],[1,0],[45,577]]
[[0,0],[1,0],[14,577]]
[[0,0],[1,0],[39,577]]
[[0,0],[1,0],[84,577]]
[[0,0],[1,0],[196,577]]
[[0,0],[1,0],[148,577]]
[[0,0],[1,0],[52,577]]
[[0,0],[1,0],[31,577]]
[[0,0],[1,0],[63,577]]
[[0,0],[1,0],[129,577]]
[[0,0],[1,0],[59,577]]
[[0,0],[1,0],[22,577]]
[[0,0],[1,0],[11,577]]
[[0,0],[1,0],[163,577]]
[[0,0],[1,0],[108,577]]
[[0,0],[1,0],[80,577]]
[[0,0],[1,0],[20,577]]
[[0,0],[1,0],[57,577]]
[[0,0],[1,0],[1,577]]
[[0,0],[1,0],[50,577]]
[[0,0],[1,0],[69,577]]
[[0,0],[1,0],[47,577]]
[[0,0],[1,0],[16,577]]
[[0,0],[1,0],[124,577]]
[[0,0],[1,0],[115,577]]
[[0,0],[1,0],[94,577]]
[[0,0],[1,0],[4,577]]
[[0,0],[1,0],[83,577]]
[[0,0],[1,0],[40,577]]
[[0,0],[1,0],[12,577]]
[[0,0],[1,0],[95,577]]
[[0,0],[1,0],[116,577]]
[[0,0],[1,0],[51,577]]
[[0,0],[1,0],[7,577]]
[[0,0],[1,0],[38,577]]
[[0,0],[1,0],[113,577]]
[[0,0],[1,0],[86,577]]
[[0,0],[1,0],[134,577]]
[[0,0],[1,0],[180,577]]
[[0,0],[1,0],[46,577]]
[[0,0],[1,0],[28,577]]
[[0,0],[1,0],[87,577]]
[[0,0],[1,0],[184,577]]
[[0,0],[1,0],[24,577]]
[[0,0],[1,0],[2,577]]
[[0,0],[1,0],[61,577]]
[[0,0],[1,0],[136,577]]
