[[0,0],[1,0],[528,578]]
[[0,0],[1,0],[203,578]]
[[0,0],[1,0],[77,578]]
[[0,0],[1,0],[9,578]]
[[0,0],[1,0],[287,578]]
[[0,0],[1,0],[329,578]]
[[0,0],[1,0],[273,578]]
[[0,0],[1,0],[13,578]]
[[0,0],[1,0],[97,578]]
[[0,0],[1,0],[117,578]]
[[0,0],[1,0],[25,578]]
[[0,0],[1,0],[27,578]]
[[0,0],[1,0],[489,578]]
[[0,0],[1,0],[261,578]]
[[0,0],[1,0],[105,578]]
[[0,0],[1,0],[29,578]]
[[0,0],[1,0],[151,578]]
[[0,0],[1,0],[281,578]]
[[0,0],[1,0],[147,578]]
[[0,0],[1,0],[3,578]]
[[0,0],[1,0],[231,578]]
[[0,0],[1,0],[139,578]]
[[0,0],[1,0],[365,578]]
[[0,0],[1,0],[189,578]]
[[0,0],[1,0],[227,578]]
[[0,0],[1,0],[171,578]]
[[0,0],[1,0],[265,578]]
[[0,0],[1,0],[494,578]]
[[0,0],[1,0],[111,578]]
[[0,0],[1,0],[41,578]]
[[0,0],[1,0],[53,578]]
[[0,0],[1,0],[201,578]]
[[0,0],[1,0],[143,578]]
[[0,0],[1,0],[120,578]]
[[0,0],[1,0],[19,578]]
[[0,0],[1,0],[460,578]]
[[0,0],[1,0],[271,578]]
[[0,0],[1,0],[215,578]]
[[0,0],[1,0],[107,578]]
[[0,0],[1,0],[229,578]]
[[0,0],[1,0],[23,578]]
[[0,0],[1,0],[243,578]]
[[0,0],[1,0],[67,578]]
[[0,0],[1,0],[392,578]]
[[0,0],[1,0],[79,578]]
[[0,0],[1,0],[137,578]]
[[0,0],[1,0],[421,578]]
[[0,0],[1,0],[55,578]]
[[0,0],[1,0],[353,578]]
[[0,0],[1,0],[237,578]]
[[0,0],[1,0],[311,578]]
[[0,0],[1,0],[15,578]]
[[0,0],[1,0],[358,578]]
[[0,0],[1,0],[18,578]]
[[0,0],[1,0],[369,578]]
[[0,0],[1,0],[253,578]]
[[0,0],[1,0],[319,578]]
[[0,0],[1,0],[457,578]]
[[0,0],[1,0],[93,578]]
[[0,0],[1,0],[379,578]]
[[0,0],[1,0],[177,578]]
[[0,0],[1,0],[5,578]]
[[0,0],[1,0],[21,578]]
[[0,0],[1,0],[397,578]]
[[0,0],[1,0],[91,578]]
[[0,0],[1,0],[577,578]]
[[0,0],[1,0],[159,578]]
[[0,0],[1,0],[43,578]]
[[0,0],[1,0],[437,578]]
[[0,0],[1,0],[393,578]]
[[0,0],[1,0],[131,578]]
[[0,0],[1,0],[241,578]]
[[0,0],[1,0],[247,578]]
[[0,0],[1,0],[135,578]]
[[0,0],[1,0],[507,578]]
[[0,0],[1,0],[188,578]]
[[0,0],[1,0],[455,578]]
[[0,0],[1,0],[345,578]]
[[0,0],[1,0],[149,578]]
[[0,0],[1,0],[285,578]]
[[0,0],[1,0],[45,578]]
[[0,0],[1,0],[426,578]]
[[0,0],[1,0],[283,578]]
[[0,0],[1,0],[256,578]]
[[0,0],[1,0],[411,578]]
[[0,0],[1,0],[453,578]]
[[0,0],[1,0],[39,578]]
[[0,0],[1,0],[52,578]]
[[0,0],[1,0],[109,578]]
[[0,0],[1,0],[75,578]]
[[0,0],[1,0],[173,578]]
[[0,0],[1,0],[31,578]]
[[0,0],[1,0],[403,578]]
[[0,0],[1,0],[63,578]]
[[0,0],[1,0],[251,578]]
[[0,0],[1,0],[197,578]]
[[0,0],[1,0],[562,578]]
[[0,0],[1,0],[205,578]]
[[0,0],[1,0],[37,578]]
[[0,0],[1,0],[127,578]]
[[0,0],[1,0],[129,578]]
[[0,0],[1,0],[303,578]]
[[0,0],[17,0],[17,34]]
[[0,0],[1,0],[81,578]]
[[0,0],[1,0],[35,578]]
[[0,0],[1,0],[11,578]]
[[0,0],[1,0],[169,578]]
[[0,0],[1,0],[321,578]]
[[0,0],[1,0],[163,578]]
[[0,0],[1,0],[222,578]]
[[0,0],[1,0],[235,578]]
[[0,0],[1,0],[49,578]]
[[0,0],[1,0],[359,578]]
[[0,0],[1,0],[57,578]]
[[0,0],[1,0],[165,578]]
[[0,0],[1,0],[211,578]]
[[0,0],[1,0],[1,578]]
[[0,0],[1,0],[290,578]]
[[0,0],[1,0],[385,578]]
[[0,0],[1,0],[65,578]]
[[0,0],[1,0],[207,578]]
[[0,0],[1,0],[445,578]]
[[0,0],[1,0],[324,578]]
[[0,0],[1,0],[69,578]]
[[0,0],[1,0],[47,578]]
[[0,0],[1,0],[387,578]]
[[0,0],[1,0],[83,578]]
[[0,0],[1,0],[115,578]]
[[0,0],[1,0],[95,578]]
[[0,0],[1,0],[223,578]]
[[0,0],[1,0],[217,578]]
[[0,0],[1,0],[155,578]]
[[0,0],[1,0],[399,578]]
[[0,0],[1,0],[263,578]]
[[0,0],[1,0],[519,578]]
[[0,0],[1,0],[101,578]]
[[0,0],[1,0],[383,578]]
[[0,0],[1,0],[103,578]]
[[0,0],[1,0],[113,578]]
[[0,0],[1,0],[33,578]]
[[0,0],[1,0],[145,578]]
[[0,0],[1,0],[7,578]]
[[0,0],[1,0],[269,578]]
[[0,0],[1,0],[86,578]]
[[0,0],[1,0],[239,578]]
[[0,0],[1,0],[161,578]]
[[0,0],[1,0],[183,578]]
[[0,0],[1,0],[87,578]]
[[0,0],[1,0],[61,578]]
[[0,0],[1,0],[99,578]]
[[0,0],[1,0],[154,578]]
[[0,0],[1,0],[277,578]]
[[0,0],[1,0],[333,578]]
[[0,0],[1,0],[279,578]]
[[0,0],[1,0],[73,578]]
