[[0,0],[1,0],[10,579]]
[[0,0],[1,0],[8,579]]
[[0,0],[1,0],[406,579]]
[[0,0],[1,0],[298,579]]
[[0,0],[1,0],[77,579]]
[[0,0],[1,0],[289,579]]
[[0,0],[1,0],[334,579]]
[[0,0],[1,0],[13,579]]
[[0,0],[1,0],[97,579]]
[[0,0],[1,0],[307,579]]
[[0,0],[1,0],[64,579]]
[[0,0],[1,0],[85,579]]
[[0,0],[1,0],[466,579]]
[[0,0],[1,0],[25,579]]
[[0,0],[1,0],[166,579]]
[[0,0],[1,0],[133,579]]
[[0,0],[1,0],[164,579]]
[[0,0],[1,0],[151,579]]
[[0,0],[1,0],[355,579]]
[[0,0],[1,0],[295,579]]
[[0,0],[1,0],[26,579]]
[[0,0],[1,0],[265,579]]
[[0,0],[1,0],[172,579]]
[[0,0],[1,0],[262,579]]
[[0,0],[1,0],[41,579]]
[[0,0],[1,0],[53,579]]
[[0,0],[1,0],[352,579]]
[[0,0],[1,0],[451,579]]
[[0,0],[1,0],[70,579]]
[[0,0],[1,0],[76,579]]
[[0,0],[1,0],[328,579]]
[[0,0],[1,0],[19,579]]
[[0,0],[1,0],[271,579]]
[[0,0],[1,0],[178,579]]
[[0,0],[1,0],[23,579]]
[[0,0],[1,0],[229,579]]
[[0,0],[1,0],[67,579]]
[[0,0],[1,0],[463,579]]
[[0,0],[1,0],[170,579]]
[[0,0],[1,0],[104,579]]
[[0,0],[1,0],[199,579]]
[[0,0],[1,0],[137,579]]
[[0,0],[1,0],[179,579]]
[[0,0],[1,0],[421,579]]
[[0,0],[1,0],[142,579]]
[[0,0],[1,0],[55,579]]
[[0,0],[1,0],[74,579]]
[[0,0],[1,0],[68,579]]
[[0,0],[1,0],[358,579]]
[[0,0],[1,0],[17,579]]
[[0,0],[1,0],[253,579]]
[[0,0],[1,0],[194,579]]
[[0,0],[1,0],[259,579]]
[[0,0],[1,0],[5,579]]
[[0,0],[1,0],[397,579]]
[[0,0],[1,0],[250,579]]
[[0,0],[1,0],[119,579]]
[[0,0],[1,0],[373,579]]
[[0,0],[1,0],[325,579]]
[[0,0],[1,0],[43,579]]
[[0,0],[1,0],[220,579]]
[[0,0],[1,0],[241,579]]
[[0,0],[1,0],[247,579]]
[[0,0],[1,0],[44,579]]
[[0,0],[1,0],[226,579]]
[[0,0],[1,0],[256,579]]
[[0,0],[1,0],[14,579]]
[[0,0],[1,0],[82,579]]
[[0,0],[1,0],[196,579]]
[[0,0],[1,0],[391,579]]
[[0,0],[1,0],[32,579]]
[[0,0],[1,0],[286,579]]
[[0,0],[1,0],[550,579]]
[[0,0],[1,0],[148,579]]
[[0,0],[1,0],[34,579]]
[[0,0],[1,0],[52,579]]
[[0,0],[1,0],[427,579]]
[[0,0],[1,0],[31,579]]
[[0,0],[1,0],[197,579]]
[[0,0],[1,0],[205,579]]
[[0,0],[1,0],[118,579]]
[[0,0],[1,0],[232,579]]
[[0,0],[1,0],[37,579]]
[[0,0],[1,0],[127,579]]
[[0,0],[1,0],[88,579]]
[[0,0],[1,0],[278,579]]
[[0,0],[1,0],[176,579]]
[[0,0],[1,0],[22,579]]
[[0,0],[1,0],[187,579]]
[[0,0],[1,0],[11,579]]
[[0,0],[1,0],[169,579]]
[[0,0],[1,0],[20,579]]
[[0,0],[1,0],[163,579]]
[[0,0],[1,0],[280,579]]
[[0,0],[1,0],[235,579]]
[[0,0],[1,0],[49,579]]
[[0,0],[1,0],[112,579]]
[[0,0],[1,0],[244,579]]
[[0,0],[1,0],[157,579]]
[[0,0],[1,0],[1,579]]
[[0,0],[1,0],[385,579]]
[[0,0],[1,0],[65,579]]
[[0,0],[1,0],[175,579]]
[[0,0],[1,0],[16,579]]
[[0,0],[1,0],[50,579]]
[[0,0],[1,0],[124,579]]
[[0,0],[1,0],[40,579]]
[[0,0],[1,0],[106,579]]
[[0,0],[1,0],[4,579]]
[[0,0],[1,0],[47,579]]
[[0,0],[1,0],[387,579]]
[[0,0],[1,0],[115,579]]
[[0,0],[1,0],[94,579]]
[[0,0],[1,0],[83,579]]
[[0,0],[1,0],[95,579]]
[[0,0],[1,0],[217,579]]
[[0,0],[1,0],[478,579]]
[[0,0],[1,0],[481,579]]
[[0,0],[1,0],[103,579]]
[[0,0],[1,0],[7,579]]
[[0,0],[1,0],[472,579]]
[[0,0],[1,0],[38,579]]
[[0,0],[1,0],[71,579]]
[[0,0],[1,0],[86,579]]
[[0,0],[1,0],[28,579]]
[[0,0],[1,0],[100,579]]
[[0,0],[1,0],[46,579]]
[[0,0],[1,0],[184,579]]
[[0,0],[1,0],[136,579]]
[[0,0],[1,0],[2,579]]
[[0,0],[1,0],[277,579]]
[[0,0],[1,0],[73,579]]
