[[0,0],[1,0],[27,580]]
[[0,0],[1,0],[317,580]]
[[0,0],[1,0],[67,580]]
[[0,0],[1,0],[426,580]]
[[0,0],[1,0],[49,580]]
[[0,0],[2,0],[162,290]]
[[0,0],[2,0],[32,290]]
[[0,0],[2,0],[16,290]]
[[0,0],[1,0],[386,580]]
[[0,0],[1,0],[391,580]]
[[0,0],[1,0],[257,580]]
[[0,0],[2,0],[8,290]]
[[0,0],[1,0],[446,580]]
[[0,0],[1,0],[451,580]]
[[0,0],[2,0],[176,290]]
[[0,0],[2,0],[76,290]]
[[0,0],[1,0],[546,580]]
[[0,0],[1,0],[161,580]]
[[0,0],[1,0],[23,580]]
[[0,0],[2,0],[44,290]]
[[0,0],[1,0],[497,580]]
[[0,0],[2,0],[62,290]]
[[0,0],[1,0],[137,580]]
[[0,0],[1,0],[369,580]]
[[0,0],[1,0],[226,580]]
[[0,0],[1,0],[287,580]]
[[0,0],[1,0],[209,580]]
[[0,0],[1,0],[494,580]]
[[0,0],[1,0],[177,580]]
[[0,0],[1,0],[576,580]]
[[0,0],[1,0],[51,580]]
[[0,0],[1,0],[99,580]]
[[0,0],[2,0],[24,290]]
[[0,0],[2,0],[28,290]]
[[0,0],[1,0],[13,580]]
[[0,0],[1,0],[536,580]]
[[0,0],[1,0],[61,580]]
[[0,0],[1,0],[71,580]]
[[0,0],[1,0],[262,580]]
[[0,0],[1,0],[320,580]]
[[0,0],[1,0],[321,580]]
[[0,0],[1,0],[231,580]]
[[0,0],[1,0],[9,580]]
[[0,0],[1,0],[146,580]]
[[0,0],[1,0],[399,580]]
[[0,0],[1,0],[79,580]]
[[0,0],[1,0],[423,580]]
[[0,0],[1,0],[393,580]]
[[0,0],[1,0],[163,580]]
[[0,0],[2,0],[56,290]]
[[0,0],[1,0],[143,580]]
[[0,0],[1,0],[97,580]]
[[0,0],[1,0],[47,580]]
[[0,0],[1,0],[496,580]]
[[0,0],[1,0],[136,580]]
[[0,0],[1,0],[186,580]]
[[0,0],[2,0],[172,290]]
[[0,0],[1,0],[183,580]]
[[0,0],[1,0],[291,580]]
[[0,0],[1,0],[21,580]]
[[0,0],[2,0],[104,290]]
[[0,0],[1,0],[103,580]]
[[0,0],[1,0],[216,580]]
[[0,0],[2,0],[46,290]]
[[0,0],[1,0],[341,580]]
[[0,0],[1,0],[407,580]]
[[0,0],[2,0],[14,290]]
[[0,0],[1,0],[109,580]]
[[0,0],[1,0],[207,580]]
[[0,0],[1,0],[246,580]]
[[0,0],[1,0],[256,580]]
[[0,0],[1,0],[126,580]]
[[0,0],[1,0],[271,580]]
[[0,0],[2,0],[118,290]]
[[0,0],[1,0],[69,580]]
[[0,0],[1,0],[206,580]]
[[0,0],[1,0],[204,580]]
[[0,0],[1,0],[356,580]]
[[0,0],[1,0],[153,580]]
[[0,0],[1,0],[16,580]]
[[0,0],[1,0],[217,580]]
[[0,0],[1,0],[191,580]]
[[0,0],[1,0],[56,580]]
[[0,0],[1,0],[73,580]]
[[0,0],[1,0],[33,580]]
[[0,0],[1,0],[349,580]]
[[0,0],[1,0],[326,580]]
[[0,0],[1,0],[465,580]]
[[0,0],[1,0],[151,580]]
[[0,0],[1,0],[249,580]]
[[0,0],[1,0],[121,580]]
[[0,0],[1,0],[66,580]]
[[0,0],[1,0],[521,580]]
[[0,0],[1,0],[476,580]]
[[0,0],[1,0],[396,580]]
[[0,0],[1,0],[436,580]]
[[0,0],[1,0],[7,580]]
[[0,0],[1,0],[353,580]]
[[0,0],[1,0],[461,580]]
[[0,0],[2,0],[82,290]]
[[0,0],[2,0],[22,290]]
[[0,0],[1,0],[223,580]]
[[0,0],[1,0],[57,580]]
[[0,0],[1,0],[37,580]]
[[0,0],[1,0],[96,580]]
[[0,0],[1,0],[31,580]]
[[0,0],[1,0],[306,580]]
[[0,0],[2,0],[122,290]]
[[0,0],[1,0],[376,580]]
[[0,0],[1,0],[101,580]]
[[0,0],[1,0],[169,580]]
[[0,0],[1,0],[63,580]]
[[0,0],[2,0],[2,290]]
[[0,0],[1,0],[36,580]]
[[0,0],[1,0],[379,580]]
[[0,0],[1,0],[89,580]]
[[0,0],[1,0],[296,580]]
[[0,0],[1,0],[123,580]]
[[0,0],[1,0],[77,580]]
[[0,0],[1,0],[316,580]]
[[0,0],[2,0],[12,290]]
[[0,0],[4,0],[120,145]]
[[0,0],[1,0],[196,580]]
[[0,0],[1,0],[253,580]]
[[0,0],[1,0],[11,580]]
[[0,0],[1,0],[41,580]]
[[0,0],[1,0],[579,580]]
[[0,0],[1,0],[247,580]]
[[0,0],[1,0],[6,580]]
[[0,0],[1,0],[383,580]]
[[0,0],[1,0],[19,580]]
[[0,0],[1,0],[59,580]]
[[0,0],[1,0],[473,580]]
[[0,0],[2,0],[54,290]]
[[0,0],[1,0],[156,580]]
[[0,0],[1,0],[359,580]]
[[0,0],[2,0],[52,290]]
[[0,0],[1,0],[39,580]]
[[0,0],[1,0],[556,580]]
[[0,0],[1,0],[366,580]]
[[0,0],[1,0],[329,580]]
[[0,0],[1,0],[266,580]]
[[0,0],[1,0],[53,580]]
[[0,0],[2,0],[112,290]]
[[0,0],[1,0],[166,580]]
[[0,0],[1,0],[378,580]]
[[0,0],[1,0],[133,580]]
[[0,0],[1,0],[336,580]]
[[0,0],[1,0],[526,580]]
[[0,0],[1,0],[537,580]]
[[0,0],[1,0],[286,580]]
[[0,0],[2,0],[102,290]]
[[0,0],[1,0],[159,580]]
[[0,0],[1,0],[277,580]]
[[0,0],[1,0],[46,580]]
[[0,0],[1,0],[219,580]]
[[0,0],[1,0],[516,580]]
[[0,0],[1,0],[17,580]]
[[0,0],[2,0],[60,290]]
[[0,0],[1,0],[176,580]]
[[0,0],[1,0],[171,580]]
[[0,0],[1,0],[167,580]]
[[0,0],[2,0],[4,290]]
[[0,0],[1,0],[241,580]]
[[0,0],[1,0],[347,580]]
[[0,0],[1,0],[106,580]]
[[0,0],[1,0],[93,580]]
[[0,0],[1,0],[311,580]]
[[0,0],[1,0],[88,580]]
[[0,0],[1,0],[343,580]]
[[0,0],[1,0],[486,580]]
[[0,0],[1,0],[289,580]]
[[0,0],[1,0],[1,580]]
[[0,0],[1,0],[229,580]]
[[0,0],[1,0],[147,580]]
[[0,0],[2,0],[72,290]]
[[0,0],[1,0],[301,580]]
[[0,0],[1,0],[506,580]]
[[0,0],[2,0],[6,290]]
[[0,0],[1,0],[467,580]]
[[0,0],[1,0],[3,580]]
[[0,0],[2,0],[18,290]]
[[0,0],[1,0],[199,580]]
[[0,0],[1,0],[307,580]]
[[0,0],[1,0],[552,580]]
[[0,0],[1,0],[449,580]]
[[0,0],[1,0],[127,580]]
[[0,0],[1,0],[297,580]]
[[0,0],[1,0],[179,580]]
[[0,0],[1,0],[367,580]]
[[0,0],[1,0],[313,580]]
[[0,0],[1,0],[236,580]]
[[0,0],[1,0],[299,580]]
[[0,0],[2,0],[142,290]]
[[0,0],[1,0],[139,580]]
[[0,0],[1,0],[81,580]]
[[0,0],[2,0],[205,290]]
[[0,0],[1,0],[489,580]]
[[0,0],[1,0],[456,580]]
[[0,0],[1,0],[117,580]]
[[0,0],[1,0],[276,580]]
[[0,0],[1,0],[566,580]]
[[0,0],[1,0],[243,580]]
[[0,0],[1,0],[86,580]]
[[0,0],[1,0],[175,580]]
[[0,0],[1,0],[416,580]]
[[0,0],[1,0],[193,580]]
[[0,0],[1,0],[111,580]]
[[0,0],[1,0],[141,580]]
[[0,0],[1,0],[466,580]]
[[0,0],[1,0],[346,580]]
[[0,0],[1,0],[26,580]]
[[0,0],[1,0],[30,580]]
[[0,0],[2,0],[42,290]]
[[0,0],[1,0],[431,580]]
[[0,0],[1,0],[76,580]]
