[[0,0],[1,0],[386,581]]
[[0,0],[1,0],[96,581]]
[[0,0],[1,0],[8,581]]
[[0,0],[1,0],[333,581]]
[[0,0],[1,0],[10,581]]
[[0,0],[1,0],[152,581]]
[[0,0],[1,0],[9,581]]
[[0,0],[1,0],[78,581]]
[[0,0],[1,0],[372,581]]
[[0,0],[1,0],[27,581]]
[[0,0],[1,0],[54,581]]
[[0,0],[1,0],[64,581]]
[[0,0],[1,0],[25,581]]
[[0,0],[1,0],[13,581]]
[[0,0],[1,0],[85,581]]
[[0,0],[1,0],[267,581]]
[[0,0],[1,0],[3,581]]
[[0,0],[1,0],[151,581]]
[[0,0],[1,0],[281,581]]
[[0,0],[1,0],[29,581]]
[[0,0],[1,0],[36,581]]
[[0,0],[1,0],[171,581]]
[[0,0],[1,0],[295,581]]
[[0,0],[1,0],[26,581]]
[[0,0],[1,0],[41,581]]
[[0,0],[1,0],[111,581]]
[[0,0],[1,0],[19,581]]
[[0,0],[1,0],[53,581]]
[[0,0],[1,0],[23,581]]
[[0,0],[1,0],[104,581]]
[[0,0],[1,0],[48,581]]
[[0,0],[1,0],[79,581]]
[[0,0],[1,0],[62,581]]
[[0,0],[1,0],[55,581]]
[[0,0],[1,0],[421,581]]
[[0,0],[1,0],[17,581]]
[[0,0],[1,0],[260,581]]
[[0,0],[1,0],[74,581]]
[[0,0],[1,0],[15,581]]
[[0,0],[1,0],[72,581]]
[[0,0],[1,0],[18,581]]
[[0,0],[1,0],[253,581]]
[[0,0],[1,0],[6,581]]
[[0,0],[1,0],[153,581]]
[[0,0],[1,0],[43,581]]
[[0,0],[1,0],[60,581]]
[[0,0],[1,0],[250,581]]
[[0,0],[1,0],[5,581]]
[[0,0],[1,0],[268,581]]
[[0,0],[1,0],[393,581]]
[[0,0],[1,0],[162,581]]
[[0,0],[1,0],[190,581]]
[[0,0],[1,0],[92,581]]
[[0,0],[1,0],[45,581]]
[[0,0],[1,0],[32,581]]
[[0,0],[1,0],[82,581]]
[[0,0],[1,0],[246,581]]
[[0,0],[1,0],[39,581]]
[[0,0],[1,0],[84,581]]
[[0,0],[1,0],[34,581]]
[[0,0],[1,0],[484,581]]
[[0,0],[1,0],[52,581]]
[[0,0],[1,0],[302,581]]
[[0,0],[1,0],[204,581]]
[[0,0],[1,0],[330,581]]
[[0,0],[1,0],[31,581]]
[[0,0],[1,0],[193,581]]
[[0,0],[1,0],[232,581]]
[[0,0],[1,0],[197,581]]
[[0,0],[1,0],[127,581]]
[[0,0],[1,0],[22,581]]
[[0,0],[1,0],[37,581]]
[[0,0],[1,0],[81,581]]
[[0,0],[1,0],[176,581]]
[[0,0],[1,0],[11,581]]
[[0,0],[1,0],[169,581]]
[[0,0],[1,0],[80,581]]
[[0,0],[1,0],[344,581]]
[[0,0],[1,0],[57,581]]
[[0,0],[1,0],[20,581]]
[[0,0],[1,0],[1,581]]
[[0,0],[1,0],[186,581]]
[[0,0],[1,0],[65,581]]
[[0,0],[1,0],[16,581]]
[[0,0],[1,0],[351,581]]
[[0,0],[1,0],[40,581]]
[[0,0],[1,0],[50,581]]
[[0,0],[1,0],[181,581]]
[[0,0],[1,0],[69,581]]
[[0,0],[1,0],[106,581]]
[[0,0],[1,0],[47,581]]
[[0,0],[1,0],[124,581]]
[[0,0],[1,0],[4,581]]
[[0,0],[1,0],[12,581]]
[[0,0],[1,0],[167,581]]
[[0,0],[1,0],[51,581]]
[[0,0],[1,0],[38,581]]
[[0,0],[1,0],[33,581]]
[[0,0],[1,0],[134,581]]
[[0,0],[1,0],[103,581]]
[[0,0],[1,0],[46,581]]
[[0,0],[1,0],[141,581]]
[[0,0],[1,0],[414,581]]
[[0,0],[1,0],[71,581]]
[[0,0],[1,0],[99,581]]
[[0,0],[1,0],[125,581]]
[[0,0],[1,0],[24,581]]
[[0,0],[1,0],[180,581]]
[[0,0],[1,0],[174,581]]
[[0,0],[1,0],[100,581]]
[[0,0],[1,0],[87,581]]
[[0,0],[1,0],[73,581]]
[[0,0],[1,0],[2,581]]
[[0,0],[1,0],[61,581]]
