[[0,0],[1,0],[30,583]]
[[0,0],[1,0],[10,583]]
[[0,0],[1,0],[9,583]]
[[0,0],[1,0],[58,583]]
[[0,0],[1,0],[372,583]]
[[0,0],[1,0],[78,583]]
[[0,0],[1,0],[130,583]]
[[0,0],[1,0],[287,583]]
[[0,0],[1,0],[25,583]]
[[0,0],[1,0],[245,583]]
[[0,0],[1,0],[27,583]]
[[0,0],[1,0],[54,583]]
[[0,0],[1,0],[56,583]]
[[0,0],[1,0],[13,583]]
[[0,0],[1,0],[105,583]]
[[0,0],[1,0],[117,583]]
[[0,0],[1,0],[90,583]]
[[0,0],[1,0],[122,583]]
[[0,0],[1,0],[133,583]]
[[0,0],[1,0],[29,583]]
[[0,0],[1,0],[36,583]]
[[0,0],[1,0],[3,583]]
[[0,0],[1,0],[139,583]]
[[0,0],[1,0],[41,583]]
[[0,0],[1,0],[26,583]]
[[0,0],[1,0],[111,583]]
[[0,0],[1,0],[19,583]]
[[0,0],[1,0],[419,583]]
[[0,0],[1,0],[114,583]]
[[0,0],[1,0],[408,583]]
[[0,0],[1,0],[107,583]]
[[0,0],[1,0],[140,583]]
[[0,0],[1,0],[213,583]]
[[0,0],[1,0],[254,583]]
[[0,0],[1,0],[67,583]]
[[0,0],[1,0],[104,583]]
[[0,0],[1,0],[23,583]]
[[0,0],[1,0],[48,583]]
[[0,0],[1,0],[79,583]]
[[0,0],[1,0],[353,583]]
[[0,0],[1,0],[199,583]]
[[0,0],[1,0],[17,583]]
[[0,0],[1,0],[221,583]]
[[0,0],[1,0],[72,583]]
[[0,0],[1,0],[15,583]]
[[0,0],[1,0],[18,583]]
[[0,0],[1,0],[319,583]]
[[0,0],[1,0],[91,583]]
[[0,0],[1,0],[153,583]]
[[0,0],[1,0],[60,583]]
[[0,0],[1,0],[6,583]]
[[0,0],[1,0],[5,583]]
[[0,0],[1,0],[21,583]]
[[0,0],[1,0],[43,583]]
[[0,0],[1,0],[364,583]]
[[0,0],[1,0],[160,583]]
[[0,0],[1,0],[89,583]]
[[0,0],[1,0],[188,583]]
[[0,0],[1,0],[14,583]]
[[0,0],[1,0],[45,583]]
[[0,0],[1,0],[42,583]]
[[0,0],[1,0],[210,583]]
[[0,0],[1,0],[32,583]]
[[0,0],[1,0],[138,583]]
[[0,0],[1,0],[75,583]]
[[0,0],[1,0],[84,583]]
[[0,0],[1,0],[39,583]]
[[0,0],[1,0],[34,583]]
[[0,0],[1,0],[52,583]]
[[0,0],[1,0],[173,583]]
[[0,0],[1,0],[232,583]]
[[0,0],[1,0],[31,583]]
[[0,0],[1,0],[59,583]]
[[0,0],[1,0],[37,583]]
[[0,0],[1,0],[35,583]]
[[0,0],[1,0],[529,583]]
[[0,0],[1,0],[49,583]]
[[0,0],[1,0],[57,583]]
[[0,0],[1,0],[20,583]]
[[0,0],[1,0],[1,583]]
[[0,0],[1,0],[182,583]]
[[0,0],[1,0],[65,583]]
[[0,0],[1,0],[16,583]]
[[0,0],[1,0],[40,583]]
[[0,0],[1,0],[181,583]]
[[0,0],[1,0],[115,583]]
[[0,0],[1,0],[124,583]]
[[0,0],[1,0],[4,583]]
[[0,0],[1,0],[155,583]]
[[0,0],[1,0],[12,583]]
[[0,0],[1,0],[113,583]]
[[0,0],[1,0],[144,583]]
[[0,0],[1,0],[116,583]]
[[0,0],[1,0],[145,583]]
[[0,0],[1,0],[38,583]]
[[0,0],[1,0],[101,583]]
[[0,0],[1,0],[141,583]]
[[0,0],[1,0],[134,583]]
[[0,0],[1,0],[161,583]]
[[0,0],[1,0],[7,583]]
[[0,0],[1,0],[184,583]]
[[0,0],[1,0],[24,583]]
[[0,0],[1,0],[28,583]]
[[0,0],[1,0],[100,583]]
[[0,0],[1,0],[174,583]]
[[0,0],[1,0],[183,583]]
[[0,0],[1,0],[61,583]]
[[0,0],[1,0],[96,583]]
[[0,0],[1,0],[8,583]]
[[0,0],[1,0],[2,583]]
