[[0,0],[1,0],[49,584]]
[[0,0],[1,0],[95,584]]
[[0,0],[1,0],[485,584]]
[[0,0],[2,0],[162,292]]
[[0,0],[2,0],[94,292]]
[[0,0],[1,0],[227,584]]
[[0,0],[1,0],[453,584]]
[[0,0],[1,0],[27,584]]
[[0,0],[1,0],[351,584]]
[[0,0],[1,0],[427,584]]
[[0,0],[1,0],[451,584]]
[[0,0],[1,0],[239,584]]
[[0,0],[1,0],[161,584]]
[[0,0],[1,0],[497,584]]
[[0,0],[2,0],[166,292]]
[[0,0],[1,0],[23,584]]
[[0,0],[1,0],[25,584]]
[[0,0],[1,0],[209,584]]
[[0,0],[2,0],[62,292]]
[[0,0],[1,0],[51,584]]
[[0,0],[1,0],[13,584]]
[[0,0],[1,0],[61,584]]
[[0,0],[2,0],[178,292]]
[[0,0],[1,0],[201,584]]
[[0,0],[2,0],[250,292]]
[[0,0],[1,0],[275,584]]
[[0,0],[1,0],[79,584]]
[[0,0],[1,0],[399,584]]
[[0,0],[1,0],[519,584]]
[[0,0],[1,0],[85,584]]
[[0,0],[2,0],[290,292]]
[[0,0],[1,0],[321,584]]
[[0,0],[1,0],[165,584]]
[[0,0],[1,0],[197,584]]
[[0,0],[1,0],[71,584]]
[[0,0],[2,0],[138,292]]
[[0,0],[1,0],[231,584]]
[[0,0],[1,0],[143,584]]
[[0,0],[2,0],[106,292]]
[[0,0],[1,0],[417,584]]
[[0,0],[1,0],[9,584]]
[[0,0],[1,0],[47,584]]
[[0,0],[1,0],[74,584]]
[[0,0],[1,0],[333,584]]
[[0,0],[1,0],[97,584]]
[[0,0],[1,0],[393,584]]
[[0,0],[1,0],[479,584]]
[[0,0],[2,0],[50,292]]
[[0,0],[1,0],[291,584]]
[[0,0],[1,0],[109,584]]
[[0,0],[1,0],[271,584]]
[[0,0],[1,0],[183,584]]
[[0,0],[1,0],[55,584]]
[[0,0],[1,0],[21,584]]
[[0,0],[1,0],[103,584]]
[[0,0],[1,0],[325,584]]
[[0,0],[1,0],[371,584]]
[[0,0],[2,0],[26,292]]
[[0,0],[2,0],[46,292]]
[[0,0],[1,0],[407,584]]
[[0,0],[1,0],[5,584]]
[[0,0],[2,0],[14,292]]
[[0,0],[1,0],[539,584]]
[[0,0],[2,0],[30,292]]
[[0,0],[1,0],[107,584]]
[[0,0],[2,0],[118,292]]
[[0,0],[1,0],[69,584]]
[[0,0],[1,0],[173,584]]
[[0,0],[2,0],[206,292]]
[[0,0],[1,0],[33,584]]
[[0,0],[1,0],[75,584]]
[[0,0],[2,0],[10,292]]
[[0,0],[1,0],[153,584]]
[[0,0],[1,0],[217,584]]
[[0,0],[1,0],[15,584]]
[[0,0],[1,0],[115,584]]
[[0,0],[1,0],[151,584]]
[[0,0],[1,0],[461,584]]
[[0,0],[1,0],[189,584]]
[[0,0],[2,0],[214,292]]
[[0,0],[1,0],[443,584]]
[[0,0],[1,0],[7,584]]
[[0,0],[1,0],[121,584]]
[[0,0],[1,0],[43,584]]
[[0,0],[1,0],[31,584]]
[[0,0],[1,0],[215,584]]
[[0,0],[2,0],[82,292]]
[[0,0],[1,0],[63,584]]
[[0,0],[1,0],[35,584]]
[[0,0],[1,0],[327,584]]
[[0,0],[2,0],[122,292]]
[[0,0],[2,0],[148,292]]
[[0,0],[2,0],[22,292]]
[[0,0],[1,0],[37,584]]
[[0,0],[2,0],[110,292]]
[[0,0],[1,0],[527,584]]
[[0,0],[1,0],[145,584]]
[[0,0],[1,0],[101,584]]
[[0,0],[2,0],[2,292]]
[[0,0],[1,0],[385,584]]
[[0,0],[1,0],[187,584]]
[[0,0],[1,0],[77,584]]
[[0,0],[1,0],[181,584]]
[[0,0],[1,0],[253,584]]
[[0,0],[1,0],[169,584]]
[[0,0],[2,0],[202,292]]
[[0,0],[1,0],[89,584]]
[[0,0],[1,0],[439,584]]
[[0,0],[1,0],[335,584]]
[[0,0],[1,0],[19,584]]
[[0,0],[1,0],[295,584]]
[[0,0],[1,0],[247,584]]
[[0,0],[1,0],[11,584]]
[[0,0],[1,0],[41,584]]
[[0,0],[2,0],[54,292]]
[[0,0],[1,0],[83,584]]
[[0,0],[1,0],[59,584]]
[[0,0],[1,0],[583,584]]
[[0,0],[1,0],[363,584]]
[[0,0],[2,0],[58,292]]
[[0,0],[1,0],[119,584]]
[[0,0],[1,0],[305,584]]
[[0,0],[1,0],[125,584]]
[[0,0],[1,0],[421,584]]
[[0,0],[1,0],[220,584]]
[[0,0],[2,0],[134,292]]
[[0,0],[1,0],[53,584]]
[[0,0],[1,0],[159,584]]
[[0,0],[1,0],[377,584]]
[[0,0],[1,0],[366,584]]
[[0,0],[1,0],[329,584]]
[[0,0],[1,0],[91,584]]
[[0,0],[1,0],[261,584]]
[[0,0],[1,0],[205,584]]
[[0,0],[2,0],[102,292]]
[[0,0],[1,0],[339,584]]
[[0,0],[2,0],[34,292]]
[[0,0],[1,0],[17,584]]
[[0,0],[1,0],[29,584]]
[[0,0],[1,0],[437,584]]
[[0,0],[1,0],[93,584]]
[[0,0],[1,0],[135,584]]
[[0,0],[1,0],[512,584]]
[[0,0],[1,0],[241,584]]
[[0,0],[2,0],[70,292]]
[[0,0],[1,0],[171,584]]
[[0,0],[1,0],[311,584]]
[[0,0],[1,0],[1,584]]
[[0,0],[1,0],[301,584]]
[[0,0],[1,0],[281,584]]
[[0,0],[1,0],[147,584]]
[[0,0],[1,0],[347,584]]
[[0,0],[2,0],[226,292]]
[[0,0],[1,0],[229,584]]
[[0,0],[1,0],[467,584]]
[[0,0],[1,0],[3,584]]
[[0,0],[1,0],[307,584]]
[[0,0],[2,0],[18,292]]
[[0,0],[1,0],[315,584]]
[[0,0],[1,0],[373,584]]
[[0,0],[2,0],[6,292]]
[[0,0],[1,0],[447,584]]
[[0,0],[1,0],[179,584]]
[[0,0],[2,0],[74,292]]
[[0,0],[1,0],[225,584]]
[[0,0],[1,0],[381,584]]
[[0,0],[1,0],[297,584]]
[[0,0],[1,0],[235,584]]
[[0,0],[1,0],[81,584]]
[[0,0],[1,0],[457,584]]
[[0,0],[1,0],[389,584]]
[[0,0],[1,0],[265,584]]
[[0,0],[1,0],[175,584]]
[[0,0],[2,0],[142,292]]
[[0,0],[1,0],[155,584]]
[[0,0],[1,0],[149,584]]
[[0,0],[1,0],[111,584]]
[[0,0],[1,0],[243,584]]
[[0,0],[1,0],[299,584]]
[[0,0],[2,0],[194,292]]
[[0,0],[1,0],[139,584]]
[[0,0],[1,0],[193,584]]
[[0,0],[2,0],[38,292]]
[[0,0],[1,0],[361,584]]
[[0,0],[1,0],[129,584]]
[[0,0],[1,0],[317,584]]
[[0,0],[1,0],[545,584]]
[[0,0],[1,0],[113,584]]
[[0,0],[1,0],[293,584]]
[[0,0],[1,0],[67,584]]
