[[0,0],[1,0],[2,587]]
[[0,0],[1,0],[73,587]]
[[0,0],[1,0],[13,587]]
[[0,0],[1,0],[97,587]]
[[0,0],[1,0],[203,587]]
[[0,0],[1,0],[96,587]]
[[0,0],[1,0],[90,587]]
[[0,0],[1,0],[30,587]]
[[0,0],[1,0],[122,587]]
[[0,0],[1,0],[166,587]]
[[0,0],[1,0],[54,587]]
[[0,0],[1,0],[9,587]]
[[0,0],[1,0],[117,587]]
[[0,0],[1,0],[64,587]]
[[0,0],[1,0],[3,587]]
[[0,0],[1,0],[25,587]]
[[0,0],[1,0],[26,587]]
[[0,0],[1,0],[27,587]]
[[0,0],[1,0],[172,587]]
[[0,0],[1,0],[105,587]]
[[0,0],[1,0],[36,587]]
[[0,0],[1,0],[146,587]]
[[0,0],[1,0],[76,587]]
[[0,0],[1,0],[19,587]]
[[0,0],[1,0],[171,587]]
[[0,0],[1,0],[41,587]]
[[0,0],[1,0],[53,587]]
[[0,0],[1,0],[67,587]]
[[0,0],[1,0],[114,587]]
[[0,0],[1,0],[201,587]]
[[0,0],[1,0],[132,587]]
[[0,0],[1,0],[23,587]]
[[0,0],[1,0],[74,587]]
[[0,0],[1,0],[15,587]]
[[0,0],[1,0],[17,587]]
[[0,0],[1,0],[121,587]]
[[0,0],[1,0],[72,587]]
[[0,0],[1,0],[60,587]]
[[0,0],[1,0],[93,587]]
[[0,0],[1,0],[62,587]]
[[0,0],[1,0],[68,587]]
[[0,0],[1,0],[6,587]]
[[0,0],[1,0],[18,587]]
[[0,0],[1,0],[66,587]]
[[0,0],[1,0],[92,587]]
[[0,0],[1,0],[131,587]]
[[0,0],[1,0],[5,587]]
[[0,0],[1,0],[21,587]]
[[0,0],[1,0],[91,587]]
[[0,0],[1,0],[128,587]]
[[0,0],[1,0],[162,587]]
[[0,0],[1,0],[156,587]]
[[0,0],[1,0],[190,587]]
[[0,0],[1,0],[31,587]]
[[0,0],[1,0],[63,587]]
[[0,0],[1,0],[14,587]]
[[0,0],[1,0],[39,587]]
[[0,0],[1,0],[32,587]]
[[0,0],[1,0],[34,587]]
[[0,0],[1,0],[118,587]]
[[0,0],[1,0],[127,587]]
[[0,0],[1,0],[75,587]]
[[0,0],[1,0],[35,587]]
[[0,0],[1,0],[22,587]]
[[0,0],[1,0],[108,587]]
[[0,0],[1,0],[37,587]]
[[0,0],[1,0],[59,587]]
[[0,0],[1,0],[1,587]]
[[0,0],[1,0],[211,587]]
[[0,0],[1,0],[65,587]]
[[0,0],[1,0],[11,587]]
[[0,0],[1,0],[20,587]]
[[0,0],[1,0],[40,587]]
[[0,0],[1,0],[12,587]]
[[0,0],[1,0],[57,587]]
[[0,0],[1,0],[115,587]]
[[0,0],[1,0],[112,587]]
[[0,0],[1,0],[83,587]]
[[0,0],[1,0],[95,587]]
[[0,0],[1,0],[202,587]]
[[0,0],[1,0],[16,587]]
[[0,0],[1,0],[141,587]]
[[0,0],[1,0],[4,587]]
[[0,0],[1,0],[113,587]]
[[0,0],[1,0],[33,587]]
[[0,0],[1,0],[38,587]]
[[0,0],[1,0],[94,587]]
[[0,0],[1,0],[86,587]]
[[0,0],[1,0],[155,587]]
[[0,0],[1,0],[116,587]]
[[0,0],[1,0],[24,587]]
[[0,0],[1,0],[61,587]]
[[0,0],[1,0],[154,587]]
[[0,0],[1,0],[7,587]]
[[0,0],[1,0],[71,587]]
[[0,0],[1,0],[10,587]]
[[0,0],[1,0],[8,587]]
[[0,0],[1,0],[46,587]]
[[0,0],[1,0],[58,587]]
