[[0,0],[1,0],[13,595]]
[[0,0],[1,0],[86,595]]
[[0,0],[1,0],[78,595]]
[[0,0],[1,0],[166,595]]
[[0,0],[1,0],[183,595]]
[[0,0],[1,0],[575,595]]
[[0,0],[1,0],[24,595]]
[[0,0],[1,0],[87,595]]
[[0,0],[1,0],[61,595]]
[[0,0],[1,0],[99,595]]
[[0,0],[1,0],[154,595]]
[[0,0],[1,0],[346,595]]
[[0,0],[1,0],[261,595]]
[[0,0],[1,0],[2,595]]
[[0,0],[1,0],[73,595]]
[[0,0],[1,0],[309,595]]
[[0,0],[1,0],[356,595]]
[[0,0],[1,0],[295,595]]
[[0,0],[1,0],[139,595]]
[[0,0],[1,0],[146,595]]
[[0,0],[1,0],[365,595]]
[[0,0],[1,0],[470,595]]
[[0,0],[1,0],[171,595]]
[[0,0],[1,0],[58,595]]
[[0,0],[1,0],[111,595]]
[[0,0],[1,0],[446,595]]
[[0,0],[1,0],[9,595]]
[[0,0],[1,0],[273,595]]
[[0,0],[1,0],[114,595]]
[[0,0],[1,0],[316,595]]
[[0,0],[1,0],[64,595]]
[[0,0],[1,0],[117,595]]
[[0,0],[1,0],[76,595]]
[[0,0],[1,0],[19,595]]
[[0,0],[1,0],[460,595]]
[[0,0],[1,0],[526,595]]
[[0,0],[1,0],[36,595]]
[[0,0],[1,0],[29,595]]
[[0,0],[1,0],[107,595]]
[[0,0],[1,0],[291,595]]
[[0,0],[1,0],[151,595]]
[[0,0],[1,0],[243,595]]
[[0,0],[1,0],[533,595]]
[[0,0],[1,0],[392,595]]
[[0,0],[1,0],[79,595]]
[[0,0],[1,0],[361,595]]
[[0,0],[1,0],[121,595]]
[[0,0],[1,0],[3,595]]
[[0,0],[1,0],[26,595]]
[[0,0],[1,0],[41,595]]
[[0,0],[1,0],[435,595]]
[[0,0],[1,0],[74,595]]
[[0,0],[1,0],[376,595]]
[[0,0],[1,0],[15,595]]
[[0,0],[1,0],[53,595]]
[[0,0],[1,0],[358,595]]
[[0,0],[1,0],[201,595]]
[[0,0],[1,0],[18,595]]
[[0,0],[1,0],[511,595]]
[[0,0],[1,0],[72,595]]
[[0,0],[1,0],[120,595]]
[[0,0],[1,0],[545,595]]
[[0,0],[1,0],[23,595]]
[[0,0],[1,0],[6,595]]
[[0,0],[1,0],[288,595]]
[[0,0],[1,0],[43,595]]
[[0,0],[1,0],[137,595]]
[[0,0],[1,0],[260,595]]
[[0,0],[1,0],[471,595]]
[[0,0],[1,0],[311,595]]
[[0,0],[1,0],[89,595]]
[[0,0],[1,0],[44,595]]
[[0,0],[1,0],[381,595]]
[[0,0],[1,0],[138,595]]
[[0,0],[1,0],[426,595]]
[[0,0],[1,0],[82,595]]
[[0,0],[1,0],[66,595]]
[[0,0],[1,0],[39,595]]
[[0,0],[1,0],[379,595]]
[[0,0],[1,0],[148,595]]
[[0,0],[1,0],[52,595]]
[[0,0],[1,0],[109,595]]
[[0,0],[1,0],[128,595]]
[[0,0],[1,0],[330,595]]
[[0,0],[1,0],[274,595]]
[[0,0],[1,0],[302,595]]
[[0,0],[1,0],[92,595]]
[[0,0],[1,0],[131,595]]
[[0,0],[1,0],[241,595]]
[[0,0],[1,0],[205,595]]
[[0,0],[1,0],[162,595]]
[[0,0],[1,0],[37,595]]
[[0,0],[1,0],[188,595]]
[[0,0],[1,0],[129,595]]
[[0,0],[1,0],[236,595]]
[[0,0],[1,0],[226,595]]
[[0,0],[1,0],[123,595]]
[[0,0],[1,0],[190,595]]
[[0,0],[1,0],[32,595]]
[[0,0],[1,0],[11,595]]
[[0,0],[1,0],[218,595]]
[[0,0],[1,0],[108,595]]
[[0,0],[1,0],[409,595]]
[[0,0],[1,0],[246,595]]
[[0,0],[1,0],[57,595]]
[[0,0],[1,0],[1,595]]
[[0,0],[1,0],[156,595]]
[[0,0],[5,0],[56,119]]
[[0,0],[1,0],[31,595]]
[[0,0],[1,0],[251,595]]
[[0,0],[1,0],[69,595]]
[[0,0],[1,0],[16,595]]
[[0,0],[1,0],[118,595]]
[[0,0],[1,0],[50,595]]
[[0,0],[1,0],[127,595]]
[[0,0],[1,0],[88,595]]
[[0,0],[1,0],[106,595]]
[[0,0],[1,0],[12,595]]
[[0,0],[1,0],[59,595]]
[[0,0],[1,0],[81,595]]
[[0,0],[1,0],[22,595]]
[[0,0],[1,0],[116,595]]
[[0,0],[1,0],[169,595]]
[[0,0],[1,0],[101,595]]
[[0,0],[1,0],[141,595]]
[[0,0],[1,0],[222,595]]
[[0,0],[1,0],[296,595]]
[[0,0],[1,0],[144,595]]
[[0,0],[1,0],[38,595]]
[[0,0],[1,0],[71,595]]
[[0,0],[1,0],[290,595]]
[[0,0],[1,0],[134,595]]
[[0,0],[1,0],[505,595]]
[[0,0],[1,0],[239,595]]
[[0,0],[1,0],[46,595]]
[[0,0],[1,0],[561,595]]
[[0,0],[1,0],[324,595]]
[[0,0],[1,0],[181,595]]
[[0,0],[1,0],[351,595]]
[[0,0],[1,0],[540,595]]
[[0,0],[1,0],[4,595]]
[[0,0],[1,0],[155,595]]
[[0,0],[1,0],[375,595]]
[[0,0],[1,0],[8,595]]
[[0,0],[1,0],[113,595]]
[[0,0],[1,0],[400,595]]
[[0,0],[1,0],[501,595]]
[[0,0],[1,0],[225,595]]
