[[0,0],[1,0],[25,598]]
[[0,0],[1,0],[346,598]]
[[0,0],[1,0],[113,598]]
[[0,0],[1,0],[14,598]]
[[0,0],[1,0],[534,598]]
[[0,0],[1,0],[239,598]]
[[0,0],[1,0],[317,598]]
[[0,0],[1,0],[27,598]]
[[0,0],[1,0],[105,598]]
[[0,0],[1,0],[49,598]]
[[0,0],[1,0],[433,598]]
[[0,0],[1,0],[67,598]]
[[0,0],[1,0],[51,598]]
[[0,0],[1,0],[227,598]]
[[0,0],[1,0],[519,598]]
[[0,0],[1,0],[95,598]]
[[0,0],[1,0],[321,598]]
[[0,0],[1,0],[71,598]]
[[0,0],[1,0],[231,598]]
[[0,0],[1,0],[201,598]]
[[0,0],[1,0],[137,598]]
[[0,0],[1,0],[209,598]]
[[0,0],[1,0],[177,598]]
[[0,0],[1,0],[576,598]]
[[0,0],[1,0],[287,598]]
[[0,0],[1,0],[586,598]]
[[0,0],[1,0],[85,598]]
[[0,0],[1,0],[511,598]]
[[0,0],[1,0],[99,598]]
[[0,0],[1,0],[61,598]]
[[0,0],[1,0],[47,598]]
[[0,0],[1,0],[300,598]]
[[0,0],[1,0],[333,598]]
[[0,0],[1,0],[9,598]]
[[0,0],[1,0],[535,598]]
[[0,0],[1,0],[530,598]]
[[0,0],[1,0],[279,598]]
[[0,0],[1,0],[5,598]]
[[0,0],[1,0],[103,598]]
[[0,0],[1,0],[163,598]]
[[0,0],[1,0],[109,598]]
[[0,0],[1,0],[395,598]]
[[0,0],[1,0],[285,598]]
[[0,0],[1,0],[107,598]]
[[0,0],[1,0],[560,598]]
[[0,0],[1,0],[508,598]]
[[0,0],[1,0],[271,598]]
[[0,0],[1,0],[75,598]]
[[0,0],[1,0],[217,598]]
[[0,0],[1,0],[21,598]]
[[0,0],[1,0],[183,598]]
[[0,0],[1,0],[55,598]]
[[0,0],[1,0],[291,598]]
[[0,0],[1,0],[341,598]]
[[0,0],[1,0],[173,598]]
[[0,0],[1,0],[33,598]]
[[0,0],[1,0],[249,598]]
[[0,0],[1,0],[326,598]]
[[0,0],[1,0],[121,598]]
[[0,0],[1,0],[162,598]]
[[0,0],[1,0],[118,598]]
[[0,0],[1,0],[222,598]]
[[0,0],[1,0],[43,598]]
[[0,0],[1,0],[251,598]]
[[0,0],[1,0],[7,598]]
[[0,0],[1,0],[15,598]]
[[0,0],[1,0],[353,598]]
[[0,0],[1,0],[274,598]]
[[0,0],[1,0],[144,598]]
[[0,0],[1,0],[438,598]]
[[0,0],[1,0],[73,598]]
[[0,0],[1,0],[191,598]]
[[0,0],[1,0],[37,598]]
[[0,0],[1,0],[465,598]]
[[0,0],[1,0],[101,598]]
[[0,0],[1,0],[365,598]]
[[0,0],[1,0],[151,598]]
[[0,0],[1,0],[385,598]]
[[0,0],[1,0],[89,598]]
[[0,0],[1,0],[66,598]]
[[0,0],[1,0],[255,598]]
[[0,0],[1,0],[445,598]]
[[0,0],[1,0],[413,598]]
[[0,0],[1,0],[77,598]]
[[0,0],[1,0],[215,598]]
[[0,0],[1,0],[189,598]]
[[0,0],[1,0],[392,598]]
[[0,0],[1,0],[45,598]]
[[0,0],[1,0],[259,598]]
[[0,0],[1,0],[187,598]]
[[0,0],[1,0],[11,598]]
[[0,0],[1,0],[35,598]]
[[0,0],[1,0],[31,598]]
[[0,0],[1,0],[401,598]]
[[0,0],[1,0],[295,598]]
[[0,0],[1,0],[181,598]]
[[0,0],[1,0],[116,598]]
[[0,0],[1,0],[419,598]]
[[0,0],[1,0],[19,598]]
[[0,0],[1,0],[469,598]]
[[0,0],[1,0],[375,598]]
[[0,0],[1,0],[430,598]]
[[0,0],[1,0],[352,598]]
[[0,0],[1,0],[597,598]]
[[0,0],[1,0],[379,598]]
[[0,0],[1,0],[335,598]]
[[0,0],[1,0],[123,598]]
[[0,0],[1,0],[196,598]]
[[0,0],[1,0],[83,598]]
[[0,0],[1,0],[501,598]]
[[0,0],[1,0],[254,598]]
[[0,0],[1,0],[41,598]]
[[0,0],[1,0],[283,598]]
[[0,0],[1,0],[70,598]]
[[0,0],[1,0],[309,598]]
[[0,0],[1,0],[157,598]]
[[0,0],[1,0],[59,598]]
[[0,0],[1,0],[323,598]]
[[0,0],[1,0],[261,598]]
[[0,0],[1,0],[484,598]]
[[0,0],[1,0],[119,598]]
[[0,0],[1,0],[205,598]]
[[0,0],[2,0],[117,299]]
[[0,0],[1,0],[404,598]]
[[0,0],[1,0],[305,598]]
[[0,0],[1,0],[135,598]]
[[0,0],[1,0],[53,598]]
[[0,0],[1,0],[167,598]]
[[0,0],[1,0],[378,598]]
[[0,0],[1,0],[507,598]]
[[0,0],[1,0],[125,598]]
[[0,0],[1,0],[211,598]]
[[0,0],[1,0],[1,598]]
[[0,0],[1,0],[229,598]]
[[0,0],[1,0],[159,598]]
[[0,0],[1,0],[357,598]]
[[0,0],[1,0],[147,598]]
[[0,0],[1,0],[267,598]]
[[0,0],[1,0],[17,598]]
[[0,0],[1,0],[40,598]]
[[0,0],[1,0],[301,598]]
[[0,0],[1,0],[482,598]]
[[0,0],[1,0],[170,598]]
[[0,0],[1,0],[467,598]]
[[0,0],[1,0],[199,598]]
[[0,0],[1,0],[29,598]]
[[0,0],[1,0],[93,598]]
[[0,0],[1,0],[235,598]]
[[0,0],[1,0],[373,598]]
[[0,0],[1,0],[139,598]]
[[0,0],[1,0],[415,598]]
[[0,0],[1,0],[3,598]]
[[0,0],[1,0],[456,598]]
[[0,0],[1,0],[127,598]]
[[0,0],[1,0],[193,598]]
[[0,0],[1,0],[243,598]]
[[0,0],[1,0],[457,598]]
[[0,0],[1,0],[175,598]]
[[0,0],[1,0],[24,598]]
[[0,0],[1,0],[111,598]]
[[0,0],[1,0],[248,598]]
[[0,0],[1,0],[155,598]]
[[0,0],[1,0],[541,598]]
[[0,0],[1,0],[81,598]]
[[0,0],[1,0],[149,598]]
[[0,0],[1,0],[453,598]]
[[0,0],[1,0],[427,598]]
[[0,0],[1,0],[361,598]]
[[0,0],[1,0],[269,598]]
[[0,0],[1,0],[391,598]]
