[[0,0],[1,0],[281,600]]
[[0,0],[1,0],[31,600]]
[[0,0],[2,0],[218,300]]
[[0,0],[1,0],[57,600]]
[[0,0],[2,0],[232,300]]
[[0,0],[1,0],[322,600]]
[[0,0],[1,0],[293,600]]
[[0,0],[1,0],[239,600]]
[[0,0],[2,0],[202,300]]
[[0,0],[1,0],[454,600]]
[[0,0],[3,0],[28,200]]
[[0,0],[1,0],[205,600]]
[[0,0],[1,0],[173,600]]
[[0,0],[2,0],[170,300]]
[[0,0],[1,0],[241,600]]
[[0,0],[2,0],[87,300]]
[[0,0],[2,0],[292,300]]
[[0,0],[1,0],[149,600]]
[[0,0],[1,0],[429,600]]
[[0,0],[1,0],[111,600]]
[[0,0],[1,0],[321,600]]
[[0,0],[1,0],[501,600]]
[[0,0],[1,0],[574,600]]
[[0,0],[1,0],[181,600]]
[[0,0],[1,0],[201,600]]
[[0,0],[1,0],[118,600]]
[[0,0],[1,0],[411,600]]
[[0,0],[2,0],[237,300]]
[[0,0],[1,0],[331,600]]
[[0,0],[3,0],[68,200]]
[[0,0],[1,0],[297,600]]
[[0,0],[2,0],[34,300]]
[[0,0],[1,0],[178,600]]
[[0,0],[1,0],[291,600]]
[[0,0],[1,0],[418,600]]
[[0,0],[1,0],[101,600]]
[[0,0],[1,0],[551,600]]
[[0,0],[1,0],[596,600]]
[[0,0],[1,0],[441,600]]
[[0,0],[2,0],[142,300]]
[[0,0],[10,0],[40,60]]
[[0,0],[1,0],[171,600]]
[[0,0],[2,0],[32,300]]
[[0,0],[1,0],[41,600]]
[[0,0],[1,0],[34,600]]
[[0,0],[10,0],[10,60]]
[[0,0],[2,0],[297,300]]
[[0,0],[1,0],[253,600]]
[[0,0],[1,0],[76,600]]
[[0,0],[2,0],[14,300]]
[[0,0],[1,0],[17,600]]
[[0,0],[1,0],[236,600]]
[[0,0],[1,0],[53,600]]
[[0,0],[2,0],[212,300]]
[[0,0],[3,0],[35,200]]
[[0,0],[1,0],[11,600]]
[[0,0],[1,0],[121,600]]
[[0,0],[1,0],[442,600]]
[[0,0],[1,0],[107,600]]
[[0,0],[2,0],[177,300]]
[[0,0],[1,0],[369,600]]
[[0,0],[2,0],[207,300]]
[[0,0],[1,0],[401,600]]
[[0,0],[1,0],[145,600]]
[[0,0],[2,0],[38,300]]
[[0,0],[2,0],[282,300]]
[[0,0],[1,0],[316,600]]
[[0,0],[2,0],[236,300]]
[[0,0],[1,0],[85,600]]
[[0,0],[1,0],[113,600]]
[[0,0],[1,0],[51,600]]
[[0,0],[1,0],[586,600]]
[[0,0],[1,0],[71,600]]
[[0,0],[2,0],[22,300]]
[[0,0],[1,0],[23,600]]
[[0,0],[1,0],[37,600]]
[[0,0],[3,0],[148,200]]
[[0,0],[1,0],[573,600]]
[[0,0],[1,0],[298,600]]
[[0,0],[1,0],[65,600]]
[[0,0],[2,0],[102,300]]
[[0,0],[1,0],[262,600]]
[[0,0],[1,0],[93,600]]
[[0,0],[2,0],[162,300]]
[[0,0],[1,0],[333,600]]
[[0,0],[1,0],[127,600]]
[[0,0],[2,0],[42,300]]
[[0,0],[1,0],[229,600]]
[[0,0],[1,0],[505,600]]
[[0,0],[1,0],[157,600]]
[[0,0],[1,0],[89,600]]
[[0,0],[5,0],[35,120]]
[[0,0],[1,0],[256,600]]
[[0,0],[1,0],[358,600]]
[[0,0],[1,0],[1,600]]
[[0,0],[1,0],[237,600]]
[[0,0],[1,0],[226,600]]
[[0,0],[1,0],[151,600]]
[[0,0],[2,0],[118,300]]
[[0,0],[1,0],[466,600]]
[[0,0],[1,0],[153,600]]
[[0,0],[1,0],[305,600]]
[[0,0],[4,0],[84,150]]
[[0,0],[1,0],[49,600]]
[[0,0],[1,0],[295,600]]
[[0,0],[1,0],[47,600]]
[[0,0],[1,0],[81,600]]
[[0,0],[1,0],[478,600]]
[[0,0],[1,0],[299,600]]
[[0,0],[2,0],[154,300]]
[[0,0],[1,0],[309,600]]
[[0,0],[1,0],[499,600]]
[[0,0],[1,0],[445,600]]
[[0,0],[1,0],[197,600]]
[[0,0],[5,0],[110,120]]
[[0,0],[1,0],[599,600]]
[[0,0],[1,0],[59,600]]
[[0,0],[1,0],[349,600]]
[[0,0],[1,0],[247,600]]
[[0,0],[1,0],[167,600]]
[[0,0],[3,0],[115,200]]
[[0,0],[1,0],[406,600]]
[[0,0],[2,0],[26,300]]
[[0,0],[1,0],[179,600]]
[[0,0],[1,0],[231,600]]
[[0,0],[1,0],[26,600]]
[[0,0],[1,0],[103,600]]
[[0,0],[2,0],[57,300]]
[[0,0],[1,0],[513,600]]
[[0,0],[1,0],[191,600]]
[[0,0],[1,0],[591,600]]
[[0,0],[3,0],[195,200]]
[[0,0],[1,0],[598,600]]
[[0,0],[1,0],[385,600]]
[[0,0],[1,0],[393,600]]
[[0,0],[1,0],[117,600]]
[[0,0],[1,0],[476,600]]
[[0,0],[1,0],[489,600]]
[[0,0],[1,0],[341,600]]
[[0,0],[2,0],[224,300]]
[[0,0],[3,0],[108,200]]
[[0,0],[2,0],[230,300]]
[[0,0],[1,0],[382,600]]
[[0,0],[1,0],[289,600]]
[[0,0],[1,0],[13,600]]
[[0,0],[10,0],[50,60]]
[[0,0],[1,0],[355,600]]
[[0,0],[1,0],[233,600]]
[[0,0],[1,0],[391,600]]
[[0,0],[2,0],[122,300]]
[[0,0],[2,0],[267,300]]
[[0,0],[1,0],[565,600]]
[[0,0],[1,0],[386,600]]
[[0,0],[1,0],[163,600]]
[[0,0],[1,0],[356,600]]
[[0,0],[1,0],[137,600]]
[[0,0],[1,0],[196,600]]
[[0,0],[1,0],[46,600]]
[[0,0],[5,0],[25,120]]
[[0,0],[1,0],[67,600]]
[[0,0],[2,0],[296,300]]
[[0,0],[1,0],[326,600]]
[[0,0],[5,0],[5,120]]
[[0,0],[1,0],[203,600]]
[[0,0],[2,0],[176,300]]
[[0,0],[2,0],[27,300]]
[[0,0],[1,0],[576,600]]
[[0,0],[1,0],[61,600]]
[[0,0],[2,0],[172,300]]
[[0,0],[1,0],[214,600]]
[[0,0],[1,0],[129,600]]
[[0,0],[1,0],[449,600]]
[[0,0],[1,0],[94,600]]
[[0,0],[1,0],[265,600]]
[[0,0],[1,0],[514,600]]
[[0,0],[2,0],[104,300]]
[[0,0],[1,0],[439,600]]
[[0,0],[1,0],[323,600]]
[[0,0],[1,0],[274,600]]
[[0,0],[2,0],[248,300]]
[[0,0],[1,0],[29,600]]
[[0,0],[1,0],[109,600]]
[[0,0],[1,0],[273,600]]
[[0,0],[1,0],[477,600]]
[[0,0],[1,0],[19,600]]
[[0,0],[1,0],[73,600]]
[[0,0],[1,0],[33,600]]
[[0,0],[2,0],[98,300]]
[[0,0],[1,0],[136,600]]
[[0,0],[1,0],[426,600]]
[[0,0],[2,0],[116,300]]
[[0,0],[1,0],[58,600]]
[[0,0],[1,0],[213,600]]
[[0,0],[1,0],[595,600]]
[[0,0],[1,0],[531,600]]
[[0,0],[1,0],[357,600]]
[[0,0],[1,0],[21,600]]
[[0,0],[1,0],[22,600]]
[[0,0],[1,0],[526,600]]
[[0,0],[1,0],[436,600]]
[[0,0],[1,0],[43,600]]
[[0,0],[1,0],[346,600]]
[[0,0],[1,0],[266,600]]
[[0,0],[2,0],[147,300]]
[[0,0],[2,0],[214,300]]
[[0,0],[1,0],[446,600]]
[[0,0],[1,0],[376,600]]
[[0,0],[5,0],[55,120]]
[[0,0],[2,0],[52,300]]
[[0,0],[2,0],[284,300]]
[[0,0],[1,0],[55,600]]
[[0,0],[1,0],[169,600]]
[[0,0],[2,0],[188,300]]
[[0,0],[1,0],[453,600]]
[[0,0],[1,0],[506,600]]
[[0,0],[1,0],[301,600]]
[[0,0],[2,0],[74,300]]
[[0,0],[1,0],[141,600]]
[[0,0],[2,0],[290,300]]
[[0,0],[1,0],[79,600]]
[[0,0],[1,0],[334,600]]
[[0,0],[3,0],[188,200]]
[[0,0],[1,0],[545,600]]
[[0,0],[1,0],[115,600]]
[[0,0],[1,0],[227,600]]
[[0,0],[2,0],[46,300]]
[[0,0],[1,0],[261,600]]
[[0,0],[1,0],[187,600]]
[[0,0],[1,0],[235,600]]
[[0,0],[1,0],[9,600]]
[[0,0],[1,0],[415,600]]
[[0,0],[1,0],[502,600]]
[[0,0],[1,0],[538,600]]
[[0,0],[1,0],[83,600]]
[[0,0],[2,0],[110,300]]
[[0,0],[1,0],[394,600]]
[[0,0],[1,0],[313,600]]
[[0,0],[1,0],[223,600]]
[[0,0],[1,0],[263,600]]
[[0,0],[1,0],[221,600]]
[[0,0],[2,0],[68,300]]
[[0,0],[5,0],[105,120]]
[[0,0],[1,0],[133,600]]
[[0,0],[1,0],[562,600]]
[[0,0],[2,0],[112,300]]
[[0,0],[5,0],[65,120]]
[[0,0],[2,0],[194,300]]
[[0,0],[1,0],[389,600]]
[[0,0],[1,0],[496,600]]
[[0,0],[2,0],[222,300]]
[[0,0],[2,0],[134,300]]
[[0,0],[1,0],[329,600]]
[[0,0],[1,0],[166,600]]
[[0,0],[5,0],[115,120]]
[[0,0],[2,0],[58,300]]
[[0,0],[2,0],[62,300]]
[[0,0],[2,0],[252,300]]
[[0,0],[5,0],[95,120]]
[[0,0],[5,0],[50,120]]
[[0,0],[1,0],[257,600]]
[[0,0],[1,0],[283,600]]
[[0,0],[3,0],[155,200]]
[[0,0],[1,0],[69,600]]
[[0,0],[3,0],[128,200]]
[[0,0],[2,0],[272,300]]
[[0,0],[1,0],[351,600]]
[[0,0],[1,0],[537,600]]
[[0,0],[1,0],[189,600]]
[[0,0],[5,0],[85,120]]
[[0,0],[1,0],[82,600]]
[[0,0],[1,0],[202,600]]
[[0,0],[2,0],[8,300]]
[[0,0],[1,0],[119,600]]
[[0,0],[1,0],[126,600]]
[[0,0],[1,0],[251,600]]
[[0,0],[1,0],[217,600]]
[[0,0],[2,0],[128,300]]
[[0,0],[1,0],[106,600]]
[[0,0],[2,0],[152,300]]
[[0,0],[1,0],[177,600]]
[[0,0],[1,0],[556,600]]
[[0,0],[1,0],[142,600]]
[[0,0],[1,0],[597,600]]
[[0,0],[1,0],[185,600]]
[[0,0],[1,0],[535,600]]
[[0,0],[1,0],[77,600]]
[[0,0],[1,0],[116,600]]
[[0,0],[1,0],[276,600]]
[[0,0],[1,0],[193,600]]
[[0,0],[1,0],[451,600]]
[[0,0],[1,0],[16,600]]
[[0,0],[1,0],[176,600]]
[[0,0],[4,0],[54,150]]
[[0,0],[1,0],[566,600]]
[[0,0],[1,0],[561,600]]
[[0,0],[5,0],[45,120]]
[[0,0],[1,0],[97,600]]
[[0,0],[1,0],[91,600]]
[[0,0],[4,0],[114,150]]
[[0,0],[2,0],[94,300]]
[[0,0],[1,0],[154,600]]
[[0,0],[2,0],[56,300]]
[[0,0],[2,0],[298,300]]
[[0,0],[1,0],[7,600]]
[[0,0],[1,0],[249,600]]
[[0,0],[2,0],[164,300]]
[[0,0],[1,0],[199,600]]
[[0,0],[1,0],[417,600]]
[[0,0],[1,0],[139,600]]
[[0,0],[1,0],[381,600]]
[[0,0],[1,0],[238,600]]
[[0,0],[1,0],[143,600]]
[[0,0],[1,0],[549,600]]
[[0,0],[1,0],[86,600]]
[[0,0],[2,0],[117,300]]
[[0,0],[4,0],[24,150]]
[[0,0],[1,0],[131,600]]
[[0,0],[1,0],[471,600]]
[[0,0],[2,0],[92,300]]
[[0,0],[1,0],[206,600]]
[[0,0],[1,0],[146,600]]
[[0,0],[4,0],[144,150]]
[[0,0],[2,0],[44,300]]
[[0,0],[2,0],[2,300]]
[[0,0],[1,0],[286,600]]
