[[0,0],[1,0],[161,604]]
[[0,0],[1,0],[117,604]]
[[0,0],[1,0],[113,604]]
[[0,0],[2,0],[8,302]]
[[0,0],[1,0],[67,604]]
[[0,0],[1,0],[303,604]]
[[0,0],[1,0],[25,604]]
[[0,0],[2,0],[44,302]]
[[0,0],[1,0],[227,604]]
[[0,0],[1,0],[51,604]]
[[0,0],[2,0],[16,302]]
[[0,0],[1,0],[95,604]]
[[0,0],[1,0],[454,604]]
[[0,0],[1,0],[27,604]]
[[0,0],[1,0],[13,604]]
[[0,0],[1,0],[105,604]]
[[0,0],[1,0],[321,604]]
[[0,0],[1,0],[79,604]]
[[0,0],[1,0],[399,604]]
[[0,0],[1,0],[355,604]]
[[0,0],[2,0],[28,302]]
[[0,0],[2,0],[20,302]]
[[0,0],[1,0],[165,604]]
[[0,0],[1,0],[197,604]]
[[0,0],[1,0],[71,604]]
[[0,0],[2,0],[24,302]]
[[0,0],[1,0],[287,604]]
[[0,0],[1,0],[331,604]]
[[0,0],[1,0],[209,604]]
[[0,0],[1,0],[555,604]]
[[0,0],[1,0],[231,604]]
[[0,0],[1,0],[177,604]]
[[0,0],[1,0],[23,604]]
[[0,0],[1,0],[143,604]]
[[0,0],[1,0],[511,604]]
[[0,0],[1,0],[201,604]]
[[0,0],[2,0],[106,302]]
[[0,0],[1,0],[99,604]]
[[0,0],[1,0],[97,604]]
[[0,0],[1,0],[47,604]]
[[0,0],[1,0],[61,604]]
[[0,0],[1,0],[333,604]]
[[0,0],[1,0],[263,604]]
[[0,0],[1,0],[85,604]]
[[0,0],[1,0],[425,604]]
[[0,0],[1,0],[279,604]]
[[0,0],[1,0],[9,604]]
[[0,0],[1,0],[109,604]]
[[0,0],[1,0],[207,604]]
[[0,0],[1,0],[285,604]]
[[0,0],[1,0],[603,604]]
[[0,0],[1,0],[233,604]]
[[0,0],[1,0],[103,604]]
[[0,0],[2,0],[26,302]]
[[0,0],[2,0],[104,302]]
[[0,0],[1,0],[5,604]]
[[0,0],[1,0],[107,604]]
[[0,0],[1,0],[479,604]]
[[0,0],[1,0],[69,604]]
[[0,0],[1,0],[173,604]]
[[0,0],[1,0],[65,604]]
[[0,0],[2,0],[46,302]]
[[0,0],[1,0],[237,604]]
[[0,0],[1,0],[33,604]]
[[0,0],[1,0],[75,604]]
[[0,0],[2,0],[14,302]]
[[0,0],[1,0],[153,604]]
[[0,0],[1,0],[183,604]]
[[0,0],[1,0],[217,604]]
[[0,0],[1,0],[21,604]]
[[0,0],[1,0],[152,604]]
[[0,0],[1,0],[115,604]]
[[0,0],[2,0],[10,302]]
[[0,0],[1,0],[15,604]]
[[0,0],[1,0],[43,604]]
[[0,0],[1,0],[191,604]]
[[0,0],[1,0],[251,604]]
[[0,0],[1,0],[7,604]]
[[0,0],[1,0],[365,604]]
[[0,0],[1,0],[411,604]]
[[0,0],[1,0],[255,604]]
[[0,0],[1,0],[327,604]]
[[0,0],[1,0],[73,604]]
[[0,0],[1,0],[385,604]]
[[0,0],[1,0],[37,604]]
[[0,0],[2,0],[36,302]]
[[0,0],[2,0],[22,302]]
[[0,0],[1,0],[445,604]]
[[0,0],[1,0],[203,604]]
[[0,0],[1,0],[101,604]]
[[0,0],[1,0],[77,604]]
[[0,0],[1,0],[189,604]]
[[0,0],[1,0],[223,604]]
[[0,0],[1,0],[45,604]]
[[0,0],[1,0],[89,604]]
[[0,0],[1,0],[35,604]]
[[0,0],[1,0],[31,604]]
[[0,0],[1,0],[87,604]]
[[0,0],[2,0],[12,302]]
[[0,0],[1,0],[63,604]]
[[0,0],[2,0],[2,302]]
[[0,0],[1,0],[19,604]]
[[0,0],[1,0],[187,604]]
[[0,0],[1,0],[11,604]]
[[0,0],[1,0],[169,604]]
[[0,0],[1,0],[213,604]]
[[0,0],[1,0],[181,604]]
[[0,0],[1,0],[83,604]]
[[0,0],[1,0],[565,604]]
[[0,0],[1,0],[473,604]]
[[0,0],[1,0],[253,604]]
[[0,0],[1,0],[549,604]]
[[0,0],[2,0],[54,302]]
[[0,0],[2,0],[120,302]]
[[0,0],[1,0],[123,604]]
[[0,0],[1,0],[383,604]]
[[0,0],[1,0],[157,604]]
[[0,0],[1,0],[41,604]]
[[0,0],[1,0],[247,604]]
[[0,0],[1,0],[245,604]]
[[0,0],[1,0],[309,604]]
[[0,0],[2,0],[48,302]]
[[0,0],[1,0],[59,604]]
[[0,0],[1,0],[339,604]]
[[0,0],[1,0],[119,604]]
[[0,0],[1,0],[211,604]]
[[0,0],[1,0],[135,604]]
[[0,0],[1,0],[329,604]]
[[0,0],[1,0],[91,604]]
[[0,0],[1,0],[53,604]]
[[0,0],[1,0],[171,604]]
[[0,0],[1,0],[167,604]]
[[0,0],[1,0],[1,604]]
[[0,0],[1,0],[281,604]]
[[0,0],[1,0],[345,604]]
[[0,0],[2,0],[34,302]]
[[0,0],[2,0],[70,302]]
[[0,0],[1,0],[147,604]]
[[0,0],[1,0],[547,604]]
[[0,0],[1,0],[17,604]]
[[0,0],[1,0],[301,604]]
[[0,0],[1,0],[483,604]]
[[0,0],[2,0],[4,302]]
[[0,0],[1,0],[467,604]]
[[0,0],[1,0],[307,604]]
[[0,0],[1,0],[229,604]]
[[0,0],[1,0],[409,604]]
[[0,0],[1,0],[241,604]]
[[0,0],[1,0],[267,604]]
[[0,0],[1,0],[29,604]]
[[0,0],[1,0],[429,604]]
[[0,0],[2,0],[6,302]]
[[0,0],[1,0],[199,604]]
[[0,0],[1,0],[225,604]]
[[0,0],[1,0],[343,604]]
[[0,0],[1,0],[235,604]]
[[0,0],[2,0],[18,302]]
[[0,0],[1,0],[185,604]]
[[0,0],[1,0],[3,604]]
[[0,0],[1,0],[315,604]]
[[0,0],[1,0],[389,604]]
[[0,0],[1,0],[127,604]]
[[0,0],[1,0],[313,604]]
[[0,0],[1,0],[299,604]]
[[0,0],[1,0],[139,604]]
[[0,0],[2,0],[66,302]]
[[0,0],[1,0],[111,604]]
[[0,0],[1,0],[141,604]]
[[0,0],[1,0],[441,604]]
[[0,0],[1,0],[129,604]]
[[0,0],[1,0],[81,604]]
[[0,0],[1,0],[471,604]]
[[0,0],[2,0],[42,302]]
[[0,0],[2,0],[64,302]]
[[0,0],[1,0],[155,604]]
[[0,0],[1,0],[257,604]]
[[0,0],[1,0],[293,604]]
[[0,0],[1,0],[269,604]]
[[0,0],[1,0],[459,604]]
[[0,0],[1,0],[149,604]]
[[0,0],[1,0],[361,604]]
