[[0,0],[1,0],[381,608]]
[[0,0],[1,0],[303,608]]
[[0,0],[1,0],[299,608]]
[[0,0],[1,0],[355,608]]
[[0,0],[1,0],[81,608]]
[[0,0],[4,0],[84,152]]
[[0,0],[1,0],[137,608]]
[[0,0],[2,0],[86,304]]
[[0,0],[1,0],[195,608]]
[[0,0],[2,0],[90,304]]
[[0,0],[1,0],[177,608]]
[[0,0],[1,0],[13,608]]
[[0,0],[1,0],[243,608]]
[[0,0],[1,0],[165,608]]
[[0,0],[2,0],[94,304]]
[[0,0],[1,0],[193,608]]
[[0,0],[1,0],[231,608]]
[[0,0],[1,0],[275,608]]
[[0,0],[2,0],[162,304]]
[[0,0],[1,0],[9,608]]
[[0,0],[1,0],[453,608]]
[[0,0],[1,0],[67,608]]
[[0,0],[1,0],[163,608]]
[[0,0],[1,0],[105,608]]
[[0,0],[1,0],[417,608]]
[[0,0],[1,0],[20,608]]
[[0,0],[1,0],[47,608]]
[[0,0],[2,0],[138,304]]
[[0,0],[2,0],[62,304]]
[[0,0],[1,0],[221,608]]
[[0,0],[1,0],[97,608]]
[[0,0],[1,0],[351,608]]
[[0,0],[2,0],[40,304]]
[[0,0],[2,0],[106,304]]
[[0,0],[1,0],[23,608]]
[[0,0],[4,0],[36,152]]
[[0,0],[4,0],[60,152]]
[[0,0],[1,0],[25,608]]
[[0,0],[2,0],[98,304]]
[[0,0],[1,0],[55,608]]
[[0,0],[1,0],[103,608]]
[[0,0],[1,0],[287,608]]
[[0,0],[1,0],[291,608]]
[[0,0],[1,0],[519,608]]
[[0,0],[1,0],[85,608]]
[[0,0],[1,0],[395,608]]
[[0,0],[1,0],[51,608]]
[[0,0],[2,0],[50,304]]
[[0,0],[1,0],[61,608]]
[[0,0],[1,0],[197,608]]
[[0,0],[1,0],[71,608]]
[[0,0],[1,0],[535,608]]
[[0,0],[1,0],[210,608]]
[[0,0],[2,0],[46,304]]
[[0,0],[1,0],[79,608]]
[[0,0],[1,0],[337,608]]
[[0,0],[1,0],[425,608]]
[[0,0],[4,0],[12,152]]
[[0,0],[4,0],[28,152]]
[[0,0],[2,0],[14,304]]
[[0,0],[2,0],[78,304]]
[[0,0],[1,0],[75,608]]
[[0,0],[1,0],[233,608]]
[[0,0],[1,0],[191,608]]
[[0,0],[1,0],[143,608]]
[[0,0],[1,0],[509,608]]
[[0,0],[2,0],[268,304]]
[[0,0],[1,0],[33,608]]
[[0,0],[4,0],[148,152]]
[[0,0],[4,0],[80,152]]
[[0,0],[1,0],[514,608]]
[[0,0],[1,0],[476,608]]
[[0,0],[1,0],[121,608]]
[[0,0],[1,0],[479,608]]
[[0,0],[1,0],[607,608]]
[[0,0],[1,0],[521,608]]
[[0,0],[2,0],[26,304]]
[[0,0],[1,0],[21,608]]
[[0,0],[2,0],[10,304]]
[[0,0],[4,0],[100,152]]
[[0,0],[2,0],[30,304]]
[[0,0],[1,0],[461,608]]
[[0,0],[1,0],[325,608]]
[[0,0],[2,0],[118,304]]
[[0,0],[1,0],[407,608]]
[[0,0],[1,0],[5,608]]
[[0,0],[1,0],[353,608]]
[[0,0],[1,0],[109,608]]
[[0,0],[1,0],[37,608]]
[[0,0],[2,0],[154,304]]
[[0,0],[1,0],[134,608]]
[[0,0],[1,0],[107,608]]
[[0,0],[1,0],[101,608]]
[[0,0],[1,0],[63,608]]
[[0,0],[1,0],[69,608]]
[[0,0],[1,0],[35,608]]
[[0,0],[1,0],[181,608]]
[[0,0],[4,0],[20,152]]
[[0,0],[2,0],[82,304]]
[[0,0],[1,0],[324,608]]
[[0,0],[1,0],[251,608]]
[[0,0],[1,0],[77,608]]
[[0,0],[1,0],[153,608]]
[[0,0],[1,0],[173,608]]
[[0,0],[1,0],[217,608]]
[[0,0],[1,0],[237,608]]
[[0,0],[1,0],[515,608]]
[[0,0],[1,0],[438,608]]
[[0,0],[1,0],[65,608]]
[[0,0],[1,0],[295,608]]
[[0,0],[1,0],[151,608]]
[[0,0],[1,0],[245,608]]
[[0,0],[1,0],[11,608]]
[[0,0],[2,0],[246,304]]
[[0,0],[1,0],[157,608]]
[[0,0],[2,0],[182,304]]
[[0,0],[1,0],[7,608]]
[[0,0],[1,0],[15,608]]
[[0,0],[1,0],[43,608]]
[[0,0],[1,0],[115,608]]
[[0,0],[2,0],[202,304]]
[[0,0],[2,0],[22,304]]
[[0,0],[1,0],[215,608]]
[[0,0],[1,0],[359,608]]
[[0,0],[2,0],[158,304]]
[[0,0],[1,0],[590,608]]
[[0,0],[1,0],[119,608]]
[[0,0],[1,0],[189,608]]
[[0,0],[1,0],[223,608]]
[[0,0],[1,0],[83,608]]
[[0,0],[1,0],[31,608]]
[[0,0],[2,0],[2,304]]
[[0,0],[1,0],[39,608]]
[[0,0],[1,0],[187,608]]
[[0,0],[1,0],[259,608]]
[[0,0],[1,0],[53,608]]
[[0,0],[1,0],[401,608]]
[[0,0],[1,0],[169,608]]
[[0,0],[1,0],[469,608]]
[[0,0],[1,0],[91,608]]
[[0,0],[1,0],[329,608]]
[[0,0],[1,0],[305,608]]
[[0,0],[1,0],[172,608]]
[[0,0],[1,0],[145,608]]
[[0,0],[2,0],[302,304]]
[[0,0],[1,0],[379,608]]
[[0,0],[2,0],[230,304]]
[[0,0],[1,0],[123,608]]
[[0,0],[1,0],[286,608]]
[[0,0],[1,0],[45,608]]
[[0,0],[2,0],[54,304]]
[[0,0],[1,0],[513,608]]
[[0,0],[1,0],[205,608]]
[[0,0],[1,0],[405,608]]
[[0,0],[1,0],[339,608]]
[[0,0],[1,0],[41,608]]
[[0,0],[1,0],[167,608]]
[[0,0],[1,0],[579,608]]
[[0,0],[1,0],[335,608]]
[[0,0],[1,0],[59,608]]
[[0,0],[1,0],[311,608]]
[[0,0],[1,0],[241,608]]
[[0,0],[1,0],[211,608]]
[[0,0],[1,0],[347,608]]
[[0,0],[2,0],[130,304]]
[[0,0],[1,0],[289,608]]
[[0,0],[2,0],[70,304]]
[[0,0],[1,0],[362,608]]
[[0,0],[2,0],[126,304]]
[[0,0],[4,0],[4,152]]
[[0,0],[2,0],[150,304]]
[[0,0],[1,0],[267,608]]
[[0,0],[1,0],[373,608]]
[[0,0],[1,0],[127,608]]
[[0,0],[1,0],[467,608]]
[[0,0],[1,0],[125,608]]
[[0,0],[1,0],[159,608]]
[[0,0],[1,0],[277,608]]
[[0,0],[2,0],[6,304]]
[[0,0],[1,0],[185,608]]
[[0,0],[2,0],[18,304]]
[[0,0],[1,0],[265,608]]
[[0,0],[1,0],[135,608]]
[[0,0],[1,0],[495,608]]
[[0,0],[1,0],[248,608]]
[[0,0],[1,0],[225,608]]
[[0,0],[1,0],[17,608]]
[[0,0],[2,0],[192,304]]
[[0,0],[1,0],[400,608]]
[[0,0],[1,0],[117,608]]
[[0,0],[2,0],[74,304]]
[[0,0],[1,0],[281,608]]
[[0,0],[1,0],[345,608]]
[[0,0],[1,0],[175,608]]
[[0,0],[1,0],[131,608]]
[[0,0],[2,0],[226,304]]
[[0,0],[1,0],[111,608]]
[[0,0],[1,0],[293,608]]
[[0,0],[1,0],[1,608]]
[[0,0],[1,0],[409,608]]
[[0,0],[2,0],[270,304]]
[[0,0],[1,0],[58,608]]
[[0,0],[1,0],[113,608]]
[[0,0],[1,0],[27,608]]
[[0,0],[4,0],[108,152]]
[[0,0],[2,0],[66,304]]
[[0,0],[1,0],[3,608]]
[[0,0],[2,0],[42,304]]
[[0,0],[1,0],[307,608]]
[[0,0],[1,0],[49,608]]
[[0,0],[1,0],[552,608]]
[[0,0],[2,0],[170,304]]
[[0,0],[1,0],[179,608]]
[[0,0],[1,0],[389,608]]
[[0,0],[1,0],[239,608]]
[[0,0],[2,0],[116,304]]
[[0,0],[1,0],[161,608]]
[[0,0],[1,0],[149,608]]
[[0,0],[2,0],[194,304]]
