[[0,0],[1,0],[369,614]]
[[0,0],[1,0],[195,614]]
[[0,0],[1,0],[177,614]]
[[0,0],[1,0],[303,614]]
[[0,0],[1,0],[243,614]]
[[0,0],[1,0],[13,614]]
[[0,0],[1,0],[165,614]]
[[0,0],[1,0],[99,614]]
[[0,0],[1,0],[523,614]]
[[0,0],[1,0],[9,614]]
[[0,0],[1,0],[331,614]]
[[0,0],[1,0],[231,614]]
[[0,0],[1,0],[531,614]]
[[0,0],[1,0],[105,614]]
[[0,0],[1,0],[163,614]]
[[0,0],[1,0],[257,614]]
[[0,0],[1,0],[285,614]]
[[0,0],[1,0],[391,614]]
[[0,0],[1,0],[95,614]]
[[0,0],[1,0],[25,614]]
[[0,0],[1,0],[47,614]]
[[0,0],[1,0],[221,614]]
[[0,0],[1,0],[333,614]]
[[0,0],[1,0],[23,614]]
[[0,0],[1,0],[55,614]]
[[0,0],[1,0],[183,614]]
[[0,0],[1,0],[209,614]]
[[0,0],[1,0],[103,614]]
[[0,0],[1,0],[287,614]]
[[0,0],[1,0],[51,614]]
[[0,0],[1,0],[85,614]]
[[0,0],[1,0],[61,614]]
[[0,0],[1,0],[197,614]]
[[0,0],[1,0],[337,614]]
[[0,0],[1,0],[425,614]]
[[0,0],[1,0],[321,614]]
[[0,0],[1,0],[71,614]]
[[0,0],[1,0],[279,614]]
[[0,0],[1,0],[79,614]]
[[0,0],[1,0],[233,614]]
[[0,0],[1,0],[75,614]]
[[0,0],[1,0],[525,614]]
[[0,0],[1,0],[73,614]]
[[0,0],[1,0],[33,614]]
[[0,0],[1,0],[191,614]]
[[0,0],[1,0],[349,614]]
[[0,0],[1,0],[263,614]]
[[0,0],[1,0],[121,614]]
[[0,0],[1,0],[573,614]]
[[0,0],[1,0],[21,614]]
[[0,0],[1,0],[325,614]]
[[0,0],[1,0],[341,614]]
[[0,0],[1,0],[5,614]]
[[0,0],[1,0],[57,614]]
[[0,0],[1,0],[109,614]]
[[0,0],[1,0],[37,614]]
[[0,0],[1,0],[107,614]]
[[0,0],[1,0],[207,614]]
[[0,0],[1,0],[35,614]]
[[0,0],[1,0],[101,614]]
[[0,0],[1,0],[69,614]]
[[0,0],[1,0],[271,614]]
[[0,0],[1,0],[203,614]]
[[0,0],[1,0],[181,614]]
[[0,0],[1,0],[153,614]]
[[0,0],[1,0],[251,614]]
[[0,0],[1,0],[217,614]]
[[0,0],[1,0],[77,614]]
[[0,0],[1,0],[517,614]]
[[0,0],[1,0],[173,614]]
[[0,0],[1,0],[65,614]]
[[0,0],[1,0],[11,614]]
[[0,0],[1,0],[319,614]]
[[0,0],[1,0],[247,614]]
[[0,0],[1,0],[309,614]]
[[0,0],[1,0],[443,614]]
[[0,0],[1,0],[157,614]]
[[0,0],[1,0],[43,614]]
[[0,0],[1,0],[115,614]]
[[0,0],[1,0],[19,614]]
[[0,0],[1,0],[445,614]]
[[0,0],[1,0],[7,614]]
[[0,0],[1,0],[15,614]]
[[0,0],[1,0],[87,614]]
[[0,0],[1,0],[463,614]]
[[0,0],[1,0],[215,614]]
[[0,0],[1,0],[359,614]]
[[0,0],[1,0],[119,614]]
[[0,0],[1,0],[187,614]]
[[0,0],[1,0],[259,614]]
[[0,0],[1,0],[377,614]]
[[0,0],[1,0],[421,614]]
[[0,0],[1,0],[31,614]]
[[0,0],[1,0],[365,614]]
[[0,0],[1,0],[213,614]]
[[0,0],[1,0],[39,614]]
[[0,0],[1,0],[53,614]]
[[0,0],[1,0],[145,614]]
[[0,0],[1,0],[379,614]]
[[0,0],[1,0],[253,614]]
[[0,0],[1,0],[308,614]]
[[0,0],[1,0],[613,614]]
[[0,0],[1,0],[45,614]]
[[0,0],[1,0],[219,614]]
[[0,0],[1,0],[547,614]]
[[0,0],[1,0],[339,614]]
[[0,0],[1,0],[473,614]]
[[0,0],[1,0],[483,614]]
[[0,0],[1,0],[241,614]]
[[0,0],[1,0],[59,614]]
[[0,0],[1,0],[167,614]]
[[0,0],[1,0],[323,614]]
[[0,0],[1,0],[29,614]]
[[0,0],[1,0],[93,614]]
[[0,0],[1,0],[211,614]]
[[0,0],[1,0],[347,614]]
[[0,0],[1,0],[491,614]]
[[0,0],[1,0],[229,614]]
[[0,0],[1,0],[147,614]]
[[0,0],[1,0],[133,614]]
[[0,0],[1,0],[261,614]]
[[0,0],[1,0],[125,614]]
[[0,0],[1,0],[127,614]]
[[0,0],[1,0],[185,614]]
[[0,0],[1,0],[159,614]]
[[0,0],[1,0],[313,614]]
[[0,0],[1,0],[225,614]]
[[0,0],[1,0],[17,614]]
[[0,0],[1,0],[135,614]]
[[0,0],[1,0],[551,614]]
[[0,0],[1,0],[139,614]]
[[0,0],[1,0],[345,614]]
[[0,0],[1,0],[175,614]]
[[0,0],[1,0],[1,614]]
[[0,0],[1,0],[111,614]]
[[0,0],[1,0],[409,614]]
[[0,0],[1,0],[315,614]]
[[0,0],[1,0],[113,614]]
[[0,0],[1,0],[485,614]]
[[0,0],[1,0],[459,614]]
[[0,0],[1,0],[27,614]]
[[0,0],[1,0],[49,614]]
[[0,0],[1,0],[3,614]]
[[0,0],[1,0],[199,614]]
[[0,0],[1,0],[297,614]]
[[0,0],[1,0],[179,614]]
[[0,0],[1,0],[471,614]]
[[0,0],[1,0],[161,614]]
[[0,0],[1,0],[497,614]]
[[0,0],[1,0],[387,614]]
[[0,0],[1,0],[201,614]]
[[0,0],[1,0],[81,614]]
[[0,0],[1,0],[137,614]]
[[0,0],[1,0],[239,614]]
[[0,0],[1,0],[149,614]]
