[[0,0],[1,0],[149,615]]
[[0,0],[1,0],[381,615]]
[[0,0],[1,0],[193,615]]
[[0,0],[1,0],[13,615]]
[[0,0],[1,0],[165,615]]
[[0,0],[1,0],[370,615]]
[[0,0],[1,0],[26,615]]
[[0,0],[1,0],[544,615]]
[[0,0],[1,0],[575,615]]
[[0,0],[1,0],[76,615]]
[[0,0],[1,0],[231,615]]
[[0,0],[1,0],[531,615]]
[[0,0],[1,0],[146,615]]
[[0,0],[1,0],[38,615]]
[[0,0],[1,0],[67,615]]
[[0,0],[1,0],[163,615]]
[[0,0],[1,0],[426,615]]
[[0,0],[1,0],[232,615]]
[[0,0],[1,0],[571,615]]
[[0,0],[1,0],[97,615]]
[[0,0],[1,0],[42,615]]
[[0,0],[1,0],[47,615]]
[[0,0],[1,0],[136,615]]
[[0,0],[1,0],[221,615]]
[[0,0],[1,0],[74,615]]
[[0,0],[1,0],[178,615]]
[[0,0],[1,0],[546,615]]
[[0,0],[1,0],[351,615]]
[[0,0],[1,0],[23,615]]
[[0,0],[1,0],[186,615]]
[[0,0],[1,0],[14,615]]
[[0,0],[1,0],[124,615]]
[[0,0],[1,0],[291,615]]
[[0,0],[1,0],[103,615]]
[[0,0],[1,0],[576,615]]
[[0,0],[1,0],[51,615]]
[[0,0],[1,0],[8,615]]
[[0,0],[1,0],[61,615]]
[[0,0],[1,0],[321,615]]
[[0,0],[1,0],[79,615]]
[[0,0],[1,0],[606,615]]
[[0,0],[1,0],[411,615]]
[[0,0],[1,0],[34,615]]
[[0,0],[1,0],[73,615]]
[[0,0],[1,0],[591,615]]
[[0,0],[1,0],[508,615]]
[[0,0],[1,0],[66,615]]
[[0,0],[1,0],[382,615]]
[[0,0],[1,0],[21,615]]
[[0,0],[1,0],[274,615]]
[[0,0],[1,0],[216,615]]
[[0,0],[1,0],[461,615]]
[[0,0],[1,0],[64,615]]
[[0,0],[1,0],[238,615]]
[[0,0],[1,0],[37,615]]
[[0,0],[1,0],[96,615]]
[[0,0],[1,0],[256,615]]
[[0,0],[1,0],[371,615]]
[[0,0],[1,0],[101,615]]
[[0,0],[1,0],[152,615]]
[[0,0],[1,0],[271,615]]
[[0,0],[1,0],[126,615]]
[[0,0],[1,0],[181,615]]
[[0,0],[1,0],[118,615]]
[[0,0],[1,0],[206,615]]
[[0,0],[1,0],[352,615]]
[[0,0],[1,0],[94,615]]
[[0,0],[1,0],[356,615]]
[[0,0],[1,0],[251,615]]
[[0,0],[1,0],[16,615]]
[[0,0],[1,0],[217,615]]
[[0,0],[1,0],[442,615]]
[[0,0],[1,0],[212,615]]
[[0,0],[1,0],[304,615]]
[[0,0],[1,0],[501,615]]
[[0,0],[1,0],[214,615]]
[[0,0],[1,0],[4,615]]
[[0,0],[3,0],[85,205]]
[[0,0],[1,0],[52,615]]
[[0,0],[1,0],[11,615]]
[[0,0],[1,0],[283,615]]
[[0,0],[1,0],[151,615]]
[[0,0],[1,0],[247,615]]
[[0,0],[1,0],[157,615]]
[[0,0],[1,0],[43,615]]
[[0,0],[1,0],[436,615]]
[[0,0],[1,0],[396,615]]
[[0,0],[1,0],[19,615]]
[[0,0],[1,0],[7,615]]
[[0,0],[1,0],[156,615]]
[[0,0],[1,0],[104,615]]
[[0,0],[1,0],[83,615]]
[[0,0],[1,0],[223,615]]
[[0,0],[1,0],[538,615]]
[[0,0],[1,0],[421,615]]
[[0,0],[1,0],[31,615]]
[[0,0],[1,0],[169,615]]
[[0,0],[1,0],[306,615]]
[[0,0],[1,0],[329,615]]
[[0,0],[1,0],[53,615]]
[[0,0],[1,0],[366,615]]
[[0,0],[1,0],[91,615]]
[[0,0],[1,0],[266,615]]
[[0,0],[1,0],[36,615]]
[[0,0],[1,0],[62,615]]
[[0,0],[1,0],[166,615]]
[[0,0],[1,0],[184,615]]
[[0,0],[1,0],[296,615]]
[[0,0],[1,0],[379,615]]
[[0,0],[1,0],[286,615]]
[[0,0],[1,0],[112,615]]
[[0,0],[1,0],[253,615]]
[[0,0],[1,0],[46,615]]
[[0,0],[1,0],[516,615]]
[[0,0],[1,0],[176,615]]
[[0,0],[1,0],[116,615]]
[[0,0],[1,0],[6,615]]
[[0,0],[1,0],[241,615]]
[[0,0],[1,0],[268,615]]
[[0,0],[1,0],[288,615]]
[[0,0],[1,0],[167,615]]
[[0,0],[1,0],[68,615]]
[[0,0],[1,0],[211,615]]
[[0,0],[1,0],[289,615]]
[[0,0],[1,0],[486,615]]
[[0,0],[1,0],[22,615]]
[[0,0],[1,0],[92,615]]
[[0,0],[1,0],[491,615]]
[[0,0],[1,0],[2,615]]
[[0,0],[1,0],[202,615]]
[[0,0],[1,0],[334,615]]
[[0,0],[1,0],[506,615]]
[[0,0],[1,0],[336,615]]
[[0,0],[1,0],[561,615]]
[[0,0],[1,0],[261,615]]
[[0,0],[1,0],[127,615]]
[[0,0],[1,0],[418,615]]
[[0,0],[1,0],[277,615]]
[[0,0],[1,0],[367,615]]
[[0,0],[1,0],[17,615]]
[[0,0],[1,0],[559,615]]
[[0,0],[1,0],[139,615]]
[[0,0],[1,0],[208,615]]
[[0,0],[1,0],[441,615]]
[[0,0],[1,0],[171,615]]
[[0,0],[1,0],[456,615]]
[[0,0],[1,0],[276,615]]
[[0,0],[1,0],[106,615]]
[[0,0],[1,0],[131,615]]
[[0,0],[1,0],[416,615]]
[[0,0],[1,0],[86,615]]
[[0,0],[1,0],[32,615]]
[[0,0],[1,0],[141,615]]
[[0,0],[1,0],[1,615]]
[[0,0],[1,0],[111,615]]
[[0,0],[1,0],[409,615]]
[[0,0],[1,0],[98,615]]
[[0,0],[1,0],[113,615]]
[[0,0],[1,0],[301,615]]
[[0,0],[1,0],[534,615]]
[[0,0],[1,0],[148,615]]
[[0,0],[1,0],[49,615]]
[[0,0],[1,0],[58,615]]
[[0,0],[1,0],[433,615]]
[[0,0],[1,0],[307,615]]
[[0,0],[1,0],[386,615]]
[[0,0],[1,0],[424,615]]
[[0,0],[1,0],[471,615]]
[[0,0],[1,0],[161,615]]
[[0,0],[1,0],[322,615]]
[[0,0],[1,0],[81,615]]
[[0,0],[1,0],[201,615]]
