[[0,0],[1,0],[149,618]]
[[0,0],[1,0],[28,618]]
[[0,0],[1,0],[13,618]]
[[0,0],[1,0],[580,618]]
[[0,0],[1,0],[193,618]]
[[0,0],[1,0],[346,618]]
[[0,0],[1,0],[137,618]]
[[0,0],[1,0],[299,618]]
[[0,0],[1,0],[406,618]]
[[0,0],[1,0],[76,618]]
[[0,0],[1,0],[361,618]]
[[0,0],[1,0],[617,618]]
[[0,0],[1,0],[317,618]]
[[0,0],[1,0],[370,618]]
[[0,0],[1,0],[520,618]]
[[0,0],[1,0],[586,618]]
[[0,0],[1,0],[67,618]]
[[0,0],[1,0],[95,618]]
[[0,0],[1,0],[544,618]]
[[0,0],[1,0],[232,618]]
[[0,0],[1,0],[472,618]]
[[0,0],[1,0],[47,618]]
[[0,0],[1,0],[221,618]]
[[0,0],[1,0],[97,618]]
[[0,0],[1,0],[610,618]]
[[0,0],[1,0],[136,618]]
[[0,0],[1,0],[124,618]]
[[0,0],[1,0],[460,618]]
[[0,0],[1,0],[287,618]]
[[0,0],[1,0],[178,618]]
[[0,0],[1,0],[496,618]]
[[0,0],[1,0],[25,618]]
[[0,0],[1,0],[23,618]]
[[0,0],[1,0],[209,618]]
[[0,0],[1,0],[328,618]]
[[0,0],[1,0],[61,618]]
[[0,0],[1,0],[55,618]]
[[0,0],[1,0],[226,618]]
[[0,0],[1,0],[454,618]]
[[0,0],[1,0],[250,618]]
[[0,0],[1,0],[85,618]]
[[0,0],[1,0],[337,618]]
[[0,0],[1,0],[79,618]]
[[0,0],[1,0],[262,618]]
[[0,0],[1,0],[395,618]]
[[0,0],[1,0],[598,618]]
[[0,0],[1,0],[197,618]]
[[0,0],[1,0],[478,618]]
[[0,0],[1,0],[71,618]]
[[0,0],[1,0],[191,618]]
[[0,0],[1,0],[503,618]]
[[0,0],[1,0],[143,618]]
[[0,0],[1,0],[508,618]]
[[0,0],[1,0],[233,618]]
[[0,0],[1,0],[34,618]]
[[0,0],[1,0],[280,618]]
[[0,0],[1,0],[388,618]]
[[0,0],[1,0],[358,618]]
[[0,0],[1,0],[413,618]]
[[0,0],[1,0],[73,618]]
[[0,0],[1,0],[353,618]]
[[0,0],[1,0],[109,618]]
[[0,0],[1,0],[121,618]]
[[0,0],[1,0],[514,618]]
[[0,0],[1,0],[207,618]]
[[0,0],[1,0],[274,618]]
[[0,0],[1,0],[325,618]]
[[0,0],[1,0],[382,618]]
[[0,0],[1,0],[5,618]]
[[0,0],[1,0],[35,618]]
[[0,0],[1,0],[376,618]]
[[0,0],[1,0],[142,618]]
[[0,0],[1,0],[340,618]]
[[0,0],[1,0],[574,618]]
[[0,0],[1,0],[37,618]]
[[0,0],[1,0],[118,618]]
[[0,0],[1,0],[64,618]]
[[0,0],[1,0],[101,618]]
[[0,0],[1,0],[238,618]]
[[0,0],[1,0],[442,618]]
[[0,0],[1,0],[107,618]]
[[0,0],[1,0],[77,618]]
[[0,0],[1,0],[181,618]]
[[0,0],[1,0],[256,618]]
[[0,0],[1,0],[173,618]]
[[0,0],[1,0],[565,618]]
[[0,0],[1,0],[562,618]]
[[0,0],[1,0],[65,618]]
[[0,0],[1,0],[214,618]]
[[0,0],[1,0],[448,618]]
[[0,0],[1,0],[94,618]]
[[0,0],[1,0],[352,618]]
[[0,0],[1,0],[251,618]]
[[0,0],[1,0],[217,618]]
[[0,0],[1,0],[16,618]]
[[0,0],[1,0],[532,618]]
[[0,0],[1,0],[157,618]]
[[0,0],[1,0],[82,618]]
[[0,0],[1,0],[196,618]]
[[0,0],[1,0],[568,618]]
[[0,0],[1,0],[4,618]]
[[0,0],[1,0],[244,618]]
[[0,0],[1,0],[52,618]]
[[0,0],[1,0],[304,618]]
[[0,0],[1,0],[245,618]]
[[0,0],[1,0],[19,618]]
[[0,0],[1,0],[295,618]]
[[0,0],[1,0],[151,618]]
[[0,0],[1,0],[247,618]]
[[0,0],[1,0],[11,618]]
[[0,0],[1,0],[436,618]]
[[0,0],[1,0],[283,618]]
[[0,0],[1,0],[104,618]]
[[0,0],[1,0],[7,618]]
[[0,0],[1,0],[538,618]]
[[0,0],[1,0],[556,618]]
[[0,0],[1,0],[31,618]]
[[0,0],[1,0],[43,618]]
[[0,0],[1,0],[83,618]]
[[0,0],[1,0],[430,618]]
[[0,0],[1,0],[359,618]]
[[0,0],[1,0],[119,618]]
[[0,0],[1,0],[100,618]]
[[0,0],[1,0],[455,618]]
[[0,0],[1,0],[292,618]]
[[0,0],[1,0],[490,618]]
[[0,0],[1,0],[172,618]]
[[0,0],[1,0],[145,618]]
[[0,0],[1,0],[220,618]]
[[0,0],[1,0],[154,618]]
[[0,0],[1,0],[403,618]]
[[0,0],[1,0],[166,618]]
[[0,0],[1,0],[316,618]]
[[0,0],[1,0],[616,618]]
[[0,0],[1,0],[184,618]]
[[0,0],[1,0],[187,618]]
[[0,0],[1,0],[298,618]]
[[0,0],[1,0],[253,618]]
[[0,0],[1,0],[592,618]]
[[0,0],[1,0],[169,618]]
[[0,0],[1,0],[329,618]]
[[0,0],[1,0],[91,618]]
[[0,0],[1,0],[205,618]]
[[0,0],[1,0],[89,618]]
[[0,0],[1,0],[190,618]]
[[0,0],[1,0],[268,618]]
[[0,0],[1,0],[29,618]]
[[0,0],[1,0],[286,618]]
[[0,0],[1,0],[112,618]]
[[0,0],[1,0],[516,618]]
[[0,0],[1,0],[241,618]]
[[0,0],[1,0],[46,618]]
[[0,0],[1,0],[41,618]]
[[0,0],[1,0],[211,618]]
[[0,0],[1,0],[167,618]]
[[0,0],[1,0],[22,618]]
[[0,0],[1,0],[202,618]]
[[0,0],[1,0],[484,618]]
[[0,0],[1,0],[59,618]]
[[0,0],[1,0],[347,618]]
[[0,0],[1,0],[493,618]]
[[0,0],[1,0],[229,618]]
[[0,0],[1,0],[70,618]]
[[0,0],[1,0],[491,618]]
[[0,0],[1,0],[334,618]]
[[0,0],[1,0],[502,618]]
[[0,0],[1,0],[418,618]]
[[0,0],[1,0],[130,618]]
[[0,0],[1,0],[277,618]]
[[0,0],[1,0],[17,618]]
[[0,0],[1,0],[185,618]]
[[0,0],[1,0],[457,618]]
[[0,0],[1,0],[526,618]]
[[0,0],[1,0],[106,618]]
[[0,0],[1,0],[313,618]]
[[0,0],[1,0],[175,618]]
[[0,0],[2,0],[105,309]]
[[0,0],[1,0],[394,618]]
[[0,0],[1,0],[155,618]]
[[0,0],[1,0],[88,618]]
[[0,0],[1,0],[364,618]]
[[0,0],[1,0],[131,618]]
[[0,0],[1,0],[10,618]]
[[0,0],[1,0],[400,618]]
[[0,0],[1,0],[139,618]]
[[0,0],[1,0],[208,618]]
[[0,0],[1,0],[1,618]]
[[0,0],[1,0],[343,618]]
[[0,0],[1,0],[40,618]]
[[0,0],[1,0],[415,618]]
[[0,0],[1,0],[58,618]]
[[0,0],[1,0],[113,618]]
[[0,0],[1,0],[466,618]]
[[0,0],[1,0],[269,618]]
[[0,0],[1,0],[49,618]]
[[0,0],[1,0],[485,618]]
[[0,0],[1,0],[307,618]]
[[0,0],[1,0],[148,618]]
[[0,0],[1,0],[310,618]]
[[0,0],[1,0],[227,618]]
[[0,0],[1,0],[199,618]]
[[0,0],[1,0],[550,618]]
[[0,0],[1,0],[179,618]]
[[0,0],[1,0],[424,618]]
[[0,0],[1,0],[239,618]]
[[0,0],[1,0],[604,618]]
[[0,0],[1,0],[160,618]]
[[0,0],[1,0],[355,618]]
[[0,0],[1,0],[235,618]]
[[0,0],[1,0],[322,618]]
