[[0,0],[1,0],[50,619]]
[[0,0],[1,0],[51,619]]
[[0,0],[1,0],[139,619]]
[[0,0],[1,0],[19,619]]
[[0,0],[1,0],[24,619]]
[[0,0],[1,0],[61,619]]
[[0,0],[1,0],[144,619]]
[[0,0],[1,0],[53,619]]
[[0,0],[1,0],[7,619]]
[[0,0],[1,0],[71,619]]
[[0,0],[1,0],[252,619]]
[[0,0],[1,0],[132,619]]
[[0,0],[1,0],[74,619]]
[[0,0],[1,0],[208,619]]
[[0,0],[1,0],[48,619]]
[[0,0],[1,0],[90,619]]
[[0,0],[1,0],[54,619]]
[[0,0],[1,0],[68,619]]
[[0,0],[1,0],[219,619]]
[[0,0],[1,0],[18,619]]
[[0,0],[1,0],[249,619]]
[[0,0],[1,0],[78,619]]
[[0,0],[1,0],[3,619]]
[[0,0],[1,0],[85,619]]
[[0,0],[1,0],[25,619]]
[[0,0],[1,0],[66,619]]
[[0,0],[1,0],[26,619]]
[[0,0],[1,0],[110,619]]
[[0,0],[1,0],[36,619]]
[[0,0],[1,0],[105,619]]
[[0,0],[1,0],[44,619]]
[[0,0],[1,0],[70,619]]
[[0,0],[1,0],[143,619]]
[[0,0],[1,0],[41,619]]
[[0,0],[1,0],[67,619]]
[[0,0],[1,0],[84,619]]
[[0,0],[1,0],[82,619]]
[[0,0],[1,0],[39,619]]
[[0,0],[1,0],[215,619]]
[[0,0],[1,0],[102,619]]
[[0,0],[1,0],[23,619]]
[[0,0],[1,0],[15,619]]
[[0,0],[1,0],[17,619]]
[[0,0],[1,0],[253,619]]
[[0,0],[1,0],[35,619]]
[[0,0],[1,0],[22,619]]
[[0,0],[1,0],[142,619]]
[[0,0],[1,0],[37,619]]
[[0,0],[1,0],[163,619]]
[[0,0],[1,0],[49,619]]
[[0,0],[1,0],[6,619]]
[[0,0],[1,0],[175,619]]
[[0,0],[1,0],[5,619]]
[[0,0],[1,0],[11,619]]
[[0,0],[1,0],[21,619]]
[[0,0],[1,0],[20,619]]
[[0,0],[1,0],[98,619]]
[[0,0],[1,0],[47,619]]
[[0,0],[1,0],[45,619]]
[[0,0],[1,0],[42,619]]
[[0,0],[1,0],[57,619]]
[[0,0],[1,0],[83,619]]
[[0,0],[1,0],[43,619]]
[[0,0],[1,0],[162,619]]
[[0,0],[1,0],[109,619]]
[[0,0],[1,0],[89,619]]
[[0,0],[1,0],[4,619]]
[[0,0],[1,0],[33,619]]
[[0,0],[1,0],[38,619]]
[[0,0],[1,0],[94,619]]
[[0,0],[1,0],[123,619]]
[[0,0],[1,0],[28,619]]
[[0,0],[1,0],[14,619]]
[[0,0],[1,0],[167,619]]
[[0,0],[1,0],[161,619]]
[[0,0],[1,0],[193,619]]
[[0,0],[1,0],[52,619]]
[[0,0],[1,0],[34,619]]
[[0,0],[1,0],[101,619]]
[[0,0],[1,0],[118,619]]
[[0,0],[1,0],[88,619]]
[[0,0],[1,0],[81,619]]
[[0,0],[1,0],[10,619]]
[[0,0],[1,0],[8,619]]
[[0,0],[1,0],[46,619]]
[[0,0],[1,0],[255,619]]
[[0,0],[1,0],[2,619]]
[[0,0],[1,0],[174,619]]
[[0,0],[1,0],[1,619]]
[[0,0],[1,0],[13,619]]
[[0,0],[1,0],[97,619]]
[[0,0],[1,0],[242,619]]
[[0,0],[1,0],[96,619]]
[[0,0],[1,0],[122,619]]
[[0,0],[1,0],[30,619]]
[[0,0],[1,0],[29,619]]
[[0,0],[1,0],[106,619]]
[[0,0],[1,0],[40,619]]
[[0,0],[1,0],[12,619]]
[[0,0],[1,0],[9,619]]
[[0,0],[1,0],[95,619]]
[[0,0],[1,0],[69,619]]
[[0,0],[1,0],[27,619]]
[[0,0],[1,0],[16,619]]
[[0,0],[1,0],[111,619]]
