[[0,0],[1,0],[177,620]]
[[0,0],[1,0],[389,620]]
[[0,0],[1,0],[566,620]]
[[0,0],[1,0],[243,620]]
[[0,0],[2,0],[76,310]]
[[0,0],[1,0],[299,620]]
[[0,0],[1,0],[406,620]]
[[0,0],[1,0],[201,620]]
[[0,0],[1,0],[99,620]]
[[0,0],[1,0],[193,620]]
[[0,0],[1,0],[137,620]]
[[0,0],[1,0],[13,620]]
[[0,0],[1,0],[346,620]]
[[0,0],[1,0],[26,620]]
[[0,0],[1,0],[361,620]]
[[0,0],[1,0],[129,620]]
[[0,0],[1,0],[489,620]]
[[0,0],[2,0],[162,310]]
[[0,0],[1,0],[76,620]]
[[0,0],[2,0],[32,310]]
[[0,0],[1,0],[67,620]]
[[0,0],[1,0],[163,620]]
[[0,0],[1,0],[426,620]]
[[0,0],[1,0],[586,620]]
[[0,0],[1,0],[9,620]]
[[0,0],[1,0],[146,620]]
[[0,0],[1,0],[97,620]]
[[0,0],[1,0],[47,620]]
[[0,0],[1,0],[393,620]]
[[0,0],[1,0],[136,620]]
[[0,0],[1,0],[333,620]]
[[0,0],[1,0],[351,620]]
[[0,0],[1,0],[446,620]]
[[0,0],[1,0],[291,620]]
[[0,0],[2,0],[250,310]]
[[0,0],[1,0],[342,620]]
[[0,0],[1,0],[546,620]]
[[0,0],[1,0],[23,620]]
[[0,0],[1,0],[51,620]]
[[0,0],[2,0],[24,310]]
[[0,0],[1,0],[183,620]]
[[0,0],[2,0],[172,310]]
[[0,0],[1,0],[536,620]]
[[0,0],[1,0],[61,620]]
[[0,0],[1,0],[103,620]]
[[0,0],[1,0],[226,620]]
[[0,0],[1,0],[576,620]]
[[0,0],[1,0],[79,620]]
[[0,0],[1,0],[399,620]]
[[0,0],[2,0],[188,310]]
[[0,0],[1,0],[197,620]]
[[0,0],[1,0],[71,620]]
[[0,0],[2,0],[14,310]]
[[0,0],[1,0],[191,620]]
[[0,0],[1,0],[56,620]]
[[0,0],[1,0],[503,620]]
[[0,0],[1,0],[143,620]]
[[0,0],[1,0],[606,620]]
[[0,0],[1,0],[33,620]]
[[0,0],[1,0],[349,620]]
[[0,0],[1,0],[411,620]]
[[0,0],[1,0],[280,620]]
[[0,0],[1,0],[476,620]]
[[0,0],[1,0],[263,620]]
[[0,0],[1,0],[413,620]]
[[0,0],[1,0],[249,620]]
[[0,0],[1,0],[593,620]]
[[0,0],[1,0],[216,620]]
[[0,0],[1,0],[461,620]]
[[0,0],[1,0],[66,620]]
[[0,0],[1,0],[109,620]]
[[0,0],[1,0],[246,620]]
[[0,0],[1,0],[371,620]]
[[0,0],[1,0],[376,620]]
[[0,0],[1,0],[21,620]]
[[0,0],[1,0],[63,620]]
[[0,0],[1,0],[107,620]]
[[0,0],[1,0],[57,620]]
[[0,0],[1,0],[37,620]]
[[0,0],[2,0],[82,310]]
[[0,0],[1,0],[96,620]]
[[0,0],[1,0],[256,620]]
[[0,0],[2,0],[212,310]]
[[0,0],[1,0],[126,620]]
[[0,0],[1,0],[203,620]]
[[0,0],[1,0],[101,620]]
[[0,0],[1,0],[77,620]]
[[0,0],[1,0],[173,620]]
[[0,0],[1,0],[206,620]]
[[0,0],[1,0],[94,620]]
[[0,0],[1,0],[237,620]]
[[0,0],[1,0],[251,620]]
[[0,0],[1,0],[319,620]]
[[0,0],[1,0],[356,620]]
[[0,0],[1,0],[326,620]]
[[0,0],[1,0],[218,620]]
[[0,0],[1,0],[16,620]]
[[0,0],[1,0],[499,620]]
[[0,0],[2,0],[36,310]]
[[0,0],[1,0],[19,620]]
[[0,0],[1,0],[157,620]]
[[0,0],[1,0],[196,620]]
[[0,0],[2,0],[12,310]]
[[0,0],[1,0],[439,620]]
[[0,0],[1,0],[396,620]]
[[0,0],[2,0],[132,310]]
[[0,0],[1,0],[501,620]]
[[0,0],[1,0],[11,620]]
[[0,0],[1,0],[156,620]]
[[0,0],[2,0],[68,310]]
[[0,0],[1,0],[283,620]]
[[0,0],[1,0],[151,620]]
[[0,0],[2,0],[122,310]]
[[0,0],[2,0],[22,310]]
[[0,0],[1,0],[83,620]]
[[0,0],[1,0],[43,620]]
[[0,0],[1,0],[309,620]]
[[0,0],[1,0],[189,620]]
[[0,0],[1,0],[436,620]]
[[0,0],[1,0],[223,620]]
[[0,0],[1,0],[7,620]]
[[0,0],[2,0],[2,310]]
[[0,0],[1,0],[590,620]]
[[0,0],[1,0],[87,620]]
[[0,0],[1,0],[556,620]]
[[0,0],[1,0],[266,620]]
[[0,0],[1,0],[166,620]]
[[0,0],[1,0],[327,620]]
[[0,0],[1,0],[616,620]]
[[0,0],[2,0],[48,310]]
[[0,0],[1,0],[296,620]]
[[0,0],[1,0],[306,620]]
[[0,0],[1,0],[39,620]]
[[0,0],[1,0],[169,620]]
[[0,0],[1,0],[366,620]]
[[0,0],[1,0],[91,620]]
[[0,0],[1,0],[213,620]]
[[0,0],[1,0],[316,620]]
[[0,0],[1,0],[53,620]]
[[0,0],[1,0],[36,620]]
[[0,0],[1,0],[253,620]]
[[0,0],[1,0],[89,620]]
[[0,0],[1,0],[547,620]]
[[0,0],[1,0],[528,620]]
[[0,0],[1,0],[123,620]]
[[0,0],[1,0],[286,620]]
[[0,0],[2,0],[95,310]]
[[0,0],[1,0],[435,620]]
[[0,0],[1,0],[6,620]]
[[0,0],[1,0],[46,620]]
[[0,0],[1,0],[241,620]]
[[0,0],[1,0],[219,620]]
[[0,0],[1,0],[29,620]]
[[0,0],[2,0],[102,310]]
[[0,0],[1,0],[41,620]]
[[0,0],[1,0],[516,620]]
[[0,0],[1,0],[176,620]]
[[0,0],[1,0],[404,620]]
[[0,0],[1,0],[486,620]]
[[0,0],[1,0],[289,620]]
[[0,0],[1,0],[116,620]]
[[0,0],[1,0],[619,620]]
[[0,0],[1,0],[59,620]]
[[0,0],[1,0],[167,620]]
[[0,0],[1,0],[363,620]]
[[0,0],[1,0],[147,620]]
[[0,0],[4,0],[35,155]]
[[0,0],[1,0],[596,620]]
[[0,0],[1,0],[311,620]]
[[0,0],[1,0],[506,620]]
[[0,0],[1,0],[467,620]]
[[0,0],[1,0],[493,620]]
[[0,0],[1,0],[229,620]]
[[0,0],[1,0],[267,620]]
[[0,0],[1,0],[125,620]]
[[0,0],[2,0],[34,310]]
[[0,0],[1,0],[373,620]]
[[0,0],[1,0],[133,620]]
[[0,0],[1,0],[336,620]]
[[0,0],[2,0],[18,310]]
[[0,0],[2,0],[72,310]]
[[0,0],[2,0],[4,310]]
[[0,0],[1,0],[261,620]]
[[0,0],[1,0],[236,620]]
[[0,0],[1,0],[526,620]]
[[0,0],[1,0],[17,620]]
[[0,0],[2,0],[6,310]]
[[0,0],[1,0],[559,620]]
[[0,0],[1,0],[277,620]]
[[0,0],[1,0],[273,620]]
[[0,0],[1,0],[456,620]]
[[0,0],[1,0],[106,620]]
[[0,0],[2,0],[74,310]]
[[0,0],[1,0],[313,620]]
[[0,0],[1,0],[551,620]]
[[0,0],[1,0],[86,620]]
[[0,0],[1,0],[139,620]]
[[0,0],[2,0],[232,310]]
[[0,0],[1,0],[111,620]]
[[0,0],[1,0],[141,620]]
[[0,0],[1,0],[171,620]]
[[0,0],[1,0],[1,620]]
[[0,0],[1,0],[281,620]]
[[0,0],[2,0],[142,310]]
[[0,0],[1,0],[276,620]]
[[0,0],[2,0],[92,310]]
[[0,0],[1,0],[113,620]]
[[0,0],[1,0],[416,620]]
[[0,0],[1,0],[32,620]]
[[0,0],[2,0],[38,310]]
[[0,0],[1,0],[3,620]]
[[0,0],[1,0],[466,620]]
[[0,0],[1,0],[49,620]]
[[0,0],[1,0],[409,620]]
[[0,0],[1,0],[433,620]]
[[0,0],[2,0],[66,310]]
[[0,0],[2,0],[42,310]]
[[0,0],[1,0],[179,620]]
[[0,0],[1,0],[199,620]]
[[0,0],[1,0],[161,620]]
[[0,0],[1,0],[386,620]]
[[0,0],[1,0],[387,620]]
[[0,0],[1,0],[297,620]]
[[0,0],[1,0],[81,620]]
[[0,0],[2,0],[64,310]]
[[0,0],[1,0],[471,620]]
[[0,0],[2,0],[16,310]]
[[0,0],[1,0],[303,620]]
[[0,0],[1,0],[381,620]]
[[0,0],[2,0],[8,310]]
