[[0,0],[1,0],[406,621]]
[[0,0],[1,0],[193,621]]
[[0,0],[1,0],[28,621]]
[[0,0],[1,0],[13,621]]
[[0,0],[1,0],[26,621]]
[[0,0],[1,0],[76,621]]
[[0,0],[1,0],[38,621]]
[[0,0],[3,0],[12,207]]
[[0,0],[1,0],[67,621]]
[[0,0],[1,0],[163,621]]
[[0,0],[3,0],[75,207]]
[[0,0],[1,0],[331,621]]
[[0,0],[1,0],[231,621]]
[[0,0],[3,0],[6,207]]
[[0,0],[1,0],[146,621]]
[[0,0],[1,0],[232,621]]
[[0,0],[1,0],[95,621]]
[[0,0],[1,0],[97,621]]
[[0,0],[1,0],[47,621]]
[[0,0],[1,0],[136,621]]
[[0,0],[1,0],[221,621]]
[[0,0],[1,0],[300,621]]
[[0,0],[1,0],[124,621]]
[[0,0],[1,0],[20,621]]
[[0,0],[1,0],[460,621]]
[[0,0],[1,0],[25,621]]
[[0,0],[1,0],[14,621]]
[[0,0],[1,0],[454,621]]
[[0,0],[3,0],[3,207]]
[[0,0],[1,0],[55,621]]
[[0,0],[1,0],[8,621]]
[[0,0],[1,0],[61,621]]
[[0,0],[1,0],[103,621]]
[[0,0],[1,0],[226,621]]
[[0,0],[1,0],[337,621]]
[[0,0],[1,0],[250,621]]
[[0,0],[1,0],[576,621]]
[[0,0],[1,0],[79,621]]
[[0,0],[1,0],[85,621]]
[[0,0],[1,0],[56,621]]
[[0,0],[1,0],[535,621]]
[[0,0],[1,0],[143,621]]
[[0,0],[1,0],[508,621]]
[[0,0],[1,0],[34,621]]
[[0,0],[1,0],[280,621]]
[[0,0],[1,0],[73,621]]
[[0,0],[3,0],[21,207]]
[[0,0],[1,0],[388,621]]
[[0,0],[1,0],[121,621]]
[[0,0],[3,0],[165,207]]
[[0,0],[1,0],[109,621]]
[[0,0],[3,0],[60,207]]
[[0,0],[1,0],[35,621]]
[[0,0],[1,0],[142,621]]
[[0,0],[1,0],[325,621]]
[[0,0],[1,0],[238,621]]
[[0,0],[1,0],[5,621]]
[[0,0],[1,0],[64,621]]
[[0,0],[1,0],[340,621]]
[[0,0],[1,0],[37,621]]
[[0,0],[1,0],[256,621]]
[[0,0],[1,0],[442,621]]
[[0,0],[1,0],[101,621]]
[[0,0],[1,0],[181,621]]
[[0,0],[1,0],[77,621]]
[[0,0],[1,0],[438,621]]
[[0,0],[1,0],[65,621]]
[[0,0],[1,0],[94,621]]
[[0,0],[1,0],[110,621]]
[[0,0],[1,0],[392,621]]
[[0,0],[1,0],[448,621]]
[[0,0],[1,0],[319,621]]
[[0,0],[1,0],[217,621]]
[[0,0],[1,0],[16,621]]
[[0,0],[1,0],[499,621]]
[[0,0],[1,0],[82,621]]
[[0,0],[1,0],[212,621]]
[[0,0],[1,0],[304,621]]
[[0,0],[3,0],[141,207]]
[[0,0],[1,0],[19,621]]
[[0,0],[1,0],[196,621]]
[[0,0],[1,0],[157,621]]
[[0,0],[3,0],[24,207]]
[[0,0],[1,0],[4,621]]
[[0,0],[1,0],[11,621]]
[[0,0],[1,0],[52,621]]
[[0,0],[1,0],[151,621]]
[[0,0],[1,0],[104,621]]
[[0,0],[1,0],[43,621]]
[[0,0],[1,0],[436,621]]
[[0,0],[1,0],[7,621]]
[[0,0],[1,0],[31,621]]
[[0,0],[1,0],[158,621]]
[[0,0],[1,0],[145,621]]
[[0,0],[1,0],[166,621]]
[[0,0],[3,0],[72,207]]
[[0,0],[1,0],[187,621]]
[[0,0],[1,0],[385,621]]
[[0,0],[1,0],[490,621]]
[[0,0],[1,0],[100,621]]
[[0,0],[1,0],[172,621]]
[[0,0],[1,0],[154,621]]
[[0,0],[1,0],[80,621]]
[[0,0],[1,0],[421,621]]
[[0,0],[1,0],[220,621]]
[[0,0],[1,0],[298,621]]
[[0,0],[1,0],[169,621]]
[[0,0],[1,0],[91,621]]
[[0,0],[1,0],[53,621]]
[[0,0],[3,0],[15,207]]
[[0,0],[1,0],[469,621]]
[[0,0],[1,0],[89,621]]
[[0,0],[1,0],[190,621]]
[[0,0],[3,0],[57,207]]
[[0,0],[1,0],[323,621]]
[[0,0],[1,0],[254,621]]
[[0,0],[1,0],[268,621]]
[[0,0],[1,0],[211,621]]
[[0,0],[1,0],[29,621]]
[[0,0],[1,0],[93,621]]
[[0,0],[1,0],[41,621]]
[[0,0],[1,0],[22,621]]
[[0,0],[1,0],[289,621]]
[[0,0],[1,0],[140,621]]
[[0,0],[1,0],[116,621]]
[[0,0],[1,0],[59,621]]
[[0,0],[3,0],[129,207]]
[[0,0],[1,0],[202,621]]
[[0,0],[1,0],[68,621]]
[[0,0],[1,0],[70,621]]
[[0,0],[1,0],[484,621]]
[[0,0],[1,0],[2,621]]
[[0,0],[1,0],[127,621]]
[[0,0],[1,0],[334,621]]
[[0,0],[3,0],[84,207]]
[[0,0],[3,0],[102,207]]
[[0,0],[1,0],[507,621]]
[[0,0],[1,0],[133,621]]
[[0,0],[1,0],[17,621]]
[[0,0],[3,0],[66,207]]
[[0,0],[1,0],[106,621]]
[[0,0],[1,0],[313,621]]
[[0,0],[1,0],[88,621]]
[[0,0],[1,0],[139,621]]
[[0,0],[1,0],[175,621]]
[[0,0],[1,0],[208,621]]
[[0,0],[1,0],[364,621]]
[[0,0],[1,0],[1,621]]
[[0,0],[1,0],[10,621]]
[[0,0],[3,0],[39,207]]
[[0,0],[1,0],[412,621]]
[[0,0],[1,0],[44,621]]
[[0,0],[1,0],[40,621]]
[[0,0],[1,0],[58,621]]
[[0,0],[1,0],[307,621]]
[[0,0],[1,0],[49,621]]
[[0,0],[1,0],[310,621]]
[[0,0],[1,0],[227,621]]
[[0,0],[1,0],[550,621]]
[[0,0],[1,0],[148,621]]
[[0,0],[1,0],[24,621]]
[[0,0],[3,0],[93,207]]
[[0,0],[1,0],[160,621]]
[[0,0],[1,0],[369,621]]
