[[0,0],[1,0],[399,622]]
[[0,0],[1,0],[69,622]]
[[0,0],[1,0],[111,622]]
[[0,0],[1,0],[267,622]]
[[0,0],[1,0],[139,622]]
[[0,0],[1,0],[19,622]]
[[0,0],[1,0],[539,622]]
[[0,0],[1,0],[125,622]]
[[0,0],[1,0],[295,622]]
[[0,0],[1,0],[231,622]]
[[0,0],[1,0],[201,622]]
[[0,0],[1,0],[53,622]]
[[0,0],[1,0],[7,622]]
[[0,0],[1,0],[71,622]]
[[0,0],[1,0],[353,622]]
[[0,0],[1,0],[439,622]]
[[0,0],[1,0],[479,622]]
[[0,0],[1,0],[273,622]]
[[0,0],[1,0],[87,622]]
[[0,0],[1,0],[315,622]]
[[0,0],[1,0],[121,622]]
[[0,0],[1,0],[221,622]]
[[0,0],[1,0],[137,622]]
[[0,0],[1,0],[287,622]]
[[0,0],[1,0],[277,622]]
[[0,0],[1,0],[555,622]]
[[0,0],[1,0],[279,622]]
[[0,0],[1,0],[461,622]]
[[0,0],[1,0],[219,622]]
[[0,0],[1,0],[357,622]]
[[0,0],[1,0],[55,622]]
[[0,0],[1,0],[93,622]]
[[0,0],[1,0],[3,622]]
[[0,0],[1,0],[397,622]]
[[0,0],[1,0],[25,622]]
[[0,0],[1,0],[185,622]]
[[0,0],[1,0],[241,622]]
[[0,0],[1,0],[105,622]]
[[0,0],[1,0],[91,622]]
[[0,0],[1,0],[85,622]]
[[0,0],[1,0],[365,622]]
[[0,0],[1,0],[189,622]]
[[0,0],[1,0],[133,622]]
[[0,0],[1,0],[281,622]]
[[0,0],[1,0],[361,622]]
[[0,0],[1,0],[195,622]]
[[0,0],[1,0],[151,622]]
[[0,0],[1,0],[533,622]]
[[0,0],[1,0],[171,622]]
[[0,0],[1,0],[285,622]]
[[0,0],[1,0],[373,622]]
[[0,0],[1,0],[393,622]]
[[0,0],[1,0],[41,622]]
[[0,0],[1,0],[243,622]]
[[0,0],[1,0],[247,622]]
[[0,0],[1,0],[543,622]]
[[0,0],[1,0],[107,622]]
[[0,0],[1,0],[213,622]]
[[0,0],[1,0],[75,622]]
[[0,0],[1,0],[63,622]]
[[0,0],[1,0],[17,622]]
[[0,0],[1,0],[39,622]]
[[0,0],[1,0],[215,622]]
[[0,0],[1,0],[205,622]]
[[0,0],[1,0],[313,622]]
[[0,0],[1,0],[23,622]]
[[0,0],[1,0],[35,622]]
[[0,0],[1,0],[15,622]]
[[0,0],[1,0],[127,622]]
[[0,0],[1,0],[303,622]]
[[0,0],[1,0],[259,622]]
[[0,0],[1,0],[253,622]]
[[0,0],[1,0],[199,622]]
[[0,0],[1,0],[163,622]]
[[0,0],[1,0],[49,622]]
[[0,0],[1,0],[413,622]]
[[0,0],[1,0],[211,622]]
[[0,0],[1,0],[37,622]]
[[0,0],[1,0],[233,622]]
[[0,0],[1,0],[561,622]]
[[0,0],[1,0],[11,622]]
[[0,0],[1,0],[339,622]]
[[0,0],[1,0],[159,622]]
[[0,0],[1,0],[157,622]]
[[0,0],[1,0],[153,622]]
[[0,0],[1,0],[175,622]]
[[0,0],[1,0],[5,622]]
[[0,0],[1,0],[57,622]]
[[0,0],[1,0],[21,622]]
[[0,0],[1,0],[43,622]]
[[0,0],[1,0],[405,622]]
[[0,0],[1,0],[47,622]]
[[0,0],[1,0],[45,622]]
[[0,0],[1,0],[359,622]]
[[0,0],[1,0],[325,622]]
[[0,0],[1,0],[165,622]]
[[0,0],[1,0],[503,622]]
[[0,0],[1,0],[481,622]]
[[0,0],[1,0],[347,622]]
[[0,0],[1,0],[491,622]]
[[0,0],[1,0],[113,622]]
[[0,0],[1,0],[33,622]]
[[0,0],[1,0],[181,622]]
[[0,0],[1,0],[123,622]]
[[0,0],[1,0],[135,622]]
[[0,0],[1,0],[383,622]]
[[0,0],[1,0],[109,622]]
[[0,0],[1,0],[149,622]]
[[0,0],[1,0],[155,622]]
[[0,0],[1,0],[173,622]]
[[0,0],[1,0],[193,622]]
[[0,0],[1,0],[31,622]]
[[0,0],[1,0],[99,622]]
[[0,0],[1,0],[129,622]]
[[0,0],[1,0],[167,622]]
[[0,0],[1,0],[323,622]]
[[0,0],[1,0],[101,622]]
[[0,0],[1,0],[81,622]]
[[0,0],[1,0],[103,622]]
[[0,0],[1,0],[621,622]]
[[0,0],[1,0],[317,622]]
[[0,0],[1,0],[321,622]]
[[0,0],[1,0],[331,622]]
[[0,0],[1,0],[289,622]]
[[0,0],[1,0],[197,622]]
[[0,0],[1,0],[73,622]]
[[0,0],[1,0],[59,622]]
[[0,0],[1,0],[312,622]]
[[0,0],[1,0],[1,622]]
[[0,0],[1,0],[371,622]]
[[0,0],[1,0],[385,622]]
[[0,0],[1,0],[97,622]]
[[0,0],[1,0],[255,622]]
[[0,0],[1,0],[187,622]]
[[0,0],[1,0],[203,622]]
[[0,0],[1,0],[65,622]]
[[0,0],[1,0],[77,622]]
[[0,0],[1,0],[169,622]]
[[0,0],[1,0],[443,622]]
[[0,0],[1,0],[293,622]]
[[0,0],[1,0],[191,622]]
[[0,0],[1,0],[13,622]]
[[0,0],[1,0],[207,622]]
[[0,0],[1,0],[9,622]]
[[0,0],[1,0],[445,622]]
[[0,0],[1,0],[387,622]]
[[0,0],[1,0],[351,622]]
[[0,0],[1,0],[115,622]]
[[0,0],[1,0],[29,622]]
[[0,0],[1,0],[147,622]]
[[0,0],[1,0],[227,622]]
[[0,0],[1,0],[245,622]]
[[0,0],[1,0],[27,622]]
[[0,0],[1,0],[95,622]]
[[0,0],[1,0],[117,622]]
[[0,0],[1,0],[51,622]]
[[0,0],[1,0],[145,622]]
