[[0,0],[1,0],[199,624]]
[[0,0],[1,0],[66,624]]
[[0,0],[3,0],[172,208]]
[[0,0],[2,0],[288,312]]
[[0,0],[1,0],[501,624]]
[[0,0],[1,0],[181,624]]
[[0,0],[1,0],[201,624]]
[[0,0],[2,0],[92,312]]
[[0,0],[1,0],[154,624]]
[[0,0],[2,0],[2,312]]
[[0,0],[1,0],[482,624]]
[[0,0],[2,0],[170,312]]
[[0,0],[4,0],[4,156]]
[[0,0],[1,0],[381,624]]
[[0,0],[1,0],[183,624]]
[[0,0],[1,0],[281,624]]
[[0,0],[1,0],[131,624]]
[[0,0],[1,0],[101,624]]
[[0,0],[3,0],[68,208]]
[[0,0],[1,0],[222,624]]
[[0,0],[1,0],[31,624]]
[[0,0],[1,0],[441,624]]
[[0,0],[1,0],[269,624]]
[[0,0],[1,0],[248,624]]
[[0,0],[2,0],[308,312]]
[[0,0],[1,0],[454,624]]
[[0,0],[1,0],[421,624]]
[[0,0],[1,0],[149,624]]
[[0,0],[2,0],[86,312]]
[[0,0],[1,0],[521,624]]
[[0,0],[1,0],[612,624]]
[[0,0],[1,0],[574,624]]
[[0,0],[1,0],[359,624]]
[[0,0],[1,0],[225,624]]
[[0,0],[1,0],[53,624]]
[[0,0],[2,0],[114,312]]
[[0,0],[1,0],[321,624]]
[[0,0],[1,0],[11,624]]
[[0,0],[2,0],[34,312]]
[[0,0],[1,0],[245,624]]
[[0,0],[1,0],[297,624]]
[[0,0],[1,0],[121,624]]
[[0,0],[2,0],[14,312]]
[[0,0],[1,0],[118,624]]
[[0,0],[1,0],[178,624]]
[[0,0],[1,0],[418,624]]
[[0,0],[1,0],[161,624]]
[[0,0],[2,0],[50,312]]
[[0,0],[1,0],[465,624]]
[[0,0],[1,0],[369,624]]
[[0,0],[2,0],[212,312]]
[[0,0],[1,0],[352,624]]
[[0,0],[1,0],[259,624]]
[[0,0],[1,0],[34,624]]
[[0,0],[1,0],[41,624]]
[[0,0],[1,0],[397,624]]
[[0,0],[2,0],[38,312]]
[[0,0],[1,0],[45,624]]
[[0,0],[1,0],[345,624]]
[[0,0],[1,0],[250,624]]
[[0,0],[1,0],[37,624]]
[[0,0],[1,0],[113,624]]
[[0,0],[1,0],[586,624]]
[[0,0],[4,0],[76,156]]
[[0,0],[1,0],[395,624]]
[[0,0],[1,0],[508,624]]
[[0,0],[1,0],[481,624]]
[[0,0],[2,0],[236,312]]
[[0,0],[1,0],[70,624]]
[[0,0],[1,0],[10,624]]
[[0,0],[4,0],[64,156]]
[[0,0],[2,0],[82,312]]
[[0,0],[1,0],[623,624]]
[[0,0],[4,0],[100,156]]
[[0,0],[1,0],[93,624]]
[[0,0],[1,0],[17,624]]
[[0,0],[1,0],[333,624]]
[[0,0],[1,0],[127,624]]
[[0,0],[2,0],[282,312]]
[[0,0],[2,0],[106,312]]
[[0,0],[1,0],[339,624]]
[[0,0],[2,0],[22,312]]
[[0,0],[2,0],[93,312]]
[[0,0],[1,0],[157,624]]
[[0,0],[2,0],[42,312]]
[[0,0],[1,0],[85,624]]
[[0,0],[2,0],[310,312]]
[[0,0],[1,0],[145,624]]
[[0,0],[1,0],[609,624]]
[[0,0],[1,0],[71,624]]
[[0,0],[1,0],[358,624]]
[[0,0],[1,0],[23,624]]
[[0,0],[1,0],[466,624]]
[[0,0],[1,0],[27,624]]
[[0,0],[1,0],[170,624]]
[[0,0],[1,0],[209,624]]
[[0,0],[1,0],[190,624]]
[[0,0],[2,0],[171,312]]
[[0,0],[2,0],[162,312]]
[[0,0],[1,0],[478,624]]
[[0,0],[1,0],[305,624]]
[[0,0],[1,0],[573,624]]
[[0,0],[1,0],[298,624]]
[[0,0],[1,0],[311,624]]
[[0,0],[1,0],[65,624]]
[[0,0],[1,0],[310,624]]
[[0,0],[2,0],[210,312]]
[[0,0],[1,0],[262,624]]
[[0,0],[1,0],[49,624]]
[[0,0],[1,0],[309,624]]
[[0,0],[1,0],[47,624]]
[[0,0],[1,0],[89,624]]
[[0,0],[1,0],[337,624]]
[[0,0],[2,0],[138,312]]
[[0,0],[1,0],[175,624]]
[[0,0],[2,0],[118,312]]
[[0,0],[1,0],[404,624]]
[[0,0],[1,0],[103,624]]
[[0,0],[1,0],[226,624]]
[[0,0],[1,0],[151,624]]
[[0,0],[1,0],[1,624]]
[[0,0],[1,0],[237,624]]
[[0,0],[1,0],[349,624]]
[[0,0],[1,0],[153,624]]
[[0,0],[1,0],[406,624]]
[[0,0],[1,0],[92,624]]
[[0,0],[3,0],[120,208]]
[[0,0],[4,0],[124,156]]
[[0,0],[1,0],[393,624]]
[[0,0],[1,0],[191,624]]
[[0,0],[4,0],[30,156]]
[[0,0],[1,0],[550,624]]
[[0,0],[2,0],[154,312]]
[[0,0],[1,0],[40,624]]
[[0,0],[3,0],[195,208]]
[[0,0],[2,0],[206,312]]
[[0,0],[6,0],[32,104]]
[[0,0],[1,0],[81,624]]
[[0,0],[1,0],[197,624]]
[[0,0],[1,0],[599,624]]
[[0,0],[1,0],[59,624]]
[[0,0],[1,0],[289,624]]
[[0,0],[1,0],[499,624]]
[[0,0],[1,0],[430,624]]
[[0,0],[1,0],[621,624]]
[[0,0],[1,0],[196,624]]
[[0,0],[1,0],[46,624]]
[[0,0],[1,0],[179,624]]
[[0,0],[1,0],[431,624]]
[[0,0],[1,0],[5,624]]
[[0,0],[1,0],[163,624]]
[[0,0],[1,0],[513,624]]
[[0,0],[1,0],[489,624]]
[[0,0],[1,0],[25,624]]
[[0,0],[1,0],[300,624]]
[[0,0],[1,0],[385,624]]
[[0,0],[2,0],[54,312]]
[[0,0],[1,0],[94,624]]
[[0,0],[1,0],[514,624]]
[[0,0],[1,0],[491,624]]
[[0,0],[1,0],[382,624]]
[[0,0],[4,0],[56,156]]
[[0,0],[1,0],[353,624]]
[[0,0],[2,0],[15,312]]
[[0,0],[1,0],[457,624]]
[[0,0],[1,0],[214,624]]
[[0,0],[1,0],[274,624]]
[[0,0],[2,0],[122,312]]
[[0,0],[1,0],[367,624]]
[[0,0],[1,0],[378,624]]
[[0,0],[1,0],[391,624]]
[[0,0],[1,0],[233,624]]
[[0,0],[1,0],[73,624]]
[[0,0],[2,0],[258,312]]
[[0,0],[1,0],[317,624]]
[[0,0],[4,0],[20,156]]
[[0,0],[1,0],[495,624]]
[[0,0],[1,0],[165,624]]
[[0,0],[1,0],[357,624]]
[[0,0],[1,0],[29,624]]
[[0,0],[1,0],[19,624]]
[[0,0],[1,0],[477,624]]
[[0,0],[1,0],[33,624]]
[[0,0],[1,0],[58,624]]
[[0,0],[2,0],[10,312]]
[[0,0],[1,0],[22,624]]
[[0,0],[1,0],[534,624]]
[[0,0],[2,0],[70,312]]
[[0,0],[2,0],[116,312]]
[[0,0],[1,0],[67,624]]
[[0,0],[1,0],[326,624]]
[[0,0],[2,0],[80,312]]
[[0,0],[1,0],[55,624]]
[[0,0],[1,0],[61,624]]
[[0,0],[1,0],[129,624]]
[[0,0],[2,0],[146,312]]
[[0,0],[2,0],[98,312]]
[[0,0],[1,0],[141,624]]
[[0,0],[1,0],[323,624]]
[[0,0],[1,0],[622,624]]
[[0,0],[1,0],[545,624]]
[[0,0],[1,0],[213,624]]
[[0,0],[1,0],[9,624]]
[[0,0],[2,0],[74,312]]
[[0,0],[1,0],[109,624]]
[[0,0],[1,0],[21,624]]
[[0,0],[1,0],[347,624]]
[[0,0],[1,0],[14,624]]
[[0,0],[4,0],[108,156]]
[[0,0],[2,0],[186,312]]
[[0,0],[1,0],[526,624]]
[[0,0],[1,0],[35,624]]
[[0,0],[1,0],[43,624]]
[[0,0],[2,0],[46,312]]
[[0,0],[1,0],[313,624]]
[[0,0],[2,0],[158,312]]
[[0,0],[1,0],[383,624]]
[[0,0],[1,0],[83,624]]
[[0,0],[1,0],[285,624]]
[[0,0],[2,0],[284,312]]
[[0,0],[1,0],[409,624]]
[[0,0],[2,0],[188,312]]
[[0,0],[1,0],[169,624]]
[[0,0],[1,0],[453,624]]
[[0,0],[1,0],[370,624]]
[[0,0],[1,0],[394,624]]
[[0,0],[1,0],[346,624]]
[[0,0],[2,0],[110,312]]
[[0,0],[1,0],[329,624]]
[[0,0],[1,0],[487,624]]
[[0,0],[1,0],[334,624]]
[[0,0],[2,0],[20,312]]
[[0,0],[1,0],[166,624]]
[[0,0],[1,0],[283,624]]
[[0,0],[2,0],[18,312]]
[[0,0],[1,0],[261,624]]
[[0,0],[1,0],[187,624]]
[[0,0],[2,0],[249,312]]
[[0,0],[2,0],[66,312]]
[[0,0],[1,0],[79,624]]
[[0,0],[1,0],[235,624]]
[[0,0],[1,0],[517,624]]
[[0,0],[4,0],[16,156]]
[[0,0],[1,0],[95,624]]
[[0,0],[1,0],[115,624]]
[[0,0],[1,0],[82,624]]
[[0,0],[4,0],[68,156]]
[[0,0],[2,0],[68,312]]
[[0,0],[1,0],[119,624]]
[[0,0],[1,0],[263,624]]
[[0,0],[1,0],[502,624]]
[[0,0],[1,0],[415,624]]
[[0,0],[2,0],[262,312]]
[[0,0],[1,0],[538,624]]
[[0,0],[1,0],[562,624]]
[[0,0],[1,0],[202,624]]
[[0,0],[2,0],[132,312]]
[[0,0],[2,0],[90,312]]
[[0,0],[2,0],[62,312]]
[[0,0],[1,0],[223,624]]
[[0,0],[2,0],[58,312]]
[[0,0],[1,0],[373,624]]
[[0,0],[1,0],[185,624]]
[[0,0],[1,0],[177,624]]
[[0,0],[1,0],[69,624]]
[[0,0],[1,0],[77,624]]
[[0,0],[4,0],[8,156]]
[[0,0],[1,0],[537,624]]
[[0,0],[1,0],[155,624]]
[[0,0],[2,0],[178,312]]
[[0,0],[4,0],[28,156]]
[[0,0],[1,0],[217,624]]
[[0,0],[1,0],[189,624]]
[[0,0],[1,0],[249,624]]
[[0,0],[1,0],[561,624]]
[[0,0],[1,0],[97,624]]
[[0,0],[1,0],[139,624]]
[[0,0],[1,0],[238,624]]
[[0,0],[1,0],[549,624]]
[[0,0],[1,0],[490,624]]
[[0,0],[1,0],[106,624]]
[[0,0],[1,0],[142,624]]
[[0,0],[1,0],[417,624]]
[[0,0],[1,0],[597,624]]
[[0,0],[2,0],[28,312]]
[[0,0],[1,0],[525,624]]
[[0,0],[2,0],[306,312]]
[[0,0],[1,0],[413,624]]
[[0,0],[2,0],[184,312]]
[[0,0],[1,0],[57,624]]
[[0,0],[1,0],[322,624]]
[[0,0],[1,0],[293,624]]
[[0,0],[1,0],[610,624]]
[[0,0],[2,0],[94,312]]
[[0,0],[2,0],[44,312]]
[[0,0],[1,0],[287,624]]
[[0,0],[1,0],[451,624]]
[[0,0],[1,0],[105,624]]
[[0,0],[1,0],[371,624]]
[[0,0],[2,0],[140,312]]
[[0,0],[2,0],[164,312]]
[[0,0],[1,0],[205,624]]
[[0,0],[1,0],[405,624]]
[[0,0],[1,0],[7,624]]
