[[0,0],[1,0],[193,626]]
[[0,0],[1,0],[243,626]]
[[0,0],[1,0],[231,626]]
[[0,0],[1,0],[275,626]]
[[0,0],[1,0],[129,626]]
[[0,0],[1,0],[149,626]]
[[0,0],[1,0],[381,626]]
[[0,0],[1,0],[201,626]]
[[0,0],[1,0],[81,626]]
[[0,0],[1,0],[137,626]]
[[0,0],[1,0],[355,626]]
[[0,0],[1,0],[369,626]]
[[0,0],[1,0],[417,626]]
[[0,0],[1,0],[427,626]]
[[0,0],[1,0],[361,626]]
[[0,0],[1,0],[177,626]]
[[0,0],[1,0],[511,626]]
[[0,0],[1,0],[505,626]]
[[0,0],[1,0],[47,626]]
[[0,0],[1,0],[99,626]]
[[0,0],[1,0],[25,626]]
[[0,0],[1,0],[9,626]]
[[0,0],[1,0],[103,626]]
[[0,0],[1,0],[393,626]]
[[0,0],[1,0],[285,626]]
[[0,0],[1,0],[105,626]]
[[0,0],[1,0],[67,626]]
[[0,0],[1,0],[163,626]]
[[0,0],[1,0],[95,626]]
[[0,0],[1,0],[51,626]]
[[0,0],[1,0],[71,626]]
[[0,0],[1,0],[23,626]]
[[0,0],[1,0],[79,626]]
[[0,0],[1,0],[321,626]]
[[0,0],[1,0],[55,626]]
[[0,0],[1,0],[75,626]]
[[0,0],[1,0],[525,626]]
[[0,0],[1,0],[314,626]]
[[0,0],[1,0],[287,626]]
[[0,0],[1,0],[291,626]]
[[0,0],[1,0],[85,626]]
[[0,0],[1,0],[143,626]]
[[0,0],[1,0],[61,626]]
[[0,0],[1,0],[249,626]]
[[0,0],[1,0],[337,626]]
[[0,0],[1,0],[279,626]]
[[0,0],[1,0],[461,626]]
[[0,0],[1,0],[5,626]]
[[0,0],[1,0],[353,626]]
[[0,0],[1,0],[109,626]]
[[0,0],[1,0],[37,626]]
[[0,0],[1,0],[349,626]]
[[0,0],[1,0],[207,626]]
[[0,0],[1,0],[411,626]]
[[0,0],[1,0],[73,626]]
[[0,0],[1,0],[69,626]]
[[0,0],[1,0],[107,626]]
[[0,0],[1,0],[203,626]]
[[0,0],[1,0],[255,626]]
[[0,0],[1,0],[21,626]]
[[0,0],[1,0],[77,626]]
[[0,0],[1,0],[153,626]]
[[0,0],[1,0],[173,626]]
[[0,0],[1,0],[217,626]]
[[0,0],[1,0],[237,626]]
[[0,0],[1,0],[593,626]]
[[0,0],[1,0],[65,626]]
[[0,0],[1,0],[569,626]]
[[0,0],[1,0],[181,626]]
[[0,0],[1,0],[295,626]]
[[0,0],[1,0],[63,626]]
[[0,0],[1,0],[11,626]]
[[0,0],[1,0],[35,626]]
[[0,0],[1,0],[7,626]]
[[0,0],[1,0],[15,626]]
[[0,0],[1,0],[43,626]]
[[0,0],[1,0],[19,626]]
[[0,0],[1,0],[251,626]]
[[0,0],[1,0],[327,626]]
[[0,0],[1,0],[439,626]]
[[0,0],[1,0],[83,626]]
[[0,0],[1,0],[39,626]]
[[0,0],[1,0],[151,626]]
[[0,0],[1,0],[309,626]]
[[0,0],[1,0],[465,626]]
[[0,0],[1,0],[157,626]]
[[0,0],[1,0],[443,626]]
[[0,0],[1,0],[87,626]]
[[0,0],[1,0],[385,626]]
[[0,0],[1,0],[89,626]]
[[0,0],[1,0],[119,626]]
[[0,0],[1,0],[45,626]]
[[0,0],[1,0],[223,626]]
[[0,0],[1,0],[205,626]]
[[0,0],[1,0],[31,626]]
[[0,0],[1,0],[213,626]]
[[0,0],[1,0],[53,626]]
[[0,0],[1,0],[259,626]]
[[0,0],[1,0],[169,626]]
[[0,0],[1,0],[91,626]]
[[0,0],[1,0],[435,626]]
[[0,0],[1,0],[145,626]]
[[0,0],[1,0],[363,626]]
[[0,0],[1,0],[379,626]]
[[0,0],[1,0],[211,626]]
[[0,0],[1,0],[229,626]]
[[0,0],[1,0],[437,626]]
[[0,0],[1,0],[123,626]]
[[0,0],[1,0],[529,626]]
[[0,0],[1,0],[405,626]]
[[0,0],[1,0],[41,626]]
[[0,0],[1,0],[147,626]]
[[0,0],[1,0],[267,626]]
[[0,0],[1,0],[219,626]]
[[0,0],[1,0],[133,626]]
[[0,0],[1,0],[29,626]]
[[0,0],[1,0],[261,626]]
[[0,0],[1,0],[93,626]]
[[0,0],[1,0],[467,626]]
[[0,0],[1,0],[59,626]]
[[0,0],[1,0],[311,626]]
[[0,0],[1,0],[323,626]]
[[0,0],[1,0],[185,626]]
[[0,0],[1,0],[135,626]]
[[0,0],[1,0],[373,626]]
[[0,0],[1,0],[225,626]]
[[0,0],[1,0],[139,626]]
[[0,0],[1,0],[125,626]]
[[0,0],[1,0],[127,626]]
[[0,0],[1,0],[281,626]]
[[0,0],[1,0],[171,626]]
[[0,0],[1,0],[175,626]]
[[0,0],[1,0],[111,626]]
[[0,0],[1,0],[447,626]]
[[0,0],[1,0],[293,626]]
[[0,0],[1,0],[431,626]]
[[0,0],[1,0],[1,626]]
[[0,0],[1,0],[301,626]]
[[0,0],[1,0],[485,626]]
[[0,0],[1,0],[17,626]]
[[0,0],[1,0],[155,626]]
[[0,0],[1,0],[117,626]]
[[0,0],[1,0],[429,626]]
[[0,0],[1,0],[459,626]]
[[0,0],[1,0],[269,626]]
[[0,0],[1,0],[343,626]]
[[0,0],[1,0],[307,626]]
[[0,0],[1,0],[131,626]]
[[0,0],[1,0],[235,626]]
[[0,0],[1,0],[239,626]]
[[0,0],[1,0],[113,626]]
[[0,0],[1,0],[27,626]]
[[0,0],[1,0],[49,626]]
[[0,0],[1,0],[3,626]]
[[0,0],[1,0],[13,626]]
[[0,0],[1,0],[625,626]]
[[0,0],[1,0],[297,626]]
[[0,0],[1,0],[227,626]]
