[[0,0],[1,0],[243,627]]
[[0,0],[1,0],[331,627]]
[[0,0],[1,0],[381,627]]
[[0,0],[1,0],[427,627]]
[[0,0],[1,0],[20,627]]
[[0,0],[1,0],[177,627]]
[[0,0],[1,0],[28,627]]
[[0,0],[1,0],[97,627]]
[[0,0],[1,0],[26,627]]
[[0,0],[1,0],[406,627]]
[[0,0],[1,0],[74,627]]
[[0,0],[1,0],[178,627]]
[[0,0],[1,0],[25,627]]
[[0,0],[1,0],[136,627]]
[[0,0],[1,0],[544,627]]
[[0,0],[1,0],[14,627]]
[[0,0],[1,0],[103,627]]
[[0,0],[1,0],[67,627]]
[[0,0],[1,0],[163,627]]
[[0,0],[1,0],[328,627]]
[[0,0],[1,0],[472,627]]
[[0,0],[1,0],[571,627]]
[[0,0],[1,0],[8,627]]
[[0,0],[1,0],[454,627]]
[[0,0],[1,0],[210,627]]
[[0,0],[1,0],[540,627]]
[[0,0],[1,0],[23,627]]
[[0,0],[1,0],[124,627]]
[[0,0],[1,0],[79,627]]
[[0,0],[1,0],[262,627]]
[[0,0],[1,0],[226,627]]
[[0,0],[1,0],[287,627]]
[[0,0],[1,0],[85,627]]
[[0,0],[1,0],[263,627]]
[[0,0],[1,0],[61,627]]
[[0,0],[1,0],[478,627]]
[[0,0],[1,0],[250,627]]
[[0,0],[1,0],[337,627]]
[[0,0],[1,0],[320,627]]
[[0,0],[1,0],[274,627]]
[[0,0],[1,0],[325,627]]
[[0,0],[3,0],[22,209]]
[[0,0],[1,0],[5,627]]
[[0,0],[1,0],[606,627]]
[[0,0],[1,0],[142,627]]
[[0,0],[1,0],[109,627]]
[[0,0],[1,0],[34,627]]
[[0,0],[1,0],[37,627]]
[[0,0],[1,0],[191,627]]
[[0,0],[1,0],[56,627]]
[[0,0],[1,0],[238,627]]
[[0,0],[1,0],[101,627]]
[[0,0],[1,0],[73,627]]
[[0,0],[1,0],[134,627]]
[[0,0],[1,0],[107,627]]
[[0,0],[1,0],[573,627]]
[[0,0],[1,0],[203,627]]
[[0,0],[1,0],[77,627]]
[[0,0],[1,0],[153,627]]
[[0,0],[1,0],[82,627]]
[[0,0],[1,0],[217,627]]
[[0,0],[1,0],[16,627]]
[[0,0],[1,0],[244,627]]
[[0,0],[1,0],[52,627]]
[[0,0],[1,0],[122,627]]
[[0,0],[1,0],[295,627]]
[[0,0],[1,0],[96,627]]
[[0,0],[1,0],[376,627]]
[[0,0],[1,0],[35,627]]
[[0,0],[1,0],[375,627]]
[[0,0],[1,0],[7,627]]
[[0,0],[1,0],[118,627]]
[[0,0],[1,0],[324,627]]
[[0,0],[1,0],[474,627]]
[[0,0],[1,0],[43,627]]
[[0,0],[1,0],[419,627]]
[[0,0],[1,0],[115,627]]
[[0,0],[1,0],[463,627]]
[[0,0],[1,0],[94,627]]
[[0,0],[1,0],[4,627]]
[[0,0],[1,0],[104,627]]
[[0,0],[1,0],[144,627]]
[[0,0],[1,0],[438,627]]
[[0,0],[1,0],[556,627]]
[[0,0],[1,0],[214,627]]
[[0,0],[1,0],[39,627]]
[[0,0],[1,0],[151,627]]
[[0,0],[1,0],[309,627]]
[[0,0],[1,0],[80,627]]
[[0,0],[1,0],[283,627]]
[[0,0],[1,0],[490,627]]
[[0,0],[1,0],[172,627]]
[[0,0],[1,0],[89,627]]
[[0,0],[1,0],[403,627]]
[[0,0],[1,0],[298,627]]
[[0,0],[1,0],[119,627]]
[[0,0],[1,0],[45,627]]
[[0,0],[1,0],[223,627]]
[[0,0],[1,0],[100,627]]
[[0,0],[1,0],[31,627]]
[[0,0],[1,0],[53,627]]
[[0,0],[1,0],[46,627]]
[[0,0],[1,0],[116,627]]
[[0,0],[1,0],[169,627]]
[[0,0],[1,0],[305,627]]
[[0,0],[1,0],[91,627]]
[[0,0],[1,0],[145,627]]
[[0,0],[1,0],[62,627]]
[[0,0],[1,0],[316,627]]
[[0,0],[1,0],[184,627]]
[[0,0],[1,0],[379,627]]
[[0,0],[1,0],[188,627]]
[[0,0],[1,0],[211,627]]
[[0,0],[1,0],[289,627]]
[[0,0],[1,0],[286,627]]
[[0,0],[1,0],[202,627]]
[[0,0],[1,0],[529,627]]
[[0,0],[1,0],[362,627]]
[[0,0],[1,0],[254,627]]
[[0,0],[1,0],[41,627]]
[[0,0],[1,0],[50,627]]
[[0,0],[1,0],[267,627]]
[[0,0],[1,0],[133,627]]
[[0,0],[1,0],[334,627]]
[[0,0],[1,0],[70,627]]
[[0,0],[1,0],[68,627]]
[[0,0],[1,0],[29,627]]
[[0,0],[1,0],[241,627]]
[[0,0],[1,0],[59,627]]
[[0,0],[1,0],[2,627]]
[[0,0],[1,0],[367,627]]
[[0,0],[1,0],[313,627]]
[[0,0],[1,0],[139,627]]
[[0,0],[1,0],[276,627]]
[[0,0],[1,0],[208,627]]
[[0,0],[1,0],[125,627]]
[[0,0],[1,0],[106,627]]
[[0,0],[1,0],[441,627]]
[[0,0],[1,0],[507,627]]
[[0,0],[1,0],[78,627]]
[[0,0],[1,0],[609,627]]
[[0,0],[1,0],[277,627]]
[[0,0],[1,0],[111,627]]
[[0,0],[1,0],[466,627]]
[[0,0],[1,0],[10,627]]
[[0,0],[1,0],[265,627]]
[[0,0],[1,0],[1,627]]
[[0,0],[1,0],[170,627]]
[[0,0],[1,0],[148,627]]
[[0,0],[1,0],[17,627]]
[[0,0],[1,0],[40,627]]
[[0,0],[1,0],[452,627]]
[[0,0],[1,0],[199,627]]
[[0,0],[1,0],[552,627]]
[[0,0],[1,0],[343,627]]
[[0,0],[1,0],[412,627]]
[[0,0],[1,0],[32,627]]
[[0,0],[1,0],[235,627]]
[[0,0],[1,0],[12,627]]
[[0,0],[1,0],[408,627]]
[[0,0],[1,0],[58,627]]
[[0,0],[1,0],[49,627]]
[[0,0],[1,0],[13,627]]
[[0,0],[1,0],[310,627]]
