[[0,0],[1,0],[27,629]]
[[0,0],[1,0],[56,629]]
[[0,0],[1,0],[180,629]]
[[0,0],[1,0],[445,629]]
[[0,0],[1,0],[124,629]]
[[0,0],[1,0],[29,629]]
[[0,0],[1,0],[48,629]]
[[0,0],[1,0],[223,629]]
[[0,0],[1,0],[334,629]]
[[0,0],[1,0],[307,629]]
[[0,0],[1,0],[201,629]]
[[0,0],[1,0],[110,629]]
[[0,0],[1,0],[18,629]]
[[0,0],[1,0],[53,629]]
[[0,0],[1,0],[25,629]]
[[0,0],[1,0],[120,629]]
[[0,0],[1,0],[511,629]]
[[0,0],[1,0],[24,629]]
[[0,0],[1,0],[125,629]]
[[0,0],[1,0],[100,629]]
[[0,0],[1,0],[87,629]]
[[0,0],[1,0],[154,629]]
[[0,0],[1,0],[61,629]]
[[0,0],[1,0],[137,629]]
[[0,0],[1,0],[55,629]]
[[0,0],[1,0],[216,629]]
[[0,0],[1,0],[273,629]]
[[0,0],[1,0],[54,629]]
[[0,0],[1,0],[114,629]]
[[0,0],[1,0],[44,629]]
[[0,0],[1,0],[177,629]]
[[0,0],[1,0],[75,629]]
[[0,0],[1,0],[66,629]]
[[0,0],[1,0],[140,629]]
[[0,0],[1,0],[39,629]]
[[0,0],[1,0],[84,629]]
[[0,0],[1,0],[76,629]]
[[0,0],[1,0],[460,629]]
[[0,0],[1,0],[93,629]]
[[0,0],[1,0],[3,629]]
[[0,0],[1,0],[104,629]]
[[0,0],[1,0],[164,629]]
[[0,0],[1,0],[79,629]]
[[0,0],[1,0],[26,629]]
[[0,0],[1,0],[41,629]]
[[0,0],[1,0],[189,629]]
[[0,0],[1,0],[92,629]]
[[0,0],[1,0],[15,629]]
[[0,0],[1,0],[205,629]]
[[0,0],[1,0],[176,629]]
[[0,0],[1,0],[11,629]]
[[0,0],[1,0],[32,629]]
[[0,0],[1,0],[67,629]]
[[0,0],[1,0],[408,629]]
[[0,0],[1,0],[6,629]]
[[0,0],[1,0],[23,629]]
[[0,0],[1,0],[57,629]]
[[0,0],[1,0],[5,629]]
[[0,0],[1,0],[112,629]]
[[0,0],[1,0],[20,629]]
[[0,0],[1,0],[62,629]]
[[0,0],[1,0],[89,629]]
[[0,0],[1,0],[135,629]]
[[0,0],[1,0],[22,629]]
[[0,0],[1,0],[14,629]]
[[0,0],[1,0],[202,629]]
[[0,0],[1,0],[38,629]]
[[0,0],[1,0],[49,629]]
[[0,0],[1,0],[98,629]]
[[0,0],[1,0],[33,629]]
[[0,0],[1,0],[103,629]]
[[0,0],[1,0],[52,629]]
[[0,0],[1,0],[21,629]]
[[0,0],[1,0],[101,629]]
[[0,0],[1,0],[159,629]]
[[0,0],[1,0],[186,629]]
[[0,0],[1,0],[239,629]]
[[0,0],[1,0],[123,629]]
[[0,0],[1,0],[324,629]]
[[0,0],[1,0],[155,629]]
[[0,0],[1,0],[203,629]]
[[0,0],[1,0],[188,629]]
[[0,0],[1,0],[4,629]]
[[0,0],[1,0],[209,629]]
[[0,0],[1,0],[8,629]]
[[0,0],[1,0],[80,629]]
[[0,0],[1,0],[10,629]]
[[0,0],[1,0],[409,629]]
[[0,0],[1,0],[86,629]]
[[0,0],[1,0],[1,629]]
[[0,0],[1,0],[97,629]]
[[0,0],[1,0],[65,629]]
[[0,0],[1,0],[264,629]]
[[0,0],[1,0],[99,629]]
[[0,0],[1,0],[16,629]]
[[0,0],[1,0],[13,629]]
[[0,0],[1,0],[28,629]]
[[0,0],[1,0],[88,629]]
[[0,0],[1,0],[40,629]]
[[0,0],[1,0],[115,629]]
[[0,0],[1,0],[50,629]]
[[0,0],[1,0],[297,629]]
[[0,0],[1,0],[73,629]]
[[0,0],[1,0],[69,629]]
[[0,0],[1,0],[2,629]]
[[0,0],[1,0],[139,629]]
[[0,0],[1,0],[81,629]]
[[0,0],[1,0],[443,629]]
[[0,0],[1,0],[96,629]]
[[0,0],[1,0],[12,629]]
[[0,0],[1,0],[58,629]]
[[0,0],[1,0],[9,629]]
[[0,0],[1,0],[116,629]]
[[0,0],[1,0],[134,629]]
[[0,0],[1,0],[7,629]]
[[0,0],[1,0],[19,629]]
