[[0,0],[1,0],[201,630]]
[[0,0],[1,0],[501,630]]
[[0,0],[1,0],[181,630]]
[[0,0],[1,0],[206,630]]
[[0,0],[2,0],[170,315]]
[[0,0],[1,0],[411,630]]
[[0,0],[1,0],[471,630]]
[[0,0],[1,0],[331,630]]
[[0,0],[1,0],[281,630]]
[[0,0],[1,0],[124,630]]
[[0,0],[1,0],[568,630]]
[[0,0],[1,0],[381,630]]
[[0,0],[1,0],[111,630]]
[[0,0],[1,0],[183,630]]
[[0,0],[1,0],[143,630]]
[[0,0],[2,0],[72,315]]
[[0,0],[1,0],[484,630]]
[[0,0],[1,0],[101,630]]
[[0,0],[1,0],[544,630]]
[[0,0],[1,0],[596,630]]
[[0,0],[1,0],[456,630]]
[[0,0],[3,0],[48,210]]
[[0,0],[1,0],[291,630]]
[[0,0],[1,0],[31,630]]
[[0,0],[2,0],[237,315]]
[[0,0],[2,0],[87,315]]
[[0,0],[1,0],[454,630]]
[[0,0],[2,0],[308,315]]
[[0,0],[1,0],[149,630]]
[[0,0],[1,0],[211,630]]
[[0,0],[3,0],[185,210]]
[[0,0],[1,0],[173,630]]
[[0,0],[1,0],[218,630]]
[[0,0],[2,0],[312,315]]
[[0,0],[1,0],[321,630]]
[[0,0],[1,0],[53,630]]
[[0,0],[2,0],[114,315]]
[[0,0],[1,0],[121,630]]
[[0,0],[1,0],[11,630]]
[[0,0],[1,0],[569,630]]
[[0,0],[1,0],[400,630]]
[[0,0],[1,0],[469,630]]
[[0,0],[1,0],[118,630]]
[[0,0],[1,0],[161,630]]
[[0,0],[1,0],[236,630]]
[[0,0],[1,0],[493,630]]
[[0,0],[3,0],[203,210]]
[[0,0],[1,0],[178,630]]
[[0,0],[1,0],[418,630]]
[[0,0],[1,0],[352,630]]
[[0,0],[1,0],[41,630]]
[[0,0],[1,0],[442,630]]
[[0,0],[1,0],[171,630]]
[[0,0],[1,0],[113,630]]
[[0,0],[1,0],[34,630]]
[[0,0],[1,0],[37,630]]
[[0,0],[7,0],[27,90]]
[[0,0],[1,0],[592,630]]
[[0,0],[1,0],[268,630]]
[[0,0],[3,0],[51,210]]
[[0,0],[1,0],[586,630]]
[[0,0],[1,0],[508,630]]
[[0,0],[2,0],[77,315]]
[[0,0],[1,0],[244,630]]
[[0,0],[1,0],[505,630]]
[[0,0],[1,0],[229,630]]
[[0,0],[1,0],[17,630]]
[[0,0],[2,0],[177,315]]
[[0,0],[2,0],[102,315]]
[[0,0],[1,0],[76,630]]
[[0,0],[1,0],[88,630]]
[[0,0],[2,0],[282,315]]
[[0,0],[3,0],[123,210]]
[[0,0],[1,0],[127,630]]
[[0,0],[2,0],[12,315]]
[[0,0],[1,0],[343,630]]
[[0,0],[3,0],[207,210]]
[[0,0],[1,0],[157,630]]
[[0,0],[2,0],[93,315]]
[[0,0],[1,0],[145,630]]
[[0,0],[2,0],[310,315]]
[[0,0],[1,0],[85,630]]
[[0,0],[1,0],[358,630]]
[[0,0],[1,0],[209,630]]
[[0,0],[1,0],[316,630]]
[[0,0],[1,0],[71,630]]
[[0,0],[1,0],[23,630]]
[[0,0],[1,0],[466,630]]
[[0,0],[1,0],[328,630]]
[[0,0],[3,0],[57,210]]
[[0,0],[1,0],[51,630]]
[[0,0],[1,0],[190,630]]
[[0,0],[1,0],[277,630]]
[[0,0],[1,0],[295,630]]
[[0,0],[1,0],[478,630]]
[[0,0],[1,0],[4,630]]
[[0,0],[1,0],[262,630]]
[[0,0],[1,0],[89,630]]
[[0,0],[1,0],[298,630]]
[[0,0],[1,0],[604,630]]
[[0,0],[1,0],[311,630]]
[[0,0],[1,0],[309,630]]
[[0,0],[1,0],[256,630]]
[[0,0],[1,0],[47,630]]
[[0,0],[1,0],[479,630]]
[[0,0],[2,0],[275,315]]
[[0,0],[5,0],[117,126]]
[[0,0],[2,0],[219,315]]
[[0,0],[1,0],[424,630]]
[[0,0],[1,0],[247,630]]
[[0,0],[1,0],[1,630]]
[[0,0],[1,0],[393,630]]
[[0,0],[1,0],[226,630]]
[[0,0],[1,0],[103,630]]
[[0,0],[1,0],[406,630]]
[[0,0],[1,0],[92,630]]
[[0,0],[1,0],[628,630]]
[[0,0],[1,0],[232,630]]
[[0,0],[3,0],[27,210]]
[[0,0],[1,0],[598,630]]
[[0,0],[1,0],[191,630]]
[[0,0],[2,0],[57,315]]
[[0,0],[3,0],[87,210]]
[[0,0],[1,0],[372,630]]
[[0,0],[1,0],[81,630]]
[[0,0],[1,0],[523,630]]
[[0,0],[1,0],[536,630]]
[[0,0],[1,0],[134,630]]
[[0,0],[1,0],[204,630]]
[[0,0],[3,0],[129,210]]
[[0,0],[3,0],[63,210]]
[[0,0],[1,0],[52,630]]
[[0,0],[1,0],[325,630]]
[[0,0],[1,0],[197,630]]
[[0,0],[1,0],[59,630]]
[[0,0],[2,0],[205,315]]
[[0,0],[1,0],[499,630]]
[[0,0],[3,0],[115,210]]
[[0,0],[1,0],[13,630]]
[[0,0],[3,0],[18,210]]
[[0,0],[1,0],[355,630]]
[[0,0],[1,0],[445,630]]
[[0,0],[1,0],[565,630]]
[[0,0],[1,0],[621,630]]
[[0,0],[1,0],[624,630]]
[[0,0],[1,0],[46,630]]
[[0,0],[2,0],[100,315]]
[[0,0],[1,0],[99,630]]
[[0,0],[1,0],[196,630]]
[[0,0],[1,0],[386,630]]
[[0,0],[3,0],[111,210]]
[[0,0],[1,0],[179,630]]
[[0,0],[2,0],[267,315]]
[[0,0],[1,0],[25,630]]
[[0,0],[1,0],[163,630]]
[[0,0],[2,0],[65,315]]
[[0,0],[3,0],[93,210]]
[[0,0],[1,0],[431,630]]
[[0,0],[1,0],[26,630]]
[[0,0],[1,0],[591,630]]
[[0,0],[1,0],[341,630]]
[[0,0],[3,0],[69,210]]
[[0,0],[1,0],[265,630]]
[[0,0],[1,0],[94,630]]
[[0,0],[1,0],[382,630]]
[[0,0],[2,0],[287,315]]
[[0,0],[3,0],[108,210]]
[[0,0],[1,0],[214,630]]
[[0,0],[1,0],[514,630]]
[[0,0],[1,0],[233,630]]
[[0,0],[1,0],[73,630]]
[[0,0],[1,0],[304,630]]
[[0,0],[1,0],[511,630]]
[[0,0],[1,0],[274,630]]
[[0,0],[1,0],[391,630]]
[[0,0],[2,0],[155,315]]
[[0,0],[1,0],[317,630]]
[[0,0],[1,0],[19,630]]
[[0,0],[1,0],[148,630]]
[[0,0],[1,0],[136,630]]
[[0,0],[1,0],[29,630]]
[[0,0],[1,0],[477,630]]
[[0,0],[1,0],[356,630]]
[[0,0],[1,0],[603,630]]
[[0,0],[5,0],[12,126]]
[[0,0],[1,0],[531,630]]
[[0,0],[5,0],[77,126]]
[[0,0],[1,0],[22,630]]
[[0,0],[1,0],[302,630]]
[[0,0],[1,0],[58,630]]
[[0,0],[1,0],[388,630]]
[[0,0],[1,0],[64,630]]
[[0,0],[1,0],[67,630]]
[[0,0],[1,0],[326,630]]
[[0,0],[1,0],[626,630]]
[[0,0],[1,0],[377,630]]
[[0,0],[1,0],[55,630]]
[[0,0],[1,0],[376,630]]
[[0,0],[1,0],[449,630]]
[[0,0],[3,0],[33,210]]
[[0,0],[1,0],[506,630]]
[[0,0],[1,0],[141,630]]
[[0,0],[5,0],[96,126]]
[[0,0],[1,0],[296,630]]
[[0,0],[1,0],[622,630]]
[[0,0],[1,0],[347,630]]
[[0,0],[1,0],[109,630]]
[[0,0],[1,0],[526,630]]
[[0,0],[3,0],[192,210]]
[[0,0],[1,0],[227,630]]
[[0,0],[1,0],[575,630]]
[[0,0],[1,0],[43,630]]
[[0,0],[1,0],[436,630]]
[[0,0],[2,0],[303,315]]
[[0,0],[1,0],[409,630]]
[[0,0],[1,0],[83,630]]
[[0,0],[1,0],[581,630]]
[[0,0],[3,0],[3,210]]
[[0,0],[1,0],[496,630]]
[[0,0],[1,0],[169,630]]
[[0,0],[1,0],[446,630]]
[[0,0],[1,0],[559,630]]
[[0,0],[2,0],[119,315]]
[[0,0],[1,0],[379,630]]
[[0,0],[2,0],[110,315]]
[[0,0],[1,0],[271,630]]
[[0,0],[1,0],[394,630]]
[[0,0],[1,0],[346,630]]
[[0,0],[2,0],[290,315]]
[[0,0],[3,0],[45,210]]
[[0,0],[2,0],[182,315]]
[[0,0],[1,0],[334,630]]
[[0,0],[1,0],[519,630]]
[[0,0],[1,0],[166,630]]
[[0,0],[2,0],[20,315]]
[[0,0],[1,0],[301,630]]
[[0,0],[1,0],[172,630]]
[[0,0],[1,0],[187,630]]
[[0,0],[1,0],[184,630]]
[[0,0],[1,0],[261,630]]
[[0,0],[1,0],[235,630]]
[[0,0],[1,0],[79,630]]
[[0,0],[1,0],[115,630]]
[[0,0],[1,0],[629,630]]
[[0,0],[1,0],[82,630]]
[[0,0],[1,0],[502,630]]
[[0,0],[2,0],[222,315]]
[[0,0],[2,0],[51,315]]
[[0,0],[2,0],[156,315]]
[[0,0],[1,0],[263,630]]
[[0,0],[1,0],[267,630]]
[[0,0],[1,0],[415,630]]
[[0,0],[1,0],[208,630]]
[[0,0],[3,0],[138,210]]
[[0,0],[1,0],[538,630]]
[[0,0],[1,0],[625,630]]
[[0,0],[1,0],[562,630]]
[[0,0],[2,0],[132,315]]
[[0,0],[1,0],[202,630]]
[[0,0],[1,0],[365,630]]
[[0,0],[1,0],[412,630]]
[[0,0],[3,0],[198,210]]
[[0,0],[3,0],[66,210]]
[[0,0],[1,0],[223,630]]
[[0,0],[1,0],[416,630]]
[[0,0],[1,0],[78,630]]
[[0,0],[1,0],[428,630]]
[[0,0],[1,0],[582,630]]
[[0,0],[3,0],[24,210]]
[[0,0],[1,0],[512,630]]
[[0,0],[1,0],[176,630]]
[[0,0],[1,0],[556,630]]
[[0,0],[1,0],[257,630]]
[[0,0],[1,0],[292,630]]
[[0,0],[1,0],[498,630]]
[[0,0],[1,0],[475,630]]
[[0,0],[1,0],[155,630]]
[[0,0],[3,0],[9,210]]
[[0,0],[1,0],[533,630]]
[[0,0],[1,0],[463,630]]
[[0,0],[1,0],[91,630]]
[[0,0],[1,0],[217,630]]
[[0,0],[1,0],[251,630]]
[[0,0],[3,0],[133,210]]
[[0,0],[1,0],[561,630]]
[[0,0],[1,0],[554,630]]
[[0,0],[1,0],[361,630]]
[[0,0],[2,0],[192,315]]
[[0,0],[1,0],[351,630]]
[[0,0],[1,0],[139,630]]
[[0,0],[6,0],[90,105]]
[[0,0],[1,0],[307,630]]
[[0,0],[1,0],[142,630]]
[[0,0],[1,0],[472,630]]
[[0,0],[3,0],[39,210]]
[[0,0],[1,0],[286,630]]
[[0,0],[1,0],[36,630]]
[[0,0],[1,0],[146,630]]
[[0,0],[1,0],[106,630]]
[[0,0],[1,0],[57,630]]
[[0,0],[1,0],[86,630]]
[[0,0],[1,0],[116,630]]
[[0,0],[1,0],[246,630]]
[[0,0],[1,0],[535,630]]
[[0,0],[1,0],[16,630]]
[[0,0],[1,0],[293,630]]
[[0,0],[1,0],[193,630]]
[[0,0],[1,0],[344,630]]
[[0,0],[3,0],[78,210]]
[[0,0],[1,0],[616,630]]
[[0,0],[1,0],[8,630]]
[[0,0],[1,0],[610,630]]
[[0,0],[2,0],[56,315]]
[[0,0],[1,0],[371,630]]
[[0,0],[2,0],[200,315]]
[[0,0],[1,0],[566,630]]
[[0,0],[1,0],[241,630]]
[[0,0],[1,0],[205,630]]
