[[0,0],[1,0],[124,635]]
[[0,0],[1,0],[29,635]]
[[0,0],[1,0],[291,635]]
[[0,0],[1,0],[144,635]]
[[0,0],[1,0],[9,635]]
[[0,0],[1,0],[7,635]]
[[0,0],[1,0],[71,635]]
[[0,0],[1,0],[27,635]]
[[0,0],[1,0],[74,635]]
[[0,0],[1,0],[416,635]]
[[0,0],[1,0],[72,635]]
[[0,0],[1,0],[24,635]]
[[0,0],[1,0],[61,635]]
[[0,0],[1,0],[509,635]]
[[0,0],[1,0],[301,635]]
[[0,0],[1,0],[18,635]]
[[0,0],[1,0],[201,635]]
[[0,0],[1,0],[132,635]]
[[0,0],[1,0],[133,635]]
[[0,0],[1,0],[152,635]]
[[0,0],[1,0],[221,635]]
[[0,0],[1,0],[216,635]]
[[0,0],[1,0],[44,635]]
[[0,0],[1,0],[281,635]]
[[0,0],[1,0],[143,635]]
[[0,0],[1,0],[76,635]]
[[0,0],[1,0],[93,635]]
[[0,0],[1,0],[177,635]]
[[0,0],[1,0],[271,635]]
[[0,0],[1,0],[446,635]]
[[0,0],[1,0],[311,635]]
[[0,0],[1,0],[243,635]]
[[0,0],[1,0],[64,635]]
[[0,0],[1,0],[3,635]]
[[0,0],[1,0],[84,635]]
[[0,0],[1,0],[82,635]]
[[0,0],[1,0],[26,635]]
[[0,0],[1,0],[66,635]]
[[0,0],[1,0],[39,635]]
[[0,0],[1,0],[92,635]]
[[0,0],[1,0],[456,635]]
[[0,0],[1,0],[36,635]]
[[0,0],[1,0],[151,635]]
[[0,0],[1,0],[91,635]]
[[0,0],[1,0],[236,635]]
[[0,0],[1,0],[108,635]]
[[0,0],[1,0],[37,635]]
[[0,0],[1,0],[67,635]]
[[0,0],[1,0],[521,635]]
[[0,0],[1,0],[6,635]]
[[0,0],[1,0],[156,635]]
[[0,0],[1,0],[211,635]]
[[0,0],[1,0],[176,635]]
[[0,0],[1,0],[63,635]]
[[0,0],[1,0],[32,635]]
[[0,0],[1,0],[11,635]]
[[0,0],[1,0],[23,635]]
[[0,0],[1,0],[17,635]]
[[0,0],[1,0],[168,635]]
[[0,0],[1,0],[426,635]]
[[0,0],[1,0],[83,635]]
[[0,0],[1,0],[43,635]]
[[0,0],[1,0],[276,635]]
[[0,0],[1,0],[22,635]]
[[0,0],[1,0],[401,635]]
[[0,0],[1,0],[62,635]]
[[0,0],[1,0],[141,635]]
[[0,0],[1,0],[89,635]]
[[0,0],[1,0],[109,635]]
[[0,0],[1,0],[33,635]]
[[0,0],[1,0],[49,635]]
[[0,0],[1,0],[38,635]]
[[0,0],[1,0],[186,635]]
[[0,0],[1,0],[157,635]]
[[0,0],[1,0],[14,635]]
[[0,0],[1,0],[167,635]]
[[0,0],[1,0],[131,635]]
[[0,0],[1,0],[52,635]]
[[0,0],[1,0],[21,635]]
[[0,0],[1,0],[101,635]]
[[0,0],[1,0],[136,635]]
[[0,0],[1,0],[128,635]]
[[0,0],[1,0],[158,635]]
[[0,0],[1,0],[8,635]]
[[0,0],[1,0],[46,635]]
[[0,0],[1,0],[181,635]]
[[0,0],[1,0],[206,635]]
[[0,0],[1,0],[331,635]]
[[0,0],[1,0],[4,635]]
[[0,0],[1,0],[326,635]]
[[0,0],[1,0],[226,635]]
[[0,0],[1,0],[174,635]]
[[0,0],[1,0],[506,635]]
[[0,0],[1,0],[94,635]]
[[0,0],[1,0],[123,635]]
[[0,0],[1,0],[1,635]]
[[0,0],[1,0],[13,635]]
[[0,0],[1,0],[371,635]]
[[0,0],[1,0],[31,635]]
[[0,0],[1,0],[28,635]]
[[0,0],[1,0],[86,635]]
[[0,0],[1,0],[207,635]]
[[0,0],[1,0],[166,635]]
[[0,0],[1,0],[34,635]]
[[0,0],[1,0],[99,635]]
[[0,0],[1,0],[12,635]]
[[0,0],[1,0],[501,635]]
[[0,0],[1,0],[366,635]]
[[0,0],[1,0],[81,635]]
[[0,0],[1,0],[466,635]]
[[0,0],[1,0],[251,635]]
[[0,0],[1,0],[58,635]]
[[0,0],[1,0],[16,635]]
[[0,0],[1,0],[341,635]]
[[0,0],[1,0],[111,635]]
[[0,0],[1,0],[255,635]]
[[0,0],[1,0],[2,635]]
[[0,0],[1,0],[266,635]]
[[0,0],[1,0],[51,635]]
[[0,0],[1,0],[59,635]]
[[0,0],[1,0],[73,635]]
[[0,0],[1,0],[476,635]]
[[0,0],[1,0],[126,635]]
[[0,0],[1,0],[191,635]]
[[0,0],[1,0],[217,635]]
[[0,0],[1,0],[116,635]]
[[0,0],[1,0],[146,635]]
[[0,0],[1,0],[19,635]]
[[0,0],[1,0],[351,635]]
[[0,0],[1,0],[56,635]]
