[[0,0],[1,0],[414,637]]
[[0,0],[1,0],[38,637]]
[[0,0],[1,0],[81,637]]
[[0,0],[1,0],[165,637]]
[[0,0],[7,0],[7,91]]
[[0,0],[1,0],[417,637]]
[[0,0],[1,0],[586,637]]
[[0,0],[1,0],[99,637]]
[[0,0],[1,0],[72,637]]
[[0,0],[1,0],[47,637]]
[[0,0],[1,0],[300,637]]
[[0,0],[1,0],[74,637]]
[[0,0],[1,0],[505,637]]
[[0,0],[1,0],[391,637]]
[[0,0],[1,0],[372,637]]
[[0,0],[1,0],[20,637]]
[[0,0],[1,0],[163,637]]
[[0,0],[1,0],[25,637]]
[[0,0],[1,0],[9,637]]
[[0,0],[1,0],[14,637]]
[[0,0],[7,0],[21,91]]
[[0,0],[1,0],[8,637]]
[[0,0],[1,0],[103,637]]
[[0,0],[1,0],[105,637]]
[[0,0],[1,0],[186,637]]
[[0,0],[1,0],[48,637]]
[[0,0],[1,0],[79,637]]
[[0,0],[1,0],[519,637]]
[[0,0],[1,0],[124,637]]
[[0,0],[1,0],[120,637]]
[[0,0],[1,0],[560,637]]
[[0,0],[1,0],[197,637]]
[[0,0],[1,0],[71,637]]
[[0,0],[1,0],[287,637]]
[[0,0],[1,0],[209,637]]
[[0,0],[1,0],[23,637]]
[[0,0],[1,0],[33,637]]
[[0,0],[1,0],[55,637]]
[[0,0],[1,0],[183,637]]
[[0,0],[1,0],[358,637]]
[[0,0],[1,0],[61,637]]
[[0,0],[1,0],[134,637]]
[[0,0],[1,0],[109,637]]
[[0,0],[1,0],[142,637]]
[[0,0],[1,0],[274,637]]
[[0,0],[1,0],[34,637]]
[[0,0],[1,0],[5,637]]
[[0,0],[1,0],[57,637]]
[[0,0],[1,0],[73,637]]
[[0,0],[1,0],[37,637]]
[[0,0],[1,0],[204,637]]
[[0,0],[1,0],[69,637]]
[[0,0],[1,0],[66,637]]
[[0,0],[1,0],[110,637]]
[[0,0],[1,0],[246,637]]
[[0,0],[1,0],[16,637]]
[[0,0],[1,0],[82,637]]
[[0,0],[1,0],[19,637]]
[[0,0],[1,0],[18,637]]
[[0,0],[1,0],[64,637]]
[[0,0],[1,0],[15,637]]
[[0,0],[1,0],[11,637]]
[[0,0],[1,0],[244,637]]
[[0,0],[1,0],[442,637]]
[[0,0],[1,0],[295,637]]
[[0,0],[1,0],[162,637]]
[[0,0],[1,0],[83,637]]
[[0,0],[1,0],[43,637]]
[[0,0],[1,0],[352,637]]
[[0,0],[1,0],[218,637]]
[[0,0],[1,0],[144,637]]
[[0,0],[1,0],[157,637]]
[[0,0],[1,0],[166,637]]
[[0,0],[1,0],[128,637]]
[[0,0],[1,0],[4,637]]
[[0,0],[1,0],[80,637]]
[[0,0],[1,0],[421,637]]
[[0,0],[1,0],[45,637]]
[[0,0],[1,0],[89,637]]
[[0,0],[1,0],[31,637]]
[[0,0],[1,0],[87,637]]
[[0,0],[1,0],[339,637]]
[[0,0],[1,0],[435,637]]
[[0,0],[1,0],[6,637]]
[[0,0],[1,0],[378,637]]
[[0,0],[1,0],[46,637]]
[[0,0],[1,0],[100,637]]
[[0,0],[1,0],[211,637]]
[[0,0],[1,0],[176,637]]
[[0,0],[1,0],[53,637]]
[[0,0],[1,0],[62,637]]
[[0,0],[1,0],[36,637]]
[[0,0],[1,0],[469,637]]
[[0,0],[1,0],[491,637]]
[[0,0],[1,0],[90,637]]
[[0,0],[1,0],[229,637]]
[[0,0],[1,0],[267,637]]
[[0,0],[1,0],[264,637]]
[[0,0],[1,0],[41,637]]
[[0,0],[1,0],[164,637]]
[[0,0],[1,0],[50,637]]
[[0,0],[1,0],[22,637]]
[[0,0],[1,0],[92,637]]
[[0,0],[1,0],[288,637]]
[[0,0],[1,0],[108,637]]
[[0,0],[1,0],[2,637]]
[[0,0],[1,0],[106,637]]
[[0,0],[1,0],[313,637]]
[[0,0],[1,0],[127,637]]
[[0,0],[1,0],[125,637]]
[[0,0],[1,0],[135,637]]
[[0,0],[1,0],[330,637]]
[[0,0],[1,0],[141,637]]
[[0,0],[1,0],[111,637]]
[[0,0],[1,0],[10,637]]
[[0,0],[1,0],[1,637]]
[[0,0],[1,0],[281,637]]
[[0,0],[1,0],[228,637]]
[[0,0],[1,0],[44,637]]
[[0,0],[1,0],[302,637]]
[[0,0],[1,0],[17,637]]
[[0,0],[1,0],[40,637]]
[[0,0],[7,0],[28,91]]
[[0,0],[1,0],[170,637]]
[[0,0],[1,0],[155,637]]
[[0,0],[1,0],[131,637]]
[[0,0],[1,0],[88,637]]
[[0,0],[1,0],[12,637]]
[[0,0],[1,0],[113,637]]
[[0,0],[1,0],[235,637]]
[[0,0],[1,0],[32,637]]
[[0,0],[1,0],[3,637]]
[[0,0],[7,0],[14,91]]
[[0,0],[1,0],[498,637]]
[[0,0],[1,0],[258,637]]
[[0,0],[1,0],[27,637]]
[[0,0],[1,0],[150,637]]
[[0,0],[1,0],[24,637]]
