[[0,0],[1,0],[76,639]]
[[0,0],[1,0],[38,639]]
[[0,0],[3,0],[18,213]]
[[0,0],[1,0],[146,639]]
[[0,0],[1,0],[72,639]]
[[0,0],[1,0],[97,639]]
[[0,0],[1,0],[511,639]]
[[0,0],[1,0],[149,639]]
[[0,0],[1,0],[28,639]]
[[0,0],[1,0],[47,639]]
[[0,0],[1,0],[136,639]]
[[0,0],[1,0],[26,639]]
[[0,0],[1,0],[505,639]]
[[0,0],[1,0],[20,639]]
[[0,0],[1,0],[496,639]]
[[0,0],[1,0],[25,639]]
[[0,0],[3,0],[12,213]]
[[0,0],[1,0],[67,639]]
[[0,0],[1,0],[163,639]]
[[0,0],[1,0],[544,639]]
[[0,0],[1,0],[328,639]]
[[0,0],[1,0],[178,639]]
[[0,0],[1,0],[285,639]]
[[0,0],[1,0],[14,639]]
[[0,0],[1,0],[8,639]]
[[0,0],[1,0],[454,639]]
[[0,0],[3,0],[6,213]]
[[0,0],[1,0],[103,639]]
[[0,0],[1,0],[451,639]]
[[0,0],[3,0],[3,213]]
[[0,0],[1,0],[79,639]]
[[0,0],[1,0],[571,639]]
[[0,0],[1,0],[197,639]]
[[0,0],[1,0],[209,639]]
[[0,0],[1,0],[23,639]]
[[0,0],[3,0],[9,213]]
[[0,0],[1,0],[143,639]]
[[0,0],[1,0],[61,639]]
[[0,0],[1,0],[55,639]]
[[0,0],[3,0],[21,213]]
[[0,0],[1,0],[337,639]]
[[0,0],[1,0],[250,639]]
[[0,0],[1,0],[85,639]]
[[0,0],[1,0],[121,639]]
[[0,0],[1,0],[56,639]]
[[0,0],[1,0],[109,639]]
[[0,0],[1,0],[271,639]]
[[0,0],[1,0],[325,639]]
[[0,0],[1,0],[280,639]]
[[0,0],[1,0],[5,639]]
[[0,0],[1,0],[34,639]]
[[0,0],[1,0],[73,639]]
[[0,0],[1,0],[37,639]]
[[0,0],[1,0],[107,639]]
[[0,0],[1,0],[101,639]]
[[0,0],[1,0],[607,639]]
[[0,0],[1,0],[77,639]]
[[0,0],[1,0],[110,639]]
[[0,0],[1,0],[382,639]]
[[0,0],[1,0],[35,639]]
[[0,0],[1,0],[217,639]]
[[0,0],[1,0],[16,639]]
[[0,0],[1,0],[152,639]]
[[0,0],[1,0],[574,639]]
[[0,0],[1,0],[517,639]]
[[0,0],[1,0],[118,639]]
[[0,0],[1,0],[82,639]]
[[0,0],[1,0],[115,639]]
[[0,0],[1,0],[19,639]]
[[0,0],[1,0],[52,639]]
[[0,0],[1,0],[256,639]]
[[0,0],[1,0],[11,639]]
[[0,0],[3,0],[24,213]]
[[0,0],[1,0],[181,639]]
[[0,0],[1,0],[43,639]]
[[0,0],[1,0],[214,639]]
[[0,0],[1,0],[356,639]]
[[0,0],[1,0],[7,639]]
[[0,0],[3,0],[51,213]]
[[0,0],[1,0],[319,639]]
[[0,0],[1,0],[556,639]]
[[0,0],[1,0],[196,639]]
[[0,0],[1,0],[157,639]]
[[0,0],[1,0],[385,639]]
[[0,0],[1,0],[4,639]]
[[0,0],[1,0],[403,639]]
[[0,0],[1,0],[166,639]]
[[0,0],[1,0],[445,639]]
[[0,0],[1,0],[439,639]]
[[0,0],[1,0],[172,639]]
[[0,0],[1,0],[151,639]]
[[0,0],[1,0],[247,639]]
[[0,0],[1,0],[89,639]]
[[0,0],[1,0],[223,639]]
[[0,0],[1,0],[259,639]]
[[0,0],[1,0],[205,639]]
[[0,0],[1,0],[31,639]]
[[0,0],[1,0],[158,639]]
[[0,0],[1,0],[145,639]]
[[0,0],[1,0],[119,639]]
[[0,0],[1,0],[100,639]]
[[0,0],[1,0],[184,639]]
[[0,0],[1,0],[46,639]]
[[0,0],[1,0],[187,639]]
[[0,0],[1,0],[176,639]]
[[0,0],[1,0],[154,639]]
[[0,0],[1,0],[53,639]]
[[0,0],[1,0],[140,639]]
[[0,0],[1,0],[91,639]]
[[0,0],[1,0],[253,639]]
[[0,0],[1,0],[62,639]]
[[0,0],[1,0],[202,639]]
[[0,0],[3,0],[15,213]]
[[0,0],[1,0],[70,639]]
[[0,0],[1,0],[286,639]]
[[0,0],[1,0],[475,639]]
[[0,0],[1,0],[229,639]]
[[0,0],[1,0],[334,639]]
[[0,0],[1,0],[22,639]]
[[0,0],[1,0],[50,639]]
[[0,0],[1,0],[92,639]]
[[0,0],[3,0],[69,213]]
[[0,0],[1,0],[133,639]]
[[0,0],[3,0],[48,213]]
[[0,0],[3,0],[66,213]]
[[0,0],[1,0],[559,639]]
[[0,0],[1,0],[2,639]]
[[0,0],[1,0],[106,639]]
[[0,0],[1,0],[127,639]]
[[0,0],[1,0],[373,639]]
[[0,0],[1,0],[502,639]]
[[0,0],[1,0],[175,639]]
[[0,0],[1,0],[139,639]]
[[0,0],[1,0],[208,639]]
[[0,0],[1,0],[1,639]]
[[0,0],[1,0],[10,639]]
[[0,0],[1,0],[44,639]]
[[0,0],[1,0],[17,639]]
[[0,0],[1,0],[457,639]]
[[0,0],[1,0],[130,639]]
[[0,0],[1,0],[265,639]]
[[0,0],[1,0],[277,639]]
[[0,0],[1,0],[307,639]]
[[0,0],[1,0],[155,639]]
[[0,0],[1,0],[88,639]]
[[0,0],[1,0],[131,639]]
[[0,0],[1,0],[148,639]]
[[0,0],[1,0],[424,639]]
[[0,0],[1,0],[199,639]]
[[0,0],[1,0],[235,639]]
[[0,0],[1,0],[49,639]]
[[0,0],[1,0],[58,639]]
[[0,0],[1,0],[433,639]]
[[0,0],[1,0],[498,639]]
[[0,0],[1,0],[98,639]]
[[0,0],[1,0],[310,639]]
[[0,0],[3,0],[63,213]]
[[0,0],[1,0],[193,639]]
[[0,0],[1,0],[13,639]]
