[[0,0],[1,0],[63,64]]
[[0,0],[2,0],[6,32]]
[[0,0],[8,0],[0,8]]
[[0,0],[2,0],[14,32]]
[[0,0],[1,0],[1,64]]
[[0,0],[2,0],[2,32]]
[[0,0],[1,0],[15,64]]
[[0,0],[1,0],[31,64]]
[[0,0],[1,0],[17,64]]
[[0,0],[1,0],[19,64]]
[[0,0],[1,0],[5,64]]
[[0,0],[1,0],[3,64]]
[[0,0],[1,0],[11,64]]
[[0,0],[1,0],[9,64]]
[[0,0],[1,0],[25,64]]
[[0,0],[1,0],[21,64]]
[[0,0],[1,0],[23,64]]
[[0,0],[1,0],[33,64]]
[[0,0],[2,0],[10,32]]
[[0,0],[4,0],[12,16]]
[[0,0],[1,0],[29,64]]
[[0,0],[1,0],[37,64]]
[[0,0],[1,0],[51,64]]
[[0,0],[4,0],[4,16]]
[[0,0],[2,0],[30,32]]
[[0,0],[1,0],[7,64]]
[[0,0],[2,0],[18,32]]
