[[0,0],[1,0],[38,643]]
[[0,0],[1,0],[7,643]]
[[0,0],[1,0],[25,643]]
[[0,0],[1,0],[122,643]]
[[0,0],[1,0],[36,643]]
[[0,0],[1,0],[61,643]]
[[0,0],[1,0],[112,643]]
[[0,0],[1,0],[231,643]]
[[0,0],[1,0],[73,643]]
[[0,0],[1,0],[16,643]]
[[0,0],[1,0],[8,643]]
[[0,0],[1,0],[58,643]]
[[0,0],[1,0],[12,643]]
[[0,0],[1,0],[94,643]]
[[0,0],[1,0],[6,643]]
[[0,0],[1,0],[43,643]]
[[0,0],[1,0],[13,643]]
[[0,0],[1,0],[64,643]]
[[0,0],[1,0],[54,643]]
[[0,0],[1,0],[27,643]]
[[0,0],[1,0],[51,643]]
[[0,0],[1,0],[138,643]]
[[0,0],[1,0],[48,643]]
[[0,0],[1,0],[62,643]]
[[0,0],[1,0],[34,643]]
[[0,0],[1,0],[18,643]]
[[0,0],[1,0],[173,643]]
[[0,0],[1,0],[279,643]]
[[0,0],[1,0],[72,643]]
[[0,0],[1,0],[234,643]]
[[0,0],[1,0],[185,643]]
[[0,0],[1,0],[5,643]]
[[0,0],[1,0],[70,643]]
[[0,0],[1,0],[119,643]]
[[0,0],[1,0],[37,643]]
[[0,0],[1,0],[129,643]]
[[0,0],[1,0],[59,643]]
[[0,0],[1,0],[97,643]]
[[0,0],[1,0],[35,643]]
[[0,0],[1,0],[166,643]]
[[0,0],[1,0],[56,643]]
[[0,0],[1,0],[44,643]]
[[0,0],[1,0],[80,643]]
[[0,0],[1,0],[42,643]]
[[0,0],[1,0],[45,643]]
[[0,0],[1,0],[15,643]]
[[0,0],[1,0],[57,643]]
[[0,0],[1,0],[189,643]]
[[0,0],[1,0],[66,643]]
[[0,0],[1,0],[41,643]]
[[0,0],[1,0],[21,643]]
[[0,0],[1,0],[53,643]]
[[0,0],[1,0],[98,643]]
[[0,0],[1,0],[4,643]]
[[0,0],[1,0],[114,643]]
[[0,0],[1,0],[159,643]]
[[0,0],[1,0],[116,643]]
[[0,0],[1,0],[102,643]]
[[0,0],[1,0],[23,643]]
[[0,0],[1,0],[103,643]]
[[0,0],[1,0],[160,643]]
[[0,0],[1,0],[113,643]]
[[0,0],[1,0],[89,643]]
[[0,0],[1,0],[33,643]]
[[0,0],[1,0],[188,643]]
[[0,0],[1,0],[81,643]]
[[0,0],[1,0],[121,643]]
[[0,0],[1,0],[71,643]]
[[0,0],[1,0],[55,643]]
[[0,0],[1,0],[198,643]]
[[0,0],[1,0],[14,643]]
[[0,0],[1,0],[24,643]]
[[0,0],[1,0],[74,643]]
[[0,0],[1,0],[17,643]]
[[0,0],[1,0],[2,643]]
[[0,0],[1,0],[1,643]]
[[0,0],[1,0],[165,643]]
[[0,0],[1,0],[60,643]]
[[0,0],[1,0],[177,643]]
[[0,0],[1,0],[50,643]]
[[0,0],[1,0],[115,643]]
[[0,0],[1,0],[77,643]]
[[0,0],[1,0],[88,643]]
[[0,0],[1,0],[85,643]]
[[0,0],[1,0],[22,643]]
[[0,0],[1,0],[11,643]]
[[0,0],[1,0],[20,643]]
[[0,0],[1,0],[49,643]]
[[0,0],[1,0],[86,643]]
[[0,0],[1,0],[82,643]]
[[0,0],[1,0],[3,643]]
[[0,0],[1,0],[32,643]]
[[0,0],[1,0],[87,643]]
[[0,0],[1,0],[26,643]]
[[0,0],[1,0],[65,643]]
[[0,0],[1,0],[52,643]]
[[0,0],[1,0],[154,643]]
[[0,0],[1,0],[69,643]]
[[0,0],[1,0],[10,643]]
[[0,0],[1,0],[31,643]]
[[0,0],[1,0],[63,643]]
[[0,0],[1,0],[30,643]]
[[0,0],[1,0],[120,643]]
[[0,0],[1,0],[19,643]]
[[0,0],[1,0],[130,643]]
[[0,0],[1,0],[178,643]]
[[0,0],[1,0],[9,643]]
[[0,0],[1,0],[79,643]]
[[0,0],[1,0],[78,643]]
