[[0,0],[1,0],[624,644]]
[[0,0],[1,0],[393,644]]
[[0,0],[2,0],[104,322]]
[[0,0],[1,0],[36,644]]
[[0,0],[1,0],[477,644]]
[[0,0],[1,0],[254,644]]
[[0,0],[2,0],[26,322]]
[[0,0],[1,0],[285,644]]
[[0,0],[1,0],[11,644]]
[[0,0],[1,0],[297,644]]
[[0,0],[1,0],[457,644]]
[[0,0],[1,0],[283,644]]
[[0,0],[1,0],[513,644]]
[[0,0],[1,0],[253,644]]
[[0,0],[1,0],[45,644]]
[[0,0],[1,0],[155,644]]
[[0,0],[2,0],[198,322]]
[[0,0],[1,0],[553,644]]
[[0,0],[1,0],[479,644]]
[[0,0],[1,0],[139,644]]
[[0,0],[1,0],[120,644]]
[[0,0],[1,0],[484,644]]
[[0,0],[1,0],[149,644]]
[[0,0],[4,0],[119,161]]
[[0,0],[1,0],[103,644]]
[[0,0],[1,0],[157,644]]
[[0,0],[2,0],[16,322]]
[[0,0],[1,0],[246,644]]
[[0,0],[1,0],[330,644]]
[[0,0],[1,0],[193,644]]
[[0,0],[1,0],[39,644]]
[[0,0],[1,0],[70,644]]
[[0,0],[1,0],[141,644]]
[[0,0],[1,0],[305,644]]
[[0,0],[2,0],[74,322]]
[[0,0],[1,0],[75,644]]
[[0,0],[1,0],[153,644]]
[[0,0],[1,0],[50,644]]
[[0,0],[1,0],[526,644]]
[[0,0],[1,0],[515,644]]
[[0,0],[1,0],[67,644]]
[[0,0],[1,0],[148,644]]
[[0,0],[1,0],[173,644]]
[[0,0],[1,0],[159,644]]
[[0,0],[1,0],[470,644]]
[[0,0],[1,0],[261,644]]
[[0,0],[1,0],[33,644]]
[[0,0],[2,0],[30,322]]
[[0,0],[1,0],[475,644]]
[[0,0],[1,0],[400,644]]
[[0,0],[1,0],[255,644]]
[[0,0],[1,0],[219,644]]
[[0,0],[1,0],[554,644]]
[[0,0],[1,0],[205,644]]
[[0,0],[1,0],[211,644]]
[[0,0],[1,0],[601,644]]
[[0,0],[1,0],[171,644]]
[[0,0],[2,0],[106,322]]
[[0,0],[1,0],[208,644]]
[[0,0],[1,0],[22,644]]
[[0,0],[1,0],[281,644]]
[[0,0],[1,0],[241,644]]
[[0,0],[1,0],[327,644]]
[[0,0],[1,0],[78,644]]
[[0,0],[1,0],[177,644]]
[[0,0],[1,0],[51,644]]
[[0,0],[1,0],[223,644]]
[[0,0],[1,0],[57,644]]
[[0,0],[1,0],[596,644]]
[[0,0],[1,0],[37,644]]
[[0,0],[2,0],[8,322]]
[[0,0],[2,0],[10,322]]
[[0,0],[1,0],[267,644]]
[[0,0],[1,0],[582,644]]
[[0,0],[1,0],[99,644]]
[[0,0],[1,0],[1,644]]
[[0,0],[1,0],[415,644]]
[[0,0],[1,0],[535,644]]
[[0,0],[1,0],[279,644]]
[[0,0],[1,0],[190,644]]
[[0,0],[1,0],[643,644]]
[[0,0],[1,0],[235,644]]
[[0,0],[1,0],[260,644]]
[[0,0],[1,0],[199,644]]
[[0,0],[1,0],[179,644]]
[[0,0],[2,0],[20,322]]
[[0,0],[1,0],[447,644]]
[[0,0],[1,0],[143,644]]
[[0,0],[2,0],[212,322]]
[[0,0],[1,0],[498,644]]
[[0,0],[1,0],[185,644]]
[[0,0],[1,0],[225,644]]
[[0,0],[1,0],[97,644]]
[[0,0],[1,0],[247,644]]
[[0,0],[2,0],[278,322]]
[[0,0],[1,0],[116,644]]
[[0,0],[2,0],[140,322]]
[[0,0],[1,0],[195,644]]
[[0,0],[1,0],[19,644]]
[[0,0],[1,0],[59,644]]
[[0,0],[2,0],[2,322]]
[[0,0],[1,0],[387,644]]
[[0,0],[1,0],[81,644]]
[[0,0],[1,0],[55,644]]
[[0,0],[2,0],[268,322]]
[[0,0],[1,0],[107,644]]
[[0,0],[1,0],[346,644]]
[[0,0],[1,0],[117,644]]
[[0,0],[2,0],[186,322]]
[[0,0],[2,0],[128,322]]
[[0,0],[1,0],[302,644]]
[[0,0],[1,0],[27,644]]
[[0,0],[1,0],[610,644]]
[[0,0],[1,0],[227,644]]
[[0,0],[1,0],[125,644]]
[[0,0],[1,0],[269,644]]
[[0,0],[2,0],[48,322]]
[[0,0],[1,0],[438,644]]
[[0,0],[1,0],[386,644]]
[[0,0],[1,0],[512,644]]
[[0,0],[1,0],[232,644]]
[[0,0],[1,0],[349,644]]
[[0,0],[1,0],[95,644]]
[[0,0],[1,0],[218,644]]
[[0,0],[1,0],[176,644]]
[[0,0],[1,0],[121,644]]
[[0,0],[1,0],[25,644]]
[[0,0],[2,0],[6,322]]
[[0,0],[2,0],[301,322]]
[[0,0],[1,0],[303,644]]
[[0,0],[1,0],[239,644]]
[[0,0],[1,0],[576,644]]
[[0,0],[1,0],[29,644]]
[[0,0],[1,0],[353,644]]
[[0,0],[1,0],[289,644]]
[[0,0],[2,0],[12,322]]
[[0,0],[1,0],[13,644]]
[[0,0],[1,0],[61,644]]
[[0,0],[1,0],[31,644]]
[[0,0],[1,0],[321,644]]
[[0,0],[1,0],[101,644]]
[[0,0],[1,0],[337,644]]
[[0,0],[1,0],[3,644]]
[[0,0],[1,0],[231,644]]
[[0,0],[1,0],[9,644]]
[[0,0],[2,0],[4,322]]
[[0,0],[1,0],[379,644]]
[[0,0],[1,0],[442,644]]
[[0,0],[1,0],[429,644]]
[[0,0],[1,0],[505,644]]
[[0,0],[1,0],[123,644]]
[[0,0],[2,0],[52,322]]
[[0,0],[1,0],[163,644]]
[[0,0],[1,0],[316,644]]
[[0,0],[1,0],[47,644]]
[[0,0],[2,0],[22,322]]
[[0,0],[1,0],[367,644]]
[[0,0],[1,0],[24,644]]
[[0,0],[1,0],[221,644]]
[[0,0],[2,0],[68,322]]
[[0,0],[1,0],[313,644]]
[[0,0],[1,0],[41,644]]
[[0,0],[2,0],[72,322]]
[[0,0],[1,0],[540,644]]
[[0,0],[1,0],[568,644]]
[[0,0],[1,0],[183,644]]
[[0,0],[1,0],[309,644]]
[[0,0],[1,0],[300,644]]
[[0,0],[1,0],[530,644]]
[[0,0],[2,0],[18,322]]
[[0,0],[1,0],[381,644]]
[[0,0],[1,0],[325,644]]
[[0,0],[1,0],[323,644]]
[[0,0],[1,0],[407,644]]
[[0,0],[1,0],[64,644]]
[[0,0],[1,0],[456,644]]
[[0,0],[1,0],[622,644]]
[[0,0],[1,0],[243,644]]
[[0,0],[1,0],[8,644]]
[[0,0],[1,0],[83,644]]
[[0,0],[1,0],[271,644]]
[[0,0],[1,0],[5,644]]
[[0,0],[1,0],[111,644]]
[[0,0],[1,0],[134,644]]
[[0,0],[2,0],[76,322]]
[[0,0],[1,0],[344,644]]
[[0,0],[1,0],[293,644]]
[[0,0],[1,0],[162,644]]
[[0,0],[2,0],[60,322]]
[[0,0],[1,0],[53,644]]
[[0,0],[1,0],[191,644]]
[[0,0],[1,0],[65,644]]
[[0,0],[1,0],[204,644]]
[[0,0],[1,0],[73,644]]
[[0,0],[1,0],[372,644]]
[[0,0],[1,0],[517,644]]
[[0,0],[1,0],[151,644]]
[[0,0],[1,0],[249,644]]
[[0,0],[2,0],[24,322]]
[[0,0],[2,0],[58,322]]
[[0,0],[1,0],[15,644]]
[[0,0],[1,0],[135,644]]
[[0,0],[1,0],[17,644]]
[[0,0],[1,0],[443,644]]
[[0,0],[1,0],[358,644]]
[[0,0],[1,0],[137,644]]
[[0,0],[1,0],[209,644]]
[[0,0],[1,0],[288,644]]
[[0,0],[1,0],[106,644]]
[[0,0],[1,0],[87,644]]
[[0,0],[1,0],[93,644]]
[[0,0],[1,0],[274,644]]
[[0,0],[1,0],[463,644]]
[[0,0],[1,0],[311,644]]
[[0,0],[1,0],[85,644]]
[[0,0],[1,0],[638,644]]
[[0,0],[1,0],[461,644]]
[[0,0],[2,0],[114,322]]
[[0,0],[1,0],[275,644]]
[[0,0],[1,0],[71,644]]
[[0,0],[1,0],[145,644]]
[[0,0],[1,0],[428,644]]
[[0,0],[1,0],[531,644]]
[[0,0],[2,0],[44,322]]
[[0,0],[1,0],[79,644]]
[[0,0],[1,0],[89,644]]
[[0,0],[2,0],[50,322]]
[[0,0],[2,0],[142,322]]
[[0,0],[1,0],[233,644]]
[[0,0],[1,0],[213,644]]
