[[0,0],[1,0],[603,645]]
[[0,0],[1,0],[36,645]]
[[0,0],[1,0],[469,645]]
[[0,0],[1,0],[188,645]]
[[0,0],[1,0],[439,645]]
[[0,0],[1,0],[154,645]]
[[0,0],[1,0],[591,645]]
[[0,0],[1,0],[11,645]]
[[0,0],[1,0],[298,645]]
[[0,0],[1,0],[283,645]]
[[0,0],[1,0],[481,645]]
[[0,0],[1,0],[182,645]]
[[0,0],[1,0],[139,645]]
[[0,0],[1,0],[291,645]]
[[0,0],[1,0],[149,645]]
[[0,0],[1,0],[103,645]]
[[0,0],[1,0],[157,645]]
[[0,0],[1,0],[341,645]]
[[0,0],[1,0],[246,645]]
[[0,0],[1,0],[256,645]]
[[0,0],[1,0],[32,645]]
[[0,0],[1,0],[141,645]]
[[0,0],[1,0],[364,645]]
[[0,0],[1,0],[431,645]]
[[0,0],[1,0],[412,645]]
[[0,0],[1,0],[556,645]]
[[0,0],[1,0],[334,645]]
[[0,0],[1,0],[184,645]]
[[0,0],[1,0],[266,645]]
[[0,0],[1,0],[403,645]]
[[0,0],[1,0],[148,645]]
[[0,0],[1,0],[67,645]]
[[0,0],[1,0],[173,645]]
[[0,0],[1,0],[433,645]]
[[0,0],[1,0],[261,645]]
[[0,0],[3,0],[175,215]]
[[0,0],[1,0],[46,645]]
[[0,0],[1,0],[23,645]]
[[0,0],[1,0],[345,645]]
[[0,0],[1,0],[68,645]]
[[0,0],[1,0],[211,645]]
[[0,0],[1,0],[201,645]]
[[0,0],[1,0],[601,645]]
[[0,0],[1,0],[171,645]]
[[0,0],[1,0],[208,645]]
[[0,0],[1,0],[22,645]]
[[0,0],[1,0],[226,645]]
[[0,0],[1,0],[51,645]]
[[0,0],[1,0],[223,645]]
[[0,0],[1,0],[131,645]]
[[0,0],[1,0],[259,645]]
[[0,0],[1,0],[37,645]]
[[0,0],[1,0],[98,645]]
[[0,0],[1,0],[202,645]]
[[0,0],[1,0],[96,645]]
[[0,0],[1,0],[406,645]]
[[0,0],[1,0],[343,645]]
[[0,0],[1,0],[1,645]]
[[0,0],[1,0],[561,645]]
[[0,0],[1,0],[373,645]]
[[0,0],[1,0],[179,645]]
[[0,0],[1,0],[214,645]]
[[0,0],[1,0],[127,645]]
[[0,0],[1,0],[501,645]]
[[0,0],[1,0],[4,645]]
[[0,0],[1,0],[143,645]]
[[0,0],[1,0],[130,645]]
[[0,0],[1,0],[97,645]]
[[0,0],[1,0],[247,645]]
[[0,0],[1,0],[6,645]]
[[0,0],[1,0],[136,645]]
[[0,0],[1,0],[611,645]]
[[0,0],[1,0],[116,645]]
[[0,0],[1,0],[59,645]]
[[0,0],[1,0],[19,645]]
[[0,0],[1,0],[186,645]]
[[0,0],[1,0],[142,645]]
[[0,0],[1,0],[81,645]]
[[0,0],[1,0],[276,645]]
[[0,0],[1,0],[566,645]]
[[0,0],[1,0],[216,645]]
[[0,0],[1,0],[416,645]]
[[0,0],[1,0],[441,645]]
[[0,0],[1,0],[361,645]]
[[0,0],[1,0],[107,645]]
[[0,0],[1,0],[126,645]]
[[0,0],[1,0],[91,645]]
[[0,0],[1,0],[58,645]]
[[0,0],[1,0],[44,645]]
[[0,0],[1,0],[49,645]]
[[0,0],[1,0],[606,645]]
[[0,0],[1,0],[336,645]]
[[0,0],[1,0],[356,645]]
[[0,0],[1,0],[474,645]]
[[0,0],[1,0],[227,645]]
[[0,0],[1,0],[16,645]]
[[0,0],[1,0],[217,645]]
[[0,0],[1,0],[411,645]]
[[0,0],[1,0],[56,645]]
[[0,0],[1,0],[386,645]]
[[0,0],[1,0],[232,645]]
[[0,0],[1,0],[322,645]]
[[0,0],[1,0],[349,645]]
[[0,0],[1,0],[52,645]]
[[0,0],[1,0],[14,645]]
[[0,0],[1,0],[161,645]]
[[0,0],[1,0],[351,645]]
[[0,0],[1,0],[576,645]]
[[0,0],[1,0],[486,645]]
[[0,0],[1,0],[28,645]]
[[0,0],[1,0],[13,645]]
[[0,0],[1,0],[61,645]]
[[0,0],[1,0],[2,645]]
[[0,0],[1,0],[409,645]]
[[0,0],[1,0],[31,645]]
[[0,0],[1,0],[321,645]]
[[0,0],[1,0],[101,645]]
[[0,0],[1,0],[231,645]]
[[0,0],[1,0],[94,645]]
[[0,0],[1,0],[442,645]]
[[0,0],[1,0],[621,645]]
[[0,0],[1,0],[316,645]]
[[0,0],[1,0],[82,645]]
[[0,0],[1,0],[163,645]]
[[0,0],[1,0],[471,645]]
[[0,0],[1,0],[221,645]]
[[0,0],[1,0],[313,645]]
[[0,0],[1,0],[41,645]]
[[0,0],[1,0],[508,645]]
[[0,0],[1,0],[21,645]]
[[0,0],[1,0],[381,645]]
[[0,0],[1,0],[64,645]]
[[0,0],[1,0],[456,645]]
[[0,0],[1,0],[156,645]]
[[0,0],[1,0],[607,645]]
[[0,0],[1,0],[109,645]]
[[0,0],[1,0],[394,645]]
[[0,0],[1,0],[8,645]]
[[0,0],[1,0],[271,645]]
[[0,0],[1,0],[83,645]]
[[0,0],[1,0],[111,645]]
[[0,0],[1,0],[26,645]]
[[0,0],[1,0],[328,645]]
[[0,0],[1,0],[560,645]]
[[0,0],[1,0],[76,645]]
[[0,0],[1,0],[113,645]]
[[0,0],[1,0],[366,645]]
[[0,0],[1,0],[152,645]]
[[0,0],[1,0],[53,645]]
[[0,0],[1,0],[426,645]]
[[0,0],[1,0],[191,645]]
[[0,0],[1,0],[73,645]]
[[0,0],[1,0],[326,645]]
[[0,0],[1,0],[446,645]]
[[0,0],[1,0],[151,645]]
[[0,0],[1,0],[112,645]]
[[0,0],[1,0],[128,645]]
[[0,0],[1,0],[178,645]]
[[0,0],[1,0],[244,645]]
[[0,0],[1,0],[546,645]]
[[0,0],[1,0],[66,645]]
[[0,0],[1,0],[436,645]]
[[0,0],[1,0],[396,645]]
[[0,0],[1,0],[7,645]]
[[0,0],[1,0],[388,645]]
[[0,0],[1,0],[17,645]]
[[0,0],[1,0],[358,645]]
[[0,0],[1,0],[124,645]]
[[0,0],[1,0],[636,645]]
[[0,0],[1,0],[106,645]]
[[0,0],[1,0],[87,645]]
[[0,0],[1,0],[274,645]]
[[0,0],[1,0],[169,645]]
[[0,0],[1,0],[181,645]]
[[0,0],[1,0],[187,645]]
[[0,0],[1,0],[71,645]]
[[0,0],[1,0],[262,645]]
[[0,0],[1,0],[531,645]]
[[0,0],[1,0],[306,645]]
[[0,0],[1,0],[146,645]]
