[[0,0],[1,0],[155,648]]
[[0,0],[2,0],[8,324]]
[[0,0],[3,0],[75,216]]
[[0,0],[1,0],[142,648]]
[[0,0],[9,0],[45,72]]
[[0,0],[1,0],[334,648]]
[[0,0],[3,0],[21,216]]
[[0,0],[1,0],[34,648]]
[[0,0],[1,0],[130,648]]
[[0,0],[1,0],[89,648]]
[[0,0],[1,0],[115,648]]
[[0,0],[3,0],[213,216]]
[[0,0],[1,0],[193,648]]
[[0,0],[1,0],[178,648]]
[[0,0],[1,0],[424,648]]
[[0,0],[6,0],[24,108]]
[[0,0],[2,0],[86,324]]
[[0,0],[1,0],[49,648]]
[[0,0],[1,0],[478,648]]
[[0,0],[6,0],[30,108]]
[[0,0],[1,0],[97,648]]
[[0,0],[1,0],[466,648]]
[[0,0],[2,0],[140,324]]
[[0,0],[1,0],[245,648]]
[[0,0],[1,0],[31,648]]
[[0,0],[1,0],[562,648]]
[[0,0],[2,0],[94,324]]
[[0,0],[1,0],[139,648]]
[[0,0],[1,0],[208,648]]
[[0,0],[1,0],[295,648]]
[[0,0],[3,0],[15,216]]
[[0,0],[1,0],[47,648]]
[[0,0],[1,0],[143,648]]
[[0,0],[1,0],[209,648]]
[[0,0],[1,0],[250,648]]
[[0,0],[1,0],[113,648]]
[[0,0],[1,0],[487,648]]
[[0,0],[1,0],[352,648]]
[[0,0],[1,0],[119,648]]
[[0,0],[6,0],[102,108]]
[[0,0],[2,0],[56,324]]
[[0,0],[1,0],[257,648]]
[[0,0],[2,0],[212,324]]
[[0,0],[1,0],[149,648]]
[[0,0],[1,0],[325,648]]
[[0,0],[1,0],[190,648]]
[[0,0],[2,0],[308,324]]
[[0,0],[1,0],[633,648]]
[[0,0],[1,0],[201,648]]
[[0,0],[1,0],[454,648]]
[[0,0],[1,0],[537,648]]
[[0,0],[1,0],[568,648]]
[[0,0],[1,0],[407,648]]
[[0,0],[1,0],[179,648]]
[[0,0],[1,0],[71,648]]
[[0,0],[2,0],[142,324]]
[[0,0],[1,0],[37,648]]
[[0,0],[1,0],[550,648]]
[[0,0],[1,0],[317,648]]
[[0,0],[1,0],[262,648]]
[[0,0],[3,0],[51,216]]
[[0,0],[2,0],[14,324]]
[[0,0],[6,0],[60,108]]
[[0,0],[1,0],[185,648]]
[[0,0],[1,0],[41,648]]
[[0,0],[1,0],[105,648]]
[[0,0],[1,0],[13,648]]
[[0,0],[1,0],[154,648]]
[[0,0],[1,0],[61,648]]
[[0,0],[1,0],[17,648]]
[[0,0],[1,0],[413,648]]
[[0,0],[1,0],[131,648]]
[[0,0],[1,0],[64,648]]
[[0,0],[3,0],[207,216]]
[[0,0],[1,0],[53,648]]
[[0,0],[2,0],[154,324]]
[[0,0],[3,0],[123,216]]
[[0,0],[9,0],[27,72]]
[[0,0],[1,0],[286,648]]
[[0,0],[1,0],[442,648]]
[[0,0],[2,0],[32,324]]
[[0,0],[1,0],[497,648]]
[[0,0],[1,0],[417,648]]
[[0,0],[1,0],[73,648]]
[[0,0],[2,0],[26,324]]
[[0,0],[1,0],[316,648]]
[[0,0],[2,0],[206,324]]
[[0,0],[3,0],[57,216]]
[[0,0],[3,0],[84,216]]
[[0,0],[1,0],[58,648]]
[[0,0],[1,0],[299,648]]
[[0,0],[1,0],[23,648]]
[[0,0],[1,0],[21,648]]
[[0,0],[1,0],[22,648]]
[[0,0],[1,0],[121,648]]
[[0,0],[1,0],[107,648]]
[[0,0],[1,0],[393,648]]
[[0,0],[2,0],[106,324]]
[[0,0],[1,0],[346,648]]
[[0,0],[1,0],[109,648]]
[[0,0],[1,0],[239,648]]
[[0,0],[1,0],[125,648]]
[[0,0],[1,0],[574,648]]
[[0,0],[1,0],[489,648]]
[[0,0],[1,0],[93,648]]
[[0,0],[1,0],[341,648]]
[[0,0],[1,0],[118,648]]
[[0,0],[1,0],[205,648]]
[[0,0],[1,0],[169,648]]
[[0,0],[1,0],[103,648]]
[[0,0],[1,0],[586,648]]
[[0,0],[1,0],[335,648]]
[[0,0],[1,0],[526,648]]
[[0,0],[2,0],[82,324]]
[[0,0],[2,0],[38,324]]
[[0,0],[1,0],[385,648]]
[[0,0],[1,0],[418,648]]
[[0,0],[6,0],[6,108]]
[[0,0],[2,0],[236,324]]
[[0,0],[1,0],[227,648]]
[[0,0],[2,0],[22,324]]
[[0,0],[1,0],[226,648]]
[[0,0],[1,0],[215,648]]
[[0,0],[1,0],[415,648]]
[[0,0],[1,0],[289,648]]
[[0,0],[1,0],[137,648]]
[[0,0],[2,0],[320,324]]
[[0,0],[2,0],[224,324]]
[[0,0],[3,0],[129,216]]
[[0,0],[1,0],[253,648]]
[[0,0],[3,0],[63,216]]
[[0,0],[1,0],[609,648]]
[[0,0],[1,0],[237,648]]
[[0,0],[1,0],[214,648]]
[[0,0],[2,0],[104,324]]
[[0,0],[1,0],[311,648]]
[[0,0],[1,0],[430,648]]
[[0,0],[2,0],[116,324]]
[[0,0],[1,0],[514,648]]
[[0,0],[1,0],[589,648]]
[[0,0],[1,0],[309,648]]
[[0,0],[2,0],[122,324]]
[[0,0],[3,0],[111,216]]
[[0,0],[9,0],[9,72]]
[[0,0],[1,0],[445,648]]
[[0,0],[2,0],[80,324]]
[[0,0],[1,0],[343,648]]
[[0,0],[1,0],[29,648]]
[[0,0],[2,0],[176,324]]
[[0,0],[3,0],[171,216]]
[[0,0],[1,0],[283,648]]
[[0,0],[1,0],[244,648]]
[[0,0],[2,0],[274,324]]
[[0,0],[1,0],[406,648]]
[[0,0],[1,0],[496,648]]
[[0,0],[1,0],[367,648]]
[[0,0],[1,0],[129,648]]
[[0,0],[1,0],[175,648]]
[[0,0],[1,0],[161,648]]
[[0,0],[1,0],[100,648]]
[[0,0],[3,0],[102,216]]
[[0,0],[3,0],[69,216]]
[[0,0],[1,0],[19,648]]
[[0,0],[1,0],[251,648]]
[[0,0],[1,0],[167,648]]
[[0,0],[1,0],[33,648]]
[[0,0],[1,0],[127,648]]
[[0,0],[1,0],[419,648]]
[[0,0],[1,0],[427,648]]
[[0,0],[1,0],[69,648]]
[[0,0],[1,0],[382,648]]
[[0,0],[1,0],[157,648]]
[[0,0],[1,0],[437,648]]
[[0,0],[2,0],[248,324]]
[[0,0],[1,0],[202,648]]
[[0,0],[1,0],[10,648]]
[[0,0],[2,0],[10,324]]
[[0,0],[1,0],[43,648]]
[[0,0],[1,0],[298,648]]
[[0,0],[2,0],[322,324]]
[[0,0],[1,0],[35,648]]
[[0,0],[1,0],[490,648]]
[[0,0],[3,0],[105,216]]
[[0,0],[1,0],[451,648]]
[[0,0],[2,0],[146,324]]
[[0,0],[2,0],[296,324]]
[[0,0],[1,0],[502,648]]
[[0,0],[1,0],[634,648]]
[[0,0],[2,0],[158,324]]
[[0,0],[1,0],[538,648]]
[[0,0],[1,0],[285,648]]
[[0,0],[1,0],[67,648]]
[[0,0],[1,0],[610,648]]
[[0,0],[1,0],[561,648]]
[[0,0],[1,0],[79,648]]
[[0,0],[1,0],[223,648]]
[[0,0],[2,0],[62,324]]
[[0,0],[1,0],[1,648]]
[[0,0],[1,0],[358,648]]
[[0,0],[3,0],[33,216]]
[[0,0],[1,0],[604,648]]
[[0,0],[2,0],[134,324]]
[[0,0],[2,0],[260,324]]
[[0,0],[1,0],[28,648]]
[[0,0],[1,0],[640,648]]
[[0,0],[1,0],[94,648]]
[[0,0],[2,0],[46,324]]
[[0,0],[1,0],[457,648]]
[[0,0],[1,0],[323,648]]
[[0,0],[1,0],[532,648]]
[[0,0],[1,0],[280,648]]
[[0,0],[1,0],[394,648]]
[[0,0],[1,0],[273,648]]
[[0,0],[3,0],[192,216]]
[[0,0],[1,0],[133,648]]
[[0,0],[3,0],[3,216]]
[[0,0],[2,0],[70,324]]
[[0,0],[1,0],[249,648]]
[[0,0],[1,0],[7,648]]
[[0,0],[1,0],[319,648]]
[[0,0],[6,0],[42,108]]
[[0,0],[1,0],[322,648]]
[[0,0],[2,0],[128,324]]
[[0,0],[1,0],[449,648]]
[[0,0],[1,0],[525,648]]
[[0,0],[1,0],[238,648]]
[[0,0],[1,0],[172,648]]
[[0,0],[1,0],[598,648]]
[[0,0],[1,0],[485,648]]
[[0,0],[3,0],[165,216]]
[[0,0],[2,0],[188,324]]
[[0,0],[1,0],[136,648]]
[[0,0],[2,0],[152,324]]
[[0,0],[1,0],[55,648]]
[[0,0],[1,0],[379,648]]
[[0,0],[1,0],[357,648]]
[[0,0],[3,0],[174,216]]
[[0,0],[1,0],[181,648]]
[[0,0],[18,0],[18,36]]
[[0,0],[6,0],[96,108]]
[[0,0],[1,0],[597,648]]
[[0,0],[1,0],[5,648]]
[[0,0],[1,0],[275,648]]
[[0,0],[1,0],[25,648]]
[[0,0],[3,0],[138,216]]
[[0,0],[1,0],[370,648]]
[[0,0],[1,0],[453,648]]
[[0,0],[1,0],[321,648]]
[[0,0],[1,0],[163,648]]
[[0,0],[2,0],[164,324]]
[[0,0],[1,0],[377,648]]
[[0,0],[1,0],[141,648]]
[[0,0],[1,0],[91,648]]
[[0,0],[2,0],[284,324]]
[[0,0],[1,0],[77,648]]
[[0,0],[3,0],[66,216]]
[[0,0],[2,0],[74,324]]
[[0,0],[1,0],[622,648]]
[[0,0],[1,0],[381,648]]
[[0,0],[1,0],[265,648]]
[[0,0],[1,0],[83,648]]
[[0,0],[1,0],[646,648]]
[[0,0],[1,0],[46,648]]
[[0,0],[1,0],[547,648]]
[[0,0],[1,0],[645,648]]
[[0,0],[2,0],[272,324]]
[[0,0],[3,0],[30,216]]
[[0,0],[1,0],[345,648]]
[[0,0],[2,0],[110,324]]
[[0,0],[3,0],[210,216]]
[[0,0],[1,0],[70,648]]
[[0,0],[3,0],[99,216]]
[[0,0],[2,0],[68,324]]
[[0,0],[2,0],[20,324]]
[[0,0],[1,0],[401,648]]
[[0,0],[1,0],[145,648]]
[[0,0],[1,0],[213,648]]
[[0,0],[2,0],[194,324]]
[[0,0],[1,0],[166,648]]
[[0,0],[1,0],[274,648]]
[[0,0],[1,0],[388,648]]
[[0,0],[1,0],[11,648]]
[[0,0],[2,0],[2,324]]
[[0,0],[1,0],[57,648]]
[[0,0],[1,0],[573,648]]
[[0,0],[1,0],[563,648]]
[[0,0],[1,0],[310,648]]
[[0,0],[2,0],[34,324]]
[[0,0],[1,0],[293,648]]
[[0,0],[1,0],[165,648]]
[[0,0],[2,0],[58,324]]
[[0,0],[3,0],[39,216]]
[[0,0],[1,0],[277,648]]
[[0,0],[2,0],[226,324]]
[[0,0],[1,0],[501,648]]
[[0,0],[2,0],[92,324]]
[[0,0],[2,0],[44,324]]
[[0,0],[1,0],[82,648]]
[[0,0],[1,0],[177,648]]
[[0,0],[3,0],[159,216]]
[[0,0],[1,0],[173,648]]
[[0,0],[9,0],[63,72]]
[[0,0],[1,0],[217,648]]
[[0,0],[2,0],[200,324]]
[[0,0],[1,0],[465,648]]
[[0,0],[1,0],[95,648]]
[[0,0],[1,0],[287,648]]
[[0,0],[1,0],[429,648]]
[[0,0],[1,0],[106,648]]
[[0,0],[1,0],[460,648]]
[[0,0],[1,0],[187,648]]
[[0,0],[1,0],[65,648]]
[[0,0],[1,0],[259,648]]
[[0,0],[1,0],[647,648]]
[[0,0],[1,0],[301,648]]
