[[0,0],[5,0],[15,130]]
[[0,0],[1,0],[146,650]]
[[0,0],[1,0],[307,650]]
[[0,0],[1,0],[89,650]]
[[0,0],[1,0],[36,650]]
[[0,0],[1,0],[233,650]]
[[0,0],[1,0],[203,650]]
[[0,0],[1,0],[333,650]]
[[0,0],[1,0],[393,650]]
[[0,0],[1,0],[439,650]]
[[0,0],[1,0],[157,650]]
[[0,0],[1,0],[297,650]]
[[0,0],[1,0],[11,650]]
[[0,0],[1,0],[291,650]]
[[0,0],[2,0],[15,325]]
[[0,0],[1,0],[149,650]]
[[0,0],[1,0],[141,650]]
[[0,0],[1,0],[246,650]]
[[0,0],[1,0],[626,650]]
[[0,0],[1,0],[103,650]]
[[0,0],[1,0],[193,650]]
[[0,0],[5,0],[85,130]]
[[0,0],[1,0],[139,650]]
[[0,0],[1,0],[556,650]]
[[0,0],[1,0],[567,650]]
[[0,0],[1,0],[491,650]]
[[0,0],[1,0],[266,650]]
[[0,0],[1,0],[119,650]]
[[0,0],[1,0],[256,650]]
[[0,0],[1,0],[173,650]]
[[0,0],[1,0],[378,650]]
[[0,0],[1,0],[329,650]]
[[0,0],[1,0],[433,650]]
[[0,0],[1,0],[67,650]]
[[0,0],[1,0],[453,650]]
[[0,0],[1,0],[33,650]]
[[0,0],[1,0],[206,650]]
[[0,0],[5,0],[5,130]]
[[0,0],[1,0],[476,650]]
[[0,0],[1,0],[277,650]]
[[0,0],[1,0],[261,650]]
[[0,0],[1,0],[526,650]]
[[0,0],[1,0],[437,650]]
[[0,0],[5,0],[70,130]]
[[0,0],[1,0],[287,650]]
[[0,0],[1,0],[23,650]]
[[0,0],[1,0],[241,650]]
[[0,0],[1,0],[46,650]]
[[0,0],[1,0],[177,650]]
[[0,0],[1,0],[43,650]]
[[0,0],[1,0],[92,650]]
[[0,0],[1,0],[219,650]]
[[0,0],[1,0],[51,650]]
[[0,0],[1,0],[131,650]]
[[0,0],[1,0],[201,650]]
[[0,0],[1,0],[259,650]]
[[0,0],[1,0],[226,650]]
[[0,0],[1,0],[376,650]]
[[0,0],[1,0],[406,650]]
[[0,0],[1,0],[596,650]]
[[0,0],[1,0],[37,650]]
[[0,0],[1,0],[99,650]]
[[0,0],[1,0],[229,650]]
[[0,0],[5,0],[35,130]]
[[0,0],[1,0],[1,650]]
[[0,0],[1,0],[301,650]]
[[0,0],[1,0],[281,650]]
[[0,0],[1,0],[171,650]]
[[0,0],[1,0],[399,650]]
[[0,0],[1,0],[57,650]]
[[0,0],[1,0],[147,650]]
[[0,0],[1,0],[77,650]]
[[0,0],[1,0],[96,650]]
[[0,0],[1,0],[616,650]]
[[0,0],[1,0],[267,650]]
[[0,0],[1,0],[586,650]]
[[0,0],[1,0],[127,650]]
[[0,0],[1,0],[236,650]]
[[0,0],[1,0],[423,650]]
[[0,0],[1,0],[352,650]]
[[0,0],[1,0],[97,650]]
[[0,0],[1,0],[136,650]]
[[0,0],[1,0],[186,650]]
[[0,0],[1,0],[235,650]]
[[0,0],[1,0],[6,650]]
[[0,0],[1,0],[248,650]]
[[0,0],[1,0],[495,650]]
[[0,0],[1,0],[19,650]]
[[0,0],[1,0],[81,650]]
[[0,0],[1,0],[116,650]]
[[0,0],[1,0],[216,650]]
[[0,0],[1,0],[566,650]]
[[0,0],[1,0],[346,650]]
[[0,0],[1,0],[276,650]]
[[0,0],[1,0],[59,650]]
[[0,0],[1,0],[430,650]]
[[0,0],[1,0],[86,650]]
[[0,0],[1,0],[466,650]]
[[0,0],[1,0],[534,650]]
[[0,0],[1,0],[361,650]]
[[0,0],[1,0],[49,650]]
[[0,0],[1,0],[107,650]]
[[0,0],[1,0],[237,650]]
[[0,0],[1,0],[133,650]]
[[0,0],[1,0],[126,650]]
[[0,0],[1,0],[356,650]]
[[0,0],[1,0],[56,650]]
[[0,0],[1,0],[27,650]]
[[0,0],[2,0],[210,325]]
[[0,0],[1,0],[336,650]]
[[0,0],[1,0],[451,650]]
[[0,0],[1,0],[606,650]]
[[0,0],[1,0],[16,650]]
[[0,0],[1,0],[386,650]]
[[0,0],[1,0],[351,650]]
[[0,0],[1,0],[105,650]]
[[0,0],[1,0],[303,650]]
[[0,0],[1,0],[427,650]]
[[0,0],[1,0],[29,650]]
[[0,0],[1,0],[516,650]]
[[0,0],[1,0],[161,650]]
[[0,0],[1,0],[239,650]]
[[0,0],[1,0],[497,650]]
[[0,0],[1,0],[189,650]]
[[0,0],[1,0],[61,650]]
[[0,0],[1,0],[176,650]]
[[0,0],[1,0],[121,650]]
[[0,0],[1,0],[14,650]]
[[0,0],[1,0],[486,650]]
[[0,0],[1,0],[576,650]]
[[0,0],[1,0],[63,650]]
[[0,0],[1,0],[170,650]]
[[0,0],[1,0],[506,650]]
[[0,0],[1,0],[337,650]]
[[0,0],[1,0],[101,650]]
[[0,0],[1,0],[3,650]]
[[0,0],[1,0],[316,650]]
[[0,0],[1,0],[296,650]]
[[0,0],[1,0],[47,650]]
[[0,0],[2,0],[52,325]]
[[0,0],[5,0],[125,130]]
[[0,0],[1,0],[367,650]]
[[0,0],[1,0],[163,650]]
[[0,0],[1,0],[9,650]]
[[0,0],[1,0],[319,650]]
[[0,0],[1,0],[508,650]]
[[0,0],[1,0],[397,650]]
[[0,0],[1,0],[263,650]]
[[0,0],[1,0],[196,650]]
[[0,0],[1,0],[381,650]]
[[0,0],[1,0],[471,650]]
[[0,0],[1,0],[109,650]]
[[0,0],[1,0],[496,650]]
[[0,0],[5,0],[55,130]]
[[0,0],[1,0],[309,650]]
[[0,0],[1,0],[323,650]]
[[0,0],[1,0],[456,650]]
[[0,0],[1,0],[21,650]]
[[0,0],[1,0],[599,650]]
[[0,0],[1,0],[41,650]]
[[0,0],[1,0],[183,650]]
[[0,0],[1,0],[271,650]]
[[0,0],[1,0],[207,650]]
[[0,0],[1,0],[407,650]]
[[0,0],[1,0],[76,650]]
[[0,0],[1,0],[619,650]]
[[0,0],[1,0],[129,650]]
[[0,0],[1,0],[539,650]]
[[0,0],[1,0],[69,650]]
[[0,0],[1,0],[371,650]]
[[0,0],[1,0],[113,650]]
[[0,0],[1,0],[426,650]]
[[0,0],[1,0],[118,650]]
[[0,0],[1,0],[191,650]]
[[0,0],[1,0],[293,650]]
[[0,0],[1,0],[166,650]]
[[0,0],[1,0],[222,650]]
[[0,0],[1,0],[53,650]]
[[0,0],[1,0],[560,650]]
[[0,0],[1,0],[625,650]]
[[0,0],[1,0],[649,650]]
[[0,0],[1,0],[396,650]]
[[0,0],[1,0],[366,650]]
[[0,0],[1,0],[326,650]]
[[0,0],[1,0],[73,650]]
[[0,0],[1,0],[17,650]]
[[0,0],[1,0],[151,650]]
[[0,0],[1,0],[636,650]]
[[0,0],[1,0],[646,650]]
[[0,0],[1,0],[249,650]]
[[0,0],[1,0],[436,650]]
[[0,0],[1,0],[446,650]]
[[0,0],[1,0],[106,650]]
[[0,0],[1,0],[66,650]]
[[0,0],[1,0],[404,650]]
[[0,0],[1,0],[7,650]]
[[0,0],[1,0],[209,650]]
[[0,0],[1,0],[463,650]]
[[0,0],[1,0],[482,650]]
[[0,0],[1,0],[365,650]]
[[0,0],[1,0],[167,650]]
[[0,0],[1,0],[137,650]]
[[0,0],[1,0],[557,650]]
[[0,0],[2,0],[80,325]]
[[0,0],[1,0],[536,650]]
[[0,0],[2,0],[145,325]]
[[0,0],[1,0],[87,650]]
[[0,0],[1,0],[144,650]]
[[0,0],[1,0],[274,650]]
[[0,0],[1,0],[79,650]]
[[0,0],[1,0],[311,650]]
[[0,0],[1,0],[527,650]]
[[0,0],[1,0],[40,650]]
[[0,0],[1,0],[181,650]]
[[0,0],[5,0],[25,130]]
[[0,0],[1,0],[612,650]]
[[0,0],[1,0],[71,650]]
[[0,0],[1,0],[638,650]]
[[0,0],[1,0],[419,650]]
[[0,0],[1,0],[306,650]]
