[[0,0],[1,0],[331,654]]
[[0,0],[1,0],[89,654]]
[[0,0],[1,0],[154,654]]
[[0,0],[1,0],[233,654]]
[[0,0],[1,0],[298,654]]
[[0,0],[1,0],[253,654]]
[[0,0],[1,0],[280,654]]
[[0,0],[1,0],[481,654]]
[[0,0],[1,0],[532,654]]
[[0,0],[1,0],[34,654]]
[[0,0],[1,0],[457,654]]
[[0,0],[1,0],[11,654]]
[[0,0],[1,0],[304,654]]
[[0,0],[1,0],[383,654]]
[[0,0],[1,0],[283,654]]
[[0,0],[1,0],[155,654]]
[[0,0],[1,0],[652,654]]
[[0,0],[1,0],[149,654]]
[[0,0],[1,0],[484,654]]
[[0,0],[1,0],[175,654]]
[[0,0],[1,0],[139,654]]
[[0,0],[1,0],[305,654]]
[[0,0],[1,0],[364,654]]
[[0,0],[1,0],[70,654]]
[[0,0],[1,0],[103,654]]
[[0,0],[1,0],[412,654]]
[[0,0],[1,0],[250,654]]
[[0,0],[1,0],[556,654]]
[[0,0],[1,0],[184,654]]
[[0,0],[1,0],[256,654]]
[[0,0],[1,0],[487,654]]
[[0,0],[1,0],[329,654]]
[[0,0],[1,0],[370,654]]
[[0,0],[1,0],[67,654]]
[[0,0],[1,0],[403,654]]
[[0,0],[1,0],[503,654]]
[[0,0],[1,0],[472,654]]
[[0,0],[1,0],[334,654]]
[[0,0],[1,0],[148,654]]
[[0,0],[1,0],[526,654]]
[[0,0],[1,0],[437,654]]
[[0,0],[1,0],[418,654]]
[[0,0],[1,0],[355,654]]
[[0,0],[1,0],[88,654]]
[[0,0],[1,0],[286,654]]
[[0,0],[1,0],[475,654]]
[[0,0],[1,0],[400,654]]
[[0,0],[1,0],[22,654]]
[[0,0],[1,0],[46,654]]
[[0,0],[1,0],[43,654]]
[[0,0],[1,0],[287,654]]
[[0,0],[1,0],[219,654]]
[[0,0],[1,0],[514,654]]
[[0,0],[1,0],[23,654]]
[[0,0],[1,0],[223,654]]
[[0,0],[1,0],[259,654]]
[[0,0],[1,0],[35,654]]
[[0,0],[1,0],[538,654]]
[[0,0],[1,0],[202,654]]
[[0,0],[1,0],[376,654]]
[[0,0],[1,0],[406,654]]
[[0,0],[1,0],[454,654]]
[[0,0],[1,0],[208,654]]
[[0,0],[1,0],[1,654]]
[[0,0],[1,0],[215,654]]
[[0,0],[1,0],[226,654]]
[[0,0],[1,0],[37,654]]
[[0,0],[1,0],[467,654]]
[[0,0],[1,0],[229,654]]
[[0,0],[1,0],[616,654]]
[[0,0],[1,0],[301,654]]
[[0,0],[1,0],[343,654]]
[[0,0],[1,0],[310,654]]
[[0,0],[1,0],[592,654]]
[[0,0],[1,0],[424,654]]
[[0,0],[1,0],[586,654]]
[[0,0],[1,0],[544,654]]
[[0,0],[1,0],[214,654]]
[[0,0],[1,0],[535,654]]
[[0,0],[1,0],[352,654]]
[[0,0],[1,0],[143,654]]
[[0,0],[1,0],[97,654]]
[[0,0],[1,0],[373,654]]
[[0,0],[1,0],[190,654]]
[[0,0],[1,0],[136,654]]
[[0,0],[1,0],[235,654]]
[[0,0],[1,0],[199,654]]
[[0,0],[1,0],[4,654]]
[[0,0],[1,0],[19,654]]
[[0,0],[1,0],[185,654]]
[[0,0],[1,0],[130,654]]
[[0,0],[1,0],[245,654]]
[[0,0],[1,0],[265,654]]
[[0,0],[1,0],[247,654]]
[[0,0],[1,0],[59,654]]
[[0,0],[1,0],[346,654]]
[[0,0],[1,0],[430,654]]
[[0,0],[1,0],[382,654]]
[[0,0],[1,0],[142,654]]
[[0,0],[1,0],[55,654]]
[[0,0],[1,0],[361,654]]
[[0,0],[1,0],[317,654]]
[[0,0],[1,0],[359,654]]
[[0,0],[1,0],[10,654]]
[[0,0],[1,0],[58,654]]
[[0,0],[1,0],[49,654]]
[[0,0],[1,0],[107,654]]
[[0,0],[1,0],[466,654]]
[[0,0],[1,0],[172,654]]
[[0,0],[1,0],[125,654]]
[[0,0],[1,0],[220,654]]
[[0,0],[1,0],[269,654]]
[[0,0],[1,0],[227,654]]
[[0,0],[1,0],[502,654]]
[[0,0],[1,0],[91,654]]
[[0,0],[1,0],[550,654]]
[[0,0],[1,0],[133,654]]
[[0,0],[1,0],[448,654]]
[[0,0],[1,0],[232,654]]
[[0,0],[1,0],[257,654]]
[[0,0],[1,0],[451,654]]
[[0,0],[1,0],[610,654]]
[[0,0],[1,0],[16,654]]
[[0,0],[1,0],[217,654]]
[[0,0],[1,0],[95,654]]
[[0,0],[1,0],[160,654]]
[[0,0],[1,0],[497,654]]
[[0,0],[1,0],[52,654]]
[[0,0],[1,0],[29,654]]
[[0,0],[1,0],[634,654]]
[[0,0],[1,0],[460,654]]
[[0,0],[1,0],[239,654]]
[[0,0],[1,0],[322,654]]
[[0,0],[1,0],[121,654]]
[[0,0],[1,0],[25,654]]
[[0,0],[1,0],[604,654]]
[[0,0],[1,0],[13,654]]
[[0,0],[1,0],[28,654]]
[[0,0],[1,0],[61,654]]
[[0,0],[1,0],[640,654]]
[[0,0],[1,0],[580,654]]
[[0,0],[1,0],[347,654]]
[[0,0],[1,0],[31,654]]
[[0,0],[1,0],[520,654]]
[[0,0],[1,0],[523,654]]
[[0,0],[1,0],[100,654]]
[[0,0],[1,0],[101,654]]
[[0,0],[1,0],[442,654]]
[[0,0],[1,0],[316,654]]
[[0,0],[1,0],[163,654]]
[[0,0],[1,0],[47,654]]
[[0,0],[1,0],[221,654]]
[[0,0],[1,0],[94,654]]
[[0,0],[1,0],[110,654]]
[[0,0],[1,0],[319,654]]
[[0,0],[1,0],[568,654]]
[[0,0],[1,0],[508,654]]
[[0,0],[1,0],[263,654]]
[[0,0],[1,0],[82,654]]
[[0,0],[1,0],[196,654]]
[[0,0],[1,0],[496,654]]
[[0,0],[1,0],[268,654]]
[[0,0],[1,0],[313,654]]
[[0,0],[1,0],[41,654]]
[[0,0],[1,0],[394,654]]
[[0,0],[1,0],[83,654]]
[[0,0],[1,0],[328,654]]
[[0,0],[1,0],[64,654]]
[[0,0],[1,0],[539,654]]
[[0,0],[1,0],[76,654]]
[[0,0],[1,0],[113,654]]
[[0,0],[1,0],[574,654]]
[[0,0],[1,0],[622,654]]
[[0,0],[1,0],[478,654]]
[[0,0],[1,0],[5,654]]
[[0,0],[1,0],[118,654]]
[[0,0],[1,0],[493,654]]
[[0,0],[1,0],[166,654]]
[[0,0],[1,0],[65,654]]
[[0,0],[1,0],[598,654]]
[[0,0],[1,0],[377,654]]
[[0,0],[1,0],[53,654]]
[[0,0],[1,0],[73,654]]
[[0,0],[1,0],[562,654]]
[[0,0],[1,0],[17,654]]
[[0,0],[1,0],[124,654]]
[[0,0],[1,0],[646,654]]
[[0,0],[1,0],[112,654]]
[[0,0],[1,0],[358,654]]
[[0,0],[1,0],[209,654]]
[[0,0],[1,0],[244,654]]
[[0,0],[1,0],[388,654]]
[[0,0],[1,0],[178,654]]
[[0,0],[1,0],[413,654]]
[[0,0],[1,0],[106,654]]
[[0,0],[1,0],[546,654]]
[[0,0],[1,0],[7,654]]
[[0,0],[1,0],[463,654]]
[[0,0],[1,0],[461,654]]
[[0,0],[1,0],[137,654]]
[[0,0],[1,0],[443,654]]
[[0,0],[1,0],[365,654]]
[[0,0],[1,0],[275,654]]
[[0,0],[1,0],[145,654]]
[[0,0],[1,0],[238,654]]
[[0,0],[1,0],[262,654]]
[[0,0],[1,0],[40,654]]
[[0,0],[1,0],[85,654]]
[[0,0],[1,0],[274,654]]
[[0,0],[1,0],[490,654]]
[[0,0],[1,0],[79,654]]
[[0,0],[1,0],[628,654]]
[[0,0],[1,0],[653,654]]
[[0,0],[1,0],[169,654]]
[[0,0],[1,0],[527,654]]
[[0,0],[1,0],[181,654]]
[[0,0],[1,0],[340,654]]
[[0,0],[2,0],[111,327]]
[[0,0],[1,0],[449,654]]
[[0,0],[1,0],[577,654]]
[[0,0],[1,0],[71,654]]
[[0,0],[1,0],[292,654]]
