[[0,0],[1,0],[28,655]]
[[0,0],[1,0],[108,655]]
[[0,0],[1,0],[147,655]]
[[0,0],[1,0],[571,655]]
[[0,0],[1,0],[137,655]]
[[0,0],[1,0],[301,655]]
[[0,0],[1,0],[61,655]]
[[0,0],[1,0],[8,655]]
[[0,0],[1,0],[7,655]]
[[0,0],[1,0],[306,655]]
[[0,0],[1,0],[586,655]]
[[0,0],[1,0],[281,655]]
[[0,0],[1,0],[36,655]]
[[0,0],[1,0],[261,655]]
[[0,0],[1,0],[6,655]]
[[0,0],[1,0],[266,655]]
[[0,0],[1,0],[73,655]]
[[0,0],[1,0],[471,655]]
[[0,0],[1,0],[106,655]]
[[0,0],[1,0],[171,655]]
[[0,0],[1,0],[12,655]]
[[0,0],[1,0],[16,655]]
[[0,0],[1,0],[231,655]]
[[0,0],[1,0],[54,655]]
[[0,0],[1,0],[296,655]]
[[0,0],[1,0],[191,655]]
[[0,0],[1,0],[13,655]]
[[0,0],[1,0],[51,655]]
[[0,0],[1,0],[94,655]]
[[0,0],[1,0],[141,655]]
[[0,0],[1,0],[43,655]]
[[0,0],[1,0],[138,655]]
[[0,0],[1,0],[27,655]]
[[0,0],[1,0],[136,655]]
[[0,0],[1,0],[132,655]]
[[0,0],[1,0],[101,655]]
[[0,0],[1,0],[48,655]]
[[0,0],[1,0],[72,655]]
[[0,0],[1,0],[256,655]]
[[0,0],[1,0],[416,655]]
[[0,0],[1,0],[151,655]]
[[0,0],[1,0],[62,655]]
[[0,0],[1,0],[456,655]]
[[0,0],[1,0],[421,655]]
[[0,0],[1,0],[216,655]]
[[0,0],[1,0],[34,655]]
[[0,0],[1,0],[271,655]]
[[0,0],[1,0],[18,655]]
[[0,0],[1,0],[56,655]]
[[0,0],[1,0],[206,655]]
[[0,0],[1,0],[316,655]]
[[0,0],[1,0],[366,655]]
[[0,0],[1,0],[59,655]]
[[0,0],[1,0],[44,655]]
[[0,0],[1,0],[341,655]]
[[0,0],[1,0],[37,655]]
[[0,0],[1,0],[176,655]]
[[0,0],[1,0],[221,655]]
[[0,0],[1,0],[401,655]]
[[0,0],[1,0],[336,655]]
[[0,0],[1,0],[521,655]]
[[0,0],[1,0],[158,655]]
[[0,0],[1,0],[124,655]]
[[0,0],[1,0],[139,655]]
[[0,0],[1,0],[394,655]]
[[0,0],[1,0],[68,655]]
[[0,0],[1,0],[102,655]]
[[0,0],[1,0],[159,655]]
[[0,0],[1,0],[67,655]]
[[0,0],[1,0],[113,655]]
[[0,0],[1,0],[33,655]]
[[0,0],[1,0],[201,655]]
[[0,0],[1,0],[81,655]]
[[0,0],[1,0],[66,655]]
[[0,0],[1,0],[168,655]]
[[0,0],[1,0],[21,655]]
[[0,0],[1,0],[53,655]]
[[0,0],[1,0],[4,655]]
[[0,0],[1,0],[114,655]]
[[0,0],[1,0],[107,655]]
[[0,0],[1,0],[525,655]]
[[0,0],[1,0],[24,655]]
[[0,0],[1,0],[257,655]]
[[0,0],[1,0],[17,655]]
[[0,0],[1,0],[1,655]]
[[0,0],[1,0],[491,655]]
[[0,0],[1,0],[121,655]]
[[0,0],[1,0],[23,655]]
[[0,0],[1,0],[74,655]]
[[0,0],[1,0],[103,655]]
[[0,0],[1,0],[142,655]]
[[0,0],[1,0],[14,655]]
[[0,0],[1,0],[71,655]]
[[0,0],[1,0],[351,655]]
[[0,0],[1,0],[93,655]]
[[0,0],[1,0],[39,655]]
[[0,0],[1,0],[311,655]]
[[0,0],[1,0],[2,655]]
[[0,0],[1,0],[96,655]]
[[0,0],[1,0],[22,655]]
[[0,0],[1,0],[251,655]]
[[0,0],[1,0],[291,655]]
[[0,0],[1,0],[326,655]]
[[0,0],[1,0],[49,655]]
[[0,0],[1,0],[86,655]]
[[0,0],[1,0],[29,655]]
[[0,0],[1,0],[161,655]]
[[0,0],[1,0],[3,655]]
[[0,0],[1,0],[211,655]]
[[0,0],[1,0],[11,655]]
[[0,0],[1,0],[376,655]]
[[0,0],[1,0],[222,655]]
[[0,0],[1,0],[26,655]]
[[0,0],[1,0],[111,655]]
[[0,0],[1,0],[133,655]]
[[0,0],[1,0],[172,655]]
[[0,0],[1,0],[46,655]]
[[0,0],[1,0],[149,655]]
[[0,0],[1,0],[32,655]]
[[0,0],[1,0],[47,655]]
[[0,0],[1,0],[19,655]]
[[0,0],[1,0],[152,655]]
[[0,0],[1,0],[31,655]]
[[0,0],[1,0],[196,655]]
[[0,0],[1,0],[76,655]]
[[0,0],[1,0],[481,655]]
[[0,0],[1,0],[87,655]]
[[0,0],[1,0],[146,655]]
[[0,0],[1,0],[276,655]]
[[0,0],[1,0],[148,655]]
[[0,0],[1,0],[52,655]]
[[0,0],[1,0],[38,655]]
[[0,0],[1,0],[104,655]]
[[0,0],[1,0],[9,655]]
