[[0,0],[1,0],[11,656]]
[[0,0],[1,0],[45,656]]
[[0,0],[2,0],[26,328]]
[[0,0],[2,0],[50,328]]
[[0,0],[1,0],[169,656]]
[[0,0],[1,0],[187,656]]
[[0,0],[2,0],[118,328]]
[[0,0],[1,0],[481,656]]
[[0,0],[1,0],[145,656]]
[[0,0],[4,0],[16,164]]
[[0,0],[1,0],[103,656]]
[[0,0],[1,0],[477,656]]
[[0,0],[1,0],[139,656]]
[[0,0],[1,0],[233,656]]
[[0,0],[2,0],[270,328]]
[[0,0],[2,0],[90,328]]
[[0,0],[2,0],[198,328]]
[[0,0],[2,0],[138,328]]
[[0,0],[2,0],[78,328]]
[[0,0],[1,0],[285,656]]
[[0,0],[1,0],[39,656]]
[[0,0],[1,0],[370,656]]
[[0,0],[1,0],[141,656]]
[[0,0],[1,0],[253,656]]
[[0,0],[1,0],[421,656]]
[[0,0],[2,0],[326,328]]
[[0,0],[1,0],[383,656]]
[[0,0],[1,0],[155,656]]
[[0,0],[1,0],[206,656]]
[[0,0],[1,0],[149,656]]
[[0,0],[2,0],[74,328]]
[[0,0],[1,0],[341,656]]
[[0,0],[1,0],[153,656]]
[[0,0],[1,0],[173,656]]
[[0,0],[1,0],[452,656]]
[[0,0],[1,0],[291,656]]
[[0,0],[1,0],[655,656]]
[[0,0],[1,0],[119,656]]
[[0,0],[1,0],[33,656]]
[[0,0],[2,0],[38,328]]
[[0,0],[1,0],[499,656]]
[[0,0],[1,0],[305,656]]
[[0,0],[1,0],[329,656]]
[[0,0],[1,0],[43,656]]
[[0,0],[2,0],[46,328]]
[[0,0],[1,0],[345,656]]
[[0,0],[2,0],[98,328]]
[[0,0],[1,0],[159,656]]
[[0,0],[1,0],[327,656]]
[[0,0],[1,0],[171,656]]
[[0,0],[1,0],[37,656]]
[[0,0],[1,0],[67,656]]
[[0,0],[1,0],[229,656]]
[[0,0],[1,0],[281,656]]
[[0,0],[4,0],[20,164]]
[[0,0],[1,0],[437,656]]
[[0,0],[2,0],[298,328]]
[[0,0],[2,0],[106,328]]
[[0,0],[1,0],[51,656]]
[[0,0],[1,0],[57,656]]
[[0,0],[1,0],[267,656]]
[[0,0],[1,0],[197,656]]
[[0,0],[1,0],[465,656]]
[[0,0],[1,0],[255,656]]
[[0,0],[1,0],[23,656]]
[[0,0],[1,0],[475,656]]
[[0,0],[2,0],[10,328]]
[[0,0],[1,0],[399,656]]
[[0,0],[1,0],[1,656]]
[[0,0],[1,0],[147,656]]
[[0,0],[4,0],[12,164]]
[[0,0],[1,0],[199,656]]
[[0,0],[1,0],[77,656]]
[[0,0],[2,0],[166,328]]
[[0,0],[1,0],[616,656]]
[[0,0],[1,0],[355,656]]
[[0,0],[1,0],[201,656]]
[[0,0],[1,0],[223,656]]
[[0,0],[1,0],[143,656]]
[[0,0],[1,0],[343,656]]
[[0,0],[1,0],[177,656]]
[[0,0],[1,0],[131,656]]
[[0,0],[1,0],[551,656]]
[[0,0],[1,0],[259,656]]
[[0,0],[2,0],[248,328]]
[[0,0],[1,0],[35,656]]
[[0,0],[1,0],[575,656]]
[[0,0],[1,0],[415,656]]
[[0,0],[1,0],[185,656]]
[[0,0],[1,0],[99,656]]
[[0,0],[1,0],[225,656]]
[[0,0],[1,0],[97,656]]
[[0,0],[2,0],[122,328]]
[[0,0],[2,0],[134,328]]
[[0,0],[1,0],[583,656]]
[[0,0],[1,0],[19,656]]
[[0,0],[1,0],[373,656]]
[[0,0],[1,0],[359,656]]
[[0,0],[2,0],[14,328]]
[[0,0],[1,0],[447,656]]
[[0,0],[1,0],[441,656]]
[[0,0],[1,0],[395,656]]
[[0,0],[1,0],[107,656]]
[[0,0],[1,0],[247,656]]
[[0,0],[1,0],[245,656]]
[[0,0],[2,0],[2,328]]
[[0,0],[2,0],[186,328]]
[[0,0],[1,0],[265,656]]
[[0,0],[1,0],[133,656]]
[[0,0],[1,0],[195,656]]
[[0,0],[1,0],[59,656]]
[[0,0],[1,0],[55,656]]
[[0,0],[1,0],[269,656]]
[[0,0],[1,0],[81,656]]
[[0,0],[1,0],[217,656]]
[[0,0],[1,0],[117,656]]
[[0,0],[1,0],[237,656]]
[[0,0],[2,0],[34,328]]
[[0,0],[1,0],[42,656]]
[[0,0],[2,0],[182,328]]
[[0,0],[1,0],[534,656]]
[[0,0],[1,0],[91,656]]
[[0,0],[1,0],[121,656]]
[[0,0],[1,0],[239,656]]
[[0,0],[1,0],[27,656]]
[[0,0],[1,0],[25,656]]
[[0,0],[1,0],[161,656]]
[[0,0],[1,0],[49,656]]
[[0,0],[2,0],[6,328]]
[[0,0],[1,0],[227,656]]
[[0,0],[1,0],[13,656]]
[[0,0],[1,0],[353,656]]
[[0,0],[1,0],[349,656]]
[[0,0],[1,0],[289,656]]
[[0,0],[2,0],[84,328]]
[[0,0],[1,0],[95,656]]
[[0,0],[2,0],[102,328]]
[[0,0],[1,0],[409,656]]
[[0,0],[1,0],[165,656]]
[[0,0],[1,0],[321,656]]
[[0,0],[2,0],[218,328]]
[[0,0],[1,0],[445,656]]
[[0,0],[4,0],[52,164]]
[[0,0],[1,0],[29,656]]
[[0,0],[1,0],[263,656]]
[[0,0],[4,0],[4,164]]
[[0,0],[1,0],[189,656]]
[[0,0],[1,0],[47,656]]
[[0,0],[2,0],[54,328]]
[[0,0],[1,0],[61,656]]
[[0,0],[1,0],[31,656]]
[[0,0],[4,0],[48,164]]
[[0,0],[1,0],[425,656]]
[[0,0],[1,0],[63,656]]
[[0,0],[2,0],[234,328]]
[[0,0],[2,0],[22,328]]
[[0,0],[2,0],[42,328]]
[[0,0],[2,0],[262,328]]
[[0,0],[1,0],[337,656]]
[[0,0],[1,0],[109,656]]
[[0,0],[1,0],[3,656]]
[[0,0],[1,0],[9,656]]
[[0,0],[1,0],[363,656]]
[[0,0],[2,0],[170,328]]
[[0,0],[1,0],[379,656]]
[[0,0],[1,0],[271,656]]
[[0,0],[1,0],[5,656]]
[[0,0],[1,0],[111,656]]
[[0,0],[1,0],[69,656]]
[[0,0],[1,0],[207,656]]
[[0,0],[1,0],[221,656]]
[[0,0],[1,0],[163,656]]
[[0,0],[1,0],[83,656]]
[[0,0],[1,0],[529,656]]
[[0,0],[1,0],[405,656]]
[[0,0],[1,0],[129,656]]
[[0,0],[1,0],[183,656]]
[[0,0],[1,0],[309,656]]
[[0,0],[1,0],[21,656]]
[[0,0],[2,0],[18,328]]
[[0,0],[2,0],[126,328]]
[[0,0],[1,0],[377,656]]
[[0,0],[2,0],[162,328]]
[[0,0],[1,0],[407,656]]
[[0,0],[1,0],[323,656]]
[[0,0],[1,0],[65,656]]
[[0,0],[1,0],[489,656]]
[[0,0],[2,0],[70,328]]
[[0,0],[4,0],[8,164]]
[[0,0],[1,0],[7,656]]
[[0,0],[1,0],[15,656]]
[[0,0],[1,0],[135,656]]
[[0,0],[2,0],[62,328]]
[[0,0],[1,0],[53,656]]
[[0,0],[2,0],[86,328]]
[[0,0],[1,0],[339,656]]
[[0,0],[1,0],[113,656]]
[[0,0],[1,0],[115,656]]
[[0,0],[2,0],[178,328]]
[[0,0],[1,0],[463,656]]
[[0,0],[1,0],[151,656]]
[[0,0],[1,0],[581,656]]
[[0,0],[1,0],[71,656]]
[[0,0],[2,0],[174,328]]
[[0,0],[1,0],[275,656]]
[[0,0],[1,0],[357,656]]
[[0,0],[1,0],[79,656]]
[[0,0],[1,0],[331,656]]
[[0,0],[1,0],[124,656]]
[[0,0],[1,0],[555,656]]
[[0,0],[1,0],[531,656]]
[[0,0],[1,0],[89,656]]
[[0,0],[1,0],[203,656]]
[[0,0],[1,0],[17,656]]
[[0,0],[1,0],[443,656]]
[[0,0],[4,0],[24,164]]
[[0,0],[1,0],[137,656]]
[[0,0],[1,0],[87,656]]
[[0,0],[1,0],[93,656]]
[[0,0],[1,0],[413,656]]
[[0,0],[1,0],[85,656]]
[[0,0],[1,0],[288,656]]
[[0,0],[2,0],[114,328]]
[[0,0],[1,0],[295,656]]
