[[0,0],[1,0],[11,657]]
[[0,0],[1,0],[181,657]]
[[0,0],[1,0],[169,657]]
[[0,0],[3,0],[18,219]]
[[0,0],[1,0],[481,657]]
[[0,0],[1,0],[145,657]]
[[0,0],[1,0],[103,657]]
[[0,0],[1,0],[34,657]]
[[0,0],[1,0],[487,657]]
[[0,0],[1,0],[175,657]]
[[0,0],[1,0],[253,657]]
[[0,0],[1,0],[364,657]]
[[0,0],[3,0],[12,219]]
[[0,0],[1,0],[283,657]]
[[0,0],[1,0],[457,657]]
[[0,0],[1,0],[70,657]]
[[0,0],[1,0],[280,657]]
[[0,0],[1,0],[50,657]]
[[0,0],[1,0],[157,657]]
[[0,0],[1,0],[148,657]]
[[0,0],[1,0],[334,657]]
[[0,0],[1,0],[173,657]]
[[0,0],[3,0],[6,219]]
[[0,0],[1,0],[403,657]]
[[0,0],[3,0],[3,219]]
[[0,0],[1,0],[119,657]]
[[0,0],[1,0],[256,657]]
[[0,0],[1,0],[250,657]]
[[0,0],[1,0],[412,657]]
[[0,0],[1,0],[32,657]]
[[0,0],[1,0],[205,657]]
[[0,0],[1,0],[46,657]]
[[0,0],[1,0],[43,657]]
[[0,0],[1,0],[211,657]]
[[0,0],[1,0],[277,657]]
[[0,0],[1,0],[37,657]]
[[0,0],[1,0],[67,657]]
[[0,0],[1,0],[229,657]]
[[0,0],[1,0],[418,657]]
[[0,0],[1,0],[202,657]]
[[0,0],[1,0],[104,657]]
[[0,0],[1,0],[433,657]]
[[0,0],[3,0],[21,219]]
[[0,0],[3,0],[9,219]]
[[0,0],[1,0],[80,657]]
[[0,0],[1,0],[23,657]]
[[0,0],[1,0],[1,657]]
[[0,0],[1,0],[301,657]]
[[0,0],[1,0],[147,657]]
[[0,0],[1,0],[199,657]]
[[0,0],[1,0],[226,657]]
[[0,0],[1,0],[77,657]]
[[0,0],[1,0],[223,657]]
[[0,0],[1,0],[88,657]]
[[0,0],[1,0],[235,657]]
[[0,0],[1,0],[143,657]]
[[0,0],[1,0],[179,657]]
[[0,0],[1,0],[22,657]]
[[0,0],[1,0],[98,657]]
[[0,0],[1,0],[131,657]]
[[0,0],[1,0],[259,657]]
[[0,0],[1,0],[35,657]]
[[0,0],[1,0],[406,657]]
[[0,0],[1,0],[74,657]]
[[0,0],[1,0],[97,657]]
[[0,0],[1,0],[136,657]]
[[0,0],[1,0],[585,657]]
[[0,0],[1,0],[19,657]]
[[0,0],[1,0],[373,657]]
[[0,0],[1,0],[190,657]]
[[0,0],[1,0],[142,657]]
[[0,0],[1,0],[466,657]]
[[0,0],[1,0],[127,657]]
[[0,0],[1,0],[4,657]]
[[0,0],[1,0],[130,657]]
[[0,0],[1,0],[10,657]]
[[0,0],[3,0],[24,219]]
[[0,0],[1,0],[44,657]]
[[0,0],[1,0],[265,657]]
[[0,0],[1,0],[133,657]]
[[0,0],[1,0],[172,657]]
[[0,0],[1,0],[55,657]]
[[0,0],[3,0],[51,219]]
[[0,0],[1,0],[16,657]]
[[0,0],[3,0],[45,219]]
[[0,0],[1,0],[427,657]]
[[0,0],[1,0],[52,657]]
[[0,0],[1,0],[232,657]]
[[0,0],[1,0],[257,657]]
[[0,0],[1,0],[86,657]]
[[0,0],[1,0],[14,657]]
[[0,0],[1,0],[610,657]]
[[0,0],[1,0],[91,657]]
[[0,0],[1,0],[121,657]]
[[0,0],[1,0],[25,657]]
[[0,0],[1,0],[125,657]]
[[0,0],[1,0],[161,657]]
[[0,0],[1,0],[220,657]]
[[0,0],[1,0],[49,657]]
[[0,0],[1,0],[13,657]]
[[0,0],[3,0],[42,219]]
[[0,0],[1,0],[349,657]]
[[0,0],[1,0],[289,657]]
[[0,0],[1,0],[160,657]]
[[0,0],[1,0],[56,657]]
[[0,0],[3,0],[33,219]]
[[0,0],[1,0],[512,657]]
[[0,0],[1,0],[38,657]]
[[0,0],[3,0],[15,219]]
[[0,0],[1,0],[29,657]]
[[0,0],[1,0],[110,657]]
[[0,0],[1,0],[20,657]]
[[0,0],[1,0],[82,657]]
[[0,0],[1,0],[28,657]]
[[0,0],[1,0],[505,657]]
[[0,0],[1,0],[61,657]]
[[0,0],[1,0],[2,657]]
[[0,0],[1,0],[31,657]]
[[0,0],[3,0],[27,219]]
[[0,0],[1,0],[313,657]]
[[0,0],[1,0],[565,657]]
[[0,0],[1,0],[325,657]]
[[0,0],[1,0],[109,657]]
[[0,0],[1,0],[379,657]]
[[0,0],[1,0],[394,657]]
[[0,0],[1,0],[271,657]]
[[0,0],[1,0],[5,657]]
[[0,0],[1,0],[196,657]]
[[0,0],[1,0],[163,657]]
[[0,0],[1,0],[8,657]]
[[0,0],[1,0],[319,657]]
[[0,0],[1,0],[134,657]]
[[0,0],[1,0],[529,657]]
[[0,0],[1,0],[76,657]]
[[0,0],[1,0],[541,657]]
[[0,0],[1,0],[328,657]]
[[0,0],[1,0],[589,657]]
[[0,0],[3,0],[48,219]]
[[0,0],[1,0],[366,657]]
[[0,0],[1,0],[562,657]]
[[0,0],[1,0],[166,657]]
[[0,0],[1,0],[65,657]]
[[0,0],[1,0],[64,657]]
[[0,0],[1,0],[26,657]]
[[0,0],[1,0],[244,657]]
[[0,0],[1,0],[178,657]]
[[0,0],[1,0],[436,657]]
[[0,0],[1,0],[7,657]]
[[0,0],[1,0],[53,657]]
[[0,0],[1,0],[167,657]]
[[0,0],[1,0],[358,657]]
[[0,0],[1,0],[118,657]]
[[0,0],[1,0],[151,657]]
[[0,0],[1,0],[340,657]]
[[0,0],[1,0],[79,657]]
[[0,0],[1,0],[331,657]]
[[0,0],[1,0],[124,657]]
[[0,0],[1,0],[89,657]]
[[0,0],[1,0],[40,657]]
[[0,0],[1,0],[17,657]]
[[0,0],[1,0],[137,657]]
[[0,0],[1,0],[595,657]]
[[0,0],[1,0],[307,657]]
[[0,0],[1,0],[85,657]]
