[[0,0],[1,0],[45,658]]
[[0,0],[1,0],[612,658]]
[[0,0],[1,0],[11,658]]
[[0,0],[1,0],[638,658]]
[[0,0],[1,0],[169,658]]
[[0,0],[1,0],[513,658]]
[[0,0],[1,0],[187,658]]
[[0,0],[1,0],[36,658]]
[[0,0],[1,0],[233,658]]
[[0,0],[1,0],[103,658]]
[[0,0],[1,0],[139,658]]
[[0,0],[2,0],[49,329]]
[[0,0],[1,0],[330,658]]
[[0,0],[1,0],[652,658]]
[[0,0],[1,0],[253,658]]
[[0,0],[1,0],[39,658]]
[[0,0],[1,0],[193,658]]
[[0,0],[1,0],[283,658]]
[[0,0],[1,0],[484,658]]
[[0,0],[1,0],[50,658]]
[[0,0],[1,0],[383,658]]
[[0,0],[1,0],[148,658]]
[[0,0],[1,0],[157,658]]
[[0,0],[1,0],[155,658]]
[[0,0],[1,0],[341,658]]
[[0,0],[1,0],[120,658]]
[[0,0],[1,0],[173,658]]
[[0,0],[1,0],[153,658]]
[[0,0],[1,0],[75,658]]
[[0,0],[1,0],[291,658]]
[[0,0],[1,0],[526,658]]
[[0,0],[1,0],[33,658]]
[[0,0],[1,0],[246,658]]
[[0,0],[1,0],[205,658]]
[[0,0],[1,0],[400,658]]
[[0,0],[1,0],[554,658]]
[[0,0],[1,0],[43,658]]
[[0,0],[1,0],[345,658]]
[[0,0],[1,0],[277,658]]
[[0,0],[1,0],[211,658]]
[[0,0],[1,0],[37,658]]
[[0,0],[1,0],[596,658]]
[[0,0],[1,0],[159,658]]
[[0,0],[1,0],[327,658]]
[[0,0],[1,0],[281,658]]
[[0,0],[1,0],[171,658]]
[[0,0],[1,0],[433,658]]
[[0,0],[1,0],[67,658]]
[[0,0],[1,0],[57,658]]
[[0,0],[1,0],[197,658]]
[[0,0],[1,0],[78,658]]
[[0,0],[1,0],[51,658]]
[[0,0],[1,0],[267,658]]
[[0,0],[1,0],[582,658]]
[[0,0],[1,0],[1,658]]
[[0,0],[1,0],[255,658]]
[[0,0],[1,0],[23,658]]
[[0,0],[1,0],[475,658]]
[[0,0],[1,0],[219,658]]
[[0,0],[1,0],[201,658]]
[[0,0],[1,0],[199,658]]
[[0,0],[1,0],[355,658]]
[[0,0],[1,0],[223,658]]
[[0,0],[1,0],[241,658]]
[[0,0],[1,0],[657,658]]
[[0,0],[1,0],[143,658]]
[[0,0],[1,0],[236,658]]
[[0,0],[1,0],[498,658]]
[[0,0],[1,0],[22,658]]
[[0,0],[1,0],[177,658]]
[[0,0],[1,0],[179,658]]
[[0,0],[1,0],[424,658]]
[[0,0],[1,0],[92,658]]
[[0,0],[1,0],[131,658]]
[[0,0],[1,0],[185,658]]
[[0,0],[1,0],[97,658]]
[[0,0],[1,0],[415,658]]
[[0,0],[1,0],[99,658]]
[[0,0],[1,0],[535,658]]
[[0,0],[1,0],[373,658]]
[[0,0],[1,0],[495,658]]
[[0,0],[1,0],[260,658]]
[[0,0],[1,0],[19,658]]
[[0,0],[1,0],[190,658]]
[[0,0],[1,0],[142,658]]
[[0,0],[1,0],[107,658]]
[[0,0],[1,0],[247,658]]
[[0,0],[1,0],[302,658]]
[[0,0],[1,0],[265,658]]
[[0,0],[1,0],[59,658]]
[[0,0],[1,0],[55,658]]
[[0,0],[1,0],[387,658]]
[[0,0],[1,0],[237,658]]
[[0,0],[1,0],[361,658]]
[[0,0],[1,0],[232,658]]
[[0,0],[1,0],[257,658]]
[[0,0],[1,0],[176,658]]
[[0,0],[1,0],[121,658]]
[[0,0],[1,0],[25,658]]
[[0,0],[1,0],[610,658]]
[[0,0],[1,0],[125,658]]
[[0,0],[1,0],[239,658]]
[[0,0],[1,0],[27,658]]
[[0,0],[1,0],[13,658]]
[[0,0],[1,0],[227,658]]
[[0,0],[1,0],[353,658]]
[[0,0],[1,0],[289,658]]
[[0,0],[1,0],[386,658]]
[[0,0],[1,0],[101,658]]
[[0,0],[1,0],[95,658]]
[[0,0],[1,0],[512,658]]
[[0,0],[1,0],[218,658]]
[[0,0],[1,0],[165,658]]
[[0,0],[1,0],[409,658]]
[[0,0],[1,0],[523,658]]
[[0,0],[1,0],[547,658]]
[[0,0],[1,0],[445,658]]
[[0,0],[1,0],[429,658]]
[[0,0],[1,0],[29,658]]
[[0,0],[1,0],[263,658]]
[[0,0],[1,0],[189,658]]
[[0,0],[1,0],[61,658]]
[[0,0],[1,0],[347,658]]
[[0,0],[1,0],[389,658]]
[[0,0],[1,0],[31,658]]
[[0,0],[1,0],[397,658]]
[[0,0],[1,0],[325,658]]
[[0,0],[1,0],[337,658]]
[[0,0],[1,0],[299,658]]
[[0,0],[1,0],[109,658]]
[[0,0],[1,0],[9,658]]
[[0,0],[1,0],[442,658]]
[[0,0],[1,0],[3,658]]
[[0,0],[1,0],[518,658]]
[[0,0],[1,0],[316,658]]
[[0,0],[1,0],[456,658]]
[[0,0],[1,0],[363,658]]
[[0,0],[1,0],[5,658]]
[[0,0],[1,0],[379,658]]
[[0,0],[1,0],[69,658]]
[[0,0],[1,0],[221,658]]
[[0,0],[1,0],[8,658]]
[[0,0],[1,0],[207,658]]
[[0,0],[1,0],[509,658]]
[[0,0],[1,0],[83,658]]
[[0,0],[1,0],[319,658]]
[[0,0],[1,0],[541,658]]
[[0,0],[1,0],[540,658]]
[[0,0],[1,0],[48,658]]
[[0,0],[1,0],[129,658]]
[[0,0],[1,0],[134,658]]
[[0,0],[1,0],[309,658]]
[[0,0],[1,0],[41,658]]
[[0,0],[1,0],[377,658]]
[[0,0],[1,0],[545,658]]
[[0,0],[1,0],[568,658]]
[[0,0],[1,0],[579,658]]
[[0,0],[1,0],[204,658]]
[[0,0],[1,0],[407,658]]
[[0,0],[1,0],[372,658]]
[[0,0],[1,0],[65,658]]
[[0,0],[1,0],[323,658]]
[[0,0],[1,0],[64,658]]
[[0,0],[1,0],[15,658]]
[[0,0],[1,0],[162,658]]
[[0,0],[1,0],[53,658]]
[[0,0],[1,0],[344,658]]
[[0,0],[1,0],[167,658]]
[[0,0],[1,0],[358,658]]
[[0,0],[1,0],[191,658]]
[[0,0],[1,0],[106,658]]
[[0,0],[1,0],[274,658]]
[[0,0],[1,0],[463,658]]
[[0,0],[1,0],[73,658]]
[[0,0],[1,0],[365,658]]
[[0,0],[1,0],[151,658]]
[[0,0],[1,0],[428,658]]
[[0,0],[1,0],[414,658]]
[[0,0],[1,0],[71,658]]
[[0,0],[1,0],[543,658]]
[[0,0],[1,0],[89,658]]
[[0,0],[1,0],[17,658]]
[[0,0],[1,0],[531,658]]
[[0,0],[1,0],[137,658]]
[[0,0],[1,0],[624,658]]
[[0,0],[1,0],[443,658]]
[[0,0],[1,0],[93,658]]
[[0,0],[1,0],[85,658]]
[[0,0],[1,0],[87,658]]
[[0,0],[1,0],[209,658]]
[[0,0],[1,0],[288,658]]
[[0,0],[1,0],[307,658]]
[[0,0],[1,0],[577,658]]
[[0,0],[1,0],[181,658]]
