[[0,0],[1,0],[63,659]]
[[0,0],[1,0],[175,659]]
[[0,0],[1,0],[8,659]]
[[0,0],[1,0],[16,659]]
[[0,0],[1,0],[130,659]]
[[0,0],[1,0],[9,659]]
[[0,0],[1,0],[106,659]]
[[0,0],[1,0],[40,659]]
[[0,0],[1,0],[12,659]]
[[0,0],[1,0],[83,659]]
[[0,0],[1,0],[6,659]]
[[0,0],[1,0],[117,659]]
[[0,0],[1,0],[43,659]]
[[0,0],[1,0],[13,659]]
[[0,0],[1,0],[28,659]]
[[0,0],[1,0],[36,659]]
[[0,0],[1,0],[101,659]]
[[0,0],[1,0],[141,659]]
[[0,0],[1,0],[51,659]]
[[0,0],[1,0],[200,659]]
[[0,0],[1,0],[138,659]]
[[0,0],[1,0],[199,659]]
[[0,0],[1,0],[73,659]]
[[0,0],[1,0],[58,659]]
[[0,0],[1,0],[91,659]]
[[0,0],[1,0],[75,659]]
[[0,0],[1,0],[18,659]]
[[0,0],[1,0],[72,659]]
[[0,0],[1,0],[5,659]]
[[0,0],[1,0],[64,659]]
[[0,0],[1,0],[70,659]]
[[0,0],[1,0],[90,659]]
[[0,0],[1,0],[54,659]]
[[0,0],[1,0],[27,659]]
[[0,0],[1,0],[37,659]]
[[0,0],[1,0],[129,659]]
[[0,0],[1,0],[97,659]]
[[0,0],[1,0],[100,659]]
[[0,0],[1,0],[190,659]]
[[0,0],[1,0],[209,659]]
[[0,0],[1,0],[99,659]]
[[0,0],[1,0],[219,659]]
[[0,0],[1,0],[80,659]]
[[0,0],[1,0],[42,659]]
[[0,0],[1,0],[15,659]]
[[0,0],[1,0],[57,659]]
[[0,0],[1,0],[84,659]]
[[0,0],[1,0],[128,659]]
[[0,0],[1,0],[230,659]]
[[0,0],[1,0],[59,659]]
[[0,0],[1,0],[35,659]]
[[0,0],[1,0],[92,659]]
[[0,0],[1,0],[131,659]]
[[0,0],[1,0],[116,659]]
[[0,0],[1,0],[162,659]]
[[0,0],[1,0],[107,659]]
[[0,0],[1,0],[212,659]]
[[0,0],[1,0],[89,659]]
[[0,0],[1,0],[158,659]]
[[0,0],[1,0],[121,659]]
[[0,0],[1,0],[71,659]]
[[0,0],[1,0],[189,659]]
[[0,0],[1,0],[142,659]]
[[0,0],[1,0],[198,659]]
[[0,0],[1,0],[14,659]]
[[0,0],[1,0],[39,659]]
[[0,0],[1,0],[41,659]]
[[0,0],[1,0],[74,659]]
[[0,0],[1,0],[21,659]]
[[0,0],[1,0],[98,659]]
[[0,0],[1,0],[4,659]]
[[0,0],[1,0],[109,659]]
[[0,0],[1,0],[1,659]]
[[0,0],[1,0],[159,659]]
[[0,0],[1,0],[118,659]]
[[0,0],[1,0],[50,659]]
[[0,0],[1,0],[23,659]]
[[0,0],[1,0],[160,659]]
[[0,0],[1,0],[115,659]]
[[0,0],[1,0],[81,659]]
[[0,0],[1,0],[135,659]]
[[0,0],[1,0],[163,659]]
[[0,0],[1,0],[24,659]]
[[0,0],[1,0],[11,659]]
[[0,0],[1,0],[20,659]]
[[0,0],[1,0],[17,659]]
[[0,0],[1,0],[2,659]]
[[0,0],[1,0],[157,659]]
[[0,0],[1,0],[161,659]]
[[0,0],[1,0],[82,659]]
[[0,0],[1,0],[93,659]]
[[0,0],[1,0],[96,659]]
[[0,0],[1,0],[65,659]]
[[0,0],[1,0],[69,659]]
[[0,0],[1,0],[88,659]]
[[0,0],[1,0],[10,659]]
[[0,0],[1,0],[197,659]]
[[0,0],[1,0],[19,659]]
[[0,0],[1,0],[22,659]]
[[0,0],[1,0],[29,659]]
[[0,0],[1,0],[164,659]]
[[0,0],[1,0],[49,659]]
[[0,0],[1,0],[78,659]]
[[0,0],[1,0],[79,659]]
[[0,0],[1,0],[38,659]]
[[0,0],[1,0],[7,659]]
[[0,0],[1,0],[25,659]]
[[0,0],[1,0],[3,659]]
[[0,0],[1,0],[32,659]]
[[0,0],[1,0],[26,659]]
[[0,0],[1,0],[108,659]]
