[[0,0],[1,0],[7,66]]
[[0,0],[1,0],[4,66]]
[[0,0],[1,0],[40,66]]
[[0,0],[1,0],[43,66]]
[[0,0],[1,0],[1,66]]
[[0,0],[1,0],[58,66]]
[[0,0],[2,0],[24,33]]
[[0,0],[1,0],[13,66]]
[[0,0],[1,0],[16,66]]
[[0,0],[1,0],[17,66]]
[[0,0],[1,0],[34,66]]
[[0,0],[1,0],[31,66]]
[[0,0],[1,0],[52,66]]
[[0,0],[1,0],[5,66]]
[[0,0],[1,0],[47,66]]
[[0,0],[1,0],[28,66]]
[[0,0],[1,0],[56,66]]
[[0,0],[1,0],[25,66]]
[[0,0],[1,0],[64,66]]
[[0,0],[1,0],[45,66]]
[[0,0],[1,0],[23,66]]
[[0,0],[1,0],[29,66]]
[[0,0],[1,0],[12,66]]
[[0,0],[1,0],[46,66]]
[[0,0],[1,0],[10,66]]
[[0,0],[1,0],[65,66]]
