[[0,0],[1,0],[12,665]]
[[0,0],[1,0],[435,665]]
[[0,0],[1,0],[85,665]]
[[0,0],[1,0],[295,665]]
[[0,0],[1,0],[18,665]]
[[0,0],[1,0],[181,665]]
[[0,0],[1,0],[11,665]]
[[0,0],[1,0],[419,665]]
[[0,0],[1,0],[169,665]]
[[0,0],[1,0],[330,665]]
[[0,0],[1,0],[141,665]]
[[0,0],[1,0],[103,665]]
[[0,0],[1,0],[36,665]]
[[0,0],[1,0],[609,665]]
[[0,0],[1,0],[34,665]]
[[0,0],[1,0],[62,665]]
[[0,0],[1,0],[431,665]]
[[0,0],[1,0],[39,665]]
[[0,0],[1,0],[120,665]]
[[0,0],[1,0],[421,665]]
[[0,0],[1,0],[50,665]]
[[0,0],[1,0],[155,665]]
[[0,0],[1,0],[206,665]]
[[0,0],[1,0],[149,665]]
[[0,0],[1,0],[246,665]]
[[0,0],[1,0],[33,665]]
[[0,0],[1,0],[148,665]]
[[0,0],[1,0],[645,665]]
[[0,0],[1,0],[341,665]]
[[0,0],[1,0],[153,665]]
[[0,0],[1,0],[305,665]]
[[0,0],[1,0],[554,665]]
[[0,0],[1,0],[184,665]]
[[0,0],[1,0],[211,665]]
[[0,0],[1,0],[32,665]]
[[0,0],[1,0],[67,665]]
[[0,0],[1,0],[46,665]]
[[0,0],[1,0],[202,665]]
[[0,0],[1,0],[43,665]]
[[0,0],[1,0],[104,665]]
[[0,0],[1,0],[400,665]]
[[0,0],[1,0],[470,665]]
[[0,0],[1,0],[51,665]]
[[0,0],[1,0],[476,665]]
[[0,0],[1,0],[229,665]]
[[0,0],[1,0],[208,665]]
[[0,0],[1,0],[1,665]]
[[0,0],[1,0],[78,665]]
[[0,0],[1,0],[267,665]]
[[0,0],[1,0],[197,665]]
[[0,0],[1,0],[77,665]]
[[0,0],[1,0],[286,665]]
[[0,0],[1,0],[23,665]]
[[0,0],[1,0],[22,665]]
[[0,0],[1,0],[68,665]]
[[0,0],[1,0],[241,665]]
[[0,0],[1,0],[219,665]]
[[0,0],[1,0],[92,665]]
[[0,0],[1,0],[226,665]]
[[0,0],[1,0],[575,665]]
[[0,0],[1,0],[201,665]]
[[0,0],[1,0],[99,665]]
[[0,0],[1,0],[225,665]]
[[0,0],[1,0],[376,665]]
[[0,0],[1,0],[6,665]]
[[0,0],[1,0],[136,665]]
[[0,0],[1,0],[343,665]]
[[0,0],[1,0],[495,665]]
[[0,0],[1,0],[96,665]]
[[0,0],[1,0],[127,665]]
[[0,0],[1,0],[276,665]]
[[0,0],[1,0],[260,665]]
[[0,0],[1,0],[142,665]]
[[0,0],[1,0],[186,665]]
[[0,0],[1,0],[44,665]]
[[0,0],[1,0],[4,665]]
[[0,0],[5,0],[119,133]]
[[0,0],[1,0],[248,665]]
[[0,0],[1,0],[81,665]]
[[0,0],[1,0],[216,665]]
[[0,0],[1,0],[59,665]]
[[0,0],[1,0],[86,665]]
[[0,0],[1,0],[58,665]]
[[0,0],[1,0],[16,665]]
[[0,0],[1,0],[416,665]]
[[0,0],[1,0],[52,665]]
[[0,0],[1,0],[13,665]]
[[0,0],[1,0],[176,665]]
[[0,0],[1,0],[610,665]]
[[0,0],[1,0],[438,665]]
[[0,0],[1,0],[27,665]]
[[0,0],[1,0],[356,665]]
[[0,0],[1,0],[218,665]]
[[0,0],[1,0],[519,665]]
[[0,0],[1,0],[321,665]]
[[0,0],[1,0],[547,665]]
[[0,0],[1,0],[386,665]]
[[0,0],[1,0],[411,665]]
[[0,0],[1,0],[29,665]]
[[0,0],[1,0],[101,665]]
[[0,0],[1,0],[296,665]]
[[0,0],[1,0],[47,665]]
[[0,0],[1,0],[61,665]]
[[0,0],[1,0],[31,665]]
[[0,0],[1,0],[20,665]]
[[0,0],[1,0],[505,665]]
[[0,0],[1,0],[72,665]]
[[0,0],[1,0],[2,665]]
[[0,0],[1,0],[442,665]]
[[0,0],[1,0],[3,665]]
[[0,0],[1,0],[456,665]]
[[0,0],[1,0],[271,665]]
[[0,0],[1,0],[221,665]]
[[0,0],[1,0],[8,665]]
[[0,0],[1,0],[134,665]]
[[0,0],[1,0],[9,665]]
[[0,0],[1,0],[94,665]]
[[0,0],[1,0],[540,665]]
[[0,0],[1,0],[541,665]]
[[0,0],[1,0],[129,665]]
[[0,0],[1,0],[24,665]]
[[0,0],[1,0],[379,665]]
[[0,0],[1,0],[471,665]]
[[0,0],[1,0],[69,665]]
[[0,0],[1,0],[426,665]]
[[0,0],[1,0],[123,665]]
[[0,0],[1,0],[54,665]]
[[0,0],[1,0],[568,665]]
[[0,0],[1,0],[204,665]]
[[0,0],[1,0],[166,665]]
[[0,0],[1,0],[48,665]]
[[0,0],[1,0],[183,665]]
[[0,0],[1,0],[41,665]]
[[0,0],[1,0],[366,665]]
[[0,0],[1,0],[26,665]]
[[0,0],[1,0],[396,665]]
[[0,0],[1,0],[15,665]]
[[0,0],[1,0],[372,665]]
[[0,0],[1,0],[64,665]]
[[0,0],[1,0],[113,665]]
[[0,0],[1,0],[358,665]]
[[0,0],[1,0],[191,665]]
[[0,0],[1,0],[178,665]]
[[0,0],[1,0],[106,665]]
[[0,0],[1,0],[115,665]]
[[0,0],[1,0],[53,665]]
[[0,0],[1,0],[251,665]]
[[0,0],[1,0],[365,665]]
[[0,0],[1,0],[428,665]]
[[0,0],[1,0],[274,665]]
[[0,0],[1,0],[79,665]]
[[0,0],[1,0],[590,665]]
[[0,0],[1,0],[151,665]]
[[0,0],[1,0],[628,665]]
[[0,0],[1,0],[531,665]]
[[0,0],[1,0],[73,665]]
[[0,0],[1,0],[17,665]]
[[0,0],[1,0],[71,665]]
[[0,0],[1,0],[66,665]]
[[0,0],[1,0],[93,665]]
[[0,0],[1,0],[591,665]]
[[0,0],[1,0],[128,665]]
[[0,0],[1,0],[87,665]]
[[0,0],[1,0],[401,665]]
