[[0,0],[1,0],[106,667]]
[[0,0],[1,0],[40,667]]
[[0,0],[1,0],[12,667]]
[[0,0],[1,0],[83,667]]
[[0,0],[1,0],[6,667]]
[[0,0],[1,0],[231,667]]
[[0,0],[1,0],[30,667]]
[[0,0],[1,0],[13,667]]
[[0,0],[1,0],[28,667]]
[[0,0],[1,0],[16,667]]
[[0,0],[1,0],[215,667]]
[[0,0],[1,0],[9,667]]
[[0,0],[1,0],[61,667]]
[[0,0],[1,0],[153,667]]
[[0,0],[1,0],[346,667]]
[[0,0],[1,0],[117,667]]
[[0,0],[1,0],[217,667]]
[[0,0],[1,0],[105,667]]
[[0,0],[1,0],[36,667]]
[[0,0],[1,0],[552,667]]
[[0,0],[1,0],[461,667]]
[[0,0],[1,0],[277,667]]
[[0,0],[1,0],[72,667]]
[[0,0],[1,0],[48,667]]
[[0,0],[1,0],[73,667]]
[[0,0],[1,0],[70,667]]
[[0,0],[1,0],[54,667]]
[[0,0],[1,0],[18,667]]
[[0,0],[1,0],[94,667]]
[[0,0],[1,0],[349,667]]
[[0,0],[1,0],[185,667]]
[[0,0],[1,0],[5,667]]
[[0,0],[1,0],[64,667]]
[[0,0],[1,0],[166,667]]
[[0,0],[1,0],[179,667]]
[[0,0],[1,0],[99,667]]
[[0,0],[1,0],[27,667]]
[[0,0],[1,0],[45,667]]
[[0,0],[1,0],[42,667]]
[[0,0],[1,0],[320,667]]
[[0,0],[1,0],[15,667]]
[[0,0],[1,0],[195,667]]
[[0,0],[1,0],[62,667]]
[[0,0],[1,0],[204,667]]
[[0,0],[1,0],[34,667]]
[[0,0],[1,0],[216,667]]
[[0,0],[1,0],[57,667]]
[[0,0],[1,0],[84,667]]
[[0,0],[1,0],[35,667]]
[[0,0],[1,0],[205,667]]
[[0,0],[1,0],[56,667]]
[[0,0],[1,0],[119,667]]
[[0,0],[1,0],[392,667]]
[[0,0],[1,0],[114,667]]
[[0,0],[1,0],[33,667]]
[[0,0],[1,0],[254,667]]
[[0,0],[1,0],[59,667]]
[[0,0],[1,0],[107,667]]
[[0,0],[1,0],[124,667]]
[[0,0],[1,0],[68,667]]
[[0,0],[1,0],[1,667]]
[[0,0],[1,0],[121,667]]
[[0,0],[1,0],[71,667]]
[[0,0],[1,0],[436,667]]
[[0,0],[1,0],[66,667]]
[[0,0],[1,0],[14,667]]
[[0,0],[1,0],[39,667]]
[[0,0],[1,0],[41,667]]
[[0,0],[1,0],[21,667]]
[[0,0],[1,0],[53,667]]
[[0,0],[1,0],[4,667]]
[[0,0],[1,0],[113,667]]
[[0,0],[1,0],[67,667]]
[[0,0],[1,0],[303,667]]
[[0,0],[1,0],[110,667]]
[[0,0],[1,0],[24,667]]
[[0,0],[1,0],[160,667]]
[[0,0],[1,0],[415,667]]
[[0,0],[1,0],[17,667]]
[[0,0],[1,0],[134,667]]
[[0,0],[1,0],[55,667]]
[[0,0],[1,0],[60,667]]
[[0,0],[1,0],[93,667]]
[[0,0],[1,0],[65,667]]
[[0,0],[1,0],[11,667]]
[[0,0],[1,0],[262,667]]
[[0,0],[1,0],[20,667]]
[[0,0],[1,0],[2,667]]
[[0,0],[1,0],[95,667]]
[[0,0],[1,0],[47,667]]
[[0,0],[1,0],[88,667]]
[[0,0],[1,0],[194,667]]
[[0,0],[1,0],[10,667]]
[[0,0],[1,0],[82,667]]
[[0,0],[1,0],[96,667]]
[[0,0],[1,0],[76,667]]
[[0,0],[1,0],[146,667]]
[[0,0],[1,0],[19,667]]
[[0,0],[1,0],[22,667]]
[[0,0],[1,0],[148,667]]
[[0,0],[1,0],[52,667]]
[[0,0],[1,0],[576,667]]
[[0,0],[1,0],[49,667]]
[[0,0],[1,0],[86,667]]
[[0,0],[1,0],[104,667]]
[[0,0],[1,0],[3,667]]
[[0,0],[1,0],[85,667]]
[[0,0],[1,0],[197,667]]
[[0,0],[1,0],[26,667]]
[[0,0],[1,0],[178,667]]
[[0,0],[1,0],[169,667]]
[[0,0],[1,0],[300,667]]
[[0,0],[1,0],[147,667]]
[[0,0],[1,0],[7,667]]
[[0,0],[1,0],[31,667]]
[[0,0],[1,0],[25,667]]
[[0,0],[1,0],[63,667]]
[[0,0],[1,0],[196,667]]
[[0,0],[1,0],[32,667]]
[[0,0],[1,0],[120,667]]
[[0,0],[1,0],[175,667]]
[[0,0],[1,0],[8,667]]
