[[0,0],[1,0],[87,670]]
[[0,0],[1,0],[11,670]]
[[0,0],[1,0],[311,670]]
[[0,0],[1,0],[169,670]]
[[0,0],[1,0],[181,670]]
[[0,0],[1,0],[609,670]]
[[0,0],[1,0],[233,670]]
[[0,0],[1,0],[213,670]]
[[0,0],[1,0],[193,670]]
[[0,0],[2,0],[270,335]]
[[0,0],[1,0],[141,670]]
[[0,0],[1,0],[139,670]]
[[0,0],[1,0],[36,670]]
[[0,0],[1,0],[253,670]]
[[0,0],[1,0],[626,670]]
[[0,0],[1,0],[103,670]]
[[0,0],[1,0],[556,670]]
[[0,0],[1,0],[297,670]]
[[0,0],[1,0],[266,670]]
[[0,0],[1,0],[656,670]]
[[0,0],[1,0],[157,670]]
[[0,0],[1,0],[39,670]]
[[0,0],[1,0],[291,670]]
[[0,0],[1,0],[173,670]]
[[0,0],[1,0],[403,670]]
[[0,0],[1,0],[553,670]]
[[0,0],[1,0],[33,670]]
[[0,0],[1,0],[206,670]]
[[0,0],[1,0],[246,670]]
[[0,0],[1,0],[526,670]]
[[0,0],[1,0],[341,670]]
[[0,0],[1,0],[261,670]]
[[0,0],[1,0],[256,670]]
[[0,0],[1,0],[119,670]]
[[0,0],[1,0],[46,670]]
[[0,0],[1,0],[43,670]]
[[0,0],[1,0],[470,670]]
[[0,0],[1,0],[51,670]]
[[0,0],[1,0],[507,670]]
[[0,0],[1,0],[202,670]]
[[0,0],[1,0],[1,670]]
[[0,0],[1,0],[171,670]]
[[0,0],[1,0],[483,670]]
[[0,0],[1,0],[476,670]]
[[0,0],[1,0],[277,670]]
[[0,0],[1,0],[57,670]]
[[0,0],[1,0],[596,670]]
[[0,0],[1,0],[147,670]]
[[0,0],[1,0],[37,670]]
[[0,0],[1,0],[301,670]]
[[0,0],[1,0],[616,670]]
[[0,0],[1,0],[669,670]]
[[0,0],[1,0],[286,670]]
[[0,0],[1,0],[77,670]]
[[0,0],[1,0],[197,670]]
[[0,0],[1,0],[241,670]]
[[0,0],[1,0],[179,670]]
[[0,0],[1,0],[287,670]]
[[0,0],[1,0],[586,670]]
[[0,0],[1,0],[219,670]]
[[0,0],[1,0],[131,670]]
[[0,0],[1,0],[23,670]]
[[0,0],[1,0],[223,670]]
[[0,0],[1,0],[68,670]]
[[0,0],[1,0],[143,670]]
[[0,0],[1,0],[236,670]]
[[0,0],[1,0],[97,670]]
[[0,0],[1,0],[376,670]]
[[0,0],[1,0],[406,670]]
[[0,0],[1,0],[99,670]]
[[0,0],[1,0],[136,670]]
[[0,0],[1,0],[6,670]]
[[0,0],[1,0],[199,670]]
[[0,0],[1,0],[226,670]]
[[0,0],[1,0],[19,670]]
[[0,0],[1,0],[96,670]]
[[0,0],[1,0],[343,670]]
[[0,0],[1,0],[116,670]]
[[0,0],[1,0],[127,670]]
[[0,0],[1,0],[279,670]]
[[0,0],[1,0],[276,670]]
[[0,0],[1,0],[441,670]]
[[0,0],[1,0],[107,670]]
[[0,0],[1,0],[466,670]]
[[0,0],[1,0],[186,670]]
[[0,0],[1,0],[387,670]]
[[0,0],[1,0],[81,670]]
[[0,0],[1,0],[269,670]]
[[0,0],[1,0],[216,670]]
[[0,0],[1,0],[566,670]]
[[0,0],[1,0],[247,670]]
[[0,0],[1,0],[237,670]]
[[0,0],[1,0],[59,670]]
[[0,0],[1,0],[133,670]]
[[0,0],[1,0],[346,670]]
[[0,0],[1,0],[336,670]]
[[0,0],[1,0],[16,670]]
[[0,0],[1,0],[86,670]]
[[0,0],[1,0],[217,670]]
[[0,0],[1,0],[459,670]]
[[0,0],[1,0],[416,670]]
[[0,0],[1,0],[361,670]]
[[0,0],[1,0],[161,670]]
[[0,0],[1,0],[49,670]]
[[0,0],[1,0],[239,670]]
[[0,0],[1,0],[176,670]]
[[0,0],[1,0],[353,670]]
[[0,0],[1,0],[121,670]]
[[0,0],[1,0],[126,670]]
[[0,0],[1,0],[289,670]]
[[0,0],[1,0],[13,670]]
[[0,0],[1,0],[56,670]]
[[0,0],[1,0],[486,670]]
[[0,0],[1,0],[27,670]]
[[0,0],[1,0],[349,670]]
[[0,0],[1,0],[356,670]]
[[0,0],[1,0],[606,670]]
[[0,0],[1,0],[666,670]]
[[0,0],[1,0],[519,670]]
[[0,0],[1,0],[411,670]]
[[0,0],[1,0],[386,670]]
[[0,0],[1,0],[29,670]]
[[0,0],[1,0],[296,670]]
[[0,0],[1,0],[516,670]]
[[0,0],[1,0],[101,670]]
[[0,0],[1,0],[604,670]]
[[0,0],[1,0],[47,670]]
[[0,0],[1,0],[231,670]]
[[0,0],[1,0],[576,670]]
[[0,0],[1,0],[367,670]]
[[0,0],[1,0],[31,670]]
[[0,0],[1,0],[347,670]]
[[0,0],[1,0],[337,670]]
[[0,0],[1,0],[397,670]]
[[0,0],[1,0],[63,670]]
[[0,0],[1,0],[496,670]]
[[0,0],[1,0],[506,670]]
[[0,0],[1,0],[3,670]]
[[0,0],[1,0],[456,670]]
[[0,0],[1,0],[389,670]]
[[0,0],[1,0],[109,670]]
[[0,0],[1,0],[243,670]]
[[0,0],[1,0],[316,670]]
[[0,0],[1,0],[299,670]]
[[0,0],[1,0],[83,670]]
[[0,0],[1,0],[271,670]]
[[0,0],[1,0],[9,670]]
[[0,0],[1,0],[129,670]]
[[0,0],[1,0],[111,670]]
[[0,0],[1,0],[319,670]]
[[0,0],[1,0],[76,670]]
[[0,0],[1,0],[579,670]]
[[0,0],[1,0],[123,670]]
[[0,0],[1,0],[69,670]]
[[0,0],[1,0],[196,670]]
[[0,0],[1,0],[493,670]]
[[0,0],[1,0],[166,670]]
[[0,0],[1,0],[426,670]]
[[0,0],[1,0],[156,670]]
[[0,0],[1,0],[41,670]]
[[0,0],[1,0],[293,670]]
[[0,0],[1,0],[21,670]]
[[0,0],[1,0],[366,670]]
[[0,0],[1,0],[326,670]]
[[0,0],[1,0],[183,670]]
[[0,0],[1,0],[26,670]]
[[0,0],[1,0],[396,670]]
[[0,0],[1,0],[407,670]]
[[0,0],[1,0],[113,670]]
[[0,0],[1,0],[339,670]]
[[0,0],[1,0],[646,670]]
[[0,0],[1,0],[517,670]]
[[0,0],[1,0],[249,670]]
[[0,0],[1,0],[436,670]]
[[0,0],[1,0],[191,670]]
[[0,0],[1,0],[106,670]]
[[0,0],[1,0],[7,670]]
[[0,0],[1,0],[251,670]]
[[0,0],[1,0],[463,670]]
[[0,0],[1,0],[135,670]]
[[0,0],[1,0],[461,670]]
[[0,0],[1,0],[53,670]]
[[0,0],[1,0],[167,670]]
[[0,0],[1,0],[73,670]]
[[0,0],[1,0],[17,670]]
[[0,0],[1,0],[79,670]]
[[0,0],[1,0],[446,670]]
[[0,0],[1,0],[636,670]]
[[0,0],[1,0],[449,670]]
[[0,0],[1,0],[71,670]]
[[0,0],[1,0],[307,670]]
[[0,0],[1,0],[357,670]]
[[0,0],[1,0],[93,670]]
[[0,0],[1,0],[89,670]]
[[0,0],[1,0],[413,670]]
[[0,0],[1,0],[546,670]]
[[0,0],[1,0],[66,670]]
[[0,0],[1,0],[306,670]]
[[0,0],[1,0],[146,670]]
[[0,0],[1,0],[203,670]]
[[0,0],[1,0],[137,670]]
[[0,0],[1,0],[443,670]]
[[0,0],[1,0],[511,670]]
[[0,0],[1,0],[401,670]]
[[0,0],[1,0],[521,670]]
[[0,0],[1,0],[481,670]]
