[[0,0],[1,0],[3,673]]
[[0,0],[1,0],[87,673]]
[[0,0],[1,0],[26,673]]
[[0,0],[1,0],[132,673]]
[[0,0],[1,0],[13,673]]
[[0,0],[1,0],[27,673]]
[[0,0],[1,0],[65,673]]
[[0,0],[1,0],[52,673]]
[[0,0],[1,0],[150,673]]
[[0,0],[1,0],[138,673]]
[[0,0],[1,0],[31,673]]
[[0,0],[1,0],[178,673]]
[[0,0],[1,0],[18,673]]
[[0,0],[1,0],[75,673]]
[[0,0],[1,0],[136,673]]
[[0,0],[1,0],[79,673]]
[[0,0],[1,0],[78,673]]
[[0,0],[1,0],[170,673]]
[[0,0],[1,0],[7,673]]
[[0,0],[1,0],[145,673]]
[[0,0],[1,0],[72,673]]
[[0,0],[1,0],[25,673]]
[[0,0],[1,0],[119,673]]
[[0,0],[1,0],[185,673]]
[[0,0],[1,0],[228,673]]
[[0,0],[1,0],[105,673]]
[[0,0],[1,0],[36,673]]
[[0,0],[1,0],[61,673]]
[[0,0],[1,0],[37,673]]
[[0,0],[1,0],[35,673]]
[[0,0],[1,0],[92,673]]
[[0,0],[1,0],[16,673]]
[[0,0],[1,0],[106,673]]
[[0,0],[1,0],[44,673]]
[[0,0],[1,0],[40,673]]
[[0,0],[1,0],[12,673]]
[[0,0],[1,0],[6,673]]
[[0,0],[1,0],[68,673]]
[[0,0],[1,0],[90,673]]
[[0,0],[1,0],[64,673]]
[[0,0],[1,0],[54,673]]
[[0,0],[1,0],[51,673]]
[[0,0],[1,0],[151,673]]
[[0,0],[1,0],[53,673]]
[[0,0],[1,0],[4,673]]
[[0,0],[1,0],[201,673]]
[[0,0],[1,0],[256,673]]
[[0,0],[1,0],[62,673]]
[[0,0],[1,0],[34,673]]
[[0,0],[1,0],[160,673]]
[[0,0],[1,0],[195,673]]
[[0,0],[1,0],[55,673]]
[[0,0],[1,0],[5,673]]
[[0,0],[1,0],[39,673]]
[[0,0],[1,0],[74,673]]
[[0,0],[1,0],[2,673]]
[[0,0],[1,0],[174,673]]
[[0,0],[1,0],[93,673]]
[[0,0],[1,0],[255,673]]
[[0,0],[1,0],[80,673]]
[[0,0],[1,0],[15,673]]
[[0,0],[1,0],[45,673]]
[[0,0],[1,0],[22,673]]
[[0,0],[1,0],[11,673]]
[[0,0],[1,0],[204,673]]
[[0,0],[1,0],[98,673]]
[[0,0],[1,0],[41,673]]
[[0,0],[1,0],[114,673]]
[[0,0],[1,0],[21,673]]
[[0,0],[1,0],[20,673]]
[[0,0],[1,0],[86,673]]
[[0,0],[1,0],[46,673]]
[[0,0],[1,0],[82,673]]
[[0,0],[1,0],[146,673]]
[[0,0],[1,0],[161,673]]
[[0,0],[1,0],[107,673]]
[[0,0],[1,0],[196,673]]
[[0,0],[1,0],[23,673]]
[[0,0],[1,0],[232,673]]
[[0,0],[1,0],[148,673]]
[[0,0],[1,0],[47,673]]
[[0,0],[1,0],[71,673]]
[[0,0],[1,0],[89,673]]
[[0,0],[1,0],[10,673]]
[[0,0],[1,0],[63,673]]
[[0,0],[1,0],[81,673]]
[[0,0],[1,0],[30,673]]
[[0,0],[1,0],[14,673]]
[[0,0],[1,0],[19,673]]
[[0,0],[1,0],[120,673]]
[[0,0],[1,0],[24,673]]
[[0,0],[1,0],[9,673]]
[[0,0],[1,0],[17,673]]
[[0,0],[1,0],[1,673]]
[[0,0],[1,0],[38,673]]
[[0,0],[1,0],[50,673]]
[[0,0],[1,0],[137,673]]
[[0,0],[1,0],[60,673]]
[[0,0],[1,0],[214,673]]
[[0,0],[1,0],[115,673]]
[[0,0],[1,0],[147,673]]
[[0,0],[1,0],[186,673]]
[[0,0],[1,0],[88,673]]
[[0,0],[1,0],[73,673]]
[[0,0],[1,0],[135,673]]
[[0,0],[1,0],[58,673]]
[[0,0],[1,0],[8,673]]
[[0,0],[1,0],[133,673]]
[[0,0],[1,0],[91,673]]
[[0,0],[1,0],[94,673]]
[[0,0],[1,0],[83,673]]
[[0,0],[1,0],[123,673]]
[[0,0],[1,0],[134,673]]
[[0,0],[1,0],[149,673]]
