[[0,0],[1,0],[103,674]]
[[0,0],[1,0],[443,674]]
[[0,0],[1,0],[139,674]]
[[0,0],[1,0],[567,674]]
[[0,0],[1,0],[291,674]]
[[0,0],[1,0],[273,674]]
[[0,0],[1,0],[85,674]]
[[0,0],[1,0],[115,674]]
[[0,0],[1,0],[463,674]]
[[0,0],[1,0],[141,674]]
[[0,0],[1,0],[175,674]]
[[0,0],[1,0],[581,674]]
[[0,0],[1,0],[647,674]]
[[0,0],[1,0],[39,674]]
[[0,0],[1,0],[169,674]]
[[0,0],[1,0],[329,674]]
[[0,0],[1,0],[79,674]]
[[0,0],[1,0],[213,674]]
[[0,0],[1,0],[145,674]]
[[0,0],[1,0],[187,674]]
[[0,0],[1,0],[89,674]]
[[0,0],[1,0],[555,674]]
[[0,0],[1,0],[403,674]]
[[0,0],[1,0],[449,674]]
[[0,0],[1,0],[307,674]]
[[0,0],[1,0],[33,674]]
[[0,0],[1,0],[297,674]]
[[0,0],[1,0],[253,674]]
[[0,0],[1,0],[205,674]]
[[0,0],[1,0],[255,674]]
[[0,0],[1,0],[475,674]]
[[0,0],[1,0],[479,674]]
[[0,0],[1,0],[553,674]]
[[0,0],[1,0],[219,674]]
[[0,0],[1,0],[201,674]]
[[0,0],[1,0],[355,674]]
[[0,0],[1,0],[37,674]]
[[0,0],[1,0],[229,674]]
[[0,0],[1,0],[241,674]]
[[0,0],[1,0],[177,674]]
[[0,0],[1,0],[57,674]]
[[0,0],[1,0],[193,674]]
[[0,0],[1,0],[35,674]]
[[0,0],[1,0],[99,674]]
[[0,0],[1,0],[453,674]]
[[0,0],[1,0],[147,674]]
[[0,0],[1,0],[77,674]]
[[0,0],[1,0],[153,674]]
[[0,0],[1,0],[173,674]]
[[0,0],[1,0],[159,674]]
[[0,0],[1,0],[447,674]]
[[0,0],[1,0],[67,674]]
[[0,0],[1,0],[245,674]]
[[0,0],[1,0],[537,674]]
[[0,0],[1,0],[185,674]]
[[0,0],[1,0],[97,674]]
[[0,0],[1,0],[465,674]]
[[0,0],[1,0],[23,674]]
[[0,0],[1,0],[43,674]]
[[0,0],[1,0],[19,674]]
[[0,0],[1,0],[55,674]]
[[0,0],[1,0],[215,674]]
[[0,0],[1,0],[673,674]]
[[0,0],[1,0],[359,674]]
[[0,0],[1,0],[117,674]]
[[0,0],[1,0],[441,674]]
[[0,0],[1,0],[223,674]]
[[0,0],[1,0],[281,674]]
[[0,0],[1,0],[171,674]]
[[0,0],[1,0],[197,674]]
[[0,0],[1,0],[51,674]]
[[0,0],[1,0],[131,674]]
[[0,0],[1,0],[259,674]]
[[0,0],[1,0],[1,674]]
[[0,0],[1,0],[301,674]]
[[0,0],[1,0],[279,674]]
[[0,0],[1,0],[399,674]]
[[0,0],[1,0],[91,674]]
[[0,0],[1,0],[385,674]]
[[0,0],[1,0],[49,674]]
[[0,0],[1,0],[235,674]]
[[0,0],[1,0],[179,674]]
[[0,0],[1,0],[547,674]]
[[0,0],[1,0],[29,674]]
[[0,0],[1,0],[239,674]]
[[0,0],[1,0],[161,674]]
[[0,0],[1,0],[338,674]]
[[0,0],[1,0],[59,674]]
[[0,0],[1,0],[335,674]]
[[0,0],[1,0],[387,674]]
[[0,0],[1,0],[81,674]]
[[0,0],[1,0],[13,674]]
[[0,0],[1,0],[347,674]]
[[0,0],[1,0],[353,674]]
[[0,0],[1,0],[101,674]]
[[0,0],[1,0],[165,674]]
[[0,0],[1,0],[63,674]]
[[0,0],[1,0],[133,674]]
[[0,0],[1,0],[125,674]]
[[0,0],[1,0],[9,674]]
[[0,0],[1,0],[237,674]]
[[0,0],[1,0],[47,674]]
[[0,0],[1,0],[105,674]]
[[0,0],[1,0],[427,674]]
[[0,0],[1,0],[417,674]]
[[0,0],[1,0],[95,674]]
[[0,0],[1,0],[397,674]]
[[0,0],[1,0],[309,674]]
[[0,0],[1,0],[313,674]]
[[0,0],[1,0],[183,674]]
[[0,0],[1,0],[25,674]]
[[0,0],[1,0],[189,674]]
[[0,0],[1,0],[539,674]]
[[0,0],[1,0],[61,674]]
[[0,0],[1,0],[111,674]]
[[0,0],[1,0],[293,674]]
[[0,0],[1,0],[31,674]]
[[0,0],[1,0],[83,674]]
[[0,0],[1,0],[425,674]]
[[0,0],[1,0],[409,674]]
[[0,0],[1,0],[53,674]]
[[0,0],[1,0],[113,674]]
[[0,0],[1,0],[525,674]]
[[0,0],[1,0],[191,674]]
[[0,0],[1,0],[3,674]]
[[0,0],[1,0],[629,674]]
[[0,0],[1,0],[263,674]]
[[0,0],[1,0],[73,674]]
[[0,0],[1,0],[123,674]]
[[0,0],[1,0],[405,674]]
[[0,0],[1,0],[599,674]]
[[0,0],[1,0],[21,674]]
[[0,0],[1,0],[41,674]]
[[0,0],[1,0],[325,674]]
[[0,0],[1,0],[167,674]]
[[0,0],[1,0],[109,674]]
[[0,0],[1,0],[413,674]]
[[0,0],[1,0],[369,674]]
[[0,0],[1,0],[407,674]]
[[0,0],[1,0],[311,674]]
[[0,0],[1,0],[323,674]]
[[0,0],[1,0],[511,674]]
[[0,0],[1,0],[5,674]]
[[0,0],[1,0],[69,674]]
[[0,0],[1,0],[181,674]]
[[0,0],[1,0],[243,674]]
[[0,0],[1,0],[207,674]]
[[0,0],[1,0],[357,674]]
[[0,0],[1,0],[129,674]]
[[0,0],[1,0],[331,674]]
[[0,0],[1,0],[371,674]]
[[0,0],[1,0],[531,674]]
[[0,0],[1,0],[251,674]]
[[0,0],[1,0],[375,674]]
[[0,0],[1,0],[203,674]]
[[0,0],[1,0],[587,674]]
[[0,0],[1,0],[285,674]]
[[0,0],[1,0],[603,674]]
[[0,0],[1,0],[65,674]]
[[0,0],[1,0],[295,674]]
[[0,0],[1,0],[151,674]]
[[0,0],[1,0],[333,674]]
[[0,0],[1,0],[457,674]]
[[0,0],[1,0],[11,674]]
[[0,0],[1,0],[283,674]]
[[0,0],[1,0],[7,674]]
[[0,0],[1,0],[15,674]]
[[0,0],[1,0],[157,674]]
[[0,0],[1,0],[155,674]]
[[0,0],[1,0],[17,674]]
