[[0,0],[1,0],[149,677]]
[[0,0],[1,0],[65,677]]
[[0,0],[1,0],[191,677]]
[[0,0],[1,0],[87,677]]
[[0,0],[1,0],[26,677]]
[[0,0],[1,0],[150,677]]
[[0,0],[1,0],[154,677]]
[[0,0],[1,0],[13,677]]
[[0,0],[1,0],[48,677]]
[[0,0],[1,0],[69,677]]
[[0,0],[1,0],[31,677]]
[[0,0],[1,0],[75,677]]
[[0,0],[1,0],[136,677]]
[[0,0],[1,0],[78,677]]
[[0,0],[1,0],[76,677]]
[[0,0],[1,0],[144,677]]
[[0,0],[1,0],[18,677]]
[[0,0],[1,0],[25,677]]
[[0,0],[1,0],[7,677]]
[[0,0],[1,0],[105,677]]
[[0,0],[1,0],[180,677]]
[[0,0],[1,0],[36,677]]
[[0,0],[1,0],[171,677]]
[[0,0],[1,0],[35,677]]
[[0,0],[1,0],[97,677]]
[[0,0],[1,0],[166,677]]
[[0,0],[1,0],[259,677]]
[[0,0],[1,0],[61,677]]
[[0,0],[1,0],[37,677]]
[[0,0],[1,0],[16,677]]
[[0,0],[1,0],[56,677]]
[[0,0],[1,0],[40,677]]
[[0,0],[1,0],[6,677]]
[[0,0],[1,0],[92,677]]
[[0,0],[1,0],[43,677]]
[[0,0],[1,0],[106,677]]
[[0,0],[1,0],[139,677]]
[[0,0],[1,0],[57,677]]
[[0,0],[1,0],[44,677]]
[[0,0],[1,0],[12,677]]
[[0,0],[1,0],[54,677]]
[[0,0],[1,0],[68,677]]
[[0,0],[1,0],[51,677]]
[[0,0],[1,0],[84,677]]
[[0,0],[1,0],[90,677]]
[[0,0],[1,0],[66,677]]
[[0,0],[1,0],[190,677]]
[[0,0],[1,0],[151,677]]
[[0,0],[1,0],[62,677]]
[[0,0],[1,0],[4,677]]
[[0,0],[1,0],[34,677]]
[[0,0],[1,0],[33,677]]
[[0,0],[1,0],[121,677]]
[[0,0],[1,0],[55,677]]
[[0,0],[1,0],[140,677]]
[[0,0],[1,0],[5,677]]
[[0,0],[1,0],[39,677]]
[[0,0],[1,0],[74,677]]
[[0,0],[1,0],[2,677]]
[[0,0],[1,0],[179,677]]
[[0,0],[1,0],[293,677]]
[[0,0],[1,0],[162,677]]
[[0,0],[1,0],[93,677]]
[[0,0],[1,0],[15,677]]
[[0,0],[1,0],[45,677]]
[[0,0],[1,0],[22,677]]
[[0,0],[1,0],[77,677]]
[[0,0],[1,0],[11,677]]
[[0,0],[1,0],[222,677]]
[[0,0],[1,0],[86,677]]
[[0,0],[1,0],[46,677]]
[[0,0],[1,0],[49,677]]
[[0,0],[1,0],[21,677]]
[[0,0],[1,0],[29,677]]
[[0,0],[1,0],[20,677]]
[[0,0],[1,0],[107,677]]
[[0,0],[1,0],[32,677]]
[[0,0],[1,0],[143,677]]
[[0,0],[1,0],[67,677]]
[[0,0],[1,0],[82,677]]
[[0,0],[1,0],[89,677]]
[[0,0],[1,0],[23,677]]
[[0,0],[1,0],[116,677]]
[[0,0],[1,0],[81,677]]
[[0,0],[1,0],[148,677]]
[[0,0],[1,0],[30,677]]
[[0,0],[1,0],[172,677]]
[[0,0],[1,0],[181,677]]
[[0,0],[1,0],[14,677]]
[[0,0],[1,0],[47,677]]
[[0,0],[1,0],[19,677]]
[[0,0],[1,0],[10,677]]
[[0,0],[1,0],[120,677]]
[[0,0],[1,0],[24,677]]
[[0,0],[1,0],[156,677]]
[[0,0],[1,0],[9,677]]
[[0,0],[1,0],[17,677]]
[[0,0],[1,0],[1,677]]
[[0,0],[1,0],[38,677]]
[[0,0],[1,0],[251,677]]
[[0,0],[1,0],[109,677]]
[[0,0],[1,0],[122,677]]
[[0,0],[1,0],[115,677]]
[[0,0],[1,0],[50,677]]
[[0,0],[1,0],[60,677]]
[[0,0],[1,0],[28,677]]
[[0,0],[1,0],[88,677]]
[[0,0],[1,0],[108,677]]
[[0,0],[1,0],[8,677]]
[[0,0],[1,0],[91,677]]
[[0,0],[1,0],[83,677]]
[[0,0],[1,0],[85,677]]
[[0,0],[1,0],[3,677]]
[[0,0],[1,0],[155,677]]
