[[0,0],[1,0],[67,68]]
[[0,0],[1,0],[7,68]]
[[0,0],[1,0],[1,68]]
[[0,0],[1,0],[27,68]]
[[0,0],[2,0],[2,34]]
[[0,0],[1,0],[19,68]]
[[0,0],[1,0],[15,68]]
[[0,0],[1,0],[3,68]]
[[0,0],[1,0],[13,68]]
[[0,0],[1,0],[11,68]]
[[0,0],[2,0],[4,34]]
[[0,0],[1,0],[9,68]]
[[0,0],[1,0],[25,68]]
[[0,0],[1,0],[47,68]]
[[0,0],[1,0],[18,68]]
[[0,0],[1,0],[52,68]]
[[0,0],[1,0],[33,68]]
[[0,0],[1,0],[5,68]]
[[0,0],[1,0],[45,68]]
[[0,0],[2,0],[8,34]]
[[0,0],[1,0],[35,68]]
[[0,0],[1,0],[29,68]]
[[0,0],[1,0],[37,68]]
[[0,0],[2,0],[6,34]]
