[[0,0],[1,0],[65,681]]
[[0,0],[1,0],[91,681]]
[[0,0],[1,0],[133,681]]
[[0,0],[1,0],[220,681]]
[[0,0],[1,0],[169,681]]
[[0,0],[1,0],[226,681]]
[[0,0],[1,0],[164,681]]
[[0,0],[1,0],[94,681]]
[[0,0],[1,0],[155,681]]
[[0,0],[1,0],[391,681]]
[[0,0],[1,0],[349,681]]
[[0,0],[1,0],[76,681]]
[[0,0],[1,0],[193,681]]
[[0,0],[1,0],[52,681]]
[[0,0],[1,0],[101,681]]
[[0,0],[1,0],[424,681]]
[[0,0],[1,0],[136,681]]
[[0,0],[1,0],[79,681]]
[[0,0],[1,0],[208,681]]
[[0,0],[1,0],[433,681]]
[[0,0],[1,0],[145,681]]
[[0,0],[1,0],[104,681]]
[[0,0],[1,0],[197,681]]
[[0,0],[1,0],[61,681]]
[[0,0],[1,0],[7,681]]
[[0,0],[1,0],[367,681]]
[[0,0],[1,0],[97,681]]
[[0,0],[1,0],[25,681]]
[[0,0],[1,0],[313,681]]
[[0,0],[1,0],[259,681]]
[[0,0],[1,0],[445,681]]
[[0,0],[1,0],[185,681]]
[[0,0],[1,0],[228,681]]
[[0,0],[1,0],[241,681]]
[[0,0],[1,0],[106,681]]
[[0,0],[1,0],[56,681]]
[[0,0],[1,0],[44,681]]
[[0,0],[1,0],[40,681]]
[[0,0],[1,0],[37,681]]
[[0,0],[1,0],[361,681]]
[[0,0],[1,0],[229,681]]
[[0,0],[1,0],[277,681]]
[[0,0],[1,0],[16,681]]
[[0,0],[1,0],[523,681]]
[[0,0],[1,0],[394,681]]
[[0,0],[1,0],[412,681]]
[[0,0],[1,0],[43,681]]
[[0,0],[1,0],[400,681]]
[[0,0],[1,0],[286,681]]
[[0,0],[1,0],[217,681]]
[[0,0],[1,0],[64,681]]
[[0,0],[1,0],[127,681]]
[[0,0],[1,0],[209,681]]
[[0,0],[1,0],[151,681]]
[[0,0],[1,0],[238,681]]
[[0,0],[1,0],[53,681]]
[[0,0],[1,0],[253,681]]
[[0,0],[1,0],[4,681]]
[[0,0],[1,0],[113,681]]
[[0,0],[1,0],[173,681]]
[[0,0],[1,0],[190,681]]
[[0,0],[1,0],[310,681]]
[[0,0],[1,0],[256,681]]
[[0,0],[1,0],[100,681]]
[[0,0],[1,0],[70,681]]
[[0,0],[1,0],[634,681]]
[[0,0],[1,0],[34,681]]
[[0,0],[1,0],[388,681]]
[[0,0],[1,0],[163,681]]
[[0,0],[1,0],[271,681]]
[[0,0],[1,0],[550,681]]
[[0,0],[1,0],[103,681]]
[[0,0],[1,0],[160,681]]
[[0,0],[1,0],[307,681]]
[[0,0],[1,0],[157,681]]
[[0,0],[1,0],[121,681]]
[[0,0],[1,0],[283,681]]
[[0,0],[1,0],[55,681]]
[[0,0],[1,0],[316,681]]
[[0,0],[1,0],[535,681]]
[[0,0],[1,0],[5,681]]
[[0,0],[1,0],[382,681]]
[[0,0],[1,0],[331,681]]
[[0,0],[1,0],[128,681]]
[[0,0],[1,0],[2,681]]
[[0,0],[1,0],[59,681]]
[[0,0],[1,0],[280,681]]
[[0,0],[1,0],[77,681]]
[[0,0],[1,0],[619,681]]
[[0,0],[1,0],[22,681]]
[[0,0],[1,0],[455,681]]
[[0,0],[1,0],[80,681]]
[[0,0],[1,0],[499,681]]
[[0,0],[1,0],[124,681]]
[[0,0],[1,0],[29,681]]
[[0,0],[1,0],[343,681]]
[[0,0],[1,0],[223,681]]
[[0,0],[1,0],[49,681]]
[[0,0],[1,0],[211,681]]
[[0,0],[1,0],[118,681]]
[[0,0],[1,0],[161,681]]
[[0,0],[1,0],[427,681]]
[[0,0],[1,0],[11,681]]
[[0,0],[1,0],[98,681]]
[[0,0],[1,0],[172,681]]
[[0,0],[1,0],[20,681]]
[[0,0],[1,0],[10,681]]
[[0,0],[1,0],[46,681]]
[[0,0],[1,0],[448,681]]
[[0,0],[1,0],[82,681]]
[[0,0],[1,0],[125,681]]
[[0,0],[1,0],[325,681]]
[[0,0],[1,0],[19,681]]
[[0,0],[1,0],[196,681]]
[[0,0],[1,0],[23,681]]
[[0,0],[1,0],[116,681]]
[[0,0],[1,0],[148,681]]
[[0,0],[1,0],[181,681]]
[[0,0],[1,0],[71,681]]
[[0,0],[1,0],[17,681]]
[[0,0],[1,0],[89,681]]
[[0,0],[1,0],[187,681]]
[[0,0],[1,0],[1,681]]
[[0,0],[1,0],[38,681]]
[[0,0],[1,0],[122,681]]
[[0,0],[1,0],[142,681]]
[[0,0],[1,0],[436,681]]
[[0,0],[1,0],[352,681]]
[[0,0],[1,0],[14,681]]
[[0,0],[1,0],[130,681]]
[[0,0],[1,0],[28,681]]
[[0,0],[1,0],[340,681]]
[[0,0],[1,0],[214,681]]
[[0,0],[1,0],[478,681]]
[[0,0],[1,0],[115,681]]
[[0,0],[1,0],[184,681]]
[[0,0],[1,0],[268,681]]
[[0,0],[1,0],[532,681]]
[[0,0],[1,0],[88,681]]
[[0,0],[1,0],[175,681]]
[[0,0],[1,0],[50,681]]
[[0,0],[1,0],[58,681]]
[[0,0],[1,0],[304,681]]
[[0,0],[1,0],[8,681]]
[[0,0],[1,0],[505,681]]
[[0,0],[1,0],[83,681]]
[[0,0],[1,0],[112,681]]
[[0,0],[1,0],[26,681]]
[[0,0],[1,0],[218,681]]
[[0,0],[1,0],[328,681]]
[[0,0],[1,0],[154,681]]
[[0,0],[1,0],[265,681]]
[[0,0],[1,0],[85,681]]
[[0,0],[1,0],[13,681]]
