[[0,0],[1,0],[13,685]]
[[0,0],[1,0],[141,685]]
[[0,0],[1,0],[226,685]]
[[0,0],[1,0],[149,685]]
[[0,0],[1,0],[138,685]]
[[0,0],[1,0],[31,685]]
[[0,0],[1,0],[27,685]]
[[0,0],[1,0],[152,685]]
[[0,0],[1,0],[167,685]]
[[0,0],[1,0],[136,685]]
[[0,0],[1,0],[132,685]]
[[0,0],[1,0],[76,685]]
[[0,0],[1,0],[52,685]]
[[0,0],[1,0],[267,685]]
[[0,0],[1,0],[101,685]]
[[0,0],[1,0],[72,685]]
[[0,0],[1,0],[48,685]]
[[0,0],[1,0],[104,685]]
[[0,0],[1,0],[69,685]]
[[0,0],[1,0],[416,685]]
[[0,0],[1,0],[126,685]]
[[0,0],[1,0],[78,685]]
[[0,0],[1,0],[182,685]]
[[0,0],[1,0],[144,685]]
[[0,0],[1,0],[18,685]]
[[0,0],[1,0],[97,685]]
[[0,0],[1,0],[166,685]]
[[0,0],[1,0],[61,685]]
[[0,0],[1,0],[7,685]]
[[0,0],[1,0],[306,685]]
[[0,0],[1,0],[241,685]]
[[0,0],[1,0],[381,685]]
[[0,0],[1,0],[56,685]]
[[0,0],[1,0],[6,685]]
[[0,0],[1,0],[366,685]]
[[0,0],[1,0],[281,685]]
[[0,0],[1,0],[361,685]]
[[0,0],[1,0],[119,685]]
[[0,0],[1,0],[171,685]]
[[0,0],[1,0],[36,685]]
[[0,0],[1,0],[106,685]]
[[0,0],[1,0],[44,685]]
[[0,0],[1,0],[12,685]]
[[0,0],[1,0],[176,685]]
[[0,0],[1,0],[54,685]]
[[0,0],[1,0],[16,685]]
[[0,0],[1,0],[51,685]]
[[0,0],[1,0],[153,685]]
[[0,0],[1,0],[43,685]]
[[0,0],[1,0],[286,685]]
[[0,0],[1,0],[636,685]]
[[0,0],[1,0],[64,685]]
[[0,0],[1,0],[68,685]]
[[0,0],[1,0],[66,685]]
[[0,0],[1,0],[127,685]]
[[0,0],[1,0],[33,685]]
[[0,0],[1,0],[201,685]]
[[0,0],[1,0],[256,685]]
[[0,0],[1,0],[151,685]]
[[0,0],[1,0],[62,685]]
[[0,0],[1,0],[53,685]]
[[0,0],[1,0],[4,685]]
[[0,0],[1,0],[173,685]]
[[0,0],[1,0],[129,685]]
[[0,0],[1,0],[34,685]]
[[0,0],[1,0],[74,685]]
[[0,0],[1,0],[131,685]]
[[0,0],[1,0],[121,685]]
[[0,0],[1,0],[279,685]]
[[0,0],[1,0],[206,685]]
[[0,0],[1,0],[331,685]]
[[0,0],[1,0],[128,685]]
[[0,0],[1,0],[356,685]]
[[0,0],[1,0],[316,685]]
[[0,0],[1,0],[174,685]]
[[0,0],[1,0],[59,685]]
[[0,0],[1,0],[546,685]]
[[0,0],[1,0],[42,685]]
[[0,0],[1,0],[311,685]]
[[0,0],[1,0],[341,685]]
[[0,0],[1,0],[2,685]]
[[0,0],[1,0],[496,685]]
[[0,0],[1,0],[22,685]]
[[0,0],[1,0],[194,685]]
[[0,0],[1,0],[96,685]]
[[0,0],[1,0],[236,685]]
[[0,0],[1,0],[476,685]]
[[0,0],[1,0],[531,685]]
[[0,0],[1,0],[86,685]]
[[0,0],[1,0],[211,685]]
[[0,0],[1,0],[118,685]]
[[0,0],[1,0],[549,685]]
[[0,0],[1,0],[29,685]]
[[0,0],[1,0],[161,685]]
[[0,0],[1,0],[11,685]]
[[0,0],[1,0],[67,685]]
[[0,0],[1,0],[41,685]]
[[0,0],[1,0],[111,685]]
[[0,0],[1,0],[376,685]]
[[0,0],[1,0],[81,685]]
[[0,0],[1,0],[46,685]]
[[0,0],[1,0],[19,685]]
[[0,0],[1,0],[47,685]]
[[0,0],[1,0],[21,685]]
[[0,0],[1,0],[275,685]]
[[0,0],[1,0],[188,685]]
[[0,0],[1,0],[32,685]]
[[0,0],[1,0],[63,685]]
[[0,0],[1,0],[82,685]]
[[0,0],[1,0],[24,685]]
[[0,0],[1,0],[371,685]]
[[0,0],[1,0],[17,685]]
[[0,0],[1,0],[196,685]]
[[0,0],[1,0],[89,685]]
[[0,0],[1,0],[23,685]]
[[0,0],[1,0],[1,685]]
[[0,0],[1,0],[116,685]]
[[0,0],[1,0],[148,685]]
[[0,0],[1,0],[181,685]]
[[0,0],[1,0],[14,685]]
[[0,0],[1,0],[71,685]]
[[0,0],[1,0],[184,685]]
[[0,0],[1,0],[431,685]]
[[0,0],[1,0],[9,685]]
[[0,0],[1,0],[28,685]]
[[0,0],[1,0],[244,685]]
[[0,0],[1,0],[8,685]]
[[0,0],[1,0],[117,685]]
[[0,0],[1,0],[486,685]]
[[0,0],[1,0],[576,685]]
[[0,0],[1,0],[321,685]]
[[0,0],[1,0],[266,685]]
[[0,0],[1,0],[183,685]]
[[0,0],[1,0],[112,685]]
[[0,0],[1,0],[3,685]]
[[0,0],[1,0],[73,685]]
[[0,0],[1,0],[191,685]]
[[0,0],[1,0],[396,685]]
[[0,0],[1,0],[91,685]]
[[0,0],[1,0],[26,685]]
