[[0,0],[1,0],[637,689]]
[[0,0],[1,0],[295,689]]
[[0,0],[1,0],[76,689]]
[[0,0],[1,0],[58,689]]
[[0,0],[1,0],[18,689]]
[[0,0],[1,0],[75,689]]
[[0,0],[1,0],[79,689]]
[[0,0],[1,0],[170,689]]
[[0,0],[1,0],[7,689]]
[[0,0],[1,0],[306,689]]
[[0,0],[1,0],[144,689]]
[[0,0],[1,0],[3,689]]
[[0,0],[1,0],[25,689]]
[[0,0],[1,0],[313,689]]
[[0,0],[1,0],[132,689]]
[[0,0],[1,0],[27,689]]
[[0,0],[1,0],[456,689]]
[[0,0],[1,0],[220,689]]
[[0,0],[1,0],[37,689]]
[[0,0],[1,0],[229,689]]
[[0,0],[1,0],[97,689]]
[[0,0],[1,0],[166,689]]
[[0,0],[1,0],[99,689]]
[[0,0],[1,0],[219,689]]
[[0,0],[1,0],[16,689]]
[[0,0],[1,0],[248,689]]
[[0,0],[1,0],[40,689]]
[[0,0],[1,0],[126,689]]
[[0,0],[1,0],[6,689]]
[[0,0],[1,0],[12,689]]
[[0,0],[1,0],[57,689]]
[[0,0],[1,0],[228,689]]
[[0,0],[1,0],[105,689]]
[[0,0],[1,0],[36,689]]
[[0,0],[1,0],[61,689]]
[[0,0],[1,0],[294,689]]
[[0,0],[1,0],[274,689]]
[[0,0],[1,0],[277,689]]
[[0,0],[1,0],[35,689]]
[[0,0],[1,0],[102,689]]
[[0,0],[1,0],[92,689]]
[[0,0],[1,0],[56,689]]
[[0,0],[1,0],[365,689]]
[[0,0],[1,0],[103,689]]
[[0,0],[1,0],[210,689]]
[[0,0],[1,0],[33,689]]
[[0,0],[1,0],[68,689]]
[[0,0],[1,0],[213,689]]
[[0,0],[1,0],[121,689]]
[[0,0],[1,0],[90,689]]
[[0,0],[1,0],[66,689]]
[[0,0],[1,0],[5,689]]
[[0,0],[1,0],[54,689]]
[[0,0],[1,0],[495,689]]
[[0,0],[1,0],[64,689]]
[[0,0],[1,0],[74,689]]
[[0,0],[1,0],[129,689]]
[[0,0],[1,0],[4,689]]
[[0,0],[1,0],[190,689]]
[[0,0],[1,0],[62,689]]
[[0,0],[1,0],[110,689]]
[[0,0],[1,0],[34,689]]
[[0,0],[1,0],[127,689]]
[[0,0],[1,0],[209,689]]
[[0,0],[1,0],[42,689]]
[[0,0],[1,0],[417,689]]
[[0,0],[1,0],[80,689]]
[[0,0],[1,0],[15,689]]
[[0,0],[1,0],[45,689]]
[[0,0],[1,0],[160,689]]
[[0,0],[1,0],[113,689]]
[[0,0],[1,0],[77,689]]
[[0,0],[1,0],[55,689]]
[[0,0],[1,0],[11,689]]
[[0,0],[1,0],[287,689]]
[[0,0],[1,0],[128,689]]
[[0,0],[1,0],[2,689]]
[[0,0],[1,0],[114,689]]
[[0,0],[1,0],[20,689]]
[[0,0],[1,0],[59,689]]
[[0,0],[1,0],[131,689]]
[[0,0],[1,0],[162,689]]
[[0,0],[1,0],[161,689]]
[[0,0],[1,0],[107,689]]
[[0,0],[1,0],[93,689]]
[[0,0],[1,0],[111,689]]
[[0,0],[1,0],[71,689]]
[[0,0],[1,0],[404,689]]
[[0,0],[1,0],[89,689]]
[[0,0],[1,0],[10,689]]
[[0,0],[1,0],[290,689]]
[[0,0],[1,0],[14,689]]
[[0,0],[1,0],[22,689]]
[[0,0],[1,0],[19,689]]
[[0,0],[1,0],[224,689]]
[[0,0],[1,0],[237,689]]
[[0,0],[1,0],[98,689]]
[[0,0],[1,0],[41,689]]
[[0,0],[1,0],[222,689]]
[[0,0],[1,0],[21,689]]
[[0,0],[1,0],[29,689]]
[[0,0],[1,0],[109,689]]
[[0,0],[1,0],[1,689]]
[[0,0],[1,0],[38,689]]
[[0,0],[1,0],[49,689]]
[[0,0],[1,0],[118,689]]
[[0,0],[1,0],[50,689]]
[[0,0],[1,0],[196,689]]
[[0,0],[1,0],[23,689]]
[[0,0],[1,0],[32,689]]
[[0,0],[1,0],[108,689]]
[[0,0],[1,0],[67,689]]
[[0,0],[1,0],[63,689]]
[[0,0],[1,0],[112,689]]
[[0,0],[1,0],[266,689]]
[[0,0],[1,0],[8,689]]
[[0,0],[1,0],[584,689]]
[[0,0],[1,0],[24,689]]
[[0,0],[1,0],[133,689]]
[[0,0],[1,0],[9,689]]
[[0,0],[1,0],[235,689]]
[[0,0],[1,0],[326,689]]
[[0,0],[1,0],[17,689]]
[[0,0],[1,0],[60,689]]
[[0,0],[1,0],[28,689]]
[[0,0],[1,0],[183,689]]
[[0,0],[1,0],[141,689]]
[[0,0],[1,0],[88,689]]
