[[0,0],[1,0],[48,691]]
[[0,0],[1,0],[85,691]]
[[0,0],[1,0],[76,691]]
[[0,0],[1,0],[197,691]]
[[0,0],[1,0],[169,691]]
[[0,0],[1,0],[58,691]]
[[0,0],[1,0],[136,691]]
[[0,0],[1,0],[164,691]]
[[0,0],[1,0],[91,691]]
[[0,0],[1,0],[18,691]]
[[0,0],[1,0],[104,691]]
[[0,0],[1,0],[7,691]]
[[0,0],[1,0],[25,691]]
[[0,0],[1,0],[3,691]]
[[0,0],[1,0],[87,691]]
[[0,0],[1,0],[26,691]]
[[0,0],[1,0],[261,691]]
[[0,0],[1,0],[27,691]]
[[0,0],[1,0],[284,691]]
[[0,0],[1,0],[37,691]]
[[0,0],[1,0],[150,691]]
[[0,0],[1,0],[16,691]]
[[0,0],[1,0],[99,691]]
[[0,0],[1,0],[44,691]]
[[0,0],[1,0],[40,691]]
[[0,0],[1,0],[106,691]]
[[0,0],[1,0],[12,691]]
[[0,0],[1,0],[126,691]]
[[0,0],[1,0],[6,691]]
[[0,0],[1,0],[84,691]]
[[0,0],[1,0],[43,691]]
[[0,0],[1,0],[36,691]]
[[0,0],[1,0],[105,691]]
[[0,0],[1,0],[51,691]]
[[0,0],[1,0],[35,691]]
[[0,0],[1,0],[92,691]]
[[0,0],[1,0],[241,691]]
[[0,0],[1,0],[102,691]]
[[0,0],[1,0],[103,691]]
[[0,0],[1,0],[221,691]]
[[0,0],[1,0],[33,691]]
[[0,0],[1,0],[68,691]]
[[0,0],[1,0],[121,691]]
[[0,0],[1,0],[140,691]]
[[0,0],[1,0],[5,691]]
[[0,0],[1,0],[90,691]]
[[0,0],[1,0],[206,691]]
[[0,0],[1,0],[66,691]]
[[0,0],[1,0],[54,691]]
[[0,0],[1,0],[39,691]]
[[0,0],[1,0],[53,691]]
[[0,0],[1,0],[4,691]]
[[0,0],[1,0],[151,691]]
[[0,0],[1,0],[110,691]]
[[0,0],[1,0],[34,691]]
[[0,0],[1,0],[127,691]]
[[0,0],[1,0],[42,691]]
[[0,0],[1,0],[45,691]]
[[0,0],[1,0],[113,691]]
[[0,0],[1,0],[77,691]]
[[0,0],[1,0],[15,691]]
[[0,0],[1,0],[236,691]]
[[0,0],[1,0],[283,691]]
[[0,0],[1,0],[55,691]]
[[0,0],[1,0],[163,691]]
[[0,0],[1,0],[11,691]]
[[0,0],[1,0],[287,691]]
[[0,0],[1,0],[20,691]]
[[0,0],[1,0],[2,691]]
[[0,0],[1,0],[114,691]]
[[0,0],[1,0],[254,691]]
[[0,0],[1,0],[59,691]]
[[0,0],[1,0],[194,691]]
[[0,0],[1,0],[232,691]]
[[0,0],[1,0],[107,691]]
[[0,0],[1,0],[111,691]]
[[0,0],[1,0],[172,691]]
[[0,0],[1,0],[258,691]]
[[0,0],[1,0],[89,691]]
[[0,0],[1,0],[71,691]]
[[0,0],[1,0],[10,691]]
[[0,0],[1,0],[14,691]]
[[0,0],[1,0],[22,691]]
[[0,0],[1,0],[19,691]]
[[0,0],[1,0],[237,691]]
[[0,0],[1,0],[41,691]]
[[0,0],[1,0],[21,691]]
[[0,0],[1,0],[29,691]]
[[0,0],[1,0],[257,691]]
[[0,0],[1,0],[1,691]]
[[0,0],[1,0],[49,691]]
[[0,0],[1,0],[86,691]]
[[0,0],[1,0],[38,691]]
[[0,0],[1,0],[207,691]]
[[0,0],[1,0],[32,691]]
[[0,0],[1,0],[50,691]]
[[0,0],[1,0],[23,691]]
[[0,0],[1,0],[67,691]]
[[0,0],[1,0],[81,691]]
[[0,0],[1,0],[112,691]]
[[0,0],[1,0],[63,691]]
[[0,0],[1,0],[120,691]]
[[0,0],[1,0],[8,691]]
[[0,0],[1,0],[135,691]]
[[0,0],[1,0],[24,691]]
[[0,0],[1,0],[9,691]]
[[0,0],[1,0],[17,691]]
[[0,0],[1,0],[235,691]]
[[0,0],[1,0],[134,691]]
[[0,0],[1,0],[117,691]]
[[0,0],[1,0],[60,691]]
[[0,0],[1,0],[13,691]]
[[0,0],[1,0],[28,691]]
[[0,0],[1,0],[52,691]]
[[0,0],[1,0],[183,691]]
[[0,0],[1,0],[214,691]]
[[0,0],[1,0],[88,691]]
