[[0,0],[1,0],[39,692]]
[[0,0],[1,0],[283,692]]
[[0,0],[1,0],[365,692]]
[[0,0],[1,0],[141,692]]
[[0,0],[2,0],[78,346]]
[[0,0],[1,0],[455,692]]
[[0,0],[1,0],[155,692]]
[[0,0],[1,0],[79,692]]
[[0,0],[1,0],[89,692]]
[[0,0],[1,0],[75,692]]
[[0,0],[1,0],[17,692]]
[[0,0],[1,0],[421,692]]
[[0,0],[2,0],[26,346]]
[[0,0],[1,0],[157,692]]
[[0,0],[1,0],[403,692]]
[[0,0],[1,0],[449,692]]
[[0,0],[1,0],[87,692]]
[[0,0],[2,0],[16,346]]
[[0,0],[1,0],[119,692]]
[[0,0],[2,0],[90,346]]
[[0,0],[1,0],[169,692]]
[[0,0],[1,0],[401,692]]
[[0,0],[1,0],[305,692]]
[[0,0],[1,0],[187,692]]
[[0,0],[1,0],[45,692]]
[[0,0],[1,0],[659,692]]
[[0,0],[1,0],[205,692]]
[[0,0],[1,0],[211,692]]
[[0,0],[2,0],[38,346]]
[[0,0],[1,0],[233,692]]
[[0,0],[1,0],[433,692]]
[[0,0],[1,0],[57,692]]
[[0,0],[1,0],[37,692]]
[[0,0],[1,0],[229,692]]
[[0,0],[1,0],[437,692]]
[[0,0],[1,0],[193,692]]
[[0,0],[1,0],[483,692]]
[[0,0],[1,0],[147,692]]
[[0,0],[1,0],[479,692]]
[[0,0],[1,0],[355,692]]
[[0,0],[1,0],[153,692]]
[[0,0],[1,0],[201,692]]
[[0,0],[2,0],[40,346]]
[[0,0],[1,0],[149,692]]
[[0,0],[2,0],[8,346]]
[[0,0],[2,0],[10,346]]
[[0,0],[2,0],[36,346]]
[[0,0],[1,0],[177,692]]
[[0,0],[1,0],[261,692]]
[[0,0],[1,0],[35,692]]
[[0,0],[1,0],[97,692]]
[[0,0],[1,0],[225,692]]
[[0,0],[1,0],[43,692]]
[[0,0],[2,0],[30,346]]
[[0,0],[1,0],[19,692]]
[[0,0],[1,0],[507,692]]
[[0,0],[1,0],[345,692]]
[[0,0],[1,0],[495,692]]
[[0,0],[1,0],[171,692]]
[[0,0],[1,0],[359,692]]
[[0,0],[2,0],[94,346]]
[[0,0],[1,0],[159,692]]
[[0,0],[1,0],[395,692]]
[[0,0],[1,0],[51,692]]
[[0,0],[1,0],[127,692]]
[[0,0],[1,0],[447,692]]
[[0,0],[2,0],[20,346]]
[[0,0],[2,0],[32,346]]
[[0,0],[1,0],[247,692]]
[[0,0],[2,0],[14,346]]
[[0,0],[1,0],[265,692]]
[[0,0],[1,0],[1,692]]
[[0,0],[1,0],[23,692]]
[[0,0],[1,0],[385,692]]
[[0,0],[1,0],[301,692]]
[[0,0],[1,0],[55,692]]
[[0,0],[1,0],[269,692]]
[[0,0],[1,0],[235,692]]
[[0,0],[1,0],[199,692]]
[[0,0],[1,0],[179,692]]
[[0,0],[1,0],[287,692]]
[[0,0],[1,0],[131,692]]
[[0,0],[1,0],[117,692]]
[[0,0],[1,0],[223,692]]
[[0,0],[2,0],[28,346]]
[[0,0],[1,0],[143,692]]
[[0,0],[1,0],[91,692]]
[[0,0],[1,0],[121,692]]
[[0,0],[1,0],[27,692]]
[[0,0],[1,0],[415,692]]
[[0,0],[1,0],[161,692]]
[[0,0],[1,0],[303,692]]
[[0,0],[1,0],[279,692]]
[[0,0],[1,0],[49,692]]
[[0,0],[1,0],[239,692]]
[[0,0],[2,0],[56,346]]
[[0,0],[1,0],[227,692]]
[[0,0],[1,0],[597,692]]
[[0,0],[2,0],[2,346]]
[[0,0],[1,0],[353,692]]
[[0,0],[1,0],[411,692]]
[[0,0],[1,0],[13,692]]
[[0,0],[1,0],[107,692]]
[[0,0],[1,0],[349,692]]
[[0,0],[2,0],[6,346]]
[[0,0],[1,0],[547,692]]
[[0,0],[1,0],[101,692]]
[[0,0],[1,0],[165,692]]
[[0,0],[1,0],[520,692]]
[[0,0],[2,0],[34,346]]
[[0,0],[1,0],[195,692]]
[[0,0],[1,0],[59,692]]
[[0,0],[1,0],[133,692]]
[[0,0],[2,0],[12,346]]
[[0,0],[1,0],[347,692]]
[[0,0],[1,0],[29,692]]
[[0,0],[1,0],[81,692]]
[[0,0],[1,0],[217,692]]
[[0,0],[1,0],[361,692]]
[[0,0],[1,0],[47,692]]
[[0,0],[1,0],[615,692]]
[[0,0],[1,0],[174,692]]
[[0,0],[1,0],[257,692]]
[[0,0],[1,0],[367,692]]
[[0,0],[1,0],[313,692]]
[[0,0],[1,0],[25,692]]
[[0,0],[1,0],[397,692]]
[[0,0],[1,0],[317,692]]
[[0,0],[1,0],[9,692]]
[[0,0],[1,0],[125,692]]
[[0,0],[2,0],[42,346]]
[[0,0],[1,0],[163,692]]
[[0,0],[1,0],[105,692]]
[[0,0],[1,0],[83,692]]
[[0,0],[1,0],[111,692]]
[[0,0],[1,0],[451,692]]
[[0,0],[1,0],[221,692]]
[[0,0],[1,0],[319,692]]
[[0,0],[1,0],[321,692]]
[[0,0],[1,0],[293,692]]
[[0,0],[1,0],[377,692]]
[[0,0],[1,0],[541,692]]
[[0,0],[1,0],[309,692]]
[[0,0],[1,0],[183,692]]
[[0,0],[1,0],[351,692]]
[[0,0],[2,0],[18,346]]
[[0,0],[2,0],[22,346]]
[[0,0],[1,0],[621,692]]
[[0,0],[1,0],[263,692]]
[[0,0],[2,0],[4,346]]
[[0,0],[1,0],[189,692]]
[[0,0],[1,0],[249,692]]
[[0,0],[1,0],[61,692]]
[[0,0],[1,0],[425,692]]
[[0,0],[1,0],[31,692]]
[[0,0],[2,0],[70,346]]
[[0,0],[1,0],[299,692]]
[[0,0],[2,0],[92,346]]
[[0,0],[1,0],[53,692]]
[[0,0],[1,0],[691,692]]
[[0,0],[1,0],[3,692]]
[[0,0],[1,0],[167,692]]
[[0,0],[1,0],[473,692]]
[[0,0],[1,0],[363,692]]
[[0,0],[1,0],[191,692]]
[[0,0],[1,0],[109,692]]
[[0,0],[1,0],[73,692]]
[[0,0],[1,0],[625,692]]
[[0,0],[1,0],[123,692]]
[[0,0],[1,0],[461,692]]
[[0,0],[1,0],[629,692]]
[[0,0],[1,0],[275,692]]
[[0,0],[1,0],[5,692]]
[[0,0],[1,0],[69,692]]
[[0,0],[1,0],[207,692]]
[[0,0],[1,0],[129,692]]
[[0,0],[1,0],[357,692]]
[[0,0],[1,0],[41,692]]
[[0,0],[1,0],[579,692]]
[[0,0],[1,0],[137,692]]
[[0,0],[1,0],[21,692]]
[[0,0],[1,0],[369,692]]
[[0,0],[2,0],[62,346]]
[[0,0],[1,0],[489,692]]
[[0,0],[1,0],[65,692]]
[[0,0],[1,0],[407,692]]
[[0,0],[2,0],[24,346]]
[[0,0],[1,0],[607,692]]
[[0,0],[1,0],[93,692]]
[[0,0],[1,0],[11,692]]
[[0,0],[1,0],[311,692]]
[[0,0],[1,0],[593,692]]
[[0,0],[1,0],[511,692]]
[[0,0],[1,0],[517,692]]
[[0,0],[2,0],[44,346]]
[[0,0],[1,0],[7,692]]
[[0,0],[1,0],[251,692]]
[[0,0],[1,0],[15,692]]
[[0,0],[1,0],[135,692]]
[[0,0],[1,0],[139,692]]
[[0,0],[1,0],[419,692]]
[[0,0],[1,0],[115,692]]
[[0,0],[1,0],[103,692]]
[[0,0],[2,0],[50,346]]
[[0,0],[1,0],[477,692]]
[[0,0],[1,0],[439,692]]
