[[0,0],[1,0],[283,693]]
[[0,0],[1,0],[457,693]]
[[0,0],[1,0],[151,693]]
[[0,0],[1,0],[628,693]]
[[0,0],[1,0],[141,693]]
[[0,0],[1,0],[364,693]]
[[0,0],[1,0],[128,693]]
[[0,0],[1,0],[71,693]]
[[0,0],[1,0],[155,693]]
[[0,0],[1,0],[79,693]]
[[0,0],[1,0],[89,693]]
[[0,0],[1,0],[40,693]]
[[0,0],[1,0],[556,693]]
[[0,0],[1,0],[17,693]]
[[0,0],[1,0],[124,693]]
[[0,0],[1,0],[120,693]]
[[0,0],[1,0],[157,693]]
[[0,0],[1,0],[148,693]]
[[0,0],[1,0],[307,693]]
[[0,0],[1,0],[85,693]]
[[0,0],[1,0],[32,693]]
[[0,0],[1,0],[169,693]]
[[0,0],[1,0],[533,693]]
[[0,0],[1,0],[435,693]]
[[0,0],[1,0],[46,693]]
[[0,0],[1,0],[250,693]]
[[0,0],[1,0],[45,693]]
[[0,0],[1,0],[145,693]]
[[0,0],[1,0],[12,693]]
[[0,0],[1,0],[205,693]]
[[0,0],[1,0],[184,693]]
[[0,0],[1,0],[211,693]]
[[0,0],[3,0],[192,231]]
[[0,0],[1,0],[62,693]]
[[0,0],[1,0],[34,693]]
[[0,0],[1,0],[469,693]]
[[0,0],[1,0],[433,693]]
[[0,0],[1,0],[470,693]]
[[0,0],[1,0],[188,693]]
[[0,0],[1,0],[57,693]]
[[0,0],[1,0],[37,693]]
[[0,0],[1,0],[202,693]]
[[0,0],[1,0],[267,693]]
[[0,0],[3,0],[12,231]]
[[0,0],[1,0],[253,693]]
[[0,0],[3,0],[9,231]]
[[0,0],[1,0],[280,693]]
[[0,0],[1,0],[639,693]]
[[0,0],[3,0],[36,231]]
[[0,0],[3,0],[6,231]]
[[0,0],[1,0],[334,693]]
[[0,0],[1,0],[68,693]]
[[0,0],[1,0],[355,693]]
[[0,0],[1,0],[50,693]]
[[0,0],[1,0],[149,693]]
[[0,0],[1,0],[526,693]]
[[0,0],[1,0],[484,693]]
[[0,0],[1,0],[22,693]]
[[0,0],[1,0],[212,693]]
[[0,0],[1,0],[645,693]]
[[0,0],[1,0],[241,693]]
[[0,0],[1,0],[177,693]]
[[0,0],[1,0],[246,693]]
[[0,0],[1,0],[391,693]]
[[0,0],[1,0],[256,693]]
[[0,0],[1,0],[406,693]]
[[0,0],[1,0],[185,693]]
[[0,0],[1,0],[97,693]]
[[0,0],[1,0],[92,693]]
[[0,0],[1,0],[136,693]]
[[0,0],[1,0],[43,693]]
[[0,0],[1,0],[400,693]]
[[0,0],[1,0],[19,693]]
[[0,0],[1,0],[507,693]]
[[0,0],[3,0],[91,231]]
[[0,0],[3,0],[3,231]]
[[0,0],[1,0],[276,693]]
[[0,0],[1,0],[67,693]]
[[0,0],[1,0],[281,693]]
[[0,0],[1,0],[214,693]]
[[0,0],[1,0],[78,693]]
[[0,0],[1,0],[277,693]]
[[0,0],[1,0],[127,693]]
[[0,0],[1,0],[4,693]]
[[0,0],[1,0],[582,693]]
[[0,0],[1,0],[454,693]]
[[0,0],[1,0],[247,693]]
[[0,0],[1,0],[485,693]]
[[0,0],[1,0],[197,693]]
[[0,0],[1,0],[1,693]]
[[0,0],[1,0],[10,693]]
[[0,0],[1,0],[23,693]]
[[0,0],[1,0],[172,693]]
[[0,0],[1,0],[235,693]]
[[0,0],[3,0],[30,231]]
[[0,0],[1,0],[179,693]]
[[0,0],[1,0],[199,693]]
[[0,0],[1,0],[287,693]]
[[0,0],[1,0],[424,693]]
[[0,0],[7,0],[18,99]]
[[0,0],[1,0],[498,693]]
[[0,0],[1,0],[86,693]]
[[0,0],[1,0],[343,693]]
[[0,0],[1,0],[91,693]]
[[0,0],[1,0],[58,693]]
[[0,0],[1,0],[116,693]]
[[0,0],[1,0],[606,693]]
[[0,0],[1,0],[408,693]]
[[0,0],[1,0],[190,693]]
[[0,0],[1,0],[142,693]]
[[0,0],[1,0],[310,693]]
[[0,0],[1,0],[56,693]]
[[0,0],[1,0],[13,693]]
[[0,0],[1,0],[523,693]]
[[0,0],[1,0],[386,693]]
[[0,0],[1,0],[658,693]]
[[0,0],[1,0],[101,693]]
[[0,0],[1,0],[38,693]]
[[0,0],[1,0],[580,693]]
[[0,0],[1,0],[133,693]]
[[0,0],[1,0],[634,693]]
[[0,0],[1,0],[29,693]]
[[0,0],[1,0],[505,693]]
[[0,0],[1,0],[16,693]]
[[0,0],[1,0],[217,693]]
[[0,0],[3,0],[45,231]]
[[0,0],[1,0],[20,693]]
[[0,0],[1,0],[82,693]]
[[0,0],[1,0],[47,693]]
[[0,0],[1,0],[361,693]]
[[0,0],[1,0],[28,693]]
[[0,0],[1,0],[346,693]]
[[0,0],[1,0],[2,693]]
[[0,0],[1,0],[496,693]]
[[0,0],[3,0],[24,231]]
[[0,0],[1,0],[232,693]]
[[0,0],[3,0],[150,231]]
[[0,0],[3,0],[27,231]]
[[0,0],[3,0],[14,231]]
[[0,0],[1,0],[25,693]]
[[0,0],[3,0],[48,231]]
[[0,0],[1,0],[94,693]]
[[0,0],[1,0],[474,693]]
[[0,0],[1,0],[456,693]]
[[0,0],[1,0],[460,693]]
[[0,0],[1,0],[519,693]]
[[0,0],[1,0],[163,693]]
[[0,0],[1,0],[394,693]]
[[0,0],[3,0],[168,231]]
[[0,0],[1,0],[8,693]]
[[0,0],[1,0],[83,693]]
[[0,0],[1,0],[111,693]]
[[0,0],[1,0],[328,693]]
[[0,0],[1,0],[221,693]]
[[0,0],[1,0],[95,693]]
[[0,0],[1,0],[218,693]]
[[0,0],[1,0],[540,693]]
[[0,0],[1,0],[589,693]]
[[0,0],[1,0],[183,693]]
[[0,0],[1,0],[309,693]]
[[0,0],[3,0],[15,231]]
[[0,0],[1,0],[687,693]]
[[0,0],[1,0],[166,693]]
[[0,0],[3,0],[102,231]]
[[0,0],[1,0],[342,693]]
[[0,0],[1,0],[61,693]]
[[0,0],[1,0],[613,693]]
[[0,0],[1,0],[320,693]]
[[0,0],[1,0],[31,693]]
[[0,0],[1,0],[100,693]]
[[0,0],[3,0],[69,231]]
[[0,0],[1,0],[337,693]]
[[0,0],[1,0],[518,693]]
[[0,0],[3,0],[129,231]]
[[0,0],[1,0],[109,693]]
[[0,0],[1,0],[243,693]]
[[0,0],[1,0],[316,693]]
[[0,0],[1,0],[271,693]]
[[0,0],[1,0],[5,693]]
[[0,0],[1,0],[134,693]]
[[0,0],[1,0],[529,693]]
[[0,0],[1,0],[340,693]]
[[0,0],[1,0],[573,693]]
[[0,0],[1,0],[428,693]]
[[0,0],[1,0],[146,693]]
[[0,0],[1,0],[41,693]]
[[0,0],[1,0],[76,693]]
[[0,0],[1,0],[624,693]]
[[0,0],[1,0],[595,693]]
[[0,0],[1,0],[323,693]]
[[0,0],[1,0],[493,693]]
[[0,0],[3,0],[18,231]]
[[0,0],[1,0],[64,693]]
[[0,0],[1,0],[532,693]]
[[0,0],[1,0],[204,693]]
[[0,0],[1,0],[372,693]]
[[0,0],[1,0],[304,693]]
[[0,0],[1,0],[181,693]]
[[0,0],[1,0],[26,693]]
[[0,0],[1,0],[178,693]]
[[0,0],[1,0],[122,693]]
[[0,0],[1,0],[244,693]]
[[0,0],[1,0],[344,693]]
[[0,0],[1,0],[15,693]]
[[0,0],[1,0],[152,693]]
[[0,0],[1,0],[118,693]]
[[0,0],[1,0],[139,693]]
[[0,0],[1,0],[419,693]]
[[0,0],[1,0],[115,693]]
[[0,0],[1,0],[393,693]]
[[0,0],[1,0],[103,693]]
[[0,0],[1,0],[375,693]]
[[0,0],[1,0],[144,693]]
[[0,0],[1,0],[439,693]]
