[[0,0],[1,0],[175,694]]
[[0,0],[1,0],[141,694]]
[[0,0],[1,0],[581,694]]
[[0,0],[1,0],[39,694]]
[[0,0],[1,0],[151,694]]
[[0,0],[1,0],[455,694]]
[[0,0],[1,0],[71,694]]
[[0,0],[1,0],[555,694]]
[[0,0],[1,0],[421,694]]
[[0,0],[1,0],[17,694]]
[[0,0],[1,0],[431,694]]
[[0,0],[1,0],[155,694]]
[[0,0],[1,0],[79,694]]
[[0,0],[1,0],[75,694]]
[[0,0],[1,0],[157,694]]
[[0,0],[1,0],[291,694]]
[[0,0],[1,0],[209,694]]
[[0,0],[1,0],[449,694]]
[[0,0],[1,0],[307,694]]
[[0,0],[1,0],[33,694]]
[[0,0],[1,0],[87,694]]
[[0,0],[1,0],[169,694]]
[[0,0],[1,0],[329,694]]
[[0,0],[1,0],[305,694]]
[[0,0],[1,0],[45,694]]
[[0,0],[1,0],[145,694]]
[[0,0],[1,0],[187,694]]
[[0,0],[1,0],[205,694]]
[[0,0],[1,0],[213,694]]
[[0,0],[1,0],[233,694]]
[[0,0],[1,0],[211,694]]
[[0,0],[1,0],[469,694]]
[[0,0],[1,0],[433,694]]
[[0,0],[1,0],[57,694]]
[[0,0],[1,0],[37,694]]
[[0,0],[1,0],[229,694]]
[[0,0],[1,0],[193,694]]
[[0,0],[1,0],[253,694]]
[[0,0],[1,0],[147,694]]
[[0,0],[1,0],[219,694]]
[[0,0],[1,0],[255,694]]
[[0,0],[1,0],[153,694]]
[[0,0],[1,0],[149,694]]
[[0,0],[1,0],[77,694]]
[[0,0],[1,0],[423,694]]
[[0,0],[1,0],[173,694]]
[[0,0],[1,0],[241,694]]
[[0,0],[1,0],[185,694]]
[[0,0],[1,0],[97,694]]
[[0,0],[1,0],[35,694]]
[[0,0],[1,0],[99,694]]
[[0,0],[1,0],[43,694]]
[[0,0],[1,0],[575,694]]
[[0,0],[1,0],[19,694]]
[[0,0],[1,0],[281,694]]
[[0,0],[1,0],[67,694]]
[[0,0],[1,0],[277,694]]
[[0,0],[1,0],[159,694]]
[[0,0],[1,0],[395,694]]
[[0,0],[1,0],[327,694]]
[[0,0],[1,0],[51,694]]
[[0,0],[1,0],[127,694]]
[[0,0],[1,0],[197,694]]
[[0,0],[1,0],[1,694]]
[[0,0],[1,0],[247,694]]
[[0,0],[1,0],[301,694]]
[[0,0],[1,0],[23,694]]
[[0,0],[1,0],[55,694]]
[[0,0],[1,0],[215,694]]
[[0,0],[1,0],[235,694]]
[[0,0],[1,0],[199,694]]
[[0,0],[1,0],[179,694]]
[[0,0],[1,0],[117,694]]
[[0,0],[1,0],[131,694]]
[[0,0],[1,0],[223,694]]
[[0,0],[1,0],[259,694]]
[[0,0],[1,0],[143,694]]
[[0,0],[1,0],[343,694]]
[[0,0],[1,0],[121,694]]
[[0,0],[1,0],[91,694]]
[[0,0],[1,0],[161,694]]
[[0,0],[1,0],[27,694]]
[[0,0],[1,0],[49,694]]
[[0,0],[1,0],[415,694]]
[[0,0],[1,0],[303,694]]
[[0,0],[1,0],[227,694]]
[[0,0],[1,0],[353,694]]
[[0,0],[1,0],[335,694]]
[[0,0],[1,0],[289,694]]
[[0,0],[1,0],[13,694]]
[[0,0],[1,0],[411,694]]
[[0,0],[1,0],[349,694]]
[[0,0],[1,0],[107,694]]
[[0,0],[1,0],[523,694]]
[[0,0],[1,0],[101,694]]
[[0,0],[1,0],[165,694]]
[[0,0],[1,0],[195,694]]
[[0,0],[1,0],[133,694]]
[[0,0],[1,0],[59,694]]
[[0,0],[1,0],[231,694]]
[[0,0],[1,0],[605,694]]
[[0,0],[1,0],[29,694]]
[[0,0],[1,0],[81,694]]
[[0,0],[1,0],[217,694]]
[[0,0],[1,0],[427,694]]
[[0,0],[1,0],[361,694]]
[[0,0],[1,0],[47,694]]
[[0,0],[1,0],[257,694]]
[[0,0],[1,0],[348,694]]
[[0,0],[1,0],[25,694]]
[[0,0],[1,0],[397,694]]
[[0,0],[1,0],[317,694]]
[[0,0],[1,0],[63,694]]
[[0,0],[1,0],[9,694]]
[[0,0],[1,0],[125,694]]
[[0,0],[1,0],[105,694]]
[[0,0],[1,0],[163,694]]
[[0,0],[1,0],[83,694]]
[[0,0],[1,0],[111,694]]
[[0,0],[1,0],[321,694]]
[[0,0],[1,0],[293,694]]
[[0,0],[1,0],[95,694]]
[[0,0],[1,0],[309,694]]
[[0,0],[1,0],[183,694]]
[[0,0],[1,0],[445,694]]
[[0,0],[1,0],[429,694]]
[[0,0],[1,0],[693,694]]
[[0,0],[1,0],[189,694]]
[[0,0],[1,0],[61,694]]
[[0,0],[1,0],[425,694]]
[[0,0],[1,0],[315,694]]
[[0,0],[1,0],[31,694]]
[[0,0],[1,0],[339,694]]
[[0,0],[1,0],[53,694]]
[[0,0],[1,0],[337,694]]
[[0,0],[1,0],[473,694]]
[[0,0],[1,0],[3,694]]
[[0,0],[1,0],[167,694]]
[[0,0],[1,0],[363,694]]
[[0,0],[1,0],[109,694]]
[[0,0],[1,0],[73,694]]
[[0,0],[1,0],[191,694]]
[[0,0],[1,0],[243,694]]
[[0,0],[1,0],[5,694]]
[[0,0],[1,0],[69,694]]
[[0,0],[1,0],[129,694]]
[[0,0],[1,0],[41,694]]
[[0,0],[1,0],[371,694]]
[[0,0],[1,0],[203,694]]
[[0,0],[1,0],[137,694]]
[[0,0],[1,0],[21,694]]
[[0,0],[1,0],[369,694]]
[[0,0],[1,0],[381,694]]
[[0,0],[1,0],[493,694]]
[[0,0],[1,0],[65,694]]
[[0,0],[1,0],[93,694]]
[[0,0],[1,0],[407,694]]
[[0,0],[1,0],[517,694]]
[[0,0],[1,0],[11,694]]
[[0,0],[1,0],[311,694]]
[[0,0],[1,0],[181,694]]
[[0,0],[1,0],[295,694]]
[[0,0],[1,0],[7,694]]
[[0,0],[1,0],[251,694]]
[[0,0],[1,0],[15,694]]
[[0,0],[1,0],[135,694]]
[[0,0],[1,0],[419,694]]
[[0,0],[1,0],[115,694]]
[[0,0],[1,0],[103,694]]
[[0,0],[1,0],[375,694]]
[[0,0],[1,0],[285,694]]
[[0,0],[1,0],[609,694]]
[[0,0],[1,0],[571,694]]
[[0,0],[1,0],[487,694]]
[[0,0],[1,0],[457,694]]
