[[0,0],[1,0],[466,700]]
[[0,0],[2,0],[72,350]]
[[0,0],[1,0],[139,700]]
[[0,0],[10,0],[10,70]]
[[0,0],[1,0],[429,700]]
[[0,0],[1,0],[106,700]]
[[0,0],[1,0],[277,700]]
[[0,0],[1,0],[295,700]]
[[0,0],[1,0],[47,700]]
[[0,0],[1,0],[301,700]]
[[0,0],[1,0],[186,700]]
[[0,0],[1,0],[3,700]]
[[0,0],[4,0],[60,175]]
[[0,0],[1,0],[89,700]]
[[0,0],[5,0],[135,140]]
[[0,0],[2,0],[86,350]]
[[0,0],[1,0],[193,700]]
[[0,0],[1,0],[187,700]]
[[0,0],[1,0],[579,700]]
[[0,0],[1,0],[16,700]]
[[0,0],[1,0],[261,700]]
[[0,0],[1,0],[366,700]]
[[0,0],[1,0],[113,700]]
[[0,0],[5,0],[15,140]]
[[0,0],[5,0],[110,140]]
[[0,0],[1,0],[37,700]]
[[0,0],[1,0],[516,700]]
[[0,0],[1,0],[568,700]]
[[0,0],[1,0],[76,700]]
[[0,0],[1,0],[143,700]]
[[0,0],[1,0],[78,700]]
[[0,0],[1,0],[411,700]]
[[0,0],[1,0],[333,700]]
[[0,0],[1,0],[435,700]]
[[0,0],[2,0],[6,350]]
[[0,0],[1,0],[414,700]]
[[0,0],[1,0],[556,700]]
[[0,0],[1,0],[257,700]]
[[0,0],[2,0],[162,350]]
[[0,0],[2,0],[142,350]]
[[0,0],[1,0],[13,700]]
[[0,0],[2,0],[77,350]]
[[0,0],[1,0],[31,700]]
[[0,0],[1,0],[209,700]]
[[0,0],[1,0],[101,700]]
[[0,0],[1,0],[554,700]]
[[0,0],[1,0],[179,700]]
[[0,0],[1,0],[351,700]]
[[0,0],[2,0],[102,350]]
[[0,0],[1,0],[85,700]]
[[0,0],[1,0],[218,700]]
[[0,0],[1,0],[71,700]]
[[0,0],[1,0],[417,700]]
[[0,0],[1,0],[361,700]]
[[0,0],[1,0],[149,700]]
[[0,0],[1,0],[86,700]]
[[0,0],[1,0],[606,700]]
[[0,0],[5,0],[40,140]]
[[0,0],[1,0],[288,700]]
[[0,0],[2,0],[36,350]]
[[0,0],[2,0],[198,350]]
[[0,0],[1,0],[286,700]]
[[0,0],[1,0],[53,700]]
[[0,0],[1,0],[36,700]]
[[0,0],[1,0],[256,700]]
[[0,0],[1,0],[442,700]]
[[0,0],[1,0],[73,700]]
[[0,0],[1,0],[371,700]]
[[0,0],[1,0],[239,700]]
[[0,0],[1,0],[397,700]]
[[0,0],[1,0],[247,700]]
[[0,0],[1,0],[243,700]]
[[0,0],[1,0],[636,700]]
[[0,0],[1,0],[207,700]]
[[0,0],[1,0],[22,700]]
[[0,0],[1,0],[41,700]]
[[0,0],[1,0],[601,700]]
[[0,0],[1,0],[153,700]]
[[0,0],[1,0],[529,700]]
[[0,0],[1,0],[326,700]]
[[0,0],[1,0],[586,700]]
[[0,0],[1,0],[103,700]]
[[0,0],[1,0],[279,700]]
[[0,0],[1,0],[486,700]]
[[0,0],[5,0],[55,140]]
[[0,0],[2,0],[12,350]]
[[0,0],[1,0],[509,700]]
[[0,0],[2,0],[26,350]]
[[0,0],[1,0],[666,700]]
[[0,0],[1,0],[576,700]]
[[0,0],[1,0],[638,700]]
[[0,0],[1,0],[17,700]]
[[0,0],[1,0],[199,700]]
[[0,0],[1,0],[131,700]]
[[0,0],[1,0],[61,700]]
[[0,0],[1,0],[64,700]]
[[0,0],[2,0],[310,350]]
[[0,0],[1,0],[93,700]]
[[0,0],[1,0],[536,700]]
[[0,0],[2,0],[38,350]]
[[0,0],[1,0],[372,700]]
[[0,0],[1,0],[499,700]]
[[0,0],[1,0],[281,700]]
[[0,0],[1,0],[107,700]]
[[0,0],[1,0],[676,700]]
[[0,0],[1,0],[652,700]]
[[0,0],[2,0],[82,350]]
[[0,0],[1,0],[59,700]]
[[0,0],[1,0],[396,700]]
[[0,0],[1,0],[441,700]]
[[0,0],[1,0],[109,700]]
[[0,0],[1,0],[227,700]]
[[0,0],[1,0],[596,700]]
[[0,0],[1,0],[316,700]]
[[0,0],[1,0],[51,700]]
[[0,0],[2,0],[240,350]]
[[0,0],[1,0],[137,700]]
[[0,0],[1,0],[526,700]]
[[0,0],[1,0],[26,700]]
[[0,0],[1,0],[23,700]]
[[0,0],[1,0],[21,700]]
[[0,0],[2,0],[205,350]]
[[0,0],[2,0],[4,350]]
[[0,0],[2,0],[64,350]]
[[0,0],[2,0],[22,350]]
[[0,0],[1,0],[436,700]]
[[0,0],[1,0],[6,700]]
[[0,0],[1,0],[346,700]]
[[0,0],[1,0],[221,700]]
[[0,0],[1,0],[581,700]]
[[0,0],[1,0],[496,700]]
[[0,0],[1,0],[159,700]]
[[0,0],[1,0],[511,700]]
[[0,0],[1,0],[341,700]]
[[0,0],[1,0],[161,700]]
[[0,0],[1,0],[311,700]]
[[0,0],[1,0],[309,700]]
[[0,0],[1,0],[233,700]]
[[0,0],[1,0],[19,700]]
[[0,0],[1,0],[33,700]]
[[0,0],[1,0],[29,700]]
[[0,0],[1,0],[237,700]]
[[0,0],[1,0],[349,700]]
[[0,0],[1,0],[167,700]]
[[0,0],[10,0],[30,70]]
[[0,0],[1,0],[531,700]]
[[0,0],[2,0],[122,350]]
[[0,0],[2,0],[24,350]]
[[0,0],[1,0],[226,700]]
[[0,0],[2,0],[172,350]]
[[0,0],[1,0],[253,700]]
[[0,0],[1,0],[365,700]]
[[0,0],[5,0],[5,140]]
[[0,0],[1,0],[376,700]]
[[0,0],[1,0],[263,700]]
[[0,0],[1,0],[267,700]]
[[0,0],[5,0],[25,140]]
[[0,0],[1,0],[129,700]]
[[0,0],[1,0],[127,700]]
[[0,0],[1,0],[582,700]]
[[0,0],[1,0],[506,700]]
[[0,0],[1,0],[87,700]]
[[0,0],[1,0],[416,700]]
[[0,0],[1,0],[157,700]]
[[0,0],[2,0],[65,350]]
[[0,0],[1,0],[358,700]]
[[0,0],[1,0],[99,700]]
[[0,0],[1,0],[197,700]]
[[0,0],[2,0],[296,350]]
[[0,0],[1,0],[276,700]]
[[0,0],[1,0],[426,700]]
[[0,0],[1,0],[347,700]]
[[0,0],[1,0],[498,700]]
[[0,0],[1,0],[431,700]]
[[0,0],[1,0],[69,700]]
[[0,0],[2,0],[30,350]]
[[0,0],[1,0],[624,700]]
[[0,0],[1,0],[43,700]]
[[0,0],[1,0],[313,700]]
[[0,0],[1,0],[651,700]]
[[0,0],[1,0],[251,700]]
[[0,0],[1,0],[446,700]]
[[0,0],[1,0],[337,700]]
[[0,0],[1,0],[694,700]]
[[0,0],[1,0],[699,700]]
[[0,0],[1,0],[696,700]]
[[0,0],[10,0],[20,70]]
[[0,0],[4,0],[95,175]]
[[0,0],[1,0],[156,700]]
[[0,0],[2,0],[262,350]]
[[0,0],[1,0],[1,700]]
[[0,0],[1,0],[79,700]]
[[0,0],[1,0],[136,700]]
[[0,0],[1,0],[656,700]]
[[0,0],[2,0],[62,350]]
[[0,0],[1,0],[344,700]]
[[0,0],[1,0],[451,700]]
[[0,0],[1,0],[459,700]]
[[0,0],[1,0],[92,700]]
[[0,0],[1,0],[8,700]]
[[0,0],[2,0],[252,350]]
[[0,0],[1,0],[148,700]]
[[0,0],[1,0],[67,700]]
[[0,0],[1,0],[231,700]]
[[0,0],[2,0],[345,350]]
[[0,0],[1,0],[566,700]]
[[0,0],[1,0],[232,700]]
[[0,0],[1,0],[356,700]]
[[0,0],[2,0],[18,350]]
[[0,0],[2,0],[52,350]]
[[0,0],[1,0],[117,700]]
[[0,0],[1,0],[223,700]]
[[0,0],[1,0],[81,700]]
[[0,0],[1,0],[626,700]]
[[0,0],[1,0],[134,700]]
[[0,0],[1,0],[449,700]]
[[0,0],[1,0],[204,700]]
[[0,0],[2,0],[135,350]]
[[0,0],[1,0],[66,700]]
[[0,0],[1,0],[428,700]]
[[0,0],[1,0],[181,700]]
[[0,0],[1,0],[39,700]]
[[0,0],[1,0],[323,700]]
[[0,0],[2,0],[128,350]]
[[0,0],[1,0],[141,700]]
[[0,0],[1,0],[296,700]]
[[0,0],[2,0],[48,350]]
[[0,0],[2,0],[152,350]]
[[0,0],[1,0],[512,700]]
[[0,0],[1,0],[183,700]]
[[0,0],[1,0],[484,700]]
[[0,0],[1,0],[163,700]]
[[0,0],[1,0],[176,700]]
[[0,0],[1,0],[83,700]]
[[0,0],[1,0],[46,700]]
[[0,0],[1,0],[386,700]]
[[0,0],[4,0],[154,175]]
[[0,0],[1,0],[211,700]]
[[0,0],[1,0],[91,700]]
[[0,0],[1,0],[225,700]]
[[0,0],[1,0],[379,700]]
[[0,0],[1,0],[162,700]]
[[0,0],[1,0],[166,700]]
[[0,0],[1,0],[216,700]]
[[0,0],[1,0],[246,700]]
[[0,0],[1,0],[549,700]]
[[0,0],[1,0],[236,700]]
[[0,0],[1,0],[327,700]]
[[0,0],[1,0],[11,700]]
[[0,0],[1,0],[146,700]]
[[0,0],[1,0],[274,700]]
[[0,0],[1,0],[306,700]]
[[0,0],[1,0],[57,700]]
[[0,0],[2,0],[272,350]]
[[0,0],[1,0],[116,700]]
[[0,0],[2,0],[170,350]]
[[0,0],[1,0],[646,700]]
[[0,0],[1,0],[293,700]]
[[0,0],[1,0],[302,700]]
[[0,0],[1,0],[645,700]]
[[0,0],[2,0],[66,350]]
[[0,0],[1,0],[481,700]]
[[0,0],[5,0],[45,140]]
[[0,0],[2,0],[16,350]]
[[0,0],[4,0],[165,175]]
[[0,0],[1,0],[111,700]]
[[0,0],[2,0],[68,350]]
[[0,0],[1,0],[177,700]]
[[0,0],[1,0],[381,700]]
[[0,0],[1,0],[206,700]]
[[0,0],[2,0],[156,350]]
[[0,0],[5,0],[65,140]]
[[0,0],[1,0],[505,700]]
[[0,0],[1,0],[331,700]]
[[0,0],[1,0],[229,700]]
[[0,0],[2,0],[58,350]]
[[0,0],[1,0],[401,700]]
[[0,0],[1,0],[291,700]]
[[0,0],[1,0],[456,700]]
[[0,0],[1,0],[403,700]]
[[0,0],[1,0],[123,700]]
[[0,0],[2,0],[2,350]]
[[0,0],[2,0],[92,350]]
[[0,0],[1,0],[9,700]]
[[0,0],[2,0],[8,350]]
[[0,0],[1,0],[155,700]]
[[0,0],[1,0],[383,700]]
[[0,0],[1,0],[213,700]]
[[0,0],[5,0],[75,140]]
[[0,0],[2,0],[226,350]]
[[0,0],[1,0],[15,700]]
[[0,0],[1,0],[97,700]]
[[0,0],[1,0],[126,700]]
[[0,0],[1,0],[27,700]]
[[0,0],[2,0],[96,350]]
[[0,0],[1,0],[173,700]]
[[0,0],[4,0],[130,175]]
[[0,0],[1,0],[96,700]]
[[0,0],[1,0],[307,700]]
