[[0,0],[1,0],[307,702]]
[[0,0],[1,0],[466,702]]
[[0,0],[3,0],[48,234]]
[[0,0],[1,0],[503,702]]
[[0,0],[1,0],[573,702]]
[[0,0],[1,0],[310,702]]
[[0,0],[1,0],[472,702]]
[[0,0],[1,0],[139,702]]
[[0,0],[1,0],[460,702]]
[[0,0],[1,0],[106,702]]
[[0,0],[1,0],[277,702]]
[[0,0],[1,0],[295,702]]
[[0,0],[1,0],[359,702]]
[[0,0],[1,0],[478,702]]
[[0,0],[3,0],[159,234]]
[[0,0],[1,0],[47,702]]
[[0,0],[1,0],[142,702]]
[[0,0],[1,0],[334,702]]
[[0,0],[1,0],[340,702]]
[[0,0],[1,0],[115,702]]
[[0,0],[1,0],[193,702]]
[[0,0],[1,0],[424,702]]
[[0,0],[3,0],[228,234]]
[[0,0],[1,0],[16,702]]
[[0,0],[1,0],[187,702]]
[[0,0],[1,0],[95,702]]
[[0,0],[1,0],[261,702]]
[[0,0],[1,0],[287,702]]
[[0,0],[1,0],[178,702]]
[[0,0],[1,0],[113,702]]
[[0,0],[1,0],[352,702]]
[[0,0],[1,0],[112,702]]
[[0,0],[1,0],[250,702]]
[[0,0],[3,0],[21,234]]
[[0,0],[1,0],[151,702]]
[[0,0],[1,0],[191,702]]
[[0,0],[1,0],[34,702]]
[[0,0],[1,0],[550,702]]
[[0,0],[1,0],[592,702]]
[[0,0],[1,0],[562,702]]
[[0,0],[3,0],[15,234]]
[[0,0],[1,0],[568,702]]
[[0,0],[1,0],[76,702]]
[[0,0],[3,0],[42,234]]
[[0,0],[1,0],[185,702]]
[[0,0],[1,0],[701,702]]
[[0,0],[1,0],[556,702]]
[[0,0],[1,0],[461,702]]
[[0,0],[1,0],[482,702]]
[[0,0],[1,0],[257,702]]
[[0,0],[1,0],[700,702]]
[[0,0],[1,0],[463,702]]
[[0,0],[2,0],[171,351]]
[[0,0],[1,0],[31,702]]
[[0,0],[1,0],[325,702]]
[[0,0],[2,0],[288,351]]
[[0,0],[1,0],[101,702]]
[[0,0],[1,0],[292,702]]
[[0,0],[1,0],[454,702]]
[[0,0],[1,0],[544,702]]
[[0,0],[1,0],[475,702]]
[[0,0],[1,0],[613,702]]
[[0,0],[1,0],[179,702]]
[[0,0],[1,0],[170,702]]
[[0,0],[1,0],[85,702]]
[[0,0],[1,0],[653,702]]
[[0,0],[1,0],[71,702]]
[[0,0],[1,0],[417,702]]
[[0,0],[1,0],[361,702]]
[[0,0],[1,0],[149,702]]
[[0,0],[1,0],[190,702]]
[[0,0],[1,0],[262,702]]
[[0,0],[3,0],[51,234]]
[[0,0],[1,0],[479,702]]
[[0,0],[1,0],[4,702]]
[[0,0],[3,0],[57,234]]
[[0,0],[3,0],[84,234]]
[[0,0],[1,0],[53,702]]
[[0,0],[1,0],[493,702]]
[[0,0],[1,0],[121,702]]
[[0,0],[1,0],[256,702]]
[[0,0],[1,0],[73,702]]
[[0,0],[1,0],[317,702]]
[[0,0],[1,0],[371,702]]
[[0,0],[1,0],[682,702]]
[[0,0],[1,0],[41,702]]
[[0,0],[1,0],[205,702]]
[[0,0],[1,0],[105,702]]
[[0,0],[1,0],[22,702]]
[[0,0],[1,0],[58,702]]
[[0,0],[1,0],[268,702]]
[[0,0],[1,0],[534,702]]
[[0,0],[1,0],[326,702]]
[[0,0],[1,0],[586,702]]
[[0,0],[1,0],[103,702]]
[[0,0],[1,0],[17,702]]
[[0,0],[1,0],[154,702]]
[[0,0],[1,0],[628,702]]
[[0,0],[1,0],[638,702]]
[[0,0],[1,0],[64,702]]
[[0,0],[1,0],[61,702]]
[[0,0],[1,0],[131,702]]
[[0,0],[6,0],[45,117]]
[[0,0],[1,0],[289,702]]
[[0,0],[3,0],[123,234]]
[[0,0],[1,0],[339,702]]
[[0,0],[2,0],[299,351]]
[[0,0],[1,0],[499,702]]
[[0,0],[1,0],[676,702]]
[[0,0],[1,0],[107,702]]
[[0,0],[1,0],[652,702]]
[[0,0],[3,0],[120,234]]
[[0,0],[1,0],[248,702]]
[[0,0],[1,0],[59,702]]
[[0,0],[1,0],[109,702]]
[[0,0],[1,0],[316,702]]
[[0,0],[3,0],[231,234]]
[[0,0],[1,0],[430,702]]
[[0,0],[1,0],[14,702]]
[[0,0],[1,0],[526,702]]
[[0,0],[1,0],[23,702]]
[[0,0],[1,0],[559,702]]
[[0,0],[1,0],[421,702]]
[[0,0],[2,0],[93,351]]
[[0,0],[1,0],[436,702]]
[[0,0],[1,0],[574,702]]
[[0,0],[1,0],[271,702]]
[[0,0],[1,0],[580,702]]
[[0,0],[1,0],[125,702]]
[[0,0],[1,0],[346,702]]
[[0,0],[1,0],[496,702]]
[[0,0],[1,0],[214,702]]
[[0,0],[1,0],[118,702]]
[[0,0],[1,0],[329,702]]
[[0,0],[1,0],[161,702]]
[[0,0],[1,0],[367,702]]
[[0,0],[1,0],[311,702]]
[[0,0],[3,0],[102,234]]
[[0,0],[1,0],[175,702]]
[[0,0],[1,0],[514,702]]
[[0,0],[1,0],[233,702]]
[[0,0],[3,0],[129,234]]
[[0,0],[1,0],[184,702]]
[[0,0],[1,0],[19,702]]
[[0,0],[1,0],[29,702]]
[[0,0],[1,0],[560,702]]
[[0,0],[3,0],[93,234]]
[[0,0],[2,0],[210,351]]
[[0,0],[1,0],[283,702]]
[[0,0],[1,0],[418,702]]
[[0,0],[1,0],[406,702]]
[[0,0],[1,0],[167,702]]
[[0,0],[1,0],[235,702]]
[[0,0],[1,0],[404,702]]
[[0,0],[1,0],[688,702]]
[[0,0],[1,0],[226,702]]
[[0,0],[1,0],[508,702]]
[[0,0],[1,0],[215,702]]
[[0,0],[1,0],[658,702]]
[[0,0],[3,0],[87,234]]
[[0,0],[1,0],[40,702]]
[[0,0],[1,0],[202,702]]
[[0,0],[1,0],[253,702]]
[[0,0],[1,0],[10,702]]
[[0,0],[1,0],[365,702]]
[[0,0],[1,0],[376,702]]
[[0,0],[1,0],[649,702]]
[[0,0],[1,0],[263,702]]
[[0,0],[1,0],[244,702]]
[[0,0],[1,0],[127,702]]
[[0,0],[1,0],[664,702]]
[[0,0],[1,0],[157,702]]
[[0,0],[1,0],[437,702]]
[[0,0],[1,0],[355,702]]
[[0,0],[1,0],[358,702]]
[[0,0],[1,0],[197,702]]
[[0,0],[3,0],[33,234]]
[[0,0],[1,0],[35,702]]
[[0,0],[2,0],[15,351]]
[[0,0],[1,0],[328,702]]
[[0,0],[1,0],[565,702]]
[[0,0],[1,0],[196,702]]
[[0,0],[1,0],[634,702]]
[[0,0],[1,0],[100,702]]
[[0,0],[1,0],[43,702]]
[[0,0],[1,0],[651,702]]
[[0,0],[1,0],[532,702]]
[[0,0],[1,0],[353,702]]
[[0,0],[1,0],[473,702]]
[[0,0],[1,0],[298,702]]
[[0,0],[1,0],[394,702]]
[[0,0],[1,0],[604,702]]
[[0,0],[1,0],[28,702]]
[[0,0],[1,0],[694,702]]
[[0,0],[1,0],[94,702]]
[[0,0],[1,0],[238,702]]
[[0,0],[1,0],[490,702]]
[[0,0],[1,0],[382,702]]
[[0,0],[1,0],[457,702]]
[[0,0],[1,0],[433,702]]
[[0,0],[1,0],[172,702]]
[[0,0],[1,0],[1,702]]
[[0,0],[1,0],[485,702]]
[[0,0],[1,0],[136,702]]
[[0,0],[1,0],[79,702]]
[[0,0],[3,0],[165,234]]
[[0,0],[3,0],[12,234]]
[[0,0],[1,0],[92,702]]
[[0,0],[1,0],[451,702]]
[[0,0],[3,0],[174,234]]
[[0,0],[1,0],[502,702]]
[[0,0],[1,0],[148,702]]
[[0,0],[2,0],[327,351]]
[[0,0],[3,0],[81,234]]
[[0,0],[1,0],[319,702]]
[[0,0],[1,0],[232,702]]
[[0,0],[1,0],[322,702]]
[[0,0],[1,0],[67,702]]
[[0,0],[1,0],[538,702]]
[[0,0],[1,0],[610,702]]
[[0,0],[1,0],[275,702]]
[[0,0],[1,0],[670,702]]
[[0,0],[1,0],[133,702]]
[[0,0],[1,0],[640,702]]
[[0,0],[3,0],[138,234]]
[[0,0],[1,0],[220,702]]
[[0,0],[1,0],[389,702]]
[[0,0],[1,0],[7,702]]
[[0,0],[1,0],[55,702]]
[[0,0],[1,0],[66,702]]
[[0,0],[1,0],[181,702]]
[[0,0],[1,0],[280,702]]
[[0,0],[1,0],[323,702]]
[[0,0],[2,0],[132,351]]
[[0,0],[1,0],[160,702]]
[[0,0],[3,0],[3,234]]
[[0,0],[3,0],[192,234]]
[[0,0],[1,0],[77,702]]
[[0,0],[1,0],[183,702]]
[[0,0],[1,0],[484,702]]
[[0,0],[1,0],[622,702]]
[[0,0],[1,0],[163,702]]
[[0,0],[1,0],[83,702]]
[[0,0],[1,0],[222,702]]
[[0,0],[1,0],[46,702]]
[[0,0],[1,0],[300,702]]
[[0,0],[1,0],[211,702]]
[[0,0],[1,0],[91,702]]
[[0,0],[1,0],[25,702]]
[[0,0],[1,0],[5,702]]
[[0,0],[3,0],[210,234]]
[[0,0],[3,0],[66,234]]
[[0,0],[1,0],[166,702]]
[[0,0],[3,0],[198,234]]
[[0,0],[1,0],[370,702]]
[[0,0],[1,0],[547,702]]
[[0,0],[1,0],[690,702]]
[[0,0],[3,0],[30,234]]
[[0,0],[1,0],[304,702]]
[[0,0],[1,0],[448,702]]
[[0,0],[1,0],[11,702]]
[[0,0],[1,0],[400,702]]
[[0,0],[1,0],[274,702]]
[[0,0],[1,0],[495,702]]
[[0,0],[1,0],[616,702]]
[[0,0],[1,0],[293,702]]
[[0,0],[1,0],[646,702]]
[[0,0],[1,0],[82,702]]
[[0,0],[1,0],[412,702]]
[[0,0],[1,0],[388,702]]
[[0,0],[1,0],[70,702]]
[[0,0],[2,0],[249,351]]
[[0,0],[1,0],[124,702]]
[[0,0],[3,0],[75,234]]
[[0,0],[1,0],[665,702]]
[[0,0],[1,0],[88,702]]
[[0,0],[1,0],[583,702]]
[[0,0],[1,0],[443,702]]
[[0,0],[1,0],[401,702]]
[[0,0],[1,0],[456,702]]
[[0,0],[1,0],[145,702]]
[[0,0],[1,0],[97,702]]
[[0,0],[1,0],[173,702]]
[[0,0],[1,0],[305,702]]
