[[0,0],[1,0],[260,703]]
[[0,0],[1,0],[52,703]]
[[0,0],[1,0],[101,703]]
[[0,0],[1,0],[72,703]]
[[0,0],[1,0],[48,703]]
[[0,0],[1,0],[104,703]]
[[0,0],[1,0],[58,703]]
[[0,0],[1,0],[73,703]]
[[0,0],[1,0],[183,703]]
[[0,0],[1,0],[3,703]]
[[0,0],[1,0],[267,703]]
[[0,0],[1,0],[419,703]]
[[0,0],[1,0],[191,703]]
[[0,0],[1,0],[334,703]]
[[0,0],[1,0],[91,703]]
[[0,0],[1,0],[85,703]]
[[0,0],[1,0],[75,703]]
[[0,0],[1,0],[26,703]]
[[0,0],[1,0],[150,703]]
[[0,0],[1,0],[218,703]]
[[0,0],[1,0],[94,703]]
[[0,0],[1,0],[178,703]]
[[0,0],[1,0],[220,703]]
[[0,0],[1,0],[25,703]]
[[0,0],[1,0],[149,703]]
[[0,0],[1,0],[18,703]]
[[0,0],[1,0],[31,703]]
[[0,0],[1,0],[7,703]]
[[0,0],[1,0],[27,703]]
[[0,0],[1,0],[248,703]]
[[0,0],[1,0],[180,703]]
[[0,0],[1,0],[132,703]]
[[0,0],[1,0],[87,703]]
[[0,0],[1,0],[6,703]]
[[0,0],[1,0],[106,703]]
[[0,0],[1,0],[12,703]]
[[0,0],[1,0],[16,703]]
[[0,0],[1,0],[229,703]]
[[0,0],[1,0],[219,703]]
[[0,0],[1,0],[51,703]]
[[0,0],[1,0],[153,703]]
[[0,0],[1,0],[192,703]]
[[0,0],[1,0],[297,703]]
[[0,0],[1,0],[182,703]]
[[0,0],[1,0],[43,703]]
[[0,0],[1,0],[61,703]]
[[0,0],[1,0],[139,703]]
[[0,0],[1,0],[35,703]]
[[0,0],[1,0],[105,703]]
[[0,0],[1,0],[56,703]]
[[0,0],[1,0],[102,703]]
[[0,0],[1,0],[84,703]]
[[0,0],[1,0],[92,703]]
[[0,0],[1,0],[36,703]]
[[0,0],[1,0],[119,703]]
[[0,0],[1,0],[221,703]]
[[0,0],[1,0],[70,703]]
[[0,0],[1,0],[199,703]]
[[0,0],[1,0],[140,703]]
[[0,0],[1,0],[158,703]]
[[0,0],[1,0],[103,703]]
[[0,0],[1,0],[286,703]]
[[0,0],[1,0],[179,703]]
[[0,0],[1,0],[5,703]]
[[0,0],[1,0],[66,703]]
[[0,0],[1,0],[39,703]]
[[0,0],[1,0],[42,703]]
[[0,0],[1,0],[53,703]]
[[0,0],[1,0],[4,703]]
[[0,0],[1,0],[151,703]]
[[0,0],[1,0],[77,703]]
[[0,0],[1,0],[15,703]]
[[0,0],[1,0],[110,703]]
[[0,0],[1,0],[80,703]]
[[0,0],[1,0],[34,703]]
[[0,0],[1,0],[131,703]]
[[0,0],[1,0],[157,703]]
[[0,0],[1,0],[128,703]]
[[0,0],[1,0],[11,703]]
[[0,0],[1,0],[93,703]]
[[0,0],[1,0],[254,703]]
[[0,0],[1,0],[59,703]]
[[0,0],[1,0],[172,703]]
[[0,0],[1,0],[168,703]]
[[0,0],[1,0],[46,703]]
[[0,0],[1,0],[20,703]]
[[0,0],[1,0],[2,703]]
[[0,0],[1,0],[96,703]]
[[0,0],[1,0],[22,703]]
[[0,0],[1,0],[47,703]]
[[0,0],[1,0],[10,703]]
[[0,0],[1,0],[1,703]]
[[0,0],[1,0],[116,703]]
[[0,0],[1,0],[371,703]]
[[0,0],[1,0],[49,703]]
[[0,0],[1,0],[86,703]]
[[0,0],[1,0],[38,703]]
[[0,0],[1,0],[29,703]]
[[0,0],[1,0],[142,703]]
[[0,0],[1,0],[109,703]]
[[0,0],[1,0],[14,703]]
[[0,0],[1,0],[71,703]]
[[0,0],[1,0],[41,703]]
[[0,0],[1,0],[115,703]]
[[0,0],[1,0],[81,703]]
[[0,0],[1,0],[21,703]]
[[0,0],[1,0],[8,703]]
[[0,0],[1,0],[24,703]]
[[0,0],[1,0],[17,703]]
[[0,0],[1,0],[50,703]]
[[0,0],[1,0],[112,703]]
[[0,0],[1,0],[134,703]]
[[0,0],[1,0],[181,703]]
[[0,0],[1,0],[187,703]]
[[0,0],[1,0],[23,703]]
[[0,0],[1,0],[30,703]]
[[0,0],[1,0],[556,703]]
[[0,0],[1,0],[9,703]]
[[0,0],[1,0],[122,703]]
[[0,0],[1,0],[60,703]]
[[0,0],[1,0],[13,703]]
[[0,0],[1,0],[135,703]]
[[0,0],[1,0],[590,703]]
[[0,0],[1,0],[141,703]]
[[0,0],[1,0],[305,703]]
[[0,0],[1,0],[137,703]]
[[0,0],[1,0],[628,703]]
[[0,0],[1,0],[186,703]]
[[0,0],[1,0],[138,703]]
[[0,0],[1,0],[136,703]]
