[[0,0],[1,0],[377,705]]
[[0,0],[1,0],[493,705]]
[[0,0],[1,0],[366,705]]
[[0,0],[1,0],[191,705]]
[[0,0],[1,0],[261,705]]
[[0,0],[1,0],[166,705]]
[[0,0],[1,0],[418,705]]
[[0,0],[1,0],[151,705]]
[[0,0],[1,0],[73,705]]
[[0,0],[1,0],[613,705]]
[[0,0],[1,0],[66,705]]
[[0,0],[1,0],[396,705]]
[[0,0],[1,0],[7,705]]
[[0,0],[1,0],[112,705]]
[[0,0],[1,0],[46,705]]
[[0,0],[1,0],[43,705]]
[[0,0],[1,0],[659,705]]
[[0,0],[1,0],[17,705]]
[[0,0],[1,0],[106,705]]
[[0,0],[1,0],[223,705]]
[[0,0],[1,0],[171,705]]
[[0,0],[1,0],[37,705]]
[[0,0],[1,0],[208,705]]
[[0,0],[1,0],[538,705]]
[[0,0],[1,0],[311,705]]
[[0,0],[1,0],[281,705]]
[[0,0],[1,0],[131,705]]
[[0,0],[1,0],[181,705]]
[[0,0],[1,0],[96,705]]
[[0,0],[1,0],[612,705]]
[[0,0],[1,0],[169,705]]
[[0,0],[1,0],[401,705]]
[[0,0],[1,0],[1,705]]
[[0,0],[1,0],[301,705]]
[[0,0],[1,0],[77,705]]
[[0,0],[1,0],[352,705]]
[[0,0],[1,0],[127,705]]
[[0,0],[1,0],[501,705]]
[[0,0],[1,0],[4,705]]
[[0,0],[1,0],[307,705]]
[[0,0],[1,0],[214,705]]
[[0,0],[1,0],[247,705]]
[[0,0],[1,0],[11,705]]
[[0,0],[1,0],[164,705]]
[[0,0],[1,0],[116,705]]
[[0,0],[1,0],[6,705]]
[[0,0],[1,0],[59,705]]
[[0,0],[1,0],[19,705]]
[[0,0],[1,0],[149,705]]
[[0,0],[1,0],[81,705]]
[[0,0],[1,0],[139,705]]
[[0,0],[1,0],[330,705]]
[[0,0],[1,0],[441,705]]
[[0,0],[1,0],[193,705]]
[[0,0],[1,0],[412,705]]
[[0,0],[1,0],[431,705]]
[[0,0],[1,0],[133,705]]
[[0,0],[1,0],[172,705]]
[[0,0],[1,0],[148,705]]
[[0,0],[1,0],[336,705]]
[[0,0],[1,0],[184,705]]
[[0,0],[1,0],[391,705]]
[[0,0],[1,0],[67,705]]
[[0,0],[1,0],[95,705]]
[[0,0],[1,0],[666,705]]
[[0,0],[1,0],[516,705]]
[[0,0],[1,0],[232,705]]
[[0,0],[1,0],[351,705]]
[[0,0],[1,0],[23,705]]
[[0,0],[1,0],[176,705]]
[[0,0],[1,0],[681,705]]
[[0,0],[1,0],[68,705]]
[[0,0],[1,0],[29,705]]
[[0,0],[1,0],[161,705]]
[[0,0],[1,0],[226,705]]
[[0,0],[1,0],[211,705]]
[[0,0],[1,0],[201,705]]
[[0,0],[1,0],[2,705]]
[[0,0],[1,0],[88,705]]
[[0,0],[1,0],[229,705]]
[[0,0],[1,0],[22,705]]
[[0,0],[1,0],[98,705]]
[[0,0],[1,0],[289,705]]
[[0,0],[1,0],[486,705]]
[[0,0],[1,0],[51,705]]
[[0,0],[1,0],[409,705]]
[[0,0],[1,0],[506,705]]
[[0,0],[1,0],[406,705]]
[[0,0],[1,0],[454,705]]
[[0,0],[1,0],[231,705]]
[[0,0],[1,0],[696,705]]
[[0,0],[1,0],[337,705]]
[[0,0],[1,0],[561,705]]
[[0,0],[1,0],[471,705]]
[[0,0],[1,0],[143,705]]
[[0,0],[1,0],[163,705]]
[[0,0],[1,0],[179,705]]
[[0,0],[1,0],[236,705]]
[[0,0],[1,0],[424,705]]
[[0,0],[1,0],[508,705]]
[[0,0],[1,0],[74,705]]
[[0,0],[1,0],[97,705]]
[[0,0],[1,0],[186,705]]
[[0,0],[1,0],[381,705]]
[[0,0],[1,0],[136,705]]
[[0,0],[1,0],[276,705]]
[[0,0],[1,0],[382,705]]
[[0,0],[1,0],[142,705]]
[[0,0],[1,0],[456,705]]
[[0,0],[1,0],[111,705]]
[[0,0],[1,0],[466,705]]
[[0,0],[1,0],[26,705]]
[[0,0],[1,0],[216,705]]
[[0,0],[1,0],[107,705]]
[[0,0],[1,0],[76,705]]
[[0,0],[1,0],[48,705]]
[[0,0],[1,0],[371,705]]
[[0,0],[1,0],[58,705]]
[[0,0],[1,0],[126,705]]
[[0,0],[1,0],[426,705]]
[[0,0],[1,0],[118,705]]
[[0,0],[1,0],[49,705]]
[[0,0],[1,0],[606,705]]
[[0,0],[1,0],[448,705]]
[[0,0],[1,0],[16,705]]
[[0,0],[1,0],[244,705]]
[[0,0],[1,0],[178,705]]
[[0,0],[1,0],[349,705]]
[[0,0],[1,0],[446,705]]
[[0,0],[1,0],[546,705]]
[[0,0],[1,0],[52,705]]
[[0,0],[1,0],[411,705]]
[[0,0],[1,0],[56,705]]
[[0,0],[1,0],[388,705]]
[[0,0],[1,0],[128,705]]
[[0,0],[1,0],[124,705]]
[[0,0],[1,0],[14,705]]
[[0,0],[1,0],[636,705]]
[[0,0],[1,0],[358,705]]
[[0,0],[1,0],[121,705]]
[[0,0],[1,0],[137,705]]
[[0,0],[1,0],[511,705]]
[[0,0],[1,0],[209,705]]
[[0,0],[1,0],[576,705]]
[[0,0],[1,0],[189,705]]
[[0,0],[1,0],[28,705]]
[[0,0],[1,0],[13,705]]
[[0,0],[1,0],[61,705]]
[[0,0],[1,0],[71,705]]
[[0,0],[1,0],[31,705]]
[[0,0],[1,0],[651,705]]
[[0,0],[1,0],[306,705]]
[[0,0],[1,0],[146,705]]
[[0,0],[1,0],[79,705]]
[[0,0],[1,0],[101,705]]
[[0,0],[1,0],[187,705]]
[[0,0],[1,0],[331,705]]
[[0,0],[1,0],[321,705]]
[[0,0],[1,0],[531,705]]
[[0,0],[1,0],[565,705]]
[[0,0],[1,0],[36,705]]
[[0,0],[1,0],[38,705]]
[[0,0],[1,0],[34,705]]
[[0,0],[1,0],[469,705]]
[[0,0],[1,0],[62,705]]
[[0,0],[1,0],[154,705]]
[[0,0],[1,0],[591,705]]
[[0,0],[1,0],[621,705]]
[[0,0],[1,0],[379,705]]
[[0,0],[1,0],[316,705]]
[[0,0],[1,0],[196,705]]
[[0,0],[1,0],[253,705]]
[[0,0],[1,0],[221,705]]
[[0,0],[1,0],[319,705]]
[[0,0],[1,0],[21,705]]
[[0,0],[1,0],[103,705]]
[[0,0],[1,0],[41,705]]
[[0,0],[1,0],[157,705]]
[[0,0],[1,0],[341,705]]
[[0,0],[1,0],[268,705]]
[[0,0],[1,0],[291,705]]
[[0,0],[1,0],[156,705]]
[[0,0],[1,0],[619,705]]
[[0,0],[1,0],[109,705]]
[[0,0],[1,0],[487,705]]
[[0,0],[3,0],[50,235]]
[[0,0],[1,0],[64,705]]
[[0,0],[1,0],[271,705]]
[[0,0],[1,0],[119,705]]
[[0,0],[1,0],[246,705]]
[[0,0],[1,0],[622,705]]
[[0,0],[1,0],[256,705]]
[[0,0],[1,0],[8,705]]
[[0,0],[1,0],[266,705]]
[[0,0],[1,0],[206,705]]
[[0,0],[1,0],[53,705]]
