[[0,0],[1,0],[251,706]]
[[0,0],[1,0],[153,706]]
[[0,0],[1,0],[75,706]]
[[0,0],[1,0],[261,706]]
[[0,0],[1,0],[191,706]]
[[0,0],[1,0],[65,706]]
[[0,0],[1,0],[73,706]]
[[0,0],[1,0],[33,706]]
[[0,0],[1,0],[151,706]]
[[0,0],[1,0],[249,706]]
[[0,0],[1,0],[255,706]]
[[0,0],[1,0],[475,706]]
[[0,0],[1,0],[499,706]]
[[0,0],[1,0],[7,706]]
[[0,0],[1,0],[135,706]]
[[0,0],[1,0],[15,706]]
[[0,0],[1,0],[43,706]]
[[0,0],[1,0],[543,706]]
[[0,0],[1,0],[219,706]]
[[0,0],[1,0],[17,706]]
[[0,0],[1,0],[339,706]]
[[0,0],[1,0],[215,706]]
[[0,0],[1,0],[167,706]]
[[0,0],[1,0],[93,706]]
[[0,0],[1,0],[37,706]]
[[0,0],[1,0],[241,706]]
[[0,0],[1,0],[171,706]]
[[0,0],[1,0],[311,706]]
[[0,0],[1,0],[57,706]]
[[0,0],[1,0],[365,706]]
[[0,0],[1,0],[533,706]]
[[0,0],[1,0],[181,706]]
[[0,0],[1,0],[131,706]]
[[0,0],[1,0],[259,706]]
[[0,0],[1,0],[563,706]]
[[0,0],[1,0],[35,706]]
[[0,0],[1,0],[169,706]]
[[0,0],[1,0],[401,706]]
[[0,0],[1,0],[1,706]]
[[0,0],[1,0],[301,706]]
[[0,0],[1,0],[145,706]]
[[0,0],[1,0],[385,706]]
[[0,0],[1,0],[527,706]]
[[0,0],[1,0],[89,706]]
[[0,0],[1,0],[147,706]]
[[0,0],[1,0],[77,706]]
[[0,0],[1,0],[477,706]]
[[0,0],[1,0],[199,706]]
[[0,0],[1,0],[501,706]]
[[0,0],[1,0],[127,706]]
[[0,0],[1,0],[449,706]]
[[0,0],[1,0],[569,706]]
[[0,0],[1,0],[245,706]]
[[0,0],[1,0],[297,706]]
[[0,0],[1,0],[247,706]]
[[0,0],[1,0],[185,706]]
[[0,0],[1,0],[11,706]]
[[0,0],[1,0],[549,706]]
[[0,0],[1,0],[265,706]]
[[0,0],[1,0],[481,706]]
[[0,0],[1,0],[435,706]]
[[0,0],[1,0],[149,706]]
[[0,0],[1,0],[495,706]]
[[0,0],[1,0],[59,706]]
[[0,0],[1,0],[19,706]]
[[0,0],[1,0],[335,706]]
[[0,0],[1,0],[81,706]]
[[0,0],[1,0],[117,706]]
[[0,0],[1,0],[139,706]]
[[0,0],[1,0],[141,706]]
[[0,0],[1,0],[39,706]]
[[0,0],[1,0],[193,706]]
[[0,0],[1,0],[329,706]]
[[0,0],[1,0],[133,706]]
[[0,0],[1,0],[431,706]]
[[0,0],[1,0],[91,706]]
[[0,0],[1,0],[125,706]]
[[0,0],[1,0],[159,706]]
[[0,0],[1,0],[105,706]]
[[0,0],[1,0],[437,706]]
[[0,0],[1,0],[391,706]]
[[0,0],[1,0],[67,706]]
[[0,0],[1,0],[433,706]]
[[0,0],[1,0],[95,706]]
[[0,0],[1,0],[351,706]]
[[0,0],[1,0],[25,706]]
[[0,0],[1,0],[23,706]]
[[0,0],[1,0],[29,706]]
[[0,0],[1,0],[239,706]]
[[0,0],[1,0],[483,706]]
[[0,0],[1,0],[161,706]]
[[0,0],[1,0],[345,706]]
[[0,0],[1,0],[201,706]]
[[0,0],[1,0],[347,706]]
[[0,0],[1,0],[289,706]]
[[0,0],[1,0],[177,706]]
[[0,0],[1,0],[165,706]]
[[0,0],[1,0],[197,706]]
[[0,0],[1,0],[51,706]]
[[0,0],[1,0],[267,706]]
[[0,0],[1,0],[99,706]]
[[0,0],[1,0],[279,706]]
[[0,0],[1,0],[337,706]]
[[0,0],[1,0],[429,706]]
[[0,0],[1,0],[399,706]]
[[0,0],[1,0],[9,706]]
[[0,0],[1,0],[3,706]]
[[0,0],[1,0],[423,706]]
[[0,0],[1,0],[235,706]]
[[0,0],[1,0],[389,706]]
[[0,0],[1,0],[551,706]]
[[0,0],[1,0],[313,706]]
[[0,0],[1,0],[599,706]]
[[0,0],[1,0],[97,706]]
[[0,0],[1,0],[381,706]]
[[0,0],[1,0],[299,706]]
[[0,0],[1,0],[55,706]]
[[0,0],[1,0],[354,706]]
[[0,0],[1,0],[5,706]]
[[0,0],[1,0],[593,706]]
[[0,0],[1,0],[111,706]]
[[0,0],[1,0],[293,706]]
[[0,0],[1,0],[129,706]]
[[0,0],[1,0],[27,706]]
[[0,0],[1,0],[49,706]]
[[0,0],[1,0],[217,706]]
[[0,0],[1,0],[237,706]]
[[0,0],[1,0],[227,706]]
[[0,0],[1,0],[349,706]]
[[0,0],[1,0],[411,706]]
[[0,0],[1,0],[121,706]]
[[0,0],[1,0],[303,706]]
[[0,0],[1,0],[605,706]]
[[0,0],[1,0],[115,706]]
[[0,0],[1,0],[87,706]]
[[0,0],[1,0],[85,706]]
[[0,0],[1,0],[209,706]]
[[0,0],[1,0],[463,706]]
[[0,0],[1,0],[519,706]]
[[0,0],[1,0],[511,706]]
[[0,0],[1,0],[189,706]]
[[0,0],[1,0],[13,706]]
[[0,0],[1,0],[61,706]]
[[0,0],[1,0],[705,706]]
[[0,0],[1,0],[71,706]]
[[0,0],[1,0],[31,706]]
[[0,0],[1,0],[425,706]]
[[0,0],[1,0],[79,706]]
[[0,0],[1,0],[213,706]]
[[0,0],[1,0],[63,706]]
[[0,0],[1,0],[331,706]]
[[0,0],[1,0],[531,706]]
[[0,0],[1,0],[203,706]]
[[0,0],[1,0],[233,706]]
[[0,0],[1,0],[587,706]]
[[0,0],[1,0],[419,706]]
[[0,0],[1,0],[263,706]]
[[0,0],[1,0],[379,706]]
[[0,0],[1,0],[253,706]]
[[0,0],[1,0],[47,706]]
[[0,0],[1,0],[45,706]]
[[0,0],[1,0],[221,706]]
[[0,0],[1,0],[333,706]]
[[0,0],[1,0],[123,706]]
[[0,0],[1,0],[319,706]]
[[0,0],[1,0],[309,706]]
[[0,0],[1,0],[21,706]]
[[0,0],[1,0],[41,706]]
[[0,0],[1,0],[183,706]]
[[0,0],[1,0],[103,706]]
[[0,0],[1,0],[109,706]]
[[0,0],[1,0],[291,706]]
[[0,0],[1,0],[323,706]]
[[0,0],[1,0],[363,706]]
[[0,0],[1,0],[69,706]]
[[0,0],[1,0],[83,706]]
[[0,0],[1,0],[421,706]]
[[0,0],[1,0],[53,706]]
