[[0,0],[1,0],[266,710]]
[[0,0],[1,0],[173,710]]
[[0,0],[1,0],[166,710]]
[[0,0],[1,0],[261,710]]
[[0,0],[1,0],[73,710]]
[[0,0],[1,0],[33,710]]
[[0,0],[1,0],[249,710]]
[[0,0],[1,0],[286,710]]
[[0,0],[1,0],[326,710]]
[[0,0],[1,0],[151,710]]
[[0,0],[1,0],[46,710]]
[[0,0],[1,0],[43,710]]
[[0,0],[1,0],[476,710]]
[[0,0],[1,0],[436,710]]
[[0,0],[1,0],[396,710]]
[[0,0],[1,0],[66,710]]
[[0,0],[1,0],[17,710]]
[[0,0],[1,0],[219,710]]
[[0,0],[1,0],[339,710]]
[[0,0],[1,0],[7,710]]
[[0,0],[1,0],[273,710]]
[[0,0],[1,0],[281,710]]
[[0,0],[1,0],[241,710]]
[[0,0],[1,0],[171,710]]
[[0,0],[1,0],[167,710]]
[[0,0],[1,0],[93,710]]
[[0,0],[1,0],[57,710]]
[[0,0],[1,0],[37,710]]
[[0,0],[1,0],[596,710]]
[[0,0],[1,0],[96,710]]
[[0,0],[1,0],[106,710]]
[[0,0],[1,0],[327,710]]
[[0,0],[1,0],[131,710]]
[[0,0],[1,0],[223,710]]
[[0,0],[1,0],[627,710]]
[[0,0],[1,0],[376,710]]
[[0,0],[1,0],[169,710]]
[[0,0],[1,0],[1,710]]
[[0,0],[1,0],[357,710]]
[[0,0],[1,0],[147,710]]
[[0,0],[1,0],[89,710]]
[[0,0],[1,0],[616,710]]
[[0,0],[1,0],[301,710]]
[[0,0],[1,0],[643,710]]
[[0,0],[1,0],[527,710]]
[[0,0],[1,0],[77,710]]
[[0,0],[1,0],[569,710]]
[[0,0],[1,0],[199,710]]
[[0,0],[1,0],[307,710]]
[[0,0],[1,0],[214,710]]
[[0,0],[1,0],[439,710]]
[[0,0],[1,0],[11,710]]
[[0,0],[1,0],[457,710]]
[[0,0],[1,0],[283,710]]
[[0,0],[1,0],[116,710]]
[[0,0],[1,0],[6,710]]
[[0,0],[1,0],[59,710]]
[[0,0],[1,0],[19,710]]
[[0,0],[1,0],[631,710]]
[[0,0],[1,0],[81,710]]
[[0,0],[1,0],[149,710]]
[[0,0],[1,0],[139,710]]
[[0,0],[1,0],[583,710]]
[[0,0],[1,0],[361,710]]
[[0,0],[1,0],[626,710]]
[[0,0],[1,0],[117,710]]
[[0,0],[1,0],[193,710]]
[[0,0],[1,0],[86,710]]
[[0,0],[1,0],[141,710]]
[[0,0],[1,0],[656,710]]
[[0,0],[1,0],[329,710]]
[[0,0],[1,0],[39,710]]
[[0,0],[1,0],[91,710]]
[[0,0],[1,0],[133,710]]
[[0,0],[1,0],[336,710]]
[[0,0],[1,0],[507,710]]
[[0,0],[1,0],[453,710]]
[[0,0],[1,0],[526,710]]
[[0,0],[1,0],[433,710]]
[[0,0],[1,0],[159,710]]
[[0,0],[1,0],[386,710]]
[[0,0],[1,0],[391,710]]
[[0,0],[1,0],[516,710]]
[[0,0],[1,0],[176,710]]
[[0,0],[2,0],[215,355]]
[[0,0],[1,0],[666,710]]
[[0,0],[1,0],[161,710]]
[[0,0],[1,0],[640,710]]
[[0,0],[1,0],[351,710]]
[[0,0],[1,0],[23,710]]
[[0,0],[1,0],[29,710]]
[[0,0],[1,0],[201,710]]
[[0,0],[1,0],[239,710]]
[[0,0],[1,0],[211,710]]
[[0,0],[1,0],[177,710]]
[[0,0],[1,0],[486,710]]
[[0,0],[1,0],[226,710]]
[[0,0],[1,0],[287,710]]
[[0,0],[1,0],[229,710]]
[[0,0],[1,0],[51,710]]
[[0,0],[1,0],[267,710]]
[[0,0],[1,0],[406,710]]
[[0,0],[1,0],[99,710]]
[[0,0],[1,0],[696,710]]
[[0,0],[1,0],[337,710]]
[[0,0],[1,0],[506,710]]
[[0,0],[1,0],[9,710]]
[[0,0],[1,0],[467,710]]
[[0,0],[1,0],[3,710]]
[[0,0],[1,0],[231,710]]
[[0,0],[1,0],[279,710]]
[[0,0],[1,0],[399,710]]
[[0,0],[1,0],[163,710]]
[[0,0],[1,0],[586,710]]
[[0,0],[1,0],[313,710]]
[[0,0],[1,0],[389,710]]
[[0,0],[1,0],[367,710]]
[[0,0],[1,0],[661,710]]
[[0,0],[1,0],[143,710]]
[[0,0],[1,0],[447,710]]
[[0,0],[1,0],[236,710]]
[[0,0],[1,0],[498,710]]
[[0,0],[1,0],[72,710]]
[[0,0],[1,0],[97,710]]
[[0,0],[1,0],[136,710]]
[[0,0],[1,0],[489,710]]
[[0,0],[1,0],[186,710]]
[[0,0],[1,0],[456,710]]
[[0,0],[1,0],[276,710]]
[[0,0],[1,0],[216,710]]
[[0,0],[1,0],[566,710]]
[[0,0],[1,0],[416,710]]
[[0,0],[1,0],[709,710]]
[[0,0],[1,0],[129,710]]
[[0,0],[1,0],[111,710]]
[[0,0],[1,0],[466,710]]
[[0,0],[1,0],[346,710]]
[[0,0],[1,0],[207,710]]
[[0,0],[1,0],[26,710]]
[[0,0],[1,0],[293,710]]
[[0,0],[1,0],[76,710]]
[[0,0],[1,0],[113,710]]
[[0,0],[1,0],[126,710]]
[[0,0],[1,0],[317,710]]
[[0,0],[1,0],[27,710]]
[[0,0],[1,0],[356,710]]
[[0,0],[1,0],[606,710]]
[[0,0],[1,0],[16,710]]
[[0,0],[1,0],[217,710]]
[[0,0],[1,0],[269,710]]
[[0,0],[1,0],[227,710]]
[[0,0],[1,0],[56,710]]
[[0,0],[1,0],[446,710]]
[[0,0],[1,0],[411,710]]
[[0,0],[1,0],[451,710]]
[[0,0],[1,0],[546,710]]
[[0,0],[1,0],[646,710]]
[[0,0],[1,0],[121,710]]
[[0,0],[1,0],[137,710]]
[[0,0],[1,0],[521,710]]
[[0,0],[1,0],[686,710]]
[[0,0],[1,0],[636,710]]
[[0,0],[1,0],[209,710]]
[[0,0],[1,0],[576,710]]
[[0,0],[1,0],[413,710]]
[[0,0],[1,0],[87,710]]
[[0,0],[1,0],[676,710]]
[[0,0],[1,0],[463,710]]
[[0,0],[1,0],[519,710]]
[[0,0],[1,0],[536,710]]
[[0,0],[1,0],[13,710]]
[[0,0],[1,0],[61,710]]
[[0,0],[1,0],[187,710]]
[[0,0],[1,0],[31,710]]
[[0,0],[1,0],[101,710]]
[[0,0],[1,0],[531,710]]
[[0,0],[1,0],[306,710]]
[[0,0],[1,0],[146,710]]
[[0,0],[1,0],[233,710]]
[[0,0],[1,0],[706,710]]
[[0,0],[1,0],[63,710]]
[[0,0],[1,0],[603,710]]
[[0,0],[1,0],[36,710]]
[[0,0],[1,0],[419,710]]
[[0,0],[1,0],[296,710]]
[[0,0],[1,0],[379,710]]
[[0,0],[1,0],[285,710]]
[[0,0],[1,0],[316,710]]
[[0,0],[1,0],[123,710]]
[[0,0],[1,0],[196,710]]
[[0,0],[1,0],[513,710]]
[[0,0],[1,0],[529,710]]
[[0,0],[1,0],[496,710]]
[[0,0],[1,0],[47,710]]
[[0,0],[1,0],[333,710]]
[[0,0],[1,0],[41,710]]
[[0,0],[1,0],[309,710]]
[[0,0],[1,0],[21,710]]
[[0,0],[1,0],[157,710]]
[[0,0],[1,0],[473,710]]
[[0,0],[1,0],[341,710]]
[[0,0],[1,0],[103,710]]
[[0,0],[1,0],[363,710]]
[[0,0],[1,0],[323,710]]
[[0,0],[1,0],[156,710]]
[[0,0],[1,0],[109,710]]
[[0,0],[1,0],[407,710]]
[[0,0],[1,0],[256,710]]
[[0,0],[1,0],[246,710]]
[[0,0],[1,0],[69,710]]
[[0,0],[1,0],[119,710]]
[[0,0],[1,0],[206,710]]
[[0,0],[1,0],[421,710]]
[[0,0],[1,0],[556,710]]
[[0,0],[1,0],[251,710]]
[[0,0],[1,0],[153,710]]
[[0,0],[1,0],[53,710]]
[[0,0],[1,0],[366,710]]
