[[0,0],[1,0],[421,712]]
[[0,0],[1,0],[65,712]]
[[0,0],[1,0],[53,712]]
[[0,0],[1,0],[33,712]]
[[0,0],[2,0],[242,356]]
[[0,0],[1,0],[261,712]]
[[0,0],[1,0],[499,712]]
[[0,0],[1,0],[15,712]]
[[0,0],[1,0],[205,712]]
[[0,0],[2,0],[74,356]]
[[0,0],[1,0],[339,712]]
[[0,0],[1,0],[151,712]]
[[0,0],[1,0],[73,712]]
[[0,0],[1,0],[635,712]]
[[0,0],[1,0],[17,712]]
[[0,0],[2,0],[50,356]]
[[0,0],[1,0],[249,712]]
[[0,0],[1,0],[223,712]]
[[0,0],[1,0],[7,712]]
[[0,0],[1,0],[93,712]]
[[0,0],[1,0],[135,712]]
[[0,0],[1,0],[43,712]]
[[0,0],[2,0],[142,356]]
[[0,0],[1,0],[219,712]]
[[0,0],[1,0],[131,712]]
[[0,0],[1,0],[215,712]]
[[0,0],[1,0],[167,712]]
[[0,0],[1,0],[35,712]]
[[0,0],[2,0],[26,356]]
[[0,0],[2,0],[194,356]]
[[0,0],[2,0],[46,356]]
[[0,0],[1,0],[637,712]]
[[0,0],[2,0],[38,356]]
[[0,0],[1,0],[401,712]]
[[0,0],[1,0],[171,712]]
[[0,0],[1,0],[37,712]]
[[0,0],[2,0],[270,356]]
[[0,0],[1,0],[1,712]]
[[0,0],[1,0],[343,712]]
[[0,0],[1,0],[301,712]]
[[0,0],[1,0],[281,712]]
[[0,0],[2,0],[78,356]]
[[0,0],[1,0],[147,712]]
[[0,0],[2,0],[30,356]]
[[0,0],[1,0],[145,712]]
[[0,0],[2,0],[146,356]]
[[0,0],[1,0],[385,712]]
[[0,0],[2,0],[118,356]]
[[0,0],[1,0],[533,712]]
[[0,0],[2,0],[90,356]]
[[0,0],[1,0],[181,712]]
[[0,0],[1,0],[477,712]]
[[0,0],[1,0],[127,712]]
[[0,0],[1,0],[169,712]]
[[0,0],[1,0],[357,712]]
[[0,0],[1,0],[307,712]]
[[0,0],[2,0],[206,356]]
[[0,0],[1,0],[449,712]]
[[0,0],[2,0],[94,356]]
[[0,0],[1,0],[199,712]]
[[0,0],[2,0],[10,356]]
[[0,0],[1,0],[90,712]]
[[0,0],[1,0],[624,712]]
[[0,0],[1,0],[439,712]]
[[0,0],[1,0],[501,712]]
[[0,0],[1,0],[495,712]]
[[0,0],[1,0],[335,712]]
[[0,0],[1,0],[19,712]]
[[0,0],[1,0],[295,712]]
[[0,0],[1,0],[247,712]]
[[0,0],[1,0],[11,712]]
[[0,0],[1,0],[297,712]]
[[0,0],[1,0],[81,712]]
[[0,0],[1,0],[185,712]]
[[0,0],[1,0],[457,712]]
[[0,0],[1,0],[283,712]]
[[0,0],[2,0],[166,356]]
[[0,0],[1,0],[549,712]]
[[0,0],[1,0],[265,712]]
[[0,0],[1,0],[175,712]]
[[0,0],[1,0],[59,712]]
[[0,0],[1,0],[149,712]]
[[0,0],[1,0],[553,712]]
[[0,0],[2,0],[98,356]]
[[0,0],[1,0],[139,712]]
[[0,0],[1,0],[193,712]]
[[0,0],[1,0],[117,712]]
[[0,0],[2,0],[122,356]]
[[0,0],[1,0],[305,712]]
[[0,0],[1,0],[491,712]]
[[0,0],[1,0],[361,712]]
[[0,0],[2,0],[158,356]]
[[0,0],[1,0],[617,712]]
[[0,0],[1,0],[39,712]]
[[0,0],[1,0],[125,712]]
[[0,0],[2,0],[2,356]]
[[0,0],[1,0],[133,712]]
[[0,0],[1,0],[91,712]]
[[0,0],[1,0],[67,712]]
[[0,0],[2,0],[254,356]]
[[0,0],[2,0],[106,356]]
[[0,0],[1,0],[655,712]]
[[0,0],[1,0],[453,712]]
[[0,0],[1,0],[459,712]]
[[0,0],[1,0],[427,712]]
[[0,0],[1,0],[277,712]]
[[0,0],[1,0],[105,712]]
[[0,0],[1,0],[29,712]]
[[0,0],[1,0],[161,712]]
[[0,0],[1,0],[355,712]]
[[0,0],[1,0],[287,712]]
[[0,0],[1,0],[23,712]]
[[0,0],[1,0],[289,712]]
[[0,0],[1,0],[681,712]]
[[0,0],[1,0],[25,712]]
[[0,0],[2,0],[354,356]]
[[0,0],[1,0],[177,712]]
[[0,0],[1,0],[51,712]]
[[0,0],[1,0],[347,712]]
[[0,0],[1,0],[201,712]]
[[0,0],[1,0],[99,712]]
[[0,0],[1,0],[229,712]]
[[0,0],[2,0],[14,356]]
[[0,0],[1,0],[467,712]]
[[0,0],[1,0],[3,712]]
[[0,0],[2,0],[134,356]]
[[0,0],[1,0],[409,712]]
[[0,0],[1,0],[165,712]]
[[0,0],[1,0],[315,712]]
[[0,0],[1,0],[197,712]]
[[0,0],[1,0],[535,712]]
[[0,0],[1,0],[231,712]]
[[0,0],[1,0],[279,712]]
[[0,0],[1,0],[367,712]]
[[0,0],[1,0],[143,712]]
[[0,0],[1,0],[179,712]]
[[0,0],[1,0],[9,712]]
[[0,0],[1,0],[559,712]]
[[0,0],[1,0],[471,712]]
[[0,0],[1,0],[97,712]]
[[0,0],[1,0],[225,712]]
[[0,0],[2,0],[34,356]]
[[0,0],[1,0],[381,712]]
[[0,0],[1,0],[195,712]]
[[0,0],[1,0],[313,712]]
[[0,0],[1,0],[111,712]]
[[0,0],[1,0],[243,712]]
[[0,0],[1,0],[207,712]]
[[0,0],[1,0],[299,712]]
[[0,0],[1,0],[55,712]]
[[0,0],[2,0],[82,356]]
[[0,0],[1,0],[129,712]]
[[0,0],[1,0],[371,712]]
[[0,0],[1,0],[317,712]]
[[0,0],[1,0],[5,712]]
[[0,0],[1,0],[113,712]]
[[0,0],[2,0],[22,356]]
[[0,0],[2,0],[180,356]]
[[0,0],[2,0],[110,356]]
[[0,0],[1,0],[107,712]]
[[0,0],[1,0],[293,712]]
[[0,0],[1,0],[49,712]]
[[0,0],[2,0],[18,356]]
[[0,0],[1,0],[227,712]]
[[0,0],[2,0],[6,356]]
[[0,0],[1,0],[237,712]]
[[0,0],[1,0],[349,712]]
[[0,0],[2,0],[294,356]]
[[0,0],[1,0],[27,712]]
[[0,0],[2,0],[202,356]]
[[0,0],[1,0],[571,712]]
[[0,0],[1,0],[446,712]]
[[0,0],[2,0],[314,356]]
[[0,0],[1,0],[115,712]]
[[0,0],[1,0],[461,712]]
[[0,0],[1,0],[189,712]]
[[0,0],[1,0],[13,712]]
[[0,0],[1,0],[61,712]]
[[0,0],[1,0],[443,712]]
[[0,0],[1,0],[353,712]]
[[0,0],[1,0],[121,712]]
[[0,0],[2,0],[54,356]]
[[0,0],[1,0],[557,712]]
[[0,0],[1,0],[137,712]]
[[0,0],[1,0],[87,712]]
[[0,0],[1,0],[275,712]]
[[0,0],[1,0],[79,712]]
[[0,0],[1,0],[85,712]]
[[0,0],[1,0],[63,712]]
[[0,0],[2,0],[58,356]]
[[0,0],[1,0],[321,712]]
[[0,0],[1,0],[455,712]]
[[0,0],[1,0],[71,712]]
[[0,0],[2,0],[170,356]]
[[0,0],[1,0],[711,712]]
[[0,0],[2,0],[174,356]]
[[0,0],[1,0],[101,712]]
[[0,0],[1,0],[47,712]]
[[0,0],[1,0],[203,712]]
[[0,0],[1,0],[375,712]]
[[0,0],[2,0],[126,356]]
[[0,0],[1,0],[45,712]]
[[0,0],[1,0],[233,712]]
[[0,0],[1,0],[393,712]]
[[0,0],[1,0],[379,712]]
[[0,0],[1,0],[383,712]]
[[0,0],[1,0],[157,712]]
[[0,0],[1,0],[123,712]]
[[0,0],[1,0],[268,712]]
[[0,0],[1,0],[109,712]]
[[0,0],[1,0],[323,712]]
[[0,0],[1,0],[183,712]]
[[0,0],[1,0],[271,712]]
[[0,0],[1,0],[21,712]]
[[0,0],[1,0],[103,712]]
[[0,0],[1,0],[41,712]]
[[0,0],[1,0],[325,712]]
[[0,0],[2,0],[70,356]]
[[0,0],[1,0],[83,712]]
[[0,0],[1,0],[473,712]]
[[0,0],[2,0],[290,356]]
[[0,0],[1,0],[119,712]]
[[0,0],[1,0],[69,712]]
[[0,0],[2,0],[138,356]]
[[0,0],[2,0],[226,356]]
[[0,0],[1,0],[173,712]]
[[0,0],[1,0],[191,712]]
[[0,0],[1,0],[503,712]]
[[0,0],[1,0],[525,712]]
[[0,0],[1,0],[403,712]]
