[[0,0],[1,0],[18,713]]
[[0,0],[1,0],[484,713]]
[[0,0],[1,0],[621,713]]
[[0,0],[1,0],[88,713]]
[[0,0],[1,0],[110,713]]
[[0,0],[1,0],[131,713]]
[[0,0],[1,0],[22,713]]
[[0,0],[1,0],[185,713]]
[[0,0],[1,0],[5,713]]
[[0,0],[1,0],[342,713]]
[[0,0],[1,0],[44,713]]
[[0,0],[1,0],[45,713]]
[[0,0],[1,0],[37,713]]
[[0,0],[1,0],[373,713]]
[[0,0],[1,0],[59,713]]
[[0,0],[1,0],[280,713]]
[[0,0],[1,0],[49,713]]
[[0,0],[1,0],[218,713]]
[[0,0],[1,0],[135,713]]
[[0,0],[1,0],[162,713]]
[[0,0],[1,0],[11,713]]
[[0,0],[1,0],[65,713]]
[[0,0],[1,0],[222,713]]
[[0,0],[1,0],[47,713]]
[[0,0],[1,0],[80,713]]
[[0,0],[1,0],[235,713]]
[[0,0],[1,0],[20,713]]
[[0,0],[1,0],[123,713]]
[[0,0],[1,0],[63,713]]
[[0,0],[1,0],[290,713]]
[[0,0],[1,0],[223,713]]
[[0,0],[1,0],[84,713]]
[[0,0],[1,0],[118,713]]
[[0,0],[1,0],[32,713]]
[[0,0],[1,0],[127,713]]
[[0,0],[1,0],[323,713]]
[[0,0],[1,0],[404,713]]
[[0,0],[1,0],[38,713]]
[[0,0],[1,0],[4,713]]
[[0,0],[1,0],[113,713]]
[[0,0],[1,0],[33,713]]
[[0,0],[1,0],[302,713]]
[[0,0],[1,0],[125,713]]
[[0,0],[1,0],[28,713]]
[[0,0],[1,0],[116,713]]
[[0,0],[1,0],[346,713]]
[[0,0],[1,0],[24,713]]
[[0,0],[1,0],[126,713]]
[[0,0],[1,0],[61,713]]
[[0,0],[1,0],[7,713]]
[[0,0],[1,0],[71,713]]
[[0,0],[1,0],[144,713]]
[[0,0],[1,0],[187,713]]
[[0,0],[1,0],[1,713]]
[[0,0],[1,0],[180,713]]
[[0,0],[1,0],[183,713]]
[[0,0],[1,0],[8,713]]
[[0,0],[1,0],[40,713]]
[[0,0],[1,0],[2,713]]
[[0,0],[1,0],[83,713]]
[[0,0],[1,0],[12,713]]
[[0,0],[1,0],[77,713]]
[[0,0],[1,0],[112,713]]
[[0,0],[1,0],[73,713]]
[[0,0],[1,0],[225,713]]
[[0,0],[1,0],[13,713]]
[[0,0],[1,0],[50,713]]
[[0,0],[1,0],[54,713]]
[[0,0],[1,0],[16,713]]
[[0,0],[1,0],[141,713]]
[[0,0],[1,0],[94,713]]
[[0,0],[1,0],[29,713]]
[[0,0],[1,0],[86,713]]
[[0,0],[1,0],[134,713]]
[[0,0],[1,0],[3,713]]
[[0,0],[1,0],[26,713]]
[[0,0],[1,0],[27,713]]
[[0,0],[1,0],[64,713]]
[[0,0],[1,0],[85,713]]
[[0,0],[1,0],[111,713]]
[[0,0],[1,0],[224,713]]
[[0,0],[1,0],[101,713]]
[[0,0],[1,0],[136,713]]
[[0,0],[1,0],[172,713]]
[[0,0],[1,0],[10,713]]
[[0,0],[1,0],[70,713]]
[[0,0],[1,0],[87,713]]
[[0,0],[1,0],[19,713]]
[[0,0],[1,0],[140,713]]
[[0,0],[1,0],[216,713]]
[[0,0],[1,0],[30,713]]
[[0,0],[1,0],[122,713]]
[[0,0],[1,0],[528,713]]
[[0,0],[1,0],[130,713]]
[[0,0],[1,0],[56,713]]
[[0,0],[1,0],[254,713]]
[[0,0],[1,0],[15,713]]
[[0,0],[1,0],[9,713]]
[[0,0],[1,0],[300,713]]
[[0,0],[1,0],[221,713]]
[[0,0],[1,0],[117,713]]
[[0,0],[1,0],[369,713]]
[[0,0],[1,0],[25,713]]
[[0,0],[1,0],[137,713]]
[[0,0],[1,0],[36,713]]
[[0,0],[1,0],[6,713]]
[[0,0],[1,0],[68,713]]
[[0,0],[1,0],[139,713]]
[[0,0],[1,0],[143,713]]
[[0,0],[1,0],[231,713]]
[[0,0],[1,0],[159,713]]
[[0,0],[1,0],[171,713]]
[[0,0],[1,0],[98,713]]
[[0,0],[1,0],[41,713]]
[[0,0],[1,0],[114,713]]
[[0,0],[1,0],[53,713]]
[[0,0],[1,0],[21,713]]
[[0,0],[1,0],[153,713]]
[[0,0],[1,0],[74,713]]
[[0,0],[1,0],[507,713]]
[[0,0],[1,0],[160,713]]
[[0,0],[1,0],[17,713]]
[[0,0],[1,0],[55,713]]
[[0,0],[1,0],[142,713]]
[[0,0],[1,0],[72,713]]
[[0,0],[1,0],[48,713]]
[[0,0],[1,0],[14,713]]
[[0,0],[1,0],[256,713]]
[[0,0],[1,0],[39,713]]
[[0,0],[1,0],[60,713]]
