[[0,0],[1,0],[166,714]]
[[0,0],[1,0],[85,714]]
[[0,0],[1,0],[250,714]]
[[0,0],[1,0],[351,714]]
[[0,0],[1,0],[113,714]]
[[0,0],[1,0],[352,714]]
[[0,0],[1,0],[412,714]]
[[0,0],[1,0],[78,714]]
[[0,0],[1,0],[487,714]]
[[0,0],[1,0],[11,714]]
[[0,0],[1,0],[257,714]]
[[0,0],[1,0],[361,714]]
[[0,0],[1,0],[277,714]]
[[0,0],[1,0],[190,714]]
[[0,0],[1,0],[310,714]]
[[0,0],[1,0],[472,714]]
[[0,0],[1,0],[554,714]]
[[0,0],[1,0],[515,714]]
[[0,0],[1,0],[479,714]]
[[0,0],[1,0],[698,714]]
[[0,0],[1,0],[15,714]]
[[0,0],[1,0],[82,714]]
[[0,0],[2,0],[9,357]]
[[0,0],[1,0],[36,714]]
[[0,0],[1,0],[71,714]]
[[0,0],[1,0],[481,714]]
[[0,0],[1,0],[37,714]]
[[0,0],[1,0],[414,714]]
[[0,0],[1,0],[307,714]]
[[0,0],[1,0],[256,714]]
[[0,0],[1,0],[470,714]]
[[0,0],[1,0],[106,714]]
[[0,0],[1,0],[579,714]]
[[0,0],[1,0],[262,714]]
[[0,0],[1,0],[475,714]]
[[0,0],[1,0],[229,714]]
[[0,0],[1,0],[155,714]]
[[0,0],[1,0],[556,714]]
[[0,0],[1,0],[461,714]]
[[0,0],[1,0],[185,714]]
[[0,0],[1,0],[142,714]]
[[0,0],[1,0],[505,714]]
[[0,0],[1,0],[151,714]]
[[0,0],[1,0],[89,714]]
[[0,0],[1,0],[305,714]]
[[0,0],[1,0],[666,714]]
[[0,0],[2,0],[282,357]]
[[0,0],[1,0],[154,714]]
[[0,0],[1,0],[424,714]]
[[0,0],[1,0],[16,714]]
[[0,0],[1,0],[4,714]]
[[0,0],[1,0],[682,714]]
[[0,0],[1,0],[86,714]]
[[0,0],[1,0],[131,714]]
[[0,0],[1,0],[478,714]]
[[0,0],[1,0],[97,714]]
[[0,0],[1,0],[676,714]]
[[0,0],[1,0],[286,714]]
[[0,0],[1,0],[466,714]]
[[0,0],[1,0],[31,714]]
[[0,0],[1,0],[628,714]]
[[0,0],[1,0],[139,714]]
[[0,0],[2,0],[308,357]]
[[0,0],[1,0],[295,714]]
[[0,0],[1,0],[59,714]]
[[0,0],[1,0],[247,714]]
[[0,0],[1,0],[47,714]]
[[0,0],[1,0],[120,714]]
[[0,0],[1,0],[372,714]]
[[0,0],[1,0],[50,714]]
[[0,0],[1,0],[241,714]]
[[0,0],[1,0],[299,714]]
[[0,0],[1,0],[218,714]]
[[0,0],[1,0],[191,714]]
[[0,0],[1,0],[435,714]]
[[0,0],[1,0],[149,714]]
[[0,0],[1,0],[393,714]]
[[0,0],[2,0],[219,357]]
[[0,0],[2,0],[114,357]]
[[0,0],[1,0],[125,714]]
[[0,0],[1,0],[239,714]]
[[0,0],[2,0],[36,357]]
[[0,0],[1,0],[341,714]]
[[0,0],[1,0],[18,714]]
[[0,0],[1,0],[568,714]]
[[0,0],[1,0],[205,714]]
[[0,0],[1,0],[454,714]]
[[0,0],[1,0],[407,714]]
[[0,0],[1,0],[118,714]]
[[0,0],[1,0],[179,714]]
[[0,0],[1,0],[375,714]]
[[0,0],[1,0],[103,714]]
[[0,0],[1,0],[335,714]]
[[0,0],[1,0],[317,714]]
[[0,0],[2,0],[138,357]]
[[0,0],[1,0],[550,714]]
[[0,0],[1,0],[418,714]]
[[0,0],[1,0],[687,714]]
[[0,0],[1,0],[41,714]]
[[0,0],[1,0],[508,714]]
[[0,0],[1,0],[137,714]]
[[0,0],[1,0],[215,714]]
[[0,0],[2,0],[177,357]]
[[0,0],[1,0],[659,714]]
[[0,0],[1,0],[13,714]]
[[0,0],[2,0],[198,357]]
[[0,0],[1,0],[708,714]]
[[0,0],[1,0],[713,714]]
[[0,0],[1,0],[521,714]]
[[0,0],[1,0],[101,714]]
[[0,0],[1,0],[290,714]]
[[0,0],[1,0],[61,714]]
[[0,0],[1,0],[596,714]]
[[0,0],[2,0],[93,357]]
[[0,0],[1,0],[681,714]]
[[0,0],[2,0],[240,357]]
[[0,0],[1,0],[638,714]]
[[0,0],[1,0],[64,714]]
[[0,0],[1,0],[53,714]]
[[0,0],[1,0],[511,714]]
[[0,0],[1,0],[214,714]]
[[0,0],[1,0],[288,714]]
[[0,0],[1,0],[268,714]]
[[0,0],[1,0],[430,714]]
[[0,0],[1,0],[171,714]]
[[0,0],[1,0],[514,714]]
[[0,0],[1,0],[188,714]]
[[0,0],[1,0],[664,714]]
[[0,0],[1,0],[421,714]]
[[0,0],[1,0],[29,714]]
[[0,0],[1,0],[477,714]]
[[0,0],[1,0],[73,714]]
[[0,0],[1,0],[316,714]]
[[0,0],[1,0],[244,714]]
[[0,0],[1,0],[58,714]]
[[0,0],[1,0],[367,714]]
[[0,0],[1,0],[652,714]]
[[0,0],[1,0],[22,714]]
[[0,0],[1,0],[23,714]]
[[0,0],[1,0],[121,714]]
[[0,0],[1,0],[603,714]]
[[0,0],[1,0],[107,714]]
[[0,0],[1,0],[109,714]]
[[0,0],[1,0],[346,714]]
[[0,0],[1,0],[19,714]]
[[0,0],[1,0],[376,714]]
[[0,0],[1,0],[337,714]]
[[0,0],[1,0],[649,714]]
[[0,0],[1,0],[169,714]]
[[0,0],[1,0],[260,714]]
[[0,0],[1,0],[426,714]]
[[0,0],[1,0],[127,714]]
[[0,0],[1,0],[586,714]]
[[0,0],[1,0],[157,714]]
[[0,0],[2,0],[324,357]]
[[0,0],[1,0],[688,714]]
[[0,0],[1,0],[526,714]]
[[0,0],[1,0],[436,714]]
[[0,0],[1,0],[10,714]]
[[0,0],[1,0],[43,714]]
[[0,0],[1,0],[271,714]]
[[0,0],[1,0],[298,714]]
[[0,0],[1,0],[540,714]]
[[0,0],[1,0],[35,714]]
[[0,0],[1,0],[324,714]]
[[0,0],[2,0],[30,357]]
[[0,0],[1,0],[226,714]]
[[0,0],[1,0],[502,714]]
[[0,0],[1,0],[634,714]]
[[0,0],[1,0],[538,714]]
[[0,0],[1,0],[519,714]]
[[0,0],[1,0],[545,714]]
[[0,0],[1,0],[1,714]]
[[0,0],[1,0],[79,714]]
[[0,0],[1,0],[223,714]]
[[0,0],[1,0],[580,714]]
[[0,0],[1,0],[604,714]]
[[0,0],[1,0],[358,714]]
[[0,0],[2,0],[261,357]]
[[0,0],[1,0],[640,714]]
[[0,0],[1,0],[328,714]]
[[0,0],[1,0],[311,714]]
[[0,0],[1,0],[309,714]]
[[0,0],[1,0],[232,714]]
[[0,0],[1,0],[365,714]]
[[0,0],[1,0],[445,714]]
[[0,0],[1,0],[40,714]]
[[0,0],[1,0],[394,714]]
[[0,0],[1,0],[184,714]]
[[0,0],[1,0],[263,714]]
[[0,0],[1,0],[92,714]]
[[0,0],[1,0],[389,714]]
[[0,0],[1,0],[512,714]]
[[0,0],[1,0],[283,714]]
[[0,0],[1,0],[496,714]]
[[0,0],[1,0],[134,714]]
[[0,0],[1,0],[172,714]]
[[0,0],[1,0],[100,714]]
[[0,0],[1,0],[582,714]]
[[0,0],[1,0],[598,714]]
[[0,0],[1,0],[52,714]]
[[0,0],[1,0],[251,714]]
[[0,0],[1,0],[670,714]]
[[0,0],[1,0],[167,714]]
[[0,0],[1,0],[220,714]]
[[0,0],[1,0],[162,714]]
[[0,0],[1,0],[694,714]]
[[0,0],[1,0],[69,714]]
[[0,0],[1,0],[498,714]]
[[0,0],[1,0],[382,714]]
[[0,0],[3,0],[105,238]]
[[0,0],[1,0],[202,714]]
[[0,0],[1,0],[246,714]]
[[0,0],[1,0],[5,714]]
[[0,0],[2,0],[291,357]]
[[0,0],[1,0],[355,714]]
[[0,0],[1,0],[25,714]]
[[0,0],[1,0],[275,714]]
[[0,0],[1,0],[99,714]]
[[0,0],[1,0],[344,714]]
[[0,0],[1,0],[267,714]]
[[0,0],[1,0],[428,714]]
[[0,0],[1,0],[386,714]]
[[0,0],[1,0],[163,714]]
[[0,0],[1,0],[571,714]]
[[0,0],[1,0],[67,714]]
[[0,0],[1,0],[610,714]]
[[0,0],[2,0],[70,357]]
[[0,0],[1,0],[124,714]]
[[0,0],[2,0],[345,357]]
[[0,0],[1,0],[176,714]]
[[0,0],[1,0],[94,714]]
[[0,0],[1,0],[520,714]]
[[0,0],[1,0],[624,714]]
[[0,0],[1,0],[46,714]]
[[0,0],[1,0],[645,714]]
[[0,0],[1,0],[433,714]]
[[0,0],[1,0],[273,714]]
[[0,0],[1,0],[484,714]]
[[0,0],[2,0],[135,357]]
[[0,0],[1,0],[449,714]]
[[0,0],[1,0],[319,714]]
[[0,0],[6,0],[91,119]]
[[0,0],[1,0],[330,714]]
[[0,0],[3,0],[224,238]]
[[0,0],[1,0],[388,714]]
[[0,0],[2,0],[303,357]]
[[0,0],[1,0],[274,714]]
[[0,0],[1,0],[304,714]]
[[0,0],[1,0],[57,714]]
[[0,0],[1,0],[148,714]]
[[0,0],[1,0],[181,714]]
[[0,0],[1,0],[528,714]]
[[0,0],[1,0],[8,714]]
[[0,0],[1,0],[494,714]]
[[0,0],[1,0],[706,714]]
[[0,0],[1,0],[173,714]]
[[0,0],[2,0],[156,357]]
[[0,0],[1,0],[302,714]]
[[0,0],[1,0],[183,714]]
[[0,0],[1,0],[160,714]]
[[0,0],[1,0],[95,714]]
[[0,0],[1,0],[460,714]]
[[0,0],[1,0],[370,714]]
[[0,0],[1,0],[383,714]]
[[0,0],[1,0],[141,714]]
[[0,0],[1,0],[222,714]]
[[0,0],[1,0],[712,714]]
[[0,0],[1,0],[334,714]]
[[0,0],[1,0],[130,714]]
[[0,0],[1,0],[400,714]]
[[0,0],[1,0],[115,714]]
[[0,0],[1,0],[392,714]]
[[0,0],[1,0],[456,714]]
[[0,0],[1,0],[178,714]]
[[0,0],[2,0],[87,357]]
[[0,0],[2,0],[342,357]]
[[0,0],[1,0],[622,714]]
[[0,0],[1,0],[517,714]]
[[0,0],[1,0],[83,714]]
[[0,0],[2,0],[170,357]]
[[0,0],[1,0],[88,714]]
[[0,0],[1,0],[211,714]]
[[0,0],[1,0],[225,714]]
[[0,0],[1,0],[401,714]]
[[0,0],[1,0],[562,714]]
[[0,0],[1,0],[145,714]]
[[0,0],[1,0],[208,714]]
[[0,0],[2,0],[72,357]]
[[0,0],[1,0],[76,714]]
[[0,0],[1,0],[292,714]]
[[0,0],[1,0],[592,714]]
