[[0,0],[1,0],[33,718]]
[[0,0],[1,0],[191,718]]
[[0,0],[1,0],[377,718]]
[[0,0],[1,0],[503,718]]
[[0,0],[1,0],[251,718]]
[[0,0],[1,0],[153,718]]
[[0,0],[1,0],[53,718]]
[[0,0],[1,0],[75,718]]
[[0,0],[1,0],[261,718]]
[[0,0],[1,0],[73,718]]
[[0,0],[1,0],[205,718]]
[[0,0],[1,0],[17,718]]
[[0,0],[1,0],[339,718]]
[[0,0],[1,0],[15,718]]
[[0,0],[1,0],[249,718]]
[[0,0],[1,0],[151,718]]
[[0,0],[1,0],[273,718]]
[[0,0],[1,0],[241,718]]
[[0,0],[1,0],[43,718]]
[[0,0],[1,0],[93,718]]
[[0,0],[1,0],[219,718]]
[[0,0],[1,0],[131,718]]
[[0,0],[1,0],[223,718]]
[[0,0],[1,0],[7,718]]
[[0,0],[1,0],[259,718]]
[[0,0],[1,0],[135,718]]
[[0,0],[1,0],[35,718]]
[[0,0],[1,0],[365,718]]
[[0,0],[1,0],[1,718]]
[[0,0],[1,0],[145,718]]
[[0,0],[1,0],[385,718]]
[[0,0],[1,0],[57,718]]
[[0,0],[1,0],[37,718]]
[[0,0],[1,0],[327,718]]
[[0,0],[1,0],[311,718]]
[[0,0],[1,0],[181,718]]
[[0,0],[1,0],[77,718]]
[[0,0],[1,0],[307,718]]
[[0,0],[1,0],[89,718]]
[[0,0],[1,0],[127,718]]
[[0,0],[1,0],[199,718]]
[[0,0],[1,0],[19,718]]
[[0,0],[1,0],[297,718]]
[[0,0],[1,0],[387,718]]
[[0,0],[1,0],[439,718]]
[[0,0],[1,0],[81,718]]
[[0,0],[1,0],[185,718]]
[[0,0],[1,0],[11,718]]
[[0,0],[1,0],[245,718]]
[[0,0],[1,0],[335,718]]
[[0,0],[1,0],[265,718]]
[[0,0],[1,0],[283,718]]
[[0,0],[1,0],[549,718]]
[[0,0],[1,0],[59,718]]
[[0,0],[1,0],[155,718]]
[[0,0],[1,0],[193,718]]
[[0,0],[1,0],[149,718]]
[[0,0],[1,0],[175,718]]
[[0,0],[1,0],[141,718]]
[[0,0],[1,0],[441,718]]
[[0,0],[1,0],[361,718]]
[[0,0],[1,0],[117,718]]
[[0,0],[1,0],[125,718]]
[[0,0],[1,0],[329,718]]
[[0,0],[1,0],[39,718]]
[[0,0],[1,0],[67,718]]
[[0,0],[1,0],[91,718]]
[[0,0],[1,0],[159,718]]
[[0,0],[1,0],[257,718]]
[[0,0],[1,0],[95,718]]
[[0,0],[1,0],[547,718]]
[[0,0],[1,0],[655,718]]
[[0,0],[1,0],[105,718]]
[[0,0],[1,0],[427,718]]
[[0,0],[1,0],[161,718]]
[[0,0],[1,0],[483,718]]
[[0,0],[1,0],[351,718]]
[[0,0],[1,0],[497,718]]
[[0,0],[1,0],[29,718]]
[[0,0],[1,0],[437,718]]
[[0,0],[1,0],[239,718]]
[[0,0],[1,0],[211,718]]
[[0,0],[1,0],[289,718]]
[[0,0],[1,0],[25,718]]
[[0,0],[1,0],[177,718]]
[[0,0],[1,0],[287,718]]
[[0,0],[1,0],[345,718]]
[[0,0],[1,0],[51,718]]
[[0,0],[1,0],[23,718]]
[[0,0],[1,0],[201,718]]
[[0,0],[1,0],[99,718]]
[[0,0],[1,0],[337,718]]
[[0,0],[1,0],[229,718]]
[[0,0],[1,0],[3,718]]
[[0,0],[1,0],[165,718]]
[[0,0],[1,0],[197,718]]
[[0,0],[1,0],[585,718]]
[[0,0],[1,0],[417,718]]
[[0,0],[1,0],[163,718]]
[[0,0],[1,0],[179,718]]
[[0,0],[1,0],[9,718]]
[[0,0],[1,0],[231,718]]
[[0,0],[1,0],[143,718]]
[[0,0],[1,0],[447,718]]
[[0,0],[1,0],[97,718]]
[[0,0],[1,0],[423,718]]
[[0,0],[1,0],[471,718]]
[[0,0],[1,0],[195,718]]
[[0,0],[1,0],[243,718]]
[[0,0],[1,0],[551,718]]
[[0,0],[1,0],[299,718]]
[[0,0],[1,0],[111,718]]
[[0,0],[1,0],[129,718]]
[[0,0],[1,0],[371,718]]
[[0,0],[1,0],[113,718]]
[[0,0],[1,0],[717,718]]
[[0,0],[1,0],[55,718]]
[[0,0],[1,0],[317,718]]
[[0,0],[1,0],[5,718]]
[[0,0],[1,0],[49,718]]
[[0,0],[1,0],[107,718]]
[[0,0],[1,0],[269,718]]
[[0,0],[1,0],[227,718]]
[[0,0],[1,0],[485,718]]
[[0,0],[1,0],[27,718]]
[[0,0],[1,0],[237,718]]
[[0,0],[1,0],[451,718]]
[[0,0],[1,0],[217,718]]
[[0,0],[1,0],[571,718]]
[[0,0],[1,0],[369,718]]
[[0,0],[1,0],[115,718]]
[[0,0],[1,0],[209,718]]
[[0,0],[1,0],[303,718]]
[[0,0],[1,0],[413,718]]
[[0,0],[1,0],[121,718]]
[[0,0],[1,0],[463,718]]
[[0,0],[1,0],[137,718]]
[[0,0],[1,0],[443,718]]
[[0,0],[1,0],[511,718]]
[[0,0],[1,0],[13,718]]
[[0,0],[1,0],[61,718]]
[[0,0],[1,0],[31,718]]
[[0,0],[1,0],[85,718]]
[[0,0],[1,0],[87,718]]
[[0,0],[1,0],[79,718]]
[[0,0],[1,0],[425,718]]
[[0,0],[1,0],[187,718]]
[[0,0],[1,0],[71,718]]
[[0,0],[1,0],[285,718]]
[[0,0],[1,0],[101,718]]
[[0,0],[1,0],[393,718]]
[[0,0],[1,0],[529,718]]
[[0,0],[1,0],[253,718]]
[[0,0],[1,0],[47,718]]
[[0,0],[1,0],[45,718]]
[[0,0],[1,0],[375,718]]
[[0,0],[1,0],[505,718]]
[[0,0],[1,0],[319,718]]
[[0,0],[1,0],[579,718]]
[[0,0],[1,0],[397,718]]
[[0,0],[1,0],[263,718]]
[[0,0],[1,0],[123,718]]
[[0,0],[1,0],[157,718]]
[[0,0],[1,0],[360,718]]
[[0,0],[1,0],[323,718]]
[[0,0],[1,0],[109,718]]
[[0,0],[1,0],[41,718]]
[[0,0],[1,0],[405,718]]
[[0,0],[1,0],[309,718]]
[[0,0],[1,0],[21,718]]
[[0,0],[1,0],[83,718]]
[[0,0],[1,0],[183,718]]
[[0,0],[1,0],[103,718]]
[[0,0],[1,0],[363,718]]
[[0,0],[1,0],[69,718]]
[[0,0],[1,0],[119,718]]
[[0,0],[1,0],[493,718]]
[[0,0],[1,0],[515,718]]
[[0,0],[1,0],[173,718]]
[[0,0],[1,0],[65,718]]
[[0,0],[1,0],[403,718]]
