[[0,0],[1,0],[129,719]]
[[0,0],[1,0],[88,719]]
[[0,0],[1,0],[39,719]]
[[0,0],[1,0],[34,719]]
[[0,0],[1,0],[18,719]]
[[0,0],[1,0],[131,719]]
[[0,0],[1,0],[35,719]]
[[0,0],[1,0],[110,719]]
[[0,0],[1,0],[22,719]]
[[0,0],[1,0],[251,719]]
[[0,0],[1,0],[128,719]]
[[0,0],[1,0],[5,719]]
[[0,0],[1,0],[119,719]]
[[0,0],[1,0],[59,719]]
[[0,0],[1,0],[44,719]]
[[0,0],[1,0],[42,719]]
[[0,0],[1,0],[176,719]]
[[0,0],[1,0],[65,719]]
[[0,0],[1,0],[11,719]]
[[0,0],[1,0],[135,719]]
[[0,0],[1,0],[230,719]]
[[0,0],[1,0],[158,719]]
[[0,0],[1,0],[162,719]]
[[0,0],[1,0],[57,719]]
[[0,0],[1,0],[20,719]]
[[0,0],[1,0],[32,719]]
[[0,0],[1,0],[47,719]]
[[0,0],[1,0],[118,719]]
[[0,0],[1,0],[232,719]]
[[0,0],[1,0],[102,719]]
[[0,0],[1,0],[205,719]]
[[0,0],[1,0],[52,719]]
[[0,0],[1,0],[33,719]]
[[0,0],[1,0],[38,719]]
[[0,0],[1,0],[69,719]]
[[0,0],[1,0],[4,719]]
[[0,0],[1,0],[163,719]]
[[0,0],[1,0],[24,719]]
[[0,0],[1,0],[28,719]]
[[0,0],[1,0],[108,719]]
[[0,0],[1,0],[1,719]]
[[0,0],[1,0],[187,719]]
[[0,0],[1,0],[103,719]]
[[0,0],[1,0],[8,719]]
[[0,0],[1,0],[7,719]]
[[0,0],[1,0],[71,719]]
[[0,0],[1,0],[175,719]]
[[0,0],[1,0],[112,719]]
[[0,0],[1,0],[58,719]]
[[0,0],[1,0],[106,719]]
[[0,0],[1,0],[12,719]]
[[0,0],[1,0],[96,719]]
[[0,0],[1,0],[2,719]]
[[0,0],[1,0],[16,719]]
[[0,0],[1,0],[95,719]]
[[0,0],[1,0],[54,719]]
[[0,0],[1,0],[13,719]]
[[0,0],[1,0],[51,719]]
[[0,0],[1,0],[94,719]]
[[0,0],[1,0],[329,719]]
[[0,0],[1,0],[86,719]]
[[0,0],[1,0],[134,719]]
[[0,0],[1,0],[217,719]]
[[0,0],[1,0],[29,719]]
[[0,0],[1,0],[161,719]]
[[0,0],[1,0],[3,719]]
[[0,0],[1,0],[64,719]]
[[0,0],[1,0],[27,719]]
[[0,0],[1,0],[239,719]]
[[0,0],[1,0],[85,719]]
[[0,0],[1,0],[101,719]]
[[0,0],[1,0],[26,719]]
[[0,0],[1,0],[111,719]]
[[0,0],[1,0],[133,719]]
[[0,0],[1,0],[172,719]]
[[0,0],[1,0],[267,719]]
[[0,0],[1,0],[70,719]]
[[0,0],[1,0],[252,719]]
[[0,0],[1,0],[19,719]]
[[0,0],[1,0],[100,719]]
[[0,0],[1,0],[10,719]]
[[0,0],[1,0],[140,719]]
[[0,0],[1,0],[76,719]]
[[0,0],[1,0],[87,719]]
[[0,0],[1,0],[97,719]]
[[0,0],[1,0],[104,719]]
[[0,0],[1,0],[179,719]]
[[0,0],[1,0],[56,719]]
[[0,0],[1,0],[79,719]]
[[0,0],[1,0],[170,719]]
[[0,0],[1,0],[9,719]]
[[0,0],[1,0],[122,719]]
[[0,0],[1,0],[147,719]]
[[0,0],[1,0],[130,719]]
[[0,0],[1,0],[25,719]]
[[0,0],[1,0],[15,719]]
[[0,0],[1,0],[105,719]]
[[0,0],[1,0],[6,719]]
[[0,0],[1,0],[266,719]]
[[0,0],[1,0],[328,719]]
[[0,0],[1,0],[171,719]]
[[0,0],[1,0],[68,719]]
[[0,0],[1,0],[143,719]]
[[0,0],[1,0],[231,719]]
[[0,0],[1,0],[67,719]]
[[0,0],[1,0],[238,719]]
[[0,0],[1,0],[66,719]]
[[0,0],[1,0],[53,719]]
[[0,0],[1,0],[21,719]]
[[0,0],[1,0],[43,719]]
[[0,0],[1,0],[188,719]]
[[0,0],[1,0],[107,719]]
[[0,0],[1,0],[248,719]]
[[0,0],[1,0],[17,719]]
[[0,0],[1,0],[132,719]]
[[0,0],[1,0],[89,719]]
[[0,0],[1,0],[23,719]]
[[0,0],[1,0],[109,719]]
[[0,0],[1,0],[14,719]]
[[0,0],[1,0],[55,719]]
[[0,0],[1,0],[93,719]]
