[[0,0],[1,0],[35,72]]
[[0,0],[1,0],[37,72]]
[[0,0],[1,0],[28,72]]
[[0,0],[3,0],[9,24]]
[[0,0],[2,0],[34,36]]
[[0,0],[1,0],[19,72]]
[[0,0],[1,0],[55,72]]
[[0,0],[1,0],[34,72]]
[[0,0],[1,0],[58,72]]
[[0,0],[3,0],[21,24]]
[[0,0],[3,0],[15,24]]
[[0,0],[6,0],[6,12]]
[[0,0],[1,0],[21,72]]
[[0,0],[1,0],[23,72]]
[[0,0],[1,0],[25,72]]
[[0,0],[1,0],[17,72]]
[[0,0],[1,0],[5,72]]
[[0,0],[1,0],[57,72]]
[[0,0],[1,0],[46,72]]
[[0,0],[2,0],[14,36]]
[[0,0],[1,0],[13,72]]
[[0,0],[2,0],[20,36]]
[[0,0],[1,0],[41,72]]
[[0,0],[1,0],[71,72]]
[[0,0],[3,0],[3,24]]
[[0,0],[1,0],[10,72]]
[[0,0],[1,0],[43,72]]
[[0,0],[1,0],[33,72]]
[[0,0],[2,0],[8,36]]
[[0,0],[1,0],[70,72]]
[[0,0],[1,0],[69,72]]
[[0,0],[1,0],[1,72]]
[[0,0],[2,0],[10,36]]
[[0,0],[1,0],[53,72]]
[[0,0],[2,0],[32,36]]
[[0,0],[1,0],[22,72]]
[[0,0],[2,0],[2,36]]
[[0,0],[1,0],[7,72]]
[[0,0],[1,0],[11,72]]
[[0,0],[1,0],[64,72]]
