[[0,0],[1,0],[205,722]]
[[0,0],[1,0],[503,722]]
[[0,0],[1,0],[7,722]]
[[0,0],[1,0],[135,722]]
[[0,0],[1,0],[15,722]]
[[0,0],[1,0],[53,722]]
[[0,0],[1,0],[43,722]]
[[0,0],[1,0],[339,722]]
[[0,0],[1,0],[191,722]]
[[0,0],[1,0],[37,722]]
[[0,0],[1,0],[327,722]]
[[0,0],[1,0],[73,722]]
[[0,0],[1,0],[151,722]]
[[0,0],[1,0],[635,722]]
[[0,0],[1,0],[465,722]]
[[0,0],[1,0],[476,722]]
[[0,0],[1,0],[286,722]]
[[0,0],[1,0],[357,722]]
[[0,0],[1,0],[1,722]]
[[0,0],[1,0],[255,722]]
[[0,0],[1,0],[514,722]]
[[0,0],[1,0],[301,722]]
[[0,0],[1,0],[385,722]]
[[0,0],[1,0],[527,722]]
[[0,0],[1,0],[89,722]]
[[0,0],[1,0],[147,722]]
[[0,0],[1,0],[17,722]]
[[0,0],[1,0],[77,722]]
[[0,0],[1,0],[215,722]]
[[0,0],[1,0],[199,722]]
[[0,0],[1,0],[93,722]]
[[0,0],[1,0],[223,722]]
[[0,0],[1,0],[552,722]]
[[0,0],[1,0],[449,722]]
[[0,0],[1,0],[311,722]]
[[0,0],[1,0],[343,722]]
[[0,0],[1,0],[181,722]]
[[0,0],[1,0],[96,722]]
[[0,0],[1,0],[295,722]]
[[0,0],[1,0],[131,722]]
[[0,0],[1,0],[259,722]]
[[0,0],[1,0],[185,722]]
[[0,0],[1,0],[11,722]]
[[0,0],[1,0],[637,722]]
[[0,0],[1,0],[35,722]]
[[0,0],[1,0],[401,722]]
[[0,0],[1,0],[481,722]]
[[0,0],[1,0],[324,722]]
[[0,0],[1,0],[145,722]]
[[0,0],[1,0],[335,722]]
[[0,0],[1,0],[359,722]]
[[0,0],[1,0],[139,722]]
[[0,0],[1,0],[127,722]]
[[0,0],[1,0],[441,722]]
[[0,0],[1,0],[439,722]]
[[0,0],[1,0],[175,722]]
[[0,0],[1,0],[141,722]]
[[0,0],[1,0],[245,722]]
[[0,0],[1,0],[39,722]]
[[0,0],[1,0],[193,722]]
[[0,0],[1,0],[265,722]]
[[0,0],[1,0],[431,722]]
[[0,0],[1,0],[172,722]]
[[0,0],[1,0],[248,722]]
[[0,0],[1,0],[453,722]]
[[0,0],[1,0],[553,722]]
[[0,0],[1,0],[59,722]]
[[0,0],[1,0],[155,722]]
[[0,0],[1,0],[81,722]]
[[0,0],[1,0],[117,722]]
[[0,0],[1,0],[329,722]]
[[0,0],[1,0],[305,722]]
[[0,0],[1,0],[25,722]]
[[0,0],[1,0],[400,722]]
[[0,0],[1,0],[91,722]]
[[0,0],[1,0],[125,722]]
[[0,0],[1,0],[161,722]]
[[0,0],[1,0],[239,722]]
[[0,0],[1,0],[211,722]]
[[0,0],[1,0],[159,722]]
[[0,0],[1,0],[229,722]]
[[0,0],[1,0],[105,722]]
[[0,0],[1,0],[433,722]]
[[0,0],[1,0],[67,722]]
[[0,0],[1,0],[666,722]]
[[0,0],[1,0],[165,722]]
[[0,0],[1,0],[51,722]]
[[0,0],[1,0],[267,722]]
[[0,0],[1,0],[231,722]]
[[0,0],[1,0],[351,722]]
[[0,0],[1,0],[23,722]]
[[0,0],[1,0],[429,722]]
[[0,0],[1,0],[29,722]]
[[0,0],[1,0],[497,722]]
[[0,0],[1,0],[201,722]]
[[0,0],[1,0],[347,722]]
[[0,0],[1,0],[355,722]]
[[0,0],[1,0],[287,722]]
[[0,0],[1,0],[615,722]]
[[0,0],[1,0],[235,722]]
[[0,0],[1,0],[143,722]]
[[0,0],[1,0],[177,722]]
[[0,0],[1,0],[179,722]]
[[0,0],[1,0],[313,722]]
[[0,0],[1,0],[315,722]]
[[0,0],[1,0],[415,722]]
[[0,0],[1,0],[99,722]]
[[0,0],[1,0],[535,722]]
[[0,0],[1,0],[279,722]]
[[0,0],[1,0],[299,722]]
[[0,0],[1,0],[9,722]]
[[0,0],[1,0],[3,722]]
[[0,0],[1,0],[5,722]]
[[0,0],[1,0],[471,722]]
[[0,0],[1,0],[111,722]]
[[0,0],[1,0],[243,722]]
[[0,0],[1,0],[721,722]]
[[0,0],[1,0],[207,722]]
[[0,0],[1,0],[163,722]]
[[0,0],[1,0],[134,722]]
[[0,0],[1,0],[129,722]]
[[0,0],[1,0],[485,722]]
[[0,0],[1,0],[55,722]]
[[0,0],[1,0],[704,722]]
[[0,0],[1,0],[113,722]]
[[0,0],[1,0],[58,722]]
[[0,0],[1,0],[121,722]]
[[0,0],[1,0],[303,722]]
[[0,0],[1,0],[27,722]]
[[0,0],[1,0],[49,722]]
[[0,0],[1,0],[115,722]]
[[0,0],[1,0],[628,722]]
[[0,0],[1,0],[13,722]]
[[0,0],[1,0],[625,722]]
[[0,0],[1,0],[590,722]]
[[0,0],[1,0],[227,722]]
[[0,0],[19,0],[19,38]]
[[0,0],[1,0],[349,722]]
[[0,0],[1,0],[71,722]]
[[0,0],[1,0],[438,722]]
[[0,0],[1,0],[101,722]]
[[0,0],[1,0],[275,722]]
[[0,0],[1,0],[79,722]]
[[0,0],[1,0],[331,722]]
[[0,0],[1,0],[555,722]]
[[0,0],[1,0],[203,722]]
[[0,0],[1,0],[445,722]]
[[0,0],[1,0],[137,722]]
[[0,0],[1,0],[369,722]]
[[0,0],[1,0],[20,722]]
[[0,0],[1,0],[263,722]]
[[0,0],[1,0],[189,722]]
[[0,0],[1,0],[505,722]]
[[0,0],[1,0],[61,722]]
[[0,0],[1,0],[47,722]]
[[0,0],[1,0],[45,722]]
[[0,0],[1,0],[333,722]]
[[0,0],[1,0],[31,722]]
[[0,0],[1,0],[425,722]]
[[0,0],[1,0],[213,722]]
[[0,0],[1,0],[63,722]]
[[0,0],[1,0],[565,722]]
[[0,0],[1,0],[325,722]]
[[0,0],[1,0],[103,722]]
[[0,0],[1,0],[233,722]]
[[0,0],[1,0],[473,722]]
[[0,0],[1,0],[69,722]]
[[0,0],[1,0],[253,722]]
[[0,0],[1,0],[271,722]]
[[0,0],[1,0],[221,722]]
[[0,0],[1,0],[573,722]]
[[0,0],[1,0],[123,722]]
[[0,0],[1,0],[319,722]]
[[0,0],[1,0],[83,722]]
[[0,0],[1,0],[405,722]]
[[0,0],[1,0],[210,722]]
[[0,0],[1,0],[362,722]]
[[0,0],[1,0],[309,722]]
[[0,0],[1,0],[21,722]]
[[0,0],[1,0],[377,722]]
[[0,0],[1,0],[41,722]]
[[0,0],[1,0],[183,722]]
[[0,0],[1,0],[341,722]]
[[0,0],[1,0],[153,722]]
[[0,0],[1,0],[173,722]]
[[0,0],[1,0],[75,722]]
[[0,0],[1,0],[261,722]]
[[0,0],[1,0],[525,722]]
[[0,0],[1,0],[65,722]]
[[0,0],[1,0],[33,722]]
[[0,0],[1,0],[119,722]]
[[0,0],[1,0],[613,722]]
