[[0,0],[1,0],[119,723]]
[[0,0],[1,0],[256,723]]
[[0,0],[1,0],[436,723]]
[[0,0],[1,0],[112,723]]
[[0,0],[1,0],[250,723]]
[[0,0],[1,0],[205,723]]
[[0,0],[1,0],[7,723]]
[[0,0],[1,0],[46,723]]
[[0,0],[1,0],[53,723]]
[[0,0],[1,0],[43,723]]
[[0,0],[1,0],[167,723]]
[[0,0],[1,0],[37,723]]
[[0,0],[1,0],[106,723]]
[[0,0],[1,0],[104,723]]
[[0,0],[1,0],[238,723]]
[[0,0],[1,0],[73,723]]
[[0,0],[1,0],[151,723]]
[[0,0],[1,0],[80,723]]
[[0,0],[1,0],[286,723]]
[[0,0],[1,0],[1,723]]
[[0,0],[1,0],[301,723]]
[[0,0],[1,0],[514,723]]
[[0,0],[1,0],[385,723]]
[[0,0],[1,0],[17,723]]
[[0,0],[1,0],[77,723]]
[[0,0],[1,0],[40,723]]
[[0,0],[1,0],[532,723]]
[[0,0],[1,0],[223,723]]
[[0,0],[1,0],[343,723]]
[[0,0],[1,0],[577,723]]
[[0,0],[1,0],[307,723]]
[[0,0],[1,0],[295,723]]
[[0,0],[1,0],[131,723]]
[[0,0],[1,0],[185,723]]
[[0,0],[1,0],[11,723]]
[[0,0],[1,0],[35,723]]
[[0,0],[1,0],[169,723]]
[[0,0],[1,0],[481,723]]
[[0,0],[1,0],[145,723]]
[[0,0],[1,0],[19,723]]
[[0,0],[1,0],[190,723]]
[[0,0],[1,0],[242,723]]
[[0,0],[1,0],[139,723]]
[[0,0],[1,0],[4,723]]
[[0,0],[1,0],[127,723]]
[[0,0],[1,0],[130,723]]
[[0,0],[1,0],[214,723]]
[[0,0],[1,0],[370,723]]
[[0,0],[1,0],[164,723]]
[[0,0],[1,0],[247,723]]
[[0,0],[1,0],[193,723]]
[[0,0],[1,0],[10,723]]
[[0,0],[1,0],[44,723]]
[[0,0],[1,0],[133,723]]
[[0,0],[1,0],[265,723]]
[[0,0],[1,0],[283,723]]
[[0,0],[1,0],[172,723]]
[[0,0],[1,0],[149,723]]
[[0,0],[1,0],[148,723]]
[[0,0],[1,0],[427,723]]
[[0,0],[1,0],[361,723]]
[[0,0],[1,0],[391,723]]
[[0,0],[1,0],[232,723]]
[[0,0],[1,0],[257,723]]
[[0,0],[1,0],[412,723]]
[[0,0],[1,0],[32,723]]
[[0,0],[1,0],[25,723]]
[[0,0],[1,0],[91,723]]
[[0,0],[1,0],[125,723]]
[[0,0],[1,0],[460,723]]
[[0,0],[1,0],[220,723]]
[[0,0],[1,0],[184,723]]
[[0,0],[1,0],[211,723]]
[[0,0],[1,0],[229,723]]
[[0,0],[1,0],[289,723]]
[[0,0],[1,0],[433,723]]
[[0,0],[1,0],[67,723]]
[[0,0],[1,0],[202,723]]
[[0,0],[1,0],[95,723]]
[[0,0],[1,0],[547,723]]
[[0,0],[1,0],[68,723]]
[[0,0],[1,0],[23,723]]
[[0,0],[1,0],[29,723]]
[[0,0],[1,0],[483,723]]
[[0,0],[1,0],[634,723]]
[[0,0],[1,0],[88,723]]
[[0,0],[1,0],[355,723]]
[[0,0],[1,0],[586,723]]
[[0,0],[1,0],[2,723]]
[[0,0],[1,0],[367,723]]
[[0,0],[1,0],[22,723]]
[[0,0],[1,0],[179,723]]
[[0,0],[1,0],[313,723]]
[[0,0],[1,0],[74,723]]
[[0,0],[1,0],[535,723]]
[[0,0],[1,0],[136,723]]
[[0,0],[1,0],[5,723]]
[[0,0],[1,0],[142,723]]
[[0,0],[1,0],[224,723]]
[[0,0],[1,0],[661,723]]
[[0,0],[1,0],[163,723]]
[[0,0],[1,0],[76,723]]
[[0,0],[1,0],[134,723]]
[[0,0],[1,0],[107,723]]
[[0,0],[1,0],[55,723]]
[[0,0],[1,0],[517,723]]
[[0,0],[1,0],[382,723]]
[[0,0],[1,0],[16,723]]
[[0,0],[1,0],[244,723]]
[[0,0],[1,0],[346,723]]
[[0,0],[1,0],[52,723]]
[[0,0],[1,0],[26,723]]
[[0,0],[1,0],[178,723]]
[[0,0],[1,0],[58,723]]
[[0,0],[1,0],[152,723]]
[[0,0],[1,0],[14,723]]
[[0,0],[1,0],[121,723]]
[[0,0],[1,0],[610,723]]
[[0,0],[1,0],[118,723]]
[[0,0],[1,0],[49,723]]
[[0,0],[1,0],[115,723]]
[[0,0],[1,0],[274,723]]
[[0,0],[1,0],[463,723]]
[[0,0],[1,0],[13,723]]
[[0,0],[1,0],[340,723]]
[[0,0],[1,0],[349,723]]
[[0,0],[1,0],[160,723]]
[[0,0],[1,0],[56,723]]
[[0,0],[1,0],[322,723]]
[[0,0],[1,0],[124,723]]
[[0,0],[1,0],[79,723]]
[[0,0],[1,0],[523,723]]
[[0,0],[1,0],[331,723]]
[[0,0],[1,0],[262,723]]
[[0,0],[1,0],[85,723]]
[[0,0],[1,0],[20,723]]
[[0,0],[1,0],[28,723]]
[[0,0],[1,0],[82,723]]
[[0,0],[1,0],[61,723]]
[[0,0],[1,0],[47,723]]
[[0,0],[1,0],[122,723]]
[[0,0],[1,0],[31,723]]
[[0,0],[1,0],[496,723]]
[[0,0],[1,0],[397,723]]
[[0,0],[1,0],[268,723]]
[[0,0],[1,0],[103,723]]
[[0,0],[1,0],[34,723]]
[[0,0],[1,0],[109,723]]
[[0,0],[1,0],[154,723]]
[[0,0],[1,0],[94,723]]
[[0,0],[1,0],[253,723]]
[[0,0],[1,0],[271,723]]
[[0,0],[1,0],[8,723]]
[[0,0],[1,0],[529,723]]
[[0,0],[1,0],[83,723]]
[[0,0],[1,0],[280,723]]
[[0,0],[1,0],[50,723]]
[[0,0],[1,0],[41,723]]
[[0,0],[1,0],[157,723]]
[[0,0],[1,0],[568,723]]
[[0,0],[1,0],[173,723]]
[[0,0],[1,0],[65,723]]
[[0,0],[1,0],[166,723]]
[[0,0],[1,0],[64,723]]
