[[0,0],[1,0],[119,724]]
[[0,0],[1,0],[43,724]]
[[0,0],[1,0],[7,724]]
[[0,0],[1,0],[15,724]]
[[0,0],[1,0],[205,724]]
[[0,0],[2,0],[80,362]]
[[0,0],[1,0],[515,724]]
[[0,0],[1,0],[171,724]]
[[0,0],[1,0],[167,724]]
[[0,0],[1,0],[281,724]]
[[0,0],[1,0],[57,724]]
[[0,0],[1,0],[73,724]]
[[0,0],[2,0],[104,362]]
[[0,0],[1,0],[37,724]]
[[0,0],[1,0],[563,724]]
[[0,0],[1,0],[465,724]]
[[0,0],[1,0],[475,724]]
[[0,0],[1,0],[151,724]]
[[0,0],[2,0],[26,362]]
[[0,0],[2,0],[50,362]]
[[0,0],[1,0],[1,724]]
[[0,0],[1,0],[147,724]]
[[0,0],[1,0],[219,724]]
[[0,0],[1,0],[385,724]]
[[0,0],[1,0],[89,724]]
[[0,0],[2,0],[46,362]]
[[0,0],[1,0],[17,724]]
[[0,0],[1,0],[215,724]]
[[0,0],[1,0],[653,724]]
[[0,0],[2,0],[78,362]]
[[0,0],[1,0],[77,724]]
[[0,0],[1,0],[241,724]]
[[0,0],[1,0],[131,724]]
[[0,0],[1,0],[223,724]]
[[0,0],[1,0],[93,724]]
[[0,0],[1,0],[11,724]]
[[0,0],[1,0],[35,724]]
[[0,0],[1,0],[185,724]]
[[0,0],[1,0],[169,724]]
[[0,0],[1,0],[533,724]]
[[0,0],[2,0],[8,362]]
[[0,0],[2,0],[10,362]]
[[0,0],[2,0],[94,362]]
[[0,0],[1,0],[19,724]]
[[0,0],[1,0],[139,724]]
[[0,0],[2,0],[16,362]]
[[0,0],[1,0],[359,724]]
[[0,0],[1,0],[671,724]]
[[0,0],[1,0],[127,724]]
[[0,0],[1,0],[297,724]]
[[0,0],[1,0],[175,724]]
[[0,0],[1,0],[193,724]]
[[0,0],[1,0],[39,724]]
[[0,0],[1,0],[283,724]]
[[0,0],[1,0],[247,724]]
[[0,0],[1,0],[141,724]]
[[0,0],[1,0],[245,724]]
[[0,0],[1,0],[59,724]]
[[0,0],[1,0],[155,724]]
[[0,0],[1,0],[387,724]]
[[0,0],[1,0],[182,724]]
[[0,0],[2,0],[20,362]]
[[0,0],[1,0],[81,724]]
[[0,0],[1,0],[459,724]]
[[0,0],[2,0],[98,362]]
[[0,0],[1,0],[149,724]]
[[0,0],[1,0],[453,724]]
[[0,0],[1,0],[361,724]]
[[0,0],[1,0],[117,724]]
[[0,0],[1,0],[257,724]]
[[0,0],[2,0],[56,362]]
[[0,0],[1,0],[655,724]]
[[0,0],[2,0],[2,362]]
[[0,0],[1,0],[329,724]]
[[0,0],[1,0],[91,724]]
[[0,0],[1,0],[305,724]]
[[0,0],[1,0],[25,724]]
[[0,0],[2,0],[96,362]]
[[0,0],[1,0],[125,724]]
[[0,0],[1,0],[67,724]]
[[0,0],[1,0],[289,724]]
[[0,0],[1,0],[105,724]]
[[0,0],[1,0],[159,724]]
[[0,0],[1,0],[51,724]]
[[0,0],[1,0],[277,724]]
[[0,0],[1,0],[695,724]]
[[0,0],[1,0],[229,724]]
[[0,0],[1,0],[267,724]]
[[0,0],[1,0],[95,724]]
[[0,0],[1,0],[547,724]]
[[0,0],[1,0],[437,724]]
[[0,0],[1,0],[165,724]]
[[0,0],[1,0],[197,724]]
[[0,0],[1,0],[351,724]]
[[0,0],[1,0],[231,724]]
[[0,0],[1,0],[23,724]]
[[0,0],[2,0],[48,362]]
[[0,0],[1,0],[399,724]]
[[0,0],[1,0],[347,724]]
[[0,0],[1,0],[429,724]]
[[0,0],[1,0],[201,724]]
[[0,0],[1,0],[423,724]]
[[0,0],[2,0],[14,362]]
[[0,0],[1,0],[235,724]]
[[0,0],[1,0],[179,724]]
[[0,0],[1,0],[417,724]]
[[0,0],[1,0],[615,724]]
[[0,0],[2,0],[84,362]]
[[0,0],[1,0],[367,724]]
[[0,0],[1,0],[143,724]]
[[0,0],[1,0],[315,724]]
[[0,0],[2,0],[102,362]]
[[0,0],[1,0],[389,724]]
[[0,0],[1,0],[99,724]]
[[0,0],[1,0],[225,724]]
[[0,0],[1,0],[97,724]]
[[0,0],[1,0],[551,724]]
[[0,0],[1,0],[723,724]]
[[0,0],[1,0],[299,724]]
[[0,0],[1,0],[3,724]]
[[0,0],[1,0],[279,724]]
[[0,0],[1,0],[9,724]]
[[0,0],[1,0],[544,724]]
[[0,0],[1,0],[243,724]]
[[0,0],[1,0],[163,724]]
[[0,0],[2,0],[34,362]]
[[0,0],[1,0],[111,724]]
[[0,0],[1,0],[5,724]]
[[0,0],[1,0],[107,724]]
[[0,0],[1,0],[129,724]]
[[0,0],[1,0],[371,724]]
[[0,0],[1,0],[661,724]]
[[0,0],[1,0],[293,724]]
[[0,0],[2,0],[22,362]]
[[0,0],[2,0],[4,362]]
[[0,0],[1,0],[541,724]]
[[0,0],[1,0],[485,724]]
[[0,0],[1,0],[589,724]]
[[0,0],[1,0],[195,724]]
[[0,0],[1,0],[381,724]]
[[0,0],[2,0],[6,362]]
[[0,0],[2,0],[82,362]]
[[0,0],[1,0],[55,724]]
[[0,0],[1,0],[217,724]]
[[0,0],[2,0],[110,362]]
[[0,0],[1,0],[517,724]]
[[0,0],[1,0],[237,724]]
[[0,0],[2,0],[12,362]]
[[0,0],[2,0],[18,362]]
[[0,0],[1,0],[113,724]]
[[0,0],[1,0],[121,724]]
[[0,0],[1,0],[27,724]]
[[0,0],[1,0],[115,724]]
[[0,0],[1,0],[49,724]]
[[0,0],[1,0],[227,724]]
[[0,0],[1,0],[411,724]]
[[0,0],[1,0],[275,724]]
[[0,0],[1,0],[13,724]]
[[0,0],[1,0],[451,724]]
[[0,0],[1,0],[455,724]]
[[0,0],[1,0],[349,724]]
[[0,0],[2,0],[124,362]]
[[0,0],[2,0],[86,362]]
[[0,0],[1,0],[101,724]]
[[0,0],[1,0],[587,724]]
[[0,0],[1,0],[521,724]]
[[0,0],[1,0],[369,724]]
[[0,0],[1,0],[87,724]]
[[0,0],[1,0],[591,724]]
[[0,0],[1,0],[413,724]]
[[0,0],[1,0],[263,724]]
[[0,0],[1,0],[85,724]]
[[0,0],[1,0],[511,724]]
[[0,0],[1,0],[47,724]]
[[0,0],[1,0],[189,724]]
[[0,0],[1,0],[61,724]]
[[0,0],[1,0],[513,724]]
[[0,0],[1,0],[45,724]]
[[0,0],[1,0],[333,724]]
[[0,0],[1,0],[31,724]]
[[0,0],[1,0],[233,724]]
[[0,0],[2,0],[76,362]]
[[0,0],[1,0],[397,724]]
[[0,0],[2,0],[44,362]]
[[0,0],[1,0],[393,724]]
[[0,0],[1,0],[103,724]]
[[0,0],[1,0],[473,724]]
[[0,0],[1,0],[363,724]]
[[0,0],[1,0],[379,724]]
[[0,0],[1,0],[469,724]]
[[0,0],[1,0],[285,724]]
[[0,0],[1,0],[123,724]]
[[0,0],[1,0],[83,724]]
[[0,0],[1,0],[253,724]]
[[0,0],[1,0],[221,724]]
[[0,0],[1,0],[319,724]]
[[0,0],[2,0],[24,362]]
[[0,0],[1,0],[41,724]]
[[0,0],[1,0],[579,724]]
[[0,0],[1,0],[75,724]]
[[0,0],[1,0],[421,724]]
[[0,0],[1,0],[153,724]]
[[0,0],[1,0],[383,724]]
[[0,0],[1,0],[291,724]]
[[0,0],[1,0],[309,724]]
[[0,0],[1,0],[21,724]]
[[0,0],[1,0],[157,724]]
[[0,0],[1,0],[403,724]]
[[0,0],[1,0],[323,724]]
[[0,0],[1,0],[645,724]]
[[0,0],[1,0],[65,724]]
[[0,0],[1,0],[407,724]]
[[0,0],[1,0],[525,724]]
[[0,0],[1,0],[261,724]]
[[0,0],[1,0],[33,724]]
[[0,0],[1,0],[537,724]]
