[[0,0],[1,0],[62,727]]
[[0,0],[1,0],[11,727]]
[[0,0],[1,0],[17,727]]
[[0,0],[1,0],[55,727]]
[[0,0],[1,0],[44,727]]
[[0,0],[1,0],[20,727]]
[[0,0],[1,0],[45,727]]
[[0,0],[1,0],[42,727]]
[[0,0],[1,0],[65,727]]
[[0,0],[1,0],[84,727]]
[[0,0],[1,0],[128,727]]
[[0,0],[1,0],[82,727]]
[[0,0],[1,0],[60,727]]
[[0,0],[1,0],[88,727]]
[[0,0],[1,0],[148,727]]
[[0,0],[1,0],[119,727]]
[[0,0],[1,0],[69,727]]
[[0,0],[1,0],[59,727]]
[[0,0],[1,0],[35,727]]
[[0,0],[1,0],[22,727]]
[[0,0],[1,0],[47,727]]
[[0,0],[1,0],[169,727]]
[[0,0],[1,0],[49,727]]
[[0,0],[1,0],[123,727]]
[[0,0],[1,0],[162,727]]
[[0,0],[1,0],[38,727]]
[[0,0],[1,0],[263,727]]
[[0,0],[1,0],[149,727]]
[[0,0],[1,0],[32,727]]
[[0,0],[1,0],[103,727]]
[[0,0],[1,0],[286,727]]
[[0,0],[1,0],[7,727]]
[[0,0],[1,0],[71,727]]
[[0,0],[1,0],[180,727]]
[[0,0],[1,0],[196,727]]
[[0,0],[1,0],[108,727]]
[[0,0],[1,0],[112,727]]
[[0,0],[1,0],[1,727]]
[[0,0],[1,0],[174,727]]
[[0,0],[1,0],[181,727]]
[[0,0],[1,0],[124,727]]
[[0,0],[1,0],[4,727]]
[[0,0],[1,0],[16,727]]
[[0,0],[1,0],[8,727]]
[[0,0],[1,0],[156,727]]
[[0,0],[1,0],[31,727]]
[[0,0],[1,0],[63,727]]
[[0,0],[1,0],[40,727]]
[[0,0],[1,0],[113,727]]
[[0,0],[1,0],[115,727]]
[[0,0],[1,0],[83,727]]
[[0,0],[1,0],[145,727]]
[[0,0],[1,0],[50,727]]
[[0,0],[1,0],[81,727]]
[[0,0],[1,0],[12,727]]
[[0,0],[1,0],[77,727]]
[[0,0],[1,0],[163,727]]
[[0,0],[1,0],[125,727]]
[[0,0],[1,0],[24,727]]
[[0,0],[1,0],[13,727]]
[[0,0],[1,0],[51,727]]
[[0,0],[1,0],[141,727]]
[[0,0],[1,0],[73,727]]
[[0,0],[1,0],[61,727]]
[[0,0],[1,0],[46,727]]
[[0,0],[1,0],[161,727]]
[[0,0],[1,0],[2,727]]
[[0,0],[1,0],[157,727]]
[[0,0],[1,0],[146,727]]
[[0,0],[1,0],[111,727]]
[[0,0],[1,0],[155,727]]
[[0,0],[1,0],[64,727]]
[[0,0],[1,0],[70,727]]
[[0,0],[1,0],[95,727]]
[[0,0],[1,0],[19,727]]
[[0,0],[1,0],[27,727]]
[[0,0],[1,0],[54,727]]
[[0,0],[1,0],[10,727]]
[[0,0],[1,0],[85,727]]
[[0,0],[1,0],[76,727]]
[[0,0],[1,0],[86,727]]
[[0,0],[1,0],[307,727]]
[[0,0],[1,0],[78,727]]
[[0,0],[1,0],[25,727]]
[[0,0],[1,0],[164,727]]
[[0,0],[1,0],[3,727]]
[[0,0],[1,0],[179,727]]
[[0,0],[1,0],[227,727]]
[[0,0],[1,0],[99,727]]
[[0,0],[1,0],[100,727]]
[[0,0],[1,0],[170,727]]
[[0,0],[1,0],[87,727]]
[[0,0],[1,0],[26,727]]
[[0,0],[1,0],[147,727]]
[[0,0],[1,0],[195,727]]
[[0,0],[1,0],[30,727]]
[[0,0],[1,0],[15,727]]
[[0,0],[1,0],[9,727]]
[[0,0],[1,0],[6,727]]
[[0,0],[1,0],[215,727]]
[[0,0],[1,0],[43,727]]
[[0,0],[1,0],[137,727]]
[[0,0],[1,0],[114,727]]
[[0,0],[1,0],[200,727]]
[[0,0],[1,0],[36,727]]
[[0,0],[1,0],[48,727]]
[[0,0],[1,0],[68,727]]
[[0,0],[1,0],[14,727]]
[[0,0],[1,0],[41,727]]
[[0,0],[1,0],[138,727]]
[[0,0],[1,0],[199,727]]
[[0,0],[1,0],[282,727]]
[[0,0],[1,0],[75,727]]
[[0,0],[1,0],[39,727]]
[[0,0],[1,0],[72,727]]
[[0,0],[1,0],[74,727]]
[[0,0],[1,0],[21,727]]
[[0,0],[1,0],[250,727]]
[[0,0],[1,0],[18,727]]
[[0,0],[1,0],[173,727]]
[[0,0],[1,0],[5,727]]
[[0,0],[1,0],[23,727]]
[[0,0],[1,0],[37,727]]
