[[0,0],[1,0],[205,729]]
[[0,0],[1,0],[64,729]]
[[0,0],[1,0],[256,729]]
[[0,0],[1,0],[613,729]]
[[0,0],[1,0],[284,729]]
[[0,0],[1,0],[106,729]]
[[0,0],[1,0],[436,729]]
[[0,0],[1,0],[7,729]]
[[0,0],[1,0],[112,729]]
[[0,0],[1,0],[46,729]]
[[0,0],[1,0],[43,729]]
[[0,0],[1,0],[251,729]]
[[0,0],[1,0],[37,729]]
[[0,0],[1,0],[208,729]]
[[0,0],[1,0],[1,729]]
[[0,0],[1,0],[418,729]]
[[0,0],[1,0],[301,729]]
[[0,0],[1,0],[238,729]]
[[0,0],[1,0],[151,729]]
[[0,0],[1,0],[385,729]]
[[0,0],[1,0],[17,729]]
[[0,0],[1,0],[77,729]]
[[0,0],[1,0],[40,729]]
[[0,0],[1,0],[80,729]]
[[0,0],[3,0],[156,243]]
[[0,0],[1,0],[475,729]]
[[0,0],[1,0],[215,729]]
[[0,0],[1,0],[35,729]]
[[0,0],[1,0],[199,729]]
[[0,0],[1,0],[376,729]]
[[0,0],[1,0],[343,729]]
[[0,0],[1,0],[19,729]]
[[0,0],[1,0],[145,729]]
[[0,0],[1,0],[295,729]]
[[0,0],[1,0],[11,729]]
[[0,0],[1,0],[140,729]]
[[0,0],[3,0],[12,243]]
[[0,0],[1,0],[185,729]]
[[0,0],[1,0],[188,729]]
[[0,0],[1,0],[127,729]]
[[0,0],[1,0],[169,729]]
[[0,0],[1,0],[214,729]]
[[0,0],[1,0],[583,729]]
[[0,0],[1,0],[10,729]]
[[0,0],[1,0],[364,729]]
[[0,0],[1,0],[190,729]]
[[0,0],[1,0],[352,729]]
[[0,0],[1,0],[139,729]]
[[0,0],[3,0],[6,243]]
[[0,0],[1,0],[70,729]]
[[0,0],[1,0],[44,729]]
[[0,0],[1,0],[4,729]]
[[0,0],[9,0],[9,81]]
[[0,0],[1,0],[130,729]]
[[0,0],[3,0],[3,243]]
[[0,0],[1,0],[172,729]]
[[0,0],[3,0],[96,243]]
[[0,0],[1,0],[247,729]]
[[0,0],[1,0],[283,729]]
[[0,0],[1,0],[133,729]]
[[0,0],[1,0],[265,729]]
[[0,0],[1,0],[59,729]]
[[0,0],[1,0],[484,729]]
[[0,0],[1,0],[553,729]]
[[0,0],[1,0],[257,729]]
[[0,0],[1,0],[86,729]]
[[0,0],[3,0],[21,243]]
[[0,0],[1,0],[412,729]]
[[0,0],[1,0],[391,729]]
[[0,0],[3,0],[120,243]]
[[0,0],[3,0],[30,243]]
[[0,0],[1,0],[211,729]]
[[0,0],[1,0],[184,729]]
[[0,0],[1,0],[32,729]]
[[0,0],[1,0],[502,729]]
[[0,0],[1,0],[67,729]]
[[0,0],[1,0],[91,729]]
[[0,0],[1,0],[202,729]]
[[0,0],[1,0],[95,729]]
[[0,0],[1,0],[25,729]]
[[0,0],[1,0],[400,729]]
[[0,0],[1,0],[170,729]]
[[0,0],[1,0],[277,729]]
[[0,0],[1,0],[229,729]]
[[0,0],[1,0],[604,729]]
[[0,0],[1,0],[23,729]]
[[0,0],[1,0],[22,729]]
[[0,0],[1,0],[68,729]]
[[0,0],[3,0],[111,243]]
[[0,0],[1,0],[424,729]]
[[0,0],[1,0],[2,729]]
[[0,0],[1,0],[97,729]]
[[0,0],[1,0],[235,729]]
[[0,0],[1,0],[98,729]]
[[0,0],[1,0],[136,729]]
[[0,0],[9,0],[36,81]]
[[0,0],[3,0],[24,243]]
[[0,0],[1,0],[163,729]]
[[0,0],[1,0],[134,729]]
[[0,0],[1,0],[76,729]]
[[0,0],[1,0],[328,729]]
[[0,0],[1,0],[142,729]]
[[0,0],[1,0],[5,729]]
[[0,0],[3,0],[57,243]]
[[0,0],[1,0],[466,729]]
[[0,0],[1,0],[107,729]]
[[0,0],[1,0],[346,729]]
[[0,0],[1,0],[26,729]]
[[0,0],[3,0],[66,243]]
[[0,0],[1,0],[55,729]]
[[0,0],[1,0],[58,729]]
[[0,0],[3,0],[48,243]]
[[0,0],[1,0],[16,729]]
[[0,0],[1,0],[217,729]]
[[0,0],[1,0],[113,729]]
[[0,0],[1,0],[118,729]]
[[0,0],[3,0],[42,243]]
[[0,0],[1,0],[244,729]]
[[0,0],[1,0],[178,729]]
[[0,0],[1,0],[52,729]]
[[0,0],[1,0],[115,729]]
[[0,0],[3,0],[84,243]]
[[0,0],[1,0],[598,729]]
[[0,0],[1,0],[463,729]]
[[0,0],[1,0],[49,729]]
[[0,0],[1,0],[13,729]]
[[0,0],[1,0],[14,729]]
[[0,0],[27,0],[0,27]]
[[0,0],[1,0],[121,729]]
[[0,0],[3,0],[15,243]]
[[0,0],[1,0],[275,729]]
[[0,0],[1,0],[274,729]]
[[0,0],[1,0],[79,729]]
[[0,0],[1,0],[124,729]]
[[0,0],[1,0],[448,729]]
[[0,0],[1,0],[38,729]]
[[0,0],[1,0],[71,729]]
[[0,0],[1,0],[160,729]]
[[0,0],[1,0],[388,729]]
[[0,0],[1,0],[101,729]]
[[0,0],[1,0],[128,729]]
[[0,0],[1,0],[298,729]]
[[0,0],[3,0],[39,243]]
[[0,0],[1,0],[331,729]]
[[0,0],[1,0],[209,729]]
[[0,0],[1,0],[28,729]]
[[0,0],[1,0],[61,729]]
[[0,0],[1,0],[580,729]]
[[0,0],[1,0],[122,729]]
[[0,0],[1,0],[31,729]]
[[0,0],[1,0],[85,729]]
[[0,0],[1,0],[20,729]]
[[0,0],[1,0],[82,729]]
[[0,0],[1,0],[397,729]]
[[0,0],[3,0],[93,243]]
[[0,0],[1,0],[505,729]]
[[0,0],[3,0],[129,243]]
[[0,0],[1,0],[268,729]]
[[0,0],[1,0],[100,729]]
[[0,0],[1,0],[292,729]]
[[0,0],[1,0],[154,729]]
[[0,0],[1,0],[109,729]]
[[0,0],[1,0],[187,729]]
[[0,0],[1,0],[316,729]]
[[0,0],[1,0],[271,729]]
[[0,0],[1,0],[103,729]]
[[0,0],[1,0],[253,729]]
[[0,0],[1,0],[325,729]]
[[0,0],[1,0],[34,729]]
[[0,0],[1,0],[469,729]]
[[0,0],[1,0],[62,729]]
[[0,0],[1,0],[8,729]]
[[0,0],[1,0],[529,729]]
[[0,0],[1,0],[94,729]]
[[0,0],[1,0],[556,729]]
[[0,0],[1,0],[280,729]]
[[0,0],[1,0],[196,729]]
[[0,0],[1,0],[157,729]]
[[0,0],[9,0],[18,81]]
[[0,0],[1,0],[166,729]]
[[0,0],[1,0],[403,729]]
[[0,0],[1,0],[65,729]]
[[0,0],[1,0],[50,729]]
[[0,0],[1,0],[41,729]]
[[0,0],[1,0],[334,729]]
[[0,0],[1,0],[250,729]]
