[[0,0],[1,0],[537,730]]
[[0,0],[1,0],[119,730]]
[[0,0],[1,0],[256,730]]
[[0,0],[1,0],[339,730]]
[[0,0],[1,0],[436,730]]
[[0,0],[1,0],[191,730]]
[[0,0],[1,0],[106,730]]
[[0,0],[1,0],[7,730]]
[[0,0],[1,0],[46,730]]
[[0,0],[1,0],[53,730]]
[[0,0],[1,0],[251,730]]
[[0,0],[1,0],[563,730]]
[[0,0],[1,0],[476,730]]
[[0,0],[1,0],[37,730]]
[[0,0],[1,0],[596,730]]
[[0,0],[1,0],[1,730]]
[[0,0],[1,0],[327,730]]
[[0,0],[1,0],[281,730]]
[[0,0],[1,0],[57,730]]
[[0,0],[1,0],[147,730]]
[[0,0],[1,0],[527,730]]
[[0,0],[1,0],[17,730]]
[[0,0],[1,0],[581,730]]
[[0,0],[1,0],[77,730]]
[[0,0],[1,0],[151,730]]
[[0,0],[1,0],[616,730]]
[[0,0],[1,0],[286,730]]
[[0,0],[1,0],[93,730]]
[[0,0],[1,0],[357,730]]
[[0,0],[1,0],[66,730]]
[[0,0],[1,0],[273,730]]
[[0,0],[1,0],[223,730]]
[[0,0],[1,0],[241,730]]
[[0,0],[1,0],[307,730]]
[[0,0],[1,0],[89,730]]
[[0,0],[1,0],[131,730]]
[[0,0],[1,0],[259,730]]
[[0,0],[1,0],[199,730]]
[[0,0],[1,0],[376,730]]
[[0,0],[1,0],[481,730]]
[[0,0],[1,0],[6,730]]
[[0,0],[1,0],[311,730]]
[[0,0],[1,0],[343,730]]
[[0,0],[1,0],[19,730]]
[[0,0],[1,0],[533,730]]
[[0,0],[1,0],[96,730]]
[[0,0],[1,0],[116,730]]
[[0,0],[1,0],[11,730]]
[[0,0],[1,0],[169,730]]
[[0,0],[1,0],[549,730]]
[[0,0],[1,0],[141,730]]
[[0,0],[1,0],[359,730]]
[[0,0],[1,0],[626,730]]
[[0,0],[1,0],[139,730]]
[[0,0],[1,0],[439,730]]
[[0,0],[1,0],[39,730]]
[[0,0],[1,0],[81,730]]
[[0,0],[1,0],[656,730]]
[[0,0],[1,0],[133,730]]
[[0,0],[1,0],[631,730]]
[[0,0],[1,0],[553,730]]
[[0,0],[1,0],[453,730]]
[[0,0],[1,0],[59,730]]
[[0,0],[1,0],[257,730]]
[[0,0],[1,0],[336,730]]
[[0,0],[1,0],[86,730]]
[[0,0],[1,0],[117,730]]
[[0,0],[1,0],[526,730]]
[[0,0],[1,0],[161,730]]
[[0,0],[1,0],[239,730]]
[[0,0],[1,0],[220,730]]
[[0,0],[1,0],[211,730]]
[[0,0],[1,0],[176,730]]
[[0,0],[1,0],[329,730]]
[[0,0],[1,0],[159,730]]
[[0,0],[1,0],[289,730]]
[[0,0],[1,0],[67,730]]
[[0,0],[1,0],[91,730]]
[[0,0],[1,0],[433,730]]
[[0,0],[1,0],[486,730]]
[[0,0],[1,0],[666,730]]
[[0,0],[1,0],[51,730]]
[[0,0],[1,0],[229,730]]
[[0,0],[1,0],[351,730]]
[[0,0],[1,0],[386,730]]
[[0,0],[1,0],[29,730]]
[[0,0],[1,0],[437,730]]
[[0,0],[1,0],[429,730]]
[[0,0],[1,0],[399,730]]
[[0,0],[1,0],[483,730]]
[[0,0],[1,0],[658,730]]
[[0,0],[1,0],[516,730]]
[[0,0],[1,0],[409,730]]
[[0,0],[1,0],[512,730]]
[[0,0],[1,0],[497,730]]
[[0,0],[1,0],[267,730]]
[[0,0],[1,0],[586,730]]
[[0,0],[1,0],[287,730]]
[[0,0],[1,0],[231,730]]
[[0,0],[1,0],[417,730]]
[[0,0],[1,0],[23,730]]
[[0,0],[1,0],[236,730]]
[[0,0],[1,0],[179,730]]
[[0,0],[1,0],[201,730]]
[[0,0],[1,0],[559,730]]
[[0,0],[1,0],[97,730]]
[[0,0],[1,0],[226,730]]
[[0,0],[1,0],[506,730]]
[[0,0],[1,0],[406,730]]
[[0,0],[1,0],[74,730]]
[[0,0],[1,0],[696,730]]
[[0,0],[1,0],[136,730]]
[[0,0],[2,0],[75,365]]
[[0,0],[1,0],[3,730]]
[[0,0],[1,0],[456,730]]
[[0,0],[1,0],[111,730]]
[[0,0],[1,0],[243,730]]
[[0,0],[1,0],[585,730]]
[[0,0],[1,0],[279,730]]
[[0,0],[1,0],[207,730]]
[[0,0],[1,0],[299,730]]
[[0,0],[1,0],[447,730]]
[[0,0],[1,0],[276,730]]
[[0,0],[1,0],[163,730]]
[[0,0],[1,0],[76,730]]
[[0,0],[1,0],[9,730]]
[[0,0],[1,0],[129,730]]
[[0,0],[1,0],[466,730]]
[[0,0],[1,0],[186,730]]
[[0,0],[1,0],[426,730]]
[[0,0],[1,0],[726,730]]
[[0,0],[1,0],[107,730]]
[[0,0],[1,0],[237,730]]
[[0,0],[1,0],[216,730]]
[[0,0],[1,0],[566,730]]
[[0,0],[1,0],[346,730]]
[[0,0],[1,0],[26,730]]
[[0,0],[1,0],[317,730]]
[[0,0],[1,0],[16,730]]
[[0,0],[1,0],[217,730]]
[[0,0],[1,0],[113,730]]
[[0,0],[1,0],[646,730]]
[[0,0],[1,0],[416,730]]
[[0,0],[1,0],[303,730]]
[[0,0],[1,0],[49,730]]
[[0,0],[1,0],[461,730]]
[[0,0],[1,0],[13,730]]
[[0,0],[1,0],[353,730]]
[[0,0],[1,0],[227,730]]
[[0,0],[1,0],[121,730]]
[[0,0],[1,0],[126,730]]
[[0,0],[1,0],[349,730]]
[[0,0],[1,0],[356,730]]
[[0,0],[1,0],[56,730]]
[[0,0],[1,0],[27,730]]
[[0,0],[1,0],[686,730]]
[[0,0],[1,0],[79,730]]
[[0,0],[1,0],[606,730]]
[[0,0],[1,0],[636,730]]
[[0,0],[1,0],[71,730]]
[[0,0],[1,0],[369,730]]
[[0,0],[1,0],[446,730]]
[[0,0],[1,0],[546,730]]
[[0,0],[1,0],[101,730]]
[[0,0],[1,0],[411,730]]
[[0,0],[1,0],[306,730]]
[[0,0],[1,0],[209,730]]
[[0,0],[1,0],[189,730]]
[[0,0],[1,0],[296,730]]
[[0,0],[1,0],[61,730]]
[[0,0],[1,0],[47,730]]
[[0,0],[1,0],[137,730]]
[[0,0],[1,0],[587,730]]
[[0,0],[1,0],[536,730]]
[[0,0],[1,0],[31,730]]
[[0,0],[1,0],[87,730]]
[[0,0],[1,0],[716,730]]
[[0,0],[1,0],[729,730]]
[[0,0],[1,0],[676,730]]
[[0,0],[1,0],[576,730]]
[[0,0],[1,0],[397,730]]
[[0,0],[1,0],[263,730]]
[[0,0],[1,0],[63,730]]
[[0,0],[1,0],[109,730]]
[[0,0],[1,0],[496,730]]
[[0,0],[1,0],[213,730]]
[[0,0],[1,0],[316,730]]
[[0,0],[1,0],[706,730]]
[[0,0],[1,0],[187,730]]
[[0,0],[1,0],[36,730]]
[[0,0],[1,0],[253,730]]
[[0,0],[1,0],[271,730]]
[[0,0],[1,0],[221,730]]
[[0,0],[1,0],[103,730]]
[[0,0],[1,0],[573,730]]
[[0,0],[1,0],[393,730]]
[[0,0],[1,0],[603,730]]
[[0,0],[1,0],[83,730]]
[[0,0],[1,0],[556,730]]
[[0,0],[1,0],[363,730]]
[[0,0],[1,0],[266,730]]
[[0,0],[1,0],[69,730]]
[[0,0],[1,0],[196,730]]
[[0,0],[1,0],[383,730]]
[[0,0],[1,0],[687,730]]
[[0,0],[1,0],[173,730]]
[[0,0],[1,0],[123,730]]
[[0,0],[1,0],[156,730]]
[[0,0],[1,0],[421,730]]
[[0,0],[1,0],[291,730]]
[[0,0],[1,0],[166,730]]
[[0,0],[1,0],[323,730]]
[[0,0],[1,0],[21,730]]
[[0,0],[1,0],[33,730]]
[[0,0],[1,0],[41,730]]
[[0,0],[1,0],[183,730]]
[[0,0],[1,0],[206,730]]
[[0,0],[1,0],[341,730]]
[[0,0],[1,0],[153,730]]
[[0,0],[1,0],[246,730]]
[[0,0],[1,0],[261,730]]
[[0,0],[1,0],[396,730]]
[[0,0],[1,0],[366,730]]
[[0,0],[1,0],[326,730]]
