[[0,0],[1,0],[261,735]]
[[0,0],[1,0],[396,735]]
[[0,0],[1,0],[344,735]]
[[0,0],[1,0],[407,735]]
[[0,0],[1,0],[256,735]]
[[0,0],[1,0],[478,735]]
[[0,0],[1,0],[104,735]]
[[0,0],[1,0],[43,735]]
[[0,0],[1,0],[436,735]]
[[0,0],[1,0],[191,735]]
[[0,0],[1,0],[470,735]]
[[0,0],[1,0],[106,735]]
[[0,0],[1,0],[53,735]]
[[0,0],[1,0],[365,735]]
[[0,0],[1,0],[208,735]]
[[0,0],[1,0],[1,735]]
[[0,0],[1,0],[281,735]]
[[0,0],[1,0],[171,735]]
[[0,0],[7,0],[7,105]]
[[0,0],[1,0],[57,735]]
[[0,0],[1,0],[73,735]]
[[0,0],[1,0],[37,735]]
[[0,0],[1,0],[78,735]]
[[0,0],[1,0],[17,735]]
[[0,0],[1,0],[616,735]]
[[0,0],[1,0],[301,735]]
[[0,0],[1,0],[286,735]]
[[0,0],[1,0],[151,735]]
[[0,0],[1,0],[577,735]]
[[0,0],[1,0],[307,735]]
[[0,0],[1,0],[89,735]]
[[0,0],[1,0],[66,735]]
[[0,0],[1,0],[223,735]]
[[0,0],[1,0],[624,735]]
[[0,0],[1,0],[288,735]]
[[0,0],[1,0],[6,735]]
[[0,0],[1,0],[199,735]]
[[0,0],[1,0],[19,735]]
[[0,0],[1,0],[96,735]]
[[0,0],[1,0],[11,735]]
[[0,0],[1,0],[169,735]]
[[0,0],[1,0],[643,735]]
[[0,0],[1,0],[680,735]]
[[0,0],[1,0],[181,735]]
[[0,0],[1,0],[477,735]]
[[0,0],[1,0],[295,735]]
[[0,0],[1,0],[116,735]]
[[0,0],[1,0],[127,735]]
[[0,0],[1,0],[352,735]]
[[0,0],[7,0],[77,105]]
[[0,0],[1,0],[193,735]]
[[0,0],[1,0],[190,735]]
[[0,0],[1,0],[652,735]]
[[0,0],[1,0],[141,735]]
[[0,0],[1,0],[139,735]]
[[0,0],[1,0],[260,735]]
[[0,0],[1,0],[491,735]]
[[0,0],[1,0],[44,735]]
[[0,0],[1,0],[501,735]]
[[0,0],[1,0],[4,735]]
[[0,0],[1,0],[439,735]]
[[0,0],[1,0],[81,735]]
[[0,0],[1,0],[302,735]]
[[0,0],[1,0],[172,735]]
[[0,0],[1,0],[247,735]]
[[0,0],[1,0],[232,735]]
[[0,0],[1,0],[155,735]]
[[0,0],[1,0],[86,735]]
[[0,0],[1,0],[484,735]]
[[0,0],[1,0],[148,735]]
[[0,0],[1,0],[391,735]]
[[0,0],[1,0],[239,735]]
[[0,0],[1,0],[211,735]]
[[0,0],[1,0],[289,735]]
[[0,0],[1,0],[400,735]]
[[0,0],[1,0],[67,735]]
[[0,0],[1,0],[91,735]]
[[0,0],[1,0],[194,735]]
[[0,0],[1,0],[486,735]]
[[0,0],[1,0],[51,735]]
[[0,0],[3,0],[185,245]]
[[0,0],[1,0],[202,735]]
[[0,0],[1,0],[582,735]]
[[0,0],[1,0],[666,735]]
[[0,0],[1,0],[703,735]]
[[0,0],[1,0],[386,735]]
[[0,0],[1,0],[351,735]]
[[0,0],[1,0],[29,735]]
[[0,0],[1,0],[516,735]]
[[0,0],[1,0],[267,735]]
[[0,0],[1,0],[88,735]]
[[0,0],[1,0],[197,735]]
[[0,0],[1,0],[681,735]]
[[0,0],[1,0],[604,735]]
[[0,0],[1,0],[22,735]]
[[0,0],[1,0],[424,735]]
[[0,0],[1,0],[586,735]]
[[0,0],[3,0],[10,245]]
[[0,0],[1,0],[23,735]]
[[0,0],[1,0],[68,735]]
[[0,0],[1,0],[201,735]]
[[0,0],[1,0],[236,735]]
[[0,0],[1,0],[367,735]]
[[0,0],[1,0],[97,735]]
[[0,0],[1,0],[406,735]]
[[0,0],[1,0],[99,735]]
[[0,0],[1,0],[696,735]]
[[0,0],[1,0],[136,735]]
[[0,0],[1,0],[559,735]]
[[0,0],[1,0],[226,735]]
[[0,0],[1,0],[506,735]]
[[0,0],[1,0],[575,735]]
[[0,0],[1,0],[74,735]]
[[0,0],[1,0],[2,735]]
[[0,0],[1,0],[561,735]]
[[0,0],[1,0],[456,735]]
[[0,0],[1,0],[313,735]]
[[0,0],[1,0],[498,735]]
[[0,0],[1,0],[721,735]]
[[0,0],[1,0],[551,735]]
[[0,0],[1,0],[163,735]]
[[0,0],[3,0],[150,245]]
[[0,0],[1,0],[134,735]]
[[0,0],[1,0],[111,735]]
[[0,0],[1,0],[276,735]]
[[0,0],[1,0],[76,735]]
[[0,0],[1,0],[508,735]]
[[0,0],[1,0],[589,735]]
[[0,0],[3,0],[80,245]]
[[0,0],[3,0],[45,245]]
[[0,0],[1,0],[381,735]]
[[0,0],[1,0],[471,735]]
[[0,0],[1,0],[466,735]]
[[0,0],[1,0],[726,735]]
[[0,0],[1,0],[204,735]]
[[0,0],[1,0],[186,735]]
[[0,0],[1,0],[426,735]]
[[0,0],[1,0],[216,735]]
[[0,0],[1,0],[715,735]]
[[0,0],[1,0],[346,735]]
[[0,0],[7,0],[42,105]]
[[0,0],[1,0],[26,735]]
[[0,0],[1,0],[382,735]]
[[0,0],[1,0],[562,735]]
[[0,0],[1,0],[16,735]]
[[0,0],[1,0],[113,735]]
[[0,0],[1,0],[372,735]]
[[0,0],[1,0],[152,735]]
[[0,0],[1,0],[118,735]]
[[0,0],[3,0],[115,245]]
[[0,0],[1,0],[58,735]]
[[0,0],[1,0],[244,735]]
[[0,0],[1,0],[52,735]]
[[0,0],[1,0],[178,735]]
[[0,0],[1,0],[121,735]]
[[0,0],[1,0],[461,735]]
[[0,0],[1,0],[162,735]]
[[0,0],[1,0],[13,735]]
[[0,0],[3,0],[220,245]]
[[0,0],[1,0],[451,735]]
[[0,0],[1,0],[356,735]]
[[0,0],[1,0],[321,735]]
[[0,0],[1,0],[610,735]]
[[0,0],[1,0],[708,735]]
[[0,0],[1,0],[606,735]]
[[0,0],[1,0],[262,735]]
[[0,0],[1,0],[531,735]]
[[0,0],[1,0],[218,735]]
[[0,0],[1,0],[124,735]]
[[0,0],[1,0],[79,735]]
[[0,0],[1,0],[519,735]]
[[0,0],[1,0],[414,735]]
[[0,0],[1,0],[38,735]]
[[0,0],[1,0],[411,735]]
[[0,0],[1,0],[128,735]]
[[0,0],[1,0],[636,735]]
[[0,0],[1,0],[71,735]]
[[0,0],[1,0],[388,735]]
[[0,0],[1,0],[101,735]]
[[0,0],[1,0],[621,735]]
[[0,0],[1,0],[306,735]]
[[0,0],[7,0],[28,105]]
[[0,0],[1,0],[711,735]]
[[0,0],[1,0],[146,735]]
[[0,0],[1,0],[591,735]]
[[0,0],[1,0],[137,735]]
[[0,0],[1,0],[511,735]]
[[0,0],[1,0],[521,735]]
[[0,0],[1,0],[61,735]]
[[0,0],[1,0],[729,735]]
[[0,0],[1,0],[576,735]]
[[0,0],[1,0],[505,735]]
[[0,0],[1,0],[122,735]]
[[0,0],[1,0],[31,735]]
[[0,0],[1,0],[85,735]]
[[0,0],[1,0],[304,735]]
[[0,0],[1,0],[397,735]]
[[0,0],[1,0],[263,735]]
[[0,0],[1,0],[82,735]]
[[0,0],[1,0],[268,735]]
[[0,0],[1,0],[187,735]]
[[0,0],[1,0],[109,735]]
[[0,0],[1,0],[233,735]]
[[0,0],[1,0],[316,735]]
[[0,0],[1,0],[8,735]]
[[0,0],[1,0],[393,735]]
[[0,0],[1,0],[603,735]]
[[0,0],[1,0],[62,735]]
[[0,0],[1,0],[36,735]]
[[0,0],[1,0],[271,735]]
[[0,0],[1,0],[253,735]]
[[0,0],[1,0],[221,735]]
[[0,0],[1,0],[103,735]]
[[0,0],[1,0],[94,735]]
[[0,0],[1,0],[34,735]]
[[0,0],[1,0],[319,735]]
[[0,0],[1,0],[540,735]]
[[0,0],[1,0],[291,735]]
[[0,0],[1,0],[687,735]]
[[0,0],[7,0],[49,105]]
[[0,0],[1,0],[323,735]]
[[0,0],[1,0],[156,735]]
[[0,0],[1,0],[41,735]]
[[0,0],[1,0],[206,735]]
[[0,0],[1,0],[246,735]]
[[0,0],[1,0],[334,735]]
[[0,0],[1,0],[309,735]]
[[0,0],[1,0],[366,735]]
[[0,0],[1,0],[326,735]]
[[0,0],[1,0],[50,735]]
[[0,0],[1,0],[183,735]]
[[0,0],[1,0],[341,735]]
[[0,0],[7,0],[14,105]]
[[0,0],[1,0],[64,735]]
