[[0,0],[1,0],[341,736]]
[[0,0],[2,0],[114,368]]
[[0,0],[1,0],[407,736]]
[[0,0],[1,0],[109,736]]
[[0,0],[1,0],[93,736]]
[[0,0],[1,0],[37,736]]
[[0,0],[1,0],[363,736]]
[[0,0],[2,0],[50,368]]
[[0,0],[1,0],[57,736]]
[[0,0],[2,0],[142,368]]
[[0,0],[1,0],[35,736]]
[[0,0],[4,0],[44,184]]
[[0,0],[2,0],[38,368]]
[[0,0],[1,0],[147,736]]
[[0,0],[2,0],[78,368]]
[[0,0],[1,0],[251,736]]
[[0,0],[1,0],[77,736]]
[[0,0],[1,0],[689,736]]
[[0,0],[1,0],[173,736]]
[[0,0],[1,0],[153,736]]
[[0,0],[1,0],[127,736]]
[[0,0],[1,0],[439,736]]
[[0,0],[2,0],[66,368]]
[[0,0],[2,0],[146,368]]
[[0,0],[1,0],[65,736]]
[[0,0],[2,0],[198,368]]
[[0,0],[1,0],[569,736]]
[[0,0],[1,0],[247,736]]
[[0,0],[2,0],[206,368]]
[[0,0],[4,0],[180,184]]
[[0,0],[1,0],[245,736]]
[[0,0],[1,0],[11,736]]
[[0,0],[1,0],[185,736]]
[[0,0],[4,0],[96,184]]
[[0,0],[1,0],[283,736]]
[[0,0],[1,0],[465,736]]
[[0,0],[1,0],[7,736]]
[[0,0],[1,0],[135,736]]
[[0,0],[1,0],[15,736]]
[[0,0],[1,0],[43,736]]
[[0,0],[1,0],[495,736]]
[[0,0],[4,0],[28,184]]
[[0,0],[1,0],[481,736]]
[[0,0],[1,0],[19,736]]
[[0,0],[2,0],[26,368]]
[[0,0],[1,0],[215,736]]
[[0,0],[2,0],[10,368]]
[[0,0],[2,0],[194,368]]
[[0,0],[1,0],[359,736]]
[[0,0],[2,0],[30,368]]
[[0,0],[1,0],[17,736]]
[[0,0],[1,0],[139,736]]
[[0,0],[2,0],[118,368]]
[[0,0],[1,0],[327,736]]
[[0,0],[1,0],[223,736]]
[[0,0],[1,0],[117,736]]
[[0,0],[1,0],[208,736]]
[[0,0],[1,0],[281,736]]
[[0,0],[1,0],[441,736]]
[[0,0],[1,0],[273,736]]
[[0,0],[2,0],[154,368]]
[[0,0],[2,0],[90,368]]
[[0,0],[1,0],[39,736]]
[[0,0],[1,0],[131,736]]
[[0,0],[1,0],[141,736]]
[[0,0],[1,0],[365,736]]
[[0,0],[1,0],[259,736]]
[[0,0],[1,0],[581,736]]
[[0,0],[2,0],[94,368]]
[[0,0],[4,0],[36,184]]
[[0,0],[1,0],[169,736]]
[[0,0],[1,0],[305,736]]
[[0,0],[1,0],[91,736]]
[[0,0],[4,0],[60,184]]
[[0,0],[1,0],[1,736]]
[[0,0],[1,0],[301,736]]
[[0,0],[1,0],[527,736]]
[[0,0],[1,0],[145,736]]
[[0,0],[1,0],[89,736]]
[[0,0],[1,0],[199,736]]
[[0,0],[1,0],[459,736]]
[[0,0],[1,0],[449,736]]
[[0,0],[1,0],[254,736]]
[[0,0],[4,0],[68,184]]
[[0,0],[1,0],[116,736]]
[[0,0],[2,0],[106,368]]
[[0,0],[4,0],[20,184]]
[[0,0],[1,0],[239,736]]
[[0,0],[1,0],[29,736]]
[[0,0],[2,0],[98,368]]
[[0,0],[4,0],[12,184]]
[[0,0],[1,0],[59,736]]
[[0,0],[1,0],[335,736]]
[[0,0],[1,0],[161,736]]
[[0,0],[1,0],[149,736]]
[[0,0],[1,0],[387,736]]
[[0,0],[1,0],[484,736]]
[[0,0],[1,0],[355,736]]
[[0,0],[1,0],[211,736]]
[[0,0],[1,0],[347,736]]
[[0,0],[2,0],[122,368]]
[[0,0],[1,0],[81,736]]
[[0,0],[1,0],[201,736]]
[[0,0],[2,0],[278,368]]
[[0,0],[1,0],[289,736]]
[[0,0],[1,0],[361,736]]
[[0,0],[2,0],[2,368]]
[[0,0],[1,0],[177,736]]
[[0,0],[1,0],[165,736]]
[[0,0],[2,0],[48,368]]
[[0,0],[1,0],[267,736]]
[[0,0],[1,0],[99,736]]
[[0,0],[1,0],[193,736]]
[[0,0],[1,0],[231,736]]
[[0,0],[1,0],[70,736]]
[[0,0],[1,0],[133,736]]
[[0,0],[2,0],[210,368]]
[[0,0],[1,0],[585,736]]
[[0,0],[1,0],[467,736]]
[[0,0],[2,0],[14,368]]
[[0,0],[2,0],[186,368]]
[[0,0],[1,0],[507,736]]
[[0,0],[1,0],[735,736]]
[[0,0],[1,0],[9,736]]
[[0,0],[4,0],[100,184]]
[[0,0],[1,0],[561,736]]
[[0,0],[1,0],[615,736]]
[[0,0],[1,0],[159,736]]
[[0,0],[2,0],[366,368]]
[[0,0],[2,0],[274,368]]
[[0,0],[2,0],[140,368]]
[[0,0],[1,0],[367,736]]
[[0,0],[1,0],[163,736]]
[[0,0],[1,0],[105,736]]
[[0,0],[1,0],[257,736]]
[[0,0],[1,0],[313,736]]
[[0,0],[1,0],[300,736]]
[[0,0],[1,0],[351,736]]
[[0,0],[1,0],[97,736]]
[[0,0],[1,0],[530,736]]
[[0,0],[2,0],[102,368]]
[[0,0],[1,0],[25,736]]
[[0,0],[1,0],[611,736]]
[[0,0],[1,0],[55,736]]
[[0,0],[1,0],[111,736]]
[[0,0],[1,0],[668,736]]
[[0,0],[1,0],[293,736]]
[[0,0],[1,0],[51,736]]
[[0,0],[1,0],[197,736]]
[[0,0],[1,0],[415,736]]
[[0,0],[2,0],[238,368]]
[[0,0],[1,0],[279,736]]
[[0,0],[1,0],[113,736]]
[[0,0],[1,0],[399,736]]
[[0,0],[1,0],[27,736]]
[[0,0],[1,0],[429,736]]
[[0,0],[2,0],[110,368]]
[[0,0],[1,0],[3,736]]
[[0,0],[1,0],[49,736]]
[[0,0],[2,0],[34,368]]
[[0,0],[1,0],[471,736]]
[[0,0],[1,0],[235,736]]
[[0,0],[1,0],[143,736]]
[[0,0],[2,0],[6,368]]
[[0,0],[1,0],[179,736]]
[[0,0],[1,0],[411,736]]
[[0,0],[2,0],[18,368]]
[[0,0],[4,0],[4,184]]
[[0,0],[1,0],[509,736]]
[[0,0],[2,0],[294,368]]
[[0,0],[1,0],[24,736]]
[[0,0],[1,0],[303,736]]
[[0,0],[2,0],[182,368]]
[[0,0],[2,0],[232,368]]
[[0,0],[1,0],[137,736]]
[[0,0],[2,0],[22,368]]
[[0,0],[2,0],[202,368]]
[[0,0],[1,0],[195,736]]
[[0,0],[1,0],[607,736]]
[[0,0],[1,0],[413,736]]
[[0,0],[1,0],[369,736]]
[[0,0],[1,0],[511,736]]
[[0,0],[1,0],[461,736]]
[[0,0],[1,0],[5,736]]
[[0,0],[1,0],[13,736]]
[[0,0],[1,0],[243,736]]
[[0,0],[1,0],[346,736]]
[[0,0],[4,0],[52,184]]
[[0,0],[1,0],[353,736]]
[[0,0],[1,0],[107,736]]
[[0,0],[1,0],[162,736]]
[[0,0],[1,0],[101,736]]
[[0,0],[2,0],[324,368]]
[[0,0],[1,0],[63,736]]
[[0,0],[1,0],[331,736]]
[[0,0],[1,0],[317,736]]
[[0,0],[1,0],[641,736]]
[[0,0],[1,0],[565,736]]
[[0,0],[1,0],[203,736]]
[[0,0],[2,0],[286,368]]
[[0,0],[2,0],[234,368]]
[[0,0],[1,0],[393,736]]
[[0,0],[1,0],[285,736]]
[[0,0],[2,0],[42,368]]
[[0,0],[2,0],[218,368]]
[[0,0],[1,0],[47,736]]
[[0,0],[1,0],[217,736]]
[[0,0],[1,0],[237,736]]
[[0,0],[1,0],[221,736]]
[[0,0],[1,0],[438,736]]
[[0,0],[1,0],[333,736]]
[[0,0],[1,0],[319,736]]
[[0,0],[2,0],[54,368]]
[[0,0],[1,0],[392,736]]
[[0,0],[1,0],[183,736]]
[[0,0],[1,0],[309,736]]
[[0,0],[1,0],[103,736]]
[[0,0],[1,0],[157,736]]
[[0,0],[1,0],[445,736]]
[[0,0],[2,0],[86,368]]
[[0,0],[4,0],[108,184]]
[[0,0],[1,0],[87,736]]
[[0,0],[1,0],[487,736]]
[[0,0],[2,0],[58,368]]
[[0,0],[1,0],[85,736]]
[[0,0],[1,0],[119,736]]
[[0,0],[1,0],[189,736]]
[[0,0],[1,0],[61,736]]
[[0,0],[1,0],[622,736]]
[[0,0],[1,0],[71,736]]
[[0,0],[1,0],[83,736]]
[[0,0],[1,0],[31,736]]
[[0,0],[2,0],[70,368]]
[[0,0],[2,0],[126,368]]
[[0,0],[1,0],[79,736]]
[[0,0],[1,0],[421,736]]
[[0,0],[1,0],[187,736]]
[[0,0],[1,0],[425,736]]
[[0,0],[1,0],[555,736]]
[[0,0],[1,0],[213,736]]
[[0,0],[1,0],[53,736]]
[[0,0],[1,0],[321,736]]
[[0,0],[2,0],[178,368]]
[[0,0],[1,0],[75,736]]
[[0,0],[1,0],[191,736]]
[[0,0],[1,0],[233,736]]
[[0,0],[1,0],[714,736]]
[[0,0],[1,0],[263,736]]
[[0,0],[1,0],[379,736]]
[[0,0],[1,0],[73,736]]
[[0,0],[1,0],[33,736]]
[[0,0],[2,0],[62,368]]
[[0,0],[1,0],[123,736]]
[[0,0],[1,0],[45,736]]
[[0,0],[1,0],[475,736]]
[[0,0],[1,0],[205,736]]
[[0,0],[1,0],[669,736]]
[[0,0],[1,0],[219,736]]
[[0,0],[1,0],[339,736]]
[[0,0],[1,0],[21,736]]
[[0,0],[1,0],[41,736]]
