[[0,0],[1,0],[57,739]]
[[0,0],[1,0],[43,739]]
[[0,0],[1,0],[32,739]]
[[0,0],[1,0],[107,739]]
[[0,0],[1,0],[23,739]]
[[0,0],[1,0],[47,739]]
[[0,0],[1,0],[4,739]]
[[0,0],[1,0],[63,739]]
[[0,0],[1,0],[142,739]]
[[0,0],[1,0],[14,739]]
[[0,0],[1,0],[237,739]]
[[0,0],[1,0],[62,739]]
[[0,0],[1,0],[102,739]]
[[0,0],[1,0],[34,739]]
[[0,0],[1,0],[17,739]]
[[0,0],[1,0],[109,739]]
[[0,0],[1,0],[103,739]]
[[0,0],[1,0],[33,739]]
[[0,0],[1,0],[60,739]]
[[0,0],[1,0],[28,739]]
[[0,0],[1,0],[5,739]]
[[0,0],[1,0],[108,739]]
[[0,0],[1,0],[206,739]]
[[0,0],[1,0],[129,739]]
[[0,0],[1,0],[2,739]]
[[0,0],[1,0],[165,739]]
[[0,0],[1,0],[174,739]]
[[0,0],[1,0],[73,739]]
[[0,0],[1,0],[59,739]]
[[0,0],[1,0],[8,739]]
[[0,0],[1,0],[162,739]]
[[0,0],[1,0],[80,739]]
[[0,0],[1,0],[58,739]]
[[0,0],[1,0],[321,739]]
[[0,0],[1,0],[45,739]]
[[0,0],[1,0],[94,739]]
[[0,0],[1,0],[225,739]]
[[0,0],[1,0],[13,739]]
[[0,0],[1,0],[65,739]]
[[0,0],[1,0],[224,739]]
[[0,0],[1,0],[101,739]]
[[0,0],[1,0],[141,739]]
[[0,0],[1,0],[69,739]]
[[0,0],[1,0],[27,739]]
[[0,0],[1,0],[29,739]]
[[0,0],[1,0],[31,739]]
[[0,0],[1,0],[86,739]]
[[0,0],[1,0],[46,739]]
[[0,0],[1,0],[193,739]]
[[0,0],[1,0],[223,739]]
[[0,0],[1,0],[116,739]]
[[0,0],[1,0],[118,739]]
[[0,0],[1,0],[146,739]]
[[0,0],[1,0],[99,739]]
[[0,0],[1,0],[111,739]]
[[0,0],[1,0],[192,739]]
[[0,0],[1,0],[297,739]]
[[0,0],[1,0],[126,739]]
[[0,0],[1,0],[145,739]]
[[0,0],[1,0],[7,739]]
[[0,0],[1,0],[71,739]]
[[0,0],[1,0],[125,739]]
[[0,0],[1,0],[10,739]]
[[0,0],[1,0],[30,739]]
[[0,0],[1,0],[19,739]]
[[0,0],[1,0],[24,739]]
[[0,0],[1,0],[61,739]]
[[0,0],[1,0],[9,739]]
[[0,0],[1,0],[1,739]]
[[0,0],[1,0],[97,739]]
[[0,0],[1,0],[117,739]]
[[0,0],[1,0],[207,739]]
[[0,0],[1,0],[122,739]]
[[0,0],[1,0],[137,739]]
[[0,0],[1,0],[16,739]]
[[0,0],[1,0],[56,739]]
[[0,0],[1,0],[50,739]]
[[0,0],[1,0],[40,739]]
[[0,0],[1,0],[106,739]]
[[0,0],[1,0],[12,739]]
[[0,0],[1,0],[68,739]]
[[0,0],[1,0],[115,739]]
[[0,0],[1,0],[147,739]]
[[0,0],[1,0],[139,739]]
[[0,0],[1,0],[64,739]]
[[0,0],[1,0],[90,739]]
[[0,0],[1,0],[54,739]]
[[0,0],[1,0],[53,739]]
[[0,0],[1,0],[151,739]]
[[0,0],[1,0],[91,739]]
[[0,0],[1,0],[100,739]]
[[0,0],[1,0],[3,739]]
[[0,0],[1,0],[26,739]]
[[0,0],[1,0],[208,739]]
[[0,0],[1,0],[138,739]]
[[0,0],[1,0],[48,739]]
[[0,0],[1,0],[140,739]]
[[0,0],[1,0],[55,739]]
[[0,0],[1,0],[70,739]]
[[0,0],[1,0],[76,739]]
[[0,0],[1,0],[39,739]]
[[0,0],[1,0],[248,739]]
[[0,0],[1,0],[18,739]]
[[0,0],[1,0],[79,739]]
[[0,0],[1,0],[170,739]]
[[0,0],[1,0],[72,739]]
[[0,0],[1,0],[104,739]]
[[0,0],[1,0],[25,739]]
[[0,0],[1,0],[93,739]]
[[0,0],[1,0],[110,739]]
[[0,0],[1,0],[36,739]]
[[0,0],[1,0],[105,739]]
[[0,0],[1,0],[15,739]]
[[0,0],[1,0],[236,739]]
[[0,0],[1,0],[35,739]]
[[0,0],[1,0],[92,739]]
[[0,0],[1,0],[22,739]]
[[0,0],[1,0],[11,739]]
[[0,0],[1,0],[21,739]]
[[0,0],[1,0],[44,739]]
[[0,0],[1,0],[20,739]]
[[0,0],[1,0],[98,739]]
[[0,0],[1,0],[114,739]]
[[0,0],[1,0],[49,739]]
[[0,0],[1,0],[6,739]]
