[[0,0],[1,0],[46,745]]
[[0,0],[1,0],[241,745]]
[[0,0],[1,0],[219,745]]
[[0,0],[1,0],[21,745]]
[[0,0],[1,0],[41,745]]
[[0,0],[1,0],[92,745]]
[[0,0],[1,0],[376,745]]
[[0,0],[1,0],[37,745]]
[[0,0],[1,0],[311,745]]
[[0,0],[1,0],[147,745]]
[[0,0],[1,0],[64,745]]
[[0,0],[1,0],[57,745]]
[[0,0],[1,0],[181,745]]
[[0,0],[1,0],[96,745]]
[[0,0],[1,0],[256,745]]
[[0,0],[1,0],[206,745]]
[[0,0],[1,0],[251,745]]
[[0,0],[1,0],[261,745]]
[[0,0],[1,0],[501,745]]
[[0,0],[1,0],[4,745]]
[[0,0],[1,0],[108,745]]
[[0,0],[1,0],[19,745]]
[[0,0],[1,0],[151,745]]
[[0,0],[1,0],[17,745]]
[[0,0],[1,0],[11,745]]
[[0,0],[1,0],[106,745]]
[[0,0],[1,0],[7,745]]
[[0,0],[1,0],[43,745]]
[[0,0],[1,0],[104,745]]
[[0,0],[1,0],[141,745]]
[[0,0],[1,0],[117,745]]
[[0,0],[1,0],[44,745]]
[[0,0],[1,0],[1,745]]
[[0,0],[1,0],[301,745]]
[[0,0],[1,0],[441,745]]
[[0,0],[1,0],[281,745]]
[[0,0],[1,0],[39,745]]
[[0,0],[1,0],[78,745]]
[[0,0],[1,0],[581,745]]
[[0,0],[1,0],[91,745]]
[[0,0],[1,0],[148,745]]
[[0,0],[1,0],[89,745]]
[[0,0],[1,0],[150,745]]
[[0,0],[1,0],[12,745]]
[[0,0],[1,0],[6,745]]
[[0,0],[1,0],[29,745]]
[[0,0],[1,0],[161,745]]
[[0,0],[1,0],[182,745]]
[[0,0],[1,0],[211,745]]
[[0,0],[1,0],[116,745]]
[[0,0],[1,0],[176,745]]
[[0,0],[1,0],[202,745]]
[[0,0],[1,0],[22,745]]
[[0,0],[1,0],[68,745]]
[[0,0],[1,0],[59,745]]
[[0,0],[1,0],[177,745]]
[[0,0],[1,0],[406,745]]
[[0,0],[1,0],[201,745]]
[[0,0],[1,0],[2,745]]
[[0,0],[1,0],[229,745]]
[[0,0],[1,0],[491,745]]
[[0,0],[1,0],[361,745]]
[[0,0],[1,0],[231,745]]
[[0,0],[1,0],[67,745]]
[[0,0],[1,0],[42,745]]
[[0,0],[1,0],[9,745]]
[[0,0],[1,0],[541,745]]
[[0,0],[1,0],[257,745]]
[[0,0],[1,0],[74,745]]
[[0,0],[1,0],[351,745]]
[[0,0],[1,0],[97,745]]
[[0,0],[1,0],[186,745]]
[[0,0],[1,0],[174,745]]
[[0,0],[1,0],[111,745]]
[[0,0],[1,0],[23,745]]
[[0,0],[1,0],[88,745]]
[[0,0],[1,0],[276,745]]
[[0,0],[1,0],[84,745]]
[[0,0],[1,0],[51,745]]
[[0,0],[1,0],[226,745]]
[[0,0],[1,0],[58,745]]
[[0,0],[1,0],[601,745]]
[[0,0],[1,0],[113,745]]
[[0,0],[1,0],[416,745]]
[[0,0],[1,0],[3,745]]
[[0,0],[1,0],[48,745]]
[[0,0],[1,0],[49,745]]
[[0,0],[1,0],[143,745]]
[[0,0],[1,0],[27,745]]
[[0,0],[1,0],[56,745]]
[[0,0],[1,0],[606,745]]
[[0,0],[1,0],[24,745]]
[[0,0],[1,0],[381,745]]
[[0,0],[1,0],[411,745]]
[[0,0],[1,0],[28,745]]
[[0,0],[1,0],[13,745]]
[[0,0],[1,0],[346,745]]
[[0,0],[1,0],[566,745]]
[[0,0],[1,0],[299,745]]
[[0,0],[1,0],[26,745]]
[[0,0],[1,0],[216,745]]
[[0,0],[1,0],[121,745]]
[[0,0],[1,0],[122,745]]
[[0,0],[1,0],[274,745]]
[[0,0],[1,0],[76,745]]
[[0,0],[1,0],[129,745]]
[[0,0],[1,0],[371,745]]
[[0,0],[1,0],[142,745]]
[[0,0],[1,0],[531,745]]
[[0,0],[1,0],[38,745]]
[[0,0],[1,0],[118,745]]
[[0,0],[1,0],[107,745]]
[[0,0],[1,0],[146,745]]
[[0,0],[1,0],[101,745]]
[[0,0],[1,0],[331,745]]
[[0,0],[1,0],[47,745]]
[[0,0],[1,0],[198,745]]
[[0,0],[1,0],[126,745]]
[[0,0],[1,0],[203,745]]
[[0,0],[1,0],[221,745]]
[[0,0],[1,0],[448,745]]
[[0,0],[1,0],[196,745]]
[[0,0],[1,0],[18,745]]
[[0,0],[1,0],[16,745]]
[[0,0],[1,0],[157,745]]
[[0,0],[1,0],[446,745]]
[[0,0],[1,0],[291,745]]
[[0,0],[1,0],[156,745]]
[[0,0],[1,0],[14,745]]
[[0,0],[1,0],[103,745]]
[[0,0],[1,0],[61,745]]
[[0,0],[1,0],[8,745]]
[[0,0],[1,0],[31,745]]
[[0,0],[1,0],[83,745]]
[[0,0],[1,0],[114,745]]
[[0,0],[1,0],[266,745]]
[[0,0],[1,0],[262,745]]
[[0,0],[1,0],[676,745]]
[[0,0],[1,0],[119,745]]
[[0,0],[1,0],[191,745]]
[[0,0],[1,0],[166,745]]
[[0,0],[1,0],[316,745]]
[[0,0],[1,0],[296,745]]
[[0,0],[1,0],[33,745]]
[[0,0],[1,0],[36,745]]
[[0,0],[1,0],[366,745]]
[[0,0],[1,0],[34,745]]
[[0,0],[1,0],[73,745]]
[[0,0],[1,0],[123,745]]
[[0,0],[1,0],[54,745]]
[[0,0],[1,0],[66,745]]
[[0,0],[1,0],[112,745]]
