[[0,0],[1,0],[219,748]]
[[0,0],[1,0],[109,748]]
[[0,0],[1,0],[93,748]]
[[0,0],[1,0],[41,748]]
[[0,0],[1,0],[35,748]]
[[0,0],[2,0],[24,374]]
[[0,0],[1,0],[271,748]]
[[0,0],[2,0],[172,374]]
[[0,0],[1,0],[21,748]]
[[0,0],[1,0],[619,748]]
[[0,0],[1,0],[167,748]]
[[0,0],[1,0],[341,748]]
[[0,0],[1,0],[147,748]]
[[0,0],[1,0],[57,748]]
[[0,0],[1,0],[596,748]]
[[0,0],[1,0],[37,748]]
[[0,0],[1,0],[256,748]]
[[0,0],[2,0],[46,374]]
[[0,0],[1,0],[595,748]]
[[0,0],[1,0],[515,748]]
[[0,0],[1,0],[653,748]]
[[0,0],[2,0],[38,374]]
[[0,0],[1,0],[69,748]]
[[0,0],[1,0],[181,748]]
[[0,0],[1,0],[173,748]]
[[0,0],[1,0],[65,748]]
[[0,0],[1,0],[127,748]]
[[0,0],[1,0],[251,748]]
[[0,0],[1,0],[324,748]]
[[0,0],[1,0],[373,748]]
[[0,0],[2,0],[222,374]]
[[0,0],[1,0],[19,748]]
[[0,0],[1,0],[261,748]]
[[0,0],[1,0],[15,748]]
[[0,0],[1,0],[537,748]]
[[0,0],[2,0],[26,374]]
[[0,0],[2,0],[10,374]]
[[0,0],[1,0],[283,748]]
[[0,0],[1,0],[151,748]]
[[0,0],[1,0],[247,748]]
[[0,0],[1,0],[245,748]]
[[0,0],[1,0],[265,748]]
[[0,0],[2,0],[16,374]]
[[0,0],[1,0],[43,748]]
[[0,0],[2,0],[8,374]]
[[0,0],[1,0],[738,748]]
[[0,0],[1,0],[131,748]]
[[0,0],[1,0],[223,748]]
[[0,0],[1,0],[430,748]]
[[0,0],[2,0],[30,374]]
[[0,0],[1,0],[7,748]]
[[0,0],[1,0],[259,748]]
[[0,0],[1,0],[135,748]]
[[0,0],[1,0],[563,748]]
[[0,0],[4,0],[55,187]]
[[0,0],[1,0],[86,748]]
[[0,0],[2,0],[90,374]]
[[0,0],[1,0],[175,748]]
[[0,0],[1,0],[139,748]]
[[0,0],[1,0],[359,748]]
[[0,0],[1,0],[141,748]]
[[0,0],[1,0],[365,748]]
[[0,0],[1,0],[305,748]]
[[0,0],[1,0],[1,748]]
[[0,0],[1,0],[364,748]]
[[0,0],[1,0],[441,748]]
[[0,0],[1,0],[144,748]]
[[0,0],[1,0],[145,748]]
[[0,0],[1,0],[78,748]]
[[0,0],[1,0],[431,748]]
[[0,0],[1,0],[452,748]]
[[0,0],[2,0],[20,374]]
[[0,0],[1,0],[117,748]]
[[0,0],[1,0],[343,748]]
[[0,0],[1,0],[675,748]]
[[0,0],[1,0],[301,748]]
[[0,0],[1,0],[643,748]]
[[0,0],[1,0],[39,748]]
[[0,0],[1,0],[169,748]]
[[0,0],[2,0],[32,374]]
[[0,0],[1,0],[91,748]]
[[0,0],[1,0],[533,748]]
[[0,0],[1,0],[307,748]]
[[0,0],[1,0],[433,748]]
[[0,0],[1,0],[188,748]]
[[0,0],[1,0],[577,748]]
[[0,0],[1,0],[89,748]]
[[0,0],[1,0],[435,748]]
[[0,0],[2,0],[36,374]]
[[0,0],[1,0],[199,748]]
[[0,0],[1,0],[161,748]]
[[0,0],[1,0],[386,748]]
[[0,0],[1,0],[254,748]]
[[0,0],[1,0],[12,748]]
[[0,0],[1,0],[239,748]]
[[0,0],[1,0],[29,748]]
[[0,0],[1,0],[81,748]]
[[0,0],[1,0],[437,748]]
[[0,0],[2,0],[40,374]]
[[0,0],[2,0],[28,374]]
[[0,0],[1,0],[59,748]]
[[0,0],[1,0],[177,748]]
[[0,0],[2,0],[2,374]]
[[0,0],[1,0],[347,748]]
[[0,0],[1,0],[201,748]]
[[0,0],[1,0],[193,748]]
[[0,0],[1,0],[149,748]]
[[0,0],[1,0],[361,748]]
[[0,0],[1,0],[467,748]]
[[0,0],[1,0],[267,748]]
[[0,0],[2,0],[48,374]]
[[0,0],[1,0],[125,748]]
[[0,0],[1,0],[67,748]]
[[0,0],[1,0],[163,748]]
[[0,0],[1,0],[417,748]]
[[0,0],[2,0],[14,374]]
[[0,0],[2,0],[84,374]]
[[0,0],[1,0],[159,748]]
[[0,0],[1,0],[9,748]]
[[0,0],[1,0],[257,748]]
[[0,0],[1,0],[232,748]]
[[0,0],[2,0],[134,374]]
[[0,0],[1,0],[225,748]]
[[0,0],[1,0],[97,748]]
[[0,0],[1,0],[423,748]]
[[0,0],[1,0],[453,748]]
[[0,0],[1,0],[541,748]]
[[0,0],[1,0],[650,748]]
[[0,0],[1,0],[698,748]]
[[0,0],[1,0],[615,748]]
[[0,0],[1,0],[351,748]]
[[0,0],[1,0],[277,748]]
[[0,0],[1,0],[460,748]]
[[0,0],[1,0],[681,748]]
[[0,0],[1,0],[25,748]]
[[0,0],[1,0],[342,748]]
[[0,0],[1,0],[287,748]]
[[0,0],[1,0],[111,748]]
[[0,0],[1,0],[23,748]]
[[0,0],[1,0],[584,748]]
[[0,0],[1,0],[276,748]]
[[0,0],[1,0],[290,748]]
[[0,0],[1,0],[113,748]]
[[0,0],[1,0],[337,748]]
[[0,0],[1,0],[415,748]]
[[0,0],[1,0],[395,748]]
[[0,0],[1,0],[3,748]]
[[0,0],[1,0],[49,748]]
[[0,0],[1,0],[409,748]]
[[0,0],[1,0],[227,748]]
[[0,0],[1,0],[269,748]]
[[0,0],[2,0],[200,374]]
[[0,0],[1,0],[485,748]]
[[0,0],[1,0],[179,748]]
[[0,0],[1,0],[197,748]]
[[0,0],[1,0],[27,748]]
[[0,0],[1,0],[715,748]]
[[0,0],[1,0],[56,748]]
[[0,0],[1,0],[279,748]]
[[0,0],[1,0],[606,748]]
[[0,0],[1,0],[630,748]]
[[0,0],[1,0],[349,748]]
[[0,0],[2,0],[18,374]]
[[0,0],[2,0],[4,374]]
[[0,0],[1,0],[747,748]]
[[0,0],[2,0],[6,374]]
[[0,0],[1,0],[235,748]]
[[0,0],[1,0],[358,748]]
[[0,0],[1,0],[195,748]]
[[0,0],[1,0],[369,748]]
[[0,0],[1,0],[518,748]]
[[0,0],[2,0],[12,374]]
[[0,0],[1,0],[381,748]]
[[0,0],[1,0],[661,748]]
[[0,0],[1,0],[413,748]]
[[0,0],[1,0],[243,748]]
[[0,0],[1,0],[593,748]]
[[0,0],[1,0],[299,748]]
[[0,0],[1,0],[511,748]]
[[0,0],[1,0],[137,748]]
[[0,0],[1,0],[13,748]]
[[0,0],[2,0],[308,374]]
[[0,0],[1,0],[672,748]]
[[0,0],[1,0],[494,748]]
[[0,0],[1,0],[371,748]]
[[0,0],[1,0],[122,748]]
[[0,0],[1,0],[641,748]]
[[0,0],[2,0],[92,374]]
[[0,0],[2,0],[121,374]]
[[0,0],[1,0],[63,748]]
[[0,0],[1,0],[419,748]]
[[0,0],[1,0],[5,748]]
[[0,0],[1,0],[426,748]]
[[0,0],[1,0],[474,748]]
[[0,0],[2,0],[42,374]]
[[0,0],[1,0],[203,748]]
[[0,0],[1,0],[101,748]]
[[0,0],[1,0],[47,748]]
[[0,0],[1,0],[393,748]]
[[0,0],[1,0],[375,748]]
[[0,0],[1,0],[562,748]]
[[0,0],[1,0],[221,748]]
[[0,0],[1,0],[392,748]]
[[0,0],[1,0],[217,748]]
[[0,0],[2,0],[112,374]]
[[0,0],[1,0],[540,748]]
[[0,0],[1,0],[120,748]]
[[0,0],[1,0],[291,748]]
[[0,0],[2,0],[54,374]]
[[0,0],[1,0],[115,748]]
[[0,0],[1,0],[18,748]]
[[0,0],[1,0],[664,748]]
[[0,0],[1,0],[496,748]]
[[0,0],[1,0],[52,748]]
[[0,0],[1,0],[445,748]]
[[0,0],[1,0],[463,748]]
[[0,0],[2,0],[76,374]]
[[0,0],[1,0],[732,748]]
[[0,0],[2,0],[86,374]]
[[0,0],[1,0],[83,748]]
[[0,0],[1,0],[183,748]]
[[0,0],[1,0],[309,748]]
[[0,0],[1,0],[189,748]]
[[0,0],[1,0],[103,748]]
[[0,0],[1,0],[61,748]]
[[0,0],[1,0],[31,748]]
[[0,0],[1,0],[557,748]]
[[0,0],[1,0],[321,748]]
[[0,0],[1,0],[79,748]]
[[0,0],[1,0],[519,748]]
[[0,0],[2,0],[70,374]]
[[0,0],[2,0],[178,374]]
[[0,0],[1,0],[628,748]]
[[0,0],[1,0],[166,748]]
[[0,0],[1,0],[222,748]]
[[0,0],[1,0],[403,748]]
[[0,0],[1,0],[455,748]]
[[0,0],[1,0],[71,748]]
[[0,0],[1,0],[694,748]]
[[0,0],[1,0],[320,748]]
[[0,0],[1,0],[100,748]]
[[0,0],[1,0],[210,748]]
[[0,0],[1,0],[591,748]]
[[0,0],[1,0],[75,748]]
[[0,0],[1,0],[421,748]]
[[0,0],[1,0],[298,748]]
[[0,0],[1,0],[213,748]]
[[0,0],[2,0],[138,374]]
[[0,0],[1,0],[53,748]]
[[0,0],[2,0],[60,374]]
[[0,0],[1,0],[45,748]]
[[0,0],[1,0],[205,748]]
[[0,0],[2,0],[240,374]]
[[0,0],[1,0],[716,748]]
[[0,0],[1,0],[123,748]]
[[0,0],[1,0],[475,748]]
[[0,0],[1,0],[249,748]]
[[0,0],[1,0],[241,748]]
