[[0,0],[1,0],[88,750]]
[[0,0],[1,0],[748,750]]
[[0,0],[1,0],[82,750]]
[[0,0],[1,0],[593,750]]
[[0,0],[1,0],[145,750]]
[[0,0],[1,0],[37,750]]
[[0,0],[1,0],[208,750]]
[[0,0],[1,0],[592,750]]
[[0,0],[1,0],[562,750]]
[[0,0],[1,0],[209,750]]
[[0,0],[1,0],[76,750]]
[[0,0],[1,0],[292,750]]
[[0,0],[1,0],[527,750]]
[[0,0],[1,0],[505,750]]
[[0,0],[1,0],[85,750]]
[[0,0],[1,0],[229,750]]
[[0,0],[1,0],[351,750]]
[[0,0],[1,0],[556,750]]
[[0,0],[5,0],[110,150]]
[[0,0],[1,0],[461,750]]
[[0,0],[1,0],[126,750]]
[[0,0],[1,0],[726,750]]
[[0,0],[1,0],[49,750]]
[[0,0],[1,0],[472,750]]
[[0,0],[2,0],[207,375]]
[[0,0],[1,0],[86,750]]
[[0,0],[1,0],[277,750]]
[[0,0],[1,0],[478,750]]
[[0,0],[1,0],[4,750]]
[[0,0],[1,0],[97,750]]
[[0,0],[1,0],[217,750]]
[[0,0],[1,0],[286,750]]
[[0,0],[1,0],[256,750]]
[[0,0],[1,0],[71,750]]
[[0,0],[1,0],[466,750]]
[[0,0],[1,0],[535,750]]
[[0,0],[1,0],[139,750]]
[[0,0],[1,0],[262,750]]
[[0,0],[1,0],[287,750]]
[[0,0],[1,0],[106,750]]
[[0,0],[2,0],[102,375]]
[[0,0],[1,0],[295,750]]
[[0,0],[2,0],[282,375]]
[[0,0],[1,0],[247,750]]
[[0,0],[1,0],[47,750]]
[[0,0],[5,0],[85,150]]
[[0,0],[1,0],[241,750]]
[[0,0],[1,0],[142,750]]
[[0,0],[1,0],[716,750]]
[[0,0],[2,0],[42,375]]
[[0,0],[1,0],[151,750]]
[[0,0],[1,0],[193,750]]
[[0,0],[1,0],[424,750]]
[[0,0],[1,0],[16,750]]
[[0,0],[2,0],[237,375]]
[[0,0],[5,0],[140,150]]
[[0,0],[2,0],[162,375]]
[[0,0],[1,0],[201,750]]
[[0,0],[1,0],[154,750]]
[[0,0],[1,0],[568,750]]
[[0,0],[1,0],[476,750]]
[[0,0],[1,0],[131,750]]
[[0,0],[1,0],[239,750]]
[[0,0],[1,0],[536,750]]
[[0,0],[1,0],[682,750]]
[[0,0],[1,0],[112,750]]
[[0,0],[1,0],[205,750]]
[[0,0],[1,0],[411,750]]
[[0,0],[10,0],[60,75]]
[[0,0],[1,0],[103,750]]
[[0,0],[1,0],[676,750]]
[[0,0],[2,0],[312,375]]
[[0,0],[1,0],[31,750]]
[[0,0],[1,0],[59,750]]
[[0,0],[1,0],[628,750]]
[[0,0],[1,0],[544,750]]
[[0,0],[1,0],[143,750]]
[[0,0],[1,0],[299,750]]
[[0,0],[1,0],[137,750]]
[[0,0],[1,0],[281,750]]
[[0,0],[1,0],[499,750]]
[[0,0],[1,0],[26,750]]
[[0,0],[2,0],[297,375]]
[[0,0],[1,0],[13,750]]
[[0,0],[1,0],[149,750]]
[[0,0],[1,0],[574,750]]
[[0,0],[1,0],[441,750]]
[[0,0],[1,0],[621,750]]
[[0,0],[1,0],[101,750]]
[[0,0],[1,0],[749,750]]
[[0,0],[1,0],[596,750]]
[[0,0],[1,0],[454,750]]
[[0,0],[1,0],[214,750]]
[[0,0],[1,0],[118,750]]
[[0,0],[1,0],[179,750]]
[[0,0],[1,0],[53,750]]
[[0,0],[2,0],[57,375]]
[[0,0],[5,0],[55,150]]
[[0,0],[1,0],[686,750]]
[[0,0],[1,0],[385,750]]
[[0,0],[1,0],[514,750]]
[[0,0],[1,0],[591,750]]
[[0,0],[1,0],[233,750]]
[[0,0],[1,0],[421,750]]
[[0,0],[1,0],[73,750]]
[[0,0],[1,0],[439,750]]
[[0,0],[1,0],[317,750]]
[[0,0],[1,0],[442,750]]
[[0,0],[1,0],[364,750]]
[[0,0],[1,0],[29,750]]
[[0,0],[2,0],[177,375]]
[[0,0],[1,0],[418,750]]
[[0,0],[1,0],[161,750]]
[[0,0],[1,0],[41,750]]
[[0,0],[1,0],[493,750]]
[[0,0],[2,0],[12,375]]
[[0,0],[1,0],[22,750]]
[[0,0],[1,0],[491,750]]
[[0,0],[1,0],[58,750]]
[[0,0],[1,0],[367,750]]
[[0,0],[1,0],[508,750]]
[[0,0],[1,0],[576,750]]
[[0,0],[1,0],[253,750]]
[[0,0],[1,0],[19,750]]
[[0,0],[1,0],[671,750]]
[[0,0],[1,0],[681,750]]
[[0,0],[1,0],[17,750]]
[[0,0],[1,0],[376,750]]
[[0,0],[1,0],[724,750]]
[[0,0],[1,0],[64,750]]
[[0,0],[1,0],[61,750]]
[[0,0],[1,0],[397,750]]
[[0,0],[1,0],[531,750]]
[[0,0],[1,0],[171,750]]
[[0,0],[1,0],[127,750]]
[[0,0],[1,0],[268,750]]
[[0,0],[5,0],[130,150]]
[[0,0],[1,0],[685,750]]
[[0,0],[5,0],[125,150]]
[[0,0],[1,0],[664,750]]
[[0,0],[1,0],[688,750]]
[[0,0],[1,0],[326,750]]
[[0,0],[1,0],[586,750]]
[[0,0],[1,0],[506,750]]
[[0,0],[1,0],[658,750]]
[[0,0],[1,0],[343,750]]
[[0,0],[1,0],[316,750]]
[[0,0],[1,0],[227,750]]
[[0,0],[1,0],[244,750]]
[[0,0],[1,0],[746,750]]
[[0,0],[1,0],[347,750]]
[[0,0],[1,0],[21,750]]
[[0,0],[1,0],[634,750]]
[[0,0],[1,0],[652,750]]
[[0,0],[1,0],[107,750]]
[[0,0],[1,0],[23,750]]
[[0,0],[5,0],[5,150]]
[[0,0],[1,0],[358,750]]
[[0,0],[1,0],[221,750]]
[[0,0],[1,0],[109,750]]
[[0,0],[1,0],[337,750]]
[[0,0],[1,0],[604,750]]
[[0,0],[1,0],[346,750]]
[[0,0],[1,0],[169,750]]
[[0,0],[1,0],[446,750]]
[[0,0],[1,0],[328,750]]
[[0,0],[1,0],[51,750]]
[[0,0],[1,0],[427,750]]
[[0,0],[1,0],[426,750]]
[[0,0],[1,0],[526,750]]
[[0,0],[1,0],[559,750]]
[[0,0],[1,0],[43,750]]
[[0,0],[1,0],[184,750]]
[[0,0],[1,0],[436,750]]
[[0,0],[1,0],[409,750]]
[[0,0],[1,0],[271,750]]
[[0,0],[1,0],[298,750]]
[[0,0],[1,0],[394,750]]
[[0,0],[1,0],[283,750]]
[[0,0],[1,0],[496,750]]
[[0,0],[1,0],[349,750]]
[[0,0],[1,0],[655,750]]
[[0,0],[1,0],[406,750]]
[[0,0],[2,0],[147,375]]
[[0,0],[1,0],[502,750]]
[[0,0],[1,0],[718,750]]
[[0,0],[1,0],[598,750]]
[[0,0],[1,0],[226,750]]
[[0,0],[1,0],[415,750]]
[[0,0],[1,0],[172,750]]
[[0,0],[1,0],[538,750]]
[[0,0],[5,0],[35,150]]
[[0,0],[1,0],[1,750]]
[[0,0],[2,0],[267,375]]
[[0,0],[1,0],[81,750]]
[[0,0],[2,0],[372,375]]
[[0,0],[1,0],[167,750]]
[[0,0],[2,0],[357,375]]
[[0,0],[1,0],[235,750]]
[[0,0],[1,0],[232,750]]
[[0,0],[1,0],[231,750]]
[[0,0],[1,0],[416,750]]
[[0,0],[1,0],[437,750]]
[[0,0],[1,0],[202,750]]
[[0,0],[1,0],[355,750]]
[[0,0],[1,0],[445,750]]
[[0,0],[1,0],[711,750]]
[[0,0],[1,0],[661,750]]
[[0,0],[1,0],[133,750]]
[[0,0],[1,0],[389,750]]
[[0,0],[1,0],[163,750]]
[[0,0],[1,0],[565,750]]
[[0,0],[1,0],[561,750]]
[[0,0],[1,0],[56,750]]
[[0,0],[1,0],[196,750]]
[[0,0],[2,0],[27,375]]
[[0,0],[1,0],[386,750]]
[[0,0],[1,0],[91,750]]
[[0,0],[1,0],[52,750]]
[[0,0],[1,0],[251,750]]
[[0,0],[1,0],[197,750]]
[[0,0],[1,0],[77,750]]
[[0,0],[1,0],[276,750]]
[[0,0],[1,0],[694,750]]
[[0,0],[1,0],[28,750]]
[[0,0],[2,0],[132,375]]
[[0,0],[5,0],[105,150]]
[[0,0],[1,0],[265,750]]
[[0,0],[1,0],[176,750]]
[[0,0],[1,0],[94,750]]
[[0,0],[1,0],[382,750]]
[[0,0],[1,0],[715,750]]
[[0,0],[1,0],[46,750]]
[[0,0],[1,0],[203,750]]
[[0,0],[2,0],[327,375]]
[[0,0],[1,0],[651,750]]
[[0,0],[1,0],[532,750]]
[[0,0],[1,0],[745,750]]
[[0,0],[2,0],[252,375]]
[[0,0],[1,0],[238,750]]
[[0,0],[1,0],[319,750]]
[[0,0],[1,0],[322,750]]
[[0,0],[5,0],[95,150]]
[[0,0],[1,0],[67,750]]
[[0,0],[1,0],[356,750]]
[[0,0],[5,0],[20,150]]
[[0,0],[1,0],[566,750]]
[[0,0],[1,0],[304,750]]
[[0,0],[1,0],[736,750]]
[[0,0],[1,0],[146,750]]
[[0,0],[1,0],[136,750]]
[[0,0],[1,0],[388,750]]
[[0,0],[1,0],[274,750]]
[[0,0],[1,0],[656,750]]
[[0,0],[1,0],[116,750]]
[[0,0],[5,0],[145,150]]
[[0,0],[1,0],[616,750]]
[[0,0],[1,0],[595,750]]
[[0,0],[1,0],[124,750]]
[[0,0],[1,0],[293,750]]
[[0,0],[1,0],[148,750]]
[[0,0],[1,0],[501,750]]
[[0,0],[1,0],[646,750]]
[[0,0],[1,0],[55,750]]
[[0,0],[1,0],[381,750]]
[[0,0],[1,0],[181,750]]
[[0,0],[1,0],[471,750]]
[[0,0],[1,0],[706,750]]
[[0,0],[5,0],[80,150]]
[[0,0],[1,0],[443,750]]
[[0,0],[1,0],[626,750]]
[[0,0],[1,0],[291,750]]
[[0,0],[1,0],[484,750]]
[[0,0],[1,0],[266,750]]
[[0,0],[1,0],[377,750]]
[[0,0],[1,0],[7,750]]
[[0,0],[1,0],[111,750]]
[[0,0],[1,0],[712,750]]
[[0,0],[1,0],[206,750]]
[[0,0],[1,0],[141,750]]
[[0,0],[1,0],[296,750]]
[[0,0],[1,0],[331,750]]
[[0,0],[2,0],[222,375]]
[[0,0],[1,0],[622,750]]
[[0,0],[1,0],[379,750]]
[[0,0],[1,0],[269,750]]
[[0,0],[2,0],[117,375]]
[[0,0],[1,0],[83,750]]
[[0,0],[1,0],[551,750]]
[[0,0],[1,0],[211,750]]
[[0,0],[1,0],[448,750]]
[[0,0],[1,0],[173,750]]
[[0,0],[1,0],[321,750]]
[[0,0],[1,0],[187,750]]
[[0,0],[1,0],[166,750]]
[[0,0],[1,0],[301,750]]
[[0,0],[1,0],[113,750]]
[[0,0],[1,0],[359,750]]
[[0,0],[1,0],[352,750]]
[[0,0],[1,0],[236,750]]
[[0,0],[1,0],[742,750]]
[[0,0],[1,0],[629,750]]
[[0,0],[1,0],[334,750]]
[[0,0],[2,0],[87,375]]
[[0,0],[2,0],[342,375]]
[[0,0],[1,0],[11,750]]
[[0,0],[2,0],[72,375]]
[[0,0],[1,0],[412,750]]
[[0,0],[1,0],[741,750]]
[[0,0],[1,0],[487,750]]
[[0,0],[1,0],[115,750]]
[[0,0],[1,0],[119,750]]
[[0,0],[1,0],[34,750]]
[[0,0],[2,0],[192,375]]
[[0,0],[1,0],[261,750]]
[[0,0],[1,0],[178,750]]
