[[0,0],[1,0],[426,755]]
[[0,0],[1,0],[142,755]]
[[0,0],[1,0],[92,755]]
[[0,0],[1,0],[22,755]]
[[0,0],[1,0],[14,755]]
[[0,0],[1,0],[241,755]]
[[0,0],[1,0],[259,755]]
[[0,0],[1,0],[41,755]]
[[0,0],[1,0],[21,755]]
[[0,0],[1,0],[98,755]]
[[0,0],[1,0],[481,755]]
[[0,0],[1,0],[49,755]]
[[0,0],[1,0],[33,755]]
[[0,0],[1,0],[38,755]]
[[0,0],[1,0],[196,755]]
[[0,0],[1,0],[411,755]]
[[0,0],[1,0],[32,755]]
[[0,0],[1,0],[431,755]]
[[0,0],[1,0],[561,755]]
[[0,0],[1,0],[23,755]]
[[0,0],[1,0],[67,755]]
[[0,0],[1,0],[188,755]]
[[0,0],[1,0],[129,755]]
[[0,0],[1,0],[4,755]]
[[0,0],[1,0],[256,755]]
[[0,0],[1,0],[8,755]]
[[0,0],[1,0],[62,755]]
[[0,0],[1,0],[34,755]]
[[0,0],[1,0],[321,755]]
[[0,0],[1,0],[17,755]]
[[0,0],[1,0],[246,755]]
[[0,0],[1,0],[326,755]]
[[0,0],[1,0],[113,755]]
[[0,0],[1,0],[83,755]]
[[0,0],[1,0],[77,755]]
[[0,0],[1,0],[396,755]]
[[0,0],[1,0],[506,755]]
[[0,0],[1,0],[13,755]]
[[0,0],[1,0],[52,755]]
[[0,0],[1,0],[466,755]]
[[0,0],[1,0],[251,755]]
[[0,0],[1,0],[264,755]]
[[0,0],[1,0],[101,755]]
[[0,0],[1,0],[141,755]]
[[0,0],[1,0],[204,755]]
[[0,0],[1,0],[69,755]]
[[0,0],[1,0],[88,755]]
[[0,0],[1,0],[186,755]]
[[0,0],[1,0],[2,755]]
[[0,0],[1,0],[516,755]]
[[0,0],[1,0],[73,755]]
[[0,0],[1,0],[46,755]]
[[0,0],[1,0],[131,755]]
[[0,0],[1,0],[701,755]]
[[0,0],[1,0],[96,755]]
[[0,0],[1,0],[116,755]]
[[0,0],[1,0],[146,755]]
[[0,0],[1,0],[605,755]]
[[0,0],[1,0],[169,755]]
[[0,0],[1,0],[263,755]]
[[0,0],[1,0],[136,755]]
[[0,0],[1,0],[111,755]]
[[0,0],[1,0],[172,755]]
[[0,0],[1,0],[226,755]]
[[0,0],[1,0],[94,755]]
[[0,0],[1,0],[123,755]]
[[0,0],[1,0],[7,755]]
[[0,0],[1,0],[71,755]]
[[0,0],[1,0],[191,755]]
[[0,0],[1,0],[203,755]]
[[0,0],[1,0],[19,755]]
[[0,0],[1,0],[27,755]]
[[0,0],[1,0],[124,755]]
[[0,0],[1,0],[1,755]]
[[0,0],[1,0],[31,755]]
[[0,0],[1,0],[86,755]]
[[0,0],[1,0],[97,755]]
[[0,0],[1,0],[416,755]]
[[0,0],[1,0],[16,755]]
[[0,0],[1,0],[106,755]]
[[0,0],[1,0],[12,755]]
[[0,0],[1,0],[192,755]]
[[0,0],[1,0],[596,755]]
[[0,0],[1,0],[81,755]]
[[0,0],[1,0],[231,755]]
[[0,0],[1,0],[511,755]]
[[0,0],[1,0],[24,755]]
[[0,0],[1,0],[133,755]]
[[0,0],[1,0],[61,755]]
[[0,0],[1,0],[266,755]]
[[0,0],[1,0],[346,755]]
[[0,0],[1,0],[51,755]]
[[0,0],[1,0],[9,755]]
[[0,0],[1,0],[556,755]]
[[0,0],[1,0],[312,755]]
[[0,0],[1,0],[277,755]]
[[0,0],[1,0],[134,755]]
[[0,0],[1,0],[117,755]]
[[0,0],[1,0],[351,755]]
[[0,0],[1,0],[122,755]]
[[0,0],[1,0],[137,755]]
[[0,0],[1,0],[56,755]]
[[0,0],[1,0],[446,755]]
[[0,0],[1,0],[214,755]]
[[0,0],[1,0],[68,755]]
[[0,0],[1,0],[121,755]]
[[0,0],[1,0],[48,755]]
[[0,0],[1,0],[421,755]]
[[0,0],[1,0],[76,755]]
[[0,0],[1,0],[66,755]]
[[0,0],[1,0],[566,755]]
[[0,0],[1,0],[39,755]]
[[0,0],[1,0],[271,755]]
[[0,0],[1,0],[53,755]]
[[0,0],[1,0],[91,755]]
[[0,0],[1,0],[18,755]]
[[0,0],[1,0],[201,755]]
[[0,0],[1,0],[79,755]]
[[0,0],[1,0],[78,755]]
[[0,0],[1,0],[72,755]]
[[0,0],[1,0],[306,755]]
[[0,0],[1,0],[313,755]]
[[0,0],[1,0],[3,755]]
[[0,0],[1,0],[132,755]]
[[0,0],[1,0],[691,755]]
[[0,0],[1,0],[26,755]]
[[0,0],[1,0],[154,755]]
[[0,0],[1,0],[301,755]]
[[0,0],[1,0],[454,755]]
[[0,0],[1,0],[441,755]]
[[0,0],[1,0],[171,755]]
[[0,0],[1,0],[176,755]]
[[0,0],[1,0],[152,755]]
[[0,0],[1,0],[11,755]]
[[0,0],[1,0],[216,755]]
[[0,0],[1,0],[311,755]]
[[0,0],[1,0],[44,755]]
[[0,0],[1,0],[114,755]]
[[0,0],[1,0],[153,755]]
[[0,0],[1,0],[316,755]]
[[0,0],[1,0],[6,755]]
[[0,0],[1,0],[571,755]]
[[0,0],[1,0],[82,755]]
[[0,0],[1,0],[211,755]]
[[0,0],[1,0],[93,755]]
[[0,0],[1,0],[177,755]]
[[0,0],[1,0],[276,755]]
[[0,0],[1,0],[107,755]]
[[0,0],[1,0],[671,755]]
[[0,0],[1,0],[471,755]]
[[0,0],[1,0],[89,755]]
[[0,0],[1,0],[361,755]]
[[0,0],[1,0],[47,755]]
[[0,0],[1,0],[168,755]]
