[[0,0],[1,0],[475,758]]
[[0,0],[1,0],[667,758]]
[[0,0],[1,0],[147,758]]
[[0,0],[1,0],[21,758]]
[[0,0],[1,0],[77,758]]
[[0,0],[1,0],[493,758]]
[[0,0],[1,0],[341,758]]
[[0,0],[1,0],[241,758]]
[[0,0],[1,0],[173,758]]
[[0,0],[1,0],[261,758]]
[[0,0],[1,0],[93,758]]
[[0,0],[1,0],[407,758]]
[[0,0],[1,0],[185,758]]
[[0,0],[1,0],[11,758]]
[[0,0],[1,0],[35,758]]
[[0,0],[1,0],[181,758]]
[[0,0],[1,0],[295,758]]
[[0,0],[1,0],[43,758]]
[[0,0],[1,0],[19,758]]
[[0,0],[1,0],[689,758]]
[[0,0],[1,0],[7,758]]
[[0,0],[1,0],[15,758]]
[[0,0],[1,0],[495,758]]
[[0,0],[1,0],[139,758]]
[[0,0],[1,0],[441,758]]
[[0,0],[1,0],[281,758]]
[[0,0],[1,0],[515,758]]
[[0,0],[1,0],[359,758]]
[[0,0],[1,0],[171,758]]
[[0,0],[1,0],[127,758]]
[[0,0],[1,0],[141,758]]
[[0,0],[1,0],[245,758]]
[[0,0],[1,0],[1,758]]
[[0,0],[1,0],[39,758]]
[[0,0],[1,0],[151,758]]
[[0,0],[1,0],[385,758]]
[[0,0],[1,0],[89,758]]
[[0,0],[1,0],[431,758]]
[[0,0],[1,0],[155,758]]
[[0,0],[1,0],[17,758]]
[[0,0],[1,0],[301,758]]
[[0,0],[1,0],[215,758]]
[[0,0],[1,0],[725,758]]
[[0,0],[1,0],[449,758]]
[[0,0],[1,0],[199,758]]
[[0,0],[1,0],[117,758]]
[[0,0],[1,0],[307,758]]
[[0,0],[1,0],[567,758]]
[[0,0],[1,0],[131,758]]
[[0,0],[1,0],[259,758]]
[[0,0],[1,0],[343,758]]
[[0,0],[1,0],[401,758]]
[[0,0],[1,0],[169,758]]
[[0,0],[1,0],[329,758]]
[[0,0],[1,0],[435,758]]
[[0,0],[1,0],[145,758]]
[[0,0],[1,0],[597,758]]
[[0,0],[1,0],[757,758]]
[[0,0],[1,0],[239,758]]
[[0,0],[1,0],[583,758]]
[[0,0],[1,0],[289,758]]
[[0,0],[1,0],[433,758]]
[[0,0],[1,0],[671,758]]
[[0,0],[1,0],[229,758]]
[[0,0],[1,0],[193,758]]
[[0,0],[1,0],[267,758]]
[[0,0],[1,0],[547,758]]
[[0,0],[1,0],[165,758]]
[[0,0],[1,0],[483,758]]
[[0,0],[1,0],[553,758]]
[[0,0],[1,0],[59,758]]
[[0,0],[1,0],[231,758]]
[[0,0],[1,0],[29,758]]
[[0,0],[1,0],[201,758]]
[[0,0],[1,0],[81,758]]
[[0,0],[1,0],[149,758]]
[[0,0],[1,0],[355,758]]
[[0,0],[1,0],[453,758]]
[[0,0],[1,0],[423,758]]
[[0,0],[1,0],[177,758]]
[[0,0],[1,0],[257,758]]
[[0,0],[1,0],[313,758]]
[[0,0],[1,0],[391,758]]
[[0,0],[1,0],[97,758]]
[[0,0],[1,0],[225,758]]
[[0,0],[1,0],[99,758]]
[[0,0],[1,0],[25,758]]
[[0,0],[1,0],[9,758]]
[[0,0],[1,0],[575,758]]
[[0,0],[1,0],[345,758]]
[[0,0],[1,0],[561,758]]
[[0,0],[1,0],[507,758]]
[[0,0],[1,0],[125,758]]
[[0,0],[1,0],[105,758]]
[[0,0],[1,0],[67,758]]
[[0,0],[1,0],[163,758]]
[[0,0],[1,0],[277,758]]
[[0,0],[1,0],[159,758]]
[[0,0],[1,0],[395,758]]
[[0,0],[1,0],[111,758]]
[[0,0],[1,0],[51,758]]
[[0,0],[1,0],[447,758]]
[[0,0],[1,0],[293,758]]
[[0,0],[1,0],[95,758]]
[[0,0],[1,0],[545,758]]
[[0,0],[1,0],[717,758]]
[[0,0],[1,0],[485,758]]
[[0,0],[1,0],[23,758]]
[[0,0],[1,0],[55,758]]
[[0,0],[1,0],[235,758]]
[[0,0],[1,0],[179,758]]
[[0,0],[1,0],[287,758]]
[[0,0],[1,0],[623,758]]
[[0,0],[1,0],[389,758]]
[[0,0],[1,0],[315,758]]
[[0,0],[1,0],[143,758]]
[[0,0],[1,0],[113,758]]
[[0,0],[1,0],[121,758]]
[[0,0],[1,0],[299,758]]
[[0,0],[1,0],[27,758]]
[[0,0],[1,0],[49,758]]
[[0,0],[1,0],[3,758]]
[[0,0],[1,0],[535,758]]
[[0,0],[1,0],[303,758]]
[[0,0],[1,0],[279,758]]
[[0,0],[1,0],[625,758]]
[[0,0],[1,0],[353,758]]
[[0,0],[1,0],[461,758]]
[[0,0],[1,0],[5,758]]
[[0,0],[1,0],[13,758]]
[[0,0],[1,0],[411,758]]
[[0,0],[1,0],[129,758]]
[[0,0],[1,0],[349,758]]
[[0,0],[1,0],[107,758]]
[[0,0],[1,0],[207,758]]
[[0,0],[1,0],[331,758]]
[[0,0],[1,0],[371,758]]
[[0,0],[1,0],[101,758]]
[[0,0],[1,0],[531,758]]
[[0,0],[1,0],[203,758]]
[[0,0],[1,0],[381,758]]
[[0,0],[1,0],[195,758]]
[[0,0],[1,0],[489,758]]
[[0,0],[1,0],[605,758]]
[[0,0],[1,0],[505,758]]
[[0,0],[1,0],[217,758]]
[[0,0],[1,0],[511,758]]
[[0,0],[1,0],[237,758]]
[[0,0],[1,0],[47,758]]
[[0,0],[1,0],[397,758]]
[[0,0],[1,0],[63,758]]
[[0,0],[1,0],[393,758]]
[[0,0],[1,0],[115,758]]
[[0,0],[1,0],[103,758]]
[[0,0],[1,0],[375,758]]
[[0,0],[1,0],[285,758]]
[[0,0],[1,0],[487,758]]
[[0,0],[1,0],[83,758]]
[[0,0],[1,0],[221,758]]
[[0,0],[1,0],[321,758]]
[[0,0],[1,0],[71,758]]
[[0,0],[1,0],[421,758]]
[[0,0],[1,0],[319,758]]
[[0,0],[1,0],[79,758]]
[[0,0],[1,0],[75,758]]
[[0,0],[1,0],[157,758]]
[[0,0],[1,0],[291,758]]
[[0,0],[1,0],[209,758]]
[[0,0],[1,0],[539,758]]
[[0,0],[1,0],[621,758]]
[[0,0],[1,0],[85,758]]
[[0,0],[1,0],[693,758]]
[[0,0],[1,0],[189,758]]
[[0,0],[1,0],[249,758]]
[[0,0],[1,0],[61,758]]
[[0,0],[1,0],[119,758]]
[[0,0],[1,0],[45,758]]
[[0,0],[1,0],[425,758]]
[[0,0],[1,0],[380,758]]
[[0,0],[1,0],[187,758]]
[[0,0],[1,0],[31,758]]
[[0,0],[1,0],[503,758]]
[[0,0],[1,0],[339,758]]
[[0,0],[1,0],[233,758]]
[[0,0],[1,0],[53,758]]
[[0,0],[1,0],[167,758]]
[[0,0],[1,0],[109,758]]
[[0,0],[1,0],[57,758]]
[[0,0],[1,0],[73,758]]
[[0,0],[1,0],[37,758]]
[[0,0],[1,0],[123,758]]
