[[0,0],[1,0],[21,76]]
[[0,0],[1,0],[23,76]]
[[0,0],[1,0],[1,76]]
[[0,0],[2,0],[8,38]]
[[0,0],[2,0],[6,38]]
[[0,0],[1,0],[58,76]]
[[0,0],[1,0],[37,76]]
[[0,0],[2,0],[16,38]]
[[0,0],[2,0],[2,38]]
[[0,0],[1,0],[7,76]]
[[0,0],[1,0],[59,76]]
[[0,0],[1,0],[15,76]]
[[0,0],[1,0],[39,76]]
[[0,0],[1,0],[20,76]]
[[0,0],[1,0],[13,76]]
[[0,0],[1,0],[3,76]]
[[0,0],[1,0],[47,76]]
[[0,0],[1,0],[27,76]]
[[0,0],[2,0],[4,38]]
[[0,0],[1,0],[33,76]]
[[0,0],[1,0],[45,76]]
[[0,0],[1,0],[65,76]]
[[0,0],[1,0],[35,76]]
[[0,0],[1,0],[9,76]]
[[0,0],[1,0],[25,76]]
[[0,0],[1,0],[75,76]]
[[0,0],[1,0],[5,76]]
