[[0,0],[1,0],[280,762]]
[[0,0],[1,0],[238,762]]
[[0,0],[2,0],[129,381]]
[[0,0],[1,0],[73,762]]
[[0,0],[1,0],[653,762]]
[[0,0],[1,0],[379,762]]
[[0,0],[1,0],[77,762]]
[[0,0],[1,0],[493,762]]
[[0,0],[1,0],[173,762]]
[[0,0],[1,0],[286,762]]
[[0,0],[1,0],[475,762]]
[[0,0],[1,0],[514,762]]
[[0,0],[1,0],[241,762]]
[[0,0],[1,0],[65,762]]
[[0,0],[1,0],[323,762]]
[[0,0],[1,0],[688,762]]
[[0,0],[1,0],[41,762]]
[[0,0],[1,0],[341,762]]
[[0,0],[1,0],[742,762]]
[[0,0],[1,0],[35,762]]
[[0,0],[1,0],[532,762]]
[[0,0],[1,0],[334,762]]
[[0,0],[1,0],[376,762]]
[[0,0],[1,0],[407,762]]
[[0,0],[1,0],[499,762]]
[[0,0],[1,0],[64,762]]
[[0,0],[1,0],[311,762]]
[[0,0],[1,0],[19,762]]
[[0,0],[1,0],[181,762]]
[[0,0],[1,0],[256,762]]
[[0,0],[1,0],[11,762]]
[[0,0],[1,0],[436,762]]
[[0,0],[1,0],[106,762]]
[[0,0],[1,0],[7,762]]
[[0,0],[1,0],[515,762]]
[[0,0],[1,0],[373,762]]
[[0,0],[1,0],[43,762]]
[[0,0],[1,0],[175,762]]
[[0,0],[1,0],[214,762]]
[[0,0],[1,0],[364,762]]
[[0,0],[1,0],[430,762]]
[[0,0],[1,0],[352,762]]
[[0,0],[1,0],[251,762]]
[[0,0],[1,0],[563,762]]
[[0,0],[1,0],[10,762]]
[[0,0],[1,0],[139,762]]
[[0,0],[1,0],[4,762]]
[[0,0],[1,0],[208,762]]
[[0,0],[1,0],[1,762]]
[[0,0],[1,0],[281,762]]
[[0,0],[1,0],[301,762]]
[[0,0],[1,0],[172,762]]
[[0,0],[1,0],[490,762]]
[[0,0],[1,0],[418,762]]
[[0,0],[1,0],[130,762]]
[[0,0],[1,0],[385,762]]
[[0,0],[1,0],[245,762]]
[[0,0],[1,0],[17,762]]
[[0,0],[1,0],[40,762]]
[[0,0],[1,0],[151,762]]
[[0,0],[1,0],[616,762]]
[[0,0],[1,0],[457,762]]
[[0,0],[1,0],[592,762]]
[[0,0],[1,0],[265,762]]
[[0,0],[1,0],[283,762]]
[[0,0],[1,0],[223,762]]
[[0,0],[1,0],[538,762]]
[[0,0],[1,0],[577,762]]
[[0,0],[1,0],[89,762]]
[[0,0],[1,0],[148,762]]
[[0,0],[1,0],[131,762]]
[[0,0],[1,0],[760,762]]
[[0,0],[1,0],[215,762]]
[[0,0],[1,0],[259,762]]
[[0,0],[1,0],[412,762]]
[[0,0],[1,0],[401,762]]
[[0,0],[1,0],[145,762]]
[[0,0],[1,0],[239,762]]
[[0,0],[1,0],[220,762]]
[[0,0],[1,0],[343,762]]
[[0,0],[1,0],[533,762]]
[[0,0],[1,0],[184,762]]
[[0,0],[1,0],[671,762]]
[[0,0],[1,0],[211,762]]
[[0,0],[1,0],[169,762]]
[[0,0],[1,0],[329,762]]
[[0,0],[1,0],[289,762]]
[[0,0],[1,0],[202,762]]
[[0,0],[1,0],[652,762]]
[[0,0],[1,0],[583,762]]
[[0,0],[1,0],[193,762]]
[[0,0],[1,0],[190,762]]
[[0,0],[1,0],[70,762]]
[[0,0],[1,0],[29,762]]
[[0,0],[1,0],[634,762]]
[[0,0],[1,0],[658,762]]
[[0,0],[1,0],[467,762]]
[[0,0],[1,0],[370,762]]
[[0,0],[1,0],[604,762]]
[[0,0],[1,0],[586,762]]
[[0,0],[1,0],[133,762]]
[[0,0],[1,0],[367,762]]
[[0,0],[1,0],[22,762]]
[[0,0],[1,0],[149,762]]
[[0,0],[1,0],[484,762]]
[[0,0],[1,0],[59,762]]
[[0,0],[1,0],[257,762]]
[[0,0],[1,0],[232,762]]
[[0,0],[1,0],[347,762]]
[[0,0],[1,0],[406,762]]
[[0,0],[1,0],[575,762]]
[[0,0],[1,0],[136,762]]
[[0,0],[1,0],[526,762]]
[[0,0],[1,0],[427,762]]
[[0,0],[1,0],[125,762]]
[[0,0],[1,0],[460,762]]
[[0,0],[1,0],[724,762]]
[[0,0],[1,0],[313,762]]
[[0,0],[1,0],[394,762]]
[[0,0],[1,0],[25,762]]
[[0,0],[1,0],[502,762]]
[[0,0],[1,0],[400,762]]
[[0,0],[1,0],[67,762]]
[[0,0],[1,0],[163,762]]
[[0,0],[1,0],[95,762]]
[[0,0],[1,0],[701,762]]
[[0,0],[1,0],[544,762]]
[[0,0],[1,0],[328,762]]
[[0,0],[1,0],[472,762]]
[[0,0],[1,0],[601,762]]
[[0,0],[1,0],[277,762]]
[[0,0],[1,0],[545,762]]
[[0,0],[1,0],[454,762]]
[[0,0],[1,0],[466,762]]
[[0,0],[1,0],[293,762]]
[[0,0],[1,0],[197,762]]
[[0,0],[1,0],[88,762]]
[[0,0],[1,0],[23,762]]
[[0,0],[1,0],[143,762]]
[[0,0],[1,0],[550,762]]
[[0,0],[1,0],[424,762]]
[[0,0],[1,0],[640,762]]
[[0,0],[1,0],[55,762]]
[[0,0],[1,0],[226,762]]
[[0,0],[1,0],[113,762]]
[[0,0],[1,0],[58,762]]
[[0,0],[1,0],[337,762]]
[[0,0],[1,0],[235,762]]
[[0,0],[1,0],[682,762]]
[[0,0],[1,0],[358,762]]
[[0,0],[1,0],[49,762]]
[[0,0],[1,0],[598,762]]
[[0,0],[1,0],[13,762]]
[[0,0],[1,0],[625,762]]
[[0,0],[1,0],[310,762]]
[[0,0],[1,0],[353,762]]
[[0,0],[1,0],[121,762]]
[[0,0],[1,0],[349,762]]
[[0,0],[1,0],[535,762]]
[[0,0],[1,0],[299,762]]
[[0,0],[1,0],[665,762]]
[[0,0],[1,0],[509,762]]
[[0,0],[1,0],[76,762]]
[[0,0],[1,0],[275,762]]
[[0,0],[1,0],[274,762]]
[[0,0],[1,0],[5,762]]
[[0,0],[1,0],[371,762]]
[[0,0],[1,0],[142,762]]
[[0,0],[1,0],[340,762]]
[[0,0],[1,0],[520,762]]
[[0,0],[1,0],[160,762]]
[[0,0],[1,0],[661,762]]
[[0,0],[1,0],[388,762]]
[[0,0],[1,0],[322,762]]
[[0,0],[1,0],[607,762]]
[[0,0],[1,0],[107,762]]
[[0,0],[1,0],[736,762]]
[[0,0],[1,0],[28,762]]
[[0,0],[1,0],[331,762]]
[[0,0],[1,0],[47,762]]
[[0,0],[1,0],[580,762]]
[[0,0],[1,0],[203,762]]
[[0,0],[1,0],[346,762]]
[[0,0],[1,0],[562,762]]
[[0,0],[1,0],[397,762]]
[[0,0],[1,0],[382,762]]
[[0,0],[1,0],[16,762]]
[[0,0],[1,0],[82,762]]
[[0,0],[1,0],[646,762]]
[[0,0],[1,0],[574,762]]
[[0,0],[1,0],[244,762]]
[[0,0],[1,0],[52,762]]
[[0,0],[1,0],[304,762]]
[[0,0],[1,0],[118,762]]
[[0,0],[1,0],[730,762]]
[[0,0],[1,0],[178,762]]
[[0,0],[1,0],[496,762]]
[[0,0],[1,0],[115,762]]
[[0,0],[1,0],[442,762]]
[[0,0],[1,0],[706,762]]
[[0,0],[1,0],[670,762]]
[[0,0],[1,0],[221,762]]
[[0,0],[1,0],[610,762]]
[[0,0],[1,0],[83,762]]
[[0,0],[1,0],[556,762]]
[[0,0],[1,0],[124,762]]
[[0,0],[1,0],[448,762]]
[[0,0],[1,0],[79,762]]
[[0,0],[1,0],[94,762]]
[[0,0],[1,0],[628,762]]
[[0,0],[1,0],[754,762]]
[[0,0],[1,0],[262,762]]
[[0,0],[1,0],[157,762]]
[[0,0],[1,0],[196,762]]
[[0,0],[1,0],[636,762]]
[[0,0],[1,0],[568,762]]
[[0,0],[1,0],[622,762]]
[[0,0],[1,0],[455,762]]
[[0,0],[1,0],[761,762]]
[[0,0],[1,0],[445,762]]
[[0,0],[1,0],[71,762]]
[[0,0],[1,0],[712,762]]
[[0,0],[1,0],[664,762]]
[[0,0],[1,0],[128,762]]
[[0,0],[1,0],[209,762]]
[[0,0],[1,0],[166,762]]
[[0,0],[1,0],[403,762]]
[[0,0],[1,0],[298,762]]
[[0,0],[1,0],[443,762]]
[[0,0],[1,0],[250,762]]
[[0,0],[1,0],[31,762]]
[[0,0],[1,0],[205,762]]
[[0,0],[1,0],[85,762]]
[[0,0],[1,0],[676,762]]
[[0,0],[1,0],[718,762]]
[[0,0],[1,0],[119,762]]
[[0,0],[1,0],[659,762]]
[[0,0],[1,0],[268,762]]
[[0,0],[1,0],[700,762]]
[[0,0],[1,0],[478,762]]
[[0,0],[1,0],[100,762]]
[[0,0],[1,0],[292,762]]
[[0,0],[1,0],[112,762]]
[[0,0],[1,0],[191,762]]
[[0,0],[1,0],[154,762]]
[[0,0],[1,0],[316,762]]
[[0,0],[1,0],[46,762]]
[[0,0],[1,0],[53,762]]
[[0,0],[1,0],[694,762]]
[[0,0],[1,0],[271,762]]
[[0,0],[1,0],[253,762]]
[[0,0],[1,0],[325,762]]
[[0,0],[1,0],[748,762]]
[[0,0],[1,0],[233,762]]
[[0,0],[1,0],[167,762]]
[[0,0],[1,0],[34,762]]
[[0,0],[1,0],[37,762]]
[[0,0],[1,0],[255,762]]
