[[0,0],[1,0],[92,767]]
[[0,0],[1,0],[36,767]]
[[0,0],[1,0],[38,767]]
[[0,0],[1,0],[119,767]]
[[0,0],[1,0],[109,767]]
[[0,0],[1,0],[14,767]]
[[0,0],[1,0],[41,767]]
[[0,0],[1,0],[67,767]]
[[0,0],[1,0],[222,767]]
[[0,0],[1,0],[158,767]]
[[0,0],[1,0],[21,767]]
[[0,0],[1,0],[98,767]]
[[0,0],[1,0],[212,767]]
[[0,0],[1,0],[103,767]]
[[0,0],[1,0],[532,767]]
[[0,0],[1,0],[339,767]]
[[0,0],[1,0],[209,767]]
[[0,0],[1,0],[8,767]]
[[0,0],[1,0],[417,767]]
[[0,0],[1,0],[63,767]]
[[0,0],[1,0],[17,767]]
[[0,0],[1,0],[196,767]]
[[0,0],[1,0],[175,767]]
[[0,0],[1,0],[113,767]]
[[0,0],[1,0],[5,767]]
[[0,0],[1,0],[83,767]]
[[0,0],[1,0],[23,767]]
[[0,0],[1,0],[127,767]]
[[0,0],[1,0],[45,767]]
[[0,0],[1,0],[42,767]]
[[0,0],[1,0],[4,767]]
[[0,0],[1,0],[77,767]]
[[0,0],[1,0],[62,767]]
[[0,0],[1,0],[165,767]]
[[0,0],[1,0],[184,767]]
[[0,0],[1,0],[703,767]]
[[0,0],[1,0],[80,767]]
[[0,0],[1,0],[60,767]]
[[0,0],[1,0],[28,767]]
[[0,0],[1,0],[235,767]]
[[0,0],[1,0],[34,767]]
[[0,0],[1,0],[131,767]]
[[0,0],[1,0],[161,767]]
[[0,0],[1,0],[186,767]]
[[0,0],[1,0],[157,767]]
[[0,0],[1,0],[414,767]]
[[0,0],[1,0],[391,767]]
[[0,0],[1,0],[547,767]]
[[0,0],[1,0],[58,767]]
[[0,0],[1,0],[69,767]]
[[0,0],[1,0],[183,767]]
[[0,0],[1,0],[46,767]]
[[0,0],[1,0],[2,767]]
[[0,0],[1,0],[19,767]]
[[0,0],[1,0],[10,767]]
[[0,0],[1,0],[144,767]]
[[0,0],[1,0],[150,767]]
[[0,0],[1,0],[1,767]]
[[0,0],[1,0],[146,767]]
[[0,0],[1,0],[162,767]]
[[0,0],[1,0],[86,767]]
[[0,0],[1,0],[155,767]]
[[0,0],[1,0],[284,767]]
[[0,0],[1,0],[29,767]]
[[0,0],[1,0],[7,767]]
[[0,0],[1,0],[31,767]]
[[0,0],[1,0],[27,767]]
[[0,0],[1,0],[40,767]]
[[0,0],[1,0],[650,767]]
[[0,0],[1,0],[145,767]]
[[0,0],[1,0],[81,767]]
[[0,0],[1,0],[106,767]]
[[0,0],[1,0],[12,767]]
[[0,0],[1,0],[16,767]]
[[0,0],[1,0],[296,767]]
[[0,0],[1,0],[24,767]]
[[0,0],[1,0],[125,767]]
[[0,0],[1,0],[126,767]]
[[0,0],[1,0],[134,767]]
[[0,0],[1,0],[187,767]]
[[0,0],[1,0],[61,767]]
[[0,0],[1,0],[139,767]]
[[0,0],[1,0],[352,767]]
[[0,0],[1,0],[249,767]]
[[0,0],[1,0],[266,767]]
[[0,0],[1,0],[30,767]]
[[0,0],[1,0],[443,767]]
[[0,0],[1,0],[56,767]]
[[0,0],[1,0],[9,767]]
[[0,0],[1,0],[365,767]]
[[0,0],[1,0],[133,767]]
[[0,0],[1,0],[70,767]]
[[0,0],[1,0],[95,767]]
[[0,0],[1,0],[54,767]]
[[0,0],[1,0],[90,767]]
[[0,0],[1,0],[76,767]]
[[0,0],[1,0],[121,767]]
[[0,0],[1,0],[508,767]]
[[0,0],[1,0],[3,767]]
[[0,0],[1,0],[265,767]]
[[0,0],[1,0],[68,767]]
[[0,0],[1,0],[250,767]]
[[0,0],[1,0],[79,767]]
[[0,0],[1,0],[170,767]]
[[0,0],[1,0],[85,767]]
[[0,0],[1,0],[75,767]]
[[0,0],[1,0],[66,767]]
[[0,0],[1,0],[154,767]]
[[0,0],[1,0],[178,767]]
[[0,0],[1,0],[53,767]]
[[0,0],[1,0],[25,767]]
[[0,0],[1,0],[313,767]]
[[0,0],[1,0],[151,767]]
[[0,0],[1,0],[110,767]]
[[0,0],[1,0],[18,767]]
[[0,0],[1,0],[15,767]]
[[0,0],[1,0],[185,767]]
[[0,0],[1,0],[152,767]]
[[0,0],[1,0],[248,767]]
[[0,0],[1,0],[132,767]]
[[0,0],[1,0],[87,767]]
[[0,0],[1,0],[6,767]]
[[0,0],[1,0],[44,767]]
[[0,0],[1,0],[287,767]]
[[0,0],[1,0],[171,767]]
[[0,0],[1,0],[37,767]]
[[0,0],[1,0],[176,767]]
[[0,0],[1,0],[11,767]]
[[0,0],[1,0],[55,767]]
[[0,0],[1,0],[153,767]]
[[0,0],[1,0],[57,767]]
[[0,0],[1,0],[43,767]]
[[0,0],[1,0],[20,767]]
[[0,0],[1,0],[35,767]]
[[0,0],[1,0],[198,767]]
[[0,0],[1,0],[47,767]]
[[0,0],[1,0],[22,767]]
[[0,0],[1,0],[241,767]]
[[0,0],[1,0],[105,767]]
[[0,0],[1,0],[102,767]]
[[0,0],[1,0],[84,767]]
[[0,0],[1,0],[82,767]]
