[[0,0],[1,0],[298,770]]
[[0,0],[1,0],[289,770]]
[[0,0],[1,0],[636,770]]
[[0,0],[1,0],[99,770]]
[[0,0],[1,0],[576,770]]
[[0,0],[1,0],[144,770]]
[[0,0],[1,0],[221,770]]
[[0,0],[1,0],[265,770]]
[[0,0],[1,0],[13,770]]
[[0,0],[1,0],[430,770]]
[[0,0],[1,0],[64,770]]
[[0,0],[1,0],[511,770]]
[[0,0],[1,0],[61,770]]
[[0,0],[1,0],[1,770]]
[[0,0],[1,0],[153,770]]
[[0,0],[1,0],[263,770]]
[[0,0],[1,0],[83,770]]
[[0,0],[1,0],[439,770]]
[[0,0],[1,0],[628,770]]
[[0,0],[1,0],[365,770]]
[[0,0],[1,0],[431,770]]
[[0,0],[1,0],[73,770]]
[[0,0],[1,0],[243,770]]
[[0,0],[1,0],[29,770]]
[[0,0],[1,0],[123,770]]
[[0,0],[1,0],[533,770]]
[[0,0],[1,0],[326,770]]
[[0,0],[1,0],[603,770]]
[[0,0],[1,0],[129,770]]
[[0,0],[1,0],[299,770]]
[[0,0],[1,0],[274,770]]
[[0,0],[1,0],[353,770]]
[[0,0],[1,0],[736,770]]
[[0,0],[1,0],[92,770]]
[[0,0],[1,0],[722,770]]
[[0,0],[1,0],[582,770]]
[[0,0],[1,0],[117,770]]
[[0,0],[1,0],[446,770]]
[[0,0],[1,0],[134,770]]
[[0,0],[1,0],[26,770]]
[[0,0],[1,0],[703,770]]
[[0,0],[1,0],[19,770]]
[[0,0],[1,0],[437,770]]
[[0,0],[1,0],[162,770]]
[[0,0],[1,0],[376,770]]
[[0,0],[1,0],[563,770]]
[[0,0],[1,0],[109,770]]
[[0,0],[1,0],[296,770]]
[[0,0],[1,0],[43,770]]
[[0,0],[1,0],[379,770]]
[[0,0],[1,0],[738,770]]
[[0,0],[1,0],[531,770]]
[[0,0],[1,0],[136,770]]
[[0,0],[1,0],[302,770]]
[[0,0],[1,0],[436,770]]
[[0,0],[1,0],[581,770]]
[[0,0],[1,0],[233,770]]
[[0,0],[1,0],[513,770]]
[[0,0],[1,0],[557,770]]
[[0,0],[2,0],[100,385]]
[[0,0],[1,0],[155,770]]
[[0,0],[1,0],[344,770]]
[[0,0],[1,0],[287,770]]
[[0,0],[1,0],[106,770]]
[[0,0],[1,0],[540,770]]
[[0,0],[1,0],[386,770]]
[[0,0],[2,0],[189,385]]
[[0,0],[1,0],[301,770]]
[[0,0],[2,0],[170,385]]
[[0,0],[1,0],[276,770]]
[[0,0],[1,0],[519,770]]
[[0,0],[1,0],[261,770]]
[[0,0],[1,0],[306,770]]
[[0,0],[1,0],[223,770]]
[[0,0],[1,0],[122,770]]
[[0,0],[2,0],[255,385]]
[[0,0],[1,0],[696,770]]
[[0,0],[2,0],[352,385]]
[[0,0],[1,0],[133,770]]
[[0,0],[1,0],[46,770]]
[[0,0],[1,0],[512,770]]
[[0,0],[1,0],[249,770]]
[[0,0],[1,0],[562,770]]
[[0,0],[2,0],[200,385]]
[[0,0],[1,0],[97,770]]
[[0,0],[1,0],[139,770]]
[[0,0],[1,0],[646,770]]
[[0,0],[1,0],[584,770]]
[[0,0],[1,0],[443,770]]
[[0,0],[1,0],[496,770]]
[[0,0],[1,0],[764,770]]
[[0,0],[1,0],[149,770]]
[[0,0],[1,0],[474,770]]
[[0,0],[1,0],[351,770]]
[[0,0],[1,0],[367,770]]
[[0,0],[1,0],[218,770]]
[[0,0],[1,0],[166,770]]
[[0,0],[1,0],[463,770]]
[[0,0],[2,0],[343,385]]
[[0,0],[2,0],[205,385]]
[[0,0],[1,0],[36,770]]
[[0,0],[1,0],[373,770]]
[[0,0],[1,0],[69,770]]
[[0,0],[1,0],[498,770]]
[[0,0],[1,0],[366,770]]
[[0,0],[1,0],[8,770]]
[[0,0],[1,0],[554,770]]
[[0,0],[5,0],[33,154]]
[[0,0],[1,0],[183,770]]
[[0,0],[1,0],[568,770]]
[[0,0],[1,0],[426,770]]
[[0,0],[1,0],[416,770]]
[[0,0],[1,0],[246,770]]
[[0,0],[1,0],[177,770]]
[[0,0],[1,0],[39,770]]
[[0,0],[1,0],[721,770]]
[[0,0],[1,0],[571,770]]
[[0,0],[1,0],[267,770]]
[[0,0],[1,0],[9,770]]
[[0,0],[1,0],[428,770]]
[[0,0],[1,0],[321,770]]
[[0,0],[1,0],[91,770]]
[[0,0],[2,0],[310,385]]
[[0,0],[1,0],[705,770]]
[[0,0],[1,0],[716,770]]
[[0,0],[1,0],[383,770]]
[[0,0],[1,0],[551,770]]
[[0,0],[1,0],[656,770]]
[[0,0],[1,0],[561,770]]
[[0,0],[1,0],[53,770]]
[[0,0],[1,0],[666,770]]
[[0,0],[1,0],[566,770]]
[[0,0],[1,0],[645,770]]
[[0,0],[1,0],[16,770]]
[[0,0],[1,0],[342,770]]
[[0,0],[1,0],[760,770]]
[[0,0],[2,0],[30,385]]
[[0,0],[2,0],[135,385]]
[[0,0],[1,0],[193,770]]
[[0,0],[1,0],[86,770]]
[[0,0],[1,0],[313,770]]
[[0,0],[2,0],[266,385]]
[[0,0],[1,0],[186,770]]
[[0,0],[2,0],[240,385]]
[[0,0],[1,0],[442,770]]
[[0,0],[1,0],[23,770]]
[[0,0],[1,0],[236,770]]
[[0,0],[1,0],[629,770]]
[[0,0],[1,0],[31,770]]
[[0,0],[1,0],[57,770]]
[[0,0],[1,0],[485,770]]
[[0,0],[1,0],[107,770]]
[[0,0],[1,0],[78,770]]
[[0,0],[1,0],[487,770]]
[[0,0],[1,0],[607,770]]
[[0,0],[1,0],[320,770]]
[[0,0],[1,0],[361,770]]
[[0,0],[1,0],[254,770]]
[[0,0],[1,0],[181,770]]
[[0,0],[1,0],[201,770]]
[[0,0],[1,0],[375,770]]
[[0,0],[1,0],[173,770]]
[[0,0],[1,0],[749,770]]
[[0,0],[1,0],[51,770]]
[[0,0],[1,0],[423,770]]
[[0,0],[1,0],[229,770]]
[[0,0],[1,0],[291,770]]
[[0,0],[1,0],[111,770]]
[[0,0],[2,0],[112,385]]
[[0,0],[1,0],[34,770]]
[[0,0],[1,0],[467,770]]
[[0,0],[1,0],[89,770]]
[[0,0],[1,0],[27,770]]
[[0,0],[1,0],[41,770]]
[[0,0],[1,0],[116,770]]
[[0,0],[1,0],[659,770]]
[[0,0],[1,0],[766,770]]
[[0,0],[1,0],[708,770]]
[[0,0],[1,0],[556,770]]
[[0,0],[1,0],[253,770]]
[[0,0],[1,0],[461,770]]
[[0,0],[1,0],[452,770]]
[[0,0],[1,0],[176,770]]
[[0,0],[1,0],[311,770]]
[[0,0],[1,0],[613,770]]
[[0,0],[1,0],[529,770]]
[[0,0],[1,0],[171,770]]
[[0,0],[1,0],[87,770]]
[[0,0],[1,0],[466,770]]
[[0,0],[1,0],[606,770]]
[[0,0],[1,0],[288,770]]
[[0,0],[1,0],[381,770]]
[[0,0],[2,0],[380,385]]
[[0,0],[1,0],[17,770]]
[[0,0],[2,0],[145,385]]
[[0,0],[1,0],[371,770]]
[[0,0],[2,0],[65,385]]
[[0,0],[1,0],[691,770]]
[[0,0],[1,0],[131,770]]
[[0,0],[1,0],[211,770]]
[[0,0],[1,0],[225,770]]
[[0,0],[1,0],[47,770]]
[[0,0],[1,0],[206,770]]
[[0,0],[1,0],[113,770]]
[[0,0],[1,0],[146,770]]
[[0,0],[1,0],[316,770]]
[[0,0],[1,0],[435,770]]
[[0,0],[1,0],[408,770]]
[[0,0],[1,0],[293,770]]
[[0,0],[1,0],[407,770]]
[[0,0],[1,0],[501,770]]
[[0,0],[1,0],[277,770]]
[[0,0],[1,0],[669,770]]
[[0,0],[7,0],[40,110]]
[[0,0],[1,0],[37,770]]
[[0,0],[1,0],[414,770]]
[[0,0],[1,0],[573,770]]
[[0,0],[1,0],[694,770]]
[[0,0],[1,0],[127,770]]
[[0,0],[1,0],[419,770]]
[[0,0],[1,0],[93,770]]
[[0,0],[1,0],[15,770]]
[[0,0],[1,0],[769,770]]
[[0,0],[1,0],[317,770]]
[[0,0],[1,0],[586,770]]
[[0,0],[2,0],[345,385]]
[[0,0],[1,0],[356,770]]
[[0,0],[1,0],[650,770]]
[[0,0],[1,0],[491,770]]
[[0,0],[1,0],[3,770]]
[[0,0],[1,0],[523,770]]
[[0,0],[1,0],[505,770]]
[[0,0],[1,0],[226,770]]
[[0,0],[1,0],[96,770]]
[[0,0],[5,0],[49,154]]
[[0,0],[1,0],[56,770]]
[[0,0],[1,0],[12,770]]
[[0,0],[1,0],[543,770]]
[[0,0],[1,0],[596,770]]
[[0,0],[1,0],[358,770]]
[[0,0],[1,0],[676,770]]
[[0,0],[1,0],[441,770]]
[[0,0],[1,0],[624,770]]
[[0,0],[1,0],[81,770]]
[[0,0],[1,0],[456,770]]
[[0,0],[1,0],[536,770]]
[[0,0],[1,0],[309,770]]
[[0,0],[1,0],[45,770]]
[[0,0],[1,0],[651,770]]
[[0,0],[1,0],[619,770]]
[[0,0],[1,0],[156,770]]
[[0,0],[1,0],[421,770]]
[[0,0],[1,0],[59,770]]
[[0,0],[1,0],[188,770]]
[[0,0],[1,0],[626,770]]
[[0,0],[1,0],[232,770]]
[[0,0],[1,0],[372,770]]
[[0,0],[1,0],[21,770]]
[[0,0],[1,0],[295,770]]
[[0,0],[1,0],[359,770]]
[[0,0],[1,0],[204,770]]
[[0,0],[1,0],[369,770]]
[[0,0],[1,0],[85,770]]
[[0,0],[1,0],[746,770]]
[[0,0],[1,0],[76,770]]
[[0,0],[1,0],[447,770]]
[[0,0],[1,0],[100,770]]
[[0,0],[1,0],[652,770]]
[[0,0],[1,0],[489,770]]
[[0,0],[2,0],[365,385]]
[[0,0],[1,0],[169,770]]
[[0,0],[1,0],[516,770]]
[[0,0],[1,0],[161,770]]
[[0,0],[1,0],[148,770]]
[[0,0],[1,0],[346,770]]
[[0,0],[1,0],[191,770]]
[[0,0],[1,0],[103,770]]
[[0,0],[2,0],[90,385]]
[[0,0],[1,0],[159,770]]
[[0,0],[1,0],[706,770]]
[[0,0],[1,0],[526,770]]
[[0,0],[1,0],[71,770]]
[[0,0],[1,0],[216,770]]
[[0,0],[1,0],[337,770]]
[[0,0],[1,0],[256,770]]
[[0,0],[1,0],[179,770]]
[[0,0],[1,0],[486,770]]
[[0,0],[1,0],[271,770]]
[[0,0],[1,0],[137,770]]
[[0,0],[1,0],[377,770]]
[[0,0],[1,0],[575,770]]
[[0,0],[1,0],[6,770]]
