[[0,0],[1,0],[307,771]]
[[0,0],[1,0],[190,771]]
[[0,0],[1,0],[145,771]]
[[0,0],[1,0],[4,771]]
[[0,0],[1,0],[235,771]]
[[0,0],[1,0],[424,771]]
[[0,0],[1,0],[188,771]]
[[0,0],[1,0],[34,771]]
[[0,0],[1,0],[397,771]]
[[0,0],[1,0],[11,771]]
[[0,0],[1,0],[364,771]]
[[0,0],[1,0],[370,771]]
[[0,0],[1,0],[412,771]]
[[0,0],[1,0],[140,771]]
[[0,0],[1,0],[556,771]]
[[0,0],[1,0],[421,771]]
[[0,0],[1,0],[103,771]]
[[0,0],[1,0],[53,771]]
[[0,0],[1,0],[220,771]]
[[0,0],[1,0],[49,771]]
[[0,0],[1,0],[403,771]]
[[0,0],[1,0],[67,771]]
[[0,0],[1,0],[655,771]]
[[0,0],[1,0],[70,771]]
[[0,0],[1,0],[118,771]]
[[0,0],[1,0],[46,771]]
[[0,0],[1,0],[526,771]]
[[0,0],[1,0],[112,771]]
[[0,0],[1,0],[208,771]]
[[0,0],[1,0],[343,771]]
[[0,0],[1,0],[28,771]]
[[0,0],[1,0],[167,771]]
[[0,0],[1,0],[13,771]]
[[0,0],[1,0],[61,771]]
[[0,0],[1,0],[92,771]]
[[0,0],[1,0],[131,771]]
[[0,0],[1,0],[2,771]]
[[0,0],[1,0],[43,771]]
[[0,0],[1,0],[106,771]]
[[0,0],[1,0],[115,771]]
[[0,0],[1,0],[406,771]]
[[0,0],[1,0],[1,771]]
[[0,0],[1,0],[340,771]]
[[0,0],[1,0],[37,771]]
[[0,0],[1,0],[229,771]]
[[0,0],[1,0],[223,771]]
[[0,0],[1,0],[98,771]]
[[0,0],[1,0],[187,771]]
[[0,0],[1,0],[259,771]]
[[0,0],[1,0],[80,771]]
[[0,0],[1,0],[376,771]]
[[0,0],[1,0],[20,771]]
[[0,0],[1,0],[40,771]]
[[0,0],[1,0],[592,771]]
[[0,0],[1,0],[505,771]]
[[0,0],[1,0],[203,771]]
[[0,0],[1,0],[595,771]]
[[0,0],[1,0],[154,771]]
[[0,0],[1,0],[74,771]]
[[0,0],[1,0],[136,771]]
[[0,0],[1,0],[313,771]]
[[0,0],[1,0],[457,771]]
[[0,0],[1,0],[55,771]]
[[0,0],[1,0],[214,771]]
[[0,0],[1,0],[142,771]]
[[0,0],[1,0],[109,771]]
[[0,0],[1,0],[164,771]]
[[0,0],[1,0],[247,771]]
[[0,0],[1,0],[149,771]]
[[0,0],[1,0],[157,771]]
[[0,0],[1,0],[361,771]]
[[0,0],[1,0],[64,771]]
[[0,0],[1,0],[182,771]]
[[0,0],[1,0],[139,771]]
[[0,0],[1,0],[10,771]]
[[0,0],[1,0],[59,771]]
[[0,0],[1,0],[19,771]]
[[0,0],[1,0],[26,771]]
[[0,0],[1,0],[44,771]]
[[0,0],[1,0],[76,771]]
[[0,0],[1,0],[175,771]]
[[0,0],[1,0],[448,771]]
[[0,0],[1,0],[32,771]]
[[0,0],[1,0],[16,771]]
[[0,0],[1,0],[191,771]]
[[0,0],[1,0],[427,771]]
[[0,0],[1,0],[50,771]]
[[0,0],[1,0],[148,771]]
[[0,0],[1,0],[65,771]]
[[0,0],[1,0],[58,771]]
[[0,0],[1,0],[133,771]]
[[0,0],[1,0],[73,771]]
[[0,0],[1,0],[151,771]]
[[0,0],[1,0],[91,771]]
[[0,0],[1,0],[391,771]]
[[0,0],[1,0],[418,771]]
[[0,0],[1,0],[121,771]]
[[0,0],[1,0],[7,771]]
[[0,0],[1,0],[124,771]]
[[0,0],[1,0],[460,771]]
[[0,0],[1,0],[286,771]]
[[0,0],[1,0],[160,771]]
[[0,0],[1,0],[322,771]]
[[0,0],[1,0],[205,771]]
[[0,0],[1,0],[23,771]]
[[0,0],[1,0],[85,771]]
[[0,0],[1,0],[100,771]]
[[0,0],[1,0],[31,771]]
[[0,0],[1,0],[238,771]]
[[0,0],[1,0],[14,771]]
[[0,0],[1,0],[101,771]]
[[0,0],[1,0],[181,771]]
[[0,0],[1,0],[29,771]]
[[0,0],[1,0],[146,771]]
[[0,0],[1,0],[79,771]]
[[0,0],[1,0],[331,771]]
[[0,0],[1,0],[289,771]]
[[0,0],[1,0],[94,771]]
[[0,0],[1,0],[454,771]]
[[0,0],[1,0],[379,771]]
[[0,0],[1,0],[82,771]]
[[0,0],[1,0],[301,771]]
[[0,0],[1,0],[196,771]]
[[0,0],[1,0],[409,771]]
[[0,0],[1,0],[544,771]]
[[0,0],[1,0],[439,771]]
[[0,0],[1,0],[529,771]]
[[0,0],[1,0],[163,771]]
[[0,0],[1,0],[319,771]]
[[0,0],[1,0],[577,771]]
[[0,0],[1,0],[38,771]]
[[0,0],[1,0],[41,771]]
[[0,0],[1,0],[130,771]]
[[0,0],[1,0],[283,771]]
[[0,0],[1,0],[47,771]]
[[0,0],[1,0],[221,771]]
[[0,0],[1,0],[97,771]]
[[0,0],[1,0],[265,771]]
[[0,0],[1,0],[5,771]]
[[0,0],[1,0],[248,771]]
[[0,0],[1,0],[134,771]]
[[0,0],[1,0],[682,771]]
[[0,0],[1,0],[256,771]]
[[0,0],[1,0],[250,771]]
[[0,0],[1,0],[152,771]]
[[0,0],[1,0],[394,771]]
[[0,0],[1,0],[478,771]]
[[0,0],[1,0],[86,771]]
[[0,0],[1,0],[8,771]]
[[0,0],[1,0],[166,771]]
[[0,0],[1,0],[277,771]]
[[0,0],[1,0],[258,771]]
[[0,0],[1,0],[613,771]]
[[0,0],[1,0],[515,771]]
[[0,0],[1,0],[388,771]]
[[0,0],[1,0],[113,771]]
[[0,0],[1,0],[217,771]]
[[0,0],[1,0],[349,771]]
[[0,0],[1,0],[52,771]]
[[0,0],[1,0],[17,771]]
[[0,0],[1,0],[232,771]]
[[0,0],[1,0],[25,771]]
[[0,0],[1,0],[445,771]]
[[0,0],[1,0],[88,771]]
[[0,0],[1,0],[211,771]]
[[0,0],[1,0],[104,771]]
[[0,0],[1,0],[22,771]]
[[0,0],[1,0],[538,771]]
[[0,0],[1,0],[202,771]]
[[0,0],[1,0],[122,771]]
[[0,0],[1,0],[511,771]]
[[0,0],[1,0],[62,771]]
[[0,0],[1,0],[565,771]]
[[0,0],[1,0],[385,771]]
