[[0,0],[1,0],[212,773]]
[[0,0],[1,0],[46,773]]
[[0,0],[1,0],[56,773]]
[[0,0],[1,0],[71,773]]
[[0,0],[1,0],[174,773]]
[[0,0],[1,0],[42,773]]
[[0,0],[1,0],[284,773]]
[[0,0],[1,0],[208,773]]
[[0,0],[1,0],[75,773]]
[[0,0],[1,0],[2,773]]
[[0,0],[1,0],[30,773]]
[[0,0],[1,0],[251,773]]
[[0,0],[1,0],[96,773]]
[[0,0],[1,0],[34,773]]
[[0,0],[1,0],[10,773]]
[[0,0],[1,0],[31,773]]
[[0,0],[1,0],[152,773]]
[[0,0],[1,0],[234,773]]
[[0,0],[1,0],[114,773]]
[[0,0],[1,0],[9,773]]
[[0,0],[1,0],[118,773]]
[[0,0],[1,0],[126,773]]
[[0,0],[1,0],[88,773]]
[[0,0],[1,0],[173,773]]
[[0,0],[1,0],[78,773]]
[[0,0],[1,0],[53,773]]
[[0,0],[1,0],[107,773]]
[[0,0],[1,0],[197,773]]
[[0,0],[1,0],[22,773]]
[[0,0],[1,0],[127,773]]
[[0,0],[1,0],[23,773]]
[[0,0],[1,0],[37,773]]
[[0,0],[1,0],[3,773]]
[[0,0],[1,0],[49,773]]
[[0,0],[1,0],[20,773]]
[[0,0],[1,0],[65,773]]
[[0,0],[1,0],[57,773]]
[[0,0],[1,0],[26,773]]
[[0,0],[1,0],[16,773]]
[[0,0],[1,0],[68,773]]
[[0,0],[1,0],[172,773]]
[[0,0],[1,0],[244,773]]
[[0,0],[1,0],[115,773]]
[[0,0],[1,0],[50,773]]
[[0,0],[1,0],[60,773]]
[[0,0],[1,0],[243,773]]
[[0,0],[1,0],[213,773]]
[[0,0],[1,0],[21,773]]
[[0,0],[1,0],[76,773]]
[[0,0],[1,0],[159,773]]
[[0,0],[1,0],[101,773]]
[[0,0],[1,0],[48,773]]
[[0,0],[1,0],[79,773]]
[[0,0],[1,0],[160,773]]
[[0,0],[1,0],[113,773]]
[[0,0],[1,0],[7,773]]
[[0,0],[1,0],[89,773]]
[[0,0],[1,0],[14,773]]
[[0,0],[1,0],[28,773]]
[[0,0],[1,0],[100,773]]
[[0,0],[1,0],[24,773]]
[[0,0],[1,0],[73,773]]
[[0,0],[1,0],[125,773]]
[[0,0],[1,0],[32,773]]
[[0,0],[1,0],[18,773]]
[[0,0],[1,0],[39,773]]
[[0,0],[1,0],[52,773]]
[[0,0],[1,0],[128,773]]
[[0,0],[1,0],[5,773]]
[[0,0],[1,0],[252,773]]
[[0,0],[1,0],[63,773]]
[[0,0],[1,0],[156,773]]
[[0,0],[1,0],[166,773]]
[[0,0],[1,0],[64,773]]
[[0,0],[1,0],[54,773]]
[[0,0],[1,0],[191,773]]
[[0,0],[1,0],[264,773]]
[[0,0],[1,0],[192,773]]
[[0,0],[1,0],[13,773]]
[[0,0],[1,0],[90,773]]
[[0,0],[1,0],[77,773]]
[[0,0],[1,0],[25,773]]
[[0,0],[1,0],[11,773]]
[[0,0],[1,0],[190,773]]
[[0,0],[1,0],[267,773]]
[[0,0],[1,0],[105,773]]
[[0,0],[1,0],[209,773]]
[[0,0],[1,0],[45,773]]
[[0,0],[1,0],[182,773]]
[[0,0],[1,0],[112,773]]
[[0,0],[1,0],[108,773]]
[[0,0],[1,0],[29,773]]
[[0,0],[1,0],[36,773]]
[[0,0],[1,0],[171,773]]
[[0,0],[1,0],[41,773]]
[[0,0],[1,0],[111,773]]
[[0,0],[1,0],[40,773]]
[[0,0],[1,0],[102,773]]
[[0,0],[1,0],[47,773]]
[[0,0],[1,0],[19,773]]
[[0,0],[1,0],[106,773]]
[[0,0],[1,0],[155,773]]
[[0,0],[1,0],[67,773]]
[[0,0],[1,0],[35,773]]
[[0,0],[1,0],[12,773]]
[[0,0],[1,0],[337,773]]
[[0,0],[1,0],[51,773]]
[[0,0],[1,0],[38,773]]
[[0,0],[1,0],[198,773]]
[[0,0],[1,0],[263,773]]
[[0,0],[1,0],[163,773]]
[[0,0],[1,0],[55,773]]
[[0,0],[1,0],[170,773]]
[[0,0],[1,0],[280,773]]
[[0,0],[1,0],[17,773]]
[[0,0],[1,0],[1,773]]
[[0,0],[1,0],[74,773]]
[[0,0],[1,0],[15,773]]
[[0,0],[1,0],[183,773]]
[[0,0],[1,0],[177,773]]
[[0,0],[1,0],[207,773]]
[[0,0],[1,0],[66,773]]
[[0,0],[1,0],[72,773]]
[[0,0],[1,0],[8,773]]
[[0,0],[1,0],[6,773]]
[[0,0],[1,0],[4,773]]
[[0,0],[1,0],[268,773]]
[[0,0],[1,0],[33,773]]
[[0,0],[1,0],[97,773]]
[[0,0],[1,0],[27,773]]
