[[0,0],[1,0],[63,775]]
[[0,0],[1,0],[89,775]]
[[0,0],[1,0],[231,775]]
[[0,0],[1,0],[531,775]]
[[0,0],[1,0],[179,775]]
[[0,0],[1,0],[501,775]]
[[0,0],[1,0],[4,775]]
[[0,0],[1,0],[18,775]]
[[0,0],[1,0],[188,775]]
[[0,0],[1,0],[34,775]]
[[0,0],[1,0],[116,775]]
[[0,0],[1,0],[11,775]]
[[0,0],[1,0],[72,775]]
[[0,0],[1,0],[481,775]]
[[0,0],[1,0],[435,775]]
[[0,0],[1,0],[193,775]]
[[0,0],[1,0],[566,775]]
[[0,0],[1,0],[156,775]]
[[0,0],[1,0],[119,775]]
[[0,0],[1,0],[246,775]]
[[0,0],[1,0],[49,775]]
[[0,0],[1,0],[67,775]]
[[0,0],[1,0],[172,775]]
[[0,0],[1,0],[39,775]]
[[0,0],[1,0],[53,775]]
[[0,0],[5,0],[5,155]]
[[0,0],[1,0],[46,775]]
[[0,0],[1,0],[451,775]]
[[0,0],[1,0],[526,775]]
[[0,0],[1,0],[112,775]]
[[0,0],[1,0],[176,775]]
[[0,0],[1,0],[201,775]]
[[0,0],[1,0],[208,775]]
[[0,0],[1,0],[226,775]]
[[0,0],[1,0],[576,775]]
[[0,0],[1,0],[78,775]]
[[0,0],[1,0],[28,775]]
[[0,0],[1,0],[13,775]]
[[0,0],[1,0],[61,775]]
[[0,0],[1,0],[197,775]]
[[0,0],[1,0],[1,775]]
[[0,0],[1,0],[92,775]]
[[0,0],[1,0],[2,775]]
[[0,0],[1,0],[106,775]]
[[0,0],[1,0],[601,775]]
[[0,0],[1,0],[311,775]]
[[0,0],[1,0],[57,775]]
[[0,0],[1,0],[37,775]]
[[0,0],[1,0],[187,775]]
[[0,0],[1,0],[3,775]]
[[0,0],[1,0],[36,775]]
[[0,0],[1,0],[143,775]]
[[0,0],[1,0],[136,775]]
[[0,0],[1,0],[154,775]]
[[0,0],[1,0],[74,775]]
[[0,0],[1,0],[745,775]]
[[0,0],[1,0],[54,775]]
[[0,0],[1,0],[381,775]]
[[0,0],[1,0],[441,775]]
[[0,0],[1,0],[236,775]]
[[0,0],[1,0],[361,775]]
[[0,0],[1,0],[12,775]]
[[0,0],[1,0],[64,775]]
[[0,0],[1,0],[108,775]]
[[0,0],[1,0],[164,775]]
[[0,0],[1,0],[247,775]]
[[0,0],[1,0],[559,775]]
[[0,0],[1,0],[6,775]]
[[0,0],[1,0],[59,775]]
[[0,0],[1,0],[19,775]]
[[0,0],[1,0],[126,775]]
[[0,0],[1,0],[276,775]]
[[0,0],[1,0],[26,775]]
[[0,0],[1,0],[32,775]]
[[0,0],[1,0],[16,775]]
[[0,0],[1,0],[237,775]]
[[0,0],[5,0],[60,155]]
[[0,0],[1,0],[73,775]]
[[0,0],[1,0],[191,775]]
[[0,0],[1,0],[386,775]]
[[0,0],[1,0],[91,775]]
[[0,0],[1,0],[192,775]]
[[0,0],[1,0],[27,775]]
[[0,0],[1,0],[58,775]]
[[0,0],[1,0],[133,775]]
[[0,0],[1,0],[121,775]]
[[0,0],[1,0],[261,775]]
[[0,0],[1,0],[151,775]]
[[0,0],[1,0],[125,775]]
[[0,0],[1,0],[161,775]]
[[0,0],[1,0],[396,775]]
[[0,0],[1,0],[286,775]]
[[0,0],[1,0],[497,775]]
[[0,0],[1,0],[66,775]]
[[0,0],[1,0],[7,775]]
[[0,0],[1,0],[144,775]]
[[0,0],[1,0],[23,775]]
[[0,0],[1,0],[14,775]]
[[0,0],[1,0],[101,775]]
[[0,0],[1,0],[241,775]]
[[0,0],[1,0],[171,775]]
[[0,0],[1,0],[181,775]]
[[0,0],[1,0],[29,775]]
[[0,0],[1,0],[581,775]]
[[0,0],[1,0],[51,775]]
[[0,0],[1,0],[71,775]]
[[0,0],[1,0],[9,775]]
[[0,0],[1,0],[262,775]]
[[0,0],[1,0],[94,775]]
[[0,0],[1,0],[296,775]]
[[0,0],[1,0],[486,775]]
[[0,0],[1,0],[146,775]]
[[0,0],[1,0],[79,775]]
[[0,0],[1,0],[321,775]]
[[0,0],[1,0],[316,775]]
[[0,0],[5,0],[20,155]]
[[0,0],[1,0],[82,775]]
[[0,0],[1,0],[163,775]]
[[0,0],[1,0],[301,775]]
[[0,0],[1,0],[196,775]]
[[0,0],[1,0],[38,775]]
[[0,0],[1,0],[591,775]]
[[0,0],[1,0],[41,775]]
[[0,0],[1,0],[319,775]]
[[0,0],[1,0],[280,775]]
[[0,0],[1,0],[127,775]]
[[0,0],[1,0],[661,775]]
[[0,0],[1,0],[263,775]]
[[0,0],[5,0],[10,155]]
[[0,0],[1,0],[221,775]]
[[0,0],[1,0],[24,775]]
[[0,0],[1,0],[81,775]]
[[0,0],[1,0],[342,775]]
[[0,0],[1,0],[134,775]]
[[0,0],[1,0],[21,775]]
[[0,0],[1,0],[371,775]]
[[0,0],[1,0],[152,775]]
[[0,0],[1,0],[162,775]]
[[0,0],[1,0],[107,775]]
[[0,0],[1,0],[86,775]]
[[0,0],[1,0],[8,775]]
[[0,0],[1,0],[166,775]]
[[0,0],[1,0],[206,775]]
[[0,0],[1,0],[153,775]]
[[0,0],[1,0],[271,775]]
[[0,0],[1,0],[111,775]]
[[0,0],[1,0],[128,775]]
[[0,0],[1,0],[33,775]]
[[0,0],[1,0],[17,775]]
[[0,0],[1,0],[56,775]]
[[0,0],[1,0],[52,775]]
[[0,0],[1,0],[521,775]]
[[0,0],[1,0],[571,775]]
[[0,0],[1,0],[249,775]]
[[0,0],[1,0],[666,775]]
[[0,0],[1,0],[42,775]]
[[0,0],[1,0],[590,775]]
[[0,0],[1,0],[88,775]]
[[0,0],[1,0],[104,775]]
[[0,0],[1,0],[546,775]]
[[0,0],[1,0],[22,775]]
[[0,0],[5,0],[15,155]]
[[0,0],[1,0],[137,775]]
[[0,0],[1,0],[96,775]]
[[0,0],[5,0],[30,155]]
[[0,0],[5,0],[25,155]]
[[0,0],[1,0],[213,775]]
[[0,0],[1,0],[561,775]]
[[0,0],[1,0],[616,775]]
