[[0,0],[1,0],[179,776]]
[[0,0],[1,0],[533,776]]
[[0,0],[1,0],[165,776]]
[[0,0],[1,0],[513,776]]
[[0,0],[1,0],[383,776]]
[[0,0],[2,0],[70,388]]
[[0,0],[1,0],[169,776]]
[[0,0],[2,0],[46,388]]
[[0,0],[2,0],[182,388]]
[[0,0],[1,0],[235,776]]
[[0,0],[1,0],[89,776]]
[[0,0],[2,0],[58,388]]
[[0,0],[1,0],[397,776]]
[[0,0],[2,0],[258,388]]
[[0,0],[1,0],[603,776]]
[[0,0],[1,0],[123,776]]
[[0,0],[1,0],[553,776]]
[[0,0],[1,0],[141,776]]
[[0,0],[1,0],[193,776]]
[[0,0],[1,0],[323,776]]
[[0,0],[1,0],[599,776]]
[[0,0],[1,0],[431,776]]
[[0,0],[1,0],[583,776]]
[[0,0],[1,0],[11,776]]
[[0,0],[1,0],[487,776]]
[[0,0],[1,0],[359,776]]
[[0,0],[2,0],[6,388]]
[[0,0],[2,0],[10,388]]
[[0,0],[1,0],[119,776]]
[[0,0],[1,0],[680,776]]
[[0,0],[1,0],[83,776]]
[[0,0],[1,0],[103,776]]
[[0,0],[1,0],[403,776]]
[[0,0],[1,0],[67,776]]
[[0,0],[1,0],[341,776]]
[[0,0],[1,0],[49,776]]
[[0,0],[1,0],[39,776]]
[[0,0],[1,0],[53,776]]
[[0,0],[1,0],[451,776]]
[[0,0],[2,0],[82,388]]
[[0,0],[1,0],[159,776]]
[[0,0],[2,0],[196,388]]
[[0,0],[1,0],[377,776]]
[[0,0],[1,0],[547,776]]
[[0,0],[1,0],[303,776]]
[[0,0],[2,0],[110,388]]
[[0,0],[1,0],[475,776]]
[[0,0],[1,0],[75,776]]
[[0,0],[2,0],[134,388]]
[[0,0],[2,0],[90,388]]
[[0,0],[1,0],[131,776]]
[[0,0],[1,0],[13,776]]
[[0,0],[1,0],[61,776]]
[[0,0],[2,0],[170,388]]
[[0,0],[2,0],[126,388]]
[[0,0],[1,0],[201,776]]
[[0,0],[1,0],[99,776]]
[[0,0],[1,0],[273,776]]
[[0,0],[1,0],[1,776]]
[[0,0],[1,0],[281,776]]
[[0,0],[1,0],[43,776]]
[[0,0],[1,0],[197,776]]
[[0,0],[1,0],[87,776]]
[[0,0],[1,0],[311,776]]
[[0,0],[2,0],[66,388]]
[[0,0],[1,0],[429,776]]
[[0,0],[1,0],[279,776]]
[[0,0],[1,0],[3,776]]
[[0,0],[1,0],[143,776]]
[[0,0],[1,0],[315,776]]
[[0,0],[1,0],[637,776]]
[[0,0],[1,0],[455,776]]
[[0,0],[1,0],[98,776]]
[[0,0],[1,0],[467,776]]
[[0,0],[1,0],[357,776]]
[[0,0],[1,0],[57,776]]
[[0,0],[1,0],[449,776]]
[[0,0],[1,0],[77,776]]
[[0,0],[2,0],[98,388]]
[[0,0],[1,0],[375,776]]
[[0,0],[1,0],[203,776]]
[[0,0],[1,0],[253,776]]
[[0,0],[2,0],[178,388]]
[[0,0],[1,0],[469,776]]
[[0,0],[1,0],[447,776]]
[[0,0],[1,0],[505,776]]
[[0,0],[2,0],[38,388]]
[[0,0],[2,0],[358,388]]
[[0,0],[1,0],[707,776]]
[[0,0],[1,0],[389,776]]
[[0,0],[1,0],[109,776]]
[[0,0],[1,0],[775,776]]
[[0,0],[1,0],[157,776]]
[[0,0],[1,0],[55,776]]
[[0,0],[1,0],[313,776]]
[[0,0],[1,0],[195,776]]
[[0,0],[1,0],[19,776]]
[[0,0],[1,0],[299,776]]
[[0,0],[1,0],[569,776]]
[[0,0],[2,0],[150,388]]
[[0,0],[1,0],[551,776]]
[[0,0],[1,0],[247,776]]
[[0,0],[1,0],[245,776]]
[[0,0],[1,0],[117,776]]
[[0,0],[1,0],[175,776]]
[[0,0],[1,0],[665,776]]
[[0,0],[2,0],[386,388]]
[[0,0],[2,0],[114,388]]
[[0,0],[1,0],[155,776]]
[[0,0],[1,0],[441,776]]
[[0,0],[1,0],[739,776]]
[[0,0],[1,0],[609,776]]
[[0,0],[1,0],[395,776]]
[[0,0],[1,0],[549,776]]
[[0,0],[2,0],[102,388]]
[[0,0],[2,0],[190,388]]
[[0,0],[1,0],[59,776]]
[[0,0],[1,0],[545,776]]
[[0,0],[1,0],[191,776]]
[[0,0],[1,0],[237,776]]
[[0,0],[1,0],[293,776]]
[[0,0],[1,0],[317,776]]
[[0,0],[1,0],[95,776]]
[[0,0],[1,0],[65,776]]
[[0,0],[1,0],[251,776]]
[[0,0],[1,0],[125,776]]
[[0,0],[1,0],[269,776]]
[[0,0],[1,0],[427,776]]
[[0,0],[1,0],[433,776]]
[[0,0],[1,0],[15,776]]
[[0,0],[1,0],[605,776]]
[[0,0],[1,0],[411,776]]
[[0,0],[2,0],[26,388]]
[[0,0],[1,0],[161,776]]
[[0,0],[2,0],[42,388]]
[[0,0],[1,0],[151,776]]
[[0,0],[1,0],[91,776]]
[[0,0],[1,0],[133,776]]
[[0,0],[2,0],[250,388]]
[[0,0],[1,0],[73,776]]
[[0,0],[1,0],[639,776]]
[[0,0],[1,0],[27,776]]
[[0,0],[1,0],[261,776]]
[[0,0],[1,0],[391,776]]
[[0,0],[1,0],[189,776]]
[[0,0],[2,0],[14,388]]
[[0,0],[1,0],[7,776]]
[[0,0],[1,0],[353,776]]
[[0,0],[1,0],[369,776]]
[[0,0],[1,0],[121,776]]
[[0,0],[1,0],[31,776]]
[[0,0],[2,0],[18,388]]
[[0,0],[1,0],[209,776]]
[[0,0],[2,0],[162,388]]
[[0,0],[1,0],[355,776]]
[[0,0],[1,0],[287,776]]
[[0,0],[1,0],[23,776]]
[[0,0],[1,0],[29,776]]
[[0,0],[1,0],[275,776]]
[[0,0],[1,0],[79,776]]
[[0,0],[1,0],[51,776]]
[[0,0],[1,0],[85,776]]
[[0,0],[1,0],[337,776]]
[[0,0],[1,0],[627,776]]
[[0,0],[1,0],[101,776]]
[[0,0],[1,0],[486,776]]
[[0,0],[1,0],[181,776]]
[[0,0],[1,0],[581,776]]
[[0,0],[1,0],[71,776]]
[[0,0],[1,0],[147,776]]
[[0,0],[1,0],[285,776]]
[[0,0],[1,0],[163,776]]
[[0,0],[1,0],[319,776]]
[[0,0],[2,0],[62,388]]
[[0,0],[1,0],[9,776]]
[[0,0],[1,0],[577,776]]
[[0,0],[1,0],[535,776]]
[[0,0],[1,0],[233,776]]
[[0,0],[1,0],[409,776]]
[[0,0],[1,0],[479,776]]
[[0,0],[1,0],[47,776]]
[[0,0],[2,0],[246,388]]
[[0,0],[1,0],[295,776]]
[[0,0],[1,0],[221,776]]
[[0,0],[1,0],[405,776]]
[[0,0],[2,0],[86,388]]
[[0,0],[1,0],[283,776]]
[[0,0],[1,0],[41,776]]
[[0,0],[1,0],[661,776]]
[[0,0],[1,0],[471,776]]
[[0,0],[1,0],[387,776]]
[[0,0],[2,0],[146,388]]
[[0,0],[2,0],[94,388]]
[[0,0],[1,0],[81,776]]
[[0,0],[1,0],[363,776]]
[[0,0],[1,0],[185,776]]
[[0,0],[1,0],[5,776]]
[[0,0],[1,0],[183,776]]
[[0,0],[1,0],[21,776]]
[[0,0],[2,0],[50,388]]
[[0,0],[2,0],[166,388]]
[[0,0],[1,0],[129,776]]
[[0,0],[1,0],[107,776]]
[[0,0],[1,0],[589,776]]
[[0,0],[1,0],[641,776]]
[[0,0],[1,0],[113,776]]
[[0,0],[1,0],[33,776]]
[[0,0],[2,0],[214,388]]
[[0,0],[1,0],[517,776]]
[[0,0],[1,0],[153,776]]
[[0,0],[1,0],[339,776]]
[[0,0],[2,0],[54,388]]
[[0,0],[1,0],[255,776]]
[[0,0],[1,0],[17,776]]
[[0,0],[1,0],[277,776]]
[[0,0],[2,0],[234,388]]
[[0,0],[1,0],[257,776]]
[[0,0],[1,0],[93,776]]
[[0,0],[1,0],[649,776]]
[[0,0],[2,0],[118,388]]
[[0,0],[1,0],[217,776]]
[[0,0],[1,0],[351,776]]
[[0,0],[1,0],[211,776]]
[[0,0],[2,0],[22,388]]
[[0,0],[1,0],[239,776]]
[[0,0],[1,0],[445,776]]
[[0,0],[1,0],[105,776]]
[[0,0],[2,0],[158,388]]
[[0,0],[2,0],[266,388]]
[[0,0],[1,0],[443,776]]
[[0,0],[1,0],[557,776]]
[[0,0],[2,0],[2,388]]
[[0,0],[1,0],[571,776]]
[[0,0],[1,0],[215,776]]
[[0,0],[2,0],[186,388]]
[[0,0],[1,0],[35,776]]
[[0,0],[1,0],[249,776]]
[[0,0],[1,0],[415,776]]
[[0,0],[1,0],[25,776]]
[[0,0],[1,0],[511,776]]
[[0,0],[2,0],[310,388]]
[[0,0],[1,0],[63,776]]
[[0,0],[1,0],[292,776]]
[[0,0],[2,0],[282,388]]
[[0,0],[2,0],[34,388]]
[[0,0],[1,0],[213,776]]
[[0,0],[1,0],[267,776]]
[[0,0],[2,0],[314,388]]
[[0,0],[1,0],[45,776]]
[[0,0],[1,0],[145,776]]
