[[0,0],[1,0],[45,782]]
[[0,0],[1,0],[766,782]]
[[0,0],[1,0],[169,782]]
[[0,0],[1,0],[165,782]]
[[0,0],[1,0],[597,782]]
[[0,0],[1,0],[533,782]]
[[0,0],[1,0],[417,782]]
[[0,0],[1,0],[225,782]]
[[0,0],[1,0],[565,782]]
[[0,0],[1,0],[188,782]]
[[0,0],[1,0],[89,782]]
[[0,0],[1,0],[235,782]]
[[0,0],[1,0],[392,782]]
[[0,0],[1,0],[231,782]]
[[0,0],[1,0],[383,782]]
[[0,0],[1,0],[630,782]]
[[0,0],[1,0],[18,782]]
[[0,0],[1,0],[397,782]]
[[0,0],[1,0],[123,782]]
[[0,0],[1,0],[300,782]]
[[0,0],[1,0],[481,782]]
[[0,0],[1,0],[435,782]]
[[0,0],[1,0],[193,782]]
[[0,0],[2,0],[255,391]]
[[0,0],[1,0],[116,782]]
[[0,0],[1,0],[141,782]]
[[0,0],[1,0],[323,782]]
[[0,0],[1,0],[11,782]]
[[0,0],[1,0],[431,782]]
[[0,0],[1,0],[83,782]]
[[0,0],[1,0],[49,782]]
[[0,0],[1,0],[67,782]]
[[0,0],[1,0],[484,782]]
[[0,0],[1,0],[305,782]]
[[0,0],[1,0],[70,782]]
[[0,0],[1,0],[341,782]]
[[0,0],[1,0],[421,782]]
[[0,0],[1,0],[103,782]]
[[0,0],[1,0],[485,782]]
[[0,0],[1,0],[491,782]]
[[0,0],[1,0],[655,782]]
[[0,0],[1,0],[39,782]]
[[0,0],[1,0],[53,782]]
[[0,0],[1,0],[173,782]]
[[0,0],[1,0],[159,782]]
[[0,0],[1,0],[507,782]]
[[0,0],[1,0],[562,782]]
[[0,0],[1,0],[177,782]]
[[0,0],[1,0],[303,782]]
[[0,0],[1,0],[635,782]]
[[0,0],[1,0],[645,782]]
[[0,0],[1,0],[131,782]]
[[0,0],[1,0],[358,782]]
[[0,0],[1,0],[201,782]]
[[0,0],[1,0],[273,782]]
[[0,0],[1,0],[13,782]]
[[0,0],[1,0],[61,782]]
[[0,0],[1,0],[208,782]]
[[0,0],[1,0],[695,782]]
[[0,0],[1,0],[1,782]]
[[0,0],[1,0],[281,782]]
[[0,0],[1,0],[576,782]]
[[0,0],[1,0],[563,782]]
[[0,0],[1,0],[596,782]]
[[0,0],[1,0],[43,782]]
[[0,0],[1,0],[290,782]]
[[0,0],[1,0],[167,782]]
[[0,0],[1,0],[223,782]]
[[0,0],[1,0],[259,782]]
[[0,0],[1,0],[3,782]]
[[0,0],[1,0],[315,782]]
[[0,0],[1,0],[311,782]]
[[0,0],[1,0],[279,782]]
[[0,0],[1,0],[143,782]]
[[0,0],[1,0],[57,782]]
[[0,0],[1,0],[37,782]]
[[0,0],[1,0],[229,782]]
[[0,0],[1,0],[327,782]]
[[0,0],[1,0],[423,782]]
[[0,0],[1,0],[199,782]]
[[0,0],[1,0],[154,782]]
[[0,0],[1,0],[698,782]]
[[0,0],[1,0],[77,782]]
[[0,0],[1,0],[203,782]]
[[0,0],[1,0],[367,782]]
[[0,0],[1,0],[469,782]]
[[0,0],[1,0],[707,782]]
[[0,0],[1,0],[109,782]]
[[0,0],[1,0],[457,782]]
[[0,0],[1,0],[157,782]]
[[0,0],[1,0],[19,782]]
[[0,0],[1,0],[195,782]]
[[0,0],[1,0],[55,782]]
[[0,0],[1,0],[245,782]]
[[0,0],[1,0],[117,782]]
[[0,0],[1,0],[335,782]]
[[0,0],[1,0],[395,782]]
[[0,0],[1,0],[139,782]]
[[0,0],[1,0],[545,782]]
[[0,0],[1,0],[59,782]]
[[0,0],[1,0],[346,782]]
[[0,0],[1,0],[69,782]]
[[0,0],[1,0],[65,782]]
[[0,0],[1,0],[222,782]]
[[0,0],[1,0],[438,782]]
[[0,0],[1,0],[426,782]]
[[0,0],[1,0],[525,782]]
[[0,0],[1,0],[191,782]]
[[0,0],[1,0],[293,782]]
[[0,0],[1,0],[317,782]]
[[0,0],[1,0],[251,782]]
[[0,0],[1,0],[95,782]]
[[0,0],[1,0],[433,782]]
[[0,0],[1,0],[753,782]]
[[0,0],[1,0],[125,782]]
[[0,0],[1,0],[269,782]]
[[0,0],[1,0],[227,782]]
[[0,0],[1,0],[411,782]]
[[0,0],[1,0],[73,782]]
[[0,0],[1,0],[497,782]]
[[0,0],[1,0],[91,782]]
[[0,0],[1,0],[453,782]]
[[0,0],[1,0],[27,782]]
[[0,0],[1,0],[15,782]]
[[0,0],[1,0],[133,782]]
[[0,0],[1,0],[353,782]]
[[0,0],[1,0],[121,782]]
[[0,0],[1,0],[151,782]]
[[0,0],[1,0],[189,782]]
[[0,0],[1,0],[209,782]]
[[0,0],[1,0],[355,782]]
[[0,0],[1,0],[7,782]]
[[0,0],[1,0],[31,782]]
[[0,0],[1,0],[401,782]]
[[0,0],[1,0],[287,782]]
[[0,0],[1,0],[627,782]]
[[0,0],[1,0],[79,782]]
[[0,0],[1,0],[101,782]]
[[0,0],[1,0],[171,782]]
[[0,0],[1,0],[181,782]]
[[0,0],[1,0],[494,782]]
[[0,0],[1,0],[163,782]]
[[0,0],[1,0],[71,782]]
[[0,0],[1,0],[577,782]]
[[0,0],[1,0],[9,782]]
[[0,0],[1,0],[331,782]]
[[0,0],[1,0],[379,782]]
[[0,0],[1,0],[233,782]]
[[0,0],[1,0],[528,782]]
[[0,0],[1,0],[324,782]]
[[0,0],[1,0],[319,782]]
[[0,0],[1,0],[393,782]]
[[0,0],[1,0],[535,782]]
[[0,0],[1,0],[333,782]]
[[0,0],[1,0],[97,782]]
[[0,0],[1,0],[373,782]]
[[0,0],[1,0],[439,782]]
[[0,0],[1,0],[120,782]]
[[0,0],[1,0],[254,782]]
[[0,0],[1,0],[41,782]]
[[0,0],[1,0],[781,782]]
[[0,0],[1,0],[47,782]]
[[0,0],[1,0],[24,782]]
[[0,0],[1,0],[405,782]]
[[0,0],[1,0],[607,782]]
[[0,0],[1,0],[283,782]]
[[0,0],[1,0],[295,782]]
[[0,0],[1,0],[309,782]]
[[0,0],[1,0],[541,782]]
[[0,0],[1,0],[81,782]]
[[0,0],[1,0],[633,782]]
[[0,0],[1,0],[263,782]]
[[0,0],[1,0],[530,782]]
[[0,0],[1,0],[363,782]]
[[0,0],[1,0],[732,782]]
[[0,0],[1,0],[265,782]]
[[0,0],[1,0],[622,782]]
[[0,0],[1,0],[5,782]]
[[0,0],[1,0],[760,782]]
[[0,0],[1,0],[668,782]]
[[0,0],[1,0],[86,782]]
[[0,0],[1,0],[21,782]]
[[0,0],[1,0],[256,782]]
[[0,0],[1,0],[183,782]]
[[0,0],[1,0],[111,782]]
[[0,0],[1,0],[162,782]]
[[0,0],[1,0],[539,782]]
[[0,0],[1,0],[407,782]]
[[0,0],[1,0],[107,782]]
[[0,0],[1,0],[113,782]]
[[0,0],[1,0],[33,782]]
[[0,0],[1,0],[683,782]]
[[0,0],[1,0],[664,782]]
[[0,0],[1,0],[277,782]]
[[0,0],[1,0],[93,782]]
[[0,0],[1,0],[105,782]]
[[0,0],[1,0],[413,782]]
[[0,0],[1,0],[211,782]]
[[0,0],[1,0],[135,782]]
[[0,0],[1,0],[461,782]]
[[0,0],[1,0],[443,782]]
[[0,0],[1,0],[52,782]]
[[0,0],[1,0],[445,782]]
[[0,0],[1,0],[521,782]]
[[0,0],[1,0],[239,782]]
[[0,0],[1,0],[25,782]]
[[0,0],[1,0],[35,782]]
[[0,0],[1,0],[215,782]]
[[0,0],[1,0],[653,782]]
[[0,0],[1,0],[137,782]]
[[0,0],[1,0],[511,782]]
[[0,0],[1,0],[307,782]]
[[0,0],[1,0],[267,782]]
[[0,0],[1,0],[63,782]]
[[0,0],[1,0],[145,782]]
[[0,0],[1,0],[213,782]]
[[0,0],[1,0],[585,782]]
[[0,0],[1,0],[179,782]]
