[[0,0],[1,0],[13,784]]
[[0,0],[1,0],[137,784]]
[[0,0],[1,0],[227,784]]
[[0,0],[1,0],[470,784]]
[[0,0],[1,0],[1,784]]
[[0,0],[1,0],[263,784]]
[[0,0],[2,0],[162,392]]
[[0,0],[2,0],[58,392]]
[[0,0],[1,0],[83,784]]
[[0,0],[1,0],[99,784]]
[[0,0],[2,0],[178,392]]
[[0,0],[1,0],[365,784]]
[[0,0],[1,0],[329,784]]
[[0,0],[1,0],[265,784]]
[[0,0],[1,0],[67,784]]
[[0,0],[1,0],[299,784]]
[[0,0],[1,0],[274,784]]
[[0,0],[1,0],[61,784]]
[[0,0],[1,0],[129,784]]
[[0,0],[4,0],[12,196]]
[[0,0],[1,0],[353,784]]
[[0,0],[1,0],[722,784]]
[[0,0],[2,0],[118,392]]
[[0,0],[1,0],[582,784]]
[[0,0],[1,0],[439,784]]
[[0,0],[1,0],[777,784]]
[[0,0],[2,0],[82,392]]
[[0,0],[1,0],[134,784]]
[[0,0],[2,0],[174,392]]
[[0,0],[1,0],[165,784]]
[[0,0],[1,0],[73,784]]
[[0,0],[4,0],[24,196]]
[[0,0],[1,0],[29,784]]
[[0,0],[1,0],[19,784]]
[[0,0],[2,0],[102,392]]
[[0,0],[7,0],[105,112]]
[[0,0],[1,0],[541,784]]
[[0,0],[1,0],[603,784]]
[[0,0],[1,0],[563,784]]
[[0,0],[2,0],[78,392]]
[[0,0],[1,0],[43,784]]
[[0,0],[1,0],[109,784]]
[[0,0],[1,0],[302,784]]
[[0,0],[1,0],[736,784]]
[[0,0],[1,0],[217,784]]
[[0,0],[1,0],[92,784]]
[[0,0],[4,0],[4,196]]
[[0,0],[1,0],[409,784]]
[[0,0],[1,0],[363,784]]
[[0,0],[1,0],[319,784]]
[[0,0],[1,0],[393,784]]
[[0,0],[1,0],[117,784]]
[[0,0],[1,0],[260,784]]
[[0,0],[1,0],[5,784]]
[[0,0],[1,0],[22,784]]
[[0,0],[1,0],[591,784]]
[[0,0],[1,0],[162,784]]
[[0,0],[2,0],[184,392]]
[[0,0],[1,0],[385,784]]
[[0,0],[1,0],[55,784]]
[[0,0],[1,0],[106,784]]
[[0,0],[7,0],[49,112]]
[[0,0],[1,0],[535,784]]
[[0,0],[7,0],[63,112]]
[[0,0],[2,0],[170,392]]
[[0,0],[1,0],[261,784]]
[[0,0],[1,0],[187,784]]
[[0,0],[2,0],[100,392]]
[[0,0],[1,0],[233,784]]
[[0,0],[1,0],[141,784]]
[[0,0],[1,0],[155,784]]
[[0,0],[1,0],[610,784]]
[[0,0],[1,0],[783,784]]
[[0,0],[4,0],[88,196]]
[[0,0],[1,0],[344,784]]
[[0,0],[1,0],[235,784]]
[[0,0],[1,0],[386,784]]
[[0,0],[1,0],[215,784]]
[[0,0],[1,0],[540,784]]
[[0,0],[2,0],[2,392]]
[[0,0],[1,0],[415,784]]
[[0,0],[1,0],[97,784]]
[[0,0],[1,0],[139,784]]
[[0,0],[1,0],[223,784]]
[[0,0],[1,0],[163,784]]
[[0,0],[2,0],[34,392]]
[[0,0],[2,0],[352,392]]
[[0,0],[28,0],[0,28]]
[[0,0],[14,0],[14,56]]
[[0,0],[4,0],[76,196]]
[[0,0],[2,0],[296,392]]
[[0,0],[1,0],[484,784]]
[[0,0],[2,0],[286,392]]
[[0,0],[1,0],[443,784]]
[[0,0],[1,0],[283,784]]
[[0,0],[2,0],[234,392]]
[[0,0],[1,0],[498,784]]
[[0,0],[1,0],[69,784]]
[[0,0],[1,0],[764,784]]
[[0,0],[1,0],[195,784]]
[[0,0],[1,0],[554,784]]
[[0,0],[1,0],[33,784]]
[[0,0],[1,0],[149,784]]
[[0,0],[1,0],[218,784]]
[[0,0],[1,0],[251,784]]
[[0,0],[1,0],[625,784]]
[[0,0],[1,0],[39,784]]
[[0,0],[2,0],[190,392]]
[[0,0],[1,0],[267,784]]
[[0,0],[1,0],[687,784]]
[[0,0],[1,0],[373,784]]
[[0,0],[1,0],[36,784]]
[[0,0],[1,0],[428,784]]
[[0,0],[1,0],[321,784]]
[[0,0],[1,0],[183,784]]
[[0,0],[1,0],[297,784]]
[[0,0],[1,0],[307,784]]
[[0,0],[1,0],[246,784]]
[[0,0],[1,0],[631,784]]
[[0,0],[1,0],[177,784]]
[[0,0],[1,0],[571,784]]
[[0,0],[1,0],[721,784]]
[[0,0],[1,0],[79,784]]
[[0,0],[1,0],[269,784]]
[[0,0],[1,0],[9,784]]
[[0,0],[1,0],[347,784]]
[[0,0],[4,0],[20,196]]
[[0,0],[1,0],[105,784]]
[[0,0],[1,0],[95,784]]
[[0,0],[2,0],[166,392]]
[[0,0],[2,0],[212,392]]
[[0,0],[1,0],[313,784]]
[[0,0],[1,0],[383,784]]
[[0,0],[2,0],[38,392]]
[[0,0],[1,0],[285,784]]
[[0,0],[2,0],[6,392]]
[[0,0],[1,0],[666,784]]
[[0,0],[1,0],[389,784]]
[[0,0],[1,0],[405,784]]
[[0,0],[1,0],[50,784]]
[[0,0],[2,0],[30,392]]
[[0,0],[2,0],[270,392]]
[[0,0],[1,0],[53,784]]
[[0,0],[2,0],[10,392]]
[[0,0],[1,0],[417,784]]
[[0,0],[1,0],[11,784]]
[[0,0],[2,0],[22,392]]
[[0,0],[1,0],[107,784]]
[[0,0],[1,0],[57,784]]
[[0,0],[1,0],[78,784]]
[[0,0],[2,0],[240,392]]
[[0,0],[1,0],[143,784]]
[[0,0],[2,0],[186,392]]
[[0,0],[1,0],[442,784]]
[[0,0],[1,0],[145,784]]
[[0,0],[1,0],[633,784]]
[[0,0],[2,0],[134,392]]
[[0,0],[1,0],[23,784]]
[[0,0],[1,0],[239,784]]
[[0,0],[1,0],[397,784]]
[[0,0],[1,0],[31,784]]
[[0,0],[1,0],[205,784]]
[[0,0],[1,0],[51,784]]
[[0,0],[1,0],[173,784]]
[[0,0],[2,0],[74,392]]
[[0,0],[1,0],[241,784]]
[[0,0],[1,0],[481,784]]
[[0,0],[2,0],[390,392]]
[[0,0],[1,0],[229,784]]
[[0,0],[2,0],[46,392]]
[[0,0],[1,0],[361,784]]
[[0,0],[1,0],[111,784]]
[[0,0],[1,0],[201,784]]
[[0,0],[1,0],[275,784]]
[[0,0],[2,0],[150,392]]
[[0,0],[1,0],[467,784]]
[[0,0],[2,0],[26,392]]
[[0,0],[1,0],[89,784]]
[[0,0],[1,0],[75,784]]
[[0,0],[2,0],[110,392]]
[[0,0],[1,0],[659,784]]
[[0,0],[2,0],[128,392]]
[[0,0],[1,0],[461,784]]
[[0,0],[1,0],[101,784]]
[[0,0],[2,0],[138,392]]
[[0,0],[1,0],[291,784]]
[[0,0],[1,0],[609,784]]
[[0,0],[1,0],[171,784]]
[[0,0],[2,0],[156,392]]
[[0,0],[2,0],[194,392]]
[[0,0],[2,0],[130,392]]
[[0,0],[1,0],[27,784]]
[[0,0],[2,0],[18,392]]
[[0,0],[1,0],[553,784]]
[[0,0],[2,0],[324,392]]
[[0,0],[2,0],[16,392]]
[[0,0],[2,0],[330,392]]
[[0,0],[1,0],[279,784]]
[[0,0],[2,0],[54,392]]
[[0,0],[4,0],[16,196]]
[[0,0],[1,0],[41,784]]
[[0,0],[2,0],[380,392]]
[[0,0],[1,0],[207,784]]
[[0,0],[1,0],[708,784]]
[[0,0],[1,0],[305,784]]
[[0,0],[1,0],[253,784]]
[[0,0],[1,0],[199,784]]
[[0,0],[1,0],[211,784]]
[[0,0],[1,0],[311,784]]
[[0,0],[7,0],[7,112]]
[[0,0],[1,0],[87,784]]
[[0,0],[1,0],[638,784]]
[[0,0],[1,0],[47,784]]
[[0,0],[1,0],[225,784]]
[[0,0],[1,0],[325,784]]
[[0,0],[1,0],[665,784]]
[[0,0],[1,0],[527,784]]
[[0,0],[1,0],[381,784]]
[[0,0],[1,0],[661,784]]
[[0,0],[1,0],[17,784]]
[[0,0],[1,0],[281,784]]
[[0,0],[1,0],[121,784]]
[[0,0],[1,0],[167,784]]
[[0,0],[1,0],[131,784]]
[[0,0],[1,0],[627,784]]
[[0,0],[1,0],[293,784]]
[[0,0],[7,0],[21,112]]
[[0,0],[7,0],[35,112]]
[[0,0],[1,0],[349,784]]
[[0,0],[1,0],[37,784]]
[[0,0],[1,0],[497,784]]
[[0,0],[1,0],[113,784]]
[[0,0],[1,0],[316,784]]
[[0,0],[1,0],[15,784]]
[[0,0],[14,0],[42,56]]
[[0,0],[4,0],[8,196]]
[[0,0],[1,0],[277,784]]
[[0,0],[1,0],[414,784]]
[[0,0],[1,0],[669,784]]
[[0,0],[1,0],[694,784]]
[[0,0],[1,0],[127,784]]
[[0,0],[1,0],[65,784]]
[[0,0],[1,0],[391,784]]
[[0,0],[1,0],[331,784]]
[[0,0],[1,0],[93,784]]
[[0,0],[2,0],[94,392]]
[[0,0],[4,0],[72,196]]
[[0,0],[1,0],[565,784]]
[[0,0],[1,0],[355,784]]
[[0,0],[1,0],[596,784]]
[[0,0],[1,0],[358,784]]
[[0,0],[1,0],[339,784]]
[[0,0],[1,0],[3,784]]
[[0,0],[1,0],[255,784]]
[[0,0],[1,0],[750,784]]
[[0,0],[1,0],[237,784]]
[[0,0],[1,0],[45,784]]
[[0,0],[2,0],[44,392]]
[[0,0],[1,0],[778,784]]
[[0,0],[1,0],[372,784]]
[[0,0],[1,0],[295,784]]
[[0,0],[1,0],[359,784]]
[[0,0],[1,0],[135,784]]
[[0,0],[1,0],[204,784]]
[[0,0],[1,0],[457,784]]
[[0,0],[1,0],[81,784]]
[[0,0],[2,0],[142,392]]
[[0,0],[1,0],[330,784]]
[[0,0],[1,0],[309,784]]
[[0,0],[1,0],[599,784]]
[[0,0],[1,0],[59,784]]
[[0,0],[1,0],[247,784]]
[[0,0],[1,0],[652,784]]
[[0,0],[4,0],[32,196]]
[[0,0],[1,0],[197,784]]
[[0,0],[1,0],[161,784]]
[[0,0],[1,0],[148,784]]
[[0,0],[1,0],[433,784]]
[[0,0],[2,0],[114,392]]
[[0,0],[1,0],[103,784]]
[[0,0],[4,0],[60,196]]
[[0,0],[1,0],[273,784]]
[[0,0],[2,0],[146,392]]
[[0,0],[1,0],[526,784]]
[[0,0],[2,0],[72,392]]
[[0,0],[1,0],[85,784]]
[[0,0],[2,0],[86,392]]
[[0,0],[2,0],[90,392]]
[[0,0],[1,0],[71,784]]
[[0,0],[2,0],[50,392]]
[[0,0],[1,0],[335,784]]
[[0,0],[1,0],[209,784]]
[[0,0],[1,0],[489,784]]
[[0,0],[1,0],[25,784]]
[[0,0],[1,0],[179,784]]
[[0,0],[1,0],[169,784]]
[[0,0],[1,0],[190,784]]
[[0,0],[1,0],[271,784]]
[[0,0],[1,0],[191,784]]
[[0,0],[2,0],[198,392]]
[[0,0],[1,0],[377,784]]
[[0,0],[2,0],[268,392]]
[[0,0],[2,0],[66,392]]
[[0,0],[1,0],[289,784]]
[[0,0],[1,0],[333,784]]
[[0,0],[1,0],[337,784]]
