[[0,0],[1,0],[137,785]]
[[0,0],[1,0],[96,785]]
[[0,0],[1,0],[116,785]]
[[0,0],[1,0],[11,785]]
[[0,0],[1,0],[72,785]]
[[0,0],[1,0],[141,785]]
[[0,0],[1,0],[481,785]]
[[0,0],[1,0],[4,785]]
[[0,0],[1,0],[193,785]]
[[0,0],[1,0],[103,785]]
[[0,0],[1,0],[34,785]]
[[0,0],[1,0],[421,785]]
[[0,0],[1,0],[556,785]]
[[0,0],[1,0],[188,785]]
[[0,0],[1,0],[123,785]]
[[0,0],[1,0],[491,785]]
[[0,0],[1,0],[39,785]]
[[0,0],[1,0],[336,785]]
[[0,0],[1,0],[119,785]]
[[0,0],[1,0],[156,785]]
[[0,0],[1,0],[158,785]]
[[0,0],[1,0],[416,785]]
[[0,0],[1,0],[102,785]]
[[0,0],[1,0],[173,785]]
[[0,0],[1,0],[46,785]]
[[0,0],[1,0],[176,785]]
[[0,0],[1,0],[138,785]]
[[0,0],[1,0],[246,785]]
[[0,0],[1,0],[596,785]]
[[0,0],[1,0],[67,785]]
[[0,0],[1,0],[53,785]]
[[0,0],[1,0],[78,785]]
[[0,0],[1,0],[118,785]]
[[0,0],[1,0],[13,785]]
[[0,0],[1,0],[106,785]]
[[0,0],[1,0],[43,785]]
[[0,0],[1,0],[1,785]]
[[0,0],[1,0],[601,785]]
[[0,0],[1,0],[37,785]]
[[0,0],[1,0],[201,785]]
[[0,0],[1,0],[143,785]]
[[0,0],[1,0],[476,785]]
[[0,0],[1,0],[576,785]]
[[0,0],[1,0],[28,785]]
[[0,0],[1,0],[2,785]]
[[0,0],[1,0],[61,785]]
[[0,0],[1,0],[68,785]]
[[0,0],[1,0],[87,785]]
[[0,0],[1,0],[406,785]]
[[0,0],[1,0],[311,785]]
[[0,0],[1,0],[174,785]]
[[0,0],[1,0],[136,785]]
[[0,0],[1,0],[315,785]]
[[0,0],[1,0],[142,785]]
[[0,0],[1,0],[236,785]]
[[0,0],[1,0],[12,785]]
[[0,0],[1,0],[551,785]]
[[0,0],[1,0],[187,785]]
[[0,0],[1,0],[3,785]]
[[0,0],[1,0],[441,785]]
[[0,0],[1,0],[626,785]]
[[0,0],[1,0],[376,785]]
[[0,0],[1,0],[36,785]]
[[0,0],[1,0],[6,785]]
[[0,0],[1,0],[69,785]]
[[0,0],[1,0],[276,785]]
[[0,0],[1,0],[19,785]]
[[0,0],[1,0],[186,785]]
[[0,0],[1,0],[44,785]]
[[0,0],[1,0],[253,785]]
[[0,0],[1,0],[426,785]]
[[0,0],[1,0],[381,785]]
[[0,0],[1,0],[54,785]]
[[0,0],[1,0],[198,785]]
[[0,0],[1,0],[16,785]]
[[0,0],[1,0],[117,785]]
[[0,0],[1,0],[164,785]]
[[0,0],[1,0],[182,785]]
[[0,0],[1,0],[361,785]]
[[0,0],[1,0],[64,785]]
[[0,0],[1,0],[261,785]]
[[0,0],[1,0],[59,785]]
[[0,0],[1,0],[26,785]]
[[0,0],[1,0],[269,785]]
[[0,0],[1,0],[396,785]]
[[0,0],[1,0],[436,785]]
[[0,0],[1,0],[7,785]]
[[0,0],[1,0],[222,785]]
[[0,0],[1,0],[121,785]]
[[0,0],[1,0],[161,785]]
[[0,0],[1,0],[251,785]]
[[0,0],[1,0],[32,785]]
[[0,0],[1,0],[191,785]]
[[0,0],[1,0],[58,785]]
[[0,0],[1,0],[14,785]]
[[0,0],[1,0],[144,785]]
[[0,0],[1,0],[91,785]]
[[0,0],[1,0],[101,785]]
[[0,0],[1,0],[27,785]]
[[0,0],[1,0],[71,785]]
[[0,0],[1,0],[192,785]]
[[0,0],[1,0],[66,785]]
[[0,0],[1,0],[146,785]]
[[0,0],[1,0],[79,785]]
[[0,0],[1,0],[51,785]]
[[0,0],[1,0],[331,785]]
[[0,0],[1,0],[252,785]]
[[0,0],[1,0],[286,785]]
[[0,0],[1,0],[23,785]]
[[0,0],[1,0],[301,785]]
[[0,0],[1,0],[147,785]]
[[0,0],[1,0],[591,785]]
[[0,0],[1,0],[321,785]]
[[0,0],[1,0],[31,785]]
[[0,0],[1,0],[38,785]]
[[0,0],[1,0],[181,785]]
[[0,0],[1,0],[241,785]]
[[0,0],[1,0],[47,785]]
[[0,0],[1,0],[9,785]]
[[0,0],[1,0],[84,785]]
[[0,0],[1,0],[94,785]]
[[0,0],[1,0],[97,785]]
[[0,0],[1,0],[233,785]]
[[0,0],[1,0],[196,785]]
[[0,0],[1,0],[48,785]]
[[0,0],[1,0],[41,785]]
[[0,0],[1,0],[661,785]]
[[0,0],[1,0],[271,785]]
[[0,0],[1,0],[111,785]]
[[0,0],[1,0],[166,785]]
[[0,0],[1,0],[221,785]]
[[0,0],[1,0],[8,785]]
[[0,0],[1,0],[541,785]]
[[0,0],[1,0],[24,785]]
[[0,0],[1,0],[21,785]]
[[0,0],[1,0],[81,785]]
[[0,0],[1,0],[33,785]]
[[0,0],[1,0],[216,785]]
[[0,0],[1,0],[52,785]]
[[0,0],[1,0],[42,785]]
[[0,0],[1,0],[232,785]]
[[0,0],[1,0],[86,785]]
[[0,0],[1,0],[629,785]]
[[0,0],[1,0],[211,785]]
[[0,0],[1,0],[114,785]]
[[0,0],[1,0],[202,785]]
[[0,0],[1,0],[104,785]]
[[0,0],[1,0],[306,785]]
[[0,0],[1,0],[17,785]]
[[0,0],[1,0],[56,785]]
[[0,0],[1,0],[93,785]]
[[0,0],[1,0],[446,785]]
[[0,0],[1,0],[231,785]]
[[0,0],[1,0],[616,785]]
[[0,0],[1,0],[18,785]]
[[0,0],[1,0],[88,785]]
[[0,0],[1,0],[22,785]]
[[0,0],[1,0],[531,785]]
[[0,0],[1,0],[122,785]]
[[0,0],[1,0],[89,785]]
