[[0,0],[1,0],[225,788]]
[[0,0],[2,0],[34,394]]
[[0,0],[1,0],[11,788]]
[[0,0],[1,0],[511,788]]
[[0,0],[1,0],[169,788]]
[[0,0],[1,0],[63,788]]
[[0,0],[1,0],[435,788]]
[[0,0],[1,0],[397,788]]
[[0,0],[1,0],[487,788]]
[[0,0],[1,0],[359,788]]
[[0,0],[1,0],[141,788]]
[[0,0],[2,0],[6,394]]
[[0,0],[2,0],[12,394]]
[[0,0],[1,0],[431,788]]
[[0,0],[1,0],[123,788]]
[[0,0],[1,0],[103,788]]
[[0,0],[2,0],[10,394]]
[[0,0],[1,0],[39,788]]
[[0,0],[1,0],[377,788]]
[[0,0],[1,0],[493,788]]
[[0,0],[1,0],[119,788]]
[[0,0],[1,0],[75,788]]
[[0,0],[1,0],[291,788]]
[[0,0],[1,0],[341,788]]
[[0,0],[1,0],[733,788]]
[[0,0],[1,0],[67,788]]
[[0,0],[1,0],[303,788]]
[[0,0],[1,0],[49,788]]
[[0,0],[2,0],[52,394]]
[[0,0],[2,0],[64,394]]
[[0,0],[2,0],[4,394]]
[[0,0],[1,0],[305,788]]
[[0,0],[1,0],[53,788]]
[[0,0],[1,0],[43,788]]
[[0,0],[1,0],[115,788]]
[[0,0],[1,0],[519,788]]
[[0,0],[1,0],[507,788]]
[[0,0],[1,0],[13,788]]
[[0,0],[1,0],[1,788]]
[[0,0],[1,0],[463,788]]
[[0,0],[1,0],[601,788]]
[[0,0],[1,0],[159,788]]
[[0,0],[1,0],[201,788]]
[[0,0],[1,0],[57,788]]
[[0,0],[1,0],[37,788]]
[[0,0],[1,0],[437,788]]
[[0,0],[2,0],[60,394]]
[[0,0],[1,0],[203,788]]
[[0,0],[1,0],[465,788]]
[[0,0],[1,0],[347,788]]
[[0,0],[1,0],[177,788]]
[[0,0],[1,0],[592,788]]
[[0,0],[1,0],[131,788]]
[[0,0],[1,0],[143,788]]
[[0,0],[1,0],[621,788]]
[[0,0],[1,0],[595,788]]
[[0,0],[1,0],[343,788]]
[[0,0],[1,0],[99,788]]
[[0,0],[1,0],[273,788]]
[[0,0],[1,0],[61,788]]
[[0,0],[1,0],[87,788]]
[[0,0],[1,0],[315,788]]
[[0,0],[1,0],[367,788]]
[[0,0],[1,0],[311,788]]
[[0,0],[1,0],[389,788]]
[[0,0],[1,0],[279,788]]
[[0,0],[1,0],[313,788]]
[[0,0],[1,0],[77,788]]
[[0,0],[1,0],[299,788]]
[[0,0],[1,0],[223,788]]
[[0,0],[1,0],[643,788]]
[[0,0],[1,0],[691,788]]
[[0,0],[1,0],[3,788]]
[[0,0],[2,0],[24,394]]
[[0,0],[2,0],[48,394]]
[[0,0],[1,0],[551,788]]
[[0,0],[1,0],[395,788]]
[[0,0],[1,0],[559,788]]
[[0,0],[1,0],[139,788]]
[[0,0],[1,0],[109,788]]
[[0,0],[1,0],[19,788]]
[[0,0],[1,0],[69,788]]
[[0,0],[2,0],[102,394]]
[[0,0],[1,0],[573,788]]
[[0,0],[1,0],[297,788]]
[[0,0],[1,0],[175,788]]
[[0,0],[1,0],[293,788]]
[[0,0],[1,0],[545,788]]
[[0,0],[1,0],[198,788]]
[[0,0],[1,0],[459,788]]
[[0,0],[2,0],[8,394]]
[[0,0],[1,0],[253,788]]
[[0,0],[1,0],[155,788]]
[[0,0],[1,0],[381,788]]
[[0,0],[1,0],[361,788]]
[[0,0],[1,0],[65,788]]
[[0,0],[1,0],[245,788]]
[[0,0],[1,0],[117,788]]
[[0,0],[1,0],[525,788]]
[[0,0],[2,0],[80,394]]
[[0,0],[1,0],[149,788]]
[[0,0],[1,0],[59,788]]
[[0,0],[1,0],[195,788]]
[[0,0],[1,0],[453,788]]
[[0,0],[1,0],[157,788]]
[[0,0],[1,0],[133,788]]
[[0,0],[1,0],[121,788]]
[[0,0],[2,0],[104,394]]
[[0,0],[2,0],[142,394]]
[[0,0],[1,0],[537,788]]
[[0,0],[1,0],[7,788]]
[[0,0],[1,0],[15,788]]
[[0,0],[2,0],[26,394]]
[[0,0],[2,0],[42,394]]
[[0,0],[1,0],[705,788]]
[[0,0],[2,0],[72,394]]
[[0,0],[2,0],[28,394]]
[[0,0],[1,0],[205,788]]
[[0,0],[1,0],[191,788]]
[[0,0],[2,0],[20,394]]
[[0,0],[1,0],[91,788]]
[[0,0],[1,0],[73,788]]
[[0,0],[1,0],[27,788]]
[[0,0],[1,0],[317,788]]
[[0,0],[2,0],[14,394]]
[[0,0],[1,0],[95,788]]
[[0,0],[1,0],[171,788]]
[[0,0],[1,0],[275,788]]
[[0,0],[1,0],[151,788]]
[[0,0],[1,0],[101,788]]
[[0,0],[1,0],[51,788]]
[[0,0],[1,0],[227,788]]
[[0,0],[1,0],[71,788]]
[[0,0],[1,0],[125,788]]
[[0,0],[1,0],[331,788]]
[[0,0],[1,0],[627,788]]
[[0,0],[1,0],[289,788]]
[[0,0],[1,0],[79,788]]
[[0,0],[2,0],[18,394]]
[[0,0],[1,0],[523,788]]
[[0,0],[1,0],[527,788]]
[[0,0],[2,0],[16,394]]
[[0,0],[1,0],[147,788]]
[[0,0],[1,0],[321,788]]
[[0,0],[1,0],[219,788]]
[[0,0],[1,0],[369,788]]
[[0,0],[1,0],[23,788]]
[[0,0],[1,0],[189,788]]
[[0,0],[1,0],[209,788]]
[[0,0],[1,0],[355,788]]
[[0,0],[1,0],[577,788]]
[[0,0],[1,0],[31,788]]
[[0,0],[1,0],[85,788]]
[[0,0],[1,0],[241,788]]
[[0,0],[1,0],[287,788]]
[[0,0],[1,0],[181,788]]
[[0,0],[1,0],[29,788]]
[[0,0],[1,0],[337,788]]
[[0,0],[2,0],[62,394]]
[[0,0],[1,0],[333,788]]
[[0,0],[1,0],[9,788]]
[[0,0],[1,0],[363,788]]
[[0,0],[1,0],[185,788]]
[[0,0],[2,0],[86,394]]
[[0,0],[1,0],[379,788]]
[[0,0],[1,0],[47,788]]
[[0,0],[1,0],[615,788]]
[[0,0],[1,0],[233,788]]
[[0,0],[1,0],[575,788]]
[[0,0],[1,0],[393,788]]
[[0,0],[2,0],[88,394]]
[[0,0],[1,0],[163,788]]
[[0,0],[1,0],[5,788]]
[[0,0],[1,0],[529,788]]
[[0,0],[1,0],[207,788]]
[[0,0],[1,0],[285,788]]
[[0,0],[1,0],[373,788]]
[[0,0],[1,0],[371,788]]
[[0,0],[1,0],[319,788]]
[[0,0],[2,0],[40,394]]
[[0,0],[1,0],[41,788]]
[[0,0],[1,0],[283,788]]
[[0,0],[1,0],[405,788]]
[[0,0],[1,0],[107,788]]
[[0,0],[1,0],[127,788]]
[[0,0],[1,0],[787,788]]
[[0,0],[1,0],[309,788]]
[[0,0],[1,0],[271,788]]
[[0,0],[1,0],[153,788]]
[[0,0],[2,0],[32,394]]
[[0,0],[1,0],[129,788]]
[[0,0],[1,0],[221,788]]
[[0,0],[1,0],[387,788]]
[[0,0],[1,0],[541,788]]
[[0,0],[1,0],[81,788]]
[[0,0],[1,0],[589,788]]
[[0,0],[1,0],[33,788]]
[[0,0],[1,0],[183,788]]
[[0,0],[1,0],[21,788]]
[[0,0],[2,0],[54,394]]
[[0,0],[1,0],[339,788]]
[[0,0],[1,0],[135,788]]
[[0,0],[2,0],[50,394]]
[[0,0],[1,0],[257,788]]
[[0,0],[2,0],[22,394]]
[[0,0],[1,0],[249,788]]
[[0,0],[1,0],[25,788]]
[[0,0],[2,0],[78,394]]
[[0,0],[1,0],[461,788]]
[[0,0],[1,0],[239,788]]
[[0,0],[1,0],[113,788]]
[[0,0],[1,0],[677,788]]
[[0,0],[1,0],[267,788]]
[[0,0],[1,0],[105,788]]
[[0,0],[1,0],[17,788]]
[[0,0],[1,0],[443,788]]
[[0,0],[1,0],[571,788]]
[[0,0],[1,0],[349,788]]
[[0,0],[1,0],[255,788]]
[[0,0],[1,0],[307,788]]
[[0,0],[1,0],[385,788]]
[[0,0],[2,0],[2,394]]
[[0,0],[1,0],[365,788]]
[[0,0],[1,0],[165,788]]
[[0,0],[1,0],[93,788]]
[[0,0],[1,0],[413,788]]
[[0,0],[1,0],[235,788]]
[[0,0],[1,0],[231,788]]
[[0,0],[2,0],[96,394]]
[[0,0],[1,0],[179,788]]
[[0,0],[1,0],[89,788]]
[[0,0],[1,0],[45,788]]
[[0,0],[1,0],[137,788]]
[[0,0],[1,0],[35,788]]
