[[0,0],[1,0],[89,794]]
[[0,0],[1,0],[63,794]]
[[0,0],[1,0],[137,794]]
[[0,0],[1,0],[213,794]]
[[0,0],[1,0],[193,794]]
[[0,0],[1,0],[585,794]]
[[0,0],[1,0],[431,794]]
[[0,0],[1,0],[583,794]]
[[0,0],[1,0],[11,794]]
[[0,0],[1,0],[741,794]]
[[0,0],[1,0],[169,794]]
[[0,0],[1,0],[359,794]]
[[0,0],[1,0],[83,794]]
[[0,0],[1,0],[421,794]]
[[0,0],[1,0],[103,794]]
[[0,0],[1,0],[485,794]]
[[0,0],[1,0],[493,794]]
[[0,0],[1,0],[123,794]]
[[0,0],[1,0],[39,794]]
[[0,0],[1,0],[567,794]]
[[0,0],[1,0],[173,794]]
[[0,0],[1,0],[377,794]]
[[0,0],[1,0],[119,794]]
[[0,0],[1,0],[303,794]]
[[0,0],[1,0],[49,794]]
[[0,0],[1,0],[75,794]]
[[0,0],[1,0],[67,794]]
[[0,0],[1,0],[305,794]]
[[0,0],[1,0],[13,794]]
[[0,0],[1,0],[115,794]]
[[0,0],[1,0],[1,794]]
[[0,0],[1,0],[281,794]]
[[0,0],[1,0],[519,794]]
[[0,0],[1,0],[329,794]]
[[0,0],[1,0],[563,794]]
[[0,0],[1,0],[167,794]]
[[0,0],[1,0],[197,794]]
[[0,0],[1,0],[43,794]]
[[0,0],[1,0],[507,794]]
[[0,0],[1,0],[143,794]]
[[0,0],[1,0],[177,794]]
[[0,0],[1,0],[37,794]]
[[0,0],[1,0],[635,794]]
[[0,0],[1,0],[229,794]]
[[0,0],[1,0],[61,794]]
[[0,0],[1,0],[437,794]]
[[0,0],[1,0],[131,794]]
[[0,0],[1,0],[423,794]]
[[0,0],[1,0],[201,794]]
[[0,0],[1,0],[57,794]]
[[0,0],[1,0],[199,794]]
[[0,0],[1,0],[273,794]]
[[0,0],[1,0],[467,794]]
[[0,0],[1,0],[77,794]]
[[0,0],[1,0],[367,794]]
[[0,0],[1,0],[449,794]]
[[0,0],[1,0],[99,794]]
[[0,0],[1,0],[343,794]]
[[0,0],[1,0],[203,794]]
[[0,0],[1,0],[495,794]]
[[0,0],[1,0],[223,794]]
[[0,0],[1,0],[347,794]]
[[0,0],[1,0],[673,794]]
[[0,0],[1,0],[87,794]]
[[0,0],[1,0],[389,794]]
[[0,0],[1,0],[311,794]]
[[0,0],[1,0],[259,794]]
[[0,0],[1,0],[559,794]]
[[0,0],[1,0],[425,794]]
[[0,0],[1,0],[3,794]]
[[0,0],[1,0],[313,794]]
[[0,0],[1,0],[243,794]]
[[0,0],[1,0],[19,794]]
[[0,0],[1,0],[335,794]]
[[0,0],[1,0],[187,794]]
[[0,0],[1,0],[441,794]]
[[0,0],[1,0],[175,794]]
[[0,0],[1,0],[253,794]]
[[0,0],[1,0],[375,794]]
[[0,0],[1,0],[69,794]]
[[0,0],[1,0],[395,794]]
[[0,0],[1,0],[381,794]]
[[0,0],[1,0],[139,794]]
[[0,0],[1,0],[793,794]]
[[0,0],[1,0],[237,794]]
[[0,0],[1,0],[293,794]]
[[0,0],[1,0],[157,794]]
[[0,0],[1,0],[65,794]]
[[0,0],[1,0],[55,794]]
[[0,0],[1,0],[269,794]]
[[0,0],[1,0],[245,794]]
[[0,0],[1,0],[195,794]]
[[0,0],[1,0],[117,794]]
[[0,0],[1,0],[247,794]]
[[0,0],[1,0],[149,794]]
[[0,0],[1,0],[453,794]]
[[0,0],[1,0],[15,794]]
[[0,0],[1,0],[155,794]]
[[0,0],[1,0],[161,794]]
[[0,0],[1,0],[133,794]]
[[0,0],[1,0],[261,794]]
[[0,0],[1,0],[205,794]]
[[0,0],[1,0],[59,794]]
[[0,0],[1,0],[391,794]]
[[0,0],[1,0],[191,794]]
[[0,0],[1,0],[7,794]]
[[0,0],[1,0],[537,794]]
[[0,0],[1,0],[95,794]]
[[0,0],[1,0],[251,794]]
[[0,0],[1,0],[125,794]]
[[0,0],[1,0],[433,794]]
[[0,0],[1,0],[79,794]]
[[0,0],[1,0],[51,794]]
[[0,0],[1,0],[411,794]]
[[0,0],[1,0],[101,794]]
[[0,0],[1,0],[73,794]]
[[0,0],[1,0],[289,794]]
[[0,0],[1,0],[497,794]]
[[0,0],[1,0],[91,794]]
[[0,0],[1,0],[151,794]]
[[0,0],[1,0],[189,794]]
[[0,0],[1,0],[27,794]]
[[0,0],[1,0],[171,794]]
[[0,0],[1,0],[71,794]]
[[0,0],[1,0],[147,794]]
[[0,0],[1,0],[31,794]]
[[0,0],[1,0],[577,794]]
[[0,0],[1,0],[331,794]]
[[0,0],[1,0],[29,794]]
[[0,0],[1,0],[23,794]]
[[0,0],[1,0],[409,794]]
[[0,0],[1,0],[241,794]]
[[0,0],[1,0],[401,794]]
[[0,0],[1,0],[85,794]]
[[0,0],[1,0],[337,794]]
[[0,0],[1,0],[219,794]]
[[0,0],[1,0],[47,794]]
[[0,0],[1,0],[97,794]]
[[0,0],[1,0],[181,794]]
[[0,0],[1,0],[295,794]]
[[0,0],[1,0],[477,794]]
[[0,0],[1,0],[285,794]]
[[0,0],[1,0],[263,794]]
[[0,0],[1,0],[207,794]]
[[0,0],[1,0],[529,794]]
[[0,0],[1,0],[163,794]]
[[0,0],[1,0],[473,794]]
[[0,0],[1,0],[615,794]]
[[0,0],[1,0],[9,794]]
[[0,0],[1,0],[319,794]]
[[0,0],[1,0],[185,794]]
[[0,0],[1,0],[5,794]]
[[0,0],[1,0],[233,794]]
[[0,0],[1,0],[379,794]]
[[0,0],[1,0],[127,794]]
[[0,0],[1,0],[439,794]]
[[0,0],[1,0],[271,794]]
[[0,0],[1,0],[325,794]]
[[0,0],[1,0],[479,794]]
[[0,0],[1,0],[221,794]]
[[0,0],[1,0],[41,794]]
[[0,0],[1,0],[129,794]]
[[0,0],[1,0],[283,794]]
[[0,0],[1,0],[107,794]]
[[0,0],[1,0],[471,794]]
[[0,0],[1,0],[81,794]]
[[0,0],[1,0],[398,794]]
[[0,0],[1,0],[33,794]]
[[0,0],[1,0],[683,794]]
[[0,0],[1,0],[517,794]]
[[0,0],[1,0],[153,794]]
[[0,0],[1,0],[339,794]]
[[0,0],[1,0],[21,794]]
[[0,0],[1,0],[183,794]]
[[0,0],[1,0],[461,794]]
[[0,0],[1,0],[135,794]]
[[0,0],[1,0],[407,794]]
[[0,0],[1,0],[239,794]]
[[0,0],[1,0],[503,794]]
[[0,0],[1,0],[515,794]]
[[0,0],[1,0],[113,794]]
[[0,0],[1,0],[249,794]]
[[0,0],[1,0],[629,794]]
[[0,0],[1,0],[653,794]]
[[0,0],[1,0],[349,794]]
[[0,0],[1,0],[25,794]]
[[0,0],[1,0],[17,794]]
[[0,0],[1,0],[255,794]]
[[0,0],[1,0],[365,794]]
[[0,0],[1,0],[93,794]]
[[0,0],[1,0],[649,794]]
[[0,0],[1,0],[307,794]]
[[0,0],[1,0],[267,794]]
[[0,0],[1,0],[105,794]]
[[0,0],[1,0],[45,794]]
[[0,0],[1,0],[443,794]]
[[0,0],[1,0],[685,794]]
[[0,0],[1,0],[215,794]]
[[0,0],[1,0],[35,794]]
[[0,0],[1,0],[225,794]]
