[[0,0],[1,0],[18,797]]
[[0,0],[1,0],[72,797]]
[[0,0],[1,0],[96,797]]
[[0,0],[1,0],[63,797]]
[[0,0],[1,0],[193,797]]
[[0,0],[1,0],[62,797]]
[[0,0],[1,0],[116,797]]
[[0,0],[1,0],[11,797]]
[[0,0],[1,0],[190,797]]
[[0,0],[1,0],[169,797]]
[[0,0],[1,0],[4,797]]
[[0,0],[1,0],[70,797]]
[[0,0],[1,0],[103,797]]
[[0,0],[1,0],[172,797]]
[[0,0],[1,0],[34,797]]
[[0,0],[1,0],[242,797]]
[[0,0],[1,0],[102,797]]
[[0,0],[1,0],[291,797]]
[[0,0],[1,0],[119,797]]
[[0,0],[1,0],[75,797]]
[[0,0],[1,0],[67,797]]
[[0,0],[1,0],[46,797]]
[[0,0],[1,0],[49,797]]
[[0,0],[1,0],[112,797]]
[[0,0],[1,0],[176,797]]
[[0,0],[1,0],[13,797]]
[[0,0],[1,0],[106,797]]
[[0,0],[1,0],[1,797]]
[[0,0],[1,0],[78,797]]
[[0,0],[1,0],[159,797]]
[[0,0],[1,0],[40,797]]
[[0,0],[1,0],[143,797]]
[[0,0],[1,0],[201,797]]
[[0,0],[1,0],[99,797]]
[[0,0],[1,0],[37,797]]
[[0,0],[1,0],[229,797]]
[[0,0],[1,0],[28,797]]
[[0,0],[1,0],[61,797]]
[[0,0],[1,0],[136,797]]
[[0,0],[1,0],[80,797]]
[[0,0],[1,0],[74,797]]
[[0,0],[1,0],[77,797]]
[[0,0],[1,0],[290,797]]
[[0,0],[1,0],[20,797]]
[[0,0],[1,0],[2,797]]
[[0,0],[1,0],[68,797]]
[[0,0],[1,0],[3,797]]
[[0,0],[1,0],[87,797]]
[[0,0],[1,0],[12,797]]
[[0,0],[1,0],[6,797]]
[[0,0],[1,0],[108,797]]
[[0,0],[1,0],[109,797]]
[[0,0],[1,0],[19,797]]
[[0,0],[1,0],[98,797]]
[[0,0],[1,0],[10,797]]
[[0,0],[1,0],[154,797]]
[[0,0],[1,0],[335,797]]
[[0,0],[1,0],[44,797]]
[[0,0],[1,0],[76,797]]
[[0,0],[1,0],[54,797]]
[[0,0],[1,0],[36,797]]
[[0,0],[1,0],[69,797]]
[[0,0],[1,0],[65,797]]
[[0,0],[1,0],[210,797]]
[[0,0],[1,0],[16,797]]
[[0,0],[1,0],[26,797]]
[[0,0],[1,0],[64,797]]
[[0,0],[1,0],[50,797]]
[[0,0],[1,0],[15,797]]
[[0,0],[1,0],[121,797]]
[[0,0],[1,0],[30,797]]
[[0,0],[1,0],[191,797]]
[[0,0],[1,0],[251,797]]
[[0,0],[1,0],[7,797]]
[[0,0],[1,0],[32,797]]
[[0,0],[1,0],[95,797]]
[[0,0],[1,0],[51,797]]
[[0,0],[1,0],[14,797]]
[[0,0],[1,0],[144,797]]
[[0,0],[1,0],[73,797]]
[[0,0],[1,0],[27,797]]
[[0,0],[1,0],[79,797]]
[[0,0],[1,0],[150,797]]
[[0,0],[1,0],[171,797]]
[[0,0],[1,0],[192,797]]
[[0,0],[1,0],[101,797]]
[[0,0],[1,0],[147,797]]
[[0,0],[1,0],[71,797]]
[[0,0],[1,0],[209,797]]
[[0,0],[1,0],[189,797]]
[[0,0],[1,0],[66,797]]
[[0,0],[1,0],[170,797]]
[[0,0],[1,0],[110,797]]
[[0,0],[1,0],[160,797]]
[[0,0],[1,0],[31,797]]
[[0,0],[1,0],[219,797]]
[[0,0],[1,0],[82,797]]
[[0,0],[1,0],[29,797]]
[[0,0],[1,0],[23,797]]
[[0,0],[1,0],[97,797]]
[[0,0],[1,0],[47,797]]
[[0,0],[1,0],[100,797]]
[[0,0],[1,0],[9,797]]
[[0,0],[1,0],[233,797]]
[[0,0],[1,0],[127,797]]
[[0,0],[1,0],[5,797]]
[[0,0],[1,0],[48,797]]
[[0,0],[1,0],[8,797]]
[[0,0],[1,0],[111,797]]
[[0,0],[1,0],[120,797]]
[[0,0],[1,0],[41,797]]
[[0,0],[1,0],[129,797]]
[[0,0],[1,0],[24,797]]
[[0,0],[1,0],[107,797]]
[[0,0],[1,0],[206,797]]
[[0,0],[1,0],[130,797]]
[[0,0],[1,0],[81,797]]
[[0,0],[1,0],[33,797]]
[[0,0],[1,0],[153,797]]
[[0,0],[1,0],[21,797]]
[[0,0],[1,0],[113,797]]
[[0,0],[1,0],[202,797]]
[[0,0],[1,0],[25,797]]
[[0,0],[1,0],[17,797]]
[[0,0],[1,0],[258,797]]
[[0,0],[1,0],[128,797]]
[[0,0],[1,0],[88,797]]
[[0,0],[1,0],[22,797]]
[[0,0],[1,0],[179,797]]
[[0,0],[1,0],[45,797]]
[[0,0],[1,0],[35,797]]
[[0,0],[1,0],[165,797]]
[[0,0],[1,0],[234,797]]
[[0,0],[1,0],[89,797]]
