[[0,0],[1,0],[96,799]]
[[0,0],[1,0],[18,799]]
[[0,0],[1,0],[612,799]]
[[0,0],[1,0],[63,799]]
[[0,0],[1,0],[145,799]]
[[0,0],[1,0],[62,799]]
[[0,0],[1,0],[11,799]]
[[0,0],[1,0],[565,799]]
[[0,0],[1,0],[168,799]]
[[0,0],[1,0],[4,799]]
[[0,0],[1,0],[70,799]]
[[0,0],[1,0],[103,799]]
[[0,0],[1,0],[156,799]]
[[0,0],[1,0],[158,799]]
[[0,0],[1,0],[246,799]]
[[0,0],[1,0],[562,799]]
[[0,0],[1,0],[49,799]]
[[0,0],[1,0],[67,799]]
[[0,0],[1,0],[46,799]]
[[0,0],[1,0],[303,799]]
[[0,0],[1,0],[118,799]]
[[0,0],[1,0],[180,799]]
[[0,0],[1,0],[176,799]]
[[0,0],[1,0],[13,799]]
[[0,0],[1,0],[184,799]]
[[0,0],[1,0],[1,799]]
[[0,0],[1,0],[53,799]]
[[0,0],[1,0],[78,799]]
[[0,0],[1,0],[159,799]]
[[0,0],[1,0],[167,799]]
[[0,0],[1,0],[749,799]]
[[0,0],[1,0],[143,799]]
[[0,0],[1,0],[37,799]]
[[0,0],[1,0],[229,799]]
[[0,0],[1,0],[28,799]]
[[0,0],[1,0],[99,799]]
[[0,0],[1,0],[61,799]]
[[0,0],[1,0],[92,799]]
[[0,0],[1,0],[199,799]]
[[0,0],[1,0],[77,799]]
[[0,0],[1,0],[20,799]]
[[0,0],[1,0],[290,799]]
[[0,0],[1,0],[236,799]]
[[0,0],[1,0],[174,799]]
[[0,0],[1,0],[12,799]]
[[0,0],[1,0],[2,799]]
[[0,0],[1,0],[3,799]]
[[0,0],[1,0],[87,799]]
[[0,0],[1,0],[60,799]]
[[0,0],[1,0],[6,799]]
[[0,0],[1,0],[19,799]]
[[0,0],[1,0],[142,799]]
[[0,0],[1,0],[98,799]]
[[0,0],[1,0],[10,799]]
[[0,0],[1,0],[154,799]]
[[0,0],[1,0],[330,799]]
[[0,0],[1,0],[44,799]]
[[0,0],[1,0],[76,799]]
[[0,0],[1,0],[186,799]]
[[0,0],[1,0],[175,799]]
[[0,0],[1,0],[36,799]]
[[0,0],[1,0],[54,799]]
[[0,0],[1,0],[375,799]]
[[0,0],[1,0],[69,799]]
[[0,0],[1,0],[65,799]]
[[0,0],[1,0],[297,799]]
[[0,0],[1,0],[157,799]]
[[0,0],[1,0],[16,799]]
[[0,0],[1,0],[55,799]]
[[0,0],[1,0],[155,799]]
[[0,0],[1,0],[269,799]]
[[0,0],[1,0],[64,799]]
[[0,0],[1,0],[26,799]]
[[0,0],[1,0],[164,799]]
[[0,0],[1,0],[247,799]]
[[0,0],[1,0],[15,799]]
[[0,0],[1,0],[460,799]]
[[0,0],[1,0],[59,799]]
[[0,0],[1,0],[121,799]]
[[0,0],[1,0],[126,799]]
[[0,0],[1,0],[205,799]]
[[0,0],[1,0],[30,799]]
[[0,0],[1,0],[7,799]]
[[0,0],[1,0],[95,799]]
[[0,0],[1,0],[194,799]]
[[0,0],[1,0],[144,799]]
[[0,0],[1,0],[14,799]]
[[0,0],[1,0],[73,799]]
[[0,0],[1,0],[91,799]]
[[0,0],[1,0],[27,799]]
[[0,0],[1,0],[79,799]]
[[0,0],[1,0],[150,799]]
[[0,0],[1,0],[171,799]]
[[0,0],[1,0],[494,799]]
[[0,0],[1,0],[147,799]]
[[0,0],[1,0],[189,799]]
[[0,0],[1,0],[209,799]]
[[0,0],[1,0],[66,799]]
[[0,0],[1,0],[146,799]]
[[0,0],[1,0],[31,799]]
[[0,0],[1,0],[409,799]]
[[0,0],[1,0],[241,799]]
[[0,0],[1,0],[29,799]]
[[0,0],[1,0],[82,799]]
[[0,0],[1,0],[23,799]]
[[0,0],[1,0],[97,799]]
[[0,0],[1,0],[268,799]]
[[0,0],[1,0],[181,799]]
[[0,0],[1,0],[477,799]]
[[0,0],[1,0],[163,799]]
[[0,0],[1,0],[9,799]]
[[0,0],[1,0],[185,799]]
[[0,0],[1,0],[324,799]]
[[0,0],[1,0],[5,799]]
[[0,0],[1,0],[127,799]]
[[0,0],[1,0],[48,799]]
[[0,0],[1,0],[90,799]]
[[0,0],[1,0],[8,799]]
[[0,0],[1,0],[120,799]]
[[0,0],[1,0],[129,799]]
[[0,0],[1,0],[24,799]]
[[0,0],[1,0],[130,799]]
[[0,0],[1,0],[216,799]]
[[0,0],[1,0],[240,799]]
[[0,0],[1,0],[86,799]]
[[0,0],[1,0],[21,799]]
[[0,0],[1,0],[135,799]]
[[0,0],[1,0],[104,799]]
[[0,0],[1,0],[52,799]]
[[0,0],[1,0],[239,799]]
[[0,0],[1,0],[25,799]]
[[0,0],[1,0],[56,799]]
[[0,0],[1,0],[128,799]]
[[0,0],[1,0],[307,799]]
[[0,0],[1,0],[93,799]]
[[0,0],[1,0],[105,799]]
[[0,0],[1,0],[88,799]]
[[0,0],[1,0],[443,799]]
[[0,0],[1,0],[22,799]]
[[0,0],[1,0],[179,799]]
[[0,0],[1,0],[424,799]]
[[0,0],[1,0],[45,799]]
[[0,0],[1,0],[122,799]]
[[0,0],[1,0],[35,799]]
[[0,0],[1,0],[89,799]]
[[0,0],[1,0],[392,799]]
