[[0,0],[1,0],[6,80]]
[[0,0],[1,0],[53,80]]
[[0,0],[1,0],[19,80]]
[[0,0],[1,0],[25,80]]
[[0,0],[2,0],[2,40]]
[[0,0],[1,0],[79,80]]
[[0,0],[1,0],[3,80]]
[[0,0],[1,0],[57,80]]
[[0,0],[1,0],[46,80]]
[[0,0],[1,0],[31,80]]
[[0,0],[1,0],[47,80]]
[[0,0],[1,0],[29,80]]
[[0,0],[1,0],[66,80]]
[[0,0],[2,0],[6,40]]
[[0,0],[2,0],[38,40]]
[[0,0],[1,0],[71,80]]
[[0,0],[2,0],[26,40]]
[[0,0],[1,0],[43,80]]
[[0,0],[1,0],[13,80]]
[[0,0],[1,0],[39,80]]
[[0,0],[1,0],[9,80]]
[[0,0],[1,0],[21,80]]
[[0,0],[4,0],[4,20]]
[[0,0],[1,0],[11,80]]
[[0,0],[1,0],[7,80]]
[[0,0],[2,0],[12,40]]
[[0,0],[1,0],[49,80]]
[[0,0],[4,0],[8,20]]
[[0,0],[1,0],[41,80]]
[[0,0],[1,0],[1,80]]
[[0,0],[1,0],[26,80]]
[[0,0],[2,0],[18,40]]
[[0,0],[1,0],[17,80]]
[[0,0],[1,0],[65,80]]
[[0,0],[1,0],[76,80]]
[[0,0],[2,0],[22,40]]
[[0,0],[2,0],[32,40]]
[[0,0],[1,0],[36,80]]
