[[0,0],[2,0],[392,400]]
[[0,0],[1,0],[71,800]]
[[0,0],[5,0],[75,160]]
[[0,0],[1,0],[589,800]]
[[0,0],[1,0],[83,800]]
[[0,0],[2,0],[12,400]]
[[0,0],[2,0],[106,400]]
[[0,0],[1,0],[179,800]]
[[0,0],[2,0],[222,400]]
[[0,0],[1,0],[453,800]]
[[0,0],[1,0],[271,800]]
[[0,0],[2,0],[42,400]]
[[0,0],[1,0],[73,800]]
[[0,0],[1,0],[29,800]]
[[0,0],[1,0],[541,800]]
[[0,0],[1,0],[6,800]]
[[0,0],[2,0],[162,400]]
[[0,0],[5,0],[15,160]]
[[0,0],[2,0],[82,400]]
[[0,0],[1,0],[353,800]]
[[0,0],[1,0],[636,800]]
[[0,0],[1,0],[319,800]]
[[0,0],[1,0],[117,800]]
[[0,0],[2,0],[58,400]]
[[0,0],[4,0],[12,200]]
[[0,0],[2,0],[126,400]]
[[0,0],[1,0],[703,800]]
[[0,0],[4,0],[184,200]]
[[0,0],[1,0],[19,800]]
[[0,0],[2,0],[78,400]]
[[0,0],[4,0],[24,200]]
[[0,0],[1,0],[67,800]]
[[0,0],[5,0],[85,160]]
[[0,0],[1,0],[437,800]]
[[0,0],[1,0],[376,800]]
[[0,0],[2,0],[102,400]]
[[0,0],[1,0],[539,800]]
[[0,0],[1,0],[459,800]]
[[0,0],[1,0],[61,800]]
[[0,0],[1,0],[1,800]]
[[0,0],[1,0],[263,800]]
[[0,0],[1,0],[531,800]]
[[0,0],[1,0],[506,800]]
[[0,0],[1,0],[153,800]]
[[0,0],[1,0],[711,800]]
[[0,0],[2,0],[118,400]]
[[0,0],[1,0],[243,800]]
[[0,0],[1,0],[123,800]]
[[0,0],[4,0],[64,200]]
[[0,0],[1,0],[63,800]]
[[0,0],[1,0],[326,800]]
[[0,0],[1,0],[533,800]]
[[0,0],[1,0],[266,800]]
[[0,0],[1,0],[386,800]]
[[0,0],[1,0],[129,800]]
[[0,0],[1,0],[585,800]]
[[0,0],[4,0],[4,200]]
[[0,0],[1,0],[276,800]]
[[0,0],[1,0],[446,800]]
[[0,0],[1,0],[26,800]]
[[0,0],[1,0],[163,800]]
[[0,0],[1,0],[141,800]]
[[0,0],[1,0],[799,800]]
[[0,0],[1,0],[43,800]]
[[0,0],[1,0],[396,800]]
[[0,0],[1,0],[109,800]]
[[0,0],[1,0],[686,800]]
[[0,0],[1,0],[46,800]]
[[0,0],[1,0],[217,800]]
[[0,0],[1,0],[409,800]]
[[0,0],[1,0],[436,800]]
[[0,0],[1,0],[249,800]]
[[0,0],[1,0],[187,800]]
[[0,0],[1,0],[139,800]]
[[0,0],[1,0],[233,800]]
[[0,0],[1,0],[581,800]]
[[0,0],[1,0],[513,800]]
[[0,0],[2,0],[398,400]]
[[0,0],[1,0],[385,800]]
[[0,0],[1,0],[106,800]]
[[0,0],[2,0],[2,400]]
[[0,0],[2,0],[202,400]]
[[0,0],[4,0],[92,200]]
[[0,0],[2,0],[34,400]]
[[0,0],[2,0],[352,400]]
[[0,0],[1,0],[306,800]]
[[0,0],[1,0],[223,800]]
[[0,0],[1,0],[166,800]]
[[0,0],[2,0],[14,400]]
[[0,0],[4,0],[76,200]]
[[0,0],[1,0],[366,800]]
[[0,0],[1,0],[373,800]]
[[0,0],[1,0],[183,800]]
[[0,0],[1,0],[33,800]]
[[0,0],[1,0],[133,800]]
[[0,0],[1,0],[646,800]]
[[0,0],[1,0],[39,800]]
[[0,0],[1,0],[593,800]]
[[0,0],[2,0],[370,400]]
[[0,0],[1,0],[213,800]]
[[0,0],[1,0],[9,800]]
[[0,0],[1,0],[91,800]]
[[0,0],[1,0],[185,800]]
[[0,0],[1,0],[776,800]]
[[0,0],[1,0],[351,800]]
[[0,0],[1,0],[149,800]]
[[0,0],[1,0],[383,800]]
[[0,0],[1,0],[126,800]]
[[0,0],[10,0],[70,80]]
[[0,0],[4,0],[52,200]]
[[0,0],[1,0],[463,800]]
[[0,0],[1,0],[189,800]]
[[0,0],[1,0],[77,800]]
[[0,0],[1,0],[53,800]]
[[0,0],[1,0],[546,800]]
[[0,0],[1,0],[786,800]]
[[0,0],[2,0],[52,400]]
[[0,0],[1,0],[545,800]]
[[0,0],[1,0],[36,800]]
[[0,0],[1,0],[69,800]]
[[0,0],[1,0],[286,800]]
[[0,0],[2,0],[212,400]]
[[0,0],[2,0],[122,400]]
[[0,0],[1,0],[297,800]]
[[0,0],[1,0],[86,800]]
[[0,0],[1,0],[426,800]]
[[0,0],[1,0],[246,800]]
[[0,0],[1,0],[403,800]]
[[0,0],[1,0],[313,800]]
[[0,0],[4,0],[104,200]]
[[0,0],[2,0],[166,400]]
[[0,0],[1,0],[186,800]]
[[0,0],[4,0],[196,200]]
[[0,0],[1,0],[549,800]]
[[0,0],[1,0],[327,800]]
[[0,0],[2,0],[38,400]]
[[0,0],[2,0],[6,400]]
[[0,0],[1,0],[751,800]]
[[0,0],[2,0],[266,400]]
[[0,0],[1,0],[321,800]]
[[0,0],[1,0],[11,800]]
[[0,0],[1,0],[105,800]]
[[0,0],[5,0],[25,160]]
[[0,0],[1,0],[307,800]]
[[0,0],[5,0],[5,160]]
[[0,0],[4,0],[84,200]]
[[0,0],[1,0],[236,800]]
[[0,0],[1,0],[629,800]]
[[0,0],[1,0],[57,800]]
[[0,0],[1,0],[705,800]]
[[0,0],[1,0],[451,800]]
[[0,0],[1,0],[716,800]]
[[0,0],[1,0],[579,800]]
[[0,0],[1,0],[119,800]]
[[0,0],[10,0],[50,80]]
[[0,0],[1,0],[241,800]]
[[0,0],[1,0],[785,800]]
[[0,0],[1,0],[666,800]]
[[0,0],[1,0],[566,800]]
[[0,0],[1,0],[66,800]]
[[0,0],[1,0],[79,800]]
[[0,0],[10,0],[30,80]]
[[0,0],[1,0],[181,800]]
[[0,0],[1,0],[201,800]]
[[0,0],[1,0],[239,800]]
[[0,0],[1,0],[517,800]]
[[0,0],[4,0],[44,200]]
[[0,0],[1,0],[193,800]]
[[0,0],[1,0],[411,800]]
[[0,0],[2,0],[22,400]]
[[0,0],[2,0],[46,400]]
[[0,0],[2,0],[74,400]]
[[0,0],[1,0],[7,800]]
[[0,0],[1,0],[229,800]]
[[0,0],[2,0],[186,400]]
[[0,0],[1,0],[145,800]]
[[0,0],[1,0],[147,800]]
[[0,0],[1,0],[111,800]]
[[0,0],[1,0],[23,800]]
[[0,0],[1,0],[467,800]]
[[0,0],[1,0],[756,800]]
[[0,0],[1,0],[27,800]]
[[0,0],[2,0],[62,400]]
[[0,0],[1,0],[31,800]]
[[0,0],[2,0],[210,400]]
[[0,0],[1,0],[107,800]]
[[0,0],[2,0],[206,400]]
[[0,0],[2,0],[246,400]]
[[0,0],[1,0],[143,800]]
[[0,0],[1,0],[796,800]]
[[0,0],[1,0],[556,800]]
[[0,0],[5,0],[155,160]]
[[0,0],[1,0],[305,800]]
[[0,0],[1,0],[461,800]]
[[0,0],[5,0],[35,160]]
[[0,0],[1,0],[361,800]]
[[0,0],[1,0],[101,800]]
[[0,0],[1,0],[311,800]]
[[0,0],[2,0],[18,400]]
[[0,0],[2,0],[252,400]]
[[0,0],[1,0],[176,800]]
[[0,0],[1,0],[466,800]]
[[0,0],[1,0],[606,800]]
[[0,0],[1,0],[597,800]]
[[0,0],[1,0],[51,800]]
[[0,0],[2,0],[26,400]]
[[0,0],[5,0],[105,160]]
[[0,0],[1,0],[547,800]]
[[0,0],[1,0],[745,800]]
[[0,0],[1,0],[465,800]]
[[0,0],[2,0],[130,400]]
[[0,0],[2,0],[132,400]]
[[0,0],[1,0],[47,800]]
[[0,0],[1,0],[225,800]]
[[0,0],[1,0],[146,800]]
[[0,0],[1,0],[279,800]]
[[0,0],[1,0],[113,800]]
[[0,0],[2,0],[152,400]]
[[0,0],[1,0],[41,800]]
[[0,0],[1,0],[766,800]]
[[0,0],[1,0],[116,800]]
[[0,0],[1,0],[167,800]]
[[0,0],[1,0],[121,800]]
[[0,0],[2,0],[54,400]]
[[0,0],[2,0],[226,400]]
[[0,0],[1,0],[293,800]]
[[0,0],[5,0],[95,160]]
[[0,0],[1,0],[509,800]]
[[0,0],[2,0],[302,400]]
[[0,0],[1,0],[501,800]]
[[0,0],[1,0],[87,800]]
[[0,0],[1,0],[37,800]]
[[0,0],[1,0],[419,800]]
[[0,0],[2,0],[298,400]]
[[0,0],[1,0],[93,800]]
[[0,0],[1,0],[371,800]]
[[0,0],[1,0],[345,800]]
[[0,0],[1,0],[17,800]]
[[0,0],[1,0],[131,800]]
[[0,0],[1,0],[157,800]]
[[0,0],[1,0],[199,800]]
[[0,0],[1,0],[623,800]]
[[0,0],[1,0],[586,800]]
[[0,0],[2,0],[232,400]]
[[0,0],[1,0],[206,800]]
[[0,0],[1,0],[401,800]]
[[0,0],[1,0],[665,800]]
[[0,0],[1,0],[505,800]]
[[0,0],[1,0],[331,800]]
[[0,0],[1,0],[316,800]]
[[0,0],[1,0],[281,800]]
[[0,0],[1,0],[627,800]]
[[0,0],[1,0],[726,800]]
[[0,0],[1,0],[407,800]]
[[0,0],[2,0],[98,400]]
[[0,0],[1,0],[277,800]]
[[0,0],[2,0],[258,400]]
[[0,0],[1,0],[596,800]]
[[0,0],[1,0],[457,800]]
[[0,0],[2,0],[172,400]]
[[0,0],[2,0],[218,400]]
[[0,0],[1,0],[49,800]]
[[0,0],[2,0],[94,400]]
[[0,0],[1,0],[156,800]]
[[0,0],[1,0],[247,800]]
[[0,0],[4,0],[28,200]]
[[0,0],[1,0],[421,800]]
[[0,0],[2,0],[292,400]]
[[0,0],[1,0],[433,800]]
[[0,0],[1,0],[359,800]]
[[0,0],[2,0],[372,400]]
[[0,0],[1,0],[491,800]]
[[0,0],[1,0],[356,800]]
[[0,0],[1,0],[3,800]]
[[0,0],[4,0],[36,200]]
[[0,0],[1,0],[369,800]]
[[0,0],[1,0],[226,800]]
[[0,0],[1,0],[65,800]]
[[0,0],[1,0],[151,800]]
[[0,0],[2,0],[290,400]]
[[0,0],[1,0],[406,800]]
[[0,0],[2,0],[114,400]]
[[0,0],[1,0],[543,800]]
[[0,0],[2,0],[146,400]]
[[0,0],[1,0],[387,800]]
[[0,0],[4,0],[144,200]]
[[0,0],[5,0],[45,160]]
[[0,0],[1,0],[673,800]]
[[0,0],[2,0],[92,400]]
[[0,0],[20,0],[20,40]]
[[0,0],[1,0],[516,800]]
[[0,0],[1,0],[161,800]]
[[0,0],[1,0],[191,800]]
[[0,0],[1,0],[103,800]]
[[0,0],[1,0],[231,800]]
[[0,0],[1,0],[357,800]]
[[0,0],[1,0],[476,800]]
[[0,0],[2,0],[332,400]]
[[0,0],[1,0],[676,800]]
[[0,0],[1,0],[706,800]]
[[0,0],[1,0],[81,800]]
[[0,0],[1,0],[237,800]]
[[0,0],[2,0],[72,400]]
[[0,0],[1,0],[59,800]]
[[0,0],[1,0],[626,800]]
[[0,0],[2,0],[158,400]]
[[0,0],[1,0],[303,800]]
[[0,0],[1,0],[486,800]]
[[0,0],[1,0],[323,800]]
[[0,0],[1,0],[273,800]]
[[0,0],[1,0],[483,800]]
[[0,0],[1,0],[21,800]]
[[0,0],[1,0],[137,800]]
[[0,0],[1,0],[377,800]]
[[0,0],[1,0],[746,800]]
[[0,0],[1,0],[227,800]]
[[0,0],[2,0],[198,400]]
[[0,0],[2,0],[262,400]]
[[0,0],[1,0],[399,800]]
[[0,0],[1,0],[449,800]]
[[0,0],[1,0],[76,800]]
[[0,0],[1,0],[196,800]]
[[0,0],[2,0],[86,400]]
[[0,0],[1,0],[99,800]]
[[0,0],[1,0],[289,800]]
[[0,0],[1,0],[209,800]]
[[0,0],[1,0],[499,800]]
[[0,0],[2,0],[312,400]]
[[0,0],[1,0],[169,800]]
[[0,0],[1,0],[197,800]]
[[0,0],[4,0],[132,200]]
[[0,0],[1,0],[346,800]]
[[0,0],[1,0],[329,800]]
[[0,0],[1,0],[265,800]]
[[0,0],[1,0],[13,800]]
[[0,0],[2,0],[66,400]]
[[0,0],[1,0],[159,800]]
[[0,0],[1,0],[526,800]]
[[0,0],[10,0],[10,80]]
