[[0,0],[3,0],[3,267]]
[[0,0],[3,0],[87,267]]
[[0,0],[1,0],[119,801]]
[[0,0],[1,0],[25,801]]
[[0,0],[1,0],[88,801]]
[[0,0],[1,0],[364,801]]
[[0,0],[1,0],[158,801]]
[[0,0],[1,0],[412,801]]
[[0,0],[1,0],[292,801]]
[[0,0],[1,0],[421,801]]
[[0,0],[1,0],[415,801]]
[[0,0],[1,0],[83,801]]
[[0,0],[1,0],[272,801]]
[[0,0],[1,0],[62,801]]
[[0,0],[1,0],[53,801]]
[[0,0],[1,0],[403,801]]
[[0,0],[1,0],[49,801]]
[[0,0],[1,0],[307,801]]
[[0,0],[1,0],[298,801]]
[[0,0],[1,0],[190,801]]
[[0,0],[1,0],[169,801]]
[[0,0],[1,0],[235,801]]
[[0,0],[1,0],[598,801]]
[[0,0],[1,0],[145,801]]
[[0,0],[1,0],[179,801]]
[[0,0],[1,0],[475,801]]
[[0,0],[1,0],[424,801]]
[[0,0],[1,0],[184,801]]
[[0,0],[1,0],[34,801]]
[[0,0],[1,0],[46,801]]
[[0,0],[1,0],[116,801]]
[[0,0],[1,0],[547,801]]
[[0,0],[1,0],[112,801]]
[[0,0],[1,0],[583,801]]
[[0,0],[1,0],[167,801]]
[[0,0],[1,0],[370,801]]
[[0,0],[1,0],[358,801]]
[[0,0],[1,0],[28,801]]
[[0,0],[1,0],[13,801]]
[[0,0],[1,0],[68,801]]
[[0,0],[1,0],[2,801]]
[[0,0],[1,0],[274,801]]
[[0,0],[1,0],[193,801]]
[[0,0],[1,0],[311,801]]
[[0,0],[1,0],[140,801]]
[[0,0],[1,0],[37,801]]
[[0,0],[1,0],[357,801]]
[[0,0],[3,0],[27,267]]
[[0,0],[3,0],[84,267]]
[[0,0],[1,0],[67,801]]
[[0,0],[3,0],[12,267]]
[[0,0],[1,0],[20,801]]
[[0,0],[1,0],[70,801]]
[[0,0],[3,0],[75,267]]
[[0,0],[1,0],[118,801]]
[[0,0],[1,0],[624,801]]
[[0,0],[3,0],[6,267]]
[[0,0],[1,0],[595,801]]
[[0,0],[1,0],[472,801]]
[[0,0],[1,0],[367,801]]
[[0,0],[1,0],[74,801]]
[[0,0],[1,0],[496,801]]
[[0,0],[1,0],[451,801]]
[[0,0],[1,0],[136,801]]
[[0,0],[1,0],[55,801]]
[[0,0],[1,0],[244,801]]
[[0,0],[1,0],[226,801]]
[[0,0],[1,0],[214,801]]
[[0,0],[1,0],[247,801]]
[[0,0],[1,0],[343,801]]
[[0,0],[1,0],[157,801]]
[[0,0],[1,0],[131,801]]
[[0,0],[1,0],[139,801]]
[[0,0],[1,0],[43,801]]
[[0,0],[1,0],[106,801]]
[[0,0],[1,0],[61,801]]
[[0,0],[1,0],[400,801]]
[[0,0],[1,0],[10,801]]
[[0,0],[1,0],[115,801]]
[[0,0],[1,0],[19,801]]
[[0,0],[1,0],[463,801]]
[[0,0],[1,0],[430,801]]
[[0,0],[3,0],[39,267]]
[[0,0],[1,0],[175,801]]
[[0,0],[1,0],[44,801]]
[[0,0],[1,0],[293,801]]
[[0,0],[1,0],[1,801]]
[[0,0],[1,0],[223,801]]
[[0,0],[3,0],[42,267]]
[[0,0],[1,0],[98,801]]
[[0,0],[1,0],[199,801]]
[[0,0],[1,0],[259,801]]
[[0,0],[1,0],[187,801]]
[[0,0],[1,0],[58,801]]
[[0,0],[1,0],[148,801]]
[[0,0],[3,0],[72,267]]
[[0,0],[1,0],[40,801]]
[[0,0],[1,0],[592,801]]
[[0,0],[1,0],[469,801]]
[[0,0],[1,0],[91,801]]
[[0,0],[1,0],[73,801]]
[[0,0],[1,0],[154,801]]
[[0,0],[1,0],[121,801]]
[[0,0],[1,0],[310,801]]
[[0,0],[1,0],[227,801]]
[[0,0],[3,0],[18,267]]
[[0,0],[1,0],[286,801]]
[[0,0],[1,0],[160,801]]
[[0,0],[1,0],[142,801]]
[[0,0],[1,0],[205,801]]
[[0,0],[1,0],[109,801]]
[[0,0],[1,0],[164,801]]
[[0,0],[1,0],[238,801]]
[[0,0],[1,0],[361,801]]
[[0,0],[1,0],[580,801]]
[[0,0],[1,0],[64,801]]
[[0,0],[1,0],[181,801]]
[[0,0],[1,0],[29,801]]
[[0,0],[1,0],[59,801]]
[[0,0],[1,0],[26,801]]
[[0,0],[1,0],[241,801]]
[[0,0],[1,0],[76,801]]
[[0,0],[1,0],[94,801]]
[[0,0],[1,0],[110,801]]
[[0,0],[1,0],[289,801]]
[[0,0],[1,0],[448,801]]
[[0,0],[1,0],[82,801]]
[[0,0],[1,0],[523,801]]
[[0,0],[1,0],[532,801]]
[[0,0],[1,0],[16,801]]
[[0,0],[1,0],[439,801]]
[[0,0],[1,0],[427,801]]
[[0,0],[1,0],[373,801]]
[[0,0],[1,0],[163,801]]
[[0,0],[1,0],[95,801]]
[[0,0],[1,0],[319,801]]
[[0,0],[1,0],[65,801]]
[[0,0],[1,0],[38,801]]
[[0,0],[1,0],[295,801]]
[[0,0],[1,0],[151,801]]
[[0,0],[1,0],[133,801]]
[[0,0],[1,0],[520,801]]
[[0,0],[1,0],[125,801]]
[[0,0],[1,0],[130,801]]
[[0,0],[1,0],[283,801]]
[[0,0],[1,0],[7,801]]
[[0,0],[3,0],[51,267]]
[[0,0],[1,0],[47,801]]
[[0,0],[1,0],[124,801]]
[[0,0],[1,0],[97,801]]
[[0,0],[1,0],[23,801]]
[[0,0],[3,0],[24,267]]
[[0,0],[1,0],[622,801]]
[[0,0],[1,0],[31,801]]
[[0,0],[1,0],[14,801]]
[[0,0],[1,0],[100,801]]
[[0,0],[1,0],[85,801]]
[[0,0],[1,0],[71,801]]
[[0,0],[1,0],[394,801]]
[[0,0],[1,0],[79,801]]
[[0,0],[1,0],[337,801]]
[[0,0],[3,0],[15,267]]
[[0,0],[1,0],[262,801]]
[[0,0],[1,0],[478,801]]
[[0,0],[1,0],[86,801]]
[[0,0],[1,0],[166,801]]
[[0,0],[1,0],[8,801]]
[[0,0],[1,0],[301,801]]
[[0,0],[1,0],[409,801]]
[[0,0],[1,0],[170,801]]
[[0,0],[1,0],[613,801]]
[[0,0],[1,0],[320,801]]
[[0,0],[1,0],[113,801]]
[[0,0],[3,0],[9,267]]
[[0,0],[1,0],[90,801]]
[[0,0],[1,0],[349,801]]
[[0,0],[1,0],[56,801]]
[[0,0],[1,0],[268,801]]
[[0,0],[1,0],[607,801]]
[[0,0],[3,0],[21,267]]
[[0,0],[1,0],[5,801]]
[[0,0],[1,0],[22,801]]
[[0,0],[1,0],[122,801]]
[[0,0],[1,0],[382,801]]
[[0,0],[1,0],[134,801]]
[[0,0],[1,0],[35,801]]
[[0,0],[1,0],[271,801]]
[[0,0],[1,0],[517,801]]
[[0,0],[1,0],[277,801]]
[[0,0],[1,0],[4,801]]
[[0,0],[1,0],[217,801]]
[[0,0],[1,0],[52,801]]
[[0,0],[1,0],[17,801]]
[[0,0],[1,0],[232,801]]
[[0,0],[1,0],[571,801]]
[[0,0],[1,0],[11,801]]
[[0,0],[1,0],[487,801]]
[[0,0],[1,0],[446,801]]
