[[0,0],[1,0],[141,802]]
[[0,0],[1,0],[351,802]]
[[0,0],[1,0],[25,802]]
[[0,0],[1,0],[119,802]]
[[0,0],[1,0],[481,802]]
[[0,0],[1,0],[431,802]]
[[0,0],[1,0],[103,802]]
[[0,0],[1,0],[485,802]]
[[0,0],[1,0],[213,802]]
[[0,0],[1,0],[415,802]]
[[0,0],[1,0],[533,802]]
[[0,0],[1,0],[39,802]]
[[0,0],[1,0],[53,802]]
[[0,0],[1,0],[49,802]]
[[0,0],[1,0],[377,802]]
[[0,0],[1,0],[169,802]]
[[0,0],[1,0],[329,802]]
[[0,0],[1,0],[307,802]]
[[0,0],[1,0],[45,802]]
[[0,0],[1,0],[145,802]]
[[0,0],[1,0],[89,802]]
[[0,0],[1,0],[719,802]]
[[0,0],[1,0],[235,802]]
[[0,0],[1,0],[729,802]]
[[0,0],[1,0],[179,802]]
[[0,0],[1,0],[475,802]]
[[0,0],[1,0],[75,802]]
[[0,0],[1,0],[402,802]]
[[0,0],[1,0],[695,802]]
[[0,0],[1,0],[123,802]]
[[0,0],[1,0],[437,802]]
[[0,0],[1,0],[547,802]]
[[0,0],[1,0],[201,802]]
[[0,0],[1,0],[667,802]]
[[0,0],[1,0],[13,802]]
[[0,0],[1,0],[167,802]]
[[0,0],[1,0],[347,802]]
[[0,0],[1,0],[99,802]]
[[0,0],[1,0],[341,802]]
[[0,0],[1,0],[323,802]]
[[0,0],[1,0],[37,802]]
[[0,0],[1,0],[229,802]]
[[0,0],[1,0],[357,802]]
[[0,0],[1,0],[491,802]]
[[0,0],[1,0],[57,802]]
[[0,0],[1,0],[67,802]]
[[0,0],[1,0],[493,802]]
[[0,0],[1,0],[203,802]]
[[0,0],[1,0],[801,802]]
[[0,0],[1,0],[595,802]]
[[0,0],[1,0],[419,802]]
[[0,0],[1,0],[77,802]]
[[0,0],[1,0],[367,802]]
[[0,0],[1,0],[507,802]]
[[0,0],[1,0],[159,802]]
[[0,0],[1,0],[611,802]]
[[0,0],[1,0],[457,802]]
[[0,0],[1,0],[55,802]]
[[0,0],[1,0],[447,802]]
[[0,0],[1,0],[245,802]]
[[0,0],[1,0],[117,802]]
[[0,0],[1,0],[247,802]]
[[0,0],[1,0],[157,802]]
[[0,0],[1,0],[465,802]]
[[0,0],[1,0],[155,802]]
[[0,0],[1,0],[61,802]]
[[0,0],[1,0],[395,802]]
[[0,0],[1,0],[499,802]]
[[0,0],[1,0],[131,802]]
[[0,0],[1,0],[139,802]]
[[0,0],[1,0],[43,802]]
[[0,0],[1,0],[273,802]]
[[0,0],[1,0],[87,802]]
[[0,0],[1,0],[115,802]]
[[0,0],[1,0],[19,802]]
[[0,0],[1,0],[463,802]]
[[0,0],[1,0],[293,802]]
[[0,0],[1,0],[1,802]]
[[0,0],[1,0],[609,802]]
[[0,0],[1,0],[315,802]]
[[0,0],[1,0],[545,802]]
[[0,0],[1,0],[525,802]]
[[0,0],[1,0],[459,802]]
[[0,0],[1,0],[187,802]]
[[0,0],[1,0],[259,802]]
[[0,0],[1,0],[3,802]]
[[0,0],[1,0],[469,802]]
[[0,0],[1,0],[91,802]]
[[0,0],[1,0],[27,802]]
[[0,0],[1,0],[433,802]]
[[0,0],[1,0],[121,802]]
[[0,0],[1,0],[605,802]]
[[0,0],[1,0],[297,802]]
[[0,0],[1,0],[253,802]]
[[0,0],[1,0],[161,802]]
[[0,0],[1,0],[497,802]]
[[0,0],[1,0],[381,802]]
[[0,0],[1,0],[709,802]]
[[0,0],[1,0],[205,802]]
[[0,0],[1,0],[299,802]]
[[0,0],[1,0],[109,802]]
[[0,0],[1,0],[353,802]]
[[0,0],[1,0],[149,802]]
[[0,0],[1,0],[361,802]]
[[0,0],[1,0],[219,802]]
[[0,0],[1,0],[659,802]]
[[0,0],[1,0],[101,802]]
[[0,0],[1,0],[69,802]]
[[0,0],[1,0],[29,802]]
[[0,0],[1,0],[181,802]]
[[0,0],[1,0],[243,802]]
[[0,0],[1,0],[59,802]]
[[0,0],[1,0],[335,802]]
[[0,0],[1,0],[195,802]]
[[0,0],[1,0],[9,802]]
[[0,0],[1,0],[289,802]]
[[0,0],[1,0],[477,802]]
[[0,0],[1,0],[575,802]]
[[0,0],[1,0],[251,802]]
[[0,0],[1,0],[237,802]]
[[0,0],[1,0],[523,802]]
[[0,0],[1,0],[393,802]]
[[0,0],[1,0],[285,802]]
[[0,0],[1,0],[373,802]]
[[0,0],[1,0],[427,802]]
[[0,0],[1,0],[453,802]]
[[0,0],[1,0],[147,802]]
[[0,0],[1,0],[65,802]]
[[0,0],[1,0],[163,802]]
[[0,0],[1,0],[95,802]]
[[0,0],[1,0],[133,802]]
[[0,0],[1,0],[319,802]]
[[0,0],[1,0],[261,802]]
[[0,0],[1,0],[151,802]]
[[0,0],[1,0],[127,802]]
[[0,0],[1,0],[391,802]]
[[0,0],[1,0],[283,802]]
[[0,0],[1,0],[7,802]]
[[0,0],[1,0],[15,802]]
[[0,0],[1,0],[47,802]]
[[0,0],[1,0],[221,802]]
[[0,0],[1,0],[185,802]]
[[0,0],[1,0],[97,802]]
[[0,0],[1,0],[265,802]]
[[0,0],[1,0],[189,802]]
[[0,0],[1,0],[23,802]]
[[0,0],[1,0],[85,802]]
[[0,0],[1,0],[209,802]]
[[0,0],[1,0],[183,802]]
[[0,0],[1,0],[31,802]]
[[0,0],[1,0],[287,802]]
[[0,0],[1,0],[71,802]]
[[0,0],[1,0],[171,802]]
[[0,0],[1,0],[79,802]]
[[0,0],[1,0],[51,802]]
[[0,0],[1,0],[111,802]]
[[0,0],[1,0],[627,802]]
[[0,0],[1,0],[527,802]]
[[0,0],[1,0],[629,802]]
[[0,0],[1,0],[233,802]]
[[0,0],[1,0],[379,802]]
[[0,0],[1,0],[301,802]]
[[0,0],[1,0],[399,802]]
[[0,0],[1,0],[113,802]]
[[0,0],[1,0],[577,802]]
[[0,0],[1,0],[33,802]]
[[0,0],[1,0],[41,802]]
[[0,0],[1,0],[263,802]]
[[0,0],[1,0],[579,802]]
[[0,0],[1,0],[625,802]]
[[0,0],[1,0],[471,802]]
[[0,0],[1,0],[413,802]]
[[0,0],[1,0],[521,802]]
[[0,0],[1,0],[249,802]]
[[0,0],[1,0],[363,802]]
[[0,0],[1,0],[5,802]]
[[0,0],[1,0],[211,802]]
[[0,0],[1,0],[677,802]]
[[0,0],[1,0],[239,802]]
[[0,0],[1,0],[21,802]]
[[0,0],[1,0],[81,802]]
[[0,0],[1,0],[137,802]]
[[0,0],[1,0],[267,802]]
[[0,0],[1,0],[35,802]]
[[0,0],[1,0],[489,802]]
[[0,0],[1,0],[511,802]]
[[0,0],[1,0],[165,802]]
[[0,0],[1,0],[63,802]]
[[0,0],[1,0],[561,802]]
[[0,0],[1,0],[153,802]]
[[0,0],[1,0],[231,802]]
[[0,0],[1,0],[129,802]]
[[0,0],[1,0],[531,802]]
[[0,0],[1,0],[217,802]]
[[0,0],[1,0],[603,802]]
[[0,0],[1,0],[417,802]]
[[0,0],[1,0],[105,802]]
[[0,0],[1,0],[17,802]]
[[0,0],[1,0],[443,802]]
[[0,0],[1,0],[397,802]]
[[0,0],[1,0],[11,802]]
[[0,0],[1,0],[215,802]]
