[[0,0],[1,0],[215,803]]
[[0,0],[1,0],[178,803]]
[[0,0],[1,0],[141,803]]
[[0,0],[1,0],[25,803]]
[[0,0],[1,0],[156,803]]
[[0,0],[1,0],[364,803]]
[[0,0],[1,0],[104,803]]
[[0,0],[1,0],[114,803]]
[[0,0],[1,0],[158,803]]
[[0,0],[1,0],[103,803]]
[[0,0],[1,0],[306,803]]
[[0,0],[1,0],[83,803]]
[[0,0],[1,0],[39,803]]
[[0,0],[1,0],[53,803]]
[[0,0],[1,0],[62,803]]
[[0,0],[1,0],[220,803]]
[[0,0],[1,0],[49,803]]
[[0,0],[1,0],[298,803]]
[[0,0],[1,0],[200,803]]
[[0,0],[1,0],[45,803]]
[[0,0],[1,0],[89,803]]
[[0,0],[1,0],[179,803]]
[[0,0],[1,0],[102,803]]
[[0,0],[1,0],[188,803]]
[[0,0],[1,0],[75,803]]
[[0,0],[1,0],[34,803]]
[[0,0],[1,0],[46,803]]
[[0,0],[1,0],[123,803]]
[[0,0],[1,0],[112,803]]
[[0,0],[1,0],[177,803]]
[[0,0],[1,0],[28,803]]
[[0,0],[1,0],[167,803]]
[[0,0],[1,0],[13,803]]
[[0,0],[1,0],[92,803]]
[[0,0],[1,0],[2,803]]
[[0,0],[1,0],[658,803]]
[[0,0],[1,0],[37,803]]
[[0,0],[1,0],[168,803]]
[[0,0],[1,0],[20,803]]
[[0,0],[1,0],[375,803]]
[[0,0],[1,0],[70,803]]
[[0,0],[1,0],[562,803]]
[[0,0],[1,0],[118,803]]
[[0,0],[1,0],[74,803]]
[[0,0],[1,0],[507,803]]
[[0,0],[1,0],[650,803]]
[[0,0],[1,0],[214,803]]
[[0,0],[1,0],[157,803]]
[[0,0],[1,0],[155,803]]
[[0,0],[1,0],[61,803]]
[[0,0],[1,0],[452,803]]
[[0,0],[1,0],[78,803]]
[[0,0],[1,0],[276,803]]
[[0,0],[1,0],[43,803]]
[[0,0],[1,0],[106,803]]
[[0,0],[1,0],[115,803]]
[[0,0],[1,0],[10,803]]
[[0,0],[1,0],[19,803]]
[[0,0],[1,0],[1,803]]
[[0,0],[1,0],[210,803]]
[[0,0],[1,0],[30,803]]
[[0,0],[1,0],[194,803]]
[[0,0],[1,0],[32,803]]
[[0,0],[1,0],[98,803]]
[[0,0],[1,0],[199,803]]
[[0,0],[1,0],[191,803]]
[[0,0],[1,0],[386,803]]
[[0,0],[1,0],[60,803]]
[[0,0],[1,0],[148,803]]
[[0,0],[1,0],[3,803]]
[[0,0],[1,0],[40,803]]
[[0,0],[1,0],[36,803]]
[[0,0],[1,0],[58,803]]
[[0,0],[1,0],[91,803]]
[[0,0],[1,0],[27,803]]
[[0,0],[1,0],[161,803]]
[[0,0],[1,0],[639,803]]
[[0,0],[1,0],[12,803]]
[[0,0],[1,0],[142,803]]
[[0,0],[1,0],[109,803]]
[[0,0],[1,0],[54,803]]
[[0,0],[1,0],[101,803]]
[[0,0],[1,0],[238,803]]
[[0,0],[1,0],[69,803]]
[[0,0],[1,0],[29,803]]
[[0,0],[1,0],[6,803]]
[[0,0],[1,0],[243,803]]
[[0,0],[1,0],[59,803]]
[[0,0],[1,0],[26,803]]
[[0,0],[1,0],[126,803]]
[[0,0],[1,0],[76,803]]
[[0,0],[1,0],[9,803]]
[[0,0],[1,0],[331,803]]
[[0,0],[1,0],[94,803]]
[[0,0],[1,0],[16,803]]
[[0,0],[1,0],[82,803]]
[[0,0],[1,0],[237,803]]
[[0,0],[1,0],[439,803]]
[[0,0],[1,0],[50,803]]
[[0,0],[1,0],[147,803]]
[[0,0],[1,0],[65,803]]
[[0,0],[1,0],[95,803]]
[[0,0],[1,0],[133,803]]
[[0,0],[1,0],[38,803]]
[[0,0],[1,0],[309,803]]
[[0,0],[1,0],[125,803]]
[[0,0],[1,0],[127,803]]
[[0,0],[1,0],[124,803]]
[[0,0],[1,0],[7,803]]
[[0,0],[1,0],[15,803]]
[[0,0],[1,0],[47,803]]
[[0,0],[1,0],[221,803]]
[[0,0],[1,0],[84,803]]
[[0,0],[1,0],[23,803]]
[[0,0],[1,0],[512,803]]
[[0,0],[1,0],[85,803]]
[[0,0],[1,0],[100,803]]
[[0,0],[1,0],[144,803]]
[[0,0],[1,0],[31,803]]
[[0,0],[1,0],[14,803]]
[[0,0],[1,0],[342,803]]
[[0,0],[1,0],[48,803]]
[[0,0],[1,0],[287,803]]
[[0,0],[1,0],[71,803]]
[[0,0],[1,0],[51,803]]
[[0,0],[1,0],[111,803]]
[[0,0],[1,0],[8,803]]
[[0,0],[1,0],[166,803]]
[[0,0],[1,0],[113,803]]
[[0,0],[1,0],[254,803]]
[[0,0],[1,0],[41,803]]
[[0,0],[1,0],[90,803]]
[[0,0],[1,0],[56,803]]
[[0,0],[1,0],[339,803]]
[[0,0],[1,0],[93,803]]
[[0,0],[1,0],[5,803]]
[[0,0],[1,0],[24,803]]
[[0,0],[1,0],[21,803]]
[[0,0],[1,0],[122,803]]
[[0,0],[1,0],[81,803]]
[[0,0],[1,0],[216,803]]
[[0,0],[1,0],[35,803]]
[[0,0],[1,0],[683,803]]
[[0,0],[1,0],[4,803]]
[[0,0],[1,0],[18,803]]
[[0,0],[1,0],[52,803]]
[[0,0],[1,0],[105,803]]
[[0,0],[1,0],[17,803]]
[[0,0],[1,0],[42,803]]
[[0,0],[1,0],[72,803]]
