[[0,0],[1,0],[359,806]]
[[0,0],[1,0],[141,806]]
[[0,0],[1,0],[638,806]]
[[0,0],[1,0],[445,806]]
[[0,0],[1,0],[156,806]]
[[0,0],[1,0],[119,806]]
[[0,0],[1,0],[612,806]]
[[0,0],[1,0],[776,806]]
[[0,0],[1,0],[291,806]]
[[0,0],[1,0],[421,806]]
[[0,0],[1,0],[431,806]]
[[0,0],[1,0],[103,806]]
[[0,0],[1,0],[83,806]]
[[0,0],[1,0],[213,806]]
[[0,0],[1,0],[534,806]]
[[0,0],[1,0],[49,806]]
[[0,0],[1,0],[415,806]]
[[0,0],[1,0],[307,806]]
[[0,0],[1,0],[597,806]]
[[0,0],[1,0],[53,806]]
[[0,0],[1,0],[145,806]]
[[0,0],[1,0],[747,806]]
[[0,0],[1,0],[89,806]]
[[0,0],[1,0],[235,806]]
[[0,0],[1,0],[768,806]]
[[0,0],[1,0],[179,806]]
[[0,0],[1,0],[45,806]]
[[0,0],[1,0],[123,806]]
[[0,0],[1,0],[201,806]]
[[0,0],[1,0],[667,806]]
[[0,0],[1,0],[303,806]]
[[0,0],[1,0],[177,806]]
[[0,0],[1,0],[347,806]]
[[0,0],[1,0],[619,806]]
[[0,0],[1,0],[167,806]]
[[0,0],[1,0],[323,806]]
[[0,0],[1,0],[92,806]]
[[0,0],[1,0],[274,806]]
[[0,0],[1,0],[311,806]]
[[0,0],[1,0],[491,806]]
[[0,0],[1,0],[57,806]]
[[0,0],[1,0],[37,806]]
[[0,0],[1,0],[229,806]]
[[0,0],[1,0],[423,806]]
[[0,0],[1,0],[67,806]]
[[0,0],[1,0],[652,806]]
[[0,0],[1,0],[586,806]]
[[0,0],[1,0],[505,806]]
[[0,0],[1,0],[118,806]]
[[0,0],[1,0],[595,806]]
[[0,0],[1,0],[419,806]]
[[0,0],[1,0],[352,806]]
[[0,0],[1,0],[313,806]]
[[0,0],[1,0],[635,806]]
[[0,0],[1,0],[77,806]]
[[0,0],[1,0],[457,806]]
[[0,0],[1,0],[173,806]]
[[0,0],[1,0],[159,806]]
[[0,0],[1,0],[495,806]]
[[0,0],[1,0],[55,806]]
[[0,0],[1,0],[441,806]]
[[0,0],[1,0],[456,806]]
[[0,0],[1,0],[482,806]]
[[0,0],[1,0],[131,806]]
[[0,0],[1,0],[559,806]]
[[0,0],[1,0],[157,806]]
[[0,0],[1,0],[693,806]]
[[0,0],[1,0],[43,806]]
[[0,0],[1,0],[549,806]]
[[0,0],[1,0],[115,806]]
[[0,0],[1,0],[19,806]]
[[0,0],[1,0],[61,806]]
[[0,0],[1,0],[430,806]]
[[0,0],[1,0],[197,806]]
[[0,0],[1,0],[1,806]]
[[0,0],[1,0],[601,806]]
[[0,0],[1,0],[222,806]]
[[0,0],[1,0],[87,806]]
[[0,0],[1,0],[794,806]]
[[0,0],[1,0],[463,806]]
[[0,0],[1,0],[293,806]]
[[0,0],[1,0],[32,806]]
[[0,0],[1,0],[545,806]]
[[0,0],[1,0],[175,806]]
[[0,0],[1,0],[731,806]]
[[0,0],[1,0],[327,806]]
[[0,0],[1,0],[466,806]]
[[0,0],[1,0],[223,806]]
[[0,0],[1,0],[259,806]]
[[0,0],[1,0],[3,806]]
[[0,0],[1,0],[40,806]]
[[0,0],[1,0],[199,806]]
[[0,0],[1,0],[411,806]]
[[0,0],[1,0],[525,806]]
[[0,0],[1,0],[73,806]]
[[0,0],[1,0],[191,806]]
[[0,0],[1,0],[621,806]]
[[0,0],[1,0],[714,806]]
[[0,0],[1,0],[27,806]]
[[0,0],[1,0],[449,806]]
[[0,0],[1,0],[121,806]]
[[0,0],[1,0],[378,806]]
[[0,0],[1,0],[161,806]]
[[0,0],[1,0],[227,806]]
[[0,0],[1,0],[66,806]]
[[0,0],[1,0],[253,806]]
[[0,0],[1,0],[369,806]]
[[0,0],[1,0],[707,806]]
[[0,0],[1,0],[381,806]]
[[0,0],[1,0],[219,806]]
[[0,0],[1,0],[716,806]]
[[0,0],[1,0],[109,806]]
[[0,0],[1,0],[149,806]]
[[0,0],[1,0],[355,806]]
[[0,0],[1,0],[243,806]]
[[0,0],[1,0],[101,806]]
[[0,0],[1,0],[241,806]]
[[0,0],[1,0],[69,806]]
[[0,0],[1,0],[29,806]]
[[0,0],[1,0],[181,806]]
[[0,0],[1,0],[690,806]]
[[0,0],[1,0],[9,806]]
[[0,0],[1,0],[335,806]]
[[0,0],[1,0],[289,806]]
[[0,0],[1,0],[331,806]]
[[0,0],[1,0],[94,806]]
[[0,0],[1,0],[251,806]]
[[0,0],[1,0],[393,806]]
[[0,0],[1,0],[523,806]]
[[0,0],[1,0],[477,806]]
[[0,0],[1,0],[427,806]]
[[0,0],[1,0],[147,806]]
[[0,0],[1,0],[163,806]]
[[0,0],[1,0],[196,806]]
[[0,0],[1,0],[237,806]]
[[0,0],[1,0],[373,806]]
[[0,0],[1,0],[317,806]]
[[0,0],[1,0],[453,806]]
[[0,0],[1,0],[439,806]]
[[0,0],[1,0],[95,806]]
[[0,0],[1,0],[133,806]]
[[0,0],[1,0],[319,806]]
[[0,0],[1,0],[326,806]]
[[0,0],[1,0],[295,806]]
[[0,0],[1,0],[151,806]]
[[0,0],[1,0],[309,806]]
[[0,0],[1,0],[125,806]]
[[0,0],[1,0],[537,806]]
[[0,0],[1,0],[127,806]]
[[0,0],[2,0],[312,403]]
[[0,0],[1,0],[97,806]]
[[0,0],[1,0],[7,806]]
[[0,0],[1,0],[15,806]]
[[0,0],[1,0],[47,806]]
[[0,0],[1,0],[144,806]]
[[0,0],[1,0],[23,806]]
[[0,0],[1,0],[541,806]]
[[0,0],[1,0],[14,806]]
[[0,0],[1,0],[342,806]]
[[0,0],[1,0],[85,806]]
[[0,0],[1,0],[183,806]]
[[0,0],[1,0],[560,806]]
[[0,0],[1,0],[287,806]]
[[0,0],[1,0],[337,806]]
[[0,0],[1,0],[51,806]]
[[0,0],[1,0],[71,806]]
[[0,0],[1,0],[79,806]]
[[0,0],[1,0],[233,806]]
[[0,0],[1,0],[528,806]]
[[0,0],[1,0],[409,806]]
[[0,0],[1,0],[111,806]]
[[0,0],[1,0],[321,806]]
[[0,0],[1,0],[613,806]]
[[0,0],[1,0],[399,806]]
[[0,0],[1,0],[33,806]]
[[0,0],[1,0],[170,806]]
[[0,0],[1,0],[509,806]]
[[0,0],[1,0],[591,806]]
[[0,0],[1,0],[41,806]]
[[0,0],[1,0],[405,806]]
[[0,0],[1,0],[339,806]]
[[0,0],[1,0],[404,806]]
[[0,0],[1,0],[508,806]]
[[0,0],[1,0],[280,806]]
[[0,0],[1,0],[521,806]]
[[0,0],[1,0],[473,806]]
[[0,0],[1,0],[263,806]]
[[0,0],[1,0],[249,806]]
[[0,0],[1,0],[255,806]]
[[0,0],[1,0],[363,806]]
[[0,0],[1,0],[5,806]]
[[0,0],[1,0],[677,806]]
[[0,0],[1,0],[81,806]]
[[0,0],[1,0],[137,806]]
[[0,0],[1,0],[239,806]]
[[0,0],[1,0],[21,806]]
[[0,0],[1,0],[207,806]]
[[0,0],[1,0],[35,806]]
[[0,0],[1,0],[371,806]]
[[0,0],[1,0],[267,806]]
[[0,0],[1,0],[805,806]]
[[0,0],[1,0],[617,806]]
[[0,0],[1,0],[107,806]]
[[0,0],[1,0],[561,806]]
[[0,0],[1,0],[165,806]]
[[0,0],[1,0],[153,806]]
[[0,0],[1,0],[271,806]]
[[0,0],[1,0],[63,806]]
[[0,0],[1,0],[231,806]]
[[0,0],[1,0],[531,806]]
[[0,0],[1,0],[277,806]]
[[0,0],[1,0],[501,806]]
[[0,0],[1,0],[603,806]]
[[0,0],[1,0],[742,806]]
[[0,0],[1,0],[105,806]]
[[0,0],[1,0],[225,806]]
[[0,0],[1,0],[417,806]]
[[0,0],[1,0],[17,806]]
[[0,0],[1,0],[135,806]]
[[0,0],[1,0],[664,806]]
[[0,0],[1,0],[345,806]]
[[0,0],[1,0],[11,806]]
[[0,0],[1,0],[218,806]]
[[0,0],[1,0],[25,806]]
[[0,0],[1,0],[590,806]]
[[0,0],[1,0],[300,806]]
