[[0,0],[1,0],[88,807]]
[[0,0],[1,0],[215,807]]
[[0,0],[1,0],[178,807]]
[[0,0],[1,0],[158,807]]
[[0,0],[1,0],[445,807]]
[[0,0],[1,0],[119,807]]
[[0,0],[1,0],[292,807]]
[[0,0],[1,0],[421,807]]
[[0,0],[1,0],[103,807]]
[[0,0],[1,0],[83,807]]
[[0,0],[1,0],[49,807]]
[[0,0],[1,0],[415,807]]
[[0,0],[1,0],[403,807]]
[[0,0],[1,0],[169,807]]
[[0,0],[1,0],[307,807]]
[[0,0],[1,0],[53,807]]
[[0,0],[1,0],[220,807]]
[[0,0],[1,0],[190,807]]
[[0,0],[1,0],[145,807]]
[[0,0],[1,0],[235,807]]
[[0,0],[1,0],[89,807]]
[[0,0],[1,0],[298,807]]
[[0,0],[1,0],[424,807]]
[[0,0],[1,0],[184,807]]
[[0,0],[1,0],[694,807]]
[[0,0],[1,0],[475,807]]
[[0,0],[1,0],[46,807]]
[[0,0],[1,0],[712,807]]
[[0,0],[1,0],[553,807]]
[[0,0],[1,0],[685,807]]
[[0,0],[1,0],[112,807]]
[[0,0],[1,0],[547,807]]
[[0,0],[1,0],[34,807]]
[[0,0],[1,0],[116,807]]
[[0,0],[1,0],[667,807]]
[[0,0],[1,0],[619,807]]
[[0,0],[1,0],[406,807]]
[[0,0],[1,0],[28,807]]
[[0,0],[1,0],[13,807]]
[[0,0],[1,0],[68,807]]
[[0,0],[1,0],[92,807]]
[[0,0],[1,0],[484,807]]
[[0,0],[1,0],[2,807]]
[[0,0],[1,0],[274,807]]
[[0,0],[1,0],[658,807]]
[[0,0],[1,0],[340,807]]
[[0,0],[1,0],[37,807]]
[[0,0],[1,0],[229,807]]
[[0,0],[1,0],[67,807]]
[[0,0],[1,0],[70,807]]
[[0,0],[1,0],[118,807]]
[[0,0],[1,0],[472,807]]
[[0,0],[1,0],[20,807]]
[[0,0],[1,0],[493,807]]
[[0,0],[1,0],[136,807]]
[[0,0],[1,0],[562,807]]
[[0,0],[1,0],[77,807]]
[[0,0],[1,0],[367,807]]
[[0,0],[1,0],[304,807]]
[[0,0],[1,0],[74,807]]
[[0,0],[1,0],[214,807]]
[[0,0],[1,0],[55,807]]
[[0,0],[1,0],[247,807]]
[[0,0],[1,0],[131,807]]
[[0,0],[1,0],[139,807]]
[[0,0],[1,0],[157,807]]
[[0,0],[1,0],[43,807]]
[[0,0],[1,0],[115,807]]
[[0,0],[1,0],[19,807]]
[[0,0],[1,0],[61,807]]
[[0,0],[1,0],[430,807]]
[[0,0],[1,0],[1,807]]
[[0,0],[1,0],[106,807]]
[[0,0],[1,0],[10,807]]
[[0,0],[1,0],[270,807]]
[[0,0],[1,0],[44,807]]
[[0,0],[1,0],[175,807]]
[[0,0],[1,0],[466,807]]
[[0,0],[1,0],[259,807]]
[[0,0],[1,0],[80,807]]
[[0,0],[1,0],[98,807]]
[[0,0],[1,0],[40,807]]
[[0,0],[1,0],[73,807]]
[[0,0],[1,0],[91,807]]
[[0,0],[1,0],[148,807]]
[[0,0],[1,0],[58,807]]
[[0,0],[1,0],[469,807]]
[[0,0],[1,0],[433,807]]
[[0,0],[1,0],[121,807]]
[[0,0],[1,0],[310,807]]
[[0,0],[1,0],[154,807]]
[[0,0],[1,0],[160,807]]
[[0,0],[1,0],[286,807]]
[[0,0],[1,0],[253,807]]
[[0,0],[1,0],[634,807]]
[[0,0],[1,0],[142,807]]
[[0,0],[1,0],[361,807]]
[[0,0],[1,0],[322,807]]
[[0,0],[1,0],[205,807]]
[[0,0],[1,0],[64,807]]
[[0,0],[1,0],[238,807]]
[[0,0],[1,0],[109,807]]
[[0,0],[1,0],[164,807]]
[[0,0],[1,0],[355,807]]
[[0,0],[1,0],[580,807]]
[[0,0],[1,0],[59,807]]
[[0,0],[1,0],[241,807]]
[[0,0],[1,0],[181,807]]
[[0,0],[1,0],[29,807]]
[[0,0],[1,0],[26,807]]
[[0,0],[1,0],[448,807]]
[[0,0],[1,0],[76,807]]
[[0,0],[1,0],[94,807]]
[[0,0],[1,0],[16,807]]
[[0,0],[1,0],[427,807]]
[[0,0],[1,0],[544,807]]
[[0,0],[1,0],[65,807]]
[[0,0],[1,0],[163,807]]
[[0,0],[1,0],[82,807]]
[[0,0],[1,0],[520,807]]
[[0,0],[1,0],[334,807]]
[[0,0],[1,0],[373,807]]
[[0,0],[1,0],[38,807]]
[[0,0],[1,0],[439,807]]
[[0,0],[1,0],[50,807]]
[[0,0],[1,0],[133,807]]
[[0,0],[1,0],[319,807]]
[[0,0],[1,0],[283,807]]
[[0,0],[1,0],[151,807]]
[[0,0],[1,0],[125,807]]
[[0,0],[1,0],[127,807]]
[[0,0],[1,0],[640,807]]
[[0,0],[1,0],[185,807]]
[[0,0],[1,0],[97,807]]
[[0,0],[1,0],[278,807]]
[[0,0],[1,0],[130,807]]
[[0,0],[1,0],[124,807]]
[[0,0],[1,0],[7,807]]
[[0,0],[1,0],[47,807]]
[[0,0],[1,0],[23,807]]
[[0,0],[1,0],[541,807]]
[[0,0],[1,0],[14,807]]
[[0,0],[1,0],[328,807]]
[[0,0],[1,0],[100,807]]
[[0,0],[1,0],[31,807]]
[[0,0],[1,0],[539,807]]
[[0,0],[1,0],[71,807]]
[[0,0],[1,0],[262,807]]
[[0,0],[1,0],[8,807]]
[[0,0],[1,0],[166,807]]
[[0,0],[1,0],[394,807]]
[[0,0],[1,0],[79,807]]
[[0,0],[1,0],[301,807]]
[[0,0],[1,0],[577,807]]
[[0,0],[1,0],[613,807]]
[[0,0],[1,0],[170,807]]
[[0,0],[1,0],[41,807]]
[[0,0],[1,0],[284,807]]
[[0,0],[1,0],[508,807]]
[[0,0],[1,0],[268,807]]
[[0,0],[1,0],[211,807]]
[[0,0],[1,0],[5,807]]
[[0,0],[1,0],[22,807]]
[[0,0],[1,0],[134,807]]
[[0,0],[1,0],[239,807]]
[[0,0],[1,0],[256,807]]
[[0,0],[1,0],[325,807]]
[[0,0],[1,0],[35,807]]
[[0,0],[1,0],[152,807]]
[[0,0],[1,0],[107,807]]
[[0,0],[1,0],[206,807]]
[[0,0],[1,0],[271,807]]
[[0,0],[1,0],[706,807]]
[[0,0],[1,0],[277,807]]
[[0,0],[1,0],[128,807]]
[[0,0],[1,0],[4,807]]
[[0,0],[1,0],[217,807]]
[[0,0],[1,0],[17,807]]
[[0,0],[1,0],[232,807]]
[[0,0],[1,0],[52,807]]
[[0,0],[1,0],[11,807]]
[[0,0],[1,0],[25,807]]
