[[0,0],[1,0],[11,809]]
[[0,0],[1,0],[25,809]]
[[0,0],[1,0],[114,809]]
[[0,0],[1,0],[103,809]]
[[0,0],[1,0],[213,809]]
[[0,0],[1,0],[305,809]]
[[0,0],[1,0],[39,809]]
[[0,0],[1,0],[62,809]]
[[0,0],[1,0],[53,809]]
[[0,0],[1,0],[169,809]]
[[0,0],[1,0],[89,809]]
[[0,0],[1,0],[75,809]]
[[0,0],[1,0],[34,809]]
[[0,0],[1,0],[123,809]]
[[0,0],[1,0],[116,809]]
[[0,0],[1,0],[28,809]]
[[0,0],[1,0],[13,809]]
[[0,0],[1,0],[176,809]]
[[0,0],[1,0],[294,809]]
[[0,0],[1,0],[99,809]]
[[0,0],[1,0],[193,809]]
[[0,0],[1,0],[167,809]]
[[0,0],[1,0],[68,809]]
[[0,0],[1,0],[2,809]]
[[0,0],[1,0],[246,809]]
[[0,0],[1,0],[67,809]]
[[0,0],[1,0],[168,809]]
[[0,0],[1,0],[70,809]]
[[0,0],[1,0],[37,809]]
[[0,0],[1,0],[74,809]]
[[0,0],[1,0],[57,809]]
[[0,0],[1,0],[186,809]]
[[0,0],[1,0],[20,809]]
[[0,0],[1,0],[108,809]]
[[0,0],[1,0],[180,809]]
[[0,0],[1,0],[157,809]]
[[0,0],[1,0],[61,809]]
[[0,0],[1,0],[106,809]]
[[0,0],[1,0],[226,809]]
[[0,0],[1,0],[10,809]]
[[0,0],[1,0],[115,809]]
[[0,0],[1,0],[19,809]]
[[0,0],[1,0],[117,809]]
[[0,0],[1,0],[175,809]]
[[0,0],[1,0],[44,809]]
[[0,0],[1,0],[155,809]]
[[0,0],[1,0],[1,809]]
[[0,0],[1,0],[139,809]]
[[0,0],[1,0],[43,809]]
[[0,0],[1,0],[87,809]]
[[0,0],[1,0],[3,809]]
[[0,0],[1,0],[143,809]]
[[0,0],[1,0],[58,809]]
[[0,0],[1,0],[60,809]]
[[0,0],[1,0],[194,809]]
[[0,0],[1,0],[40,809]]
[[0,0],[1,0],[98,809]]
[[0,0],[1,0],[32,809]]
[[0,0],[1,0],[154,809]]
[[0,0],[1,0],[269,809]]
[[0,0],[1,0],[187,809]]
[[0,0],[1,0],[227,809]]
[[0,0],[1,0],[80,809]]
[[0,0],[1,0],[36,809]]
[[0,0],[1,0],[161,809]]
[[0,0],[1,0],[73,809]]
[[0,0],[1,0],[27,809]]
[[0,0],[1,0],[12,809]]
[[0,0],[1,0],[66,809]]
[[0,0],[1,0],[109,809]]
[[0,0],[1,0],[121,809]]
[[0,0],[1,0],[6,809]]
[[0,0],[1,0],[160,809]]
[[0,0],[1,0],[29,809]]
[[0,0],[1,0],[195,809]]
[[0,0],[1,0],[142,809]]
[[0,0],[1,0],[26,809]]
[[0,0],[1,0],[76,809]]
[[0,0],[1,0],[64,809]]
[[0,0],[1,0],[69,809]]
[[0,0],[1,0],[181,809]]
[[0,0],[1,0],[59,809]]
[[0,0],[1,0],[95,809]]
[[0,0],[1,0],[65,809]]
[[0,0],[1,0],[38,809]]
[[0,0],[1,0],[9,809]]
[[0,0],[1,0],[251,809]]
[[0,0],[1,0],[110,809]]
[[0,0],[1,0],[125,809]]
[[0,0],[1,0],[16,809]]
[[0,0],[1,0],[15,809]]
[[0,0],[1,0],[47,809]]
[[0,0],[1,0],[124,809]]
[[0,0],[1,0],[7,809]]
[[0,0],[1,0],[342,809]]
[[0,0],[1,0],[185,809]]
[[0,0],[1,0],[23,809]]
[[0,0],[1,0],[79,809]]
[[0,0],[1,0],[51,809]]
[[0,0],[1,0],[85,809]]
[[0,0],[1,0],[14,809]]
[[0,0],[1,0],[111,809]]
[[0,0],[1,0],[144,809]]
[[0,0],[1,0],[86,809]]
[[0,0],[1,0],[48,809]]
[[0,0],[1,0],[8,809]]
[[0,0],[1,0],[71,809]]
[[0,0],[1,0],[33,809]]
[[0,0],[1,0],[56,809]]
[[0,0],[1,0],[268,809]]
[[0,0],[1,0],[41,809]]
[[0,0],[1,0],[24,809]]
[[0,0],[1,0],[207,809]]
[[0,0],[1,0],[22,809]]
[[0,0],[1,0],[122,809]]
[[0,0],[1,0],[35,809]]
[[0,0],[1,0],[5,809]]
[[0,0],[1,0],[132,809]]
[[0,0],[1,0],[21,809]]
[[0,0],[1,0],[63,809]]
[[0,0],[1,0],[325,809]]
[[0,0],[1,0],[267,809]]
[[0,0],[1,0],[129,809]]
[[0,0],[1,0],[107,809]]
[[0,0],[1,0],[206,809]]
[[0,0],[1,0],[153,809]]
[[0,0],[1,0],[18,809]]
[[0,0],[1,0],[225,809]]
[[0,0],[1,0],[17,809]]
[[0,0],[1,0],[42,809]]
[[0,0],[1,0],[4,809]]
[[0,0],[1,0],[128,809]]
[[0,0],[1,0],[72,809]]
[[0,0],[1,0],[52,809]]
[[0,0],[1,0],[88,809]]
[[0,0],[1,0],[156,809]]
