[[0,0],[1,0],[22,811]]
[[0,0],[1,0],[53,811]]
[[0,0],[1,0],[124,811]]
[[0,0],[1,0],[180,811]]
[[0,0],[1,0],[9,811]]
[[0,0],[1,0],[49,811]]
[[0,0],[1,0],[95,811]]
[[0,0],[1,0],[37,811]]
[[0,0],[1,0],[6,811]]
[[0,0],[1,0],[20,811]]
[[0,0],[1,0],[202,811]]
[[0,0],[1,0],[120,811]]
[[0,0],[1,0],[68,811]]
[[0,0],[1,0],[42,811]]
[[0,0],[1,0],[57,811]]
[[0,0],[1,0],[181,811]]
[[0,0],[1,0],[43,811]]
[[0,0],[1,0],[165,811]]
[[0,0],[1,0],[109,811]]
[[0,0],[1,0],[194,811]]
[[0,0],[1,0],[71,811]]
[[0,0],[1,0],[94,811]]
[[0,0],[1,0],[113,811]]
[[0,0],[1,0],[28,811]]
[[0,0],[1,0],[193,811]]
[[0,0],[1,0],[99,811]]
[[0,0],[1,0],[88,811]]
[[0,0],[1,0],[208,811]]
[[0,0],[1,0],[315,811]]
[[0,0],[1,0],[34,811]]
[[0,0],[1,0],[118,811]]
[[0,0],[1,0],[232,811]]
[[0,0],[1,0],[48,811]]
[[0,0],[1,0],[114,811]]
[[0,0],[1,0],[63,811]]
[[0,0],[1,0],[18,811]]
[[0,0],[1,0],[39,811]]
[[0,0],[1,0],[126,811]]
[[0,0],[1,0],[73,811]]
[[0,0],[1,0],[32,811]]
[[0,0],[1,0],[3,811]]
[[0,0],[1,0],[107,811]]
[[0,0],[1,0],[13,811]]
[[0,0],[1,0],[85,811]]
[[0,0],[1,0],[23,811]]
[[0,0],[1,0],[26,811]]
[[0,0],[1,0],[289,811]]
[[0,0],[1,0],[92,811]]
[[0,0],[1,0],[278,811]]
[[0,0],[1,0],[166,811]]
[[0,0],[1,0],[119,811]]
[[0,0],[1,0],[44,811]]
[[0,0],[1,0],[138,811]]
[[0,0],[1,0],[80,811]]
[[0,0],[1,0],[108,811]]
[[0,0],[1,0],[115,811]]
[[0,0],[1,0],[244,811]]
[[0,0],[1,0],[16,811]]
[[0,0],[1,0],[111,811]]
[[0,0],[1,0],[175,811]]
[[0,0],[1,0],[11,811]]
[[0,0],[1,0],[50,811]]
[[0,0],[1,0],[21,811]]
[[0,0],[1,0],[98,811]]
[[0,0],[1,0],[84,811]]
[[0,0],[1,0],[188,811]]
[[0,0],[1,0],[47,811]]
[[0,0],[1,0],[125,811]]
[[0,0],[1,0],[112,811]]
[[0,0],[1,0],[83,811]]
[[0,0],[1,0],[102,811]]
[[0,0],[1,0],[61,811]]
[[0,0],[1,0],[19,811]]
[[0,0],[1,0],[265,811]]
[[0,0],[1,0],[7,811]]
[[0,0],[1,0],[24,811]]
[[0,0],[1,0],[199,811]]
[[0,0],[1,0],[201,811]]
[[0,0],[1,0],[35,811]]
[[0,0],[1,0],[228,811]]
[[0,0],[1,0],[308,811]]
[[0,0],[1,0],[62,811]]
[[0,0],[1,0],[38,811]]
[[0,0],[1,0],[150,811]]
[[0,0],[1,0],[74,811]]
[[0,0],[1,0],[14,811]]
[[0,0],[1,0],[279,811]]
[[0,0],[1,0],[52,811]]
[[0,0],[1,0],[121,811]]
[[0,0],[1,0],[176,811]]
[[0,0],[1,0],[288,811]]
[[0,0],[1,0],[307,811]]
[[0,0],[1,0],[316,811]]
[[0,0],[1,0],[131,811]]
[[0,0],[1,0],[5,811]]
[[0,0],[1,0],[93,811]]
[[0,0],[1,0],[272,811]]
[[0,0],[1,0],[177,811]]
[[0,0],[1,0],[137,811]]
[[0,0],[1,0],[72,811]]
[[0,0],[1,0],[8,811]]
[[0,0],[1,0],[260,811]]
[[0,0],[1,0],[183,811]]
[[0,0],[1,0],[209,811]]
[[0,0],[1,0],[189,811]]
[[0,0],[1,0],[66,811]]
[[0,0],[1,0],[110,811]]
[[0,0],[1,0],[192,811]]
[[0,0],[1,0],[182,811]]
[[0,0],[1,0],[4,811]]
[[0,0],[1,0],[151,811]]
[[0,0],[1,0],[33,811]]
[[0,0],[1,0],[25,811]]
[[0,0],[1,0],[97,811]]
[[0,0],[1,0],[36,811]]
[[0,0],[1,0],[164,811]]
[[0,0],[1,0],[56,811]]
[[0,0],[1,0],[143,811]]
[[0,0],[1,0],[40,811]]
[[0,0],[1,0],[106,811]]
[[0,0],[1,0],[200,811]]
[[0,0],[1,0],[12,811]]
[[0,0],[1,0],[41,811]]
[[0,0],[1,0],[67,811]]
[[0,0],[1,0],[27,811]]
[[0,0],[1,0],[10,811]]
[[0,0],[1,0],[206,811]]
[[0,0],[1,0],[51,811]]
[[0,0],[1,0],[198,811]]
[[0,0],[1,0],[2,811]]
[[0,0],[1,0],[15,811]]
[[0,0],[1,0],[17,811]]
[[0,0],[1,0],[1,811]]
[[0,0],[1,0],[75,811]]
[[0,0],[1,0],[127,811]]
[[0,0],[1,0],[96,811]]
[[0,0],[1,0],[207,811]]
