[[0,0],[1,0],[345,814]]
[[0,0],[1,0],[571,814]]
[[0,0],[1,0],[25,814]]
[[0,0],[1,0],[556,814]]
[[0,0],[1,0],[83,814]]
[[0,0],[1,0],[487,814]]
[[0,0],[1,0],[215,814]]
[[0,0],[1,0],[584,814]]
[[0,0],[1,0],[647,814]]
[[0,0],[1,0],[49,814]]
[[0,0],[1,0],[119,814]]
[[0,0],[1,0],[305,814]]
[[0,0],[1,0],[421,814]]
[[0,0],[1,0],[103,814]]
[[0,0],[1,0],[145,814]]
[[0,0],[1,0],[213,814]]
[[0,0],[1,0],[298,814]]
[[0,0],[1,0],[179,814]]
[[0,0],[1,0],[694,814]]
[[0,0],[1,0],[377,814]]
[[0,0],[1,0],[45,814]]
[[0,0],[1,0],[169,814]]
[[0,0],[1,0],[329,814]]
[[0,0],[1,0],[39,814]]
[[0,0],[1,0],[53,814]]
[[0,0],[1,0],[547,814]]
[[0,0],[1,0],[188,814]]
[[0,0],[1,0],[89,814]]
[[0,0],[1,0],[235,814]]
[[0,0],[1,0],[630,814]]
[[0,0],[1,0],[75,814]]
[[0,0],[1,0],[303,814]]
[[0,0],[1,0],[123,814]]
[[0,0],[1,0],[112,814]]
[[0,0],[1,0],[193,814]]
[[0,0],[1,0],[34,814]]
[[0,0],[1,0],[13,814]]
[[0,0],[1,0],[323,814]]
[[0,0],[1,0],[593,814]]
[[0,0],[1,0],[347,814]]
[[0,0],[1,0],[67,814]]
[[0,0],[1,0],[57,814]]
[[0,0],[1,0],[595,814]]
[[0,0],[1,0],[419,814]]
[[0,0],[1,0],[229,814]]
[[0,0],[1,0],[357,814]]
[[0,0],[1,0],[367,814]]
[[0,0],[1,0],[203,814]]
[[0,0],[1,0],[173,814]]
[[0,0],[1,0],[186,814]]
[[0,0],[1,0],[540,814]]
[[0,0],[1,0],[159,814]]
[[0,0],[1,0],[650,814]]
[[0,0],[1,0],[507,814]]
[[0,0],[1,0],[496,814]]
[[0,0],[1,0],[562,814]]
[[0,0],[1,0],[465,814]]
[[0,0],[1,0],[260,814]]
[[0,0],[1,0],[313,814]]
[[0,0],[1,0],[499,814]]
[[0,0],[1,0],[631,814]]
[[0,0],[1,0],[559,814]]
[[0,0],[1,0],[157,814]]
[[0,0],[1,0],[569,814]]
[[0,0],[1,0],[115,814]]
[[0,0],[1,0],[273,814]]
[[0,0],[1,0],[19,814]]
[[0,0],[1,0],[61,814]]
[[0,0],[1,0],[1,814]]
[[0,0],[1,0],[281,814]]
[[0,0],[1,0],[155,814]]
[[0,0],[1,0],[117,814]]
[[0,0],[1,0],[463,814]]
[[0,0],[1,0],[482,814]]
[[0,0],[1,0],[551,814]]
[[0,0],[1,0],[247,814]]
[[0,0],[1,0],[78,814]]
[[0,0],[1,0],[175,814]]
[[0,0],[1,0],[43,814]]
[[0,0],[1,0],[675,814]]
[[0,0],[1,0],[343,814]]
[[0,0],[1,0],[223,814]]
[[0,0],[1,0],[452,814]]
[[0,0],[1,0],[430,814]]
[[0,0],[1,0],[197,814]]
[[0,0],[1,0],[276,814]]
[[0,0],[1,0],[425,814]]
[[0,0],[1,0],[3,814]]
[[0,0],[1,0],[87,814]]
[[0,0],[1,0],[525,814]]
[[0,0],[1,0],[293,814]]
[[0,0],[1,0],[210,814]]
[[0,0],[1,0],[279,814]]
[[0,0],[1,0],[637,814]]
[[0,0],[1,0],[606,814]]
[[0,0],[1,0],[449,814]]
[[0,0],[1,0],[455,814]]
[[0,0],[1,0],[269,814]]
[[0,0],[1,0],[161,814]]
[[0,0],[1,0],[227,814]]
[[0,0],[1,0],[411,814]]
[[0,0],[1,0],[73,814]]
[[0,0],[1,0],[386,814]]
[[0,0],[1,0],[91,814]]
[[0,0],[1,0],[27,814]]
[[0,0],[1,0],[369,814]]
[[0,0],[1,0],[381,814]]
[[0,0],[1,0],[12,814]]
[[0,0],[1,0],[205,814]]
[[0,0],[1,0],[297,814]]
[[0,0],[1,0],[716,814]]
[[0,0],[1,0],[109,814]]
[[0,0],[1,0],[745,814]]
[[0,0],[1,0],[355,814]]
[[0,0],[1,0],[299,814]]
[[0,0],[1,0],[195,814]]
[[0,0],[1,0],[241,814]]
[[0,0],[1,0],[29,814]]
[[0,0],[1,0],[335,814]]
[[0,0],[1,0],[149,814]]
[[0,0],[1,0],[101,814]]
[[0,0],[1,0],[59,814]]
[[0,0],[1,0],[672,814]]
[[0,0],[1,0],[474,814]]
[[0,0],[1,0],[147,814]]
[[0,0],[1,0],[65,814]]
[[0,0],[1,0],[9,814]]
[[0,0],[1,0],[331,814]]
[[0,0],[1,0],[285,814]]
[[0,0],[1,0],[38,814]]
[[0,0],[1,0],[317,814]]
[[0,0],[1,0],[251,814]]
[[0,0],[1,0],[95,814]]
[[0,0],[1,0],[523,814]]
[[0,0],[1,0],[427,814]]
[[0,0],[1,0],[125,814]]
[[0,0],[1,0],[127,814]]
[[0,0],[1,0],[97,814]]
[[0,0],[1,0],[334,814]]
[[0,0],[1,0],[373,814]]
[[0,0],[1,0],[813,814]]
[[0,0],[1,0],[439,814]]
[[0,0],[1,0],[453,814]]
[[0,0],[1,0],[15,814]]
[[0,0],[1,0],[47,814]]
[[0,0],[1,0],[133,814]]
[[0,0],[1,0],[221,814]]
[[0,0],[1,0],[295,814]]
[[0,0],[1,0],[261,814]]
[[0,0],[1,0],[283,814]]
[[0,0],[1,0],[151,814]]
[[0,0],[1,0],[309,814]]
[[0,0],[1,0],[189,814]]
[[0,0],[1,0],[342,814]]
[[0,0],[1,0],[633,814]]
[[0,0],[1,0],[391,814]]
[[0,0],[1,0],[265,814]]
[[0,0],[1,0],[7,814]]
[[0,0],[1,0],[615,814]]
[[0,0],[1,0],[31,814]]
[[0,0],[1,0],[337,814]]
[[0,0],[1,0],[287,814]]
[[0,0],[1,0],[144,814]]
[[0,0],[1,0],[23,814]]
[[0,0],[1,0],[51,814]]
[[0,0],[1,0],[760,814]]
[[0,0],[1,0],[166,814]]
[[0,0],[1,0],[85,814]]
[[0,0],[1,0],[100,814]]
[[0,0],[1,0],[79,814]]
[[0,0],[1,0],[171,814]]
[[0,0],[1,0],[628,814]]
[[0,0],[1,0],[321,814]]
[[0,0],[1,0],[408,814]]
[[0,0],[1,0],[113,814]]
[[0,0],[1,0],[301,814]]
[[0,0],[1,0],[577,814]]
[[0,0],[1,0],[71,814]]
[[0,0],[1,0],[399,814]]
[[0,0],[1,0],[503,814]]
[[0,0],[1,0],[379,814]]
[[0,0],[1,0],[233,814]]
[[0,0],[1,0],[409,814]]
[[0,0],[1,0],[56,814]]
[[0,0],[1,0],[320,814]]
[[0,0],[1,0],[339,814]]
[[0,0],[2,0],[187,407]]
[[0,0],[1,0],[613,814]]
[[0,0],[1,0],[254,814]]
[[0,0],[1,0],[93,814]]
[[0,0],[1,0],[41,814]]
[[0,0],[1,0],[413,814]]
[[0,0],[1,0],[211,814]]
[[0,0],[1,0],[623,814]]
[[0,0],[1,0],[461,814]]
[[0,0],[1,0],[81,814]]
[[0,0],[1,0],[239,814]]
[[0,0],[1,0],[207,814]]
[[0,0],[1,0],[122,814]]
[[0,0],[1,0],[371,814]]
[[0,0],[1,0],[35,814]]
[[0,0],[1,0],[5,814]]
[[0,0],[1,0],[704,814]]
[[0,0],[1,0],[137,814]]
[[0,0],[1,0],[21,814]]
[[0,0],[1,0],[778,814]]
[[0,0],[1,0],[271,814]]
[[0,0],[1,0],[325,814]]
[[0,0],[1,0],[804,814]]
[[0,0],[1,0],[129,814]]
[[0,0],[1,0],[63,814]]
[[0,0],[1,0],[651,814]]
[[0,0],[1,0],[107,814]]
[[0,0],[1,0],[683,814]]
[[0,0],[1,0],[153,814]]
[[0,0],[1,0],[225,814]]
[[0,0],[1,0],[17,814]]
[[0,0],[1,0],[565,814]]
[[0,0],[1,0],[257,814]]
[[0,0],[1,0],[232,814]]
[[0,0],[1,0],[383,814]]
[[0,0],[1,0],[277,814]]
[[0,0],[1,0],[217,814]]
[[0,0],[1,0],[105,814]]
[[0,0],[1,0],[397,814]]
[[0,0],[1,0],[738,814]]
[[0,0],[1,0],[782,814]]
[[0,0],[1,0],[135,814]]
[[0,0],[1,0],[141,814]]
[[0,0],[1,0],[364,814]]
