[[0,0],[1,0],[169,816]]
[[0,0],[1,0],[190,816]]
[[0,0],[1,0],[271,816]]
[[0,0],[1,0],[453,816]]
[[0,0],[2,0],[66,408]]
[[0,0],[1,0],[634,816]]
[[0,0],[1,0],[346,816]]
[[0,0],[2,0],[106,408]]
[[0,0],[1,0],[329,816]]
[[0,0],[1,0],[265,816]]
[[0,0],[1,0],[125,816]]
[[0,0],[1,0],[473,816]]
[[0,0],[2,0],[42,408]]
[[0,0],[1,0],[511,816]]
[[0,0],[1,0],[214,816]]
[[0,0],[2,0],[291,408]]
[[0,0],[1,0],[298,816]]
[[0,0],[2,0],[178,408]]
[[0,0],[1,0],[274,816]]
[[0,0],[1,0],[94,816]]
[[0,0],[1,0],[737,816]]
[[0,0],[1,0],[262,816]]
[[0,0],[1,0],[353,816]]
[[0,0],[1,0],[800,816]]
[[0,0],[1,0],[439,816]]
[[0,0],[1,0],[777,816]]
[[0,0],[1,0],[337,816]]
[[0,0],[1,0],[256,816]]
[[0,0],[1,0],[73,816]]
[[0,0],[1,0],[165,816]]
[[0,0],[1,0],[29,816]]
[[0,0],[2,0],[162,408]]
[[0,0],[1,0],[19,816]]
[[0,0],[2,0],[58,408]]
[[0,0],[4,0],[148,204]]
[[0,0],[1,0],[717,816]]
[[0,0],[1,0],[477,816]]
[[0,0],[1,0],[1,816]]
[[0,0],[1,0],[263,816]]
[[0,0],[1,0],[319,816]]
[[0,0],[1,0],[393,816]]
[[0,0],[1,0],[117,816]]
[[0,0],[1,0],[365,816]]
[[0,0],[1,0],[703,816]]
[[0,0],[1,0],[22,816]]
[[0,0],[2,0],[118,408]]
[[0,0],[1,0],[67,816]]
[[0,0],[1,0],[437,816]]
[[0,0],[1,0],[55,816]]
[[0,0],[1,0],[539,816]]
[[0,0],[1,0],[61,816]]
[[0,0],[1,0],[129,816]]
[[0,0],[2,0],[36,408]]
[[0,0],[2,0],[140,408]]
[[0,0],[4,0],[64,204]]
[[0,0],[2,0],[164,408]]
[[0,0],[1,0],[657,816]]
[[0,0],[1,0],[801,816]]
[[0,0],[4,0],[100,204]]
[[0,0],[1,0],[813,816]]
[[0,0],[2,0],[402,408]]
[[0,0],[4,0],[4,204]]
[[0,0],[1,0],[802,816]]
[[0,0],[1,0],[141,816]]
[[0,0],[1,0],[155,816]]
[[0,0],[1,0],[563,816]]
[[0,0],[1,0],[324,816]]
[[0,0],[1,0],[622,816]]
[[0,0],[1,0],[109,816]]
[[0,0],[1,0],[585,816]]
[[0,0],[1,0],[46,816]]
[[0,0],[1,0],[130,816]]
[[0,0],[1,0],[217,816]]
[[0,0],[1,0],[409,816]]
[[0,0],[1,0],[249,816]]
[[0,0],[1,0],[5,816]]
[[0,0],[1,0],[139,816]]
[[0,0],[1,0],[97,816]]
[[0,0],[1,0],[394,816]]
[[0,0],[1,0],[513,816]]
[[0,0],[1,0],[163,816]]
[[0,0],[3,0],[88,272]]
[[0,0],[2,0],[189,408]]
[[0,0],[6,0],[40,136]]
[[0,0],[1,0],[370,816]]
[[0,0],[4,0],[40,204]]
[[0,0],[1,0],[106,816]]
[[0,0],[1,0],[334,816]]
[[0,0],[1,0],[514,816]]
[[0,0],[4,0],[140,204]]
[[0,0],[1,0],[301,816]]
[[0,0],[1,0],[367,816]]
[[0,0],[1,0],[261,816]]
[[0,0],[2,0],[202,408]]
[[0,0],[1,0],[322,816]]
[[0,0],[1,0],[679,816]]
[[0,0],[1,0],[233,816]]
[[0,0],[1,0],[166,816]]
[[0,0],[1,0],[494,816]]
[[0,0],[1,0],[283,816]]
[[0,0],[1,0],[115,816]]
[[0,0],[1,0],[610,816]]
[[0,0],[1,0],[783,816]]
[[0,0],[2,0],[2,408]]
[[0,0],[1,0],[287,816]]
[[0,0],[1,0],[789,816]]
[[0,0],[1,0],[235,816]]
[[0,0],[4,0],[76,204]]
[[0,0],[1,0],[658,816]]
[[0,0],[1,0],[33,816]]
[[0,0],[1,0],[82,816]]
[[0,0],[1,0],[133,816]]
[[0,0],[2,0],[234,408]]
[[0,0],[1,0],[562,816]]
[[0,0],[2,0],[14,408]]
[[0,0],[1,0],[290,816]]
[[0,0],[1,0],[223,816]]
[[0,0],[1,0],[625,816]]
[[0,0],[2,0],[326,408]]
[[0,0],[1,0],[202,816]]
[[0,0],[1,0],[373,816]]
[[0,0],[3,0],[224,272]]
[[0,0],[1,0],[185,816]]
[[0,0],[1,0],[730,816]]
[[0,0],[1,0],[698,816]]
[[0,0],[1,0],[177,816]]
[[0,0],[1,0],[257,816]]
[[0,0],[1,0],[537,816]]
[[0,0],[1,0],[213,816]]
[[0,0],[1,0],[545,816]]
[[0,0],[1,0],[69,816]]
[[0,0],[1,0],[269,816]]
[[0,0],[1,0],[9,816]]
[[0,0],[1,0],[347,816]]
[[0,0],[1,0],[91,816]]
[[0,0],[2,0],[190,408]]
[[0,0],[1,0],[35,816]]
[[0,0],[1,0],[454,816]]
[[0,0],[1,0],[426,816]]
[[0,0],[1,0],[149,816]]
[[0,0],[2,0],[274,408]]
[[0,0],[1,0],[403,816]]
[[0,0],[2,0],[404,408]]
[[0,0],[2,0],[122,408]]
[[0,0],[1,0],[383,816]]
[[0,0],[2,0],[282,408]]
[[0,0],[1,0],[251,816]]
[[0,0],[1,0],[285,816]]
[[0,0],[1,0],[189,816]]
[[0,0],[1,0],[549,816]]
[[0,0],[1,0],[53,816]]
[[0,0],[2,0],[310,408]]
[[0,0],[2,0],[212,408]]
[[0,0],[1,0],[697,816]]
[[0,0],[1,0],[647,816]]
[[0,0],[1,0],[417,816]]
[[0,0],[1,0],[286,816]]
[[0,0],[1,0],[321,816]]
[[0,0],[1,0],[739,816]]
[[0,0],[1,0],[11,816]]
[[0,0],[2,0],[38,408]]
[[0,0],[1,0],[718,816]]
[[0,0],[1,0],[741,816]]
[[0,0],[1,0],[307,816]]
[[0,0],[1,0],[86,816]]
[[0,0],[1,0],[297,816]]
[[0,0],[2,0],[266,408]]
[[0,0],[1,0],[57,816]]
[[0,0],[1,0],[490,816]]
[[0,0],[1,0],[705,816]]
[[0,0],[1,0],[142,816]]
[[0,0],[1,0],[460,816]]
[[0,0],[4,0],[20,204]]
[[0,0],[2,0],[10,408]]
[[0,0],[1,0],[525,816]]
[[0,0],[2,0],[236,408]]
[[0,0],[1,0],[645,816]]
[[0,0],[1,0],[633,816]]
[[0,0],[2,0],[240,408]]
[[0,0],[1,0],[239,816]]
[[0,0],[1,0],[517,816]]
[[0,0],[1,0],[105,816]]
[[0,0],[1,0],[95,816]]
[[0,0],[2,0],[242,408]]
[[0,0],[2,0],[182,408]]
[[0,0],[1,0],[193,816]]
[[0,0],[1,0],[205,816]]
[[0,0],[1,0],[579,816]]
[[0,0],[1,0],[502,816]]
[[0,0],[2,0],[134,408]]
[[0,0],[1,0],[670,816]]
[[0,0],[1,0],[538,816]]
[[0,0],[2,0],[22,408]]
[[0,0],[1,0],[481,816]]
[[0,0],[1,0],[70,816]]
[[0,0],[1,0],[405,816]]
[[0,0],[1,0],[7,816]]
[[0,0],[1,0],[154,816]]
[[0,0],[1,0],[229,816]]
[[0,0],[1,0],[375,816]]
[[0,0],[1,0],[181,816]]
[[0,0],[2,0],[74,408]]
[[0,0],[1,0],[201,816]]
[[0,0],[1,0],[275,816]]
[[0,0],[1,0],[467,816]]
[[0,0],[1,0],[814,816]]
[[0,0],[2,0],[186,408]]
[[0,0],[1,0],[107,816]]
[[0,0],[2,0],[46,408]]
[[0,0],[1,0],[143,816]]
[[0,0],[1,0],[455,816]]
[[0,0],[1,0],[753,816]]
[[0,0],[1,0],[461,816]]
[[0,0],[2,0],[62,408]]
[[0,0],[1,0],[101,816]]
[[0,0],[1,0],[145,816]]
[[0,0],[2,0],[110,408]]
[[0,0],[1,0],[609,816]]
[[0,0],[2,0],[210,408]]
[[0,0],[1,0],[23,816]]
[[0,0],[1,0],[466,816]]
[[0,0],[1,0],[222,816]]
[[0,0],[2,0],[206,408]]
[[0,0],[1,0],[31,816]]
[[0,0],[2,0],[254,408]]
[[0,0],[2,0],[338,408]]
[[0,0],[2,0],[138,408]]
[[0,0],[1,0],[173,816]]
[[0,0],[2,0],[18,408]]
[[0,0],[2,0],[26,408]]
[[0,0],[2,0],[330,408]]
[[0,0],[1,0],[305,816]]
[[0,0],[1,0],[713,816]]
[[0,0],[1,0],[478,816]]
[[0,0],[1,0],[211,816]]
[[0,0],[1,0],[311,816]]
[[0,0],[1,0],[637,816]]
[[0,0],[1,0],[310,816]]
[[0,0],[1,0],[245,816]]
[[0,0],[1,0],[47,816]]
[[0,0],[1,0],[225,816]]
[[0,0],[1,0],[89,816]]
[[0,0],[1,0],[118,816]]
[[0,0],[2,0],[393,408]]
[[0,0],[1,0],[597,816]]
[[0,0],[1,0],[178,816]]
[[0,0],[1,0],[418,816]]
[[0,0],[1,0],[175,816]]
[[0,0],[1,0],[167,816]]
[[0,0],[1,0],[121,816]]
[[0,0],[2,0],[130,408]]
[[0,0],[4,0],[16,204]]
[[0,0],[1,0],[745,816]]
[[0,0],[1,0],[465,816]]
[[0,0],[1,0],[293,816]]
[[0,0],[1,0],[773,816]]
[[0,0],[1,0],[259,816]]
[[0,0],[1,0],[18,816]]
[[0,0],[1,0],[171,816]]
[[0,0],[2,0],[380,408]]
[[0,0],[2,0],[250,408]]
[[0,0],[1,0],[37,816]]
[[0,0],[2,0],[356,408]]
[[0,0],[2,0],[376,408]]
[[0,0],[1,0],[41,816]]
[[0,0],[1,0],[766,816]]
[[0,0],[1,0],[345,816]]
[[0,0],[2,0],[104,408]]
[[0,0],[1,0],[550,816]]
[[0,0],[1,0],[733,816]]
[[0,0],[1,0],[199,816]]
[[0,0],[2,0],[354,408]]
[[0,0],[1,0],[586,816]]
[[0,0],[3,0],[156,272]]
[[0,0],[1,0],[395,816]]
[[0,0],[1,0],[501,816]]
[[0,0],[1,0],[815,816]]
[[0,0],[2,0],[322,408]]
[[0,0],[1,0],[669,816]]
[[0,0],[1,0],[693,816]]
[[0,0],[1,0],[127,816]]
[[0,0],[1,0],[52,816]]
[[0,0],[4,0],[112,204]]
[[0,0],[1,0],[325,816]]
[[0,0],[1,0],[419,816]]
[[0,0],[1,0],[381,816]]
[[0,0],[1,0],[331,816]]
[[0,0],[1,0],[93,816]]
[[0,0],[4,0],[8,204]]
[[0,0],[1,0],[281,816]]
[[0,0],[2,0],[70,408]]
[[0,0],[2,0],[116,408]]
[[0,0],[1,0],[131,816]]
[[0,0],[1,0],[157,816]]
[[0,0],[1,0],[445,816]]
[[0,0],[1,0],[596,816]]
[[0,0],[1,0],[358,816]]
[[0,0],[1,0],[790,816]]
[[0,0],[1,0],[441,816]]
[[0,0],[1,0],[401,816]]
[[0,0],[2,0],[172,408]]
[[0,0],[4,0],[72,204]]
[[0,0],[1,0],[503,816]]
[[0,0],[2,0],[258,408]]
[[0,0],[1,0],[778,816]]
[[0,0],[1,0],[407,816]]
[[0,0],[1,0],[295,816]]
[[0,0],[1,0],[574,816]]
[[0,0],[1,0],[359,816]]
[[0,0],[4,0],[28,204]]
[[0,0],[1,0],[382,816]]
[[0,0],[2,0],[94,408]]
[[0,0],[1,0],[573,816]]
[[0,0],[2,0],[44,408]]
[[0,0],[1,0],[694,816]]
[[0,0],[1,0],[429,816]]
[[0,0],[1,0],[65,816]]
[[0,0],[1,0],[49,816]]
[[0,0],[1,0],[309,816]]
[[0,0],[2,0],[87,408]]
[[0,0],[2,0],[308,408]]
[[0,0],[1,0],[247,816]]
[[0,0],[2,0],[188,408]]
[[0,0],[1,0],[317,816]]
[[0,0],[1,0],[742,816]]
[[0,0],[4,0],[174,204]]
[[0,0],[1,0],[161,816]]
[[0,0],[1,0],[103,816]]
[[0,0],[1,0],[601,816]]
[[0,0],[2,0],[92,408]]
[[0,0],[1,0],[682,816]]
[[0,0],[1,0],[729,816]]
[[0,0],[1,0],[369,816]]
[[0,0],[1,0],[58,816]]
[[0,0],[1,0],[226,816]]
[[0,0],[2,0],[332,408]]
[[0,0],[1,0],[151,816]]
[[0,0],[2,0],[114,408]]
[[0,0],[1,0],[619,816]]
[[0,0],[1,0],[577,816]]
[[0,0],[1,0],[237,816]]
[[0,0],[2,0],[146,408]]
[[0,0],[1,0],[45,816]]
[[0,0],[1,0],[681,816]]
[[0,0],[1,0],[250,816]]
[[0,0],[1,0],[406,816]]
[[0,0],[1,0],[598,816]]
[[0,0],[2,0],[342,408]]
[[0,0],[3,0],[20,272]]
[[0,0],[4,0],[32,204]]
[[0,0],[2,0],[50,408]]
[[0,0],[1,0],[10,816]]
[[0,0],[1,0],[706,816]]
[[0,0],[1,0],[81,816]]
[[0,0],[2,0],[214,408]]
[[0,0],[2,0],[378,408]]
[[0,0],[1,0],[59,816]]
[[0,0],[1,0],[289,816]]
[[0,0],[1,0],[333,816]]
[[0,0],[2,0],[284,408]]
[[0,0],[1,0],[188,816]]
[[0,0],[2,0],[90,408]]
[[0,0],[1,0],[630,816]]
[[0,0],[1,0],[430,816]]
[[0,0],[1,0],[273,816]]
[[0,0],[1,0],[21,816]]
[[0,0],[1,0],[13,816]]
[[0,0],[1,0],[575,816]]
[[0,0],[1,0],[137,816]]
[[0,0],[1,0],[664,816]]
[[0,0],[1,0],[526,816]]
[[0,0],[2,0],[406,408]]
[[0,0],[1,0],[203,816]]
[[0,0],[1,0],[227,816]]
[[0,0],[1,0],[392,816]]
[[0,0],[2,0],[260,408]]
[[0,0],[1,0],[427,816]]
[[0,0],[1,0],[621,816]]
[[0,0],[2,0],[20,408]]
[[0,0],[1,0],[732,816]]
[[0,0],[1,0],[209,816]]
[[0,0],[1,0],[489,816]]
[[0,0],[1,0],[25,816]]
[[0,0],[1,0],[754,816]]
[[0,0],[1,0],[341,816]]
[[0,0],[1,0],[431,816]]
