[[0,0],[1,0],[83,817]]
[[0,0],[1,0],[17,817]]
[[0,0],[1,0],[39,817]]
[[0,0],[1,0],[156,817]]
[[0,0],[1,0],[45,817]]
[[0,0],[1,0],[158,817]]
[[0,0],[1,0],[179,817]]
[[0,0],[1,0],[75,817]]
[[0,0],[1,0],[46,817]]
[[0,0],[1,0],[116,817]]
[[0,0],[1,0],[112,817]]
[[0,0],[1,0],[138,817]]
[[0,0],[1,0],[62,817]]
[[0,0],[1,0],[53,817]]
[[0,0],[1,0],[167,817]]
[[0,0],[1,0],[305,817]]
[[0,0],[1,0],[13,817]]
[[0,0],[1,0],[145,817]]
[[0,0],[1,0],[140,817]]
[[0,0],[1,0],[242,817]]
[[0,0],[1,0],[188,817]]
[[0,0],[1,0],[37,817]]
[[0,0],[1,0],[229,817]]
[[0,0],[1,0],[168,817]]
[[0,0],[1,0],[20,817]]
[[0,0],[1,0],[28,817]]
[[0,0],[1,0],[2,817]]
[[0,0],[1,0],[92,817]]
[[0,0],[1,0],[74,817]]
[[0,0],[1,0],[77,817]]
[[0,0],[1,0],[173,817]]
[[0,0],[1,0],[495,817]]
[[0,0],[1,0],[208,817]]
[[0,0],[1,0],[67,817]]
[[0,0],[1,0],[78,817]]
[[0,0],[1,0],[139,817]]
[[0,0],[1,0],[106,817]]
[[0,0],[1,0],[115,817]]
[[0,0],[1,0],[10,817]]
[[0,0],[1,0],[210,817]]
[[0,0],[1,0],[44,817]]
[[0,0],[1,0],[1,817]]
[[0,0],[1,0],[159,817]]
[[0,0],[1,0],[55,817]]
[[0,0],[1,0],[117,817]]
[[0,0],[1,0],[155,817]]
[[0,0],[1,0],[343,817]]
[[0,0],[1,0],[157,817]]
[[0,0],[1,0],[80,817]]
[[0,0],[1,0],[40,817]]
[[0,0],[1,0],[61,817]]
[[0,0],[1,0],[87,817]]
[[0,0],[1,0],[552,817]]
[[0,0],[1,0],[30,817]]
[[0,0],[1,0],[161,817]]
[[0,0],[1,0],[32,817]]
[[0,0],[1,0],[142,817]]
[[0,0],[1,0],[12,817]]
[[0,0],[1,0],[259,817]]
[[0,0],[1,0],[187,817]]
[[0,0],[1,0],[3,817]]
[[0,0],[1,0],[58,817]]
[[0,0],[1,0],[60,817]]
[[0,0],[1,0],[36,817]]
[[0,0],[1,0],[6,817]]
[[0,0],[1,0],[91,817]]
[[0,0],[1,0],[101,817]]
[[0,0],[1,0],[73,817]]
[[0,0],[1,0],[27,817]]
[[0,0],[1,0],[154,817]]
[[0,0],[1,0],[66,817]]
[[0,0],[1,0],[146,817]]
[[0,0],[1,0],[160,817]]
[[0,0],[1,0],[82,817]]
[[0,0],[1,0],[150,817]]
[[0,0],[1,0],[381,817]]
[[0,0],[1,0],[54,817]]
[[0,0],[1,0],[16,817]]
[[0,0],[1,0],[50,817]]
[[0,0],[1,0],[164,817]]
[[0,0],[1,0],[147,817]]
[[0,0],[1,0],[182,817]]
[[0,0],[1,0],[65,817]]
[[0,0],[1,0],[64,817]]
[[0,0],[1,0],[29,817]]
[[0,0],[1,0],[195,817]]
[[0,0],[1,0],[26,817]]
[[0,0],[1,0],[59,817]]
[[0,0],[1,0],[126,817]]
[[0,0],[1,0],[7,817]]
[[0,0],[1,0],[15,817]]
[[0,0],[1,0],[47,817]]
[[0,0],[1,0],[474,817]]
[[0,0],[1,0],[346,817]]
[[0,0],[1,0],[9,817]]
[[0,0],[1,0],[84,817]]
[[0,0],[1,0],[94,817]]
[[0,0],[1,0],[97,817]]
[[0,0],[1,0],[196,817]]
[[0,0],[1,0],[438,817]]
[[0,0],[1,0],[14,817]]
[[0,0],[1,0],[151,817]]
[[0,0],[1,0],[127,817]]
[[0,0],[1,0],[283,817]]
[[0,0],[1,0],[79,817]]
[[0,0],[1,0],[302,817]]
[[0,0],[1,0],[166,817]]
[[0,0],[1,0],[8,817]]
[[0,0],[1,0],[23,817]]
[[0,0],[1,0],[120,817]]
[[0,0],[1,0],[248,817]]
[[0,0],[1,0],[31,817]]
[[0,0],[1,0],[85,817]]
[[0,0],[1,0],[33,817]]
[[0,0],[1,0],[211,817]]
[[0,0],[1,0],[5,817]]
[[0,0],[1,0],[207,817]]
[[0,0],[1,0],[362,817]]
[[0,0],[1,0],[134,817]]
[[0,0],[1,0],[90,817]]
[[0,0],[1,0],[255,817]]
[[0,0],[1,0],[41,817]]
[[0,0],[1,0],[514,817]]
[[0,0],[1,0],[56,817]]
[[0,0],[1,0],[165,817]]
[[0,0],[1,0],[93,817]]
[[0,0],[1,0],[206,817]]
[[0,0],[1,0],[231,817]]
[[0,0],[1,0],[517,817]]
[[0,0],[1,0],[153,817]]
[[0,0],[1,0],[18,817]]
[[0,0],[1,0],[132,817]]
[[0,0],[1,0],[24,817]]
[[0,0],[1,0],[22,817]]
[[0,0],[1,0],[21,817]]
[[0,0],[1,0],[135,817]]
[[0,0],[1,0],[81,817]]
[[0,0],[1,0],[704,817]]
[[0,0],[1,0],[96,817]]
[[0,0],[1,0],[646,817]]
[[0,0],[1,0],[42,817]]
[[0,0],[1,0],[63,817]]
[[0,0],[1,0],[11,817]]
[[0,0],[1,0],[345,817]]
[[0,0],[1,0],[590,817]]
[[0,0],[1,0],[141,817]]
[[0,0],[1,0],[25,817]]
[[0,0],[1,0],[4,817]]
[[0,0],[1,0],[603,817]]
[[0,0],[1,0],[128,817]]
