[[0,0],[1,0],[105,818]]
[[0,0],[1,0],[17,818]]
[[0,0],[1,0],[365,818]]
[[0,0],[1,0],[717,818]]
[[0,0],[1,0],[403,818]]
[[0,0],[1,0],[215,818]]
[[0,0],[1,0],[307,818]]
[[0,0],[1,0],[45,818]]
[[0,0],[1,0],[235,818]]
[[0,0],[1,0],[89,818]]
[[0,0],[1,0],[179,818]]
[[0,0],[1,0],[733,818]]
[[0,0],[1,0],[75,818]]
[[0,0],[1,0],[213,818]]
[[0,0],[1,0],[291,818]]
[[0,0],[1,0],[53,818]]
[[0,0],[1,0],[49,818]]
[[0,0],[1,0],[169,818]]
[[0,0],[1,0],[305,818]]
[[0,0],[1,0],[329,818]]
[[0,0],[1,0],[13,818]]
[[0,0],[1,0],[167,818]]
[[0,0],[1,0],[435,818]]
[[0,0],[1,0],[145,818]]
[[0,0],[1,0],[193,818]]
[[0,0],[1,0],[619,818]]
[[0,0],[1,0],[37,818]]
[[0,0],[1,0],[229,818]]
[[0,0],[1,0],[553,818]]
[[0,0],[1,0],[437,818]]
[[0,0],[1,0],[123,818]]
[[0,0],[1,0],[727,818]]
[[0,0],[1,0],[547,818]]
[[0,0],[1,0],[57,818]]
[[0,0],[1,0],[599,818]]
[[0,0],[1,0],[493,818]]
[[0,0],[1,0],[203,818]]
[[0,0],[1,0],[505,818]]
[[0,0],[1,0],[347,818]]
[[0,0],[1,0],[467,818]]
[[0,0],[1,0],[77,818]]
[[0,0],[1,0],[99,818]]
[[0,0],[1,0],[323,818]]
[[0,0],[1,0],[311,818]]
[[0,0],[1,0],[341,818]]
[[0,0],[1,0],[173,818]]
[[0,0],[1,0],[779,818]]
[[0,0],[1,0],[569,818]]
[[0,0],[1,0],[441,818]]
[[0,0],[1,0],[67,818]]
[[0,0],[1,0],[519,818]]
[[0,0],[1,0],[701,818]]
[[0,0],[1,0],[375,818]]
[[0,0],[1,0],[395,818]]
[[0,0],[1,0],[197,818]]
[[0,0],[1,0],[139,818]]
[[0,0],[1,0],[43,818]]
[[0,0],[1,0],[115,818]]
[[0,0],[1,0],[19,818]]
[[0,0],[1,0],[410,818]]
[[0,0],[1,0],[463,818]]
[[0,0],[1,0],[699,818]]
[[0,0],[1,0],[293,818]]
[[0,0],[1,0],[1,818]]
[[0,0],[1,0],[631,818]]
[[0,0],[1,0],[175,818]]
[[0,0],[1,0],[451,818]]
[[0,0],[1,0],[159,818]]
[[0,0],[1,0],[327,818]]
[[0,0],[1,0],[457,818]]
[[0,0],[1,0],[55,818]]
[[0,0],[1,0],[545,818]]
[[0,0],[1,0],[245,818]]
[[0,0],[1,0],[459,818]]
[[0,0],[1,0],[247,818]]
[[0,0],[1,0],[465,818]]
[[0,0],[1,0],[143,818]]
[[0,0],[1,0],[343,818]]
[[0,0],[1,0],[61,818]]
[[0,0],[1,0],[131,818]]
[[0,0],[1,0],[269,818]]
[[0,0],[1,0],[87,818]]
[[0,0],[1,0],[389,818]]
[[0,0],[1,0],[121,818]]
[[0,0],[1,0],[279,818]]
[[0,0],[1,0],[161,818]]
[[0,0],[1,0],[315,818]]
[[0,0],[1,0],[223,818]]
[[0,0],[1,0],[205,818]]
[[0,0],[1,0],[109,818]]
[[0,0],[1,0],[191,818]]
[[0,0],[1,0],[259,818]]
[[0,0],[1,0],[3,818]]
[[0,0],[1,0],[73,818]]
[[0,0],[1,0],[69,818]]
[[0,0],[1,0],[27,818]]
[[0,0],[1,0],[243,818]]
[[0,0],[1,0],[817,818]]
[[0,0],[1,0],[433,818]]
[[0,0],[1,0],[275,818]]
[[0,0],[1,0],[297,818]]
[[0,0],[1,0],[227,818]]
[[0,0],[1,0],[331,818]]
[[0,0],[1,0],[497,818]]
[[0,0],[1,0],[369,818]]
[[0,0],[1,0],[149,818]]
[[0,0],[1,0],[427,818]]
[[0,0],[1,0],[147,818]]
[[0,0],[1,0],[65,818]]
[[0,0],[1,0],[133,818]]
[[0,0],[1,0],[181,818]]
[[0,0],[1,0],[29,818]]
[[0,0],[1,0],[295,818]]
[[0,0],[1,0],[59,818]]
[[0,0],[1,0],[195,818]]
[[0,0],[1,0],[241,818]]
[[0,0],[1,0],[7,818]]
[[0,0],[1,0],[663,818]]
[[0,0],[1,0],[15,818]]
[[0,0],[1,0],[537,818]]
[[0,0],[1,0],[47,818]]
[[0,0],[1,0],[9,818]]
[[0,0],[1,0],[185,818]]
[[0,0],[1,0],[97,818]]
[[0,0],[1,0],[251,818]]
[[0,0],[1,0],[393,818]]
[[0,0],[1,0],[373,818]]
[[0,0],[1,0],[285,818]]
[[0,0],[1,0],[317,818]]
[[0,0],[1,0],[439,818]]
[[0,0],[1,0],[163,818]]
[[0,0],[1,0],[95,818]]
[[0,0],[1,0],[319,818]]
[[0,0],[1,0],[581,818]]
[[0,0],[1,0],[309,818]]
[[0,0],[1,0],[151,818]]
[[0,0],[1,0],[125,818]]
[[0,0],[1,0],[127,818]]
[[0,0],[1,0],[71,818]]
[[0,0],[1,0],[171,818]]
[[0,0],[1,0],[735,818]]
[[0,0],[1,0],[283,818]]
[[0,0],[1,0],[79,818]]
[[0,0],[1,0],[51,818]]
[[0,0],[1,0],[111,818]]
[[0,0],[1,0],[221,818]]
[[0,0],[1,0],[189,818]]
[[0,0],[1,0],[23,818]]
[[0,0],[1,0],[541,818]]
[[0,0],[1,0],[399,818]]
[[0,0],[1,0],[209,818]]
[[0,0],[1,0],[183,818]]
[[0,0],[1,0],[31,818]]
[[0,0],[1,0],[33,818]]
[[0,0],[1,0],[287,818]]
[[0,0],[1,0],[263,818]]
[[0,0],[1,0],[337,818]]
[[0,0],[1,0],[755,818]]
[[0,0],[1,0],[461,818]]
[[0,0],[1,0],[363,818]]
[[0,0],[1,0],[5,818]]
[[0,0],[1,0],[233,818]]
[[0,0],[1,0],[211,818]]
[[0,0],[1,0],[239,818]]
[[0,0],[1,0],[207,818]]
[[0,0],[1,0],[113,818]]
[[0,0],[1,0],[529,818]]
[[0,0],[1,0],[405,818]]
[[0,0],[1,0],[349,818]]
[[0,0],[1,0],[41,818]]
[[0,0],[1,0],[371,818]]
[[0,0],[1,0],[267,818]]
[[0,0],[1,0],[661,818]]
[[0,0],[1,0],[255,818]]
[[0,0],[1,0],[165,818]]
[[0,0],[1,0],[107,818]]
[[0,0],[1,0],[93,818]]
[[0,0],[1,0],[479,818]]
[[0,0],[1,0],[483,818]]
[[0,0],[1,0],[517,818]]
[[0,0],[1,0],[153,818]]
[[0,0],[1,0],[231,818]]
[[0,0],[1,0],[129,818]]
[[0,0],[1,0],[21,818]]
[[0,0],[1,0],[641,818]]
[[0,0],[1,0],[387,818]]
[[0,0],[1,0],[81,818]]
[[0,0],[1,0],[137,818]]
[[0,0],[1,0],[217,818]]
[[0,0],[1,0],[135,818]]
[[0,0],[1,0],[407,818]]
[[0,0],[1,0],[417,818]]
[[0,0],[1,0],[35,818]]
[[0,0],[1,0],[225,818]]
[[0,0],[1,0],[617,818]]
[[0,0],[1,0],[257,818]]
[[0,0],[1,0],[397,818]]
[[0,0],[1,0],[345,818]]
[[0,0],[1,0],[565,818]]
[[0,0],[1,0],[11,818]]
[[0,0],[1,0],[141,818]]
[[0,0],[1,0],[25,818]]
[[0,0],[1,0],[557,818]]
[[0,0],[1,0],[515,818]]
[[0,0],[1,0],[103,818]]
[[0,0],[1,0],[485,818]]
