[[0,0],[1,0],[17,819]]
[[0,0],[1,0],[218,819]]
[[0,0],[1,0],[443,819]]
[[0,0],[1,0],[687,819]]
[[0,0],[1,0],[568,819]]
[[0,0],[1,0],[307,819]]
[[0,0],[1,0],[298,819]]
[[0,0],[1,0],[445,819]]
[[0,0],[1,0],[88,819]]
[[0,0],[1,0],[715,819]]
[[0,0],[1,0],[612,819]]
[[0,0],[1,0],[235,819]]
[[0,0],[1,0],[729,819]]
[[0,0],[1,0],[638,819]]
[[0,0],[1,0],[158,819]]
[[0,0],[1,0],[538,819]]
[[0,0],[1,0],[498,819]]
[[0,0],[1,0],[46,819]]
[[0,0],[1,0],[116,819]]
[[0,0],[1,0],[176,819]]
[[0,0],[1,0],[534,819]]
[[0,0],[1,0],[53,819]]
[[0,0],[1,0],[596,819]]
[[0,0],[1,0],[62,819]]
[[0,0],[1,0],[220,819]]
[[0,0],[1,0],[583,819]]
[[0,0],[1,0],[169,819]]
[[0,0],[1,0],[190,819]]
[[0,0],[1,0],[370,819]]
[[0,0],[1,0],[358,819]]
[[0,0],[1,0],[435,819]]
[[0,0],[1,0],[145,819]]
[[0,0],[1,0],[193,819]]
[[0,0],[1,0],[619,819]]
[[0,0],[3,0],[96,273]]
[[0,0],[1,0],[274,819]]
[[0,0],[1,0],[658,819]]
[[0,0],[1,0],[184,819]]
[[0,0],[1,0],[768,819]]
[[0,0],[1,0],[475,819]]
[[0,0],[1,0],[188,819]]
[[0,0],[1,0],[340,819]]
[[0,0],[1,0],[34,819]]
[[0,0],[1,0],[37,819]]
[[0,0],[1,0],[229,819]]
[[0,0],[3,0],[27,273]]
[[0,0],[1,0],[57,819]]
[[0,0],[1,0],[750,819]]
[[0,0],[1,0],[586,819]]
[[0,0],[3,0],[192,273]]
[[0,0],[1,0],[20,819]]
[[0,0],[1,0],[28,819]]
[[0,0],[1,0],[655,819]]
[[0,0],[1,0],[68,819]]
[[0,0],[1,0],[204,819]]
[[0,0],[1,0],[92,819]]
[[0,0],[3,0],[120,273]]
[[0,0],[1,0],[2,819]]
[[0,0],[1,0],[595,819]]
[[0,0],[1,0],[406,819]]
[[0,0],[1,0],[367,819]]
[[0,0],[1,0],[645,819]]
[[0,0],[1,0],[74,819]]
[[0,0],[1,0],[496,819]]
[[0,0],[1,0],[136,819]]
[[0,0],[1,0],[244,819]]
[[0,0],[1,0],[495,819]]
[[0,0],[1,0],[246,819]]
[[0,0],[1,0],[67,819]]
[[0,0],[1,0],[519,819]]
[[0,0],[1,0],[456,819]]
[[0,0],[1,0],[701,819]]
[[0,0],[1,0],[197,819]]
[[0,0],[3,0],[12,273]]
[[0,0],[1,0],[118,819]]
[[0,0],[1,0],[139,819]]
[[0,0],[1,0],[43,819]]
[[0,0],[1,0],[115,819]]
[[0,0],[1,0],[10,819]]
[[0,0],[1,0],[19,819]]
[[0,0],[1,0],[44,819]]
[[0,0],[1,0],[330,819]]
[[0,0],[1,0],[1,819]]
[[0,0],[3,0],[6,273]]
[[0,0],[1,0],[451,819]]
[[0,0],[3,0],[159,273]]
[[0,0],[1,0],[55,819]]
[[0,0],[1,0],[199,819]]
[[0,0],[1,0],[214,819]]
[[0,0],[1,0],[226,819]]
[[0,0],[1,0],[157,819]]
[[0,0],[1,0],[80,819]]
[[0,0],[1,0],[148,819]]
[[0,0],[1,0],[155,819]]
[[0,0],[1,0],[40,819]]
[[0,0],[1,0],[582,819]]
[[0,0],[1,0],[343,819]]
[[0,0],[1,0],[61,819]]
[[0,0],[1,0],[131,819]]
[[0,0],[1,0],[269,819]]
[[0,0],[1,0],[708,819]]
[[0,0],[1,0],[222,819]]
[[0,0],[1,0],[807,819]]
[[0,0],[3,0],[81,273]]
[[0,0],[1,0],[32,819]]
[[0,0],[1,0],[142,819]]
[[0,0],[1,0],[109,819]]
[[0,0],[1,0],[187,819]]
[[0,0],[1,0],[386,819]]
[[0,0],[1,0],[691,819]]
[[0,0],[3,0],[42,273]]
[[0,0],[1,0],[58,819]]
[[0,0],[1,0],[101,819]]
[[0,0],[1,0],[469,819]]
[[0,0],[1,0],[73,819]]
[[0,0],[1,0],[27,819]]
[[0,0],[1,0],[573,819]]
[[0,0],[3,0],[133,273]]
[[0,0],[1,0],[721,819]]
[[0,0],[1,0],[690,819]]
[[0,0],[1,0],[154,819]]
[[0,0],[3,0],[18,273]]
[[0,0],[1,0],[76,819]]
[[0,0],[1,0],[66,819]]
[[0,0],[1,0],[146,819]]
[[0,0],[1,0],[253,819]]
[[0,0],[3,0],[60,273]]
[[0,0],[1,0],[289,819]]
[[0,0],[1,0],[160,819]]
[[0,0],[1,0],[604,819]]
[[0,0],[1,0],[16,819]]
[[0,0],[1,0],[532,819]]
[[0,0],[1,0],[50,819]]
[[0,0],[1,0],[361,819]]
[[0,0],[1,0],[64,819]]
[[0,0],[1,0],[334,819]]
[[0,0],[1,0],[181,819]]
[[0,0],[1,0],[38,819]]
[[0,0],[1,0],[29,819]]
[[0,0],[1,0],[261,819]]
[[0,0],[1,0],[355,819]]
[[0,0],[1,0],[59,819]]
[[0,0],[1,0],[722,819]]
[[0,0],[1,0],[241,819]]
[[0,0],[1,0],[326,819]]
[[0,0],[1,0],[391,819]]
[[0,0],[1,0],[813,819]]
[[0,0],[1,0],[15,819]]
[[0,0],[1,0],[47,819]]
[[0,0],[1,0],[185,819]]
[[0,0],[1,0],[697,819]]
[[0,0],[1,0],[670,819]]
[[0,0],[1,0],[196,819]]
[[0,0],[1,0],[393,819]]
[[0,0],[1,0],[554,819]]
[[0,0],[1,0],[373,819]]
[[0,0],[3,0],[24,273]]
[[0,0],[1,0],[544,819]]
[[0,0],[1,0],[439,819]]
[[0,0],[1,0],[144,819]]
[[0,0],[1,0],[163,819]]
[[0,0],[1,0],[14,819]]
[[0,0],[1,0],[319,819]]
[[0,0],[1,0],[328,819]]
[[0,0],[1,0],[151,819]]
[[0,0],[1,0],[309,819]]
[[0,0],[1,0],[125,819]]
[[0,0],[1,0],[560,819]]
[[0,0],[1,0],[127,819]]
[[0,0],[1,0],[71,819]]
[[0,0],[1,0],[283,819]]
[[0,0],[1,0],[394,819]]
[[0,0],[1,0],[124,819]]
[[0,0],[1,0],[79,819]]
[[0,0],[1,0],[302,819]]
[[0,0],[1,0],[262,819]]
[[0,0],[1,0],[8,819]]
[[0,0],[1,0],[166,819]]
[[0,0],[1,0],[454,819]]
[[0,0],[1,0],[120,819]]
[[0,0],[3,0],[51,273]]
[[0,0],[1,0],[23,819]]
[[0,0],[1,0],[409,819]]
[[0,0],[1,0],[589,819]]
[[0,0],[1,0],[248,819]]
[[0,0],[1,0],[85,819]]
[[0,0],[1,0],[100,819]]
[[0,0],[3,0],[9,273]]
[[0,0],[1,0],[209,819]]
[[0,0],[1,0],[183,819]]
[[0,0],[1,0],[31,819]]
[[0,0],[1,0],[577,819]]
[[0,0],[1,0],[404,819]]
[[0,0],[1,0],[287,819]]
[[0,0],[1,0],[250,819]]
[[0,0],[1,0],[339,819]]
[[0,0],[1,0],[263,819]]
[[0,0],[1,0],[268,819]]
[[0,0],[1,0],[337,819]]
[[0,0],[1,0],[478,819]]
[[0,0],[1,0],[86,819]]
[[0,0],[1,0],[755,819]]
[[0,0],[1,0],[5,819]]
[[0,0],[1,0],[379,819]]
[[0,0],[1,0],[211,819]]
[[0,0],[3,0],[15,273]]
[[0,0],[1,0],[239,819]]
[[0,0],[1,0],[202,819]]
[[0,0],[1,0],[529,819]]
[[0,0],[1,0],[649,819]]
[[0,0],[1,0],[134,819]]
[[0,0],[1,0],[349,819]]
[[0,0],[1,0],[267,819]]
[[0,0],[1,0],[778,819]]
[[0,0],[1,0],[625,819]]
[[0,0],[1,0],[280,819]]
[[0,0],[3,0],[150,273]]
[[0,0],[7,0],[72,117]]
[[0,0],[1,0],[212,819]]
[[0,0],[3,0],[66,273]]
[[0,0],[1,0],[22,819]]
[[0,0],[3,0],[36,273]]
[[0,0],[1,0],[137,819]]
[[0,0],[1,0],[217,819]]
[[0,0],[1,0],[407,819]]
[[0,0],[1,0],[742,819]]
[[0,0],[1,0],[372,819]]
[[0,0],[1,0],[417,819]]
[[0,0],[1,0],[152,819]]
[[0,0],[1,0],[771,819]]
[[0,0],[1,0],[232,819]]
[[0,0],[3,0],[30,273]]
[[0,0],[1,0],[706,819]]
[[0,0],[1,0],[300,819]]
[[0,0],[1,0],[565,819]]
[[0,0],[1,0],[11,819]]
[[0,0],[1,0],[561,819]]
[[0,0],[1,0],[178,819]]
[[0,0],[1,0],[141,819]]
[[0,0],[1,0],[784,819]]
[[0,0],[1,0],[25,819]]
[[0,0],[1,0],[277,819]]
[[0,0],[1,0],[4,819]]
[[0,0],[1,0],[442,819]]
[[0,0],[3,0],[224,273]]
[[0,0],[3,0],[3,273]]
[[0,0],[3,0],[45,273]]
[[0,0],[1,0],[421,819]]
[[0,0],[1,0],[103,819]]
[[0,0],[3,0],[108,273]]
