[[0,0],[1,0],[2,821]]
[[0,0],[1,0],[30,821]]
[[0,0],[1,0],[20,821]]
[[0,0],[1,0],[6,821]]
[[0,0],[1,0],[96,821]]
[[0,0],[1,0],[43,821]]
[[0,0],[1,0],[145,821]]
[[0,0],[1,0],[146,821]]
[[0,0],[1,0],[9,821]]
[[0,0],[1,0],[17,821]]
[[0,0],[1,0],[134,821]]
[[0,0],[1,0],[135,821]]
[[0,0],[1,0],[22,821]]
[[0,0],[1,0],[71,821]]
[[0,0],[1,0],[127,821]]
[[0,0],[1,0],[49,821]]
[[0,0],[1,0],[124,821]]
[[0,0],[1,0],[101,821]]
[[0,0],[1,0],[48,821]]
[[0,0],[1,0],[95,821]]
[[0,0],[1,0],[141,821]]
[[0,0],[1,0],[103,821]]
[[0,0],[1,0],[273,821]]
[[0,0],[1,0],[70,821]]
[[0,0],[1,0],[136,821]]
[[0,0],[1,0],[94,821]]
[[0,0],[1,0],[173,821]]
[[0,0],[1,0],[107,821]]
[[0,0],[1,0],[194,821]]
[[0,0],[1,0],[239,821]]
[[0,0],[1,0],[18,821]]
[[0,0],[1,0],[140,821]]
[[0,0],[1,0],[39,821]]
[[0,0],[1,0],[148,821]]
[[0,0],[1,0],[80,821]]
[[0,0],[1,0],[246,821]]
[[0,0],[1,0],[160,821]]
[[0,0],[1,0],[34,821]]
[[0,0],[1,0],[166,821]]
[[0,0],[1,0],[65,821]]
[[0,0],[1,0],[31,821]]
[[0,0],[1,0],[86,821]]
[[0,0],[1,0],[99,821]]
[[0,0],[1,0],[16,821]]
[[0,0],[1,0],[13,821]]
[[0,0],[1,0],[28,821]]
[[0,0],[1,0],[118,821]]
[[0,0],[1,0],[126,821]]
[[0,0],[1,0],[11,821]]
[[0,0],[1,0],[236,821]]
[[0,0],[1,0],[244,821]]
[[0,0],[1,0],[69,821]]
[[0,0],[1,0],[32,821]]
[[0,0],[1,0],[59,821]]
[[0,0],[1,0],[44,821]]
[[0,0],[1,0],[50,821]]
[[0,0],[1,0],[147,821]]
[[0,0],[1,0],[243,821]]
[[0,0],[1,0],[23,821]]
[[0,0],[1,0],[81,821]]
[[0,0],[1,0],[85,821]]
[[0,0],[1,0],[84,821]]
[[0,0],[1,0],[144,821]]
[[0,0],[1,0],[3,821]]
[[0,0],[1,0],[104,821]]
[[0,0],[1,0],[231,821]]
[[0,0],[1,0],[63,821]]
[[0,0],[1,0],[79,821]]
[[0,0],[1,0],[7,821]]
[[0,0],[1,0],[111,821]]
[[0,0],[1,0],[175,821]]
[[0,0],[1,0],[191,821]]
[[0,0],[1,0],[102,821]]
[[0,0],[1,0],[26,821]]
[[0,0],[1,0],[14,821]]
[[0,0],[1,0],[47,821]]
[[0,0],[1,0],[19,821]]
[[0,0],[1,0],[92,821]]
[[0,0],[1,0],[245,821]]
[[0,0],[1,0],[38,821]]
[[0,0],[1,0],[98,821]]
[[0,0],[1,0],[60,821]]
[[0,0],[1,0],[52,821]]
[[0,0],[1,0],[29,821]]
[[0,0],[1,0],[21,821]]
[[0,0],[1,0],[159,821]]
[[0,0],[1,0],[5,821]]
[[0,0],[1,0],[62,821]]
[[0,0],[1,0],[110,821]]
[[0,0],[1,0],[123,821]]
[[0,0],[1,0],[230,821]]
[[0,0],[1,0],[100,821]]
[[0,0],[1,0],[25,821]]
[[0,0],[1,0],[149,821]]
[[0,0],[1,0],[8,821]]
[[0,0],[1,0],[35,821]]
[[0,0],[1,0],[24,821]]
[[0,0],[1,0],[125,821]]
[[0,0],[1,0],[242,821]]
[[0,0],[1,0],[61,821]]
[[0,0],[1,0],[87,821]]
[[0,0],[1,0],[279,821]]
[[0,0],[1,0],[45,821]]
[[0,0],[1,0],[133,821]]
[[0,0],[1,0],[158,821]]
[[0,0],[1,0],[55,821]]
[[0,0],[1,0],[128,821]]
[[0,0],[1,0],[33,821]]
[[0,0],[1,0],[97,821]]
[[0,0],[1,0],[212,821]]
[[0,0],[1,0],[46,821]]
[[0,0],[1,0],[64,821]]
[[0,0],[1,0],[40,821]]
[[0,0],[1,0],[143,821]]
[[0,0],[1,0],[305,821]]
[[0,0],[1,0],[90,821]]
[[0,0],[1,0],[174,821]]
[[0,0],[1,0],[66,821]]
[[0,0],[1,0],[139,821]]
[[0,0],[1,0],[12,821]]
[[0,0],[1,0],[93,821]]
[[0,0],[1,0],[91,821]]
[[0,0],[1,0],[75,821]]
[[0,0],[1,0],[179,821]]
[[0,0],[1,0],[142,821]]
[[0,0],[1,0],[4,821]]
[[0,0],[1,0],[51,821]]
[[0,0],[1,0],[178,821]]
[[0,0],[1,0],[58,821]]
[[0,0],[1,0],[10,821]]
[[0,0],[1,0],[36,821]]
[[0,0],[1,0],[27,821]]
[[0,0],[1,0],[1,821]]
[[0,0],[1,0],[15,821]]
[[0,0],[1,0],[180,821]]
[[0,0],[1,0],[207,821]]
[[0,0],[1,0],[254,821]]
[[0,0],[1,0],[37,821]]
