[[0,0],[1,0],[265,822]]
[[0,0],[1,0],[754,822]]
[[0,0],[1,0],[221,822]]
[[0,0],[1,0],[634,822]]
[[0,0],[1,0],[125,822]]
[[0,0],[1,0],[346,822]]
[[0,0],[1,0],[214,822]]
[[0,0],[1,0],[4,822]]
[[0,0],[1,0],[304,822]]
[[0,0],[1,0],[94,822]]
[[0,0],[1,0],[353,822]]
[[0,0],[1,0],[262,822]]
[[0,0],[1,0],[337,822]]
[[0,0],[1,0],[298,822]]
[[0,0],[1,0],[604,822]]
[[0,0],[1,0],[256,822]]
[[0,0],[1,0],[479,822]]
[[0,0],[1,0],[73,822]]
[[0,0],[1,0],[184,822]]
[[0,0],[1,0],[19,822]]
[[0,0],[1,0],[29,822]]
[[0,0],[1,0],[1,822]]
[[0,0],[1,0],[736,822]]
[[0,0],[1,0],[136,822]]
[[0,0],[1,0],[263,822]]
[[0,0],[1,0],[22,822]]
[[0,0],[1,0],[365,822]]
[[0,0],[1,0],[628,822]]
[[0,0],[1,0],[64,822]]
[[0,0],[1,0],[67,822]]
[[0,0],[1,0],[376,822]]
[[0,0],[1,0],[640,822]]
[[0,0],[1,0],[539,822]]
[[0,0],[1,0],[437,822]]
[[0,0],[1,0],[55,822]]
[[0,0],[1,0],[61,822]]
[[0,0],[1,0],[155,822]]
[[0,0],[1,0],[802,822]]
[[0,0],[1,0],[563,822]]
[[0,0],[1,0],[43,822]]
[[0,0],[1,0],[622,822]]
[[0,0],[1,0],[686,822]]
[[0,0],[1,0],[641,822]]
[[0,0],[1,0],[217,822]]
[[0,0],[1,0],[109,822]]
[[0,0],[1,0],[46,822]]
[[0,0],[1,0],[520,822]]
[[0,0],[1,0],[97,822]]
[[0,0],[1,0],[130,822]]
[[0,0],[1,0],[436,822]]
[[0,0],[1,0],[139,822]]
[[0,0],[1,0],[163,822]]
[[0,0],[1,0],[5,822]]
[[0,0],[2,0],[276,411]]
[[0,0],[1,0],[496,822]]
[[0,0],[1,0],[394,822]]
[[0,0],[1,0],[379,822]]
[[0,0],[1,0],[334,822]]
[[0,0],[1,0],[340,822]]
[[0,0],[1,0],[370,822]]
[[0,0],[1,0],[106,822]]
[[0,0],[1,0],[301,822]]
[[0,0],[1,0],[514,822]]
[[0,0],[1,0],[233,822]]
[[0,0],[1,0],[448,822]]
[[0,0],[1,0],[187,822]]
[[0,0],[1,0],[820,822]]
[[0,0],[1,0],[166,822]]
[[0,0],[1,0],[724,822]]
[[0,0],[1,0],[367,822]]
[[0,0],[1,0],[115,822]]
[[0,0],[1,0],[679,822]]
[[0,0],[1,0],[322,822]]
[[0,0],[1,0],[112,822]]
[[0,0],[1,0],[610,822]]
[[0,0],[1,0],[287,822]]
[[0,0],[1,0],[688,822]]
[[0,0],[1,0],[658,822]]
[[0,0],[1,0],[133,822]]
[[0,0],[1,0],[82,822]]
[[0,0],[1,0],[562,822]]
[[0,0],[1,0],[646,822]]
[[0,0],[1,0],[388,822]]
[[0,0],[1,0],[223,822]]
[[0,0],[1,0],[185,822]]
[[0,0],[1,0],[202,822]]
[[0,0],[1,0],[784,822]]
[[0,0],[1,0],[412,822]]
[[0,0],[1,0],[373,822]]
[[0,0],[1,0],[568,822]]
[[0,0],[1,0],[160,822]]
[[0,0],[1,0],[730,822]]
[[0,0],[1,0],[484,822]]
[[0,0],[1,0],[257,822]]
[[0,0],[1,0],[544,822]]
[[0,0],[1,0],[551,822]]
[[0,0],[1,0],[77,822]]
[[0,0],[1,0],[463,822]]
[[0,0],[1,0],[347,822]]
[[0,0],[1,0],[91,822]]
[[0,0],[1,0],[808,822]]
[[0,0],[1,0],[269,822]]
[[0,0],[1,0],[35,822]]
[[0,0],[1,0],[454,822]]
[[0,0],[1,0],[313,822]]
[[0,0],[1,0],[403,822]]
[[0,0],[1,0],[149,822]]
[[0,0],[1,0],[532,822]]
[[0,0],[1,0],[383,822]]
[[0,0],[1,0],[549,822]]
[[0,0],[1,0],[53,822]]
[[0,0],[1,0],[775,822]]
[[0,0],[1,0],[760,822]]
[[0,0],[1,0],[238,822]]
[[0,0],[1,0],[286,822]]
[[0,0],[1,0],[11,822]]
[[0,0],[1,0],[718,822]]
[[0,0],[1,0],[307,822]]
[[0,0],[1,0],[400,822]]
[[0,0],[1,0],[28,822]]
[[0,0],[1,0],[142,822]]
[[0,0],[1,0],[472,822]]
[[0,0],[1,0],[493,822]]
[[0,0],[1,0],[460,822]]
[[0,0],[1,0],[490,822]]
[[0,0],[1,0],[571,822]]
[[0,0],[1,0],[172,822]]
[[0,0],[1,0],[16,822]]
[[0,0],[1,0],[442,822]]
[[0,0],[1,0],[821,822]]
[[0,0],[1,0],[79,822]]
[[0,0],[1,0],[397,822]]
[[0,0],[1,0],[517,822]]
[[0,0],[1,0],[451,822]]
[[0,0],[1,0],[241,822]]
[[0,0],[1,0],[629,822]]
[[0,0],[1,0],[95,822]]
[[0,0],[1,0],[748,822]]
[[0,0],[1,0],[205,822]]
[[0,0],[1,0],[502,822]]
[[0,0],[1,0],[670,822]]
[[0,0],[1,0],[119,822]]
[[0,0],[1,0],[70,822]]
[[0,0],[1,0],[208,822]]
[[0,0],[1,0],[538,822]]
[[0,0],[1,0],[389,822]]
[[0,0],[1,0],[229,822]]
[[0,0],[1,0],[275,822]]
[[0,0],[1,0],[7,822]]
[[0,0],[1,0],[154,822]]
[[0,0],[1,0],[814,822]]
[[0,0],[1,0],[107,822]]
[[0,0],[1,0],[712,822]]
[[0,0],[1,0],[220,822]]
[[0,0],[1,0],[280,822]]
[[0,0],[1,0],[145,822]]
[[0,0],[1,0],[556,822]]
[[0,0],[1,0],[461,822]]
[[0,0],[1,0],[101,822]]
[[0,0],[1,0],[292,822]]
[[0,0],[1,0],[613,822]]
[[0,0],[1,0],[23,822]]
[[0,0],[1,0],[466,822]]
[[0,0],[1,0],[31,822]]
[[0,0],[1,0],[173,822]]
[[0,0],[1,0],[607,822]]
[[0,0],[1,0],[796,822]]
[[0,0],[1,0],[478,822]]
[[0,0],[1,0],[310,822]]
[[0,0],[1,0],[89,822]]
[[0,0],[1,0],[569,822]]
[[0,0],[1,0],[311,822]]
[[0,0],[1,0],[245,822]]
[[0,0],[1,0],[118,822]]
[[0,0],[1,0],[364,822]]
[[0,0],[1,0],[121,822]]
[[0,0],[1,0],[547,822]]
[[0,0],[1,0],[178,822]]
[[0,0],[1,0],[413,822]]
[[0,0],[1,0],[418,822]]
[[0,0],[1,0],[175,822]]
[[0,0],[1,0],[167,822]]
[[0,0],[1,0],[352,822]]
[[0,0],[1,0],[138,822]]
[[0,0],[1,0],[497,822]]
[[0,0],[1,0],[349,822]]
[[0,0],[1,0],[113,822]]
[[0,0],[1,0],[34,822]]
[[0,0],[1,0],[611,822]]
[[0,0],[1,0],[41,822]]
[[0,0],[1,0],[37,822]]
[[0,0],[1,0],[616,822]]
[[0,0],[1,0],[766,822]]
[[0,0],[1,0],[592,822]]
[[0,0],[1,0],[550,822]]
[[0,0],[1,0],[244,822]]
[[0,0],[1,0],[40,822]]
[[0,0],[1,0],[268,822]]
[[0,0],[1,0],[529,822]]
[[0,0],[1,0],[199,822]]
[[0,0],[1,0],[586,822]]
[[0,0],[1,0],[523,822]]
[[0,0],[1,0],[583,822]]
[[0,0],[1,0],[52,822]]
[[0,0],[1,0],[17,822]]
[[0,0],[1,0],[281,822]]
[[0,0],[1,0],[124,822]]
[[0,0],[1,0],[331,822]]
[[0,0],[1,0],[127,822]]
[[0,0],[1,0],[131,822]]
[[0,0],[1,0],[88,822]]
[[0,0],[1,0],[700,822]]
[[0,0],[1,0],[157,822]]
[[0,0],[1,0],[355,822]]
[[0,0],[1,0],[358,822]]
[[0,0],[1,0],[790,822]]
[[0,0],[1,0],[316,822]]
[[0,0],[1,0],[421,822]]
[[0,0],[1,0],[503,822]]
[[0,0],[1,0],[778,822]]
[[0,0],[1,0],[574,822]]
[[0,0],[1,0],[407,822]]
[[0,0],[1,0],[382,822]]
[[0,0],[1,0],[277,822]]
[[0,0],[1,0],[295,822]]
[[0,0],[1,0],[65,822]]
[[0,0],[1,0],[694,822]]
[[0,0],[1,0],[49,822]]
[[0,0],[1,0],[391,822]]
[[0,0],[1,0],[161,822]]
[[0,0],[1,0],[742,822]]
[[0,0],[1,0],[247,822]]
[[0,0],[1,0],[317,822]]
[[0,0],[1,0],[148,822]]
[[0,0],[1,0],[103,822]]
[[0,0],[1,0],[424,822]]
[[0,0],[1,0],[682,822]]
[[0,0],[1,0],[58,822]]
[[0,0],[1,0],[226,822]]
[[0,0],[1,0],[232,822]]
[[0,0],[1,0],[406,822]]
[[0,0],[1,0],[598,822]]
[[0,0],[1,0],[250,822]]
[[0,0],[1,0],[377,822]]
[[0,0],[1,0],[671,822]]
[[0,0],[1,0],[508,822]]
[[0,0],[1,0],[191,822]]
[[0,0],[1,0],[676,822]]
[[0,0],[1,0],[10,822]]
[[0,0],[1,0],[706,822]]
[[0,0],[1,0],[289,822]]
[[0,0],[1,0],[59,822]]
[[0,0],[1,0],[76,822]]
[[0,0],[1,0],[772,822]]
[[0,0],[1,0],[652,822]]
[[0,0],[1,0],[323,822]]
[[0,0],[1,0],[197,822]]
[[0,0],[1,0],[430,822]]
[[0,0],[1,0],[664,822]]
[[0,0],[1,0],[13,822]]
[[0,0],[1,0],[526,822]]
[[0,0],[1,0],[203,822]]
[[0,0],[1,0],[227,822]]
[[0,0],[1,0],[427,822]]
[[0,0],[1,0],[85,822]]
[[0,0],[1,0],[25,822]]
[[0,0],[1,0],[83,822]]
[[0,0],[1,0],[196,822]]
[[0,0],[1,0],[587,822]]
[[0,0],[1,0],[580,822]]
[[0,0],[1,0],[71,822]]
[[0,0],[1,0],[169,822]]
[[0,0],[1,0],[100,822]]
[[0,0],[1,0],[179,822]]
[[0,0],[1,0],[328,822]]
[[0,0],[1,0],[341,822]]
[[0,0],[1,0],[335,822]]
[[0,0],[1,0],[190,822]]
