[[0,0],[1,0],[20,823]]
[[0,0],[1,0],[2,823]]
[[0,0],[1,0],[30,823]]
[[0,0],[1,0],[6,823]]
[[0,0],[1,0],[57,823]]
[[0,0],[1,0],[43,823]]
[[0,0],[1,0],[249,823]]
[[0,0],[1,0],[9,823]]
[[0,0],[1,0],[116,823]]
[[0,0],[1,0],[17,823]]
[[0,0],[1,0],[53,823]]
[[0,0],[1,0],[165,823]]
[[0,0],[1,0],[22,823]]
[[0,0],[1,0],[71,823]]
[[0,0],[1,0],[117,823]]
[[0,0],[1,0],[127,823]]
[[0,0],[1,0],[42,823]]
[[0,0],[1,0],[49,823]]
[[0,0],[1,0],[253,823]]
[[0,0],[1,0],[101,823]]
[[0,0],[1,0],[109,823]]
[[0,0],[1,0],[141,823]]
[[0,0],[1,0],[216,823]]
[[0,0],[1,0],[186,823]]
[[0,0],[1,0],[136,823]]
[[0,0],[1,0],[68,823]]
[[0,0],[1,0],[70,823]]
[[0,0],[1,0],[173,823]]
[[0,0],[1,0],[114,823]]
[[0,0],[1,0],[94,823]]
[[0,0],[1,0],[78,823]]
[[0,0],[1,0],[140,823]]
[[0,0],[1,0],[239,823]]
[[0,0],[1,0],[18,823]]
[[0,0],[1,0],[39,823]]
[[0,0],[1,0],[354,823]]
[[0,0],[1,0],[113,823]]
[[0,0],[1,0],[251,823]]
[[0,0],[1,0],[257,823]]
[[0,0],[1,0],[34,823]]
[[0,0],[1,0],[166,823]]
[[0,0],[1,0],[16,823]]
[[0,0],[1,0],[262,823]]
[[0,0],[1,0],[31,823]]
[[0,0],[1,0],[13,823]]
[[0,0],[1,0],[28,823]]
[[0,0],[1,0],[77,823]]
[[0,0],[1,0],[88,823]]
[[0,0],[1,0],[69,823]]
[[0,0],[1,0],[73,823]]
[[0,0],[1,0],[32,823]]
[[0,0],[1,0],[118,823]]
[[0,0],[1,0],[11,823]]
[[0,0],[1,0],[44,823]]
[[0,0],[1,0],[59,823]]
[[0,0],[1,0],[115,823]]
[[0,0],[1,0],[50,823]]
[[0,0],[1,0],[112,823]]
[[0,0],[1,0],[76,823]]
[[0,0],[1,0],[23,823]]
[[0,0],[1,0],[313,823]]
[[0,0],[1,0],[3,823]]
[[0,0],[1,0],[250,823]]
[[0,0],[1,0],[63,823]]
[[0,0],[1,0],[79,823]]
[[0,0],[1,0],[278,823]]
[[0,0],[1,0],[7,823]]
[[0,0],[1,0],[111,823]]
[[0,0],[1,0],[175,823]]
[[0,0],[1,0],[199,823]]
[[0,0],[1,0],[102,823]]
[[0,0],[1,0],[83,823]]
[[0,0],[1,0],[26,823]]
[[0,0],[1,0],[266,823]]
[[0,0],[1,0],[14,823]]
[[0,0],[1,0],[92,823]]
[[0,0],[1,0],[19,823]]
[[0,0],[1,0],[60,823]]
[[0,0],[1,0],[38,823]]
[[0,0],[1,0],[52,823]]
[[0,0],[1,0],[29,823]]
[[0,0],[1,0],[21,823]]
[[0,0],[1,0],[153,823]]
[[0,0],[1,0],[5,823]]
[[0,0],[1,0],[201,823]]
[[0,0],[1,0],[74,823]]
[[0,0],[1,0],[110,823]]
[[0,0],[1,0],[123,823]]
[[0,0],[1,0],[72,823]]
[[0,0],[1,0],[100,823]]
[[0,0],[1,0],[238,823]]
[[0,0],[1,0],[25,823]]
[[0,0],[1,0],[155,823]]
[[0,0],[1,0],[8,823]]
[[0,0],[1,0],[24,823]]
[[0,0],[1,0],[185,823]]
[[0,0],[1,0],[35,823]]
[[0,0],[1,0],[45,823]]
[[0,0],[1,0],[218,823]]
[[0,0],[1,0],[154,823]]
[[0,0],[1,0],[261,823]]
[[0,0],[1,0],[33,823]]
[[0,0],[1,0],[158,823]]
[[0,0],[1,0],[55,823]]
[[0,0],[1,0],[252,823]]
[[0,0],[1,0],[64,823]]
[[0,0],[1,0],[219,823]]
[[0,0],[1,0],[46,823]]
[[0,0],[1,0],[40,823]]
[[0,0],[1,0],[200,823]]
[[0,0],[1,0],[260,823]]
[[0,0],[1,0],[54,823]]
[[0,0],[1,0],[143,823]]
[[0,0],[1,0],[217,823]]
[[0,0],[1,0],[106,823]]
[[0,0],[1,0],[174,823]]
[[0,0],[1,0],[12,823]]
[[0,0],[1,0],[82,823]]
[[0,0],[1,0],[139,823]]
[[0,0],[1,0],[93,823]]
[[0,0],[1,0],[105,823]]
[[0,0],[1,0],[4,823]]
[[0,0],[1,0],[75,823]]
[[0,0],[1,0],[179,823]]
[[0,0],[1,0],[142,823]]
[[0,0],[1,0],[51,823]]
[[0,0],[1,0],[263,823]]
[[0,0],[1,0],[58,823]]
[[0,0],[1,0],[36,823]]
[[0,0],[1,0],[164,823]]
[[0,0],[1,0],[41,823]]
[[0,0],[1,0],[10,823]]
[[0,0],[1,0],[189,823]]
[[0,0],[1,0],[1,823]]
[[0,0],[1,0],[27,823]]
[[0,0],[1,0],[56,823]]
[[0,0],[1,0],[15,823]]
[[0,0],[1,0],[37,823]]
[[0,0],[1,0],[67,823]]
