[[0,0],[1,0],[403,824]]
[[0,0],[1,0],[385,824]]
[[0,0],[1,0],[351,824]]
[[0,0],[1,0],[769,824]]
[[0,0],[2,0],[298,412]]
[[0,0],[1,0],[105,824]]
[[0,0],[1,0],[443,824]]
[[0,0],[2,0],[6,412]]
[[0,0],[1,0],[39,824]]
[[0,0],[1,0],[45,824]]
[[0,0],[2,0],[366,412]]
[[0,0],[2,0],[34,412]]
[[0,0],[1,0],[179,824]]
[[0,0],[2,0],[10,412]]
[[0,0],[2,0],[182,412]]
[[0,0],[1,0],[685,824]]
[[0,0],[1,0],[291,824]]
[[0,0],[1,0],[415,824]]
[[0,0],[1,0],[119,824]]
[[0,0],[2,0],[58,412]]
[[0,0],[2,0],[334,412]]
[[0,0],[1,0],[235,824]]
[[0,0],[1,0],[89,824]]
[[0,0],[1,0],[49,824]]
[[0,0],[1,0],[213,824]]
[[0,0],[1,0],[435,824]]
[[0,0],[1,0],[305,824]]
[[0,0],[1,0],[13,824]]
[[0,0],[2,0],[30,412]]
[[0,0],[1,0],[145,824]]
[[0,0],[1,0],[193,824]]
[[0,0],[2,0],[218,412]]
[[0,0],[1,0],[53,824]]
[[0,0],[1,0],[167,824]]
[[0,0],[1,0],[169,824]]
[[0,0],[1,0],[619,824]]
[[0,0],[2,0],[82,412]]
[[0,0],[2,0],[134,412]]
[[0,0],[2,0],[208,412]]
[[0,0],[1,0],[475,824]]
[[0,0],[1,0],[516,824]]
[[0,0],[2,0],[170,412]]
[[0,0],[2,0],[262,412]]
[[0,0],[1,0],[727,824]]
[[0,0],[1,0],[177,824]]
[[0,0],[1,0],[37,824]]
[[0,0],[1,0],[229,824]]
[[0,0],[1,0],[423,824]]
[[0,0],[1,0],[437,824]]
[[0,0],[1,0],[357,824]]
[[0,0],[1,0],[99,824]]
[[0,0],[1,0],[323,824]]
[[0,0],[1,0],[57,824]]
[[0,0],[1,0],[667,824]]
[[0,0],[1,0],[77,824]]
[[0,0],[1,0],[173,824]]
[[0,0],[2,0],[122,412]]
[[0,0],[1,0],[203,824]]
[[0,0],[1,0],[495,824]]
[[0,0],[1,0],[505,824]]
[[0,0],[2,0],[90,412]]
[[0,0],[1,0],[311,824]]
[[0,0],[1,0],[67,824]]
[[0,0],[1,0],[701,824]]
[[0,0],[1,0],[19,824]]
[[0,0],[1,0],[823,824]]
[[0,0],[1,0],[463,824]]
[[0,0],[1,0],[175,824]]
[[0,0],[2,0],[38,412]]
[[0,0],[1,0],[1,824]]
[[0,0],[1,0],[441,824]]
[[0,0],[1,0],[159,824]]
[[0,0],[2,0],[126,412]]
[[0,0],[1,0],[563,824]]
[[0,0],[1,0],[609,824]]
[[0,0],[1,0],[549,824]]
[[0,0],[1,0],[447,824]]
[[0,0],[1,0],[43,824]]
[[0,0],[1,0],[197,824]]
[[0,0],[1,0],[545,824]]
[[0,0],[1,0],[507,824]]
[[0,0],[2,0],[178,412]]
[[0,0],[1,0],[429,824]]
[[0,0],[1,0],[143,824]]
[[0,0],[1,0],[635,824]]
[[0,0],[2,0],[274,412]]
[[0,0],[1,0],[749,824]]
[[0,0],[1,0],[455,824]]
[[0,0],[2,0],[410,412]]
[[0,0],[1,0],[131,824]]
[[0,0],[2,0],[302,412]]
[[0,0],[1,0],[457,824]]
[[0,0],[1,0],[61,824]]
[[0,0],[1,0],[199,824]]
[[0,0],[1,0],[459,824]]
[[0,0],[1,0],[247,824]]
[[0,0],[1,0],[269,824]]
[[0,0],[1,0],[273,824]]
[[0,0],[2,0],[102,412]]
[[0,0],[1,0],[117,824]]
[[0,0],[1,0],[449,824]]
[[0,0],[1,0],[155,824]]
[[0,0],[1,0],[343,824]]
[[0,0],[1,0],[223,824]]
[[0,0],[1,0],[161,824]]
[[0,0],[1,0],[87,824]]
[[0,0],[2,0],[98,412]]
[[0,0],[1,0],[643,824]]
[[0,0],[1,0],[205,824]]
[[0,0],[1,0],[109,824]]
[[0,0],[1,0],[353,824]]
[[0,0],[1,0],[3,824]]
[[0,0],[1,0],[121,824]]
[[0,0],[1,0],[659,824]]
[[0,0],[1,0],[425,824]]
[[0,0],[1,0],[315,824]]
[[0,0],[2,0],[130,412]]
[[0,0],[1,0],[243,824]]
[[0,0],[1,0],[299,824]]
[[0,0],[1,0],[335,824]]
[[0,0],[1,0],[709,824]]
[[0,0],[2,0],[142,412]]
[[0,0],[1,0],[187,824]]
[[0,0],[2,0],[42,412]]
[[0,0],[1,0],[433,824]]
[[0,0],[1,0],[310,824]]
[[0,0],[1,0],[227,824]]
[[0,0],[1,0],[411,824]]
[[0,0],[1,0],[253,824]]
[[0,0],[1,0],[101,824]]
[[0,0],[1,0],[91,824]]
[[0,0],[1,0],[73,824]]
[[0,0],[1,0],[639,824]]
[[0,0],[1,0],[289,824]]
[[0,0],[1,0],[69,824]]
[[0,0],[1,0],[27,824]]
[[0,0],[1,0],[497,824]]
[[0,0],[1,0],[237,824]]
[[0,0],[1,0],[147,824]]
[[0,0],[2,0],[190,412]]
[[0,0],[1,0],[331,824]]
[[0,0],[2,0],[14,412]]
[[0,0],[1,0],[65,824]]
[[0,0],[1,0],[297,824]]
[[0,0],[1,0],[355,824]]
[[0,0],[1,0],[29,824]]
[[0,0],[2,0],[18,412]]
[[0,0],[2,0],[74,412]]
[[0,0],[1,0],[333,824]]
[[0,0],[2,0],[26,412]]
[[0,0],[1,0],[241,824]]
[[0,0],[1,0],[427,824]]
[[0,0],[1,0],[15,824]]
[[0,0],[1,0],[219,824]]
[[0,0],[1,0],[47,824]]
[[0,0],[1,0],[149,824]]
[[0,0],[1,0],[453,824]]
[[0,0],[1,0],[295,824]]
[[0,0],[1,0],[133,824]]
[[0,0],[1,0],[477,824]]
[[0,0],[1,0],[59,824]]
[[0,0],[1,0],[722,824]]
[[0,0],[1,0],[7,824]]
[[0,0],[1,0],[95,824]]
[[0,0],[1,0],[9,824]]
[[0,0],[1,0],[633,824]]
[[0,0],[1,0],[251,824]]
[[0,0],[1,0],[127,824]]
[[0,0],[1,0],[125,824]]
[[0,0],[2,0],[162,412]]
[[0,0],[1,0],[79,824]]
[[0,0],[1,0],[373,824]]
[[0,0],[1,0],[51,824]]
[[0,0],[1,0],[111,824]]
[[0,0],[1,0],[151,824]]
[[0,0],[1,0],[221,824]]
[[0,0],[2,0],[210,412]]
[[0,0],[1,0],[71,824]]
[[0,0],[1,0],[171,824]]
[[0,0],[1,0],[541,824]]
[[0,0],[1,0],[301,824]]
[[0,0],[1,0],[591,824]]
[[0,0],[1,0],[31,824]]
[[0,0],[1,0],[209,824]]
[[0,0],[1,0],[287,824]]
[[0,0],[1,0],[23,824]]
[[0,0],[2,0],[146,412]]
[[0,0],[1,0],[791,824]]
[[0,0],[1,0],[265,824]]
[[0,0],[1,0],[339,824]]
[[0,0],[2,0],[62,412]]
[[0,0],[1,0],[183,824]]
[[0,0],[2,0],[86,412]]
[[0,0],[1,0],[85,824]]
[[0,0],[1,0],[337,824]]
[[0,0],[1,0],[623,824]]
[[0,0],[2,0],[166,412]]
[[0,0],[1,0],[461,824]]
[[0,0],[1,0],[211,824]]
[[0,0],[1,0],[503,824]]
[[0,0],[1,0],[539,824]]
[[0,0],[1,0],[207,824]]
[[0,0],[2,0],[50,412]]
[[0,0],[1,0],[113,824]]
[[0,0],[1,0],[379,824]]
[[0,0],[1,0],[629,824]]
[[0,0],[1,0],[249,824]]
[[0,0],[1,0],[5,824]]
[[0,0],[1,0],[579,824]]
[[0,0],[1,0],[255,824]]
[[0,0],[2,0],[94,412]]
[[0,0],[1,0],[271,824]]
[[0,0],[1,0],[479,824]]
[[0,0],[1,0],[483,824]]
[[0,0],[1,0],[93,824]]
[[0,0],[1,0],[325,824]]
[[0,0],[1,0],[413,824]]
[[0,0],[1,0],[405,824]]
[[0,0],[2,0],[238,412]]
[[0,0],[1,0],[41,824]]
[[0,0],[1,0],[129,824]]
[[0,0],[1,0],[661,824]]
[[0,0],[1,0],[107,824]]
[[0,0],[2,0],[214,412]]
[[0,0],[1,0],[531,824]]
[[0,0],[2,0],[54,412]]
[[0,0],[2,0],[294,412]]
[[0,0],[2,0],[306,412]]
[[0,0],[1,0],[521,824]]
[[0,0],[1,0],[81,824]]
[[0,0],[1,0],[231,824]]
[[0,0],[1,0],[35,824]]
[[0,0],[1,0],[517,824]]
[[0,0],[1,0],[153,824]]
[[0,0],[1,0],[511,824]]
[[0,0],[1,0],[225,824]]
[[0,0],[1,0],[417,824]]
[[0,0],[2,0],[154,412]]
[[0,0],[1,0],[21,824]]
[[0,0],[2,0],[22,412]]
[[0,0],[1,0],[63,824]]
[[0,0],[1,0],[257,824]]
[[0,0],[1,0],[135,824]]
[[0,0],[1,0],[137,824]]
[[0,0],[1,0],[217,824]]
[[0,0],[1,0],[561,824]]
[[0,0],[2,0],[346,412]]
[[0,0],[1,0],[141,824]]
[[0,0],[1,0],[617,824]]
[[0,0],[2,0],[186,412]]
[[0,0],[2,0],[70,412]]
[[0,0],[1,0],[104,824]]
[[0,0],[1,0],[557,824]]
[[0,0],[1,0],[431,824]]
[[0,0],[1,0],[585,824]]
[[0,0],[1,0],[11,824]]
[[0,0],[2,0],[158,412]]
[[0,0],[1,0],[565,824]]
[[0,0],[1,0],[359,824]]
[[0,0],[1,0],[543,824]]
[[0,0],[2,0],[2,412]]
[[0,0],[1,0],[83,824]]
[[0,0],[1,0],[25,824]]
[[0,0],[1,0],[17,824]]
[[0,0],[1,0],[277,824]]
