[[0,0],[1,0],[4,825]]
[[0,0],[1,0],[738,825]]
[[0,0],[1,0],[103,825]]
[[0,0],[1,0],[306,825]]
[[0,0],[1,0],[711,825]]
[[0,0],[1,0],[172,825]]
[[0,0],[1,0],[664,825]]
[[0,0],[1,0],[421,825]]
[[0,0],[1,0],[298,825]]
[[0,0],[5,0],[65,165]]
[[0,0],[1,0],[485,825]]
[[0,0],[1,0],[351,825]]
[[0,0],[1,0],[616,825]]
[[0,0],[3,0],[135,275]]
[[0,0],[1,0],[156,825]]
[[0,0],[1,0],[272,825]]
[[0,0],[1,0],[538,825]]
[[0,0],[1,0],[412,825]]
[[0,0],[1,0],[424,825]]
[[0,0],[1,0],[546,825]]
[[0,0],[1,0],[291,825]]
[[0,0],[1,0],[366,825]]
[[0,0],[1,0],[89,825]]
[[0,0],[1,0],[46,825]]
[[0,0],[1,0],[49,825]]
[[0,0],[5,0],[5,165]]
[[0,0],[1,0],[116,825]]
[[0,0],[1,0],[358,825]]
[[0,0],[1,0],[13,825]]
[[0,0],[1,0],[112,825]]
[[0,0],[1,0],[176,825]]
[[0,0],[1,0],[193,825]]
[[0,0],[1,0],[62,825]]
[[0,0],[1,0],[766,825]]
[[0,0],[1,0],[53,825]]
[[0,0],[1,0],[188,825]]
[[0,0],[1,0],[169,825]]
[[0,0],[1,0],[547,825]]
[[0,0],[1,0],[274,825]]
[[0,0],[1,0],[652,825]]
[[0,0],[1,0],[516,825]]
[[0,0],[1,0],[34,825]]
[[0,0],[1,0],[816,825]]
[[0,0],[1,0],[177,825]]
[[0,0],[1,0],[37,825]]
[[0,0],[1,0],[229,825]]
[[0,0],[1,0],[28,825]]
[[0,0],[1,0],[491,825]]
[[0,0],[1,0],[92,825]]
[[0,0],[1,0],[595,825]]
[[0,0],[1,0],[406,825]]
[[0,0],[1,0],[201,825]]
[[0,0],[1,0],[367,825]]
[[0,0],[1,0],[801,825]]
[[0,0],[1,0],[74,825]]
[[0,0],[1,0],[667,825]]
[[0,0],[1,0],[203,825]]
[[0,0],[1,0],[336,825]]
[[0,0],[1,0],[2,825]]
[[0,0],[1,0],[68,825]]
[[0,0],[5,0],[115,165]]
[[0,0],[1,0],[673,825]]
[[0,0],[1,0],[236,825]]
[[0,0],[1,0],[246,825]]
[[0,0],[1,0],[67,825]]
[[0,0],[1,0],[526,825]]
[[0,0],[1,0],[456,825]]
[[0,0],[1,0],[313,825]]
[[0,0],[1,0],[696,825]]
[[0,0],[1,0],[244,825]]
[[0,0],[1,0],[106,825]]
[[0,0],[1,0],[19,825]]
[[0,0],[1,0],[502,825]]
[[0,0],[1,0],[463,825]]
[[0,0],[1,0],[551,825]]
[[0,0],[1,0],[186,825]]
[[0,0],[1,0],[208,825]]
[[0,0],[1,0],[1,825]]
[[0,0],[1,0],[451,825]]
[[0,0],[1,0],[281,825]]
[[0,0],[1,0],[441,825]]
[[0,0],[5,0],[80,165]]
[[0,0],[1,0],[78,825]]
[[0,0],[1,0],[139,825]]
[[0,0],[1,0],[43,825]]
[[0,0],[1,0],[214,825]]
[[0,0],[1,0],[276,825]]
[[0,0],[1,0],[507,825]]
[[0,0],[1,0],[430,825]]
[[0,0],[1,0],[266,825]]
[[0,0],[1,0],[621,825]]
[[0,0],[1,0],[157,825]]
[[0,0],[1,0],[466,825]]
[[0,0],[1,0],[749,825]]
[[0,0],[1,0],[131,825]]
[[0,0],[1,0],[61,825]]
[[0,0],[1,0],[199,825]]
[[0,0],[1,0],[226,825]]
[[0,0],[5,0],[35,165]]
[[0,0],[1,0],[247,825]]
[[0,0],[5,0],[60,165]]
[[0,0],[1,0],[155,825]]
[[0,0],[1,0],[343,825]]
[[0,0],[1,0],[148,825]]
[[0,0],[1,0],[576,825]]
[[0,0],[1,0],[681,825]]
[[0,0],[1,0],[756,825]]
[[0,0],[1,0],[12,825]]
[[0,0],[1,0],[643,825]]
[[0,0],[1,0],[191,825]]
[[0,0],[1,0],[259,825]]
[[0,0],[1,0],[109,825]]
[[0,0],[1,0],[353,825]]
[[0,0],[1,0],[121,825]]
[[0,0],[1,0],[58,825]]
[[0,0],[1,0],[194,825]]
[[0,0],[1,0],[6,825]]
[[0,0],[1,0],[606,825]]
[[0,0],[1,0],[243,825]]
[[0,0],[1,0],[32,825]]
[[0,0],[1,0],[731,825]]
[[0,0],[1,0],[142,825]]
[[0,0],[1,0],[573,825]]
[[0,0],[1,0],[386,825]]
[[0,0],[1,0],[76,825]]
[[0,0],[1,0],[227,825]]
[[0,0],[3,0],[245,275]]
[[0,0],[1,0],[411,825]]
[[0,0],[1,0],[626,825]]
[[0,0],[1,0],[36,825]]
[[0,0],[1,0],[101,825]]
[[0,0],[1,0],[91,825]]
[[0,0],[1,0],[469,825]]
[[0,0],[1,0],[73,825]]
[[0,0],[1,0],[639,825]]
[[0,0],[1,0],[289,825]]
[[0,0],[1,0],[486,825]]
[[0,0],[1,0],[381,825]]
[[0,0],[1,0],[426,825]]
[[0,0],[1,0],[604,825]]
[[0,0],[3,0],[253,275]]
[[0,0],[1,0],[146,825]]
[[0,0],[1,0],[331,825]]
[[0,0],[1,0],[38,825]]
[[0,0],[1,0],[286,825]]
[[0,0],[1,0],[322,825]]
[[0,0],[1,0],[29,825]]
[[0,0],[1,0],[82,825]]
[[0,0],[1,0],[26,825]]
[[0,0],[1,0],[326,825]]
[[0,0],[1,0],[532,825]]
[[0,0],[1,0],[16,825]]
[[0,0],[1,0],[241,825]]
[[0,0],[1,0],[164,825]]
[[0,0],[1,0],[47,825]]
[[0,0],[1,0],[149,825]]
[[0,0],[1,0],[474,825]]
[[0,0],[1,0],[781,825]]
[[0,0],[1,0],[64,825]]
[[0,0],[1,0],[133,825]]
[[0,0],[1,0],[97,825]]
[[0,0],[1,0],[181,825]]
[[0,0],[1,0],[261,825]]
[[0,0],[1,0],[126,825]]
[[0,0],[1,0],[672,825]]
[[0,0],[1,0],[7,825]]
[[0,0],[1,0],[163,825]]
[[0,0],[1,0],[815,825]]
[[0,0],[1,0],[328,825]]
[[0,0],[1,0],[251,825]]
[[0,0],[1,0],[79,825]]
[[0,0],[1,0],[373,825]]
[[0,0],[1,0],[51,825]]
[[0,0],[1,0],[111,825]]
[[0,0],[1,0],[14,825]]
[[0,0],[1,0],[124,825]]
[[0,0],[1,0],[144,825]]
[[0,0],[1,0],[166,825]]
[[0,0],[1,0],[151,825]]
[[0,0],[1,0],[8,825]]
[[0,0],[1,0],[71,825]]
[[0,0],[1,0],[171,825]]
[[0,0],[1,0],[309,825]]
[[0,0],[1,0],[636,825]]
[[0,0],[1,0],[301,825]]
[[0,0],[3,0],[80,275]]
[[0,0],[1,0],[591,825]]
[[0,0],[1,0],[321,825]]
[[0,0],[1,0],[31,825]]
[[0,0],[1,0],[342,825]]
[[0,0],[5,0],[50,165]]
[[0,0],[1,0],[23,825]]
[[0,0],[1,0],[265,825]]
[[0,0],[1,0],[409,825]]
[[0,0],[1,0],[100,825]]
[[0,0],[1,0],[337,825]]
[[0,0],[1,0],[86,825]]
[[0,0],[1,0],[760,825]]
[[0,0],[1,0],[461,825]]
[[0,0],[1,0],[316,825]]
[[0,0],[1,0],[211,825]]
[[0,0],[5,0],[20,165]]
[[0,0],[1,0],[202,825]]
[[0,0],[1,0],[478,825]]
[[0,0],[1,0],[408,825]]
[[0,0],[1,0],[134,825]]
[[0,0],[1,0],[529,825]]
[[0,0],[1,0],[379,825]]
[[0,0],[1,0],[371,825]]
[[0,0],[1,0],[508,825]]
[[0,0],[1,0],[518,825]]
[[0,0],[1,0],[349,825]]
[[0,0],[1,0],[56,825]]
[[0,0],[1,0],[320,825]]
[[0,0],[1,0],[271,825]]
[[0,0],[1,0],[254,825]]
[[0,0],[1,0],[786,825]]
[[0,0],[3,0],[190,275]]
[[0,0],[1,0],[41,825]]
[[0,0],[1,0],[651,825]]
[[0,0],[1,0],[514,825]]
[[0,0],[1,0],[107,825]]
[[0,0],[5,0],[10,165]]
[[0,0],[1,0],[122,825]]
[[0,0],[1,0],[531,825]]
[[0,0],[1,0],[471,825]]
[[0,0],[1,0],[641,825]]
[[0,0],[1,0],[521,825]]
[[0,0],[1,0],[206,825]]
[[0,0],[1,0],[81,825]]
[[0,0],[1,0],[212,825]]
[[0,0],[1,0],[216,825]]
[[0,0],[1,0],[511,825]]
[[0,0],[5,0],[25,165]]
[[0,0],[1,0],[771,825]]
[[0,0],[1,0],[21,825]]
[[0,0],[1,0],[382,825]]
[[0,0],[1,0],[232,825]]
[[0,0],[1,0],[804,825]]
[[0,0],[1,0],[217,825]]
[[0,0],[1,0],[96,825]]
[[0,0],[1,0],[256,825]]
[[0,0],[1,0],[141,825]]
[[0,0],[1,0],[52,825]]
[[0,0],[1,0],[706,825]]
[[0,0],[1,0],[431,825]]
[[0,0],[1,0],[487,825]]
[[0,0],[1,0],[178,825]]
[[0,0],[1,0],[741,825]]
[[0,0],[1,0],[83,825]]
[[0,0],[1,0],[17,825]]
[[0,0],[1,0],[277,825]]
[[0,0],[1,0],[666,825]]
[[0,0],[1,0],[501,825]]
