[[0,0],[1,0],[218,829]]
[[0,0],[1,0],[128,829]]
[[0,0],[1,0],[4,829]]
[[0,0],[1,0],[103,829]]
[[0,0],[1,0],[172,829]]
[[0,0],[1,0],[105,829]]
[[0,0],[1,0],[88,829]]
[[0,0],[1,0],[102,829]]
[[0,0],[1,0],[156,829]]
[[0,0],[1,0],[39,829]]
[[0,0],[1,0],[45,829]]
[[0,0],[1,0],[215,829]]
[[0,0],[1,0],[119,829]]
[[0,0],[1,0],[89,829]]
[[0,0],[1,0],[49,829]]
[[0,0],[1,0],[145,829]]
[[0,0],[1,0],[62,829]]
[[0,0],[1,0],[116,829]]
[[0,0],[1,0],[13,829]]
[[0,0],[1,0],[184,829]]
[[0,0],[1,0],[169,829]]
[[0,0],[1,0],[53,829]]
[[0,0],[1,0],[140,829]]
[[0,0],[1,0],[123,829]]
[[0,0],[1,0],[177,829]]
[[0,0],[1,0],[34,829]]
[[0,0],[1,0],[57,829]]
[[0,0],[1,0],[28,829]]
[[0,0],[1,0],[77,829]]
[[0,0],[1,0],[20,829]]
[[0,0],[1,0],[246,829]]
[[0,0],[1,0],[2,829]]
[[0,0],[1,0],[67,829]]
[[0,0],[1,0],[68,829]]
[[0,0],[1,0],[118,829]]
[[0,0],[1,0],[19,829]]
[[0,0],[1,0],[106,829]]
[[0,0],[1,0],[10,829]]
[[0,0],[1,0],[1,829]]
[[0,0],[1,0],[78,829]]
[[0,0],[1,0],[44,829]]
[[0,0],[1,0],[43,829]]
[[0,0],[1,0],[40,829]]
[[0,0],[1,0],[131,829]]
[[0,0],[1,0],[143,829]]
[[0,0],[1,0],[55,829]]
[[0,0],[1,0],[61,829]]
[[0,0],[1,0],[155,829]]
[[0,0],[1,0],[245,829]]
[[0,0],[1,0],[117,829]]
[[0,0],[1,0],[3,829]]
[[0,0],[1,0],[87,829]]
[[0,0],[1,0],[30,829]]
[[0,0],[1,0],[12,829]]
[[0,0],[1,0],[6,829]]
[[0,0],[1,0],[109,829]]
[[0,0],[1,0],[32,829]]
[[0,0],[1,0],[58,829]]
[[0,0],[1,0],[60,829]]
[[0,0],[1,0],[142,829]]
[[0,0],[1,0],[154,829]]
[[0,0],[1,0],[73,829]]
[[0,0],[1,0],[27,829]]
[[0,0],[1,0],[76,829]]
[[0,0],[1,0],[54,829]]
[[0,0],[1,0],[101,829]]
[[0,0],[1,0],[147,829]]
[[0,0],[1,0],[38,829]]
[[0,0],[1,0],[110,829]]
[[0,0],[1,0],[146,829]]
[[0,0],[1,0],[16,829]]
[[0,0],[1,0],[29,829]]
[[0,0],[1,0],[82,829]]
[[0,0],[1,0],[26,829]]
[[0,0],[1,0],[333,829]]
[[0,0],[1,0],[334,829]]
[[0,0],[1,0],[64,829]]
[[0,0],[1,0],[50,829]]
[[0,0],[1,0],[164,829]]
[[0,0],[1,0],[15,829]]
[[0,0],[1,0],[59,829]]
[[0,0],[1,0],[126,829]]
[[0,0],[1,0],[133,829]]
[[0,0],[1,0],[181,829]]
[[0,0],[1,0],[9,829]]
[[0,0],[1,0],[94,829]]
[[0,0],[1,0],[7,829]]
[[0,0],[1,0],[185,829]]
[[0,0],[1,0],[95,829]]
[[0,0],[1,0],[319,829]]
[[0,0],[1,0],[51,829]]
[[0,0],[1,0],[14,829]]
[[0,0],[1,0],[144,829]]
[[0,0],[1,0],[125,829]]
[[0,0],[1,0],[278,829]]
[[0,0],[1,0],[48,829]]
[[0,0],[1,0],[8,829]]
[[0,0],[1,0],[111,829]]
[[0,0],[1,0],[171,829]]
[[0,0],[1,0],[124,829]]
[[0,0],[1,0],[252,829]]
[[0,0],[1,0],[192,829]]
[[0,0],[1,0],[71,829]]
[[0,0],[1,0],[189,829]]
[[0,0],[1,0],[130,829]]
[[0,0],[1,0],[170,829]]
[[0,0],[1,0],[33,829]]
[[0,0],[1,0],[31,829]]
[[0,0],[1,0],[23,829]]
[[0,0],[1,0],[134,829]]
[[0,0],[1,0],[233,829]]
[[0,0],[1,0],[320,829]]
[[0,0],[1,0],[56,829]]
[[0,0],[1,0],[90,829]]
[[0,0],[1,0],[5,829]]
[[0,0],[1,0],[267,829]]
[[0,0],[1,0],[388,829]]
[[0,0],[1,0],[41,829]]
[[0,0],[1,0],[129,829]]
[[0,0],[1,0],[24,829]]
[[0,0],[1,0],[22,829]]
[[0,0],[1,0],[81,829]]
[[0,0],[1,0],[122,829]]
[[0,0],[1,0],[35,829]]
[[0,0],[1,0],[165,829]]
[[0,0],[1,0],[231,829]]
[[0,0],[1,0],[232,829]]
[[0,0],[1,0],[18,829]]
[[0,0],[1,0],[132,829]]
[[0,0],[1,0],[42,829]]
[[0,0],[1,0],[72,829]]
[[0,0],[1,0],[21,829]]
[[0,0],[1,0],[63,829]]
[[0,0],[1,0],[135,829]]
[[0,0],[1,0],[104,829]]
[[0,0],[1,0],[141,829]]
[[0,0],[1,0],[11,829]]
[[0,0],[1,0],[52,829]]
[[0,0],[1,0],[25,829]]
[[0,0],[1,0],[17,829]]
