[[0,0],[1,0],[128,831]]
[[0,0],[1,0],[385,831]]
[[0,0],[1,0],[4,831]]
[[0,0],[1,0],[403,831]]
[[0,0],[1,0],[218,831]]
[[0,0],[1,0],[172,831]]
[[0,0],[1,0],[421,831]]
[[0,0],[1,0],[103,831]]
[[0,0],[1,0],[200,831]]
[[0,0],[1,0],[298,831]]
[[0,0],[1,0],[445,831]]
[[0,0],[1,0],[412,831]]
[[0,0],[1,0],[685,831]]
[[0,0],[1,0],[215,831]]
[[0,0],[1,0],[235,831]]
[[0,0],[1,0],[555,831]]
[[0,0],[1,0],[49,831]]
[[0,0],[1,0],[119,831]]
[[0,0],[1,0],[415,831]]
[[0,0],[1,0],[46,831]]
[[0,0],[1,0],[112,831]]
[[0,0],[1,0],[358,831]]
[[0,0],[1,0],[145,831]]
[[0,0],[1,0],[193,831]]
[[0,0],[1,0],[116,831]]
[[0,0],[1,0],[13,831]]
[[0,0],[1,0],[598,831]]
[[0,0],[1,0],[184,831]]
[[0,0],[1,0],[62,831]]
[[0,0],[1,0],[169,831]]
[[0,0],[1,0],[140,831]]
[[0,0],[1,0],[190,831]]
[[0,0],[1,0],[583,831]]
[[0,0],[1,0],[619,831]]
[[0,0],[1,0],[370,831]]
[[0,0],[1,0],[652,831]]
[[0,0],[1,0],[274,831]]
[[0,0],[1,0],[553,831]]
[[0,0],[1,0],[70,831]]
[[0,0],[1,0],[34,831]]
[[0,0],[1,0],[37,831]]
[[0,0],[1,0],[229,831]]
[[0,0],[1,0],[406,831]]
[[0,0],[1,0],[28,831]]
[[0,0],[1,0],[736,831]]
[[0,0],[1,0],[92,831]]
[[0,0],[1,0],[727,831]]
[[0,0],[1,0],[77,831]]
[[0,0],[1,0],[367,831]]
[[0,0],[1,0],[74,831]]
[[0,0],[1,0],[173,831]]
[[0,0],[1,0],[20,831]]
[[0,0],[1,0],[496,831]]
[[0,0],[1,0],[562,831]]
[[0,0],[1,0],[236,831]]
[[0,0],[1,0],[376,831]]
[[0,0],[1,0],[2,831]]
[[0,0],[1,0],[67,831]]
[[0,0],[1,0],[313,831]]
[[0,0],[1,0],[526,831]]
[[0,0],[1,0],[304,831]]
[[0,0],[1,0],[311,831]]
[[0,0],[1,0],[118,831]]
[[0,0],[1,0],[472,831]]
[[0,0],[1,0],[115,831]]
[[0,0],[1,0],[19,831]]
[[0,0],[1,0],[502,831]]
[[0,0],[1,0],[1,831]]
[[0,0],[1,0],[106,831]]
[[0,0],[1,0],[10,831]]
[[0,0],[1,0],[44,831]]
[[0,0],[1,0],[139,831]]
[[0,0],[1,0],[43,831]]
[[0,0],[1,0],[214,831]]
[[0,0],[1,0],[40,831]]
[[0,0],[1,0],[457,831]]
[[0,0],[1,0],[131,831]]
[[0,0],[1,0],[157,831]]
[[0,0],[1,0],[143,831]]
[[0,0],[1,0],[466,831]]
[[0,0],[1,0],[61,831]]
[[0,0],[1,0],[55,831]]
[[0,0],[1,0],[80,831]]
[[0,0],[1,0],[155,831]]
[[0,0],[1,0],[199,831]]
[[0,0],[1,0],[161,831]]
[[0,0],[1,0],[226,831]]
[[0,0],[1,0],[247,831]]
[[0,0],[1,0],[121,831]]
[[0,0],[1,0],[223,831]]
[[0,0],[1,0],[259,831]]
[[0,0],[1,0],[205,831]]
[[0,0],[1,0],[191,831]]
[[0,0],[1,0],[721,831]]
[[0,0],[1,0],[142,831]]
[[0,0],[1,0],[98,831]]
[[0,0],[1,0],[310,831]]
[[0,0],[1,0],[154,831]]
[[0,0],[1,0],[238,831]]
[[0,0],[1,0],[289,831]]
[[0,0],[1,0],[73,831]]
[[0,0],[1,0],[76,831]]
[[0,0],[1,0],[91,831]]
[[0,0],[1,0],[253,831]]
[[0,0],[1,0],[101,831]]
[[0,0],[1,0],[160,831]]
[[0,0],[1,0],[745,831]]
[[0,0],[1,0],[38,831]]
[[0,0],[1,0],[16,831]]
[[0,0],[1,0],[523,831]]
[[0,0],[1,0],[29,831]]
[[0,0],[1,0],[361,831]]
[[0,0],[1,0],[322,831]]
[[0,0],[1,0],[82,831]]
[[0,0],[1,0],[26,831]]
[[0,0],[1,0],[97,831]]
[[0,0],[1,0],[334,831]]
[[0,0],[1,0],[50,831]]
[[0,0],[1,0],[460,831]]
[[0,0],[1,0],[47,831]]
[[0,0],[1,0],[580,831]]
[[0,0],[1,0],[346,831]]
[[0,0],[1,0],[181,831]]
[[0,0],[1,0],[295,831]]
[[0,0],[1,0],[163,831]]
[[0,0],[1,0],[328,831]]
[[0,0],[1,0],[391,831]]
[[0,0],[1,0],[94,831]]
[[0,0],[1,0],[7,831]]
[[0,0],[1,0],[622,831]]
[[0,0],[1,0],[544,831]]
[[0,0],[1,0],[125,831]]
[[0,0],[1,0],[127,831]]
[[0,0],[1,0],[14,831]]
[[0,0],[1,0],[262,831]]
[[0,0],[1,0],[8,831]]
[[0,0],[1,0],[373,831]]
[[0,0],[1,0],[278,831]]
[[0,0],[1,0],[166,831]]
[[0,0],[1,0],[439,831]]
[[0,0],[1,0],[394,831]]
[[0,0],[1,0],[124,831]]
[[0,0],[1,0],[79,831]]
[[0,0],[1,0],[490,831]]
[[0,0],[1,0],[628,831]]
[[0,0],[1,0],[283,831]]
[[0,0],[1,0],[151,831]]
[[0,0],[1,0],[799,831]]
[[0,0],[1,0],[71,831]]
[[0,0],[1,0],[589,831]]
[[0,0],[1,0],[418,831]]
[[0,0],[1,0],[130,831]]
[[0,0],[1,0],[265,831]]
[[0,0],[1,0],[31,831]]
[[0,0],[1,0],[409,831]]
[[0,0],[1,0],[23,831]]
[[0,0],[1,0],[250,831]]
[[0,0],[1,0],[268,831]]
[[0,0],[1,0],[85,831]]
[[0,0],[1,0],[100,831]]
[[0,0],[1,0],[211,831]]
[[0,0],[1,0],[316,831]]
[[0,0],[1,0],[113,831]]
[[0,0],[1,0],[478,831]]
[[0,0],[1,0],[263,831]]
[[0,0],[1,0],[379,831]]
[[0,0],[1,0],[202,831]]
[[0,0],[1,0],[56,831]]
[[0,0],[1,0],[280,831]]
[[0,0],[1,0],[5,831]]
[[0,0],[1,0],[349,831]]
[[0,0],[1,0],[254,831]]
[[0,0],[1,0],[388,831]]
[[0,0],[1,0],[41,831]]
[[0,0],[1,0],[107,831]]
[[0,0],[1,0],[22,831]]
[[0,0],[1,0],[661,831]]
[[0,0],[1,0],[206,831]]
[[0,0],[1,0],[122,831]]
[[0,0],[1,0],[35,831]]
[[0,0],[1,0],[232,831]]
[[0,0],[1,0],[217,831]]
[[0,0],[1,0],[11,831]]
[[0,0],[1,0],[442,831]]
[[0,0],[1,0],[25,831]]
[[0,0],[1,0],[17,831]]
[[0,0],[1,0],[487,831]]
[[0,0],[1,0],[178,831]]
