[[0,0],[1,0],[356,835]]
[[0,0],[1,0],[516,835]]
[[0,0],[1,0],[284,835]]
[[0,0],[1,0],[102,835]]
[[0,0],[1,0],[173,835]]
[[0,0],[1,0],[46,835]]
[[0,0],[1,0],[52,835]]
[[0,0],[1,0],[17,835]]
[[0,0],[1,0],[56,835]]
[[0,0],[1,0],[176,835]]
[[0,0],[1,0],[93,835]]
[[0,0],[1,0],[208,835]]
[[0,0],[1,0],[281,835]]
[[0,0],[1,0],[249,835]]
[[0,0],[1,0],[476,835]]
[[0,0],[1,0],[92,835]]
[[0,0],[1,0],[78,835]]
[[0,0],[1,0],[43,835]]
[[0,0],[1,0],[2,835]]
[[0,0],[1,0],[114,835]]
[[0,0],[1,0],[22,835]]
[[0,0],[1,0],[1,835]]
[[0,0],[1,0],[37,835]]
[[0,0],[1,0],[223,835]]
[[0,0],[1,0],[651,835]]
[[0,0],[1,0],[57,835]]
[[0,0],[1,0],[187,835]]
[[0,0],[1,0],[36,835]]
[[0,0],[1,0],[3,835]]
[[0,0],[1,0],[561,835]]
[[0,0],[1,0],[756,835]]
[[0,0],[1,0],[154,835]]
[[0,0],[1,0],[89,835]]
[[0,0],[1,0],[188,835]]
[[0,0],[1,0],[123,835]]
[[0,0],[1,0],[11,835]]
[[0,0],[1,0],[141,835]]
[[0,0],[1,0],[6,835]]
[[0,0],[1,0],[481,835]]
[[0,0],[1,0],[243,835]]
[[0,0],[1,0],[566,835]]
[[0,0],[1,0],[416,835]]
[[0,0],[1,0],[19,835]]
[[0,0],[1,0],[26,835]]
[[0,0],[1,0],[59,835]]
[[0,0],[1,0],[335,835]]
[[0,0],[1,0],[242,835]]
[[0,0],[1,0],[83,835]]
[[0,0],[1,0],[491,835]]
[[0,0],[1,0],[426,835]]
[[0,0],[1,0],[53,835]]
[[0,0],[1,0],[49,835]]
[[0,0],[1,0],[168,835]]
[[0,0],[1,0],[266,835]]
[[0,0],[1,0],[67,835]]
[[0,0],[1,0],[366,835]]
[[0,0],[1,0],[91,835]]
[[0,0],[1,0],[161,835]]
[[0,0],[1,0],[451,835]]
[[0,0],[1,0],[286,835]]
[[0,0],[1,0],[201,835]]
[[0,0],[1,0],[226,835]]
[[0,0],[1,0],[669,835]]
[[0,0],[1,0],[369,835]]
[[0,0],[1,0],[177,835]]
[[0,0],[1,0],[28,835]]
[[0,0],[1,0],[13,835]]
[[0,0],[1,0],[68,835]]
[[0,0],[1,0],[61,835]]
[[0,0],[1,0],[29,835]]
[[0,0],[1,0],[197,835]]
[[0,0],[1,0],[106,835]]
[[0,0],[1,0],[171,835]]
[[0,0],[1,0],[406,835]]
[[0,0],[1,0],[241,835]]
[[0,0],[1,0],[71,835]]
[[0,0],[1,0],[99,835]]
[[0,0],[1,0],[146,835]]
[[0,0],[1,0],[229,835]]
[[0,0],[1,0],[9,835]]
[[0,0],[1,0],[98,835]]
[[0,0],[1,0],[621,835]]
[[0,0],[1,0],[143,835]]
[[0,0],[1,0],[591,835]]
[[0,0],[1,0],[127,835]]
[[0,0],[1,0],[74,835]]
[[0,0],[1,0],[496,835]]
[[0,0],[1,0],[186,835]]
[[0,0],[1,0],[136,835]]
[[0,0],[1,0],[471,835]]
[[0,0],[1,0],[84,835]]
[[0,0],[1,0],[12,835]]
[[0,0],[1,0],[142,835]]
[[0,0],[1,0],[24,835]]
[[0,0],[1,0],[109,835]]
[[0,0],[1,0],[108,835]]
[[0,0],[1,0],[54,835]]
[[0,0],[1,0],[248,835]]
[[0,0],[1,0],[149,835]]
[[0,0],[1,0],[691,835]]
[[0,0],[1,0],[207,835]]
[[0,0],[1,0],[81,835]]
[[0,0],[1,0],[626,835]]
[[0,0],[1,0],[48,835]]
[[0,0],[1,0],[69,835]]
[[0,0],[1,0],[276,835]]
[[0,0],[1,0],[256,835]]
[[0,0],[1,0],[371,835]]
[[0,0],[1,0],[126,835]]
[[0,0],[1,0],[111,835]]
[[0,0],[1,0],[86,835]]
[[0,0],[1,0],[206,835]]
[[0,0],[1,0],[32,835]]
[[0,0],[1,0],[153,835]]
[[0,0],[1,0],[251,835]]
[[0,0],[1,0],[16,835]]
[[0,0],[1,0],[129,835]]
[[0,0],[1,0],[191,835]]
[[0,0],[1,0],[641,835]]
[[0,0],[1,0],[58,835]]
[[0,0],[1,0],[128,835]]
[[0,0],[1,0],[33,835]]
[[0,0],[1,0],[151,835]]
[[0,0],[1,0],[27,835]]
[[0,0],[1,0],[396,835]]
[[0,0],[1,0],[121,835]]
[[0,0],[1,0],[66,835]]
[[0,0],[1,0],[7,835]]
[[0,0],[1,0],[666,835]]
[[0,0],[1,0],[42,835]]
[[0,0],[1,0],[446,835]]
[[0,0],[1,0],[189,835]]
[[0,0],[1,0],[178,835]]
[[0,0],[1,0],[23,835]]
[[0,0],[1,0],[791,835]]
[[0,0],[1,0],[104,835]]
[[0,0],[1,0],[31,835]]
[[0,0],[1,0],[14,835]]
[[0,0],[1,0],[101,835]]
[[0,0],[1,0],[181,835]]
[[0,0],[1,0],[96,835]]
[[0,0],[1,0],[401,835]]
[[0,0],[1,0],[51,835]]
[[0,0],[1,0],[62,835]]
[[0,0],[1,0],[316,835]]
[[0,0],[1,0],[536,835]]
[[0,0],[1,0],[94,835]]
[[0,0],[1,0],[296,835]]
[[0,0],[1,0],[231,835]]
[[0,0],[1,0],[82,835]]
[[0,0],[1,0],[196,835]]
[[0,0],[1,0],[4,835]]
[[0,0],[1,0],[321,835]]
[[0,0],[1,0],[18,835]]
[[0,0],[1,0],[34,835]]
[[0,0],[1,0],[41,835]]
[[0,0],[1,0],[661,835]]
[[0,0],[1,0],[47,835]]
[[0,0],[1,0],[221,835]]
[[0,0],[1,0],[97,835]]
[[0,0],[1,0],[21,835]]
[[0,0],[1,0],[421,835]]
[[0,0],[1,0],[103,835]]
[[0,0],[1,0],[216,835]]
[[0,0],[1,0],[656,835]]
[[0,0],[1,0],[271,835]]
[[0,0],[1,0],[172,835]]
[[0,0],[1,0],[107,835]]
[[0,0],[1,0],[8,835]]
[[0,0],[1,0],[166,835]]
