[[0,0],[1,0],[220,837]]
[[0,0],[1,0],[502,837]]
[[0,0],[1,0],[344,837]]
[[0,0],[1,0],[46,837]]
[[0,0],[1,0],[613,837]]
[[0,0],[1,0],[17,837]]
[[0,0],[1,0],[56,837]]
[[0,0],[1,0],[404,837]]
[[0,0],[1,0],[244,837]]
[[0,0],[1,0],[208,837]]
[[0,0],[1,0],[52,837]]
[[0,0],[3,0],[228,279]]
[[0,0],[1,0],[218,837]]
[[0,0],[1,0],[249,837]]
[[0,0],[1,0],[211,837]]
[[0,0],[1,0],[43,837]]
[[0,0],[1,0],[290,837]]
[[0,0],[1,0],[115,837]]
[[0,0],[1,0],[88,837]]
[[0,0],[1,0],[343,837]]
[[0,0],[1,0],[22,837]]
[[0,0],[1,0],[2,837]]
[[0,0],[1,0],[1,837]]
[[0,0],[1,0],[463,837]]
[[0,0],[1,0],[202,837]]
[[0,0],[1,0],[223,837]]
[[0,0],[1,0],[340,837]]
[[0,0],[1,0],[259,837]]
[[0,0],[3,0],[96,279]]
[[0,0],[1,0],[37,837]]
[[0,0],[1,0],[415,837]]
[[0,0],[1,0],[199,837]]
[[0,0],[1,0],[80,837]]
[[0,0],[1,0],[592,837]]
[[0,0],[1,0],[169,837]]
[[0,0],[1,0],[63,837]]
[[0,0],[1,0],[235,837]]
[[0,0],[1,0],[637,837]]
[[0,0],[1,0],[179,837]]
[[0,0],[1,0],[469,837]]
[[0,0],[1,0],[89,837]]
[[0,0],[1,0],[352,837]]
[[0,0],[1,0],[424,837]]
[[0,0],[1,0],[442,837]]
[[0,0],[1,0],[154,837]]
[[0,0],[1,0],[553,837]]
[[0,0],[1,0],[304,837]]
[[0,0],[1,0],[214,837]]
[[0,0],[1,0],[253,837]]
[[0,0],[3,0],[48,279]]
[[0,0],[1,0],[11,837]]
[[0,0],[1,0],[435,837]]
[[0,0],[1,0],[19,837]]
[[0,0],[1,0],[59,837]]
[[0,0],[1,0],[481,837]]
[[0,0],[1,0],[193,837]]
[[0,0],[1,0],[370,837]]
[[0,0],[3,0],[75,279]]
[[0,0],[1,0],[10,837]]
[[0,0],[1,0],[156,837]]
[[0,0],[1,0],[364,837]]
[[0,0],[1,0],[26,837]]
[[0,0],[1,0],[484,837]]
[[0,0],[3,0],[189,279]]
[[0,0],[1,0],[83,837]]
[[0,0],[1,0],[140,837]]
[[0,0],[1,0],[76,837]]
[[0,0],[1,0],[242,837]]
[[0,0],[3,0],[6,279]]
[[0,0],[3,0],[102,279]]
[[0,0],[3,0],[12,279]]
[[0,0],[1,0],[49,837]]
[[0,0],[1,0],[70,837]]
[[0,0],[3,0],[183,279]]
[[0,0],[1,0],[50,837]]
[[0,0],[1,0],[53,837]]
[[0,0],[1,0],[95,837]]
[[0,0],[1,0],[655,837]]
[[0,0],[1,0],[133,837]]
[[0,0],[1,0],[184,837]]
[[0,0],[1,0],[451,837]]
[[0,0],[1,0],[125,837]]
[[0,0],[1,0],[418,837]]
[[0,0],[1,0],[526,837]]
[[0,0],[1,0],[286,837]]
[[0,0],[1,0],[640,837]]
[[0,0],[1,0],[112,837]]
[[0,0],[3,0],[33,279]]
[[0,0],[1,0],[460,837]]
[[0,0],[3,0],[39,279]]
[[0,0],[1,0],[400,837]]
[[0,0],[1,0],[406,837]]
[[0,0],[1,0],[85,837]]
[[0,0],[1,0],[167,837]]
[[0,0],[3,0],[219,279]]
[[0,0],[1,0],[241,837]]
[[0,0],[1,0],[28,837]]
[[0,0],[1,0],[13,837]]
[[0,0],[1,0],[106,837]]
[[0,0],[1,0],[61,837]]
[[0,0],[1,0],[29,837]]
[[0,0],[1,0],[71,837]]
[[0,0],[1,0],[337,837]]
[[0,0],[1,0],[262,837]]
[[0,0],[3,0],[42,279]]
[[0,0],[1,0],[289,837]]
[[0,0],[1,0],[79,837]]
[[0,0],[1,0],[98,837]]
[[0,0],[1,0],[163,837]]
[[0,0],[1,0],[40,837]]
[[0,0],[1,0],[301,837]]
[[0,0],[1,0],[505,837]]
[[0,0],[1,0],[373,837]]
[[0,0],[1,0],[621,837]]
[[0,0],[1,0],[20,837]]
[[0,0],[1,0],[508,837]]
[[0,0],[1,0],[127,837]]
[[0,0],[1,0],[136,837]]
[[0,0],[1,0],[280,837]]
[[0,0],[1,0],[74,837]]
[[0,0],[1,0],[130,837]]
[[0,0],[1,0],[185,837]]
[[0,0],[1,0],[55,837]]
[[0,0],[1,0],[691,837]]
[[0,0],[1,0],[236,837]]
[[0,0],[1,0],[342,837]]
[[0,0],[1,0],[5,837]]
[[0,0],[1,0],[134,837]]
[[0,0],[1,0],[64,837]]
[[0,0],[1,0],[139,837]]
[[0,0],[1,0],[328,837]]
[[0,0],[1,0],[109,837]]
[[0,0],[1,0],[149,837]]
[[0,0],[1,0],[256,837]]
[[0,0],[1,0],[152,837]]
[[0,0],[3,0],[24,279]]
[[0,0],[1,0],[250,837]]
[[0,0],[1,0],[86,837]]
[[0,0],[1,0],[175,837]]
[[0,0],[1,0],[394,837]]
[[0,0],[1,0],[448,837]]
[[0,0],[1,0],[32,837]]
[[0,0],[1,0],[466,837]]
[[0,0],[1,0],[346,837]]
[[0,0],[1,0],[16,837]]
[[0,0],[1,0],[65,837]]
[[0,0],[1,0],[113,837]]
[[0,0],[1,0],[73,837]]
[[0,0],[1,0],[714,837]]
[[0,0],[1,0],[58,837]]
[[0,0],[1,0],[148,837]]
[[0,0],[1,0],[646,837]]
[[0,0],[1,0],[610,837]]
[[0,0],[1,0],[151,837]]
[[0,0],[1,0],[433,837]]
[[0,0],[1,0],[121,837]]
[[0,0],[1,0],[391,837]]
[[0,0],[1,0],[571,837]]
[[0,0],[1,0],[550,837]]
[[0,0],[1,0],[436,837]]
[[0,0],[1,0],[7,837]]
[[0,0],[1,0],[160,837]]
[[0,0],[1,0],[807,837]]
[[0,0],[1,0],[590,837]]
[[0,0],[1,0],[25,837]]
[[0,0],[3,0],[111,279]]
[[0,0],[1,0],[178,837]]
[[0,0],[1,0],[23,837]]
[[0,0],[1,0],[14,837]]
[[0,0],[1,0],[238,837]]
[[0,0],[3,0],[21,279]]
[[0,0],[1,0],[355,837]]
[[0,0],[1,0],[35,837]]
[[0,0],[1,0],[538,837]]
[[0,0],[1,0],[100,837]]
[[0,0],[3,0],[78,279]]
[[0,0],[3,0],[15,279]]
[[0,0],[1,0],[511,837]]
[[0,0],[1,0],[94,837]]
[[0,0],[1,0],[110,837]]
[[0,0],[1,0],[385,837]]
[[0,0],[1,0],[676,837]]
[[0,0],[1,0],[379,837]]
[[0,0],[1,0],[523,837]]
[[0,0],[1,0],[528,837]]
[[0,0],[1,0],[298,837]]
[[0,0],[3,0],[57,279]]
[[0,0],[1,0],[82,837]]
[[0,0],[1,0],[316,837]]
[[0,0],[3,0],[174,279]]
[[0,0],[1,0],[544,837]]
[[0,0],[1,0],[196,837]]
[[0,0],[1,0],[439,837]]
[[0,0],[1,0],[254,837]]
[[0,0],[1,0],[4,837]]
[[0,0],[1,0],[295,837]]
[[0,0],[1,0],[41,837]]
[[0,0],[1,0],[283,837]]
[[0,0],[1,0],[34,837]]
[[0,0],[1,0],[116,837]]
[[0,0],[3,0],[66,279]]
[[0,0],[1,0],[263,837]]
[[0,0],[1,0],[268,837]]
[[0,0],[1,0],[97,837]]
[[0,0],[1,0],[47,837]]
[[0,0],[3,0],[30,279]]
[[0,0],[1,0],[382,837]]
[[0,0],[1,0],[119,837]]
[[0,0],[1,0],[103,837]]
[[0,0],[1,0],[325,837]]
[[0,0],[1,0],[556,837]]
[[0,0],[1,0],[421,837]]
[[0,0],[1,0],[107,837]]
[[0,0],[3,0],[3,279]]
[[0,0],[1,0],[166,837]]
[[0,0],[3,0],[138,279]]
[[0,0],[1,0],[8,837]]
[[0,0],[1,0],[118,837]]
