[[0,0],[1,0],[167,840]]
[[0,0],[1,0],[466,840]]
[[0,0],[1,0],[475,840]]
[[0,0],[2,0],[412,420]]
[[0,0],[2,0],[332,420]]
[[0,0],[1,0],[659,840]]
[[0,0],[1,0],[347,840]]
[[0,0],[1,0],[93,840]]
[[0,0],[1,0],[573,840]]
[[0,0],[1,0],[379,840]]
[[0,0],[1,0],[428,840]]
[[0,0],[2,0],[170,420]]
[[0,0],[2,0],[410,420]]
[[0,0],[1,0],[46,840]]
[[0,0],[4,0],[204,210]]
[[0,0],[2,0],[205,420]]
[[0,0],[1,0],[29,840]]
[[0,0],[2,0],[222,420]]
[[0,0],[1,0],[142,840]]
[[0,0],[1,0],[139,840]]
[[0,0],[1,0],[111,840]]
[[0,0],[2,0],[202,420]]
[[0,0],[1,0],[461,840]]
[[0,0],[1,0],[393,840]]
[[0,0],[1,0],[839,840]]
[[0,0],[2,0],[114,420]]
[[0,0],[1,0],[479,840]]
[[0,0],[1,0],[626,840]]
[[0,0],[4,0],[49,210]]
[[0,0],[1,0],[834,840]]
[[0,0],[2,0],[387,420]]
[[0,0],[4,0],[24,210]]
[[0,0],[1,0],[365,840]]
[[0,0],[2,0],[93,420]]
[[0,0],[1,0],[403,840]]
[[0,0],[1,0],[115,840]]
[[0,0],[1,0],[513,840]]
[[0,0],[1,0],[791,840]]
[[0,0],[2,0],[237,420]]
[[0,0],[1,0],[358,840]]
[[0,0],[1,0],[173,840]]
[[0,0],[1,0],[499,840]]
[[0,0],[1,0],[826,840]]
[[0,0],[1,0],[359,840]]
[[0,0],[1,0],[169,840]]
[[0,0],[1,0],[251,840]]
[[0,0],[2,0],[110,420]]
[[0,0],[1,0],[99,840]]
[[0,0],[4,0],[102,210]]
[[0,0],[1,0],[349,840]]
[[0,0],[2,0],[34,420]]
[[0,0],[4,0],[200,210]]
[[0,0],[1,0],[425,840]]
[[0,0],[1,0],[833,840]]
[[0,0],[2,0],[44,420]]
[[0,0],[1,0],[557,840]]
[[0,0],[1,0],[537,840]]
[[0,0],[1,0],[249,840]]
[[0,0],[2,0],[117,420]]
[[0,0],[1,0],[789,840]]
[[0,0],[3,0],[164,280]]
[[0,0],[1,0],[802,840]]
[[0,0],[1,0],[741,840]]
[[0,0],[2,0],[230,420]]
[[0,0],[1,0],[202,840]]
[[0,0],[1,0],[41,840]]
[[0,0],[1,0],[523,840]]
[[0,0],[1,0],[214,840]]
[[0,0],[3,0],[68,280]]
[[0,0],[1,0],[33,840]]
[[0,0],[1,0],[419,840]]
[[0,0],[1,0],[716,840]]
[[0,0],[1,0],[753,840]]
[[0,0],[2,0],[92,420]]
[[0,0],[1,0],[281,840]]
[[0,0],[1,0],[305,840]]
[[0,0],[1,0],[631,840]]
[[0,0],[1,0],[37,840]]
[[0,0],[1,0],[161,840]]
[[0,0],[2,0],[284,420]]
[[0,0],[1,0],[239,840]]
[[0,0],[1,0],[521,840]]
[[0,0],[1,0],[502,840]]
[[0,0],[1,0],[671,840]]
[[0,0],[1,0],[568,840]]
[[0,0],[1,0],[715,840]]
[[0,0],[1,0],[274,840]]
[[0,0],[1,0],[721,840]]
[[0,0],[1,0],[451,840]]
[[0,0],[2,0],[104,420]]
[[0,0],[2,0],[392,420]]
[[0,0],[1,0],[501,840]]
[[0,0],[1,0],[456,840]]
[[0,0],[1,0],[545,840]]
[[0,0],[1,0],[263,840]]
[[0,0],[1,0],[581,840]]
[[0,0],[5,0],[133,168]]
[[0,0],[2,0],[324,420]]
[[0,0],[1,0],[67,840]]
[[0,0],[1,0],[311,840]]
[[0,0],[1,0],[766,840]]
[[0,0],[2,0],[198,420]]
[[0,0],[3,0],[235,280]]
[[0,0],[2,0],[282,420]]
[[0,0],[1,0],[489,840]]
[[0,0],[1,0],[162,840]]
[[0,0],[1,0],[293,840]]
[[0,0],[1,0],[36,840]]
[[0,0],[1,0],[261,840]]
[[0,0],[5,0],[161,168]]
[[0,0],[1,0],[477,840]]
[[0,0],[1,0],[58,840]]
[[0,0],[2,0],[226,420]]
[[0,0],[2,0],[16,420]]
[[0,0],[2,0],[146,420]]
[[0,0],[1,0],[531,840]]
[[0,0],[2,0],[297,420]]
[[0,0],[1,0],[445,840]]
[[0,0],[1,0],[321,840]]
[[0,0],[2,0],[380,420]]
[[0,0],[3,0],[148,280]]
[[0,0],[3,0],[268,280]]
[[0,0],[1,0],[346,840]]
[[0,0],[1,0],[176,840]]
[[0,0],[4,0],[144,210]]
[[0,0],[7,0],[112,120]]
[[0,0],[1,0],[331,840]]
[[0,0],[1,0],[55,840]]
[[0,0],[1,0],[155,840]]
[[0,0],[1,0],[484,840]]
[[0,0],[1,0],[307,840]]
[[0,0],[2,0],[26,420]]
[[0,0],[2,0],[52,420]]
[[0,0],[1,0],[473,840]]
[[0,0],[1,0],[257,840]]
[[0,0],[2,0],[74,420]]
[[0,0],[1,0],[549,840]]
[[0,0],[2,0],[57,420]]
[[0,0],[2,0],[219,420]]
[[0,0],[2,0],[62,420]]
[[0,0],[1,0],[764,840]]
[[0,0],[1,0],[31,840]]
[[0,0],[1,0],[82,840]]
[[0,0],[3,0],[63,280]]
[[0,0],[2,0],[142,420]]
[[0,0],[3,0],[147,280]]
[[0,0],[2,0],[298,420]]
[[0,0],[1,0],[206,840]]
[[0,0],[1,0],[57,840]]
[[0,0],[1,0],[103,840]]
[[0,0],[1,0],[394,840]]
[[0,0],[1,0],[603,840]]
[[0,0],[2,0],[164,420]]
[[0,0],[1,0],[601,840]]
[[0,0],[1,0],[453,840]]
[[0,0],[2,0],[58,420]]
[[0,0],[1,0],[541,840]]
[[0,0],[1,0],[134,840]]
[[0,0],[1,0],[34,840]]
[[0,0],[1,0],[785,840]]
[[0,0],[3,0],[195,280]]
[[0,0],[1,0],[701,840]]
[[0,0],[2,0],[2,420]]
[[0,0],[2,0],[278,420]]
[[0,0],[1,0],[697,840]]
[[0,0],[2,0],[184,420]]
[[0,0],[1,0],[806,840]]
[[0,0],[2,0],[176,420]]
[[0,0],[1,0],[471,840]]
[[0,0],[2,0],[102,420]]
[[0,0],[1,0],[681,840]]
[[0,0],[1,0],[409,840]]
[[0,0],[1,0],[559,840]]
[[0,0],[1,0],[519,840]]
[[0,0],[1,0],[496,840]]
[[0,0],[1,0],[831,840]]
[[0,0],[1,0],[94,840]]
[[0,0],[1,0],[736,840]]
[[0,0],[1,0],[569,840]]
[[0,0],[1,0],[59,840]]
[[0,0],[1,0],[329,840]]
[[0,0],[2,0],[261,420]]
[[0,0],[1,0],[193,840]]
[[0,0],[1,0],[646,840]]
[[0,0],[1,0],[316,840]]
[[0,0],[2,0],[38,420]]
[[0,0],[1,0],[235,840]]
[[0,0],[1,0],[211,840]]
[[0,0],[1,0],[355,840]]
[[0,0],[4,0],[174,210]]
[[0,0],[1,0],[289,840]]
[[0,0],[1,0],[376,840]]
[[0,0],[1,0],[81,840]]
[[0,0],[3,0],[108,280]]
[[0,0],[1,0],[116,840]]
[[0,0],[1,0],[796,840]]
[[0,0],[1,0],[397,840]]
[[0,0],[3,0],[75,280]]
[[0,0],[3,0],[133,280]]
[[0,0],[4,0],[25,210]]
[[0,0],[1,0],[575,840]]
[[0,0],[1,0],[47,840]]
[[0,0],[1,0],[291,840]]
[[0,0],[1,0],[497,840]]
[[0,0],[1,0],[369,840]]
[[0,0],[1,0],[85,840]]
[[0,0],[1,0],[582,840]]
[[0,0],[1,0],[442,840]]
[[0,0],[2,0],[292,420]]
[[0,0],[1,0],[65,840]]
[[0,0],[2,0],[128,420]]
[[0,0],[2,0],[77,420]]
[[0,0],[1,0],[446,840]]
[[0,0],[1,0],[596,840]]
[[0,0],[1,0],[121,840]]
[[0,0],[1,0],[633,840]]
[[0,0],[2,0],[9,420]]
[[0,0],[1,0],[371,840]]
[[0,0],[2,0],[162,420]]
[[0,0],[1,0],[535,840]]
[[0,0],[3,0],[91,280]]
[[0,0],[5,0],[77,168]]
[[0,0],[1,0],[79,840]]
[[0,0],[1,0],[645,840]]
[[0,0],[1,0],[146,840]]
[[0,0],[1,0],[302,840]]
[[0,0],[1,0],[506,840]]
[[0,0],[1,0],[441,840]]
[[0,0],[1,0],[377,840]]
[[0,0],[1,0],[511,840]]
[[0,0],[3,0],[255,280]]
[[0,0],[3,0],[276,280]]
[[0,0],[1,0],[71,840]]
[[0,0],[2,0],[32,420]]
[[0,0],[1,0],[407,840]]
[[0,0],[1,0],[187,840]]
[[0,0],[1,0],[9,840]]
[[0,0],[6,0],[90,140]]
[[0,0],[1,0],[153,840]]
[[0,0],[1,0],[209,840]]
[[0,0],[1,0],[298,840]]
[[0,0],[1,0],[406,840]]
[[0,0],[1,0],[309,840]]
[[0,0],[1,0],[179,840]]
[[0,0],[1,0],[706,840]]
[[0,0],[1,0],[337,840]]
[[0,0],[1,0],[382,840]]
[[0,0],[1,0],[597,840]]
[[0,0],[2,0],[275,420]]
[[0,0],[1,0],[754,840]]
[[0,0],[1,0],[16,840]]
[[0,0],[2,0],[327,420]]
[[0,0],[2,0],[303,420]]
[[0,0],[1,0],[205,840]]
[[0,0],[2,0],[402,420]]
[[0,0],[1,0],[687,840]]
[[0,0],[2,0],[296,420]]
[[0,0],[2,0],[207,420]]
[[0,0],[5,0],[54,168]]
[[0,0],[1,0],[22,840]]
[[0,0],[2,0],[287,420]]
[[0,0],[1,0],[226,840]]
[[0,0],[1,0],[637,840]]
[[0,0],[2,0],[418,420]]
[[0,0],[1,0],[133,840]]
[[0,0],[2,0],[368,420]]
[[0,0],[1,0],[778,840]]
[[0,0],[2,0],[65,420]]
[[0,0],[1,0],[221,840]]
[[0,0],[6,0],[126,140]]
[[0,0],[1,0],[13,840]]
[[0,0],[1,0],[598,840]]
[[0,0],[1,0],[201,840]]
[[0,0],[1,0],[89,840]]
[[0,0],[1,0],[836,840]]
[[0,0],[1,0],[565,840]]
[[0,0],[1,0],[745,840]]
[[0,0],[1,0],[11,840]]
[[0,0],[1,0],[101,840]]
[[0,0],[1,0],[227,840]]
[[0,0],[1,0],[498,840]]
[[0,0],[1,0],[467,840]]
[[0,0],[1,0],[478,840]]
[[0,0],[3,0],[185,280]]
[[0,0],[2,0],[68,420]]
[[0,0],[2,0],[182,420]]
[[0,0],[1,0],[223,840]]
[[0,0],[2,0],[356,420]]
[[0,0],[1,0],[334,840]]
[[0,0],[2,0],[118,420]]
[[0,0],[2,0],[86,420]]
[[0,0],[1,0],[634,840]]
[[0,0],[1,0],[199,840]]
[[0,0],[1,0],[191,840]]
[[0,0],[2,0],[310,420]]
[[0,0],[1,0],[722,840]]
[[0,0],[2,0],[416,420]]
[[0,0],[1,0],[127,840]]
[[0,0],[1,0],[217,840]]
[[0,0],[1,0],[236,840]]
[[0,0],[2,0],[22,420]]
[[0,0],[2,0],[290,420]]
[[0,0],[2,0],[27,420]]
[[0,0],[2,0],[8,420]]
[[0,0],[1,0],[131,840]]
[[0,0],[2,0],[267,420]]
[[0,0],[1,0],[137,840]]
[[0,0],[1,0],[487,840]]
[[0,0],[1,0],[685,840]]
[[0,0],[5,0],[138,168]]
[[0,0],[2,0],[248,420]]
[[0,0],[1,0],[591,840]]
[[0,0],[1,0],[769,840]]
[[0,0],[1,0],[326,840]]
[[0,0],[1,0],[232,840]]
[[0,0],[1,0],[813,840]]
[[0,0],[1,0],[247,840]]
[[0,0],[1,0],[73,840]]
[[0,0],[1,0],[197,840]]
[[0,0],[1,0],[301,840]]
[[0,0],[1,0],[61,840]]
[[0,0],[2,0],[50,420]]
[[0,0],[1,0],[775,840]]
[[0,0],[1,0],[414,840]]
[[0,0],[1,0],[682,840]]
[[0,0],[1,0],[43,840]]
[[0,0],[1,0],[629,840]]
[[0,0],[1,0],[183,840]]
[[0,0],[1,0],[417,840]]
[[0,0],[1,0],[538,840]]
[[0,0],[1,0],[771,840]]
[[0,0],[1,0],[178,840]]
[[0,0],[1,0],[621,840]]
[[0,0],[4,0],[95,210]]
[[0,0],[1,0],[51,840]]
[[0,0],[10,0],[24,84]]
[[0,0],[1,0],[607,840]]
[[0,0],[1,0],[241,840]]
[[0,0],[1,0],[436,840]]
[[0,0],[1,0],[561,840]]
[[0,0],[1,0],[246,840]]
[[0,0],[3,0],[273,280]]
[[0,0],[1,0],[837,840]]
[[0,0],[1,0],[814,840]]
[[0,0],[3,0],[259,280]]
[[0,0],[2,0],[344,420]]
[[0,0],[1,0],[141,840]]
[[0,0],[4,0],[54,210]]
[[0,0],[2,0],[172,420]]
[[0,0],[1,0],[835,840]]
[[0,0],[1,0],[356,840]]
[[0,0],[1,0],[586,840]]
[[0,0],[1,0],[652,840]]
[[0,0],[1,0],[838,840]]
[[0,0],[1,0],[118,840]]
[[0,0],[3,0],[45,280]]
[[0,0],[1,0],[253,840]]
[[0,0],[1,0],[669,840]]
[[0,0],[1,0],[666,840]]
[[0,0],[2,0],[94,420]]
[[0,0],[1,0],[92,840]]
[[0,0],[4,0],[18,210]]
[[0,0],[1,0],[421,840]]
[[0,0],[1,0],[177,840]]
[[0,0],[1,0],[91,840]]
[[0,0],[1,0],[185,840]]
[[0,0],[2,0],[242,420]]
[[0,0],[1,0],[657,840]]
[[0,0],[1,0],[589,840]]
[[0,0],[1,0],[267,840]]
[[0,0],[1,0],[117,840]]
[[0,0],[1,0],[505,840]]
[[0,0],[1,0],[286,840]]
[[0,0],[1,0],[265,840]]
[[0,0],[1,0],[181,840]]
[[0,0],[2,0],[177,420]]
[[0,0],[1,0],[391,840]]
[[0,0],[1,0],[386,840]]
[[0,0],[4,0],[154,210]]
[[0,0],[1,0],[411,840]]
[[0,0],[1,0],[677,840]]
[[0,0],[1,0],[418,840]]
[[0,0],[2,0],[362,420]]
[[0,0],[2,0],[46,420]]
[[0,0],[1,0],[514,840]]
[[0,0],[1,0],[97,840]]
[[0,0],[1,0],[381,840]]
[[0,0],[1,0],[625,840]]
[[0,0],[1,0],[136,840]]
[[0,0],[3,0],[203,280]]
[[0,0],[5,0],[152,168]]
[[0,0],[2,0],[82,420]]
[[0,0],[1,0],[711,840]]
[[0,0],[2,0],[352,420]]
[[0,0],[1,0],[76,840]]
[[0,0],[1,0],[225,840]]
[[0,0],[1,0],[429,840]]
[[0,0],[2,0],[408,420]]
[[0,0],[1,0],[415,840]]
[[0,0],[2,0],[272,420]]
[[0,0],[1,0],[676,840]]
[[0,0],[1,0],[106,840]]
[[0,0],[1,0],[145,840]]
[[0,0],[1,0],[256,840]]
[[0,0],[1,0],[694,840]]
[[0,0],[4,0],[130,210]]
[[0,0],[3,0],[115,280]]
[[0,0],[1,0],[383,840]]
[[0,0],[1,0],[622,840]]
[[0,0],[1,0],[19,840]]
[[0,0],[1,0],[237,840]]
[[0,0],[1,0],[109,840]]
[[0,0],[1,0],[401,840]]
[[0,0],[3,0],[155,280]]
[[0,0],[1,0],[638,840]]
[[0,0],[1,0],[351,840]]
[[0,0],[2,0],[206,420]]
[[0,0],[1,0],[83,840]]
[[0,0],[1,0],[229,840]]
[[0,0],[1,0],[149,840]]
[[0,0],[2,0],[51,420]]
[[0,0],[4,0],[186,210]]
[[0,0],[2,0],[366,420]]
[[0,0],[1,0],[469,840]]
[[0,0],[2,0],[158,420]]
[[0,0],[1,0],[17,840]]
[[0,0],[2,0],[166,420]]
[[0,0],[1,0],[553,840]]
[[0,0],[3,0],[188,280]]
[[0,0],[2,0],[156,420]]
[[0,0],[1,0],[325,840]]
[[0,0],[2,0],[268,420]]
[[0,0],[1,0],[820,840]]
[[0,0],[1,0],[129,840]]
[[0,0],[1,0],[157,840]]
[[0,0],[2,0],[415,420]]
[[0,0],[1,0],[313,840]]
[[0,0],[1,0],[69,840]]
[[0,0],[1,0],[86,840]]
[[0,0],[1,0],[26,840]]
[[0,0],[1,0],[556,840]]
[[0,0],[1,0],[718,840]]
[[0,0],[1,0],[262,840]]
[[0,0],[4,0],[114,210]]
[[0,0],[3,0],[228,280]]
[[0,0],[1,0],[655,840]]
[[0,0],[1,0],[801,840]]
[[0,0],[2,0],[152,420]]
[[0,0],[1,0],[25,840]]
[[0,0],[1,0],[49,840]]
[[0,0],[1,0],[811,840]]
[[0,0],[2,0],[106,420]]
[[0,0],[1,0],[78,840]]
[[0,0],[1,0],[449,840]]
[[0,0],[1,0],[799,840]]
[[0,0],[1,0],[53,840]]
[[0,0],[1,0],[1,840]]
[[0,0],[1,0],[323,840]]
[[0,0],[1,0],[554,840]]
[[0,0],[1,0],[218,840]]
[[0,0],[2,0],[212,420]]
[[0,0],[2,0],[116,420]]
[[0,0],[1,0],[107,840]]
[[0,0],[2,0],[322,420]]
[[0,0],[1,0],[333,840]]
[[0,0],[3,0],[275,280]]
[[0,0],[2,0],[404,420]]
[[0,0],[3,0],[248,280]]
[[0,0],[2,0],[188,420]]
[[0,0],[2,0],[236,420]]
[[0,0],[2,0],[417,420]]
[[0,0],[1,0],[151,840]]
[[0,0],[1,0],[526,840]]
[[0,0],[2,0],[134,420]]
[[0,0],[1,0],[295,840]]
[[0,0],[1,0],[113,840]]
[[0,0],[1,0],[23,840]]
[[0,0],[2,0],[232,420]]
[[0,0],[1,0],[64,840]]
[[0,0],[1,0],[190,840]]
[[0,0],[1,0],[171,840]]
[[0,0],[1,0],[491,840]]
[[0,0],[1,0],[717,840]]
[[0,0],[1,0],[562,840]]
[[0,0],[3,0],[52,280]]
[[0,0],[2,0],[338,420]]
[[0,0],[1,0],[148,840]]
[[0,0],[1,0],[213,840]]
[[0,0],[1,0],[297,840]]
[[0,0],[1,0],[269,840]]
[[0,0],[2,0],[72,420]]
[[0,0],[1,0],[277,840]]
[[0,0],[2,0],[342,420]]
[[0,0],[1,0],[610,840]]
[[0,0],[1,0],[454,840]]
[[0,0],[2,0],[87,420]]
[[0,0],[1,0],[566,840]]
[[0,0],[1,0],[166,840]]
[[0,0],[1,0],[746,840]]
[[0,0],[1,0],[729,840]]
