[[0,0],[1,0],[339,844]]
[[0,0],[2,0],[10,422]]
[[0,0],[1,0],[17,844]]
[[0,0],[1,0],[75,844]]
[[0,0],[1,0],[277,844]]
[[0,0],[1,0],[613,844]]
[[0,0],[1,0],[217,844]]
[[0,0],[1,0],[499,844]]
[[0,0],[2,0],[34,422]]
[[0,0],[1,0],[131,844]]
[[0,0],[1,0],[93,844]]
[[0,0],[1,0],[135,844]]
[[0,0],[1,0],[645,844]]
[[0,0],[1,0],[115,844]]
[[0,0],[2,0],[36,422]]
[[0,0],[2,0],[144,422]]
[[0,0],[1,0],[445,844]]
[[0,0],[2,0],[4,422]]
[[0,0],[1,0],[1,844]]
[[0,0],[1,0],[281,844]]
[[0,0],[1,0],[249,844]]
[[0,0],[1,0],[347,844]]
[[0,0],[1,0],[43,844]]
[[0,0],[2,0],[122,422]]
[[0,0],[1,0],[643,844]]
[[0,0],[1,0],[223,844]]
[[0,0],[1,0],[259,844]]
[[0,0],[1,0],[415,844]]
[[0,0],[1,0],[3,844]]
[[0,0],[1,0],[87,844]]
[[0,0],[1,0],[315,844]]
[[0,0],[1,0],[267,844]]
[[0,0],[1,0],[63,844]]
[[0,0],[1,0],[419,844]]
[[0,0],[1,0],[145,844]]
[[0,0],[1,0],[179,844]]
[[0,0],[1,0],[57,844]]
[[0,0],[1,0],[37,844]]
[[0,0],[2,0],[12,422]]
[[0,0],[2,0],[6,422]]
[[0,0],[1,0],[533,844]]
[[0,0],[1,0],[77,844]]
[[0,0],[1,0],[671,844]]
[[0,0],[1,0],[225,844]]
[[0,0],[1,0],[235,844]]
[[0,0],[1,0],[375,844]]
[[0,0],[1,0],[495,844]]
[[0,0],[1,0],[253,844]]
[[0,0],[1,0],[89,844]]
[[0,0],[1,0],[381,844]]
[[0,0],[1,0],[123,844]]
[[0,0],[1,0],[313,844]]
[[0,0],[1,0],[389,844]]
[[0,0],[1,0],[435,844]]
[[0,0],[1,0],[243,844]]
[[0,0],[1,0],[397,844]]
[[0,0],[1,0],[19,844]]
[[0,0],[1,0],[157,844]]
[[0,0],[1,0],[323,844]]
[[0,0],[1,0],[193,844]]
[[0,0],[2,0],[52,422]]
[[0,0],[1,0],[141,844]]
[[0,0],[1,0],[11,844]]
[[0,0],[1,0],[441,844]]
[[0,0],[1,0],[335,844]]
[[0,0],[1,0],[679,844]]
[[0,0],[1,0],[361,844]]
[[0,0],[1,0],[247,844]]
[[0,0],[1,0],[245,844]]
[[0,0],[2,0],[48,422]]
[[0,0],[2,0],[64,422]]
[[0,0],[1,0],[83,844]]
[[0,0],[1,0],[675,844]]
[[0,0],[1,0],[59,844]]
[[0,0],[1,0],[545,844]]
[[0,0],[2,0],[38,422]]
[[0,0],[1,0],[549,844]]
[[0,0],[1,0],[49,844]]
[[0,0],[1,0],[305,844]]
[[0,0],[1,0],[95,844]]
[[0,0],[1,0],[459,844]]
[[0,0],[1,0],[485,844]]
[[0,0],[1,0],[493,844]]
[[0,0],[1,0],[427,844]]
[[0,0],[1,0],[737,844]]
[[0,0],[1,0],[125,844]]
[[0,0],[1,0],[39,844]]
[[0,0],[1,0],[377,844]]
[[0,0],[1,0],[161,844]]
[[0,0],[1,0],[329,844]]
[[0,0],[1,0],[91,844]]
[[0,0],[1,0],[53,844]]
[[0,0],[1,0],[634,844]]
[[0,0],[1,0],[159,844]]
[[0,0],[2,0],[128,422]]
[[0,0],[1,0],[133,844]]
[[0,0],[2,0],[8,422]]
[[0,0],[1,0],[369,844]]
[[0,0],[1,0],[635,844]]
[[0,0],[1,0],[659,844]]
[[0,0],[2,0],[76,422]]
[[0,0],[1,0],[537,844]]
[[0,0],[1,0],[205,844]]
[[0,0],[1,0],[177,844]]
[[0,0],[1,0],[99,844]]
[[0,0],[1,0],[695,844]]
[[0,0],[1,0],[273,844]]
[[0,0],[1,0],[241,844]]
[[0,0],[1,0],[275,844]]
[[0,0],[1,0],[13,844]]
[[0,0],[1,0],[61,844]]
[[0,0],[1,0],[219,844]]
[[0,0],[2,0],[20,422]]
[[0,0],[1,0],[29,844]]
[[0,0],[1,0],[337,844]]
[[0,0],[1,0],[79,844]]
[[0,0],[1,0],[657,844]]
[[0,0],[1,0],[85,844]]
[[0,0],[1,0],[171,844]]
[[0,0],[1,0],[167,844]]
[[0,0],[2,0],[28,422]]
[[0,0],[1,0],[147,844]]
[[0,0],[1,0],[163,844]]
[[0,0],[1,0],[197,844]]
[[0,0],[1,0],[71,844]]
[[0,0],[2,0],[18,422]]
[[0,0],[1,0],[301,844]]
[[0,0],[2,0],[24,422]]
[[0,0],[1,0],[279,844]]
[[0,0],[1,0],[9,844]]
[[0,0],[2,0],[92,422]]
[[0,0],[1,0],[143,844]]
[[0,0],[1,0],[233,844]]
[[0,0],[1,0],[423,844]]
[[0,0],[1,0],[393,844]]
[[0,0],[1,0],[127,844]]
[[0,0],[1,0],[357,844]]
[[0,0],[1,0],[333,844]]
[[0,0],[2,0],[74,422]]
[[0,0],[1,0],[479,844]]
[[0,0],[1,0],[373,844]]
[[0,0],[2,0],[80,422]]
[[0,0],[1,0],[387,844]]
[[0,0],[1,0],[779,844]]
[[0,0],[1,0],[297,844]]
[[0,0],[1,0],[541,844]]
[[0,0],[1,0],[559,844]]
[[0,0],[1,0],[81,844]]
[[0,0],[1,0],[109,844]]
[[0,0],[1,0],[207,844]]
[[0,0],[1,0],[615,844]]
[[0,0],[1,0],[195,844]]
[[0,0],[1,0],[265,844]]
[[0,0],[1,0],[55,844]]
[[0,0],[1,0],[155,844]]
[[0,0],[1,0],[5,844]]
[[0,0],[1,0],[551,844]]
[[0,0],[1,0],[395,844]]
[[0,0],[1,0],[139,844]]
[[0,0],[1,0],[175,844]]
[[0,0],[2,0],[26,422]]
[[0,0],[2,0],[104,422]]
[[0,0],[1,0],[111,844]]
[[0,0],[2,0],[14,422]]
[[0,0],[1,0],[129,844]]
[[0,0],[1,0],[69,844]]
[[0,0],[1,0],[641,844]]
[[0,0],[1,0],[191,844]]
[[0,0],[1,0],[113,844]]
[[0,0],[1,0],[525,844]]
[[0,0],[1,0],[237,844]]
[[0,0],[1,0],[251,844]]
[[0,0],[1,0],[33,844]]
[[0,0],[1,0],[589,844]]
[[0,0],[1,0],[153,844]]
[[0,0],[1,0],[433,844]]
[[0,0],[2,0],[16,422]]
[[0,0],[1,0],[227,844]]
[[0,0],[1,0],[517,844]]
[[0,0],[1,0],[257,844]]
[[0,0],[1,0],[269,844]]
[[0,0],[1,0],[73,844]]
[[0,0],[1,0],[15,844]]
[[0,0],[1,0],[27,844]]
[[0,0],[1,0],[105,844]]
[[0,0],[1,0],[413,844]]
[[0,0],[1,0],[151,844]]
[[0,0],[1,0],[443,844]]
[[0,0],[1,0],[353,844]]
[[0,0],[1,0],[121,844]]
[[0,0],[1,0],[461,844]]
[[0,0],[1,0],[391,844]]
[[0,0],[1,0],[189,844]]
[[0,0],[1,0],[239,844]]
[[0,0],[1,0],[355,844]]
[[0,0],[1,0],[7,844]]
[[0,0],[1,0],[35,844]]
[[0,0],[1,0],[31,844]]
[[0,0],[1,0],[25,844]]
[[0,0],[1,0],[215,844]]
[[0,0],[1,0],[287,844]]
[[0,0],[1,0],[51,844]]
[[0,0],[1,0],[23,844]]
[[0,0],[1,0],[843,844]]
[[0,0],[1,0],[137,844]]
[[0,0],[1,0],[777,844]]
[[0,0],[1,0],[527,844]]
[[0,0],[2,0],[22,422]]
[[0,0],[1,0],[101,844]]
[[0,0],[1,0],[181,844]]
[[0,0],[1,0],[477,844]]
[[0,0],[1,0],[213,844]]
[[0,0],[2,0],[2,422]]
[[0,0],[1,0],[513,844]]
[[0,0],[1,0],[45,844]]
[[0,0],[1,0],[379,844]]
[[0,0],[1,0],[523,844]]
[[0,0],[2,0],[56,422]]
[[0,0],[1,0],[555,844]]
[[0,0],[2,0],[40,422]]
[[0,0],[1,0],[212,844]]
[[0,0],[1,0],[439,844]]
[[0,0],[1,0],[501,844]]
[[0,0],[1,0],[97,844]]
[[0,0],[1,0],[47,844]]
[[0,0],[2,0],[50,422]]
[[0,0],[1,0],[41,844]]
[[0,0],[1,0],[283,844]]
[[0,0],[1,0],[221,844]]
[[0,0],[1,0],[727,844]]
[[0,0],[1,0],[309,844]]
[[0,0],[1,0],[263,844]]
[[0,0],[1,0],[473,844]]
[[0,0],[1,0],[363,844]]
[[0,0],[1,0],[291,844]]
[[0,0],[1,0],[583,844]]
[[0,0],[2,0],[46,422]]
[[0,0],[2,0],[54,422]]
[[0,0],[2,0],[120,422]]
[[0,0],[1,0],[119,844]]
[[0,0],[2,0],[78,422]]
[[0,0],[2,0],[30,422]]
[[0,0],[2,0],[58,422]]
[[0,0],[1,0],[183,844]]
[[0,0],[1,0],[271,844]]
[[0,0],[1,0],[21,844]]
[[0,0],[1,0],[103,844]]
[[0,0],[1,0],[325,844]]
[[0,0],[1,0],[341,844]]
[[0,0],[1,0],[421,844]]
[[0,0],[1,0],[407,844]]
