[[0,0],[1,0],[336,845]]
[[0,0],[1,0],[547,845]]
[[0,0],[1,0],[339,845]]
[[0,0],[1,0],[17,845]]
[[0,0],[1,0],[56,845]]
[[0,0],[1,0],[46,845]]
[[0,0],[1,0],[218,845]]
[[0,0],[1,0],[217,845]]
[[0,0],[1,0],[211,845]]
[[0,0],[1,0],[131,845]]
[[0,0],[1,0],[93,845]]
[[0,0],[1,0],[516,845]]
[[0,0],[1,0],[176,845]]
[[0,0],[1,0],[476,845]]
[[0,0],[1,0],[22,845]]
[[0,0],[1,0],[92,845]]
[[0,0],[1,0],[1,845]]
[[0,0],[1,0],[281,845]]
[[0,0],[1,0],[202,845]]
[[0,0],[1,0],[43,845]]
[[0,0],[1,0],[259,845]]
[[0,0],[1,0],[2,845]]
[[0,0],[1,0],[3,845]]
[[0,0],[1,0],[114,845]]
[[0,0],[1,0],[274,845]]
[[0,0],[1,0],[376,845]]
[[0,0],[1,0],[365,845]]
[[0,0],[1,0],[63,845]]
[[0,0],[1,0],[179,845]]
[[0,0],[1,0],[57,845]]
[[0,0],[1,0],[37,845]]
[[0,0],[1,0],[199,845]]
[[0,0],[1,0],[154,845]]
[[0,0],[1,0],[203,845]]
[[0,0],[1,0],[77,845]]
[[0,0],[1,0],[671,845]]
[[0,0],[1,0],[235,845]]
[[0,0],[1,0],[495,845]]
[[0,0],[1,0],[36,845]]
[[0,0],[1,0],[729,845]]
[[0,0],[1,0],[756,845]]
[[0,0],[1,0],[352,845]]
[[0,0],[1,0],[381,845]]
[[0,0],[1,0],[123,845]]
[[0,0],[1,0],[6,845]]
[[0,0],[1,0],[631,845]]
[[0,0],[1,0],[19,845]]
[[0,0],[1,0],[157,845]]
[[0,0],[1,0],[11,845]]
[[0,0],[1,0],[441,845]]
[[0,0],[1,0],[431,845]]
[[0,0],[1,0],[776,845]]
[[0,0],[1,0],[44,845]]
[[0,0],[1,0],[164,845]]
[[0,0],[1,0],[83,845]]
[[0,0],[1,0],[76,845]]
[[0,0],[1,0],[59,845]]
[[0,0],[1,0],[430,845]]
[[0,0],[1,0],[690,845]]
[[0,0],[1,0],[49,845]]
[[0,0],[1,0],[168,845]]
[[0,0],[1,0],[266,845]]
[[0,0],[1,0],[491,845]]
[[0,0],[1,0],[293,845]]
[[0,0],[1,0],[378,845]]
[[0,0],[1,0],[366,845]]
[[0,0],[1,0],[53,845]]
[[0,0],[1,0],[124,845]]
[[0,0],[1,0],[261,845]]
[[0,0],[1,0],[209,845]]
[[0,0],[1,0],[526,845]]
[[0,0],[1,0],[294,845]]
[[0,0],[1,0],[201,845]]
[[0,0],[1,0],[99,845]]
[[0,0],[1,0],[241,845]]
[[0,0],[1,0],[28,845]]
[[0,0],[1,0],[106,845]]
[[0,0],[1,0],[61,845]]
[[0,0],[1,0],[219,845]]
[[0,0],[1,0],[29,845]]
[[0,0],[1,0],[482,845]]
[[0,0],[1,0],[79,845]]
[[0,0],[1,0],[171,845]]
[[0,0],[1,0],[68,845]]
[[0,0],[1,0],[163,845]]
[[0,0],[1,0],[71,845]]
[[0,0],[1,0],[331,845]]
[[0,0],[1,0],[311,845]]
[[0,0],[1,0],[40,845]]
[[0,0],[1,0],[301,845]]
[[0,0],[1,0],[170,845]]
[[0,0],[1,0],[9,845]]
[[0,0],[1,0],[146,845]]
[[0,0],[1,0],[506,845]]
[[0,0],[1,0],[233,845]]
[[0,0],[1,0],[98,845]]
[[0,0],[1,0],[508,845]]
[[0,0],[1,0],[136,845]]
[[0,0],[1,0],[74,845]]
[[0,0],[1,0],[573,845]]
[[0,0],[1,0],[755,845]]
[[0,0],[1,0],[186,845]]
[[0,0],[1,0],[54,845]]
[[0,0],[1,0],[24,845]]
[[0,0],[1,0],[12,845]]
[[0,0],[1,0],[541,845]]
[[0,0],[1,0],[81,845]]
[[0,0],[1,0],[108,845]]
[[0,0],[1,0],[84,845]]
[[0,0],[1,0],[152,845]]
[[0,0],[1,0],[86,845]]
[[0,0],[1,0],[64,845]]
[[0,0],[1,0],[139,845]]
[[0,0],[1,0],[149,845]]
[[0,0],[1,0],[256,845]]
[[0,0],[1,0],[111,845]]
[[0,0],[1,0],[346,845]]
[[0,0],[1,0],[560,845]]
[[0,0],[1,0],[126,845]]
[[0,0],[1,0],[751,845]]
[[0,0],[1,0],[276,845]]
[[0,0],[1,0],[641,845]]
[[0,0],[1,0],[33,845]]
[[0,0],[1,0],[606,845]]
[[0,0],[1,0],[58,845]]
[[0,0],[1,0],[32,845]]
[[0,0],[1,0],[153,845]]
[[0,0],[1,0],[326,845]]
[[0,0],[1,0],[16,845]]
[[0,0],[1,0],[411,845]]
[[0,0],[1,0],[625,845]]
[[0,0],[1,0],[73,845]]
[[0,0],[1,0],[27,845]]
[[0,0],[1,0],[42,845]]
[[0,0],[1,0],[105,845]]
[[0,0],[1,0],[151,845]]
[[0,0],[1,0],[443,845]]
[[0,0],[1,0],[121,845]]
[[0,0],[13,0],[26,65]]
[[0,0],[1,0],[391,845]]
[[0,0],[1,0],[66,845]]
[[0,0],[1,0],[436,845]]
[[0,0],[1,0],[7,845]]
[[0,0],[1,0],[122,845]]
[[0,0],[1,0],[31,845]]
[[0,0],[1,0],[401,845]]
[[0,0],[1,0],[51,845]]
[[0,0],[1,0],[23,845]]
[[0,0],[1,0],[14,845]]
[[0,0],[1,0],[144,845]]
[[0,0],[1,0],[96,845]]
[[0,0],[1,0],[536,845]]
[[0,0],[1,0],[296,845]]
[[0,0],[1,0],[101,845]]
[[0,0],[1,0],[321,845]]
[[0,0],[1,0],[213,845]]
[[0,0],[1,0],[181,845]]
[[0,0],[1,0],[316,845]]
[[0,0],[1,0],[62,845]]
[[0,0],[1,0],[38,845]]
[[0,0],[1,0],[417,845]]
[[0,0],[1,0],[231,845]]
[[0,0],[1,0],[82,845]]
[[0,0],[1,0],[278,845]]
[[0,0],[1,0],[18,845]]
[[0,0],[1,0],[196,845]]
[[0,0],[1,0],[72,845]]
[[0,0],[1,0],[4,845]]
[[0,0],[1,0],[268,845]]
[[0,0],[1,0],[820,845]]
[[0,0],[1,0],[41,845]]
[[0,0],[1,0],[34,845]]
[[0,0],[1,0],[300,845]]
[[0,0],[13,0],[13,65]]
[[0,0],[1,0],[263,845]]
[[0,0],[1,0],[661,845]]
[[0,0],[1,0],[216,845]]
[[0,0],[1,0],[556,845]]
[[0,0],[1,0],[246,845]]
[[0,0],[1,0],[8,845]]
[[0,0],[1,0],[271,845]]
[[0,0],[1,0],[21,845]]
[[0,0],[1,0],[118,845]]
[[0,0],[1,0],[341,845]]
[[0,0],[1,0],[107,845]]
[[0,0],[1,0],[344,845]]
