[[0,0],[1,0],[197,848]]
[[0,0],[1,0],[433,848]]
[[0,0],[1,0],[165,848]]
[[0,0],[1,0],[357,848]]
[[0,0],[1,0],[29,848]]
[[0,0],[1,0],[19,848]]
[[0,0],[1,0],[273,848]]
[[0,0],[1,0],[21,848]]
[[0,0],[1,0],[603,848]]
[[0,0],[1,0],[43,848]]
[[0,0],[1,0],[717,848]]
[[0,0],[1,0],[459,848]]
[[0,0],[1,0],[595,848]]
[[0,0],[1,0],[447,848]]
[[0,0],[1,0],[641,848]]
[[0,0],[1,0],[409,848]]
[[0,0],[2,0],[82,424]]
[[0,0],[1,0],[179,848]]
[[0,0],[1,0],[303,848]]
[[0,0],[1,0],[169,848]]
[[0,0],[1,0],[5,848]]
[[0,0],[1,0],[453,848]]
[[0,0],[1,0],[271,848]]
[[0,0],[1,0],[591,848]]
[[0,0],[2,0],[278,424]]
[[0,0],[2,0],[102,424]]
[[0,0],[1,0],[473,848]]
[[0,0],[1,0],[266,848]]
[[0,0],[4,0],[24,212]]
[[0,0],[2,0],[162,424]]
[[0,0],[2,0],[42,424]]
[[0,0],[1,0],[187,848]]
[[0,0],[1,0],[233,848]]
[[0,0],[4,0],[12,212]]
[[0,0],[1,0],[483,848]]
[[0,0],[1,0],[13,848]]
[[0,0],[2,0],[126,424]]
[[0,0],[4,0],[4,212]]
[[0,0],[1,0],[227,848]]
[[0,0],[2,0],[334,424]]
[[0,0],[1,0],[761,848]]
[[0,0],[1,0],[263,848]]
[[0,0],[2,0],[118,424]]
[[0,0],[1,0],[83,848]]
[[0,0],[1,0],[99,848]]
[[0,0],[1,0],[133,848]]
[[0,0],[1,0],[223,848]]
[[0,0],[1,0],[163,848]]
[[0,0],[1,0],[329,848]]
[[0,0],[1,0],[67,848]]
[[0,0],[1,0],[584,848]]
[[0,0],[1,0],[847,848]]
[[0,0],[2,0],[78,424]]
[[0,0],[1,0],[743,848]]
[[0,0],[1,0],[61,848]]
[[0,0],[1,0],[657,848]]
[[0,0],[2,0],[2,424]]
[[0,0],[1,0],[367,848]]
[[0,0],[2,0],[154,424]]
[[0,0],[1,0],[123,848]]
[[0,0],[1,0],[73,848]]
[[0,0],[1,0],[463,848]]
[[0,0],[1,0],[593,848]]
[[0,0],[1,0],[533,848]]
[[0,0],[1,0],[495,848]]
[[0,0],[1,0],[213,848]]
[[0,0],[1,0],[109,848]]
[[0,0],[1,0],[33,848]]
[[0,0],[1,0],[217,848]]
[[0,0],[1,0],[351,848]]
[[0,0],[1,0],[363,848]]
[[0,0],[1,0],[319,848]]
[[0,0],[1,0],[690,848]]
[[0,0],[1,0],[437,848]]
[[0,0],[1,0],[327,848]]
[[0,0],[1,0],[55,848]]
[[0,0],[1,0],[373,848]]
[[0,0],[1,0],[54,848]]
[[0,0],[1,0],[185,848]]
[[0,0],[1,0],[535,848]]
[[0,0],[1,0],[425,848]]
[[0,0],[1,0],[219,848]]
[[0,0],[2,0],[34,424]]
[[0,0],[1,0],[63,848]]
[[0,0],[1,0],[141,848]]
[[0,0],[1,0],[77,848]]
[[0,0],[1,0],[155,848]]
[[0,0],[1,0],[287,848]]
[[0,0],[1,0],[79,848]]
[[0,0],[2,0],[122,424]]
[[0,0],[1,0],[9,848]]
[[0,0],[1,0],[347,848]]
[[0,0],[1,0],[91,848]]
[[0,0],[1,0],[105,848]]
[[0,0],[1,0],[95,848]]
[[0,0],[1,0],[35,848]]
[[0,0],[1,0],[249,848]]
[[0,0],[1,0],[403,848]]
[[0,0],[1,0],[139,848]]
[[0,0],[1,0],[97,848]]
[[0,0],[1,0],[567,848]]
[[0,0],[1,0],[285,848]]
[[0,0],[1,0],[471,848]]
[[0,0],[2,0],[14,424]]
[[0,0],[1,0],[507,848]]
[[0,0],[1,0],[417,848]]
[[0,0],[2,0],[326,424]]
[[0,0],[1,0],[57,848]]
[[0,0],[2,0],[238,424]]
[[0,0],[1,0],[487,848]]
[[0,0],[2,0],[38,424]]
[[0,0],[1,0],[455,848]]
[[0,0],[2,0],[190,424]]
[[0,0],[2,0],[266,424]]
[[0,0],[2,0],[30,424]]
[[0,0],[2,0],[10,424]]
[[0,0],[2,0],[282,424]]
[[0,0],[4,0],[48,212]]
[[0,0],[1,0],[69,848]]
[[0,0],[1,0],[239,848]]
[[0,0],[2,0],[22,424]]
[[0,0],[1,0],[149,848]]
[[0,0],[1,0],[205,848]]
[[0,0],[1,0],[119,848]]
[[0,0],[1,0],[173,848]]
[[0,0],[1,0],[251,848]]
[[0,0],[1,0],[241,848]]
[[0,0],[4,0],[20,212]]
[[0,0],[1,0],[39,848]]
[[0,0],[1,0],[189,848]]
[[0,0],[1,0],[267,848]]
[[0,0],[1,0],[111,848]]
[[0,0],[1,0],[275,848]]
[[0,0],[1,0],[183,848]]
[[0,0],[1,0],[469,848]]
[[0,0],[1,0],[307,848]]
[[0,0],[1,0],[160,848]]
[[0,0],[1,0],[493,848]]
[[0,0],[1,0],[75,848]]
[[0,0],[2,0],[74,424]]
[[0,0],[1,0],[551,848]]
[[0,0],[2,0],[314,424]]
[[0,0],[2,0],[6,424]]
[[0,0],[1,0],[177,848]]
[[0,0],[1,0],[465,848]]
[[0,0],[2,0],[46,424]]
[[0,0],[1,0],[291,848]]
[[0,0],[1,0],[269,848]]
[[0,0],[1,0],[171,848]]
[[0,0],[2,0],[150,424]]
[[0,0],[4,0],[44,212]]
[[0,0],[2,0],[210,424]]
[[0,0],[2,0],[242,424]]
[[0,0],[1,0],[405,848]]
[[0,0],[1,0],[7,848]]
[[0,0],[1,0],[199,848]]
[[0,0],[2,0],[138,424]]
[[0,0],[1,0],[11,848]]
[[0,0],[1,0],[731,848]]
[[0,0],[2,0],[194,424]]
[[0,0],[2,0],[320,424]]
[[0,0],[2,0],[130,424]]
[[0,0],[2,0],[246,424]]
[[0,0],[2,0],[18,424]]
[[0,0],[1,0],[569,848]]
[[0,0],[1,0],[107,848]]
[[0,0],[2,0],[62,424]]
[[0,0],[1,0],[143,848]]
[[0,0],[1,0],[413,848]]
[[0,0],[1,0],[547,848]]
[[0,0],[2,0],[254,424]]
[[0,0],[2,0],[250,424]]
[[0,0],[1,0],[627,848]]
[[0,0],[1,0],[701,848]]
[[0,0],[1,0],[293,848]]
[[0,0],[1,0],[145,848]]
[[0,0],[1,0],[633,848]]
[[0,0],[1,0],[23,848]]
[[0,0],[1,0],[397,848]]
[[0,0],[1,0],[31,848]]
[[0,0],[2,0],[26,424]]
[[0,0],[1,0],[37,848]]
[[0,0],[1,0],[113,848]]
[[0,0],[1,0],[51,848]]
[[0,0],[2,0],[374,424]]
[[0,0],[1,0],[423,848]]
[[0,0],[1,0],[623,848]]
[[0,0],[1,0],[229,848]]
[[0,0],[4,0],[16,212]]
[[0,0],[1,0],[181,848]]
[[0,0],[1,0],[201,848]]
[[0,0],[1,0],[467,848]]
[[0,0],[1,0],[89,848]]
[[0,0],[1,0],[127,848]]
[[0,0],[2,0],[54,424]]
[[0,0],[1,0],[419,848]]
[[0,0],[1,0],[331,848]]
[[0,0],[1,0],[157,848]]
[[0,0],[1,0],[101,848]]
[[0,0],[1,0],[3,848]]
[[0,0],[1,0],[613,848]]
[[0,0],[2,0],[226,424]]
[[0,0],[1,0],[27,848]]
[[0,0],[2,0],[258,424]]
[[0,0],[1,0],[553,848]]
[[0,0],[1,0],[41,848]]
[[0,0],[2,0],[422,424]]
[[0,0],[1,0],[45,848]]
[[0,0],[1,0],[345,848]]
[[0,0],[1,0],[796,848]]
[[0,0],[2,0],[94,424]]
[[0,0],[1,0],[387,848]]
[[0,0],[1,0],[478,848]]
[[0,0],[1,0],[305,848]]
[[0,0],[1,0],[372,848]]
[[0,0],[1,0],[211,848]]
[[0,0],[1,0],[653,848]]
[[0,0],[1,0],[311,848]]
[[0,0],[1,0],[359,848]]
[[0,0],[1,0],[529,848]]
[[0,0],[1,0],[47,848]]
[[0,0],[1,0],[81,848]]
[[0,0],[4,0],[8,212]]
[[0,0],[1,0],[325,848]]
[[0,0],[1,0],[527,848]]
[[0,0],[1,0],[59,848]]
[[0,0],[1,0],[17,848]]
[[0,0],[1,0],[167,848]]
[[0,0],[1,0],[121,848]]
[[0,0],[1,0],[499,848]]
[[0,0],[4,0],[28,212]]
[[0,0],[1,0],[343,848]]
[[0,0],[1,0],[673,848]]
[[0,0],[1,0],[161,848]]
[[0,0],[1,0],[231,848]]
[[0,0],[1,0],[103,848]]
[[0,0],[2,0],[218,424]]
[[0,0],[2,0],[70,424]]
[[0,0],[1,0],[369,848]]
[[0,0],[1,0],[85,848]]
[[0,0],[1,0],[611,848]]
[[0,0],[1,0],[427,848]]
[[0,0],[1,0],[71,848]]
[[0,0],[1,0],[335,848]]
[[0,0],[1,0],[15,848]]
[[0,0],[1,0],[209,848]]
[[0,0],[1,0],[25,848]]
[[0,0],[2,0],[108,424]]
[[0,0],[1,0],[407,848]]
[[0,0],[2,0],[214,424]]
[[0,0],[1,0],[733,848]]
[[0,0],[1,0],[277,848]]
[[0,0],[1,0],[125,848]]
[[0,0],[4,0],[32,212]]
[[0,0],[2,0],[86,424]]
[[0,0],[1,0],[655,848]]
[[0,0],[1,0],[65,848]]
[[0,0],[1,0],[93,848]]
[[0,0],[1,0],[289,848]]
[[0,0],[1,0],[333,848]]
[[0,0],[2,0],[290,424]]
[[0,0],[1,0],[337,848]]
[[0,0],[1,0],[605,848]]
[[0,0],[1,0],[317,848]]
[[0,0],[1,0],[565,848]]
[[0,0],[1,0],[339,848]]
[[0,0],[1,0],[601,848]]
[[0,0],[1,0],[137,848]]
[[0,0],[1,0],[203,848]]
[[0,0],[2,0],[66,424]]
[[0,0],[1,0],[151,848]]
[[0,0],[1,0],[1,848]]
[[0,0],[1,0],[153,848]]
[[0,0],[1,0],[589,848]]
[[0,0],[1,0],[587,848]]
[[0,0],[2,0],[114,424]]
[[0,0],[2,0],[222,424]]
[[0,0],[1,0],[135,848]]
[[0,0],[1,0],[457,848]]
[[0,0],[1,0],[299,848]]
[[0,0],[1,0],[399,848]]
[[0,0],[1,0],[129,848]]
[[0,0],[1,0],[49,848]]
[[0,0],[1,0],[309,848]]
[[0,0],[2,0],[58,424]]
[[0,0],[1,0],[323,848]]
