[[0,0],[1,0],[217,849]]
[[0,0],[1,0],[244,849]]
[[0,0],[1,0],[478,849]]
[[0,0],[1,0],[208,849]]
[[0,0],[1,0],[220,849]]
[[0,0],[1,0],[499,849]]
[[0,0],[1,0],[358,849]]
[[0,0],[1,0],[118,849]]
[[0,0],[1,0],[43,849]]
[[0,0],[1,0],[115,849]]
[[0,0],[1,0],[277,849]]
[[0,0],[1,0],[463,849]]
[[0,0],[1,0],[202,849]]
[[0,0],[1,0],[475,849]]
[[0,0],[1,0],[284,849]]
[[0,0],[1,0],[1,849]]
[[0,0],[1,0],[340,849]]
[[0,0],[1,0],[37,849]]
[[0,0],[1,0],[547,849]]
[[0,0],[1,0],[17,849]]
[[0,0],[1,0],[56,849]]
[[0,0],[1,0],[307,849]]
[[0,0],[1,0],[592,849]]
[[0,0],[1,0],[131,849]]
[[0,0],[1,0],[2,849]]
[[0,0],[1,0],[88,849]]
[[0,0],[1,0],[367,849]]
[[0,0],[1,0],[22,849]]
[[0,0],[1,0],[89,849]]
[[0,0],[1,0],[77,849]]
[[0,0],[1,0],[424,849]]
[[0,0],[1,0],[223,849]]
[[0,0],[1,0],[304,849]]
[[0,0],[1,0],[679,849]]
[[0,0],[1,0],[706,849]]
[[0,0],[1,0],[259,849]]
[[0,0],[1,0],[187,849]]
[[0,0],[1,0],[11,849]]
[[0,0],[1,0],[565,849]]
[[0,0],[1,0],[169,849]]
[[0,0],[1,0],[370,849]]
[[0,0],[1,0],[469,849]]
[[0,0],[1,0],[442,849]]
[[0,0],[1,0],[10,849]]
[[0,0],[1,0],[154,849]]
[[0,0],[1,0],[19,849]]
[[0,0],[1,0],[481,849]]
[[0,0],[1,0],[145,849]]
[[0,0],[1,0],[430,849]]
[[0,0],[1,0],[631,849]]
[[0,0],[1,0],[44,849]]
[[0,0],[1,0],[140,849]]
[[0,0],[1,0],[352,849]]
[[0,0],[1,0],[293,849]]
[[0,0],[1,0],[76,849]]
[[0,0],[1,0],[253,849]]
[[0,0],[1,0],[83,849]]
[[0,0],[1,0],[214,849]]
[[0,0],[1,0],[245,849]]
[[0,0],[1,0],[567,849]]
[[0,0],[1,0],[157,849]]
[[0,0],[1,0],[70,849]]
[[0,0],[1,0],[334,849]]
[[0,0],[1,0],[133,849]]
[[0,0],[1,0],[26,849]]
[[0,0],[1,0],[59,849]]
[[0,0],[1,0],[484,849]]
[[0,0],[1,0],[412,849]]
[[0,0],[1,0],[526,849]]
[[0,0],[1,0],[460,849]]
[[0,0],[1,0],[112,849]]
[[0,0],[1,0],[205,849]]
[[0,0],[1,0],[67,849]]
[[0,0],[1,0],[49,849]]
[[0,0],[1,0],[95,849]]
[[0,0],[1,0],[305,849]]
[[0,0],[1,0],[13,849]]
[[0,0],[1,0],[106,849]]
[[0,0],[1,0],[400,849]]
[[0,0],[1,0],[71,849]]
[[0,0],[1,0],[418,849]]
[[0,0],[1,0],[184,849]]
[[0,0],[1,0],[146,849]]
[[0,0],[1,0],[451,849]]
[[0,0],[1,0],[124,849]]
[[0,0],[1,0],[331,849]]
[[0,0],[1,0],[286,849]]
[[0,0],[1,0],[229,849]]
[[0,0],[1,0],[640,849]]
[[0,0],[1,0],[289,849]]
[[0,0],[1,0],[301,849]]
[[0,0],[1,0],[667,849]]
[[0,0],[1,0],[409,849]]
[[0,0],[1,0],[20,849]]
[[0,0],[1,0],[40,849]]
[[0,0],[1,0],[505,849]]
[[0,0],[1,0],[28,849]]
[[0,0],[1,0],[61,849]]
[[0,0],[1,0],[29,849]]
[[0,0],[1,0],[406,849]]
[[0,0],[1,0],[74,849]]
[[0,0],[1,0],[241,849]]
[[0,0],[1,0],[337,849]]
[[0,0],[1,0],[136,849]]
[[0,0],[1,0],[185,849]]
[[0,0],[1,0],[142,849]]
[[0,0],[1,0],[5,849]]
[[0,0],[1,0],[109,849]]
[[0,0],[1,0],[373,849]]
[[0,0],[1,0],[163,849]]
[[0,0],[1,0],[139,849]]
[[0,0],[1,0],[328,849]]
[[0,0],[1,0],[508,849]]
[[0,0],[1,0],[127,849]]
[[0,0],[1,0],[130,849]]
[[0,0],[1,0],[175,849]]
[[0,0],[1,0],[55,849]]
[[0,0],[1,0],[332,849]]
[[0,0],[1,0],[751,849]]
[[0,0],[1,0],[265,849]]
[[0,0],[1,0],[16,849]]
[[0,0],[1,0],[155,849]]
[[0,0],[1,0],[65,849]]
[[0,0],[1,0],[64,849]]
[[0,0],[1,0],[256,849]]
[[0,0],[1,0],[250,849]]
[[0,0],[1,0],[7,849]]
[[0,0],[1,0],[121,849]]
[[0,0],[1,0],[152,849]]
[[0,0],[1,0],[550,849]]
[[0,0],[1,0],[178,849]]
[[0,0],[1,0],[32,849]]
[[0,0],[1,0],[239,849]]
[[0,0],[1,0],[25,849]]
[[0,0],[1,0],[58,849]]
[[0,0],[1,0],[104,849]]
[[0,0],[1,0],[14,849]]
[[0,0],[1,0],[238,849]]
[[0,0],[1,0],[388,849]]
[[0,0],[1,0],[113,849]]
[[0,0],[1,0],[101,849]]
[[0,0],[1,0],[151,849]]
[[0,0],[1,0],[128,849]]
[[0,0],[1,0],[73,849]]
[[0,0],[1,0],[514,849]]
[[0,0],[1,0],[571,849]]
[[0,0],[1,0],[110,849]]
[[0,0],[1,0],[385,849]]
[[0,0],[1,0],[322,849]]
[[0,0],[1,0],[799,849]]
[[0,0],[1,0],[82,849]]
[[0,0],[1,0],[160,849]]
[[0,0],[1,0],[23,849]]
[[0,0],[1,0],[532,849]]
[[0,0],[1,0],[122,849]]
[[0,0],[1,0],[31,849]]
[[0,0],[1,0],[100,849]]
[[0,0],[1,0],[292,849]]
[[0,0],[1,0],[38,849]]
[[0,0],[1,0],[580,849]]
[[0,0],[1,0],[355,849]]
[[0,0],[1,0],[520,849]]
[[0,0],[1,0],[137,849]]
[[0,0],[1,0],[181,849]]
[[0,0],[1,0],[116,849]]
[[0,0],[1,0],[268,849]]
[[0,0],[1,0],[47,849]]
[[0,0],[1,0],[62,849]]
[[0,0],[1,0],[583,849]]
[[0,0],[1,0],[487,849]]
[[0,0],[1,0],[94,849]]
[[0,0],[1,0],[97,849]]
[[0,0],[1,0],[379,849]]
[[0,0],[1,0],[190,849]]
[[0,0],[1,0],[4,849]]
[[0,0],[1,0],[319,849]]
[[0,0],[1,0],[103,849]]
[[0,0],[1,0],[325,849]]
[[0,0],[1,0],[224,849]]
[[0,0],[1,0],[41,849]]
[[0,0],[1,0],[661,849]]
[[0,0],[1,0],[271,849]]
[[0,0],[1,0],[172,849]]
[[0,0],[1,0],[403,849]]
[[0,0],[1,0],[166,849]]
[[0,0],[1,0],[221,849]]
[[0,0],[1,0],[8,849]]
[[0,0],[1,0],[119,849]]
[[0,0],[1,0],[562,849]]
[[0,0],[1,0],[382,849]]
[[0,0],[1,0],[46,849]]
[[0,0],[1,0],[173,849]]
