[[0,0],[1,0],[315,856]]
[[0,0],[1,0],[197,856]]
[[0,0],[2,0],[198,428]]
[[0,0],[1,0],[621,856]]
[[0,0],[2,0],[262,428]]
[[0,0],[1,0],[165,856]]
[[0,0],[1,0],[357,856]]
[[0,0],[1,0],[21,856]]
[[0,0],[1,0],[641,856]]
[[0,0],[1,0],[179,856]]
[[0,0],[1,0],[303,856]]
[[0,0],[1,0],[43,856]]
[[0,0],[2,0],[82,428]]
[[0,0],[1,0],[459,856]]
[[0,0],[1,0],[191,856]]
[[0,0],[1,0],[513,856]]
[[0,0],[1,0],[159,856]]
[[0,0],[1,0],[409,856]]
[[0,0],[1,0],[393,856]]
[[0,0],[1,0],[117,856]]
[[0,0],[2,0],[174,428]]
[[0,0],[1,0],[169,856]]
[[0,0],[1,0],[5,856]]
[[0,0],[1,0],[453,856]]
[[0,0],[1,0],[301,856]]
[[0,0],[2,0],[106,428]]
[[0,0],[2,0],[42,428]]
[[0,0],[2,0],[178,428]]
[[0,0],[1,0],[13,856]]
[[0,0],[1,0],[227,856]]
[[0,0],[1,0],[261,856]]
[[0,0],[1,0],[187,856]]
[[0,0],[1,0],[559,856]]
[[0,0],[1,0],[83,856]]
[[0,0],[1,0],[99,856]]
[[0,0],[2,0],[334,428]]
[[0,0],[1,0],[215,856]]
[[0,0],[1,0],[163,856]]
[[0,0],[2,0],[118,428]]
[[0,0],[1,0],[263,856]]
[[0,0],[1,0],[221,856]]
[[0,0],[1,0],[67,856]]
[[0,0],[1,0],[133,856]]
[[0,0],[1,0],[61,856]]
[[0,0],[2,0],[2,428]]
[[0,0],[2,0],[154,428]]
[[0,0],[1,0],[257,856]]
[[0,0],[1,0],[709,856]]
[[0,0],[1,0],[563,856]]
[[0,0],[1,0],[495,856]]
[[0,0],[1,0],[123,856]]
[[0,0],[1,0],[477,856]]
[[0,0],[1,0],[109,856]]
[[0,0],[1,0],[73,856]]
[[0,0],[1,0],[33,856]]
[[0,0],[1,0],[319,856]]
[[0,0],[1,0],[213,856]]
[[0,0],[2,0],[170,428]]
[[0,0],[1,0],[625,856]]
[[0,0],[1,0],[217,856]]
[[0,0],[1,0],[363,856]]
[[0,0],[2,0],[216,428]]
[[0,0],[1,0],[327,856]]
[[0,0],[1,0],[55,856]]
[[0,0],[1,0],[373,856]]
[[0,0],[1,0],[185,856]]
[[0,0],[1,0],[63,856]]
[[0,0],[1,0],[77,856]]
[[0,0],[1,0],[425,856]]
[[0,0],[2,0],[34,428]]
[[0,0],[1,0],[287,856]]
[[0,0],[1,0],[79,856]]
[[0,0],[2,0],[122,428]]
[[0,0],[1,0],[643,856]]
[[0,0],[1,0],[95,856]]
[[0,0],[1,0],[35,856]]
[[0,0],[1,0],[155,856]]
[[0,0],[1,0],[383,856]]
[[0,0],[1,0],[415,856]]
[[0,0],[1,0],[97,856]]
[[0,0],[1,0],[9,856]]
[[0,0],[1,0],[347,856]]
[[0,0],[1,0],[91,856]]
[[0,0],[1,0],[585,856]]
[[0,0],[1,0],[105,856]]
[[0,0],[1,0],[285,856]]
[[0,0],[1,0],[249,856]]
[[0,0],[1,0],[313,856]]
[[0,0],[1,0],[139,856]]
[[0,0],[1,0],[417,856]]
[[0,0],[2,0],[14,428]]
[[0,0],[1,0],[389,856]]
[[0,0],[1,0],[471,856]]
[[0,0],[2,0],[326,428]]
[[0,0],[1,0],[57,856]]
[[0,0],[2,0],[266,428]]
[[0,0],[2,0],[38,428]]
[[0,0],[2,0],[190,428]]
[[0,0],[1,0],[322,856]]
[[0,0],[1,0],[239,856]]
[[0,0],[2,0],[10,428]]
[[0,0],[1,0],[195,856]]
[[0,0],[2,0],[30,428]]
[[0,0],[1,0],[283,856]]
[[0,0],[1,0],[205,856]]
[[0,0],[1,0],[667,856]]
[[0,0],[1,0],[173,856]]
[[0,0],[1,0],[69,856]]
[[0,0],[1,0],[241,856]]
[[0,0],[2,0],[22,428]]
[[0,0],[2,0],[186,428]]
[[0,0],[1,0],[149,856]]
[[0,0],[1,0],[637,856]]
[[0,0],[1,0],[119,856]]
[[0,0],[1,0],[111,856]]
[[0,0],[1,0],[251,856]]
[[0,0],[1,0],[275,856]]
[[0,0],[1,0],[39,856]]
[[0,0],[1,0],[307,856]]
[[0,0],[1,0],[267,856]]
[[0,0],[1,0],[375,856]]
[[0,0],[2,0],[74,428]]
[[0,0],[1,0],[183,856]]
[[0,0],[1,0],[108,856]]
[[0,0],[1,0],[177,856]]
[[0,0],[1,0],[597,856]]
[[0,0],[1,0],[75,856]]
[[0,0],[1,0],[291,856]]
[[0,0],[1,0],[269,856]]
[[0,0],[2,0],[6,428]]
[[0,0],[2,0],[182,428]]
[[0,0],[2,0],[46,428]]
[[0,0],[1,0],[193,856]]
[[0,0],[1,0],[451,856]]
[[0,0],[2,0],[150,428]]
[[0,0],[1,0],[171,856]]
[[0,0],[1,0],[371,856]]
[[0,0],[1,0],[475,856]]
[[0,0],[1,0],[207,856]]
[[0,0],[2,0],[110,428]]
[[0,0],[1,0],[253,856]]
[[0,0],[2,0],[138,428]]
[[0,0],[2,0],[194,428]]
[[0,0],[2,0],[130,428]]
[[0,0],[1,0],[7,856]]
[[0,0],[1,0],[53,856]]
[[0,0],[1,0],[199,856]]
[[0,0],[2,0],[18,428]]
[[0,0],[2,0],[134,428]]
[[0,0],[1,0],[525,856]]
[[0,0],[1,0],[87,856]]
[[0,0],[1,0],[143,856]]
[[0,0],[1,0],[11,856]]
[[0,0],[1,0],[413,856]]
[[0,0],[1,0],[741,856]]
[[0,0],[1,0],[245,856]]
[[0,0],[1,0],[547,856]]
[[0,0],[1,0],[583,856]]
[[0,0],[1,0],[627,856]]
[[0,0],[1,0],[131,856]]
[[0,0],[2,0],[62,428]]
[[0,0],[1,0],[145,856]]
[[0,0],[1,0],[281,856]]
[[0,0],[1,0],[31,856]]
[[0,0],[1,0],[497,856]]
[[0,0],[2,0],[26,428]]
[[0,0],[1,0],[113,856]]
[[0,0],[1,0],[51,856]]
[[0,0],[1,0],[633,856]]
[[0,0],[1,0],[23,856]]
[[0,0],[1,0],[37,856]]
[[0,0],[1,0],[623,856]]
[[0,0],[2,0],[206,428]]
[[0,0],[1,0],[423,856]]
[[0,0],[1,0],[429,856]]
[[0,0],[1,0],[127,856]]
[[0,0],[1,0],[419,856]]
[[0,0],[1,0],[501,856]]
[[0,0],[1,0],[181,856]]
[[0,0],[1,0],[201,856]]
[[0,0],[2,0],[302,428]]
[[0,0],[1,0],[157,856]]
[[0,0],[1,0],[89,856]]
[[0,0],[2,0],[54,428]]
[[0,0],[1,0],[411,856]]
[[0,0],[1,0],[3,856]]
[[0,0],[1,0],[727,856]]
[[0,0],[2,0],[226,428]]
[[0,0],[1,0],[101,856]]
[[0,0],[1,0],[855,856]]
[[0,0],[1,0],[613,856]]
[[0,0],[1,0],[45,856]]
[[0,0],[1,0],[27,856]]
[[0,0],[1,0],[387,856]]
[[0,0],[1,0],[305,856]]
[[0,0],[1,0],[211,856]]
[[0,0],[1,0],[41,856]]
[[0,0],[1,0],[345,856]]
[[0,0],[1,0],[503,856]]
[[0,0],[1,0],[47,856]]
[[0,0],[1,0],[225,856]]
[[0,0],[1,0],[719,856]]
[[0,0],[1,0],[81,856]]
[[0,0],[1,0],[521,856]]
[[0,0],[1,0],[311,856]]
[[0,0],[1,0],[536,856]]
[[0,0],[1,0],[527,856]]
[[0,0],[1,0],[175,856]]
[[0,0],[1,0],[17,856]]
[[0,0],[1,0],[435,856]]
[[0,0],[1,0],[325,856]]
[[0,0],[1,0],[161,856]]
[[0,0],[1,0],[59,856]]
[[0,0],[1,0],[349,856]]
[[0,0],[1,0],[247,856]]
[[0,0],[2,0],[362,428]]
[[0,0],[1,0],[121,856]]
[[0,0],[1,0],[167,856]]
[[0,0],[2,0],[218,428]]
[[0,0],[2,0],[98,428]]
[[0,0],[1,0],[369,856]]
[[0,0],[1,0],[401,856]]
[[0,0],[2,0],[350,428]]
[[0,0],[1,0],[103,856]]
[[0,0],[2,0],[70,428]]
[[0,0],[1,0],[15,856]]
[[0,0],[1,0],[209,856]]
[[0,0],[2,0],[342,428]]
[[0,0],[1,0],[85,856]]
[[0,0],[1,0],[427,856]]
[[0,0],[1,0],[71,856]]
[[0,0],[1,0],[125,856]]
[[0,0],[2,0],[146,428]]
[[0,0],[1,0],[489,856]]
[[0,0],[1,0],[25,856]]
[[0,0],[1,0],[341,856]]
[[0,0],[1,0],[407,856]]
[[0,0],[2,0],[158,428]]
[[0,0],[1,0],[65,856]]
[[0,0],[1,0],[277,856]]
[[0,0],[1,0],[395,856]]
[[0,0],[1,0],[479,856]]
[[0,0],[1,0],[93,856]]
[[0,0],[1,0],[491,856]]
[[0,0],[1,0],[289,856]]
[[0,0],[1,0],[333,856]]
[[0,0],[1,0],[337,856]]
[[0,0],[1,0],[317,856]]
[[0,0],[1,0],[505,856]]
[[0,0],[1,0],[391,856]]
[[0,0],[1,0],[339,856]]
[[0,0],[1,0],[1,856]]
[[0,0],[1,0],[237,856]]
[[0,0],[1,0],[577,856]]
[[0,0],[1,0],[601,856]]
[[0,0],[1,0],[715,856]]
[[0,0],[2,0],[142,428]]
[[0,0],[1,0],[203,856]]
[[0,0],[2,0],[426,428]]
[[0,0],[1,0],[151,856]]
[[0,0],[1,0],[750,856]]
[[0,0],[2,0],[114,428]]
[[0,0],[1,0],[153,856]]
[[0,0],[1,0],[399,856]]
[[0,0],[1,0],[49,856]]
[[0,0],[1,0],[295,856]]
[[0,0],[2,0],[90,428]]
[[0,0],[1,0],[265,856]]
[[0,0],[1,0],[135,856]]
[[0,0],[2,0],[50,428]]
[[0,0],[2,0],[58,428]]
[[0,0],[1,0],[323,856]]
[[0,0],[1,0],[299,856]]
[[0,0],[1,0],[29,856]]
[[0,0],[1,0],[19,856]]
