[[0,0],[1,0],[38,857]]
[[0,0],[1,0],[59,857]]
[[0,0],[1,0],[189,857]]
[[0,0],[1,0],[182,857]]
[[0,0],[1,0],[74,857]]
[[0,0],[1,0],[269,857]]
[[0,0],[1,0],[297,857]]
[[0,0],[1,0],[15,857]]
[[0,0],[1,0],[167,857]]
[[0,0],[1,0],[199,857]]
[[0,0],[1,0],[142,857]]
[[0,0],[1,0],[48,857]]
[[0,0],[1,0],[41,857]]
[[0,0],[1,0],[18,857]]
[[0,0],[1,0],[8,857]]
[[0,0],[1,0],[110,857]]
[[0,0],[1,0],[77,857]]
[[0,0],[1,0],[145,857]]
[[0,0],[1,0],[86,857]]
[[0,0],[1,0],[254,857]]
[[0,0],[1,0],[5,857]]
[[0,0],[1,0],[44,857]]
[[0,0],[1,0],[17,857]]
[[0,0],[1,0],[45,857]]
[[0,0],[1,0],[184,857]]
[[0,0],[1,0],[24,857]]
[[0,0],[1,0],[55,857]]
[[0,0],[1,0],[135,857]]
[[0,0],[1,0],[93,857]]
[[0,0],[1,0],[62,857]]
[[0,0],[1,0],[109,857]]
[[0,0],[1,0],[58,857]]
[[0,0],[1,0],[183,857]]
[[0,0],[1,0],[111,857]]
[[0,0],[1,0],[87,857]]
[[0,0],[1,0],[25,857]]
[[0,0],[1,0],[82,857]]
[[0,0],[1,0],[131,857]]
[[0,0],[1,0],[234,857]]
[[0,0],[1,0],[92,857]]
[[0,0],[1,0],[70,857]]
[[0,0],[1,0],[231,857]]
[[0,0],[1,0],[19,857]]
[[0,0],[1,0],[171,857]]
[[0,0],[1,0],[56,857]]
[[0,0],[1,0],[29,857]]
[[0,0],[1,0],[162,857]]
[[0,0],[1,0],[227,857]]
[[0,0],[1,0],[226,857]]
[[0,0],[1,0],[27,857]]
[[0,0],[1,0],[190,857]]
[[0,0],[1,0],[31,857]]
[[0,0],[1,0],[1,857]]
[[0,0],[1,0],[36,857]]
[[0,0],[1,0],[105,857]]
[[0,0],[1,0],[338,857]]
[[0,0],[1,0],[65,857]]
[[0,0],[1,0],[20,857]]
[[0,0],[1,0],[230,857]]
[[0,0],[1,0],[72,857]]
[[0,0],[1,0],[88,857]]
[[0,0],[1,0],[35,857]]
[[0,0],[1,0],[22,857]]
[[0,0],[1,0],[6,857]]
[[0,0],[1,0],[53,857]]
[[0,0],[1,0],[163,857]]
[[0,0],[1,0],[16,857]]
[[0,0],[1,0],[141,857]]
[[0,0],[1,0],[296,857]]
[[0,0],[1,0],[186,857]]
[[0,0],[1,0],[132,857]]
[[0,0],[1,0],[23,857]]
[[0,0],[1,0],[185,857]]
[[0,0],[1,0],[221,857]]
[[0,0],[1,0],[42,857]]
[[0,0],[1,0],[116,857]]
[[0,0],[1,0],[161,857]]
[[0,0],[1,0],[43,857]]
[[0,0],[1,0],[168,857]]
[[0,0],[1,0],[124,857]]
[[0,0],[1,0],[7,857]]
[[0,0],[1,0],[137,857]]
[[0,0],[1,0],[136,857]]
[[0,0],[1,0],[71,857]]
[[0,0],[1,0],[95,857]]
[[0,0],[1,0],[60,857]]
[[0,0],[1,0],[10,857]]
[[0,0],[1,0],[46,857]]
[[0,0],[1,0],[89,857]]
[[0,0],[1,0],[159,857]]
[[0,0],[1,0],[181,857]]
[[0,0],[1,0],[194,857]]
[[0,0],[1,0],[173,857]]
[[0,0],[1,0],[298,857]]
[[0,0],[1,0],[14,857]]
[[0,0],[1,0],[174,857]]
[[0,0],[1,0],[299,857]]
[[0,0],[1,0],[4,857]]
[[0,0],[1,0],[94,857]]
[[0,0],[1,0],[91,857]]
[[0,0],[1,0],[75,857]]
[[0,0],[1,0],[148,857]]
[[0,0],[1,0],[13,857]]
[[0,0],[1,0],[21,857]]
[[0,0],[1,0],[52,857]]
[[0,0],[1,0],[28,857]]
[[0,0],[1,0],[166,857]]
[[0,0],[1,0],[99,857]]
[[0,0],[1,0],[61,857]]
[[0,0],[1,0],[160,857]]
[[0,0],[1,0],[37,857]]
[[0,0],[1,0],[123,857]]
[[0,0],[1,0],[255,857]]
[[0,0],[1,0],[63,857]]
[[0,0],[1,0],[2,857]]
[[0,0],[1,0],[172,857]]
[[0,0],[1,0],[152,857]]
[[0,0],[1,0],[175,857]]
[[0,0],[1,0],[11,857]]
[[0,0],[1,0],[191,857]]
[[0,0],[1,0],[118,857]]
[[0,0],[1,0],[32,857]]
[[0,0],[1,0],[73,857]]
[[0,0],[1,0],[47,857]]
[[0,0],[1,0],[90,857]]
[[0,0],[1,0],[106,857]]
[[0,0],[1,0],[30,857]]
[[0,0],[1,0],[54,857]]
[[0,0],[1,0],[96,857]]
[[0,0],[1,0],[76,857]]
[[0,0],[1,0],[83,857]]
[[0,0],[1,0],[115,857]]
[[0,0],[1,0],[12,857]]
[[0,0],[1,0],[317,857]]
[[0,0],[1,0],[57,857]]
[[0,0],[1,0],[112,857]]
[[0,0],[1,0],[243,857]]
[[0,0],[1,0],[9,857]]
[[0,0],[1,0],[3,857]]
[[0,0],[1,0],[104,857]]
[[0,0],[1,0],[26,857]]
[[0,0],[1,0],[51,857]]
[[0,0],[1,0],[64,857]]
[[0,0],[1,0],[117,857]]
