[[0,0],[1,0],[19,86]]
[[0,0],[1,0],[13,86]]
[[0,0],[1,0],[21,86]]
[[0,0],[1,0],[15,86]]
[[0,0],[1,0],[44,86]]
[[0,0],[1,0],[25,86]]
[[0,0],[1,0],[11,86]]
[[0,0],[1,0],[33,86]]
[[0,0],[1,0],[5,86]]
[[0,0],[1,0],[85,86]]
[[0,0],[1,0],[35,86]]
[[0,0],[1,0],[45,86]]
[[0,0],[1,0],[63,86]]
[[0,0],[1,0],[49,86]]
[[0,0],[1,0],[27,86]]
[[0,0],[1,0],[57,86]]
[[0,0],[1,0],[7,86]]
[[0,0],[1,0],[17,86]]
[[0,0],[1,0],[55,86]]
[[0,0],[1,0],[1,86]]
[[0,0],[1,0],[39,86]]
[[0,0],[1,0],[9,86]]
[[0,0],[1,0],[3,86]]
