[[0,0],[1,0],[29,860]]
[[0,0],[1,0],[309,860]]
[[0,0],[1,0],[531,860]]
[[0,0],[2,0],[262,430]]
[[0,0],[1,0],[197,860]]
[[0,0],[1,0],[406,860]]
[[0,0],[1,0],[526,860]]
[[0,0],[1,0],[447,860]]
[[0,0],[1,0],[179,860]]
[[0,0],[1,0],[21,860]]
[[0,0],[1,0],[846,860]]
[[0,0],[1,0],[459,860]]
[[0,0],[1,0],[303,860]]
[[0,0],[1,0],[302,860]]
[[0,0],[1,0],[736,860]]
[[0,0],[2,0],[8,430]]
[[0,0],[1,0],[26,860]]
[[0,0],[1,0],[271,860]]
[[0,0],[1,0],[346,860]]
[[0,0],[1,0],[191,860]]
[[0,0],[1,0],[376,860]]
[[0,0],[1,0],[818,860]]
[[0,0],[1,0],[446,860]]
[[0,0],[1,0],[169,860]]
[[0,0],[2,0],[174,430]]
[[0,0],[1,0],[266,860]]
[[0,0],[2,0],[102,430]]
[[0,0],[1,0],[117,860]]
[[0,0],[1,0],[336,860]]
[[0,0],[1,0],[453,860]]
[[0,0],[1,0],[216,860]]
[[0,0],[2,0],[106,430]]
[[0,0],[2,0],[162,430]]
[[0,0],[2,0],[12,430]]
[[0,0],[1,0],[506,860]]
[[0,0],[2,0],[42,430]]
[[0,0],[1,0],[706,860]]
[[0,0],[1,0],[483,860]]
[[0,0],[2,0],[28,430]]
[[0,0],[1,0],[227,860]]
[[0,0],[1,0],[13,860]]
[[0,0],[1,0],[233,860]]
[[0,0],[1,0],[83,860]]
[[0,0],[1,0],[99,860]]
[[0,0],[1,0],[306,860]]
[[0,0],[1,0],[686,860]]
[[0,0],[1,0],[163,860]]
[[0,0],[1,0],[646,860]]
[[0,0],[1,0],[46,860]]
[[0,0],[1,0],[431,860]]
[[0,0],[1,0],[67,860]]
[[0,0],[1,0],[326,860]]
[[0,0],[1,0],[386,860]]
[[0,0],[1,0],[263,860]]
[[0,0],[1,0],[221,860]]
[[0,0],[1,0],[196,860]]
[[0,0],[1,0],[130,860]]
[[0,0],[1,0],[576,860]]
[[0,0],[1,0],[737,860]]
[[0,0],[1,0],[353,860]]
[[0,0],[1,0],[677,860]]
[[0,0],[1,0],[61,860]]
[[0,0],[2,0],[2,430]]
[[0,0],[1,0],[367,860]]
[[0,0],[1,0],[257,860]]
[[0,0],[1,0],[463,860]]
[[0,0],[1,0],[709,860]]
[[0,0],[1,0],[73,860]]
[[0,0],[1,0],[296,860]]
[[0,0],[1,0],[33,860]]
[[0,0],[1,0],[443,860]]
[[0,0],[1,0],[396,860]]
[[0,0],[1,0],[136,860]]
[[0,0],[1,0],[109,860]]
[[0,0],[1,0],[477,860]]
[[0,0],[1,0],[533,860]]
[[0,0],[1,0],[351,860]]
[[0,0],[1,0],[426,860]]
[[0,0],[1,0],[319,860]]
[[0,0],[1,0],[217,860]]
[[0,0],[1,0],[213,860]]
[[0,0],[1,0],[363,860]]
[[0,0],[1,0],[436,860]]
[[0,0],[1,0],[106,860]]
[[0,0],[1,0],[859,860]]
[[0,0],[1,0],[388,860]]
[[0,0],[1,0],[771,860]]
[[0,0],[1,0],[246,860]]
[[0,0],[1,0],[437,860]]
[[0,0],[1,0],[546,860]]
[[0,0],[1,0],[716,860]]
[[0,0],[1,0],[36,860]]
[[0,0],[1,0],[373,860]]
[[0,0],[2,0],[34,430]]
[[0,0],[1,0],[721,860]]
[[0,0],[1,0],[63,860]]
[[0,0],[1,0],[219,860]]
[[0,0],[1,0],[77,860]]
[[0,0],[1,0],[276,860]]
[[0,0],[1,0],[631,860]]
[[0,0],[2,0],[122,430]]
[[0,0],[1,0],[79,860]]
[[0,0],[1,0],[9,860]]
[[0,0],[1,0],[97,860]]
[[0,0],[1,0],[347,860]]
[[0,0],[1,0],[91,860]]
[[0,0],[1,0],[786,860]]
[[0,0],[2,0],[382,430]]
[[0,0],[1,0],[249,860]]
[[0,0],[1,0],[313,860]]
[[0,0],[1,0],[696,860]]
[[0,0],[1,0],[666,860]]
[[0,0],[2,0],[14,430]]
[[0,0],[1,0],[496,860]]
[[0,0],[1,0],[549,860]]
[[0,0],[1,0],[389,860]]
[[0,0],[1,0],[166,860]]
[[0,0],[1,0],[286,860]]
[[0,0],[1,0],[57,860]]
[[0,0],[1,0],[756,860]]
[[0,0],[1,0],[856,860]]
[[0,0],[1,0],[283,860]]
[[0,0],[1,0],[239,860]]
[[0,0],[1,0],[366,860]]
[[0,0],[1,0],[474,860]]
[[0,0],[1,0],[241,860]]
[[0,0],[2,0],[22,430]]
[[0,0],[1,0],[173,860]]
[[0,0],[1,0],[69,860]]
[[0,0],[1,0],[607,860]]
[[0,0],[1,0],[189,860]]
[[0,0],[1,0],[147,860]]
[[0,0],[1,0],[126,860]]
[[0,0],[1,0],[251,860]]
[[0,0],[1,0],[149,860]]
[[0,0],[1,0],[321,860]]
[[0,0],[1,0],[776,860]]
[[0,0],[1,0],[767,860]]
[[0,0],[1,0],[307,860]]
[[0,0],[1,0],[119,860]]
[[0,0],[1,0],[637,860]]
[[0,0],[1,0],[267,860]]
[[0,0],[2,0],[136,430]]
[[0,0],[1,0],[39,860]]
[[0,0],[1,0],[775,860]]
[[0,0],[2,0],[52,430]]
[[0,0],[1,0],[297,860]]
[[0,0],[1,0],[177,860]]
[[0,0],[1,0],[469,860]]
[[0,0],[1,0],[416,860]]
[[0,0],[1,0],[291,860]]
[[0,0],[1,0],[259,860]]
[[0,0],[1,0],[819,860]]
[[0,0],[1,0],[556,860]]
[[0,0],[1,0],[461,860]]
[[0,0],[2,0],[6,430]]
[[0,0],[1,0],[269,860]]
[[0,0],[1,0],[656,860]]
[[0,0],[1,0],[193,860]]
[[0,0],[1,0],[116,860]]
[[0,0],[2,0],[46,430]]
[[0,0],[1,0],[451,860]]
[[0,0],[1,0],[579,860]]
[[0,0],[1,0],[16,860]]
[[0,0],[2,0],[64,430]]
[[0,0],[1,0],[176,860]]
[[0,0],[1,0],[616,860]]
[[0,0],[1,0],[171,860]]
[[0,0],[1,0],[723,860]]
[[0,0],[1,0],[566,860]]
[[0,0],[1,0],[561,860]]
[[0,0],[1,0],[207,860]]
[[0,0],[1,0],[689,860]]
[[0,0],[2,0],[138,430]]
[[0,0],[2,0],[112,430]]
[[0,0],[2,0],[18,430]]
[[0,0],[2,0],[134,430]]
[[0,0],[1,0],[236,860]]
[[0,0],[1,0],[7,860]]
[[0,0],[1,0],[53,860]]
[[0,0],[1,0],[199,860]]
[[0,0],[1,0],[11,860]]
[[0,0],[2,0],[132,430]]
[[0,0],[1,0],[131,860]]
[[0,0],[1,0],[381,860]]
[[0,0],[1,0],[206,860]]
[[0,0],[1,0],[107,860]]
[[0,0],[1,0],[87,860]]
[[0,0],[1,0],[143,860]]
[[0,0],[2,0],[62,430]]
[[0,0],[1,0],[186,860]]
[[0,0],[1,0],[701,860]]
[[0,0],[1,0],[146,860]]
[[0,0],[2,0],[252,430]]
[[0,0],[1,0],[113,860]]
[[0,0],[1,0],[31,860]]
[[0,0],[1,0],[51,860]]
[[0,0],[2,0],[4,430]]
[[0,0],[2,0],[26,430]]
[[0,0],[1,0],[293,860]]
[[0,0],[1,0],[481,860]]
[[0,0],[1,0],[749,860]]
[[0,0],[1,0],[23,860]]
[[0,0],[2,0],[322,430]]
[[0,0],[2,0],[272,430]]
[[0,0],[1,0],[37,860]]
[[0,0],[1,0],[467,860]]
[[0,0],[1,0],[201,860]]
[[0,0],[1,0],[127,860]]
[[0,0],[1,0],[429,860]]
[[0,0],[1,0],[66,860]]
[[0,0],[2,0],[152,430]]
[[0,0],[1,0],[181,860]]
[[0,0],[2,0],[16,430]]
[[0,0],[1,0],[411,860]]
[[0,0],[1,0],[157,860]]
[[0,0],[1,0],[3,860]]
[[0,0],[1,0],[456,860]]
[[0,0],[1,0],[727,860]]
[[0,0],[1,0],[27,860]]
[[0,0],[1,0],[441,860]]
[[0,0],[1,0],[101,860]]
[[0,0],[1,0],[596,860]]
[[0,0],[1,0],[726,860]]
[[0,0],[1,0],[466,860]]
[[0,0],[1,0],[211,860]]
[[0,0],[1,0],[796,860]]
[[0,0],[1,0],[766,860]]
[[0,0],[1,0],[345,860]]
[[0,0],[1,0],[529,860]]
[[0,0],[1,0],[279,860]]
[[0,0],[1,0],[96,860]]
[[0,0],[1,0],[81,860]]
[[0,0],[1,0],[503,860]]
[[0,0],[1,0],[47,860]]
[[0,0],[1,0],[719,860]]
[[0,0],[1,0],[421,860]]
[[0,0],[1,0],[536,860]]
[[0,0],[1,0],[17,860]]
[[0,0],[1,0],[816,860]]
[[0,0],[1,0],[606,860]]
[[0,0],[1,0],[499,860]]
[[0,0],[1,0],[527,860]]
[[0,0],[1,0],[76,860]]
[[0,0],[1,0],[359,860]]
[[0,0],[1,0],[673,860]]
[[0,0],[2,0],[104,430]]
[[0,0],[1,0],[161,860]]
[[0,0],[1,0],[676,860]]
[[0,0],[2,0],[92,430]]
[[0,0],[1,0],[59,860]]
[[0,0],[2,0],[44,430]]
[[0,0],[1,0],[121,860]]
[[0,0],[2,0],[24,430]]
[[0,0],[2,0],[362,430]]
[[0,0],[2,0],[98,430]]
[[0,0],[1,0],[599,860]]
[[0,0],[1,0],[247,860]]
[[0,0],[2,0],[116,430]]
[[0,0],[1,0],[343,860]]
[[0,0],[1,0],[209,860]]
[[0,0],[1,0],[560,860]]
[[0,0],[1,0],[231,860]]
[[0,0],[1,0],[103,860]]
[[0,0],[2,0],[342,430]]
[[0,0],[1,0],[486,860]]
[[0,0],[1,0],[316,860]]
[[0,0],[1,0],[836,860]]
[[0,0],[1,0],[44,860]]
[[0,0],[1,0],[586,860]]
[[0,0],[1,0],[6,860]]
[[0,0],[1,0],[489,860]]
[[0,0],[1,0],[71,860]]
[[0,0],[1,0],[476,860]]
[[0,0],[1,0],[341,860]]
[[0,0],[1,0],[573,860]]
[[0,0],[1,0],[491,860]]
[[0,0],[1,0],[289,860]]
[[0,0],[1,0],[337,860]]
[[0,0],[1,0],[277,860]]
[[0,0],[2,0],[88,430]]
[[0,0],[1,0],[339,860]]
[[0,0],[1,0],[693,860]]
[[0,0],[2,0],[260,430]]
[[0,0],[1,0],[826,860]]
[[0,0],[1,0],[806,860]]
[[0,0],[2,0],[45,430]]
[[0,0],[1,0],[256,860]]
[[0,0],[1,0],[1,860]]
[[0,0],[1,0],[601,860]]
[[0,0],[1,0],[237,860]]
[[0,0],[1,0],[203,860]]
[[0,0],[1,0],[732,860]]
[[0,0],[2,0],[142,430]]
[[0,0],[1,0],[56,860]]
[[0,0],[1,0],[356,860]]
[[0,0],[1,0],[243,860]]
[[0,0],[1,0],[636,860]]
[[0,0],[4,0],[90,215]]
[[0,0],[1,0],[543,860]]
[[0,0],[1,0],[153,860]]
[[0,0],[1,0],[226,860]]
[[0,0],[2,0],[114,430]]
[[0,0],[2,0],[32,430]]
[[0,0],[1,0],[626,860]]
[[0,0],[1,0],[511,860]]
[[0,0],[1,0],[49,860]]
[[0,0],[1,0],[746,860]]
[[0,0],[1,0],[457,860]]
[[0,0],[1,0],[323,860]]
[[0,0],[1,0],[156,860]]
[[0,0],[1,0],[433,860]]
[[0,0],[1,0],[19,860]]
[[0,0],[1,0],[273,860]]
