[[0,0],[1,0],[476,865]]
[[0,0],[1,0],[347,865]]
[[0,0],[1,0],[2,865]]
[[0,0],[1,0],[22,865]]
[[0,0],[1,0],[21,865]]
[[0,0],[1,0],[341,865]]
[[0,0],[1,0],[267,865]]
[[0,0],[1,0],[216,865]]
[[0,0],[1,0],[656,865]]
[[0,0],[1,0],[271,865]]
[[0,0],[1,0],[228,865]]
[[0,0],[1,0],[57,865]]
[[0,0],[1,0],[246,865]]
[[0,0],[1,0],[63,865]]
[[0,0],[1,0],[376,865]]
[[0,0],[1,0],[356,865]]
[[0,0],[1,0],[77,865]]
[[0,0],[1,0],[174,865]]
[[0,0],[1,0],[52,865]]
[[0,0],[1,0],[17,865]]
[[0,0],[1,0],[214,865]]
[[0,0],[1,0],[117,865]]
[[0,0],[1,0],[11,865]]
[[0,0],[1,0],[281,865]]
[[0,0],[1,0],[78,865]]
[[0,0],[1,0],[456,865]]
[[0,0],[1,0],[131,865]]
[[0,0],[1,0],[141,865]]
[[0,0],[1,0],[43,865]]
[[0,0],[1,0],[87,865]]
[[0,0],[1,0],[88,865]]
[[0,0],[1,0],[19,865]]
[[0,0],[1,0],[481,865]]
[[0,0],[1,0],[114,865]]
[[0,0],[1,0],[431,865]]
[[0,0],[1,0],[44,865]]
[[0,0],[1,0],[1,865]]
[[0,0],[1,0],[83,865]]
[[0,0],[1,0],[272,865]]
[[0,0],[1,0],[39,865]]
[[0,0],[1,0],[266,865]]
[[0,0],[1,0],[3,865]]
[[0,0],[1,0],[53,865]]
[[0,0],[1,0],[307,865]]
[[0,0],[1,0],[377,865]]
[[0,0],[1,0],[36,865]]
[[0,0],[1,0],[169,865]]
[[0,0],[1,0],[91,865]]
[[0,0],[1,0],[89,865]]
[[0,0],[1,0],[234,865]]
[[0,0],[1,0],[161,865]]
[[0,0],[1,0],[286,865]]
[[0,0],[1,0],[381,865]]
[[0,0],[1,0],[112,865]]
[[0,0],[1,0],[201,865]]
[[0,0],[1,0],[806,865]]
[[0,0],[1,0],[686,865]]
[[0,0],[1,0],[164,865]]
[[0,0],[1,0],[361,865]]
[[0,0],[1,0],[177,865]]
[[0,0],[1,0],[6,865]]
[[0,0],[1,0],[28,865]]
[[0,0],[1,0],[13,865]]
[[0,0],[1,0],[68,865]]
[[0,0],[1,0],[29,865]]
[[0,0],[1,0],[26,865]]
[[0,0],[1,0],[406,865]]
[[0,0],[1,0],[311,865]]
[[0,0],[1,0],[193,865]]
[[0,0],[1,0],[99,865]]
[[0,0],[1,0],[146,865]]
[[0,0],[1,0],[76,865]]
[[0,0],[1,0],[9,865]]
[[0,0],[1,0],[486,865]]
[[0,0],[1,0],[147,865]]
[[0,0],[1,0],[67,865]]
[[0,0],[1,0],[163,865]]
[[0,0],[1,0],[374,865]]
[[0,0],[1,0],[168,865]]
[[0,0],[1,0],[127,865]]
[[0,0],[1,0],[74,865]]
[[0,0],[1,0],[186,865]]
[[0,0],[1,0],[451,865]]
[[0,0],[1,0],[136,865]]
[[0,0],[1,0],[124,865]]
[[0,0],[1,0],[526,865]]
[[0,0],[1,0],[84,865]]
[[0,0],[1,0],[636,865]]
[[0,0],[1,0],[106,865]]
[[0,0],[1,0],[61,865]]
[[0,0],[1,0],[197,865]]
[[0,0],[1,0],[71,865]]
[[0,0],[1,0],[276,865]]
[[0,0],[1,0],[273,865]]
[[0,0],[1,0],[79,865]]
[[0,0],[1,0],[111,865]]
[[0,0],[1,0],[466,865]]
[[0,0],[1,0],[601,865]]
[[0,0],[1,0],[86,865]]
[[0,0],[1,0],[194,865]]
[[0,0],[1,0],[98,865]]
[[0,0],[1,0],[233,865]]
[[0,0],[1,0],[191,865]]
[[0,0],[1,0],[58,865]]
[[0,0],[1,0],[621,865]]
[[0,0],[1,0],[148,865]]
[[0,0],[1,0],[113,865]]
[[0,0],[1,0],[27,865]]
[[0,0],[1,0],[66,865]]
[[0,0],[1,0],[121,865]]
[[0,0],[1,0],[521,865]]
[[0,0],[1,0],[461,865]]
[[0,0],[1,0],[12,865]]
[[0,0],[1,0],[691,865]]
[[0,0],[1,0],[24,865]]
[[0,0],[1,0],[132,865]]
[[0,0],[1,0],[149,865]]
[[0,0],[1,0],[182,865]]
[[0,0],[1,0],[64,865]]
[[0,0],[1,0],[81,865]]
[[0,0],[1,0],[101,865]]
[[0,0],[1,0],[162,865]]
[[0,0],[1,0],[137,865]]
[[0,0],[1,0],[69,865]]
[[0,0],[1,0],[181,865]]
[[0,0],[1,0],[96,865]]
[[0,0],[1,0],[371,865]]
[[0,0],[1,0],[256,865]]
[[0,0],[1,0],[126,865]]
[[0,0],[1,0],[152,865]]
[[0,0],[1,0],[251,865]]
[[0,0],[1,0],[82,865]]
[[0,0],[1,0],[18,865]]
[[0,0],[1,0],[16,865]]
[[0,0],[1,0],[196,865]]
[[0,0],[1,0],[4,865]]
[[0,0],[1,0],[38,865]]
[[0,0],[1,0],[151,865]]
[[0,0],[1,0],[128,865]]
[[0,0],[1,0],[520,865]]
[[0,0],[1,0],[326,865]]
[[0,0],[1,0],[391,865]]
[[0,0],[1,0],[192,865]]
[[0,0],[1,0],[646,865]]
[[0,0],[1,0],[7,865]]
[[0,0],[1,0],[42,865]]
[[0,0],[1,0],[47,865]]
[[0,0],[1,0],[221,865]]
[[0,0],[1,0],[446,865]]
[[0,0],[1,0],[178,865]]
[[0,0],[1,0],[351,865]]
[[0,0],[1,0],[23,865]]
[[0,0],[1,0],[158,865]]
[[0,0],[1,0],[31,865]]
[[0,0],[1,0],[14,865]]
[[0,0],[1,0],[306,865]]
[[0,0],[1,0],[556,865]]
[[0,0],[1,0],[291,865]]
[[0,0],[1,0],[676,865]]
[[0,0],[1,0],[51,865]]
[[0,0],[1,0],[62,865]]
[[0,0],[1,0],[166,865]]
[[0,0],[1,0],[8,865]]
[[0,0],[1,0],[536,865]]
[[0,0],[1,0],[296,865]]
[[0,0],[1,0],[102,865]]
[[0,0],[1,0],[46,865]]
[[0,0],[1,0],[34,865]]
[[0,0],[1,0],[116,865]]
[[0,0],[1,0],[41,865]]
[[0,0],[1,0],[56,865]]
[[0,0],[1,0],[176,865]]
[[0,0],[1,0],[268,865]]
[[0,0],[1,0],[138,865]]
[[0,0],[1,0],[736,865]]
[[0,0],[1,0],[596,865]]
