[[0,0],[1,0],[92,867]]
[[0,0],[1,0],[211,867]]
[[0,0],[1,0],[358,867]]
[[0,0],[1,0],[2,867]]
[[0,0],[1,0],[274,867]]
[[0,0],[1,0],[325,867]]
[[0,0],[1,0],[22,867]]
[[0,0],[1,0],[202,867]]
[[0,0],[1,0],[37,867]]
[[0,0],[1,0],[107,867]]
[[0,0],[1,0],[565,867]]
[[0,0],[1,0],[203,867]]
[[0,0],[1,0],[375,867]]
[[0,0],[1,0],[277,867]]
[[0,0],[1,0],[118,867]]
[[0,0],[1,0],[77,867]]
[[0,0],[1,0],[352,867]]
[[0,0],[1,0],[173,867]]
[[0,0],[1,0],[244,867]]
[[0,0],[1,0],[304,867]]
[[0,0],[1,0],[52,867]]
[[0,0],[1,0],[214,867]]
[[0,0],[1,0],[208,867]]
[[0,0],[17,0],[34,51]]
[[0,0],[1,0],[11,867]]
[[0,0],[1,0],[157,867]]
[[0,0],[1,0],[290,867]]
[[0,0],[1,0],[568,867]]
[[0,0],[1,0],[445,867]]
[[0,0],[1,0],[364,867]]
[[0,0],[1,0],[88,867]]
[[0,0],[1,0],[647,867]]
[[0,0],[1,0],[481,867]]
[[0,0],[1,0],[43,867]]
[[0,0],[1,0],[115,867]]
[[0,0],[1,0],[10,867]]
[[0,0],[1,0],[412,867]]
[[0,0],[1,0],[19,867]]
[[0,0],[1,0],[44,867]]
[[0,0],[1,0],[463,867]]
[[0,0],[1,0],[430,867]]
[[0,0],[1,0],[1,867]]
[[0,0],[1,0],[733,867]]
[[0,0],[1,0],[223,867]]
[[0,0],[1,0],[259,867]]
[[0,0],[1,0],[49,867]]
[[0,0],[1,0],[80,867]]
[[0,0],[1,0],[592,867]]
[[0,0],[1,0],[307,867]]
[[0,0],[1,0],[91,867]]
[[0,0],[1,0],[145,867]]
[[0,0],[1,0],[154,867]]
[[0,0],[1,0],[89,867]]
[[0,0],[1,0],[235,867]]
[[0,0],[1,0],[184,867]]
[[0,0],[1,0],[424,867]]
[[0,0],[1,0],[188,867]]
[[0,0],[1,0],[253,867]]
[[0,0],[1,0],[553,867]]
[[0,0],[1,0],[286,867]]
[[0,0],[1,0],[112,867]]
[[0,0],[1,0],[205,867]]
[[0,0],[1,0],[361,867]]
[[0,0],[1,0],[28,867]]
[[0,0],[1,0],[13,867]]
[[0,0],[1,0],[29,867]]
[[0,0],[1,0],[193,867]]
[[0,0],[1,0],[484,867]]
[[0,0],[1,0],[59,867]]
[[0,0],[1,0],[26,867]]
[[0,0],[1,0],[241,867]]
[[0,0],[1,0],[140,867]]
[[0,0],[1,0],[76,867]]
[[0,0],[1,0],[146,867]]
[[0,0],[1,0],[242,867]]
[[0,0],[1,0],[229,867]]
[[0,0],[1,0],[331,867]]
[[0,0],[1,0],[426,867]]
[[0,0],[1,0],[373,867]]
[[0,0],[1,0],[50,867]]
[[0,0],[1,0],[67,867]]
[[0,0],[1,0],[20,867]]
[[0,0],[1,0],[163,867]]
[[0,0],[1,0],[133,867]]
[[0,0],[1,0],[505,867]]
[[0,0],[1,0],[334,867]]
[[0,0],[1,0],[70,867]]
[[0,0],[1,0],[127,867]]
[[0,0],[1,0],[698,867]]
[[0,0],[1,0],[418,867]]
[[0,0],[1,0],[74,867]]
[[0,0],[1,0],[130,867]]
[[0,0],[1,0],[496,867]]
[[0,0],[1,0],[185,867]]
[[0,0],[1,0],[526,867]]
[[0,0],[1,0],[457,867]]
[[0,0],[1,0],[55,867]]
[[0,0],[1,0],[236,867]]
[[0,0],[1,0],[120,867]]
[[0,0],[1,0],[265,867]]
[[0,0],[1,0],[541,867]]
[[0,0],[1,0],[732,867]]
[[0,0],[1,0],[328,867]]
[[0,0],[1,0],[681,867]]
[[0,0],[1,0],[61,867]]
[[0,0],[1,0],[400,867]]
[[0,0],[1,0],[139,867]]
[[0,0],[1,0],[783,867]]
[[0,0],[1,0],[106,867]]
[[0,0],[1,0],[273,867]]
[[0,0],[1,0],[171,867]]
[[0,0],[1,0],[71,867]]
[[0,0],[1,0],[394,867]]
[[0,0],[1,0],[79,867]]
[[0,0],[1,0],[222,867]]
[[0,0],[1,0],[262,867]]
[[0,0],[1,0],[466,867]]
[[0,0],[1,0],[194,867]]
[[0,0],[1,0],[86,867]]
[[0,0],[1,0],[98,867]]
[[0,0],[1,0],[409,867]]
[[0,0],[1,0],[191,867]]
[[0,0],[1,0],[148,867]]
[[0,0],[1,0],[40,867]]
[[0,0],[1,0],[58,867]]
[[0,0],[1,0],[113,867]]
[[0,0],[1,0],[73,867]]
[[0,0],[1,0],[508,867]]
[[0,0],[1,0],[433,867]]
[[0,0],[1,0],[514,867]]
[[0,0],[1,0],[280,867]]
[[0,0],[1,0],[310,867]]
[[0,0],[1,0],[160,867]]
[[0,0],[1,0],[322,867]]
[[0,0],[1,0],[5,867]]
[[0,0],[1,0],[142,867]]
[[0,0],[1,0],[109,867]]
[[0,0],[1,0],[239,867]]
[[0,0],[1,0],[834,867]]
[[0,0],[1,0],[64,867]]
[[0,0],[1,0],[182,867]]
[[0,0],[1,0],[805,867]]
[[0,0],[1,0],[137,867]]
[[0,0],[1,0],[69,867]]
[[0,0],[1,0],[181,867]]
[[0,0],[1,0],[256,867]]
[[0,0],[17,0],[17,51]]
[[0,0],[1,0],[35,867]]
[[0,0],[1,0],[152,867]]
[[0,0],[1,0],[324,867]]
[[0,0],[1,0],[688,867]]
[[0,0],[1,0],[346,867]]
[[0,0],[1,0],[332,867]]
[[0,0],[1,0],[448,867]]
[[0,0],[1,0],[212,867]]
[[0,0],[1,0],[477,867]]
[[0,0],[1,0],[94,867]]
[[0,0],[1,0],[110,867]]
[[0,0],[1,0],[82,867]]
[[0,0],[1,0],[16,867]]
[[0,0],[1,0],[532,867]]
[[0,0],[1,0],[196,867]]
[[0,0],[1,0],[4,867]]
[[0,0],[1,0],[18,867]]
[[0,0],[1,0],[520,867]]
[[0,0],[1,0],[128,867]]
[[0,0],[1,0],[38,867]]
[[0,0],[1,0],[151,867]]
[[0,0],[1,0],[224,867]]
[[0,0],[1,0],[436,867]]
[[0,0],[1,0],[283,867]]
[[0,0],[1,0],[232,867]]
[[0,0],[1,0],[7,867]]
[[0,0],[1,0],[47,867]]
[[0,0],[1,0],[97,867]]
[[0,0],[1,0],[25,867]]
[[0,0],[1,0],[23,867]]
[[0,0],[1,0],[100,867]]
[[0,0],[1,0],[158,867]]
[[0,0],[1,0],[538,867]]
[[0,0],[1,0],[556,867]]
[[0,0],[1,0],[14,867]]
[[0,0],[1,0],[103,867]]
[[0,0],[1,0],[490,867]]
[[0,0],[1,0],[172,867]]
[[0,0],[1,0],[478,867]]
[[0,0],[1,0],[8,867]]
[[0,0],[1,0],[316,867]]
[[0,0],[1,0],[166,867]]
[[0,0],[1,0],[403,867]]
[[0,0],[1,0],[616,867]]
[[0,0],[1,0],[454,867]]
[[0,0],[1,0],[298,867]]
[[0,0],[1,0],[528,867]]
[[0,0],[1,0],[379,867]]
[[0,0],[1,0],[190,867]]
[[0,0],[1,0],[529,867]]
[[0,0],[1,0],[577,867]]
[[0,0],[1,0],[475,867]]
[[0,0],[1,0],[46,867]]
[[0,0],[1,0],[254,867]]
[[0,0],[1,0],[349,867]]
[[0,0],[1,0],[41,867]]
[[0,0],[1,0],[56,867]]
[[0,0],[1,0],[547,867]]
[[0,0],[1,0],[579,867]]
[[0,0],[1,0],[596,867]]
[[0,0],[1,0],[630,867]]
