[[0,0],[1,0],[211,871]]
[[0,0],[1,0],[22,871]]
[[0,0],[1,0],[92,871]]
[[0,0],[1,0],[2,871]]
[[0,0],[1,0],[21,871]]
[[0,0],[1,0],[274,871]]
[[0,0],[1,0],[202,871]]
[[0,0],[1,0],[651,871]]
[[0,0],[1,0],[57,871]]
[[0,0],[1,0],[37,871]]
[[0,0],[1,0],[107,871]]
[[0,0],[1,0],[336,871]]
[[0,0],[1,0],[228,871]]
[[0,0],[1,0],[264,871]]
[[0,0],[1,0],[203,871]]
[[0,0],[1,0],[118,871]]
[[0,0],[1,0],[63,871]]
[[0,0],[1,0],[204,871]]
[[0,0],[1,0],[313,871]]
[[0,0],[1,0],[77,871]]
[[0,0],[1,0],[17,871]]
[[0,0],[1,0],[135,871]]
[[0,0],[1,0],[214,871]]
[[0,0],[1,0],[244,871]]
[[0,0],[1,0],[11,871]]
[[0,0],[1,0],[131,871]]
[[0,0],[1,0],[157,871]]
[[0,0],[1,0],[43,871]]
[[0,0],[1,0],[115,871]]
[[0,0],[1,0],[19,871]]
[[0,0],[1,0],[1,871]]
[[0,0],[1,0],[10,871]]
[[0,0],[1,0],[114,871]]
[[0,0],[1,0],[44,871]]
[[0,0],[1,0],[30,871]]
[[0,0],[1,0],[315,871]]
[[0,0],[1,0],[293,871]]
[[0,0],[1,0],[534,871]]
[[0,0],[1,0],[259,871]]
[[0,0],[1,0],[49,871]]
[[0,0],[1,0],[80,871]]
[[0,0],[1,0],[3,871]]
[[0,0],[1,0],[53,871]]
[[0,0],[1,0],[36,871]]
[[0,0],[1,0],[235,871]]
[[0,0],[1,0],[89,871]]
[[0,0],[1,0],[179,871]]
[[0,0],[1,0],[123,871]]
[[0,0],[1,0],[177,871]]
[[0,0],[1,0],[164,871]]
[[0,0],[1,0],[6,871]]
[[0,0],[1,0],[294,871]]
[[0,0],[1,0],[28,871]]
[[0,0],[1,0],[167,871]]
[[0,0],[1,0],[68,871]]
[[0,0],[1,0],[29,871]]
[[0,0],[1,0],[690,871]]
[[0,0],[1,0],[9,871]]
[[0,0],[1,0],[76,871]]
[[0,0],[1,0],[168,871]]
[[0,0],[1,0],[147,871]]
[[0,0],[1,0],[163,871]]
[[0,0],[1,0],[586,871]]
[[0,0],[1,0],[70,871]]
[[0,0],[1,0],[50,871]]
[[0,0],[1,0],[20,871]]
[[0,0],[1,0],[261,871]]
[[0,0],[1,0],[136,871]]
[[0,0],[1,0],[125,871]]
[[0,0],[1,0],[537,871]]
[[0,0],[1,0],[74,871]]
[[0,0],[1,0],[265,871]]
[[0,0],[1,0],[120,871]]
[[0,0],[1,0],[124,871]]
[[0,0],[1,0],[252,871]]
[[0,0],[1,0],[55,871]]
[[0,0],[1,0],[236,871]]
[[0,0],[1,0],[209,871]]
[[0,0],[1,0],[482,871]]
[[0,0],[1,0],[48,871]]
[[0,0],[1,0],[108,871]]
[[0,0],[1,0],[61,871]]
[[0,0],[1,0],[106,871]]
[[0,0],[1,0],[222,871]]
[[0,0],[1,0],[71,871]]
[[0,0],[1,0],[32,871]]
[[0,0],[1,0],[79,871]]
[[0,0],[1,0],[40,871]]
[[0,0],[1,0],[73,871]]
[[0,0],[1,0],[33,871]]
[[0,0],[1,0],[170,871]]
[[0,0],[1,0],[60,871]]
[[0,0],[1,0],[148,871]]
[[0,0],[1,0],[27,871]]
[[0,0],[1,0],[508,871]]
[[0,0],[1,0],[573,871]]
[[0,0],[1,0],[227,871]]
[[0,0],[1,0],[66,871]]
[[0,0],[1,0],[24,871]]
[[0,0],[1,0],[54,871]]
[[0,0],[1,0],[12,871]]
[[0,0],[1,0],[5,871]]
[[0,0],[1,0],[64,871]]
[[0,0],[1,0],[256,871]]
[[0,0],[1,0],[207,871]]
[[0,0],[1,0],[35,871]]
[[0,0],[1,0],[805,871]]
[[0,0],[1,0],[69,871]]
[[0,0],[1,0],[152,871]]
[[0,0],[1,0],[126,871]]
[[0,0],[1,0],[162,871]]
[[0,0],[1,0],[348,871]]
[[0,0],[1,0],[94,871]]
[[0,0],[1,0],[165,871]]
[[0,0],[1,0],[16,871]]
[[0,0],[1,0],[212,871]]
[[0,0],[1,0],[231,871]]
[[0,0],[1,0],[4,871]]
[[0,0],[1,0],[18,871]]
[[0,0],[1,0],[38,871]]
[[0,0],[1,0],[105,871]]
[[0,0],[1,0],[417,871]]
[[0,0],[1,0],[326,871]]
[[0,0],[1,0],[151,871]]
[[0,0],[1,0],[443,871]]
[[0,0],[1,0],[97,871]]
[[0,0],[1,0],[72,871]]
[[0,0],[1,0],[7,871]]
[[0,0],[1,0],[15,871]]
[[0,0],[1,0],[42,871]]
[[0,0],[1,0],[25,871]]
[[0,0],[1,0],[47,871]]
[[0,0],[1,0],[300,871]]
[[0,0],[1,0],[178,871]]
[[0,0],[1,0],[144,871]]
[[0,0],[1,0],[158,871]]
[[0,0],[1,0],[23,871]]
[[0,0],[1,0],[14,871]]
[[0,0],[1,0],[119,871]]
[[0,0],[1,0],[292,871]]
[[0,0],[1,0],[183,871]]
[[0,0],[1,0],[103,871]]
[[0,0],[1,0],[213,871]]
[[0,0],[1,0],[51,871]]
[[0,0],[1,0],[62,871]]
[[0,0],[1,0],[8,871]]
[[0,0],[1,0],[166,871]]
[[0,0],[1,0],[403,871]]
[[0,0],[1,0],[321,871]]
[[0,0],[1,0],[316,871]]
[[0,0],[1,0],[45,871]]
[[0,0],[1,0],[75,871]]
[[0,0],[1,0],[46,871]]
[[0,0],[1,0],[41,871]]
[[0,0],[1,0],[56,871]]
[[0,0],[1,0],[547,871]]
[[0,0],[1,0],[176,871]]
[[0,0],[1,0],[339,871]]
[[0,0],[1,0],[34,871]]
[[0,0],[1,0],[116,871]]
[[0,0],[1,0],[90,871]]
[[0,0],[1,0],[93,871]]
