[[0,0],[2,0],[82,436]]
[[0,0],[2,0],[198,436]]
[[0,0],[1,0],[303,872]]
[[0,0],[2,0],[90,436]]
[[0,0],[1,0],[243,872]]
[[0,0],[2,0],[58,436]]
[[0,0],[1,0],[273,872]]
[[0,0],[1,0],[483,872]]
[[0,0],[2,0],[174,436]]
[[0,0],[2,0],[294,436]]
[[0,0],[1,0],[711,872]]
[[0,0],[1,0],[227,872]]
[[0,0],[1,0],[129,872]]
[[0,0],[1,0],[21,872]]
[[0,0],[1,0],[135,872]]
[[0,0],[1,0],[99,872]]
[[0,0],[1,0],[377,872]]
[[0,0],[2,0],[102,436]]
[[0,0],[2,0],[106,436]]
[[0,0],[1,0],[221,872]]
[[0,0],[2,0],[42,436]]
[[0,0],[1,0],[13,872]]
[[0,0],[1,0],[159,872]]
[[0,0],[1,0],[197,872]]
[[0,0],[1,0],[641,872]]
[[0,0],[1,0],[83,872]]
[[0,0],[2,0],[278,436]]
[[0,0],[1,0],[179,872]]
[[0,0],[1,0],[43,872]]
[[0,0],[1,0],[761,872]]
[[0,0],[1,0],[271,872]]
[[0,0],[1,0],[557,872]]
[[0,0],[1,0],[439,872]]
[[0,0],[1,0],[757,872]]
[[0,0],[1,0],[5,872]]
[[0,0],[1,0],[187,872]]
[[0,0],[1,0],[233,872]]
[[0,0],[2,0],[78,436]]
[[0,0],[1,0],[73,872]]
[[0,0],[1,0],[473,872]]
[[0,0],[1,0],[353,872]]
[[0,0],[1,0],[319,872]]
[[0,0],[1,0],[367,872]]
[[0,0],[1,0],[215,872]]
[[0,0],[1,0],[223,872]]
[[0,0],[1,0],[703,872]]
[[0,0],[1,0],[67,872]]
[[0,0],[2,0],[118,436]]
[[0,0],[1,0],[261,872]]
[[0,0],[1,0],[61,872]]
[[0,0],[1,0],[33,872]]
[[0,0],[2,0],[2,436]]
[[0,0],[1,0],[437,872]]
[[0,0],[1,0],[55,872]]
[[0,0],[2,0],[202,436]]
[[0,0],[1,0],[539,872]]
[[0,0],[1,0],[365,872]]
[[0,0],[1,0],[63,872]]
[[0,0],[1,0],[133,872]]
[[0,0],[1,0],[219,872]]
[[0,0],[1,0],[123,872]]
[[0,0],[1,0],[764,872]]
[[0,0],[1,0],[35,872]]
[[0,0],[1,0],[155,872]]
[[0,0],[1,0],[213,872]]
[[0,0],[1,0],[9,872]]
[[0,0],[1,0],[347,872]]
[[0,0],[1,0],[91,872]]
[[0,0],[1,0],[585,872]]
[[0,0],[1,0],[141,872]]
[[0,0],[1,0],[463,872]]
[[0,0],[1,0],[77,872]]
[[0,0],[1,0],[257,872]]
[[0,0],[1,0],[709,872]]
[[0,0],[1,0],[546,872]]
[[0,0],[2,0],[34,436]]
[[0,0],[1,0],[217,872]]
[[0,0],[1,0],[425,872]]
[[0,0],[2,0],[274,436]]
[[0,0],[1,0],[363,872]]
[[0,0],[1,0],[249,872]]
[[0,0],[1,0],[313,872]]
[[0,0],[2,0],[14,436]]
[[0,0],[1,0],[139,872]]
[[0,0],[1,0],[581,872]]
[[0,0],[1,0],[417,872]]
[[0,0],[1,0],[95,872]]
[[0,0],[1,0],[549,872]]
[[0,0],[1,0],[283,872]]
[[0,0],[1,0],[571,872]]
[[0,0],[2,0],[122,436]]
[[0,0],[1,0],[415,872]]
[[0,0],[1,0],[241,872]]
[[0,0],[1,0],[105,872]]
[[0,0],[1,0],[57,872]]
[[0,0],[1,0],[783,872]]
[[0,0],[2,0],[166,436]]
[[0,0],[1,0],[79,872]]
[[0,0],[1,0],[487,872]]
[[0,0],[1,0],[119,872]]
[[0,0],[2,0],[266,436]]
[[0,0],[2,0],[38,436]]
[[0,0],[1,0],[471,872]]
[[0,0],[2,0],[10,436]]
[[0,0],[1,0],[205,872]]
[[0,0],[1,0],[375,872]]
[[0,0],[1,0],[235,872]]
[[0,0],[1,0],[183,872]]
[[0,0],[1,0],[177,872]]
[[0,0],[2,0],[190,436]]
[[0,0],[2,0],[30,436]]
[[0,0],[1,0],[687,872]]
[[0,0],[1,0],[147,872]]
[[0,0],[1,0],[275,872]]
[[0,0],[1,0],[195,872]]
[[0,0],[1,0],[39,872]]
[[0,0],[1,0],[267,872]]
[[0,0],[2,0],[282,436]]
[[0,0],[1,0],[189,872]]
[[0,0],[1,0],[561,872]]
[[0,0],[2,0],[22,436]]
[[0,0],[1,0],[149,872]]
[[0,0],[2,0],[74,436]]
[[0,0],[1,0],[75,872]]
[[0,0],[2,0],[310,436]]
[[0,0],[1,0],[269,872]]
[[0,0],[1,0],[251,872]]
[[0,0],[2,0],[186,436]]
[[0,0],[2,0],[6,436]]
[[0,0],[1,0],[53,872]]
[[0,0],[1,0],[663,872]]
[[0,0],[2,0],[220,436]]
[[0,0],[1,0],[361,872]]
[[0,0],[1,0],[173,872]]
[[0,0],[1,0],[69,872]]
[[0,0],[1,0],[413,872]]
[[0,0],[2,0],[110,436]]
[[0,0],[2,0],[242,436]]
[[0,0],[1,0],[245,872]]
[[0,0],[1,0],[469,872]]
[[0,0],[1,0],[297,872]]
[[0,0],[1,0],[465,872]]
[[0,0],[1,0],[259,872]]
[[0,0],[1,0],[321,872]]
[[0,0],[2,0],[18,436]]
[[0,0],[1,0],[745,872]]
[[0,0],[1,0],[775,872]]
[[0,0],[2,0],[138,436]]
[[0,0],[1,0],[705,872]]
[[0,0],[1,0],[493,872]]
[[0,0],[1,0],[451,872]]
[[0,0],[1,0],[113,872]]
[[0,0],[1,0],[579,872]]
[[0,0],[2,0],[182,436]]
[[0,0],[1,0],[11,872]]
[[0,0],[2,0],[134,436]]
[[0,0],[2,0],[150,436]]
[[0,0],[1,0],[485,872]]
[[0,0],[1,0],[253,872]]
[[0,0],[2,0],[130,436]]
[[0,0],[1,0],[397,872]]
[[0,0],[1,0],[405,872]]
[[0,0],[1,0],[193,872]]
[[0,0],[1,0],[419,872]]
[[0,0],[2,0],[390,436]]
[[0,0],[1,0],[871,872]]
[[0,0],[2,0],[434,436]]
[[0,0],[1,0],[501,872]]
[[0,0],[1,0],[633,872]]
[[0,0],[2,0],[62,436]]
[[0,0],[1,0],[201,872]]
[[0,0],[1,0],[87,872]]
[[0,0],[1,0],[131,872]]
[[0,0],[1,0],[207,872]]
[[0,0],[1,0],[157,872]]
[[0,0],[1,0],[701,872]]
[[0,0],[2,0],[206,436]]
[[0,0],[1,0],[37,872]]
[[0,0],[1,0],[411,872]]
[[0,0],[1,0],[145,872]]
[[0,0],[1,0],[255,872]]
[[0,0],[1,0],[31,872]]
[[0,0],[1,0],[423,872]]
[[0,0],[1,0],[7,872]]
[[0,0],[1,0],[199,872]]
[[0,0],[1,0],[229,872]]
[[0,0],[1,0],[23,872]]
[[0,0],[1,0],[143,872]]
[[0,0],[2,0],[26,436]]
[[0,0],[1,0],[27,872]]
[[0,0],[1,0],[107,872]]
[[0,0],[1,0],[305,872]]
[[0,0],[1,0],[331,872]]
[[0,0],[1,0],[609,872]]
[[0,0],[1,0],[281,872]]
[[0,0],[1,0],[521,872]]
[[0,0],[1,0],[101,872]]
[[0,0],[1,0],[51,872]]
[[0,0],[1,0],[441,872]]
[[0,0],[1,0],[211,872]]
[[0,0],[1,0],[653,872]]
[[0,0],[2,0],[226,436]]
[[0,0],[2,0],[54,436]]
[[0,0],[1,0],[3,872]]
[[0,0],[2,0],[258,436]]
[[0,0],[1,0],[247,872]]
[[0,0],[1,0],[47,872]]
[[0,0],[1,0],[225,872]]
[[0,0],[1,0],[369,872]]
[[0,0],[1,0],[429,872]]
[[0,0],[1,0],[175,872]]
[[0,0],[1,0],[359,872]]
[[0,0],[2,0],[94,436]]
[[0,0],[1,0],[279,872]]
[[0,0],[1,0],[41,872]]
[[0,0],[1,0],[121,872]]
[[0,0],[1,0],[81,872]]
[[0,0],[1,0],[103,872]]
[[0,0],[1,0],[45,872]]
[[0,0],[1,0],[93,872]]
[[0,0],[1,0],[17,872]]
[[0,0],[1,0],[691,872]]
[[0,0],[2,0],[70,436]]
[[0,0],[1,0],[445,872]]
[[0,0],[2,0],[98,436]]
[[0,0],[1,0],[355,872]]
[[0,0],[1,0],[59,872]]
[[0,0],[1,0],[719,872]]
[[0,0],[1,0],[343,872]]
[[0,0],[1,0],[527,872]]
[[0,0],[1,0],[565,872]]
[[0,0],[1,0],[395,872]]
[[0,0],[1,0],[707,872]]
[[0,0],[1,0],[435,872]]
[[0,0],[1,0],[137,872]]
[[0,0],[1,0],[289,872]]
[[0,0],[1,0],[499,872]]
[[0,0],[1,0],[85,872]]
[[0,0],[1,0],[523,872]]
[[0,0],[1,0],[325,872]]
[[0,0],[1,0],[339,872]]
[[0,0],[1,0],[125,872]]
[[0,0],[1,0],[489,872]]
[[0,0],[1,0],[341,872]]
[[0,0],[1,0],[573,872]]
[[0,0],[2,0],[214,436]]
[[0,0],[1,0],[49,872]]
[[0,0],[1,0],[265,872]]
[[0,0],[1,0],[515,872]]
[[0,0],[2,0],[290,436]]
[[0,0],[1,0],[335,872]]
[[0,0],[1,0],[15,872]]
[[0,0],[1,0],[337,872]]
[[0,0],[1,0],[203,872]]
[[0,0],[2,0],[114,436]]
[[0,0],[1,0],[317,872]]
[[0,0],[1,0],[328,872]]
[[0,0],[1,0],[71,872]]
[[0,0],[1,0],[110,872]]
[[0,0],[2,0],[86,436]]
[[0,0],[1,0],[29,872]]
[[0,0],[1,0],[309,872]]
[[0,0],[1,0],[587,872]]
[[0,0],[1,0],[25,872]]
[[0,0],[2,0],[66,436]]
[[0,0],[1,0],[655,872]]
[[0,0],[1,0],[65,872]]
[[0,0],[2,0],[50,436]]
[[0,0],[1,0],[295,872]]
[[0,0],[1,0],[491,872]]
[[0,0],[1,0],[543,872]]
[[0,0],[1,0],[151,872]]
[[0,0],[1,0],[191,872]]
[[0,0],[1,0],[19,872]]
[[0,0],[1,0],[391,872]]
[[0,0],[1,0],[393,872]]
[[0,0],[1,0],[117,872]]
[[0,0],[1,0],[1,872]]
[[0,0],[1,0],[595,872]]
[[0,0],[1,0],[237,872]]
