[[0,0],[5,0],[30,175]]
[[0,0],[1,0],[22,875]]
[[0,0],[1,0],[596,875]]
[[0,0],[1,0],[362,875]]
[[0,0],[1,0],[288,875]]
[[0,0],[1,0],[216,875]]
[[0,0],[1,0],[2,875]]
[[0,0],[1,0],[271,875]]
[[0,0],[1,0],[246,875]]
[[0,0],[1,0],[376,875]]
[[0,0],[1,0],[561,875]]
[[0,0],[1,0],[37,875]]
[[0,0],[1,0],[204,875]]
[[0,0],[1,0],[267,875]]
[[0,0],[1,0],[855,875]]
[[0,0],[1,0],[118,875]]
[[0,0],[1,0],[656,875]]
[[0,0],[1,0],[442,875]]
[[0,0],[1,0],[57,875]]
[[0,0],[1,0],[651,875]]
[[0,0],[1,0],[344,875]]
[[0,0],[1,0],[107,875]]
[[0,0],[1,0],[356,875]]
[[0,0],[1,0],[17,875]]
[[0,0],[1,0],[673,875]]
[[0,0],[5,0],[5,175]]
[[0,0],[1,0],[260,875]]
[[0,0],[1,0],[218,875]]
[[0,0],[1,0],[645,875]]
[[0,0],[1,0],[631,875]]
[[0,0],[1,0],[174,875]]
[[0,0],[1,0],[141,875]]
[[0,0],[1,0],[52,875]]
[[0,0],[1,0],[88,875]]
[[0,0],[1,0],[156,875]]
[[0,0],[1,0],[131,875]]
[[0,0],[1,0],[19,875]]
[[0,0],[1,0],[117,875]]
[[0,0],[1,0],[44,875]]
[[0,0],[1,0],[463,875]]
[[0,0],[1,0],[247,875]]
[[0,0],[1,0],[1,875]]
[[0,0],[1,0],[431,875]]
[[0,0],[1,0],[11,875]]
[[0,0],[5,0],[145,175]]
[[0,0],[1,0],[78,875]]
[[0,0],[1,0],[826,875]]
[[0,0],[1,0],[785,875]]
[[0,0],[1,0],[43,875]]
[[0,0],[1,0],[87,875]]
[[0,0],[1,0],[365,875]]
[[0,0],[1,0],[114,875]]
[[0,0],[1,0],[638,875]]
[[0,0],[1,0],[3,875]]
[[0,0],[1,0],[731,875]]
[[0,0],[1,0],[187,875]]
[[0,0],[1,0],[386,875]]
[[0,0],[1,0],[188,875]]
[[0,0],[1,0],[36,875]]
[[0,0],[1,0],[253,875]]
[[0,0],[1,0],[169,875]]
[[0,0],[5,0],[75,175]]
[[0,0],[5,0],[40,175]]
[[0,0],[1,0],[729,875]]
[[0,0],[1,0],[498,875]]
[[0,0],[1,0],[13,875]]
[[0,0],[1,0],[29,875]]
[[0,0],[1,0],[123,875]]
[[0,0],[1,0],[286,875]]
[[0,0],[1,0],[6,875]]
[[0,0],[1,0],[435,875]]
[[0,0],[1,0],[201,875]]
[[0,0],[1,0],[26,875]]
[[0,0],[1,0],[99,875]]
[[0,0],[1,0],[323,875]]
[[0,0],[1,0],[76,875]]
[[0,0],[1,0],[361,875]]
[[0,0],[1,0],[167,875]]
[[0,0],[1,0],[680,875]]
[[0,0],[1,0],[68,875]]
[[0,0],[1,0],[486,875]]
[[0,0],[1,0],[59,875]]
[[0,0],[1,0],[586,875]]
[[0,0],[1,0],[67,875]]
[[0,0],[1,0],[9,875]]
[[0,0],[1,0],[696,875]]
[[0,0],[1,0],[331,875]]
[[0,0],[1,0],[491,875]]
[[0,0],[1,0],[127,875]]
[[0,0],[1,0],[393,875]]
[[0,0],[1,0],[186,875]]
[[0,0],[1,0],[136,875]]
[[0,0],[1,0],[540,875]]
[[0,0],[1,0],[124,875]]
[[0,0],[1,0],[451,875]]
[[0,0],[1,0],[505,875]]
[[0,0],[1,0],[624,875]]
[[0,0],[1,0],[261,875]]
[[0,0],[1,0],[236,875]]
[[0,0],[1,0],[120,875]]
[[0,0],[1,0],[108,875]]
[[0,0],[1,0],[496,875]]
[[0,0],[1,0],[61,875]]
[[0,0],[1,0],[106,875]]
[[0,0],[1,0],[330,875]]
[[0,0],[1,0],[85,875]]
[[0,0],[1,0],[79,875]]
[[0,0],[1,0],[155,875]]
[[0,0],[1,0],[576,875]]
[[0,0],[1,0],[111,875]]
[[0,0],[1,0],[48,875]]
[[0,0],[1,0],[86,875]]
[[0,0],[1,0],[197,875]]
[[0,0],[1,0],[139,875]]
[[0,0],[1,0],[276,875]]
[[0,0],[1,0],[301,875]]
[[0,0],[1,0],[171,875]]
[[0,0],[1,0],[71,875]]
[[0,0],[1,0],[191,875]]
[[0,0],[1,0],[601,875]]
[[0,0],[1,0],[591,875]]
[[0,0],[1,0],[143,875]]
[[0,0],[1,0],[58,875]]
[[0,0],[1,0],[113,875]]
[[0,0],[1,0],[33,875]]
[[0,0],[1,0],[470,875]]
[[0,0],[1,0],[32,875]]
[[0,0],[1,0],[269,875]]
[[0,0],[1,0],[449,875]]
[[0,0],[1,0],[148,875]]
[[0,0],[1,0],[12,875]]
[[0,0],[1,0],[27,875]]
[[0,0],[1,0],[24,875]]
[[0,0],[1,0],[109,875]]
[[0,0],[1,0],[121,875]]
[[0,0],[1,0],[239,875]]
[[0,0],[1,0],[66,875]]
[[0,0],[1,0],[81,875]]
[[0,0],[1,0],[134,875]]
[[0,0],[1,0],[414,875]]
[[0,0],[1,0],[318,875]]
[[0,0],[1,0],[142,875]]
[[0,0],[1,0],[132,875]]
[[0,0],[1,0],[152,875]]
[[0,0],[1,0],[149,875]]
[[0,0],[1,0],[64,875]]
[[0,0],[1,0],[137,875]]
[[0,0],[1,0],[69,875]]
[[0,0],[1,0],[181,875]]
[[0,0],[1,0],[96,875]]
[[0,0],[1,0],[162,875]]
[[0,0],[1,0],[256,875]]
[[0,0],[1,0],[786,875]]
[[0,0],[1,0],[129,875]]
[[0,0],[1,0],[126,875]]
[[0,0],[1,0],[324,875]]
[[0,0],[1,0],[206,875]]
[[0,0],[1,0],[94,875]]
[[0,0],[1,0],[153,875]]
[[0,0],[1,0],[251,875]]
[[0,0],[1,0],[16,875]]
[[0,0],[1,0],[396,875]]
[[0,0],[1,0],[501,875]]
[[0,0],[1,0],[4,875]]
[[0,0],[1,0],[18,875]]
[[0,0],[1,0],[232,875]]
[[0,0],[5,0],[20,175]]
[[0,0],[1,0],[15,875]]
[[0,0],[1,0],[221,875]]
[[0,0],[1,0],[97,875]]
[[0,0],[1,0],[72,875]]
[[0,0],[1,0],[610,875]]
[[0,0],[1,0],[295,875]]
[[0,0],[1,0],[151,875]]
[[0,0],[1,0],[309,875]]
[[0,0],[1,0],[192,875]]
[[0,0],[1,0],[351,875]]
[[0,0],[1,0],[372,875]]
[[0,0],[1,0],[391,875]]
[[0,0],[1,0],[283,875]]
[[0,0],[1,0],[31,875]]
[[0,0],[5,0],[55,175]]
[[0,0],[1,0],[178,875]]
[[0,0],[1,0],[291,875]]
[[0,0],[5,0],[10,175]]
[[0,0],[1,0],[23,875]]
[[0,0],[1,0],[401,875]]
[[0,0],[1,0],[183,875]]
[[0,0],[1,0],[51,875]]
[[0,0],[1,0],[306,875]]
[[0,0],[5,0],[15,175]]
[[0,0],[1,0],[8,875]]
[[0,0],[1,0],[166,875]]
[[0,0],[1,0],[296,875]]
[[0,0],[1,0],[321,875]]
[[0,0],[1,0],[62,875]]
[[0,0],[5,0],[130,175]]
[[0,0],[1,0],[190,875]]
[[0,0],[1,0],[268,875]]
[[0,0],[1,0],[715,875]]
[[0,0],[1,0],[820,875]]
[[0,0],[1,0],[93,875]]
[[0,0],[1,0],[138,875]]
[[0,0],[1,0],[516,875]]
[[0,0],[1,0],[476,875]]
[[0,0],[1,0],[46,875]]
[[0,0],[1,0],[34,875]]
[[0,0],[1,0],[116,875]]
[[0,0],[1,0],[41,875]]
[[0,0],[1,0],[92,875]]
[[0,0],[1,0],[176,875]]
[[0,0],[1,0],[661,875]]
