[[0,0],[1,0],[363,878]]
[[0,0],[1,0],[599,878]]
[[0,0],[1,0],[21,878]]
[[0,0],[1,0],[325,878]]
[[0,0],[1,0],[63,878]]
[[0,0],[1,0],[585,878]]
[[0,0],[1,0],[57,878]]
[[0,0],[1,0],[651,878]]
[[0,0],[1,0],[37,878]]
[[0,0],[1,0],[407,878]]
[[0,0],[1,0],[107,878]]
[[0,0],[1,0],[203,878]]
[[0,0],[1,0],[77,878]]
[[0,0],[1,0],[225,878]]
[[0,0],[1,0],[17,878]]
[[0,0],[1,0],[173,878]]
[[0,0],[1,0],[723,878]]
[[0,0],[1,0],[495,878]]
[[0,0],[1,0],[375,878]]
[[0,0],[1,0],[277,878]]
[[0,0],[1,0],[217,878]]
[[0,0],[1,0],[465,878]]
[[0,0],[1,0],[313,878]]
[[0,0],[1,0],[397,878]]
[[0,0],[1,0],[499,878]]
[[0,0],[1,0],[131,878]]
[[0,0],[1,0],[569,878]]
[[0,0],[1,0],[135,878]]
[[0,0],[1,0],[115,878]]
[[0,0],[1,0],[19,878]]
[[0,0],[1,0],[445,878]]
[[0,0],[1,0],[1,878]]
[[0,0],[1,0],[441,878]]
[[0,0],[1,0],[345,878]]
[[0,0],[1,0],[11,878]]
[[0,0],[1,0],[245,878]]
[[0,0],[1,0],[117,878]]
[[0,0],[1,0],[247,878]]
[[0,0],[1,0],[431,878]]
[[0,0],[1,0],[733,878]]
[[0,0],[1,0],[83,878]]
[[0,0],[1,0],[43,878]]
[[0,0],[1,0],[343,878]]
[[0,0],[1,0],[259,878]]
[[0,0],[1,0],[49,878]]
[[0,0],[1,0],[415,878]]
[[0,0],[1,0],[3,878]]
[[0,0],[1,0],[87,878]]
[[0,0],[1,0],[365,878]]
[[0,0],[1,0],[315,878]]
[[0,0],[1,0],[721,878]]
[[0,0],[1,0],[737,878]]
[[0,0],[1,0],[327,878]]
[[0,0],[1,0],[459,878]]
[[0,0],[1,0],[179,878]]
[[0,0],[1,0],[187,878]]
[[0,0],[1,0],[169,878]]
[[0,0],[1,0],[161,878]]
[[0,0],[1,0],[199,878]]
[[0,0],[1,0],[329,878]]
[[0,0],[1,0],[39,878]]
[[0,0],[1,0],[53,878]]
[[0,0],[1,0],[91,878]]
[[0,0],[1,0],[89,878]]
[[0,0],[1,0],[235,878]]
[[0,0],[1,0],[369,878]]
[[0,0],[1,0],[381,878]]
[[0,0],[1,0],[205,878]]
[[0,0],[1,0],[177,878]]
[[0,0],[1,0],[123,878]]
[[0,0],[1,0],[193,878]]
[[0,0],[1,0],[243,878]]
[[0,0],[1,0],[241,878]]
[[0,0],[1,0],[13,878]]
[[0,0],[1,0],[99,878]]
[[0,0],[1,0],[877,878]]
[[0,0],[1,0],[29,878]]
[[0,0],[1,0],[667,878]]
[[0,0],[1,0],[361,878]]
[[0,0],[1,0],[219,878]]
[[0,0],[1,0],[335,878]]
[[0,0],[1,0],[289,878]]
[[0,0],[1,0],[793,878]]
[[0,0],[1,0],[59,878]]
[[0,0],[1,0],[167,878]]
[[0,0],[1,0],[147,878]]
[[0,0],[1,0],[67,878]]
[[0,0],[1,0],[163,878]]
[[0,0],[1,0],[9,878]]
[[0,0],[1,0],[331,878]]
[[0,0],[1,0],[285,878]]
[[0,0],[1,0],[311,878]]
[[0,0],[1,0],[491,878]]
[[0,0],[1,0],[595,878]]
[[0,0],[1,0],[229,878]]
[[0,0],[1,0],[95,878]]
[[0,0],[1,0],[467,878]]
[[0,0],[1,0],[393,878]]
[[0,0],[1,0],[655,878]]
[[0,0],[1,0],[427,878]]
[[0,0],[1,0],[423,878]]
[[0,0],[1,0],[125,878]]
[[0,0],[1,0],[333,878]]
[[0,0],[1,0],[127,878]]
[[0,0],[1,0],[611,878]]
[[0,0],[1,0],[373,878]]
[[0,0],[1,0],[133,878]]
[[0,0],[1,0],[159,878]]
[[0,0],[1,0],[507,878]]
[[0,0],[1,0],[261,878]]
[[0,0],[1,0],[209,878]]
[[0,0],[1,0],[537,878]]
[[0,0],[1,0],[185,878]]
[[0,0],[1,0],[457,878]]
[[0,0],[1,0],[559,878]]
[[0,0],[1,0],[265,878]]
[[0,0],[1,0],[713,878]]
[[0,0],[1,0],[615,878]]
[[0,0],[1,0],[61,878]]
[[0,0],[1,0],[55,878]]
[[0,0],[1,0],[337,878]]
[[0,0],[1,0],[627,878]]
[[0,0],[1,0],[395,878]]
[[0,0],[1,0],[139,878]]
[[0,0],[1,0],[175,878]]
[[0,0],[1,0],[657,878]]
[[0,0],[1,0],[79,878]]
[[0,0],[1,0],[111,878]]
[[0,0],[1,0],[171,878]]
[[0,0],[1,0],[197,878]]
[[0,0],[1,0],[425,878]]
[[0,0],[1,0],[301,878]]
[[0,0],[1,0],[113,878]]
[[0,0],[1,0],[71,878]]
[[0,0],[1,0],[33,878]]
[[0,0],[1,0],[191,878]]
[[0,0],[1,0],[621,878]]
[[0,0],[1,0],[143,878]]
[[0,0],[1,0],[233,878]]
[[0,0],[1,0],[409,878]]
[[0,0],[1,0],[449,878]]
[[0,0],[1,0],[629,878]]
[[0,0],[1,0],[625,878]]
[[0,0],[1,0],[573,878]]
[[0,0],[1,0],[269,878]]
[[0,0],[1,0],[73,878]]
[[0,0],[1,0],[255,878]]
[[0,0],[1,0],[605,878]]
[[0,0],[1,0],[27,878]]
[[0,0],[1,0],[353,878]]
[[0,0],[1,0],[607,878]]
[[0,0],[1,0],[121,878]]
[[0,0],[1,0],[297,878]]
[[0,0],[1,0],[521,878]]
[[0,0],[1,0],[81,878]]
[[0,0],[1,0],[109,878]]
[[0,0],[1,0],[239,878]]
[[0,0],[1,0],[355,878]]
[[0,0],[1,0],[207,878]]
[[0,0],[1,0],[35,878]]
[[0,0],[1,0],[195,878]]
[[0,0],[1,0],[5,878]]
[[0,0],[1,0],[677,878]]
[[0,0],[1,0],[137,878]]
[[0,0],[1,0],[149,878]]
[[0,0],[1,0],[511,878]]
[[0,0],[1,0],[101,878]]
[[0,0],[1,0],[129,878]]
[[0,0],[1,0],[489,878]]
[[0,0],[1,0],[69,878]]
[[0,0],[1,0],[181,878]]
[[0,0],[1,0],[477,878]]
[[0,0],[1,0],[575,878]]
[[0,0],[1,0],[65,878]]
[[0,0],[1,0],[531,878]]
[[0,0],[1,0],[237,878]]
[[0,0],[1,0],[317,878]]
[[0,0],[1,0],[153,878]]
[[0,0],[1,0],[417,878]]
[[0,0],[1,0],[231,878]]
[[0,0],[1,0],[501,878]]
[[0,0],[1,0],[97,878]]
[[0,0],[1,0],[587,878]]
[[0,0],[1,0],[603,878]]
[[0,0],[1,0],[15,878]]
[[0,0],[1,0],[105,878]]
[[0,0],[1,0],[47,878]]
[[0,0],[1,0],[295,878]]
[[0,0],[1,0],[151,878]]
[[0,0],[1,0],[189,878]]
[[0,0],[1,0],[443,878]]
[[0,0],[1,0],[351,878]]
[[0,0],[1,0],[571,878]]
[[0,0],[1,0],[391,878]]
[[0,0],[1,0],[557,878]]
[[0,0],[1,0],[7,878]]
[[0,0],[1,0],[25,878]]
[[0,0],[1,0],[31,878]]
[[0,0],[1,0],[215,878]]
[[0,0],[1,0],[287,878]]
[[0,0],[1,0],[359,878]]
[[0,0],[1,0],[51,878]]
[[0,0],[1,0],[23,878]]
[[0,0],[1,0],[119,878]]
[[0,0],[1,0],[385,878]]
[[0,0],[1,0],[403,878]]
[[0,0],[1,0],[183,878]]
[[0,0],[1,0],[103,878]]
[[0,0],[1,0],[213,878]]
[[0,0],[1,0],[539,878]]
[[0,0],[1,0],[529,878]]
[[0,0],[1,0],[440,878]]
[[0,0],[1,0],[399,878]]
[[0,0],[1,0],[45,878]]
[[0,0],[1,0],[597,878]]
[[0,0],[1,0],[579,878]]
[[0,0],[1,0],[555,878]]
[[0,0],[1,0],[75,878]]
[[0,0],[1,0],[93,878]]
[[0,0],[1,0],[41,878]]
[[0,0],[1,0],[405,878]]
