[[0,0],[1,0],[661,879]]
[[0,0],[1,0],[202,879]]
[[0,0],[1,0],[583,879]]
[[0,0],[1,0],[376,879]]
[[0,0],[1,0],[2,879]]
[[0,0],[1,0],[274,879]]
[[0,0],[1,0],[325,879]]
[[0,0],[1,0],[118,879]]
[[0,0],[1,0],[37,879]]
[[0,0],[1,0],[107,879]]
[[0,0],[1,0],[730,879]]
[[0,0],[1,0],[77,879]]
[[0,0],[1,0],[367,879]]
[[0,0],[1,0],[17,879]]
[[0,0],[1,0],[565,879]]
[[0,0],[1,0],[214,879]]
[[0,0],[1,0],[352,879]]
[[0,0],[1,0],[217,879]]
[[0,0],[1,0],[313,879]]
[[0,0],[1,0],[304,879]]
[[0,0],[1,0],[131,879]]
[[0,0],[1,0],[115,879]]
[[0,0],[1,0],[19,879]]
[[0,0],[1,0],[244,879]]
[[0,0],[1,0],[208,879]]
[[0,0],[1,0],[52,879]]
[[0,0],[1,0],[1,879]]
[[0,0],[1,0],[364,879]]
[[0,0],[1,0],[11,879]]
[[0,0],[1,0],[10,879]]
[[0,0],[1,0],[412,879]]
[[0,0],[1,0],[245,879]]
[[0,0],[1,0],[463,879]]
[[0,0],[1,0],[230,879]]
[[0,0],[1,0],[83,879]]
[[0,0],[1,0],[43,879]]
[[0,0],[1,0],[343,879]]
[[0,0],[1,0],[223,879]]
[[0,0],[1,0],[49,879]]
[[0,0],[1,0],[415,879]]
[[0,0],[1,0],[307,879]]
[[0,0],[1,0],[305,879]]
[[0,0],[1,0],[179,879]]
[[0,0],[1,0],[187,879]]
[[0,0],[1,0],[169,879]]
[[0,0],[1,0],[161,879]]
[[0,0],[1,0],[199,879]]
[[0,0],[1,0],[154,879]]
[[0,0],[1,0],[53,879]]
[[0,0],[1,0],[91,879]]
[[0,0],[1,0],[253,879]]
[[0,0],[1,0],[235,879]]
[[0,0],[1,0],[604,879]]
[[0,0],[1,0],[205,879]]
[[0,0],[1,0],[286,879]]
[[0,0],[1,0],[112,879]]
[[0,0],[1,0],[193,879]]
[[0,0],[1,0],[241,879]]
[[0,0],[1,0],[294,879]]
[[0,0],[1,0],[28,879]]
[[0,0],[1,0],[13,879]]
[[0,0],[1,0],[29,879]]
[[0,0],[1,0],[667,879]]
[[0,0],[1,0],[361,879]]
[[0,0],[1,0],[26,879]]
[[0,0],[1,0],[140,879]]
[[0,0],[1,0],[76,879]]
[[0,0],[1,0],[619,879]]
[[0,0],[1,0],[59,879]]
[[0,0],[1,0],[68,879]]
[[0,0],[1,0],[370,879]]
[[0,0],[1,0],[67,879]]
[[0,0],[1,0],[484,879]]
[[0,0],[1,0],[652,879]]
[[0,0],[1,0],[331,879]]
[[0,0],[1,0],[70,879]]
[[0,0],[1,0],[670,879]]
[[0,0],[1,0],[472,879]]
[[0,0],[1,0],[493,879]]
[[0,0],[1,0],[595,879]]
[[0,0],[1,0],[229,879]]
[[0,0],[1,0],[136,879]]
[[0,0],[1,0],[427,879]]
[[0,0],[1,0],[125,879]]
[[0,0],[1,0],[451,879]]
[[0,0],[1,0],[127,879]]
[[0,0],[1,0],[334,879]]
[[0,0],[1,0],[74,879]]
[[0,0],[1,0],[50,879]]
[[0,0],[1,0],[124,879]]
[[0,0],[1,0],[20,879]]
[[0,0],[1,0],[133,879]]
[[0,0],[1,0],[496,879]]
[[0,0],[1,0],[236,879]]
[[0,0],[1,0],[418,879]]
[[0,0],[1,0],[130,879]]
[[0,0],[1,0],[61,879]]
[[0,0],[1,0],[106,879]]
[[0,0],[1,0],[155,879]]
[[0,0],[1,0],[787,879]]
[[0,0],[1,0],[226,879]]
[[0,0],[1,0],[262,879]]
[[0,0],[1,0],[86,879]]
[[0,0],[1,0],[85,879]]
[[0,0],[1,0],[175,879]]
[[0,0],[1,0],[139,879]]
[[0,0],[1,0],[394,879]]
[[0,0],[1,0],[79,879]]
[[0,0],[1,0],[301,879]]
[[0,0],[1,0],[71,879]]
[[0,0],[1,0],[302,879]]
[[0,0],[1,0],[191,879]]
[[0,0],[1,0],[32,879]]
[[0,0],[1,0],[58,879]]
[[0,0],[1,0],[409,879]]
[[0,0],[1,0],[433,879]]
[[0,0],[1,0],[466,879]]
[[0,0],[1,0],[194,879]]
[[0,0],[1,0],[98,879]]
[[0,0],[1,0],[280,879]]
[[0,0],[1,0],[310,879]]
[[0,0],[1,0],[73,879]]
[[0,0],[1,0],[148,879]]
[[0,0],[1,0],[353,879]]
[[0,0],[1,0],[121,879]]
[[0,0],[1,0],[691,879]]
[[0,0],[1,0],[109,879]]
[[0,0],[1,0],[134,879]]
[[0,0],[1,0],[239,879]]
[[0,0],[1,0],[160,879]]
[[0,0],[1,0],[35,879]]
[[0,0],[1,0],[122,879]]
[[0,0],[1,0],[322,879]]
[[0,0],[1,0],[5,879]]
[[0,0],[1,0],[64,879]]
[[0,0],[1,0],[238,879]]
[[0,0],[1,0],[256,879]]
[[0,0],[1,0],[101,879]]
[[0,0],[1,0],[65,879]]
[[0,0],[1,0],[448,879]]
[[0,0],[1,0],[38,879]]
[[0,0],[1,0],[94,879]]
[[0,0],[1,0],[742,879]]
[[0,0],[1,0],[16,879]]
[[0,0],[1,0],[523,879]]
[[0,0],[1,0],[646,879]]
[[0,0],[1,0],[517,879]]
[[0,0],[1,0],[232,879]]
[[0,0],[1,0],[82,879]]
[[0,0],[1,0],[532,879]]
[[0,0],[1,0],[97,879]]
[[0,0],[1,0],[4,879]]
[[0,0],[1,0],[587,879]]
[[0,0],[1,0],[439,879]]
[[0,0],[1,0],[224,879]]
[[0,0],[1,0],[47,879]]
[[0,0],[1,0],[295,879]]
[[0,0],[1,0],[151,879]]
[[0,0],[1,0],[104,879]]
[[0,0],[1,0],[799,879]]
[[0,0],[1,0],[436,879]]
[[0,0],[1,0],[571,879]]
[[0,0],[1,0],[391,879]]
[[0,0],[1,0],[7,879]]
[[0,0],[1,0],[25,879]]
[[0,0],[1,0],[538,879]]
[[0,0],[1,0],[31,879]]
[[0,0],[1,0],[835,879]]
[[0,0],[1,0],[487,879]]
[[0,0],[1,0],[622,879]]
[[0,0],[1,0],[178,879]]
[[0,0],[1,0],[23,879]]
[[0,0],[1,0],[14,879]]
[[0,0],[1,0],[119,879]]
[[0,0],[1,0],[8,879]]
[[0,0],[1,0],[769,879]]
[[0,0],[1,0],[166,879]]
[[0,0],[1,0],[100,879]]
[[0,0],[1,0],[292,879]]
[[0,0],[1,0],[103,879]]
[[0,0],[1,0],[316,879]]
[[0,0],[1,0],[298,879]]
[[0,0],[1,0],[598,879]]
[[0,0],[1,0],[529,879]]
[[0,0],[1,0],[62,879]]
[[0,0],[1,0],[379,879]]
[[0,0],[1,0],[190,879]]
[[0,0],[1,0],[547,879]]
[[0,0],[1,0],[715,879]]
[[0,0],[1,0],[535,879]]
[[0,0],[1,0],[349,879]]
[[0,0],[1,0],[703,879]]
[[0,0],[1,0],[475,879]]
[[0,0],[1,0],[46,879]]
[[0,0],[1,0],[254,879]]
[[0,0],[1,0],[358,879]]
[[0,0],[1,0],[34,879]]
[[0,0],[1,0],[22,879]]
