[[0,0],[2,0],[2,44]]
[[0,0],[1,0],[3,88]]
[[0,0],[1,0],[31,88]]
[[0,0],[1,0],[29,88]]
[[0,0],[1,0],[87,88]]
[[0,0],[1,0],[25,88]]
[[0,0],[1,0],[56,88]]
[[0,0],[1,0],[5,88]]
[[0,0],[1,0],[35,88]]
[[0,0],[2,0],[6,44]]
[[0,0],[1,0],[13,88]]
[[0,0],[2,0],[26,44]]
[[0,0],[1,0],[78,88]]
[[0,0],[1,0],[45,88]]
[[0,0],[1,0],[34,88]]
[[0,0],[1,0],[12,88]]
[[0,0],[1,0],[43,88]]
[[0,0],[2,0],[42,44]]
[[0,0],[1,0],[39,88]]
[[0,0],[1,0],[1,88]]
[[0,0],[1,0],[9,88]]
[[0,0],[1,0],[23,88]]
[[0,0],[1,0],[21,88]]
[[0,0],[2,0],[24,44]]
[[0,0],[2,0],[14,44]]
[[0,0],[1,0],[17,88]]
[[0,0],[1,0],[7,88]]
[[0,0],[1,0],[65,88]]
[[0,0],[1,0],[15,88]]
[[0,0],[2,0],[10,44]]
[[0,0],[1,0],[67,88]]
[[0,0],[1,0],[37,88]]
[[0,0],[1,0],[41,88]]
[[0,0],[1,0],[19,88]]
[[0,0],[1,0],[27,88]]
