[[0,0],[1,0],[243,880]]
[[0,0],[1,0],[628,880]]
[[0,0],[2,0],[90,440]]
[[0,0],[1,0],[191,880]]
[[0,0],[2,0],[420,440]]
[[0,0],[2,0],[58,440]]
[[0,0],[1,0],[377,880]]
[[0,0],[1,0],[266,880]]
[[0,0],[1,0],[706,880]]
[[0,0],[1,0],[746,880]]
[[0,0],[2,0],[82,440]]
[[0,0],[1,0],[399,880]]
[[0,0],[1,0],[129,880]]
[[0,0],[2,0],[102,440]]
[[0,0],[1,0],[782,880]]
[[0,0],[1,0],[188,880]]
[[0,0],[1,0],[197,880]]
[[0,0],[2,0],[12,440]]
[[0,0],[2,0],[106,440]]
[[0,0],[1,0],[483,880]]
[[0,0],[1,0],[273,880]]
[[0,0],[1,0],[21,880]]
[[0,0],[1,0],[13,880]]
[[0,0],[2,0],[42,440]]
[[0,0],[1,0],[526,880]]
[[0,0],[4,0],[24,220]]
[[0,0],[1,0],[227,880]]
[[0,0],[1,0],[43,880]]
[[0,0],[1,0],[846,880]]
[[0,0],[2,0],[178,440]]
[[0,0],[1,0],[386,880]]
[[0,0],[1,0],[686,880]]
[[0,0],[1,0],[196,880]]
[[0,0],[1,0],[46,880]]
[[0,0],[1,0],[83,880]]
[[0,0],[1,0],[791,880]]
[[0,0],[1,0],[409,880]]
[[0,0],[4,0],[12,220]]
[[0,0],[1,0],[446,880]]
[[0,0],[1,0],[431,880]]
[[0,0],[1,0],[169,880]]
[[0,0],[1,0],[271,880]]
[[0,0],[1,0],[26,880]]
[[0,0],[1,0],[346,880]]
[[0,0],[1,0],[513,880]]
[[0,0],[1,0],[329,880]]
[[0,0],[1,0],[221,880]]
[[0,0],[2,0],[162,440]]
[[0,0],[1,0],[122,880]]
[[0,0],[2,0],[438,440]]
[[0,0],[1,0],[557,880]]
[[0,0],[4,0],[125,220]]
[[0,0],[1,0],[584,880]]
[[0,0],[4,0],[64,220]]
[[0,0],[1,0],[159,880]]
[[0,0],[4,0],[4,220]]
[[0,0],[1,0],[737,880]]
[[0,0],[1,0],[301,880]]
[[0,0],[1,0],[439,880]]
[[0,0],[2,0],[78,440]]
[[0,0],[1,0],[261,880]]
[[0,0],[4,0],[15,220]]
[[0,0],[1,0],[306,880]]
[[0,0],[1,0],[233,880]]
[[0,0],[1,0],[73,880]]
[[0,0],[2,0],[118,440]]
[[0,0],[1,0],[477,880]]
[[0,0],[1,0],[33,880]]
[[0,0],[1,0],[133,880]]
[[0,0],[1,0],[562,880]]
[[0,0],[1,0],[223,880]]
[[0,0],[1,0],[625,880]]
[[0,0],[2,0],[255,440]]
[[0,0],[1,0],[646,880]]
[[0,0],[1,0],[67,880]]
[[0,0],[1,0],[326,880]]
[[0,0],[1,0],[437,880]]
[[0,0],[2,0],[2,440]]
[[0,0],[1,0],[373,880]]
[[0,0],[1,0],[185,880]]
[[0,0],[1,0],[61,880]]
[[0,0],[8,0],[30,110]]
[[0,0],[1,0],[276,880]]
[[0,0],[1,0],[219,880]]
[[0,0],[1,0],[123,880]]
[[0,0],[1,0],[63,880]]
[[0,0],[1,0],[141,880]]
[[0,0],[1,0],[155,880]]
[[0,0],[1,0],[786,880]]
[[0,0],[1,0],[545,880]]
[[0,0],[1,0],[9,880]]
[[0,0],[1,0],[109,880]]
[[0,0],[1,0],[347,880]]
[[0,0],[1,0],[91,880]]
[[0,0],[1,0],[585,880]]
[[0,0],[1,0],[351,880]]
[[0,0],[1,0],[426,880]]
[[0,0],[1,0],[436,880]]
[[0,0],[1,0],[249,880]]
[[0,0],[1,0],[313,880]]
[[0,0],[1,0],[383,880]]
[[0,0],[2,0],[398,440]]
[[0,0],[1,0],[97,880]]
[[0,0],[1,0],[581,880]]
[[0,0],[1,0],[546,880]]
[[0,0],[1,0],[496,880]]
[[0,0],[1,0],[106,880]]
[[0,0],[1,0],[738,880]]
[[0,0],[1,0],[342,880]]
[[0,0],[1,0],[36,880]]
[[0,0],[1,0],[417,880]]
[[0,0],[1,0],[86,880]]
[[0,0],[1,0],[425,880]]
[[0,0],[2,0],[234,440]]
[[0,0],[2,0],[14,440]]
[[0,0],[1,0],[57,880]]
[[0,0],[1,0],[246,880]]
[[0,0],[1,0],[716,880]]
[[0,0],[2,0],[122,440]]
[[0,0],[1,0],[166,880]]
[[0,0],[1,0],[866,880]]
[[0,0],[2,0],[166,440]]
[[0,0],[2,0],[238,440]]
[[0,0],[1,0],[287,880]]
[[0,0],[1,0],[366,880]]
[[0,0],[2,0],[212,440]]
[[0,0],[1,0],[667,880]]
[[0,0],[1,0],[79,880]]
[[0,0],[1,0],[239,880]]
[[0,0],[2,0],[38,440]]
[[0,0],[1,0],[105,880]]
[[0,0],[2,0],[266,440]]
[[0,0],[1,0],[119,880]]
[[0,0],[4,0],[52,220]]
[[0,0],[1,0],[241,880]]
[[0,0],[2,0],[432,440]]
[[0,0],[1,0],[39,880]]
[[0,0],[1,0],[617,880]]
[[0,0],[1,0],[666,880]]
[[0,0],[1,0],[267,880]]
[[0,0],[1,0],[389,880]]
[[0,0],[1,0],[147,880]]
[[0,0],[1,0],[375,880]]
[[0,0],[1,0],[111,880]]
[[0,0],[1,0],[756,880]]
[[0,0],[1,0],[183,880]]
[[0,0],[4,0],[48,220]]
[[0,0],[1,0],[78,880]]
[[0,0],[1,0],[779,880]]
[[0,0],[2,0],[282,440]]
[[0,0],[1,0],[551,880]]
[[0,0],[4,0],[70,220]]
[[0,0],[4,0],[104,220]]
[[0,0],[2,0],[52,440]]
[[0,0],[1,0],[177,880]]
[[0,0],[1,0],[556,880]]
[[0,0],[2,0],[310,440]]
[[0,0],[1,0],[69,880]]
[[0,0],[2,0],[74,440]]
[[0,0],[4,0],[84,220]]
[[0,0],[1,0],[639,880]]
[[0,0],[2,0],[186,440]]
[[0,0],[2,0],[6,440]]
[[0,0],[1,0],[474,880]]
[[0,0],[1,0],[149,880]]
[[0,0],[2,0],[46,440]]
[[0,0],[1,0],[126,880]]
[[0,0],[1,0],[251,880]]
[[0,0],[1,0],[561,880]]
[[0,0],[1,0],[53,880]]
[[0,0],[1,0],[663,880]]
[[0,0],[1,0],[865,880]]
[[0,0],[1,0],[361,880]]
[[0,0],[1,0],[879,880]]
[[0,0],[1,0],[321,880]]
[[0,0],[2,0],[314,440]]
[[0,0],[1,0],[741,880]]
[[0,0],[2,0],[242,440]]
[[0,0],[1,0],[236,880]]
[[0,0],[1,0],[876,880]]
[[0,0],[2,0],[182,440]]
[[0,0],[1,0],[146,880]]
[[0,0],[1,0],[705,880]]
[[0,0],[2,0],[112,440]]
[[0,0],[1,0],[485,880]]
[[0,0],[1,0],[597,880]]
[[0,0],[2,0],[138,440]]
[[0,0],[1,0],[116,880]]
[[0,0],[1,0],[781,880]]
[[0,0],[1,0],[547,880]]
[[0,0],[1,0],[186,880]]
[[0,0],[1,0],[745,880]]
[[0,0],[2,0],[18,440]]
[[0,0],[1,0],[465,880]]
[[0,0],[1,0],[293,880]]
[[0,0],[1,0],[259,880]]
[[0,0],[1,0],[171,880]]
[[0,0],[1,0],[34,880]]
[[0,0],[1,0],[518,880]]
[[0,0],[1,0],[37,880]]
[[0,0],[1,0],[193,880]]
[[0,0],[1,0],[113,880]]
[[0,0],[2,0],[156,440]]
[[0,0],[1,0],[785,880]]
[[0,0],[1,0],[371,880]]
[[0,0],[1,0],[207,880]]
[[0,0],[2,0],[246,440]]
[[0,0],[5,0],[165,176]]
[[0,0],[1,0],[423,880]]
[[0,0],[2,0],[272,440]]
[[0,0],[1,0],[566,880]]
[[0,0],[1,0],[7,880]]
[[0,0],[1,0],[199,880]]
[[0,0],[1,0],[623,880]]
[[0,0],[1,0],[229,880]]
[[0,0],[2,0],[62,440]]
[[0,0],[1,0],[501,880]]
[[0,0],[1,0],[650,880]]
[[0,0],[1,0],[201,880]]
[[0,0],[1,0],[87,880]]
[[0,0],[1,0],[467,880]]
[[0,0],[1,0],[669,880]]
[[0,0],[2,0],[252,440]]
[[0,0],[1,0],[107,880]]
[[0,0],[1,0],[206,880]]
[[0,0],[1,0],[127,880]]
[[0,0],[1,0],[411,880]]
[[0,0],[1,0],[419,880]]
[[0,0],[1,0],[665,880]]
[[0,0],[2,0],[376,440]]
[[0,0],[1,0],[331,880]]
[[0,0],[1,0],[281,880]]
[[0,0],[1,0],[131,880]]
[[0,0],[1,0],[157,880]]
[[0,0],[1,0],[701,880]]
[[0,0],[2,0],[26,440]]
[[0,0],[1,0],[145,880]]
[[0,0],[1,0],[596,880]]
[[0,0],[1,0],[23,880]]
[[0,0],[1,0],[466,880]]
[[0,0],[1,0],[27,880]]
[[0,0],[4,0],[16,220]]
[[0,0],[1,0],[31,880]]
[[0,0],[1,0],[441,880]]
[[0,0],[1,0],[51,880]]
[[0,0],[2,0],[192,440]]
[[0,0],[2,0],[152,440]]
[[0,0],[1,0],[796,880]]
[[0,0],[1,0],[769,880]]
[[0,0],[1,0],[408,880]]
[[0,0],[1,0],[699,880]]
[[0,0],[1,0],[305,880]]
[[0,0],[1,0],[254,880]]
[[0,0],[2,0],[54,440]]
[[0,0],[1,0],[311,880]]
[[0,0],[1,0],[452,880]]
[[0,0],[1,0],[359,880]]
[[0,0],[1,0],[606,880]]
[[0,0],[1,0],[47,880]]
[[0,0],[1,0],[225,880]]
[[0,0],[1,0],[89,880]]
[[0,0],[1,0],[210,880]]
[[0,0],[2,0],[145,440]]
[[0,0],[1,0],[364,880]]
[[0,0],[2,0],[35,440]]
[[0,0],[2,0],[172,440]]
[[0,0],[2,0],[306,440]]
[[0,0],[1,0],[247,880]]
[[0,0],[1,0],[121,880]]
[[0,0],[1,0],[167,880]]
[[0,0],[2,0],[298,440]]
[[0,0],[1,0],[161,880]]
[[0,0],[1,0],[103,880]]
[[0,0],[1,0],[3,880]]
[[0,0],[1,0],[349,880]]
[[0,0],[4,0],[8,220]]
[[0,0],[1,0],[369,880]]
[[0,0],[2,0],[94,440]]
[[0,0],[1,0],[553,880]]
[[0,0],[1,0],[611,880]]
[[0,0],[1,0],[279,880]]
[[0,0],[2,0],[232,440]]
[[0,0],[1,0],[41,880]]
[[0,0],[4,0],[28,220]]
[[0,0],[1,0],[766,880]]
[[0,0],[1,0],[804,880]]
[[0,0],[1,0],[45,880]]
[[0,0],[1,0],[345,880]]
[[0,0],[1,0],[691,880]]
[[0,0],[1,0],[870,880]]
[[0,0],[1,0],[232,880]]
[[0,0],[1,0],[486,880]]
[[0,0],[1,0],[387,880]]
[[0,0],[1,0],[586,880]]
[[0,0],[1,0],[516,880]]
[[0,0],[2,0],[288,440]]
[[0,0],[1,0],[476,880]]
[[0,0],[1,0],[815,880]]
[[0,0],[1,0],[529,880]]
[[0,0],[2,0],[24,440]]
[[0,0],[5,0],[104,176]]
[[0,0],[2,0],[92,440]]
[[0,0],[1,0],[676,880]]
[[0,0],[1,0],[81,880]]
[[0,0],[1,0],[527,880]]
[[0,0],[1,0],[76,880]]
[[0,0],[1,0],[505,880]]
[[0,0],[2,0],[146,440]]
[[0,0],[2,0],[218,440]]
[[0,0],[1,0],[93,880]]
[[0,0],[1,0],[59,880]]
[[0,0],[1,0],[17,880]]
[[0,0],[1,0],[289,880]]
[[0,0],[1,0],[499,880]]
[[0,0],[2,0],[72,440]]
[[0,0],[2,0],[342,440]]
[[0,0],[1,0],[343,880]]
[[0,0],[1,0],[826,880]]
[[0,0],[1,0],[430,880]]
[[0,0],[2,0],[412,440]]
[[0,0],[1,0],[339,880]]
[[0,0],[1,0],[137,880]]
[[0,0],[1,0],[806,880]]
[[0,0],[4,0],[136,220]]
[[0,0],[1,0],[203,880]]
[[0,0],[4,0],[180,220]]
[[0,0],[1,0],[401,880]]
[[0,0],[2,0],[214,440]]
[[0,0],[1,0],[427,880]]
[[0,0],[1,0],[71,880]]
[[0,0],[1,0],[316,880]]
[[0,0],[1,0],[589,880]]
[[0,0],[1,0],[707,880]]
[[0,0],[2,0],[292,440]]
[[0,0],[1,0],[209,880]]
[[0,0],[1,0],[25,880]]
[[0,0],[1,0],[341,880]]
[[0,0],[2,0],[372,440]]
[[0,0],[1,0],[56,880]]
[[0,0],[2,0],[86,440]]
[[0,0],[1,0],[277,880]]
[[0,0],[1,0],[265,880]]
[[0,0],[2,0],[312,440]]
[[0,0],[1,0],[6,880]]
[[0,0],[2,0],[406,440]]
[[0,0],[1,0],[573,880]]
[[0,0],[1,0],[694,880]]
[[0,0],[1,0],[298,880]]
[[0,0],[2,0],[365,440]]
[[0,0],[1,0],[65,880]]
[[0,0],[2,0],[332,440]]
[[0,0],[2,0],[114,440]]
[[0,0],[4,0],[164,220]]
[[0,0],[1,0],[49,880]]
[[0,0],[1,0],[391,880]]
[[0,0],[1,0],[309,880]]
[[0,0],[1,0],[156,880]]
[[0,0],[2,0],[392,440]]
[[0,0],[1,0],[337,880]]
[[0,0],[1,0],[317,880]]
[[0,0],[1,0],[12,880]]
[[0,0],[1,0],[433,880]]
[[0,0],[1,0],[29,880]]
[[0,0],[1,0],[357,880]]
[[0,0],[1,0],[19,880]]
[[0,0],[1,0],[356,880]]
[[0,0],[2,0],[32,440]]
[[0,0],[1,0],[717,880]]
[[0,0],[1,0],[459,880]]
[[0,0],[1,0],[226,880]]
[[0,0],[2,0],[68,440]]
[[0,0],[1,0],[151,880]]
[[0,0],[1,0],[1,880]]
[[0,0],[1,0],[595,880]]
[[0,0],[1,0],[237,880]]
[[0,0],[2,0],[222,440]]
[[0,0],[1,0],[153,880]]
[[0,0],[2,0],[262,440]]
[[0,0],[2,0],[244,440]]
[[0,0],[1,0],[626,880]]
[[0,0],[1,0],[636,880]]
[[0,0],[1,0],[681,880]]
[[0,0],[1,0],[406,880]]
[[0,0],[1,0],[303,880]]
[[0,0],[1,0],[393,880]]
[[0,0],[1,0],[117,880]]
