[[0,0],[1,0],[34,881]]
[[0,0],[1,0],[8,881]]
[[0,0],[1,0],[322,881]]
[[0,0],[1,0],[340,881]]
[[0,0],[1,0],[113,881]]
[[0,0],[1,0],[77,881]]
[[0,0],[1,0],[86,881]]
[[0,0],[1,0],[97,881]]
[[0,0],[1,0],[183,881]]
[[0,0],[1,0],[143,881]]
[[0,0],[1,0],[90,881]]
[[0,0],[1,0],[106,881]]
[[0,0],[1,0],[360,881]]
[[0,0],[1,0],[82,881]]
[[0,0],[1,0],[66,881]]
[[0,0],[1,0],[54,881]]
[[0,0],[1,0],[85,881]]
[[0,0],[1,0],[84,881]]
[[0,0],[1,0],[59,881]]
[[0,0],[1,0],[12,881]]
[[0,0],[1,0],[93,881]]
[[0,0],[1,0],[79,881]]
[[0,0],[1,0],[58,881]]
[[0,0],[1,0],[3,881]]
[[0,0],[1,0],[199,881]]
[[0,0],[1,0],[169,881]]
[[0,0],[1,0],[179,881]]
[[0,0],[1,0],[104,881]]
[[0,0],[1,0],[26,881]]
[[0,0],[1,0],[266,881]]
[[0,0],[1,0],[51,881]]
[[0,0],[1,0],[189,881]]
[[0,0],[1,0],[182,881]]
[[0,0],[1,0],[92,881]]
[[0,0],[1,0],[245,881]]
[[0,0],[1,0],[15,881]]
[[0,0],[1,0],[303,881]]
[[0,0],[1,0],[19,881]]
[[0,0],[1,0],[27,881]]
[[0,0],[1,0],[283,881]]
[[0,0],[1,0],[29,881]]
[[0,0],[1,0],[196,881]]
[[0,0],[1,0],[229,881]]
[[0,0],[1,0],[223,881]]
[[0,0],[1,0],[5,881]]
[[0,0],[1,0],[67,881]]
[[0,0],[1,0],[20,881]]
[[0,0],[1,0],[153,881]]
[[0,0],[1,0],[265,881]]
[[0,0],[1,0],[62,881]]
[[0,0],[1,0],[53,881]]
[[0,0],[1,0],[125,881]]
[[0,0],[1,0],[72,881]]
[[0,0],[1,0],[17,881]]
[[0,0],[1,0],[25,881]]
[[0,0],[1,0],[202,881]]
[[0,0],[1,0],[154,881]]
[[0,0],[1,0],[35,881]]
[[0,0],[1,0],[132,881]]
[[0,0],[1,0],[22,881]]
[[0,0],[1,0],[24,881]]
[[0,0],[1,0],[163,881]]
[[0,0],[1,0],[222,881]]
[[0,0],[1,0],[252,881]]
[[0,0],[1,0],[101,881]]
[[0,0],[1,0],[137,881]]
[[0,0],[1,0],[33,881]]
[[0,0],[1,0],[260,881]]
[[0,0],[1,0],[46,881]]
[[0,0],[1,0],[68,881]]
[[0,0],[1,0],[162,881]]
[[0,0],[1,0],[161,881]]
[[0,0],[1,0],[194,881]]
[[0,0],[1,0],[200,881]]
[[0,0],[1,0],[70,881]]
[[0,0],[1,0],[140,881]]
[[0,0],[1,0],[174,881]]
[[0,0],[1,0],[226,881]]
[[0,0],[1,0],[39,881]]
[[0,0],[1,0],[4,881]]
[[0,0],[1,0],[94,881]]
[[0,0],[1,0],[178,881]]
[[0,0],[1,0],[107,881]]
[[0,0],[1,0],[333,881]]
[[0,0],[1,0],[91,881]]
[[0,0],[1,0],[10,881]]
[[0,0],[1,0],[293,881]]
[[0,0],[1,0],[36,881]]
[[0,0],[1,0],[105,881]]
[[0,0],[1,0],[164,881]]
[[0,0],[1,0],[326,881]]
[[0,0],[1,0],[292,881]]
[[0,0],[1,0],[31,881]]
[[0,0],[1,0],[1,881]]
[[0,0],[1,0],[205,881]]
[[0,0],[1,0],[241,881]]
[[0,0],[1,0],[13,881]]
[[0,0],[1,0],[160,881]]
[[0,0],[1,0],[28,881]]
[[0,0],[1,0],[37,881]]
[[0,0],[1,0],[65,881]]
[[0,0],[1,0],[195,881]]
[[0,0],[1,0],[69,881]]
[[0,0],[1,0],[16,881]]
[[0,0],[1,0],[2,881]]
[[0,0],[1,0],[11,881]]
[[0,0],[1,0],[32,881]]
[[0,0],[1,0],[23,881]]
[[0,0],[1,0],[73,881]]
[[0,0],[1,0],[108,881]]
[[0,0],[1,0],[146,881]]
[[0,0],[1,0],[30,881]]
[[0,0],[1,0],[6,881]]
[[0,0],[1,0],[96,881]]
[[0,0],[1,0],[116,881]]
[[0,0],[1,0],[57,881]]
[[0,0],[1,0],[172,881]]
[[0,0],[1,0],[112,881]]
[[0,0],[1,0],[7,881]]
[[0,0],[1,0],[165,881]]
[[0,0],[1,0],[71,881]]
[[0,0],[1,0],[9,881]]
[[0,0],[1,0],[47,881]]
[[0,0],[1,0],[117,881]]
[[0,0],[1,0],[83,881]]
[[0,0],[1,0],[168,881]]
[[0,0],[1,0],[14,881]]
[[0,0],[1,0],[124,881]]
[[0,0],[1,0],[95,881]]
[[0,0],[1,0],[60,881]]
[[0,0],[1,0],[52,881]]
[[0,0],[1,0],[21,881]]
[[0,0],[1,0],[121,881]]
[[0,0],[1,0],[204,881]]
[[0,0],[1,0],[48,881]]
[[0,0],[1,0],[38,881]]
[[0,0],[1,0],[159,881]]
[[0,0],[1,0],[173,881]]
[[0,0],[1,0],[74,881]]
[[0,0],[1,0],[18,881]]
[[0,0],[1,0],[78,881]]
[[0,0],[1,0],[201,881]]
[[0,0],[1,0],[188,881]]
[[0,0],[1,0],[120,881]]
[[0,0],[1,0],[332,881]]
[[0,0],[1,0],[242,881]]
[[0,0],[1,0],[61,881]]
[[0,0],[1,0],[203,881]]
