[[0,0],[1,0],[267,893]]
[[0,0],[1,0],[41,893]]
[[0,0],[1,0],[34,893]]
[[0,0],[1,0],[107,893]]
[[0,0],[1,0],[22,893]]
[[0,0],[1,0],[476,893]]
[[0,0],[1,0],[37,893]]
[[0,0],[1,0],[92,893]]
[[0,0],[1,0],[173,893]]
[[0,0],[1,0],[246,893]]
[[0,0],[1,0],[174,893]]
[[0,0],[1,0],[2,893]]
[[0,0],[1,0],[704,893]]
[[0,0],[1,0],[21,893]]
[[0,0],[1,0],[118,893]]
[[0,0],[1,0],[63,893]]
[[0,0],[1,0],[115,893]]
[[0,0],[1,0],[419,893]]
[[0,0],[1,0],[11,893]]
[[0,0],[1,0],[208,893]]
[[0,0],[1,0],[10,893]]
[[0,0],[1,0],[1,893]]
[[0,0],[1,0],[44,893]]
[[0,0],[1,0],[83,893]]
[[0,0],[1,0],[43,893]]
[[0,0],[1,0],[17,893]]
[[0,0],[1,0],[131,893]]
[[0,0],[1,0],[88,893]]
[[0,0],[1,0],[179,893]]
[[0,0],[1,0],[199,893]]
[[0,0],[1,0],[156,893]]
[[0,0],[1,0],[80,893]]
[[0,0],[1,0],[39,893]]
[[0,0],[1,0],[377,893]]
[[0,0],[1,0],[161,893]]
[[0,0],[1,0],[245,893]]
[[0,0],[1,0],[117,893]]
[[0,0],[1,0],[343,893]]
[[0,0],[1,0],[89,893]]
[[0,0],[1,0],[3,893]]
[[0,0],[1,0],[87,893]]
[[0,0],[1,0],[49,893]]
[[0,0],[1,0],[659,893]]
[[0,0],[1,0],[30,893]]
[[0,0],[1,0],[205,893]]
[[0,0],[1,0],[6,893]]
[[0,0],[1,0],[305,893]]
[[0,0],[1,0],[112,893]]
[[0,0],[1,0],[193,893]]
[[0,0],[1,0],[13,893]]
[[0,0],[1,0],[91,893]]
[[0,0],[1,0],[289,893]]
[[0,0],[1,0],[53,893]]
[[0,0],[1,0],[140,893]]
[[0,0],[1,0],[36,893]]
[[0,0],[1,0],[147,893]]
[[0,0],[1,0],[381,893]]
[[0,0],[1,0],[70,893]]
[[0,0],[1,0],[123,893]]
[[0,0],[1,0],[146,893]]
[[0,0],[1,0],[242,893]]
[[0,0],[1,0],[28,893]]
[[0,0],[1,0],[219,893]]
[[0,0],[1,0],[29,893]]
[[0,0],[1,0],[26,893]]
[[0,0],[1,0],[74,893]]
[[0,0],[1,0],[50,893]]
[[0,0],[1,0],[354,893]]
[[0,0],[1,0],[59,893]]
[[0,0],[1,0],[20,893]]
[[0,0],[1,0],[236,893]]
[[0,0],[1,0],[9,893]]
[[0,0],[1,0],[185,893]]
[[0,0],[1,0],[108,893]]
[[0,0],[1,0],[180,893]]
[[0,0],[1,0],[95,893]]
[[0,0],[1,0],[84,893]]
[[0,0],[1,0],[393,893]]
[[0,0],[1,0],[127,893]]
[[0,0],[1,0],[330,893]]
[[0,0],[1,0],[175,893]]
[[0,0],[1,0],[48,893]]
[[0,0],[1,0],[79,893]]
[[0,0],[1,0],[111,893]]
[[0,0],[1,0],[628,893]]
[[0,0],[1,0],[248,893]]
[[0,0],[1,0],[71,893]]
[[0,0],[1,0],[40,893]]
[[0,0],[1,0],[170,893]]
[[0,0],[1,0],[210,893]]
[[0,0],[1,0],[143,893]]
[[0,0],[1,0],[457,893]]
[[0,0],[1,0],[33,893]]
[[0,0],[1,0],[55,893]]
[[0,0],[1,0],[61,893]]
[[0,0],[1,0],[148,893]]
[[0,0],[1,0],[353,893]]
[[0,0],[1,0],[121,893]]
[[0,0],[1,0],[12,893]]
[[0,0],[1,0],[191,893]]
[[0,0],[1,0],[239,893]]
[[0,0],[1,0],[113,893]]
[[0,0],[1,0],[109,893]]
[[0,0],[1,0],[58,893]]
[[0,0],[1,0],[32,893]]
[[0,0],[1,0],[142,893]]
[[0,0],[1,0],[60,893]]
[[0,0],[1,0],[518,893]]
[[0,0],[1,0],[194,893]]
[[0,0],[1,0],[5,893]]
[[0,0],[1,0],[27,893]]
[[0,0],[1,0],[54,893]]
[[0,0],[1,0],[24,893]]
[[0,0],[1,0],[101,893]]
[[0,0],[1,0],[69,893]]
[[0,0],[1,0],[65,893]]
[[0,0],[1,0],[66,893]]
[[0,0],[1,0],[81,893]]
[[0,0],[1,0],[110,893]]
[[0,0],[1,0],[35,893]]
[[0,0],[1,0],[122,893]]
[[0,0],[1,0],[160,893]]
[[0,0],[1,0],[471,893]]
[[0,0],[1,0],[195,893]]
[[0,0],[1,0],[153,893]]
[[0,0],[1,0],[16,893]]
[[0,0],[1,0],[82,893]]
[[0,0],[1,0],[64,893]]
[[0,0],[1,0],[18,893]]
[[0,0],[1,0],[97,893]]
[[0,0],[1,0],[42,893]]
[[0,0],[1,0],[137,893]]
[[0,0],[1,0],[15,893]]
[[0,0],[1,0],[96,893]]
[[0,0],[1,0],[162,893]]
[[0,0],[1,0],[7,893]]
[[0,0],[1,0],[590,893]]
[[0,0],[1,0],[324,893]]
[[0,0],[1,0],[25,893]]
[[0,0],[1,0],[14,893]]
[[0,0],[1,0],[128,893]]
[[0,0],[1,0],[4,893]]
[[0,0],[1,0],[8,893]]
[[0,0],[1,0],[192,893]]
[[0,0],[1,0],[172,893]]
[[0,0],[1,0],[151,893]]
[[0,0],[1,0],[102,893]]
[[0,0],[1,0],[189,893]]
[[0,0],[1,0],[571,893]]
[[0,0],[1,0],[45,893]]
[[0,0],[1,0],[31,893]]
[[0,0],[1,0],[23,893]]
[[0,0],[1,0],[75,893]]
[[0,0],[1,0],[46,893]]
[[0,0],[1,0],[100,893]]
[[0,0],[1,0],[211,893]]
[[0,0],[1,0],[292,893]]
[[0,0],[1,0],[62,893]]
[[0,0],[1,0],[116,893]]
[[0,0],[1,0],[362,893]]
[[0,0],[1,0],[56,893]]
[[0,0],[1,0],[90,893]]
