[[0,0],[1,0],[151,894]]
[[0,0],[1,0],[191,894]]
[[0,0],[1,0],[449,894]]
[[0,0],[1,0],[746,894]]
[[0,0],[1,0],[628,894]]
[[0,0],[1,0],[640,894]]
[[0,0],[1,0],[652,894]]
[[0,0],[1,0],[299,894]]
[[0,0],[1,0],[706,894]]
[[0,0],[1,0],[13,894]]
[[0,0],[1,0],[227,894]]
[[0,0],[1,0],[83,894]]
[[0,0],[1,0],[526,894]]
[[0,0],[1,0],[802,894]]
[[0,0],[1,0],[761,894]]
[[0,0],[1,0],[43,894]]
[[0,0],[1,0],[163,894]]
[[0,0],[1,0],[385,894]]
[[0,0],[1,0],[46,894]]
[[0,0],[1,0],[271,894]]
[[0,0],[1,0],[196,894]]
[[0,0],[2,0],[300,447]]
[[0,0],[1,0],[394,894]]
[[0,0],[1,0],[580,894]]
[[0,0],[1,0],[346,894]]
[[0,0],[1,0],[169,894]]
[[0,0],[1,0],[100,894]]
[[0,0],[1,0],[130,894]]
[[0,0],[1,0],[677,894]]
[[0,0],[1,0],[473,894]]
[[0,0],[1,0],[754,894]]
[[0,0],[1,0],[5,894]]
[[0,0],[1,0],[334,894]]
[[0,0],[1,0],[94,894]]
[[0,0],[1,0],[184,894]]
[[0,0],[1,0],[340,894]]
[[0,0],[1,0],[367,894]]
[[0,0],[1,0],[838,894]]
[[0,0],[1,0],[886,894]]
[[0,0],[1,0],[115,894]]
[[0,0],[1,0],[514,894]]
[[0,0],[1,0],[233,894]]
[[0,0],[1,0],[187,894]]
[[0,0],[1,0],[136,894]]
[[0,0],[1,0],[724,894]]
[[0,0],[1,0],[625,894]]
[[0,0],[1,0],[22,894]]
[[0,0],[1,0],[365,894]]
[[0,0],[1,0],[319,894]]
[[0,0],[1,0],[646,894]]
[[0,0],[1,0],[67,894]]
[[0,0],[1,0],[688,894]]
[[0,0],[1,0],[215,894]]
[[0,0],[1,0],[223,894]]
[[0,0],[1,0],[658,894]]
[[0,0],[1,0],[893,894]]
[[0,0],[1,0],[562,894]]
[[0,0],[1,0],[388,894]]
[[0,0],[1,0],[874,894]]
[[0,0],[1,0],[64,894]]
[[0,0],[1,0],[61,894]]
[[0,0],[1,0],[437,894]]
[[0,0],[1,0],[593,894]]
[[0,0],[1,0],[257,894]]
[[0,0],[1,0],[55,894]]
[[0,0],[1,0],[77,894]]
[[0,0],[1,0],[545,894]]
[[0,0],[1,0],[563,894]]
[[0,0],[1,0],[709,894]]
[[0,0],[1,0],[463,894]]
[[0,0],[1,0],[631,894]]
[[0,0],[1,0],[109,894]]
[[0,0],[1,0],[520,894]]
[[0,0],[1,0],[35,894]]
[[0,0],[1,0],[155,894]]
[[0,0],[1,0],[97,894]]
[[0,0],[1,0],[622,894]]
[[0,0],[1,0],[880,894]]
[[0,0],[1,0],[347,894]]
[[0,0],[1,0],[91,894]]
[[0,0],[1,0],[844,894]]
[[0,0],[1,0],[383,894]]
[[0,0],[1,0],[313,894]]
[[0,0],[1,0],[760,894]]
[[0,0],[1,0],[436,894]]
[[0,0],[1,0],[139,894]]
[[0,0],[1,0],[106,894]]
[[0,0],[1,0],[496,894]]
[[0,0],[1,0],[697,894]]
[[0,0],[1,0],[379,894]]
[[0,0],[1,0],[460,894]]
[[0,0],[1,0],[166,894]]
[[0,0],[1,0],[286,894]]
[[0,0],[1,0],[425,894]]
[[0,0],[1,0],[370,894]]
[[0,0],[1,0],[718,894]]
[[0,0],[1,0],[172,894]]
[[0,0],[1,0],[448,894]]
[[0,0],[1,0],[820,894]]
[[0,0],[1,0],[287,894]]
[[0,0],[1,0],[79,894]]
[[0,0],[1,0],[487,894]]
[[0,0],[1,0],[571,894]]
[[0,0],[1,0],[322,894]]
[[0,0],[1,0],[850,894]]
[[0,0],[1,0],[112,894]]
[[0,0],[1,0],[95,894]]
[[0,0],[1,0],[502,894]]
[[0,0],[1,0],[610,894]]
[[0,0],[1,0],[517,894]]
[[0,0],[1,0],[415,894]]
[[0,0],[1,0],[538,894]]
[[0,0],[1,0],[82,894]]
[[0,0],[1,0],[202,894]]
[[0,0],[1,0],[275,894]]
[[0,0],[1,0],[154,894]]
[[0,0],[1,0],[670,894]]
[[0,0],[1,0],[412,894]]
[[0,0],[1,0],[568,894]]
[[0,0],[1,0],[119,894]]
[[0,0],[1,0],[208,894]]
[[0,0],[1,0],[712,894]]
[[0,0],[1,0],[730,894]]
[[0,0],[1,0],[220,894]]
[[0,0],[1,0],[832,894]]
[[0,0],[1,0],[784,894]]
[[0,0],[1,0],[659,894]]
[[0,0],[1,0],[814,894]]
[[0,0],[1,0],[160,894]]
[[0,0],[1,0],[856,894]]
[[0,0],[1,0],[280,894]]
[[0,0],[1,0],[556,894]]
[[0,0],[1,0],[461,894]]
[[0,0],[1,0],[484,894]]
[[0,0],[1,0],[808,894]]
[[0,0],[1,0],[544,894]]
[[0,0],[1,0],[454,894]]
[[0,0],[1,0],[455,894]]
[[0,0],[1,0],[173,894]]
[[0,0],[1,0],[292,894]]
[[0,0],[1,0],[689,894]]
[[0,0],[1,0],[532,894]]
[[0,0],[1,0],[251,894]]
[[0,0],[1,0],[868,894]]
[[0,0],[1,0],[361,894]]
[[0,0],[1,0],[118,894]]
[[0,0],[1,0],[28,894]]
[[0,0],[1,0],[472,894]]
[[0,0],[1,0],[53,894]]
[[0,0],[1,0],[238,894]]
[[0,0],[1,0],[490,894]]
[[0,0],[1,0],[11,894]]
[[0,0],[1,0],[400,894]]
[[0,0],[1,0],[413,894]]
[[0,0],[1,0],[245,894]]
[[0,0],[1,0],[142,894]]
[[0,0],[1,0],[485,894]]
[[0,0],[1,0],[442,894]]
[[0,0],[1,0],[259,894]]
[[0,0],[1,0],[597,894]]
[[0,0],[1,0],[497,894]]
[[0,0],[1,0],[193,894]]
[[0,0],[1,0],[178,894]]
[[0,0],[1,0],[418,894]]
[[0,0],[1,0],[113,894]]
[[0,0],[1,0],[16,894]]
[[0,0],[1,0],[352,894]]
[[0,0],[1,0],[451,894]]
[[0,0],[1,0],[616,894]]
[[0,0],[1,0],[748,894]]
[[0,0],[1,0],[821,894]]
[[0,0],[1,0],[70,894]]
[[0,0],[1,0],[34,894]]
[[0,0],[1,0],[37,894]]
[[0,0],[1,0],[253,894]]
[[0,0],[1,0],[592,894]]
[[0,0],[1,0],[467,894]]
[[0,0],[1,0],[244,894]]
[[0,0],[1,0],[419,894]]
[[0,0],[1,0],[229,894]]
[[0,0],[1,0],[124,894]]
[[0,0],[1,0],[7,894]]
[[0,0],[1,0],[127,894]]
[[0,0],[1,0],[199,894]]
[[0,0],[1,0],[131,894]]
[[0,0],[1,0],[107,894]]
[[0,0],[1,0],[157,894]]
[[0,0],[1,0],[143,894]]
[[0,0],[1,0],[583,894]]
[[0,0],[1,0],[358,894]]
[[0,0],[1,0],[31,894]]
[[0,0],[1,0],[101,894]]
[[0,0],[1,0],[749,894]]
[[0,0],[1,0],[613,894]]
[[0,0],[1,0],[305,894]]
[[0,0],[1,0],[23,894]]
[[0,0],[1,0],[466,894]]
[[0,0],[1,0],[796,894]]
[[0,0],[1,0],[211,894]]
[[0,0],[1,0],[310,894]]
[[0,0],[1,0],[778,894]]
[[0,0],[1,0],[653,894]]
[[0,0],[1,0],[713,894]]
[[0,0],[1,0],[521,894]]
[[0,0],[1,0],[892,894]]
[[0,0],[1,0],[478,894]]
[[0,0],[1,0],[47,894]]
[[0,0],[1,0],[364,894]]
[[0,0],[1,0],[574,894]]
[[0,0],[1,0],[89,894]]
[[0,0],[1,0],[673,894]]
[[0,0],[1,0],[175,894]]
[[0,0],[1,0],[359,894]]
[[0,0],[1,0],[161,894]]
[[0,0],[1,0],[742,894]]
[[0,0],[1,0],[121,894]]
[[0,0],[1,0],[611,894]]
[[0,0],[1,0],[247,894]]
[[0,0],[1,0],[167,894]]
[[0,0],[1,0],[682,894]]
[[0,0],[1,0],[232,894]]
[[0,0],[1,0],[598,894]]
[[0,0],[1,0],[103,894]]
[[0,0],[1,0],[550,894]]
[[0,0],[1,0],[41,894]]
[[0,0],[1,0],[40,894]]
[[0,0],[1,0],[250,894]]
[[0,0],[1,0],[268,894]]
[[0,0],[1,0],[766,894]]
[[0,0],[1,0],[586,894]]
[[0,0],[1,0],[508,894]]
[[0,0],[1,0],[862,894]]
[[0,0],[1,0],[10,894]]
[[0,0],[1,0],[17,894]]
[[0,0],[1,0],[395,894]]
[[0,0],[1,0],[289,894]]
[[0,0],[1,0],[76,894]]
[[0,0],[1,0],[523,894]]
[[0,0],[1,0],[676,894]]
[[0,0],[1,0],[88,894]]
[[0,0],[1,0],[700,894]]
[[0,0],[1,0],[505,894]]
[[0,0],[1,0],[52,894]]
[[0,0],[1,0],[355,894]]
[[0,0],[1,0],[325,894]]
[[0,0],[1,0],[664,894]]
[[0,0],[1,0],[59,894]]
[[0,0],[1,0],[790,894]]
[[0,0],[1,0],[772,894]]
[[0,0],[1,0],[826,894]]
[[0,0],[1,0],[401,894]]
[[0,0],[1,0],[137,894]]
[[0,0],[1,0],[430,894]]
[[0,0],[1,0],[343,894]]
[[0,0],[1,0],[565,894]]
[[0,0],[1,0],[316,894]]
[[0,0],[1,0],[715,894]]
[[0,0],[1,0],[203,894]]
[[0,0],[1,0],[328,894]]
[[0,0],[1,0],[335,894]]
[[0,0],[1,0],[85,894]]
[[0,0],[1,0],[150,894]]
[[0,0],[1,0],[25,894]]
[[0,0],[1,0],[634,894]]
[[0,0],[1,0],[587,894]]
[[0,0],[1,0],[125,894]]
[[0,0],[1,0],[71,894]]
[[0,0],[1,0],[214,894]]
[[0,0],[1,0],[65,894]]
[[0,0],[1,0],[694,894]]
[[0,0],[1,0],[341,894]]
[[0,0],[1,0],[49,894]]
[[0,0],[1,0],[190,894]]
[[0,0],[1,0],[265,894]]
[[0,0],[1,0],[262,894]]
[[0,0],[1,0],[337,894]]
[[0,0],[1,0],[382,894]]
[[0,0],[1,0],[491,894]]
[[0,0],[1,0],[277,894]]
[[0,0],[1,0],[604,894]]
[[0,0],[1,0],[655,894]]
[[0,0],[1,0],[295,894]]
[[0,0],[1,0],[4,894]]
[[0,0],[1,0],[304,894]]
[[0,0],[1,0],[19,894]]
[[0,0],[1,0],[29,894]]
[[0,0],[1,0],[274,894]]
[[0,0],[1,0],[256,894]]
[[0,0],[1,0],[541,894]]
[[0,0],[1,0],[391,894]]
[[0,0],[1,0],[424,894]]
[[0,0],[1,0],[1,894]]
[[0,0],[1,0],[577,894]]
[[0,0],[1,0],[595,894]]
[[0,0],[1,0],[601,894]]
[[0,0],[1,0],[148,894]]
[[0,0],[1,0],[58,894]]
[[0,0],[1,0],[685,894]]
[[0,0],[1,0],[406,894]]
[[0,0],[1,0],[736,894]]
[[0,0],[1,0],[376,894]]
[[0,0],[1,0],[226,894]]
