[[0,0],[1,0],[816,895]]
[[0,0],[1,0],[41,895]]
[[0,0],[1,0],[476,895]]
[[0,0],[1,0],[34,895]]
[[0,0],[1,0],[37,895]]
[[0,0],[1,0],[22,895]]
[[0,0],[1,0],[216,895]]
[[0,0],[1,0],[77,895]]
[[0,0],[1,0],[173,895]]
[[0,0],[1,0],[376,895]]
[[0,0],[1,0],[2,895]]
[[0,0],[1,0],[21,895]]
[[0,0],[1,0],[118,895]]
[[0,0],[1,0],[63,895]]
[[0,0],[1,0],[481,895]]
[[0,0],[1,0],[19,895]]
[[0,0],[1,0],[141,895]]
[[0,0],[1,0],[52,895]]
[[0,0],[1,0],[1,895]]
[[0,0],[1,0],[441,895]]
[[0,0],[1,0],[11,895]]
[[0,0],[1,0],[44,895]]
[[0,0],[1,0],[17,895]]
[[0,0],[1,0],[78,895]]
[[0,0],[1,0],[431,895]]
[[0,0],[1,0],[83,895]]
[[0,0],[1,0],[43,895]]
[[0,0],[1,0],[356,895]]
[[0,0],[1,0],[114,895]]
[[0,0],[1,0],[631,895]]
[[0,0],[1,0],[266,895]]
[[0,0],[1,0],[156,895]]
[[0,0],[1,0],[161,895]]
[[0,0],[1,0],[39,895]]
[[0,0],[1,0],[234,895]]
[[0,0],[1,0],[89,895]]
[[0,0],[1,0],[223,895]]
[[0,0],[1,0],[259,895]]
[[0,0],[1,0],[49,895]]
[[0,0],[1,0],[3,895]]
[[0,0],[1,0],[6,895]]
[[0,0],[1,0],[193,895]]
[[0,0],[1,0],[13,895]]
[[0,0],[1,0],[184,895]]
[[0,0],[1,0],[169,895]]
[[0,0],[1,0],[53,895]]
[[0,0],[1,0],[76,895]]
[[0,0],[1,0],[91,895]]
[[0,0],[1,0],[671,895]]
[[0,0],[1,0],[36,895]]
[[0,0],[1,0],[381,895]]
[[0,0],[1,0],[168,895]]
[[0,0],[1,0],[177,895]]
[[0,0],[1,0],[426,895]]
[[0,0],[1,0],[586,895]]
[[0,0],[1,0],[331,895]]
[[0,0],[1,0],[201,895]]
[[0,0],[1,0],[491,895]]
[[0,0],[1,0],[229,895]]
[[0,0],[1,0],[406,895]]
[[0,0],[1,0],[28,895]]
[[0,0],[1,0],[99,895]]
[[0,0],[1,0],[29,895]]
[[0,0],[1,0],[136,895]]
[[0,0],[1,0],[361,895]]
[[0,0],[1,0],[26,895]]
[[0,0],[1,0],[164,895]]
[[0,0],[1,0],[74,895]]
[[0,0],[1,0],[59,895]]
[[0,0],[1,0],[133,895]]
[[0,0],[1,0],[68,895]]
[[0,0],[1,0],[261,895]]
[[0,0],[1,0],[67,895]]
[[0,0],[1,0],[163,895]]
[[0,0],[1,0],[9,895]]
[[0,0],[1,0],[696,895]]
[[0,0],[1,0],[526,895]]
[[0,0],[1,0],[311,895]]
[[0,0],[1,0],[180,895]]
[[0,0],[1,0],[84,895]]
[[0,0],[1,0],[127,895]]
[[0,0],[1,0],[611,895]]
[[0,0],[1,0],[48,895]]
[[0,0],[1,0],[551,895]]
[[0,0],[1,0],[139,895]]
[[0,0],[1,0],[186,895]]
[[0,0],[1,0],[124,895]]
[[0,0],[1,0],[111,895]]
[[0,0],[1,0],[171,895]]
[[0,0],[1,0],[197,895]]
[[0,0],[1,0],[276,895]]
[[0,0],[1,0],[541,895]]
[[0,0],[1,0],[301,895]]
[[0,0],[1,0],[71,895]]
[[0,0],[1,0],[621,895]]
[[0,0],[1,0],[143,895]]
[[0,0],[1,0],[61,895]]
[[0,0],[1,0],[226,895]]
[[0,0],[1,0],[86,895]]
[[0,0],[1,0],[121,895]]
[[0,0],[1,0],[12,895]]
[[0,0],[1,0],[134,895]]
[[0,0],[1,0],[191,895]]
[[0,0],[1,0],[58,895]]
[[0,0],[1,0],[371,895]]
[[0,0],[1,0],[142,895]]
[[0,0],[1,0],[194,895]]
[[0,0],[1,0],[98,895]]
[[0,0],[1,0],[238,895]]
[[0,0],[1,0],[258,895]]
[[0,0],[1,0],[73,895]]
[[0,0],[1,0],[27,895]]
[[0,0],[1,0],[24,895]]
[[0,0],[1,0],[101,895]]
[[0,0],[1,0],[54,895]]
[[0,0],[1,0],[69,895]]
[[0,0],[1,0],[641,895]]
[[0,0],[1,0],[531,895]]
[[0,0],[1,0],[81,895]]
[[0,0],[1,0],[66,895]]
[[0,0],[1,0],[38,895]]
[[0,0],[1,0],[16,895]]
[[0,0],[1,0],[471,895]]
[[0,0],[1,0],[257,895]]
[[0,0],[1,0],[322,895]]
[[0,0],[1,0],[82,895]]
[[0,0],[1,0],[97,895]]
[[0,0],[1,0],[72,895]]
[[0,0],[1,0],[96,895]]
[[0,0],[1,0],[18,895]]
[[0,0],[1,0],[256,895]]
[[0,0],[1,0],[42,895]]
[[0,0],[1,0],[47,895]]
[[0,0],[1,0],[346,895]]
[[0,0],[1,0],[181,895]]
[[0,0],[1,0],[126,895]]
[[0,0],[1,0],[104,895]]
[[0,0],[1,0],[162,895]]
[[0,0],[1,0],[436,895]]
[[0,0],[1,0],[391,895]]
[[0,0],[1,0],[432,895]]
[[0,0],[1,0],[7,895]]
[[0,0],[1,0],[251,895]]
[[0,0],[1,0],[178,895]]
[[0,0],[1,0],[144,895]]
[[0,0],[1,0],[359,895]]
[[0,0],[1,0],[51,895]]
[[0,0],[1,0],[196,895]]
[[0,0],[1,0],[14,895]]
[[0,0],[1,0],[501,895]]
[[0,0],[1,0],[4,895]]
[[0,0],[1,0],[8,895]]
[[0,0],[1,0],[166,895]]
[[0,0],[1,0],[296,895]]
[[0,0],[1,0],[172,895]]
[[0,0],[1,0],[421,895]]
[[0,0],[1,0],[103,895]]
[[0,0],[1,0],[306,895]]
[[0,0],[1,0],[321,895]]
[[0,0],[1,0],[151,895]]
[[0,0],[1,0],[102,895]]
[[0,0],[1,0],[571,895]]
[[0,0],[1,0],[399,895]]
[[0,0],[1,0],[446,895]]
[[0,0],[1,0],[291,895]]
[[0,0],[1,0],[538,895]]
[[0,0],[1,0],[31,895]]
[[0,0],[1,0],[401,895]]
[[0,0],[1,0],[546,895]]
[[0,0],[1,0],[23,895]]
[[0,0],[1,0],[119,895]]
[[0,0],[1,0],[46,895]]
[[0,0],[1,0],[831,895]]
[[0,0],[1,0],[536,895]]
[[0,0],[1,0],[292,895]]
[[0,0],[1,0],[183,895]]
[[0,0],[1,0],[211,895]]
[[0,0],[1,0],[176,895]]
[[0,0],[1,0],[316,895]]
[[0,0],[1,0],[116,895]]
[[0,0],[1,0],[676,895]]
[[0,0],[1,0],[202,895]]
