[[0,0],[1,0],[655,896]]
[[0,0],[1,0],[215,896]]
[[0,0],[4,0],[148,224]]
[[0,0],[1,0],[540,896]]
[[0,0],[1,0],[543,896]]
[[0,0],[2,0],[102,448]]
[[0,0],[1,0],[387,896]]
[[0,0],[1,0],[223,896]]
[[0,0],[1,0],[596,896]]
[[0,0],[1,0],[339,896]]
[[0,0],[1,0],[358,896]]
[[0,0],[1,0],[441,896]]
[[0,0],[8,0],[64,112]]
[[0,0],[1,0],[81,896]]
[[0,0],[1,0],[235,896]]
[[0,0],[1,0],[507,896]]
[[0,0],[1,0],[237,896]]
[[0,0],[1,0],[45,896]]
[[0,0],[2,0],[66,448]]
[[0,0],[1,0],[421,896]]
[[0,0],[1,0],[778,896]]
[[0,0],[2,0],[436,448]]
[[0,0],[1,0],[615,896]]
[[0,0],[1,0],[249,896]]
[[0,0],[1,0],[484,896]]
[[0,0],[1,0],[323,896]]
[[0,0],[2,0],[268,448]]
[[0,0],[1,0],[273,896]]
[[0,0],[8,0],[24,112]]
[[0,0],[1,0],[135,896]]
[[0,0],[1,0],[719,896]]
[[0,0],[1,0],[204,896]]
[[0,0],[2,0],[222,448]]
[[0,0],[4,0],[4,224]]
[[0,0],[1,0],[195,896]]
[[0,0],[1,0],[330,896]]
[[0,0],[1,0],[449,896]]
[[0,0],[4,0],[220,224]]
[[0,0],[1,0],[251,896]]
[[0,0],[1,0],[161,896]]
[[0,0],[1,0],[148,896]]
[[0,0],[2,0],[2,448]]
[[0,0],[4,0],[12,224]]
[[0,0],[2,0],[106,448]]
[[0,0],[2,0],[34,448]]
[[0,0],[1,0],[498,896]]
[[0,0],[2,0],[58,448]]
[[0,0],[1,0],[183,896]]
[[0,0],[1,0],[33,896]]
[[0,0],[1,0],[25,896]]
[[0,0],[1,0],[337,896]]
[[0,0],[1,0],[246,896]]
[[0,0],[2,0],[82,448]]
[[0,0],[1,0],[575,896]]
[[0,0],[1,0],[377,896]]
[[0,0],[1,0],[267,896]]
[[0,0],[1,0],[721,896]]
[[0,0],[1,0],[327,896]]
[[0,0],[1,0],[428,896]]
[[0,0],[1,0],[347,896]]
[[0,0],[1,0],[321,896]]
[[0,0],[1,0],[99,896]]
[[0,0],[2,0],[278,448]]
[[0,0],[1,0],[451,896]]
[[0,0],[4,0],[92,224]]
[[0,0],[1,0],[265,896]]
[[0,0],[1,0],[285,896]]
[[0,0],[8,0],[72,112]]
[[0,0],[1,0],[67,896]]
[[0,0],[1,0],[471,896]]
[[0,0],[2,0],[190,448]]
[[0,0],[1,0],[79,896]]
[[0,0],[1,0],[269,896]]
[[0,0],[1,0],[1,896]]
[[0,0],[1,0],[83,896]]
[[0,0],[4,0],[88,224]]
[[0,0],[1,0],[777,896]]
[[0,0],[1,0],[313,896]]
[[0,0],[2,0],[184,448]]
[[0,0],[2,0],[122,448]]
[[0,0],[2,0],[282,448]]
[[0,0],[2,0],[100,448]]
[[0,0],[1,0],[274,896]]
[[0,0],[1,0],[145,896]]
[[0,0],[1,0],[11,896]]
[[0,0],[1,0],[833,896]]
[[0,0],[1,0],[92,896]]
[[0,0],[1,0],[709,896]]
[[0,0],[1,0],[57,896]]
[[0,0],[1,0],[134,896]]
[[0,0],[1,0],[117,896]]
[[0,0],[1,0],[165,896]]
[[0,0],[2,0],[212,448]]
[[0,0],[1,0],[162,896]]
[[0,0],[1,0],[563,896]]
[[0,0],[1,0],[55,896]]
[[0,0],[1,0],[379,896]]
[[0,0],[1,0],[459,896]]
[[0,0],[1,0],[181,896]]
[[0,0],[2,0],[30,448]]
[[0,0],[1,0],[302,896]]
[[0,0],[1,0],[535,896]]
[[0,0],[1,0],[217,896]]
[[0,0],[2,0],[398,448]]
[[0,0],[1,0],[895,896]]
[[0,0],[1,0],[597,896]]
[[0,0],[4,0],[196,224]]
[[0,0],[1,0],[5,896]]
[[0,0],[2,0],[6,448]]
[[0,0],[1,0],[173,896]]
[[0,0],[1,0],[513,896]]
[[0,0],[1,0],[481,896]]
[[0,0],[2,0],[10,448]]
[[0,0],[2,0],[202,448]]
[[0,0],[4,0],[20,224]]
[[0,0],[1,0],[155,896]]
[[0,0],[1,0],[465,896]]
[[0,0],[1,0],[834,896]]
[[0,0],[1,0],[229,896]]
[[0,0],[1,0],[106,896]]
[[0,0],[1,0],[291,896]]
[[0,0],[1,0],[111,896]]
[[0,0],[1,0],[386,896]]
[[0,0],[1,0],[275,896]]
[[0,0],[1,0],[467,896]]
[[0,0],[2,0],[296,448]]
[[0,0],[1,0],[27,896]]
[[0,0],[1,0],[89,896]]
[[0,0],[1,0],[820,896]]
[[0,0],[4,0],[52,224]]
[[0,0],[1,0],[75,896]]
[[0,0],[1,0],[261,896]]
[[0,0],[2,0],[234,448]]
[[0,0],[2,0],[62,448]]
[[0,0],[1,0],[141,896]]
[[0,0],[1,0],[115,896]]
[[0,0],[2,0],[134,448]]
[[0,0],[1,0],[305,896]]
[[0,0],[8,0],[104,112]]
[[0,0],[2,0],[46,448]]
[[0,0],[2,0],[370,448]]
[[0,0],[4,0],[44,224]]
[[0,0],[1,0],[97,896]]
[[0,0],[1,0],[139,896]]
[[0,0],[1,0],[345,896]]
[[0,0],[1,0],[443,896]]
[[0,0],[1,0],[593,896]]
[[0,0],[2,0],[434,448]]
[[0,0],[1,0],[211,896]]
[[0,0],[1,0],[743,896]]
[[0,0],[1,0],[213,896]]
[[0,0],[2,0],[26,448]]
[[0,0],[1,0],[764,896]]
[[0,0],[2,0],[310,448]]
[[0,0],[1,0],[47,896]]
[[0,0],[1,0],[857,896]]
[[0,0],[1,0],[225,896]]
[[0,0],[1,0],[351,896]]
[[0,0],[1,0],[401,896]]
[[0,0],[1,0],[149,896]]
[[0,0],[2,0],[408,448]]
[[0,0],[1,0],[325,896]]
[[0,0],[2,0],[130,448]]
[[0,0],[1,0],[665,896]]
[[0,0],[1,0],[113,896]]
[[0,0],[1,0],[527,896]]
[[0,0],[1,0],[218,896]]
[[0,0],[2,0],[18,448]]
[[0,0],[4,0],[108,224]]
[[0,0],[1,0],[463,896]]
[[0,0],[1,0],[733,896]]
[[0,0],[1,0],[293,896]]
[[0,0],[1,0],[277,896]]
[[0,0],[1,0],[36,896]]
[[0,0],[2,0],[270,448]]
[[0,0],[1,0],[554,896]]
[[0,0],[1,0],[414,896]]
[[0,0],[1,0],[297,896]]
[[0,0],[1,0],[37,896]]
[[0,0],[2,0],[38,448]]
[[0,0],[2,0],[380,448]]
[[0,0],[1,0],[219,896]]
[[0,0],[2,0],[250,448]]
[[0,0],[1,0],[15,896]]
[[0,0],[4,0],[124,224]]
[[0,0],[2,0],[22,448]]
[[0,0],[1,0],[9,896]]
[[0,0],[2,0],[242,448]]
[[0,0],[1,0],[185,896]]
[[0,0],[1,0],[255,896]]
[[0,0],[1,0],[3,896]]
[[0,0],[1,0],[105,896]]
[[0,0],[1,0],[643,896]]
[[0,0],[1,0],[95,896]]
[[0,0],[1,0],[725,896]]
[[0,0],[1,0],[523,896]]
[[0,0],[1,0],[65,896]]
[[0,0],[1,0],[579,896]]
[[0,0],[1,0],[151,896]]
[[0,0],[1,0],[505,896]]
[[0,0],[1,0],[331,896]]
[[0,0],[1,0],[503,896]]
[[0,0],[1,0],[617,896]]
[[0,0],[1,0],[666,896]]
[[0,0],[1,0],[405,896]]
[[0,0],[1,0],[827,896]]
[[0,0],[1,0],[53,896]]
[[0,0],[2,0],[298,448]]
[[0,0],[2,0],[230,448]]
[[0,0],[2,0],[254,448]]
[[0,0],[4,0],[68,224]]
[[0,0],[1,0],[806,896]]
[[0,0],[2,0],[74,448]]
[[0,0],[1,0],[403,896]]
[[0,0],[1,0],[577,896]]
[[0,0],[1,0],[750,896]]
[[0,0],[1,0],[49,896]]
[[0,0],[1,0],[889,896]]
[[0,0],[1,0],[59,896]]
[[0,0],[1,0],[247,896]]
[[0,0],[2,0],[110,448]]
[[0,0],[1,0],[442,896]]
[[0,0],[2,0],[210,448]]
[[0,0],[4,0],[116,224]]
[[0,0],[2,0],[358,448]]
[[0,0],[1,0],[50,896]]
[[0,0],[1,0],[372,896]]
[[0,0],[1,0],[295,896]]
[[0,0],[1,0],[417,896]]
[[0,0],[1,0],[359,896]]
[[0,0],[1,0],[23,896]]
[[0,0],[1,0],[31,896]]
[[0,0],[1,0],[85,896]]
[[0,0],[1,0],[876,896]]
[[0,0],[4,0],[172,224]]
[[0,0],[1,0],[78,896]]
[[0,0],[2,0],[194,448]]
[[0,0],[1,0],[447,896]]
[[0,0],[2,0],[324,448]]
[[0,0],[1,0],[143,896]]
[[0,0],[1,0],[209,896]]
[[0,0],[1,0],[489,896]]
[[0,0],[1,0],[499,896]]
[[0,0],[1,0],[652,896]]
[[0,0],[1,0],[341,896]]
[[0,0],[2,0],[156,448]]
[[0,0],[1,0],[169,896]]
[[0,0],[1,0],[190,896]]
[[0,0],[1,0],[191,896]]
[[0,0],[8,0],[8,112]]
[[0,0],[1,0],[375,896]]
[[0,0],[2,0],[418,448]]
[[0,0],[1,0],[201,896]]
[[0,0],[1,0],[125,896]]
[[0,0],[2,0],[330,448]]
[[0,0],[2,0],[54,448]]
[[0,0],[1,0],[159,896]]
[[0,0],[1,0],[526,896]]
[[0,0],[1,0],[205,896]]
[[0,0],[2,0],[226,448]]
[[0,0],[1,0],[411,896]]
[[0,0],[1,0],[51,896]]
[[0,0],[1,0],[71,896]]
[[0,0],[2,0],[44,448]]
[[0,0],[1,0],[515,896]]
[[0,0],[1,0],[335,896]]
[[0,0],[1,0],[423,896]]
[[0,0],[1,0],[179,896]]
[[0,0],[2,0],[322,448]]
[[0,0],[1,0],[271,896]]
[[0,0],[1,0],[137,896]]
[[0,0],[1,0],[639,896]]
[[0,0],[2,0],[158,448]]
[[0,0],[2,0],[146,448]]
[[0,0],[1,0],[553,896]]
[[0,0],[1,0],[470,896]]
[[0,0],[1,0],[41,896]]
[[0,0],[1,0],[793,896]]
[[0,0],[1,0],[289,896]]
[[0,0],[1,0],[708,896]]
[[0,0],[1,0],[461,896]]
[[0,0],[1,0],[101,896]]
[[0,0],[1,0],[311,896]]
[[0,0],[1,0],[221,896]]
[[0,0],[1,0],[329,896]]
[[0,0],[2,0],[72,448]]
[[0,0],[1,0],[609,896]]
[[0,0],[1,0],[773,896]]
[[0,0],[1,0],[890,896]]
[[0,0],[1,0],[13,896]]
[[0,0],[1,0],[87,896]]
[[0,0],[1,0],[638,896]]
[[0,0],[1,0],[613,896]]
[[0,0],[2,0],[86,448]]
[[0,0],[1,0],[529,896]]
[[0,0],[2,0],[98,448]]
[[0,0],[1,0],[61,896]]
[[0,0],[1,0],[263,896]]
[[0,0],[1,0],[589,896]]
[[0,0],[1,0],[17,896]]
[[0,0],[1,0],[439,896]]
[[0,0],[1,0],[207,896]]
[[0,0],[1,0],[587,896]]
[[0,0],[1,0],[131,896]]
[[0,0],[1,0],[657,896]]
[[0,0],[2,0],[262,448]]
[[0,0],[1,0],[199,896]]
[[0,0],[1,0],[365,896]]
[[0,0],[4,0],[36,224]]
[[0,0],[1,0],[73,896]]
[[0,0],[1,0],[653,896]]
[[0,0],[1,0],[29,896]]
[[0,0],[2,0],[94,448]]
[[0,0],[1,0],[349,896]]
[[0,0],[1,0],[533,896]]
[[0,0],[1,0],[497,896]]
[[0,0],[1,0],[477,896]]
[[0,0],[1,0],[129,896]]
[[0,0],[2,0],[446,448]]
[[0,0],[1,0],[316,896]]
[[0,0],[4,0],[144,224]]
[[0,0],[1,0],[722,896]]
[[0,0],[1,0],[582,896]]
[[0,0],[1,0],[167,896]]
[[0,0],[1,0],[121,896]]
[[0,0],[2,0],[162,448]]
[[0,0],[1,0],[699,896]]
[[0,0],[1,0],[862,896]]
[[0,0],[1,0],[260,896]]
[[0,0],[1,0],[703,896]]
[[0,0],[1,0],[22,896]]
[[0,0],[1,0],[19,896]]
[[0,0],[4,0],[200,224]]
[[0,0],[1,0],[669,896]]
[[0,0],[1,0],[127,896]]
[[0,0],[1,0],[694,896]]
[[0,0],[1,0],[43,896]]
[[0,0],[1,0],[109,896]]
[[0,0],[1,0],[93,896]]
[[0,0],[2,0],[142,448]]
[[0,0],[4,0],[60,224]]
[[0,0],[1,0],[409,896]]
[[0,0],[1,0],[157,896]]
[[0,0],[1,0],[769,896]]
[[0,0],[1,0],[233,896]]
[[0,0],[1,0],[395,896]]
[[0,0],[1,0],[355,896]]
[[0,0],[1,0],[385,896]]
[[0,0],[2,0],[114,448]]
[[0,0],[2,0],[174,448]]
[[0,0],[1,0],[610,896]]
[[0,0],[1,0],[789,896]]
[[0,0],[4,0],[164,224]]
