[[0,0],[1,0],[86,90]]
[[0,0],[3,0],[9,30]]
[[0,0],[1,0],[31,90]]
[[0,0],[1,0],[29,90]]
[[0,0],[1,0],[85,90]]
[[0,0],[1,0],[25,90]]
[[0,0],[1,0],[22,90]]
[[0,0],[1,0],[56,90]]
[[0,0],[1,0],[64,90]]
[[0,0],[1,0],[4,90]]
[[0,0],[1,0],[28,90]]
[[0,0],[1,0],[82,90]]
[[0,0],[1,0],[46,90]]
[[0,0],[1,0],[71,90]]
[[0,0],[1,0],[55,90]]
[[0,0],[1,0],[34,90]]
[[0,0],[1,0],[58,90]]
[[0,0],[1,0],[49,90]]
[[0,0],[1,0],[52,90]]
[[0,0],[1,0],[43,90]]
[[0,0],[2,0],[42,45]]
[[0,0],[1,0],[1,90]]
[[0,0],[3,0],[3,30]]
[[0,0],[2,0],[12,45]]
[[0,0],[1,0],[21,90]]
[[0,0],[1,0],[26,90]]
[[0,0],[1,0],[23,90]]
[[0,0],[1,0],[81,90]]
[[0,0],[1,0],[17,90]]
[[0,0],[1,0],[89,90]]
[[0,0],[2,0],[20,45]]
[[0,0],[1,0],[76,90]]
[[0,0],[1,0],[11,90]]
[[0,0],[1,0],[7,90]]
[[0,0],[1,0],[37,90]]
[[0,0],[1,0],[88,90]]
[[0,0],[3,0],[18,30]]
[[0,0],[1,0],[77,90]]
[[0,0],[1,0],[16,90]]
[[0,0],[3,0],[27,30]]
[[0,0],[1,0],[51,90]]
[[0,0],[1,0],[19,90]]
