[[0,0],[1,0],[528,901]]
[[0,0],[1,0],[147,901]]
[[0,0],[1,0],[163,901]]
[[0,0],[1,0],[20,901]]
[[0,0],[1,0],[316,901]]
[[0,0],[1,0],[310,901]]
[[0,0],[1,0],[260,901]]
[[0,0],[1,0],[319,901]]
[[0,0],[1,0],[77,901]]
[[0,0],[1,0],[579,901]]
[[0,0],[1,0],[54,901]]
[[0,0],[1,0],[127,901]]
[[0,0],[1,0],[130,901]]
[[0,0],[1,0],[97,901]]
[[0,0],[1,0],[247,901]]
[[0,0],[1,0],[64,901]]
[[0,0],[1,0],[6,901]]
[[0,0],[1,0],[164,901]]
[[0,0],[1,0],[109,901]]
[[0,0],[1,0],[19,901]]
[[0,0],[1,0],[59,901]]
[[0,0],[1,0],[248,901]]
[[0,0],[1,0],[5,901]]
[[0,0],[1,0],[134,901]]
[[0,0],[1,0],[69,901]]
[[0,0],[1,0],[690,901]]
[[0,0],[1,0],[81,901]]
[[0,0],[1,0],[48,901]]
[[0,0],[1,0],[26,901]]
[[0,0],[1,0],[230,901]]
[[0,0],[1,0],[162,901]]
[[0,0],[1,0],[152,901]]
[[0,0],[1,0],[107,901]]
[[0,0],[1,0],[302,901]]
[[0,0],[1,0],[86,901]]
[[0,0],[1,0],[65,901]]
[[0,0],[1,0],[73,901]]
[[0,0],[1,0],[27,901]]
[[0,0],[1,0],[58,901]]
[[0,0],[1,0],[133,901]]
[[0,0],[1,0],[227,901]]
[[0,0],[1,0],[128,901]]
[[0,0],[1,0],[269,901]]
[[0,0],[1,0],[66,901]]
[[0,0],[1,0],[7,901]]
[[0,0],[1,0],[15,901]]
[[0,0],[1,0],[135,901]]
[[0,0],[1,0],[56,901]]
[[0,0],[1,0],[257,901]]
[[0,0],[1,0],[52,901]]
[[0,0],[1,0],[14,901]]
[[0,0],[1,0],[288,901]]
[[0,0],[1,0],[93,901]]
[[0,0],[1,0],[25,901]]
[[0,0],[1,0],[239,901]]
[[0,0],[1,0],[29,901]]
[[0,0],[1,0],[132,901]]
[[0,0],[1,0],[71,901]]
[[0,0],[1,0],[114,901]]
[[0,0],[1,0],[79,901]]
[[0,0],[1,0],[324,901]]
[[0,0],[1,0],[213,901]]
[[0,0],[1,0],[62,901]]
[[0,0],[1,0],[409,901]]
[[0,0],[1,0],[320,901]]
[[0,0],[1,0],[307,901]]
[[0,0],[1,0],[38,901]]
[[0,0],[1,0],[63,901]]
[[0,0],[1,0],[165,901]]
[[0,0],[1,0],[18,901]]
[[0,0],[1,0],[280,901]]
[[0,0],[1,0],[47,901]]
[[0,0],[1,0],[120,901]]
[[0,0],[1,0],[24,901]]
[[0,0],[1,0],[72,901]]
[[0,0],[1,0],[21,901]]
[[0,0],[1,0],[256,901]]
[[0,0],[1,0],[732,901]]
[[0,0],[1,0],[141,901]]
[[0,0],[1,0],[250,901]]
[[0,0],[1,0],[206,901]]
[[0,0],[1,0],[8,901]]
[[0,0],[1,0],[228,901]]
[[0,0],[1,0],[111,901]]
[[0,0],[1,0],[129,901]]
[[0,0],[1,0],[67,901]]
[[0,0],[1,0],[113,901]]
[[0,0],[1,0],[277,901]]
[[0,0],[1,0],[33,901]]
[[0,0],[1,0],[562,901]]
[[0,0],[1,0],[372,901]]
[[0,0],[1,0],[249,901]]
[[0,0],[1,0],[112,901]]
[[0,0],[1,0],[88,901]]
[[0,0],[1,0],[22,901]]
[[0,0],[1,0],[78,901]]
[[0,0],[1,0],[131,901]]
[[0,0],[1,0],[358,901]]
[[0,0],[1,0],[137,901]]
[[0,0],[1,0],[35,901]]
[[0,0],[1,0],[96,901]]
[[0,0],[1,0],[273,901]]
[[0,0],[1,0],[87,901]]
[[0,0],[1,0],[197,901]]
[[0,0],[1,0],[1,901]]
[[0,0],[1,0],[92,901]]
[[0,0],[1,0],[511,901]]
[[0,0],[1,0],[203,901]]
[[0,0],[1,0],[40,901]]
[[0,0],[1,0],[4,901]]
[[0,0],[1,0],[188,901]]
[[0,0],[1,0],[154,901]]
[[0,0],[1,0],[74,901]]
[[0,0],[1,0],[11,901]]
[[0,0],[1,0],[186,901]]
[[0,0],[1,0],[142,901]]
[[0,0],[1,0],[253,901]]
[[0,0],[1,0],[55,901]]
[[0,0],[1,0],[182,901]]
[[0,0],[1,0],[12,901]]
[[0,0],[1,0],[108,901]]
[[0,0],[1,0],[149,901]]
[[0,0],[1,0],[849,901]]
[[0,0],[1,0],[140,901]]
[[0,0],[1,0],[126,901]]
[[0,0],[1,0],[341,901]]
[[0,0],[1,0],[242,901]]
[[0,0],[1,0],[10,901]]
[[0,0],[1,0],[30,901]]
[[0,0],[1,0],[175,901]]
[[0,0],[1,0],[44,901]]
[[0,0],[1,0],[49,901]]
[[0,0],[1,0],[39,901]]
[[0,0],[1,0],[32,901]]
[[0,0],[1,0],[70,901]]
[[0,0],[1,0],[198,901]]
[[0,0],[1,0],[16,901]]
[[0,0],[1,0],[266,901]]
[[0,0],[1,0],[95,901]]
[[0,0],[1,0],[148,901]]
[[0,0],[1,0],[176,901]]
[[0,0],[1,0],[121,901]]
[[0,0],[1,0],[43,901]]
[[0,0],[1,0],[460,901]]
[[0,0],[1,0],[290,901]]
[[0,0],[1,0],[23,901]]
[[0,0],[1,0],[189,901]]
[[0,0],[1,0],[783,901]]
[[0,0],[1,0],[205,901]]
[[0,0],[1,0],[13,901]]
[[0,0],[1,0],[28,901]]
[[0,0],[1,0],[2,901]]
[[0,0],[1,0],[270,901]]
[[0,0],[1,0],[425,901]]
[[0,0],[1,0],[287,901]]
[[0,0],[1,0],[57,901]]
[[0,0],[1,0],[337,901]]
[[0,0],[1,0],[229,901]]
[[0,0],[1,0],[98,901]]
[[0,0],[1,0],[3,901]]
[[0,0],[1,0],[9,901]]
[[0,0],[1,0],[94,901]]
[[0,0],[1,0],[110,901]]
[[0,0],[1,0],[80,901]]
