[[0,0],[1,0],[637,902]]
[[0,0],[1,0],[780,902]]
[[0,0],[1,0],[408,902]]
[[0,0],[1,0],[163,902]]
[[0,0],[1,0],[496,902]]
[[0,0],[1,0],[399,902]]
[[0,0],[1,0],[373,902]]
[[0,0],[1,0],[573,902]]
[[0,0],[1,0],[313,902]]
[[0,0],[1,0],[389,902]]
[[0,0],[1,0],[367,902]]
[[0,0],[1,0],[509,902]]
[[0,0],[1,0],[540,902]]
[[0,0],[1,0],[569,902]]
[[0,0],[1,0],[309,902]]
[[0,0],[1,0],[299,902]]
[[0,0],[1,0],[127,902]]
[[0,0],[1,0],[650,902]]
[[0,0],[1,0],[381,902]]
[[0,0],[1,0],[691,902]]
[[0,0],[1,0],[661,902]]
[[0,0],[1,0],[447,902]]
[[0,0],[1,0],[185,902]]
[[0,0],[1,0],[109,902]]
[[0,0],[1,0],[247,902]]
[[0,0],[1,0],[607,902]]
[[0,0],[1,0],[243,902]]
[[0,0],[1,0],[549,902]]
[[0,0],[1,0],[19,902]]
[[0,0],[1,0],[59,902]]
[[0,0],[1,0],[195,902]]
[[0,0],[1,0],[5,902]]
[[0,0],[1,0],[69,902]]
[[0,0],[1,0],[430,902]]
[[0,0],[1,0],[81,902]]
[[0,0],[1,0],[342,902]]
[[0,0],[1,0],[276,902]]
[[0,0],[1,0],[335,902]]
[[0,0],[1,0],[207,902]]
[[0,0],[1,0],[293,902]]
[[0,0],[1,0],[804,902]]
[[0,0],[1,0],[371,902]]
[[0,0],[1,0],[210,902]]
[[0,0],[1,0],[663,902]]
[[0,0],[1,0],[107,902]]
[[0,0],[1,0],[760,902]]
[[0,0],[1,0],[166,902]]
[[0,0],[1,0],[65,902]]
[[0,0],[1,0],[525,902]]
[[0,0],[1,0],[73,902]]
[[0,0],[1,0],[191,902]]
[[0,0],[1,0],[91,902]]
[[0,0],[1,0],[27,902]]
[[0,0],[1,0],[133,902]]
[[0,0],[1,0],[870,902]]
[[0,0],[1,0],[151,902]]
[[0,0],[1,0],[613,902]]
[[0,0],[1,0],[125,902]]
[[0,0],[1,0],[217,902]]
[[0,0],[1,0],[269,902]]
[[0,0],[1,0],[105,902]]
[[0,0],[1,0],[17,902]]
[[0,0],[1,0],[56,902]]
[[0,0],[1,0],[339,902]]
[[0,0],[1,0],[124,902]]
[[0,0],[1,0],[7,902]]
[[0,0],[1,0],[15,902]]
[[0,0],[1,0],[135,902]]
[[0,0],[1,0],[901,902]]
[[0,0],[1,0],[807,902]]
[[0,0],[1,0],[232,902]]
[[0,0],[1,0],[349,902]]
[[0,0],[1,0],[144,902]]
[[0,0],[1,0],[288,902]]
[[0,0],[1,0],[93,902]]
[[0,0],[1,0],[42,902]]
[[0,0],[1,0],[25,902]]
[[0,0],[1,0],[413,902]]
[[0,0],[1,0],[85,902]]
[[0,0],[1,0],[461,902]]
[[0,0],[1,0],[672,902]]
[[0,0],[1,0],[628,902]]
[[0,0],[1,0],[351,902]]
[[0,0],[1,0],[29,902]]
[[0,0],[1,0],[181,902]]
[[0,0],[1,0],[647,902]]
[[0,0],[1,0],[581,902]]
[[0,0],[1,0],[71,902]]
[[0,0],[1,0],[331,902]]
[[0,0],[1,0],[122,902]]
[[0,0],[1,0],[79,902]]
[[0,0],[1,0],[213,902]]
[[0,0],[1,0],[233,902]]
[[0,0],[1,0],[651,902]]
[[0,0],[1,0],[409,902]]
[[0,0],[1,0],[523,902]]
[[0,0],[1,0],[320,902]]
[[0,0],[1,0],[527,902]]
[[0,0],[1,0],[165,902]]
[[0,0],[1,0],[285,902]]
[[0,0],[1,0],[63,902]]
[[0,0],[1,0],[254,902]]
[[0,0],[1,0],[298,902]]
[[0,0],[1,0],[729,902]]
[[0,0],[1,0],[892,902]]
[[0,0],[1,0],[694,902]]
[[0,0],[1,0],[45,902]]
[[0,0],[1,0],[417,902]]
[[0,0],[1,0],[263,902]]
[[0,0],[1,0],[755,902]]
[[0,0],[1,0],[47,902]]
[[0,0],[1,0],[221,902]]
[[0,0],[1,0],[383,902]]
[[0,0],[1,0],[541,902]]
[[0,0],[1,0],[21,902]]
[[0,0],[1,0],[183,902]]
[[0,0],[1,0],[193,902]]
[[0,0],[1,0],[325,902]]
[[0,0],[1,0],[619,902]]
[[0,0],[1,0],[141,902]]
[[0,0],[1,0],[518,902]]
[[0,0],[1,0],[323,902]]
[[0,0],[1,0],[364,902]]
[[0,0],[1,0],[370,902]]
[[0,0],[1,0],[119,902]]
[[0,0],[1,0],[431,902]]
[[0,0],[1,0],[206,902]]
[[0,0],[1,0],[153,902]]
[[0,0],[1,0],[859,902]]
[[0,0],[1,0],[83,902]]
[[0,0],[1,0],[271,902]]
[[0,0],[1,0],[111,902]]
[[0,0],[1,0],[584,902]]
[[0,0],[1,0],[515,902]]
[[0,0],[1,0],[403,902]]
[[0,0],[1,0],[67,902]]
[[0,0],[1,0],[113,902]]
[[0,0],[1,0],[53,902]]
[[0,0],[1,0],[782,902]]
[[0,0],[1,0],[562,902]]
[[0,0],[1,0],[475,902]]
[[0,0],[1,0],[625,902]]
[[0,0],[1,0],[483,902]]
[[0,0],[1,0],[635,902]]
[[0,0],[1,0],[345,902]]
[[0,0],[1,0],[249,902]]
[[0,0],[1,0],[201,902]]
[[0,0],[1,0],[215,902]]
[[0,0],[1,0],[281,902]]
[[0,0],[1,0],[177,902]]
[[0,0],[1,0],[137,902]]
[[0,0],[1,0],[78,902]]
[[0,0],[1,0],[131,902]]
[[0,0],[1,0],[35,902]]
[[0,0],[1,0],[115,902]]
[[0,0],[1,0],[273,902]]
[[0,0],[1,0],[343,902]]
[[0,0],[1,0],[167,902]]
[[0,0],[1,0],[805,902]]
[[0,0],[1,0],[1,902]]
[[0,0],[1,0],[585,902]]
[[0,0],[1,0],[87,902]]
[[0,0],[1,0],[415,902]]
[[0,0],[1,0],[463,902]]
[[0,0],[1,0],[311,902]]
[[0,0],[1,0],[511,902]]
[[0,0],[1,0],[169,902]]
[[0,0],[1,0],[279,902]]
[[0,0],[1,0],[616,902]]
[[0,0],[1,0],[597,902]]
[[0,0],[1,0],[145,902]]
[[0,0],[1,0],[643,902]]
[[0,0],[1,0],[423,902]]
[[0,0],[1,0],[357,902]]
[[0,0],[1,0],[89,902]]
[[0,0],[1,0],[555,902]]
[[0,0],[1,0],[235,902]]
[[0,0],[1,0],[179,902]]
[[0,0],[1,0],[199,902]]
[[0,0],[1,0],[501,902]]
[[0,0],[1,0],[203,902]]
[[0,0],[1,0],[587,902]]
[[0,0],[1,0],[225,902]]
[[0,0],[1,0],[595,902]]
[[0,0],[1,0],[469,902]]
[[0,0],[1,0],[188,902]]
[[0,0],[1,0],[34,902]]
[[0,0],[1,0],[862,902]]
[[0,0],[2,0],[330,451]]
[[0,0],[1,0],[611,902]]
[[0,0],[1,0],[698,902]]
[[0,0],[1,0],[457,902]]
[[0,0],[1,0],[713,902]]
[[0,0],[1,0],[481,902]]
[[0,0],[1,0],[435,902]]
[[0,0],[1,0],[12,902]]
[[0,0],[1,0],[359,902]]
[[0,0],[1,0],[155,902]]
[[0,0],[1,0],[716,902]]
[[0,0],[1,0],[117,902]]
[[0,0],[1,0],[149,902]]
[[0,0],[1,0],[139,902]]
[[0,0],[1,0],[157,902]]
[[0,0],[1,0],[103,902]]
[[0,0],[1,0],[452,902]]
[[0,0],[1,0],[534,902]]
[[0,0],[1,0],[49,902]]
[[0,0],[1,0],[826,902]]
[[0,0],[1,0],[175,902]]
[[0,0],[1,0],[329,902]]
[[0,0],[1,0],[39,902]]
[[0,0],[1,0],[606,902]]
[[0,0],[1,0],[675,902]]
[[0,0],[1,0],[474,902]]
[[0,0],[1,0],[459,902]]
[[0,0],[1,0],[507,902]]
[[0,0],[1,0],[237,902]]
[[0,0],[1,0],[411,902]]
[[0,0],[1,0],[75,902]]
[[0,0],[1,0],[386,902]]
[[0,0],[1,0],[453,902]]
[[0,0],[1,0],[645,902]]
[[0,0],[1,0],[261,902]]
[[0,0],[1,0],[773,902]]
[[0,0],[1,0],[159,902]]
[[0,0],[1,0],[537,902]]
[[0,0],[1,0],[161,902]]
[[0,0],[1,0],[465,902]]
[[0,0],[1,0],[497,902]]
[[0,0],[1,0],[303,902]]
[[0,0],[1,0],[705,902]]
[[0,0],[1,0],[13,902]]
[[0,0],[1,0],[219,902]]
[[0,0],[1,0],[23,902]]
[[0,0],[1,0],[61,902]]
[[0,0],[1,0],[425,902]]
[[0,0],[1,0],[601,902]]
[[0,0],[1,0],[355,902]]
[[0,0],[1,0],[100,902]]
[[0,0],[1,0],[171,902]]
[[0,0],[1,0],[101,902]]
[[0,0],[1,0],[31,902]]
[[0,0],[1,0],[657,902]]
[[0,0],[1,0],[337,902]]
[[0,0],[1,0],[57,902]]
[[0,0],[1,0],[37,902]]
[[0,0],[1,0],[229,902]]
[[0,0],[1,0],[327,902]]
[[0,0],[1,0],[51,902]]
[[0,0],[1,0],[223,902]]
[[0,0],[1,0],[9,902]]
[[0,0],[1,0],[848,902]]
[[0,0],[1,0],[3,902]]
[[0,0],[1,0],[505,902]]
