[[0,0],[1,0],[316,903]]
[[0,0],[1,0],[20,903]]
[[0,0],[1,0],[575,903]]
[[0,0],[1,0],[352,903]]
[[0,0],[1,0],[82,903]]
[[0,0],[1,0],[163,903]]
[[0,0],[1,0],[496,903]]
[[0,0],[1,0],[260,903]]
[[0,0],[1,0],[313,903]]
[[0,0],[1,0],[540,903]]
[[0,0],[1,0],[214,903]]
[[0,0],[1,0],[309,903]]
[[0,0],[1,0],[185,903]]
[[0,0],[1,0],[97,903]]
[[0,0],[1,0],[268,903]]
[[0,0],[1,0],[130,903]]
[[0,0],[1,0],[64,903]]
[[0,0],[1,0],[456,903]]
[[0,0],[1,0],[265,903]]
[[0,0],[1,0],[314,903]]
[[0,0],[1,0],[164,903]]
[[0,0],[1,0],[247,903]]
[[0,0],[1,0],[19,903]]
[[0,0],[1,0],[59,903]]
[[0,0],[1,0],[5,903]]
[[0,0],[1,0],[382,903]]
[[0,0],[1,0],[134,903]]
[[0,0],[1,0],[26,903]]
[[0,0],[1,0],[216,903]]
[[0,0],[1,0],[560,903]]
[[0,0],[1,0],[76,903]]
[[0,0],[1,0],[162,903]]
[[0,0],[1,0],[818,903]]
[[0,0],[1,0],[346,903]]
[[0,0],[1,0],[107,903]]
[[0,0],[1,0],[302,903]]
[[0,0],[1,0],[65,903]]
[[0,0],[1,0],[73,903]]
[[0,0],[1,0],[58,903]]
[[0,0],[1,0],[517,903]]
[[0,0],[1,0],[751,903]]
[[0,0],[1,0],[610,903]]
[[0,0],[1,0],[151,903]]
[[0,0],[1,0],[125,903]]
[[0,0],[1,0],[436,903]]
[[0,0],[1,0],[388,903]]
[[0,0],[1,0],[17,903]]
[[0,0],[1,0],[160,903]]
[[0,0],[1,0],[550,903]]
[[0,0],[1,0],[124,903]]
[[0,0],[1,0],[15,903]]
[[0,0],[1,0],[512,903]]
[[0,0],[1,0],[232,903]]
[[0,0],[1,0],[349,903]]
[[0,0],[1,0],[52,903]]
[[0,0],[1,0],[288,903]]
[[0,0],[1,0],[666,903]]
[[0,0],[1,0],[876,903]]
[[0,0],[1,0],[25,903]]
[[0,0],[3,0],[175,301]]
[[0,0],[1,0],[834,903]]
[[0,0],[1,0],[85,903]]
[[0,0],[1,0],[580,903]]
[[0,0],[1,0],[351,903]]
[[0,0],[1,0],[445,903]]
[[0,0],[1,0],[29,903]]
[[0,0],[1,0],[861,903]]
[[0,0],[1,0],[181,903]]
[[0,0],[1,0],[239,903]]
[[0,0],[1,0],[71,903]]
[[0,0],[1,0],[292,903]]
[[0,0],[1,0],[262,903]]
[[0,0],[1,0],[331,903]]
[[0,0],[1,0],[79,903]]
[[0,0],[1,0],[409,903]]
[[0,0],[1,0],[523,903]]
[[0,0],[1,0],[393,903]]
[[0,0],[1,0],[62,903]]
[[0,0],[1,0],[477,903]]
[[0,0],[1,0],[307,903]]
[[0,0],[1,0],[520,903]]
[[0,0],[1,0],[38,903]]
[[0,0],[1,0],[170,903]]
[[0,0],[1,0],[565,903]]
[[0,0],[1,0],[729,903]]
[[0,0],[1,0],[295,903]]
[[0,0],[1,0],[283,903]]
[[0,0],[1,0],[120,903]]
[[0,0],[1,0],[47,903]]
[[0,0],[1,0],[221,903]]
[[0,0],[1,0],[790,903]]
[[0,0],[1,0],[541,903]]
[[0,0],[1,0],[568,903]]
[[0,0],[1,0],[397,903]]
[[0,0],[1,0],[256,903]]
[[0,0],[1,0],[732,903]]
[[0,0],[1,0],[183,903]]
[[0,0],[1,0],[193,903]]
[[0,0],[1,0],[487,903]]
[[0,0],[1,0],[325,903]]
[[0,0],[1,0],[141,903]]
[[0,0],[1,0],[771,903]]
[[0,0],[1,0],[478,903]]
[[0,0],[1,0],[250,903]]
[[0,0],[1,0],[8,903]]
[[0,0],[1,0],[792,903]]
[[0,0],[1,0],[394,903]]
[[0,0],[1,0],[855,903]]
[[0,0],[1,0],[67,903]]
[[0,0],[1,0],[649,903]]
[[0,0],[1,0],[53,903]]
[[0,0],[1,0],[470,903]]
[[0,0],[1,0],[118,903]]
[[0,0],[1,0],[472,903]]
[[0,0],[1,0],[687,903]]
[[0,0],[1,0],[493,903]]
[[0,0],[1,0],[701,903]]
[[0,0],[1,0],[204,903]]
[[0,0],[1,0],[562,903]]
[[0,0],[1,0],[475,903]]
[[0,0],[1,0],[703,903]]
[[0,0],[1,0],[46,903]]
[[0,0],[1,0],[372,903]]
[[0,0],[1,0],[571,903]]
[[0,0],[1,0],[345,903]]
[[0,0],[1,0],[414,903]]
[[0,0],[1,0],[514,903]]
[[0,0],[1,0],[88,903]]
[[0,0],[1,0],[211,903]]
[[0,0],[1,0],[244,903]]
[[0,0],[1,0],[736,903]]
[[0,0],[1,0],[104,903]]
[[0,0],[1,0],[281,903]]
[[0,0],[1,0],[178,903]]
[[0,0],[1,0],[22,903]]
[[0,0],[1,0],[137,903]]
[[0,0],[1,0],[78,903]]
[[0,0],[1,0],[131,903]]
[[0,0],[1,0],[115,903]]
[[0,0],[1,0],[267,903]]
[[0,0],[1,0],[99,903]]
[[0,0],[1,0],[92,903]]
[[0,0],[1,0],[197,903]]
[[0,0],[1,0],[1,903]]
[[0,0],[1,0],[106,903]]
[[0,0],[1,0],[87,903]]
[[0,0],[1,0],[274,903]]
[[0,0],[1,0],[463,903]]
[[0,0],[1,0],[169,903]]
[[0,0],[1,0],[561,903]]
[[0,0],[1,0],[365,903]]
[[0,0],[1,0],[533,903]]
[[0,0],[1,0],[748,903]]
[[0,0],[1,0],[190,903]]
[[0,0],[1,0],[145,903]]
[[0,0],[1,0],[187,903]]
[[0,0],[1,0],[89,903]]
[[0,0],[1,0],[235,903]]
[[0,0],[1,0],[40,903]]
[[0,0],[1,0],[179,903]]
[[0,0],[1,0],[199,903]]
[[0,0],[1,0],[4,903]]
[[0,0],[1,0],[897,903]]
[[0,0],[1,0],[624,903]]
[[0,0],[1,0],[603,903]]
[[0,0],[1,0],[36,903]]
[[0,0],[1,0],[143,903]]
[[0,0],[1,0],[685,903]]
[[0,0],[1,0],[225,903]]
[[0,0],[1,0],[498,903]]
[[0,0],[1,0],[449,903]]
[[0,0],[1,0],[188,903]]
[[0,0],[1,0],[136,903]]
[[0,0],[1,0],[34,903]]
[[0,0],[1,0],[116,903]]
[[0,0],[1,0],[11,903]]
[[0,0],[1,0],[457,903]]
[[0,0],[1,0],[304,903]]
[[0,0],[1,0],[631,903]]
[[0,0],[1,0],[142,903]]
[[0,0],[1,0],[435,903]]
[[0,0],[1,0],[583,903]]
[[0,0],[1,0],[55,903]]
[[0,0],[1,0],[361,903]]
[[0,0],[1,0],[149,903]]
[[0,0],[1,0],[484,903]]
[[0,0],[1,0],[157,903]]
[[0,0],[1,0],[103,903]]
[[0,0],[1,0],[491,903]]
[[0,0],[1,0],[242,903]]
[[0,0],[1,0],[10,903]]
[[0,0],[1,0],[246,903]]
[[0,0],[1,0],[44,903]]
[[0,0],[1,0],[330,903]]
[[0,0],[1,0],[32,903]]
[[0,0],[1,0],[305,903]]
[[0,0],[1,0],[708,903]]
[[0,0],[1,0],[16,903]]
[[0,0],[1,0],[220,903]]
[[0,0],[1,0],[474,903]]
[[0,0],[1,0],[184,903]]
[[0,0],[1,0],[386,903]]
[[0,0],[1,0],[451,903]]
[[0,0],[1,0],[148,903]]
[[0,0],[1,0],[50,903]]
[[0,0],[1,0],[173,903]]
[[0,0],[1,0],[176,903]]
[[0,0],[1,0],[547,903]]
[[0,0],[1,0],[121,903]]
[[0,0],[1,0],[437,903]]
[[0,0],[1,0],[813,903]]
[[0,0],[1,0],[286,903]]
[[0,0],[1,0],[634,903]]
[[0,0],[1,0],[460,903]]
[[0,0],[1,0],[499,903]]
[[0,0],[1,0],[400,903]]
[[0,0],[1,0],[519,903]]
[[0,0],[1,0],[13,903]]
[[0,0],[1,0],[205,903]]
[[0,0],[1,0],[68,903]]
[[0,0],[1,0],[61,903]]
[[0,0],[1,0],[23,903]]
[[0,0],[1,0],[2,903]]
[[0,0],[1,0],[601,903]]
[[0,0],[1,0],[100,903]]
[[0,0],[1,0],[31,903]]
[[0,0],[1,0],[101,903]]
[[0,0],[1,0],[241,903]]
[[0,0],[1,0],[57,903]]
[[0,0],[1,0],[337,903]]
[[0,0],[1,0],[37,903]]
[[0,0],[1,0],[750,903]]
[[0,0],[1,0],[229,903]]
[[0,0],[1,0],[223,903]]
[[0,0],[1,0],[764,903]]
[[0,0],[1,0],[259,903]]
[[0,0],[1,0],[80,903]]
[[0,0],[1,0],[376,903]]
[[0,0],[1,0],[582,903]]
[[0,0],[1,0],[94,903]]
