[[0,0],[1,0],[801,904]]
[[0,0],[1,0],[215,904]]
[[0,0],[1,0],[415,904]]
[[0,0],[1,0],[223,904]]
[[0,0],[1,0],[391,904]]
[[0,0],[2,0],[102,452]]
[[0,0],[2,0],[90,452]]
[[0,0],[1,0],[81,904]]
[[0,0],[1,0],[237,904]]
[[0,0],[1,0],[45,904]]
[[0,0],[1,0],[729,904]]
[[0,0],[1,0],[457,904]]
[[0,0],[2,0],[154,452]]
[[0,0],[2,0],[66,452]]
[[0,0],[1,0],[323,904]]
[[0,0],[1,0],[235,904]]
[[0,0],[1,0],[507,904]]
[[0,0],[1,0],[433,904]]
[[0,0],[1,0],[309,904]]
[[0,0],[1,0],[273,904]]
[[0,0],[1,0],[133,904]]
[[0,0],[2,0],[198,452]]
[[0,0],[1,0],[249,904]]
[[0,0],[1,0],[757,904]]
[[0,0],[1,0],[399,904]]
[[0,0],[1,0],[449,904]]
[[0,0],[1,0],[135,904]]
[[0,0],[2,0],[222,452]]
[[0,0],[2,0],[170,452]]
[[0,0],[2,0],[2,452]]
[[0,0],[2,0],[106,452]]
[[0,0],[1,0],[197,904]]
[[0,0],[2,0],[34,452]]
[[0,0],[1,0],[251,904]]
[[0,0],[2,0],[58,452]]
[[0,0],[1,0],[231,904]]
[[0,0],[1,0],[33,904]]
[[0,0],[1,0],[69,904]]
[[0,0],[1,0],[183,904]]
[[0,0],[1,0],[575,904]]
[[0,0],[2,0],[82,452]]
[[0,0],[1,0],[25,904]]
[[0,0],[1,0],[453,904]]
[[0,0],[1,0],[321,904]]
[[0,0],[1,0],[39,904]]
[[0,0],[1,0],[99,904]]
[[0,0],[1,0],[377,904]]
[[0,0],[1,0],[35,904]]
[[0,0],[1,0],[267,904]]
[[0,0],[1,0],[451,904]]
[[0,0],[1,0],[91,904]]
[[0,0],[1,0],[285,904]]
[[0,0],[1,0],[77,904]]
[[0,0],[2,0],[278,452]]
[[0,0],[1,0],[566,904]]
[[0,0],[1,0],[561,904]]
[[0,0],[1,0],[79,904]]
[[0,0],[1,0],[792,904]]
[[0,0],[1,0],[551,904]]
[[0,0],[1,0],[1,904]]
[[0,0],[1,0],[265,904]]
[[0,0],[1,0],[83,904]]
[[0,0],[1,0],[114,904]]
[[0,0],[1,0],[203,904]]
[[0,0],[1,0],[431,904]]
[[0,0],[1,0],[723,904]]
[[0,0],[1,0],[711,904]]
[[0,0],[2,0],[122,452]]
[[0,0],[1,0],[313,904]]
[[0,0],[1,0],[145,904]]
[[0,0],[1,0],[123,904]]
[[0,0],[1,0],[549,904]]
[[0,0],[1,0],[7,904]]
[[0,0],[1,0],[319,904]]
[[0,0],[1,0],[525,904]]
[[0,0],[1,0],[11,904]]
[[0,0],[1,0],[709,904]]
[[0,0],[1,0],[57,904]]
[[0,0],[1,0],[485,904]]
[[0,0],[2,0],[318,452]]
[[0,0],[1,0],[767,904]]
[[0,0],[1,0],[165,904]]
[[0,0],[1,0],[55,904]]
[[0,0],[1,0],[173,904]]
[[0,0],[2,0],[30,452]]
[[0,0],[1,0],[557,904]]
[[0,0],[1,0],[535,904]]
[[0,0],[1,0],[63,904]]
[[0,0],[2,0],[6,452]]
[[0,0],[2,0],[10,452]]
[[0,0],[1,0],[5,904]]
[[0,0],[1,0],[291,904]]
[[0,0],[1,0],[187,904]]
[[0,0],[1,0],[111,904]]
[[0,0],[1,0],[275,904]]
[[0,0],[1,0],[259,904]]
[[0,0],[1,0],[787,904]]
[[0,0],[1,0],[301,904]]
[[0,0],[1,0],[229,904]]
[[0,0],[2,0],[14,452]]
[[0,0],[1,0],[163,904]]
[[0,0],[1,0],[27,904]]
[[0,0],[2,0],[450,452]]
[[0,0],[1,0],[89,904]]
[[0,0],[1,0],[115,904]]
[[0,0],[1,0],[305,904]]
[[0,0],[1,0],[75,904]]
[[0,0],[1,0],[261,904]]
[[0,0],[2,0],[62,452]]
[[0,0],[1,0],[567,904]]
[[0,0],[2,0],[326,452]]
[[0,0],[2,0],[246,452]]
[[0,0],[1,0],[97,904]]
[[0,0],[2,0],[46,452]]
[[0,0],[1,0],[245,904]]
[[0,0],[1,0],[547,904]]
[[0,0],[1,0],[677,904]]
[[0,0],[1,0],[211,904]]
[[0,0],[1,0],[139,904]]
[[0,0],[2,0],[26,452]]
[[0,0],[1,0],[345,904]]
[[0,0],[1,0],[47,904]]
[[0,0],[1,0],[225,904]]
[[0,0],[1,0],[351,904]]
[[0,0],[1,0],[743,904]]
[[0,0],[1,0],[213,904]]
[[0,0],[1,0],[340,904]]
[[0,0],[2,0],[130,452]]
[[0,0],[2,0],[18,452]]
[[0,0],[1,0],[435,904]]
[[0,0],[1,0],[463,904]]
[[0,0],[1,0],[189,904]]
[[0,0],[1,0],[763,904]]
[[0,0],[2,0],[374,452]]
[[0,0],[1,0],[257,904]]
[[0,0],[2,0],[138,452]]
[[0,0],[1,0],[149,904]]
[[0,0],[1,0],[325,904]]
[[0,0],[1,0],[665,904]]
[[0,0],[1,0],[679,904]]
[[0,0],[1,0],[537,904]]
[[0,0],[2,0],[166,452]]
[[0,0],[2,0],[270,452]]
[[0,0],[1,0],[277,904]]
[[0,0],[1,0],[501,904]]
[[0,0],[2,0],[250,452]]
[[0,0],[1,0],[15,904]]
[[0,0],[1,0],[297,904]]
[[0,0],[2,0],[38,452]]
[[0,0],[1,0],[177,904]]
[[0,0],[1,0],[37,904]]
[[0,0],[1,0],[219,904]]
[[0,0],[1,0],[687,904]]
[[0,0],[1,0],[3,904]]
[[0,0],[1,0],[95,904]]
[[0,0],[1,0],[307,904]]
[[0,0],[2,0],[22,452]]
[[0,0],[1,0],[705,904]]
[[0,0],[1,0],[429,904]]
[[0,0],[1,0],[493,904]]
[[0,0],[1,0],[65,904]]
[[0,0],[1,0],[383,904]]
[[0,0],[1,0],[9,904]]
[[0,0],[1,0],[185,904]]
[[0,0],[2,0],[186,452]]
[[0,0],[1,0],[491,904]]
[[0,0],[1,0],[105,904]]
[[0,0],[1,0],[523,904]]
[[0,0],[1,0],[671,904]]
[[0,0],[1,0],[151,904]]
[[0,0],[1,0],[331,904]]
[[0,0],[1,0],[503,904]]
[[0,0],[1,0],[617,904]]
[[0,0],[1,0],[53,904]]
[[0,0],[2,0],[74,452]]
[[0,0],[1,0],[577,904]]
[[0,0],[1,0],[49,904]]
[[0,0],[1,0],[517,904]]
[[0,0],[2,0],[258,452]]
[[0,0],[2,0],[210,452]]
[[0,0],[1,0],[751,904]]
[[0,0],[1,0],[59,904]]
[[0,0],[2,0],[150,452]]
[[0,0],[1,0],[31,904]]
[[0,0],[1,0],[359,904]]
[[0,0],[1,0],[21,904]]
[[0,0],[1,0],[241,904]]
[[0,0],[1,0],[23,904]]
[[0,0],[1,0],[143,904]]
[[0,0],[1,0],[209,904]]
[[0,0],[1,0],[635,904]]
[[0,0],[1,0],[499,904]]
[[0,0],[1,0],[85,904]]
[[0,0],[1,0],[107,904]]
[[0,0],[1,0],[487,904]]
[[0,0],[1,0],[119,904]]
[[0,0],[1,0],[125,904]]
[[0,0],[1,0],[159,904]]
[[0,0],[1,0],[341,904]]
[[0,0],[1,0],[169,904]]
[[0,0],[1,0],[205,904]]
[[0,0],[1,0],[361,904]]
[[0,0],[1,0],[621,904]]
[[0,0],[1,0],[51,904]]
[[0,0],[1,0],[749,904]]
[[0,0],[2,0],[54,452]]
[[0,0],[1,0],[479,904]]
[[0,0],[1,0],[515,904]]
[[0,0],[1,0],[335,904]]
[[0,0],[1,0],[179,904]]
[[0,0],[1,0],[303,904]]
[[0,0],[1,0],[271,904]]
[[0,0],[1,0],[71,904]]
[[0,0],[2,0],[228,452]]
[[0,0],[1,0],[483,904]]
[[0,0],[1,0],[423,904]]
[[0,0],[1,0],[227,904]]
[[0,0],[2,0],[146,452]]
[[0,0],[2,0],[342,452]]
[[0,0],[2,0],[158,452]]
[[0,0],[1,0],[289,904]]
[[0,0],[1,0],[333,904]]
[[0,0],[1,0],[461,904]]
[[0,0],[1,0],[253,904]]
[[0,0],[1,0],[279,904]]
[[0,0],[2,0],[50,452]]
[[0,0],[2,0],[214,452]]
[[0,0],[1,0],[41,904]]
[[0,0],[1,0],[609,904]]
[[0,0],[1,0],[13,904]]
[[0,0],[1,0],[529,904]]
[[0,0],[1,0],[713,904]]
[[0,0],[1,0],[101,904]]
[[0,0],[2,0],[86,452]]
[[0,0],[1,0],[61,904]]
[[0,0],[1,0],[311,904]]
[[0,0],[2,0],[98,452]]
[[0,0],[1,0],[171,904]]
[[0,0],[1,0],[87,904]]
[[0,0],[1,0],[371,904]]
[[0,0],[1,0],[17,904]]
[[0,0],[1,0],[207,904]]
[[0,0],[1,0],[131,904]]
[[0,0],[1,0],[657,904]]
[[0,0],[1,0],[243,904]]
[[0,0],[1,0],[445,904]]
[[0,0],[2,0],[218,452]]
[[0,0],[1,0],[29,904]]
[[0,0],[1,0],[349,904]]
[[0,0],[1,0],[439,904]]
[[0,0],[1,0],[541,904]]
[[0,0],[1,0],[587,904]]
[[0,0],[1,0],[315,904]]
[[0,0],[2,0],[262,452]]
[[0,0],[2,0],[70,452]]
[[0,0],[1,0],[497,904]]
[[0,0],[1,0],[611,904]]
[[0,0],[1,0],[683,904]]
[[0,0],[2,0],[94,452]]
[[0,0],[1,0],[477,904]]
[[0,0],[1,0],[73,904]]
[[0,0],[1,0],[129,904]]
[[0,0],[1,0],[903,904]]
[[0,0],[1,0],[299,904]]
[[0,0],[2,0],[162,452]]
[[0,0],[1,0],[703,904]]
[[0,0],[1,0],[19,904]]
[[0,0],[1,0],[281,904]]
[[0,0],[1,0],[121,904]]
[[0,0],[1,0],[167,904]]
[[0,0],[2,0],[178,452]]
[[0,0],[1,0],[393,904]]
[[0,0],[1,0],[127,904]]
[[0,0],[1,0],[649,904]]
[[0,0],[1,0],[109,904]]
[[0,0],[1,0],[531,904]]
[[0,0],[2,0],[42,452]]
[[0,0],[1,0],[93,904]]
[[0,0],[1,0],[641,904]]
[[0,0],[1,0],[837,904]]
[[0,0],[1,0],[157,904]]
[[0,0],[1,0],[437,904]]
[[0,0],[1,0],[539,904]]
[[0,0],[1,0],[43,904]]
[[0,0],[2,0],[334,452]]
[[0,0],[2,0],[142,452]]
[[0,0],[1,0],[385,904]]
[[0,0],[1,0],[409,904]]
[[0,0],[2,0],[114,452]]
[[0,0],[1,0],[395,904]]
