[[0,0],[1,0],[57,905]]
[[0,0],[1,0],[9,905]]
[[0,0],[1,0],[94,905]]
[[0,0],[1,0],[82,905]]
[[0,0],[1,0],[196,905]]
[[0,0],[1,0],[381,905]]
[[0,0],[1,0],[236,905]]
[[0,0],[1,0],[54,905]]
[[0,0],[1,0],[544,905]]
[[0,0],[1,0],[109,905]]
[[0,0],[1,0],[496,905]]
[[0,0],[1,0],[456,905]]
[[0,0],[1,0],[6,905]]
[[0,0],[1,0],[41,905]]
[[0,0],[1,0],[19,905]]
[[0,0],[1,0],[661,905]]
[[0,0],[1,0],[26,905]]
[[0,0],[1,0],[247,905]]
[[0,0],[1,0],[551,905]]
[[0,0],[1,0],[134,905]]
[[0,0],[1,0],[84,905]]
[[0,0],[1,0],[81,905]]
[[0,0],[1,0],[76,905]]
[[0,0],[1,0],[328,905]]
[[0,0],[1,0],[346,905]]
[[0,0],[1,0],[64,905]]
[[0,0],[1,0],[216,905]]
[[0,0],[1,0],[69,905]]
[[0,0],[1,0],[426,905]]
[[0,0],[1,0],[191,905]]
[[0,0],[1,0],[86,905]]
[[0,0],[1,0],[166,905]]
[[0,0],[1,0],[293,905]]
[[0,0],[1,0],[162,905]]
[[0,0],[1,0],[58,905]]
[[0,0],[1,0],[48,905]]
[[0,0],[1,0],[466,905]]
[[0,0],[1,0],[251,905]]
[[0,0],[1,0],[107,905]]
[[0,0],[1,0],[746,905]]
[[0,0],[1,0],[91,905]]
[[0,0],[1,0],[27,905]]
[[0,0],[1,0],[17,905]]
[[0,0],[1,0],[56,905]]
[[0,0],[1,0],[42,905]]
[[0,0],[1,0],[66,905]]
[[0,0],[1,0],[232,905]]
[[0,0],[1,0],[436,905]]
[[0,0],[1,0],[93,905]]
[[0,0],[1,0],[7,905]]
[[0,0],[1,0],[209,905]]
[[0,0],[1,0],[351,905]]
[[0,0],[1,0],[217,905]]
[[0,0],[1,0],[239,905]]
[[0,0],[1,0],[52,905]]
[[0,0],[1,0],[29,905]]
[[0,0],[1,0],[122,905]]
[[0,0],[1,0],[14,905]]
[[0,0],[1,0],[486,905]]
[[0,0],[1,0],[63,905]]
[[0,0],[1,0],[306,905]]
[[0,0],[1,0],[292,905]]
[[0,0],[1,0],[711,905]]
[[0,0],[1,0],[321,905]]
[[0,0],[1,0],[591,905]]
[[0,0],[1,0],[38,905]]
[[0,0],[1,0],[233,905]]
[[0,0],[1,0],[333,905]]
[[0,0],[1,0],[62,905]]
[[0,0],[1,0],[47,905]]
[[0,0],[1,0],[231,905]]
[[0,0],[1,0],[18,905]]
[[0,0],[1,0],[24,905]]
[[0,0],[1,0],[471,905]]
[[0,0],[1,0],[141,905]]
[[0,0],[1,0],[156,905]]
[[0,0],[1,0],[183,905]]
[[0,0],[1,0],[271,905]]
[[0,0],[1,0],[21,905]]
[[0,0],[1,0],[8,905]]
[[0,0],[1,0],[83,905]]
[[0,0],[1,0],[129,905]]
[[0,0],[1,0],[656,905]]
[[0,0],[1,0],[228,905]]
[[0,0],[1,0],[641,905]]
[[0,0],[1,0],[206,905]]
[[0,0],[1,0],[33,905]]
[[0,0],[1,0],[761,905]]
[[0,0],[1,0],[153,905]]
[[0,0],[1,0],[102,905]]
[[0,0],[1,0],[53,905]]
[[0,0],[1,0],[211,905]]
[[0,0],[1,0],[22,905]]
[[0,0],[1,0],[46,905]]
[[0,0],[1,0],[104,905]]
[[0,0],[1,0],[571,905]]
[[0,0],[1,0],[358,905]]
[[0,0],[1,0],[178,905]]
[[0,0],[1,0],[446,905]]
[[0,0],[1,0],[106,905]]
[[0,0],[1,0],[92,905]]
[[0,0],[1,0],[226,905]]
[[0,0],[1,0],[406,905]]
[[0,0],[1,0],[725,905]]
[[0,0],[1,0],[201,905]]
[[0,0],[1,0],[511,905]]
[[0,0],[1,0],[1,905]]
[[0,0],[1,0],[281,905]]
[[0,0],[1,0],[167,905]]
[[0,0],[1,0],[137,905]]
[[0,0],[1,0],[267,905]]
[[0,0],[1,0],[616,905]]
[[0,0],[1,0],[143,905]]
[[0,0],[1,0],[234,905]]
[[0,0],[1,0],[188,905]]
[[0,0],[1,0],[212,905]]
[[0,0],[1,0],[154,905]]
[[0,0],[1,0],[187,905]]
[[0,0],[1,0],[186,905]]
[[0,0],[1,0],[4,905]]
[[0,0],[1,0],[136,905]]
[[0,0],[1,0],[36,905]]
[[0,0],[1,0],[34,905]]
[[0,0],[1,0],[12,905]]
[[0,0],[1,0],[116,905]]
[[0,0],[1,0],[566,905]]
[[0,0],[1,0],[631,905]]
[[0,0],[1,0],[108,905]]
[[0,0],[1,0],[481,905]]
[[0,0],[1,0],[182,905]]
[[0,0],[1,0],[11,905]]
[[0,0],[1,0],[291,905]]
[[0,0],[1,0],[741,905]]
[[0,0],[1,0],[142,905]]
[[0,0],[1,0],[44,905]]
[[0,0],[1,0],[416,905]]
[[0,0],[1,0],[149,905]]
[[0,0],[1,0],[246,905]]
[[0,0],[1,0],[103,905]]
[[0,0],[1,0],[361,905]]
[[0,0],[1,0],[172,905]]
[[0,0],[1,0],[341,905]]
[[0,0],[1,0],[139,905]]
[[0,0],[1,0],[49,905]]
[[0,0],[1,0],[126,905]]
[[0,0],[1,0],[491,905]]
[[0,0],[1,0],[266,905]]
[[0,0],[1,0],[39,905]]
[[0,0],[1,0],[184,905]]
[[0,0],[1,0],[32,905]]
[[0,0],[1,0],[336,905]]
[[0,0],[1,0],[16,905]]
[[0,0],[1,0],[386,905]]
[[0,0],[1,0],[138,905]]
[[0,0],[1,0],[411,905]]
[[0,0],[1,0],[148,905]]
[[0,0],[1,0],[806,905]]
[[0,0],[1,0],[252,905]]
[[0,0],[1,0],[516,905]]
[[0,0],[1,0],[161,905]]
[[0,0],[1,0],[476,905]]
[[0,0],[1,0],[261,905]]
[[0,0],[1,0],[189,905]]
[[0,0],[1,0],[28,905]]
[[0,0],[1,0],[13,905]]
[[0,0],[1,0],[61,905]]
[[0,0],[1,0],[294,905]]
[[0,0],[1,0],[121,905]]
[[0,0],[1,0],[31,905]]
[[0,0],[1,0],[23,905]]
[[0,0],[1,0],[43,905]]
[[0,0],[1,0],[2,905]]
[[0,0],[1,0],[241,905]]
[[0,0],[1,0],[51,905]]
[[0,0],[1,0],[3,905]]
[[0,0],[1,0],[101,905]]
[[0,0],[1,0],[621,905]]
[[0,0],[1,0],[376,905]]
[[0,0],[1,0],[601,905]]
[[0,0],[1,0],[316,905]]
[[0,0],[1,0],[171,905]]
[[0,0],[1,0],[37,905]]
[[0,0],[1,0],[229,905]]
[[0,0],[1,0],[301,905]]
