[[0,0],[1,0],[610,906]]
[[0,0],[1,0],[904,906]]
[[0,0],[1,0],[226,906]]
[[0,0],[1,0],[508,906]]
[[0,0],[1,0],[415,906]]
[[0,0],[1,0],[223,906]]
[[0,0],[1,0],[391,906]]
[[0,0],[1,0],[358,906]]
[[0,0],[1,0],[457,906]]
[[0,0],[1,0],[520,906]]
[[0,0],[1,0],[232,906]]
[[0,0],[1,0],[778,906]]
[[0,0],[1,0],[323,906]]
[[0,0],[1,0],[832,906]]
[[0,0],[1,0],[235,906]]
[[0,0],[1,0],[394,906]]
[[0,0],[1,0],[619,906]]
[[0,0],[1,0],[514,906]]
[[0,0],[1,0],[664,906]]
[[0,0],[1,0],[599,906]]
[[0,0],[1,0],[421,906]]
[[0,0],[1,0],[856,906]]
[[0,0],[1,0],[484,906]]
[[0,0],[1,0],[343,906]]
[[0,0],[1,0],[322,906]]
[[0,0],[1,0],[283,906]]
[[0,0],[1,0],[496,906]]
[[0,0],[1,0],[406,906]]
[[0,0],[1,0],[598,906]]
[[0,0],[1,0],[673,906]]
[[0,0],[1,0],[161,906]]
[[0,0],[1,0],[100,906]]
[[0,0],[1,0],[724,906]]
[[0,0],[1,0],[148,906]]
[[0,0],[1,0],[251,906]]
[[0,0],[1,0],[337,906]]
[[0,0],[1,0],[706,906]]
[[0,0],[1,0],[844,906]]
[[0,0],[1,0],[658,906]]
[[0,0],[1,0],[25,906]]
[[0,0],[1,0],[160,906]]
[[0,0],[1,0],[688,906]]
[[0,0],[1,0],[202,906]]
[[0,0],[1,0],[10,906]]
[[0,0],[1,0],[298,906]]
[[0,0],[1,0],[473,906]]
[[0,0],[1,0],[775,906]]
[[0,0],[1,0],[35,906]]
[[0,0],[1,0],[571,906]]
[[0,0],[1,0],[490,906]]
[[0,0],[1,0],[451,906]]
[[0,0],[1,0],[196,906]]
[[0,0],[1,0],[634,906]]
[[0,0],[1,0],[502,906]]
[[0,0],[1,0],[91,906]]
[[0,0],[1,0],[77,906]]
[[0,0],[1,0],[538,906]]
[[0,0],[1,0],[718,906]]
[[0,0],[1,0],[67,906]]
[[0,0],[1,0],[400,906]]
[[0,0],[1,0],[269,906]]
[[0,0],[1,0],[79,906]]
[[0,0],[1,0],[1,906]]
[[0,0],[1,0],[28,906]]
[[0,0],[1,0],[83,906]]
[[0,0],[1,0],[715,906]]
[[0,0],[1,0],[640,906]]
[[0,0],[1,0],[203,906]]
[[0,0],[1,0],[328,906]]
[[0,0],[1,0],[431,906]]
[[0,0],[1,0],[94,906]]
[[0,0],[1,0],[70,906]]
[[0,0],[1,0],[280,906]]
[[0,0],[1,0],[532,906]]
[[0,0],[1,0],[874,906]]
[[0,0],[1,0],[389,906]]
[[0,0],[1,0],[7,906]]
[[0,0],[1,0],[319,906]]
[[0,0],[1,0],[274,906]]
[[0,0],[1,0],[238,906]]
[[0,0],[1,0],[304,906]]
[[0,0],[1,0],[781,906]]
[[0,0],[1,0],[736,906]]
[[0,0],[1,0],[172,906]]
[[0,0],[1,0],[11,906]]
[[0,0],[1,0],[709,906]]
[[0,0],[1,0],[310,906]]
[[0,0],[1,0],[670,906]]
[[0,0],[1,0],[136,906]]
[[0,0],[1,0],[220,906]]
[[0,0],[1,0],[748,906]]
[[0,0],[1,0],[173,906]]
[[0,0],[1,0],[55,906]]
[[0,0],[1,0],[181,906]]
[[0,0],[1,0],[379,906]]
[[0,0],[1,0],[152,906]]
[[0,0],[1,0],[217,906]]
[[0,0],[1,0],[481,906]]
[[0,0],[1,0],[886,906]]
[[0,0],[1,0],[5,906]]
[[0,0],[1,0],[106,906]]
[[0,0],[1,0],[448,906]]
[[0,0],[1,0],[187,906]]
[[0,0],[1,0],[275,906]]
[[0,0],[1,0],[301,906]]
[[0,0],[1,0],[467,906]]
[[0,0],[1,0],[155,906]]
[[0,0],[1,0],[712,906]]
[[0,0],[1,0],[370,906]]
[[0,0],[1,0],[334,906]]
[[0,0],[1,0],[163,906]]
[[0,0],[1,0],[34,906]]
[[0,0],[1,0],[796,906]]
[[0,0],[1,0],[89,906]]
[[0,0],[1,0],[130,906]]
[[0,0],[1,0],[820,906]]
[[0,0],[1,0],[115,906]]
[[0,0],[1,0],[178,906]]
[[0,0],[1,0],[766,906]]
[[0,0],[1,0],[730,906]]
[[0,0],[1,0],[124,906]]
[[0,0],[1,0],[478,906]]
[[0,0],[1,0],[97,906]]
[[0,0],[1,0],[616,906]]
[[0,0],[1,0],[622,906]]
[[0,0],[1,0],[880,906]]
[[0,0],[1,0],[245,906]]
[[0,0],[1,0],[700,906]]
[[0,0],[1,0],[466,906]]
[[0,0],[1,0],[646,906]]
[[0,0],[1,0],[593,906]]
[[0,0],[1,0],[691,906]]
[[0,0],[1,0],[46,906]]
[[0,0],[1,0],[547,906]]
[[0,0],[1,0],[677,906]]
[[0,0],[1,0],[562,906]]
[[0,0],[1,0],[88,906]]
[[0,0],[1,0],[139,906]]
[[0,0],[1,0],[592,906]]
[[0,0],[1,0],[47,906]]
[[0,0],[1,0],[401,906]]
[[0,0],[1,0],[113,906]]
[[0,0],[1,0],[340,906]]
[[0,0],[1,0],[352,906]]
[[0,0],[1,0],[784,906]]
[[0,0],[1,0],[166,906]]
[[0,0],[1,0],[857,906]]
[[0,0],[1,0],[257,906]]
[[0,0],[1,0],[463,906]]
[[0,0],[1,0],[149,906]]
[[0,0],[1,0],[905,906]]
[[0,0],[1,0],[325,906]]
[[0,0],[1,0],[412,906]]
[[0,0],[1,0],[388,906]]
[[0,0],[1,0],[868,906]]
[[0,0],[1,0],[892,906]]
[[0,0],[1,0],[850,906]]
[[0,0],[1,0],[808,906]]
[[0,0],[1,0],[568,906]]
[[0,0],[1,0],[454,906]]
[[0,0],[1,0],[293,906]]
[[0,0],[1,0],[407,906]]
[[0,0],[1,0],[373,906]]
[[0,0],[1,0],[472,906]]
[[0,0],[1,0],[112,906]]
[[0,0],[1,0],[695,906]]
[[0,0],[1,0],[37,906]]
[[0,0],[1,0],[82,906]]
[[0,0],[1,0],[317,906]]
[[0,0],[1,0],[550,906]]
[[0,0],[1,0],[826,906]]
[[0,0],[1,0],[790,906]]
[[0,0],[1,0],[95,906]]
[[0,0],[1,0],[544,906]]
[[0,0],[1,0],[460,906]]
[[0,0],[1,0],[65,906]]
[[0,0],[1,0],[185,906]]
[[0,0],[1,0],[383,906]]
[[0,0],[1,0],[647,906]]
[[0,0],[1,0],[154,906]]
[[0,0],[1,0],[142,906]]
[[0,0],[1,0],[760,906]]
[[0,0],[1,0],[331,906]]
[[0,0],[1,0],[682,906]]
[[0,0],[1,0],[53,906]]
[[0,0],[1,0],[424,906]]
[[0,0],[1,0],[577,906]]
[[0,0],[1,0],[16,906]]
[[0,0],[1,0],[403,906]]
[[0,0],[1,0],[601,906]]
[[0,0],[1,0],[676,906]]
[[0,0],[1,0],[286,906]]
[[0,0],[1,0],[442,906]]
[[0,0],[1,0],[59,906]]
[[0,0],[1,0],[247,906]]
[[0,0],[1,0],[31,906]]
[[0,0],[1,0],[208,906]]
[[0,0],[1,0],[58,906]]
[[0,0],[1,0],[76,906]]
[[0,0],[1,0],[292,906]]
[[0,0],[1,0],[241,906]]
[[0,0],[1,0],[756,906]]
[[0,0],[1,0],[209,906]]
[[0,0],[1,0],[652,906]]
[[0,0],[1,0],[23,906]]
[[0,0],[1,0],[143,906]]
[[0,0],[1,0],[85,906]]
[[0,0],[1,0],[629,906]]
[[0,0],[1,0],[250,906]]
[[0,0],[1,0],[107,906]]
[[0,0],[1,0],[742,906]]
[[0,0],[1,0],[487,906]]
[[0,0],[1,0],[397,906]]
[[0,0],[1,0],[119,906]]
[[0,0],[1,0],[346,906]]
[[0,0],[1,0],[239,906]]
[[0,0],[1,0],[341,906]]
[[0,0],[1,0],[169,906]]
[[0,0],[1,0],[205,906]]
[[0,0],[1,0],[361,906]]
[[0,0],[1,0],[118,906]]
[[0,0],[1,0],[190,906]]
[[0,0],[1,0],[103,906]]
[[0,0],[1,0],[479,906]]
[[0,0],[1,0],[526,906]]
[[0,0],[1,0],[179,906]]
[[0,0],[1,0],[303,906]]
[[0,0],[1,0],[271,906]]
[[0,0],[1,0],[772,906]]
[[0,0],[1,0],[71,906]]
[[0,0],[1,0],[418,906]]
[[0,0],[1,0],[754,906]]
[[0,0],[1,0],[256,906]]
[[0,0],[1,0],[227,906]]
[[0,0],[1,0],[262,906]]
[[0,0],[1,0],[137,906]]
[[0,0],[1,0],[289,906]]
[[0,0],[1,0],[814,906]]
[[0,0],[1,0],[553,906]]
[[0,0],[1,0],[556,906]]
[[0,0],[1,0],[461,906]]
[[0,0],[1,0],[253,906]]
[[0,0],[1,0],[41,906]]
[[0,0],[1,0],[13,906]]
[[0,0],[1,0],[580,906]]
[[0,0],[1,0],[529,906]]
[[0,0],[1,0],[838,906]]
[[0,0],[1,0],[713,906]]
[[0,0],[1,0],[214,906]]
[[0,0],[1,0],[101,906]]
[[0,0],[1,0],[61,906]]
[[0,0],[1,0],[685,906]]
[[0,0],[1,0],[773,906]]
[[0,0],[1,0],[311,906]]
[[0,0],[1,0],[17,906]]
[[0,0],[1,0],[413,906]]
[[0,0],[1,0],[430,906]]
[[0,0],[1,0],[4,906]]
[[0,0],[1,0],[559,906]]
[[0,0],[1,0],[64,906]]
[[0,0],[1,0],[371,906]]
[[0,0],[1,0],[268,906]]
[[0,0],[1,0],[761,906]]
[[0,0],[1,0],[365,906]]
[[0,0],[1,0],[29,906]]
[[0,0],[1,0],[40,906]]
[[0,0],[1,0],[184,906]]
[[0,0],[1,0],[349,906]]
[[0,0],[1,0],[263,906]]
[[0,0],[1,0],[244,906]]
[[0,0],[1,0],[497,906]]
[[0,0],[1,0],[364,906]]
[[0,0],[1,0],[628,906]]
[[0,0],[1,0],[73,906]]
[[0,0],[1,0],[611,906]]
[[0,0],[1,0],[199,906]]
[[0,0],[1,0],[316,906]]
[[0,0],[1,0],[802,906]]
[[0,0],[1,0],[175,906]]
[[0,0],[1,0],[52,906]]
[[0,0],[1,0],[299,906]]
[[0,0],[1,0],[22,906]]
[[0,0],[1,0],[19,906]]
[[0,0],[1,0],[121,906]]
[[0,0],[1,0],[281,906]]
[[0,0],[1,0],[376,906]]
[[0,0],[1,0],[167,906]]
[[0,0],[1,0],[109,906]]
[[0,0],[1,0],[127,906]]
[[0,0],[1,0],[862,906]]
[[0,0],[1,0],[694,906]]
[[0,0],[1,0],[641,906]]
[[0,0],[1,0],[574,906]]
[[0,0],[1,0],[157,906]]
[[0,0],[1,0],[382,906]]
[[0,0],[1,0],[437,906]]
[[0,0],[1,0],[605,906]]
[[0,0],[1,0],[539,906]]
[[0,0],[1,0],[43,906]]
[[0,0],[1,0],[586,906]]
[[0,0],[1,0],[355,906]]
[[0,0],[1,0],[385,906]]
[[0,0],[1,0],[436,906]]
[[0,0],[2,0],[153,453]]
[[0,0],[1,0],[898,906]]
[[0,0],[1,0],[395,906]]
