[[0,0],[1,0],[57,907]]
[[0,0],[1,0],[147,907]]
[[0,0],[1,0],[77,907]]
[[0,0],[1,0],[319,907]]
[[0,0],[1,0],[9,907]]
[[0,0],[1,0],[20,907]]
[[0,0],[1,0],[110,907]]
[[0,0],[1,0],[196,907]]
[[0,0],[1,0],[54,907]]
[[0,0],[1,0],[174,907]]
[[0,0],[1,0],[97,907]]
[[0,0],[1,0],[309,907]]
[[0,0],[1,0],[41,907]]
[[0,0],[1,0],[6,907]]
[[0,0],[1,0],[130,907]]
[[0,0],[1,0],[243,907]]
[[0,0],[1,0],[19,907]]
[[0,0],[1,0],[26,907]]
[[0,0],[1,0],[195,907]]
[[0,0],[1,0],[207,907]]
[[0,0],[1,0],[164,907]]
[[0,0],[1,0],[76,907]]
[[0,0],[1,0],[185,907]]
[[0,0],[1,0],[64,907]]
[[0,0],[1,0],[265,907]]
[[0,0],[1,0],[5,907]]
[[0,0],[1,0],[59,907]]
[[0,0],[1,0],[293,907]]
[[0,0],[1,0],[48,907]]
[[0,0],[1,0],[65,907]]
[[0,0],[1,0],[58,907]]
[[0,0],[1,0],[125,907]]
[[0,0],[1,0],[15,907]]
[[0,0],[1,0],[133,907]]
[[0,0],[1,0],[356,907]]
[[0,0],[1,0],[17,907]]
[[0,0],[1,0],[91,907]]
[[0,0],[1,0],[339,907]]
[[0,0],[1,0],[27,907]]
[[0,0],[1,0],[218,907]]
[[0,0],[1,0],[42,907]]
[[0,0],[1,0],[66,907]]
[[0,0],[1,0],[209,907]]
[[0,0],[1,0],[7,907]]
[[0,0],[1,0],[52,907]]
[[0,0],[1,0],[105,907]]
[[0,0],[1,0],[29,907]]
[[0,0],[1,0],[144,907]]
[[0,0],[1,0],[79,907]]
[[0,0],[1,0],[14,907]]
[[0,0],[1,0],[25,907]]
[[0,0],[1,0],[181,907]]
[[0,0],[1,0],[71,907]]
[[0,0],[1,0],[114,907]]
[[0,0],[1,0],[63,907]]
[[0,0],[1,0],[146,907]]
[[0,0],[1,0],[331,907]]
[[0,0],[1,0],[38,907]]
[[0,0],[1,0],[45,907]]
[[0,0],[1,0],[320,907]]
[[0,0],[1,0],[90,907]]
[[0,0],[1,0],[62,907]]
[[0,0],[1,0],[47,907]]
[[0,0],[1,0],[278,907]]
[[0,0],[1,0],[383,907]]
[[0,0],[1,0],[120,907]]
[[0,0],[1,0],[18,907]]
[[0,0],[1,0],[384,907]]
[[0,0],[1,0],[24,907]]
[[0,0],[1,0],[224,907]]
[[0,0],[1,0],[141,907]]
[[0,0],[1,0],[156,907]]
[[0,0],[1,0],[21,907]]
[[0,0],[1,0],[111,907]]
[[0,0],[1,0],[8,907]]
[[0,0],[1,0],[119,907]]
[[0,0],[1,0],[83,907]]
[[0,0],[1,0],[129,907]]
[[0,0],[1,0],[67,907]]
[[0,0],[1,0],[113,907]]
[[0,0],[1,0],[33,907]]
[[0,0],[1,0],[204,907]]
[[0,0],[1,0],[53,907]]
[[0,0],[1,0],[102,907]]
[[0,0],[1,0],[88,907]]
[[0,0],[1,0],[104,907]]
[[0,0],[1,0],[22,907]]
[[0,0],[1,0],[202,907]]
[[0,0],[1,0],[46,907]]
[[0,0],[1,0],[244,907]]
[[0,0],[1,0],[112,907]]
[[0,0],[1,0],[35,907]]
[[0,0],[1,0],[115,907]]
[[0,0],[1,0],[99,907]]
[[0,0],[1,0],[208,907]]
[[0,0],[1,0],[1,907]]
[[0,0],[1,0],[281,907]]
[[0,0],[1,0],[167,907]]
[[0,0],[1,0],[385,907]]
[[0,0],[1,0],[96,907]]
[[0,0],[1,0],[78,907]]
[[0,0],[1,0],[197,907]]
[[0,0],[1,0],[264,907]]
[[0,0],[1,0],[87,907]]
[[0,0],[1,0],[145,907]]
[[0,0],[1,0],[60,907]]
[[0,0],[1,0],[143,907]]
[[0,0],[1,0],[40,907]]
[[0,0],[1,0],[212,907]]
[[0,0],[1,0],[4,907]]
[[0,0],[1,0],[74,907]]
[[0,0],[1,0],[186,907]]
[[0,0],[1,0],[89,907]]
[[0,0],[1,0],[36,907]]
[[0,0],[1,0],[203,907]]
[[0,0],[1,0],[34,907]]
[[0,0],[1,0],[12,907]]
[[0,0],[1,0],[297,907]]
[[0,0],[1,0],[140,907]]
[[0,0],[1,0],[182,907]]
[[0,0],[1,0],[11,907]]
[[0,0],[1,0],[10,907]]
[[0,0],[1,0],[142,907]]
[[0,0],[1,0],[44,907]]
[[0,0],[1,0],[175,907]]
[[0,0],[1,0],[220,907]]
[[0,0],[1,0],[103,907]]
[[0,0],[1,0],[242,907]]
[[0,0],[1,0],[70,907]]
[[0,0],[1,0],[39,907]]
[[0,0],[1,0],[95,907]]
[[0,0],[1,0],[30,907]]
[[0,0],[1,0],[32,907]]
[[0,0],[1,0],[336,907]]
[[0,0],[1,0],[16,907]]
[[0,0],[1,0],[148,907]]
[[0,0],[1,0],[75,907]]
[[0,0],[1,0],[28,907]]
[[0,0],[1,0],[13,907]]
[[0,0],[1,0],[61,907]]
[[0,0],[1,0],[31,907]]
[[0,0],[1,0],[355,907]]
[[0,0],[1,0],[23,907]]
[[0,0],[1,0],[241,907]]
[[0,0],[1,0],[43,907]]
[[0,0],[1,0],[2,907]]
[[0,0],[1,0],[100,907]]
[[0,0],[1,0],[219,907]]
[[0,0],[1,0],[51,907]]
[[0,0],[1,0],[101,907]]
[[0,0],[1,0],[3,907]]
[[0,0],[1,0],[37,907]]
[[0,0],[1,0],[98,907]]
