[[0,0],[1,0],[356,910]]
[[0,0],[1,0],[898,910]]
[[0,0],[1,0],[387,910]]
[[0,0],[1,0],[866,910]]
[[0,0],[1,0],[855,910]]
[[0,0],[1,0],[904,910]]
[[0,0],[1,0],[909,910]]
[[0,0],[1,0],[543,910]]
[[0,0],[1,0],[339,910]]
[[0,0],[1,0],[358,910]]
[[0,0],[1,0],[226,910]]
[[0,0],[1,0],[508,910]]
[[0,0],[1,0],[81,910]]
[[0,0],[1,0],[223,910]]
[[0,0],[1,0],[696,910]]
[[0,0],[1,0],[391,910]]
[[0,0],[1,0],[276,910]]
[[0,0],[1,0],[519,910]]
[[0,0],[1,0],[783,910]]
[[0,0],[1,0],[441,910]]
[[0,0],[1,0],[729,910]]
[[0,0],[1,0],[457,910]]
[[0,0],[1,0],[237,910]]
[[0,0],[1,0],[232,910]]
[[0,0],[1,0],[596,910]]
[[0,0],[1,0],[885,910]]
[[0,0],[1,0],[323,910]]
[[0,0],[1,0],[433,910]]
[[0,0],[1,0],[235,910]]
[[0,0],[1,0],[651,910]]
[[0,0],[1,0],[778,910]]
[[0,0],[1,0],[664,910]]
[[0,0],[1,0],[309,910]]
[[0,0],[1,0],[512,910]]
[[0,0],[1,0],[856,910]]
[[0,0],[1,0],[249,910]]
[[0,0],[1,0],[204,910]]
[[0,0],[1,0],[626,910]]
[[0,0],[1,0],[484,910]]
[[0,0],[1,0],[719,910]]
[[0,0],[2,0],[247,455]]
[[0,0],[1,0],[816,910]]
[[0,0],[1,0],[283,910]]
[[0,0],[1,0],[496,910]]
[[0,0],[2,0],[170,455]]
[[0,0],[1,0],[161,910]]
[[0,0],[1,0],[625,910]]
[[0,0],[2,0],[415,455]]
[[0,0],[1,0],[251,910]]
[[0,0],[1,0],[791,910]]
[[0,0],[2,0],[392,455]]
[[0,0],[1,0],[8,910]]
[[0,0],[1,0],[33,910]]
[[0,0],[1,0],[197,910]]
[[0,0],[1,0],[216,910]]
[[0,0],[1,0],[337,910]]
[[0,0],[1,0],[148,910]]
[[0,0],[1,0],[231,910]]
[[0,0],[1,0],[246,910]]
[[0,0],[1,0],[404,910]]
[[0,0],[1,0],[426,910]]
[[0,0],[1,0],[706,910]]
[[0,0],[1,0],[69,910]]
[[0,0],[1,0],[498,910]]
[[0,0],[1,0],[721,910]]
[[0,0],[1,0],[183,910]]
[[0,0],[5,0],[161,182]]
[[0,0],[1,0],[575,910]]
[[0,0],[1,0],[321,910]]
[[0,0],[1,0],[776,910]]
[[0,0],[1,0],[428,910]]
[[0,0],[1,0],[99,910]]
[[0,0],[2,0],[340,455]]
[[0,0],[1,0],[267,910]]
[[0,0],[1,0],[794,910]]
[[0,0],[1,0],[690,910]]
[[0,0],[1,0],[347,910]]
[[0,0],[1,0],[327,910]]
[[0,0],[1,0],[561,910]]
[[0,0],[1,0],[67,910]]
[[0,0],[1,0],[196,910]]
[[0,0],[1,0],[566,910]]
[[0,0],[1,0],[792,910]]
[[0,0],[1,0],[1,910]]
[[0,0],[2,0],[205,455]]
[[0,0],[5,0],[117,182]]
[[0,0],[1,0],[79,910]]
[[0,0],[1,0],[656,910]]
[[0,0],[1,0],[83,910]]
[[0,0],[1,0],[551,910]]
[[0,0],[1,0],[300,910]]
[[0,0],[1,0],[471,910]]
[[0,0],[1,0],[645,910]]
[[0,0],[2,0],[28,455]]
[[0,0],[1,0],[431,910]]
[[0,0],[1,0],[723,910]]
[[0,0],[1,0],[872,910]]
[[0,0],[1,0],[861,910]]
[[0,0],[1,0],[353,910]]
[[0,0],[2,0],[100,455]]
[[0,0],[1,0],[833,910]]
[[0,0],[1,0],[768,910]]
[[0,0],[1,0],[549,910]]
[[0,0],[1,0],[134,910]]
[[0,0],[1,0],[389,910]]
[[0,0],[1,0],[92,910]]
[[0,0],[1,0],[236,910]]
[[0,0],[1,0],[897,910]]
[[0,0],[1,0],[736,910]]
[[0,0],[1,0],[319,910]]
[[0,0],[1,0],[11,910]]
[[0,0],[1,0],[57,910]]
[[0,0],[1,0],[274,910]]
[[0,0],[1,0],[296,910]]
[[0,0],[1,0],[799,910]]
[[0,0],[1,0],[136,910]]
[[0,0],[1,0],[513,910]]
[[0,0],[1,0],[162,910]]
[[0,0],[1,0],[846,910]]
[[0,0],[1,0],[379,910]]
[[0,0],[1,0],[459,910]]
[[0,0],[2,0],[30,455]]
[[0,0],[1,0],[173,910]]
[[0,0],[1,0],[302,910]]
[[0,0],[1,0],[181,910]]
[[0,0],[1,0],[66,910]]
[[0,0],[1,0],[886,910]]
[[0,0],[1,0],[363,910]]
[[0,0],[1,0],[291,910]]
[[0,0],[1,0],[597,910]]
[[0,0],[1,0],[467,910]]
[[0,0],[1,0],[787,910]]
[[0,0],[1,0],[287,910]]
[[0,0],[1,0],[106,910]]
[[0,0],[1,0],[155,910]]
[[0,0],[1,0],[301,910]]
[[0,0],[1,0],[229,910]]
[[0,0],[1,0],[222,910]]
[[0,0],[1,0],[89,910]]
[[0,0],[1,0],[834,910]]
[[0,0],[1,0],[27,910]]
[[0,0],[2,0],[119,455]]
[[0,0],[1,0],[386,910]]
[[0,0],[2,0],[450,455]]
[[0,0],[1,0],[796,910]]
[[0,0],[1,0],[820,910]]
[[0,0],[1,0],[766,910]]
[[0,0],[1,0],[261,910]]
[[0,0],[1,0],[306,910]]
[[0,0],[1,0],[116,910]]
[[0,0],[1,0],[97,910]]
[[0,0],[1,0],[176,910]]
[[0,0],[1,0],[381,910]]
[[0,0],[1,0],[646,910]]
[[0,0],[1,0],[482,910]]
[[0,0],[1,0],[46,910]]
[[0,0],[1,0],[466,910]]
[[0,0],[1,0],[211,910]]
[[0,0],[1,0],[755,910]]
[[0,0],[1,0],[139,910]]
[[0,0],[1,0],[677,910]]
[[0,0],[1,0],[225,910]]
[[0,0],[1,0],[764,910]]
[[0,0],[1,0],[401,910]]
[[0,0],[2,0],[301,455]]
[[0,0],[1,0],[113,910]]
[[0,0],[1,0],[352,910]]
[[0,0],[1,0],[47,910]]
[[0,0],[1,0],[351,910]]
[[0,0],[2,0],[310,455]]
[[0,0],[1,0],[848,910]]
[[0,0],[1,0],[166,910]]
[[0,0],[2,0],[405,455]]
[[0,0],[1,0],[257,910]]
[[0,0],[1,0],[435,910]]
[[0,0],[1,0],[836,910]]
[[0,0],[1,0],[527,910]]
[[0,0],[1,0],[218,910]]
[[0,0],[1,0],[206,910]]
[[0,0],[1,0],[149,910]]
[[0,0],[1,0],[146,910]]
[[0,0],[1,0],[568,910]]
[[0,0],[1,0],[495,910]]
[[0,0],[2,0],[275,455]]
[[0,0],[2,0],[135,455]]
[[0,0],[1,0],[554,910]]
[[0,0],[1,0],[366,910]]
[[0,0],[1,0],[170,910]]
[[0,0],[1,0],[293,910]]
[[0,0],[1,0],[407,910]]
[[0,0],[1,0],[297,910]]
[[0,0],[1,0],[373,910]]
[[0,0],[1,0],[36,910]]
[[0,0],[1,0],[501,910]]
[[0,0],[1,0],[177,910]]
[[0,0],[1,0],[414,910]]
[[0,0],[2,0],[380,455]]
[[0,0],[1,0],[15,910]]
[[0,0],[1,0],[37,910]]
[[0,0],[1,0],[219,910]]
[[0,0],[1,0],[317,910]]
[[0,0],[1,0],[3,910]]
[[0,0],[2,0],[240,455]]
[[0,0],[1,0],[9,910]]
[[0,0],[1,0],[579,910]]
[[0,0],[1,0],[906,910]]
[[0,0],[1,0],[785,910]]
[[0,0],[1,0],[716,910]]
[[0,0],[1,0],[491,910]]
[[0,0],[1,0],[726,910]]
[[0,0],[1,0],[505,910]]
[[0,0],[1,0],[666,910]]
[[0,0],[1,0],[96,910]]
[[0,0],[1,0],[671,910]]
[[0,0],[1,0],[151,910]]
[[0,0],[1,0],[86,910]]
[[0,0],[1,0],[806,910]]
[[0,0],[1,0],[193,910]]
[[0,0],[1,0],[456,910]]
[[0,0],[1,0],[536,910]]
[[0,0],[1,0],[577,910]]
[[0,0],[1,0],[16,910]]
[[0,0],[1,0],[53,910]]
[[0,0],[1,0],[747,910]]
[[0,0],[1,0],[786,910]]
[[0,0],[1,0],[701,910]]
[[0,0],[1,0],[417,910]]
[[0,0],[1,0],[186,910]]
[[0,0],[2,0],[80,455]]
[[0,0],[1,0],[59,910]]
[[0,0],[1,0],[369,910]]
[[0,0],[1,0],[697,910]]
[[0,0],[1,0],[876,910]]
[[0,0],[1,0],[241,910]]
[[0,0],[1,0],[31,910]]
[[0,0],[1,0],[746,910]]
[[0,0],[1,0],[209,910]]
[[0,0],[1,0],[372,910]]
[[0,0],[1,0],[76,910]]
[[0,0],[1,0],[21,910]]
[[0,0],[1,0],[499,910]]
[[0,0],[1,0],[447,910]]
[[0,0],[1,0],[295,910]]
[[0,0],[1,0],[107,910]]
[[0,0],[1,0],[23,910]]
[[0,0],[1,0],[652,910]]
[[0,0],[1,0],[85,910]]
[[0,0],[1,0],[489,910]]
[[0,0],[1,0],[487,910]]
[[0,0],[7,0],[20,130]]
[[0,0],[1,0],[346,910]]
[[0,0],[1,0],[169,910]]
[[0,0],[1,0],[118,910]]
[[0,0],[1,0],[633,910]]
[[0,0],[1,0],[341,910]]
[[0,0],[1,0],[201,910]]
[[0,0],[1,0],[51,910]]
[[0,0],[1,0],[159,910]]
[[0,0],[1,0],[612,910]]
[[0,0],[1,0],[516,910]]
[[0,0],[1,0],[526,910]]
[[0,0],[1,0],[103,910]]
[[0,0],[1,0],[179,910]]
[[0,0],[1,0],[486,910]]
[[0,0],[1,0],[469,910]]
[[0,0],[1,0],[303,910]]
[[0,0],[1,0],[248,910]]
[[0,0],[2,0],[145,455]]
[[0,0],[1,0],[271,910]]
[[0,0],[1,0],[6,910]]
[[0,0],[1,0],[71,910]]
[[0,0],[1,0],[256,910]]
[[0,0],[1,0],[227,910]]
[[0,0],[1,0],[289,910]]
[[0,0],[2,0],[15,455]]
[[0,0],[1,0],[636,910]]
[[0,0],[1,0],[41,910]]
[[0,0],[1,0],[556,910]]
[[0,0],[1,0],[253,910]]
[[0,0],[1,0],[461,910]]
[[0,0],[1,0],[279,910]]
[[0,0],[1,0],[576,910]]
[[0,0],[1,0],[144,910]]
[[0,0],[1,0],[708,910]]
[[0,0],[1,0],[511,910]]
[[0,0],[1,0],[17,910]]
[[0,0],[1,0],[430,910]]
[[0,0],[1,0],[101,910]]
[[0,0],[1,0],[171,910]]
[[0,0],[1,0],[64,910]]
[[0,0],[1,0],[61,910]]
[[0,0],[1,0],[638,910]]
[[0,0],[1,0],[371,910]]
[[0,0],[1,0],[606,910]]
[[0,0],[1,0],[773,910]]
[[0,0],[1,0],[131,910]]
[[0,0],[1,0],[311,910]]
[[0,0],[1,0],[288,910]]
[[0,0],[1,0],[87,910]]
[[0,0],[1,0],[243,910]]
[[0,0],[1,0],[207,910]]
[[0,0],[1,0],[40,910]]
[[0,0],[1,0],[153,910]]
[[0,0],[1,0],[365,910]]
[[0,0],[1,0],[326,910]]
[[0,0],[1,0],[29,910]]
[[0,0],[1,0],[263,910]]
[[0,0],[1,0],[73,910]]
[[0,0],[1,0],[129,910]]
[[0,0],[2,0],[345,455]]
[[0,0],[1,0],[199,910]]
[[0,0],[1,0],[582,910]]
[[0,0],[1,0],[316,910]]
[[0,0],[1,0],[603,910]]
[[0,0],[1,0],[533,910]]
[[0,0],[1,0],[22,910]]
[[0,0],[1,0],[19,910]]
[[0,0],[1,0],[121,910]]
[[0,0],[1,0],[281,910]]
[[0,0],[1,0],[534,910]]
[[0,0],[1,0],[376,910]]
[[0,0],[1,0],[393,910]]
[[0,0],[1,0],[446,910]]
[[0,0],[1,0],[694,910]]
[[0,0],[1,0],[862,910]]
[[0,0],[1,0],[722,910]]
[[0,0],[1,0],[167,910]]
[[0,0],[1,0],[641,910]]
[[0,0],[1,0],[396,910]]
[[0,0],[1,0],[109,910]]
[[0,0],[1,0],[769,910]]
[[0,0],[1,0],[93,910]]
[[0,0],[1,0],[506,910]]
[[0,0],[1,0],[157,910]]
[[0,0],[1,0],[437,910]]
[[0,0],[1,0],[43,910]]
[[0,0],[1,0],[586,910]]
[[0,0],[1,0],[344,910]]
[[0,0],[1,0],[436,910]]
[[0,0],[1,0],[581,910]]
