[[0,0],[4,0],[148,228]]
[[0,0],[1,0],[898,912]]
[[0,0],[1,0],[355,912]]
[[0,0],[1,0],[358,912]]
[[0,0],[1,0],[441,912]]
[[0,0],[1,0],[729,912]]
[[0,0],[2,0],[164,456]]
[[0,0],[2,0],[284,456]]
[[0,0],[1,0],[610,912]]
[[0,0],[1,0],[324,912]]
[[0,0],[1,0],[789,912]]
[[0,0],[2,0],[78,456]]
[[0,0],[1,0],[226,912]]
[[0,0],[2,0],[90,456]]
[[0,0],[1,0],[215,912]]
[[0,0],[1,0],[619,912]]
[[0,0],[1,0],[237,912]]
[[0,0],[1,0],[585,912]]
[[0,0],[1,0],[45,912]]
[[0,0],[1,0],[778,912]]
[[0,0],[1,0],[249,912]]
[[0,0],[1,0],[521,912]]
[[0,0],[2,0],[154,456]]
[[0,0],[1,0],[394,912]]
[[0,0],[1,0],[223,912]]
[[0,0],[1,0],[362,912]]
[[0,0],[1,0],[885,912]]
[[0,0],[1,0],[457,912]]
[[0,0],[2,0],[268,456]]
[[0,0],[1,0],[81,912]]
[[0,0],[2,0],[66,456]]
[[0,0],[2,0],[402,456]]
[[0,0],[1,0],[514,912]]
[[0,0],[1,0],[309,912]]
[[0,0],[3,0],[288,304]]
[[0,0],[1,0],[599,912]]
[[0,0],[4,0],[4,228]]
[[0,0],[4,0],[156,228]]
[[0,0],[2,0],[170,456]]
[[0,0],[1,0],[343,912]]
[[0,0],[1,0],[367,912]]
[[0,0],[2,0],[68,456]]
[[0,0],[1,0],[322,912]]
[[0,0],[2,0],[344,456]]
[[0,0],[2,0],[20,456]]
[[0,0],[1,0],[357,912]]
[[0,0],[1,0],[273,912]]
[[0,0],[1,0],[283,912]]
[[0,0],[1,0],[856,912]]
[[0,0],[1,0],[69,912]]
[[0,0],[1,0],[427,912]]
[[0,0],[2,0],[249,456]]
[[0,0],[2,0],[106,456]]
[[0,0],[1,0],[658,912]]
[[0,0],[1,0],[33,912]]
[[0,0],[2,0],[58,456]]
[[0,0],[1,0],[25,912]]
[[0,0],[1,0],[406,912]]
[[0,0],[1,0],[598,912]]
[[0,0],[2,0],[2,456]]
[[0,0],[1,0],[453,912]]
[[0,0],[1,0],[251,912]]
[[0,0],[1,0],[625,912]]
[[0,0],[2,0],[34,456]]
[[0,0],[1,0],[39,912]]
[[0,0],[1,0],[473,912]]
[[0,0],[1,0],[202,912]]
[[0,0],[1,0],[267,912]]
[[0,0],[1,0],[10,912]]
[[0,0],[1,0],[706,912]]
[[0,0],[1,0],[298,912]]
[[0,0],[4,0],[64,228]]
[[0,0],[1,0],[321,912]]
[[0,0],[1,0],[718,912]]
[[0,0],[1,0],[337,912]]
[[0,0],[1,0],[400,912]]
[[0,0],[1,0],[490,912]]
[[0,0],[2,0],[82,456]]
[[0,0],[2,0],[278,456]]
[[0,0],[1,0],[77,912]]
[[0,0],[1,0],[715,912]]
[[0,0],[1,0],[721,912]]
[[0,0],[1,0],[203,912]]
[[0,0],[1,0],[79,912]]
[[0,0],[1,0],[645,912]]
[[0,0],[1,0],[269,912]]
[[0,0],[1,0],[91,912]]
[[0,0],[1,0],[347,912]]
[[0,0],[1,0],[1,912]]
[[0,0],[1,0],[839,912]]
[[0,0],[1,0],[35,912]]
[[0,0],[1,0],[634,912]]
[[0,0],[1,0],[502,912]]
[[0,0],[1,0],[538,912]]
[[0,0],[1,0],[265,912]]
[[0,0],[1,0],[67,912]]
[[0,0],[1,0],[549,912]]
[[0,0],[2,0],[140,456]]
[[0,0],[1,0],[70,912]]
[[0,0],[1,0],[723,912]]
[[0,0],[1,0],[389,912]]
[[0,0],[1,0],[7,912]]
[[0,0],[1,0],[823,912]]
[[0,0],[1,0],[561,912]]
[[0,0],[2,0],[122,456]]
[[0,0],[2,0],[282,456]]
[[0,0],[1,0],[274,912]]
[[0,0],[1,0],[94,912]]
[[0,0],[1,0],[238,912]]
[[0,0],[1,0],[11,912]]
[[0,0],[1,0],[780,912]]
[[0,0],[4,0],[40,228]]
[[0,0],[1,0],[353,912]]
[[0,0],[2,0],[428,456]]
[[0,0],[1,0],[777,912]]
[[0,0],[1,0],[134,912]]
[[0,0],[1,0],[813,912]]
[[0,0],[1,0],[525,912]]
[[0,0],[1,0],[165,912]]
[[0,0],[1,0],[897,912]]
[[0,0],[1,0],[172,912]]
[[0,0],[2,0],[363,456]]
[[0,0],[1,0],[861,912]]
[[0,0],[1,0],[563,912]]
[[0,0],[1,0],[717,912]]
[[0,0],[1,0],[145,912]]
[[0,0],[1,0],[818,912]]
[[0,0],[1,0],[217,912]]
[[0,0],[1,0],[117,912]]
[[0,0],[2,0],[212,456]]
[[0,0],[1,0],[5,912]]
[[0,0],[1,0],[173,912]]
[[0,0],[1,0],[670,912]]
[[0,0],[1,0],[849,912]]
[[0,0],[1,0],[481,912]]
[[0,0],[1,0],[799,912]]
[[0,0],[1,0],[55,912]]
[[0,0],[1,0],[229,912]]
[[0,0],[1,0],[370,912]]
[[0,0],[1,0],[106,912]]
[[0,0],[1,0],[379,912]]
[[0,0],[2,0],[10,456]]
[[0,0],[1,0],[310,912]]
[[0,0],[2,0],[202,456]]
[[0,0],[1,0],[181,912]]
[[0,0],[1,0],[334,912]]
[[0,0],[1,0],[275,912]]
[[0,0],[1,0],[467,912]]
[[0,0],[4,0],[20,228]]
[[0,0],[1,0],[535,912]]
[[0,0],[1,0],[301,912]]
[[0,0],[2,0],[382,456]]
[[0,0],[1,0],[597,912]]
[[0,0],[1,0],[178,912]]
[[0,0],[1,0],[261,912]]
[[0,0],[1,0],[187,912]]
[[0,0],[1,0],[141,912]]
[[0,0],[1,0],[911,912]]
[[0,0],[1,0],[745,912]]
[[0,0],[1,0],[886,912]]
[[0,0],[1,0],[115,912]]
[[0,0],[1,0],[155,912]]
[[0,0],[1,0],[465,912]]
[[0,0],[2,0],[234,456]]
[[0,0],[4,0],[52,228]]
[[0,0],[2,0],[14,456]]
[[0,0],[1,0],[622,912]]
[[0,0],[2,0],[134,456]]
[[0,0],[1,0],[259,912]]
[[0,0],[1,0],[34,912]]
[[0,0],[1,0],[466,912]]
[[0,0],[1,0],[46,912]]
[[0,0],[1,0],[20,912]]
[[0,0],[1,0],[130,912]]
[[0,0],[1,0],[562,912]]
[[0,0],[2,0],[450,456]]
[[0,0],[2,0],[62,456]]
[[0,0],[1,0],[677,912]]
[[0,0],[1,0],[97,912]]
[[0,0],[1,0],[139,912]]
[[0,0],[1,0],[163,912]]
[[0,0],[1,0],[766,912]]
[[0,0],[1,0],[345,912]]
[[0,0],[1,0],[817,912]]
[[0,0],[4,0],[44,228]]
[[0,0],[1,0],[305,912]]
[[0,0],[1,0],[478,912]]
[[0,0],[1,0],[211,912]]
[[0,0],[2,0],[46,456]]
[[0,0],[1,0],[730,912]]
[[0,0],[1,0],[245,912]]
[[0,0],[1,0],[47,912]]
[[0,0],[1,0],[225,912]]
[[0,0],[1,0],[210,912]]
[[0,0],[2,0],[26,456]]
[[0,0],[1,0],[569,912]]
[[0,0],[2,0],[310,456]]
[[0,0],[1,0],[325,912]]
[[0,0],[1,0],[527,912]]
[[0,0],[1,0],[381,912]]
[[0,0],[1,0],[679,912]]
[[0,0],[1,0],[166,912]]
[[0,0],[1,0],[850,912]]
[[0,0],[1,0],[463,912]]
[[0,0],[1,0],[547,912]]
[[0,0],[2,0],[21,456]]
[[0,0],[1,0],[257,912]]
[[0,0],[1,0],[593,912]]
[[0,0],[1,0],[537,912]]
[[0,0],[2,0],[404,456]]
[[0,0],[2,0],[138,456]]
[[0,0],[1,0],[213,912]]
[[0,0],[1,0],[495,912]]
[[0,0],[2,0],[130,456]]
[[0,0],[1,0],[82,912]]
[[0,0],[1,0],[454,912]]
[[0,0],[2,0],[18,456]]
[[0,0],[1,0],[37,912]]
[[0,0],[1,0],[149,912]]
[[0,0],[1,0],[438,912]]
[[0,0],[1,0],[113,912]]
[[0,0],[2,0],[40,456]]
[[0,0],[1,0],[189,912]]
[[0,0],[2,0],[250,456]]
[[0,0],[1,0],[407,912]]
[[0,0],[2,0],[182,456]]
[[0,0],[1,0],[550,912]]
[[0,0],[1,0],[733,912]]
[[0,0],[2,0],[135,456]]
[[0,0],[3,0],[136,304]]
[[0,0],[1,0],[647,912]]
[[0,0],[1,0],[277,912]]
[[0,0],[1,0],[373,912]]
[[0,0],[1,0],[501,912]]
[[0,0],[4,0],[124,228]]
[[0,0],[1,0],[185,912]]
[[0,0],[1,0],[491,912]]
[[0,0],[2,0],[22,456]]
[[0,0],[1,0],[307,912]]
[[0,0],[1,0],[297,912]]
[[0,0],[2,0],[236,456]]
[[0,0],[1,0],[573,912]]
[[0,0],[1,0],[693,912]]
[[0,0],[1,0],[705,912]]
[[0,0],[1,0],[429,912]]
[[0,0],[1,0],[142,912]]
[[0,0],[1,0],[631,912]]
[[0,0],[1,0],[65,912]]
[[0,0],[2,0],[186,456]]
[[0,0],[1,0],[177,912]]
[[0,0],[1,0],[317,912]]
[[0,0],[1,0],[826,912]]
[[0,0],[2,0],[454,456]]
[[0,0],[1,0],[9,912]]
[[0,0],[2,0],[306,456]]
[[0,0],[1,0],[790,912]]
[[0,0],[1,0],[105,912]]
[[0,0],[1,0],[682,912]]
[[0,0],[2,0],[230,456]]
[[0,0],[2,0],[302,456]]
[[0,0],[1,0],[193,912]]
[[0,0],[1,0],[151,912]]
[[0,0],[1,0],[383,912]]
[[0,0],[2,0],[74,456]]
[[0,0],[1,0],[785,912]]
[[0,0],[1,0],[681,912]]
[[0,0],[1,0],[666,912]]
[[0,0],[1,0],[405,912]]
[[0,0],[1,0],[671,912]]
[[0,0],[1,0],[53,912]]
[[0,0],[1,0],[154,912]]
[[0,0],[1,0],[295,912]]
[[0,0],[1,0],[751,912]]
[[0,0],[1,0],[359,912]]
[[0,0],[1,0],[417,912]]
[[0,0],[1,0],[286,912]]
[[0,0],[4,0],[112,228]]
[[0,0],[2,0],[116,456]]
[[0,0],[2,0],[258,456]]
[[0,0],[1,0],[107,912]]
[[0,0],[4,0],[16,228]]
[[0,0],[1,0],[49,912]]
[[0,0],[2,0],[110,456]]
[[0,0],[2,0],[210,456]]
[[0,0],[1,0],[59,912]]
[[0,0],[1,0],[143,912]]
[[0,0],[1,0],[455,912]]
[[0,0],[1,0],[499,912]]
[[0,0],[1,0],[442,912]]
[[0,0],[1,0],[742,912]]
[[0,0],[4,0],[8,228]]
[[0,0],[1,0],[633,912]]
[[0,0],[1,0],[103,912]]
[[0,0],[1,0],[239,912]]
[[0,0],[1,0],[23,912]]
[[0,0],[1,0],[21,912]]
[[0,0],[2,0],[194,456]]
[[0,0],[2,0],[192,456]]
[[0,0],[1,0],[31,912]]
[[0,0],[1,0],[526,912]]
[[0,0],[1,0],[369,912]]
[[0,0],[1,0],[85,912]]
[[0,0],[1,0],[58,912]]
[[0,0],[2,0],[330,456]]
[[0,0],[1,0],[205,912]]
[[0,0],[1,0],[621,912]]
[[0,0],[1,0],[71,912]]
[[0,0],[1,0],[607,912]]
[[0,0],[1,0],[335,912]]
[[0,0],[1,0],[894,912]]
[[0,0],[2,0],[452,456]]
[[0,0],[2,0],[92,456]]
[[0,0],[1,0],[250,912]]
[[0,0],[1,0],[489,912]]
[[0,0],[2,0],[290,456]]
[[0,0],[1,0],[754,912]]
[[0,0],[1,0],[341,912]]
[[0,0],[2,0],[44,456]]
[[0,0],[2,0],[356,456]]
[[0,0],[1,0],[169,912]]
[[0,0],[1,0],[361,912]]
[[0,0],[1,0],[191,912]]
[[0,0],[1,0],[346,912]]
[[0,0],[1,0],[201,912]]
[[0,0],[1,0],[476,912]]
[[0,0],[1,0],[125,912]]
[[0,0],[1,0],[814,912]]
[[0,0],[2,0],[226,456]]
[[0,0],[1,0],[469,912]]
[[0,0],[4,0],[28,228]]
[[0,0],[1,0],[118,912]]
[[0,0],[2,0],[354,456]]
[[0,0],[1,0],[262,912]]
[[0,0],[1,0],[793,912]]
[[0,0],[1,0],[479,912]]
[[0,0],[1,0],[515,912]]
[[0,0],[1,0],[289,912]]
[[0,0],[1,0],[333,912]]
[[0,0],[1,0],[704,912]]
[[0,0],[2,0],[426,456]]
[[0,0],[1,0],[753,912]]
[[0,0],[2,0],[214,456]]
[[0,0],[1,0],[461,912]]
[[0,0],[2,0],[378,456]]
[[0,0],[2,0],[332,456]]
[[0,0],[3,0],[60,304]]
[[0,0],[1,0],[101,912]]
[[0,0],[2,0],[158,456]]
[[0,0],[4,0],[136,228]]
[[0,0],[1,0],[430,912]]
[[0,0],[1,0],[609,912]]
[[0,0],[1,0],[13,912]]
[[0,0],[1,0],[137,912]]
[[0,0],[1,0],[838,912]]
[[0,0],[1,0],[248,912]]
[[0,0],[1,0],[227,912]]
[[0,0],[2,0],[86,456]]
[[0,0],[1,0],[761,912]]
[[0,0],[4,0],[80,228]]
[[0,0],[1,0],[41,912]]
[[0,0],[2,0],[420,456]]
[[0,0],[1,0],[153,912]]
[[0,0],[2,0],[50,456]]
[[0,0],[4,0],[32,228]]
[[0,0],[2,0],[260,456]]
[[0,0],[1,0],[253,912]]
[[0,0],[1,0],[713,912]]
[[0,0],[1,0],[628,912]]
[[0,0],[1,0],[873,912]]
[[0,0],[4,0],[42,228]]
[[0,0],[1,0],[509,912]]
[[0,0],[1,0],[311,912]]
[[0,0],[1,0],[221,912]]
[[0,0],[1,0],[329,912]]
[[0,0],[2,0],[218,456]]
[[0,0],[2,0],[98,456]]
[[0,0],[1,0],[765,912]]
[[0,0],[2,0],[70,456]]
[[0,0],[1,0],[511,912]]
[[0,0],[1,0],[214,912]]
[[0,0],[1,0],[299,912]]
[[0,0],[1,0],[129,912]]
[[0,0],[1,0],[61,912]]
[[0,0],[1,0],[175,912]]
[[0,0],[1,0],[17,912]]
[[0,0],[1,0],[121,912]]
[[0,0],[1,0],[131,912]]
[[0,0],[1,0],[657,912]]
[[0,0],[1,0],[590,912]]
[[0,0],[2,0],[94,456]]
[[0,0],[1,0],[29,912]]
[[0,0],[1,0],[802,912]]
[[0,0],[1,0],[837,912]]
[[0,0],[1,0],[541,912]]
[[0,0],[2,0],[188,456]]
[[0,0],[1,0],[497,912]]
[[0,0],[1,0],[43,912]]
[[0,0],[1,0],[109,912]]
[[0,0],[1,0],[477,912]]
[[0,0],[2,0],[162,456]]
[[0,0],[1,0],[641,912]]
[[0,0],[2,0],[42,456]]
[[0,0],[1,0],[409,912]]
[[0,0],[1,0],[910,912]]
[[0,0],[1,0],[393,912]]
[[0,0],[6,0],[120,152]]
[[0,0],[1,0],[649,912]]
[[0,0],[1,0],[862,912]]
[[0,0],[1,0],[586,912]]
[[0,0],[1,0],[581,912]]
[[0,0],[1,0],[22,912]]
[[0,0],[1,0],[825,912]]
[[0,0],[1,0],[395,912]]
[[0,0],[1,0],[574,912]]
[[0,0],[1,0],[829,912]]
[[0,0],[1,0],[382,912]]
[[0,0],[2,0],[308,456]]
[[0,0],[1,0],[669,912]]
[[0,0],[1,0],[694,912]]
[[0,0],[2,0],[142,456]]
[[0,0],[3,0],[212,304]]
[[0,0],[1,0],[419,912]]
[[0,0],[1,0],[93,912]]
[[0,0],[2,0],[118,456]]
[[0,0],[1,0],[425,912]]
[[0,0],[1,0],[157,912]]
[[0,0],[1,0],[909,912]]
[[0,0],[1,0],[801,912]]
