[[0,0],[1,0],[775,916]]
[[0,0],[1,0],[241,916]]
[[0,0],[1,0],[287,916]]
[[0,0],[1,0],[299,916]]
[[0,0],[1,0],[223,916]]
[[0,0],[1,0],[259,916]]
[[0,0],[1,0],[337,916]]
[[0,0],[1,0],[691,916]]
[[0,0],[1,0],[3,916]]
[[0,0],[1,0],[9,916]]
[[0,0],[1,0],[185,916]]
[[0,0],[1,0],[633,916]]
[[0,0],[1,0],[379,916]]
[[0,0],[2,0],[22,458]]
[[0,0],[1,0],[551,916]]
[[0,0],[2,0],[4,458]]
[[0,0],[1,0],[109,916]]
[[0,0],[1,0],[243,916]]
[[0,0],[1,0],[575,916]]
[[0,0],[1,0],[19,916]]
[[0,0],[1,0],[535,916]]
[[0,0],[1,0],[163,916]]
[[0,0],[1,0],[549,916]]
[[0,0],[1,0],[5,916]]
[[0,0],[1,0],[69,916]]
[[0,0],[1,0],[207,916]]
[[0,0],[1,0],[573,916]]
[[0,0],[1,0],[319,916]]
[[0,0],[1,0],[230,916]]
[[0,0],[2,0],[68,458]]
[[0,0],[1,0],[41,916]]
[[0,0],[1,0],[293,916]]
[[0,0],[1,0],[745,916]]
[[0,0],[1,0],[545,916]]
[[0,0],[1,0],[107,916]]
[[0,0],[1,0],[127,916]]
[[0,0],[1,0],[309,916]]
[[0,0],[1,0],[447,916]]
[[0,0],[1,0],[247,916]]
[[0,0],[1,0],[65,916]]
[[0,0],[1,0],[245,916]]
[[0,0],[1,0],[265,916]]
[[0,0],[1,0],[195,916]]
[[0,0],[1,0],[59,916]]
[[0,0],[1,0],[751,916]]
[[0,0],[1,0],[387,916]]
[[0,0],[1,0],[517,916]]
[[0,0],[2,0],[156,458]]
[[0,0],[1,0],[133,916]]
[[0,0],[1,0],[81,916]]
[[0,0],[2,0],[70,458]]
[[0,0],[1,0],[217,916]]
[[0,0],[1,0],[269,916]]
[[0,0],[1,0],[7,916]]
[[0,0],[1,0],[663,916]]
[[0,0],[1,0],[251,916]]
[[0,0],[1,0],[15,916]]
[[0,0],[1,0],[257,916]]
[[0,0],[2,0],[24,458]]
[[0,0],[1,0],[191,916]]
[[0,0],[2,0],[58,458]]
[[0,0],[1,0],[91,916]]
[[0,0],[1,0],[73,916]]
[[0,0],[1,0],[25,916]]
[[0,0],[1,0],[27,916]]
[[0,0],[1,0],[317,916]]
[[0,0],[1,0],[869,916]]
[[0,0],[1,0],[275,916]]
[[0,0],[1,0],[581,916]]
[[0,0],[1,0],[677,916]]
[[0,0],[1,0],[227,916]]
[[0,0],[1,0],[71,916]]
[[0,0],[2,0],[84,458]]
[[0,0],[2,0],[130,458]]
[[0,0],[1,0],[125,916]]
[[0,0],[2,0],[12,458]]
[[0,0],[1,0],[289,916]]
[[0,0],[1,0],[105,916]]
[[0,0],[1,0],[79,916]]
[[0,0],[1,0],[17,916]]
[[0,0],[1,0],[795,916]]
[[0,0],[1,0],[443,916]]
[[0,0],[1,0],[543,916]]
[[0,0],[1,0],[527,916]]
[[0,0],[1,0],[409,916]]
[[0,0],[1,0],[369,916]]
[[0,0],[1,0],[307,916]]
[[0,0],[1,0],[209,916]]
[[0,0],[1,0],[577,916]]
[[0,0],[2,0],[190,458]]
[[0,0],[1,0],[93,916]]
[[0,0],[2,0],[80,458]]
[[0,0],[1,0],[85,916]]
[[0,0],[1,0],[29,916]]
[[0,0],[1,0],[181,916]]
[[0,0],[1,0],[719,916]]
[[0,0],[1,0],[45,916]]
[[0,0],[1,0],[263,916]]
[[0,0],[1,0],[333,916]]
[[0,0],[1,0],[417,916]]
[[0,0],[2,0],[26,458]]
[[0,0],[2,0],[42,458]]
[[0,0],[1,0],[213,916]]
[[0,0],[1,0],[785,916]]
[[0,0],[1,0],[233,916]]
[[0,0],[1,0],[781,916]]
[[0,0],[1,0],[393,916]]
[[0,0],[2,0],[72,458]]
[[0,0],[2,0],[52,458]]
[[0,0],[2,0],[64,458]]
[[0,0],[1,0],[63,916]]
[[0,0],[1,0],[439,916]]
[[0,0],[2,0],[82,458]]
[[0,0],[1,0],[397,916]]
[[0,0],[1,0],[619,916]]
[[0,0],[1,0],[565,916]]
[[0,0],[1,0],[193,916]]
[[0,0],[1,0],[325,916]]
[[0,0],[1,0],[819,916]]
[[0,0],[1,0],[123,916]]
[[0,0],[1,0],[431,916]]
[[0,0],[1,0],[553,916]]
[[0,0],[1,0],[83,916]]
[[0,0],[1,0],[479,916]]
[[0,0],[1,0],[271,916]]
[[0,0],[2,0],[18,458]]
[[0,0],[1,0],[471,916]]
[[0,0],[1,0],[421,916]]
[[0,0],[1,0],[111,916]]
[[0,0],[2,0],[162,458]]
[[0,0],[1,0],[153,916]]
[[0,0],[1,0],[915,916]]
[[0,0],[1,0],[129,916]]
[[0,0],[1,0],[221,916]]
[[0,0],[1,0],[403,916]]
[[0,0],[2,0],[60,458]]
[[0,0],[1,0],[377,916]]
[[0,0],[1,0],[567,916]]
[[0,0],[1,0],[33,916]]
[[0,0],[1,0],[183,916]]
[[0,0],[1,0],[21,916]]
[[0,0],[1,0],[323,916]]
[[0,0],[1,0],[119,916]]
[[0,0],[1,0],[407,916]]
[[0,0],[2,0],[62,458]]
[[0,0],[2,0],[66,458]]
[[0,0],[1,0],[503,916]]
[[0,0],[1,0],[249,916]]
[[0,0],[1,0],[211,916]]
[[0,0],[1,0],[515,916]]
[[0,0],[1,0],[67,916]]
[[0,0],[1,0],[281,916]]
[[0,0],[1,0],[113,916]]
[[0,0],[1,0],[277,916]]
[[0,0],[1,0],[649,916]]
[[0,0],[1,0],[53,916]]
[[0,0],[1,0],[115,916]]
[[0,0],[1,0],[167,916]]
[[0,0],[1,0],[1,916]]
[[0,0],[1,0],[571,916]]
[[0,0],[1,0],[563,916]]
[[0,0],[1,0],[255,916]]
[[0,0],[1,0],[688,916]]
[[0,0],[1,0],[201,916]]
[[0,0],[2,0],[8,458]]
[[0,0],[1,0],[455,916]]
[[0,0],[1,0],[215,916]]
[[0,0],[1,0],[423,916]]
[[0,0],[2,0],[44,458]]
[[0,0],[1,0],[531,916]]
[[0,0],[1,0],[199,916]]
[[0,0],[1,0],[357,916]]
[[0,0],[1,0],[203,916]]
[[0,0],[1,0],[89,916]]
[[0,0],[1,0],[177,916]]
[[0,0],[1,0],[143,916]]
[[0,0],[1,0],[137,916]]
[[0,0],[1,0],[595,916]]
[[0,0],[1,0],[35,916]]
[[0,0],[1,0],[99,916]]
[[0,0],[1,0],[685,916]]
[[0,0],[1,0],[273,916]]
[[0,0],[1,0],[449,916]]
[[0,0],[2,0],[50,458]]
[[0,0],[1,0],[87,916]]
[[0,0],[1,0],[585,916]]
[[0,0],[1,0],[415,916]]
[[0,0],[1,0],[11,916]]
[[0,0],[1,0],[311,916]]
[[0,0],[1,0],[511,916]]
[[0,0],[2,0],[118,458]]
[[0,0],[1,0],[279,916]]
[[0,0],[1,0],[169,916]]
[[0,0],[1,0],[533,916]]
[[0,0],[1,0],[187,916]]
[[0,0],[1,0],[481,916]]
[[0,0],[1,0],[359,916]]
[[0,0],[1,0],[145,916]]
[[0,0],[2,0],[28,458]]
[[0,0],[1,0],[441,916]]
[[0,0],[1,0],[395,916]]
[[0,0],[2,0],[20,458]]
[[0,0],[1,0],[139,916]]
[[0,0],[1,0],[765,916]]
[[0,0],[2,0],[14,458]]
[[0,0],[1,0],[375,916]]
[[0,0],[1,0],[103,916]]
[[0,0],[1,0],[175,916]]
[[0,0],[1,0],[631,916]]
[[0,0],[1,0],[39,916]]
[[0,0],[1,0],[457,916]]
[[0,0],[2,0],[2,458]]
[[0,0],[2,0],[74,458]]
[[0,0],[1,0],[459,916]]
[[0,0],[2,0],[16,458]]
[[0,0],[1,0],[55,916]]
[[0,0],[1,0],[427,916]]
[[0,0],[1,0],[155,916]]
[[0,0],[1,0],[361,916]]
[[0,0],[1,0],[75,916]]
[[0,0],[1,0],[737,916]]
[[0,0],[1,0],[237,916]]
[[0,0],[1,0],[117,916]]
[[0,0],[1,0],[291,916]]
[[0,0],[1,0],[149,916]]
[[0,0],[1,0],[453,916]]
[[0,0],[1,0],[157,916]]
[[0,0],[1,0],[173,916]]
[[0,0],[2,0],[34,458]]
[[0,0],[1,0],[261,916]]
[[0,0],[1,0],[391,916]]
[[0,0],[2,0],[36,458]]
[[0,0],[1,0],[161,916]]
[[0,0],[1,0],[303,916]]
[[0,0],[1,0],[49,916]]
[[0,0],[1,0],[305,916]]
[[0,0],[1,0],[329,916]]
[[0,0],[1,0],[43,916]]
[[0,0],[1,0],[411,916]]
[[0,0],[2,0],[30,458]]
[[0,0],[1,0],[13,916]]
[[0,0],[1,0],[205,916]]
[[0,0],[2,0],[6,458]]
[[0,0],[1,0],[95,916]]
[[0,0],[1,0],[101,916]]
[[0,0],[1,0],[433,916]]
[[0,0],[1,0],[159,916]]
[[0,0],[1,0],[327,916]]
[[0,0],[2,0],[10,458]]
[[0,0],[1,0],[51,916]]
[[0,0],[1,0],[57,916]]
[[0,0],[1,0],[37,916]]
[[0,0],[2,0],[108,458]]
[[0,0],[1,0],[465,916]]
[[0,0],[1,0],[497,916]]
[[0,0],[1,0],[347,916]]
[[0,0],[1,0],[429,916]]
[[0,0],[2,0],[32,458]]
[[0,0],[1,0],[681,916]]
[[0,0],[1,0],[621,916]]
[[0,0],[1,0],[147,916]]
[[0,0],[1,0],[219,916]]
[[0,0],[1,0],[23,916]]
[[0,0],[1,0],[189,916]]
[[0,0],[1,0],[61,916]]
[[0,0],[1,0],[355,916]]
[[0,0],[1,0],[301,916]]
[[0,0],[1,0],[315,916]]
[[0,0],[1,0],[425,916]]
[[0,0],[1,0],[31,916]]
[[0,0],[1,0],[313,916]]
[[0,0],[1,0],[77,916]]
