[[0,0],[1,0],[425,920]]
[[0,0],[2,0],[174,460]]
[[0,0],[2,0],[102,460]]
[[0,0],[1,0],[233,920]]
[[0,0],[1,0],[898,920]]
[[0,0],[1,0],[237,920]]
[[0,0],[1,0],[596,920]]
[[0,0],[1,0],[866,920]]
[[0,0],[1,0],[356,920]]
[[0,0],[2,0],[78,460]]
[[0,0],[1,0],[387,920]]
[[0,0],[1,0],[226,920]]
[[0,0],[1,0],[415,920]]
[[0,0],[2,0],[312,460]]
[[0,0],[1,0],[686,920]]
[[0,0],[1,0],[223,920]]
[[0,0],[1,0],[585,920]]
[[0,0],[1,0],[626,920]]
[[0,0],[1,0],[133,920]]
[[0,0],[1,0],[421,920]]
[[0,0],[1,0],[81,920]]
[[0,0],[1,0],[249,920]]
[[0,0],[1,0],[521,920]]
[[0,0],[1,0],[156,920]]
[[0,0],[1,0],[323,920]]
[[0,0],[1,0],[161,920]]
[[0,0],[2,0],[32,460]]
[[0,0],[1,0],[309,920]]
[[0,0],[1,0],[273,920]]
[[0,0],[1,0],[599,920]]
[[0,0],[1,0],[484,920]]
[[0,0],[1,0],[197,920]]
[[0,0],[2,0],[222,460]]
[[0,0],[1,0],[231,920]]
[[0,0],[1,0],[357,920]]
[[0,0],[2,0],[12,460]]
[[0,0],[2,0],[392,460]]
[[0,0],[1,0],[33,920]]
[[0,0],[2,0],[106,460]]
[[0,0],[2,0],[255,460]]
[[0,0],[1,0],[283,920]]
[[0,0],[1,0],[406,920]]
[[0,0],[1,0],[426,920]]
[[0,0],[2,0],[58,460]]
[[0,0],[1,0],[427,920]]
[[0,0],[2,0],[2,460]]
[[0,0],[1,0],[625,920]]
[[0,0],[2,0],[34,460]]
[[0,0],[1,0],[25,920]]
[[0,0],[2,0],[352,460]]
[[0,0],[1,0],[321,920]]
[[0,0],[2,0],[126,460]]
[[0,0],[1,0],[39,920]]
[[0,0],[1,0],[377,920]]
[[0,0],[1,0],[267,920]]
[[0,0],[1,0],[706,920]]
[[0,0],[1,0],[546,920]]
[[0,0],[1,0],[246,920]]
[[0,0],[1,0],[327,920]]
[[0,0],[2,0],[82,460]]
[[0,0],[1,0],[183,920]]
[[0,0],[1,0],[77,920]]
[[0,0],[2,0],[458,460]]
[[0,0],[1,0],[79,920]]
[[0,0],[1,0],[392,920]]
[[0,0],[1,0],[545,920]]
[[0,0],[2,0],[278,460]]
[[0,0],[1,0],[551,920]]
[[0,0],[1,0],[269,920]]
[[0,0],[1,0],[1,920]]
[[0,0],[1,0],[875,920]]
[[0,0],[1,0],[83,920]]
[[0,0],[1,0],[99,920]]
[[0,0],[1,0],[571,920]]
[[0,0],[1,0],[300,920]]
[[0,0],[1,0],[203,920]]
[[0,0],[1,0],[645,920]]
[[0,0],[1,0],[91,920]]
[[0,0],[1,0],[347,920]]
[[0,0],[1,0],[196,920]]
[[0,0],[1,0],[67,920]]
[[0,0],[1,0],[70,920]]
[[0,0],[1,0],[566,920]]
[[0,0],[2,0],[140,460]]
[[0,0],[2,0],[122,460]]
[[0,0],[1,0],[739,920]]
[[0,0],[1,0],[265,920]]
[[0,0],[1,0],[353,920]]
[[0,0],[1,0],[7,920]]
[[0,0],[1,0],[236,920]]
[[0,0],[1,0],[471,920]]
[[0,0],[1,0],[852,920]]
[[0,0],[1,0],[813,920]]
[[0,0],[1,0],[530,920]]
[[0,0],[1,0],[11,920]]
[[0,0],[1,0],[781,920]]
[[0,0],[1,0],[57,920]]
[[0,0],[5,0],[120,184]]
[[0,0],[1,0],[145,920]]
[[0,0],[2,0],[274,460]]
[[0,0],[1,0],[123,920]]
[[0,0],[1,0],[846,920]]
[[0,0],[1,0],[459,920]]
[[0,0],[2,0],[212,460]]
[[0,0],[1,0],[557,920]]
[[0,0],[1,0],[217,920]]
[[0,0],[1,0],[266,920]]
[[0,0],[1,0],[117,920]]
[[0,0],[1,0],[106,920]]
[[0,0],[2,0],[266,460]]
[[0,0],[2,0],[25,460]]
[[0,0],[2,0],[394,460]]
[[0,0],[1,0],[111,920]]
[[0,0],[1,0],[467,920]]
[[0,0],[2,0],[6,460]]
[[0,0],[1,0],[301,920]]
[[0,0],[1,0],[162,920]]
[[0,0],[1,0],[254,920]]
[[0,0],[1,0],[66,920]]
[[0,0],[1,0],[229,920]]
[[0,0],[1,0],[379,920]]
[[0,0],[1,0],[916,920]]
[[0,0],[2,0],[432,460]]
[[0,0],[1,0],[63,920]]
[[0,0],[1,0],[141,920]]
[[0,0],[1,0],[89,920]]
[[0,0],[1,0],[886,920]]
[[0,0],[1,0],[465,920]]
[[0,0],[1,0],[287,920]]
[[0,0],[2,0],[234,460]]
[[0,0],[1,0],[291,920]]
[[0,0],[1,0],[306,920]]
[[0,0],[1,0],[259,920]]
[[0,0],[1,0],[116,920]]
[[0,0],[2,0],[14,460]]
[[0,0],[1,0],[745,920]]
[[0,0],[2,0],[134,460]]
[[0,0],[1,0],[622,920]]
[[0,0],[1,0],[97,920]]
[[0,0],[1,0],[386,920]]
[[0,0],[1,0],[163,920]]
[[0,0],[1,0],[466,920]]
[[0,0],[2,0],[246,460]]
[[0,0],[1,0],[646,920]]
[[0,0],[1,0],[691,920]]
[[0,0],[1,0],[27,920]]
[[0,0],[1,0],[796,920]]
[[0,0],[2,0],[62,460]]
[[0,0],[1,0],[305,920]]
[[0,0],[2,0],[252,460]]
[[0,0],[1,0],[211,920]]
[[0,0],[1,0],[139,920]]
[[0,0],[1,0],[766,920]]
[[0,0],[1,0],[47,920]]
[[0,0],[1,0],[225,920]]
[[0,0],[2,0],[370,460]]
[[0,0],[2,0],[26,460]]
[[0,0],[1,0],[381,920]]
[[0,0],[1,0],[166,920]]
[[0,0],[1,0],[463,920]]
[[0,0],[1,0],[547,920]]
[[0,0],[1,0],[583,920]]
[[0,0],[1,0],[257,920]]
[[0,0],[1,0],[206,920]]
[[0,0],[1,0],[146,920]]
[[0,0],[1,0],[665,920]]
[[0,0],[1,0],[351,920]]
[[0,0],[2,0],[52,460]]
[[0,0],[1,0],[401,920]]
[[0,0],[2,0],[18,460]]
[[0,0],[1,0],[366,920]]
[[0,0],[1,0],[438,920]]
[[0,0],[2,0],[132,460]]
[[0,0],[1,0],[213,920]]
[[0,0],[1,0],[836,920]]
[[0,0],[2,0],[152,460]]
[[0,0],[2,0],[166,460]]
[[0,0],[1,0],[189,920]]
[[0,0],[1,0],[37,920]]
[[0,0],[1,0],[149,920]]
[[0,0],[1,0],[733,920]]
[[0,0],[1,0],[905,920]]
[[0,0],[2,0],[38,460]]
[[0,0],[1,0],[126,920]]
[[0,0],[1,0],[906,920]]
[[0,0],[2,0],[182,460]]
[[0,0],[1,0],[407,920]]
[[0,0],[1,0],[705,920]]
[[0,0],[1,0],[429,920]]
[[0,0],[1,0],[65,920]]
[[0,0],[2,0],[48,460]]
[[0,0],[1,0],[716,920]]
[[0,0],[1,0],[36,920]]
[[0,0],[1,0],[185,920]]
[[0,0],[2,0],[22,460]]
[[0,0],[1,0],[297,920]]
[[0,0],[1,0],[177,920]]
[[0,0],[1,0],[317,920]]
[[0,0],[2,0],[242,460]]
[[0,0],[1,0],[826,920]]
[[0,0],[1,0],[219,920]]
[[0,0],[1,0],[505,920]]
[[0,0],[1,0],[331,920]]
[[0,0],[1,0],[3,920]]
[[0,0],[1,0],[643,920]]
[[0,0],[2,0],[306,460]]
[[0,0],[1,0],[806,920]]
[[0,0],[2,0],[298,460]]
[[0,0],[1,0],[193,920]]
[[0,0],[1,0],[786,920]]
[[0,0],[1,0],[383,920]]
[[0,0],[1,0],[747,920]]
[[0,0],[1,0],[577,920]]
[[0,0],[1,0],[9,920]]
[[0,0],[1,0],[517,920]]
[[0,0],[1,0],[601,920]]
[[0,0],[1,0],[785,920]]
[[0,0],[1,0],[105,920]]
[[0,0],[2,0],[74,460]]
[[0,0],[1,0],[666,920]]
[[0,0],[1,0],[726,920]]
[[0,0],[1,0],[865,920]]
[[0,0],[1,0],[151,920]]
[[0,0],[1,0],[751,920]]
[[0,0],[2,0],[254,460]]
[[0,0],[1,0],[689,920]]
[[0,0],[1,0],[503,920]]
[[0,0],[1,0],[86,920]]
[[0,0],[1,0],[617,920]]
[[0,0],[1,0],[746,920]]
[[0,0],[1,0],[876,920]]
[[0,0],[2,0],[232,460]]
[[0,0],[1,0],[53,920]]
[[0,0],[2,0],[258,460]]
[[0,0],[1,0],[208,920]]
[[0,0],[1,0],[76,920]]
[[0,0],[1,0],[49,920]]
[[0,0],[1,0],[359,920]]
[[0,0],[1,0],[143,920]]
[[0,0],[1,0],[286,920]]
[[0,0],[1,0],[756,920]]
[[0,0],[2,0],[272,460]]
[[0,0],[1,0],[676,920]]
[[0,0],[1,0],[186,920]]
[[0,0],[1,0],[487,920]]
[[0,0],[1,0],[919,920]]
[[0,0],[1,0],[807,920]]
[[0,0],[1,0],[239,920]]
[[0,0],[1,0],[59,920]]
[[0,0],[1,0],[397,920]]
[[0,0],[2,0],[172,460]]
[[0,0],[1,0],[247,920]]
[[0,0],[1,0],[31,920]]
[[0,0],[2,0],[112,460]]
[[0,0],[1,0],[369,920]]
[[0,0],[2,0],[292,460]]
[[0,0],[1,0],[51,920]]
[[0,0],[2,0],[324,460]]
[[0,0],[1,0],[447,920]]
[[0,0],[1,0],[103,920]]
[[0,0],[2,0],[192,460]]
[[0,0],[1,0],[21,920]]
[[0,0],[1,0],[241,920]]
[[0,0],[1,0],[607,920]]
[[0,0],[1,0],[209,920]]
[[0,0],[1,0],[526,920]]
[[0,0],[1,0],[179,920]]
[[0,0],[1,0],[486,920]]
[[0,0],[2,0],[452,460]]
[[0,0],[2,0],[54,460]]
[[0,0],[2,0],[418,460]]
[[0,0],[1,0],[271,920]]
[[0,0],[1,0],[346,920]]
[[0,0],[1,0],[119,920]]
[[0,0],[1,0],[71,920]]
[[0,0],[1,0],[191,920]]
[[0,0],[1,0],[147,920]]
[[0,0],[1,0],[476,920]]
[[0,0],[1,0],[6,920]]
[[0,0],[1,0],[489,920]]
[[0,0],[1,0],[159,920]]
[[0,0],[1,0],[714,920]]
[[0,0],[1,0],[341,920]]
[[0,0],[2,0],[372,460]]
[[0,0],[1,0],[361,920]]
[[0,0],[1,0],[516,920]]
[[0,0],[1,0],[479,920]]
[[0,0],[1,0],[659,920]]
[[0,0],[1,0],[201,920]]
[[0,0],[1,0],[289,920]]
[[0,0],[1,0],[333,920]]
[[0,0],[1,0],[469,920]]
[[0,0],[2,0],[342,460]]
[[0,0],[1,0],[556,920]]
[[0,0],[1,0],[461,920]]
[[0,0],[1,0],[609,920]]
[[0,0],[2,0],[332,460]]
[[0,0],[1,0],[13,920]]
[[0,0],[2,0],[146,460]]
[[0,0],[1,0],[227,920]]
[[0,0],[2,0],[158,460]]
[[0,0],[1,0],[101,920]]
[[0,0],[1,0],[171,920]]
[[0,0],[1,0],[613,920]]
[[0,0],[1,0],[371,920]]
[[0,0],[1,0],[137,920]]
[[0,0],[2,0],[72,460]]
[[0,0],[1,0],[636,920]]
[[0,0],[1,0],[24,920]]
[[0,0],[2,0],[86,460]]
[[0,0],[1,0],[553,920]]
[[0,0],[1,0],[243,920]]
[[0,0],[1,0],[668,920]]
[[0,0],[1,0],[279,920]]
[[0,0],[1,0],[509,920]]
[[0,0],[1,0],[41,920]]
[[0,0],[1,0],[221,920]]
[[0,0],[1,0],[153,920]]
[[0,0],[1,0],[326,920]]
[[0,0],[1,0],[511,920]]
[[0,0],[2,0],[98,460]]
[[0,0],[1,0],[199,920]]
[[0,0],[1,0],[576,920]]
[[0,0],[1,0],[129,920]]
[[0,0],[1,0],[61,920]]
[[0,0],[2,0],[262,460]]
[[0,0],[1,0],[329,920]]
[[0,0],[1,0],[87,920]]
[[0,0],[1,0],[17,920]]
[[0,0],[1,0],[413,920]]
[[0,0],[1,0],[606,920]]
[[0,0],[1,0],[131,920]]
[[0,0],[1,0],[627,920]]
[[0,0],[1,0],[657,920]]
[[0,0],[1,0],[29,920]]
[[0,0],[1,0],[19,920]]
[[0,0],[1,0],[439,920]]
[[0,0],[2,0],[94,460]]
[[0,0],[1,0],[281,920]]
[[0,0],[1,0],[121,920]]
[[0,0],[1,0],[167,920]]
[[0,0],[1,0],[497,920]]
[[0,0],[1,0],[396,920]]
[[0,0],[4,0],[50,230]]
[[0,0],[1,0],[109,920]]
[[0,0],[1,0],[477,920]]
[[0,0],[1,0],[73,920]]
[[0,0],[1,0],[531,920]]
[[0,0],[1,0],[316,920]]
[[0,0],[2,0],[416,460]]
[[0,0],[1,0],[43,920]]
[[0,0],[1,0],[26,920]]
[[0,0],[1,0],[586,920]]
[[0,0],[2,0],[178,460]]
[[0,0],[1,0],[829,920]]
[[0,0],[1,0],[385,920]]
[[0,0],[1,0],[669,920]]
[[0,0],[1,0],[446,920]]
[[0,0],[1,0],[393,920]]
[[0,0],[1,0],[436,920]]
[[0,0],[1,0],[127,920]]
[[0,0],[1,0],[581,920]]
[[0,0],[1,0],[419,920]]
[[0,0],[1,0],[825,920]]
[[0,0],[1,0],[93,920]]
[[0,0],[2,0],[412,460]]
[[0,0],[1,0],[157,920]]
[[0,0],[2,0],[142,460]]
[[0,0],[2,0],[114,460]]
[[0,0],[4,0],[165,230]]
