[[0,0],[1,0],[100,921]]
[[0,0],[1,0],[259,921]]
[[0,0],[1,0],[337,921]]
[[0,0],[1,0],[109,921]]
[[0,0],[1,0],[376,921]]
[[0,0],[1,0],[316,921]]
[[0,0],[1,0],[19,921]]
[[0,0],[1,0],[163,921]]
[[0,0],[1,0],[319,921]]
[[0,0],[1,0],[134,921]]
[[0,0],[1,0],[529,921]]
[[0,0],[1,0],[76,921]]
[[0,0],[1,0],[328,921]]
[[0,0],[1,0],[127,921]]
[[0,0],[1,0],[5,921]]
[[0,0],[1,0],[196,921]]
[[0,0],[1,0],[214,921]]
[[0,0],[1,0],[373,921]]
[[0,0],[1,0],[430,921]]
[[0,0],[1,0],[607,921]]
[[0,0],[1,0],[166,921]]
[[0,0],[1,0],[352,921]]
[[0,0],[1,0],[466,921]]
[[0,0],[1,0],[65,921]]
[[0,0],[1,0],[130,921]]
[[0,0],[1,0],[26,921]]
[[0,0],[1,0],[661,921]]
[[0,0],[1,0],[107,921]]
[[0,0],[1,0],[302,921]]
[[0,0],[1,0],[739,921]]
[[0,0],[1,0],[346,921]]
[[0,0],[1,0],[64,921]]
[[0,0],[1,0],[517,921]]
[[0,0],[1,0],[133,921]]
[[0,0],[1,0],[265,921]]
[[0,0],[1,0],[574,921]]
[[0,0],[1,0],[59,921]]
[[0,0],[1,0],[613,921]]
[[0,0],[1,0],[191,921]]
[[0,0],[1,0],[382,921]]
[[0,0],[1,0],[436,921]]
[[0,0],[1,0],[232,921]]
[[0,0],[1,0],[7,921]]
[[0,0],[1,0],[58,921]]
[[0,0],[1,0],[217,921]]
[[0,0],[1,0],[52,921]]
[[0,0],[1,0],[817,921]]
[[0,0],[1,0],[275,921]]
[[0,0],[1,0],[79,921]]
[[0,0],[1,0],[490,921]]
[[0,0],[1,0],[238,921]]
[[0,0],[1,0],[14,921]]
[[0,0],[1,0],[262,921]]
[[0,0],[1,0],[610,921]]
[[0,0],[1,0],[91,921]]
[[0,0],[1,0],[349,921]]
[[0,0],[1,0],[73,921]]
[[0,0],[1,0],[289,921]]
[[0,0],[1,0],[25,921]]
[[0,0],[1,0],[17,921]]
[[0,0],[1,0],[338,921]]
[[0,0],[1,0],[71,921]]
[[0,0],[1,0],[56,921]]
[[0,0],[1,0],[218,921]]
[[0,0],[1,0],[38,921]]
[[0,0],[1,0],[577,921]]
[[0,0],[1,0],[322,921]]
[[0,0],[1,0],[520,921]]
[[0,0],[1,0],[445,921]]
[[0,0],[1,0],[29,921]]
[[0,0],[1,0],[160,921]]
[[0,0],[1,0],[122,921]]
[[0,0],[1,0],[532,921]]
[[0,0],[1,0],[85,921]]
[[0,0],[1,0],[781,921]]
[[0,0],[1,0],[295,921]]
[[0,0],[1,0],[368,921]]
[[0,0],[1,0],[181,921]]
[[0,0],[1,0],[292,921]]
[[0,0],[1,0],[615,921]]
[[0,0],[1,0],[682,921]]
[[0,0],[1,0],[364,921]]
[[0,0],[1,0],[442,921]]
[[0,0],[1,0],[193,921]]
[[0,0],[1,0],[62,921]]
[[0,0],[1,0],[439,921]]
[[0,0],[1,0],[271,921]]
[[0,0],[1,0],[487,921]]
[[0,0],[1,0],[280,921]]
[[0,0],[1,0],[325,921]]
[[0,0],[1,0],[254,921]]
[[0,0],[1,0],[8,921]]
[[0,0],[1,0],[83,921]]
[[0,0],[1,0],[541,921]]
[[0,0],[1,0],[283,921]]
[[0,0],[1,0],[589,921]]
[[0,0],[1,0],[421,921]]
[[0,0],[1,0],[493,921]]
[[0,0],[1,0],[568,921]]
[[0,0],[1,0],[412,921]]
[[0,0],[1,0],[119,921]]
[[0,0],[1,0],[211,921]]
[[0,0],[1,0],[256,921]]
[[0,0],[1,0],[46,921]]
[[0,0],[1,0],[202,921]]
[[0,0],[1,0],[284,921]]
[[0,0],[1,0],[118,921]]
[[0,0],[1,0],[178,921]]
[[0,0],[1,0],[244,921]]
[[0,0],[1,0],[106,921]]
[[0,0],[1,0],[115,921]]
[[0,0],[1,0],[472,921]]
[[0,0],[1,0],[112,921]]
[[0,0],[1,0],[463,921]]
[[0,0],[1,0],[53,921]]
[[0,0],[1,0],[1,921]]
[[0,0],[1,0],[167,921]]
[[0,0],[1,0],[385,921]]
[[0,0],[1,0],[274,921]]
[[0,0],[1,0],[586,921]]
[[0,0],[1,0],[88,921]]
[[0,0],[1,0],[475,921]]
[[0,0],[1,0],[143,921]]
[[0,0],[1,0],[538,921]]
[[0,0],[1,0],[22,921]]
[[0,0],[1,0],[571,921]]
[[0,0],[1,0],[40,921]]
[[0,0],[1,0],[131,921]]
[[0,0],[1,0],[215,921]]
[[0,0],[1,0],[35,921]]
[[0,0],[1,0],[199,921]]
[[0,0],[1,0],[212,921]]
[[0,0],[1,0],[226,921]]
[[0,0],[1,0],[406,921]]
[[0,0],[1,0],[74,921]]
[[0,0],[1,0],[511,921]]
[[0,0],[1,0],[235,921]]
[[0,0],[1,0],[136,921]]
[[0,0],[1,0],[203,921]]
[[0,0],[1,0],[89,921]]
[[0,0],[1,0],[673,921]]
[[0,0],[1,0],[676,921]]
[[0,0],[1,0],[145,921]]
[[0,0],[1,0],[11,921]]
[[0,0],[1,0],[188,921]]
[[0,0],[1,0],[304,921]]
[[0,0],[1,0],[10,921]]
[[0,0],[1,0],[154,921]]
[[0,0],[1,0],[142,921]]
[[0,0],[1,0],[190,921]]
[[0,0],[1,0],[823,921]]
[[0,0],[1,0],[187,921]]
[[0,0],[1,0],[44,921]]
[[0,0],[1,0],[4,921]]
[[0,0],[1,0],[103,921]]
[[0,0],[1,0],[253,921]]
[[0,0],[1,0],[34,921]]
[[0,0],[1,0],[139,921]]
[[0,0],[1,0],[70,921]]
[[0,0],[1,0],[200,921]]
[[0,0],[1,0],[55,921]]
[[0,0],[1,0],[457,921]]
[[0,0],[1,0],[16,921]]
[[0,0],[1,0],[427,921]]
[[0,0],[1,0],[50,921]]
[[0,0],[1,0],[155,921]]
[[0,0],[1,0],[148,921]]
[[0,0],[1,0],[161,921]]
[[0,0],[1,0],[460,921]]
[[0,0],[1,0],[220,921]]
[[0,0],[1,0],[49,921]]
[[0,0],[1,0],[499,921]]
[[0,0],[1,0],[205,921]]
[[0,0],[1,0],[13,921]]
[[0,0],[1,0],[502,921]]
[[0,0],[1,0],[121,921]]
[[0,0],[1,0],[194,921]]
[[0,0],[1,0],[184,921]]
[[0,0],[1,0],[451,921]]
[[0,0],[1,0],[32,921]]
[[0,0],[1,0],[547,921]]
[[0,0],[1,0],[43,921]]
[[0,0],[1,0],[433,921]]
[[0,0],[1,0],[772,921]]
[[0,0],[1,0],[454,921]]
[[0,0],[1,0],[101,921]]
[[0,0],[1,0],[604,921]]
[[0,0],[1,0],[37,921]]
[[0,0],[1,0],[229,921]]
[[0,0],[1,0],[28,921]]
[[0,0],[1,0],[61,921]]
[[0,0],[1,0],[301,921]]
[[0,0],[1,0],[367,921]]
[[0,0],[1,0],[31,921]]
[[0,0],[1,0],[77,921]]
[[0,0],[1,0],[355,921]]
[[0,0],[1,0],[290,921]]
[[0,0],[1,0],[640,921]]
[[0,0],[1,0],[110,921]]
[[0,0],[1,0],[80,921]]
[[0,0],[1,0],[20,921]]
[[0,0],[1,0],[23,921]]
[[0,0],[1,0],[82,921]]
[[0,0],[1,0],[223,921]]
[[0,0],[1,0],[592,921]]
[[0,0],[1,0],[2,921]]
[[0,0],[1,0],[241,921]]
[[0,0],[1,0],[308,921]]
