[[0,0],[1,0],[389,922]]
[[0,0],[1,0],[109,922]]
[[0,0],[1,0],[219,922]]
[[0,0],[1,0],[559,922]]
[[0,0],[1,0],[637,922]]
[[0,0],[1,0],[97,922]]
[[0,0],[1,0],[425,922]]
[[0,0],[1,0],[3,922]]
[[0,0],[1,0],[775,922]]
[[0,0],[1,0],[575,922]]
[[0,0],[1,0],[313,922]]
[[0,0],[1,0],[315,922]]
[[0,0],[1,0],[569,922]]
[[0,0],[1,0],[243,922]]
[[0,0],[1,0],[19,922]]
[[0,0],[1,0],[299,922]]
[[0,0],[1,0],[335,922]]
[[0,0],[1,0],[163,922]]
[[0,0],[1,0],[529,922]]
[[0,0],[1,0],[9,922]]
[[0,0],[1,0],[319,922]]
[[0,0],[1,0],[633,922]]
[[0,0],[1,0],[185,922]]
[[0,0],[1,0],[5,922]]
[[0,0],[1,0],[379,922]]
[[0,0],[1,0],[69,922]]
[[0,0],[1,0],[127,922]]
[[0,0],[1,0],[371,922]]
[[0,0],[1,0],[447,922]]
[[0,0],[1,0],[545,922]]
[[0,0],[1,0],[373,922]]
[[0,0],[1,0],[579,922]]
[[0,0],[1,0],[293,922]]
[[0,0],[1,0],[65,922]]
[[0,0],[1,0],[41,922]]
[[0,0],[1,0],[269,922]]
[[0,0],[1,0],[245,922]]
[[0,0],[1,0],[195,922]]
[[0,0],[1,0],[107,922]]
[[0,0],[1,0],[387,922]]
[[0,0],[1,0],[247,922]]
[[0,0],[1,0],[81,922]]
[[0,0],[1,0],[693,922]]
[[0,0],[1,0],[15,922]]
[[0,0],[1,0],[517,922]]
[[0,0],[1,0],[265,922]]
[[0,0],[1,0],[133,922]]
[[0,0],[1,0],[739,922]]
[[0,0],[1,0],[613,922]]
[[0,0],[1,0],[339,922]]
[[0,0],[1,0],[59,922]]
[[0,0],[1,0],[257,922]]
[[0,0],[1,0],[191,922]]
[[0,0],[1,0],[317,922]]
[[0,0],[1,0],[7,922]]
[[0,0],[1,0],[663,922]]
[[0,0],[1,0],[135,922]]
[[0,0],[1,0],[125,922]]
[[0,0],[1,0],[239,922]]
[[0,0],[1,0],[251,922]]
[[0,0],[1,0],[617,922]]
[[0,0],[1,0],[462,922]]
[[0,0],[1,0],[79,922]]
[[0,0],[1,0],[227,922]]
[[0,0],[1,0],[349,922]]
[[0,0],[1,0],[73,922]]
[[0,0],[1,0],[25,922]]
[[0,0],[1,0],[757,922]]
[[0,0],[1,0],[17,922]]
[[0,0],[1,0],[647,922]]
[[0,0],[1,0],[151,922]]
[[0,0],[1,0],[91,922]]
[[0,0],[1,0],[27,922]]
[[0,0],[1,0],[93,922]]
[[0,0],[1,0],[413,922]]
[[0,0],[1,0],[591,922]]
[[0,0],[1,0],[307,922]]
[[0,0],[1,0],[351,922]]
[[0,0],[1,0],[105,922]]
[[0,0],[1,0],[445,922]]
[[0,0],[1,0],[29,922]]
[[0,0],[1,0],[333,922]]
[[0,0],[1,0],[409,922]]
[[0,0],[1,0],[443,922]]
[[0,0],[1,0],[523,922]]
[[0,0],[1,0],[521,922]]
[[0,0],[1,0],[85,922]]
[[0,0],[1,0],[47,922]]
[[0,0],[1,0],[231,922]]
[[0,0],[1,0],[417,922]]
[[0,0],[1,0],[181,922]]
[[0,0],[1,0],[295,922]]
[[0,0],[1,0],[729,922]]
[[0,0],[1,0],[263,922]]
[[0,0],[1,0],[397,922]]
[[0,0],[1,0],[63,922]]
[[0,0],[1,0],[213,922]]
[[0,0],[1,0],[141,922]]
[[0,0],[1,0],[233,922]]
[[0,0],[1,0],[439,922]]
[[0,0],[1,0],[487,922]]
[[0,0],[1,0],[271,922]]
[[0,0],[1,0],[111,922]]
[[0,0],[1,0],[221,922]]
[[0,0],[1,0],[83,922]]
[[0,0],[1,0],[541,922]]
[[0,0],[1,0],[129,922]]
[[0,0],[1,0],[717,922]]
[[0,0],[1,0],[421,922]]
[[0,0],[1,0],[641,922]]
[[0,0],[1,0],[851,922]]
[[0,0],[1,0],[553,922]]
[[0,0],[1,0],[33,922]]
[[0,0],[1,0],[761,922]]
[[0,0],[1,0],[153,922]]
[[0,0],[1,0],[21,922]]
[[0,0],[1,0],[599,922]]
[[0,0],[1,0],[567,922]]
[[0,0],[1,0],[593,922]]
[[0,0],[1,0],[407,922]]
[[0,0],[1,0],[715,922]]
[[0,0],[1,0],[211,922]]
[[0,0],[1,0],[539,922]]
[[0,0],[1,0],[67,922]]
[[0,0],[1,0],[113,922]]
[[0,0],[1,0],[345,922]]
[[0,0],[1,0],[249,922]]
[[0,0],[1,0],[115,922]]
[[0,0],[1,0],[53,922]]
[[0,0],[1,0],[1,922]]
[[0,0],[1,0],[255,922]]
[[0,0],[1,0],[365,922]]
[[0,0],[1,0],[385,922]]
[[0,0],[1,0],[167,922]]
[[0,0],[1,0],[649,922]]
[[0,0],[1,0],[197,922]]
[[0,0],[1,0],[267,922]]
[[0,0],[1,0],[921,922]]
[[0,0],[1,0],[699,922]]
[[0,0],[1,0],[143,922]]
[[0,0],[1,0],[177,922]]
[[0,0],[1,0],[179,922]]
[[0,0],[1,0],[455,922]]
[[0,0],[1,0],[131,922]]
[[0,0],[1,0],[215,922]]
[[0,0],[1,0],[357,922]]
[[0,0],[1,0],[201,922]]
[[0,0],[1,0],[35,922]]
[[0,0],[1,0],[225,922]]
[[0,0],[1,0],[449,922]]
[[0,0],[1,0],[415,922]]
[[0,0],[1,0],[99,922]]
[[0,0],[1,0],[723,922]]
[[0,0],[1,0],[89,922]]
[[0,0],[1,0],[235,922]]
[[0,0],[1,0],[203,922]]
[[0,0],[1,0],[137,922]]
[[0,0],[1,0],[561,922]]
[[0,0],[1,0],[877,922]]
[[0,0],[1,0],[481,922]]
[[0,0],[1,0],[145,922]]
[[0,0],[1,0],[311,922]]
[[0,0],[1,0],[279,922]]
[[0,0],[1,0],[597,922]]
[[0,0],[1,0],[11,922]]
[[0,0],[1,0],[169,922]]
[[0,0],[1,0],[359,922]]
[[0,0],[1,0],[419,922]]
[[0,0],[1,0],[187,922]]
[[0,0],[1,0],[175,922]]
[[0,0],[1,0],[253,922]]
[[0,0],[1,0],[103,922]]
[[0,0],[1,0],[375,922]]
[[0,0],[1,0],[395,922]]
[[0,0],[1,0],[139,922]]
[[0,0],[1,0],[803,922]]
[[0,0],[1,0],[237,922]]
[[0,0],[1,0],[491,922]]
[[0,0],[1,0],[157,922]]
[[0,0],[1,0],[39,922]]
[[0,0],[1,0],[297,922]]
[[0,0],[1,0],[173,922]]
[[0,0],[1,0],[55,922]]
[[0,0],[1,0],[291,922]]
[[0,0],[1,0],[713,922]]
[[0,0],[1,0],[117,922]]
[[0,0],[1,0],[459,922]]
[[0,0],[1,0],[149,922]]
[[0,0],[1,0],[453,922]]
[[0,0],[1,0],[303,922]]
[[0,0],[1,0],[427,922]]
[[0,0],[1,0],[155,922]]
[[0,0],[1,0],[341,922]]
[[0,0],[1,0],[645,922]]
[[0,0],[1,0],[49,922]]
[[0,0],[1,0],[75,922]]
[[0,0],[1,0],[261,922]]
[[0,0],[1,0],[763,922]]
[[0,0],[1,0],[13,922]]
[[0,0],[1,0],[499,922]]
[[0,0],[1,0],[391,922]]
[[0,0],[1,0],[121,922]]
[[0,0],[1,0],[705,922]]
[[0,0],[1,0],[95,922]]
[[0,0],[1,0],[519,922]]
[[0,0],[1,0],[451,922]]
[[0,0],[1,0],[433,922]]
[[0,0],[1,0],[43,922]]
[[0,0],[1,0],[429,922]]
[[0,0],[1,0],[51,922]]
[[0,0],[1,0],[411,922]]
[[0,0],[1,0],[101,922]]
[[0,0],[1,0],[621,922]]
[[0,0],[1,0],[465,922]]
[[0,0],[1,0],[601,922]]
[[0,0],[1,0],[37,922]]
[[0,0],[1,0],[639,922]]
[[0,0],[1,0],[189,922]]
[[0,0],[1,0],[799,922]]
[[0,0],[1,0],[327,922]]
[[0,0],[1,0],[61,922]]
[[0,0],[1,0],[171,922]]
[[0,0],[1,0],[437,922]]
[[0,0],[1,0],[57,922]]
[[0,0],[1,0],[367,922]]
[[0,0],[1,0],[77,922]]
[[0,0],[1,0],[31,922]]
[[0,0],[1,0],[287,922]]
[[0,0],[1,0],[23,922]]
[[0,0],[1,0],[241,922]]
[[0,0],[1,0],[835,922]]
[[0,0],[1,0],[337,922]]
