[[0,0],[1,0],[391,924]]
[[0,0],[1,0],[344,924]]
[[0,0],[1,0],[887,924]]
[[0,0],[3,0],[143,308]]
[[0,0],[1,0],[233,924]]
[[0,0],[1,0],[519,924]]
[[0,0],[2,0],[90,462]]
[[0,0],[1,0],[441,924]]
[[0,0],[1,0],[729,924]]
[[0,0],[1,0],[898,924]]
[[0,0],[1,0],[237,924]]
[[0,0],[1,0],[232,924]]
[[0,0],[1,0],[596,924]]
[[0,0],[1,0],[540,924]]
[[0,0],[1,0],[45,924]]
[[0,0],[1,0],[855,924]]
[[0,0],[1,0],[235,924]]
[[0,0],[1,0],[610,924]]
[[0,0],[1,0],[778,924]]
[[0,0],[1,0],[789,924]]
[[0,0],[1,0],[585,924]]
[[0,0],[1,0],[226,924]]
[[0,0],[1,0],[215,924]]
[[0,0],[1,0],[394,924]]
[[0,0],[1,0],[223,924]]
[[0,0],[2,0],[303,462]]
[[0,0],[1,0],[81,924]]
[[0,0],[1,0],[249,924]]
[[0,0],[1,0],[133,924]]
[[0,0],[1,0],[449,924]]
[[0,0],[1,0],[496,924]]
[[0,0],[1,0],[323,924]]
[[0,0],[2,0],[453,462]]
[[0,0],[1,0],[885,924]]
[[0,0],[1,0],[507,924]]
[[0,0],[1,0],[433,924]]
[[0,0],[2,0],[170,462]]
[[0,0],[6,0],[105,154]]
[[0,0],[2,0],[219,462]]
[[0,0],[2,0],[32,462]]
[[0,0],[7,0],[55,132]]
[[0,0],[2,0],[68,462]]
[[0,0],[1,0],[514,924]]
[[0,0],[1,0],[309,924]]
[[0,0],[1,0],[512,924]]
[[0,0],[2,0],[20,462]]
[[0,0],[1,0],[599,924]]
[[0,0],[3,0],[164,308]]
[[0,0],[1,0],[595,924]]
[[0,0],[2,0],[222,462]]
[[0,0],[2,0],[344,462]]
[[0,0],[1,0],[757,924]]
[[0,0],[1,0],[8,924]]
[[0,0],[1,0],[197,924]]
[[0,0],[1,0],[870,924]]
[[0,0],[2,0],[255,462]]
[[0,0],[1,0],[598,924]]
[[0,0],[1,0],[148,924]]
[[0,0],[1,0],[680,924]]
[[0,0],[2,0],[2,462]]
[[0,0],[1,0],[498,924]]
[[0,0],[1,0],[69,924]]
[[0,0],[1,0],[25,924]]
[[0,0],[2,0],[34,462]]
[[0,0],[1,0],[100,924]]
[[0,0],[1,0],[202,924]]
[[0,0],[2,0],[177,462]]
[[0,0],[1,0],[251,924]]
[[0,0],[1,0],[10,924]]
[[0,0],[1,0],[321,924]]
[[0,0],[3,0],[108,308]]
[[0,0],[1,0],[298,924]]
[[0,0],[1,0],[453,924]]
[[0,0],[1,0],[267,924]]
[[0,0],[1,0],[428,924]]
[[0,0],[1,0],[771,924]]
[[0,0],[1,0],[246,924]]
[[0,0],[2,0],[93,462]]
[[0,0],[2,0],[82,462]]
[[0,0],[1,0],[706,924]]
[[0,0],[1,0],[718,924]]
[[0,0],[2,0],[8,462]]
[[0,0],[1,0],[400,924]]
[[0,0],[1,0],[721,924]]
[[0,0],[1,0],[183,924]]
[[0,0],[1,0],[545,924]]
[[0,0],[1,0],[1,924]]
[[0,0],[1,0],[79,924]]
[[0,0],[1,0],[83,924]]
[[0,0],[1,0],[571,924]]
[[0,0],[1,0],[551,924]]
[[0,0],[1,0],[715,924]]
[[0,0],[1,0],[269,924]]
[[0,0],[3,0],[52,308]]
[[0,0],[1,0],[502,924]]
[[0,0],[1,0],[805,924]]
[[0,0],[1,0],[347,924]]
[[0,0],[2,0],[343,462]]
[[0,0],[1,0],[431,924]]
[[0,0],[1,0],[645,924]]
[[0,0],[1,0],[67,924]]
[[0,0],[1,0],[634,924]]
[[0,0],[3,0],[297,308]]
[[0,0],[1,0],[538,924]]
[[0,0],[1,0],[285,924]]
[[0,0],[1,0],[313,924]]
[[0,0],[1,0],[739,924]]
[[0,0],[2,0],[122,462]]
[[0,0],[1,0],[265,924]]
[[0,0],[2,0],[282,462]]
[[0,0],[1,0],[874,924]]
[[0,0],[4,0],[88,231]]
[[0,0],[2,0],[184,462]]
[[0,0],[1,0],[134,924]]
[[0,0],[1,0],[549,924]]
[[0,0],[1,0],[389,924]]
[[0,0],[1,0],[94,924]]
[[0,0],[2,0],[123,462]]
[[0,0],[1,0],[897,924]]
[[0,0],[1,0],[813,924]]
[[0,0],[1,0],[274,924]]
[[0,0],[1,0],[57,924]]
[[0,0],[2,0],[100,462]]
[[0,0],[1,0],[781,924]]
[[0,0],[1,0],[741,924]]
[[0,0],[1,0],[145,924]]
[[0,0],[3,0],[245,308]]
[[0,0],[2,0],[261,462]]
[[0,0],[1,0],[717,924]]
[[0,0],[1,0],[92,924]]
[[0,0],[1,0],[513,924]]
[[0,0],[1,0],[302,924]]
[[0,0],[1,0],[849,924]]
[[0,0],[1,0],[217,924]]
[[0,0],[1,0],[173,924]]
[[0,0],[1,0],[736,924]]
[[0,0],[1,0],[557,924]]
[[0,0],[1,0],[310,924]]
[[0,0],[2,0],[266,462]]
[[0,0],[2,0],[394,462]]
[[0,0],[1,0],[670,924]]
[[0,0],[1,0],[467,924]]
[[0,0],[1,0],[117,924]]
[[0,0],[2,0],[10,462]]
[[0,0],[1,0],[106,924]]
[[0,0],[2,0],[248,462]]
[[0,0],[1,0],[637,924]]
[[0,0],[1,0],[5,924]]
[[0,0],[1,0],[111,924]]
[[0,0],[2,0],[30,462]]
[[0,0],[1,0],[320,924]]
[[0,0],[1,0],[254,924]]
[[0,0],[1,0],[301,924]]
[[0,0],[1,0],[162,924]]
[[0,0],[1,0],[914,924]]
[[0,0],[1,0],[334,924]]
[[0,0],[1,0],[229,924]]
[[0,0],[1,0],[370,924]]
[[0,0],[1,0],[738,924]]
[[0,0],[1,0],[886,924]]
[[0,0],[1,0],[89,924]]
[[0,0],[1,0],[115,924]]
[[0,0],[1,0],[465,924]]
[[0,0],[1,0],[141,924]]
[[0,0],[3,0],[192,308]]
[[0,0],[1,0],[820,924]]
[[0,0],[1,0],[287,924]]
[[0,0],[1,0],[597,924]]
[[0,0],[1,0],[178,924]]
[[0,0],[1,0],[261,924]]
[[0,0],[1,0],[155,924]]
[[0,0],[4,0],[224,231]]
[[0,0],[1,0],[622,924]]
[[0,0],[2,0],[134,462]]
[[0,0],[1,0],[97,924]]
[[0,0],[2,0],[326,462]]
[[0,0],[1,0],[163,924]]
[[0,0],[2,0],[450,462]]
[[0,0],[1,0],[646,924]]
[[0,0],[1,0],[834,924]]
[[0,0],[1,0],[46,924]]
[[0,0],[1,0],[817,924]]
[[0,0],[1,0],[584,924]]
[[0,0],[1,0],[386,924]]
[[0,0],[1,0],[34,924]]
[[0,0],[1,0],[466,924]]
[[0,0],[2,0],[62,462]]
[[0,0],[1,0],[122,924]]
[[0,0],[1,0],[305,924]]
[[0,0],[1,0],[130,924]]
[[0,0],[1,0],[869,924]]
[[0,0],[1,0],[139,924]]
[[0,0],[1,0],[766,924]]
[[0,0],[1,0],[562,924]]
[[0,0],[2,0],[321,462]]
[[0,0],[1,0],[345,924]]
[[0,0],[1,0],[225,924]]
[[0,0],[1,0],[730,924]]
[[0,0],[1,0],[478,924]]
[[0,0],[2,0],[46,462]]
[[0,0],[1,0],[47,924]]
[[0,0],[2,0],[26,462]]
[[0,0],[1,0],[166,924]]
[[0,0],[1,0],[435,924]]
[[0,0],[1,0],[547,924]]
[[0,0],[1,0],[848,924]]
[[0,0],[1,0],[743,924]]
[[0,0],[1,0],[257,924]]
[[0,0],[1,0],[593,924]]
[[0,0],[1,0],[381,924]]
[[0,0],[2,0],[310,462]]
[[0,0],[4,0],[70,231]]
[[0,0],[1,0],[463,924]]
[[0,0],[2,0],[206,462]]
[[0,0],[2,0],[408,462]]
[[0,0],[1,0],[443,924]]
[[0,0],[2,0],[404,462]]
[[0,0],[1,0],[454,924]]
[[0,0],[1,0],[764,924]]
[[0,0],[1,0],[537,924]]
[[0,0],[1,0],[850,924]]
[[0,0],[1,0],[554,924]]
[[0,0],[2,0],[128,462]]
[[0,0],[1,0],[113,924]]
[[0,0],[2,0],[52,462]]
[[0,0],[2,0],[275,462]]
[[0,0],[1,0],[351,924]]
[[0,0],[1,0],[474,924]]
[[0,0],[3,0],[276,308]]
[[0,0],[1,0],[213,924]]
[[0,0],[1,0],[218,924]]
[[0,0],[2,0],[152,462]]
[[0,0],[1,0],[15,924]]
[[0,0],[1,0],[82,924]]
[[0,0],[3,0],[124,308]]
[[0,0],[2,0],[38,462]]
[[0,0],[2,0],[40,462]]
[[0,0],[2,0],[135,462]]
[[0,0],[1,0],[149,924]]
[[0,0],[1,0],[733,924]]
[[0,0],[3,0],[256,308]]
[[0,0],[3,0],[136,308]]
[[0,0],[1,0],[307,924]]
[[0,0],[1,0],[687,924]]
[[0,0],[1,0],[650,924]]
[[0,0],[1,0],[568,924]]
[[0,0],[1,0],[705,924]]
[[0,0],[1,0],[881,924]]
[[0,0],[1,0],[65,924]]
[[0,0],[1,0],[892,924]]
[[0,0],[2,0],[4,462]]
[[0,0],[2,0],[64,462]]
[[0,0],[2,0],[376,462]]
[[0,0],[1,0],[573,924]]
[[0,0],[2,0],[236,462]]
[[0,0],[1,0],[407,924]]
[[0,0],[1,0],[414,924]]
[[0,0],[1,0],[716,924]]
[[0,0],[1,0],[277,924]]
[[0,0],[1,0],[177,924]]
[[0,0],[1,0],[501,924]]
[[0,0],[2,0],[57,462]]
[[0,0],[1,0],[523,924]]
[[0,0],[1,0],[142,924]]
[[0,0],[1,0],[505,924]]
[[0,0],[2,0],[240,462]]
[[0,0],[1,0],[790,924]]
[[0,0],[1,0],[631,924]]
[[0,0],[1,0],[826,924]]
[[0,0],[1,0],[806,924]]
[[0,0],[1,0],[193,924]]
[[0,0],[1,0],[403,924]]
[[0,0],[1,0],[95,924]]
[[0,0],[1,0],[727,924]]
[[0,0],[1,0],[9,924]]
[[0,0],[1,0],[923,924]]
[[0,0],[2,0],[230,462]]
[[0,0],[2,0],[302,462]]
[[0,0],[1,0],[383,924]]
[[0,0],[1,0],[517,924]]
[[0,0],[1,0],[865,924]]
[[0,0],[1,0],[922,924]]
[[0,0],[1,0],[666,924]]
[[0,0],[1,0],[750,924]]
[[0,0],[1,0],[889,924]]
[[0,0],[1,0],[342,924]]
[[0,0],[1,0],[417,924]]
[[0,0],[1,0],[760,924]]
[[0,0],[2,0],[254,462]]
[[0,0],[1,0],[151,924]]
[[0,0],[1,0],[681,924]]
[[0,0],[2,0],[24,462]]
[[0,0],[1,0],[617,924]]
[[0,0],[2,0],[35,462]]
[[0,0],[1,0],[503,924]]
[[0,0],[1,0],[49,924]]
[[0,0],[1,0],[405,924]]
[[0,0],[1,0],[50,924]]
[[0,0],[2,0],[51,462]]
[[0,0],[1,0],[53,924]]
[[0,0],[1,0],[295,924]]
[[0,0],[1,0],[359,924]]
[[0,0],[2,0],[80,462]]
[[0,0],[1,0],[78,924]]
[[0,0],[1,0],[652,924]]
[[0,0],[1,0],[188,924]]
[[0,0],[1,0],[442,924]]
[[0,0],[3,0],[300,308]]
[[0,0],[2,0],[338,462]]
[[0,0],[1,0],[782,924]]
[[0,0],[1,0],[487,924]]
[[0,0],[1,0],[369,924]]
[[0,0],[1,0],[239,924]]
[[0,0],[2,0],[194,462]]
[[0,0],[2,0],[172,462]]
[[0,0],[1,0],[397,924]]
[[0,0],[3,0],[36,308]]
[[0,0],[2,0],[156,462]]
[[0,0],[1,0],[247,924]]
[[0,0],[2,0],[112,462]]
[[0,0],[1,0],[31,924]]
[[0,0],[1,0],[633,924]]
[[0,0],[1,0],[241,924]]
[[0,0],[1,0],[58,924]]
[[0,0],[1,0],[205,924]]
[[0,0],[2,0],[324,462]]
[[0,0],[6,0],[28,154]]
[[0,0],[1,0],[621,924]]
[[0,0],[1,0],[526,924]]
[[0,0],[1,0],[749,924]]
[[0,0],[1,0],[103,924]]
[[0,0],[1,0],[179,924]]
[[0,0],[1,0],[23,924]]
[[0,0],[1,0],[607,924]]
[[0,0],[2,0],[16,462]]
[[0,0],[3,0],[248,308]]
[[0,0],[1,0],[250,924]]
[[0,0],[2,0],[92,462]]
[[0,0],[1,0],[85,924]]
[[0,0],[2,0],[44,462]]
[[0,0],[1,0],[271,924]]
[[0,0],[1,0],[489,924]]
[[0,0],[1,0],[71,924]]
[[0,0],[1,0],[346,924]]
[[0,0],[1,0],[125,924]]
[[0,0],[1,0],[118,924]]
[[0,0],[1,0],[169,924]]
[[0,0],[1,0],[190,924]]
[[0,0],[1,0],[361,924]]
[[0,0],[1,0],[754,924]]
[[0,0],[1,0],[262,924]]
[[0,0],[1,0],[515,924]]
[[0,0],[1,0],[659,924]]
[[0,0],[1,0],[201,924]]
[[0,0],[2,0],[354,462]]
[[0,0],[1,0],[289,924]]
[[0,0],[1,0],[375,924]]
[[0,0],[1,0],[753,924]]
[[0,0],[1,0],[333,924]]
[[0,0],[1,0],[469,924]]
[[0,0],[1,0],[838,924]]
[[0,0],[1,0],[461,924]]
[[0,0],[1,0],[921,924]]
[[0,0],[2,0],[332,462]]
[[0,0],[1,0],[227,924]]
[[0,0],[1,0],[13,924]]
[[0,0],[1,0],[470,924]]
[[0,0],[2,0],[158,462]]
[[0,0],[1,0],[639,924]]
[[0,0],[1,0],[430,924]]
[[0,0],[1,0],[137,924]]
[[0,0],[3,0],[304,308]]
[[0,0],[1,0],[913,924]]
[[0,0],[1,0],[101,924]]
[[0,0],[2,0],[50,462]]
[[0,0],[2,0],[86,462]]
[[0,0],[1,0],[553,924]]
[[0,0],[2,0],[72,462]]
[[0,0],[1,0],[559,924]]
[[0,0],[1,0],[589,924]]
[[0,0],[1,0],[243,924]]
[[0,0],[1,0],[41,924]]
[[0,0],[1,0],[153,924]]
[[0,0],[1,0],[529,924]]
[[0,0],[1,0],[253,924]]
[[0,0],[1,0],[587,924]]
[[0,0],[1,0],[509,924]]
[[0,0],[1,0],[263,924]]
[[0,0],[1,0],[221,924]]
[[0,0],[2,0],[218,462]]
[[0,0],[1,0],[214,924]]
[[0,0],[1,0],[890,924]]
[[0,0],[1,0],[713,924]]
[[0,0],[1,0],[765,924]]
[[0,0],[1,0],[873,924]]
[[0,0],[1,0],[129,924]]
[[0,0],[1,0],[918,924]]
[[0,0],[1,0],[17,924]]
[[0,0],[1,0],[199,924]]
[[0,0],[1,0],[582,924]]
[[0,0],[1,0],[364,924]]
[[0,0],[1,0],[628,924]]
[[0,0],[1,0],[606,924]]
[[0,0],[1,0],[131,924]]
[[0,0],[1,0],[64,924]]
[[0,0],[1,0],[61,924]]
[[0,0],[1,0],[311,924]]
[[0,0],[1,0],[452,924]]
[[0,0],[1,0],[657,924]]
[[0,0],[1,0],[299,924]]
[[0,0],[1,0],[903,924]]
[[0,0],[1,0],[19,924]]
[[0,0],[1,0],[445,924]]
[[0,0],[1,0],[121,924]]
[[0,0],[1,0],[281,924]]
[[0,0],[1,0],[29,924]]
[[0,0],[2,0],[345,462]]
[[0,0],[1,0],[722,924]]
[[0,0],[1,0],[349,924]]
[[0,0],[1,0],[439,924]]
[[0,0],[1,0],[73,924]]
[[0,0],[2,0],[188,462]]
[[0,0],[1,0],[641,924]]
[[0,0],[1,0],[109,924]]
[[0,0],[1,0],[477,924]]
[[0,0],[2,0],[9,462]]
[[0,0],[1,0],[603,924]]
[[0,0],[1,0],[802,924]]
[[0,0],[1,0],[316,924]]
[[0,0],[1,0],[769,924]]
[[0,0],[1,0],[837,924]]
[[0,0],[1,0],[43,924]]
[[0,0],[3,0],[91,308]]
[[0,0],[2,0],[387,462]]
[[0,0],[2,0],[288,462]]
[[0,0],[2,0],[178,462]]
[[0,0],[1,0],[586,924]]
[[0,0],[1,0],[393,924]]
[[0,0],[1,0],[694,924]]
[[0,0],[1,0],[862,924]]
[[0,0],[1,0],[649,924]]
[[0,0],[1,0],[419,924]]
[[0,0],[1,0],[669,924]]
[[0,0],[1,0],[127,924]]
[[0,0],[1,0],[382,924]]
[[0,0],[1,0],[260,924]]
[[0,0],[3,0],[24,308]]
[[0,0],[1,0],[801,924]]
[[0,0],[2,0],[142,462]]
[[0,0],[1,0],[93,924]]
[[0,0],[3,0],[80,308]]
[[0,0],[3,0],[212,308]]
[[0,0],[1,0],[157,924]]
[[0,0],[1,0],[355,924]]
[[0,0],[1,0],[904,924]]
[[0,0],[1,0],[909,924]]
[[0,0],[1,0],[358,924]]
[[0,0],[2,0],[366,462]]
[[0,0],[1,0],[425,924]]
[[0,0],[2,0],[114,462]]
