[[0,0],[1,0],[2,925]]
[[0,0],[1,0],[68,925]]
[[0,0],[1,0],[3,925]]
[[0,0],[1,0],[496,925]]
[[0,0],[1,0],[236,925]]
[[0,0],[1,0],[97,925]]
[[0,0],[1,0],[376,925]]
[[0,0],[1,0],[6,925]]
[[0,0],[1,0],[109,925]]
[[0,0],[5,0],[30,185]]
[[0,0],[1,0],[19,925]]
[[0,0],[1,0],[163,925]]
[[0,0],[1,0],[134,925]]
[[0,0],[1,0],[98,925]]
[[0,0],[1,0],[94,925]]
[[0,0],[1,0],[9,925]]
[[0,0],[1,0],[328,925]]
[[0,0],[1,0],[551,925]]
[[0,0],[1,0],[371,925]]
[[0,0],[1,0],[76,925]]
[[0,0],[1,0],[54,925]]
[[0,0],[1,0],[127,925]]
[[0,0],[1,0],[166,925]]
[[0,0],[1,0],[196,925]]
[[0,0],[1,0],[381,925]]
[[0,0],[1,0],[276,925]]
[[0,0],[1,0],[48,925]]
[[0,0],[5,0],[5,185]]
[[0,0],[1,0],[260,925]]
[[0,0],[1,0],[41,925]]
[[0,0],[1,0],[293,925]]
[[0,0],[1,0],[466,925]]
[[0,0],[1,0],[326,925]]
[[0,0],[1,0],[81,925]]
[[0,0],[1,0],[26,925]]
[[0,0],[1,0],[64,925]]
[[0,0],[1,0],[216,925]]
[[0,0],[1,0],[59,925]]
[[0,0],[1,0],[86,925]]
[[0,0],[1,0],[217,925]]
[[0,0],[1,0],[191,925]]
[[0,0],[1,0],[436,925]]
[[0,0],[1,0],[251,925]]
[[0,0],[1,0],[7,925]]
[[0,0],[1,0],[162,925]]
[[0,0],[1,0],[58,925]]
[[0,0],[1,0],[461,925]]
[[0,0],[1,0],[686,925]]
[[0,0],[1,0],[52,925]]
[[0,0],[1,0],[14,925]]
[[0,0],[1,0],[238,925]]
[[0,0],[1,0],[144,925]]
[[0,0],[1,0],[486,925]]
[[0,0],[1,0],[27,925]]
[[0,0],[1,0],[79,925]]
[[0,0],[1,0],[17,925]]
[[0,0],[1,0],[56,925]]
[[0,0],[1,0],[124,925]]
[[0,0],[5,0],[40,185]]
[[0,0],[1,0],[151,925]]
[[0,0],[1,0],[321,925]]
[[0,0],[1,0],[356,925]]
[[0,0],[1,0],[128,925]]
[[0,0],[1,0],[114,925]]
[[0,0],[1,0],[71,925]]
[[0,0],[1,0],[209,925]]
[[0,0],[1,0],[331,925]]
[[0,0],[1,0],[38,925]]
[[0,0],[1,0],[66,925]]
[[0,0],[1,0],[306,925]]
[[0,0],[1,0],[93,925]]
[[0,0],[1,0],[711,925]]
[[0,0],[1,0],[146,925]]
[[0,0],[1,0],[298,925]]
[[0,0],[1,0],[351,925]]
[[0,0],[1,0],[445,925]]
[[0,0],[1,0],[29,925]]
[[0,0],[1,0],[122,925]]
[[0,0],[1,0],[47,925]]
[[0,0],[1,0],[231,925]]
[[0,0],[1,0],[18,925]]
[[0,0],[1,0],[72,925]]
[[0,0],[1,0],[63,925]]
[[0,0],[1,0],[506,925]]
[[0,0],[1,0],[815,925]]
[[0,0],[1,0],[233,925]]
[[0,0],[1,0],[62,925]]
[[0,0],[1,0],[141,925]]
[[0,0],[1,0],[431,925]]
[[0,0],[1,0],[8,925]]
[[0,0],[1,0],[129,925]]
[[0,0],[1,0],[24,925]]
[[0,0],[1,0],[221,925]]
[[0,0],[1,0],[630,925]]
[[0,0],[1,0],[641,925]]
[[0,0],[1,0],[206,925]]
[[0,0],[1,0],[123,925]]
[[0,0],[1,0],[102,925]]
[[0,0],[1,0],[204,925]]
[[0,0],[1,0],[156,925]]
[[0,0],[1,0],[366,925]]
[[0,0],[1,0],[183,925]]
[[0,0],[1,0],[21,925]]
[[0,0],[1,0],[211,925]]
[[0,0],[1,0],[256,925]]
[[0,0],[1,0],[119,925]]
[[0,0],[1,0],[46,925]]
[[0,0],[1,0],[104,925]]
[[0,0],[1,0],[113,925]]
[[0,0],[1,0],[118,925]]
[[0,0],[1,0],[112,925]]
[[0,0],[1,0],[1,925]]
[[0,0],[1,0],[281,925]]
[[0,0],[1,0],[596,925]]
[[0,0],[1,0],[53,925]]
[[0,0],[1,0],[88,925]]
[[0,0],[1,0],[22,925]]
[[0,0],[1,0],[531,925]]
[[0,0],[1,0],[274,925]]
[[0,0],[1,0],[131,925]]
[[0,0],[1,0],[143,925]]
[[0,0],[1,0],[201,925]]
[[0,0],[1,0],[99,925]]
[[0,0],[1,0],[234,925]]
[[0,0],[1,0],[667,925]]
[[0,0],[1,0],[546,925]]
[[0,0],[1,0],[199,925]]
[[0,0],[1,0],[136,925]]
[[0,0],[1,0],[89,925]]
[[0,0],[1,0],[482,925]]
[[0,0],[1,0],[96,925]]
[[0,0],[1,0],[343,925]]
[[0,0],[1,0],[756,925]]
[[0,0],[1,0],[87,925]]
[[0,0],[1,0],[12,925]]
[[0,0],[1,0],[116,925]]
[[0,0],[1,0],[11,925]]
[[0,0],[1,0],[766,925]]
[[0,0],[1,0],[108,925]]
[[0,0],[1,0],[142,925]]
[[0,0],[1,0],[776,925]]
[[0,0],[1,0],[671,925]]
[[0,0],[1,0],[611,925]]
[[0,0],[1,0],[139,925]]
[[0,0],[1,0],[186,925]]
[[0,0],[1,0],[501,925]]
[[0,0],[1,0],[4,925]]
[[0,0],[1,0],[626,925]]
[[0,0],[1,0],[103,925]]
[[0,0],[5,0],[20,185]]
[[0,0],[1,0],[36,925]]
[[0,0],[1,0],[297,925]]
[[0,0],[1,0],[237,925]]
[[0,0],[1,0],[631,925]]
[[0,0],[1,0],[266,925]]
[[0,0],[1,0],[291,925]]
[[0,0],[1,0],[39,925]]
[[0,0],[1,0],[336,925]]
[[0,0],[1,0],[157,925]]
[[0,0],[1,0],[16,925]]
[[0,0],[1,0],[173,925]]
[[0,0],[1,0],[158,925]]
[[0,0],[5,0],[10,185]]
[[0,0],[1,0],[416,925]]
[[0,0],[1,0],[246,925]]
[[0,0],[1,0],[334,925]]
[[0,0],[1,0],[75,925]]
[[0,0],[1,0],[161,925]]
[[0,0],[1,0],[117,925]]
[[0,0],[1,0],[49,925]]
[[0,0],[1,0],[149,925]]
[[0,0],[5,0],[15,185]]
[[0,0],[1,0],[126,925]]
[[0,0],[1,0],[176,925]]
[[0,0],[1,0],[121,925]]
[[0,0],[1,0],[391,925]]
[[0,0],[1,0],[13,925]]
[[0,0],[1,0],[184,925]]
[[0,0],[5,0],[25,185]]
[[0,0],[1,0],[606,925]]
[[0,0],[1,0],[32,925]]
[[0,0],[1,0],[194,925]]
[[0,0],[5,0],[55,185]]
[[0,0],[1,0],[519,925]]
[[0,0],[1,0],[51,925]]
[[0,0],[1,0],[411,925]]
[[0,0],[1,0],[171,925]]
[[0,0],[1,0],[516,925]]
[[0,0],[1,0],[101,925]]
[[0,0],[1,0],[327,925]]
[[0,0],[1,0],[476,925]]
[[0,0],[1,0],[57,925]]
[[0,0],[1,0],[28,925]]
[[0,0],[1,0],[61,925]]
[[0,0],[1,0],[286,925]]
[[0,0],[1,0],[31,925]]
[[0,0],[1,0],[241,925]]
[[0,0],[1,0],[287,925]]
[[0,0],[1,0],[82,925]]
[[0,0],[1,0],[23,925]]
