[[0,0],[1,0],[259,927]]
[[0,0],[3,0],[36,309]]
[[0,0],[1,0],[97,927]]
[[0,0],[1,0],[376,927]]
[[0,0],[1,0],[2,927]]
[[0,0],[1,0],[100,927]]
[[0,0],[1,0],[820,927]]
[[0,0],[1,0],[313,927]]
[[0,0],[1,0],[109,927]]
[[0,0],[1,0],[724,927]]
[[0,0],[1,0],[316,927]]
[[0,0],[1,0],[19,927]]
[[0,0],[1,0],[185,927]]
[[0,0],[1,0],[328,927]]
[[0,0],[1,0],[134,927]]
[[0,0],[1,0],[310,927]]
[[0,0],[1,0],[94,927]]
[[0,0],[1,0],[207,927]]
[[0,0],[3,0],[3,309]]
[[0,0],[1,0],[319,927]]
[[0,0],[1,0],[544,927]]
[[0,0],[1,0],[5,927]]
[[0,0],[3,0],[63,309]]
[[0,0],[1,0],[352,927]]
[[0,0],[3,0],[27,309]]
[[0,0],[3,0],[45,309]]
[[0,0],[1,0],[166,927]]
[[0,0],[1,0],[65,927]]
[[0,0],[1,0],[796,927]]
[[0,0],[1,0],[41,927]]
[[0,0],[1,0],[607,927]]
[[0,0],[1,0],[248,927]]
[[0,0],[1,0],[466,927]]
[[0,0],[1,0],[302,927]]
[[0,0],[1,0],[874,927]]
[[0,0],[1,0],[130,927]]
[[0,0],[1,0],[64,927]]
[[0,0],[1,0],[26,927]]
[[0,0],[3,0],[48,309]]
[[0,0],[1,0],[739,927]]
[[0,0],[1,0],[247,927]]
[[0,0],[1,0],[550,927]]
[[0,0],[1,0],[152,927]]
[[0,0],[1,0],[574,927]]
[[0,0],[1,0],[133,927]]
[[0,0],[1,0],[382,927]]
[[0,0],[1,0],[613,927]]
[[0,0],[1,0],[86,927]]
[[0,0],[1,0],[217,927]]
[[0,0],[1,0],[436,927]]
[[0,0],[3,0],[75,309]]
[[0,0],[1,0],[7,927]]
[[0,0],[1,0],[251,927]]
[[0,0],[1,0],[817,927]]
[[0,0],[1,0],[52,927]]
[[0,0],[1,0],[730,927]]
[[0,0],[1,0],[238,927]]
[[0,0],[1,0],[14,927]]
[[0,0],[1,0],[289,927]]
[[0,0],[1,0],[73,927]]
[[0,0],[1,0],[25,927]]
[[0,0],[1,0],[17,927]]
[[0,0],[1,0],[91,927]]
[[0,0],[1,0],[56,927]]
[[0,0],[1,0],[124,927]]
[[0,0],[1,0],[79,927]]
[[0,0],[1,0],[151,927]]
[[0,0],[1,0],[209,927]]
[[0,0],[1,0],[218,927]]
[[0,0],[1,0],[778,927]]
[[0,0],[1,0],[71,927]]
[[0,0],[1,0],[577,927]]
[[0,0],[3,0],[141,309]]
[[0,0],[1,0],[520,927]]
[[0,0],[1,0],[811,927]]
[[0,0],[1,0],[331,927]]
[[0,0],[1,0],[388,927]]
[[0,0],[1,0],[413,927]]
[[0,0],[1,0],[38,927]]
[[0,0],[1,0],[160,927]]
[[0,0],[1,0],[170,927]]
[[0,0],[1,0],[146,927]]
[[0,0],[1,0],[523,927]]
[[0,0],[1,0],[29,927]]
[[0,0],[1,0],[322,927]]
[[0,0],[3,0],[33,309]]
[[0,0],[1,0],[85,927]]
[[0,0],[1,0],[47,927]]
[[0,0],[1,0],[181,927]]
[[0,0],[1,0],[292,927]]
[[0,0],[1,0],[825,927]]
[[0,0],[1,0],[397,927]]
[[0,0],[1,0],[670,927]]
[[0,0],[1,0],[193,927]]
[[0,0],[1,0],[682,927]]
[[0,0],[1,0],[364,927]]
[[0,0],[1,0],[62,927]]
[[0,0],[1,0],[280,927]]
[[0,0],[1,0],[8,927]]
[[0,0],[1,0],[556,927]]
[[0,0],[3,0],[12,309]]
[[0,0],[1,0],[439,927]]
[[0,0],[1,0],[254,927]]
[[0,0],[1,0],[325,927]]
[[0,0],[1,0],[271,927]]
[[0,0],[3,0],[6,309]]
[[0,0],[3,0],[18,309]]
[[0,0],[1,0],[370,927]]
[[0,0],[1,0],[283,927]]
[[0,0],[1,0],[403,927]]
[[0,0],[1,0],[541,927]]
[[0,0],[1,0],[553,927]]
[[0,0],[1,0],[655,927]]
[[0,0],[1,0],[250,927]]
[[0,0],[1,0],[256,927]]
[[0,0],[1,0],[211,927]]
[[0,0],[1,0],[104,927]]
[[0,0],[1,0],[67,927]]
[[0,0],[1,0],[46,927]]
[[0,0],[1,0],[113,927]]
[[0,0],[1,0],[472,927]]
[[0,0],[1,0],[112,927]]
[[0,0],[1,0],[358,927]]
[[0,0],[1,0],[202,927]]
[[0,0],[1,0],[115,927]]
[[0,0],[1,0],[208,927]]
[[0,0],[1,0],[1,927]]
[[0,0],[1,0],[281,927]]
[[0,0],[1,0],[178,927]]
[[0,0],[1,0],[895,927]]
[[0,0],[1,0],[106,927]]
[[0,0],[1,0],[277,927]]
[[0,0],[1,0],[463,927]]
[[0,0],[1,0],[385,927]]
[[0,0],[1,0],[616,927]]
[[0,0],[1,0],[88,927]]
[[0,0],[1,0],[167,927]]
[[0,0],[1,0],[805,927]]
[[0,0],[1,0],[40,927]]
[[0,0],[1,0],[22,927]]
[[0,0],[1,0],[688,927]]
[[0,0],[1,0],[274,927]]
[[0,0],[3,0],[60,309]]
[[0,0],[1,0],[571,927]]
[[0,0],[1,0],[514,927]]
[[0,0],[3,0],[9,309]]
[[0,0],[1,0],[143,927]]
[[0,0],[1,0],[595,927]]
[[0,0],[1,0],[35,927]]
[[0,0],[1,0],[406,927]]
[[0,0],[1,0],[92,927]]
[[0,0],[1,0],[212,927]]
[[0,0],[1,0],[136,927]]
[[0,0],[1,0],[235,927]]
[[0,0],[1,0],[89,927]]
[[0,0],[1,0],[199,927]]
[[0,0],[1,0],[226,927]]
[[0,0],[1,0],[137,927]]
[[0,0],[1,0],[74,927]]
[[0,0],[1,0],[145,927]]
[[0,0],[1,0],[643,927]]
[[0,0],[1,0],[11,927]]
[[0,0],[3,0],[24,309]]
[[0,0],[1,0],[169,927]]
[[0,0],[1,0],[190,927]]
[[0,0],[1,0],[142,927]]
[[0,0],[1,0],[187,927]]
[[0,0],[1,0],[359,927]]
[[0,0],[1,0],[10,927]]
[[0,0],[1,0],[154,927]]
[[0,0],[1,0],[44,927]]
[[0,0],[3,0],[57,309]]
[[0,0],[1,0],[4,927]]
[[0,0],[1,0],[652,927]]
[[0,0],[1,0],[175,927]]
[[0,0],[1,0],[139,927]]
[[0,0],[1,0],[172,927]]
[[0,0],[1,0],[253,927]]
[[0,0],[1,0],[70,927]]
[[0,0],[1,0],[200,927]]
[[0,0],[1,0],[34,927]]
[[0,0],[1,0],[182,927]]
[[0,0],[1,0],[457,927]]
[[0,0],[1,0],[16,927]]
[[0,0],[1,0],[173,927]]
[[0,0],[1,0],[55,927]]
[[0,0],[1,0],[427,927]]
[[0,0],[1,0],[155,927]]
[[0,0],[1,0],[161,927]]
[[0,0],[1,0],[49,927]]
[[0,0],[1,0],[484,927]]
[[0,0],[1,0],[148,927]]
[[0,0],[1,0],[50,927]]
[[0,0],[3,0],[30,309]]
[[0,0],[3,0],[21,309]]
[[0,0],[1,0],[220,927]]
[[0,0],[1,0],[121,927]]
[[0,0],[1,0],[205,927]]
[[0,0],[1,0],[13,927]]
[[0,0],[1,0],[184,927]]
[[0,0],[1,0],[448,927]]
[[0,0],[1,0],[400,927]]
[[0,0],[1,0],[95,927]]
[[0,0],[3,0],[15,309]]
[[0,0],[1,0],[433,927]]
[[0,0],[1,0],[43,927]]
[[0,0],[1,0],[658,927]]
[[0,0],[1,0],[516,927]]
[[0,0],[1,0],[101,927]]
[[0,0],[1,0],[604,927]]
[[0,0],[1,0],[37,927]]
[[0,0],[1,0],[229,927]]
[[0,0],[1,0],[28,927]]
[[0,0],[1,0],[61,927]]
[[0,0],[1,0],[301,927]]
[[0,0],[1,0],[802,927]]
[[0,0],[1,0],[80,927]]
[[0,0],[1,0],[418,927]]
[[0,0],[1,0],[355,927]]
[[0,0],[1,0],[505,927]]
[[0,0],[1,0],[367,927]]
[[0,0],[1,0],[241,927]]
[[0,0],[1,0],[31,927]]
[[0,0],[1,0],[20,927]]
[[0,0],[1,0],[337,927]]
[[0,0],[1,0],[82,927]]
[[0,0],[1,0],[23,927]]
[[0,0],[1,0],[223,927]]
[[0,0],[1,0],[68,927]]
