[[0,0],[1,0],[43,928]]
[[0,0],[1,0],[109,928]]
[[0,0],[1,0],[30,928]]
[[0,0],[1,0],[309,928]]
[[0,0],[4,0],[120,232]]
[[0,0],[1,0],[436,928]]
[[0,0],[1,0],[615,928]]
[[0,0],[2,0],[118,464]]
[[0,0],[1,0],[581,928]]
[[0,0],[1,0],[233,928]]
[[0,0],[1,0],[433,928]]
[[0,0],[1,0],[283,928]]
[[0,0],[2,0],[402,464]]
[[0,0],[1,0],[385,928]]
[[0,0],[2,0],[346,464]]
[[0,0],[1,0],[610,928]]
[[0,0],[1,0],[655,928]]
[[0,0],[1,0],[215,928]]
[[0,0],[2,0],[90,464]]
[[0,0],[1,0],[519,928]]
[[0,0],[1,0],[367,928]]
[[0,0],[1,0],[415,928]]
[[0,0],[1,0],[161,928]]
[[0,0],[1,0],[223,928]]
[[0,0],[1,0],[231,928]]
[[0,0],[1,0],[494,928]]
[[0,0],[2,0],[170,464]]
[[0,0],[2,0],[154,464]]
[[0,0],[2,0],[66,464]]
[[0,0],[1,0],[552,928]]
[[0,0],[1,0],[81,928]]
[[0,0],[1,0],[235,928]]
[[0,0],[1,0],[507,928]]
[[0,0],[1,0],[237,928]]
[[0,0],[4,0],[4,232]]
[[0,0],[1,0],[33,928]]
[[0,0],[1,0],[45,928]]
[[0,0],[1,0],[133,928]]
[[0,0],[2,0],[106,464]]
[[0,0],[1,0],[323,928]]
[[0,0],[1,0],[343,928]]
[[0,0],[4,0],[12,232]]
[[0,0],[1,0],[39,928]]
[[0,0],[1,0],[267,928]]
[[0,0],[1,0],[204,928]]
[[0,0],[1,0],[195,928]]
[[0,0],[1,0],[449,928]]
[[0,0],[2,0],[2,464]]
[[0,0],[1,0],[35,928]]
[[0,0],[2,0],[34,464]]
[[0,0],[1,0],[197,928]]
[[0,0],[2,0],[126,464]]
[[0,0],[1,0],[251,928]]
[[0,0],[1,0],[265,928]]
[[0,0],[1,0],[285,928]]
[[0,0],[1,0],[77,928]]
[[0,0],[1,0],[715,928]]
[[0,0],[1,0],[805,928]]
[[0,0],[1,0],[545,928]]
[[0,0],[1,0],[69,928]]
[[0,0],[1,0],[378,928]]
[[0,0],[2,0],[286,464]]
[[0,0],[1,0],[83,928]]
[[0,0],[1,0],[337,928]]
[[0,0],[1,0],[25,928]]
[[0,0],[4,0],[92,232]]
[[0,0],[1,0],[453,928]]
[[0,0],[1,0],[571,928]]
[[0,0],[2,0],[278,464]]
[[0,0],[1,0],[327,928]]
[[0,0],[1,0],[321,928]]
[[0,0],[1,0],[11,928]]
[[0,0],[1,0],[353,928]]
[[0,0],[1,0],[57,928]]
[[0,0],[1,0],[485,928]]
[[0,0],[1,0],[117,928]]
[[0,0],[2,0],[190,464]]
[[0,0],[1,0],[525,928]]
[[0,0],[1,0],[67,928]]
[[0,0],[1,0],[55,928]]
[[0,0],[1,0],[459,928]]
[[0,0],[1,0],[181,928]]
[[0,0],[1,0],[1,928]]
[[0,0],[1,0],[839,928]]
[[0,0],[2,0],[122,464]]
[[0,0],[2,0],[282,464]]
[[0,0],[1,0],[711,928]]
[[0,0],[1,0],[63,928]]
[[0,0],[4,0],[76,232]]
[[0,0],[1,0],[481,928]]
[[0,0],[1,0],[155,928]]
[[0,0],[1,0],[7,928]]
[[0,0],[1,0],[291,928]]
[[0,0],[2,0],[6,464]]
[[0,0],[1,0],[111,928]]
[[0,0],[2,0],[266,464]]
[[0,0],[1,0],[27,928]]
[[0,0],[2,0],[10,464]]
[[0,0],[1,0],[75,928]]
[[0,0],[2,0],[14,464]]
[[0,0],[1,0],[163,928]]
[[0,0],[2,0],[30,464]]
[[0,0],[1,0],[141,928]]
[[0,0],[1,0],[849,928]]
[[0,0],[1,0],[305,928]]
[[0,0],[1,0],[379,928]]
[[0,0],[2,0],[382,464]]
[[0,0],[4,0],[20,232]]
[[0,0],[2,0],[234,464]]
[[0,0],[1,0],[535,928]]
[[0,0],[4,0],[84,232]]
[[0,0],[2,0],[134,464]]
[[0,0],[2,0],[326,464]]
[[0,0],[1,0],[363,928]]
[[0,0],[1,0],[5,928]]
[[0,0],[1,0],[173,928]]
[[0,0],[1,0],[187,928]]
[[0,0],[1,0],[139,928]]
[[0,0],[1,0],[97,928]]
[[0,0],[1,0],[547,928]]
[[0,0],[2,0],[46,464]]
[[0,0],[1,0],[745,928]]
[[0,0],[1,0],[465,928]]
[[0,0],[1,0],[287,928]]
[[0,0],[1,0],[211,928]]
[[0,0],[4,0],[44,232]]
[[0,0],[1,0],[47,928]]
[[0,0],[1,0],[900,928]]
[[0,0],[1,0],[146,928]]
[[0,0],[2,0],[206,464]]
[[0,0],[1,0],[113,928]]
[[0,0],[1,0],[809,928]]
[[0,0],[1,0],[679,928]]
[[0,0],[1,0],[115,928]]
[[0,0],[1,0],[293,928]]
[[0,0],[2,0],[18,464]]
[[0,0],[1,0],[373,928]]
[[0,0],[1,0],[501,928]]
[[0,0],[4,0],[108,232]]
[[0,0],[1,0],[37,928]]
[[0,0],[1,0],[631,928]]
[[0,0],[1,0],[219,928]]
[[0,0],[2,0],[26,464]]
[[0,0],[2,0],[166,464]]
[[0,0],[1,0],[345,928]]
[[0,0],[2,0],[462,464]]
[[0,0],[1,0],[177,928]]
[[0,0],[2,0],[408,464]]
[[0,0],[2,0],[38,464]]
[[0,0],[1,0],[88,928]]
[[0,0],[1,0],[9,928]]
[[0,0],[1,0],[185,928]]
[[0,0],[1,0],[255,928]]
[[0,0],[1,0],[784,928]]
[[0,0],[1,0],[763,928]]
[[0,0],[1,0],[351,928]]
[[0,0],[1,0],[149,928]]
[[0,0],[1,0],[665,928]]
[[0,0],[1,0],[527,928]]
[[0,0],[1,0],[505,928]]
[[0,0],[1,0],[331,928]]
[[0,0],[2,0],[242,464]]
[[0,0],[1,0],[707,928]]
[[0,0],[1,0],[503,928]]
[[0,0],[1,0],[189,928]]
[[0,0],[1,0],[463,928]]
[[0,0],[1,0],[537,928]]
[[0,0],[1,0],[726,928]]
[[0,0],[1,0],[407,928]]
[[0,0],[2,0],[60,464]]
[[0,0],[2,0],[306,464]]
[[0,0],[1,0],[53,928]]
[[0,0],[1,0],[277,928]]
[[0,0],[2,0],[22,464]]
[[0,0],[2,0],[230,464]]
[[0,0],[1,0],[49,928]]
[[0,0],[1,0],[15,928]]
[[0,0],[1,0],[247,928]]
[[0,0],[2,0],[74,464]]
[[0,0],[1,0],[317,928]]
[[0,0],[1,0],[359,928]]
[[0,0],[1,0],[3,928]]
[[0,0],[1,0],[491,928]]
[[0,0],[1,0],[105,928]]
[[0,0],[1,0],[95,928]]
[[0,0],[1,0],[307,928]]
[[0,0],[2,0],[110,464]]
[[0,0],[2,0],[176,464]]
[[0,0],[2,0],[210,464]]
[[0,0],[1,0],[429,928]]
[[0,0],[4,0],[68,232]]
[[0,0],[1,0],[65,928]]
[[0,0],[1,0],[579,928]]
[[0,0],[1,0],[151,928]]
[[0,0],[1,0],[241,928]]
[[0,0],[1,0],[405,928]]
[[0,0],[1,0],[671,928]]
[[0,0],[1,0],[191,928]]
[[0,0],[1,0],[375,928]]
[[0,0],[1,0],[633,928]]
[[0,0],[1,0],[103,928]]
[[0,0],[1,0],[239,928]]
[[0,0],[1,0],[201,928]]
[[0,0],[1,0],[397,928]]
[[0,0],[2,0],[150,464]]
[[0,0],[1,0],[193,928]]
[[0,0],[1,0],[205,928]]
[[0,0],[1,0],[411,928]]
[[0,0],[1,0],[59,928]]
[[0,0],[1,0],[701,928]]
[[0,0],[1,0],[303,928]]
[[0,0],[1,0],[753,928]]
[[0,0],[2,0],[194,464]]
[[0,0],[2,0],[292,464]]
[[0,0],[1,0],[147,928]]
[[0,0],[4,0],[228,232]]
[[0,0],[1,0],[23,928]]
[[0,0],[1,0],[21,928]]
[[0,0],[1,0],[137,928]]
[[0,0],[1,0],[31,928]]
[[0,0],[1,0],[639,928]]
[[0,0],[1,0],[85,928]]
[[0,0],[1,0],[107,928]]
[[0,0],[1,0],[842,928]]
[[0,0],[1,0],[659,928]]
[[0,0],[1,0],[143,928]]
[[0,0],[1,0],[289,928]]
[[0,0],[2,0],[54,464]]
[[0,0],[1,0],[455,928]]
[[0,0],[1,0],[209,928]]
[[0,0],[4,0],[28,232]]
[[0,0],[1,0],[333,928]]
[[0,0],[1,0],[489,928]]
[[0,0],[1,0],[341,928]]
[[0,0],[2,0],[146,464]]
[[0,0],[1,0],[668,928]]
[[0,0],[1,0],[169,928]]
[[0,0],[1,0],[461,928]]
[[0,0],[2,0],[226,464]]
[[0,0],[1,0],[361,928]]
[[0,0],[1,0],[101,928]]
[[0,0],[1,0],[311,928]]
[[0,0],[1,0],[329,928]]
[[0,0],[1,0],[609,928]]
[[0,0],[1,0],[125,928]]
[[0,0],[1,0],[13,928]]
[[0,0],[1,0],[511,928]]
[[0,0],[1,0],[159,928]]
[[0,0],[2,0],[50,464]]
[[0,0],[1,0],[51,928]]
[[0,0],[1,0],[71,928]]
[[0,0],[1,0],[515,928]]
[[0,0],[1,0],[589,928]]
[[0,0],[1,0],[559,928]]
[[0,0],[1,0],[335,928]]
[[0,0],[1,0],[179,928]]
[[0,0],[1,0],[271,928]]
[[0,0],[1,0],[73,928]]
[[0,0],[1,0],[653,928]]
[[0,0],[2,0],[214,464]]
[[0,0],[2,0],[378,464]]
[[0,0],[1,0],[541,928]]
[[0,0],[1,0],[603,928]]
[[0,0],[1,0],[497,928]]
[[0,0],[2,0],[262,464]]
[[0,0],[1,0],[279,928]]
[[0,0],[2,0],[70,464]]
[[0,0],[1,0],[477,928]]
[[0,0],[1,0],[41,928]]
[[0,0],[1,0],[793,928]]
[[0,0],[1,0],[262,928]]
[[0,0],[1,0],[175,928]]
[[0,0],[1,0],[167,928]]
[[0,0],[1,0],[121,928]]
[[0,0],[2,0],[98,464]]
[[0,0],[1,0],[253,928]]
[[0,0],[1,0],[509,928]]
[[0,0],[1,0],[703,928]]
[[0,0],[1,0],[19,928]]
[[0,0],[1,0],[171,928]]
[[0,0],[1,0],[529,928]]
[[0,0],[4,0],[36,232]]
[[0,0],[1,0],[669,928]]
[[0,0],[1,0],[539,928]]
[[0,0],[2,0],[218,464]]
[[0,0],[4,0],[180,232]]
[[0,0],[1,0],[61,928]]
[[0,0],[2,0],[94,464]]
[[0,0],[1,0],[93,928]]
[[0,0],[1,0],[153,928]]
[[0,0],[1,0],[371,928]]
[[0,0],[1,0],[17,928]]
[[0,0],[1,0],[207,928]]
[[0,0],[1,0],[131,928]]
[[0,0],[1,0],[315,928]]
[[0,0],[1,0],[157,928]]
[[0,0],[1,0],[243,928]]
[[0,0],[1,0],[199,928]]
[[0,0],[1,0],[683,928]]
[[0,0],[2,0],[42,464]]
[[0,0],[1,0],[365,928]]
[[0,0],[1,0],[445,928]]
[[0,0],[4,0],[132,232]]
[[0,0],[1,0],[355,928]]
[[0,0],[2,0],[334,464]]
[[0,0],[2,0],[142,464]]
[[0,0],[1,0],[533,928]]
[[0,0],[2,0],[162,464]]
[[0,0],[1,0],[299,928]]
[[0,0],[4,0],[60,232]]
[[0,0],[1,0],[129,928]]
[[0,0],[1,0],[281,928]]
[[0,0],[1,0],[927,928]]
[[0,0],[1,0],[627,928]]
[[0,0],[2,0],[114,464]]
[[0,0],[1,0],[801,928]]
[[0,0],[1,0],[699,928]]
[[0,0],[2,0],[350,464]]
[[0,0],[2,0],[78,464]]
[[0,0],[1,0],[829,928]]
[[0,0],[1,0],[837,928]]
[[0,0],[1,0],[441,928]]
[[0,0],[1,0],[457,928]]
[[0,0],[2,0],[102,464]]
