[[0,0],[1,0],[97,929]]
[[0,0],[1,0],[23,929]]
[[0,0],[1,0],[265,929]]
[[0,0],[1,0],[61,929]]
[[0,0],[1,0],[43,929]]
[[0,0],[1,0],[19,929]]
[[0,0],[1,0],[100,929]]
[[0,0],[1,0],[222,929]]
[[0,0],[1,0],[48,929]]
[[0,0],[1,0],[171,929]]
[[0,0],[1,0],[98,929]]
[[0,0],[1,0],[51,929]]
[[0,0],[1,0],[166,929]]
[[0,0],[1,0],[3,929]]
[[0,0],[1,0],[80,929]]
[[0,0],[1,0],[91,929]]
[[0,0],[1,0],[73,929]]
[[0,0],[1,0],[27,929]]
[[0,0],[1,0],[308,929]]
[[0,0],[1,0],[66,929]]
[[0,0],[1,0],[405,929]]
[[0,0],[1,0],[41,929]]
[[0,0],[1,0],[160,929]]
[[0,0],[1,0],[56,929]]
[[0,0],[1,0],[54,929]]
[[0,0],[1,0],[6,929]]
[[0,0],[1,0],[5,929]]
[[0,0],[1,0],[29,929]]
[[0,0],[1,0],[195,929]]
[[0,0],[1,0],[26,929]]
[[0,0],[1,0],[275,929]]
[[0,0],[1,0],[162,929]]
[[0,0],[1,0],[81,929]]
[[0,0],[1,0],[76,929]]
[[0,0],[1,0],[331,929]]
[[0,0],[1,0],[216,929]]
[[0,0],[1,0],[251,929]]
[[0,0],[1,0],[107,929]]
[[0,0],[1,0],[65,929]]
[[0,0],[1,0],[38,929]]
[[0,0],[1,0],[151,929]]
[[0,0],[1,0],[133,929]]
[[0,0],[1,0],[18,929]]
[[0,0],[1,0],[125,929]]
[[0,0],[1,0],[7,929]]
[[0,0],[1,0],[15,929]]
[[0,0],[1,0],[47,929]]
[[0,0],[1,0],[128,929]]
[[0,0],[1,0],[124,929]]
[[0,0],[1,0],[52,929]]
[[0,0],[1,0],[105,929]]
[[0,0],[1,0],[17,929]]
[[0,0],[1,0],[120,929]]
[[0,0],[1,0],[42,929]]
[[0,0],[1,0],[257,929]]
[[0,0],[1,0],[14,929]]
[[0,0],[1,0],[85,929]]
[[0,0],[1,0],[72,929]]
[[0,0],[1,0],[119,929]]
[[0,0],[1,0],[25,929]]
[[0,0],[1,0],[71,929]]
[[0,0],[1,0],[306,929]]
[[0,0],[1,0],[79,929]]
[[0,0],[1,0],[213,929]]
[[0,0],[1,0],[8,929]]
[[0,0],[1,0],[53,929]]
[[0,0],[1,0],[307,929]]
[[0,0],[1,0],[90,929]]
[[0,0],[1,0],[45,929]]
[[0,0],[1,0],[46,929]]
[[0,0],[1,0],[280,929]]
[[0,0],[1,0],[112,929]]
[[0,0],[1,0],[211,929]]
[[0,0],[1,0],[24,929]]
[[0,0],[1,0],[22,929]]
[[0,0],[1,0],[21,929]]
[[0,0],[1,0],[137,929]]
[[0,0],[1,0],[35,929]]
[[0,0],[1,0],[92,929]]
[[0,0],[1,0],[99,929]]
[[0,0],[1,0],[206,929]]
[[0,0],[1,0],[212,929]]
[[0,0],[1,0],[4,929]]
[[0,0],[1,0],[67,929]]
[[0,0],[1,0],[118,929]]
[[0,0],[1,0],[204,929]]
[[0,0],[1,0],[74,929]]
[[0,0],[1,0],[136,929]]
[[0,0],[1,0],[11,929]]
[[0,0],[1,0],[55,929]]
[[0,0],[1,0],[215,929]]
[[0,0],[1,0],[244,929]]
[[0,0],[1,0],[345,929]]
[[0,0],[1,0],[304,929]]
[[0,0],[1,0],[88,929]]
[[0,0],[1,0],[104,929]]
[[0,0],[1,0],[103,929]]
[[0,0],[1,0],[78,929]]
[[0,0],[1,0],[139,929]]
[[0,0],[1,0],[106,929]]
[[0,0],[1,0],[115,929]]
[[0,0],[1,0],[197,929]]
[[0,0],[1,0],[10,929]]
[[0,0],[1,0],[175,929]]
[[0,0],[1,0],[44,929]]
[[0,0],[1,0],[39,929]]
[[0,0],[1,0],[1,929]]
[[0,0],[1,0],[30,929]]
[[0,0],[1,0],[194,929]]
[[0,0],[1,0],[49,929]]
[[0,0],[1,0],[305,929]]
[[0,0],[1,0],[235,929]]
[[0,0],[1,0],[145,929]]
[[0,0],[1,0],[179,929]]
[[0,0],[1,0],[60,929]]
[[0,0],[1,0],[148,929]]
[[0,0],[1,0],[89,929]]
[[0,0],[1,0],[75,929]]
[[0,0],[1,0],[234,929]]
[[0,0],[1,0],[40,929]]
[[0,0],[1,0],[36,929]]
[[0,0],[1,0],[34,929]]
[[0,0],[1,0],[303,929]]
[[0,0],[1,0],[176,929]]
[[0,0],[1,0],[121,929]]
[[0,0],[1,0],[138,929]]
[[0,0],[1,0],[161,929]]
[[0,0],[1,0],[286,929]]
[[0,0],[1,0],[12,929]]
[[0,0],[1,0],[205,929]]
[[0,0],[1,0],[13,929]]
[[0,0],[1,0],[28,929]]
[[0,0],[1,0],[2,929]]
[[0,0],[1,0],[219,929]]
[[0,0],[1,0],[182,929]]
[[0,0],[1,0],[355,929]]
[[0,0],[1,0],[37,929]]
[[0,0],[1,0],[229,929]]
[[0,0],[1,0],[126,929]]
[[0,0],[1,0],[57,929]]
[[0,0],[1,0],[9,929]]
[[0,0],[1,0],[20,929]]
[[0,0],[1,0],[70,929]]
[[0,0],[1,0],[16,929]]
[[0,0],[1,0],[196,929]]
[[0,0],[1,0],[50,929]]
[[0,0],[1,0],[174,929]]
[[0,0],[1,0],[77,929]]
[[0,0],[1,0],[334,929]]
[[0,0],[1,0],[127,929]]
[[0,0],[1,0],[309,929]]
[[0,0],[1,0],[214,929]]
[[0,0],[1,0],[236,929]]
[[0,0],[1,0],[247,929]]
[[0,0],[1,0],[84,929]]
[[0,0],[1,0],[185,929]]
