[[0,0],[1,0],[109,930]]
[[0,0],[1,0],[694,930]]
[[0,0],[1,0],[43,930]]
[[0,0],[1,0],[686,930]]
[[0,0],[1,0],[514,930]]
[[0,0],[1,0],[156,930]]
[[0,0],[1,0],[929,930]]
[[0,0],[1,0],[409,930]]
[[0,0],[2,0],[297,465]]
[[0,0],[1,0],[436,930]]
[[0,0],[1,0],[249,930]]
[[0,0],[1,0],[778,930]]
[[0,0],[1,0],[233,930]]
[[0,0],[1,0],[322,930]]
[[0,0],[1,0],[394,930]]
[[0,0],[1,0],[356,930]]
[[0,0],[1,0],[591,930]]
[[0,0],[1,0],[866,930]]
[[0,0],[1,0],[385,930]]
[[0,0],[1,0],[283,930]]
[[0,0],[2,0],[402,465]]
[[0,0],[1,0],[655,930]]
[[0,0],[1,0],[226,930]]
[[0,0],[1,0],[391,930]]
[[0,0],[1,0],[406,930]]
[[0,0],[1,0],[598,930]]
[[0,0],[2,0],[312,465]]
[[0,0],[1,0],[161,930]]
[[0,0],[1,0],[724,930]]
[[0,0],[1,0],[148,930]]
[[0,0],[1,0],[625,930]]
[[0,0],[1,0],[508,930]]
[[0,0],[1,0],[415,930]]
[[0,0],[1,0],[223,930]]
[[0,0],[1,0],[231,930]]
[[0,0],[3,0],[220,310]]
[[0,0],[1,0],[81,930]]
[[0,0],[1,0],[404,930]]
[[0,0],[1,0],[706,930]]
[[0,0],[1,0],[835,930]]
[[0,0],[1,0],[832,930]]
[[0,0],[1,0],[235,930]]
[[0,0],[2,0],[219,465]]
[[0,0],[1,0],[595,930]]
[[0,0],[1,0],[619,930]]
[[0,0],[1,0],[658,930]]
[[0,0],[1,0],[688,930]]
[[0,0],[1,0],[626,930]]
[[0,0],[2,0],[12,465]]
[[0,0],[1,0],[232,930]]
[[0,0],[1,0],[484,930]]
[[0,0],[1,0],[416,930]]
[[0,0],[2,0],[222,465]]
[[0,0],[1,0],[343,930]]
[[0,0],[1,0],[377,930]]
[[0,0],[1,0],[664,930]]
[[0,0],[1,0],[202,930]]
[[0,0],[1,0],[856,930]]
[[0,0],[1,0],[928,930]]
[[0,0],[1,0],[196,930]]
[[0,0],[1,0],[91,930]]
[[0,0],[1,0],[347,930]]
[[0,0],[1,0],[776,930]]
[[0,0],[1,0],[197,930]]
[[0,0],[2,0],[126,465]]
[[0,0],[1,0],[265,930]]
[[0,0],[1,0],[551,930]]
[[0,0],[1,0],[634,930]]
[[0,0],[1,0],[251,930]]
[[0,0],[1,0],[77,930]]
[[0,0],[2,0],[177,465]]
[[0,0],[1,0],[805,930]]
[[0,0],[1,0],[561,930]]
[[0,0],[1,0],[715,930]]
[[0,0],[1,0],[269,930]]
[[0,0],[1,0],[604,930]]
[[0,0],[1,0],[427,930]]
[[0,0],[1,0],[94,930]]
[[0,0],[1,0],[28,930]]
[[0,0],[1,0],[337,930]]
[[0,0],[1,0],[25,930]]
[[0,0],[1,0],[83,930]]
[[0,0],[1,0],[532,930]]
[[0,0],[1,0],[771,930]]
[[0,0],[1,0],[313,930]]
[[0,0],[1,0],[844,930]]
[[0,0],[1,0],[328,930]]
[[0,0],[1,0],[721,930]]
[[0,0],[1,0],[571,930]]
[[0,0],[1,0],[861,930]]
[[0,0],[1,0],[298,930]]
[[0,0],[1,0],[321,930]]
[[0,0],[1,0],[274,930]]
[[0,0],[1,0],[238,930]]
[[0,0],[1,0],[741,930]]
[[0,0],[1,0],[304,930]]
[[0,0],[1,0],[736,930]]
[[0,0],[1,0],[11,930]]
[[0,0],[1,0],[718,930]]
[[0,0],[1,0],[236,930]]
[[0,0],[1,0],[319,930]]
[[0,0],[1,0],[451,930]]
[[0,0],[1,0],[896,930]]
[[0,0],[1,0],[502,930]]
[[0,0],[1,0],[172,930]]
[[0,0],[1,0],[538,930]]
[[0,0],[1,0],[656,930]]
[[0,0],[1,0],[67,930]]
[[0,0],[1,0],[566,930]]
[[0,0],[1,0],[471,930]]
[[0,0],[1,0],[55,930]]
[[0,0],[1,0],[181,930]]
[[0,0],[1,0],[767,930]]
[[0,0],[1,0],[1,930]]
[[0,0],[1,0],[79,930]]
[[0,0],[1,0],[136,930]]
[[0,0],[2,0],[282,465]]
[[0,0],[1,0],[748,930]]
[[0,0],[1,0],[711,930]]
[[0,0],[1,0],[895,930]]
[[0,0],[1,0],[481,930]]
[[0,0],[1,0],[389,930]]
[[0,0],[1,0],[63,930]]
[[0,0],[1,0],[280,930]]
[[0,0],[1,0],[266,930]]
[[0,0],[1,0],[7,930]]
[[0,0],[1,0],[916,930]]
[[0,0],[2,0],[432,465]]
[[0,0],[1,0],[145,930]]
[[0,0],[1,0],[874,930]]
[[0,0],[1,0],[291,930]]
[[0,0],[1,0],[111,930]]
[[0,0],[1,0],[386,930]]
[[0,0],[1,0],[709,930]]
[[0,0],[1,0],[712,930]]
[[0,0],[1,0],[141,930]]
[[0,0],[1,0],[817,930]]
[[0,0],[1,0],[796,930]]
[[0,0],[1,0],[799,930]]
[[0,0],[1,0],[563,930]]
[[0,0],[1,0],[478,930]]
[[0,0],[1,0],[296,930]]
[[0,0],[1,0],[176,930]]
[[0,0],[1,0],[622,930]]
[[0,0],[1,0],[528,930]]
[[0,0],[2,0],[95,465]]
[[0,0],[2,0],[147,465]]
[[0,0],[1,0],[466,930]]
[[0,0],[1,0],[869,930]]
[[0,0],[1,0],[46,930]]
[[0,0],[1,0],[535,930]]
[[0,0],[1,0],[173,930]]
[[0,0],[1,0],[97,930]]
[[0,0],[1,0],[448,930]]
[[0,0],[1,0],[187,930]]
[[0,0],[1,0],[557,930]]
[[0,0],[1,0],[32,930]]
[[0,0],[1,0],[139,930]]
[[0,0],[1,0],[745,930]]
[[0,0],[1,0],[547,930]]
[[0,0],[1,0],[886,930]]
[[0,0],[1,0],[287,930]]
[[0,0],[1,0],[352,930]]
[[0,0],[1,0],[836,930]]
[[0,0],[1,0],[106,930]]
[[0,0],[1,0],[211,930]]
[[0,0],[1,0],[334,930]]
[[0,0],[1,0],[900,930]]
[[0,0],[1,0],[34,930]]
[[0,0],[1,0],[89,930]]
[[0,0],[2,0],[357,465]]
[[0,0],[1,0],[47,930]]
[[0,0],[1,0],[146,930]]
[[0,0],[1,0],[261,930]]
[[0,0],[1,0],[388,930]]
[[0,0],[1,0],[178,930]]
[[0,0],[1,0],[116,930]]
[[0,0],[1,0],[166,930]]
[[0,0],[1,0],[766,930]]
[[0,0],[1,0],[115,930]]
[[0,0],[1,0],[293,930]]
[[0,0],[1,0],[412,930]]
[[0,0],[1,0],[501,930]]
[[0,0],[1,0],[112,930]]
[[0,0],[1,0],[797,930]]
[[0,0],[2,0],[252,465]]
[[0,0],[1,0],[37,930]]
[[0,0],[1,0],[568,930]]
[[0,0],[1,0],[82,930]]
[[0,0],[1,0],[881,930]]
[[0,0],[1,0],[562,930]]
[[0,0],[1,0],[381,930]]
[[0,0],[1,0],[616,930]]
[[0,0],[1,0],[592,930]]
[[0,0],[1,0],[646,930]]
[[0,0],[2,0],[462,465]]
[[0,0],[1,0],[691,930]]
[[0,0],[1,0],[544,930]]
[[0,0],[2,0],[405,465]]
[[0,0],[1,0],[88,930]]
[[0,0],[1,0],[623,930]]
[[0,0],[2,0],[57,465]]
[[0,0],[1,0],[826,930]]
[[0,0],[1,0],[784,930]]
[[0,0],[2,0],[132,465]]
[[0,0],[1,0],[401,930]]
[[0,0],[1,0],[149,930]]
[[0,0],[1,0],[325,930]]
[[0,0],[1,0],[351,930]]
[[0,0],[1,0],[206,930]]
[[0,0],[1,0],[505,930]]
[[0,0],[1,0],[218,930]]
[[0,0],[1,0],[331,930]]
[[0,0],[1,0],[257,930]]
[[0,0],[1,0],[435,930]]
[[0,0],[1,0],[463,930]]
[[0,0],[1,0],[53,930]]
[[0,0],[1,0],[407,930]]
[[0,0],[1,0],[277,930]]
[[0,0],[2,0],[250,465]]
[[0,0],[1,0],[342,930]]
[[0,0],[1,0],[892,930]]
[[0,0],[1,0],[286,930]]
[[0,0],[1,0],[808,930]]
[[0,0],[1,0],[86,930]]
[[0,0],[1,0],[454,930]]
[[0,0],[1,0],[472,930]]
[[0,0],[1,0],[247,930]]
[[0,0],[1,0],[727,930]]
[[0,0],[1,0],[317,930]]
[[0,0],[1,0],[865,930]]
[[0,0],[1,0],[442,930]]
[[0,0],[3,0],[65,310]]
[[0,0],[1,0],[295,930]]
[[0,0],[1,0],[629,930]]
[[0,0],[1,0],[493,930]]
[[0,0],[1,0],[716,930]]
[[0,0],[2,0],[33,465]]
[[0,0],[1,0],[58,930]]
[[0,0],[1,0],[142,930]]
[[0,0],[1,0],[151,930]]
[[0,0],[1,0],[241,930]]
[[0,0],[1,0],[487,930]]
[[0,0],[1,0],[119,930]]
[[0,0],[1,0],[807,930]]
[[0,0],[1,0],[681,930]]
[[0,0],[1,0],[922,930]]
[[0,0],[1,0],[671,930]]
[[0,0],[1,0],[154,930]]
[[0,0],[1,0],[742,930]]
[[0,0],[1,0],[16,930]]
[[0,0],[1,0],[201,930]]
[[0,0],[1,0],[476,930]]
[[0,0],[1,0],[191,930]]
[[0,0],[1,0],[103,930]]
[[0,0],[1,0],[676,930]]
[[0,0],[1,0],[193,930]]
[[0,0],[1,0],[205,930]]
[[0,0],[1,0],[424,930]]
[[0,0],[1,0],[536,930]]
[[0,0],[1,0],[577,930]]
[[0,0],[1,0],[772,930]]
[[0,0],[1,0],[411,930]]
[[0,0],[1,0],[59,930]]
[[0,0],[1,0],[701,930]]
[[0,0],[2,0],[87,465]]
[[0,0],[1,0],[208,930]]
[[0,0],[2,0],[192,465]]
[[0,0],[1,0],[292,930]]
[[0,0],[1,0],[926,930]]
[[0,0],[1,0],[21,930]]
[[0,0],[1,0],[137,930]]
[[0,0],[1,0],[23,930]]
[[0,0],[1,0],[814,930]]
[[0,0],[1,0],[85,930]]
[[0,0],[1,0],[475,930]]
[[0,0],[1,0],[714,930]]
[[0,0],[1,0],[746,930]]
[[0,0],[2,0],[117,465]]
[[0,0],[1,0],[227,930]]
[[0,0],[1,0],[107,930]]
[[0,0],[1,0],[76,930]]
[[0,0],[1,0],[289,930]]
[[0,0],[1,0],[659,930]]
[[0,0],[1,0],[652,930]]
[[0,0],[1,0],[607,930]]
[[0,0],[1,0],[143,930]]
[[0,0],[1,0],[499,930]]
[[0,0],[1,0],[556,930]]
[[0,0],[1,0],[461,930]]
[[0,0],[1,0],[169,930]]
[[0,0],[1,0],[101,930]]
[[0,0],[1,0],[361,930]]
[[0,0],[1,0],[329,930]]
[[0,0],[2,0],[417,465]]
[[0,0],[1,0],[891,930]]
[[0,0],[5,0],[36,186]]
[[0,0],[1,0],[346,930]]
[[0,0],[1,0],[13,930]]
[[0,0],[1,0],[311,930]]
[[0,0],[1,0],[125,930]]
[[0,0],[1,0],[4,930]]
[[0,0],[1,0],[526,930]]
[[0,0],[1,0],[214,930]]
[[0,0],[1,0],[621,930]]
[[0,0],[1,0],[831,930]]
[[0,0],[1,0],[118,930]]
[[0,0],[1,0],[51,930]]
[[0,0],[1,0],[71,930]]
[[0,0],[2,0],[72,465]]
[[0,0],[1,0],[413,930]]
[[0,0],[1,0],[418,930]]
[[0,0],[2,0],[342,465]]
[[0,0],[1,0],[559,930]]
[[0,0],[1,0],[439,930]]
[[0,0],[2,0],[267,465]]
[[0,0],[1,0],[754,930]]
[[0,0],[1,0],[256,930]]
[[0,0],[1,0],[179,930]]
[[0,0],[1,0],[73,930]]
[[0,0],[1,0],[29,930]]
[[0,0],[1,0],[184,930]]
[[0,0],[1,0],[349,930]]
[[0,0],[1,0],[497,930]]
[[0,0],[1,0],[364,930]]
[[0,0],[2,0],[207,465]]
[[0,0],[1,0],[41,930]]
[[0,0],[1,0],[262,930]]
[[0,0],[1,0],[175,930]]
[[0,0],[1,0],[121,930]]
[[0,0],[1,0],[921,930]]
[[0,0],[1,0],[167,930]]
[[0,0],[2,0],[327,465]]
[[0,0],[1,0],[253,930]]
[[0,0],[1,0],[862,930]]
[[0,0],[1,0],[509,930]]
[[0,0],[1,0],[22,930]]
[[0,0],[1,0],[19,930]]
[[0,0],[1,0],[171,930]]
[[0,0],[1,0],[64,930]]
[[0,0],[1,0],[838,930]]
[[0,0],[1,0],[376,930]]
[[0,0],[2,0],[27,465]]
[[0,0],[1,0],[61,930]]
[[0,0],[1,0],[127,930]]
[[0,0],[2,0],[447,465]]
[[0,0],[1,0],[685,930]]
[[0,0],[1,0],[419,930]]
[[0,0],[1,0],[17,930]]
[[0,0],[1,0],[263,930]]
[[0,0],[1,0],[531,930]]
[[0,0],[1,0],[506,930]]
[[0,0],[1,0],[157,930]]
[[0,0],[1,0],[244,930]]
[[0,0],[1,0],[371,930]]
[[0,0],[1,0],[268,930]]
[[0,0],[1,0],[628,930]]
[[0,0],[1,0],[445,930]]
[[0,0],[1,0],[199,930]]
[[0,0],[1,0],[565,930]]
[[0,0],[2,0],[42,465]]
[[0,0],[1,0],[586,930]]
[[0,0],[1,0],[898,930]]
[[0,0],[1,0],[802,930]]
[[0,0],[1,0],[355,930]]
[[0,0],[1,0],[533,930]]
[[0,0],[2,0],[237,465]]
[[0,0],[1,0],[326,930]]
[[0,0],[2,0],[162,465]]
[[0,0],[1,0],[52,930]]
[[0,0],[1,0],[299,930]]
[[0,0],[1,0],[316,930]]
[[0,0],[1,0],[281,930]]
[[0,0],[1,0],[925,930]]
[[0,0],[1,0],[801,930]]
[[0,0],[1,0],[56,930]]
[[0,0],[1,0],[590,930]]
[[0,0],[1,0],[446,930]]
[[0,0],[2,0],[387,465]]
[[0,0],[1,0],[904,930]]
[[0,0],[1,0],[596,930]]
[[0,0],[1,0],[26,930]]
[[0,0],[1,0],[574,930]]
[[0,0],[1,0],[358,930]]
[[0,0],[1,0],[441,930]]
[[0,0],[1,0],[382,930]]
[[0,0],[1,0],[457,930]]
[[0,0],[2,0],[102,465]]
