[[0,0],[1,0],[519,931]]
[[0,0],[1,0],[23,931]]
[[0,0],[1,0],[61,931]]
[[0,0],[1,0],[400,931]]
[[0,0],[1,0],[43,931]]
[[0,0],[1,0],[100,931]]
[[0,0],[1,0],[31,931]]
[[0,0],[1,0],[210,931]]
[[0,0],[1,0],[48,931]]
[[0,0],[1,0],[743,931]]
[[0,0],[1,0],[337,931]]
[[0,0],[1,0],[51,931]]
[[0,0],[1,0],[302,931]]
[[0,0],[1,0],[80,931]]
[[0,0],[1,0],[86,931]]
[[0,0],[1,0],[780,931]]
[[0,0],[1,0],[3,931]]
[[0,0],[1,0],[58,931]]
[[0,0],[1,0],[296,931]]
[[0,0],[1,0],[27,931]]
[[0,0],[1,0],[875,931]]
[[0,0],[1,0],[66,931]]
[[0,0],[1,0],[227,931]]
[[0,0],[1,0],[41,931]]
[[0,0],[1,0],[381,931]]
[[0,0],[1,0],[54,931]]
[[0,0],[1,0],[109,931]]
[[0,0],[1,0],[164,931]]
[[0,0],[1,0],[834,931]]
[[0,0],[1,0],[288,931]]
[[0,0],[1,0],[64,931]]
[[0,0],[1,0],[5,931]]
[[0,0],[1,0],[132,931]]
[[0,0],[1,0],[29,931]]
[[0,0],[1,0],[6,931]]
[[0,0],[1,0],[239,931]]
[[0,0],[1,0],[243,931]]
[[0,0],[1,0],[59,931]]
[[0,0],[1,0],[26,931]]
[[0,0],[1,0],[122,931]]
[[0,0],[1,0],[362,931]]
[[0,0],[1,0],[275,931]]
[[0,0],[1,0],[134,931]]
[[0,0],[1,0],[324,931]]
[[0,0],[1,0],[162,931]]
[[0,0],[1,0],[393,931]]
[[0,0],[1,0],[65,931]]
[[0,0],[1,0],[295,931]]
[[0,0],[1,0],[125,931]]
[[0,0],[1,0],[18,931]]
[[0,0],[1,0],[333,931]]
[[0,0],[1,0],[312,931]]
[[0,0],[1,0],[124,931]]
[[0,0],[1,0],[15,931]]
[[0,0],[1,0],[47,931]]
[[0,0],[1,0],[52,931]]
[[0,0],[1,0],[17,931]]
[[0,0],[1,0],[120,931]]
[[0,0],[1,0],[218,931]]
[[0,0],[1,0],[232,931]]
[[0,0],[1,0],[512,931]]
[[0,0],[1,0],[85,931]]
[[0,0],[1,0],[72,931]]
[[0,0],[1,0],[144,931]]
[[0,0],[1,0],[183,931]]
[[0,0],[1,0],[141,931]]
[[0,0],[1,0],[351,931]]
[[0,0],[1,0],[25,931]]
[[0,0],[1,0],[71,931]]
[[0,0],[1,0],[421,931]]
[[0,0],[7,0],[28,133]]
[[0,0],[1,0],[79,931]]
[[0,0],[7,0],[14,133]]
[[0,0],[1,0],[111,931]]
[[0,0],[1,0],[262,931]]
[[0,0],[1,0],[8,931]]
[[0,0],[1,0],[83,931]]
[[0,0],[1,0],[53,931]]
[[0,0],[1,0],[589,931]]
[[0,0],[1,0],[113,931]]
[[0,0],[1,0],[284,931]]
[[0,0],[1,0],[240,931]]
[[0,0],[1,0],[33,931]]
[[0,0],[1,0],[45,931]]
[[0,0],[1,0],[715,931]]
[[0,0],[7,0],[7,133]]
[[0,0],[1,0],[90,931]]
[[0,0],[1,0],[102,931]]
[[0,0],[1,0],[694,931]]
[[0,0],[1,0],[46,931]]
[[0,0],[1,0],[414,931]]
[[0,0],[1,0],[123,931]]
[[0,0],[1,0],[24,931]]
[[0,0],[1,0],[211,931]]
[[0,0],[1,0],[177,931]]
[[0,0],[1,0],[22,931]]
[[0,0],[1,0],[92,931]]
[[0,0],[1,0],[96,931]]
[[0,0],[1,0],[358,931]]
[[0,0],[1,0],[267,931]]
[[0,0],[1,0],[274,931]]
[[0,0],[1,0],[99,931]]
[[0,0],[7,0],[56,133]]
[[0,0],[1,0],[153,931]]
[[0,0],[1,0],[4,931]]
[[0,0],[1,0],[67,931]]
[[0,0],[1,0],[204,931]]
[[0,0],[1,0],[624,931]]
[[0,0],[1,0],[742,931]]
[[0,0],[1,0],[372,931]]
[[0,0],[7,0],[21,133]]
[[0,0],[1,0],[631,931]]
[[0,0],[1,0],[723,931]]
[[0,0],[1,0],[862,931]]
[[0,0],[1,0],[244,931]]
[[0,0],[1,0],[571,931]]
[[0,0],[1,0],[495,931]]
[[0,0],[1,0],[11,931]]
[[0,0],[1,0],[55,931]]
[[0,0],[1,0],[215,931]]
[[0,0],[1,0],[673,931]]
[[0,0],[1,0],[117,931]]
[[0,0],[1,0],[88,931]]
[[0,0],[1,0],[104,931]]
[[0,0],[1,0],[281,931]]
[[0,0],[1,0],[157,931]]
[[0,0],[1,0],[158,931]]
[[0,0],[1,0],[155,931]]
[[0,0],[1,0],[103,931]]
[[0,0],[1,0],[197,931]]
[[0,0],[1,0],[78,931]]
[[0,0],[1,0],[131,931]]
[[0,0],[1,0],[139,931]]
[[0,0],[1,0],[106,931]]
[[0,0],[1,0],[115,931]]
[[0,0],[1,0],[10,931]]
[[0,0],[1,0],[87,931]]
[[0,0],[1,0],[44,931]]
[[0,0],[1,0],[330,931]]
[[0,0],[1,0],[415,931]]
[[0,0],[1,0],[1,931]]
[[0,0],[1,0],[172,931]]
[[0,0],[1,0],[39,931]]
[[0,0],[1,0],[708,931]]
[[0,0],[1,0],[609,931]]
[[0,0],[1,0],[30,931]]
[[0,0],[1,0],[169,931]]
[[0,0],[1,0],[386,931]]
[[0,0],[1,0],[60,931]]
[[0,0],[1,0],[148,931]]
[[0,0],[1,0],[89,931]]
[[0,0],[1,0],[36,931]]
[[0,0],[1,0],[40,931]]
[[0,0],[1,0],[685,931]]
[[0,0],[1,0],[184,931]]
[[0,0],[1,0],[411,931]]
[[0,0],[1,0],[75,931]]
[[0,0],[1,0],[34,931]]
[[0,0],[1,0],[116,931]]
[[0,0],[1,0],[552,931]]
[[0,0],[1,0],[176,931]]
[[0,0],[1,0],[121,931]]
[[0,0],[1,0],[303,931]]
[[0,0],[1,0],[138,931]]
[[0,0],[1,0],[476,931]]
[[0,0],[1,0],[12,931]]
[[0,0],[1,0],[13,931]]
[[0,0],[1,0],[68,931]]
[[0,0],[1,0],[2,931]]
[[0,0],[1,0],[101,931]]
[[0,0],[1,0],[242,931]]
[[0,0],[1,0],[37,931]]
[[0,0],[1,0],[229,931]]
[[0,0],[1,0],[241,931]]
[[0,0],[1,0],[491,931]]
[[0,0],[1,0],[9,931]]
[[0,0],[1,0],[246,931]]
[[0,0],[1,0],[20,931]]
[[0,0],[1,0],[575,931]]
[[0,0],[1,0],[110,931]]
[[0,0],[1,0],[16,931]]
[[0,0],[1,0],[198,931]]
[[0,0],[1,0],[260,931]]
[[0,0],[1,0],[50,931]]
[[0,0],[1,0],[77,931]]
[[0,0],[1,0],[163,931]]
[[0,0],[1,0],[645,931]]
[[0,0],[1,0],[438,931]]
[[0,0],[1,0],[173,931]]
[[0,0],[1,0],[174,931]]
[[0,0],[1,0],[334,931]]
[[0,0],[1,0],[159,931]]
[[0,0],[1,0],[526,931]]
[[0,0],[1,0],[130,931]]
[[0,0],[1,0],[214,931]]
