[[0,0],[1,0],[84,935]]
[[0,0],[1,0],[705,935]]
[[0,0],[1,0],[43,935]]
[[0,0],[1,0],[290,935]]
[[0,0],[1,0],[19,935]]
[[0,0],[1,0],[23,935]]
[[0,0],[1,0],[430,935]]
[[0,0],[1,0],[48,935]]
[[0,0],[1,0],[896,935]]
[[0,0],[1,0],[601,935]]
[[0,0],[1,0],[222,935]]
[[0,0],[1,0],[100,935]]
[[0,0],[1,0],[171,935]]
[[0,0],[1,0],[31,935]]
[[0,0],[1,0],[210,935]]
[[0,0],[1,0],[545,935]]
[[0,0],[1,0],[287,935]]
[[0,0],[1,0],[760,935]]
[[0,0],[1,0],[223,935]]
[[0,0],[1,0],[259,935]]
[[0,0],[1,0],[848,935]]
[[0,0],[1,0],[98,935]]
[[0,0],[1,0],[86,935]]
[[0,0],[1,0],[166,935]]
[[0,0],[1,0],[3,935]]
[[0,0],[1,0],[831,935]]
[[0,0],[1,0],[296,935]]
[[0,0],[1,0],[528,935]]
[[0,0],[1,0],[191,935]]
[[0,0],[1,0],[621,935]]
[[0,0],[1,0],[91,935]]
[[0,0],[1,0],[27,935]]
[[0,0],[1,0],[58,935]]
[[0,0],[1,0],[870,935]]
[[0,0],[1,0],[529,935]]
[[0,0],[1,0],[41,935]]
[[0,0],[1,0],[56,935]]
[[0,0],[1,0],[299,935]]
[[0,0],[1,0],[54,935]]
[[0,0],[1,0],[381,935]]
[[0,0],[1,0],[885,935]]
[[0,0],[1,0],[686,935]]
[[0,0],[1,0],[322,935]]
[[0,0],[1,0],[64,935]]
[[0,0],[1,0],[164,935]]
[[0,0],[1,0],[109,935]]
[[0,0],[1,0],[93,935]]
[[0,0],[1,0],[6,935]]
[[0,0],[1,0],[461,935]]
[[0,0],[1,0],[672,935]]
[[0,0],[1,0],[59,935]]
[[0,0],[1,0],[69,935]]
[[0,0],[1,0],[29,935]]
[[0,0],[1,0],[81,935]]
[[0,0],[1,0],[494,935]]
[[0,0],[1,0],[134,935]]
[[0,0],[1,0],[239,935]]
[[0,0],[1,0],[26,935]]
[[0,0],[1,0],[216,935]]
[[0,0],[1,0],[331,935]]
[[0,0],[1,0],[371,935]]
[[0,0],[1,0],[76,935]]
[[0,0],[1,0],[251,935]]
[[0,0],[1,0],[152,935]]
[[0,0],[1,0],[617,935]]
[[0,0],[1,0],[486,935]]
[[0,0],[1,0],[146,935]]
[[0,0],[1,0],[324,935]]
[[0,0],[1,0],[651,935]]
[[0,0],[1,0],[107,935]]
[[0,0],[1,0],[346,935]]
[[0,0],[1,0],[426,935]]
[[0,0],[1,0],[706,935]]
[[0,0],[1,0],[38,935]]
[[0,0],[1,0],[63,935]]
[[0,0],[1,0],[133,935]]
[[0,0],[1,0],[356,935]]
[[0,0],[1,0],[151,935]]
[[0,0],[1,0],[128,935]]
[[0,0],[1,0],[217,935]]
[[0,0],[1,0],[18,935]]
[[0,0],[1,0],[120,935]]
[[0,0],[1,0],[7,935]]
[[0,0],[1,0],[746,935]]
[[0,0],[1,0],[47,935]]
[[0,0],[1,0],[221,935]]
[[0,0],[1,0],[392,935]]
[[0,0],[1,0],[443,935]]
[[0,0],[1,0],[144,935]]
[[0,0],[1,0],[541,935]]
[[0,0],[1,0],[14,935]]
[[0,0],[1,0],[42,935]]
[[0,0],[1,0],[397,935]]
[[0,0],[1,0],[732,935]]
[[0,0],[1,0],[183,935]]
[[0,0],[1,0],[351,935]]
[[0,0],[1,0],[401,935]]
[[0,0],[1,0],[815,935]]
[[0,0],[1,0],[364,935]]
[[0,0],[1,0],[647,935]]
[[0,0],[1,0],[71,935]]
[[0,0],[1,0],[902,935]]
[[0,0],[5,0],[22,187]]
[[0,0],[1,0],[8,935]]
[[0,0],[1,0],[431,935]]
[[0,0],[1,0],[409,935]]
[[0,0],[1,0],[111,935]]
[[0,0],[1,0],[320,935]]
[[0,0],[1,0],[321,935]]
[[0,0],[1,0],[113,935]]
[[0,0],[1,0],[307,935]]
[[0,0],[1,0],[258,935]]
[[0,0],[1,0],[366,935]]
[[0,0],[1,0],[254,935]]
[[0,0],[1,0],[298,935]]
[[0,0],[1,0],[45,935]]
[[0,0],[1,0],[46,935]]
[[0,0],[1,0],[112,935]]
[[0,0],[1,0],[201,935]]
[[0,0],[1,0],[24,935]]
[[0,0],[1,0],[211,935]]
[[0,0],[1,0],[630,935]]
[[0,0],[1,0],[177,935]]
[[0,0],[1,0],[137,935]]
[[0,0],[1,0],[96,935]]
[[0,0],[1,0],[21,935]]
[[0,0],[1,0],[256,935]]
[[0,0],[1,0],[35,935]]
[[0,0],[1,0],[656,935]]
[[0,0],[1,0],[92,935]]
[[0,0],[1,0],[311,935]]
[[0,0],[1,0],[206,935]]
[[0,0],[1,0],[271,935]]
[[0,0],[1,0],[925,935]]
[[0,0],[1,0],[641,935]]
[[0,0],[1,0],[67,935]]
[[0,0],[1,0],[4,935]]
[[0,0],[1,0],[419,935]]
[[0,0],[1,0],[701,935]]
[[0,0],[1,0],[375,935]]
[[0,0],[1,0],[74,935]]
[[0,0],[1,0],[186,935]]
[[0,0],[1,0],[446,935]]
[[0,0],[1,0],[208,935]]
[[0,0],[1,0],[281,935]]
[[0,0],[1,0],[441,935]]
[[0,0],[1,0],[178,935]]
[[0,0],[1,0],[158,935]]
[[0,0],[1,0],[155,935]]
[[0,0],[1,0],[108,935]]
[[0,0],[1,0],[131,935]]
[[0,0],[1,0],[103,935]]
[[0,0],[1,0],[452,935]]
[[0,0],[1,0],[485,935]]
[[0,0],[1,0],[1,935]]
[[0,0],[1,0],[197,935]]
[[0,0],[1,0],[106,935]]
[[0,0],[1,0],[49,935]]
[[0,0],[1,0],[463,935]]
[[0,0],[1,0],[32,935]]
[[0,0],[1,0],[536,935]]
[[0,0],[1,0],[172,935]]
[[0,0],[1,0],[606,935]]
[[0,0],[1,0],[194,935]]
[[0,0],[1,0],[89,935]]
[[0,0],[1,0],[184,935]]
[[0,0],[1,0],[179,935]]
[[0,0],[1,0],[199,935]]
[[0,0],[1,0],[386,935]]
[[0,0],[1,0],[148,935]]
[[0,0],[1,0],[749,935]]
[[0,0],[1,0],[188,935]]
[[0,0],[1,0],[116,935]]
[[0,0],[1,0],[154,935]]
[[0,0],[1,0],[806,935]]
[[0,0],[1,0],[138,935]]
[[0,0],[1,0],[353,935]]
[[0,0],[1,0],[566,935]]
[[0,0],[1,0],[12,935]]
[[0,0],[1,0],[361,935]]
[[0,0],[1,0],[28,935]]
[[0,0],[1,0],[13,935]]
[[0,0],[1,0],[205,935]]
[[0,0],[1,0],[149,935]]
[[0,0],[1,0],[2,935]]
[[0,0],[1,0],[341,935]]
[[0,0],[1,0],[101,935]]
[[0,0],[1,0],[241,935]]
[[0,0],[1,0],[126,935]]
[[0,0],[1,0],[491,935]]
[[0,0],[1,0],[800,935]]
[[0,0],[1,0],[57,935]]
[[0,0],[1,0],[9,935]]
[[0,0],[1,0],[246,935]]
[[0,0],[1,0],[336,935]]
[[0,0],[1,0],[94,935]]
[[0,0],[1,0],[16,935]]
[[0,0],[1,0],[147,935]]
[[0,0],[1,0],[163,935]]
[[0,0],[1,0],[507,935]]
[[0,0],[1,0],[196,935]]
[[0,0],[1,0],[496,935]]
[[0,0],[1,0],[237,935]]
[[0,0],[1,0],[174,935]]
[[0,0],[1,0],[173,935]]
[[0,0],[1,0],[540,935]]
[[0,0],[1,0],[261,935]]
[[0,0],[1,0],[214,935]]
[[0,0],[1,0],[309,935]]
[[0,0],[1,0],[159,935]]
[[0,0],[1,0],[127,935]]
[[0,0],[1,0],[650,935]]
[[0,0],[1,0],[236,935]]
[[0,0],[1,0],[97,935]]
[[0,0],[1,0],[456,935]]
[[0,0],[1,0],[576,935]]
[[0,0],[1,0],[796,935]]
[[0,0],[1,0],[265,935]]
[[0,0],[1,0],[681,935]]
[[0,0],[1,0],[460,935]]
