[[0,0],[2,0],[15,468]]
[[0,0],[3,0],[171,312]]
[[0,0],[1,0],[359,936]]
[[0,0],[1,0],[323,936]]
[[0,0],[1,0],[310,936]]
[[0,0],[1,0],[856,936]]
[[0,0],[1,0],[157,936]]
[[0,0],[2,0],[404,468]]
[[0,0],[2,0],[236,468]]
[[0,0],[1,0],[451,936]]
[[0,0],[3,0],[177,312]]
[[0,0],[1,0],[166,936]]
[[0,0],[1,0],[58,936]]
[[0,0],[1,0],[167,936]]
[[0,0],[1,0],[469,936]]
[[0,0],[2,0],[34,468]]
[[0,0],[3,0],[237,312]]
[[0,0],[1,0],[23,936]]
[[0,0],[1,0],[263,936]]
[[0,0],[1,0],[93,936]]
[[0,0],[1,0],[214,936]]
[[0,0],[2,0],[250,468]]
[[0,0],[1,0],[33,936]]
[[0,0],[1,0],[766,936]]
[[0,0],[6,0],[18,156]]
[[0,0],[1,0],[173,936]]
[[0,0],[2,0],[334,468]]
[[0,0],[1,0],[499,936]]
[[0,0],[2,0],[370,468]]
[[0,0],[1,0],[37,936]]
[[0,0],[4,0],[108,234]]
[[0,0],[1,0],[139,936]]
[[0,0],[3,0],[9,312]]
[[0,0],[1,0],[482,936]]
[[0,0],[3,0],[33,312]]
[[0,0],[3,0],[16,312]]
[[0,0],[2,0],[44,468]]
[[0,0],[2,0],[132,468]]
[[0,0],[1,0],[424,936]]
[[0,0],[1,0],[454,936]]
[[0,0],[1,0],[892,936]]
[[0,0],[1,0],[599,936]]
[[0,0],[1,0],[501,936]]
[[0,0],[1,0],[729,936]]
[[0,0],[1,0],[493,936]]
[[0,0],[2,0],[230,468]]
[[0,0],[1,0],[777,936]]
[[0,0],[1,0],[545,936]]
[[0,0],[1,0],[321,936]]
[[0,0],[1,0],[802,936]]
[[0,0],[1,0],[25,936]]
[[0,0],[1,0],[346,936]]
[[0,0],[3,0],[68,312]]
[[0,0],[1,0],[712,936]]
[[0,0],[1,0],[40,936]]
[[0,0],[1,0],[717,936]]
[[0,0],[1,0],[142,936]]
[[0,0],[1,0],[1,936]]
[[0,0],[1,0],[502,936]]
[[0,0],[1,0],[933,936]]
[[0,0],[2,0],[92,468]]
[[0,0],[1,0],[345,936]]
[[0,0],[1,0],[349,936]]
[[0,0],[1,0],[293,936]]
[[0,0],[1,0],[653,936]]
[[0,0],[1,0],[154,936]]
[[0,0],[1,0],[357,936]]
[[0,0],[1,0],[509,936]]
[[0,0],[1,0],[163,936]]
[[0,0],[1,0],[559,936]]
[[0,0],[2,0],[28,468]]
[[0,0],[1,0],[496,936]]
[[0,0],[1,0],[46,936]]
[[0,0],[2,0],[93,468]]
[[0,0],[2,0],[110,468]]
[[0,0],[1,0],[233,936]]
[[0,0],[2,0],[380,468]]
[[0,0],[3,0],[198,312]]
[[0,0],[1,0],[562,936]]
[[0,0],[1,0],[601,936]]
[[0,0],[1,0],[331,936]]
[[0,0],[1,0],[329,936]]
[[0,0],[1,0],[213,936]]
[[0,0],[2,0],[80,468]]
[[0,0],[1,0],[489,936]]
[[0,0],[1,0],[568,936]]
[[0,0],[2,0],[146,468]]
[[0,0],[1,0],[461,936]]
[[0,0],[1,0],[395,936]]
[[0,0],[1,0],[211,936]]
[[0,0],[1,0],[647,936]]
[[0,0],[1,0],[560,936]]
[[0,0],[3,0],[153,312]]
[[0,0],[2,0],[62,468]]
[[0,0],[1,0],[47,936]]
[[0,0],[1,0],[681,936]]
[[0,0],[1,0],[41,936]]
[[0,0],[1,0],[358,936]]
[[0,0],[1,0],[57,936]]
[[0,0],[1,0],[103,936]]
[[0,0],[1,0],[311,936]]
[[0,0],[1,0],[394,936]]
[[0,0],[2,0],[392,468]]
[[0,0],[1,0],[563,936]]
[[0,0],[6,0],[84,156]]
[[0,0],[1,0],[439,936]]
[[0,0],[2,0],[164,468]]
[[0,0],[2,0],[284,468]]
[[0,0],[3,0],[27,312]]
[[0,0],[1,0],[170,936]]
[[0,0],[2,0],[340,468]]
[[0,0],[1,0],[235,936]]
[[0,0],[2,0],[374,468]]
[[0,0],[6,0],[6,156]]
[[0,0],[1,0],[317,936]]
[[0,0],[3,0],[165,312]]
[[0,0],[1,0],[115,936]]
[[0,0],[1,0],[490,936]]
[[0,0],[2,0],[464,468]]
[[0,0],[3,0],[42,312]]
[[0,0],[1,0],[67,936]]
[[0,0],[1,0],[419,936]]
[[0,0],[1,0],[753,936]]
[[0,0],[1,0],[631,936]]
[[0,0],[1,0],[161,936]]
[[0,0],[3,0],[207,312]]
[[0,0],[1,0],[7,936]]
[[0,0],[1,0],[521,936]]
[[0,0],[1,0],[55,936]]
[[0,0],[1,0],[155,936]]
[[0,0],[1,0],[924,936]]
[[0,0],[1,0],[280,936]]
[[0,0],[1,0],[34,936]]
[[0,0],[3,0],[99,312]]
[[0,0],[1,0],[274,936]]
[[0,0],[2,0],[176,468]]
[[0,0],[2,0],[142,468]]
[[0,0],[1,0],[460,936]]
[[0,0],[1,0],[82,936]]
[[0,0],[2,0],[249,468]]
[[0,0],[1,0],[557,936]]
[[0,0],[1,0],[537,936]]
[[0,0],[1,0],[862,936]]
[[0,0],[2,0],[452,468]]
[[0,0],[1,0],[215,936]]
[[0,0],[3,0],[189,312]]
[[0,0],[2,0],[2,468]]
[[0,0],[1,0],[409,936]]
[[0,0],[1,0],[730,936]]
[[0,0],[1,0],[716,936]]
[[0,0],[1,0],[793,936]]
[[0,0],[1,0],[244,936]]
[[0,0],[1,0],[281,936]]
[[0,0],[1,0],[22,936]]
[[0,0],[1,0],[59,936]]
[[0,0],[1,0],[307,936]]
[[0,0],[1,0],[742,936]]
[[0,0],[2,0],[128,468]]
[[0,0],[1,0],[547,936]]
[[0,0],[1,0],[604,936]]
[[0,0],[1,0],[31,936]]
[[0,0],[1,0],[343,936]]
[[0,0],[3,0],[21,312]]
[[0,0],[1,0],[755,936]]
[[0,0],[1,0],[11,936]]
[[0,0],[3,0],[75,312]]
[[0,0],[2,0],[140,468]]
[[0,0],[1,0],[825,936]]
[[0,0],[1,0],[179,936]]
[[0,0],[1,0],[227,936]]
[[0,0],[1,0],[849,936]]
[[0,0],[1,0],[467,936]]
[[0,0],[1,0],[495,936]]
[[0,0],[1,0],[85,936]]
[[0,0],[1,0],[885,936]]
[[0,0],[1,0],[478,936]]
[[0,0],[1,0],[94,936]]
[[0,0],[1,0],[511,936]]
[[0,0],[1,0],[453,936]]
[[0,0],[1,0],[70,936]]
[[0,0],[1,0],[785,936]]
[[0,0],[1,0],[404,936]]
[[0,0],[1,0],[701,936]]
[[0,0],[1,0],[191,936]]
[[0,0],[1,0],[275,936]]
[[0,0],[1,0],[261,936]]
[[0,0],[2,0],[58,468]]
[[0,0],[1,0],[355,936]]
[[0,0],[3,0],[231,312]]
[[0,0],[1,0],[89,936]]
[[0,0],[3,0],[309,312]]
[[0,0],[1,0],[525,936]]
[[0,0],[1,0],[397,936]]
[[0,0],[3,0],[249,312]]
[[0,0],[3,0],[3,312]]
[[0,0],[3,0],[224,312]]
[[0,0],[2,0],[327,468]]
[[0,0],[2,0],[184,468]]
[[0,0],[1,0],[79,936]]
[[0,0],[1,0],[645,936]]
[[0,0],[1,0],[463,936]]
[[0,0],[1,0],[73,936]]
[[0,0],[3,0],[255,312]]
[[0,0],[2,0],[194,468]]
[[0,0],[3,0],[276,312]]
[[0,0],[1,0],[71,936]]
[[0,0],[2,0],[38,468]]
[[0,0],[1,0],[121,936]]
[[0,0],[1,0],[633,936]]
[[0,0],[1,0],[316,936]]
[[0,0],[1,0],[257,936]]
[[0,0],[1,0],[183,936]]
[[0,0],[6,0],[102,156]]
[[0,0],[1,0],[209,936]]
[[0,0],[1,0],[259,936]]
[[0,0],[1,0],[697,936]]
[[0,0],[1,0],[861,936]]
[[0,0],[1,0],[898,936]]
[[0,0],[1,0],[597,936]]
[[0,0],[1,0],[561,936]]
[[0,0],[1,0],[784,936]]
[[0,0],[1,0],[326,936]]
[[0,0],[1,0],[14,936]]
[[0,0],[1,0],[61,936]]
[[0,0],[3,0],[120,312]]
[[0,0],[1,0],[250,936]]
[[0,0],[1,0],[133,936]]
[[0,0],[1,0],[515,936]]
[[0,0],[1,0],[10,936]]
[[0,0],[2,0],[56,468]]
[[0,0],[2,0],[190,468]]
[[0,0],[2,0],[10,468]]
[[0,0],[1,0],[406,936]]
[[0,0],[1,0],[309,936]]
[[0,0],[2,0],[118,468]]
[[0,0],[1,0],[503,936]]
[[0,0],[1,0],[886,936]]
[[0,0],[1,0],[706,936]]
[[0,0],[1,0],[651,936]]
[[0,0],[2,0],[290,468]]
[[0,0],[2,0],[296,468]]
[[0,0],[1,0],[748,936]]
[[0,0],[2,0],[50,468]]
[[0,0],[2,0],[154,468]]
[[0,0],[2,0],[122,468]]
[[0,0],[1,0],[505,936]]
[[0,0],[1,0],[883,936]]
[[0,0],[1,0],[181,936]]
[[0,0],[1,0],[352,936]]
[[0,0],[1,0],[223,936]]
[[0,0],[1,0],[646,936]]
[[0,0],[1,0],[388,936]]
[[0,0],[1,0],[172,936]]
[[0,0],[1,0],[508,936]]
[[0,0],[2,0],[32,468]]
[[0,0],[1,0],[838,936]]
[[0,0],[6,0],[66,156]]
[[0,0],[1,0],[481,936]]
[[0,0],[1,0],[201,936]]
[[0,0],[2,0],[86,468]]
[[0,0],[1,0],[565,936]]
[[0,0],[1,0],[101,936]]
[[0,0],[1,0],[685,936]]
[[0,0],[3,0],[15,312]]
[[0,0],[1,0],[382,936]]
[[0,0],[1,0],[248,936]]
[[0,0],[1,0],[743,936]]
[[0,0],[2,0],[368,468]]
[[0,0],[2,0],[248,468]]
[[0,0],[2,0],[466,468]]
[[0,0],[1,0],[226,936]]
[[0,0],[1,0],[682,936]]
[[0,0],[1,0],[43,936]]
[[0,0],[2,0],[182,468]]
[[0,0],[1,0],[538,936]]
[[0,0],[1,0],[229,936]]
[[0,0],[1,0],[922,936]]
[[0,0],[2,0],[356,468]]
[[0,0],[1,0],[790,936]]
[[0,0],[3,0],[172,312]]
[[0,0],[1,0],[690,936]]
[[0,0],[1,0],[178,936]]
[[0,0],[2,0],[394,468]]
[[0,0],[2,0],[224,468]]
[[0,0],[1,0],[683,936]]
[[0,0],[1,0],[91,936]]
[[0,0],[1,0],[850,936]]
[[0,0],[1,0],[705,936]]
[[0,0],[1,0],[415,936]]
[[0,0],[1,0],[370,936]]
[[0,0],[1,0],[145,936]]
[[0,0],[3,0],[51,312]]
[[0,0],[1,0],[205,936]]
[[0,0],[1,0],[658,936]]
[[0,0],[1,0],[703,936]]
[[0,0],[1,0],[238,936]]
[[0,0],[1,0],[196,936]]
[[0,0],[1,0],[670,936]]
[[0,0],[1,0],[532,936]]
[[0,0],[1,0],[187,936]]
[[0,0],[2,0],[68,468]]
[[0,0],[1,0],[778,936]]
[[0,0],[1,0],[109,936]]
[[0,0],[1,0],[401,936]]
[[0,0],[1,0],[66,936]]
[[0,0],[1,0],[514,936]]
[[0,0],[2,0],[8,468]]
[[0,0],[1,0],[298,936]]
[[0,0],[1,0],[300,936]]
[[0,0],[1,0],[217,936]]
[[0,0],[2,0],[405,468]]
[[0,0],[3,0],[69,312]]
[[0,0],[8,0],[99,117]]
[[0,0],[1,0],[21,936]]
[[0,0],[3,0],[267,312]]
[[0,0],[1,0],[617,936]]
[[0,0],[1,0],[49,936]]
[[0,0],[2,0],[22,468]]
[[0,0],[1,0],[609,936]]
[[0,0],[1,0],[105,936]]
[[0,0],[1,0],[197,936]]
[[0,0],[1,0],[325,936]]
[[0,0],[3,0],[87,312]]
[[0,0],[2,0],[46,468]]
[[0,0],[1,0],[465,936]]
[[0,0],[2,0],[54,468]]
[[0,0],[1,0],[77,936]]
[[0,0],[1,0],[141,936]]
[[0,0],[6,0],[30,156]]
[[0,0],[1,0],[19,936]]
[[0,0],[1,0],[634,936]]
[[0,0],[1,0],[69,936]]
[[0,0],[2,0],[171,468]]
[[0,0],[1,0],[586,936]]
[[0,0],[1,0],[381,936]]
[[0,0],[6,0],[42,156]]
[[0,0],[2,0],[344,468]]
[[0,0],[2,0],[242,468]]
[[0,0],[1,0],[127,936]]
[[0,0],[1,0],[353,936]]
[[0,0],[1,0],[928,936]]
[[0,0],[1,0],[413,936]]
[[0,0],[1,0],[367,936]]
[[0,0],[2,0],[262,468]]
[[0,0],[1,0],[177,936]]
[[0,0],[1,0],[295,936]]
[[0,0],[1,0],[430,936]]
[[0,0],[2,0],[428,468]]
[[0,0],[1,0],[285,936]]
[[0,0],[1,0],[27,936]]
[[0,0],[2,0],[14,468]]
[[0,0],[2,0],[362,468]]
[[0,0],[1,0],[119,936]]
[[0,0],[1,0],[269,936]]
[[0,0],[4,0],[225,234]]
[[0,0],[2,0],[20,468]]
[[0,0],[2,0],[210,468]]
[[0,0],[1,0],[313,936]]
[[0,0],[1,0],[334,936]]
[[0,0],[2,0],[254,468]]
[[0,0],[1,0],[95,936]]
[[0,0],[1,0],[417,936]]
[[0,0],[1,0],[595,936]]
[[0,0],[1,0],[97,936]]
[[0,0],[1,0],[534,936]]
[[0,0],[1,0],[136,936]]
[[0,0],[3,0],[111,312]]
[[0,0],[1,0],[466,936]]
[[0,0],[4,0],[186,234]]
[[0,0],[1,0],[737,936]]
[[0,0],[1,0],[35,936]]
[[0,0],[2,0],[272,468]]
[[0,0],[1,0],[131,936]]
[[0,0],[1,0],[526,936]]
[[0,0],[2,0],[200,468]]
[[0,0],[1,0],[550,936]]
[[0,0],[1,0],[64,936]]
[[0,0],[1,0],[241,936]]
[[0,0],[1,0],[271,936]]
[[0,0],[2,0],[158,468]]
[[0,0],[1,0],[813,936]]
[[0,0],[1,0],[491,936]]
[[0,0],[1,0],[361,936]]
[[0,0],[2,0],[152,468]]
[[0,0],[1,0],[301,936]]
[[0,0],[2,0],[116,468]]
[[0,0],[1,0],[921,936]]
[[0,0],[1,0],[529,936]]
[[0,0],[3,0],[159,312]]
[[0,0],[1,0],[129,936]]
[[0,0],[1,0],[814,936]]
[[0,0],[1,0],[277,936]]
[[0,0],[1,0],[551,936]]
[[0,0],[1,0],[807,936]]
[[0,0],[1,0],[622,936]]
[[0,0],[1,0],[610,936]]
[[0,0],[2,0],[82,468]]
[[0,0],[1,0],[934,936]]
[[0,0],[1,0],[165,936]]
[[0,0],[1,0],[83,936]]
[[0,0],[1,0],[718,936]]
[[0,0],[1,0],[262,936]]
[[0,0],[1,0],[322,936]]
[[0,0],[1,0],[669,936]]
[[0,0],[1,0],[287,936]]
[[0,0],[1,0],[92,936]]
[[0,0],[1,0],[185,936]]
[[0,0],[1,0],[113,936]]
[[0,0],[1,0],[573,936]]
[[0,0],[2,0],[70,468]]
[[0,0],[6,0],[150,156]]
[[0,0],[1,0],[664,936]]
[[0,0],[1,0],[125,936]]
[[0,0],[1,0],[28,936]]
[[0,0],[1,0],[106,936]]
[[0,0],[1,0],[694,936]]
[[0,0],[2,0],[212,468]]
[[0,0],[1,0],[935,936]]
[[0,0],[1,0],[265,936]]
[[0,0],[1,0],[826,936]]
[[0,0],[3,0],[93,312]]
[[0,0],[1,0],[5,936]]
[[0,0],[1,0],[794,936]]
[[0,0],[1,0],[237,936]]
[[0,0],[2,0],[366,468]]
[[0,0],[1,0],[638,936]]
[[0,0],[3,0],[81,312]]
[[0,0],[1,0],[829,936]]
[[0,0],[2,0],[444,468]]
[[0,0],[1,0],[118,936]]
[[0,0],[2,0],[166,468]]
[[0,0],[1,0],[149,936]]
[[0,0],[2,0],[332,468]]
[[0,0],[2,0],[308,468]]
[[0,0],[1,0],[249,936]]
[[0,0],[2,0],[170,468]]
[[0,0],[2,0],[106,468]]
[[0,0],[1,0],[17,936]]
[[0,0],[1,0],[365,936]]
[[0,0],[2,0],[266,468]]
[[0,0],[1,0],[733,936]]
[[0,0],[1,0],[222,936]]
[[0,0],[4,0],[30,234]]
[[0,0],[1,0],[202,936]]
[[0,0],[1,0],[347,936]]
[[0,0],[3,0],[129,312]]
[[0,0],[1,0],[457,936]]
[[0,0],[2,0],[320,468]]
[[0,0],[1,0],[190,936]]
[[0,0],[1,0],[29,936]]
[[0,0],[1,0],[574,936]]
[[0,0],[1,0],[100,936]]
[[0,0],[1,0],[691,936]]
[[0,0],[1,0],[640,936]]
[[0,0],[1,0],[53,936]]
[[0,0],[1,0],[820,936]]
[[0,0],[1,0],[169,936]]
[[0,0],[1,0],[383,936]]
[[0,0],[2,0],[440,468]]
[[0,0],[1,0],[418,936]]
[[0,0],[1,0],[393,936]]
[[0,0],[1,0],[649,936]]
[[0,0],[1,0],[872,936]]
[[0,0],[1,0],[175,936]]
[[0,0],[1,0],[789,936]]
[[0,0],[1,0],[874,936]]
[[0,0],[2,0],[188,468]]
[[0,0],[1,0],[339,936]]
[[0,0],[1,0],[449,936]]
[[0,0],[1,0],[799,936]]
