[[0,0],[1,0],[247,937]]
[[0,0],[1,0],[31,937]]
[[0,0],[1,0],[84,937]]
[[0,0],[1,0],[185,937]]
[[0,0],[1,0],[223,937]]
[[0,0],[1,0],[23,937]]
[[0,0],[1,0],[43,937]]
[[0,0],[1,0],[51,937]]
[[0,0],[1,0],[191,937]]
[[0,0],[1,0],[100,937]]
[[0,0],[1,0],[86,937]]
[[0,0],[1,0],[3,937]]
[[0,0],[1,0],[58,937]]
[[0,0],[1,0],[48,937]]
[[0,0],[1,0],[316,937]]
[[0,0],[1,0],[171,937]]
[[0,0],[1,0],[98,937]]
[[0,0],[1,0],[80,937]]
[[0,0],[1,0],[91,937]]
[[0,0],[1,0],[27,937]]
[[0,0],[1,0],[56,937]]
[[0,0],[1,0],[54,937]]
[[0,0],[1,0],[66,937]]
[[0,0],[1,0],[93,937]]
[[0,0],[1,0],[109,937]]
[[0,0],[1,0],[6,937]]
[[0,0],[1,0],[239,937]]
[[0,0],[1,0],[41,937]]
[[0,0],[1,0],[29,937]]
[[0,0],[1,0],[195,937]]
[[0,0],[1,0],[26,937]]
[[0,0],[1,0],[299,937]]
[[0,0],[1,0],[335,937]]
[[0,0],[1,0],[122,937]]
[[0,0],[1,0],[81,937]]
[[0,0],[1,0],[64,937]]
[[0,0],[1,0],[216,937]]
[[0,0],[1,0],[5,937]]
[[0,0],[1,0],[69,937]]
[[0,0],[1,0],[132,937]]
[[0,0],[1,0],[59,937]]
[[0,0],[1,0],[152,937]]
[[0,0],[1,0],[63,937]]
[[0,0],[1,0],[162,937]]
[[0,0],[1,0],[65,937]]
[[0,0],[1,0],[38,937]]
[[0,0],[1,0],[107,937]]
[[0,0],[1,0],[398,937]]
[[0,0],[1,0],[15,937]]
[[0,0],[1,0],[47,937]]
[[0,0],[1,0],[151,937]]
[[0,0],[1,0],[133,937]]
[[0,0],[1,0],[18,937]]
[[0,0],[1,0],[17,937]]
[[0,0],[1,0],[42,937]]
[[0,0],[1,0],[232,937]]
[[0,0],[1,0],[7,937]]
[[0,0],[1,0],[128,937]]
[[0,0],[1,0],[209,937]]
[[0,0],[1,0],[224,937]]
[[0,0],[1,0],[364,937]]
[[0,0],[1,0],[14,937]]
[[0,0],[1,0],[111,937]]
[[0,0],[1,0],[85,937]]
[[0,0],[1,0],[144,937]]
[[0,0],[1,0],[8,937]]
[[0,0],[1,0],[25,937]]
[[0,0],[1,0],[114,937]]
[[0,0],[1,0],[170,937]]
[[0,0],[1,0],[113,937]]
[[0,0],[1,0],[284,937]]
[[0,0],[1,0],[33,937]]
[[0,0],[1,0],[90,937]]
[[0,0],[1,0],[45,937]]
[[0,0],[1,0],[233,937]]
[[0,0],[1,0],[102,937]]
[[0,0],[1,0],[62,937]]
[[0,0],[1,0],[240,937]]
[[0,0],[1,0],[24,937]]
[[0,0],[1,0],[22,937]]
[[0,0],[1,0],[202,937]]
[[0,0],[1,0],[46,937]]
[[0,0],[1,0],[123,937]]
[[0,0],[1,0],[92,937]]
[[0,0],[1,0],[35,937]]
[[0,0],[1,0],[112,937]]
[[0,0],[1,0],[201,937]]
[[0,0],[1,0],[99,937]]
[[0,0],[1,0],[323,937]]
[[0,0],[1,0],[21,937]]
[[0,0],[1,0],[96,937]]
[[0,0],[1,0],[274,937]]
[[0,0],[1,0],[129,937]]
[[0,0],[1,0],[212,937]]
[[0,0],[1,0],[225,937]]
[[0,0],[1,0],[186,937]]
[[0,0],[1,0],[4,937]]
[[0,0],[1,0],[88,937]]
[[0,0],[1,0],[108,937]]
[[0,0],[1,0],[11,937]]
[[0,0],[1,0],[55,937]]
[[0,0],[1,0],[131,937]]
[[0,0],[1,0],[106,937]]
[[0,0],[1,0],[115,937]]
[[0,0],[1,0],[226,937]]
[[0,0],[1,0],[10,937]]
[[0,0],[1,0],[330,937]]
[[0,0],[1,0],[44,937]]
[[0,0],[1,0],[158,937]]
[[0,0],[1,0],[1,937]]
[[0,0],[1,0],[103,937]]
[[0,0],[1,0],[172,937]]
[[0,0],[1,0],[49,937]]
[[0,0],[1,0],[87,937]]
[[0,0],[1,0],[179,937]]
[[0,0],[1,0],[60,937]]
[[0,0],[1,0],[30,937]]
[[0,0],[1,0],[194,937]]
[[0,0],[1,0],[188,937]]
[[0,0],[1,0],[32,937]]
[[0,0],[1,0],[190,937]]
[[0,0],[1,0],[169,937]]
[[0,0],[1,0],[187,937]]
[[0,0],[1,0],[89,937]]
[[0,0],[1,0],[34,937]]
[[0,0],[1,0],[150,937]]
[[0,0],[1,0],[12,937]]
[[0,0],[1,0],[28,937]]
[[0,0],[1,0],[13,937]]
[[0,0],[1,0],[176,937]]
[[0,0],[1,0],[294,937]]
[[0,0],[1,0],[121,937]]
[[0,0],[1,0],[2,937]]
[[0,0],[1,0],[241,937]]
[[0,0],[1,0],[219,937]]
[[0,0],[1,0],[101,937]]
[[0,0],[1,0],[70,937]]
[[0,0],[1,0],[229,937]]
[[0,0],[1,0],[198,937]]
[[0,0],[1,0],[57,937]]
[[0,0],[1,0],[95,937]]
[[0,0],[1,0],[9,937]]
[[0,0],[1,0],[94,937]]
[[0,0],[1,0],[110,937]]
[[0,0],[1,0],[159,937]]
[[0,0],[1,0],[20,937]]
[[0,0],[1,0],[127,937]]
[[0,0],[1,0],[16,937]]
[[0,0],[1,0],[196,937]]
[[0,0],[1,0],[50,937]]
[[0,0],[1,0],[236,937]]
[[0,0],[1,0],[334,937]]
[[0,0],[1,0],[180,937]]
[[0,0],[1,0],[97,937]]
[[0,0],[1,0],[189,937]]
[[0,0],[1,0],[130,937]]
[[0,0],[1,0],[61,937]]
[[0,0],[1,0],[19,937]]
