[[0,0],[1,0],[39,94]]
[[0,0],[1,0],[33,94]]
[[0,0],[1,0],[9,94]]
[[0,0],[1,0],[35,94]]
[[0,0],[1,0],[67,94]]
[[0,0],[1,0],[51,94]]
[[0,0],[1,0],[65,94]]
[[0,0],[1,0],[93,94]]
[[0,0],[1,0],[25,94]]
[[0,0],[1,0],[48,94]]
[[0,0],[1,0],[23,94]]
[[0,0],[1,0],[11,94]]
[[0,0],[1,0],[5,94]]
[[0,0],[1,0],[49,94]]
[[0,0],[1,0],[75,94]]
[[0,0],[1,0],[17,94]]
[[0,0],[1,0],[1,94]]
[[0,0],[1,0],[37,94]]
[[0,0],[1,0],[31,94]]
[[0,0],[1,0],[3,94]]
[[0,0],[1,0],[7,94]]
[[0,0],[1,0],[13,94]]
[[0,0],[1,0],[73,94]]
[[0,0],[1,0],[15,94]]
[[0,0],[1,0],[53,94]]
