[[0,0],[1,0],[769,940]]
[[0,0],[1,0],[596,940]]
[[0,0],[1,0],[43,940]]
[[0,0],[1,0],[156,940]]
[[0,0],[1,0],[686,940]]
[[0,0],[1,0],[433,940]]
[[0,0],[1,0],[409,940]]
[[0,0],[1,0],[249,940]]
[[0,0],[1,0],[421,940]]
[[0,0],[1,0],[436,940]]
[[0,0],[1,0],[336,940]]
[[0,0],[1,0],[283,940]]
[[0,0],[1,0],[816,940]]
[[0,0],[1,0],[581,940]]
[[0,0],[1,0],[406,940]]
[[0,0],[1,0],[330,940]]
[[0,0],[1,0],[496,940]]
[[0,0],[1,0],[866,940]]
[[0,0],[1,0],[387,940]]
[[0,0],[1,0],[356,940]]
[[0,0],[1,0],[161,940]]
[[0,0],[1,0],[367,940]]
[[0,0],[1,0],[226,940]]
[[0,0],[1,0],[223,940]]
[[0,0],[1,0],[81,940]]
[[0,0],[1,0],[33,940]]
[[0,0],[2,0],[76,470]]
[[0,0],[1,0],[231,940]]
[[0,0],[1,0],[237,940]]
[[0,0],[1,0],[357,940]]
[[0,0],[2,0],[106,470]]
[[0,0],[2,0],[32,470]]
[[0,0],[1,0],[706,940]]
[[0,0],[2,0],[12,470]]
[[0,0],[2,0],[68,470]]
[[0,0],[1,0],[619,940]]
[[0,0],[1,0],[273,940]]
[[0,0],[1,0],[183,940]]
[[0,0],[1,0],[856,940]]
[[0,0],[1,0],[416,940]]
[[0,0],[1,0],[626,940]]
[[0,0],[1,0],[133,940]]
[[0,0],[1,0],[449,940]]
[[0,0],[1,0],[776,940]]
[[0,0],[1,0],[343,940]]
[[0,0],[1,0],[377,940]]
[[0,0],[1,0],[267,940]]
[[0,0],[2,0],[82,470]]
[[0,0],[2,0],[2,470]]
[[0,0],[1,0],[39,940]]
[[0,0],[1,0],[347,940]]
[[0,0],[2,0],[34,470]]
[[0,0],[2,0],[58,470]]
[[0,0],[1,0],[196,940]]
[[0,0],[2,0],[96,470]]
[[0,0],[2,0],[126,470]]
[[0,0],[1,0],[77,940]]
[[0,0],[2,0],[8,470]]
[[0,0],[2,0],[352,470]]
[[0,0],[1,0],[83,940]]
[[0,0],[1,0],[197,940]]
[[0,0],[1,0],[216,940]]
[[0,0],[1,0],[551,940]]
[[0,0],[1,0],[269,940]]
[[0,0],[1,0],[771,940]]
[[0,0],[1,0],[203,940]]
[[0,0],[1,0],[246,940]]
[[0,0],[1,0],[427,940]]
[[0,0],[1,0],[426,940]]
[[0,0],[1,0],[546,940]]
[[0,0],[1,0],[431,940]]
[[0,0],[1,0],[800,940]]
[[0,0],[1,0],[69,940]]
[[0,0],[1,0],[723,940]]
[[0,0],[1,0],[48,940]]
[[0,0],[1,0],[313,940]]
[[0,0],[1,0],[841,940]]
[[0,0],[1,0],[571,940]]
[[0,0],[1,0],[453,940]]
[[0,0],[2,0],[124,470]]
[[0,0],[1,0],[549,940]]
[[0,0],[1,0],[236,940]]
[[0,0],[1,0],[11,940]]
[[0,0],[1,0],[319,940]]
[[0,0],[1,0],[736,940]]
[[0,0],[1,0],[67,940]]
[[0,0],[1,0],[566,940]]
[[0,0],[2,0],[190,470]]
[[0,0],[1,0],[1,940]]
[[0,0],[1,0],[896,940]]
[[0,0],[2,0],[28,470]]
[[0,0],[1,0],[117,940]]
[[0,0],[1,0],[79,940]]
[[0,0],[1,0],[136,940]]
[[0,0],[1,0],[656,940]]
[[0,0],[2,0],[122,470]]
[[0,0],[1,0],[471,940]]
[[0,0],[1,0],[66,940]]
[[0,0],[1,0],[759,940]]
[[0,0],[1,0],[481,940]]
[[0,0],[1,0],[63,940]]
[[0,0],[1,0],[291,940]]
[[0,0],[1,0],[266,940]]
[[0,0],[1,0],[467,940]]
[[0,0],[1,0],[111,940]]
[[0,0],[2,0],[6,470]]
[[0,0],[2,0],[202,470]]
[[0,0],[1,0],[7,940]]
[[0,0],[1,0],[163,940]]
[[0,0],[1,0],[27,940]]
[[0,0],[1,0],[229,940]]
[[0,0],[1,0],[849,940]]
[[0,0],[1,0],[916,940]]
[[0,0],[1,0],[817,940]]
[[0,0],[1,0],[386,940]]
[[0,0],[1,0],[796,940]]
[[0,0],[2,0],[14,470]]
[[0,0],[1,0],[296,940]]
[[0,0],[1,0],[379,940]]
[[0,0],[1,0],[97,940]]
[[0,0],[1,0],[176,940]]
[[0,0],[1,0],[46,940]]
[[0,0],[1,0],[547,940]]
[[0,0],[1,0],[173,940]]
[[0,0],[1,0],[886,940]]
[[0,0],[1,0],[466,940]]
[[0,0],[1,0],[557,940]]
[[0,0],[1,0],[211,940]]
[[0,0],[1,0],[939,940]]
[[0,0],[2,0],[425,470]]
[[0,0],[1,0],[187,940]]
[[0,0],[1,0],[139,940]]
[[0,0],[1,0],[259,940]]
[[0,0],[2,0],[46,470]]
[[0,0],[1,0],[287,940]]
[[0,0],[1,0],[106,940]]
[[0,0],[1,0],[301,940]]
[[0,0],[1,0],[113,940]]
[[0,0],[1,0],[166,940]]
[[0,0],[2,0],[62,470]]
[[0,0],[1,0],[89,940]]
[[0,0],[1,0],[836,940]]
[[0,0],[1,0],[766,940]]
[[0,0],[1,0],[146,940]]
[[0,0],[2,0],[18,470]]
[[0,0],[1,0],[261,940]]
[[0,0],[1,0],[306,940]]
[[0,0],[1,0],[518,940]]
[[0,0],[2,0],[52,470]]
[[0,0],[2,0],[252,470]]
[[0,0],[1,0],[116,940]]
[[0,0],[1,0],[366,940]]
[[0,0],[1,0],[616,940]]
[[0,0],[1,0],[646,940]]
[[0,0],[2,0],[26,470]]
[[0,0],[1,0],[177,940]]
[[0,0],[1,0],[373,940]]
[[0,0],[1,0],[501,940]]
[[0,0],[1,0],[219,940]]
[[0,0],[1,0],[37,940]]
[[0,0],[1,0],[631,940]]
[[0,0],[1,0],[826,940]]
[[0,0],[2,0],[48,470]]
[[0,0],[2,0],[132,470]]
[[0,0],[1,0],[906,940]]
[[0,0],[1,0],[351,940]]
[[0,0],[1,0],[9,940]]
[[0,0],[1,0],[707,940]]
[[0,0],[1,0],[213,940]]
[[0,0],[1,0],[257,940]]
[[0,0],[1,0],[523,940]]
[[0,0],[1,0],[206,940]]
[[0,0],[1,0],[726,940]]
[[0,0],[1,0],[189,940]]
[[0,0],[2,0],[152,470]]
[[0,0],[1,0],[126,940]]
[[0,0],[1,0],[689,940]]
[[0,0],[1,0],[149,940]]
[[0,0],[1,0],[96,940]]
[[0,0],[2,0],[4,470]]
[[0,0],[1,0],[86,940]]
[[0,0],[1,0],[806,940]]
[[0,0],[1,0],[537,940]]
[[0,0],[1,0],[456,940]]
[[0,0],[1,0],[503,940]]
[[0,0],[2,0],[302,470]]
[[0,0],[1,0],[49,940]]
[[0,0],[1,0],[407,940]]
[[0,0],[1,0],[53,940]]
[[0,0],[1,0],[286,940]]
[[0,0],[1,0],[786,940]]
[[0,0],[1,0],[297,940]]
[[0,0],[1,0],[277,940]]
[[0,0],[1,0],[36,940]]
[[0,0],[1,0],[936,940]]
[[0,0],[2,0],[22,470]]
[[0,0],[1,0],[186,940]]
[[0,0],[2,0],[74,470]]
[[0,0],[1,0],[3,940]]
[[0,0],[1,0],[883,940]]
[[0,0],[1,0],[317,940]]
[[0,0],[2,0],[104,470]]
[[0,0],[1,0],[307,940]]
[[0,0],[1,0],[751,940]]
[[0,0],[1,0],[247,940]]
[[0,0],[1,0],[95,940]]
[[0,0],[1,0],[697,940]]
[[0,0],[1,0],[876,940]]
[[0,0],[1,0],[241,940]]
[[0,0],[2,0],[272,470]]
[[0,0],[1,0],[493,940]]
[[0,0],[1,0],[716,940]]
[[0,0],[1,0],[647,940]]
[[0,0],[2,0],[232,470]]
[[0,0],[1,0],[821,940]]
[[0,0],[1,0],[142,940]]
[[0,0],[1,0],[666,940]]
[[0,0],[1,0],[819,940]]
[[0,0],[1,0],[151,940]]
[[0,0],[1,0],[191,940]]
[[0,0],[1,0],[617,940]]
[[0,0],[1,0],[476,940]]
[[0,0],[1,0],[397,940]]
[[0,0],[1,0],[193,940]]
[[0,0],[1,0],[424,940]]
[[0,0],[2,0],[24,470]]
[[0,0],[1,0],[536,940]]
[[0,0],[1,0],[577,940]]
[[0,0],[1,0],[16,940]]
[[0,0],[1,0],[201,940]]
[[0,0],[2,0],[16,470]]
[[0,0],[1,0],[516,940]]
[[0,0],[1,0],[103,940]]
[[0,0],[1,0],[486,940]]
[[0,0],[1,0],[676,940]]
[[0,0],[1,0],[701,940]]
[[0,0],[1,0],[147,940]]
[[0,0],[1,0],[483,940]]
[[0,0],[1,0],[303,940]]
[[0,0],[1,0],[59,940]]
[[0,0],[4,0],[145,235]]
[[0,0],[1,0],[227,940]]
[[0,0],[2,0],[44,470]]
[[0,0],[2,0],[372,470]]
[[0,0],[1,0],[926,940]]
[[0,0],[1,0],[31,940]]
[[0,0],[1,0],[746,940]]
[[0,0],[1,0],[659,940]]
[[0,0],[1,0],[289,940]]
[[0,0],[1,0],[137,940]]
[[0,0],[1,0],[499,940]]
[[0,0],[1,0],[76,940]]
[[0,0],[1,0],[23,940]]
[[0,0],[1,0],[21,940]]
[[0,0],[1,0],[107,940]]
[[0,0],[1,0],[143,940]]
[[0,0],[1,0],[756,940]]
[[0,0],[1,0],[333,940]]
[[0,0],[1,0],[609,940]]
[[0,0],[1,0],[556,940]]
[[0,0],[1,0],[894,940]]
[[0,0],[1,0],[489,940]]
[[0,0],[1,0],[346,940]]
[[0,0],[2,0],[92,470]]
[[0,0],[1,0],[221,940]]
[[0,0],[1,0],[13,940]]
[[0,0],[1,0],[51,940]]
[[0,0],[1,0],[361,940]]
[[0,0],[1,0],[511,940]]
[[0,0],[1,0],[159,940]]
[[0,0],[1,0],[341,940]]
[[0,0],[2,0],[322,470]]
[[0,0],[1,0],[831,940]]
[[0,0],[1,0],[612,940]]
[[0,0],[1,0],[731,940]]
[[0,0],[1,0],[606,940]]
[[0,0],[1,0],[101,940]]
[[0,0],[1,0],[311,940]]
[[0,0],[1,0],[526,940]]
[[0,0],[1,0],[179,940]]
[[0,0],[1,0],[479,940]]
[[0,0],[1,0],[613,940]]
[[0,0],[1,0],[559,940]]
[[0,0],[1,0],[413,940]]
[[0,0],[1,0],[469,940]]
[[0,0],[2,0],[72,470]]
[[0,0],[1,0],[6,940]]
[[0,0],[1,0],[587,940]]
[[0,0],[1,0],[71,940]]
[[0,0],[1,0],[29,940]]
[[0,0],[1,0],[497,940]]
[[0,0],[2,0],[378,470]]
[[0,0],[1,0],[256,940]]
[[0,0],[1,0],[349,940]]
[[0,0],[1,0],[541,940]]
[[0,0],[1,0],[73,940]]
[[0,0],[1,0],[477,940]]
[[0,0],[1,0],[603,940]]
[[0,0],[1,0],[636,940]]
[[0,0],[1,0],[41,940]]
[[0,0],[1,0],[19,940]]
[[0,0],[1,0],[529,940]]
[[0,0],[1,0],[253,940]]
[[0,0],[1,0],[576,940]]
[[0,0],[1,0],[167,940]]
[[0,0],[1,0],[419,940]]
[[0,0],[1,0],[669,940]]
[[0,0],[1,0],[127,940]]
[[0,0],[1,0],[371,940]]
[[0,0],[1,0],[17,940]]
[[0,0],[1,0],[131,940]]
[[0,0],[1,0],[61,940]]
[[0,0],[1,0],[506,940]]
[[0,0],[1,0],[539,940]]
[[0,0],[1,0],[93,940]]
[[0,0],[1,0],[87,940]]
[[0,0],[1,0],[207,940]]
[[0,0],[1,0],[157,940]]
[[0,0],[1,0],[153,940]]
[[0,0],[2,0],[42,470]]
[[0,0],[1,0],[326,940]]
[[0,0],[1,0],[586,940]]
[[0,0],[1,0],[263,940]]
[[0,0],[1,0],[661,940]]
[[0,0],[2,0],[162,470]]
[[0,0],[1,0],[129,940]]
[[0,0],[2,0],[142,470]]
[[0,0],[1,0],[199,940]]
[[0,0],[1,0],[565,940]]
[[0,0],[2,0],[56,470]]
[[0,0],[1,0],[316,940]]
[[0,0],[1,0],[56,940]]
[[0,0],[1,0],[299,940]]
[[0,0],[1,0],[339,940]]
[[0,0],[1,0],[26,940]]
[[0,0],[1,0],[281,940]]
[[0,0],[1,0],[446,940]]
[[0,0],[2,0],[108,470]]
[[0,0],[1,0],[696,940]]
[[0,0],[1,0],[276,940]]
[[0,0],[1,0],[396,940]]
[[0,0],[2,0],[102,470]]
