[[0,0],[1,0],[61,941]]
[[0,0],[1,0],[31,941]]
[[0,0],[1,0],[43,941]]
[[0,0],[1,0],[51,941]]
[[0,0],[1,0],[23,941]]
[[0,0],[1,0],[223,941]]
[[0,0],[1,0],[86,941]]
[[0,0],[1,0],[3,941]]
[[0,0],[1,0],[327,941]]
[[0,0],[1,0],[301,941]]
[[0,0],[1,0],[227,941]]
[[0,0],[1,0],[80,941]]
[[0,0],[1,0],[91,941]]
[[0,0],[1,0],[73,941]]
[[0,0],[1,0],[27,941]]
[[0,0],[1,0],[56,941]]
[[0,0],[1,0],[54,941]]
[[0,0],[1,0],[66,941]]
[[0,0],[1,0],[6,941]]
[[0,0],[1,0],[93,941]]
[[0,0],[1,0],[41,941]]
[[0,0],[1,0],[160,941]]
[[0,0],[1,0],[195,941]]
[[0,0],[1,0],[134,941]]
[[0,0],[1,0],[29,941]]
[[0,0],[1,0],[81,941]]
[[0,0],[1,0],[26,941]]
[[0,0],[1,0],[64,941]]
[[0,0],[1,0],[216,941]]
[[0,0],[1,0],[76,941]]
[[0,0],[1,0],[59,941]]
[[0,0],[1,0],[5,941]]
[[0,0],[1,0],[69,941]]
[[0,0],[1,0],[132,941]]
[[0,0],[1,0],[338,941]]
[[0,0],[1,0],[65,941]]
[[0,0],[1,0],[38,941]]
[[0,0],[1,0],[63,941]]
[[0,0],[1,0],[162,941]]
[[0,0],[1,0],[107,941]]
[[0,0],[1,0],[324,941]]
[[0,0],[1,0],[125,941]]
[[0,0],[1,0],[333,941]]
[[0,0],[1,0],[165,941]]
[[0,0],[1,0],[15,941]]
[[0,0],[1,0],[17,941]]
[[0,0],[1,0],[124,941]]
[[0,0],[1,0],[120,941]]
[[0,0],[1,0],[133,941]]
[[0,0],[1,0],[232,941]]
[[0,0],[1,0],[356,941]]
[[0,0],[1,0],[18,941]]
[[0,0],[1,0],[218,941]]
[[0,0],[1,0],[128,941]]
[[0,0],[1,0],[217,941]]
[[0,0],[1,0],[42,941]]
[[0,0],[1,0],[7,941]]
[[0,0],[1,0],[105,941]]
[[0,0],[1,0],[135,941]]
[[0,0],[1,0],[141,941]]
[[0,0],[1,0],[52,941]]
[[0,0],[1,0],[14,941]]
[[0,0],[1,0],[250,941]]
[[0,0],[1,0],[144,941]]
[[0,0],[1,0],[8,941]]
[[0,0],[1,0],[79,941]]
[[0,0],[1,0],[25,941]]
[[0,0],[1,0],[119,941]]
[[0,0],[1,0],[403,941]]
[[0,0],[1,0],[114,941]]
[[0,0],[1,0],[170,941]]
[[0,0],[1,0],[306,941]]
[[0,0],[1,0],[33,941]]
[[0,0],[1,0],[213,941]]
[[0,0],[1,0],[102,941]]
[[0,0],[1,0],[62,941]]
[[0,0],[1,0],[45,941]]
[[0,0],[1,0],[255,941]]
[[0,0],[1,0],[53,941]]
[[0,0],[1,0],[211,941]]
[[0,0],[1,0],[24,941]]
[[0,0],[1,0],[22,941]]
[[0,0],[1,0],[46,941]]
[[0,0],[1,0],[177,941]]
[[0,0],[1,0],[249,941]]
[[0,0],[1,0],[35,941]]
[[0,0],[1,0],[92,941]]
[[0,0],[1,0],[137,941]]
[[0,0],[1,0],[267,941]]
[[0,0],[1,0],[21,941]]
[[0,0],[1,0],[264,941]]
[[0,0],[1,0],[67,941]]
[[0,0],[1,0],[344,941]]
[[0,0],[1,0],[206,941]]
[[0,0],[1,0],[118,941]]
[[0,0],[1,0],[212,941]]
[[0,0],[1,0],[357,941]]
[[0,0],[1,0],[136,941]]
[[0,0],[1,0],[74,941]]
[[0,0],[1,0],[4,941]]
[[0,0],[1,0],[88,941]]
[[0,0],[1,0],[104,941]]
[[0,0],[1,0],[11,941]]
[[0,0],[1,0],[131,941]]
[[0,0],[1,0],[55,941]]
[[0,0],[1,0],[215,941]]
[[0,0],[1,0],[106,941]]
[[0,0],[1,0],[10,941]]
[[0,0],[1,0],[1,941]]
[[0,0],[1,0],[78,941]]
[[0,0],[1,0],[175,941]]
[[0,0],[1,0],[44,941]]
[[0,0],[1,0],[49,941]]
[[0,0],[1,0],[343,941]]
[[0,0],[1,0],[103,941]]
[[0,0],[1,0],[220,941]]
[[0,0],[1,0],[200,941]]
[[0,0],[1,0],[145,941]]
[[0,0],[1,0],[87,941]]
[[0,0],[1,0],[30,941]]
[[0,0],[1,0],[40,941]]
[[0,0],[1,0],[143,941]]
[[0,0],[1,0],[39,941]]
[[0,0],[1,0],[32,941]]
[[0,0],[1,0],[60,941]]
[[0,0],[1,0],[199,941]]
[[0,0],[1,0],[75,941]]
[[0,0],[1,0],[161,941]]
[[0,0],[1,0],[36,941]]
[[0,0],[1,0],[34,941]]
[[0,0],[1,0],[176,941]]
[[0,0],[1,0],[12,941]]
[[0,0],[1,0],[28,941]]
[[0,0],[1,0],[13,941]]
[[0,0],[1,0],[142,941]]
[[0,0],[1,0],[219,941]]
[[0,0],[1,0],[2,941]]
[[0,0],[1,0],[68,941]]
[[0,0],[1,0],[376,941]]
[[0,0],[1,0],[70,941]]
[[0,0],[1,0],[198,941]]
[[0,0],[1,0],[126,941]]
[[0,0],[1,0],[101,941]]
[[0,0],[1,0],[37,941]]
[[0,0],[1,0],[9,941]]
[[0,0],[1,0],[77,941]]
[[0,0],[1,0],[16,941]]
[[0,0],[1,0],[214,941]]
[[0,0],[1,0],[159,941]]
[[0,0],[1,0],[20,941]]
[[0,0],[1,0],[127,941]]
[[0,0],[1,0],[82,941]]
[[0,0],[1,0],[174,941]]
[[0,0],[1,0],[50,941]]
[[0,0],[1,0],[313,941]]
[[0,0],[1,0],[192,941]]
[[0,0],[1,0],[180,941]]
[[0,0],[1,0],[19,941]]
