[[0,0],[1,0],[521,944]]
[[0,0],[1,0],[591,944]]
[[0,0],[1,0],[385,944]]
[[0,0],[1,0],[655,944]]
[[0,0],[2,0],[346,472]]
[[0,0],[1,0],[309,944]]
[[0,0],[1,0],[391,944]]
[[0,0],[1,0],[425,944]]
[[0,0],[1,0],[367,944]]
[[0,0],[2,0],[402,472]]
[[0,0],[1,0],[233,944]]
[[0,0],[1,0],[433,944]]
[[0,0],[1,0],[231,944]]
[[0,0],[1,0],[357,944]]
[[0,0],[1,0],[283,944]]
[[0,0],[1,0],[783,944]]
[[0,0],[1,0],[789,944]]
[[0,0],[2,0],[154,472]]
[[0,0],[1,0],[235,944]]
[[0,0],[1,0],[215,944]]
[[0,0],[1,0],[595,944]]
[[0,0],[1,0],[619,944]]
[[0,0],[1,0],[237,944]]
[[0,0],[1,0],[33,944]]
[[0,0],[1,0],[133,944]]
[[0,0],[1,0],[543,944]]
[[0,0],[1,0],[387,944]]
[[0,0],[2,0],[66,472]]
[[0,0],[4,0],[4,236]]
[[0,0],[1,0],[39,944]]
[[0,0],[1,0],[943,944]]
[[0,0],[1,0],[719,944]]
[[0,0],[4,0],[12,236]]
[[0,0],[1,0],[81,944]]
[[0,0],[1,0],[399,944]]
[[0,0],[1,0],[449,944]]
[[0,0],[2,0],[222,472]]
[[0,0],[1,0],[183,944]]
[[0,0],[1,0],[599,944]]
[[0,0],[4,0],[24,236]]
[[0,0],[1,0],[323,944]]
[[0,0],[1,0],[197,944]]
[[0,0],[1,0],[551,944]]
[[0,0],[1,0],[273,944]]
[[0,0],[2,0],[294,472]]
[[0,0],[2,0],[58,472]]
[[0,0],[1,0],[77,944]]
[[0,0],[2,0],[82,472]]
[[0,0],[1,0],[203,944]]
[[0,0],[2,0],[2,472]]
[[0,0],[1,0],[69,944]]
[[0,0],[1,0],[427,944]]
[[0,0],[1,0],[269,944]]
[[0,0],[1,0],[347,944]]
[[0,0],[1,0],[195,944]]
[[0,0],[2,0],[34,472]]
[[0,0],[1,0],[83,944]]
[[0,0],[1,0],[99,944]]
[[0,0],[1,0],[25,944]]
[[0,0],[1,0],[532,944]]
[[0,0],[4,0],[100,236]]
[[0,0],[1,0],[431,944]]
[[0,0],[1,0],[313,944]]
[[0,0],[1,0],[453,944]]
[[0,0],[1,0],[251,944]]
[[0,0],[1,0],[473,944]]
[[0,0],[1,0],[561,944]]
[[0,0],[1,0],[327,944]]
[[0,0],[2,0],[286,472]]
[[0,0],[1,0],[321,944]]
[[0,0],[2,0],[278,472]]
[[0,0],[1,0],[11,944]]
[[0,0],[1,0],[353,944]]
[[0,0],[1,0],[337,944]]
[[0,0],[1,0],[57,944]]
[[0,0],[1,0],[525,944]]
[[0,0],[1,0],[165,944]]
[[0,0],[1,0],[781,944]]
[[0,0],[1,0],[841,944]]
[[0,0],[1,0],[571,944]]
[[0,0],[1,0],[721,944]]
[[0,0],[1,0],[79,944]]
[[0,0],[1,0],[459,944]]
[[0,0],[1,0],[1,944]]
[[0,0],[1,0],[839,944]]
[[0,0],[2,0],[190,472]]
[[0,0],[2,0],[274,472]]
[[0,0],[1,0],[319,944]]
[[0,0],[1,0],[117,944]]
[[0,0],[2,0],[122,472]]
[[0,0],[1,0],[481,944]]
[[0,0],[1,0],[67,944]]
[[0,0],[1,0],[7,944]]
[[0,0],[1,0],[471,944]]
[[0,0],[1,0],[55,944]]
[[0,0],[1,0],[229,944]]
[[0,0],[1,0],[181,944]]
[[0,0],[1,0],[111,944]]
[[0,0],[1,0],[275,944]]
[[0,0],[4,0],[76,236]]
[[0,0],[2,0],[6,472]]
[[0,0],[2,0],[266,472]]
[[0,0],[1,0],[75,944]]
[[0,0],[2,0],[10,472]]
[[0,0],[2,0],[202,472]]
[[0,0],[1,0],[123,944]]
[[0,0],[1,0],[141,944]]
[[0,0],[1,0],[60,944]]
[[0,0],[1,0],[768,944]]
[[0,0],[1,0],[291,944]]
[[0,0],[1,0],[145,944]]
[[0,0],[1,0],[296,944]]
[[0,0],[1,0],[27,944]]
[[0,0],[1,0],[217,944]]
[[0,0],[2,0],[234,472]]
[[0,0],[2,0],[14,472]]
[[0,0],[2,0],[30,472]]
[[0,0],[1,0],[363,944]]
[[0,0],[4,0],[20,236]]
[[0,0],[1,0],[677,944]]
[[0,0],[1,0],[5,944]]
[[0,0],[1,0],[173,944]]
[[0,0],[1,0],[139,944]]
[[0,0],[1,0],[97,944]]
[[0,0],[2,0],[134,472]]
[[0,0],[1,0],[567,944]]
[[0,0],[2,0],[382,472]]
[[0,0],[1,0],[211,944]]
[[0,0],[1,0],[637,944]]
[[0,0],[1,0],[379,944]]
[[0,0],[1,0],[899,944]]
[[0,0],[1,0],[245,944]]
[[0,0],[1,0],[47,944]]
[[0,0],[1,0],[89,944]]
[[0,0],[2,0],[46,472]]
[[0,0],[1,0],[178,944]]
[[0,0],[1,0],[261,944]]
[[0,0],[1,0],[187,944]]
[[0,0],[1,0],[679,944]]
[[0,0],[1,0],[886,944]]
[[0,0],[1,0],[115,944]]
[[0,0],[1,0],[287,944]]
[[0,0],[2,0],[62,472]]
[[0,0],[1,0],[259,944]]
[[0,0],[1,0],[37,944]]
[[0,0],[1,0],[113,944]]
[[0,0],[1,0],[809,944]]
[[0,0],[2,0],[18,472]]
[[0,0],[2,0],[26,472]]
[[0,0],[2,0],[166,472]]
[[0,0],[2,0],[238,472]]
[[0,0],[1,0],[501,944]]
[[0,0],[1,0],[755,944]]
[[0,0],[1,0],[650,944]]
[[0,0],[1,0],[185,944]]
[[0,0],[2,0],[38,472]]
[[0,0],[1,0],[555,944]]
[[0,0],[1,0],[414,944]]
[[0,0],[1,0],[881,944]]
[[0,0],[1,0],[665,944]]
[[0,0],[1,0],[219,944]]
[[0,0],[1,0],[527,944]]
[[0,0],[1,0],[381,944]]
[[0,0],[1,0],[331,944]]
[[0,0],[1,0],[435,944]]
[[0,0],[2,0],[130,472]]
[[0,0],[1,0],[257,944]]
[[0,0],[1,0],[537,944]]
[[0,0],[1,0],[213,944]]
[[0,0],[1,0],[9,944]]
[[0,0],[1,0],[255,944]]
[[0,0],[2,0],[242,472]]
[[0,0],[1,0],[351,944]]
[[0,0],[1,0],[149,944]]
[[0,0],[1,0],[15,944]]
[[0,0],[1,0],[503,944]]
[[0,0],[2,0],[22,472]]
[[0,0],[2,0],[298,472]]
[[0,0],[2,0],[302,472]]
[[0,0],[1,0],[53,944]]
[[0,0],[1,0],[647,944]]
[[0,0],[1,0],[277,944]]
[[0,0],[2,0],[74,472]]
[[0,0],[1,0],[429,944]]
[[0,0],[1,0],[705,944]]
[[0,0],[1,0],[493,944]]
[[0,0],[1,0],[65,944]]
[[0,0],[1,0],[487,944]]
[[0,0],[1,0],[49,944]]
[[0,0],[2,0],[358,472]]
[[0,0],[1,0],[247,944]]
[[0,0],[1,0],[317,944]]
[[0,0],[2,0],[110,472]]
[[0,0],[1,0],[3,944]]
[[0,0],[1,0],[397,944]]
[[0,0],[1,0],[601,944]]
[[0,0],[2,0],[314,472]]
[[0,0],[1,0],[643,944]]
[[0,0],[2,0],[254,472]]
[[0,0],[1,0],[95,944]]
[[0,0],[1,0],[369,944]]
[[0,0],[1,0],[629,944]]
[[0,0],[1,0],[193,944]]
[[0,0],[1,0],[205,944]]
[[0,0],[1,0],[151,944]]
[[0,0],[1,0],[119,944]]
[[0,0],[1,0],[447,944]]
[[0,0],[1,0],[241,944]]
[[0,0],[2,0],[150,472]]
[[0,0],[1,0],[785,944]]
[[0,0],[4,0],[8,236]]
[[0,0],[4,0],[16,236]]
[[0,0],[2,0],[258,472]]
[[0,0],[1,0],[303,944]]
[[0,0],[1,0],[191,944]]
[[0,0],[1,0],[375,944]]
[[0,0],[1,0],[147,944]]
[[0,0],[1,0],[201,944]]
[[0,0],[1,0],[107,944]]
[[0,0],[1,0],[659,944]]
[[0,0],[1,0],[143,944]]
[[0,0],[1,0],[455,944]]
[[0,0],[1,0],[499,944]]
[[0,0],[1,0],[461,944]]
[[0,0],[2,0],[54,472]]
[[0,0],[1,0],[101,944]]
[[0,0],[1,0],[609,944]]
[[0,0],[4,0],[28,236]]
[[0,0],[1,0],[23,944]]
[[0,0],[1,0],[21,944]]
[[0,0],[1,0],[13,944]]
[[0,0],[1,0],[137,944]]
[[0,0],[1,0],[31,944]]
[[0,0],[1,0],[639,944]]
[[0,0],[1,0],[475,944]]
[[0,0],[2,0],[290,472]]
[[0,0],[1,0],[227,944]]
[[0,0],[1,0],[85,944]]
[[0,0],[2,0],[356,472]]
[[0,0],[1,0],[51,944]]
[[0,0],[1,0],[71,944]]
[[0,0],[2,0],[386,472]]
[[0,0],[2,0],[146,472]]
[[0,0],[2,0],[226,472]]
[[0,0],[1,0],[209,944]]
[[0,0],[1,0],[341,944]]
[[0,0],[1,0],[179,944]]
[[0,0],[1,0],[169,944]]
[[0,0],[1,0],[271,944]]
[[0,0],[1,0],[361,944]]
[[0,0],[1,0],[311,944]]
[[0,0],[1,0],[221,944]]
[[0,0],[1,0],[329,944]]
[[0,0],[1,0],[125,944]]
[[0,0],[2,0],[50,472]]
[[0,0],[1,0],[175,944]]
[[0,0],[1,0],[479,944]]
[[0,0],[2,0],[262,472]]
[[0,0],[1,0],[439,944]]
[[0,0],[1,0],[167,944]]
[[0,0],[1,0],[121,944]]
[[0,0],[1,0],[73,944]]
[[0,0],[1,0],[29,944]]
[[0,0],[4,0],[32,236]]
[[0,0],[1,0],[19,944]]
[[0,0],[1,0],[171,944]]
[[0,0],[1,0],[541,944]]
[[0,0],[1,0],[611,944]]
[[0,0],[1,0],[477,944]]
[[0,0],[1,0],[41,944]]
[[0,0],[1,0],[263,944]]
[[0,0],[4,0],[36,236]]
[[0,0],[1,0],[153,944]]
[[0,0],[2,0],[120,472]]
[[0,0],[2,0],[98,472]]
[[0,0],[1,0],[371,944]]
[[0,0],[1,0],[207,944]]
[[0,0],[1,0],[243,944]]
[[0,0],[1,0],[253,944]]
[[0,0],[1,0],[199,944]]
[[0,0],[1,0],[365,944]]
[[0,0],[1,0],[825,944]]
[[0,0],[1,0],[395,944]]
[[0,0],[1,0],[87,944]]
[[0,0],[1,0],[529,944]]
[[0,0],[2,0],[42,472]]
[[0,0],[1,0],[437,944]]
[[0,0],[2,0],[94,472]]
[[0,0],[1,0],[539,944]]
[[0,0],[1,0],[127,944]]
[[0,0],[1,0],[299,944]]
[[0,0],[1,0],[61,944]]
[[0,0],[1,0],[129,944]]
[[0,0],[1,0],[93,944]]
[[0,0],[1,0],[17,944]]
[[0,0],[1,0],[281,944]]
[[0,0],[1,0],[853,944]]
[[0,0],[1,0],[131,944]]
[[0,0],[1,0],[157,944]]
[[0,0],[1,0],[909,944]]
[[0,0],[2,0],[334,472]]
[[0,0],[2,0],[142,472]]
[[0,0],[1,0],[355,944]]
[[0,0],[2,0],[162,472]]
[[0,0],[1,0],[339,944]]
[[0,0],[2,0],[470,472]]
[[0,0],[2,0],[366,472]]
[[0,0],[1,0],[533,944]]
[[0,0],[1,0],[43,944]]
[[0,0],[1,0],[109,944]]
[[0,0],[1,0],[651,944]]
[[0,0],[2,0],[102,472]]
[[0,0],[1,0],[585,944]]
[[0,0],[1,0],[421,944]]
[[0,0],[1,0],[409,944]]
[[0,0],[1,0],[249,944]]
[[0,0],[2,0],[78,472]]
