[[0,0],[1,0],[778,948]]
[[0,0],[1,0],[574,948]]
[[0,0],[1,0],[382,948]]
[[0,0],[1,0],[581,948]]
[[0,0],[1,0],[394,948]]
[[0,0],[1,0],[457,948]]
[[0,0],[1,0],[694,948]]
[[0,0],[1,0],[885,948]]
[[0,0],[1,0],[803,948]]
[[0,0],[3,0],[240,316]]
[[0,0],[1,0],[514,948]]
[[0,0],[1,0],[391,948]]
[[0,0],[1,0],[309,948]]
[[0,0],[1,0],[673,948]]
[[0,0],[2,0],[284,474]]
[[0,0],[2,0],[164,474]]
[[0,0],[1,0],[233,948]]
[[0,0],[1,0],[322,948]]
[[0,0],[1,0],[729,948]]
[[0,0],[1,0],[357,948]]
[[0,0],[2,0],[170,474]]
[[0,0],[1,0],[235,948]]
[[0,0],[1,0],[610,948]]
[[0,0],[1,0],[789,948]]
[[0,0],[1,0],[33,948]]
[[0,0],[1,0],[226,948]]
[[0,0],[2,0],[20,474]]
[[0,0],[1,0],[870,948]]
[[0,0],[1,0],[215,948]]
[[0,0],[1,0],[406,948]]
[[0,0],[1,0],[598,948]]
[[0,0],[1,0],[658,948]]
[[0,0],[1,0],[45,948]]
[[0,0],[2,0],[440,474]]
[[0,0],[1,0],[133,948]]
[[0,0],[1,0],[377,948]]
[[0,0],[1,0],[415,948]]
[[0,0],[1,0],[223,948]]
[[0,0],[1,0],[81,948]]
[[0,0],[2,0],[32,474]]
[[0,0],[1,0],[202,948]]
[[0,0],[1,0],[10,948]]
[[0,0],[1,0],[706,948]]
[[0,0],[1,0],[449,948]]
[[0,0],[2,0],[344,474]]
[[0,0],[1,0],[80,948]]
[[0,0],[1,0],[323,948]]
[[0,0],[1,0],[273,948]]
[[0,0],[2,0],[58,474]]
[[0,0],[1,0],[551,948]]
[[0,0],[2,0],[8,474]]
[[0,0],[1,0],[203,948]]
[[0,0],[2,0],[82,474]]
[[0,0],[1,0],[575,948]]
[[0,0],[2,0],[2,474]]
[[0,0],[1,0],[545,948]]
[[0,0],[1,0],[77,948]]
[[0,0],[1,0],[427,948]]
[[0,0],[1,0],[91,948]]
[[0,0],[1,0],[347,948]]
[[0,0],[1,0],[83,948]]
[[0,0],[1,0],[69,948]]
[[0,0],[1,0],[35,948]]
[[0,0],[1,0],[269,948]]
[[0,0],[1,0],[25,948]]
[[0,0],[1,0],[313,948]]
[[0,0],[1,0],[791,948]]
[[0,0],[1,0],[251,948]]
[[0,0],[1,0],[934,948]]
[[0,0],[1,0],[265,948]]
[[0,0],[1,0],[473,948]]
[[0,0],[1,0],[453,948]]
[[0,0],[1,0],[634,948]]
[[0,0],[1,0],[561,948]]
[[0,0],[1,0],[285,948]]
[[0,0],[1,0],[549,948]]
[[0,0],[1,0],[775,948]]
[[0,0],[1,0],[238,948]]
[[0,0],[1,0],[94,948]]
[[0,0],[1,0],[321,948]]
[[0,0],[1,0],[11,948]]
[[0,0],[1,0],[718,948]]
[[0,0],[1,0],[298,948]]
[[0,0],[1,0],[353,948]]
[[0,0],[1,0],[274,948]]
[[0,0],[1,0],[777,948]]
[[0,0],[1,0],[57,948]]
[[0,0],[1,0],[741,948]]
[[0,0],[2,0],[140,474]]
[[0,0],[2,0],[124,474]]
[[0,0],[1,0],[490,948]]
[[0,0],[1,0],[485,948]]
[[0,0],[1,0],[875,948]]
[[0,0],[1,0],[525,948]]
[[0,0],[1,0],[165,948]]
[[0,0],[1,0],[721,948]]
[[0,0],[1,0],[1,948]]
[[0,0],[1,0],[861,948]]
[[0,0],[1,0],[645,948]]
[[0,0],[1,0],[717,948]]
[[0,0],[2,0],[28,474]]
[[0,0],[2,0],[122,474]]
[[0,0],[1,0],[502,948]]
[[0,0],[1,0],[670,948]]
[[0,0],[1,0],[117,948]]
[[0,0],[1,0],[481,948]]
[[0,0],[1,0],[67,948]]
[[0,0],[1,0],[70,948]]
[[0,0],[1,0],[538,948]]
[[0,0],[1,0],[7,948]]
[[0,0],[2,0],[212,474]]
[[0,0],[1,0],[55,948]]
[[0,0],[1,0],[787,948]]
[[0,0],[1,0],[229,948]]
[[0,0],[1,0],[874,948]]
[[0,0],[1,0],[181,948]]
[[0,0],[1,0],[933,948]]
[[0,0],[2,0],[266,474]]
[[0,0],[1,0],[712,948]]
[[0,0],[1,0],[709,948]]
[[0,0],[2,0],[10,474]]
[[0,0],[1,0],[897,948]]
[[0,0],[1,0],[813,948]]
[[0,0],[1,0],[155,948]]
[[0,0],[2,0],[318,474]]
[[0,0],[1,0],[563,948]]
[[0,0],[1,0],[141,948]]
[[0,0],[1,0],[622,948]]
[[0,0],[2,0],[296,474]]
[[0,0],[2,0],[160,474]]
[[0,0],[1,0],[46,948]]
[[0,0],[1,0],[217,948]]
[[0,0],[2,0],[248,474]]
[[0,0],[1,0],[466,948]]
[[0,0],[2,0],[14,474]]
[[0,0],[1,0],[130,948]]
[[0,0],[1,0],[139,948]]
[[0,0],[1,0],[97,948]]
[[0,0],[1,0],[163,948]]
[[0,0],[1,0],[513,948]]
[[0,0],[1,0],[945,948]]
[[0,0],[1,0],[677,948]]
[[0,0],[1,0],[849,948]]
[[0,0],[1,0],[5,948]]
[[0,0],[1,0],[947,948]]
[[0,0],[1,0],[305,948]]
[[0,0],[1,0],[478,948]]
[[0,0],[1,0],[211,948]]
[[0,0],[1,0],[379,948]]
[[0,0],[1,0],[310,948]]
[[0,0],[1,0],[334,948]]
[[0,0],[1,0],[370,948]]
[[0,0],[1,0],[106,948]]
[[0,0],[1,0],[743,948]]
[[0,0],[1,0],[225,948]]
[[0,0],[1,0],[89,948]]
[[0,0],[1,0],[47,948]]
[[0,0],[1,0],[301,948]]
[[0,0],[1,0],[535,948]]
[[0,0],[1,0],[187,948]]
[[0,0],[2,0],[46,474]]
[[0,0],[1,0],[166,948]]
[[0,0],[1,0],[597,948]]
[[0,0],[1,0],[178,948]]
[[0,0],[1,0],[261,948]]
[[0,0],[1,0],[886,948]]
[[0,0],[1,0],[115,948]]
[[0,0],[1,0],[465,948]]
[[0,0],[2,0],[81,474]]
[[0,0],[1,0],[850,948]]
[[0,0],[2,0],[62,474]]
[[0,0],[1,0],[259,948]]
[[0,0],[1,0],[287,948]]
[[0,0],[1,0],[293,948]]
[[0,0],[2,0],[206,474]]
[[0,0],[1,0],[34,948]]
[[0,0],[1,0],[113,948]]
[[0,0],[1,0],[82,948]]
[[0,0],[1,0],[37,948]]
[[0,0],[1,0],[766,948]]
[[0,0],[1,0],[562,948]]
[[0,0],[1,0],[646,948]]
[[0,0],[1,0],[345,948]]
[[0,0],[2,0],[26,474]]
[[0,0],[1,0],[550,948]]
[[0,0],[2,0],[38,474]]
[[0,0],[2,0],[40,474]]
[[0,0],[1,0],[501,948]]
[[0,0],[1,0],[523,948]]
[[0,0],[1,0],[730,948]]
[[0,0],[1,0],[665,948]]
[[0,0],[1,0],[505,948]]
[[0,0],[2,0],[128,474]]
[[0,0],[1,0],[693,948]]
[[0,0],[1,0],[631,948]]
[[0,0],[1,0],[325,948]]
[[0,0],[1,0],[527,948]]
[[0,0],[1,0],[257,948]]
[[0,0],[1,0],[593,948]]
[[0,0],[1,0],[177,948]]
[[0,0],[1,0],[381,948]]
[[0,0],[1,0],[537,948]]
[[0,0],[2,0],[152,474]]
[[0,0],[2,0],[236,474]]
[[0,0],[1,0],[9,948]]
[[0,0],[1,0],[826,948]]
[[0,0],[1,0],[763,948]]
[[0,0],[1,0],[213,948]]
[[0,0],[1,0],[454,948]]
[[0,0],[1,0],[401,948]]
[[0,0],[2,0],[242,474]]
[[0,0],[1,0],[554,948]]
[[0,0],[2,0],[182,474]]
[[0,0],[1,0],[149,948]]
[[0,0],[2,0],[64,474]]
[[0,0],[1,0],[383,948]]
[[0,0],[2,0],[22,474]]
[[0,0],[2,0],[230,474]]
[[0,0],[2,0],[4,474]]
[[0,0],[1,0],[503,948]]
[[0,0],[1,0],[189,948]]
[[0,0],[2,0],[104,474]]
[[0,0],[1,0],[417,948]]
[[0,0],[1,0],[53,948]]
[[0,0],[1,0],[286,948]]
[[0,0],[2,0],[74,474]]
[[0,0],[1,0],[307,948]]
[[0,0],[1,0],[297,948]]
[[0,0],[1,0],[295,948]]
[[0,0],[1,0],[277,948]]
[[0,0],[1,0],[751,948]]
[[0,0],[1,0],[359,948]]
[[0,0],[1,0],[705,948]]
[[0,0],[1,0],[142,948]]
[[0,0],[1,0],[65,948]]
[[0,0],[1,0],[49,948]]
[[0,0],[1,0],[573,948]]
[[0,0],[1,0],[429,948]]
[[0,0],[1,0],[487,948]]
[[0,0],[2,0],[116,474]]
[[0,0],[1,0],[742,948]]
[[0,0],[1,0],[247,948]]
[[0,0],[2,0],[80,474]]
[[0,0],[1,0],[633,948]]
[[0,0],[1,0],[442,948]]
[[0,0],[2,0],[110,474]]
[[0,0],[1,0],[317,948]]
[[0,0],[1,0],[105,948]]
[[0,0],[2,0],[176,474]]
[[0,0],[2,0],[314,474]]
[[0,0],[1,0],[103,948]]
[[0,0],[1,0],[369,948]]
[[0,0],[1,0],[193,948]]
[[0,0],[1,0],[517,948]]
[[0,0],[1,0],[682,948]]
[[0,0],[1,0],[95,948]]
[[0,0],[1,0],[577,948]]
[[0,0],[2,0],[112,474]]
[[0,0],[1,0],[629,948]]
[[0,0],[1,0],[241,948]]
[[0,0],[1,0],[58,948]]
[[0,0],[1,0],[681,948]]
[[0,0],[1,0],[151,948]]
[[0,0],[2,0],[172,474]]
[[0,0],[1,0],[617,948]]
[[0,0],[1,0],[119,948]]
[[0,0],[1,0],[922,948]]
[[0,0],[1,0],[250,948]]
[[0,0],[2,0],[16,474]]
[[0,0],[1,0],[405,948]]
[[0,0],[1,0],[201,948]]
[[0,0],[1,0],[814,948]]
[[0,0],[1,0],[154,948]]
[[0,0],[1,0],[191,948]]
[[0,0],[1,0],[107,948]]
[[0,0],[2,0],[44,474]]
[[0,0],[1,0],[59,948]]
[[0,0],[1,0],[289,948]]
[[0,0],[1,0],[143,948]]
[[0,0],[1,0],[753,948]]
[[0,0],[1,0],[455,948]]
[[0,0],[1,0],[333,948]]
[[0,0],[1,0],[430,948]]
[[0,0],[1,0],[609,948]]
[[0,0],[1,0],[137,948]]
[[0,0],[1,0],[101,948]]
[[0,0],[1,0],[475,948]]
[[0,0],[1,0],[526,948]]
[[0,0],[1,0],[23,948]]
[[0,0],[1,0],[21,948]]
[[0,0],[1,0],[13,948]]
[[0,0],[2,0],[92,474]]
[[0,0],[1,0],[31,948]]
[[0,0],[1,0],[85,948]]
[[0,0],[1,0],[209,948]]
[[0,0],[1,0],[621,948]]
[[0,0],[1,0],[489,948]]
[[0,0],[1,0],[71,948]]
[[0,0],[1,0],[559,948]]
[[0,0],[1,0],[335,948]]
[[0,0],[1,0],[169,948]]
[[0,0],[1,0],[190,948]]
[[0,0],[1,0],[361,948]]
[[0,0],[1,0],[754,948]]
[[0,0],[1,0],[341,948]]
[[0,0],[1,0],[329,948]]
[[0,0],[1,0],[311,948]]
[[0,0],[1,0],[346,948]]
[[0,0],[1,0],[221,948]]
[[0,0],[1,0],[214,948]]
[[0,0],[1,0],[125,948]]
[[0,0],[1,0],[118,948]]
[[0,0],[1,0],[469,948]]
[[0,0],[1,0],[159,948]]
[[0,0],[1,0],[511,948]]
[[0,0],[1,0],[262,948]]
[[0,0],[1,0],[515,948]]
[[0,0],[1,0],[121,948]]
[[0,0],[1,0],[921,948]]
[[0,0],[1,0],[418,948]]
[[0,0],[1,0],[175,948]]
[[0,0],[1,0],[946,948]]
[[0,0],[1,0],[439,948]]
[[0,0],[1,0],[167,948]]
[[0,0],[2,0],[86,474]]
[[0,0],[1,0],[19,948]]
[[0,0],[1,0],[838,948]]
[[0,0],[1,0],[29,948]]
[[0,0],[1,0],[497,948]]
[[0,0],[1,0],[611,948]]
[[0,0],[1,0],[349,948]]
[[0,0],[1,0],[541,948]]
[[0,0],[1,0],[41,948]]
[[0,0],[1,0],[153,948]]
[[0,0],[2,0],[218,474]]
[[0,0],[2,0],[98,474]]
[[0,0],[1,0],[477,948]]
[[0,0],[1,0],[685,948]]
[[0,0],[1,0],[393,948]]
[[0,0],[1,0],[862,948]]
[[0,0],[1,0],[873,948]]
[[0,0],[1,0],[22,948]]
[[0,0],[1,0],[825,948]]
[[0,0],[1,0],[199,948]]
[[0,0],[1,0],[253,948]]
[[0,0],[1,0],[365,948]]
[[0,0],[1,0],[586,948]]
[[0,0],[1,0],[703,948]]
[[0,0],[2,0],[94,474]]
[[0,0],[1,0],[299,948]]
[[0,0],[1,0],[765,948]]
[[0,0],[1,0],[419,948]]
[[0,0],[1,0],[129,948]]
[[0,0],[1,0],[669,948]]
[[0,0],[1,0],[127,948]]
[[0,0],[1,0],[17,948]]
[[0,0],[2,0],[56,474]]
[[0,0],[1,0],[281,948]]
[[0,0],[1,0],[131,948]]
[[0,0],[1,0],[61,948]]
[[0,0],[1,0],[657,948]]
[[0,0],[1,0],[801,948]]
[[0,0],[2,0],[308,474]]
[[0,0],[1,0],[93,948]]
[[0,0],[1,0],[157,948]]
[[0,0],[1,0],[909,948]]
[[0,0],[1,0],[605,948]]
[[0,0],[1,0],[358,948]]
[[0,0],[1,0],[441,948]]
[[0,0],[1,0],[898,948]]
[[0,0],[1,0],[802,948]]
[[0,0],[1,0],[837,948]]
[[0,0],[1,0],[43,948]]
[[0,0],[1,0],[585,948]]
[[0,0],[1,0],[396,948]]
[[0,0],[1,0],[109,948]]
[[0,0],[1,0],[409,948]]
[[0,0],[1,0],[910,948]]
[[0,0],[1,0],[769,948]]
[[0,0],[1,0],[249,948]]
