[[0,0],[1,0],[336,950]]
[[0,0],[1,0],[816,950]]
[[0,0],[5,0],[75,190]]
[[0,0],[5,0],[15,190]]
[[0,0],[1,0],[26,950]]
[[0,0],[1,0],[496,950]]
[[0,0],[1,0],[696,950]]
[[0,0],[1,0],[514,950]]
[[0,0],[1,0],[156,950]]
[[0,0],[1,0],[233,950]]
[[0,0],[1,0],[161,950]]
[[0,0],[1,0],[519,950]]
[[0,0],[1,0],[552,950]]
[[0,0],[1,0],[367,950]]
[[0,0],[1,0],[357,950]]
[[0,0],[1,0],[356,950]]
[[0,0],[1,0],[231,950]]
[[0,0],[1,0],[866,950]]
[[0,0],[1,0],[33,950]]
[[0,0],[1,0],[619,950]]
[[0,0],[1,0],[237,950]]
[[0,0],[1,0],[226,950]]
[[0,0],[1,0],[406,950]]
[[0,0],[1,0],[387,950]]
[[0,0],[1,0],[626,950]]
[[0,0],[1,0],[81,950]]
[[0,0],[1,0],[223,950]]
[[0,0],[1,0],[39,950]]
[[0,0],[1,0],[362,950]]
[[0,0],[1,0],[449,950]]
[[0,0],[1,0],[706,950]]
[[0,0],[1,0],[776,950]]
[[0,0],[1,0],[416,950]]
[[0,0],[1,0],[183,950]]
[[0,0],[1,0],[197,950]]
[[0,0],[1,0],[343,950]]
[[0,0],[1,0],[856,950]]
[[0,0],[1,0],[551,950]]
[[0,0],[1,0],[77,950]]
[[0,0],[1,0],[427,950]]
[[0,0],[1,0],[91,950]]
[[0,0],[1,0],[347,950]]
[[0,0],[1,0],[69,950]]
[[0,0],[1,0],[269,950]]
[[0,0],[1,0],[83,950]]
[[0,0],[1,0],[99,950]]
[[0,0],[1,0],[196,950]]
[[0,0],[1,0],[313,950]]
[[0,0],[1,0],[251,950]]
[[0,0],[1,0],[426,950]]
[[0,0],[1,0],[561,950]]
[[0,0],[1,0],[723,950]]
[[0,0],[1,0],[321,950]]
[[0,0],[1,0],[353,950]]
[[0,0],[1,0],[546,950]]
[[0,0],[1,0],[327,950]]
[[0,0],[1,0],[11,950]]
[[0,0],[1,0],[216,950]]
[[0,0],[1,0],[337,950]]
[[0,0],[1,0],[771,950]]
[[0,0],[1,0],[246,950]]
[[0,0],[1,0],[236,950]]
[[0,0],[1,0],[875,950]]
[[0,0],[1,0],[656,950]]
[[0,0],[1,0],[172,950]]
[[0,0],[1,0],[1,950]]
[[0,0],[1,0],[736,950]]
[[0,0],[1,0],[136,950]]
[[0,0],[1,0],[79,950]]
[[0,0],[1,0],[451,950]]
[[0,0],[1,0],[896,950]]
[[0,0],[1,0],[117,950]]
[[0,0],[1,0],[711,950]]
[[0,0],[1,0],[481,950]]
[[0,0],[1,0],[319,950]]
[[0,0],[1,0],[67,950]]
[[0,0],[1,0],[566,950]]
[[0,0],[1,0],[229,950]]
[[0,0],[1,0],[7,950]]
[[0,0],[1,0],[471,950]]
[[0,0],[1,0],[916,950]]
[[0,0],[1,0],[467,950]]
[[0,0],[1,0],[66,950]]
[[0,0],[1,0],[780,950]]
[[0,0],[1,0],[111,950]]
[[0,0],[1,0],[134,950]]
[[0,0],[1,0],[123,950]]
[[0,0],[5,0],[125,190]]
[[0,0],[1,0],[141,950]]
[[0,0],[1,0],[296,950]]
[[0,0],[1,0],[176,950]]
[[0,0],[1,0],[63,950]]
[[0,0],[1,0],[846,950]]
[[0,0],[1,0],[217,950]]
[[0,0],[1,0],[27,950]]
[[0,0],[1,0],[932,950]]
[[0,0],[1,0],[46,950]]
[[0,0],[1,0],[386,950]]
[[0,0],[1,0],[20,950]]
[[0,0],[1,0],[818,950]]
[[0,0],[1,0],[466,950]]
[[0,0],[1,0],[363,950]]
[[0,0],[1,0],[97,950]]
[[0,0],[1,0],[139,950]]
[[0,0],[1,0],[677,950]]
[[0,0],[1,0],[163,950]]
[[0,0],[1,0],[173,950]]
[[0,0],[1,0],[305,950]]
[[0,0],[1,0],[557,950]]
[[0,0],[1,0],[796,950]]
[[0,0],[1,0],[211,950]]
[[0,0],[1,0],[379,950]]
[[0,0],[1,0],[799,950]]
[[0,0],[1,0],[89,950]]
[[0,0],[1,0],[106,950]]
[[0,0],[5,0],[5,190]]
[[0,0],[1,0],[47,950]]
[[0,0],[1,0],[210,950]]
[[0,0],[1,0],[187,950]]
[[0,0],[1,0],[166,950]]
[[0,0],[5,0],[25,190]]
[[0,0],[1,0],[146,950]]
[[0,0],[1,0],[886,950]]
[[0,0],[1,0],[116,950]]
[[0,0],[1,0],[306,950]]
[[0,0],[1,0],[115,950]]
[[0,0],[1,0],[366,950]]
[[0,0],[1,0],[667,950]]
[[0,0],[1,0],[259,950]]
[[0,0],[1,0],[287,950]]
[[0,0],[1,0],[495,950]]
[[0,0],[1,0],[113,950]]
[[0,0],[1,0],[37,950]]
[[0,0],[1,0],[616,950]]
[[0,0],[1,0],[766,950]]
[[0,0],[1,0],[373,950]]
[[0,0],[2,0],[40,475]]
[[0,0],[1,0],[687,950]]
[[0,0],[1,0],[206,950]]
[[0,0],[2,0],[135,475]]
[[0,0],[1,0],[219,950]]
[[0,0],[1,0],[906,950]]
[[0,0],[1,0],[381,950]]
[[0,0],[1,0],[177,950]]
[[0,0],[1,0],[257,950]]
[[0,0],[1,0],[443,950]]
[[0,0],[1,0],[527,950]]
[[0,0],[2,0],[152,475]]
[[0,0],[1,0],[9,950]]
[[0,0],[1,0],[213,950]]
[[0,0],[1,0],[786,950]]
[[0,0],[1,0],[826,950]]
[[0,0],[1,0],[401,950]]
[[0,0],[1,0],[806,950]]
[[0,0],[1,0],[403,950]]
[[0,0],[1,0],[438,950]]
[[0,0],[1,0],[149,950]]
[[0,0],[1,0],[351,950]]
[[0,0],[1,0],[126,950]]
[[0,0],[1,0],[96,950]]
[[0,0],[1,0],[383,950]]
[[0,0],[2,0],[230,475]]
[[0,0],[1,0],[936,950]]
[[0,0],[1,0],[189,950]]
[[0,0],[1,0],[726,950]]
[[0,0],[5,0],[35,190]]
[[0,0],[1,0],[689,950]]
[[0,0],[1,0],[53,950]]
[[0,0],[1,0],[407,950]]
[[0,0],[1,0],[491,950]]
[[0,0],[1,0],[286,950]]
[[0,0],[1,0],[297,950]]
[[0,0],[1,0],[277,950]]
[[0,0],[1,0],[36,950]]
[[0,0],[1,0],[86,950]]
[[0,0],[1,0],[307,950]]
[[0,0],[1,0],[359,950]]
[[0,0],[1,0],[49,950]]
[[0,0],[1,0],[573,950]]
[[0,0],[1,0],[876,950]]
[[0,0],[1,0],[429,950]]
[[0,0],[1,0],[493,950]]
[[0,0],[1,0],[716,950]]
[[0,0],[1,0],[487,950]]
[[0,0],[1,0],[742,950]]
[[0,0],[1,0],[633,950]]
[[0,0],[1,0],[16,950]]
[[0,0],[5,0],[105,190]]
[[0,0],[1,0],[186,950]]
[[0,0],[1,0],[747,950]]
[[0,0],[1,0],[601,950]]
[[0,0],[1,0],[3,950]]
[[0,0],[1,0],[369,950]]
[[0,0],[1,0],[397,950]]
[[0,0],[1,0],[193,950]]
[[0,0],[1,0],[517,950]]
[[0,0],[1,0],[103,950]]
[[0,0],[1,0],[241,950]]
[[0,0],[1,0],[58,950]]
[[0,0],[1,0],[617,950]]
[[0,0],[1,0],[151,950]]
[[0,0],[1,0],[119,950]]
[[0,0],[1,0],[447,950]]
[[0,0],[1,0],[486,950]]
[[0,0],[1,0],[201,950]]
[[0,0],[1,0],[666,950]]
[[0,0],[1,0],[147,950]]
[[0,0],[1,0],[303,950]]
[[0,0],[1,0],[671,950]]
[[0,0],[1,0],[516,950]]
[[0,0],[1,0],[476,950]]
[[0,0],[1,0],[191,950]]
[[0,0],[1,0],[756,950]]
[[0,0],[1,0],[107,950]]
[[0,0],[1,0],[676,950]]
[[0,0],[1,0],[536,950]]
[[0,0],[1,0],[289,950]]
[[0,0],[1,0],[746,950]]
[[0,0],[1,0],[659,950]]
[[0,0],[1,0],[59,950]]
[[0,0],[1,0],[143,950]]
[[0,0],[1,0],[926,950]]
[[0,0],[1,0],[556,950]]
[[0,0],[1,0],[137,950]]
[[0,0],[1,0],[248,950]]
[[0,0],[1,0],[101,950]]
[[0,0],[1,0],[21,950]]
[[0,0],[1,0],[13,950]]
[[0,0],[1,0],[526,950]]
[[0,0],[1,0],[23,950]]
[[0,0],[1,0],[51,950]]
[[0,0],[1,0],[31,950]]
[[0,0],[5,0],[185,190]]
[[0,0],[1,0],[489,950]]
[[0,0],[1,0],[894,950]]
[[0,0],[1,0],[71,950]]
[[0,0],[1,0],[169,950]]
[[0,0],[1,0],[559,950]]
[[0,0],[1,0],[329,950]]
[[0,0],[1,0],[341,950]]
[[0,0],[1,0],[221,950]]
[[0,0],[1,0],[271,950]]
[[0,0],[1,0],[606,950]]
[[0,0],[1,0],[6,950]]
[[0,0],[1,0],[346,950]]
[[0,0],[1,0],[311,950]]
[[0,0],[5,0],[45,190]]
[[0,0],[1,0],[159,950]]
[[0,0],[1,0],[511,950]]
[[0,0],[1,0],[121,950]]
[[0,0],[1,0],[704,950]]
[[0,0],[1,0],[256,950]]
[[0,0],[1,0],[413,950]]
[[0,0],[1,0],[946,950]]
[[0,0],[1,0],[73,950]]
[[0,0],[1,0],[167,950]]
[[0,0],[1,0],[29,950]]
[[0,0],[2,0],[420,475]]
[[0,0],[1,0],[497,950]]
[[0,0],[1,0],[41,950]]
[[0,0],[1,0],[153,950]]
[[0,0],[1,0],[531,950]]
[[0,0],[1,0],[477,950]]
[[0,0],[1,0],[371,950]]
[[0,0],[1,0],[685,950]]
[[0,0],[1,0],[649,950]]
[[0,0],[1,0],[576,950]]
[[0,0],[1,0],[636,950]]
[[0,0],[1,0],[243,950]]
[[0,0],[1,0],[683,950]]
[[0,0],[1,0],[207,950]]
[[0,0],[1,0],[253,950]]
[[0,0],[1,0],[628,950]]
[[0,0],[1,0],[949,950]]
[[0,0],[1,0],[326,950]]
[[0,0],[1,0],[376,950]]
[[0,0],[1,0],[199,950]]
[[0,0],[1,0],[586,950]]
[[0,0],[1,0],[539,950]]
[[0,0],[1,0],[129,950]]
[[0,0],[1,0],[669,950]]
[[0,0],[1,0],[87,950]]
[[0,0],[1,0],[299,950]]
[[0,0],[1,0],[17,950]]
[[0,0],[1,0],[127,950]]
[[0,0],[1,0],[61,950]]
[[0,0],[1,0],[657,950]]
[[0,0],[1,0],[131,950]]
[[0,0],[1,0],[93,950]]
[[0,0],[1,0],[590,950]]
[[0,0],[1,0],[506,950]]
[[0,0],[1,0],[157,950]]
[[0,0],[1,0],[276,950]]
[[0,0],[5,0],[100,190]]
[[0,0],[1,0],[339,950]]
[[0,0],[1,0],[441,950]]
[[0,0],[1,0],[596,950]]
[[0,0],[1,0],[533,950]]
[[0,0],[1,0],[43,950]]
[[0,0],[1,0],[324,950]]
[[0,0],[5,0],[135,190]]
[[0,0],[1,0],[686,950]]
[[0,0],[1,0],[641,950]]
[[0,0],[1,0],[396,950]]
[[0,0],[1,0],[109,950]]
[[0,0],[1,0],[409,950]]
[[0,0],[1,0],[316,950]]
[[0,0],[1,0],[769,950]]
[[0,0],[1,0],[249,950]]
[[0,0],[1,0],[56,950]]
[[0,0],[1,0],[446,950]]
[[0,0],[1,0],[421,950]]
[[0,0],[1,0],[436,950]]
