[[0,0],[1,0],[214,955]]
[[0,0],[1,0],[314,955]]
[[0,0],[1,0],[51,955]]
[[0,0],[1,0],[48,955]]
[[0,0],[1,0],[166,955]]
[[0,0],[1,0],[192,955]]
[[0,0],[1,0],[61,955]]
[[0,0],[1,0],[301,955]]
[[0,0],[1,0],[171,955]]
[[0,0],[1,0],[31,955]]
[[0,0],[1,0],[23,955]]
[[0,0],[1,0],[791,955]]
[[0,0],[1,0],[109,955]]
[[0,0],[1,0],[86,955]]
[[0,0],[1,0],[461,955]]
[[0,0],[1,0],[3,955]]
[[0,0],[1,0],[58,955]]
[[0,0],[1,0],[6,955]]
[[0,0],[1,0],[98,955]]
[[0,0],[1,0],[243,955]]
[[0,0],[1,0],[76,955]]
[[0,0],[1,0],[134,955]]
[[0,0],[1,0],[73,955]]
[[0,0],[1,0],[371,955]]
[[0,0],[1,0],[69,955]]
[[0,0],[1,0],[381,955]]
[[0,0],[1,0],[56,955]]
[[0,0],[1,0],[27,955]]
[[0,0],[1,0],[426,955]]
[[0,0],[1,0],[93,955]]
[[0,0],[1,0],[66,955]]
[[0,0],[1,0],[146,955]]
[[0,0],[1,0],[41,955]]
[[0,0],[1,0],[29,955]]
[[0,0],[1,0],[38,955]]
[[0,0],[1,0],[26,955]]
[[0,0],[1,0],[326,955]]
[[0,0],[1,0],[122,955]]
[[0,0],[1,0],[81,955]]
[[0,0],[1,0],[64,955]]
[[0,0],[1,0],[47,955]]
[[0,0],[1,0],[216,955]]
[[0,0],[1,0],[346,955]]
[[0,0],[1,0],[231,955]]
[[0,0],[1,0],[181,955]]
[[0,0],[1,0],[646,955]]
[[0,0],[1,0],[152,955]]
[[0,0],[1,0],[574,955]]
[[0,0],[1,0],[18,955]]
[[0,0],[1,0],[59,955]]
[[0,0],[1,0],[257,955]]
[[0,0],[1,0],[42,955]]
[[0,0],[1,0],[63,955]]
[[0,0],[1,0],[72,955]]
[[0,0],[1,0],[7,955]]
[[0,0],[1,0],[506,955]]
[[0,0],[1,0],[141,955]]
[[0,0],[1,0],[52,955]]
[[0,0],[1,0],[124,955]]
[[0,0],[1,0],[79,955]]
[[0,0],[1,0],[111,955]]
[[0,0],[1,0],[14,955]]
[[0,0],[1,0],[8,955]]
[[0,0],[1,0],[356,955]]
[[0,0],[1,0],[278,955]]
[[0,0],[1,0],[17,955]]
[[0,0],[1,0],[151,955]]
[[0,0],[1,0],[71,955]]
[[0,0],[1,0],[114,955]]
[[0,0],[1,0],[321,955]]
[[0,0],[1,0],[421,955]]
[[0,0],[1,0],[306,955]]
[[0,0],[1,0],[209,955]]
[[0,0],[1,0],[591,955]]
[[0,0],[1,0],[298,955]]
[[0,0],[1,0],[351,955]]
[[0,0],[1,0],[33,955]]
[[0,0],[1,0],[761,955]]
[[0,0],[1,0],[156,955]]
[[0,0],[1,0],[102,955]]
[[0,0],[1,0],[366,955]]
[[0,0],[1,0],[119,955]]
[[0,0],[1,0],[213,955]]
[[0,0],[1,0],[46,955]]
[[0,0],[1,0],[113,955]]
[[0,0],[1,0],[249,955]]
[[0,0],[1,0],[112,955]]
[[0,0],[1,0],[193,955]]
[[0,0],[1,0],[596,955]]
[[0,0],[1,0],[62,955]]
[[0,0],[1,0],[271,955]]
[[0,0],[1,0],[167,955]]
[[0,0],[1,0],[264,955]]
[[0,0],[1,0],[24,955]]
[[0,0],[1,0],[586,955]]
[[0,0],[1,0],[656,955]]
[[0,0],[1,0],[177,955]]
[[0,0],[1,0],[22,955]]
[[0,0],[1,0],[471,955]]
[[0,0],[1,0],[204,955]]
[[0,0],[1,0],[123,955]]
[[0,0],[1,0],[153,955]]
[[0,0],[1,0],[201,955]]
[[0,0],[1,0],[406,955]]
[[0,0],[1,0],[74,955]]
[[0,0],[1,0],[99,955]]
[[0,0],[1,0],[511,955]]
[[0,0],[1,0],[21,955]]
[[0,0],[1,0],[136,955]]
[[0,0],[1,0],[771,955]]
[[0,0],[1,0],[137,955]]
[[0,0],[1,0],[96,955]]
[[0,0],[1,0],[256,955]]
[[0,0],[1,0],[108,955]]
[[0,0],[1,0],[481,955]]
[[0,0],[1,0],[311,955]]
[[0,0],[1,0],[701,955]]
[[0,0],[1,0],[244,955]]
[[0,0],[1,0],[11,955]]
[[0,0],[1,0],[304,955]]
[[0,0],[1,0],[118,955]]
[[0,0],[1,0],[178,955]]
[[0,0],[1,0],[106,955]]
[[0,0],[1,0],[277,955]]
[[0,0],[1,0],[44,955]]
[[0,0],[1,0],[4,955]]
[[0,0],[1,0],[1,955]]
[[0,0],[1,0],[186,955]]
[[0,0],[1,0],[281,955]]
[[0,0],[1,0],[441,955]]
[[0,0],[1,0],[172,955]]
[[0,0],[1,0],[197,955]]
[[0,0],[1,0],[139,955]]
[[0,0],[1,0],[88,955]]
[[0,0],[1,0],[266,955]]
[[0,0],[1,0],[143,955]]
[[0,0],[1,0],[39,955]]
[[0,0],[1,0],[131,955]]
[[0,0],[1,0],[446,955]]
[[0,0],[1,0],[291,955]]
[[0,0],[1,0],[117,955]]
[[0,0],[1,0],[416,955]]
[[0,0],[1,0],[89,955]]
[[0,0],[1,0],[161,955]]
[[0,0],[1,0],[138,955]]
[[0,0],[1,0],[756,955]]
[[0,0],[1,0],[12,955]]
[[0,0],[1,0],[116,955]]
[[0,0],[1,0],[13,955]]
[[0,0],[1,0],[87,955]]
[[0,0],[1,0],[716,955]]
[[0,0],[1,0],[676,955]]
[[0,0],[1,0],[176,955]]
[[0,0],[1,0],[121,955]]
[[0,0],[1,0],[765,955]]
[[0,0],[1,0],[32,955]]
[[0,0],[1,0],[142,955]]
[[0,0],[1,0],[386,955]]
[[0,0],[1,0],[36,955]]
[[0,0],[1,0],[516,955]]
[[0,0],[1,0],[411,955]]
[[0,0],[1,0],[101,955]]
[[0,0],[1,0],[626,955]]
[[0,0],[1,0],[476,955]]
[[0,0],[1,0],[34,955]]
[[0,0],[1,0],[242,955]]
[[0,0],[1,0],[37,955]]
[[0,0],[1,0],[28,955]]
[[0,0],[1,0],[491,955]]
[[0,0],[1,0],[57,955]]
[[0,0],[1,0],[182,955]]
[[0,0],[1,0],[336,955]]
[[0,0],[1,0],[286,955]]
[[0,0],[1,0],[16,955]]
[[0,0],[1,0],[82,955]]
[[0,0],[1,0],[241,955]]
[[0,0],[1,0],[236,955]]
[[0,0],[1,0],[2,955]]
[[0,0],[1,0],[341,955]]
[[0,0],[1,0],[496,955]]
[[0,0],[1,0],[97,955]]
[[0,0],[1,0],[376,955]]
[[0,0],[1,0],[282,955]]
[[0,0],[1,0],[906,955]]
[[0,0],[1,0],[313,955]]
[[0,0],[1,0],[696,955]]
[[0,0],[1,0],[126,955]]
[[0,0],[1,0],[19,955]]
[[0,0],[1,0],[9,955]]
[[0,0],[1,0],[94,955]]
[[0,0],[1,0],[196,955]]
[[0,0],[1,0],[127,955]]
[[0,0],[1,0],[276,955]]
[[0,0],[1,0],[43,955]]
