[[0,0],[1,0],[196,957]]
[[0,0],[1,0],[166,957]]
[[0,0],[1,0],[454,957]]
[[0,0],[1,0],[276,957]]
[[0,0],[1,0],[373,957]]
[[0,0],[1,0],[465,957]]
[[0,0],[1,0],[796,957]]
[[0,0],[1,0],[210,957]]
[[0,0],[1,0],[296,957]]
[[0,0],[1,0],[293,957]]
[[0,0],[1,0],[309,957]]
[[0,0],[1,0],[342,957]]
[[0,0],[1,0],[61,957]]
[[0,0],[1,0],[130,957]]
[[0,0],[1,0],[80,957]]
[[0,0],[1,0],[31,957]]
[[0,0],[1,0],[592,957]]
[[0,0],[1,0],[265,957]]
[[0,0],[1,0],[287,957]]
[[0,0],[1,0],[23,957]]
[[0,0],[1,0],[259,957]]
[[0,0],[1,0],[337,957]]
[[0,0],[1,0],[86,957]]
[[0,0],[1,0],[900,957]]
[[0,0],[1,0],[668,957]]
[[0,0],[1,0],[109,957]]
[[0,0],[1,0],[243,957]]
[[0,0],[1,0],[637,957]]
[[0,0],[1,0],[408,957]]
[[0,0],[1,0],[98,957]]
[[0,0],[1,0],[310,957]]
[[0,0],[1,0],[227,957]]
[[0,0],[1,0],[238,957]]
[[0,0],[1,0],[379,957]]
[[0,0],[1,0],[573,957]]
[[0,0],[1,0],[91,957]]
[[0,0],[1,0],[73,957]]
[[0,0],[1,0],[76,957]]
[[0,0],[1,0],[56,957]]
[[0,0],[1,0],[903,957]]
[[0,0],[1,0],[494,957]]
[[0,0],[1,0],[5,957]]
[[0,0],[1,0],[349,957]]
[[0,0],[1,0],[65,957]]
[[0,0],[1,0],[38,957]]
[[0,0],[1,0],[520,957]]
[[0,0],[1,0],[41,957]]
[[0,0],[1,0],[745,957]]
[[0,0],[1,0],[160,957]]
[[0,0],[1,0],[523,957]]
[[0,0],[1,0],[107,957]]
[[0,0],[1,0],[322,957]]
[[0,0],[1,0],[683,957]]
[[0,0],[1,0],[26,957]]
[[0,0],[1,0],[122,957]]
[[0,0],[1,0],[64,957]]
[[0,0],[1,0],[574,957]]
[[0,0],[1,0],[164,957]]
[[0,0],[1,0],[47,957]]
[[0,0],[1,0],[59,957]]
[[0,0],[1,0],[152,957]]
[[0,0],[1,0],[295,957]]
[[0,0],[1,0],[133,957]]
[[0,0],[1,0],[232,957]]
[[0,0],[1,0],[257,957]]
[[0,0],[1,0],[672,957]]
[[0,0],[1,0],[181,957]]
[[0,0],[1,0],[7,957]]
[[0,0],[1,0],[804,957]]
[[0,0],[1,0],[617,957]]
[[0,0],[1,0],[52,957]]
[[0,0],[1,0],[787,957]]
[[0,0],[1,0],[442,957]]
[[0,0],[1,0],[364,957]]
[[0,0],[1,0],[14,957]]
[[0,0],[1,0],[125,957]]
[[0,0],[1,0],[144,957]]
[[0,0],[1,0],[262,957]]
[[0,0],[1,0],[394,957]]
[[0,0],[1,0],[8,957]]
[[0,0],[1,0],[79,957]]
[[0,0],[1,0],[25,957]]
[[0,0],[1,0],[490,957]]
[[0,0],[1,0],[17,957]]
[[0,0],[1,0],[556,957]]
[[0,0],[1,0],[111,957]]
[[0,0],[1,0],[124,957]]
[[0,0],[1,0],[283,957]]
[[0,0],[1,0],[151,957]]
[[0,0],[1,0],[628,957]]
[[0,0],[1,0],[221,957]]
[[0,0],[1,0],[790,957]]
[[0,0],[1,0],[581,957]]
[[0,0],[1,0],[128,957]]
[[0,0],[1,0],[307,957]]
[[0,0],[1,0],[811,957]]
[[0,0],[1,0],[769,957]]
[[0,0],[1,0],[738,957]]
[[0,0],[1,0],[577,957]]
[[0,0],[1,0],[568,957]]
[[0,0],[1,0],[421,957]]
[[0,0],[1,0],[298,957]]
[[0,0],[1,0],[445,957]]
[[0,0],[1,0],[45,957]]
[[0,0],[1,0],[250,957]]
[[0,0],[1,0],[350,957]]
[[0,0],[1,0],[85,957]]
[[0,0],[1,0],[46,957]]
[[0,0],[1,0],[478,957]]
[[0,0],[1,0],[292,957]]
[[0,0],[1,0],[358,957]]
[[0,0],[1,0],[202,957]]
[[0,0],[1,0],[518,957]]
[[0,0],[1,0],[598,957]]
[[0,0],[1,0],[233,957]]
[[0,0],[1,0],[193,957]]
[[0,0],[1,0],[62,957]]
[[0,0],[1,0],[694,957]]
[[0,0],[1,0],[320,957]]
[[0,0],[1,0],[254,957]]
[[0,0],[1,0],[271,957]]
[[0,0],[1,0],[53,957]]
[[0,0],[1,0],[325,957]]
[[0,0],[1,0],[370,957]]
[[0,0],[1,0],[475,957]]
[[0,0],[1,0],[586,957]]
[[0,0],[1,0],[177,957]]
[[0,0],[1,0],[688,957]]
[[0,0],[1,0],[35,957]]
[[0,0],[1,0],[595,957]]
[[0,0],[3,0],[264,319]]
[[0,0],[1,0],[771,957]]
[[0,0],[1,0],[204,957]]
[[0,0],[1,0],[136,957]]
[[0,0],[1,0],[74,957]]
[[0,0],[1,0],[137,957]]
[[0,0],[1,0],[256,957]]
[[0,0],[1,0],[782,957]]
[[0,0],[1,0],[936,957]]
[[0,0],[1,0],[481,957]]
[[0,0],[1,0],[407,957]]
[[0,0],[1,0],[67,957]]
[[0,0],[1,0],[115,957]]
[[0,0],[1,0],[472,957]]
[[0,0],[1,0],[837,957]]
[[0,0],[1,0],[178,957]]
[[0,0],[1,0],[244,957]]
[[0,0],[1,0],[106,957]]
[[0,0],[1,0],[208,957]]
[[0,0],[1,0],[10,957]]
[[0,0],[1,0],[1,957]]
[[0,0],[1,0],[441,957]]
[[0,0],[1,0],[823,957]]
[[0,0],[1,0],[463,957]]
[[0,0],[1,0],[78,957]]
[[0,0],[1,0],[277,957]]
[[0,0],[1,0],[139,957]]
[[0,0],[1,0],[175,957]]
[[0,0],[1,0],[4,957]]
[[0,0],[1,0],[103,957]]
[[0,0],[1,0],[375,957]]
[[0,0],[1,0],[172,957]]
[[0,0],[1,0],[88,957]]
[[0,0],[1,0],[200,957]]
[[0,0],[1,0],[40,957]]
[[0,0],[1,0],[131,957]]
[[0,0],[1,0],[291,957]]
[[0,0],[1,0],[538,957]]
[[0,0],[1,0],[157,957]]
[[0,0],[1,0],[712,957]]
[[0,0],[1,0],[685,957]]
[[0,0],[1,0],[215,957]]
[[0,0],[1,0],[552,957]]
[[0,0],[1,0],[235,957]]
[[0,0],[1,0],[155,957]]
[[0,0],[1,0],[733,957]]
[[0,0],[1,0],[199,957]]
[[0,0],[1,0],[226,957]]
[[0,0],[1,0],[416,957]]
[[0,0],[1,0],[89,957]]
[[0,0],[1,0],[415,957]]
[[0,0],[1,0],[117,957]]
[[0,0],[1,0],[49,957]]
[[0,0],[1,0],[452,957]]
[[0,0],[1,0],[12,957]]
[[0,0],[1,0],[30,957]]
[[0,0],[1,0],[205,957]]
[[0,0],[1,0],[13,957]]
[[0,0],[1,0],[184,957]]
[[0,0],[1,0],[606,957]]
[[0,0],[1,0],[32,957]]
[[0,0],[1,0],[142,957]]
[[0,0],[1,0],[169,957]]
[[0,0],[1,0],[378,957]]
[[0,0],[1,0],[140,957]]
[[0,0],[1,0],[433,957]]
[[0,0],[1,0],[386,957]]
[[0,0],[1,0],[634,957]]
[[0,0],[1,0],[70,957]]
[[0,0],[1,0],[34,957]]
[[0,0],[1,0],[639,957]]
[[0,0],[1,0],[604,957]]
[[0,0],[1,0],[37,957]]
[[0,0],[1,0],[229,957]]
[[0,0],[1,0],[28,957]]
[[0,0],[1,0],[355,957]]
[[0,0],[1,0],[367,957]]
[[0,0],[1,0],[16,957]]
[[0,0],[1,0],[173,957]]
[[0,0],[1,0],[241,957]]
[[0,0],[1,0],[427,957]]
[[0,0],[1,0],[20,957]]
[[0,0],[1,0],[82,957]]
[[0,0],[1,0],[361,957]]
[[0,0],[1,0],[334,957]]
[[0,0],[1,0],[2,957]]
[[0,0],[1,0],[68,957]]
[[0,0],[1,0],[496,957]]
[[0,0],[1,0],[50,957]]
[[0,0],[1,0],[236,957]]
[[0,0],[1,0],[763,957]]
[[0,0],[1,0],[97,957]]
[[0,0],[1,0],[813,957]]
[[0,0],[1,0],[526,957]]
[[0,0],[1,0],[499,957]]
[[0,0],[1,0],[474,957]]
[[0,0],[1,0],[313,957]]
[[0,0],[1,0],[19,957]]
[[0,0],[1,0],[705,957]]
[[0,0],[1,0],[163,957]]
[[0,0],[1,0],[391,957]]
[[0,0],[1,0],[94,957]]
[[0,0],[1,0],[328,957]]
[[0,0],[1,0],[448,957]]
[[0,0],[1,0],[697,957]]
[[0,0],[1,0],[95,957]]
[[0,0],[1,0],[230,957]]
[[0,0],[1,0],[43,957]]
[[0,0],[1,0],[622,957]]
[[0,0],[1,0],[214,957]]
[[0,0],[1,0],[540,957]]
[[0,0],[1,0],[127,957]]
[[0,0],[1,0],[430,957]]
[[0,0],[1,0],[507,957]]
