[[0,0],[1,0],[447,958]]
[[0,0],[1,0],[373,958]]
[[0,0],[1,0],[525,958]]
[[0,0],[1,0],[429,958]]
[[0,0],[1,0],[171,958]]
[[0,0],[1,0],[309,958]]
[[0,0],[1,0],[327,958]]
[[0,0],[1,0],[61,958]]
[[0,0],[1,0],[301,958]]
[[0,0],[1,0],[399,958]]
[[0,0],[1,0],[245,958]]
[[0,0],[1,0],[739,958]]
[[0,0],[1,0],[247,958]]
[[0,0],[1,0],[31,958]]
[[0,0],[1,0],[693,958]]
[[0,0],[1,0],[337,958]]
[[0,0],[1,0],[23,958]]
[[0,0],[1,0],[223,958]]
[[0,0],[1,0],[791,958]]
[[0,0],[1,0],[259,958]]
[[0,0],[1,0],[691,958]]
[[0,0],[1,0],[425,958]]
[[0,0],[1,0],[3,958]]
[[0,0],[1,0],[389,958]]
[[0,0],[1,0],[109,958]]
[[0,0],[1,0],[315,958]]
[[0,0],[1,0],[191,958]]
[[0,0],[1,0],[775,958]]
[[0,0],[1,0],[243,958]]
[[0,0],[1,0],[887,958]]
[[0,0],[1,0],[665,958]]
[[0,0],[1,0],[275,958]]
[[0,0],[1,0],[239,958]]
[[0,0],[1,0],[573,958]]
[[0,0],[1,0],[227,958]]
[[0,0],[1,0],[363,958]]
[[0,0],[1,0],[335,958]]
[[0,0],[1,0],[207,958]]
[[0,0],[1,0],[289,958]]
[[0,0],[1,0],[73,958]]
[[0,0],[1,0],[371,958]]
[[0,0],[1,0],[91,958]]
[[0,0],[1,0],[27,958]]
[[0,0],[1,0],[579,958]]
[[0,0],[1,0],[5,958]]
[[0,0],[1,0],[653,958]]
[[0,0],[1,0],[349,958]]
[[0,0],[1,0],[369,958]]
[[0,0],[1,0],[69,958]]
[[0,0],[1,0],[381,958]]
[[0,0],[1,0],[65,958]]
[[0,0],[1,0],[93,958]]
[[0,0],[1,0],[331,958]]
[[0,0],[1,0],[41,958]]
[[0,0],[1,0],[413,958]]
[[0,0],[1,0],[745,958]]
[[0,0],[1,0],[405,958]]
[[0,0],[1,0],[107,958]]
[[0,0],[1,0],[523,958]]
[[0,0],[1,0],[387,958]]
[[0,0],[1,0],[521,958]]
[[0,0],[1,0],[29,958]]
[[0,0],[1,0],[81,958]]
[[0,0],[1,0],[165,958]]
[[0,0],[1,0],[417,958]]
[[0,0],[1,0],[689,958]]
[[0,0],[1,0],[15,958]]
[[0,0],[1,0],[47,958]]
[[0,0],[1,0],[517,958]]
[[0,0],[1,0],[133,958]]
[[0,0],[1,0],[257,958]]
[[0,0],[1,0],[59,958]]
[[0,0],[1,0],[231,958]]
[[0,0],[1,0],[181,958]]
[[0,0],[1,0],[295,958]]
[[0,0],[1,0],[217,958]]
[[0,0],[1,0],[397,958]]
[[0,0],[1,0],[317,958]]
[[0,0],[1,0],[63,958]]
[[0,0],[1,0],[7,958]]
[[0,0],[1,0],[617,958]]
[[0,0],[1,0],[251,958]]
[[0,0],[1,0],[135,958]]
[[0,0],[1,0],[615,958]]
[[0,0],[1,0],[141,958]]
[[0,0],[1,0],[393,958]]
[[0,0],[1,0],[815,958]]
[[0,0],[1,0],[25,958]]
[[0,0],[1,0],[17,958]]
[[0,0],[1,0],[431,958]]
[[0,0],[1,0],[439,958]]
[[0,0],[1,0],[83,958]]
[[0,0],[1,0],[79,958]]
[[0,0],[1,0],[487,958]]
[[0,0],[1,0],[221,958]]
[[0,0],[1,0],[111,958]]
[[0,0],[1,0],[383,958]]
[[0,0],[1,0],[321,958]]
[[0,0],[1,0],[283,958]]
[[0,0],[1,0],[151,958]]
[[0,0],[1,0],[209,958]]
[[0,0],[1,0],[769,958]]
[[0,0],[1,0],[307,958]]
[[0,0],[1,0],[33,958]]
[[0,0],[1,0],[421,958]]
[[0,0],[1,0],[591,958]]
[[0,0],[1,0],[443,958]]
[[0,0],[1,0],[409,958]]
[[0,0],[1,0],[401,958]]
[[0,0],[1,0],[351,958]]
[[0,0],[1,0],[445,958]]
[[0,0],[1,0],[45,958]]
[[0,0],[1,0],[377,958]]
[[0,0],[1,0],[85,958]]
[[0,0],[1,0],[211,958]]
[[0,0],[1,0],[119,958]]
[[0,0],[1,0],[113,958]]
[[0,0],[1,0],[233,958]]
[[0,0],[1,0],[193,958]]
[[0,0],[1,0],[625,958]]
[[0,0],[1,0],[483,958]]
[[0,0],[1,0],[843,958]]
[[0,0],[1,0],[53,958]]
[[0,0],[1,0],[255,958]]
[[0,0],[1,0],[271,958]]
[[0,0],[1,0],[325,958]]
[[0,0],[1,0],[619,958]]
[[0,0],[1,0],[129,958]]
[[0,0],[1,0],[833,958]]
[[0,0],[1,0],[177,958]]
[[0,0],[1,0],[531,958]]
[[0,0],[1,0],[123,958]]
[[0,0],[1,0],[153,958]]
[[0,0],[1,0],[201,958]]
[[0,0],[1,0],[35,958]]
[[0,0],[1,0],[493,958]]
[[0,0],[1,0],[225,958]]
[[0,0],[1,0],[99,958]]
[[0,0],[1,0],[655,958]]
[[0,0],[1,0],[323,958]]
[[0,0],[1,0],[423,958]]
[[0,0],[1,0],[357,958]]
[[0,0],[1,0],[723,958]]
[[0,0],[1,0],[593,958]]
[[0,0],[1,0],[203,958]]
[[0,0],[1,0],[21,958]]
[[0,0],[1,0],[673,958]]
[[0,0],[1,0],[481,958]]
[[0,0],[1,0],[489,958]]
[[0,0],[1,0],[495,958]]
[[0,0],[1,0],[67,958]]
[[0,0],[1,0],[345,958]]
[[0,0],[1,0],[11,958]]
[[0,0],[1,0],[311,958]]
[[0,0],[1,0],[419,958]]
[[0,0],[1,0],[853,958]]
[[0,0],[1,0],[1,958]]
[[0,0],[1,0],[281,958]]
[[0,0],[1,0],[359,958]]
[[0,0],[1,0],[277,958]]
[[0,0],[1,0],[611,958]]
[[0,0],[1,0],[501,958]]
[[0,0],[1,0],[395,958]]
[[0,0],[1,0],[175,958]]
[[0,0],[1,0],[139,958]]
[[0,0],[1,0],[603,958]]
[[0,0],[1,0],[103,958]]
[[0,0],[1,0],[485,958]]
[[0,0],[1,0],[197,958]]
[[0,0],[1,0],[179,958]]
[[0,0],[1,0],[131,958]]
[[0,0],[1,0],[157,958]]
[[0,0],[1,0],[39,958]]
[[0,0],[1,0],[291,958]]
[[0,0],[1,0],[273,958]]
[[0,0],[1,0],[449,958]]
[[0,0],[1,0],[455,958]]
[[0,0],[1,0],[55,958]]
[[0,0],[1,0],[215,958]]
[[0,0],[1,0],[89,958]]
[[0,0],[1,0],[555,958]]
[[0,0],[1,0],[155,958]]
[[0,0],[1,0],[161,958]]
[[0,0],[1,0],[199,958]]
[[0,0],[1,0],[117,958]]
[[0,0],[1,0],[49,958]]
[[0,0],[1,0],[957,958]]
[[0,0],[1,0],[415,958]]
[[0,0],[1,0],[75,958]]
[[0,0],[1,0],[121,958]]
[[0,0],[1,0],[145,958]]
[[0,0],[1,0],[13,958]]
[[0,0],[1,0],[205,958]]
[[0,0],[1,0],[87,958]]
[[0,0],[1,0],[659,958]]
[[0,0],[1,0],[169,958]]
[[0,0],[1,0],[279,958]]
[[0,0],[1,0],[329,958]]
[[0,0],[1,0],[597,958]]
[[0,0],[1,0],[671,958]]
[[0,0],[1,0],[583,958]]
[[0,0],[1,0],[187,958]]
[[0,0],[1,0],[709,958]]
[[0,0],[1,0],[411,958]]
[[0,0],[1,0],[497,958]]
[[0,0],[1,0],[605,958]]
[[0,0],[1,0],[253,958]]
[[0,0],[1,0],[101,958]]
[[0,0],[1,0],[491,958]]
[[0,0],[1,0],[57,958]]
[[0,0],[1,0],[37,958]]
[[0,0],[1,0],[147,958]]
[[0,0],[1,0],[229,958]]
[[0,0],[1,0],[297,958]]
[[0,0],[1,0],[695,958]]
[[0,0],[1,0],[237,958]]
[[0,0],[1,0],[480,958]]
[[0,0],[1,0],[77,958]]
[[0,0],[1,0],[241,958]]
[[0,0],[1,0],[173,958]]
[[0,0],[1,0],[821,958]]
[[0,0],[1,0],[97,958]]
[[0,0],[1,0],[149,958]]
[[0,0],[1,0],[453,958]]
[[0,0],[1,0],[313,958]]
[[0,0],[1,0],[763,958]]
[[0,0],[1,0],[499,958]]
[[0,0],[1,0],[261,958]]
[[0,0],[1,0],[773,958]]
[[0,0],[1,0],[19,958]]
[[0,0],[1,0],[163,958]]
[[0,0],[1,0],[9,958]]
[[0,0],[1,0],[391,958]]
[[0,0],[1,0],[551,958]]
[[0,0],[1,0],[319,958]]
[[0,0],[1,0],[95,958]]
[[0,0],[1,0],[43,958]]
[[0,0],[1,0],[159,958]]
[[0,0],[1,0],[51,958]]
[[0,0],[1,0],[127,958]]
[[0,0],[1,0],[507,958]]
