[[0,0],[2,0],[10,48]]
[[0,0],[1,0],[9,96]]
[[0,0],[1,0],[29,96]]
[[0,0],[1,0],[95,96]]
[[0,0],[2,0],[34,48]]
[[0,0],[1,0],[81,96]]
[[0,0],[1,0],[17,96]]
[[0,0],[1,0],[46,96]]
[[0,0],[2,0],[26,48]]
[[0,0],[1,0],[10,96]]
[[0,0],[1,0],[11,96]]
[[0,0],[1,0],[82,96]]
[[0,0],[2,0],[22,48]]
[[0,0],[1,0],[45,96]]
[[0,0],[2,0],[20,48]]
[[0,0],[1,0],[34,96]]
[[0,0],[1,0],[47,96]]
[[0,0],[1,0],[13,96]]
[[0,0],[1,0],[7,96]]
[[0,0],[1,0],[70,96]]
[[0,0],[1,0],[94,96]]
[[0,0],[2,0],[18,48]]
[[0,0],[1,0],[31,96]]
[[0,0],[1,0],[43,96]]
[[0,0],[1,0],[41,96]]
[[0,0],[1,0],[23,96]]
[[0,0],[1,0],[69,96]]
[[0,0],[2,0],[2,48]]
[[0,0],[1,0],[93,96]]
[[0,0],[1,0],[79,96]]
[[0,0],[1,0],[33,96]]
[[0,0],[4,0],[4,24]]
[[0,0],[4,0],[16,24]]
[[0,0],[4,0],[20,24]]
[[0,0],[1,0],[19,96]]
[[0,0],[1,0],[57,96]]
[[0,0],[1,0],[65,96]]
[[0,0],[1,0],[61,96]]
[[0,0],[1,0],[59,96]]
[[0,0],[2,0],[44,48]]
[[0,0],[2,0],[38,48]]
[[0,0],[2,0],[42,48]]
[[0,0],[2,0],[14,48]]
[[0,0],[1,0],[49,96]]
[[0,0],[1,0],[1,96]]
[[0,0],[1,0],[58,96]]
[[0,0],[1,0],[22,96]]
[[0,0],[1,0],[5,96]]
[[0,0],[2,0],[46,48]]
[[0,0],[1,0],[21,96]]
[[0,0],[1,0],[25,96]]
