[[0,0],[1,0],[32,961]]
[[0,0],[1,0],[70,961]]
[[0,0],[1,0],[91,961]]
[[0,0],[1,0],[133,961]]
[[0,0],[1,0],[198,961]]
[[0,0],[1,0],[16,961]]
[[0,0],[1,0],[237,961]]
[[0,0],[1,0],[125,961]]
[[0,0],[1,0],[148,961]]
[[0,0],[1,0],[159,961]]
[[0,0],[1,0],[128,961]]
[[0,0],[1,0],[105,961]]
[[0,0],[1,0],[42,961]]
[[0,0],[1,0],[85,961]]
[[0,0],[1,0],[209,961]]
[[0,0],[1,0],[23,961]]
[[0,0],[1,0],[28,961]]
[[0,0],[1,0],[13,961]]
[[0,0],[1,0],[25,961]]
[[0,0],[1,0],[68,961]]
[[0,0],[1,0],[29,961]]
[[0,0],[1,0],[71,961]]
[[0,0],[1,0],[122,961]]
[[0,0],[1,0],[100,961]]
[[0,0],[1,0],[306,961]]
[[0,0],[1,0],[146,961]]
[[0,0],[1,0],[101,961]]
[[0,0],[1,0],[229,961]]
[[0,0],[1,0],[98,961]]
[[0,0],[1,0],[51,961]]
[[0,0],[1,0],[165,961]]
[[0,0],[1,0],[170,961]]
[[0,0],[1,0],[285,961]]
[[0,0],[1,0],[94,961]]
[[0,0],[1,0],[298,961]]
[[0,0],[1,0],[110,961]]
[[0,0],[1,0],[20,961]]
[[0,0],[1,0],[82,961]]
[[0,0],[1,0],[18,961]]
[[0,0],[1,0],[45,961]]
[[0,0],[1,0],[280,961]]
[[0,0],[1,0],[54,961]]
[[0,0],[1,0],[24,961]]
[[0,0],[1,0],[109,961]]
[[0,0],[1,0],[363,961]]
[[0,0],[1,0],[72,961]]
[[0,0],[1,0],[69,961]]
[[0,0],[1,0],[276,961]]
[[0,0],[1,0],[382,961]]
[[0,0],[1,0],[362,961]]
[[0,0],[1,0],[210,961]]
[[0,0],[1,0],[222,961]]
[[0,0],[1,0],[111,961]]
[[0,0],[1,0],[466,961]]
[[0,0],[1,0],[216,961]]
[[0,0],[1,0],[107,961]]
[[0,0],[1,0],[153,961]]
[[0,0],[1,0],[129,961]]
[[0,0],[1,0],[58,961]]
[[0,0],[1,0],[73,961]]
[[0,0],[1,0],[204,961]]
[[0,0],[1,0],[27,961]]
[[0,0],[1,0],[326,961]]
[[0,0],[1,0],[269,961]]
[[0,0],[1,0],[102,961]]
[[0,0],[1,0],[66,961]]
[[0,0],[1,0],[255,961]]
[[0,0],[1,0],[7,961]]
[[0,0],[1,0],[15,961]]
[[0,0],[1,0],[135,961]]
[[0,0],[1,0],[46,961]]
[[0,0],[1,0],[404,961]]
[[0,0],[1,0],[215,961]]
[[0,0],[1,0],[322,961]]
[[0,0],[1,0],[52,961]]
[[0,0],[1,0],[17,961]]
[[0,0],[1,0],[218,961]]
[[0,0],[1,0],[56,961]]
[[0,0],[1,0],[14,961]]
[[0,0],[1,0],[144,961]]
[[0,0],[1,0],[78,961]]
[[0,0],[1,0],[87,961]]
[[0,0],[1,0],[181,961]]
[[0,0],[1,0],[92,961]]
[[0,0],[1,0],[35,961]]
[[0,0],[1,0],[1,961]]
[[0,0],[1,0],[190,961]]
[[0,0],[1,0],[187,961]]
[[0,0],[1,0],[63,961]]
[[0,0],[1,0],[4,961]]
[[0,0],[1,0],[36,961]]
[[0,0],[1,0],[34,961]]
[[0,0],[1,0],[254,961]]
[[0,0],[1,0],[154,961]]
[[0,0],[1,0],[47,961]]
[[0,0],[1,0],[123,961]]
[[0,0],[1,0],[158,961]]
[[0,0],[1,0],[21,961]]
[[0,0],[1,0],[141,961]]
[[0,0],[1,0],[10,961]]
[[0,0],[1,0],[156,961]]
[[0,0],[1,0],[323,961]]
[[0,0],[1,0],[44,961]]
[[0,0],[1,0],[246,961]]
[[0,0],[1,0],[30,961]]
[[0,0],[1,0],[172,961]]
[[0,0],[1,0],[8,961]]
[[0,0],[1,0],[83,961]]
[[0,0],[1,0],[50,961]]
[[0,0],[1,0],[53,961]]
[[0,0],[1,0],[67,961]]
[[0,0],[1,0],[440,961]]
[[0,0],[1,0],[176,961]]
[[0,0],[1,0],[138,961]]
[[0,0],[1,0],[226,961]]
[[0,0],[1,0],[249,961]]
[[0,0],[1,0],[112,961]]
[[0,0],[1,0],[211,961]]
[[0,0],[1,0],[43,961]]
[[0,0],[1,0],[2,961]]
[[0,0],[1,0],[88,961]]
[[0,0],[1,0],[22,961]]
[[0,0],[1,0],[106,961]]
[[0,0],[1,0],[171,961]]
[[0,0],[1,0],[311,961]]
[[0,0],[1,0],[99,961]]
[[0,0],[1,0],[337,961]]
[[0,0],[1,0],[57,961]]
[[0,0],[1,0],[3,961]]
[[0,0],[1,0],[9,961]]
[[0,0],[1,0],[357,961]]
[[0,0],[31,0],[0,31]]
[[0,0],[1,0],[147,961]]
[[0,0],[1,0],[145,961]]
[[0,0],[1,0],[143,961]]
[[0,0],[1,0],[373,961]]
[[0,0],[1,0],[163,961]]
[[0,0],[1,0],[77,961]]
[[0,0],[1,0],[127,961]]
[[0,0],[1,0],[130,961]]
[[0,0],[1,0],[247,961]]
[[0,0],[1,0],[245,961]]
[[0,0],[1,0],[11,961]]
[[0,0],[1,0],[164,961]]
[[0,0],[1,0],[55,961]]
[[0,0],[1,0],[84,961]]
[[0,0],[1,0],[142,961]]
[[0,0],[1,0],[6,961]]
[[0,0],[1,0],[12,961]]
[[0,0],[1,0],[435,961]]
[[0,0],[1,0],[5,961]]
[[0,0],[1,0],[59,961]]
[[0,0],[1,0],[19,961]]
[[0,0],[1,0],[108,961]]
[[0,0],[1,0],[26,961]]
[[0,0],[1,0],[342,961]]
[[0,0],[1,0],[134,961]]
[[0,0],[1,0],[140,961]]
[[0,0],[1,0],[242,961]]
[[0,0],[1,0],[139,961]]
[[0,0],[1,0],[162,961]]
[[0,0],[1,0],[76,961]]
[[0,0],[1,0],[371,961]]
[[0,0],[1,0],[230,961]]
[[0,0],[1,0],[175,961]]
[[0,0],[1,0],[39,961]]
[[0,0],[1,0],[194,961]]
[[0,0],[1,0],[86,961]]
