[[0,0],[1,0],[517,963]]
[[0,0],[1,0],[133,963]]
[[0,0],[1,0],[305,963]]
[[0,0],[1,0],[16,963]]
[[0,0],[1,0],[70,963]]
[[0,0],[1,0],[91,963]]
[[0,0],[1,0],[125,963]]
[[0,0],[1,0],[148,963]]
[[0,0],[1,0],[388,963]]
[[0,0],[1,0],[184,963]]
[[0,0],[1,0],[124,963]]
[[0,0],[1,0],[526,963]]
[[0,0],[3,0],[27,321]]
[[0,0],[1,0],[433,963]]
[[0,0],[1,0],[121,963]]
[[0,0],[1,0],[664,963]]
[[0,0],[1,0],[628,963]]
[[0,0],[1,0],[28,963]]
[[0,0],[1,0],[13,963]]
[[0,0],[1,0],[23,963]]
[[0,0],[1,0],[68,963]]
[[0,0],[1,0],[25,963]]
[[0,0],[1,0],[61,963]]
[[0,0],[1,0],[400,963]]
[[0,0],[1,0],[29,963]]
[[0,0],[3,0],[12,321]]
[[0,0],[1,0],[100,963]]
[[0,0],[1,0],[71,963]]
[[0,0],[1,0],[292,963]]
[[0,0],[1,0],[122,963]]
[[0,0],[3,0],[45,321]]
[[0,0],[1,0],[31,963]]
[[0,0],[1,0],[101,963]]
[[0,0],[1,0],[146,963]]
[[0,0],[1,0],[79,963]]
[[0,0],[1,0],[355,963]]
[[0,0],[1,0],[229,963]]
[[0,0],[1,0],[331,963]]
[[0,0],[1,0],[98,963]]
[[0,0],[1,0],[750,963]]
[[0,0],[3,0],[30,321]]
[[0,0],[3,0],[87,321]]
[[0,0],[1,0],[62,963]]
[[0,0],[1,0],[20,963]]
[[0,0],[1,0],[94,963]]
[[0,0],[1,0],[298,963]]
[[0,0],[1,0],[379,963]]
[[0,0],[1,0],[82,963]]
[[0,0],[1,0],[196,963]]
[[0,0],[1,0],[544,963]]
[[0,0],[3,0],[3,321]]
[[0,0],[1,0],[496,963]]
[[0,0],[1,0],[280,963]]
[[0,0],[1,0],[310,963]]
[[0,0],[1,0],[41,963]]
[[0,0],[1,0],[236,963]]
[[0,0],[1,0],[268,963]]
[[0,0],[1,0],[541,963]]
[[0,0],[1,0],[109,963]]
[[0,0],[1,0],[691,963]]
[[0,0],[1,0],[97,963]]
[[0,0],[1,0],[487,963]]
[[0,0],[1,0],[64,963]]
[[0,0],[1,0],[119,963]]
[[0,0],[1,0],[622,963]]
[[0,0],[1,0],[250,963]]
[[0,0],[1,0],[382,963]]
[[0,0],[1,0],[346,963]]
[[0,0],[1,0],[166,963]]
[[0,0],[1,0],[65,963]]
[[0,0],[1,0],[58,963]]
[[0,0],[1,0],[73,963]]
[[0,0],[1,0],[610,963]]
[[0,0],[1,0],[151,963]]
[[0,0],[1,0],[730,963]]
[[0,0],[1,0],[118,963]]
[[0,0],[1,0],[562,963]]
[[0,0],[1,0],[436,963]]
[[0,0],[3,0],[48,321]]
[[0,0],[1,0],[7,963]]
[[0,0],[1,0],[217,963]]
[[0,0],[1,0],[46,963]]
[[0,0],[1,0],[349,963]]
[[0,0],[1,0],[244,963]]
[[0,0],[1,0],[52,963]]
[[0,0],[1,0],[160,963]]
[[0,0],[1,0],[17,963]]
[[0,0],[1,0],[215,963]]
[[0,0],[1,0],[178,963]]
[[0,0],[1,0],[322,963]]
[[0,0],[1,0],[208,963]]
[[0,0],[1,0],[736,963]]
[[0,0],[3,0],[75,321]]
[[0,0],[1,0],[104,963]]
[[0,0],[1,0],[281,963]]
[[0,0],[1,0],[538,963]]
[[0,0],[1,0],[14,963]]
[[0,0],[1,0],[238,963]]
[[0,0],[1,0],[805,963]]
[[0,0],[1,0],[137,963]]
[[0,0],[1,0],[92,963]]
[[0,0],[1,0],[181,963]]
[[0,0],[1,0],[131,963]]
[[0,0],[1,0],[358,963]]
[[0,0],[1,0],[35,963]]
[[0,0],[1,0],[274,963]]
[[0,0],[1,0],[1,963]]
[[0,0],[1,0],[340,963]]
[[0,0],[3,0],[6,321]]
[[0,0],[1,0],[385,963]]
[[0,0],[1,0],[536,963]]
[[0,0],[3,0],[51,321]]
[[0,0],[1,0],[532,963]]
[[0,0],[1,0],[199,963]]
[[0,0],[1,0],[190,963]]
[[0,0],[1,0],[523,963]]
[[0,0],[1,0],[4,963]]
[[0,0],[1,0],[439,963]]
[[0,0],[1,0],[577,963]]
[[0,0],[1,0],[520,963]]
[[0,0],[1,0],[203,963]]
[[0,0],[1,0],[295,963]]
[[0,0],[1,0],[34,963]]
[[0,0],[3,0],[33,321]]
[[0,0],[1,0],[442,963]]
[[0,0],[1,0],[154,963]]
[[0,0],[1,0],[694,963]]
[[0,0],[1,0],[283,963]]
[[0,0],[1,0],[553,963]]
[[0,0],[1,0],[583,963]]
[[0,0],[1,0],[278,963]]
[[0,0],[1,0],[304,963]]
[[0,0],[1,0],[673,963]]
[[0,0],[3,0],[15,321]]
[[0,0],[1,0],[397,963]]
[[0,0],[3,0],[42,321]]
[[0,0],[1,0],[361,963]]
[[0,0],[1,0],[157,963]]
[[0,0],[1,0],[790,963]]
[[0,0],[1,0],[325,963]]
[[0,0],[1,0],[103,963]]
[[0,0],[1,0],[364,963]]
[[0,0],[1,0],[193,963]]
[[0,0],[1,0],[793,963]]
[[0,0],[3,0],[21,321]]
[[0,0],[1,0],[10,963]]
[[0,0],[1,0],[619,963]]
[[0,0],[1,0],[412,963]]
[[0,0],[1,0],[44,963]]
[[0,0],[3,0],[18,321]]
[[0,0],[1,0],[220,963]]
[[0,0],[1,0],[478,963]]
[[0,0],[1,0],[8,963]]
[[0,0],[1,0],[277,963]]
[[0,0],[1,0],[53,963]]
[[0,0],[1,0],[266,963]]
[[0,0],[1,0],[50,963]]
[[0,0],[1,0],[67,963]]
[[0,0],[1,0],[493,963]]
[[0,0],[1,0],[95,963]]
[[0,0],[1,0],[334,963]]
[[0,0],[1,0],[712,963]]
[[0,0],[1,0],[418,963]]
[[0,0],[1,0],[161,963]]
[[0,0],[1,0],[460,963]]
[[0,0],[1,0],[634,963]]
[[0,0],[1,0],[640,963]]
[[0,0],[1,0],[286,963]]
[[0,0],[1,0],[226,963]]
[[0,0],[1,0],[499,963]]
[[0,0],[1,0],[88,963]]
[[0,0],[1,0],[347,963]]
[[0,0],[3,0],[66,321]]
[[0,0],[1,0],[43,963]]
[[0,0],[1,0],[2,963]]
[[0,0],[1,0],[202,963]]
[[0,0],[1,0],[22,963]]
[[0,0],[1,0],[37,963]]
[[0,0],[1,0],[106,963]]
[[0,0],[1,0],[223,963]]
[[0,0],[1,0],[406,963]]
[[0,0],[1,0],[337,963]]
[[0,0],[1,0],[429,963]]
[[0,0],[1,0],[916,963]]
[[0,0],[1,0],[748,963]]
[[0,0],[1,0],[259,963]]
[[0,0],[1,0],[80,963]]
[[0,0],[1,0],[637,963]]
[[0,0],[1,0],[376,963]]
[[0,0],[1,0],[766,963]]
[[0,0],[1,0],[592,963]]
[[0,0],[1,0],[169,963]]
[[0,0],[1,0],[145,963]]
[[0,0],[3,0],[24,321]]
[[0,0],[1,0],[89,963]]
[[0,0],[1,0],[235,963]]
[[0,0],[1,0],[143,963]]
[[0,0],[1,0],[40,963]]
[[0,0],[1,0],[424,963]]
[[0,0],[1,0],[179,963]]
[[0,0],[1,0],[163,963]]
[[0,0],[1,0],[724,963]]
[[0,0],[1,0],[508,963]]
[[0,0],[1,0],[130,963]]
[[0,0],[1,0],[136,963]]
[[0,0],[1,0],[245,963]]
[[0,0],[1,0],[164,963]]
[[0,0],[1,0],[247,963]]
[[0,0],[1,0],[185,963]]
[[0,0],[1,0],[457,963]]
[[0,0],[1,0],[11,963]]
[[0,0],[1,0],[55,963]]
[[0,0],[1,0],[265,963]]
[[0,0],[1,0],[5,963]]
[[0,0],[1,0],[877,963]]
[[0,0],[1,0],[142,963]]
[[0,0],[1,0],[481,963]]
[[0,0],[1,0],[108,963]]
[[0,0],[3,0],[78,321]]
[[0,0],[1,0],[574,963]]
[[0,0],[1,0],[149,963]]
[[0,0],[1,0],[248,963]]
[[0,0],[3,0],[9,321]]
[[0,0],[1,0],[59,963]]
[[0,0],[1,0],[19,963]]
[[0,0],[1,0],[26,963]]
[[0,0],[1,0],[155,963]]
[[0,0],[1,0],[430,963]]
[[0,0],[1,0],[76,963]]
[[0,0],[1,0],[182,963]]
[[0,0],[1,0],[328,963]]
[[0,0],[1,0],[134,963]]
[[0,0],[1,0],[175,963]]
[[0,0],[1,0],[49,963]]
[[0,0],[1,0],[194,963]]
[[0,0],[1,0],[448,963]]
[[0,0],[1,0],[32,963]]
