[[0,0],[1,0],[194,965]]
[[0,0],[1,0],[16,965]]
[[0,0],[1,0],[411,965]]
[[0,0],[1,0],[133,965]]
[[0,0],[1,0],[526,965]]
[[0,0],[1,0],[148,965]]
[[0,0],[1,0],[159,965]]
[[0,0],[1,0],[121,965]]
[[0,0],[1,0],[232,965]]
[[0,0],[1,0],[636,965]]
[[0,0],[1,0],[209,965]]
[[0,0],[1,0],[576,965]]
[[0,0],[1,0],[353,965]]
[[0,0],[1,0],[23,965]]
[[0,0],[1,0],[461,965]]
[[0,0],[1,0],[28,965]]
[[0,0],[1,0],[13,965]]
[[0,0],[1,0],[61,965]]
[[0,0],[1,0],[68,965]]
[[0,0],[1,0],[132,965]]
[[0,0],[1,0],[29,965]]
[[0,0],[1,0],[71,965]]
[[0,0],[1,0],[811,965]]
[[0,0],[1,0],[262,965]]
[[0,0],[1,0],[331,965]]
[[0,0],[1,0],[601,965]]
[[0,0],[1,0],[31,965]]
[[0,0],[1,0],[866,965]]
[[0,0],[1,0],[292,965]]
[[0,0],[1,0],[711,965]]
[[0,0],[1,0],[146,965]]
[[0,0],[1,0],[79,965]]
[[0,0],[1,0],[233,965]]
[[0,0],[1,0],[786,965]]
[[0,0],[1,0],[51,965]]
[[0,0],[1,0],[62,965]]
[[0,0],[1,0],[98,965]]
[[0,0],[1,0],[454,965]]
[[0,0],[1,0],[296,965]]
[[0,0],[1,0],[591,965]]
[[0,0],[1,0],[506,965]]
[[0,0],[1,0],[231,965]]
[[0,0],[1,0],[82,965]]
[[0,0],[1,0],[316,965]]
[[0,0],[1,0],[18,965]]
[[0,0],[1,0],[196,965]]
[[0,0],[1,0],[41,965]]
[[0,0],[1,0],[471,965]]
[[0,0],[1,0],[54,965]]
[[0,0],[1,0],[24,965]]
[[0,0],[1,0],[236,965]]
[[0,0],[1,0],[97,965]]
[[0,0],[1,0],[551,965]]
[[0,0],[1,0],[64,965]]
[[0,0],[1,0],[109,965]]
[[0,0],[1,0],[256,965]]
[[0,0],[1,0],[726,965]]
[[0,0],[1,0],[771,965]]
[[0,0],[1,0],[119,965]]
[[0,0],[1,0],[276,965]]
[[0,0],[1,0],[206,965]]
[[0,0],[1,0],[216,965]]
[[0,0],[1,0],[251,965]]
[[0,0],[1,0],[421,965]]
[[0,0],[1,0],[111,965]]
[[0,0],[1,0],[107,965]]
[[0,0],[1,0],[466,965]]
[[0,0],[1,0],[346,965]]
[[0,0],[1,0],[166,965]]
[[0,0],[1,0],[258,965]]
[[0,0],[1,0],[33,965]]
[[0,0],[1,0],[27,965]]
[[0,0],[1,0],[58,965]]
[[0,0],[1,0],[326,965]]
[[0,0],[1,0],[151,965]]
[[0,0],[1,0],[204,965]]
[[0,0],[1,0],[356,965]]
[[0,0],[1,0],[217,965]]
[[0,0],[1,0],[571,965]]
[[0,0],[1,0],[66,965]]
[[0,0],[1,0],[7,965]]
[[0,0],[1,0],[446,965]]
[[0,0],[1,0],[17,965]]
[[0,0],[1,0],[56,965]]
[[0,0],[1,0],[244,965]]
[[0,0],[1,0],[349,965]]
[[0,0],[1,0],[208,965]]
[[0,0],[1,0],[736,965]]
[[0,0],[1,0],[52,965]]
[[0,0],[1,0],[14,965]]
[[0,0],[1,0],[104,965]]
[[0,0],[1,0],[218,965]]
[[0,0],[1,0],[78,965]]
[[0,0],[1,0],[131,965]]
[[0,0],[1,0],[596,965]]
[[0,0],[1,0],[137,965]]
[[0,0],[1,0],[96,965]]
[[0,0],[1,0],[343,965]]
[[0,0],[1,0],[580,965]]
[[0,0],[1,0],[1,965]]
[[0,0],[1,0],[92,965]]
[[0,0],[1,0],[87,965]]
[[0,0],[1,0],[581,965]]
[[0,0],[1,0],[114,965]]
[[0,0],[1,0],[536,965]]
[[0,0],[1,0],[187,965]]
[[0,0],[1,0],[321,965]]
[[0,0],[1,0],[531,965]]
[[0,0],[1,0],[199,965]]
[[0,0],[1,0],[38,965]]
[[0,0],[1,0],[63,965]]
[[0,0],[1,0],[501,965]]
[[0,0],[1,0],[4,965]]
[[0,0],[1,0],[36,965]]
[[0,0],[1,0],[34,965]]
[[0,0],[1,0],[116,965]]
[[0,0],[1,0],[263,965]]
[[0,0],[1,0],[158,965]]
[[0,0],[1,0],[361,965]]
[[0,0],[1,0],[291,965]]
[[0,0],[1,0],[21,965]]
[[0,0],[1,0],[103,965]]
[[0,0],[1,0],[157,965]]
[[0,0],[1,0],[341,965]]
[[0,0],[1,0],[141,965]]
[[0,0],[1,0],[156,965]]
[[0,0],[1,0],[44,965]]
[[0,0],[1,0],[8,965]]
[[0,0],[1,0],[83,965]]
[[0,0],[1,0],[336,965]]
[[0,0],[1,0],[67,965]]
[[0,0],[1,0],[366,965]]
[[0,0],[1,0],[53,965]]
[[0,0],[1,0],[516,965]]
[[0,0],[1,0],[173,965]]
[[0,0],[1,0],[176,965]]
[[0,0],[1,0],[261,965]]
[[0,0],[1,0],[286,965]]
[[0,0],[1,0],[112,965]]
[[0,0],[1,0],[211,965]]
[[0,0],[1,0],[201,965]]
[[0,0],[1,0],[88,965]]
[[0,0],[1,0],[22,965]]
[[0,0],[1,0],[226,965]]
[[0,0],[1,0],[2,965]]
[[0,0],[1,0],[896,965]]
[[0,0],[1,0],[406,965]]
[[0,0],[1,0],[171,965]]
[[0,0],[1,0],[241,965]]
[[0,0],[1,0],[106,965]]
[[0,0],[1,0],[57,965]]
[[0,0],[1,0],[37,965]]
[[0,0],[1,0],[3,965]]
[[0,0],[1,0],[9,965]]
[[0,0],[1,0],[279,965]]
[[0,0],[1,0],[376,965]]
[[0,0],[1,0],[169,965]]
[[0,0],[1,0],[147,965]]
[[0,0],[1,0],[89,965]]
[[0,0],[1,0],[301,965]]
[[0,0],[1,0],[77,965]]
[[0,0],[1,0],[234,965]]
[[0,0],[1,0],[671,965]]
[[0,0],[1,0],[214,965]]
[[0,0],[1,0],[136,965]]
[[0,0],[1,0],[611,965]]
[[0,0],[1,0],[11,965]]
[[0,0],[1,0],[74,965]]
[[0,0],[1,0],[186,965]]
[[0,0],[1,0],[381,965]]
[[0,0],[1,0],[142,965]]
[[0,0],[1,0],[6,965]]
[[0,0],[1,0],[566,965]]
[[0,0],[1,0],[243,965]]
[[0,0],[1,0],[84,965]]
[[0,0],[1,0],[59,965]]
[[0,0],[1,0],[19,965]]
[[0,0],[1,0],[387,965]]
[[0,0],[1,0],[342,965]]
[[0,0],[1,0],[12,965]]
[[0,0],[1,0],[81,965]]
[[0,0],[1,0],[26,965]]
[[0,0],[1,0],[48,965]]
[[0,0],[1,0],[108,965]]
[[0,0],[1,0],[371,965]]
[[0,0],[1,0],[126,965]]
[[0,0],[1,0],[293,965]]
[[0,0],[1,0],[491,965]]
[[0,0],[1,0],[76,965]]
[[0,0],[1,0],[152,965]]
[[0,0],[1,0],[86,965]]
[[0,0],[1,0],[49,965]]
[[0,0],[1,0],[39,965]]
[[0,0],[1,0],[32,965]]
[[0,0],[1,0],[91,965]]
[[0,0],[1,0],[198,965]]
