[[0,0],[1,0],[194,967]]
[[0,0],[1,0],[133,967]]
[[0,0],[1,0],[184,967]]
[[0,0],[1,0],[105,967]]
[[0,0],[1,0],[180,967]]
[[0,0],[1,0],[209,967]]
[[0,0],[1,0],[150,967]]
[[0,0],[1,0],[25,967]]
[[0,0],[1,0],[85,967]]
[[0,0],[1,0],[28,967]]
[[0,0],[1,0],[13,967]]
[[0,0],[1,0],[23,967]]
[[0,0],[1,0],[68,967]]
[[0,0],[1,0],[61,967]]
[[0,0],[1,0],[132,967]]
[[0,0],[1,0],[29,967]]
[[0,0],[1,0],[239,967]]
[[0,0],[1,0],[71,967]]
[[0,0],[1,0],[31,967]]
[[0,0],[1,0],[213,967]]
[[0,0],[1,0],[51,967]]
[[0,0],[1,0],[62,967]]
[[0,0],[1,0],[98,967]]
[[0,0],[1,0],[165,967]]
[[0,0],[1,0],[110,967]]
[[0,0],[1,0],[20,967]]
[[0,0],[1,0],[82,967]]
[[0,0],[1,0],[280,967]]
[[0,0],[1,0],[18,967]]
[[0,0],[1,0],[41,967]]
[[0,0],[1,0],[24,967]]
[[0,0],[1,0],[54,967]]
[[0,0],[1,0],[72,967]]
[[0,0],[1,0],[97,967]]
[[0,0],[1,0],[64,967]]
[[0,0],[1,0],[314,967]]
[[0,0],[1,0],[109,967]]
[[0,0],[1,0],[195,967]]
[[0,0],[1,0],[382,967]]
[[0,0],[1,0],[276,967]]
[[0,0],[1,0],[206,967]]
[[0,0],[1,0],[153,967]]
[[0,0],[1,0],[111,967]]
[[0,0],[1,0],[107,967]]
[[0,0],[1,0],[166,967]]
[[0,0],[1,0],[65,967]]
[[0,0],[1,0],[113,967]]
[[0,0],[1,0],[33,967]]
[[0,0],[1,0],[118,967]]
[[0,0],[1,0],[27,967]]
[[0,0],[1,0],[204,967]]
[[0,0],[1,0],[356,967]]
[[0,0],[1,0],[102,967]]
[[0,0],[1,0],[151,967]]
[[0,0],[1,0],[217,967]]
[[0,0],[1,0],[269,967]]
[[0,0],[1,0],[66,967]]
[[0,0],[1,0],[17,967]]
[[0,0],[1,0],[56,967]]
[[0,0],[1,0],[7,967]]
[[0,0],[1,0],[15,967]]
[[0,0],[1,0],[135,967]]
[[0,0],[1,0],[208,967]]
[[0,0],[1,0],[52,967]]
[[0,0],[1,0],[104,967]]
[[0,0],[1,0],[178,967]]
[[0,0],[1,0],[288,967]]
[[0,0],[1,0],[14,967]]
[[0,0],[1,0],[96,967]]
[[0,0],[1,0],[131,967]]
[[0,0],[1,0],[115,967]]
[[0,0],[1,0],[35,967]]
[[0,0],[1,0],[1,967]]
[[0,0],[1,0],[181,967]]
[[0,0],[1,0],[87,967]]
[[0,0],[1,0],[114,967]]
[[0,0],[1,0],[190,967]]
[[0,0],[1,0],[199,967]]
[[0,0],[1,0],[203,967]]
[[0,0],[1,0],[4,967]]
[[0,0],[1,0],[38,967]]
[[0,0],[1,0],[63,967]]
[[0,0],[1,0],[36,967]]
[[0,0],[1,0],[34,967]]
[[0,0],[1,0],[154,967]]
[[0,0],[1,0],[90,967]]
[[0,0],[1,0],[123,967]]
[[0,0],[1,0],[21,967]]
[[0,0],[1,0],[193,967]]
[[0,0],[1,0],[183,967]]
[[0,0],[1,0],[103,967]]
[[0,0],[1,0],[10,967]]
[[0,0],[1,0],[30,967]]
[[0,0],[1,0],[8,967]]
[[0,0],[1,0],[83,967]]
[[0,0],[1,0],[200,967]]
[[0,0],[1,0],[67,967]]
[[0,0],[1,0],[240,967]]
[[0,0],[1,0],[53,967]]
[[0,0],[1,0],[75,967]]
[[0,0],[1,0],[50,967]]
[[0,0],[1,0],[173,967]]
[[0,0],[1,0],[176,967]]
[[0,0],[1,0],[345,967]]
[[0,0],[1,0],[249,967]]
[[0,0],[1,0],[112,967]]
[[0,0],[1,0],[205,967]]
[[0,0],[1,0],[177,967]]
[[0,0],[1,0],[22,967]]
[[0,0],[1,0],[2,967]]
[[0,0],[1,0],[241,967]]
[[0,0],[1,0],[167,967]]
[[0,0],[1,0],[99,967]]
[[0,0],[1,0],[57,967]]
[[0,0],[1,0],[37,967]]
[[0,0],[1,0],[106,967]]
[[0,0],[1,0],[223,967]]
[[0,0],[1,0],[9,967]]
[[0,0],[1,0],[80,967]]
[[0,0],[1,0],[3,967]]
[[0,0],[1,0],[264,967]]
[[0,0],[1,0],[235,967]]
[[0,0],[1,0],[147,967]]
[[0,0],[1,0],[40,967]]
[[0,0],[1,0],[163,967]]
[[0,0],[1,0],[179,967]]
[[0,0],[1,0],[301,967]]
[[0,0],[1,0],[174,967]]
[[0,0],[1,0],[60,967]]
[[0,0],[1,0],[313,967]]
[[0,0],[1,0],[143,967]]
[[0,0],[1,0],[77,967]]
[[0,0],[1,0],[127,967]]
[[0,0],[1,0],[11,967]]
[[0,0],[1,0],[164,967]]
[[0,0],[1,0],[84,967]]
[[0,0],[1,0],[6,967]]
[[0,0],[1,0],[55,967]]
[[0,0],[1,0],[12,967]]
[[0,0],[1,0],[19,967]]
[[0,0],[1,0],[155,967]]
[[0,0],[1,0],[5,967]]
[[0,0],[1,0],[81,967]]
[[0,0],[1,0],[108,967]]
[[0,0],[1,0],[48,967]]
[[0,0],[1,0],[182,967]]
[[0,0],[1,0],[134,967]]
[[0,0],[1,0],[207,967]]
[[0,0],[1,0],[26,967]]
[[0,0],[1,0],[140,967]]
[[0,0],[1,0],[371,967]]
[[0,0],[1,0],[76,967]]
[[0,0],[1,0],[152,967]]
[[0,0],[1,0],[126,967]]
[[0,0],[1,0],[168,967]]
[[0,0],[1,0],[49,967]]
[[0,0],[1,0],[302,967]]
[[0,0],[1,0],[86,967]]
[[0,0],[1,0],[32,967]]
[[0,0],[1,0],[175,967]]
[[0,0],[1,0],[329,967]]
[[0,0],[1,0],[39,967]]
[[0,0],[1,0],[16,967]]
