[[0,0],[1,0],[39,971]]
[[0,0],[1,0],[184,971]]
[[0,0],[1,0],[124,971]]
[[0,0],[1,0],[448,971]]
[[0,0],[1,0],[32,971]]
[[0,0],[1,0],[159,971]]
[[0,0],[1,0],[16,971]]
[[0,0],[1,0],[148,971]]
[[0,0],[1,0],[42,971]]
[[0,0],[1,0],[180,971]]
[[0,0],[1,0],[128,971]]
[[0,0],[1,0],[189,971]]
[[0,0],[1,0],[28,971]]
[[0,0],[1,0],[13,971]]
[[0,0],[1,0],[61,971]]
[[0,0],[1,0],[29,971]]
[[0,0],[1,0],[122,971]]
[[0,0],[1,0],[31,971]]
[[0,0],[1,0],[85,971]]
[[0,0],[1,0],[79,971]]
[[0,0],[1,0],[23,971]]
[[0,0],[1,0],[25,971]]
[[0,0],[1,0],[100,971]]
[[0,0],[1,0],[71,971]]
[[0,0],[1,0],[51,971]]
[[0,0],[1,0],[285,971]]
[[0,0],[1,0],[101,971]]
[[0,0],[1,0],[170,971]]
[[0,0],[1,0],[146,971]]
[[0,0],[1,0],[45,971]]
[[0,0],[1,0],[319,971]]
[[0,0],[1,0],[280,971]]
[[0,0],[1,0],[20,971]]
[[0,0],[1,0],[196,971]]
[[0,0],[1,0],[18,971]]
[[0,0],[1,0],[24,971]]
[[0,0],[1,0],[300,971]]
[[0,0],[1,0],[72,971]]
[[0,0],[1,0],[41,971]]
[[0,0],[1,0],[64,971]]
[[0,0],[1,0],[69,971]]
[[0,0],[1,0],[119,971]]
[[0,0],[1,0],[276,971]]
[[0,0],[1,0],[129,971]]
[[0,0],[1,0],[382,971]]
[[0,0],[1,0],[210,971]]
[[0,0],[1,0],[65,971]]
[[0,0],[1,0],[222,971]]
[[0,0],[1,0],[58,971]]
[[0,0],[1,0],[33,971]]
[[0,0],[1,0],[153,971]]
[[0,0],[1,0],[107,971]]
[[0,0],[1,0],[102,971]]
[[0,0],[1,0],[15,971]]
[[0,0],[1,0],[73,971]]
[[0,0],[1,0],[17,971]]
[[0,0],[1,0],[27,971]]
[[0,0],[1,0],[93,971]]
[[0,0],[1,0],[66,971]]
[[0,0],[1,0],[7,971]]
[[0,0],[1,0],[217,971]]
[[0,0],[1,0],[135,971]]
[[0,0],[1,0],[46,971]]
[[0,0],[1,0],[52,971]]
[[0,0],[1,0],[160,971]]
[[0,0],[1,0],[35,971]]
[[0,0],[1,0],[1,971]]
[[0,0],[1,0],[281,971]]
[[0,0],[1,0],[144,971]]
[[0,0],[1,0],[14,971]]
[[0,0],[1,0],[343,971]]
[[0,0],[1,0],[137,971]]
[[0,0],[1,0],[181,971]]
[[0,0],[1,0],[78,971]]
[[0,0],[1,0],[87,971]]
[[0,0],[1,0],[114,971]]
[[0,0],[1,0],[212,971]]
[[0,0],[1,0],[38,971]]
[[0,0],[1,0],[199,971]]
[[0,0],[1,0],[154,971]]
[[0,0],[1,0],[90,971]]
[[0,0],[1,0],[4,971]]
[[0,0],[1,0],[47,971]]
[[0,0],[1,0],[203,971]]
[[0,0],[1,0],[34,971]]
[[0,0],[1,0],[157,971]]
[[0,0],[1,0],[141,971]]
[[0,0],[1,0],[123,971]]
[[0,0],[1,0],[156,971]]
[[0,0],[1,0],[291,971]]
[[0,0],[1,0],[10,971]]
[[0,0],[1,0],[44,971]]
[[0,0],[1,0],[323,971]]
[[0,0],[1,0],[21,971]]
[[0,0],[1,0],[158,971]]
[[0,0],[1,0],[8,971]]
[[0,0],[1,0],[282,971]]
[[0,0],[1,0],[83,971]]
[[0,0],[1,0],[200,971]]
[[0,0],[1,0],[266,971]]
[[0,0],[1,0],[344,971]]
[[0,0],[1,0],[173,971]]
[[0,0],[1,0],[30,971]]
[[0,0],[1,0],[277,971]]
[[0,0],[1,0],[53,971]]
[[0,0],[1,0],[50,971]]
[[0,0],[1,0],[161,971]]
[[0,0],[1,0],[138,971]]
[[0,0],[1,0],[75,971]]
[[0,0],[1,0],[88,971]]
[[0,0],[1,0],[211,971]]
[[0,0],[1,0],[22,971]]
[[0,0],[1,0],[202,971]]
[[0,0],[1,0],[345,971]]
[[0,0],[1,0],[201,971]]
[[0,0],[1,0],[273,971]]
[[0,0],[1,0],[241,971]]
[[0,0],[1,0],[99,971]]
[[0,0],[1,0],[43,971]]
[[0,0],[1,0],[2,971]]
[[0,0],[1,0],[167,971]]
[[0,0],[1,0],[3,971]]
[[0,0],[1,0],[145,971]]
[[0,0],[1,0],[60,971]]
[[0,0],[1,0],[147,971]]
[[0,0],[1,0],[143,971]]
[[0,0],[1,0],[77,971]]
[[0,0],[1,0],[40,971]]
[[0,0],[1,0],[9,971]]
[[0,0],[1,0],[80,971]]
[[0,0],[1,0],[169,971]]
[[0,0],[1,0],[127,971]]
[[0,0],[1,0],[74,971]]
[[0,0],[1,0],[136,971]]
[[0,0],[1,0],[89,971]]
[[0,0],[1,0],[235,971]]
[[0,0],[1,0],[12,971]]
[[0,0],[1,0],[6,971]]
[[0,0],[1,0],[130,971]]
[[0,0],[1,0],[26,971]]
[[0,0],[1,0],[19,971]]
[[0,0],[1,0],[164,971]]
[[0,0],[1,0],[140,971]]
[[0,0],[1,0],[76,971]]
[[0,0],[1,0],[84,971]]
[[0,0],[1,0],[11,971]]
[[0,0],[1,0],[5,971]]
[[0,0],[1,0],[318,971]]
[[0,0],[1,0],[142,971]]
[[0,0],[1,0],[330,971]]
[[0,0],[1,0],[152,971]]
[[0,0],[1,0],[149,971]]
[[0,0],[1,0],[59,971]]
[[0,0],[1,0],[155,971]]
[[0,0],[1,0],[168,971]]
[[0,0],[1,0],[49,971]]
[[0,0],[1,0],[48,971]]
[[0,0],[1,0],[86,971]]
[[0,0],[1,0],[139,971]]
[[0,0],[1,0],[242,971]]
[[0,0],[1,0],[70,971]]
[[0,0],[1,0],[125,971]]
[[0,0],[1,0],[126,971]]
