[[0,0],[1,0],[316,972]]
[[0,0],[1,0],[175,972]]
[[0,0],[3,0],[231,324]]
[[0,0],[1,0],[161,972]]
[[0,0],[1,0],[533,972]]
[[0,0],[1,0],[22,972]]
[[0,0],[1,0],[367,972]]
[[0,0],[1,0],[121,972]]
[[0,0],[3,0],[249,324]]
[[0,0],[9,0],[63,108]]
[[0,0],[3,0],[33,324]]
[[0,0],[1,0],[694,972]]
[[0,0],[1,0],[862,972]]
[[0,0],[3,0],[87,324]]
[[0,0],[1,0],[167,972]]
[[0,0],[3,0],[171,324]]
[[0,0],[2,0],[32,486]]
[[0,0],[2,0],[68,486]]
[[0,0],[2,0],[20,486]]
[[0,0],[1,0],[33,972]]
[[0,0],[1,0],[382,972]]
[[0,0],[1,0],[109,972]]
[[0,0],[1,0],[337,972]]
[[0,0],[3,0],[207,324]]
[[0,0],[2,0],[118,486]]
[[0,0],[2,0],[164,486]]
[[0,0],[3,0],[246,324]]
[[0,0],[1,0],[93,972]]
[[0,0],[1,0],[427,972]]
[[0,0],[3,0],[63,324]]
[[0,0],[1,0],[437,972]]
[[0,0],[1,0],[425,972]]
[[0,0],[1,0],[586,972]]
[[0,0],[1,0],[25,972]]
[[0,0],[2,0],[2,486]]
[[0,0],[3,0],[84,324]]
[[0,0],[1,0],[910,972]]
[[0,0],[1,0],[658,972]]
[[0,0],[1,0],[10,972]]
[[0,0],[1,0],[298,972]]
[[0,0],[1,0],[35,972]]
[[0,0],[1,0],[565,972]]
[[0,0],[1,0],[502,972]]
[[0,0],[1,0],[91,972]]
[[0,0],[1,0],[347,972]]
[[0,0],[3,0],[39,324]]
[[0,0],[1,0],[610,972]]
[[0,0],[1,0],[718,972]]
[[0,0],[1,0],[789,972]]
[[0,0],[1,0],[226,972]]
[[0,0],[3,0],[174,324]]
[[0,0],[1,0],[634,972]]
[[0,0],[1,0],[415,972]]
[[0,0],[2,0],[82,486]]
[[0,0],[1,0],[391,972]]
[[0,0],[1,0],[538,972]]
[[0,0],[1,0],[285,972]]
[[0,0],[2,0],[200,486]]
[[0,0],[3,0],[3,324]]
[[0,0],[1,0],[77,972]]
[[0,0],[1,0],[1,972]]
[[0,0],[1,0],[970,972]]
[[0,0],[1,0],[265,972]]
[[0,0],[1,0],[79,972]]
[[0,0],[1,0],[237,972]]
[[0,0],[1,0],[604,972]]
[[0,0],[1,0],[457,972]]
[[0,0],[2,0],[170,486]]
[[0,0],[1,0],[203,972]]
[[0,0],[1,0],[323,972]]
[[0,0],[1,0],[640,972]]
[[0,0],[2,0],[8,486]]
[[0,0],[1,0],[433,972]]
[[0,0],[1,0],[273,972]]
[[0,0],[1,0],[645,972]]
[[0,0],[1,0],[777,972]]
[[0,0],[1,0],[309,972]]
[[0,0],[1,0],[280,972]]
[[0,0],[1,0],[249,972]]
[[0,0],[1,0],[856,972]]
[[0,0],[1,0],[313,972]]
[[0,0],[2,0],[224,486]]
[[0,0],[2,0],[34,486]]
[[0,0],[3,0],[105,324]]
[[0,0],[1,0],[322,972]]
[[0,0],[1,0],[406,972]]
[[0,0],[3,0],[138,324]]
[[0,0],[1,0],[496,972]]
[[0,0],[3,0],[159,324]]
[[0,0],[2,0],[28,486]]
[[0,0],[1,0],[897,972]]
[[0,0],[1,0],[813,972]]
[[0,0],[1,0],[849,972]]
[[0,0],[1,0],[274,972]]
[[0,0],[1,0],[57,972]]
[[0,0],[1,0],[100,972]]
[[0,0],[1,0],[172,972]]
[[0,0],[1,0],[971,972]]
[[0,0],[1,0],[251,972]]
[[0,0],[1,0],[791,972]]
[[0,0],[3,0],[21,324]]
[[0,0],[1,0],[670,972]]
[[0,0],[1,0],[717,972]]
[[0,0],[1,0],[197,972]]
[[0,0],[1,0],[165,972]]
[[0,0],[1,0],[357,972]]
[[0,0],[1,0],[706,972]]
[[0,0],[3,0],[66,324]]
[[0,0],[3,0],[210,324]]
[[0,0],[9,0],[81,108]]
[[0,0],[1,0],[173,972]]
[[0,0],[1,0],[69,972]]
[[0,0],[1,0],[886,972]]
[[0,0],[1,0],[465,972]]
[[0,0],[3,0],[192,324]]
[[0,0],[1,0],[187,972]]
[[0,0],[1,0],[202,972]]
[[0,0],[1,0],[275,972]]
[[0,0],[1,0],[259,972]]
[[0,0],[1,0],[321,972]]
[[0,0],[6,0],[78,162]]
[[0,0],[1,0],[473,972]]
[[0,0],[1,0],[597,972]]
[[0,0],[3,0],[165,324]]
[[0,0],[1,0],[5,972]]
[[0,0],[1,0],[745,972]]
[[0,0],[1,0],[377,972]]
[[0,0],[1,0],[453,972]]
[[0,0],[2,0],[190,486]]
[[0,0],[1,0],[451,972]]
[[0,0],[1,0],[301,972]]
[[0,0],[18,0],[36,54]]
[[0,0],[1,0],[712,972]]
[[0,0],[3,0],[102,324]]
[[0,0],[6,0],[6,162]]
[[0,0],[1,0],[334,972]]
[[0,0],[1,0],[928,972]]
[[0,0],[1,0],[163,972]]
[[0,0],[1,0],[490,972]]
[[0,0],[1,0],[67,972]]
[[0,0],[2,0],[266,486]]
[[0,0],[1,0],[115,972]]
[[0,0],[1,0],[933,972]]
[[0,0],[2,0],[140,486]]
[[0,0],[1,0],[561,972]]
[[0,0],[6,0],[60,162]]
[[0,0],[1,0],[34,972]]
[[0,0],[2,0],[10,486]]
[[0,0],[1,0],[130,972]]
[[0,0],[1,0],[178,972]]
[[0,0],[1,0],[83,972]]
[[0,0],[1,0],[551,972]]
[[0,0],[1,0],[269,972]]
[[0,0],[6,0],[30,162]]
[[0,0],[1,0],[28,972]]
[[0,0],[1,0],[94,972]]
[[0,0],[1,0],[969,972]]
[[0,0],[1,0],[823,972]]
[[0,0],[1,0],[646,972]]
[[0,0],[1,0],[934,972]]
[[0,0],[1,0],[46,972]]
[[0,0],[1,0],[431,972]]
[[0,0],[1,0],[70,972]]
[[0,0],[1,0],[381,972]]
[[0,0],[1,0],[245,972]]
[[0,0],[1,0],[145,972]]
[[0,0],[1,0],[562,972]]
[[0,0],[1,0],[861,972]]
[[0,0],[1,0],[532,972]]
[[0,0],[1,0],[353,972]]
[[0,0],[1,0],[874,972]]
[[0,0],[1,0],[443,972]]
[[0,0],[3,0],[321,324]]
[[0,0],[1,0],[833,972]]
[[0,0],[1,0],[113,972]]
[[0,0],[1,0],[238,972]]
[[0,0],[1,0],[352,972]]
[[0,0],[1,0],[7,972]]
[[0,0],[1,0],[11,972]]
[[0,0],[1,0],[213,972]]
[[0,0],[1,0],[257,972]]
[[0,0],[1,0],[525,972]]
[[0,0],[1,0],[563,972]]
[[0,0],[1,0],[741,972]]
[[0,0],[1,0],[463,972]]
[[0,0],[1,0],[665,972]]
[[0,0],[1,0],[583,972]]
[[0,0],[1,0],[310,972]]
[[0,0],[1,0],[485,972]]
[[0,0],[1,0],[136,972]]
[[0,0],[1,0],[388,972]]
[[0,0],[1,0],[537,972]]
[[0,0],[1,0],[892,972]]
[[0,0],[1,0],[379,972]]
[[0,0],[2,0],[14,486]]
[[0,0],[3,0],[57,324]]
[[0,0],[1,0],[964,972]]
[[0,0],[1,0],[748,972]]
[[0,0],[1,0],[55,972]]
[[0,0],[1,0],[871,972]]
[[0,0],[1,0],[217,972]]
[[0,0],[1,0],[373,972]]
[[0,0],[1,0],[501,972]]
[[0,0],[1,0],[37,972]]
[[0,0],[2,0],[62,486]]
[[0,0],[1,0],[623,972]]
[[0,0],[1,0],[631,972]]
[[0,0],[1,0],[287,972]]
[[0,0],[1,0],[643,972]]
[[0,0],[1,0],[106,972]]
[[0,0],[2,0],[134,486]]
[[0,0],[3,0],[147,324]]
[[0,0],[1,0],[155,972]]
[[0,0],[1,0],[95,972]]
[[0,0],[3,0],[15,324]]
[[0,0],[1,0],[185,972]]
[[0,0],[1,0],[429,972]]
[[0,0],[1,0],[460,972]]
[[0,0],[1,0],[105,972]]
[[0,0],[1,0],[370,972]]
[[0,0],[1,0],[229,972]]
[[0,0],[2,0],[4,486]]
[[0,0],[1,0],[89,972]]
[[0,0],[2,0],[38,486]]
[[0,0],[9,0],[9,108]]
[[0,0],[1,0],[305,972]]
[[0,0],[1,0],[922,972]]
[[0,0],[1,0],[141,972]]
[[0,0],[1,0],[331,972]]
[[0,0],[1,0],[766,972]]
[[0,0],[1,0],[154,972]]
[[0,0],[1,0],[820,972]]
[[0,0],[2,0],[26,486]]
[[0,0],[1,0],[617,972]]
[[0,0],[2,0],[236,486]]
[[0,0],[2,0],[206,486]]
[[0,0],[1,0],[730,972]]
[[0,0],[1,0],[478,972]]
[[0,0],[2,0],[22,486]]
[[0,0],[1,0],[403,972]]
[[0,0],[1,0],[682,972]]
[[0,0],[1,0],[622,972]]
[[0,0],[1,0],[97,972]]
[[0,0],[1,0],[286,972]]
[[0,0],[2,0],[52,486]]
[[0,0],[1,0],[466,972]]
[[0,0],[1,0],[517,972]]
[[0,0],[1,0],[676,972]]
[[0,0],[1,0],[211,972]]
[[0,0],[1,0],[417,972]]
[[0,0],[1,0],[59,972]]
[[0,0],[1,0],[345,972]]
[[0,0],[1,0],[401,972]]
[[0,0],[1,0],[47,972]]
[[0,0],[1,0],[247,972]]
[[0,0],[1,0],[208,972]]
[[0,0],[2,0],[74,486]]
[[0,0],[1,0],[166,972]]
[[0,0],[2,0],[314,486]]
[[0,0],[3,0],[129,324]]
[[0,0],[1,0],[209,972]]
[[0,0],[1,0],[784,972]]
[[0,0],[2,0],[64,486]]
[[0,0],[2,0],[40,486]]
[[0,0],[1,0],[607,972]]
[[0,0],[1,0],[742,972]]
[[0,0],[1,0],[250,972]]
[[0,0],[2,0],[182,486]]
[[0,0],[1,0],[85,972]]
[[0,0],[1,0],[325,972]]
[[0,0],[1,0],[489,972]]
[[0,0],[1,0],[487,972]]
[[0,0],[2,0],[110,486]]
[[0,0],[1,0],[119,972]]
[[0,0],[2,0],[242,486]]
[[0,0],[1,0],[454,972]]
[[0,0],[1,0],[679,972]]
[[0,0],[1,0],[239,972]]
[[0,0],[1,0],[568,972]]
[[0,0],[1,0],[125,972]]
[[0,0],[1,0],[850,972]]
[[0,0],[1,0],[118,972]]
[[0,0],[2,0],[338,486]]
[[0,0],[1,0],[190,972]]
[[0,0],[1,0],[361,972]]
[[0,0],[1,0],[573,972]]
[[0,0],[2,0],[194,486]]
[[0,0],[1,0],[205,972]]
[[0,0],[1,0],[103,972]]
[[0,0],[1,0],[177,972]]
[[0,0],[3,0],[111,324]]
[[0,0],[1,0],[753,972]]
[[0,0],[1,0],[550,972]]
[[0,0],[1,0],[695,972]]
[[0,0],[1,0],[335,972]]
[[0,0],[6,0],[96,162]]
[[0,0],[1,0],[469,972]]
[[0,0],[1,0],[82,972]]
[[0,0],[2,0],[320,486]]
[[0,0],[3,0],[282,324]]
[[0,0],[1,0],[317,972]]
[[0,0],[1,0],[790,972]]
[[0,0],[1,0],[826,972]]
[[0,0],[3,0],[30,324]]
[[0,0],[1,0],[71,972]]
[[0,0],[1,0],[418,972]]
[[0,0],[1,0],[705,972]]
[[0,0],[2,0],[254,486]]
[[0,0],[1,0],[65,972]]
[[0,0],[1,0],[262,972]]
[[0,0],[1,0],[814,972]]
[[0,0],[1,0],[491,972]]
[[0,0],[1,0],[137,972]]
[[0,0],[1,0],[493,972]]
[[0,0],[2,0],[104,486]]
[[0,0],[1,0],[475,972]]
[[0,0],[2,0],[116,486]]
[[0,0],[1,0],[523,972]]
[[0,0],[2,0],[44,486]]
[[0,0],[1,0],[142,972]]
[[0,0],[3,0],[99,324]]
[[0,0],[1,0],[505,972]]
[[0,0],[1,0],[689,972]]
[[0,0],[2,0],[80,486]]
[[0,0],[1,0],[461,972]]
[[0,0],[1,0],[681,972]]
[[0,0],[1,0],[921,972]]
[[0,0],[1,0],[214,972]]
[[0,0],[1,0],[946,972]]
[[0,0],[3,0],[315,324]]
[[0,0],[1,0],[193,972]]
[[0,0],[1,0],[424,972]]
[[0,0],[1,0],[577,972]]
[[0,0],[1,0],[49,972]]
[[0,0],[1,0],[430,972]]
[[0,0],[1,0],[958,972]]
[[0,0],[1,0],[53,972]]
[[0,0],[1,0],[601,972]]
[[0,0],[1,0],[731,972]]
[[0,0],[1,0],[131,972]]
[[0,0],[1,0],[773,972]]
[[0,0],[1,0],[589,972]]
[[0,0],[3,0],[51,324]]
[[0,0],[1,0],[442,972]]
[[0,0],[2,0],[16,486]]
[[0,0],[2,0],[290,486]]
[[0,0],[18,0],[18,54]]
[[0,0],[1,0],[957,972]]
[[0,0],[3,0],[201,324]]
[[0,0],[1,0],[29,972]]
[[0,0],[1,0],[683,972]]
[[0,0],[1,0],[31,972]]
[[0,0],[1,0],[129,972]]
[[0,0],[1,0],[244,972]]
[[0,0],[2,0],[86,486]]
[[0,0],[1,0],[58,972]]
[[0,0],[3,0],[279,324]]
[[0,0],[1,0],[295,972]]
[[0,0],[1,0],[802,972]]
[[0,0],[1,0],[23,972]]
[[0,0],[1,0],[21,972]]
[[0,0],[1,0],[107,972]]
[[0,0],[1,0],[821,972]]
[[0,0],[1,0],[143,972]]
[[0,0],[1,0],[299,972]]
[[0,0],[1,0],[19,972]]
[[0,0],[3,0],[300,324]]
[[0,0],[1,0],[281,972]]
[[0,0],[1,0],[346,972]]
[[0,0],[1,0],[191,972]]
[[0,0],[1,0],[393,972]]
[[0,0],[1,0],[397,972]]
[[0,0],[1,0],[169,972]]
[[0,0],[1,0],[419,972]]
[[0,0],[1,0],[669,972]]
[[0,0],[1,0],[633,972]]
[[0,0],[1,0],[574,972]]
[[0,0],[1,0],[201,972]]
[[0,0],[1,0],[127,972]]
[[0,0],[1,0],[526,972]]
[[0,0],[1,0],[179,972]]
[[0,0],[1,0],[43,972]]
[[0,0],[1,0],[157,972]]
[[0,0],[3,0],[183,324]]
[[0,0],[2,0],[50,486]]
[[0,0],[1,0],[271,972]]
[[0,0],[1,0],[385,972]]
[[0,0],[2,0],[56,486]]
[[0,0],[1,0],[233,972]]
[[0,0],[1,0],[754,972]]
[[0,0],[3,0],[318,324]]
[[0,0],[1,0],[825,972]]
[[0,0],[9,0],[90,108]]
[[0,0],[2,0],[98,486]]
[[0,0],[2,0],[410,486]]
[[0,0],[3,0],[69,324]]
[[0,0],[1,0],[898,972]]
[[0,0],[1,0],[41,972]]
[[0,0],[2,0],[218,486]]
[[0,0],[9,0],[99,108]]
[[0,0],[1,0],[609,972]]
[[0,0],[1,0],[358,972]]
[[0,0],[1,0],[838,972]]
[[0,0],[1,0],[215,972]]
[[0,0],[1,0],[223,972]]
[[0,0],[1,0],[221,972]]
[[0,0],[1,0],[13,972]]
[[0,0],[2,0],[70,486]]
[[0,0],[1,0],[17,972]]
[[0,0],[1,0],[61,972]]
[[0,0],[1,0],[311,972]]
[[0,0],[1,0],[64,972]]
[[0,0],[1,0],[559,972]]
[[0,0],[1,0],[613,972]]
[[0,0],[1,0],[885,972]]
[[0,0],[6,0],[24,162]]
[[0,0],[1,0],[778,972]]
[[0,0],[1,0],[445,972]]
[[0,0],[9,0],[45,108]]
[[0,0],[1,0],[394,972]]
[[0,0],[1,0],[653,972]]
[[0,0],[1,0],[263,972]]
[[0,0],[1,0],[514,972]]
[[0,0],[2,0],[284,486]]
[[0,0],[2,0],[188,486]]
[[0,0],[1,0],[133,972]]
[[0,0],[1,0],[719,972]]
[[0,0],[1,0],[73,972]]
[[0,0],[6,0],[12,162]]
[[0,0],[1,0],[737,972]]
[[0,0],[2,0],[88,486]]
[[0,0],[1,0],[343,972]]
[[0,0],[2,0],[308,486]]
[[0,0],[1,0],[598,972]]
