[[0,0],[1,0],[161,978]]
[[0,0],[1,0],[724,978]]
[[0,0],[1,0],[367,978]]
[[0,0],[1,0],[184,978]]
[[0,0],[1,0],[664,978]]
[[0,0],[1,0],[109,978]]
[[0,0],[1,0],[316,978]]
[[0,0],[1,0],[427,978]]
[[0,0],[1,0],[658,978]]
[[0,0],[1,0],[25,978]]
[[0,0],[1,0],[688,978]]
[[0,0],[1,0],[436,978]]
[[0,0],[1,0],[598,978]]
[[0,0],[1,0],[910,978]]
[[0,0],[1,0],[844,978]]
[[0,0],[1,0],[862,978]]
[[0,0],[1,0],[976,978]]
[[0,0],[1,0],[586,978]]
[[0,0],[1,0],[22,978]]
[[0,0],[1,0],[395,978]]
[[0,0],[1,0],[382,978]]
[[0,0],[1,0],[10,978]]
[[0,0],[1,0],[327,978]]
[[0,0],[1,0],[298,978]]
[[0,0],[1,0],[694,978]]
[[0,0],[1,0],[391,978]]
[[0,0],[1,0],[718,978]]
[[0,0],[1,0],[337,978]]
[[0,0],[1,0],[565,978]]
[[0,0],[1,0],[904,978]]
[[0,0],[1,0],[355,978]]
[[0,0],[1,0],[77,978]]
[[0,0],[1,0],[571,978]]
[[0,0],[1,0],[721,978]]
[[0,0],[1,0],[715,978]]
[[0,0],[1,0],[610,978]]
[[0,0],[1,0],[970,978]]
[[0,0],[1,0],[79,978]]
[[0,0],[1,0],[1,978]]
[[0,0],[1,0],[226,978]]
[[0,0],[1,0],[235,978]]
[[0,0],[1,0],[347,978]]
[[0,0],[1,0],[520,978]]
[[0,0],[1,0],[35,978]]
[[0,0],[1,0],[328,978]]
[[0,0],[1,0],[265,978]]
[[0,0],[1,0],[634,978]]
[[0,0],[1,0],[502,978]]
[[0,0],[1,0],[538,978]]
[[0,0],[1,0],[389,978]]
[[0,0],[1,0],[457,978]]
[[0,0],[1,0],[496,978]]
[[0,0],[1,0],[640,978]]
[[0,0],[1,0],[832,978]]
[[0,0],[1,0],[604,978]]
[[0,0],[1,0],[449,978]]
[[0,0],[1,0],[274,978]]
[[0,0],[1,0],[304,978]]
[[0,0],[1,0],[484,978]]
[[0,0],[1,0],[197,978]]
[[0,0],[1,0],[433,978]]
[[0,0],[1,0],[148,978]]
[[0,0],[1,0],[323,978]]
[[0,0],[1,0],[322,978]]
[[0,0],[1,0],[172,978]]
[[0,0],[1,0],[280,978]]
[[0,0],[1,0],[856,978]]
[[0,0],[1,0],[595,978]]
[[0,0],[1,0],[100,978]]
[[0,0],[1,0],[736,978]]
[[0,0],[1,0],[406,978]]
[[0,0],[1,0],[173,978]]
[[0,0],[1,0],[5,978]]
[[0,0],[1,0],[557,978]]
[[0,0],[1,0],[670,978]]
[[0,0],[1,0],[775,978]]
[[0,0],[1,0],[202,978]]
[[0,0],[1,0],[706,978]]
[[0,0],[1,0],[334,978]]
[[0,0],[1,0],[275,978]]
[[0,0],[1,0],[220,978]]
[[0,0],[1,0],[160,978]]
[[0,0],[1,0],[400,978]]
[[0,0],[1,0],[712,978]]
[[0,0],[1,0],[490,978]]
[[0,0],[1,0],[178,978]]
[[0,0],[1,0],[187,978]]
[[0,0],[1,0],[875,978]]
[[0,0],[1,0],[952,978]]
[[0,0],[1,0],[575,978]]
[[0,0],[1,0],[886,978]]
[[0,0],[1,0],[115,978]]
[[0,0],[1,0],[928,978]]
[[0,0],[1,0],[269,978]]
[[0,0],[1,0],[196,978]]
[[0,0],[1,0],[34,978]]
[[0,0],[1,0],[46,978]]
[[0,0],[1,0],[83,978]]
[[0,0],[1,0],[130,978]]
[[0,0],[1,0],[532,978]]
[[0,0],[1,0],[677,978]]
[[0,0],[1,0],[562,978]]
[[0,0],[1,0],[616,978]]
[[0,0],[1,0],[592,978]]
[[0,0],[1,0],[646,978]]
[[0,0],[1,0],[934,978]]
[[0,0],[1,0],[67,978]]
[[0,0],[1,0],[70,978]]
[[0,0],[1,0],[7,978]]
[[0,0],[1,0],[340,978]]
[[0,0],[1,0],[874,978]]
[[0,0],[1,0],[94,978]]
[[0,0],[1,0],[245,978]]
[[0,0],[1,0],[238,978]]
[[0,0],[1,0],[353,978]]
[[0,0],[1,0],[28,978]]
[[0,0],[1,0],[11,978]]
[[0,0],[1,0],[569,978]]
[[0,0],[1,0],[485,978]]
[[0,0],[1,0],[124,978]]
[[0,0],[1,0],[665,978]]
[[0,0],[1,0],[547,978]]
[[0,0],[1,0],[463,978]]
[[0,0],[1,0],[293,978]]
[[0,0],[1,0],[563,978]]
[[0,0],[1,0],[145,978]]
[[0,0],[1,0],[352,978]]
[[0,0],[1,0],[940,978]]
[[0,0],[1,0],[217,978]]
[[0,0],[1,0],[136,978]]
[[0,0],[1,0],[37,978]]
[[0,0],[1,0],[748,978]]
[[0,0],[1,0],[905,978]]
[[0,0],[1,0],[113,978]]
[[0,0],[1,0],[319,978]]
[[0,0],[1,0],[388,978]]
[[0,0],[1,0],[964,978]]
[[0,0],[1,0],[916,978]]
[[0,0],[1,0],[373,978]]
[[0,0],[1,0],[55,978]]
[[0,0],[1,0],[181,978]]
[[0,0],[1,0],[370,978]]
[[0,0],[1,0],[106,978]]
[[0,0],[1,0],[185,978]]
[[0,0],[1,0],[379,978]]
[[0,0],[1,0],[310,978]]
[[0,0],[1,0],[892,978]]
[[0,0],[1,0],[467,978]]
[[0,0],[1,0],[535,978]]
[[0,0],[1,0],[820,978]]
[[0,0],[1,0],[460,978]]
[[0,0],[1,0],[448,978]]
[[0,0],[1,0],[331,978]]
[[0,0],[1,0],[727,978]]
[[0,0],[1,0],[155,978]]
[[0,0],[1,0],[287,978]]
[[0,0],[1,0],[811,978]]
[[0,0],[1,0],[622,978]]
[[0,0],[1,0],[517,978]]
[[0,0],[1,0],[880,978]]
[[0,0],[1,0],[466,978]]
[[0,0],[1,0],[682,978]]
[[0,0],[1,0],[95,978]]
[[0,0],[1,0],[97,978]]
[[0,0],[1,0],[139,978]]
[[0,0],[1,0],[766,978]]
[[0,0],[1,0],[796,978]]
[[0,0],[1,0],[922,978]]
[[0,0],[1,0],[305,978]]
[[0,0],[1,0],[208,978]]
[[0,0],[1,0],[154,978]]
[[0,0],[1,0],[478,978]]
[[0,0],[1,0],[211,978]]
[[0,0],[1,0],[760,978]]
[[0,0],[1,0],[784,978]]
[[0,0],[1,0],[359,978]]
[[0,0],[1,0],[676,978]]
[[0,0],[1,0],[857,978]]
[[0,0],[1,0],[286,978]]
[[0,0],[1,0],[730,978]]
[[0,0],[1,0],[47,978]]
[[0,0],[1,0],[325,978]]
[[0,0],[1,0],[76,978]]
[[0,0],[1,0],[487,978]]
[[0,0],[1,0],[527,978]]
[[0,0],[1,0],[166,978]]
[[0,0],[1,0],[700,978]]
[[0,0],[1,0],[59,978]]
[[0,0],[1,0],[850,978]]
[[0,0],[1,0],[455,978]]
[[0,0],[1,0],[247,978]]
[[0,0],[1,0],[88,978]]
[[0,0],[1,0],[742,978]]
[[0,0],[1,0],[292,978]]
[[0,0],[1,0],[112,978]]
[[0,0],[1,0],[667,978]]
[[0,0],[1,0],[239,978]]
[[0,0],[1,0],[808,978]]
[[0,0],[1,0],[85,978]]
[[0,0],[1,0],[629,978]]
[[0,0],[1,0],[82,978]]
[[0,0],[1,0],[149,978]]
[[0,0],[1,0],[977,978]]
[[0,0],[1,0],[401,978]]
[[0,0],[1,0],[205,978]]
[[0,0],[1,0],[454,978]]
[[0,0],[1,0],[241,978]]
[[0,0],[1,0],[71,978]]
[[0,0],[1,0],[119,978]]
[[0,0],[1,0],[868,978]]
[[0,0],[1,0],[209,978]]
[[0,0],[1,0],[607,978]]
[[0,0],[1,0],[335,978]]
[[0,0],[1,0],[341,978]]
[[0,0],[1,0],[250,978]]
[[0,0],[1,0],[361,978]]
[[0,0],[1,0],[412,978]]
[[0,0],[1,0],[550,978]]
[[0,0],[1,0],[277,978]]
[[0,0],[1,0],[190,978]]
[[0,0],[1,0],[125,978]]
[[0,0],[1,0],[469,978]]
[[0,0],[1,0],[814,978]]
[[0,0],[1,0],[695,978]]
[[0,0],[1,0],[568,978]]
[[0,0],[1,0],[65,978]]
[[0,0],[1,0],[118,978]]
[[0,0],[1,0],[505,978]]
[[0,0],[1,0],[142,978]]
[[0,0],[1,0],[772,978]]
[[0,0],[1,0],[472,978]]
[[0,0],[1,0],[262,978]]
[[0,0],[1,0],[289,978]]
[[0,0],[1,0],[418,978]]
[[0,0],[1,0],[479,978]]
[[0,0],[1,0],[946,978]]
[[0,0],[1,0],[256,978]]
[[0,0],[1,0],[556,978]]
[[0,0],[1,0],[317,978]]
[[0,0],[1,0],[544,978]]
[[0,0],[1,0],[16,978]]
[[0,0],[1,0],[826,978]]
[[0,0],[1,0],[601,978]]
[[0,0],[1,0],[137,978]]
[[0,0],[1,0],[430,978]]
[[0,0],[1,0],[790,978]]
[[0,0],[1,0],[475,978]]
[[0,0],[1,0],[193,978]]
[[0,0],[1,0],[424,978]]
[[0,0],[1,0],[889,978]]
[[0,0],[2,0],[165,489]]
[[0,0],[1,0],[151,978]]
[[0,0],[1,0],[244,978]]
[[0,0],[1,0],[53,978]]
[[0,0],[1,0],[253,978]]
[[0,0],[1,0],[628,978]]
[[0,0],[1,0],[671,978]]
[[0,0],[1,0],[199,978]]
[[0,0],[1,0],[295,978]]
[[0,0],[1,0],[958,978]]
[[0,0],[1,0],[4,978]]
[[0,0],[1,0],[214,978]]
[[0,0],[1,0],[107,978]]
[[0,0],[1,0],[49,978]]
[[0,0],[1,0],[299,978]]
[[0,0],[1,0],[281,978]]
[[0,0],[1,0],[143,978]]
[[0,0],[1,0],[131,978]]
[[0,0],[1,0],[442,978]]
[[0,0],[1,0],[29,978]]
[[0,0],[1,0],[397,978]]
[[0,0],[1,0],[802,978]]
[[0,0],[1,0],[541,978]]
[[0,0],[1,0],[19,978]]
[[0,0],[1,0],[23,978]]
[[0,0],[1,0],[635,978]]
[[0,0],[1,0],[31,978]]
[[0,0],[1,0],[497,978]]
[[0,0],[1,0],[526,978]]
[[0,0],[1,0],[58,978]]
[[0,0],[1,0],[43,978]]
[[0,0],[1,0],[749,978]]
[[0,0],[1,0],[754,978]]
[[0,0],[1,0],[169,978]]
[[0,0],[1,0],[179,978]]
[[0,0],[1,0],[271,978]]
[[0,0],[1,0],[191,978]]
[[0,0],[1,0],[346,978]]
[[0,0],[1,0],[574,978]]
[[0,0],[1,0],[385,978]]
[[0,0],[1,0],[376,978]]
[[0,0],[1,0],[127,978]]
[[0,0],[1,0],[419,978]]
[[0,0],[1,0],[157,978]]
[[0,0],[1,0],[887,978]]
[[0,0],[1,0],[101,978]]
[[0,0],[1,0],[233,978]]
[[0,0],[1,0],[13,978]]
[[0,0],[1,0],[898,978]]
[[0,0],[1,0],[613,978]]
[[0,0],[1,0],[358,978]]
[[0,0],[1,0],[838,978]]
[[0,0],[1,0],[553,978]]
[[0,0],[1,0],[227,978]]
[[0,0],[1,0],[41,978]]
[[0,0],[1,0],[215,978]]
[[0,0],[1,0],[580,978]]
[[0,0],[1,0],[133,978]]
[[0,0],[1,0],[232,978]]
[[0,0],[1,0],[268,978]]
[[0,0],[1,0],[778,978]]
[[0,0],[1,0],[653,978]]
[[0,0],[1,0],[329,978]]
[[0,0],[1,0],[164,978]]
[[0,0],[1,0],[221,978]]
[[0,0],[1,0],[508,978]]
[[0,0],[1,0],[40,978]]
[[0,0],[1,0],[394,978]]
[[0,0],[1,0],[223,978]]
[[0,0],[1,0],[816,978]]
[[0,0],[1,0],[64,978]]
[[0,0],[1,0],[719,978]]
[[0,0],[1,0],[52,978]]
[[0,0],[1,0],[364,978]]
[[0,0],[1,0],[61,978]]
[[0,0],[1,0],[17,978]]
[[0,0],[1,0],[514,978]]
[[0,0],[1,0],[175,978]]
[[0,0],[1,0],[439,978]]
[[0,0],[1,0],[445,978]]
