[[0,0],[1,0],[826,979]]
[[0,0],[1,0],[152,979]]
[[0,0],[1,0],[232,979]]
[[0,0],[1,0],[42,979]]
[[0,0],[1,0],[760,979]]
[[0,0],[1,0],[194,979]]
[[0,0],[1,0],[86,979]]
[[0,0],[1,0],[32,979]]
[[0,0],[1,0],[13,979]]
[[0,0],[1,0],[606,979]]
[[0,0],[1,0],[25,979]]
[[0,0],[1,0],[91,979]]
[[0,0],[1,0],[353,979]]
[[0,0],[1,0],[294,979]]
[[0,0],[1,0],[101,979]]
[[0,0],[1,0],[128,979]]
[[0,0],[1,0],[124,979]]
[[0,0],[1,0],[79,979]]
[[0,0],[1,0],[159,979]]
[[0,0],[1,0],[105,979]]
[[0,0],[1,0],[51,979]]
[[0,0],[1,0],[85,979]]
[[0,0],[1,0],[20,979]]
[[0,0],[1,0],[454,979]]
[[0,0],[1,0],[189,979]]
[[0,0],[1,0],[28,979]]
[[0,0],[1,0],[68,979]]
[[0,0],[1,0],[82,979]]
[[0,0],[1,0],[61,979]]
[[0,0],[1,0],[23,979]]
[[0,0],[1,0],[29,979]]
[[0,0],[1,0],[45,979]]
[[0,0],[1,0],[18,979]]
[[0,0],[1,0],[100,979]]
[[0,0],[1,0],[122,979]]
[[0,0],[1,0],[31,979]]
[[0,0],[1,0],[213,979]]
[[0,0],[1,0],[355,979]]
[[0,0],[1,0],[287,979]]
[[0,0],[1,0],[233,979]]
[[0,0],[1,0],[109,979]]
[[0,0],[1,0],[285,979]]
[[0,0],[1,0],[62,979]]
[[0,0],[1,0],[94,979]]
[[0,0],[1,0],[535,979]]
[[0,0],[1,0],[69,979]]
[[0,0],[1,0],[573,979]]
[[0,0],[1,0],[518,979]]
[[0,0],[1,0],[529,979]]
[[0,0],[1,0],[540,979]]
[[0,0],[1,0],[210,979]]
[[0,0],[1,0],[280,979]]
[[0,0],[1,0],[309,979]]
[[0,0],[1,0],[111,979]]
[[0,0],[1,0],[41,979]]
[[0,0],[1,0],[383,979]]
[[0,0],[1,0],[206,979]]
[[0,0],[1,0],[661,979]]
[[0,0],[1,0],[120,979]]
[[0,0],[1,0],[129,979]]
[[0,0],[1,0],[24,979]]
[[0,0],[1,0],[107,979]]
[[0,0],[1,0],[54,979]]
[[0,0],[1,0],[166,979]]
[[0,0],[1,0],[65,979]]
[[0,0],[1,0],[64,979]]
[[0,0],[1,0],[562,979]]
[[0,0],[1,0],[119,979]]
[[0,0],[1,0],[195,979]]
[[0,0],[1,0],[382,979]]
[[0,0],[1,0],[404,979]]
[[0,0],[1,0],[7,979]]
[[0,0],[1,0],[15,979]]
[[0,0],[1,0],[222,979]]
[[0,0],[1,0],[46,979]]
[[0,0],[1,0],[216,979]]
[[0,0],[1,0],[244,979]]
[[0,0],[1,0],[346,979]]
[[0,0],[1,0],[52,979]]
[[0,0],[1,0],[208,979]]
[[0,0],[1,0],[58,979]]
[[0,0],[1,0],[14,979]]
[[0,0],[1,0],[238,979]]
[[0,0],[1,0],[78,979]]
[[0,0],[1,0],[118,979]]
[[0,0],[1,0],[27,979]]
[[0,0],[1,0],[115,979]]
[[0,0],[1,0],[463,979]]
[[0,0],[1,0],[1,979]]
[[0,0],[1,0],[738,979]]
[[0,0],[1,0],[160,979]]
[[0,0],[1,0],[17,979]]
[[0,0],[1,0],[56,979]]
[[0,0],[1,0],[215,979]]
[[0,0],[1,0],[199,979]]
[[0,0],[1,0],[891,979]]
[[0,0],[1,0],[93,979]]
[[0,0],[1,0],[38,979]]
[[0,0],[1,0],[92,979]]
[[0,0],[1,0],[295,979]]
[[0,0],[1,0],[131,979]]
[[0,0],[1,0],[116,979]]
[[0,0],[1,0],[47,979]]
[[0,0],[1,0],[190,979]]
[[0,0],[1,0],[4,979]]
[[0,0],[1,0],[63,979]]
[[0,0],[1,0],[34,979]]
[[0,0],[1,0],[254,979]]
[[0,0],[1,0],[193,979]]
[[0,0],[1,0],[10,979]]
[[0,0],[1,0],[90,979]]
[[0,0],[1,0],[271,979]]
[[0,0],[1,0],[221,979]]
[[0,0],[1,0],[8,979]]
[[0,0],[1,0],[123,979]]
[[0,0],[1,0],[336,979]]
[[0,0],[1,0],[83,979]]
[[0,0],[1,0],[117,979]]
[[0,0],[1,0],[21,979]]
[[0,0],[1,0],[75,979]]
[[0,0],[1,0],[291,979]]
[[0,0],[1,0],[782,979]]
[[0,0],[1,0],[161,979]]
[[0,0],[1,0],[138,979]]
[[0,0],[1,0],[30,979]]
[[0,0],[1,0],[837,979]]
[[0,0],[1,0],[112,979]]
[[0,0],[1,0],[53,979]]
[[0,0],[1,0],[386,979]]
[[0,0],[1,0],[43,979]]
[[0,0],[1,0],[67,979]]
[[0,0],[1,0],[95,979]]
[[0,0],[1,0],[167,979]]
[[0,0],[1,0],[37,979]]
[[0,0],[1,0],[106,979]]
[[0,0],[1,0],[802,979]]
[[0,0],[1,0],[57,979]]
[[0,0],[1,0],[80,979]]
[[0,0],[1,0],[357,979]]
[[0,0],[1,0],[2,979]]
[[0,0],[1,0],[40,979]]
[[0,0],[1,0],[179,979]]
[[0,0],[1,0],[177,979]]
[[0,0],[1,0],[881,979]]
[[0,0],[1,0],[174,979]]
[[0,0],[1,0],[74,979]]
[[0,0],[1,0],[337,979]]
[[0,0],[1,0],[9,979]]
[[0,0],[1,0],[84,979]]
[[0,0],[1,0],[3,979]]
[[0,0],[1,0],[12,979]]
[[0,0],[1,0],[5,979]]
[[0,0],[1,0],[108,979]]
[[0,0],[1,0],[6,979]]
[[0,0],[1,0],[243,979]]
[[0,0],[1,0],[60,979]]
[[0,0],[1,0],[207,979]]
[[0,0],[1,0],[19,979]]
[[0,0],[1,0],[430,979]]
[[0,0],[1,0],[76,979]]
[[0,0],[1,0],[48,979]]
[[0,0],[1,0],[328,979]]
[[0,0],[1,0],[188,979]]
[[0,0],[1,0],[485,979]]
[[0,0],[1,0],[134,979]]
[[0,0],[1,0],[139,979]]
[[0,0],[1,0],[130,979]]
[[0,0],[1,0],[214,979]]
[[0,0],[1,0],[175,979]]
[[0,0],[1,0],[39,979]]
[[0,0],[1,0],[168,979]]
[[0,0],[1,0],[683,979]]
[[0,0],[1,0],[133,979]]
[[0,0],[1,0],[16,979]]
[[0,0],[1,0],[453,979]]
[[0,0],[1,0],[59,979]]
[[0,0],[1,0],[26,979]]
[[0,0],[1,0],[155,979]]
[[0,0],[1,0],[81,979]]
[[0,0],[1,0],[342,979]]
[[0,0],[1,0],[180,979]]
[[0,0],[1,0],[452,979]]
