[[0,0],[1,0],[29,98]]
[[0,0],[1,0],[37,98]]
[[0,0],[1,0],[97,98]]
[[0,0],[1,0],[8,98]]
[[0,0],[1,0],[15,98]]
[[0,0],[1,0],[17,98]]
[[0,0],[1,0],[5,98]]
[[0,0],[1,0],[39,98]]
[[0,0],[1,0],[25,98]]
[[0,0],[1,0],[64,98]]
[[0,0],[1,0],[3,98]]
[[0,0],[1,0],[45,98]]
[[0,0],[1,0],[23,98]]
[[0,0],[7,0],[7,14]]
[[0,0],[1,0],[87,98]]
[[0,0],[1,0],[27,98]]
[[0,0],[1,0],[13,98]]
[[0,0],[1,0],[65,98]]
[[0,0],[1,0],[22,98]]
[[0,0],[1,0],[41,98]]
[[0,0],[1,0],[92,98]]
[[0,0],[1,0],[47,98]]
[[0,0],[1,0],[36,98]]
[[0,0],[1,0],[19,98]]
[[0,0],[1,0],[78,98]]
[[0,0],[1,0],[43,98]]
[[0,0],[1,0],[67,98]]
[[0,0],[1,0],[9,98]]
[[0,0],[1,0],[50,98]]
[[0,0],[1,0],[1,98]]
