[[0,0],[1,0],[49,983]]
[[0,0],[1,0],[32,983]]
[[0,0],[1,0],[305,983]]
[[0,0],[1,0],[25,983]]
[[0,0],[1,0],[353,983]]
[[0,0],[1,0],[13,983]]
[[0,0],[1,0],[184,983]]
[[0,0],[1,0],[128,983]]
[[0,0],[1,0],[125,983]]
[[0,0],[1,0],[71,983]]
[[0,0],[1,0],[270,983]]
[[0,0],[1,0],[262,983]]
[[0,0],[1,0],[289,983]]
[[0,0],[1,0],[105,983]]
[[0,0],[1,0],[101,983]]
[[0,0],[1,0],[306,983]]
[[0,0],[1,0],[409,983]]
[[0,0],[1,0],[51,983]]
[[0,0],[1,0],[209,983]]
[[0,0],[1,0],[110,983]]
[[0,0],[1,0],[150,983]]
[[0,0],[1,0],[85,983]]
[[0,0],[1,0],[20,983]]
[[0,0],[1,0],[28,983]]
[[0,0],[1,0],[23,983]]
[[0,0],[1,0],[61,983]]
[[0,0],[1,0],[29,983]]
[[0,0],[1,0],[45,983]]
[[0,0],[1,0],[18,983]]
[[0,0],[1,0],[100,983]]
[[0,0],[1,0],[31,983]]
[[0,0],[1,0],[62,983]]
[[0,0],[1,0],[236,983]]
[[0,0],[1,0],[72,983]]
[[0,0],[1,0],[97,983]]
[[0,0],[1,0],[98,983]]
[[0,0],[1,0],[109,983]]
[[0,0],[1,0],[196,983]]
[[0,0],[1,0],[310,983]]
[[0,0],[1,0],[206,983]]
[[0,0],[1,0],[210,983]]
[[0,0],[1,0],[120,983]]
[[0,0],[1,0],[129,983]]
[[0,0],[1,0],[24,983]]
[[0,0],[1,0],[54,983]]
[[0,0],[1,0],[166,983]]
[[0,0],[1,0],[65,983]]
[[0,0],[1,0],[64,983]]
[[0,0],[1,0],[33,983]]
[[0,0],[1,0],[102,983]]
[[0,0],[1,0],[217,983]]
[[0,0],[1,0],[46,983]]
[[0,0],[1,0],[250,983]]
[[0,0],[1,0],[7,983]]
[[0,0],[1,0],[15,983]]
[[0,0],[1,0],[52,983]]
[[0,0],[1,0],[104,983]]
[[0,0],[1,0],[178,983]]
[[0,0],[1,0],[14,983]]
[[0,0],[1,0],[73,983]]
[[0,0],[1,0],[27,983]]
[[0,0],[1,0],[115,983]]
[[0,0],[1,0],[58,983]]
[[0,0],[1,0],[1,983]]
[[0,0],[1,0],[151,983]]
[[0,0],[1,0],[227,983]]
[[0,0],[1,0],[66,983]]
[[0,0],[1,0],[17,983]]
[[0,0],[1,0],[56,983]]
[[0,0],[1,0],[199,983]]
[[0,0],[1,0],[218,983]]
[[0,0],[1,0],[307,983]]
[[0,0],[1,0],[137,983]]
[[0,0],[1,0],[96,983]]
[[0,0],[1,0],[38,983]]
[[0,0],[1,0],[35,983]]
[[0,0],[1,0],[116,983]]
[[0,0],[1,0],[47,983]]
[[0,0],[1,0],[320,983]]
[[0,0],[1,0],[4,983]]
[[0,0],[1,0],[63,983]]
[[0,0],[1,0],[254,983]]
[[0,0],[1,0],[36,983]]
[[0,0],[1,0],[141,983]]
[[0,0],[1,0],[103,983]]
[[0,0],[1,0],[34,983]]
[[0,0],[1,0],[10,983]]
[[0,0],[1,0],[154,983]]
[[0,0],[1,0],[90,983]]
[[0,0],[1,0],[44,983]]
[[0,0],[1,0],[278,983]]
[[0,0],[1,0],[8,983]]
[[0,0],[1,0],[336,983]]
[[0,0],[1,0],[253,983]]
[[0,0],[1,0],[271,983]]
[[0,0],[1,0],[200,983]]
[[0,0],[1,0],[361,983]]
[[0,0],[1,0],[240,983]]
[[0,0],[1,0],[75,983]]
[[0,0],[1,0],[21,983]]
[[0,0],[1,0],[50,983]]
[[0,0],[1,0],[341,983]]
[[0,0],[1,0],[176,983]]
[[0,0],[1,0],[156,983]]
[[0,0],[1,0],[261,983]]
[[0,0],[1,0],[30,983]]
[[0,0],[1,0],[228,983]]
[[0,0],[1,0],[138,983]]
[[0,0],[1,0],[211,983]]
[[0,0],[1,0],[43,983]]
[[0,0],[1,0],[53,983]]
[[0,0],[1,0],[95,983]]
[[0,0],[1,0],[167,983]]
[[0,0],[1,0],[197,983]]
[[0,0],[1,0],[57,983]]
[[0,0],[1,0],[37,983]]
[[0,0],[1,0],[80,983]]
[[0,0],[1,0],[286,983]]
[[0,0],[1,0],[201,983]]
[[0,0],[1,0],[88,983]]
[[0,0],[1,0],[89,983]]
[[0,0],[1,0],[219,983]]
[[0,0],[1,0],[40,983]]
[[0,0],[1,0],[226,983]]
[[0,0],[1,0],[22,983]]
[[0,0],[1,0],[177,983]]
[[0,0],[1,0],[179,983]]
[[0,0],[1,0],[2,983]]
[[0,0],[1,0],[77,983]]
[[0,0],[1,0],[225,983]]
[[0,0],[1,0],[99,983]]
[[0,0],[1,0],[136,983]]
[[0,0],[1,0],[9,983]]
[[0,0],[1,0],[185,983]]
[[0,0],[1,0],[415,983]]
[[0,0],[1,0],[11,983]]
[[0,0],[1,0],[74,983]]
[[0,0],[1,0],[3,983]]
[[0,0],[1,0],[169,983]]
[[0,0],[1,0],[279,983]]
[[0,0],[1,0],[84,983]]
[[0,0],[1,0],[6,983]]
[[0,0],[1,0],[145,983]]
[[0,0],[1,0],[12,983]]
[[0,0],[1,0],[19,983]]
[[0,0],[1,0],[5,983]]
[[0,0],[1,0],[163,983]]
[[0,0],[1,0],[108,983]]
[[0,0],[1,0],[48,983]]
[[0,0],[1,0],[335,983]]
[[0,0],[1,0],[76,983]]
[[0,0],[1,0],[168,983]]
[[0,0],[1,0],[130,983]]
[[0,0],[1,0],[175,983]]
[[0,0],[1,0],[39,983]]
[[0,0],[1,0],[16,983]]
[[0,0],[1,0],[198,983]]
[[0,0],[1,0],[55,983]]
[[0,0],[1,0],[133,983]]
[[0,0],[1,0],[155,983]]
[[0,0],[1,0],[81,983]]
[[0,0],[1,0],[237,983]]
[[0,0],[1,0],[342,983]]
[[0,0],[1,0],[149,983]]
[[0,0],[1,0],[26,983]]
