[[0,0],[1,0],[349,984]]
[[0,0],[1,0],[439,984]]
[[0,0],[1,0],[121,984]]
[[0,0],[1,0],[167,984]]
[[0,0],[2,0],[308,492]]
[[0,0],[1,0],[611,984]]
[[0,0],[1,0],[109,984]]
[[0,0],[1,0],[477,984]]
[[0,0],[1,0],[73,984]]
[[0,0],[2,0],[440,492]]
[[0,0],[1,0],[33,984]]
[[0,0],[1,0],[837,984]]
[[0,0],[3,0],[44,328]]
[[0,0],[1,0],[598,984]]
[[0,0],[2,0],[142,492]]
[[0,0],[1,0],[427,984]]
[[0,0],[1,0],[586,984]]
[[0,0],[1,0],[22,984]]
[[0,0],[2,0],[118,492]]
[[0,0],[1,0],[658,984]]
[[0,0],[2,0],[32,492]]
[[0,0],[1,0],[534,984]]
[[0,0],[2,0],[68,492]]
[[0,0],[2,0],[20,492]]
[[0,0],[1,0],[25,984]]
[[0,0],[1,0],[10,984]]
[[0,0],[1,0],[910,984]]
[[0,0],[1,0],[298,984]]
[[0,0],[1,0],[862,984]]
[[0,0],[1,0],[694,984]]
[[0,0],[1,0],[655,984]]
[[0,0],[1,0],[395,984]]
[[0,0],[2,0],[392,492]]
[[0,0],[1,0],[93,984]]
[[0,0],[1,0],[382,984]]
[[0,0],[1,0],[437,984]]
[[0,0],[1,0],[605,984]]
[[0,0],[1,0],[539,984]]
[[0,0],[1,0],[909,984]]
[[0,0],[2,0],[2,492]]
[[0,0],[1,0],[355,984]]
[[0,0],[2,0],[154,492]]
[[0,0],[1,0],[718,984]]
[[0,0],[1,0],[77,984]]
[[0,0],[1,0],[970,984]]
[[0,0],[1,0],[79,984]]
[[0,0],[2,0],[200,492]]
[[0,0],[1,0],[1,984]]
[[0,0],[1,0],[565,984]]
[[0,0],[1,0],[237,984]]
[[0,0],[1,0],[982,984]]
[[0,0],[1,0],[35,984]]
[[0,0],[1,0],[805,984]]
[[0,0],[1,0],[729,984]]
[[0,0],[2,0],[453,492]]
[[0,0],[1,0],[610,984]]
[[0,0],[1,0],[203,984]]
[[0,0],[1,0],[789,984]]
[[0,0],[1,0],[645,984]]
[[0,0],[1,0],[226,984]]
[[0,0],[1,0],[634,984]]
[[0,0],[1,0],[415,984]]
[[0,0],[1,0],[502,984]]
[[0,0],[2,0],[8,492]]
[[0,0],[1,0],[91,984]]
[[0,0],[1,0],[347,984]]
[[0,0],[1,0],[538,984]]
[[0,0],[2,0],[464,492]]
[[0,0],[1,0],[285,984]]
[[0,0],[1,0],[585,984]]
[[0,0],[1,0],[981,984]]
[[0,0],[2,0],[286,492]]
[[0,0],[1,0],[249,984]]
[[0,0],[2,0],[344,492]]
[[0,0],[1,0],[313,984]]
[[0,0],[2,0],[278,492]]
[[0,0],[1,0],[449,984]]
[[0,0],[1,0],[265,984]]
[[0,0],[2,0],[106,492]]
[[0,0],[1,0],[549,984]]
[[0,0],[1,0],[389,984]]
[[0,0],[1,0],[457,984]]
[[0,0],[1,0],[813,984]]
[[0,0],[1,0],[274,984]]
[[0,0],[2,0],[224,492]]
[[0,0],[1,0],[309,984]]
[[0,0],[1,0],[273,984]]
[[0,0],[1,0],[897,984]]
[[0,0],[2,0],[368,492]]
[[0,0],[2,0],[34,492]]
[[0,0],[1,0],[777,984]]
[[0,0],[1,0],[57,984]]
[[0,0],[1,0],[717,984]]
[[0,0],[1,0],[322,984]]
[[0,0],[1,0],[165,984]]
[[0,0],[2,0],[122,492]]
[[0,0],[1,0],[357,984]]
[[0,0],[1,0],[283,984]]
[[0,0],[1,0],[406,984]]
[[0,0],[2,0],[428,492]]
[[0,0],[1,0],[173,984]]
[[0,0],[1,0],[69,984]]
[[0,0],[1,0],[513,984]]
[[0,0],[1,0],[849,984]]
[[0,0],[1,0],[202,984]]
[[0,0],[1,0],[117,984]]
[[0,0],[1,0],[5,984]]
[[0,0],[1,0],[453,984]]
[[0,0],[2,0],[274,492]]
[[0,0],[1,0],[251,984]]
[[0,0],[1,0],[275,984]]
[[0,0],[1,0],[670,984]]
[[0,0],[1,0],[321,984]]
[[0,0],[1,0],[787,984]]
[[0,0],[1,0],[901,984]]
[[0,0],[1,0],[775,984]]
[[0,0],[1,0],[377,984]]
[[0,0],[1,0],[706,984]]
[[0,0],[1,0],[490,984]]
[[0,0],[1,0],[933,984]]
[[0,0],[1,0],[334,984]]
[[0,0],[2,0],[212,492]]
[[0,0],[1,0],[575,984]]
[[0,0],[1,0],[886,984]]
[[0,0],[1,0],[115,984]]
[[0,0],[1,0],[465,984]]
[[0,0],[2,0],[140,492]]
[[0,0],[1,0],[597,984]]
[[0,0],[1,0],[178,984]]
[[0,0],[1,0],[261,984]]
[[0,0],[1,0],[187,984]]
[[0,0],[2,0],[248,492]]
[[0,0],[1,0],[551,984]]
[[0,0],[1,0],[269,984]]
[[0,0],[2,0],[190,492]]
[[0,0],[2,0],[10,492]]
[[0,0],[1,0],[83,984]]
[[0,0],[1,0],[431,984]]
[[0,0],[1,0],[163,984]]
[[0,0],[1,0],[616,984]]
[[0,0],[1,0],[34,984]]
[[0,0],[1,0],[934,984]]
[[0,0],[1,0],[646,984]]
[[0,0],[1,0],[46,984]]
[[0,0],[1,0],[67,984]]
[[0,0],[1,0],[130,984]]
[[0,0],[1,0],[70,984]]
[[0,0],[1,0],[562,984]]
[[0,0],[1,0],[561,984]]
[[0,0],[1,0],[42,984]]
[[0,0],[1,0],[874,984]]
[[0,0],[1,0],[780,984]]
[[0,0],[1,0],[739,984]]
[[0,0],[1,0],[353,984]]
[[0,0],[1,0],[7,984]]
[[0,0],[1,0],[124,984]]
[[0,0],[1,0],[743,984]]
[[0,0],[1,0],[381,984]]
[[0,0],[1,0],[94,984]]
[[0,0],[1,0],[238,984]]
[[0,0],[1,0],[525,984]]
[[0,0],[1,0],[969,984]]
[[0,0],[1,0],[11,984]]
[[0,0],[1,0],[741,984]]
[[0,0],[1,0],[245,984]]
[[0,0],[1,0],[463,984]]
[[0,0],[1,0],[257,984]]
[[0,0],[1,0],[593,984]]
[[0,0],[1,0],[206,984]]
[[0,0],[1,0],[485,984]]
[[0,0],[1,0],[145,984]]
[[0,0],[1,0],[537,984]]
[[0,0],[2,0],[46,492]]
[[0,0],[1,0],[319,984]]
[[0,0],[1,0],[113,984]]
[[0,0],[1,0],[293,984]]
[[0,0],[1,0],[213,984]]
[[0,0],[1,0],[217,984]]
[[0,0],[2,0],[296,492]]
[[0,0],[1,0],[37,984]]
[[0,0],[1,0],[623,984]]
[[0,0],[1,0],[106,984]]
[[0,0],[1,0],[310,984]]
[[0,0],[2,0],[404,492]]
[[0,0],[2,0],[14,492]]
[[0,0],[1,0],[429,984]]
[[0,0],[1,0],[55,984]]
[[0,0],[1,0],[229,984]]
[[0,0],[1,0],[370,984]]
[[0,0],[2,0],[134,492]]
[[0,0],[2,0],[326,492]]
[[0,0],[1,0],[501,984]]
[[0,0],[1,0],[181,984]]
[[0,0],[1,0],[185,984]]
[[0,0],[2,0],[166,492]]
[[0,0],[1,0],[141,984]]
[[0,0],[1,0],[89,984]]
[[0,0],[2,0],[238,492]]
[[0,0],[2,0],[62,492]]
[[0,0],[2,0],[250,492]]
[[0,0],[1,0],[331,984]]
[[0,0],[1,0],[643,984]]
[[0,0],[1,0],[682,984]]
[[0,0],[1,0],[95,984]]
[[0,0],[1,0],[155,984]]
[[0,0],[2,0],[236,492]]
[[0,0],[2,0],[26,492]]
[[0,0],[1,0],[403,984]]
[[0,0],[1,0],[622,984]]
[[0,0],[1,0],[97,984]]
[[0,0],[1,0],[9,984]]
[[0,0],[2,0],[22,492]]
[[0,0],[1,0],[466,984]]
[[0,0],[1,0],[945,984]]
[[0,0],[1,0],[517,984]]
[[0,0],[1,0],[105,984]]
[[0,0],[1,0],[922,984]]
[[0,0],[2,0],[434,492]]
[[0,0],[1,0],[725,984]]
[[0,0],[2,0],[310,492]]
[[0,0],[1,0],[154,984]]
[[0,0],[1,0],[305,984]]
[[0,0],[1,0],[211,984]]
[[0,0],[1,0],[139,984]]
[[0,0],[1,0],[417,984]]
[[0,0],[1,0],[944,984]]
[[0,0],[1,0],[766,984]]
[[0,0],[1,0],[730,984]]
[[0,0],[1,0],[345,984]]
[[0,0],[1,0],[47,984]]
[[0,0],[1,0],[503,984]]
[[0,0],[1,0],[225,984]]
[[0,0],[2,0],[128,492]]
[[0,0],[4,0],[168,246]]
[[0,0],[1,0],[478,984]]
[[0,0],[1,0],[359,984]]
[[0,0],[1,0],[166,984]]
[[0,0],[2,0],[152,492]]
[[0,0],[2,0],[230,492]]
[[0,0],[1,0],[286,984]]
[[0,0],[2,0],[74,492]]
[[0,0],[1,0],[857,984]]
[[0,0],[2,0],[314,492]]
[[0,0],[2,0],[380,492]]
[[0,0],[1,0],[742,984]]
[[0,0],[1,0],[239,984]]
[[0,0],[1,0],[850,984]]
[[0,0],[1,0],[59,984]]
[[0,0],[1,0],[247,984]]
[[0,0],[1,0],[454,984]]
[[0,0],[1,0],[401,984]]
[[0,0],[1,0],[667,984]]
[[0,0],[1,0],[103,984]]
[[0,0],[1,0],[189,984]]
[[0,0],[1,0],[250,984]]
[[0,0],[2,0],[476,492]]
[[0,0],[1,0],[85,984]]
[[0,0],[1,0],[149,984]]
[[0,0],[1,0],[550,984]]
[[0,0],[2,0],[110,492]]
[[0,0],[2,0],[176,492]]
[[0,0],[1,0],[71,984]]
[[0,0],[1,0],[983,984]]
[[0,0],[1,0],[119,984]]
[[0,0],[1,0],[125,984]]
[[0,0],[1,0],[489,984]]
[[0,0],[1,0],[307,984]]
[[0,0],[2,0],[194,492]]
[[0,0],[1,0],[573,984]]
[[0,0],[1,0],[705,984]]
[[0,0],[1,0],[118,984]]
[[0,0],[1,0],[493,984]]
[[0,0],[2,0],[454,492]]
[[0,0],[1,0],[65,984]]
[[0,0],[1,0],[190,984]]
[[0,0],[2,0],[330,492]]
[[0,0],[1,0],[262,984]]
[[0,0],[1,0],[277,984]]
[[0,0],[1,0],[647,984]]
[[0,0],[2,0],[320,492]]
[[0,0],[1,0],[479,984]]
[[0,0],[1,0],[698,984]]
[[0,0],[1,0],[659,984]]
[[0,0],[1,0],[814,984]]
[[0,0],[1,0],[491,984]]
[[0,0],[1,0],[289,984]]
[[0,0],[1,0],[469,984]]
[[0,0],[1,0],[333,984]]
[[0,0],[2,0],[104,492]]
[[0,0],[1,0],[297,984]]
[[0,0],[1,0],[177,984]]
[[0,0],[2,0],[452,492]]
[[0,0],[2,0],[92,492]]
[[0,0],[1,0],[523,984]]
[[0,0],[1,0],[693,984]]
[[0,0],[1,0],[753,984]]
[[0,0],[1,0],[142,984]]
[[0,0],[2,0],[44,492]]
[[0,0],[1,0],[826,984]]
[[0,0],[1,0],[418,984]]
[[0,0],[1,0],[946,984]]
[[0,0],[1,0],[790,984]]
[[0,0],[1,0],[921,984]]
[[0,0],[2,0],[116,492]]
[[0,0],[1,0],[193,984]]
[[0,0],[1,0],[577,984]]
[[0,0],[1,0],[430,984]]
[[0,0],[1,0],[601,984]]
[[0,0],[1,0],[371,984]]
[[0,0],[1,0],[137,984]]
[[0,0],[2,0],[272,492]]
[[0,0],[2,0],[80,492]]
[[0,0],[1,0],[475,984]]
[[0,0],[2,0],[322,492]]
[[0,0],[1,0],[253,984]]
[[0,0],[1,0],[151,984]]
[[0,0],[2,0],[84,492]]
[[0,0],[1,0],[153,984]]
[[0,0],[1,0],[765,984]]
[[0,0],[2,0],[146,492]]
[[0,0],[1,0],[681,984]]
[[0,0],[1,0],[511,984]]
[[0,0],[1,0],[214,984]]
[[0,0],[1,0],[405,984]]
[[0,0],[2,0],[158,492]]
[[0,0],[1,0],[53,984]]
[[0,0],[1,0],[199,984]]
[[0,0],[1,0],[683,984]]
[[0,0],[1,0],[873,984]]
[[0,0],[1,0],[129,984]]
[[0,0],[1,0],[49,984]]
[[0,0],[1,0],[295,984]]
[[0,0],[1,0],[958,984]]
[[0,0],[1,0],[143,984]]
[[0,0],[1,0],[413,984]]
[[0,0],[1,0],[131,984]]
[[0,0],[2,0],[86,492]]
[[0,0],[1,0],[442,984]]
[[0,0],[1,0],[107,984]]
[[0,0],[2,0],[290,492]]
[[0,0],[1,0],[299,984]]
[[0,0],[1,0],[957,984]]
[[0,0],[2,0],[356,492]]
[[0,0],[2,0],[260,492]]
[[0,0],[1,0],[29,984]]
[[0,0],[1,0],[19,984]]
[[0,0],[1,0],[397,984]]
[[0,0],[1,0],[541,984]]
[[0,0],[1,0],[281,984]]
[[0,0],[1,0],[31,984]]
[[0,0],[2,0],[226,492]]
[[0,0],[1,0],[497,984]]
[[0,0],[1,0],[58,984]]
[[0,0],[1,0],[621,984]]
[[0,0],[1,0],[802,984]]
[[0,0],[1,0],[749,984]]
[[0,0],[1,0],[633,984]]
[[0,0],[1,0],[23,984]]
[[0,0],[1,0],[21,984]]
[[0,0],[1,0],[821,984]]
[[0,0],[1,0],[641,984]]
[[0,0],[1,0],[526,984]]
[[0,0],[1,0],[769,984]]
[[0,0],[1,0],[43,984]]
[[0,0],[1,0],[271,984]]
[[0,0],[1,0],[191,984]]
[[0,0],[1,0],[346,984]]
[[0,0],[2,0],[332,492]]
[[0,0],[2,0],[94,492]]
[[0,0],[1,0],[385,984]]
[[0,0],[1,0],[754,984]]
[[0,0],[1,0],[669,984]]
[[0,0],[1,0],[409,984]]
[[0,0],[3,0],[208,328]]
[[0,0],[1,0],[393,984]]
[[0,0],[2,0],[56,492]]
[[0,0],[1,0],[649,984]]
[[0,0],[1,0],[169,984]]
[[0,0],[1,0],[825,984]]
[[0,0],[1,0],[201,984]]
[[0,0],[1,0],[157,984]]
[[0,0],[2,0],[50,492]]
[[0,0],[1,0],[801,984]]
[[0,0],[2,0],[416,492]]
[[0,0],[1,0],[411,984]]
[[0,0],[1,0],[609,984]]
[[0,0],[1,0],[358,984]]
[[0,0],[1,0],[13,984]]
[[0,0],[1,0],[838,984]]
[[0,0],[2,0],[362,492]]
[[0,0],[2,0],[98,492]]
[[0,0],[2,0],[207,492]]
[[0,0],[1,0],[227,984]]
[[0,0],[1,0],[101,984]]
[[0,0],[1,0],[233,984]]
[[0,0],[1,0],[898,984]]
[[0,0],[2,0],[70,492]]
[[0,0],[1,0],[45,984]]
[[0,0],[1,0],[559,984]]
[[0,0],[2,0],[412,492]]
[[0,0],[1,0],[441,984]]
[[0,0],[1,0],[778,984]]
[[0,0],[2,0],[490,492]]
[[0,0],[1,0],[365,984]]
[[0,0],[1,0],[394,984]]
[[0,0],[1,0],[223,984]]
[[0,0],[1,0],[263,984]]
[[0,0],[1,0],[221,984]]
[[0,0],[1,0],[529,984]]
[[0,0],[1,0],[851,984]]
[[0,0],[1,0],[421,984]]
[[0,0],[1,0],[81,984]]
[[0,0],[2,0],[284,492]]
[[0,0],[2,0],[188,492]]
[[0,0],[1,0],[61,984]]
[[0,0],[1,0],[311,984]]
[[0,0],[1,0],[452,984]]
[[0,0],[1,0],[737,984]]
[[0,0],[1,0],[329,984]]
[[0,0],[1,0],[175,984]]
[[0,0],[1,0],[17,984]]
[[0,0],[1,0],[885,984]]
[[0,0],[1,0],[903,984]]
[[0,0],[1,0],[657,984]]
[[0,0],[1,0],[367,984]]
[[0,0],[1,0],[288,984]]
[[0,0],[1,0],[161,984]]
[[0,0],[1,0],[514,984]]
[[0,0],[1,0],[661,984]]
[[0,0],[2,0],[488,492]]
