[[0,0],[1,0],[152,985]]
[[0,0],[1,0],[86,985]]
[[0,0],[1,0],[49,985]]
[[0,0],[1,0],[526,985]]
[[0,0],[1,0],[461,985]]
[[0,0],[1,0],[13,985]]
[[0,0],[1,0],[121,985]]
[[0,0],[1,0],[79,985]]
[[0,0],[1,0],[159,985]]
[[0,0],[1,0],[262,985]]
[[0,0],[1,0],[32,985]]
[[0,0],[1,0],[91,985]]
[[0,0],[1,0],[289,985]]
[[0,0],[1,0],[486,985]]
[[0,0],[1,0],[71,985]]
[[0,0],[1,0],[51,985]]
[[0,0],[1,0],[411,985]]
[[0,0],[1,0],[306,985]]
[[0,0],[1,0],[146,985]]
[[0,0],[1,0],[101,985]]
[[0,0],[1,0],[128,985]]
[[0,0],[1,0],[209,985]]
[[0,0],[1,0],[331,985]]
[[0,0],[1,0],[351,985]]
[[0,0],[1,0],[601,985]]
[[0,0],[1,0],[786,985]]
[[0,0],[1,0],[189,985]]
[[0,0],[1,0],[296,985]]
[[0,0],[1,0],[28,985]]
[[0,0],[1,0],[61,985]]
[[0,0],[1,0],[29,985]]
[[0,0],[1,0],[122,985]]
[[0,0],[1,0],[333,985]]
[[0,0],[1,0],[31,985]]
[[0,0],[1,0],[23,985]]
[[0,0],[1,0],[576,985]]
[[0,0],[1,0],[68,985]]
[[0,0],[1,0],[18,985]]
[[0,0],[1,0],[268,985]]
[[0,0],[1,0],[109,985]]
[[0,0],[1,0],[72,985]]
[[0,0],[1,0],[97,985]]
[[0,0],[1,0],[316,985]]
[[0,0],[1,0],[98,985]]
[[0,0],[1,0],[62,985]]
[[0,0],[1,0],[94,985]]
[[0,0],[1,0],[556,985]]
[[0,0],[1,0],[332,985]]
[[0,0],[1,0],[196,985]]
[[0,0],[1,0],[69,985]]
[[0,0],[1,0],[276,985]]
[[0,0],[1,0],[54,985]]
[[0,0],[1,0],[541,985]]
[[0,0],[1,0],[24,985]]
[[0,0],[1,0],[166,985]]
[[0,0],[1,0],[421,985]]
[[0,0],[1,0],[471,985]]
[[0,0],[1,0],[206,985]]
[[0,0],[1,0],[41,985]]
[[0,0],[1,0],[33,985]]
[[0,0],[1,0],[107,985]]
[[0,0],[1,0],[64,985]]
[[0,0],[1,0],[216,985]]
[[0,0],[1,0],[119,985]]
[[0,0],[1,0],[256,985]]
[[0,0],[1,0],[191,985]]
[[0,0],[1,0],[7,985]]
[[0,0],[1,0],[46,985]]
[[0,0],[1,0],[104,985]]
[[0,0],[1,0],[113,985]]
[[0,0],[1,0],[118,985]]
[[0,0],[1,0],[358,985]]
[[0,0],[1,0],[251,985]]
[[0,0],[1,0],[52,985]]
[[0,0],[1,0],[1,985]]
[[0,0],[1,0],[227,985]]
[[0,0],[1,0],[14,985]]
[[0,0],[1,0],[281,985]]
[[0,0],[1,0],[78,985]]
[[0,0],[1,0],[151,985]]
[[0,0],[1,0],[27,985]]
[[0,0],[1,0],[356,985]]
[[0,0],[1,0],[17,985]]
[[0,0],[1,0],[56,985]]
[[0,0],[1,0],[114,985]]
[[0,0],[1,0],[66,985]]
[[0,0],[1,0],[836,985]]
[[0,0],[1,0],[93,985]]
[[0,0],[1,0],[321,985]]
[[0,0],[1,0],[571,985]]
[[0,0],[1,0],[38,985]]
[[0,0],[1,0],[131,985]]
[[0,0],[1,0],[446,985]]
[[0,0],[1,0],[546,985]]
[[0,0],[1,0],[92,985]]
[[0,0],[1,0],[651,985]]
[[0,0],[1,0],[47,985]]
[[0,0],[1,0],[203,985]]
[[0,0],[1,0],[781,985]]
[[0,0],[1,0],[368,985]]
[[0,0],[1,0],[137,985]]
[[0,0],[1,0],[181,985]]
[[0,0],[1,0],[87,985]]
[[0,0],[1,0],[96,985]]
[[0,0],[1,0],[116,985]]
[[0,0],[1,0],[263,985]]
[[0,0],[1,0],[716,985]]
[[0,0],[1,0],[63,985]]
[[0,0],[1,0],[789,985]]
[[0,0],[1,0],[141,985]]
[[0,0],[1,0],[359,985]]
[[0,0],[1,0],[187,985]]
[[0,0],[1,0],[44,985]]
[[0,0],[1,0],[4,985]]
[[0,0],[1,0],[271,985]]
[[0,0],[1,0],[103,985]]
[[0,0],[1,0],[36,985]]
[[0,0],[1,0],[8,985]]
[[0,0],[1,0],[631,985]]
[[0,0],[1,0],[266,985]]
[[0,0],[1,0],[157,985]]
[[0,0],[1,0],[291,985]]
[[0,0],[1,0],[156,985]]
[[0,0],[1,0],[336,985]]
[[0,0],[1,0],[117,985]]
[[0,0],[1,0],[158,985]]
[[0,0],[1,0],[21,985]]
[[0,0],[1,0],[138,985]]
[[0,0],[1,0],[246,985]]
[[0,0],[1,0],[161,985]]
[[0,0],[1,0],[366,985]]
[[0,0],[1,0],[261,985]]
[[0,0],[1,0],[211,985]]
[[0,0],[1,0],[176,985]]
[[0,0],[1,0],[67,985]]
[[0,0],[1,0],[951,985]]
[[0,0],[1,0],[701,985]]
[[0,0],[1,0],[106,985]]
[[0,0],[1,0],[731,985]]
[[0,0],[1,0],[249,985]]
[[0,0],[1,0],[43,985]]
[[0,0],[1,0],[386,985]]
[[0,0],[1,0],[53,985]]
[[0,0],[1,0],[856,985]]
[[0,0],[1,0],[476,985]]
[[0,0],[1,0],[267,985]]
[[0,0],[1,0],[171,985]]
[[0,0],[1,0],[586,985]]
[[0,0],[1,0],[37,985]]
[[0,0],[1,0],[264,985]]
[[0,0],[1,0],[88,985]]
[[0,0],[1,0],[367,985]]
[[0,0],[1,0],[22,985]]
[[0,0],[1,0],[57,985]]
[[0,0],[1,0],[77,985]]
[[0,0],[1,0],[226,985]]
[[0,0],[1,0],[406,985]]
[[0,0],[1,0],[357,985]]
[[0,0],[1,0],[201,985]]
[[0,0],[1,0],[99,985]]
[[0,0],[1,0],[2,985]]
[[0,0],[1,0],[241,985]]
[[0,0],[1,0],[136,985]]
[[0,0],[1,0],[89,985]]
[[0,0],[1,0],[174,985]]
[[0,0],[1,0],[3,985]]
[[0,0],[1,0],[456,985]]
[[0,0],[1,0],[12,985]]
[[0,0],[1,0],[6,985]]
[[0,0],[1,0],[311,985]]
[[0,0],[1,0],[279,985]]
[[0,0],[1,0],[108,985]]
[[0,0],[1,0],[19,985]]
[[0,0],[1,0],[134,985]]
[[0,0],[1,0],[11,985]]
[[0,0],[1,0],[671,985]]
[[0,0],[1,0],[766,985]]
[[0,0],[1,0],[76,985]]
[[0,0],[1,0],[84,985]]
[[0,0],[1,0],[9,985]]
[[0,0],[1,0],[188,985]]
[[0,0],[1,0],[371,985]]
[[0,0],[1,0],[741,985]]
[[0,0],[1,0],[142,985]]
[[0,0],[1,0],[169,985]]
[[0,0],[1,0],[186,985]]
[[0,0],[1,0],[426,985]]
[[0,0],[1,0],[395,985]]
[[0,0],[1,0],[139,985]]
[[0,0],[1,0],[168,985]]
[[0,0],[1,0],[48,985]]
[[0,0],[1,0],[198,985]]
[[0,0],[1,0],[566,985]]
[[0,0],[1,0],[491,985]]
[[0,0],[1,0],[26,985]]
[[0,0],[1,0],[39,985]]
[[0,0],[1,0],[248,985]]
[[0,0],[1,0],[81,985]]
[[0,0],[1,0],[646,985]]
[[0,0],[1,0],[16,985]]
