[[0,0],[1,0],[148,987]]
[[0,0],[1,0],[232,987]]
[[0,0],[1,0],[257,987]]
[[0,0],[1,0],[155,987]]
[[0,0],[1,0],[86,987]]
[[0,0],[1,0],[162,987]]
[[0,0],[1,0],[13,987]]
[[0,0],[1,0],[526,987]]
[[0,0],[1,0],[391,987]]
[[0,0],[1,0],[125,987]]
[[0,0],[1,0],[121,987]]
[[0,0],[1,0],[239,987]]
[[0,0],[1,0],[708,987]]
[[0,0],[1,0],[184,987]]
[[0,0],[1,0],[124,987]]
[[0,0],[1,0],[194,987]]
[[0,0],[1,0],[32,987]]
[[0,0],[1,0],[918,987]]
[[0,0],[1,0],[519,987]]
[[0,0],[1,0],[628,987]]
[[0,0],[1,0],[262,987]]
[[0,0],[1,0],[289,987]]
[[0,0],[1,0],[25,987]]
[[0,0],[1,0],[433,987]]
[[0,0],[1,0],[71,987]]
[[0,0],[1,0],[666,987]]
[[0,0],[1,0],[101,987]]
[[0,0],[1,0],[128,987]]
[[0,0],[1,0],[146,987]]
[[0,0],[1,0],[582,987]]
[[0,0],[1,0],[454,987]]
[[0,0],[1,0],[939,987]]
[[0,0],[1,0],[189,987]]
[[0,0],[1,0],[229,987]]
[[0,0],[1,0],[298,987]]
[[0,0],[1,0],[331,987]]
[[0,0],[1,0],[351,987]]
[[0,0],[1,0],[61,987]]
[[0,0],[1,0],[29,987]]
[[0,0],[1,0],[512,987]]
[[0,0],[1,0],[750,987]]
[[0,0],[1,0],[31,987]]
[[0,0],[1,0],[85,987]]
[[0,0],[1,0],[20,987]]
[[0,0],[1,0],[355,987]]
[[0,0],[1,0],[110,987]]
[[0,0],[1,0],[68,987]]
[[0,0],[1,0],[82,987]]
[[0,0],[1,0],[23,987]]
[[0,0],[1,0],[236,987]]
[[0,0],[1,0],[100,987]]
[[0,0],[1,0],[292,987]]
[[0,0],[1,0],[109,987]]
[[0,0],[1,0],[496,987]]
[[0,0],[1,0],[981,987]]
[[0,0],[1,0],[559,987]]
[[0,0],[1,0],[97,987]]
[[0,0],[1,0],[682,987]]
[[0,0],[1,0],[670,987]]
[[0,0],[1,0],[233,987]]
[[0,0],[1,0],[393,987]]
[[0,0],[1,0],[518,987]]
[[0,0],[1,0],[529,987]]
[[0,0],[1,0],[62,987]]
[[0,0],[1,0],[319,987]]
[[0,0],[1,0],[540,987]]
[[0,0],[1,0],[394,987]]
[[0,0],[1,0],[487,987]]
[[0,0],[1,0],[379,987]]
[[0,0],[1,0],[535,987]]
[[0,0],[1,0],[120,987]]
[[0,0],[1,0],[541,987]]
[[0,0],[1,0],[589,987]]
[[0,0],[1,0],[166,987]]
[[0,0],[1,0],[65,987]]
[[0,0],[1,0],[309,987]]
[[0,0],[1,0],[471,987]]
[[0,0],[1,0],[466,987]]
[[0,0],[1,0],[41,987]]
[[0,0],[1,0],[204,987]]
[[0,0],[1,0],[107,987]]
[[0,0],[1,0],[894,987]]
[[0,0],[1,0],[250,987]]
[[0,0],[1,0],[771,987]]
[[0,0],[1,0],[15,987]]
[[0,0],[1,0],[64,987]]
[[0,0],[1,0],[949,987]]
[[0,0],[1,0],[792,987]]
[[0,0],[1,0],[550,987]]
[[0,0],[1,0],[256,987]]
[[0,0],[1,0],[562,987]]
[[0,0],[1,0],[372,987]]
[[0,0],[1,0],[436,987]]
[[0,0],[1,0],[876,987]]
[[0,0],[1,0],[382,987]]
[[0,0],[1,0],[104,987]]
[[0,0],[1,0],[960,987]]
[[0,0],[1,0],[46,987]]
[[0,0],[1,0],[58,987]]
[[0,0],[1,0],[113,987]]
[[0,0],[1,0],[244,987]]
[[0,0],[1,0],[118,987]]
[[0,0],[1,0],[855,987]]
[[0,0],[1,0],[598,987]]
[[0,0],[1,0],[463,987]]
[[0,0],[1,0],[208,987]]
[[0,0],[1,0],[1,987]]
[[0,0],[1,0],[281,987]]
[[0,0],[1,0],[73,987]]
[[0,0],[1,0],[356,987]]
[[0,0],[1,0],[78,987]]
[[0,0],[1,0],[17,987]]
[[0,0],[1,0],[610,987]]
[[0,0],[1,0],[151,987]]
[[0,0],[1,0],[218,987]]
[[0,0],[1,0],[274,987]]
[[0,0],[1,0],[340,987]]
[[0,0],[1,0],[685,987]]
[[0,0],[1,0],[577,987]]
[[0,0],[1,0],[307,987]]
[[0,0],[1,0],[897,987]]
[[0,0],[1,0],[445,987]]
[[0,0],[1,0],[414,987]]
[[0,0],[1,0],[160,987]]
[[0,0],[1,0],[92,987]]
[[0,0],[1,0],[212,987]]
[[0,0],[1,0],[131,987]]
[[0,0],[1,0],[523,987]]
[[0,0],[1,0],[834,987]]
[[0,0],[1,0],[288,987]]
[[0,0],[1,0],[137,987]]
[[0,0],[1,0],[181,987]]
[[0,0],[1,0],[295,987]]
[[0,0],[1,0],[477,987]]
[[0,0],[1,0],[612,987]]
[[0,0],[1,0],[638,987]]
[[0,0],[1,0],[729,987]]
[[0,0],[1,0],[397,987]]
[[0,0],[1,0],[263,987]]
[[0,0],[1,0],[193,987]]
[[0,0],[1,0],[10,987]]
[[0,0],[1,0],[442,987]]
[[0,0],[1,0],[190,987]]
[[0,0],[1,0],[44,987]]
[[0,0],[1,0],[4,987]]
[[0,0],[1,0],[706,987]]
[[0,0],[1,0],[187,987]]
[[0,0],[1,0],[439,987]]
[[0,0],[1,0],[36,987]]
[[0,0],[1,0],[172,987]]
[[0,0],[1,0],[253,987]]
[[0,0],[1,0],[271,987]]
[[0,0],[1,0],[103,987]]
[[0,0],[1,0],[8,987]]
[[0,0],[1,0],[278,987]]
[[0,0],[1,0],[370,987]]
[[0,0],[1,0],[34,987]]
[[0,0],[1,0],[603,987]]
[[0,0],[1,0],[83,987]]
[[0,0],[1,0],[283,987]]
[[0,0],[1,0],[157,987]]
[[0,0],[1,0],[493,987]]
[[0,0],[1,0],[687,987]]
[[0,0],[1,0],[173,987]]
[[0,0],[1,0],[655,987]]
[[0,0],[1,0],[847,987]]
[[0,0],[1,0],[412,987]]
[[0,0],[1,0],[323,987]]
[[0,0],[1,0],[813,987]]
[[0,0],[1,0],[50,987]]
[[0,0],[1,0],[361,987]]
[[0,0],[1,0],[377,987]]
[[0,0],[1,0],[183,987]]
[[0,0],[1,0],[460,987]]
[[0,0],[1,0],[645,987]]
[[0,0],[1,0],[246,987]]
[[0,0],[1,0],[334,987]]
[[0,0],[1,0],[407,987]]
[[0,0],[1,0],[211,987]]
[[0,0],[1,0],[499,987]]
[[0,0],[1,0],[176,987]]
[[0,0],[1,0],[344,987]]
[[0,0],[1,0],[502,987]]
[[0,0],[1,0],[67,987]]
[[0,0],[1,0],[202,987]]
[[0,0],[1,0],[95,987]]
[[0,0],[1,0],[659,987]]
[[0,0],[1,0],[472,987]]
[[0,0],[1,0],[911,987]]
[[0,0],[1,0],[106,987]]
[[0,0],[1,0],[703,987]]
[[0,0],[1,0],[277,987]]
[[0,0],[1,0],[547,987]]
[[0,0],[1,0],[772,987]]
[[0,0],[1,0],[43,987]]
[[0,0],[1,0],[386,987]]
[[0,0],[1,0],[753,987]]
[[0,0],[1,0],[365,987]]
[[0,0],[1,0],[167,987]]
[[0,0],[1,0],[197,987]]
[[0,0],[1,0],[37,987]]
[[0,0],[1,0],[267,987]]
[[0,0],[1,0],[88,987]]
[[0,0],[1,0],[586,987]]
[[0,0],[1,0],[418,987]]
[[0,0],[1,0],[57,987]]
[[0,0],[1,0],[143,987]]
[[0,0],[1,0],[40,987]]
[[0,0],[1,0],[22,987]]
[[0,0],[1,0],[640,987]]
[[0,0],[1,0],[286,987]]
[[0,0],[1,0],[592,987]]
[[0,0],[1,0],[223,987]]
[[0,0],[1,0],[225,987]]
[[0,0],[1,0],[241,987]]
[[0,0],[1,0],[865,987]]
[[0,0],[1,0],[449,987]]
[[0,0],[1,0],[99,987]]
[[0,0],[1,0],[2,987]]
[[0,0],[1,0],[337,987]]
[[0,0],[1,0],[838,987]]
[[0,0],[1,0],[136,987]]
[[0,0],[1,0],[89,987]]
[[0,0],[1,0],[498,987]]
[[0,0],[1,0],[624,987]]
[[0,0],[1,0],[561,987]]
[[0,0],[1,0],[456,987]]
[[0,0],[1,0],[313,987]]
[[0,0],[1,0],[481,987]]
[[0,0],[1,0],[435,987]]
[[0,0],[1,0],[145,987]]
[[0,0],[1,0],[19,987]]
[[0,0],[1,0],[299,987]]
[[0,0],[3,0],[238,329]]
[[0,0],[1,0],[328,987]]
[[0,0],[1,0],[134,987]]
[[0,0],[1,0],[11,987]]
[[0,0],[1,0],[508,987]]
[[0,0],[1,0],[697,987]]
[[0,0],[1,0],[169,987]]
[[0,0],[1,0],[5,987]]
[[0,0],[1,0],[127,987]]
[[0,0],[1,0],[142,987]]
[[0,0],[1,0],[230,987]]
[[0,0],[1,0],[330,987]]
[[0,0],[1,0],[214,987]]
[[0,0],[1,0],[260,987]]
[[0,0],[1,0],[352,987]]
[[0,0],[1,0],[430,987]]
[[0,0],[1,0],[48,987]]
[[0,0],[1,0],[607,987]]
[[0,0],[1,0],[139,987]]
[[0,0],[1,0],[130,987]]
[[0,0],[1,0],[26,987]]
[[0,0],[1,0],[457,987]]
[[0,0],[1,0],[55,987]]
[[0,0],[1,0],[265,987]]
[[0,0],[1,0],[16,987]]
[[0,0],[1,0],[152,987]]
[[0,0],[1,0],[484,987]]
