[[0,0],[1,0],[1,99]]
[[0,0],[3,0],[6,33]]
[[0,0],[1,0],[29,99]]
[[0,0],[1,0],[37,99]]
[[0,0],[1,0],[8,99]]
[[0,0],[1,0],[16,99]]
[[0,0],[1,0],[17,99]]
[[0,0],[1,0],[34,99]]
[[0,0],[3,0],[3,33]]
[[0,0],[1,0],[10,99]]
[[0,0],[1,0],[4,99]]
[[0,0],[1,0],[5,99]]
[[0,0],[1,0],[64,99]]
[[0,0],[1,0],[89,99]]
[[0,0],[1,0],[45,99]]
[[0,0],[1,0],[58,99]]
[[0,0],[1,0],[2,99]]
[[0,0],[1,0],[23,99]]
[[0,0],[1,0],[12,99]]
[[0,0],[3,0],[9,33]]
[[0,0],[1,0],[49,99]]
[[0,0],[1,0],[13,99]]
[[0,0],[1,0],[79,99]]
[[0,0],[1,0],[7,99]]
[[0,0],[1,0],[28,99]]
[[0,0],[1,0],[19,99]]
[[0,0],[1,0],[40,99]]
[[0,0],[1,0],[43,99]]
[[0,0],[1,0],[78,99]]
