[[0,0],[1,0],[86,990]]
[[0,0],[1,0],[874,990]]
[[0,0],[1,0],[523,990]]
[[0,0],[1,0],[202,990]]
[[0,0],[1,0],[78,990]]
[[0,0],[3,0],[279,330]]
[[0,0],[1,0],[892,990]]
[[0,0],[3,0],[177,330]]
[[0,0],[1,0],[1,990]]
[[0,0],[3,0],[171,330]]
[[0,0],[1,0],[37,990]]
[[0,0],[1,0],[868,990]]
[[0,0],[2,0],[35,495]]
[[0,0],[1,0],[474,990]]
[[0,0],[1,0],[107,990]]
[[0,0],[3,0],[141,330]]
[[0,0],[1,0],[802,990]]
[[0,0],[1,0],[214,990]]
[[0,0],[1,0],[518,990]]
[[0,0],[1,0],[476,990]]
[[0,0],[2,0],[147,495]]
[[0,0],[1,0],[904,990]]
[[0,0],[1,0],[53,990]]
[[0,0],[1,0],[856,990]]
[[0,0],[1,0],[323,990]]
[[0,0],[1,0],[502,990]]
[[0,0],[1,0],[175,990]]
[[0,0],[1,0],[581,990]]
[[0,0],[1,0],[712,990]]
[[0,0],[1,0],[451,990]]
[[0,0],[1,0],[951,990]]
[[0,0],[1,0],[171,990]]
[[0,0],[1,0],[263,990]]
[[0,0],[1,0],[501,990]]
[[0,0],[1,0],[562,990]]
[[0,0],[1,0],[148,990]]
[[0,0],[1,0],[536,990]]
[[0,0],[1,0],[650,990]]
[[0,0],[1,0],[424,990]]
[[0,0],[1,0],[673,990]]
[[0,0],[2,0],[222,495]]
[[0,0],[1,0],[454,990]]
[[0,0],[1,0],[293,990]]
[[0,0],[1,0],[23,990]]
[[0,0],[1,0],[766,990]]
[[0,0],[1,0],[166,990]]
[[0,0],[1,0],[531,990]]
[[0,0],[2,0],[189,495]]
[[0,0],[1,0],[321,990]]
[[0,0],[1,0],[914,990]]
[[0,0],[1,0],[320,990]]
[[0,0],[1,0],[46,990]]
[[0,0],[2,0],[321,495]]
[[0,0],[2,0],[372,495]]
[[0,0],[1,0],[142,990]]
[[0,0],[2,0],[237,495]]
[[0,0],[1,0],[331,990]]
[[0,0],[1,0],[58,990]]
[[0,0],[1,0],[139,990]]
[[0,0],[3,0],[102,330]]
[[0,0],[1,0],[475,990]]
[[0,0],[3,0],[219,330]]
[[0,0],[1,0],[163,990]]
[[0,0],[2,0],[335,495]]
[[0,0],[2,0],[282,495]]
[[0,0],[1,0],[379,990]]
[[0,0],[1,0],[757,990]]
[[0,0],[1,0],[952,990]]
[[0,0],[1,0],[346,990]]
[[0,0],[3,0],[245,330]]
[[0,0],[1,0],[626,990]]
[[0,0],[1,0],[988,990]]
[[0,0],[1,0],[115,990]]
[[0,0],[1,0],[403,990]]
[[0,0],[3,0],[9,330]]
[[0,0],[1,0],[206,990]]
[[0,0],[1,0],[358,990]]
[[0,0],[2,0],[380,495]]
[[0,0],[1,0],[592,990]]
[[0,0],[1,0],[739,990]]
[[0,0],[3,0],[39,330]]
[[0,0],[1,0],[103,990]]
[[0,0],[1,0],[485,990]]
[[0,0],[1,0],[394,990]]
[[0,0],[1,0],[857,990]]
[[0,0],[1,0],[791,990]]
[[0,0],[1,0],[266,990]]
[[0,0],[2,0],[425,495]]
[[0,0],[1,0],[806,990]]
[[0,0],[1,0],[647,990]]
[[0,0],[1,0],[243,990]]
[[0,0],[1,0],[188,990]]
[[0,0],[1,0],[541,990]]
[[0,0],[1,0],[496,990]]
[[0,0],[1,0],[641,990]]
[[0,0],[2,0],[57,495]]
[[0,0],[1,0],[56,990]]
[[0,0],[3,0],[27,330]]
[[0,0],[1,0],[34,990]]
[[0,0],[1,0],[281,990]]
[[0,0],[1,0],[569,990]]
[[0,0],[1,0],[161,990]]
[[0,0],[1,0],[112,990]]
[[0,0],[3,0],[63,330]]
[[0,0],[1,0],[716,990]]
[[0,0],[1,0],[244,990]]
[[0,0],[3,0],[258,330]]
[[0,0],[1,0],[681,990]]
[[0,0],[1,0],[563,990]]
[[0,0],[1,0],[471,990]]
[[0,0],[1,0],[41,990]]
[[0,0],[1,0],[419,990]]
[[0,0],[1,0],[274,990]]
[[0,0],[1,0],[235,990]]
[[0,0],[1,0],[896,990]]
[[0,0],[1,0],[289,990]]
[[0,0],[1,0],[521,990]]
[[0,0],[1,0],[329,990]]
[[0,0],[1,0],[925,990]]
[[0,0],[1,0],[59,990]]
[[0,0],[1,0],[568,990]]
[[0,0],[1,0],[116,990]]
[[0,0],[1,0],[373,990]]
[[0,0],[2,0],[102,495]]
[[0,0],[1,0],[47,990]]
[[0,0],[1,0],[437,990]]
[[0,0],[1,0],[707,990]]
[[0,0],[2,0],[192,495]]
[[0,0],[1,0],[376,990]]
[[0,0],[3,0],[21,330]]
[[0,0],[1,0],[760,990]]
[[0,0],[1,0],[742,990]]
[[0,0],[1,0],[7,990]]
[[0,0],[1,0],[796,990]]
[[0,0],[1,0],[291,990]]
[[0,0],[1,0],[67,990]]
[[0,0],[3,0],[78,330]]
[[0,0],[1,0],[261,990]]
[[0,0],[1,0],[85,990]]
[[0,0],[1,0],[823,990]]
[[0,0],[1,0],[881,990]]
[[0,0],[9,0],[20,110]]
[[0,0],[1,0],[606,990]]
[[0,0],[1,0],[446,990]]
[[0,0],[3,0],[108,330]]
[[0,0],[1,0],[507,990]]
[[0,0],[1,0],[547,990]]
[[0,0],[1,0],[439,990]]
[[0,0],[1,0],[52,990]]
[[0,0],[1,0],[472,990]]
[[0,0],[1,0],[79,990]]
[[0,0],[1,0],[686,990]]
[[0,0],[1,0],[146,990]]
[[0,0],[1,0],[604,990]]
[[0,0],[1,0],[463,990]]
[[0,0],[1,0],[307,990]]
[[0,0],[1,0],[445,990]]
[[0,0],[1,0],[257,990]]
[[0,0],[1,0],[71,990]]
[[0,0],[1,0],[805,990]]
[[0,0],[1,0],[865,990]]
[[0,0],[1,0],[848,990]]
[[0,0],[2,0],[77,495]]
[[0,0],[3,0],[168,330]]
[[0,0],[5,0],[77,198]]
[[0,0],[1,0],[268,990]]
[[0,0],[3,0],[327,330]]
[[0,0],[1,0],[82,990]]
[[0,0],[3,0],[183,330]]
[[0,0],[1,0],[155,990]]
[[0,0],[3,0],[18,330]]
[[0,0],[1,0],[179,990]]
[[0,0],[1,0],[208,990]]
[[0,0],[1,0],[304,990]]
[[0,0],[1,0],[969,990]]
[[0,0],[1,0],[639,990]]
[[0,0],[1,0],[964,990]]
[[0,0],[1,0],[259,990]]
[[0,0],[1,0],[808,990]]
[[0,0],[1,0],[4,990]]
[[0,0],[3,0],[138,330]]
[[0,0],[1,0],[862,990]]
[[0,0],[1,0],[12,990]]
[[0,0],[1,0],[754,990]]
[[0,0],[1,0],[203,990]]
[[0,0],[1,0],[31,990]]
[[0,0],[1,0],[985,990]]
[[0,0],[3,0],[135,330]]
[[0,0],[1,0],[955,990]]
[[0,0],[1,0],[408,990]]
[[0,0],[1,0],[89,990]]
[[0,0],[1,0],[13,990]]
[[0,0],[3,0],[288,330]]
[[0,0],[1,0],[431,990]]
[[0,0],[1,0],[221,990]]
[[0,0],[1,0],[745,990]]
[[0,0],[1,0],[781,990]]
[[0,0],[1,0],[193,990]]
[[0,0],[3,0],[3,330]]
[[0,0],[1,0],[886,990]]
[[0,0],[1,0],[646,990]]
[[0,0],[1,0],[227,990]]
[[0,0],[3,0],[123,330]]
[[0,0],[2,0],[327,495]]
[[0,0],[2,0],[402,495]]
[[0,0],[1,0],[478,990]]
[[0,0],[1,0],[898,990]]
[[0,0],[1,0],[94,990]]
[[0,0],[1,0],[736,990]]
[[0,0],[1,0],[831,990]]
[[0,0],[1,0],[236,990]]
[[0,0],[1,0],[397,990]]
[[0,0],[1,0],[724,990]]
[[0,0],[1,0],[223,990]]
[[0,0],[1,0],[981,990]]
[[0,0],[1,0],[784,990]]
[[0,0],[1,0],[685,990]]
[[0,0],[1,0],[316,990]]
[[0,0],[1,0],[326,990]]
[[0,0],[1,0],[508,990]]
[[0,0],[1,0],[191,990]]
[[0,0],[1,0],[591,990]]
[[0,0],[1,0],[355,990]]
[[0,0],[1,0],[81,990]]
[[0,0],[2,0],[470,495]]
[[0,0],[1,0],[832,990]]
[[0,0],[1,0],[137,990]]
[[0,0],[3,0],[300,330]]
[[0,0],[1,0],[121,990]]
[[0,0],[1,0],[596,990]]
[[0,0],[1,0],[775,990]]
[[0,0],[1,0],[497,990]]
[[0,0],[1,0],[503,990]]
[[0,0],[1,0],[43,990]]
[[0,0],[1,0],[371,990]]
[[0,0],[2,0],[312,495]]
[[0,0],[1,0],[172,990]]
[[0,0],[3,0],[243,330]]
[[0,0],[1,0],[73,990]]
[[0,0],[1,0],[544,990]]
[[0,0],[1,0],[958,990]]
[[0,0],[1,0],[442,990]]
[[0,0],[1,0],[247,990]]
[[0,0],[1,0],[61,990]]
[[0,0],[1,0],[901,990]]
[[0,0],[1,0],[621,990]]
[[0,0],[1,0],[986,990]]
[[0,0],[1,0],[178,990]]
[[0,0],[1,0],[276,990]]
[[0,0],[3,0],[234,330]]
[[0,0],[1,0],[903,990]]
[[0,0],[1,0],[388,990]]
[[0,0],[1,0],[672,990]]
[[0,0],[1,0],[436,990]]
[[0,0],[2,0],[290,495]]
[[0,0],[1,0],[441,990]]
[[0,0],[2,0],[145,495]]
[[0,0],[1,0],[538,990]]
[[0,0],[1,0],[922,990]]
[[0,0],[1,0],[771,990]]
[[0,0],[1,0],[861,990]]
[[0,0],[1,0],[535,990]]
[[0,0],[3,0],[190,330]]
[[0,0],[1,0],[837,990]]
[[0,0],[2,0],[155,495]]
[[0,0],[1,0],[713,990]]
[[0,0],[1,0],[782,990]]
[[0,0],[2,0],[42,495]]
[[0,0],[1,0],[124,990]]
[[0,0],[2,0],[492,495]]
[[0,0],[1,0],[122,990]]
[[0,0],[2,0],[486,495]]
[[0,0],[1,0],[838,990]]
[[0,0],[1,0],[652,990]]
[[0,0],[5,0],[60,198]]
[[0,0],[1,0],[298,990]]
[[0,0],[2,0],[65,495]]
[[0,0],[3,0],[69,330]]
[[0,0],[1,0],[628,990]]
[[0,0],[1,0],[651,990]]
[[0,0],[1,0],[16,990]]
[[0,0],[1,0],[328,990]]
[[0,0],[1,0],[505,990]]
[[0,0],[1,0],[688,990]]
[[0,0],[1,0],[406,990]]
[[0,0],[1,0],[205,990]]
[[0,0],[1,0],[309,990]]
[[0,0],[1,0],[292,990]]
[[0,0],[1,0],[337,990]]
[[0,0],[1,0],[658,990]]
[[0,0],[1,0],[91,990]]
[[0,0],[1,0],[382,990]]
[[0,0],[1,0],[706,990]]
[[0,0],[1,0],[481,990]]
[[0,0],[1,0],[751,990]]
[[0,0],[1,0],[778,990]]
[[0,0],[1,0],[533,990]]
[[0,0],[1,0],[772,990]]
[[0,0],[2,0],[310,495]]
[[0,0],[1,0],[946,990]]
[[0,0],[1,0],[181,990]]
[[0,0],[3,0],[36,330]]
[[0,0],[1,0],[613,990]]
[[0,0],[3,0],[267,330]]
[[0,0],[1,0],[76,990]]
[[0,0],[1,0],[226,990]]
[[0,0],[1,0],[101,990]]
[[0,0],[2,0],[357,495]]
[[0,0],[1,0],[705,990]]
[[0,0],[2,0],[288,495]]
[[0,0],[1,0],[625,990]]
[[0,0],[1,0],[201,990]]
[[0,0],[1,0],[598,990]]
[[0,0],[1,0],[381,990]]
[[0,0],[1,0],[514,990]]
[[0,0],[2,0],[267,495]]
[[0,0],[1,0],[565,990]]
[[0,0],[1,0],[334,990]]
[[0,0],[1,0],[19,990]]
[[0,0],[3,0],[80,330]]
[[0,0],[1,0],[416,990]]
[[0,0],[1,0],[109,990]]
[[0,0],[1,0],[145,990]]
[[0,0],[1,0],[256,990]]
[[0,0],[1,0],[254,990]]
[[0,0],[1,0],[199,990]]
[[0,0],[1,0],[229,990]]
[[0,0],[1,0],[676,990]]
[[0,0],[1,0],[415,990]]
[[0,0],[1,0],[895,990]]
[[0,0],[5,0],[192,198]]
[[0,0],[1,0],[584,990]]
[[0,0],[1,0],[401,990]]
[[0,0],[1,0],[430,990]]
[[0,0],[1,0],[367,990]]
[[0,0],[1,0],[232,990]]
[[0,0],[1,0],[634,990]]
[[0,0],[6,0],[105,165]]
[[0,0],[1,0],[921,990]]
[[0,0],[1,0],[197,990]]
[[0,0],[1,0],[679,990]]
[[0,0],[1,0],[779,990]]
[[0,0],[1,0],[301,990]]
[[0,0],[1,0],[325,990]]
[[0,0],[1,0],[238,990]]
[[0,0],[1,0],[127,990]]
[[0,0],[1,0],[131,990]]
[[0,0],[1,0],[413,990]]
[[0,0],[1,0],[375,990]]
[[0,0],[1,0],[313,990]]
[[0,0],[1,0],[21,990]]
[[0,0],[1,0],[532,990]]
[[0,0],[3,0],[318,330]]
[[0,0],[1,0],[718,990]]
[[0,0],[1,0],[262,990]]
[[0,0],[2,0],[365,495]]
[[0,0],[1,0],[801,990]]
[[0,0],[1,0],[452,990]]
[[0,0],[3,0],[25,330]]
[[0,0],[1,0],[982,990]]
[[0,0],[1,0],[51,990]]
[[0,0],[1,0],[433,990]]
[[0,0],[1,0],[196,990]]
[[0,0],[1,0],[119,990]]
[[0,0],[1,0],[815,990]]
[[0,0],[1,0],[629,990]]
[[0,0],[1,0],[26,990]]
[[0,0],[2,0],[20,495]]
[[0,0],[1,0],[776,990]]
[[0,0],[2,0],[242,495]]
[[0,0],[2,0],[200,495]]
[[0,0],[1,0],[49,990]]
[[0,0],[1,0],[141,990]]
[[0,0],[1,0],[241,990]]
[[0,0],[1,0],[989,990]]
[[0,0],[1,0],[664,990]]
[[0,0],[2,0],[177,495]]
[[0,0],[1,0],[607,990]]
[[0,0],[1,0],[353,990]]
[[0,0],[1,0],[586,990]]
[[0,0],[1,0],[526,990]]
[[0,0],[1,0],[936,990]]
[[0,0],[1,0],[296,990]]
[[0,0],[1,0],[835,990]]
[[0,0],[1,0],[773,990]]
[[0,0],[1,0],[295,990]]
[[0,0],[1,0],[956,990]]
[[0,0],[1,0],[356,990]]
[[0,0],[1,0],[118,990]]
[[0,0],[2,0],[447,495]]
[[0,0],[1,0],[866,990]]
[[0,0],[1,0],[271,990]]
[[0,0],[1,0],[364,990]]
[[0,0],[1,0],[928,990]]
[[0,0],[3,0],[228,330]]
[[0,0],[1,0],[253,990]]
[[0,0],[1,0],[177,990]]
[[0,0],[3,0],[57,330]]
[[0,0],[1,0],[113,990]]
[[0,0],[1,0],[391,990]]
[[0,0],[1,0],[64,990]]
[[0,0],[2,0],[407,495]]
[[0,0],[1,0],[151,990]]
[[0,0],[1,0],[269,990]]
[[0,0],[2,0],[123,495]]
[[0,0],[1,0],[97,990]]
[[0,0],[1,0],[595,990]]
[[0,0],[1,0],[136,990]]
[[0,0],[1,0],[574,990]]
[[0,0],[1,0],[529,990]]
[[0,0],[1,0],[265,990]]
[[0,0],[1,0],[746,990]]
[[0,0],[1,0],[184,990]]
[[0,0],[1,0],[411,990]]
[[0,0],[3,0],[93,330]]
[[0,0],[1,0],[711,990]]
[[0,0],[1,0],[448,990]]
[[0,0],[1,0],[466,990]]
[[0,0],[1,0],[386,990]]
[[0,0],[5,0],[27,198]]
[[0,0],[1,0],[412,990]]
[[0,0],[2,0],[417,495]]
[[0,0],[1,0],[566,990]]
[[0,0],[1,0],[106,990]]
[[0,0],[1,0],[980,990]]
[[0,0],[1,0],[287,990]]
[[0,0],[2,0],[156,495]]
[[0,0],[1,0],[347,990]]
[[0,0],[1,0],[622,990]]
[[0,0],[1,0],[111,990]]
[[0,0],[1,0],[934,990]]
[[0,0],[1,0],[573,990]]
[[0,0],[2,0],[475,495]]
[[0,0],[1,0],[83,990]]
[[0,0],[1,0],[694,990]]
[[0,0],[1,0],[29,990]]
[[0,0],[2,0],[12,495]]
[[0,0],[2,0],[245,495]]
[[0,0],[2,0],[87,495]]
[[0,0],[2,0],[24,495]]
[[0,0],[1,0],[649,990]]
[[0,0],[3,0],[129,330]]
[[0,0],[2,0],[354,495]]
[[0,0],[3,0],[117,330]]
[[0,0],[3,0],[81,330]]
[[0,0],[1,0],[351,990]]
[[0,0],[1,0],[691,990]]
[[0,0],[1,0],[149,990]]
[[0,0],[1,0],[499,990]]
[[0,0],[1,0],[17,990]]
[[0,0],[1,0],[173,990]]
[[0,0],[1,0],[479,990]]
[[0,0],[1,0],[976,990]]
[[0,0],[1,0],[926,990]]
[[0,0],[1,0],[322,990]]
[[0,0],[1,0],[656,990]]
[[0,0],[1,0],[359,990]]
[[0,0],[1,0],[804,990]]
[[0,0],[1,0],[389,990]]
[[0,0],[1,0],[847,990]]
[[0,0],[1,0],[556,990]]
[[0,0],[3,0],[48,330]]
[[0,0],[1,0],[28,990]]
[[0,0],[1,0],[100,990]]
[[0,0],[1,0],[169,990]]
[[0,0],[1,0],[25,990]]
[[0,0],[1,0],[826,990]]
[[0,0],[2,0],[387,495]]
[[0,0],[1,0],[844,990]]
[[0,0],[1,0],[157,990]]
[[0,0],[1,0],[916,990]]
[[0,0],[1,0],[655,990]]
[[0,0],[1,0],[741,990]]
[[0,0],[2,0],[453,495]]
