[[0,0],[1,0],[12,995]]
[[0,0],[1,0],[13,995]]
[[0,0],[1,0],[28,995]]
[[0,0],[1,0],[68,995]]
[[0,0],[1,0],[29,995]]
[[0,0],[1,0],[6,995]]
[[0,0],[1,0],[149,995]]
[[0,0],[1,0],[207,995]]
[[0,0],[1,0],[26,995]]
[[0,0],[1,0],[59,995]]
[[0,0],[1,0],[101,995]]
[[0,0],[1,0],[81,995]]
[[0,0],[1,0],[76,995]]
[[0,0],[1,0],[134,995]]
[[0,0],[1,0],[146,995]]
[[0,0],[1,0],[331,995]]
[[0,0],[1,0],[371,995]]
[[0,0],[1,0],[126,995]]
[[0,0],[1,0],[426,995]]
[[0,0],[1,0],[506,995]]
[[0,0],[1,0],[94,995]]
[[0,0],[1,0],[16,995]]
[[0,0],[1,0],[82,995]]
[[0,0],[1,0],[198,995]]
[[0,0],[1,0],[18,995]]
[[0,0],[1,0],[124,995]]
[[0,0],[1,0],[451,995]]
[[0,0],[1,0],[159,995]]
[[0,0],[1,0],[526,995]]
[[0,0],[1,0],[646,995]]
[[0,0],[1,0],[666,995]]
[[0,0],[1,0],[42,995]]
[[0,0],[1,0],[97,995]]
[[0,0],[1,0],[576,995]]
[[0,0],[1,0],[23,995]]
[[0,0],[1,0],[61,995]]
[[0,0],[1,0],[681,995]]
[[0,0],[1,0],[119,995]]
[[0,0],[1,0],[276,995]]
[[0,0],[1,0],[71,995]]
[[0,0],[1,0],[31,995]]
[[0,0],[1,0],[556,995]]
[[0,0],[1,0],[866,995]]
[[0,0],[1,0],[306,995]]
[[0,0],[1,0],[601,995]]
[[0,0],[1,0],[213,995]]
[[0,0],[1,0],[79,995]]
[[0,0],[1,0],[111,995]]
[[0,0],[1,0],[466,995]]
[[0,0],[1,0],[98,995]]
[[0,0],[1,0],[191,995]]
[[0,0],[1,0],[51,995]]
[[0,0],[1,0],[62,995]]
[[0,0],[1,0],[316,995]]
[[0,0],[1,0],[113,995]]
[[0,0],[1,0],[58,995]]
[[0,0],[1,0],[296,995]]
[[0,0],[1,0],[73,995]]
[[0,0],[1,0],[33,995]]
[[0,0],[1,0],[399,995]]
[[0,0],[1,0],[27,995]]
[[0,0],[1,0],[269,995]]
[[0,0],[1,0],[598,995]]
[[0,0],[1,0],[66,995]]
[[0,0],[1,0],[102,995]]
[[0,0],[1,0],[471,995]]
[[0,0],[1,0],[227,995]]
[[0,0],[1,0],[46,995]]
[[0,0],[1,0],[41,995]]
[[0,0],[1,0],[56,995]]
[[0,0],[1,0],[268,995]]
[[0,0],[1,0],[24,995]]
[[0,0],[1,0],[54,995]]
[[0,0],[1,0],[109,995]]
[[0,0],[1,0],[93,995]]
[[0,0],[1,0],[596,995]]
[[0,0],[1,0],[64,995]]
[[0,0],[1,0],[238,995]]
[[0,0],[1,0],[69,995]]
[[0,0],[1,0],[137,995]]
[[0,0],[1,0],[96,995]]
[[0,0],[1,0],[92,995]]
[[0,0],[1,0],[358,995]]
[[0,0],[1,0],[511,995]]
[[0,0],[1,0],[362,995]]
[[0,0],[1,0],[216,995]]
[[0,0],[1,0],[346,995]]
[[0,0],[1,0],[212,995]]
[[0,0],[1,0],[206,995]]
[[0,0],[1,0],[651,995]]
[[0,0],[1,0],[501,995]]
[[0,0],[1,0],[4,995]]
[[0,0],[1,0],[63,995]]
[[0,0],[1,0],[641,995]]
[[0,0],[1,0],[204,995]]
[[0,0],[1,0],[356,995]]
[[0,0],[1,0],[38,995]]
[[0,0],[1,0],[151,995]]
[[0,0],[1,0],[436,995]]
[[0,0],[1,0],[396,995]]
[[0,0],[1,0],[326,995]]
[[0,0],[1,0],[7,995]]
[[0,0],[1,0],[47,995]]
[[0,0],[1,0],[746,995]]
[[0,0],[1,0],[221,995]]
[[0,0],[1,0],[244,995]]
[[0,0],[1,0],[17,995]]
[[0,0],[1,0],[178,995]]
[[0,0],[1,0],[446,995]]
[[0,0],[1,0],[359,995]]
[[0,0],[1,0],[546,995]]
[[0,0],[1,0],[104,995]]
[[0,0],[1,0],[157,995]]
[[0,0],[1,0],[158,995]]
[[0,0],[1,0],[14,995]]
[[0,0],[1,0],[141,995]]
[[0,0],[1,0],[103,995]]
[[0,0],[1,0],[156,995]]
[[0,0],[1,0],[78,995]]
[[0,0],[1,0],[131,995]]
[[0,0],[1,0],[44,995]]
[[0,0],[1,0],[401,995]]
[[0,0],[1,0],[1,995]]
[[0,0],[1,0],[431,995]]
[[0,0],[1,0],[8,995]]
[[0,0],[1,0],[731,995]]
[[0,0],[1,0],[200,995]]
[[0,0],[1,0],[53,995]]
[[0,0],[1,0],[187,995]]
[[0,0],[1,0],[377,995]]
[[0,0],[1,0],[36,995]]
[[0,0],[1,0],[284,995]]
[[0,0],[1,0],[307,995]]
[[0,0],[1,0],[756,995]]
[[0,0],[1,0],[378,995]]
[[0,0],[1,0],[402,995]]
[[0,0],[1,0],[366,995]]
[[0,0],[1,0],[34,995]]
[[0,0],[1,0],[116,995]]
[[0,0],[1,0],[254,995]]
[[0,0],[1,0],[176,995]]
[[0,0],[1,0],[253,995]]
[[0,0],[1,0],[161,995]]
[[0,0],[1,0],[123,995]]
[[0,0],[1,0],[286,995]]
[[0,0],[1,0],[476,995]]
[[0,0],[1,0],[112,995]]
[[0,0],[1,0],[201,995]]
[[0,0],[1,0],[211,995]]
[[0,0],[1,0],[2,995]]
[[0,0],[1,0],[21,995]]
[[0,0],[1,0],[361,995]]
[[0,0],[1,0],[177,995]]
[[0,0],[1,0],[22,995]]
[[0,0],[1,0],[341,995]]
[[0,0],[1,0],[37,995]]
[[0,0],[1,0],[241,995]]
[[0,0],[1,0],[406,995]]
[[0,0],[1,0],[99,995]]
[[0,0],[1,0],[57,995]]
[[0,0],[1,0],[9,995]]
[[0,0],[1,0],[246,995]]
[[0,0],[1,0],[841,995]]
[[0,0],[1,0],[376,995]]
[[0,0],[1,0],[336,995]]
[[0,0],[1,0],[561,995]]
[[0,0],[1,0],[801,995]]
[[0,0],[1,0],[77,995]]
[[0,0],[1,0],[67,995]]
[[0,0],[1,0],[701,995]]
[[0,0],[1,0],[74,995]]
[[0,0],[1,0],[186,995]]
[[0,0],[1,0],[214,995]]
[[0,0],[1,0],[136,995]]
[[0,0],[1,0],[247,995]]
[[0,0],[1,0],[11,995]]
[[0,0],[1,0],[456,995]]
[[0,0],[1,0],[226,995]]
[[0,0],[1,0],[88,995]]
[[0,0],[1,0],[43,995]]
[[0,0],[1,0],[248,995]]
[[0,0],[1,0],[416,995]]
[[0,0],[1,0],[19,995]]
[[0,0],[1,0],[48,995]]
[[0,0],[1,0],[776,995]]
[[0,0],[1,0],[106,995]]
[[0,0],[1,0],[273,995]]
[[0,0],[1,0],[171,995]]
[[0,0],[1,0],[39,995]]
[[0,0],[1,0],[49,995]]
[[0,0],[1,0],[32,995]]
[[0,0],[1,0],[3,995]]
[[0,0],[1,0],[301,995]]
[[0,0],[1,0],[91,995]]
[[0,0],[1,0],[721,995]]
[[0,0],[1,0],[89,995]]
[[0,0],[1,0],[179,995]]
[[0,0],[1,0],[188,995]]
[[0,0],[1,0],[121,995]]
[[0,0],[1,0],[521,995]]
[[0,0],[1,0],[806,995]]
[[0,0],[1,0],[461,995]]
