[[0,0],[1,0],[164,997]]
[[0,0],[1,0],[59,997]]
[[0,0],[1,0],[12,997]]
[[0,0],[1,0],[13,997]]
[[0,0],[1,0],[5,997]]
[[0,0],[1,0],[28,997]]
[[0,0],[1,0],[29,997]]
[[0,0],[1,0],[132,997]]
[[0,0],[1,0],[81,997]]
[[0,0],[1,0],[26,997]]
[[0,0],[1,0],[122,997]]
[[0,0],[1,0],[140,997]]
[[0,0],[1,0],[126,997]]
[[0,0],[1,0],[101,997]]
[[0,0],[1,0],[76,997]]
[[0,0],[1,0],[152,997]]
[[0,0],[1,0],[229,997]]
[[0,0],[1,0],[94,997]]
[[0,0],[1,0],[168,997]]
[[0,0],[1,0],[110,997]]
[[0,0],[1,0],[70,997]]
[[0,0],[1,0],[165,997]]
[[0,0],[1,0],[198,997]]
[[0,0],[1,0],[16,997]]
[[0,0],[1,0],[20,997]]
[[0,0],[1,0],[82,997]]
[[0,0],[1,0],[18,997]]
[[0,0],[1,0],[128,997]]
[[0,0],[1,0],[125,997]]
[[0,0],[1,0],[453,997]]
[[0,0],[1,0],[192,997]]
[[0,0],[1,0],[159,997]]
[[0,0],[1,0],[124,997]]
[[0,0],[1,0],[309,997]]
[[0,0],[1,0],[72,997]]
[[0,0],[1,0],[97,997]]
[[0,0],[1,0],[42,997]]
[[0,0],[1,0],[25,997]]
[[0,0],[1,0],[85,997]]
[[0,0],[1,0],[23,997]]
[[0,0],[1,0],[119,997]]
[[0,0],[1,0],[61,997]]
[[0,0],[1,0],[222,997]]
[[0,0],[1,0],[71,997]]
[[0,0],[1,0],[31,997]]
[[0,0],[1,0],[100,997]]
[[0,0],[1,0],[210,997]]
[[0,0],[1,0],[292,997]]
[[0,0],[1,0],[79,997]]
[[0,0],[1,0],[111,997]]
[[0,0],[1,0],[51,997]]
[[0,0],[1,0],[62,997]]
[[0,0],[1,0],[98,997]]
[[0,0],[1,0],[191,997]]
[[0,0],[1,0],[113,997]]
[[0,0],[1,0],[73,997]]
[[0,0],[1,0],[27,997]]
[[0,0],[1,0],[33,997]]
[[0,0],[1,0],[316,997]]
[[0,0],[1,0],[102,997]]
[[0,0],[1,0],[46,997]]
[[0,0],[1,0],[308,997]]
[[0,0],[1,0],[45,997]]
[[0,0],[1,0],[255,997]]
[[0,0],[1,0],[41,997]]
[[0,0],[1,0],[56,997]]
[[0,0],[1,0],[404,997]]
[[0,0],[1,0],[54,997]]
[[0,0],[1,0],[24,997]]
[[0,0],[1,0],[64,997]]
[[0,0],[1,0],[93,997]]
[[0,0],[1,0],[109,997]]
[[0,0],[1,0],[35,997]]
[[0,0],[1,0],[195,997]]
[[0,0],[1,0],[92,997]]
[[0,0],[1,0],[107,997]]
[[0,0],[1,0],[153,997]]
[[0,0],[1,0],[129,997]]
[[0,0],[1,0],[38,997]]
[[0,0],[1,0],[63,997]]
[[0,0],[1,0],[118,997]]
[[0,0],[1,0],[4,997]]
[[0,0],[1,0],[283,997]]
[[0,0],[1,0],[204,997]]
[[0,0],[1,0],[7,997]]
[[0,0],[1,0],[15,997]]
[[0,0],[1,0],[47,997]]
[[0,0],[1,0],[17,997]]
[[0,0],[1,0],[215,997]]
[[0,0],[1,0],[244,997]]
[[0,0],[1,0],[52,997]]
[[0,0],[1,0],[14,997]]
[[0,0],[1,0],[281,997]]
[[0,0],[1,0],[104,997]]
[[0,0],[1,0],[78,997]]
[[0,0],[1,0],[117,997]]
[[0,0],[1,0],[291,997]]
[[0,0],[1,0],[103,997]]
[[0,0],[1,0],[10,997]]
[[0,0],[1,0],[87,997]]
[[0,0],[1,0],[1,997]]
[[0,0],[1,0],[114,997]]
[[0,0],[1,0],[30,997]]
[[0,0],[1,0],[44,997]]
[[0,0],[1,0],[8,997]]
[[0,0],[1,0],[190,997]]
[[0,0],[1,0],[172,997]]
[[0,0],[1,0],[200,997]]
[[0,0],[1,0],[199,997]]
[[0,0],[1,0],[377,997]]
[[0,0],[1,0],[75,997]]
[[0,0],[1,0],[386,997]]
[[0,0],[1,0],[266,997]]
[[0,0],[1,0],[254,997]]
[[0,0],[1,0],[53,997]]
[[0,0],[1,0],[36,997]]
[[0,0],[1,0],[378,997]]
[[0,0],[1,0],[34,997]]
[[0,0],[1,0],[263,997]]
[[0,0],[1,0],[123,997]]
[[0,0],[1,0],[112,997]]
[[0,0],[1,0],[22,997]]
[[0,0],[1,0],[2,997]]
[[0,0],[1,0],[267,997]]
[[0,0],[1,0],[21,997]]
[[0,0],[1,0],[99,997]]
[[0,0],[1,0],[323,997]]
[[0,0],[1,0],[341,997]]
[[0,0],[1,0],[37,997]]
[[0,0],[1,0],[9,997]]
[[0,0],[1,0],[376,997]]
[[0,0],[1,0],[264,997]]
[[0,0],[1,0],[282,997]]
[[0,0],[1,0],[147,997]]
[[0,0],[1,0],[67,997]]
[[0,0],[1,0],[174,997]]
[[0,0],[1,0],[50,997]]
[[0,0],[1,0],[260,997]]
[[0,0],[1,0],[77,997]]
[[0,0],[1,0],[225,997]]
[[0,0],[1,0],[173,997]]
[[0,0],[1,0],[214,997]]
[[0,0],[1,0],[127,997]]
[[0,0],[1,0],[11,997]]
[[0,0],[1,0],[74,997]]
[[0,0],[1,0],[245,997]]
[[0,0],[1,0],[265,997]]
[[0,0],[1,0],[43,997]]
[[0,0],[1,0],[55,997]]
[[0,0],[1,0],[19,997]]
[[0,0],[1,0],[139,997]]
[[0,0],[1,0],[108,997]]
[[0,0],[1,0],[48,997]]
[[0,0],[1,0],[315,997]]
[[0,0],[1,0],[171,997]]
[[0,0],[1,0],[86,997]]
[[0,0],[1,0],[3,997]]
[[0,0],[1,0],[175,997]]
[[0,0],[1,0],[49,997]]
[[0,0],[1,0],[39,997]]
[[0,0],[1,0],[80,997]]
[[0,0],[1,0],[32,997]]
[[0,0],[1,0],[91,997]]
[[0,0],[1,0],[305,997]]
[[0,0],[1,0],[40,997]]
[[0,0],[1,0],[143,997]]
[[0,0],[1,0],[60,997]]
[[0,0],[1,0],[6,997]]
