[[0,0,0,0],[1,0,0,0],[0,1,0,0],[0,0,1,0],[2,2,3,10]]
[[0,0,0,0],[1,0,0,0],[0,1,0,0],[0,0,1,0],[2,4,1,10]]
[[0,0,0,0],[1,0,0,0],[0,1,0,0],[0,0,1,0],[2,7,7,10]]
[[0,0,0,0],[1,0,0,0],[0,1,0,0],[0,0,1,0],[8,9,9,10]]
[[0,0,0,0],[1,0,0,0],[0,1,0,0],[0,0,1,0],[2,2,7,10]]
[[0,0,0,0],[1,0,0,0],[0,1,0,0],[0,0,1,0],[1,3,3,10]]
[[0,0,0,0],[1,0,0,0],[0,1,0,0],[0,0,1,0],[2,8,1,10]]
[[0,0,0,0],[1,0,0,0],[0,1,0,0],[0,0,1,0],[9,9,9,10]]
[[0,0,0,0],[1,0,0,0],[0,1,0,0],[0,0,1,0],[4,4,8,10]]
[[0,0,0,0],[1,0,0,0],[0,1,0,0],[0,0,1,0],[5,5,1,10]]
[[0,0,0,0],[1,0,0,0],[0,1,0,0],[0,0,1,0],[4,8,9,10]]
[[0,0,0,0],[1,0,0,0],[0,1,0,0],[0,0,1,0],[1,1,1,10]]
[[0,0,0,0],[1,0,0,0],[0,1,0,0],[0,0,1,0],[4,1,1,10]]
[[0,0,0,0],[1,0,0,0],[0,1,0,0],[0,0,1,0],[6,6,3,10]]
[[0,0,0,0],[2,0,0,0],[0,1,0,0],[0,0,1,0],[0,2,4,5]]
[[0,0,0,0],[1,0,0,0],[0,1,0,0],[0,0,1,0],[0,5,6,10]]
[[0,0,0,0],[1,0,0,0],[0,1,0,0],[0,0,1,0],[3,3,3,10]]
[[0,0,0,0],[1,0,0,0],[0,1,0,0],[0,0,1,0],[6,8,9,10]]
[[0,0,0,0],[1,0,0,0],[0,1,0,0],[0,0,1,0],[5,2,4,10]]
[[0,0,0,0],[1,0,0,0],[0,1,0,0],[0,0,1,0],[4,6,6,10]]
[[0,0,0,0],[1,0,0,0],[0,1,0,0],[0,0,1,0],[0,2,9,10]]
[[0,0,0,0],[1,0,0,0],[0,1,0,0],[0,0,1,0],[5,5,6,10]]
[[0,0,0,0],[1,0,0,0],[0,1,0,0],[0,0,1,0],[2,2,2,10]]
[[0,0,0,0],[1,0,0,0],[0,1,0,0],[0,0,1,0],[2,1,3,10]]
[[0,0,0,0],[1,0,0,0],[0,1,0,0],[0,0,1,0],[2,4,7,10]]
[[0,0,0,0],[1,0,0,0],[0,1,0,0],[0,0,1,0],[3,3,9,10]]
[[0,0,0,0],[1,0,0,0],[1,2,0,0],[0,0,1,0],[0,0,1,5]]
[[0,0,0,0],[1,0,0,0],[0,1,0,0],[0,0,1,0],[5,8,8,10]]
[[0,0,0,0],[1,0,0,0],[0,1,0,0],[0,0,1,0],[3,9,9,10]]
[[0,0,0,0],[1,0,0,0],[0,1,0,0],[0,0,1,0],[0,4,7,10]]
[[0,0,0,0],[1,0,0,0],[0,1,0,0],[0,0,1,0],[6,6,9,10]]
[[0,0,0,0],[1,0,0,0],[0,1,0,0],[0,0,1,0],[2,6,8,10]]
[[0,0,0,0],[1,0,0,0],[0,1,0,0],[0,0,1,0],[5,3,3,10]]
[[0,0,0,0],[1,0,0,0],[0,1,0,0],[0,0,1,0],[5,2,9,10]]
[[0,0,0,0],[1,0,0,0],[0,1,0,0],[0,0,1,0],[2,2,1,10]]
[[0,0,0,0],[1,0,0,0],[0,1,0,0],[0,0,1,0],[4,6,1,10]]
[[0,0,0,0],[1,0,0,0],[0,1,0,0],[0,0,1,0],[2,8,3,10]]
[[0,0,0,0],[1,0,0,0],[0,1,0,0],[0,0,1,0],[0,0,1,10]]
[[0,0,0,0],[1,0,0,0],[0,1,0,0],[0,0,1,0],[2,4,9,10]]
[[0,0,0,0],[1,0,0,0],[0,1,0,0],[0,0,1,0],[1,1,3,10]]
[[0,0,0,0],[1,0,0,0],[0,1,0,0],[0,0,1,0],[1,1,9,10]]
[[0,0,0,0],[1,0,0,0],[0,1,0,0],[0,0,1,0],[1,1,7,10]]
[[0,0,0,0],[1,0,0,0],[0,1,0,0],[0,0,1,0],[2,6,3,10]]
[[0,0,0,0],[1,0,0,0],[0,1,0,0],[0,0,1,0],[1,3,7,10]]
[[0,0,0,0],[1,0,0,0],[0,1,0,0],[0,0,1,0],[5,4,7,10]]
[[0,0,0,0],[1,0,0,0],[0,1,0,0],[0,0,1,0],[2,2,9,10]]
[[0,0,0,0],[1,0,0,0],[0,1,0,0],[0,0,1,0],[4,4,9,10]]
