[[0,0,0,0],[1,0,0,0],[0,1,0,0],[0,0,1,0],[3,4,8,13]]
[[0,0,0,0],[1,0,0,0],[0,1,0,0],[0,0,1,0],[1,1,6,13]]
[[0,0,0,0],[1,0,0,0],[0,1,0,0],[0,0,1,0],[2,2,3,13]]
[[0,0,0,0],[1,0,0,0],[0,1,0,0],[0,0,1,0],[1,1,4,13]]
[[0,0,0,0],[1,0,0,0],[0,1,0,0],[0,0,1,0],[1,4,4,13]]
[[0,0,0,0],[1,0,0,0],[0,1,0,0],[0,0,1,0],[3,3,8,13]]
[[0,0,0,0],[1,0,0,0],[0,1,0,0],[0,0,1,0],[2,3,4,13]]
[[0,0,0,0],[1,0,0,0],[0,1,0,0],[0,0,1,0],[2,3,3,13]]
[[0,0,0,0],[1,0,0,0],[0,1,0,0],[0,0,1,0],[1,2,4,13]]
[[0,0,0,0],[1,0,0,0],[0,1,0,0],[0,0,1,0],[2,2,4,13]]
[[0,0,0,0],[1,0,0,0],[0,1,0,0],[0,0,1,0],[4,12,12,13]]
[[0,0,0,0],[1,0,0,0],[0,1,0,0],[0,0,1,0],[1,3,3,13]]
[[0,0,0,0],[1,0,0,0],[0,1,0,0],[0,0,1,0],[1,2,3,13]]
[[0,0,0,0],[1,0,0,0],[0,1,0,0],[0,0,1,0],[0,3,11,13]]
[[0,0,0,0],[1,0,0,0],[0,1,0,0],[0,0,1,0],[2,4,4,13]]
[[0,0,0,0],[1,0,0,0],[0,1,0,0],[0,0,1,0],[1,1,12,13]]
[[0,0,0,0],[1,0,0,0],[0,1,0,0],[0,0,1,0],[1,1,1,13]]
[[0,0,0,0],[1,0,0,0],[0,1,0,0],[0,0,1,0],[1,2,5,13]]
[[0,0,0,0],[1,0,0,0],[0,1,0,0],[0,0,1,0],[2,2,2,13]]
[[0,0,0,0],[1,0,0,0],[0,1,0,0],[0,0,1,0],[2,2,10,13]]
[[0,0,0,0],[1,0,0,0],[0,1,0,0],[0,0,1,0],[1,1,2,13]]
[[0,0,0,0],[1,0,0,0],[0,1,0,0],[0,0,1,0],[1,2,11,13]]
[[0,0,0,0],[1,0,0,0],[0,1,0,0],[0,0,1,0],[1,3,5,13]]
[[0,0,0,0],[1,0,0,0],[0,1,0,0],[0,0,1,0],[1,1,5,13]]
[[0,0,0,0],[1,0,0,0],[0,1,0,0],[0,0,1,0],[2,3,9,13]]
[[0,0,0,0],[1,0,0,0],[0,1,0,0],[0,0,1,0],[3,12,12,13]]
[[0,0,0,0],[1,0,0,0],[0,1,0,0],[0,0,1,0],[3,6,6,13]]
[[0,0,0,0],[1,0,0,0],[0,1,0,0],[0,0,1,0],[5,5,5,13]]
[[0,0,0,0],[1,0,0,0],[0,1,0,0],[0,0,1,0],[0,2,12,13]]
[[0,0,0,0],[1,0,0,0],[0,1,0,0],[0,0,1,0],[4,4,6,13]]
[[0,0,0,0],[1,0,0,0],[0,1,0,0],[0,0,1,0],[3,3,4,13]]
[[0,0,0,0],[1,0,0,0],[0,1,0,0],[0,0,1,0],[1,5,8,13]]
[[0,0,0,0],[1,0,0,0],[0,1,0,0],[0,0,1,0],[2,6,6,13]]
[[0,0,0,0],[1,0,0,0],[0,1,0,0],[0,0,1,0],[2,4,8,13]]
[[0,0,0,0],[1,0,0,0],[0,1,0,0],[0,0,1,0],[0,0,1,13]]
[[0,0,0,0],[1,0,0,0],[0,1,0,0],[0,0,1,0],[1,3,10,13]]
[[0,0,0,0],[1,0,0,0],[0,1,0,0],[0,0,1,0],[1,2,2,13]]
[[0,0,0,0],[1,0,0,0],[0,1,0,0],[0,0,1,0],[1,1,3,13]]
[[0,0,0,0],[1,0,0,0],[0,1,0,0],[0,0,1,0],[1,3,4,13]]
[[0,0,0,0],[1,0,0,0],[0,1,0,0],[0,0,1,0],[0,4,10,13]]
[[0,0,0,0],[1,0,0,0],[0,1,0,0],[0,0,1,0],[2,2,5,13]]
[[0,0,0,0],[1,0,0,0],[0,1,0,0],[0,0,1,0],[2,5,10,13]]
[[0,0,0,0],[1,0,0,0],[0,1,0,0],[0,0,1,0],[3,8,8,13]]
