[[0,0,0,0],[1,0,0,0],[0,1,0,0],[0,0,1,0],[4,12,13,14]]
[[0,0,0,0],[1,0,0,0],[0,1,0,0],[0,0,1,0],[6,8,8,14]]
[[0,0,0,0],[1,0,0,0],[0,1,0,0],[0,0,1,0],[3,3,9,14]]
[[0,0,0,0],[1,0,0,0],[0,1,0,0],[0,0,1,0],[7,10,5,14]]
[[0,0,0,0],[1,0,0,0],[0,1,0,0],[0,0,1,0],[1,3,9,14]]
[[0,0,0,0],[1,0,0,0],[0,1,0,0],[0,0,1,0],[2,8,11,14]]
[[0,0,0,0],[1,0,0,0],[0,1,0,0],[0,0,1,0],[2,2,4,14]]
[[0,0,0,0],[1,0,0,0],[0,1,0,0],[0,0,1,0],[7,7,1,14]]
[[0,0,0,0],[1,0,0,0],[0,1,0,0],[0,0,1,0],[1,1,13,14]]
[[0,0,0,0],[1,0,0,0],[0,1,0,0],[0,0,1,0],[6,6,3,14]]
[[0,0,0,0],[1,0,0,0],[0,1,0,0],[0,0,1,0],[1,1,9,14]]
[[0,0,0,0],[1,0,0,0],[0,1,0,0],[0,0,1,0],[1,1,1,14]]
[[0,0,0,0],[1,0,0,0],[0,1,0,0],[0,0,1,0],[4,4,1,14]]
[[0,0,0,0],[1,0,0,0],[0,1,0,0],[0,0,1,0],[1,1,5,14]]
[[0,0,0,0],[1,0,0,0],[0,1,0,0],[0,0,1,0],[0,4,11,14]]
[[0,0,0,0],[1,0,0,0],[0,1,0,0],[0,0,1,0],[4,10,3,14]]
[[0,0,0,0],[1,0,0,0],[0,1,0,0],[0,0,1,0],[0,0,1,14]]
[[0,0,0,0],[1,0,0,0],[0,1,0,0],[0,0,1,0],[1,3,3,14]]
[[0,0,0,0],[1,0,0,0],[0,1,0,0],[0,0,1,0],[8,10,11,14]]
[[0,0,0,0],[1,0,0,0],[0,1,0,0],[0,0,1,0],[13,13,13,14]]
[[0,0,0,0],[2,0,0,0],[0,1,0,0],[0,0,1,0],[0,2,6,7]]
[[0,0,0,0],[1,0,0,0],[0,1,0,0],[0,0,1,0],[9,9,13,14]]
[[0,0,0,0],[1,0,0,0],[0,1,0,0],[0,0,1,0],[3,13,13,14]]
[[0,0,0,0],[1,0,0,0],[0,1,0,0],[0,0,1,0],[4,4,13,14]]
[[0,0,0,0],[1,0,0,0],[1,2,0,0],[0,0,1,0],[0,0,1,7]]
[[0,0,0,0],[1,0,0,0],[0,1,0,0],[0,0,1,0],[4,9,9,14]]
[[0,0,0,0],[1,0,0,0],[0,1,0,0],[0,0,1,0],[9,9,9,14]]
[[0,0,0,0],[1,0,0,0],[0,1,0,0],[0,0,1,0],[1,3,11,14]]
[[0,0,0,0],[1,0,0,0],[0,1,0,0],[0,0,1,0],[2,9,11,14]]
[[0,0,0,0],[1,0,0,0],[0,1,0,0],[0,0,1,0],[0,2,13,14]]
[[0,0,0,0],[1,0,0,0],[0,1,0,0],[0,0,1,0],[2,2,9,14]]
[[0,0,0,0],[1,0,0,0],[0,1,0,0],[0,0,1,0],[0,10,5,14]]
[[0,0,0,0],[1,0,0,0],[0,1,0,0],[0,0,1,0],[7,2,6,14]]
[[0,0,0,0],[1,0,0,0],[0,1,0,0],[0,0,1,0],[3,3,5,14]]
[[0,0,0,0],[1,0,0,0],[0,1,0,0],[0,0,1,0],[10,13,13,14]]
[[0,0,0,0],[1,0,0,0],[0,1,0,0],[0,0,1,0],[2,1,5,14]]
[[0,0,0,0],[1,0,0,0],[0,1,0,0],[0,0,1,0],[7,10,12,14]]
[[0,0,0,0],[1,0,0,0],[0,1,0,0],[0,0,1,0],[2,3,3,14]]
[[0,0,0,0],[1,0,0,0],[0,1,0,0],[0,0,1,0],[6,3,13,14]]
[[0,0,0,0],[1,0,0,0],[0,1,0,0],[0,0,1,0],[6,8,1,14]]
[[0,0,0,0],[1,0,0,0],[0,1,0,0],[0,0,1,0],[6,6,5,14]]
[[0,0,0,0],[1,0,0,0],[0,1,0,0],[0,0,1,0],[2,12,1,14]]
[[0,0,0,0],[1,0,0,0],[0,1,0,0],[0,0,1,0],[2,12,3,14]]
[[0,0,0,0],[1,0,0,0],[0,1,0,0],[0,0,1,0],[1,3,5,14]]
[[0,0,0,0],[1,0,0,0],[0,1,0,0],[0,0,1,0],[1,1,11,14]]
[[0,0,0,0],[1,0,0,0],[0,1,0,0],[0,0,1,0],[4,1,3,14]]
[[0,0,0,0],[1,0,0,0],[0,1,0,0],[0,0,1,0],[4,6,13,14]]
[[0,0,0,0],[1,0,0,0],[0,1,0,0],[0,0,1,0],[4,4,9,14]]
[[0,0,0,0],[2,0,0,0],[0,1,0,0],[0,0,1,0],[0,3,5,7]]
[[0,0,0,0],[1,0,0,0],[0,1,0,0],[0,0,1,0],[3,9,9,14]]
[[0,0,0,0],[1,0,0,0],[0,1,0,0],[0,0,1,0],[2,2,11,14]]
[[0,0,0,0],[1,0,0,0],[0,1,0,0],[0,0,1,0],[0,7,8,14]]
[[0,0,0,0],[1,0,0,0],[0,1,0,0],[0,0,1,0],[7,4,11,14]]
[[0,0,0,0],[1,0,0,0],[0,1,0,0],[0,0,1,0],[7,3,5,14]]
[[0,0,0,0],[1,0,0,0],[0,1,0,0],[0,0,1,0],[2,2,1,14]]
[[0,0,0,0],[1,0,0,0],[0,1,0,0],[0,0,1,0],[3,3,3,14]]
[[0,0,0,0],[1,0,0,0],[0,1,0,0],[0,0,1,0],[3,9,13,14]]
[[0,0,0,0],[1,0,0,0],[0,1,0,0],[0,0,1,0],[7,7,8,14]]
[[0,0,0,0],[1,0,0,0],[0,1,0,0],[0,0,1,0],[2,10,5,14]]
[[0,0,0,0],[1,0,0,0],[0,1,0,0],[0,0,1,0],[6,1,1,14]]
[[0,0,0,0],[1,0,0,0],[0,1,0,0],[0,0,1,0],[1,1,3,14]]
[[0,0,0,0],[1,0,0,0],[0,1,0,0],[0,0,1,0],[2,6,9,14]]
[[0,0,0,0],[1,0,0,0],[0,1,0,0],[0,0,1,0],[1,5,5,14]]
[[0,0,0,0],[1,0,0,0],[0,1,0,0],[0,0,1,0],[7,9,13,14]]
[[0,0,0,0],[1,0,0,0],[0,1,0,0],[0,0,1,0],[2,2,5,14]]
[[0,0,0,0],[1,0,0,0],[0,1,0,0],[0,0,1,0],[6,6,10,14]]
[[0,0,0,0],[1,0,0,0],[0,1,0,0],[0,0,1,0],[4,4,11,14]]
[[0,0,0,0],[1,0,0,0],[0,1,0,0],[0,0,1,0],[4,6,12,14]]
[[0,0,0,0],[1,0,0,0],[0,1,0,0],[0,0,1,0],[4,8,9,14]]
[[0,0,0,0],[1,0,0,0],[0,1,0,0],[0,0,1,0],[2,4,13,14]]
[[0,0,0,0],[1,0,0,0],[0,1,0,0],[0,0,1,0],[9,13,13,14]]
[[0,0,0,0],[1,0,0,0],[0,1,0,0],[0,0,1,0],[2,4,11,14]]
[[0,0,0,0],[1,0,0,0],[0,1,0,0],[0,0,1,0],[4,8,10,14]]
[[0,0,0,0],[1,0,0,0],[0,1,0,0],[0,0,1,0],[8,10,13,14]]
[[0,0,0,0],[1,0,0,0],[0,1,0,0],[0,0,1,0],[12,12,12,14]]
[[0,0,0,0],[1,0,0,0],[0,1,0,0],[0,0,1,0],[7,4,4,14]]
[[0,0,0,0],[1,0,0,0],[0,1,0,0],[0,0,1,0],[2,6,13,14]]
[[0,0,0,0],[1,0,0,0],[0,1,0,0],[0,0,1,0],[3,3,13,14]]
[[0,0,0,0],[1,0,0,0],[0,1,0,0],[0,0,1,0],[2,4,3,14]]
[[0,0,0,0],[1,0,0,0],[0,1,0,0],[0,0,1,0],[2,2,13,14]]
[[0,0,0,0],[1,0,0,0],[0,1,0,0],[0,0,1,0],[2,6,1,14]]
[[0,0,0,0],[1,0,0,0],[0,1,0,0],[0,0,1,0],[7,2,13,14]]
[[0,0,0,0],[1,0,0,0],[0,1,0,0],[0,0,1,0],[10,10,13,14]]
[[0,0,0,0],[1,0,0,0],[0,1,0,0],[0,0,1,0],[2,4,9,14]]
[[0,0,0,0],[1,0,0,0],[0,1,0,0],[0,0,1,0],[2,8,12,14]]
[[0,0,0,0],[1,0,0,0],[0,1,0,0],[0,0,1,0],[2,2,3,14]]
[[0,0,0,0],[1,0,0,0],[0,1,0,0],[0,0,1,0],[2,10,10,14]]
[[0,0,0,0],[1,0,0,0],[0,1,0,0],[0,0,1,0],[2,6,11,14]]
[[0,0,0,0],[1,0,0,0],[0,1,0,0],[0,0,1,0],[4,4,3,14]]
[[0,0,0,0],[1,0,0,0],[0,1,0,0],[0,0,1,0],[8,8,13,14]]
[[0,0,0,0],[1,0,0,0],[0,1,0,0],[0,0,1,0],[2,8,5,14]]
[[0,0,0,0],[1,0,0,0],[0,1,0,0],[0,0,1,0],[2,4,1,14]]
[[0,0,0,0],[1,0,0,0],[0,1,0,0],[0,0,1,0],[6,10,13,14]]
[[0,0,0,0],[1,0,0,0],[0,1,0,0],[0,0,1,0],[2,10,3,14]]
[[0,0,0,0],[1,0,0,0],[0,1,0,0],[0,0,1,0],[4,10,1,14]]
[[0,0,0,0],[1,0,0,0],[0,1,0,0],[0,0,1,0],[6,12,13,14]]
