[[0,0,0,0],[1,0,0,0],[0,1,0,0],[0,0,1,0],[3,2,11,15]]
[[0,0,0,0],[1,0,0,0],[2,3,0,0],[0,0,1,0],[0,0,1,5]]
[[0,0,0,0],[1,0,0,0],[0,1,0,0],[0,0,1,0],[3,9,14,15]]
[[0,0,0,0],[1,0,0,0],[0,1,0,0],[0,0,1,0],[6,6,7,15]]
[[0,0,0,0],[1,0,0,0],[0,1,0,0],[0,0,1,0],[4,4,14,15]]
[[0,0,0,0],[1,0,0,0],[0,1,0,0],[0,0,1,0],[1,1,14,15]]
[[0,0,0,0],[1,0,0,0],[0,1,0,0],[0,0,1,0],[2,8,11,15]]
[[0,0,0,0],[1,0,0,0],[0,1,0,0],[0,0,1,0],[2,2,4,15]]
[[0,0,0,0],[1,0,0,0],[0,1,0,0],[0,0,1,0],[6,11,14,15]]
[[0,0,0,0],[1,0,0,0],[0,1,0,0],[0,0,1,0],[9,14,14,15]]
[[0,0,0,0],[1,0,0,0],[0,1,0,0],[0,0,1,0],[1,1,1,15]]
[[0,0,0,0],[1,0,0,0],[0,1,0,0],[0,0,1,0],[3,8,11,15]]
[[0,0,0,0],[1,0,0,0],[0,1,0,0],[0,0,1,0],[5,3,8,15]]
[[0,0,0,0],[1,0,0,0],[0,1,0,0],[0,0,1,0],[3,6,1,15]]
[[0,0,0,0],[1,0,0,0],[0,1,0,0],[0,0,1,0],[7,7,7,15]]
[[0,0,0,0],[1,0,0,0],[0,1,0,0],[0,0,1,0],[0,0,1,15]]
[[0,0,0,0],[1,0,0,0],[0,1,0,0],[0,0,1,0],[3,2,8,15]]
[[0,0,0,0],[1,0,0,0],[0,1,0,0],[0,0,1,0],[5,4,7,15]]
[[0,0,0,0],[1,0,0,0],[0,1,0,0],[0,0,1,0],[9,9,13,15]]
[[0,0,0,0],[1,0,0,0],[0,1,0,0],[0,0,1,0],[10,3,8,15]]
[[0,0,0,0],[1,0,0,0],[0,1,0,0],[0,0,1,0],[1,2,8,15]]
[[0,0,0,0],[1,0,0,0],[0,1,0,0],[0,0,1,0],[1,4,8,15]]
[[0,0,0,0],[1,0,0,0],[0,1,0,0],[0,0,1,0],[9,8,14,15]]
[[0,0,0,0],[1,0,0,0],[0,1,0,0],[0,0,1,0],[3,2,2,15]]
[[0,0,0,0],[1,0,0,0],[0,1,0,0],[0,0,1,0],[0,5,11,15]]
[[0,0,0,0],[1,0,0,0],[0,1,0,0],[0,0,1,0],[0,2,14,15]]
[[0,0,0,0],[1,0,0,0],[0,1,0,0],[0,0,1,0],[6,6,9,15]]
[[0,0,0,0],[1,0,0,0],[0,1,0,0],[0,0,1,0],[9,13,14,15]]
[[0,0,0,0],[1,0,0,0],[0,1,0,0],[0,0,1,0],[6,1,4,15]]
[[0,0,0,0],[1,0,0,0],[0,1,0,0],[0,0,1,0],[0,3,13,15]]
[[0,0,0,0],[1,0,0,0],[0,1,0,0],[0,0,1,0],[1,2,13,15]]
[[0,0,0,0],[1,0,0,0],[0,1,0,0],[0,0,1,0],[10,9,12,15]]
[[0,0,0,0],[1,0,0,0],[0,1,0,0],[0,0,1,0],[6,14,14,15]]
[[0,0,0,0],[1,0,0,0],[0,1,0,0],[0,0,1,0],[3,1,7,15]]
[[0,0,0,0],[1,0,0,0],[0,1,0,0],[0,0,1,0],[3,3,1,15]]
[[0,0,0,0],[1,0,0,0],[0,1,0,0],[0,0,1,0],[9,9,8,15]]
[[0,0,0,0],[1,0,0,0],[0,1,0,0],[0,0,1,0],[7,11,13,15]]
[[0,0,0,0],[1,0,0,0],[0,1,0,0],[0,0,1,0],[5,5,11,15]]
[[0,0,0,0],[1,0,0,0],[0,1,0,0],[0,0,1,0],[1,1,8,15]]
[[0,0,0,0],[1,0,0,0],[0,1,0,0],[0,0,1,0],[6,6,14,15]]
[[0,0,0,0],[1,0,0,0],[0,1,0,0],[0,0,1,0],[7,7,11,15]]
[[0,0,0,0],[1,0,0,0],[0,1,0,0],[0,0,1,0],[5,7,14,15]]
[[0,0,0,0],[1,0,0,0],[0,1,0,0],[0,0,1,0],[3,8,8,15]]
[[0,0,0,0],[1,0,0,0],[0,1,0,0],[0,0,1,0],[5,9,12,15]]
[[0,0,0,0],[1,0,0,0],[0,1,0,0],[0,0,1,0],[5,5,6,15]]
[[0,0,0,0],[1,0,0,0],[0,1,0,0],[0,0,1,0],[5,12,14,15]]
[[0,0,0,0],[1,0,0,0],[0,1,0,0],[0,0,1,0],[5,2,14,15]]
[[0,0,0,0],[1,0,0,0],[0,1,0,0],[0,0,1,0],[6,9,11,15]]
[[0,0,0,0],[1,0,0,0],[0,1,0,0],[0,0,1,0],[10,10,11,15]]
[[0,0,0,0],[1,0,0,0],[0,1,0,0],[0,0,1,0],[3,6,13,15]]
[[0,0,0,0],[1,0,0,0],[0,1,0,0],[0,0,1,0],[7,11,14,15]]
[[0,0,0,0],[1,0,0,0],[0,1,0,0],[0,0,1,0],[1,1,11,15]]
[[0,0,0,0],[1,0,0,0],[0,1,0,0],[0,0,1,0],[3,12,1,15]]
[[0,0,0,0],[1,0,0,0],[0,1,0,0],[0,0,1,0],[3,12,4,15]]
[[0,0,0,0],[1,0,0,0],[0,1,0,0],[0,0,1,0],[1,1,2,15]]
[[0,0,0,0],[1,0,0,0],[0,1,0,0],[0,0,1,0],[1,1,4,15]]
[[0,0,0,0],[1,0,0,0],[0,1,0,0],[0,0,1,0],[3,9,9,15]]
[[0,0,0,0],[1,0,0,0],[0,1,0,0],[0,0,1,0],[3,9,4,15]]
[[0,0,0,0],[1,0,0,0],[0,1,0,0],[0,0,1,0],[3,6,2,15]]
[[0,0,0,0],[1,0,0,0],[0,1,0,0],[0,0,1,0],[2,2,2,15]]
[[0,0,0,0],[1,0,0,0],[0,1,0,0],[0,0,1,0],[0,12,4,15]]
[[0,0,0,0],[1,0,0,0],[0,1,0,0],[0,0,1,0],[2,4,7,15]]
[[0,0,0,0],[1,0,0,0],[0,1,0,0],[0,0,1,0],[9,4,8,15]]
[[0,0,0,0],[1,0,0,0],[0,1,0,0],[0,0,1,0],[5,3,13,15]]
[[0,0,0,0],[1,0,0,0],[0,1,0,0],[0,0,1,0],[5,12,4,15]]
[[0,0,0,0],[1,0,0,0],[0,1,0,0],[0,0,1,0],[3,3,4,15]]
[[0,0,0,0],[1,0,0,0],[0,1,0,0],[0,0,1,0],[2,2,7,15]]
[[0,0,0,0],[1,0,0,0],[0,1,0,0],[0,0,1,0],[3,14,14,15]]
[[0,0,0,0],[1,0,0,0],[0,1,0,0],[0,0,1,0],[5,10,6,15]]
[[0,0,0,0],[1,0,0,0],[0,1,0,0],[0,0,1,0],[1,1,7,15]]
[[0,0,0,0],[1,0,0,0],[0,1,0,0],[0,0,1,0],[10,3,3,15]]
[[0,0,0,0],[1,0,0,0],[0,1,0,0],[0,0,1,0],[6,2,2,15]]
[[0,0,0,0],[1,0,0,0],[0,1,0,0],[0,0,1,0],[3,7,11,15]]
[[0,0,0,0],[1,0,0,0],[0,1,0,0],[0,0,1,0],[2,4,4,15]]
[[0,0,0,0],[1,0,0,0],[0,1,0,0],[0,0,1,0],[5,3,3,15]]
[[0,0,0,0],[1,0,0,0],[0,1,0,0],[0,0,1,0],[1,4,11,15]]
[[0,0,0,0],[1,0,0,0],[0,1,0,0],[0,0,1,0],[5,2,4,15]]
[[0,0,0,0],[1,0,0,0],[0,1,0,0],[0,0,1,0],[1,2,2,15]]
[[0,0,0,0],[1,0,0,0],[0,1,0,0],[0,0,1,0],[3,4,4,15]]
[[0,0,0,0],[1,0,0,0],[0,1,0,0],[0,0,1,0],[1,4,4,15]]
[[0,0,0,0],[1,0,0,0],[0,1,0,0],[0,0,1,0],[3,6,7,15]]
[[0,0,0,0],[1,0,0,0],[1,3,0,0],[0,0,1,0],[0,0,1,5]]
[[0,0,0,0],[1,0,0,0],[0,1,0,0],[0,0,1,0],[3,11,14,15]]
[[0,0,0,0],[1,0,0,0],[0,1,0,0],[0,0,1,0],[12,12,12,15]]
[[0,0,0,0],[1,0,0,0],[0,1,0,0],[0,0,1,0],[5,5,1,15]]
[[0,0,0,0],[1,0,0,0],[0,1,0,0],[0,0,1,0],[6,9,4,15]]
[[0,0,0,0],[1,0,0,0],[0,1,0,0],[0,0,1,0],[4,4,4,15]]
[[0,0,0,0],[1,0,0,0],[0,1,0,0],[0,0,1,0],[3,3,13,15]]
[[0,0,0,0],[1,0,0,0],[0,1,0,0],[0,0,1,0],[5,13,13,15]]
[[0,0,0,0],[1,0,0,0],[0,1,0,0],[0,0,1,0],[6,9,1,15]]
[[0,0,0,0],[1,0,0,0],[0,1,0,0],[0,0,1,0],[9,9,4,15]]
[[0,0,0,0],[1,0,0,0],[0,1,0,0],[0,0,1,0],[3,11,11,15]]
[[0,0,0,0],[1,0,0,0],[0,1,0,0],[0,0,1,0],[6,6,4,15]]
[[0,0,0,0],[1,0,0,0],[0,1,0,0],[0,0,1,0],[5,10,1,15]]
[[0,0,0,0],[1,0,0,0],[0,1,0,0],[0,0,1,0],[6,1,14,15]]
[[0,0,0,0],[1,0,0,0],[0,1,0,0],[0,0,1,0],[3,2,14,15]]
[[0,0,0,0],[1,0,0,0],[0,1,0,0],[0,0,1,0],[7,7,14,15]]
[[0,0,0,0],[1,0,0,0],[0,1,0,0],[0,0,1,0],[11,11,14,15]]
[[0,0,0,0],[1,0,0,0],[0,1,0,0],[0,0,1,0],[3,1,2,15]]
[[0,0,0,0],[1,0,0,0],[0,1,0,0],[0,0,1,0],[2,7,7,15]]
[[0,0,0,0],[1,0,0,0],[0,1,0,0],[0,0,1,0],[1,2,7,15]]
[[0,0,0,0],[1,0,0,0],[0,1,0,0],[0,0,1,0],[1,2,4,15]]
[[0,0,0,0],[1,0,0,0],[0,1,0,0],[0,0,1,0],[0,10,6,15]]
[[0,0,0,0],[1,0,0,0],[0,1,0,0],[0,0,1,0],[3,6,12,15]]
[[0,0,0,0],[1,0,0,0],[0,1,0,0],[0,0,1,0],[3,3,7,15]]
[[0,0,0,0],[1,0,0,0],[0,1,0,0],[0,0,1,0],[10,12,14,15]]
[[0,0,0,0],[3,0,0,0],[0,1,0,0],[0,0,1,0],[0,2,4,5]]
[[0,0,0,0],[1,0,0,0],[0,1,0,0],[0,0,1,0],[3,12,11,15]]
