[[0,0,0,0],[1,0,0,0],[0,1,0,0],[0,0,1,0],[3,9,10,21]]
[[0,0,0,0],[1,0,0,0],[0,1,0,0],[0,0,1,0],[3,6,6,21]]
[[0,0,0,0],[1,0,0,0],[0,1,0,0],[0,0,1,0],[3,8,17,21]]
[[0,0,0,0],[1,0,0,0],[0,1,0,0],[0,0,1,0],[7,9,20,21]]
[[0,0,0,0],[1,0,0,0],[0,1,0,0],[0,0,1,0],[6,12,4,21]]
[[0,0,0,0],[1,0,0,0],[0,1,0,0],[0,0,1,0],[1,4,8,21]]
[[0,0,0,0],[1,0,0,0],[0,1,0,0],[0,0,1,0],[3,17,20,21]]
[[0,0,0,0],[1,0,0,0],[0,1,0,0],[0,0,1,0],[12,12,4,21]]
[[0,0,0,0],[1,0,0,0],[0,1,0,0],[0,0,1,0],[1,4,17,21]]
[[0,0,0,0],[1,0,0,0],[0,1,0,0],[0,0,1,0],[3,20,20,21]]
[[0,0,0,0],[1,0,0,0],[0,1,0,0],[0,0,1,0],[5,5,5,21]]
[[0,0,0,0],[1,0,0,0],[1,3,0,0],[0,0,1,0],[0,0,1,7]]
[[0,0,0,0],[1,0,0,0],[0,1,0,0],[0,0,1,0],[7,14,8,21]]
[[0,0,0,0],[1,0,0,0],[0,1,0,0],[0,0,1,0],[1,1,10,21]]
[[0,0,0,0],[1,0,0,0],[0,1,0,0],[0,0,1,0],[5,19,20,21]]
[[0,0,0,0],[1,0,0,0],[0,1,0,0],[0,0,1,0],[6,9,13,21]]
[[0,0,0,0],[1,0,0,0],[0,1,0,0],[0,0,1,0],[2,5,8,21]]
[[0,0,0,0],[1,0,0,0],[0,1,0,0],[0,0,1,0],[4,10,20,21]]
[[0,0,0,0],[1,0,0,0],[0,1,0,0],[0,0,1,0],[5,5,19,21]]
[[0,0,0,0],[1,0,0,0],[0,1,0,0],[0,0,1,0],[0,5,17,21]]
[[0,0,0,0],[1,0,0,0],[0,1,0,0],[0,0,1,0],[1,1,1,21]]
[[0,0,0,0],[1,0,0,0],[0,1,0,0],[0,0,1,0],[3,2,8,21]]
[[0,0,0,0],[1,0,0,0],[0,1,0,0],[0,0,1,0],[1,2,19,21]]
[[0,0,0,0],[1,0,0,0],[0,1,0,0],[0,0,1,0],[3,8,8,21]]
[[0,0,0,0],[1,0,0,0],[0,1,0,0],[0,0,1,0],[5,10,10,21]]
[[0,0,0,0],[1,0,0,0],[0,1,0,0],[0,0,1,0],[9,1,19,21]]
[[0,0,0,0],[1,0,0,0],[0,1,0,0],[0,0,1,0],[2,2,8,21]]
[[0,0,0,0],[1,0,0,0],[0,1,0,0],[0,0,1,0],[1,2,16,21]]
[[0,0,0,0],[1,0,0,0],[0,1,0,0],[0,0,1,0],[1,1,8,21]]
[[0,0,0,0],[1,0,0,0],[0,1,0,0],[0,0,1,0],[7,6,9,21]]
[[0,0,0,0],[1,0,0,0],[0,1,0,0],[0,0,1,0],[7,2,20,21]]
[[0,0,0,0],[3,0,0,0],[0,1,0,0],[0,0,1,0],[0,3,5,7]]
[[0,0,0,0],[1,0,0,0],[0,1,0,0],[0,0,1,0],[1,5,8,21]]
[[0,0,0,0],[1,0,0,0],[0,1,0,0],[0,0,1,0],[3,9,19,21]]
[[0,0,0,0],[1,0,0,0],[0,1,0,0],[0,0,1,0],[1,1,4,21]]
[[0,0,0,0],[1,0,0,0],[0,1,0,0],[0,0,1,0],[3,2,10,21]]
[[0,0,0,0],[1,0,0,0],[0,1,0,0],[0,0,1,0],[3,1,11,21]]
[[0,0,0,0],[1,0,0,0],[0,1,0,0],[0,0,1,0],[7,3,19,21]]
[[0,0,0,0],[1,0,0,0],[0,1,0,0],[0,0,1,0],[7,13,16,21]]
[[0,0,0,0],[1,0,0,0],[0,1,0,0],[0,0,1,0],[6,12,13,21]]
[[0,0,0,0],[1,0,0,0],[0,1,0,0],[0,0,1,0],[3,12,16,21]]
[[0,0,0,0],[1,0,0,0],[0,1,0,0],[0,0,1,0],[4,4,5,21]]
[[0,0,0,0],[1,0,0,0],[0,1,0,0],[0,0,1,0],[3,6,19,21]]
[[0,0,0,0],[1,0,0,0],[0,1,0,0],[0,0,1,0],[1,1,17,21]]
[[0,0,0,0],[1,0,0,0],[0,1,0,0],[0,0,1,0],[7,7,8,21]]
[[0,0,0,0],[1,0,0,0],[0,1,0,0],[0,0,1,0],[6,15,1,21]]
[[0,0,0,0],[1,0,0,0],[0,1,0,0],[0,0,1,0],[6,2,2,21]]
[[0,0,0,0],[1,0,0,0],[0,1,0,0],[0,0,1,0],[3,2,5,21]]
[[0,0,0,0],[1,0,0,0],[0,1,0,0],[0,0,1,0],[2,10,13,21]]
[[0,0,0,0],[1,0,0,0],[0,1,0,0],[0,0,1,0],[6,11,11,21]]
[[0,0,0,0],[1,0,0,0],[0,1,0,0],[0,0,1,0],[2,16,16,21]]
[[0,0,0,0],[1,0,0,0],[0,1,0,0],[0,0,1,0],[4,4,4,21]]
[[0,0,0,0],[1,0,0,0],[0,1,0,0],[0,0,1,0],[8,8,20,21]]
[[0,0,0,0],[1,0,0,0],[0,1,0,0],[0,0,1,0],[14,6,9,21]]
[[0,0,0,0],[1,0,0,0],[0,1,0,0],[0,0,1,0],[3,3,9,21]]
[[0,0,0,0],[1,0,0,0],[0,1,0,0],[0,0,1,0],[6,15,8,21]]
[[0,0,0,0],[1,0,0,0],[0,1,0,0],[0,0,1,0],[3,5,8,21]]
[[0,0,0,0],[1,0,0,0],[0,1,0,0],[0,0,1,0],[1,2,2,21]]
[[0,0,0,0],[1,0,0,0],[0,1,0,0],[0,0,1,0],[7,14,1,21]]
[[0,0,0,0],[1,0,0,0],[0,1,0,0],[0,0,1,0],[3,2,2,21]]
[[0,0,0,0],[1,0,0,0],[0,1,0,0],[0,0,1,0],[6,6,17,21]]
[[0,0,0,0],[1,0,0,0],[0,1,0,0],[0,0,1,0],[12,4,13,21]]
[[0,0,0,0],[1,0,0,0],[0,1,0,0],[0,0,1,0],[3,12,13,21]]
[[0,0,0,0],[1,0,0,0],[0,1,0,0],[0,0,1,0],[6,10,13,21]]
[[0,0,0,0],[1,0,0,0],[0,1,0,0],[0,0,1,0],[9,15,5,21]]
[[0,0,0,0],[1,0,0,0],[0,1,0,0],[0,0,1,0],[1,2,8,21]]
[[0,0,0,0],[1,0,0,0],[0,1,0,0],[0,0,1,0],[0,2,20,21]]
[[0,0,0,0],[1,0,0,0],[0,1,0,0],[0,0,1,0],[1,4,10,21]]
[[0,0,0,0],[1,0,0,0],[0,1,0,0],[0,0,1,0],[15,15,20,21]]
[[0,0,0,0],[1,0,0,0],[0,1,0,0],[0,0,1,0],[7,7,1,21]]
[[0,0,0,0],[1,0,0,0],[0,1,0,0],[0,0,1,0],[9,8,17,21]]
[[0,0,0,0],[1,0,0,0],[0,1,0,0],[0,0,1,0],[3,2,17,21]]
[[0,0,0,0],[1,0,0,0],[0,1,0,0],[0,0,1,0],[5,5,13,21]]
[[0,0,0,0],[1,0,0,0],[0,1,0,0],[0,0,1,0],[3,18,4,21]]
[[0,0,0,0],[1,0,0,0],[0,1,0,0],[0,0,1,0],[3,9,13,21]]
[[0,0,0,0],[1,0,0,0],[0,1,0,0],[0,0,1,0],[9,9,10,21]]
[[0,0,0,0],[1,0,0,0],[0,1,0,0],[0,0,1,0],[1,4,11,21]]
[[0,0,0,0],[1,0,0,0],[0,1,0,0],[0,0,1,0],[7,7,15,21]]
[[0,0,0,0],[1,0,0,0],[0,1,0,0],[0,0,1,0],[14,3,12,21]]
[[0,0,0,0],[1,0,0,0],[0,1,0,0],[0,0,1,0],[9,17,20,21]]
[[0,0,0,0],[1,0,0,0],[0,1,0,0],[0,0,1,0],[9,9,13,21]]
[[0,0,0,0],[1,0,0,0],[0,1,0,0],[0,0,1,0],[3,6,13,21]]
[[0,0,0,0],[1,0,0,0],[0,1,0,0],[0,0,1,0],[9,10,10,21]]
[[0,0,0,0],[1,0,0,0],[0,1,0,0],[0,0,1,0],[12,18,13,21]]
[[0,0,0,0],[1,0,0,0],[0,1,0,0],[0,0,1,0],[4,5,20,21]]
[[0,0,0,0],[1,0,0,0],[0,1,0,0],[0,0,1,0],[2,2,5,21]]
[[0,0,0,0],[1,0,0,0],[0,1,0,0],[0,0,1,0],[1,2,13,21]]
[[0,0,0,0],[1,0,0,0],[0,1,0,0],[0,0,1,0],[6,12,18,21]]
[[0,0,0,0],[1,0,0,0],[0,1,0,0],[0,0,1,0],[3,5,11,21]]
[[0,0,0,0],[1,0,0,0],[0,1,0,0],[0,0,1,0],[5,13,19,21]]
[[0,0,0,0],[1,0,0,0],[0,1,0,0],[0,0,1,0],[2,2,2,21]]
[[0,0,0,0],[1,0,0,0],[0,1,0,0],[0,0,1,0],[0,3,19,21]]
[[0,0,0,0],[1,0,0,0],[0,1,0,0],[0,0,1,0],[12,12,12,21]]
[[0,0,0,0],[1,0,0,0],[0,1,0,0],[0,0,1,0],[3,8,20,21]]
[[0,0,0,0],[1,0,0,0],[0,1,0,0],[0,0,1,0],[15,15,13,21]]
[[0,0,0,0],[1,0,0,0],[0,1,0,0],[0,0,1,0],[6,6,4,21]]
[[0,0,0,0],[1,0,0,0],[0,1,0,0],[0,0,1,0],[1,5,13,21]]
[[0,0,0,0],[1,0,0,0],[0,1,0,0],[0,0,1,0],[3,9,17,21]]
[[0,0,0,0],[1,0,0,0],[0,1,0,0],[0,0,1,0],[6,10,20,21]]
[[0,0,0,0],[1,0,0,0],[0,1,0,0],[0,0,1,0],[9,15,19,21]]
[[0,0,0,0],[1,0,0,0],[0,1,0,0],[0,0,1,0],[1,5,5,21]]
[[0,0,0,0],[1,0,0,0],[0,1,0,0],[0,0,1,0],[12,4,20,21]]
[[0,0,0,0],[1,0,0,0],[0,1,0,0],[0,0,1,0],[3,5,17,21]]
[[0,0,0,0],[1,0,0,0],[0,1,0,0],[0,0,1,0],[3,5,5,21]]
[[0,0,0,0],[1,0,0,0],[0,1,0,0],[0,0,1,0],[3,1,4,21]]
[[0,0,0,0],[1,0,0,0],[0,1,0,0],[0,0,1,0],[12,11,20,21]]
[[0,0,0,0],[1,0,0,0],[0,1,0,0],[0,0,1,0],[2,4,10,21]]
[[0,0,0,0],[1,0,0,0],[0,1,0,0],[0,0,1,0],[3,3,16,21]]
[[0,0,0,0],[1,0,0,0],[0,1,0,0],[0,0,1,0],[6,1,1,21]]
[[0,0,0,0],[1,0,0,0],[0,1,0,0],[0,0,1,0],[3,10,16,21]]
[[0,0,0,0],[1,0,0,0],[0,1,0,0],[0,0,1,0],[2,4,4,21]]
[[0,0,0,0],[1,0,0,0],[0,1,0,0],[0,0,1,0],[3,3,2,21]]
[[0,0,0,0],[1,0,0,0],[0,1,0,0],[0,0,1,0],[3,3,10,21]]
[[0,0,0,0],[1,0,0,0],[0,1,0,0],[0,0,1,0],[4,20,20,21]]
[[0,0,0,0],[1,0,0,0],[0,1,0,0],[0,0,1,0],[3,4,8,21]]
[[0,0,0,0],[1,0,0,0],[0,1,0,0],[0,0,1,0],[2,10,10,21]]
[[0,0,0,0],[1,0,0,0],[0,1,0,0],[0,0,1,0],[12,20,20,21]]
[[0,0,0,0],[1,0,0,0],[0,1,0,0],[0,0,1,0],[7,18,18,21]]
[[0,0,0,0],[1,0,0,0],[0,1,0,0],[0,0,1,0],[3,17,17,21]]
[[0,0,0,0],[1,0,0,0],[0,1,0,0],[0,0,1,0],[1,4,5,21]]
[[0,0,0,0],[1,0,0,0],[0,1,0,0],[0,0,1,0],[7,6,16,21]]
[[0,0,0,0],[1,0,0,0],[0,1,0,0],[0,0,1,0],[9,12,8,21]]
[[0,0,0,0],[1,0,0,0],[0,1,0,0],[0,0,1,0],[2,2,4,21]]
[[0,0,0,0],[1,0,0,0],[0,1,0,0],[0,0,1,0],[6,8,8,21]]
[[0,0,0,0],[1,0,0,0],[0,1,0,0],[0,0,1,0],[5,10,13,21]]
[[0,0,0,0],[1,0,0,0],[0,1,0,0],[0,0,1,0],[4,4,8,21]]
[[0,0,0,0],[1,0,0,0],[0,1,0,0],[0,0,1,0],[7,10,19,21]]
[[0,0,0,0],[1,0,0,0],[0,1,0,0],[0,0,1,0],[9,9,18,21]]
[[0,0,0,0],[1,0,0,0],[0,1,0,0],[0,0,1,0],[2,13,16,21]]
[[0,0,0,0],[1,0,0,0],[0,1,0,0],[0,0,1,0],[0,14,8,21]]
[[0,0,0,0],[1,0,0,0],[0,1,0,0],[0,0,1,0],[12,18,20,21]]
[[0,0,0,0],[1,0,0,0],[0,1,0,0],[0,0,1,0],[7,9,13,21]]
[[0,0,0,0],[1,0,0,0],[0,1,0,0],[0,0,1,0],[1,8,10,21]]
[[0,0,0,0],[1,0,0,0],[0,1,0,0],[0,0,1,0],[3,2,20,21]]
[[0,0,0,0],[1,0,0,0],[0,1,0,0],[0,0,1,0],[3,3,4,21]]
[[0,0,0,0],[1,0,0,0],[0,1,0,0],[0,0,1,0],[6,2,17,21]]
[[0,0,0,0],[1,0,0,0],[0,1,0,0],[0,0,1,0],[1,1,20,21]]
[[0,0,0,0],[1,0,0,0],[0,1,0,0],[0,0,1,0],[14,9,20,21]]
[[0,0,0,0],[1,0,0,0],[0,1,0,0],[0,0,1,0],[6,15,15,21]]
[[0,0,0,0],[1,0,0,0],[0,1,0,0],[0,0,1,0],[1,1,2,21]]
[[0,0,0,0],[1,0,0,0],[0,1,0,0],[0,0,1,0],[7,5,10,21]]
[[0,0,0,0],[1,0,0,0],[0,1,0,0],[0,0,1,0],[15,15,19,21]]
[[0,0,0,0],[1,0,0,0],[0,1,0,0],[0,0,1,0],[3,15,18,21]]
[[0,0,0,0],[1,0,0,0],[0,1,0,0],[0,0,1,0],[3,16,17,21]]
[[0,0,0,0],[1,0,0,0],[0,1,0,0],[0,0,1,0],[3,2,11,21]]
[[0,0,0,0],[1,0,0,0],[0,1,0,0],[0,0,1,0],[6,9,16,21]]
[[0,0,0,0],[1,0,0,0],[0,1,0,0],[0,0,1,0],[14,18,18,21]]
[[0,0,0,0],[1,0,0,0],[0,1,0,0],[0,0,1,0],[2,2,11,21]]
[[0,0,0,0],[1,0,0,0],[0,1,0,0],[0,0,1,0],[10,10,20,21]]
[[0,0,0,0],[1,0,0,0],[0,1,0,0],[0,0,1,0],[6,6,13,21]]
[[0,0,0,0],[1,0,0,0],[0,1,0,0],[0,0,1,0],[1,1,13,21]]
[[0,0,0,0],[1,0,0,0],[0,1,0,0],[0,0,1,0],[1,1,11,21]]
[[0,0,0,0],[1,0,0,0],[0,1,0,0],[0,0,1,0],[13,13,20,21]]
[[0,0,0,0],[1,0,0,0],[0,1,0,0],[0,0,1,0],[10,20,20,21]]
[[0,0,0,0],[1,0,0,0],[0,1,0,0],[0,0,1,0],[2,10,17,21]]
[[0,0,0,0],[1,0,0,0],[0,1,0,0],[0,0,1,0],[0,6,16,21]]
[[0,0,0,0],[1,0,0,0],[0,1,0,0],[0,0,1,0],[9,8,19,21]]
[[0,0,0,0],[1,0,0,0],[0,1,0,0],[0,0,1,0],[6,9,10,21]]
[[0,0,0,0],[1,0,0,0],[0,1,0,0],[0,0,1,0],[0,7,15,21]]
[[0,0,0,0],[1,0,0,0],[0,1,0,0],[0,0,1,0],[1,5,10,21]]
[[0,0,0,0],[1,0,0,0],[0,1,0,0],[0,0,1,0],[7,4,4,21]]
[[0,0,0,0],[3,0,0,0],[0,1,0,0],[0,0,1,0],[0,2,6,7]]
[[0,0,0,0],[1,0,0,0],[0,1,0,0],[0,0,1,0],[0,0,1,21]]
[[0,0,0,0],[1,0,0,0],[0,1,0,0],[0,0,1,0],[3,9,1,21]]
[[0,0,0,0],[1,0,0,0],[0,1,0,0],[0,0,1,0],[3,3,19,21]]
[[0,0,0,0],[1,0,0,0],[0,1,0,0],[0,0,1,0],[6,1,8,21]]
[[0,0,0,0],[1,0,0,0],[0,1,0,0],[0,0,1,0],[9,5,8,21]]
[[0,0,0,0],[1,0,0,0],[0,1,0,0],[0,0,1,0],[4,5,10,21]]
[[0,0,0,0],[1,0,0,0],[0,1,0,0],[0,0,1,0],[0,9,13,21]]
[[0,0,0,0],[1,0,0,0],[0,1,0,0],[0,0,1,0],[7,2,13,21]]
[[0,0,0,0],[1,0,0,0],[0,1,0,0],[0,0,1,0],[9,17,17,21]]
[[0,0,0,0],[1,0,0,0],[0,1,0,0],[0,0,1,0],[3,6,20,21]]
[[0,0,0,0],[1,0,0,0],[0,1,0,0],[0,0,1,0],[9,1,5,21]]
[[0,0,0,0],[1,0,0,0],[0,1,0,0],[0,0,1,0],[2,4,5,21]]
[[0,0,0,0],[1,0,0,0],[0,1,0,0],[0,0,1,0],[14,3,5,21]]
[[0,0,0,0],[1,0,0,0],[0,1,0,0],[0,0,1,0],[6,6,10,21]]
[[0,0,0,0],[1,0,0,0],[0,1,0,0],[0,0,1,0],[6,17,20,21]]
[[0,0,0,0],[1,0,0,0],[0,1,0,0],[0,0,1,0],[3,3,1,21]]
[[0,0,0,0],[1,0,0,0],[0,1,0,0],[0,0,1,0],[3,6,16,21]]
[[0,0,0,0],[1,0,0,0],[0,1,0,0],[0,0,1,0],[3,18,8,21]]
[[0,0,0,0],[1,0,0,0],[0,1,0,0],[0,0,1,0],[3,18,1,21]]
[[0,0,0,0],[1,0,0,0],[0,1,0,0],[0,0,1,0],[5,13,13,21]]
[[0,0,0,0],[1,0,0,0],[0,1,0,0],[0,0,1,0],[2,5,5,21]]
[[0,0,0,0],[1,0,0,0],[0,1,0,0],[0,0,1,0],[3,6,4,21]]
[[0,0,0,0],[1,0,0,0],[0,1,0,0],[0,0,1,0],[9,10,17,21]]
[[0,0,0,0],[1,0,0,0],[0,1,0,0],[0,0,1,0],[3,6,1,21]]
[[0,0,0,0],[1,0,0,0],[0,1,0,0],[0,0,1,0],[9,12,1,21]]
[[0,0,0,0],[1,0,0,0],[0,1,0,0],[0,0,1,0],[1,4,4,21]]
[[0,0,0,0],[1,0,0,0],[0,1,0,0],[0,0,1,0],[7,5,17,21]]
[[0,0,0,0],[1,0,0,0],[2,3,0,0],[0,0,1,0],[0,0,1,7]]
[[0,0,0,0],[1,0,0,0],[0,1,0,0],[0,0,1,0],[7,3,5,21]]
[[0,0,0,0],[1,0,0,0],[0,1,0,0],[0,0,1,0],[1,1,5,21]]
[[0,0,0,0],[1,0,0,0],[0,1,0,0],[0,0,1,0],[6,20,20,21]]
[[0,0,0,0],[1,0,0,0],[0,1,0,0],[0,0,1,0],[4,8,10,21]]
[[0,0,0,0],[1,0,0,0],[0,1,0,0],[0,0,1,0],[3,5,20,21]]
[[0,0,0,0],[1,0,0,0],[0,1,0,0],[0,0,1,0],[9,12,15,21]]
[[0,0,0,0],[1,0,0,0],[0,1,0,0],[0,0,1,0],[7,16,20,21]]
[[0,0,0,0],[1,0,0,0],[0,1,0,0],[0,0,1,0],[6,11,20,21]]
[[0,0,0,0],[1,0,0,0],[0,1,0,0],[0,0,1,0],[1,8,13,21]]
[[0,0,0,0],[1,0,0,0],[0,1,0,0],[0,0,1,0],[6,2,8,21]]
[[0,0,0,0],[1,0,0,0],[0,1,0,0],[0,0,1,0],[3,13,13,21]]
[[0,0,0,0],[1,0,0,0],[0,1,0,0],[0,0,1,0],[2,4,13,21]]
[[0,0,0,0],[1,0,0,0],[0,1,0,0],[0,0,1,0],[3,8,11,21]]
[[0,0,0,0],[1,0,0,0],[0,1,0,0],[0,0,1,0],[5,19,19,21]]
[[0,0,0,0],[1,0,0,0],[0,1,0,0],[0,0,1,0],[7,6,2,21]]
[[0,0,0,0],[1,0,0,0],[0,1,0,0],[0,0,1,0],[4,4,20,21]]
[[0,0,0,0],[1,0,0,0],[0,1,0,0],[0,0,1,0],[1,2,4,21]]
[[0,0,0,0],[1,0,0,0],[0,1,0,0],[0,0,1,0],[1,2,10,21]]
[[0,0,0,0],[1,0,0,0],[0,1,0,0],[0,0,1,0],[15,18,13,21]]
[[0,0,0,0],[1,0,0,0],[0,1,0,0],[0,0,1,0],[6,12,11,21]]
[[0,0,0,0],[1,0,0,0],[0,1,0,0],[0,0,1,0],[3,15,4,21]]
[[0,0,0,0],[1,0,0,0],[0,1,0,0],[0,0,1,0],[14,6,2,21]]
[[0,0,0,0],[1,0,0,0],[0,1,0,0],[0,0,1,0],[14,14,15,21]]
[[0,0,0,0],[1,0,0,0],[0,1,0,0],[0,0,1,0],[9,5,20,21]]
[[0,0,0,0],[1,0,0,0],[0,1,0,0],[0,0,1,0],[3,15,10,21]]
[[0,0,0,0],[1,0,0,0],[0,1,0,0],[0,0,1,0],[2,13,13,21]]
[[0,0,0,0],[1,0,0,0],[0,1,0,0],[0,0,1,0],[3,15,11,21]]
[[0,0,0,0],[1,0,0,0],[0,1,0,0],[0,0,1,0],[1,2,5,21]]
[[0,0,0,0],[1,0,0,0],[0,1,0,0],[0,0,1,0],[7,3,12,21]]
[[0,0,0,0],[1,0,0,0],[0,1,0,0],[0,0,1,0],[2,4,8,21]]
[[0,0,0,0],[1,0,0,0],[0,1,0,0],[0,0,1,0],[3,3,13,21]]
[[0,0,0,0],[1,0,0,0],[0,1,0,0],[0,0,1,0],[2,4,16,21]]
[[0,0,0,0],[1,0,0,0],[0,1,0,0],[0,0,1,0],[6,6,1,21]]
[[0,0,0,0],[1,0,0,0],[0,1,0,0],[0,0,1,0],[3,11,11,21]]
[[0,0,0,0],[1,0,0,0],[0,1,0,0],[0,0,1,0],[9,20,20,21]]
[[0,0,0,0],[1,0,0,0],[0,1,0,0],[0,0,1,0],[6,8,20,21]]
