[[0,0,0,0],[1,0,0,0],[0,1,0,0],[0,0,1,0],[6,6,3,22]]
[[0,0,0,0],[1,0,0,0],[0,1,0,0],[0,0,1,0],[14,14,17,22]]
[[0,0,0,0],[1,0,0,0],[0,1,0,0],[0,0,1,0],[5,5,9,22]]
[[0,0,0,0],[1,0,0,0],[0,1,0,0],[0,0,1,0],[6,12,7,22]]
[[0,0,0,0],[1,0,0,0],[0,1,0,0],[0,0,1,0],[7,17,21,22]]
[[0,0,0,0],[1,0,0,0],[0,1,0,0],[0,0,1,0],[2,2,17,22]]
[[0,0,0,0],[1,0,0,0],[0,1,0,0],[0,0,1,0],[2,6,5,22]]
[[0,0,0,0],[1,0,0,0],[0,1,0,0],[0,0,1,0],[6,14,9,22]]
[[0,0,0,0],[1,0,0,0],[0,1,0,0],[0,0,1,0],[2,18,5,22]]
[[0,0,0,0],[1,0,0,0],[0,1,0,0],[0,0,1,0],[2,4,1,22]]
[[0,0,0,0],[1,0,0,0],[0,1,0,0],[0,0,1,0],[1,1,3,22]]
[[0,0,0,0],[1,0,0,0],[0,1,0,0],[0,0,1,0],[6,14,7,22]]
[[0,0,0,0],[1,0,0,0],[0,1,0,0],[0,0,1,0],[2,18,7,22]]
[[0,0,0,0],[1,0,0,0],[0,1,0,0],[0,0,1,0],[16,20,20,22]]
[[0,0,0,0],[1,0,0,0],[0,1,0,0],[0,0,1,0],[8,16,5,22]]
[[0,0,0,0],[1,0,0,0],[0,1,0,0],[0,0,1,0],[2,8,15,22]]
[[0,0,0,0],[1,0,0,0],[0,1,0,0],[0,0,1,0],[6,6,13,22]]
[[0,0,0,0],[1,0,0,0],[0,1,0,0],[0,0,1,0],[2,4,21,22]]
[[0,0,0,0],[1,0,0,0],[0,1,0,0],[0,0,1,0],[11,16,18,22]]
[[0,0,0,0],[1,0,0,0],[0,1,0,0],[0,0,1,0],[1,1,5,22]]
[[0,0,0,0],[1,0,0,0],[0,1,0,0],[0,0,1,0],[2,4,5,22]]
[[0,0,0,0],[1,0,0,0],[0,1,0,0],[0,0,1,0],[12,12,21,22]]
[[0,0,0,0],[1,0,0,0],[0,1,0,0],[0,0,1,0],[5,9,9,22]]
[[0,0,0,0],[1,0,0,0],[0,1,0,0],[0,0,1,0],[1,1,9,22]]
[[0,0,0,0],[1,0,0,0],[0,1,0,0],[0,0,1,0],[7,7,13,22]]
[[0,0,0,0],[1,0,0,0],[0,1,0,0],[0,0,1,0],[1,1,19,22]]
[[0,0,0,0],[1,0,0,0],[0,1,0,0],[0,0,1,0],[8,10,5,22]]
[[0,0,0,0],[1,0,0,0],[0,1,0,0],[0,0,1,0],[2,5,5,22]]
[[0,0,0,0],[1,0,0,0],[0,1,0,0],[0,0,1,0],[11,3,9,22]]
[[0,0,0,0],[1,0,0,0],[0,1,0,0],[0,0,1,0],[6,18,3,22]]
[[0,0,0,0],[1,0,0,0],[0,1,0,0],[0,0,1,0],[6,8,21,22]]
[[0,0,0,0],[1,0,0,0],[0,1,0,0],[0,0,1,0],[2,6,17,22]]
[[0,0,0,0],[1,0,0,0],[0,1,0,0],[0,0,1,0],[7,7,7,22]]
[[0,0,0,0],[1,0,0,0],[0,1,0,0],[0,0,1,0],[4,6,13,22]]
[[0,0,0,0],[1,0,0,0],[0,1,0,0],[0,0,1,0],[7,13,13,22]]
[[0,0,0,0],[1,0,0,0],[0,1,0,0],[0,0,1,0],[4,4,21,22]]
[[0,0,0,0],[1,0,0,0],[0,1,0,0],[0,0,1,0],[2,2,3,22]]
[[0,0,0,0],[1,0,0,0],[0,1,0,0],[0,0,1,0],[6,18,21,22]]
[[0,0,0,0],[1,0,0,0],[0,1,0,0],[0,0,1,0],[6,16,5,22]]
[[0,0,0,0],[1,0,0,0],[0,1,0,0],[0,0,1,0],[11,14,9,22]]
[[0,0,0,0],[1,0,0,0],[0,1,0,0],[0,0,1,0],[6,3,3,22]]
[[0,0,0,0],[1,0,0,0],[0,1,0,0],[0,0,1,0],[7,7,21,22]]
[[0,0,0,0],[1,0,0,0],[0,1,0,0],[0,0,1,0],[3,5,9,22]]
[[0,0,0,0],[1,0,0,0],[0,1,0,0],[0,0,1,0],[3,9,15,22]]
[[0,0,0,0],[1,0,0,0],[0,1,0,0],[0,0,1,0],[10,1,1,22]]
[[0,0,0,0],[1,0,0,0],[0,1,0,0],[0,0,1,0],[6,16,1,22]]
[[0,0,0,0],[1,0,0,0],[0,1,0,0],[0,0,1,0],[2,8,21,22]]
[[0,0,0,0],[1,0,0,0],[0,1,0,0],[0,0,1,0],[2,12,17,22]]
[[0,0,0,0],[1,0,0,0],[0,1,0,0],[0,0,1,0],[4,20,21,22]]
[[0,0,0,0],[1,0,0,0],[0,1,0,0],[0,0,1,0],[6,8,17,22]]
[[0,0,0,0],[1,0,0,0],[0,1,0,0],[0,0,1,0],[3,3,13,22]]
[[0,0,0,0],[1,0,0,0],[0,1,0,0],[0,0,1,0],[4,8,3,22]]
[[0,0,0,0],[1,0,0,0],[0,1,0,0],[0,0,1,0],[8,5,21,22]]
[[0,0,0,0],[1,0,0,0],[0,1,0,0],[0,0,1,0],[2,4,7,22]]
[[0,0,0,0],[1,0,0,0],[0,1,0,0],[0,0,1,0],[1,7,7,22]]
[[0,0,0,0],[1,0,0,0],[0,1,0,0],[0,0,1,0],[13,13,21,22]]
[[0,0,0,0],[1,0,0,0],[0,1,0,0],[0,0,1,0],[4,4,19,22]]
[[0,0,0,0],[1,0,0,0],[0,1,0,0],[0,0,1,0],[6,10,9,22]]
[[0,0,0,0],[1,0,0,0],[0,1,0,0],[0,0,1,0],[4,12,17,22]]
[[0,0,0,0],[1,0,0,0],[0,1,0,0],[0,0,1,0],[2,18,3,22]]
[[0,0,0,0],[1,0,0,0],[0,1,0,0],[0,0,1,0],[2,16,9,22]]
[[0,0,0,0],[1,0,0,0],[0,1,0,0],[0,0,1,0],[1,5,7,22]]
[[0,0,0,0],[1,0,0,0],[0,1,0,0],[0,0,1,0],[3,7,21,22]]
[[0,0,0,0],[1,0,0,0],[0,1,0,0],[0,0,1,0],[2,4,3,22]]
[[0,0,0,0],[1,0,0,0],[0,1,0,0],[0,0,1,0],[4,6,1,22]]
[[0,0,0,0],[1,0,0,0],[0,1,0,0],[0,0,1,0],[2,2,7,22]]
[[0,0,0,0],[1,0,0,0],[0,1,0,0],[0,0,1,0],[18,18,20,22]]
[[0,0,0,0],[1,0,0,0],[0,1,0,0],[0,0,1,0],[4,4,17,22]]
[[0,0,0,0],[1,0,0,0],[0,1,0,0],[0,0,1,0],[3,9,21,22]]
[[0,0,0,0],[1,0,0,0],[0,1,0,0],[0,0,1,0],[4,18,1,22]]
[[0,0,0,0],[1,0,0,0],[0,1,0,0],[0,0,1,0],[6,12,16,22]]
[[0,0,0,0],[1,0,0,0],[0,1,0,0],[0,0,1,0],[8,12,13,22]]
[[0,0,0,0],[1,0,0,0],[0,1,0,0],[0,0,1,0],[2,8,3,22]]
[[0,0,0,0],[1,0,0,0],[0,1,0,0],[0,0,1,0],[3,3,5,22]]
[[0,0,0,0],[1,0,0,0],[0,1,0,0],[0,0,1,0],[2,16,5,22]]
[[0,0,0,0],[1,0,0,0],[0,1,0,0],[0,0,1,0],[8,16,21,22]]
[[0,0,0,0],[2,0,0,0],[0,1,0,0],[0,0,1,0],[0,2,10,11]]
[[0,0,0,0],[1,0,0,0],[0,1,0,0],[0,0,1,0],[2,12,9,22]]
[[0,0,0,0],[1,0,0,0],[0,1,0,0],[0,0,1,0],[6,6,1,22]]
[[0,0,0,0],[1,0,0,0],[0,1,0,0],[0,0,1,0],[8,18,21,22]]
[[0,0,0,0],[1,0,0,0],[0,1,0,0],[0,0,1,0],[2,10,17,22]]
[[0,0,0,0],[2,0,0,0],[0,1,0,0],[0,0,1,0],[0,3,9,11]]
[[0,0,0,0],[1,0,0,0],[0,1,0,0],[0,0,1,0],[1,1,21,22]]
[[0,0,0,0],[1,0,0,0],[0,1,0,0],[0,0,1,0],[4,18,5,22]]
[[0,0,0,0],[1,0,0,0],[0,1,0,0],[0,0,1,0],[10,12,12,22]]
[[0,0,0,0],[1,0,0,0],[0,1,0,0],[0,0,1,0],[2,4,19,22]]
[[0,0,0,0],[1,0,0,0],[0,1,0,0],[0,0,1,0],[4,6,5,22]]
[[0,0,0,0],[1,0,0,0],[0,1,0,0],[0,0,1,0],[4,10,20,22]]
[[0,0,0,0],[1,0,0,0],[0,1,0,0],[0,0,1,0],[4,8,13,22]]
[[0,0,0,0],[1,0,0,0],[0,1,0,0],[0,0,1,0],[3,21,21,22]]
[[0,0,0,0],[1,0,0,0],[0,1,0,0],[0,0,1,0],[4,10,19,22]]
[[0,0,0,0],[1,0,0,0],[0,1,0,0],[0,0,1,0],[1,3,13,22]]
[[0,0,0,0],[1,0,0,0],[0,1,0,0],[0,0,1,0],[6,6,5,22]]
[[0,0,0,0],[1,0,0,0],[0,1,0,0],[0,0,1,0],[10,5,19,22]]
[[0,0,0,0],[1,0,0,0],[0,1,0,0],[0,0,1,0],[2,8,5,22]]
[[0,0,0,0],[1,0,0,0],[0,1,0,0],[0,0,1,0],[4,3,5,22]]
[[0,0,0,0],[1,0,0,0],[0,1,0,0],[0,0,1,0],[8,10,15,22]]
[[0,0,0,0],[1,0,0,0],[0,1,0,0],[0,0,1,0],[3,5,15,22]]
[[0,0,0,0],[1,0,0,0],[0,1,0,0],[0,0,1,0],[7,7,17,22]]
[[0,0,0,0],[1,0,0,0],[0,1,0,0],[0,0,1,0],[1,5,15,22]]
[[0,0,0,0],[1,0,0,0],[0,1,0,0],[0,0,1,0],[2,14,7,22]]
[[0,0,0,0],[1,0,0,0],[0,1,0,0],[0,0,1,0],[3,17,21,22]]
[[0,0,0,0],[1,0,0,0],[0,1,0,0],[0,0,1,0],[16,19,21,22]]
[[0,0,0,0],[1,0,0,0],[0,1,0,0],[0,0,1,0],[5,5,5,22]]
[[0,0,0,0],[1,0,0,0],[0,1,0,0],[0,0,1,0],[4,18,3,22]]
[[0,0,0,0],[1,0,0,0],[0,1,0,0],[0,0,1,0],[11,14,20,22]]
[[0,0,0,0],[1,0,0,0],[0,1,0,0],[0,0,1,0],[13,13,13,22]]
[[0,0,0,0],[1,0,0,0],[0,1,0,0],[0,0,1,0],[3,7,7,22]]
[[0,0,0,0],[1,0,0,0],[0,1,0,0],[0,0,1,0],[1,3,3,22]]
[[0,0,0,0],[1,0,0,0],[0,1,0,0],[0,0,1,0],[5,5,21,22]]
[[0,0,0,0],[1,0,0,0],[0,1,0,0],[0,0,1,0],[3,3,9,22]]
[[0,0,0,0],[1,0,0,0],[0,1,0,0],[0,0,1,0],[2,2,1,22]]
[[0,0,0,0],[1,0,0,0],[0,1,0,0],[0,0,1,0],[2,2,5,22]]
[[0,0,0,0],[1,0,0,0],[0,1,0,0],[0,0,1,0],[4,10,15,22]]
[[0,0,0,0],[1,0,0,0],[0,1,0,0],[0,0,1,0],[4,4,5,22]]
[[0,0,0,0],[1,0,0,0],[0,1,0,0],[0,0,1,0],[12,12,3,22]]
[[0,0,0,0],[1,0,0,0],[0,1,0,0],[0,0,1,0],[2,20,3,22]]
[[0,0,0,0],[1,0,0,0],[0,1,0,0],[0,0,1,0],[2,14,9,22]]
[[0,0,0,0],[1,0,0,0],[1,2,0,0],[0,0,1,0],[0,0,1,11]]
[[0,0,0,0],[1,0,0,0],[0,1,0,0],[0,0,1,0],[10,10,15,22]]
[[0,0,0,0],[1,0,0,0],[0,1,0,0],[0,0,1,0],[11,4,19,22]]
[[0,0,0,0],[1,0,0,0],[0,1,0,0],[0,0,1,0],[3,3,7,22]]
[[0,0,0,0],[1,0,0,0],[0,1,0,0],[0,0,1,0],[11,8,15,22]]
[[0,0,0,0],[1,0,0,0],[0,1,0,0],[0,0,1,0],[11,2,21,22]]
[[0,0,0,0],[1,0,0,0],[0,1,0,0],[0,0,1,0],[4,15,15,22]]
[[0,0,0,0],[1,0,0,0],[0,1,0,0],[0,0,1,0],[4,4,3,22]]
[[0,0,0,0],[1,0,0,0],[0,1,0,0],[0,0,1,0],[2,12,19,22]]
[[0,0,0,0],[1,0,0,0],[0,1,0,0],[0,0,1,0],[2,10,19,22]]
[[0,0,0,0],[1,0,0,0],[0,1,0,0],[0,0,1,0],[6,12,9,22]]
[[0,0,0,0],[1,0,0,0],[0,1,0,0],[0,0,1,0],[1,3,5,22]]
[[0,0,0,0],[1,0,0,0],[0,1,0,0],[0,0,1,0],[2,6,21,22]]
[[0,0,0,0],[1,0,0,0],[0,1,0,0],[0,0,1,0],[3,5,5,22]]
[[0,0,0,0],[1,0,0,0],[0,1,0,0],[0,0,1,0],[0,0,1,22]]
[[0,0,0,0],[1,0,0,0],[0,1,0,0],[0,0,1,0],[18,18,9,22]]
[[0,0,0,0],[1,0,0,0],[0,1,0,0],[0,0,1,0],[0,11,12,22]]
[[0,0,0,0],[1,0,0,0],[0,1,0,0],[0,0,1,0],[10,9,15,22]]
[[0,0,0,0],[1,0,0,0],[0,1,0,0],[0,0,1,0],[3,7,17,22]]
[[0,0,0,0],[1,0,0,0],[0,1,0,0],[0,0,1,0],[21,21,21,22]]
[[0,0,0,0],[1,0,0,0],[0,1,0,0],[0,0,1,0],[4,14,7,22]]
[[0,0,0,0],[1,0,0,0],[0,1,0,0],[0,0,1,0],[8,8,19,22]]
[[0,0,0,0],[1,0,0,0],[0,1,0,0],[0,0,1,0],[1,3,7,22]]
[[0,0,0,0],[1,0,0,0],[0,1,0,0],[0,0,1,0],[2,8,19,22]]
[[0,0,0,0],[1,0,0,0],[0,1,0,0],[0,0,1,0],[2,2,21,22]]
[[0,0,0,0],[1,0,0,0],[0,1,0,0],[0,0,1,0],[10,10,14,22]]
[[0,0,0,0],[1,0,0,0],[0,1,0,0],[0,0,1,0],[2,4,6,22]]
[[0,0,0,0],[1,0,0,0],[0,1,0,0],[0,0,1,0],[11,6,17,22]]
[[0,0,0,0],[1,0,0,0],[0,1,0,0],[0,0,1,0],[6,7,21,22]]
[[0,0,0,0],[1,0,0,0],[0,1,0,0],[0,0,1,0],[2,2,9,22]]
[[0,0,0,0],[1,0,0,0],[0,1,0,0],[0,0,1,0],[8,14,1,22]]
[[0,0,0,0],[1,0,0,0],[0,1,0,0],[0,0,1,0],[2,16,16,22]]
[[0,0,0,0],[1,0,0,0],[0,1,0,0],[0,0,1,0],[4,14,5,22]]
[[0,0,0,0],[1,0,0,0],[0,1,0,0],[0,0,1,0],[10,14,21,22]]
[[0,0,0,0],[1,0,0,0],[0,1,0,0],[0,0,1,0],[2,2,19,22]]
[[0,0,0,0],[1,0,0,0],[0,1,0,0],[0,0,1,0],[1,7,9,22]]
[[0,0,0,0],[1,0,0,0],[0,1,0,0],[0,0,1,0],[2,10,15,22]]
[[0,0,0,0],[1,0,0,0],[0,1,0,0],[0,0,1,0],[7,13,21,22]]
[[0,0,0,0],[1,0,0,0],[0,1,0,0],[0,0,1,0],[6,14,14,22]]
[[0,0,0,0],[1,0,0,0],[0,1,0,0],[0,0,1,0],[0,2,21,22]]
[[0,0,0,0],[1,0,0,0],[0,1,0,0],[0,0,1,0],[6,1,5,22]]
[[0,0,0,0],[1,0,0,0],[0,1,0,0],[0,0,1,0],[11,6,6,22]]
[[0,0,0,0],[1,0,0,0],[0,1,0,0],[0,0,1,0],[4,6,7,22]]
[[0,0,0,0],[1,0,0,0],[0,1,0,0],[0,0,1,0],[2,4,17,22]]
[[0,0,0,0],[1,0,0,0],[0,1,0,0],[0,0,1,0],[2,10,1,22]]
[[0,0,0,0],[1,0,0,0],[0,1,0,0],[0,0,1,0],[2,3,7,22]]
[[0,0,0,0],[1,0,0,0],[0,1,0,0],[0,0,1,0],[0,8,15,22]]
[[0,0,0,0],[1,0,0,0],[0,1,0,0],[0,0,1,0],[3,3,3,22]]
[[0,0,0,0],[1,0,0,0],[0,1,0,0],[0,0,1,0],[10,16,21,22]]
[[0,0,0,0],[1,0,0,0],[0,1,0,0],[0,0,1,0],[2,16,7,22]]
[[0,0,0,0],[1,0,0,0],[0,1,0,0],[0,0,1,0],[8,20,19,22]]
[[0,0,0,0],[1,0,0,0],[0,1,0,0],[0,0,1,0],[4,4,1,22]]
[[0,0,0,0],[1,0,0,0],[0,1,0,0],[0,0,1,0],[1,1,13,22]]
[[0,0,0,0],[1,0,0,0],[0,1,0,0],[0,0,1,0],[4,13,17,22]]
[[0,0,0,0],[1,0,0,0],[0,1,0,0],[0,0,1,0],[3,9,9,22]]
[[0,0,0,0],[1,0,0,0],[0,1,0,0],[0,0,1,0],[4,4,15,22]]
[[0,0,0,0],[1,0,0,0],[0,1,0,0],[0,0,1,0],[4,12,13,22]]
[[0,0,0,0],[1,0,0,0],[0,1,0,0],[0,0,1,0],[0,6,17,22]]
[[0,0,0,0],[1,0,0,0],[0,1,0,0],[0,0,1,0],[1,5,13,22]]
[[0,0,0,0],[1,0,0,0],[0,1,0,0],[0,0,1,0],[2,8,17,22]]
[[0,0,0,0],[1,0,0,0],[0,1,0,0],[0,0,1,0],[14,16,21,22]]
[[0,0,0,0],[1,0,0,0],[0,1,0,0],[0,0,1,0],[2,2,15,22]]
[[0,0,0,0],[1,0,0,0],[0,1,0,0],[0,0,1,0],[2,15,17,22]]
[[0,0,0,0],[1,0,0,0],[0,1,0,0],[0,0,1,0],[3,3,15,22]]
[[0,0,0,0],[1,0,0,0],[0,1,0,0],[0,0,1,0],[1,5,9,22]]
[[0,0,0,0],[1,0,0,0],[0,1,0,0],[0,0,1,0],[2,6,3,22]]
[[0,0,0,0],[1,0,0,0],[0,1,0,0],[0,0,1,0],[1,1,17,22]]
[[0,0,0,0],[1,0,0,0],[0,1,0,0],[0,0,1,0],[4,6,17,22]]
[[0,0,0,0],[1,0,0,0],[0,1,0,0],[0,0,1,0],[7,13,17,22]]
[[0,0,0,0],[1,0,0,0],[0,1,0,0],[0,0,1,0],[1,5,5,22]]
[[0,0,0,0],[1,0,0,0],[0,1,0,0],[0,0,1,0],[6,8,20,22]]
[[0,0,0,0],[1,0,0,0],[0,1,0,0],[0,0,1,0],[3,7,9,22]]
[[0,0,0,0],[1,0,0,0],[0,1,0,0],[0,0,1,0],[12,14,21,22]]
[[0,0,0,0],[1,0,0,0],[0,1,0,0],[0,0,1,0],[16,16,19,22]]
[[0,0,0,0],[1,0,0,0],[0,1,0,0],[0,0,1,0],[4,8,17,22]]
[[0,0,0,0],[1,0,0,0],[0,1,0,0],[0,0,1,0],[12,16,21,22]]
[[0,0,0,0],[1,0,0,0],[0,1,0,0],[0,0,1,0],[2,14,18,22]]
[[0,0,0,0],[1,0,0,0],[0,1,0,0],[0,0,1,0],[4,10,21,22]]
[[0,0,0,0],[1,0,0,0],[0,1,0,0],[0,0,1,0],[2,10,13,22]]
[[0,0,0,0],[1,0,0,0],[0,1,0,0],[0,0,1,0],[1,3,17,22]]
[[0,0,0,0],[1,0,0,0],[0,1,0,0],[0,0,1,0],[8,1,3,22]]
[[0,0,0,0],[1,0,0,0],[0,1,0,0],[0,0,1,0],[11,11,1,22]]
[[0,0,0,0],[1,0,0,0],[0,1,0,0],[0,0,1,0],[3,13,21,22]]
[[0,0,0,0],[1,0,0,0],[0,1,0,0],[0,0,1,0],[6,20,21,22]]
[[0,0,0,0],[1,0,0,0],[0,1,0,0],[0,0,1,0],[6,6,21,22]]
[[0,0,0,0],[1,0,0,0],[0,1,0,0],[0,0,1,0],[5,21,21,22]]
[[0,0,0,0],[1,0,0,0],[0,1,0,0],[0,0,1,0],[14,21,21,22]]
[[0,0,0,0],[1,0,0,0],[0,1,0,0],[0,0,1,0],[8,8,18,22]]
[[0,0,0,0],[1,0,0,0],[0,1,0,0],[0,0,1,0],[2,6,9,22]]
[[0,0,0,0],[1,0,0,0],[0,1,0,0],[0,0,1,0],[8,12,3,22]]
[[0,0,0,0],[1,0,0,0],[0,1,0,0],[0,0,1,0],[1,1,1,22]]
[[0,0,0,0],[1,0,0,0],[0,1,0,0],[0,0,1,0],[2,12,20,22]]
[[0,0,0,0],[1,0,0,0],[0,1,0,0],[0,0,1,0],[8,12,14,22]]
[[0,0,0,0],[1,0,0,0],[0,1,0,0],[0,0,1,0],[4,16,5,22]]
[[0,0,0,0],[1,0,0,0],[0,1,0,0],[0,0,1,0],[10,18,21,22]]
[[0,0,0,0],[1,0,0,0],[0,1,0,0],[0,0,1,0],[3,5,7,22]]
[[0,0,0,0],[1,0,0,0],[0,1,0,0],[0,0,1,0],[3,5,21,22]]
[[0,0,0,0],[1,0,0,0],[0,1,0,0],[0,0,1,0],[4,8,1,22]]
[[0,0,0,0],[1,0,0,0],[0,1,0,0],[0,0,1,0],[4,8,15,22]]
[[0,0,0,0],[1,0,0,0],[0,1,0,0],[0,0,1,0],[2,1,9,22]]
[[0,0,0,0],[1,0,0,0],[0,1,0,0],[0,0,1,0],[4,14,16,22]]
[[0,0,0,0],[1,0,0,0],[0,1,0,0],[0,0,1,0],[2,6,1,22]]
[[0,0,0,0],[1,0,0,0],[0,1,0,0],[0,0,1,0],[4,6,21,22]]
[[0,0,0,0],[1,0,0,0],[0,1,0,0],[0,0,1,0],[7,7,19,22]]
[[0,0,0,0],[1,0,0,0],[0,1,0,0],[0,0,1,0],[1,1,7,22]]
[[0,0,0,0],[1,0,0,0],[0,1,0,0],[0,0,1,0],[4,1,7,22]]
[[0,0,0,0],[1,0,0,0],[0,1,0,0],[0,0,1,0],[4,4,4,22]]
[[0,0,0,0],[1,0,0,0],[0,1,0,0],[0,0,1,0],[1,5,17,22]]
[[0,0,0,0],[1,0,0,0],[0,1,0,0],[0,0,1,0],[3,17,17,22]]
[[0,0,0,0],[1,0,0,0],[0,1,0,0],[0,0,1,0],[4,8,19,22]]
[[0,0,0,0],[1,0,0,0],[0,1,0,0],[0,0,1,0],[6,14,3,22]]
[[0,0,0,0],[1,0,0,0],[0,1,0,0],[0,0,1,0],[8,13,13,22]]
[[0,0,0,0],[1,0,0,0],[0,1,0,0],[0,0,1,0],[10,12,1,22]]
[[0,0,0,0],[1,0,0,0],[0,1,0,0],[0,0,1,0],[1,3,19,22]]
[[0,0,0,0],[1,0,0,0],[0,1,0,0],[0,0,1,0],[4,8,21,22]]
[[0,0,0,0],[1,0,0,0],[0,1,0,0],[0,0,1,0],[6,8,1,22]]
[[0,0,0,0],[1,0,0,0],[0,1,0,0],[0,0,1,0],[14,14,21,22]]
[[0,0,0,0],[1,0,0,0],[0,1,0,0],[0,0,1,0],[3,3,21,22]]
[[0,0,0,0],[1,0,0,0],[0,1,0,0],[0,0,1,0],[1,9,9,22]]
[[0,0,0,0],[1,0,0,0],[0,1,0,0],[0,0,1,0],[2,2,8,22]]
[[0,0,0,0],[1,0,0,0],[0,1,0,0],[0,0,1,0],[6,10,7,22]]
[[0,0,0,0],[1,0,0,0],[0,1,0,0],[0,0,1,0],[11,11,12,22]]
[[0,0,0,0],[1,0,0,0],[0,1,0,0],[0,0,1,0],[8,8,21,22]]
[[0,0,0,0],[1,0,0,0],[0,1,0,0],[0,0,1,0],[1,3,15,22]]
[[0,0,0,0],[1,0,0,0],[0,1,0,0],[0,0,1,0],[1,3,9,22]]
[[0,0,0,0],[1,0,0,0],[0,1,0,0],[0,0,1,0],[2,6,7,22]]
[[0,0,0,0],[1,0,0,0],[0,1,0,0],[0,0,1,0],[2,12,15,22]]
[[0,0,0,0],[1,0,0,0],[0,1,0,0],[0,0,1,0],[12,12,7,22]]
[[0,0,0,0],[1,0,0,0],[0,1,0,0],[0,0,1,0],[8,8,13,22]]
[[0,0,0,0],[1,0,0,0],[0,1,0,0],[0,0,1,0],[2,6,15,22]]
[[0,0,0,0],[1,0,0,0],[0,1,0,0],[0,0,1,0],[1,1,15,22]]
[[0,0,0,0],[1,0,0,0],[0,1,0,0],[0,0,1,0],[0,4,19,22]]
[[0,0,0,0],[1,0,0,0],[0,1,0,0],[0,0,1,0],[0,14,9,22]]
[[0,0,0,0],[1,0,0,0],[0,1,0,0],[0,0,1,0],[4,12,7,22]]
[[0,0,0,0],[1,0,0,0],[0,1,0,0],[0,0,1,0],[11,4,8,22]]
[[0,0,0,0],[1,0,0,0],[0,1,0,0],[0,0,1,0],[2,20,1,22]]
[[0,0,0,0],[1,0,0,0],[0,1,0,0],[0,0,1,0],[2,14,13,22]]
[[0,0,0,0],[1,0,0,0],[0,1,0,0],[0,0,1,0],[8,10,16,22]]
[[0,0,0,0],[1,0,0,0],[0,1,0,0],[0,0,1,0],[10,16,19,22]]
[[0,0,0,0],[1,0,0,0],[0,1,0,0],[0,0,1,0],[6,10,18,22]]
[[0,0,0,0],[1,0,0,0],[0,1,0,0],[0,0,1,0],[6,6,17,22]]
[[0,0,0,0],[1,0,0,0],[0,1,0,0],[0,0,1,0],[11,13,21,22]]
[[0,0,0,0],[1,0,0,0],[0,1,0,0],[0,0,1,0],[2,2,13,22]]
[[0,0,0,0],[1,0,0,0],[0,1,0,0],[0,0,1,0],[3,3,17,22]]
[[0,0,0,0],[1,0,0,0],[0,1,0,0],[0,0,1,0],[3,5,13,22]]
[[0,0,0,0],[1,0,0,0],[0,1,0,0],[0,0,1,0],[4,12,18,22]]
[[0,0,0,0],[1,0,0,0],[0,1,0,0],[0,0,1,0],[2,8,13,22]]
[[0,0,0,0],[1,0,0,0],[0,1,0,0],[0,0,1,0],[11,2,10,22]]
[[0,0,0,0],[1,0,0,0],[0,1,0,0],[0,0,1,0],[1,7,13,22]]
[[0,0,0,0],[1,0,0,0],[0,1,0,0],[0,0,1,0],[10,10,5,22]]
[[0,0,0,0],[1,0,0,0],[0,1,0,0],[0,0,1,0],[13,21,21,22]]
[[0,0,0,0],[1,0,0,0],[0,1,0,0],[0,0,1,0],[7,21,21,22]]
[[0,0,0,0],[1,0,0,0],[0,1,0,0],[0,0,1,0],[4,6,3,22]]
[[0,0,0,0],[1,0,0,0],[0,1,0,0],[0,0,1,0],[2,13,19,22]]
[[0,0,0,0],[1,0,0,0],[0,1,0,0],[0,0,1,0],[12,16,17,22]]
[[0,0,0,0],[1,0,0,0],[0,1,0,0],[0,0,1,0],[2,8,1,22]]
[[0,0,0,0],[1,0,0,0],[0,1,0,0],[0,0,1,0],[2,10,21,22]]
[[0,0,0,0],[1,0,0,0],[0,1,0,0],[0,0,1,0],[2,4,13,22]]
[[0,0,0,0],[1,0,0,0],[0,1,0,0],[0,0,1,0],[5,5,19,22]]
