[[0,0,0,0],[1,0,0,0],[0,1,0,0],[0,0,1,0],[2,11,16,23]]
[[0,0,0,0],[1,0,0,0],[0,1,0,0],[0,0,1,0],[2,2,9,23]]
[[0,0,0,0],[1,0,0,0],[0,1,0,0],[0,0,1,0],[1,6,6,23]]
[[0,0,0,0],[1,0,0,0],[0,1,0,0],[0,0,1,0],[1,1,9,23]]
[[0,0,0,0],[1,0,0,0],[0,1,0,0],[0,0,1,0],[3,6,6,23]]
[[0,0,0,0],[1,0,0,0],[0,1,0,0],[0,0,1,0],[2,6,6,23]]
[[0,0,0,0],[1,0,0,0],[0,1,0,0],[0,0,1,0],[13,13,22,23]]
[[0,0,0,0],[1,0,0,0],[0,1,0,0],[0,0,1,0],[0,2,22,23]]
[[0,0,0,0],[1,0,0,0],[0,1,0,0],[0,0,1,0],[1,4,8,23]]
[[0,0,0,0],[1,0,0,0],[0,1,0,0],[0,0,1,0],[1,3,8,23]]
[[0,0,0,0],[1,0,0,0],[0,1,0,0],[0,0,1,0],[2,4,6,23]]
[[0,0,0,0],[1,0,0,0],[0,1,0,0],[0,0,1,0],[1,3,4,23]]
[[0,0,0,0],[1,0,0,0],[0,1,0,0],[0,0,1,0],[1,3,10,23]]
[[0,0,0,0],[1,0,0,0],[0,1,0,0],[0,0,1,0],[1,3,5,23]]
[[0,0,0,0],[1,0,0,0],[0,1,0,0],[0,0,1,0],[7,10,10,23]]
[[0,0,0,0],[1,0,0,0],[0,1,0,0],[0,0,1,0],[1,1,10,23]]
[[0,0,0,0],[1,0,0,0],[0,1,0,0],[0,0,1,0],[1,1,3,23]]
[[0,0,0,0],[1,0,0,0],[0,1,0,0],[0,0,1,0],[1,4,19,23]]
[[0,0,0,0],[1,0,0,0],[0,1,0,0],[0,0,1,0],[7,19,22,23]]
[[0,0,0,0],[1,0,0,0],[0,1,0,0],[0,0,1,0],[2,11,17,23]]
[[0,0,0,0],[1,0,0,0],[0,1,0,0],[0,0,1,0],[2,5,8,23]]
[[0,0,0,0],[1,0,0,0],[0,1,0,0],[0,0,1,0],[2,6,19,23]]
[[0,0,0,0],[1,0,0,0],[0,1,0,0],[0,0,1,0],[4,5,16,23]]
[[0,0,0,0],[1,0,0,0],[0,1,0,0],[0,0,1,0],[1,1,1,23]]
[[0,0,0,0],[1,0,0,0],[0,1,0,0],[0,0,1,0],[5,10,10,23]]
[[0,0,0,0],[1,0,0,0],[0,1,0,0],[0,0,1,0],[2,2,8,23]]
[[0,0,0,0],[1,0,0,0],[0,1,0,0],[0,0,1,0],[1,1,8,23]]
[[0,0,0,0],[1,0,0,0],[0,1,0,0],[0,0,1,0],[1,2,9,23]]
[[0,0,0,0],[1,0,0,0],[0,1,0,0],[0,0,1,0],[2,6,16,23]]
[[0,0,0,0],[1,0,0,0],[0,1,0,0],[0,0,1,0],[2,3,4,23]]
[[0,0,0,0],[1,0,0,0],[0,1,0,0],[0,0,1,0],[1,5,8,23]]
[[0,0,0,0],[1,0,0,0],[0,1,0,0],[0,0,1,0],[1,1,4,23]]
[[0,0,0,0],[1,0,0,0],[0,1,0,0],[0,0,1,0],[2,3,19,23]]
[[0,0,0,0],[1,0,0,0],[0,1,0,0],[0,0,1,0],[4,10,10,23]]
[[0,0,0,0],[1,0,0,0],[0,1,0,0],[0,0,1,0],[1,6,8,23]]
[[0,0,0,0],[1,0,0,0],[0,1,0,0],[0,0,1,0],[2,8,14,23]]
[[0,0,0,0],[1,0,0,0],[0,1,0,0],[0,0,1,0],[3,7,14,23]]
[[0,0,0,0],[1,0,0,0],[0,1,0,0],[0,0,1,0],[3,3,7,23]]
[[0,0,0,0],[1,0,0,0],[0,1,0,0],[0,0,1,0],[5,11,11,23]]
[[0,0,0,0],[1,0,0,0],[0,1,0,0],[0,0,1,0],[2,3,9,23]]
[[0,0,0,0],[1,0,0,0],[0,1,0,0],[0,0,1,0],[3,6,19,23]]
[[0,0,0,0],[1,0,0,0],[0,1,0,0],[0,0,1,0],[1,4,9,23]]
[[0,0,0,0],[1,0,0,0],[0,1,0,0],[0,0,1,0],[7,7,10,23]]
[[0,0,0,0],[1,0,0,0],[0,1,0,0],[0,0,1,0],[2,2,6,23]]
[[0,0,0,0],[1,0,0,0],[0,1,0,0],[0,0,1,0],[5,14,14,23]]
[[0,0,0,0],[1,0,0,0],[0,1,0,0],[0,0,1,0],[11,17,20,23]]
[[0,0,0,0],[1,0,0,0],[0,1,0,0],[0,0,1,0],[9,17,22,23]]
[[0,0,0,0],[1,0,0,0],[0,1,0,0],[0,0,1,0],[3,9,16,23]]
[[0,0,0,0],[1,0,0,0],[0,1,0,0],[0,0,1,0],[9,17,21,23]]
[[0,0,0,0],[1,0,0,0],[0,1,0,0],[0,0,1,0],[3,3,9,23]]
[[0,0,0,0],[1,0,0,0],[0,1,0,0],[0,0,1,0],[2,10,15,23]]
[[0,0,0,0],[1,0,0,0],[0,1,0,0],[0,0,1,0],[3,3,18,23]]
[[0,0,0,0],[1,0,0,0],[0,1,0,0],[0,0,1,0],[3,7,7,23]]
[[0,0,0,0],[1,0,0,0],[0,1,0,0],[0,0,1,0],[1,2,2,23]]
[[0,0,0,0],[1,0,0,0],[0,1,0,0],[0,0,1,0],[7,19,21,23]]
[[0,0,0,0],[1,0,0,0],[0,1,0,0],[0,0,1,0],[1,2,6,23]]
[[0,0,0,0],[1,0,0,0],[0,1,0,0],[0,0,1,0],[2,8,18,23]]
[[0,0,0,0],[1,0,0,0],[0,1,0,0],[0,0,1,0],[2,9,16,23]]
[[0,0,0,0],[1,0,0,0],[0,1,0,0],[0,0,1,0],[1,5,6,23]]
[[0,0,0,0],[1,0,0,0],[0,1,0,0],[0,0,1,0],[3,8,18,23]]
[[0,0,0,0],[1,0,0,0],[0,1,0,0],[0,0,1,0],[1,2,8,23]]
[[0,0,0,0],[1,0,0,0],[0,1,0,0],[0,0,1,0],[0,4,20,23]]
[[0,0,0,0],[1,0,0,0],[0,1,0,0],[0,0,1,0],[4,5,5,23]]
[[0,0,0,0],[1,0,0,0],[0,1,0,0],[0,0,1,0],[3,9,13,23]]
[[0,0,0,0],[1,0,0,0],[0,1,0,0],[0,0,1,0],[9,9,13,23]]
[[0,0,0,0],[1,0,0,0],[0,1,0,0],[0,0,1,0],[4,4,6,23]]
[[0,0,0,0],[1,0,0,0],[0,1,0,0],[0,0,1,0],[3,7,18,23]]
[[0,0,0,0],[1,0,0,0],[0,1,0,0],[0,0,1,0],[1,2,7,23]]
[[0,0,0,0],[1,0,0,0],[0,1,0,0],[0,0,1,0],[2,2,5,23]]
[[0,0,0,0],[1,0,0,0],[0,1,0,0],[0,0,1,0],[3,3,3,23]]
[[0,0,0,0],[1,0,0,0],[0,1,0,0],[0,0,1,0],[1,5,18,23]]
[[0,0,0,0],[1,0,0,0],[0,1,0,0],[0,0,1,0],[9,9,11,23]]
[[0,0,0,0],[1,0,0,0],[0,1,0,0],[0,0,1,0],[2,2,2,23]]
[[0,0,0,0],[1,0,0,0],[0,1,0,0],[0,0,1,0],[2,2,3,23]]
[[0,0,0,0],[1,0,0,0],[0,1,0,0],[0,0,1,0],[1,2,21,23]]
[[0,0,0,0],[1,0,0,0],[0,1,0,0],[0,0,1,0],[1,5,5,23]]
[[0,0,0,0],[1,0,0,0],[0,1,0,0],[0,0,1,0],[5,20,22,23]]
[[0,0,0,0],[1,0,0,0],[0,1,0,0],[0,0,1,0],[3,5,5,23]]
[[0,0,0,0],[1,0,0,0],[0,1,0,0],[0,0,1,0],[5,7,14,23]]
[[0,0,0,0],[1,0,0,0],[0,1,0,0],[0,0,1,0],[1,3,7,23]]
[[0,0,0,0],[1,0,0,0],[0,1,0,0],[0,0,1,0],[3,4,18,23]]
[[0,0,0,0],[1,0,0,0],[0,1,0,0],[0,0,1,0],[2,4,4,23]]
[[0,0,0,0],[1,0,0,0],[0,1,0,0],[0,0,1,0],[9,16,22,23]]
[[0,0,0,0],[1,0,0,0],[0,1,0,0],[0,0,1,0],[2,2,20,23]]
[[0,0,0,0],[1,0,0,0],[0,1,0,0],[0,0,1,0],[3,7,15,23]]
[[0,0,0,0],[1,0,0,0],[0,1,0,0],[0,0,1,0],[3,4,8,23]]
[[0,0,0,0],[1,0,0,0],[0,1,0,0],[0,0,1,0],[0,5,19,23]]
[[0,0,0,0],[1,0,0,0],[0,1,0,0],[0,0,1,0],[1,4,5,23]]
[[0,0,0,0],[1,0,0,0],[0,1,0,0],[0,0,1,0],[1,4,6,23]]
[[0,0,0,0],[1,0,0,0],[0,1,0,0],[0,0,1,0],[5,5,17,23]]
[[0,0,0,0],[1,0,0,0],[0,1,0,0],[0,0,1,0],[2,6,8,23]]
[[0,0,0,0],[1,0,0,0],[0,1,0,0],[0,0,1,0],[2,2,4,23]]
[[0,0,0,0],[1,0,0,0],[0,1,0,0],[0,0,1,0],[5,5,14,23]]
[[0,0,0,0],[1,0,0,0],[0,1,0,0],[0,0,1,0],[1,3,6,23]]
[[0,0,0,0],[1,0,0,0],[0,1,0,0],[0,0,1,0],[1,2,3,23]]
[[0,0,0,0],[1,0,0,0],[0,1,0,0],[0,0,1,0],[3,6,15,23]]
[[0,0,0,0],[1,0,0,0],[0,1,0,0],[0,0,1,0],[2,9,13,23]]
[[0,0,0,0],[1,0,0,0],[0,1,0,0],[0,0,1,0],[2,2,10,23]]
[[0,0,0,0],[1,0,0,0],[0,1,0,0],[0,0,1,0],[2,4,7,23]]
[[0,0,0,0],[1,0,0,0],[0,1,0,0],[0,0,1,0],[2,13,16,23]]
[[0,0,0,0],[1,0,0,0],[0,1,0,0],[0,0,1,0],[2,14,14,23]]
[[0,0,0,0],[1,0,0,0],[0,1,0,0],[0,0,1,0],[1,6,7,23]]
[[0,0,0,0],[1,0,0,0],[0,1,0,0],[0,0,1,0],[3,3,4,23]]
[[0,0,0,0],[1,0,0,0],[0,1,0,0],[0,0,1,0],[5,5,15,23]]
[[0,0,0,0],[1,0,0,0],[0,1,0,0],[0,0,1,0],[1,7,16,23]]
[[0,0,0,0],[1,0,0,0],[0,1,0,0],[0,0,1,0],[2,15,15,23]]
[[0,0,0,0],[1,0,0,0],[0,1,0,0],[0,0,1,0],[2,3,3,23]]
[[0,0,0,0],[1,0,0,0],[0,1,0,0],[0,0,1,0],[1,1,2,23]]
[[0,0,0,0],[1,0,0,0],[0,1,0,0],[0,0,1,0],[5,7,15,23]]
[[0,0,0,0],[1,0,0,0],[0,1,0,0],[0,0,1,0],[4,4,16,23]]
[[0,0,0,0],[1,0,0,0],[0,1,0,0],[0,0,1,0],[2,5,20,23]]
[[0,0,0,0],[1,0,0,0],[0,1,0,0],[0,0,1,0],[4,9,16,23]]
[[0,0,0,0],[1,0,0,0],[0,1,0,0],[0,0,1,0],[2,7,15,23]]
[[0,0,0,0],[1,0,0,0],[0,1,0,0],[0,0,1,0],[1,1,11,23]]
[[0,0,0,0],[1,0,0,0],[0,1,0,0],[0,0,1,0],[2,8,17,23]]
[[0,0,0,0],[1,0,0,0],[0,1,0,0],[0,0,1,0],[2,11,14,23]]
[[0,0,0,0],[1,0,0,0],[0,1,0,0],[0,0,1,0],[1,3,9,23]]
[[0,0,0,0],[1,0,0,0],[0,1,0,0],[0,0,1,0],[0,0,1,23]]
[[0,0,0,0],[1,0,0,0],[0,1,0,0],[0,0,1,0],[2,11,11,23]]
[[0,0,0,0],[1,0,0,0],[0,1,0,0],[0,0,1,0],[2,10,16,23]]
[[0,0,0,0],[1,0,0,0],[0,1,0,0],[0,0,1,0],[3,3,19,23]]
[[0,0,0,0],[1,0,0,0],[0,1,0,0],[0,0,1,0],[2,3,7,23]]
[[0,0,0,0],[1,0,0,0],[0,1,0,0],[0,0,1,0],[3,5,16,23]]
[[0,0,0,0],[1,0,0,0],[0,1,0,0],[0,0,1,0],[1,3,20,23]]
[[0,0,0,0],[1,0,0,0],[0,1,0,0],[0,0,1,0],[5,5,7,23]]
[[0,0,0,0],[1,0,0,0],[0,1,0,0],[0,0,1,0],[3,4,4,23]]
[[0,0,0,0],[1,0,0,0],[0,1,0,0],[0,0,1,0],[3,6,16,23]]
[[0,0,0,0],[1,0,0,0],[0,1,0,0],[0,0,1,0],[2,4,5,23]]
[[0,0,0,0],[1,0,0,0],[0,1,0,0],[0,0,1,0],[1,1,6,23]]
[[0,0,0,0],[1,0,0,0],[0,1,0,0],[0,0,1,0],[2,5,5,23]]
[[0,0,0,0],[1,0,0,0],[0,1,0,0],[0,0,1,0],[3,22,22,23]]
[[0,0,0,0],[1,0,0,0],[0,1,0,0],[0,0,1,0],[1,1,7,23]]
[[0,0,0,0],[1,0,0,0],[0,1,0,0],[0,0,1,0],[1,7,7,23]]
[[0,0,0,0],[1,0,0,0],[0,1,0,0],[0,0,1,0],[1,4,4,23]]
[[0,0,0,0],[1,0,0,0],[0,1,0,0],[0,0,1,0],[1,1,5,23]]
[[0,0,0,0],[1,0,0,0],[0,1,0,0],[0,0,1,0],[2,13,15,23]]
[[0,0,0,0],[1,0,0,0],[0,1,0,0],[0,0,1,0],[1,3,3,23]]
[[0,0,0,0],[1,0,0,0],[0,1,0,0],[0,0,1,0],[1,1,22,23]]
[[0,0,0,0],[1,0,0,0],[0,1,0,0],[0,0,1,0],[2,9,18,23]]
[[0,0,0,0],[1,0,0,0],[0,1,0,0],[0,0,1,0],[4,9,17,23]]
[[0,0,0,0],[1,0,0,0],[0,1,0,0],[0,0,1,0],[3,13,13,23]]
[[0,0,0,0],[1,0,0,0],[0,1,0,0],[0,0,1,0],[2,3,8,23]]
[[0,0,0,0],[1,0,0,0],[0,1,0,0],[0,0,1,0],[2,3,5,23]]
[[0,0,0,0],[1,0,0,0],[0,1,0,0],[0,0,1,0],[1,2,10,23]]
[[0,0,0,0],[1,0,0,0],[0,1,0,0],[0,0,1,0],[2,2,7,23]]
[[0,0,0,0],[1,0,0,0],[0,1,0,0],[0,0,1,0],[1,4,7,23]]
[[0,0,0,0],[1,0,0,0],[0,1,0,0],[0,0,1,0],[1,2,4,23]]
[[0,0,0,0],[1,0,0,0],[0,1,0,0],[0,0,1,0],[1,7,8,23]]
[[0,0,0,0],[1,0,0,0],[0,1,0,0],[0,0,1,0],[2,4,9,23]]
[[0,0,0,0],[1,0,0,0],[0,1,0,0],[0,0,1,0],[2,5,17,23]]
[[0,0,0,0],[1,0,0,0],[0,1,0,0],[0,0,1,0],[7,21,21,23]]
[[0,0,0,0],[1,0,0,0],[0,1,0,0],[0,0,1,0],[1,5,7,23]]
[[0,0,0,0],[1,0,0,0],[0,1,0,0],[0,0,1,0],[1,2,5,23]]
[[0,0,0,0],[1,0,0,0],[0,1,0,0],[0,0,1,0],[2,4,8,23]]
[[0,0,0,0],[1,0,0,0],[0,1,0,0],[0,0,1,0],[2,7,18,23]]
[[0,0,0,0],[1,0,0,0],[0,1,0,0],[0,0,1,0],[4,22,22,23]]
[[0,0,0,0],[1,0,0,0],[0,1,0,0],[0,0,1,0],[1,5,9,23]]
[[0,0,0,0],[1,0,0,0],[0,1,0,0],[0,0,1,0],[2,4,18,23]]
[[0,0,0,0],[1,0,0,0],[0,1,0,0],[0,0,1,0],[0,3,21,23]]
[[0,0,0,0],[1,0,0,0],[0,1,0,0],[0,0,1,0],[2,3,6,23]]
[[0,0,0,0],[1,0,0,0],[0,1,0,0],[0,0,1,0],[2,5,7,23]]
[[0,0,0,0],[1,0,0,0],[0,1,0,0],[0,0,1,0],[3,11,11,23]]
[[0,0,0,0],[1,0,0,0],[0,1,0,0],[0,0,1,0],[4,4,17,23]]
