[[0,0],[1,0],[0,1]]
[[0,0],[1,0],[0,1],[1,1]]
[[0,0],[1,0],[0,1],[-2,1]]
[[0,0],[1,0],[0,1],[-3,1]]
[[0,0],[1,0],[0,2],[1,2]]
[[0,0],[2,0],[0,2]]
[[0,0],[1,0],[0,1],[-4,1]]
[[0,0],[2,0],[0,1],[-3,1]]
[[0,0],[1,0],[0,1],[2,1],[1,2],[2,2]]
[[0,0],[1,0],[0,3],[1,3]]
[[0,0],[2,0],[0,1],[-4,1]]
[[0,0],[1,0],[0,1],[-5,1]]
[[0,0],[1,0],[0,1],[-2,1],[-4,3]]
[[0,0],[3,0],[0,1],[-4,1]]
[[0,0],[2,0],[0,1],[-5,1]]
[[0,0],[1,0],[0,1],[-6,1]]
[[0,0],[2,0],[0,1],[-6,1]]
[[0,0],[1,0],[1,2],[-2,2]]
[[0,0],[1,0],[0,4],[1,4]]
[[0,0],[3,0],[0,1],[-5,1]]
[[0,0],[1,0],[0,1],[-7,1]]
[[0,0],[2,0],[0,2],[2,2]]
[[0,0],[1,0],[0,1],[-8,1]]
[[0,0],[4,0],[0,1],[-5,1]]
[[0,0],[3,0],[0,1],[-6,1]]
[[0,0],[3,0],[0,3]]
[[0,0],[2,0],[0,1],[-7,1]]
[[0,0],[1,0],[0,5],[1,5]]
[[0,0],[4,0],[0,1],[-6,1]]
[[0,0],[1,0],[0,1],[3,2],[2,3],[3,3]]
[[0,0],[1,0],[0,1],[3,1],[1,2],[4,2]]
[[0,0],[2,0],[0,1],[-8,1]]
[[0,0],[1,0],[0,1],[-9,1]]
[[0,0],[3,0],[0,1],[-7,1]]
[[0,0],[5,0],[0,1],[-6,1]]
[[0,0],[1,0],[0,1],[1,2],[5,2]]
[[0,0],[3,0],[0,1],[-8,1]]
[[0,0],[2,0],[0,1],[-9,1]]
[[0,0],[1,0],[0,1],[-10,1]]
[[0,0],[4,0],[0,1],[-7,1]]
[[0,0],[1,0],[0,1],[-4,2],[-6,4]]
[[0,0],[4,0],[0,1],[-8,1]]
[[0,0],[1,0],[0,6],[1,6]]
[[0,0],[2,0],[0,1],[-10,1]]
[[0,0],[5,0],[0,1],[-7,1]]
[[0,0],[2,0],[0,2],[-4,2]]
[[0,0],[3,0],[0,1],[-9,1]]
[[0,0],[1,0],[0,1],[-11,1]]
[[0,0],[1,0],[1,2],[-4,2]]
[[0,0],[2,0],[0,3],[2,3]]
[[0,0],[2,0],[0,1],[-11,1]]
[[0,0],[6,0],[0,1],[-7,1]]
[[0,0],[4,0],[0,1],[-9,1]]
[[0,0],[1,0],[0,1],[-12,1]]
[[0,0],[5,0],[0,1],[-8,1]]
[[0,0],[3,0],[0,1],[-10,1]]
[[0,0],[2,0],[0,1],[3,1],[2,3],[3,3]]
[[0,0],[6,0],[0,1],[-8,1]]
[[0,0],[1,0],[0,7],[1,7]]
[[0,0],[1,0],[0,1],[4,1],[1,2],[6,2]]
[[0,0],[1,0],[0,1],[-13,1]]
[[0,0],[1,0],[0,1],[2,1],[1,3],[3,3],[2,4],[3,4]]
[[0,0],[2,0],[0,1],[-3,1],[-9,4]]
[[0,0],[4,0],[0,1],[-10,1]]
[[0,0],[1,0],[0,1],[4,3],[3,4],[4,4]]
[[0,0],[3,0],[0,1],[-11,1]]
[[0,0],[2,0],[0,1],[4,1],[1,2],[5,2]]
[[0,0],[5,0],[0,1],[-9,1]]
[[0,0],[2,0],[0,1],[-12,1]]
[[0,0],[5,0],[0,1],[-10,1]]
[[0,0],[1,0],[0,1],[2,1],[3,3],[1,3],[3,5]]
[[0,0],[1,0],[0,1],[1,2],[7,2]]
[[0,0],[1,0],[0,1],[-6,3],[-8,5]]
[[0,0],[1,0],[1,3],[-3,3]]
[[0,0],[2,0],[0,1],[1,2],[6,2]]
[[0,0],[7,0],[0,1],[-8,1]]
[[0,0],[2,0],[0,1],[-13,1]]
[[0,0],[4,0],[0,1],[-11,1]]
[[0,0],[6,0],[0,1],[-9,1]]
[[0,0],[3,0],[0,1],[-12,1]]
[[0,0],[1,0],[0,1],[-14,1]]
[[0,0],[3,0],[0,1],[-13,1]]
[[0,0],[1,0],[0,8],[1,8]]
[[0,0],[2,0],[0,4],[2,4]]
[[0,0],[4,0],[0,1],[-12,1]]
[[0,0],[1,0],[1,2],[-6,2]]
[[0,0],[5,0],[0,1],[-11,1]]
[[0,0],[7,0],[0,1],[-9,1]]
[[0,0],[2,0],[0,1],[-14,1]]
[[0,0],[3,0],[1,2],[-4,2]]
[[0,0],[6,0],[0,1],[-10,1]]
[[0,0],[1,0],[0,1],[-15,1]]
[[0,0],[1,0],[0,1],[3,1],[5,3],[2,3]]
[[0,0],[2,0],[0,2],[-6,2]]
[[0,0],[3,0],[0,2],[1,2],[2,-2],[3,-2]]
[[0,0],[4,0],[0,4]]
[[0,0],[2,0],[0,1],[-15,1]]
[[0,0],[4,0],[0,1],[-13,1]]
[[0,0],[1,0],[0,1],[-16,1]]
[[0,0],[3,0],[0,1],[-14,1]]
[[0,0],[5,0],[0,1],[-12,1]]
[[0,0],[8,0],[0,1],[-9,1]]
[[0,0],[6,0],[0,1],[-11,1]]
[[0,0],[7,0],[0,1],[-10,1]]
[[0,0],[1,0],[1,2],[-2,2],[-2,5]]
[[0,0],[1,0],[0,1],[5,4],[4,5],[5,5]]
[[0,0],[8,0],[0,1],[-10,1]]
[[0,0],[1,0],[0,1],[5,1],[1,2],[8,2]]
[[0,0],[1,0],[0,1],[-17,1]]
[[0,0],[3,0],[0,3],[3,3]]
[[0,0],[1,0],[0,1],[2,1],[3,3],[2,5],[3,6]]
[[0,0],[1,0],[0,9],[1,9]]
[[0,0],[7,0],[0,1],[-11,1]]
[[0,0],[4,0],[0,1],[-14,1]]
[[0,0],[6,0],[0,1],[-12,1]]
[[0,0],[3,0],[0,1],[-15,1]]
[[0,0],[3,0],[0,1],[5,1],[1,2],[6,2]]
[[0,0],[2,0],[0,1],[5,1],[1,2],[7,2]]
[[0,0],[5,0],[0,1],[-13,1]]
[[0,0],[2,0],[0,1],[-16,1]]
[[0,0],[5,0],[0,1],[-14,1]]
[[0,0],[1,0],[0,1],[-6,2],[-4,3],[-8,3]]
[[0,0],[1,0],[0,1],[2,1],[1,3],[5,7]]
[[0,0],[1,0],[0,1],[1,2],[9,2]]
[[0,0],[7,0],[0,1],[-12,1]]
[[0,0],[8,0],[0,1],[-11,1]]
[[0,0],[3,0],[0,1],[1,2],[7,2]]
[[0,0],[6,0],[0,1],[-13,1]]
[[0,0],[2,0],[0,1],[1,2],[8,2]]
[[0,0],[2,0],[0,1],[-17,1]]
[[0,0],[2,0],[0,1],[4,2],[3,4],[4,4]]
[[0,0],[4,0],[0,1],[-15,1]]
[[0,0],[3,0],[0,1],[-16,1]]
[[0,0],[1,0],[0,1],[-8,4],[-10,6]]
[[0,0],[9,0],[0,1],[-10,1]]
[[0,0],[1,0],[0,1],[-18,1]]
[[0,0],[6,0],[0,1],[-14,1]]
[[0,0],[3,0],[0,1],[-17,1]]
[[0,0],[4,0],[0,1],[-16,1]]
[[0,0],[1,0],[0,1],[2,3],[7,3]]
[[0,0],[5,0],[0,1],[-15,1]]
[[0,0],[2,0],[0,1],[-18,1]]
[[0,0],[9,0],[0,1],[-11,1]]
[[0,0],[2,0],[0,2],[-8,2]]
[[0,0],[2,0],[0,5],[2,5]]
[[0,0],[8,0],[0,1],[-12,1]]
[[0,0],[1,0],[0,1],[-19,1]]
[[0,0],[1,0],[1,2],[-8,2]]
[[0,0],[1,0],[0,10],[1,10]]
[[0,0],[1,0],[0,1],[3,2],[1,3],[4,4],[3,5],[4,5]]
[[0,0],[4,0],[0,2],[-6,2]]
[[0,0],[2,0],[0,1],[-6,2],[-12,5]]
[[0,0],[7,0],[0,1],[-13,1]]
[[0,0],[3,0],[1,2],[-6,2]]
[[0,0],[2,0],[2,3],[-3,3]]
[[0,0],[2,0],[0,1],[-19,1]]
[[0,0],[1,0],[0,1],[-4,2],[-3,3],[-7,4],[-9,6]]
[[0,0],[4,0],[0,1],[-17,1]]
[[0,0],[1,0],[0,1],[-20,1]]
[[0,0],[10,0],[0,1],[-11,1]]
[[0,0],[3,0],[0,1],[-18,1]]
[[0,0],[7,0],[0,1],[-14,1]]
[[0,0],[5,0],[0,1],[-16,1]]
[[0,0],[8,0],[0,1],[-13,1]]
[[0,0],[1,0],[1,3],[3,3],[3,6],[4,6],[4,5],[0,-1],[2,5]]
[[0,0],[9,0],[0,1],[-12,1]]
[[0,0],[6,0],[0,1],[-15,1]]
[[0,0],[1,0],[0,11],[1,11]]
[[0,0],[8,0],[0,1],[-14,1]]
[[0,0],[2,0],[2,4],[4,4],[0,-1],[1,-1],[3,5],[4,5]]
[[0,0],[3,0],[0,1],[1,1],[6,-3],[3,-3]]
[[0,0],[1,0],[0,1],[-21,1]]
[[0,0],[1,0],[0,1],[6,1],[1,2],[10,2]]
[[0,0],[1,0],[0,1],[4,4],[3,1],[1,3],[4,2],[2,4]]
[[0,0],[1,0],[0,1],[6,5],[5,6],[6,6]]
[[0,0],[7,0],[0,1],[-15,1]]
[[0,0],[3,0],[0,1],[4,1],[3,4],[4,4]]
[[0,0],[1,0],[0,2],[5,2],[1,3],[6,3]]
[[0,0],[4,0],[0,1],[-18,1]]
[[0,0],[6,0],[0,1],[-16,1]]
[[0,0],[3,0],[0,1],[-19,1]]
[[0,0],[3,0],[0,1],[6,1],[1,2],[8,2]]
[[0,0],[4,0],[0,1],[6,1],[1,2],[7,2]]
[[0,0],[10,0],[0,1],[-12,1]]
[[0,0],[5,0],[0,1],[-17,1]]
[[0,0],[2,0],[0,1],[4,1],[2,3],[6,3]]
[[0,0],[2,0],[0,1],[6,1],[1,2],[9,2]]
[[0,0],[1,0],[6,8],[7,9],[-6,-9],[-5,-8]]
[[0,0],[9,0],[0,1],[-13,1]]
[[0,0],[2,0],[0,1],[-20,1]]
[[0,0],[5,0],[0,1],[-18,1]]
[[0,0],[9,0],[0,1],[-14,1]]
[[0,0],[1,0],[0,1],[1,2],[11,2]]
[[0,0],[7,0],[0,1],[-16,1]]
[[0,0],[11,0],[0,1],[-12,1]]
[[0,0],[8,0],[0,1],[-15,1]]
[[0,0],[3,0],[0,1],[1,2],[9,2]]
[[0,0],[1,0],[0,1],[2,1],[4,5],[2,5],[4,7]]
[[0,0],[6,0],[0,1],[-17,1]]
[[0,0],[2,0],[0,1],[1,2],[10,2]]
[[0,0],[1,0],[0,1],[-10,5],[-12,7]]
[[0,0],[1,0],[0,2],[1,3],[7,3]]
[[0,0],[2,0],[0,1],[-21,1]]
[[0,0],[3,0],[0,1],[-4,1],[-16,5]]
[[0,0],[4,0],[0,1],[-19,1]]
[[0,0],[1,0],[1,2],[-3,3],[-3,6]]
[[0,0],[3,0],[0,1],[-20,1]]
[[0,0],[4,0],[0,1],[1,2],[8,2]]
[[0,0],[1,0],[0,1],[-22,1]]
[[0,0],[10,0],[0,1],[-13,1]]
[[0,0],[1,0],[0,1],[4,1],[6,2],[1,2],[3,3],[7,3]]
[[0,0],[6,0],[0,1],[-18,1]]
[[0,0],[3,0],[0,1],[-21,1]]
[[0,0],[1,0],[1,3],[-6,3]]
[[0,0],[4,0],[0,1],[-20,1]]
[[0,0],[10,0],[0,1],[-14,1]]
[[0,0],[5,0],[0,1],[-19,1]]
[[0,0],[1,0],[1,2],[-10,2]]
[[0,0],[4,0],[0,2],[-8,2]]
[[0,0],[9,0],[0,1],[-15,1]]
[[0,0],[2,0],[0,1],[-22,1]]
[[0,0],[5,0],[1,2],[-6,2]]
[[0,0],[3,0],[0,4],[3,4]]
[[0,0],[2,0],[0,2],[4,2],[2,4],[4,4]]
[[0,0],[3,0],[1,2],[-8,2]]
[[0,0],[11,0],[0,1],[-13,1]]
[[0,0],[8,0],[0,1],[-16,1]]
[[0,0],[1,0],[0,12],[1,12]]
[[0,0],[2,0],[0,6],[2,6]]
[[0,0],[1,0],[0,1],[4,1],[1,2],[3,3],[8,3]]
[[0,0],[1,0],[0,1],[-4,2],[-3,3],[-10,6],[-11,7]]
[[0,0],[1,0],[0,1],[-23,1]]
[[0,0],[1,0],[1,4],[-4,4]]
[[0,0],[2,0],[0,2],[-10,2]]
[[0,0],[7,0],[0,1],[-17,1]]
[[0,0],[2,0],[0,1],[-23,1]]
[[0,0],[1,0],[0,1],[-3,3],[-4,2],[-13,8]]
[[0,0],[12,0],[0,1],[-13,1]]
[[0,0],[4,0],[0,1],[-21,1]]
[[0,0],[1,0],[0,1],[-24,1]]
[[0,0],[10,0],[0,1],[-15,1]]
[[0,0],[3,0],[0,1],[-22,1]]
[[0,0],[2,0],[0,1],[-8,2],[-6,3],[-11,3]]
[[0,0],[7,0],[0,1],[-18,1]]
[[0,0],[5,0],[0,1],[-20,1]]
[[0,0],[11,0],[0,1],[-14,1]]
[[0,0],[8,0],[0,1],[-17,1]]
[[0,0],[9,0],[0,1],[-16,1]]
[[0,0],[2,0],[0,1],[5,3],[4,5],[5,5]]
[[0,0],[5,0],[0,5]]
[[0,0],[1,0],[0,1],[4,1],[8,3],[2,3]]
[[0,0],[1,0],[3,5],[4,10],[-1,-3],[-1,-4],[5,12],[5,11]]
[[0,0],[6,0],[0,1],[-19,1]]
[[0,0],[1,0],[0,1],[-3,3],[-3,1],[-5,4],[-8,4],[-7,3]]
[[0,0],[4,0],[0,1],[7,1],[1,2],[9,2]]
[[0,0],[8,0],[0,1],[-18,1]]
[[0,0],[1,0],[0,1],[-3,1],[-3,3],[-5,2],[-9,6]]
[[0,0],[1,0],[0,1],[-25,1]]
[[0,0],[2,0],[0,1],[2,3],[8,3]]
[[0,0],[2,0],[0,1],[3,1],[1,3],[4,3],[4,6]]
[[0,0],[1,0],[0,1],[3,2],[4,4],[2,5],[4,7]]
[[0,0],[7,0],[0,1],[-19,1]]
[[0,0],[1,0],[0,1],[7,1],[1,2],[12,2]]
[[0,0],[1,0],[0,1],[1,2],[5,4],[7,3],[8,4]]
[[0,0],[4,0],[0,1],[-22,1]]
[[0,0],[6,0],[0,1],[-20,1]]
[[0,0],[5,0],[0,1],[7,1],[1,2],[8,2]]
[[0,0],[3,0],[0,1],[-23,1]]
[[0,0],[1,0],[0,13],[1,13]]
[[0,0],[10,0],[0,1],[-16,1]]
[[0,0],[1,0],[0,1],[7,6],[6,7],[7,7]]
[[0,0],[5,0],[0,1],[-21,1]]
[[0,0],[11,0],[0,1],[-15,1]]
[[0,0],[2,0],[0,1],[-9,3],[-15,6]]
[[0,0],[2,0],[0,1],[7,1],[1,2],[11,2]]
[[0,0],[12,0],[0,1],[-14,1]]
[[0,0],[2,0],[0,1],[-24,1]]
[[0,0],[9,0],[0,1],[-17,1]]
[[0,0],[3,0],[0,1],[7,1],[1,2],[10,2]]
[[0,0],[1,0],[0,1],[1,3],[4,3],[5,5],[4,6],[5,6]]
[[0,0],[5,0],[0,1],[-22,1]]
[[0,0],[1,0],[0,1],[1,2],[5,2],[9,6]]
[[0,0],[9,0],[0,1],[-18,1]]
[[0,0],[1,0],[0,1],[1,2],[13,2]]
[[0,0],[4,0],[0,2],[2,2],[3,-3],[4,-3]]
[[0,0],[7,0],[0,1],[-20,1]]
[[0,0],[11,0],[0,1],[-16,1]]
[[0,0],[8,0],[0,1],[-19,1]]
[[0,0],[3,0],[0,1],[1,2],[11,2]]
[[0,0],[6,0],[0,1],[-21,1]]
[[0,0],[2,0],[0,1],[1,2],[12,2]]
[[0,0],[1,0],[0,1],[-6,2],[-6,4],[-10,4]]
[[0,0],[12,0],[0,1],[-15,1]]
[[0,0],[2,0],[0,1],[-25,1]]
[[0,0],[1,0],[0,1],[1,2],[3,3],[7,2],[9,3]]
[[0,0],[4,0],[0,1],[-23,1]]
[[0,0],[5,0],[0,1],[1,2],[9,2]]
[[0,0],[1,0],[0,1],[-3,3],[-6,3],[-9,5],[-11,7]]
[[0,0],[3,0],[0,1],[-24,1]]
[[0,0],[4,0],[0,1],[1,2],[10,2]]
[[0,0],[1,0],[0,1],[-12,6],[-14,8]]
[[0,0],[13,0],[0,1],[-14,1]]
[[0,0],[1,0],[0,1],[-26,1]]
[[0,0],[3,0],[0,3],[-6,3]]
[[0,0],[10,0],[0,1],[-17,1]]
[[0,0],[1,0],[0,1],[-8,2],[-4,3],[-11,3]]
[[0,0],[6,0],[0,1],[-22,1]]
[[0,0],[3,0],[0,1],[-25,1]]
[[0,0],[2,0],[0,2],[-12,2]]
[[0,0],[1,0],[0,1],[2,1],[3,3],[3,10]]
[[0,0],[4,0],[0,1],[-24,1]]
[[0,0],[10,0],[0,1],[-18,1]]
[[0,0],[5,0],[0,1],[-23,1]]
[[0,0],[1,0],[0,14],[1,14]]
[[0,0],[2,0],[0,1],[-26,1]]
[[0,0],[9,0],[0,1],[-19,1]]
[[0,0],[1,0],[1,2],[-12,2]]
[[0,0],[11,0],[0,1],[-17,1]]
[[0,0],[12,0],[0,1],[-16,1]]
[[0,0],[8,0],[0,1],[-20,1]]
[[0,0],[2,0],[0,2],[-4,2],[-8,6]]
[[0,0],[3,0],[0,1],[1,1],[7,-4],[4,-4]]
[[0,0],[6,0],[0,2],[-8,2]]
[[0,0],[5,0],[0,2],[-1,2],[2,-1],[3,1],[-1,1],[5,-2],[6,-1],[6,-2]]
[[0,0],[1,0],[4,10],[5,12],[-4,-12],[-3,-10]]
[[0,0],[13,0],[0,1],[-15,1]]
[[0,0],[5,0],[1,2],[-8,2]]
[[0,0],[1,0],[0,1],[-27,1]]
[[0,0],[3,0],[0,1],[5,1],[2,3],[7,3]]
[[0,0],[4,0],[0,2],[-10,2]]
[[0,0],[1,0],[0,2],[3,2],[1,4],[4,4],[3,6],[4,6]]
[[0,0],[2,0],[0,2],[6,2],[1,3],[7,3]]
[[0,0],[2,0],[0,7],[2,7]]
[[0,0],[7,0],[0,1],[-21,1]]
[[0,0],[3,0],[1,2],[-10,2]]
[[0,0],[2,0],[0,1],[-27,1]]
[[0,0],[2,0],[0,1],[5,1],[7,2],[1,2],[3,3],[8,3]]
[[0,0],[1,0],[0,1],[2,3],[10,3]]
[[0,0],[12,0],[0,1],[-17,1]]
[[0,0],[1,0],[0,1],[3,2],[4,4],[3,7],[4,8]]
[[0,0],[1,0],[0,1],[-28,1]]
[[0,0],[4,0],[0,1],[-25,1]]
[[0,0],[10,0],[0,1],[-19,1]]
[[0,0],[1,0],[1,2],[-4,4],[-4,7]]
[[0,0],[14,0],[0,1],[-15,1]]
[[0,0],[3,0],[0,1],[-26,1]]
[[0,0],[1,0],[0,1],[5,6],[2,1],[1,3],[4,4],[3,6],[5,8]]
[[0,0],[2,0],[3,5],[4,5],[-1,-3],[2,4],[4,4],[0,-3],[-1,-4]]
[[0,0],[13,0],[0,1],[-16,1]]
[[0,0],[7,0],[0,1],[-22,1]]
[[0,0],[5,0],[0,1],[-24,1]]
[[0,0],[11,0],[0,1],[-18,1]]
[[0,0],[1,0],[0,2],[3,2],[4,4],[1,4],[4,7]]
[[0,0],[8,0],[0,1],[-21,1]]
[[0,0],[9,0],[0,1],[-20,1]]
[[0,0],[6,0],[0,1],[-23,1]]
[[0,0],[2,0],[0,2],[1,3],[8,3]]
[[0,0],[1,0],[0,1],[8,1],[1,2],[14,2]]
[[0,0],[1,0],[0,1],[4,1],[6,2],[1,2],[5,4],[8,4]]
[[0,0],[3,0],[0,1],[5,2],[4,5],[5,5]]
[[0,0],[1,0],[0,1],[-6,4],[-9,3],[-11,4]]
[[0,0],[8,0],[0,1],[-22,1]]
[[0,0],[2,0],[3,6],[5,6],[0,-1],[1,-1],[4,7],[5,7]]
[[0,0],[2,0],[0,1],[3,1],[1,3],[5,5],[4,6],[5,6]]
[[0,0],[1,0],[0,1],[-29,1]]
[[0,0],[14,0],[0,1],[-16,1]]
[[0,0],[5,0],[0,1],[8,1],[1,2],[10,2]]
[[0,0],[1,0],[0,15],[1,15]]
[[0,0],[13,0],[0,1],[-17,1]]
[[0,0],[7,0],[0,1],[-23,1]]
[[0,0],[3,0],[0,5],[3,5]]
[[0,0],[1,0],[0,2],[2,1],[1,4],[6,9]]
[[0,0],[1,0],[0,1],[1,3],[3,1],[5,5],[5,3],[3,5]]
[[0,0],[1,0],[0,1],[-3,3],[-5,4],[-6,2],[-9,4],[-8,3]]
[[0,0],[1,0],[0,1],[-3,3],[-6,3],[-12,7],[-13,8]]
[[0,0],[2,0],[0,1],[4,1],[7,4],[3,4]]
[[0,0],[4,0],[0,1],[-26,1]]
[[0,0],[6,0],[0,1],[-24,1]]
[[0,0],[3,0],[0,1],[-27,1]]
[[0,0],[6,0],[0,1],[8,1],[1,2],[9,2]]
[[0,0],[1,0],[0,2],[3,1],[4,5],[1,4],[4,2],[2,5]]
[[0,0],[4,0],[0,3],[1,3],[3,-3],[4,-3]]
[[0,0],[4,0],[0,1],[8,1],[1,2],[11,2]]
[[0,0],[2,0],[0,1],[8,1],[1,2],[13,2]]
[[0,0],[10,0],[0,1],[-20,1]]
[[0,0],[11,0],[0,1],[-19,1]]
[[0,0],[5,0],[0,1],[-25,1]]
[[0,0],[2,0],[0,1],[5,1],[1,2],[3,3],[9,3]]
[[0,0],[2,0],[2,3],[-6,3]]
[[0,0],[1,0],[0,1],[3,1],[1,3],[6,3],[7,4],[2,4]]
[[0,0],[3,0],[0,1],[8,1],[1,2],[12,2]]
[[0,0],[12,0],[0,1],[-18,1]]
[[0,0],[2,0],[0,1],[-28,1]]
[[0,0],[9,0],[0,1],[-21,1]]
[[0,0],[1,0],[0,1],[8,7],[7,8],[8,8]]
[[0,0],[1,0],[3,10],[-2,-10],[2,8],[3,11],[-1,-8],[-2,-11]]
[[0,0],[5,0],[0,1],[-26,1]]
[[0,0],[14,0],[0,1],[-17,1]]
[[0,0],[1,0],[0,1],[-6,3],[-12,9]]
[[0,0],[2,0],[0,1],[5,1],[2,3],[9,3]]
[[0,0],[9,0],[0,1],[-22,1]]
[[0,0],[1,0],[0,1],[1,2],[15,2]]
[[0,0],[1,0],[0,1],[-3,3],[-6,3],[-15,9]]
[[0,0],[7,0],[0,1],[-24,1]]
[[0,0],[11,0],[0,1],[-20,1]]
[[0,0],[8,0],[0,1],[-23,1]]
[[0,0],[3,0],[0,1],[1,2],[13,2]]
[[0,0],[1,0],[0,1],[-14,7],[-16,9]]
[[0,0],[6,0],[0,1],[-25,1]]
[[0,0],[2,0],[0,1],[1,2],[14,2]]
[[0,0],[1,0],[0,2],[7,2],[1,3],[9,3]]
[[0,0],[2,0],[0,1],[6,4],[5,6],[6,6]]
[[0,0],[12,0],[0,1],[-19,1]]
[[0,0],[3,0],[0,1],[-8,2],[-20,6]]
[[0,0],[3,0],[0,1],[-10,2],[-8,3],[-14,3]]
[[0,0],[2,0],[0,1],[-29,1]]
[[0,0],[1,0],[0,1],[3,1],[4,2],[2,5],[4,7]]
[[0,0],[15,0],[0,1],[-16,1]]
[[0,0],[4,0],[0,1],[-27,1]]
[[0,0],[5,0],[0,1],[1,2],[11,2]]
[[0,0],[1,0],[0,1],[-4,2],[-6,5],[-10,6],[-12,8]]
[[0,0],[1,0],[1,3],[-3,3],[-3,7]]
[[0,0],[3,0],[0,1],[-28,1]]
[[0,0],[6,0],[0,1],[1,2],[10,2]]
[[0,0],[2,0],[0,1],[3,1],[4,3],[2,5],[4,7]]
[[0,0],[1,0],[0,1],[2,1],[5,7],[3,7],[5,9]]
[[0,0],[4,0],[0,1],[1,2],[12,2]]
[[0,0],[13,0],[0,1],[-18,1]]
[[0,0],[1,0],[0,1],[-30,1]]
[[0,0],[10,0],[0,1],[-21,1]]
[[0,0],[6,0],[0,1],[-26,1]]
[[0,0],[6,0],[0,2],[-10,2]]
[[0,0],[3,0],[0,1],[-29,1]]
[[0,0],[2,0],[0,8],[2,8]]
[[0,0],[2,0],[2,4],[-4,4]]
[[0,0],[7,0],[1,2],[-8,2]]
[[0,0],[4,0],[0,1],[-28,1]]
[[0,0],[4,0],[0,2],[-12,2]]
[[0,0],[10,0],[0,1],[-22,1]]
[[0,0],[5,0],[0,1],[-27,1]]
[[0,0],[1,0],[0,1],[-2,1],[-3,3],[-7,4],[-8,6],[-13,8],[-14,9]]
[[0,0],[1,0],[0,16],[1,16]]
[[0,0],[2,0],[0,1],[-30,1]]
[[0,0],[9,0],[0,1],[-23,1]]
[[0,0],[5,0],[1,2],[-10,2]]
[[0,0],[1,0],[0,1],[1,3],[5,4],[6,6],[5,7],[6,7]]
[[0,0],[11,0],[0,1],[-21,1]]
[[0,0],[2,0],[0,2],[5,3],[3,5],[5,5]]
[[0,0],[1,0],[0,2],[1,3],[10,3]]
[[0,0],[12,0],[0,1],[-20,1]]
[[0,0],[8,0],[0,1],[-24,1]]
[[0,0],[4,0],[0,4],[4,4]]
[[0,0],[2,0],[0,1],[-12,4],[-18,7]]
[[0,0],[15,0],[0,1],[-17,1]]
[[0,0],[1,0],[0,2],[5,2],[7,4],[2,4]]
[[0,0],[3,0],[1,2],[-12,2]]
[[0,0],[14,0],[0,1],[-18,1]]
[[0,0],[2,0],[0,2],[-14,2]]
[[0,0],[13,0],[0,1],[-19,1]]
[[0,0],[1,0],[0,1],[-31,1]]
[[0,0],[1,0],[1,2],[-14,2]]
[[0,0],[3,0],[0,1],[2,3],[9,3]]
[[0,0],[1,0],[0,1],[5,1],[8,2],[1,2],[3,3],[10,3]]
[[0,0],[7,0],[0,1],[-25,1]]
[[0,0],[1,0],[0,1],[5,1],[1,2],[3,3],[11,3]]
[[0,0],[2,0],[0,1],[-31,1]]
[[0,0],[1,0],[0,1],[-3,3],[-8,4],[-11,6],[-13,8]]
[[0,0],[15,0],[0,1],[-18,1]]
[[0,0],[1,0],[0,1],[4,1],[6,2],[2,3],[8,4],[4,4]]
[[0,0],[1,0],[0,1],[1,2],[3,1],[4,4],[6,3],[10,7]]
[[0,0],[12,0],[0,1],[-21,1]]
[[0,0],[2,0],[4,6],[4,3],[-1,-2],[-1,-3],[6,8],[6,7]]
[[0,0],[1,0],[0,1],[-3,3],[-3,1],[-7,5],[-10,5],[-9,4]]
[[0,0],[1,0],[0,1],[-32,1]]
[[0,0],[2,0],[0,1],[-5,3],[-4,1],[-8,4],[-12,4],[-10,3]]
[[0,0],[4,0],[0,1],[-29,1]]
[[0,0],[4,0],[1,3],[-6,3]]
[[0,0],[2,0],[0,1],[1,2],[3,3],[8,2],[10,3]]
[[0,0],[10,0],[0,1],[-23,1]]
[[0,0],[14,0],[0,1],[-19,1]]
[[0,0],[3,0],[0,1],[-30,1]]
[[0,0],[13,0],[0,1],[-20,1]]
[[0,0],[7,0],[0,1],[-26,1]]
[[0,0],[5,0],[0,1],[-28,1]]
[[0,0],[11,0],[0,1],[-22,1]]
[[0,0],[4,0],[0,1],[5,1],[4,5],[5,5]]
[[0,0],[8,0],[0,1],[-25,1]]
[[0,0],[9,0],[0,1],[-24,1]]
[[0,0],[1,0],[1,3],[-9,3]]
[[0,0],[6,0],[0,1],[-27,1]]
[[0,0],[16,0],[0,1],[-17,1]]
[[0,0],[2,0],[0,1],[3,1],[4,3],[3,7],[4,8]]
[[0,0],[1,0],[0,1],[5,1],[11,3],[2,3]]
[[0,0],[8,0],[0,1],[-26,1]]
[[0,0],[1,0],[0,1],[6,5],[1,2],[4,4],[5,2],[8,4],[9,5]]
[[0,0],[1,0],[0,1],[9,1],[1,2],[16,2]]
[[0,0],[1,0],[10,13],[-3,-5],[5,7],[9,11],[7,8],[8,11],[-4,-6]]
[[0,0],[1,0],[0,1],[-33,1]]
[[0,0],[14,0],[0,1],[-20,1]]
[[0,0],[4,0],[0,1],[-5,1],[-25,6]]
[[0,0],[4,0],[0,1],[6,1],[2,3],[8,3]]
[[0,0],[1,0],[0,2],[3,1],[4,2],[1,4],[4,7]]
[[0,0],[13,0],[0,1],[-21,1]]
[[0,0],[7,0],[0,1],[-27,1]]
[[0,0],[2,0],[0,1],[-10,2],[-6,3],[-14,3]]
[[0,0],[3,0],[2,4],[3,5],[0,-5],[1,-4]]
[[0,0],[1,0],[0,1],[9,8],[8,9],[9,9]]
[[0,0],[2,0],[1,4],[-1,1],[-1,2],[5,3],[5,4]]
[[0,0],[6,0],[0,1],[9,1],[1,2],[11,2]]
[[0,0],[1,0],[0,17],[1,17]]
[[0,0],[2,0],[0,1],[9,1],[1,2],[15,2]]
[[0,0],[1,0],[0,2],[2,1],[3,3],[3,11]]
[[0,0],[4,0],[0,1],[-30,1]]
[[0,0],[1,0],[0,1],[-3,1],[-3,3],[-7,3],[-11,7]]
[[0,0],[6,0],[0,1],[-28,1]]
[[0,0],[3,0],[0,1],[-31,1]]
[[0,0],[3,0],[0,1],[9,1],[1,2],[14,2]]
[[0,0],[1,0],[0,2],[3,2],[4,4],[2,6],[4,8]]
[[0,0],[1,0],[0,1],[1,2],[7,5],[9,4],[10,5]]
[[0,0],[1,0],[0,1],[-6,3],[-6,5],[-9,5],[-12,8]]
[[0,0],[2,0],[0,1],[3,1],[2,5],[5,5],[3,6],[5,6]]
[[0,0],[10,0],[0,1],[-24,1]]
[[0,0],[7,0],[0,1],[9,1],[1,2],[10,2]]
[[0,0],[5,0],[0,1],[9,1],[1,2],[12,2]]
[[0,0],[16,0],[0,1],[-18,1]]
[[0,0],[5,0],[0,1],[-29,1]]
[[0,0],[11,0],[0,1],[-23,1]]
[[0,0],[3,0],[0,1],[1,1],[8,-5],[5,-5]]
[[0,0],[1,0],[0,1],[1,3],[2,4],[7,3],[8,4]]
[[0,0],[2,0],[0,1],[-6,2],[-5,3],[-11,4],[-17,7]]
[[0,0],[12,0],[0,1],[-22,1]]
[[0,0],[2,0],[0,1],[-32,1]]
[[0,0],[4,0],[0,1],[9,1],[1,2],[13,2]]
[[0,0],[1,0],[0,1],[4,1],[1,2],[5,4],[10,4]]
[[0,0],[9,0],[0,1],[-25,1]]
[[0,0],[3,0],[0,2],[7,2],[1,3],[8,3]]
[[0,0],[15,0],[0,1],[-19,1]]
[[0,0],[5,0],[0,1],[-30,1]]
[[0,0],[14,0],[0,1],[-21,1]]
[[0,0],[1,0],[0,2],[3,1],[5,5],[1,4],[2,5],[5,3]]
[[0,0],[1,0],[0,1],[5,-6],[4,-8],[8,-12]]
[[0,0],[3,0],[0,1],[6,1],[8,2],[1,2],[9,3],[3,3]]
[[0,0],[2,0],[2,5],[5,5],[0,2],[1,4],[5,4],[4,2]]
[[0,0],[1,0],[0,1],[1,2],[17,2]]
[[0,0],[9,0],[0,1],[-26,1]]
[[0,0],[1,0],[8,10],[10,12],[-12,-16],[-11,-15]]
[[0,0],[2,0],[0,1],[-8,2],[-9,4],[-14,4]]
[[0,0],[7,0],[0,1],[-28,1]]
[[0,0],[11,0],[0,1],[-24,1]]
[[0,0],[2,0],[0,1],[2,3],[11,3]]
[[0,0],[1,0],[0,1],[-16,8],[-18,10]]
[[0,0],[1,0],[0,1],[-3,1],[-5,2],[-12,9]]
[[0,0],[1,0],[1,2],[-6,3],[-1,4],[-7,4]]
[[0,0],[8,0],[0,1],[-27,1]]
[[0,0],[17,0],[0,1],[-18,1]]
[[0,0],[3,0],[0,1],[1,2],[15,2]]
[[0,0],[1,0],[0,1],[1,2],[7,3],[11,7]]
[[0,0],[1,0],[0,1],[4,1],[6,2],[1,2],[7,5],[9,5]]
[[0,0],[6,0],[0,1],[-29,1]]
[[0,0],[2,0],[0,1],[1,1],[1,-3],[4,-3],[5,-6],[3,-6],[5,-5],[2,-5]]
[[0,0],[2,0],[0,1],[1,2],[16,2]]
[[0,0],[1,0],[1,5],[-5,5]]
[[0,0],[16,0],[0,1],[-19,1]]
[[0,0],[3,0],[0,2],[1,3],[9,3]]
[[0,0],[12,0],[0,1],[-23,1]]
[[0,0],[2,0],[0,1],[-33,1]]
[[0,0],[1,0],[1,2],[-5,5],[-5,8]]
[[0,0],[15,0],[0,1],[-20,1]]
[[0,0],[5,0],[0,1],[1,2],[13,2]]
[[0,0],[4,0],[0,1],[-31,1]]
[[0,0],[3,0],[0,1],[-32,1]]
[[0,0],[1,0],[0,1],[3,2],[2,5],[7,10]]
[[0,0],[7,0],[0,1],[1,2],[11,2]]
[[0,0],[6,0],[0,1],[1,2],[12,2]]
[[0,0],[4,0],[0,1],[1,2],[14,2]]
[[0,0],[13,0],[0,1],[-22,1]]
[[0,0],[2,0],[0,1],[3,1],[1,3],[7,9]]
[[0,0],[1,0],[0,1],[-34,1]]
[[0,0],[10,0],[0,1],[-25,1]]
[[0,0],[1,0],[0,18],[1,18]]
[[0,0],[6,0],[0,1],[-30,1]]
[[0,0],[3,0],[0,1],[-33,1]]
[[0,0],[2,0],[0,2],[-16,2]]
[[0,0],[10,0],[0,1],[-26,1]]
[[0,0],[4,0],[0,1],[-32,1]]
[[0,0],[16,0],[0,1],[-20,1]]
[[0,0],[3,0],[1,2],[-14,2]]
[[0,0],[5,0],[0,1],[-31,1]]
[[0,0],[5,0],[1,2],[-12,2]]
[[0,0],[2,0],[0,1],[-34,1]]
[[0,0],[1,0],[0,2],[2,4],[9,4]]
[[0,0],[9,0],[0,1],[-27,1]]
[[0,0],[1,0],[0,3],[1,6],[2,1],[3,3],[3,10]]
[[0,0],[1,0],[0,1],[1,2],[9,2],[3,3],[12,3]]
[[0,0],[1,0],[1,2],[-16,2]]
[[0,0],[3,0],[0,6],[3,6]]
[[0,0],[2,0],[0,9],[2,9]]
[[0,0],[11,0],[0,1],[-25,1]]
[[0,0],[12,0],[0,1],[-24,1]]
[[0,0],[6,0],[0,6]]
[[0,0],[8,0],[0,1],[-28,1]]
[[0,0],[17,0],[0,1],[-19,1]]
[[0,0],[6,0],[0,2],[-12,2]]
[[0,0],[15,0],[0,1],[-21,1]]
[[0,0],[1,0],[0,2],[4,3],[1,4],[5,5],[4,7],[5,7]]
[[0,0],[14,0],[0,1],[-22,1]]
[[0,0],[8,0],[0,2],[-10,2]]
[[0,0],[7,0],[1,2],[-10,2]]
[[0,0],[13,0],[0,1],[-23,1]]
[[0,0],[1,0],[0,1],[-35,1]]
[[0,0],[3,0],[0,3],[-9,3]]
[[0,0],[4,0],[0,2],[-14,2]]
[[0,0],[1,0],[0,1],[-3,3],[-8,4],[-14,8],[-15,9]]
[[0,0],[1,0],[0,1],[3,2],[5,6],[3,7],[5,9]]
[[0,0],[1,0],[0,1],[2,1],[1,3],[4,4],[6,8],[5,9],[6,10]]
[[0,0],[2,0],[0,2],[5,-6],[3,-6],[1,-3],[4,-3],[2,-5],[5,-5]]
[[0,0],[6,0],[0,1],[3,2],[1,-1],[5,1],[3,-2],[1,2],[5,-2],[6,-1]]
[[0,0],[2,0],[0,2],[-6,3],[-10,7]]
[[0,0],[1,0],[0,1],[4,1],[8,3],[2,3],[4,4],[9,4]]
[[0,0],[7,0],[0,1],[-29,1]]
[[0,0],[2,0],[0,1],[7,5],[6,7],[7,7]]
[[0,0],[1,0],[0,1],[-4,1],[-3,3],[-7,2],[-10,4],[-5,4],[-9,3]]
[[0,0],[1,0],[0,1],[-3,3],[-7,5],[-10,5],[-6,2],[-8,3]]
[[0,0],[2,0],[0,1],[-35,1]]
[[0,0],[15,0],[0,1],[-22,1]]
[[0,0],[12,0],[0,1],[-25,1]]
[[0,0],[2,0],[4,7],[5,7],[3,6],[5,6],[-1,-3],[0,-3],[-1,-4]]
[[0,0],[1,0],[0,1],[-36,1]]
[[0,0],[1,0],[1,2],[-3,3],[0,4],[-4,5],[-4,8]]
[[0,0],[10,0],[0,1],[-27,1]]
[[0,0],[4,0],[0,1],[-33,1]]
[[0,0],[3,0],[0,1],[-34,1]]
[[0,0],[14,0],[0,1],[-23,1]]
[[0,0],[1,0],[0,1],[1,4],[3,2],[4,4],[4,10]]
[[0,0],[1,0],[0,1],[1,2],[3,3],[13,3]]
[[0,0],[3,0],[2,4],[5,4],[0,-1],[2,-1],[4,6],[5,6]]
[[0,0],[3,0],[0,2],[5,2],[3,5],[5,5]]
[[0,0],[13,0],[0,1],[-24,1]]
[[0,0],[3,0],[0,1],[6,1],[2,3],[10,3]]
[[0,0],[7,0],[0,1],[-30,1]]
[[0,0],[1,0],[0,1],[2,1],[3,3],[4,6],[2,7],[3,9],[4,10]]
[[0,0],[5,0],[0,1],[-32,1]]
[[0,0],[11,0],[0,1],[-26,1]]
[[0,0],[1,0],[0,1],[-12,7],[-4,2],[-3,3],[-9,5],[-8,6],[-14,9]]
[[0,0],[8,0],[0,1],[-29,1]]
[[0,0],[9,0],[0,1],[-28,1]]
[[0,0],[1,0],[0,1],[-10,2],[-4,3],[-14,3]]
[[0,0],[4,0],[0,1],[-12,2],[-10,3],[-17,3]]
[[0,0],[2,0],[0,2],[8,2],[1,3],[10,3]]
[[0,0],[6,0],[0,1],[-31,1]]
[[0,0],[1,0],[0,2],[3,2],[4,4],[3,8],[4,9]]
[[0,0],[18,0],[0,1],[-19,1]]
[[0,0],[17,0],[0,1],[-20,1]]
[[0,0],[1,0],[0,1],[-3,3],[-8,4],[-17,10]]
[[0,0],[16,0],[0,1],[-21,1]]
[[0,0],[3,0],[0,1],[5,1],[3,4],[8,4]]
[[0,0],[3,0],[0,1],[6,3],[5,6],[6,6]]
[[0,0],[1,0],[1,2],[-2,1],[0,4],[-1,5],[-5,5],[-5,4]]
[[0,0],[2,0],[0,1],[4,2],[1,3],[6,6],[5,7],[6,7]]
[[0,0],[1,0],[0,1],[1,2],[3,1],[6,3],[7,6],[11,8]]
[[0,0],[2,0],[0,1],[-5,3],[-8,4],[-8,2],[-13,4],[-11,3]]
[[0,0],[4,0],[0,1],[1,1],[6,-1],[1,-1],[10,-5],[9,-5]]
[[0,0],[8,0],[0,1],[-30,1]]
[[0,0],[1,0],[0,1],[-2,2],[-8,2],[-8,4],[-11,3],[-13,4]]
[[0,0],[17,0],[0,1],[-21,1]]
[[0,0],[5,0],[0,1],[10,1],[1,2],[14,2]]
[[0,0],[1,0],[0,1],[-37,1]]
[[0,0],[4,0],[0,1],[2,3],[10,3]]
[[0,0],[2,0],[0,1],[6,1],[9,2],[1,2],[3,3],[11,3]]
[[0,0],[1,0],[0,1],[10,9],[9,10],[10,10]]
[[0,0],[1,0],[0,1],[2,3],[13,3]]
[[0,0],[8,0],[0,1],[10,1],[1,2],[11,2]]
[[0,0],[1,0],[0,1],[1,3],[3,1],[6,6],[4,6],[6,4]]
[[0,0],[2,0],[1,3],[4,4],[3,7],[5,7],[0,-1],[1,-1],[4,8],[5,8]]
[[0,0],[1,0],[0,3],[7,3],[1,4],[8,4]]
[[0,0],[1,0],[0,1],[3,1],[6,3],[1,3],[4,5],[7,5],[7,4],[2,4]]
[[0,0],[14,0],[0,1],[-24,1]]
[[0,0],[1,0],[0,19],[1,19]]
[[0,0],[2,0],[0,1],[5,1],[7,2],[1,2],[5,4],[9,4]]
[[0,0],[18,0],[0,1],[-20,1]]
[[0,0],[4,0],[0,1],[10,1],[1,2],[15,2]]
[[0,0],[1,0],[0,1],[10,1],[1,2],[18,2]]
[[0,0],[13,0],[0,1],[-25,1]]
[[0,0],[2,0],[0,1],[10,1],[1,2],[17,2]]
[[0,0],[4,0],[0,1],[2,1],[8,-4],[4,-4]]
[[0,0],[7,0],[0,1],[-31,1]]
[[0,0],[1,0],[0,2],[3,2],[1,4],[7,10]]
[[0,0],[1,0],[0,1],[1,3],[6,5],[7,7],[6,8],[7,8]]
[[0,0],[1,0],[0,3],[3,1],[4,2],[4,6],[1,5],[2,6]]
[[0,0],[1,0],[0,1],[4,1],[1,3],[6,2],[2,4],[8,4]]
[[0,0],[2,0],[0,1],[3,1],[5,5],[2,5],[5,8]]
[[0,0],[2,0],[0,1],[1,1],[5,-7],[4,-7],[1,-3],[4,-3],[2,-5],[5,-5]]
[[0,0],[1,0],[2,6],[5,6],[0,3],[1,5],[5,5],[4,3]]
[[0,0],[4,0],[0,1],[-34,1]]
[[0,0],[6,0],[0,1],[-32,1]]
[[0,0],[2,0],[0,1],[-15,5],[-21,8]]
[[0,0],[3,0],[0,1],[-35,1]]
[[0,0],[1,0],[12,15],[13,16],[-12,-16],[-11,-15]]
[[0,0],[1,0],[0,1],[4,1],[10,4],[3,4]]
[[0,0],[7,0],[0,1],[10,1],[1,2],[12,2]]
[[0,0],[2,0],[4,6],[-2,-6],[3,6],[4,7],[-1,-6],[-2,-7]]
[[0,0],[10,0],[0,1],[-28,1]]
[[0,0],[16,0],[0,1],[-22,1]]
[[0,0],[2,0],[0,1],[-9,4],[-12,3],[-15,4]]
[[0,0],[5,0],[0,1],[-33,1]]
[[0,0],[11,0],[0,1],[-27,1]]
[[0,0],[6,0],[0,1],[10,1],[1,2],[13,2]]
[[0,0],[2,0],[0,1],[4,1],[1,3],[7,3],[8,4],[2,4]]
[[0,0],[12,0],[0,1],[-26,1]]
[[0,0],[2,0],[0,1],[-36,1]]
[[0,0],[2,0],[4,8],[6,8],[0,-1],[1,-1],[5,9],[6,9]]
[[0,0],[9,0],[0,1],[-29,1]]
[[0,0],[3,0],[0,1],[10,1],[1,2],[16,2]]
[[0,0],[2,0],[0,2],[1,3],[11,3]]
[[0,0],[15,0],[0,1],[-23,1]]
[[0,0],[5,0],[0,1],[-34,1]]
[[0,0],[14,0],[0,1],[-25,1]]
[[0,0],[1,0],[1,3],[-4,4],[-4,8]]
[[0,0],[3,0],[0,1],[1,2],[3,3],[9,2],[11,3]]
[[0,0],[1,0],[0,1],[2,1],[1,4],[4,4],[5,9],[5,6],[2,6]]
[[0,0],[1,0],[0,1],[1,2],[19,2]]
[[0,0],[9,0],[0,1],[-30,1]]
[[0,0],[1,0],[0,1],[4,3],[5,5],[3,7],[5,9]]
[[0,0],[1,0],[0,1],[1,2],[4,4],[5,2],[8,4],[8,6],[10,6]]
[[0,0],[7,0],[0,1],[-32,1]]
[[0,0],[11,0],[0,1],[-28,1]]
[[0,0],[1,0],[0,1],[2,3],[6,5],[9,4],[10,5]]
[[0,0],[1,0],[0,2],[4,3],[4,10]]
[[0,0],[8,0],[0,1],[-31,1]]
[[0,0],[1,0],[0,3],[1,4],[9,4]]
[[0,0],[17,0],[0,1],[-22,1]]
[[0,0],[3,0],[0,1],[1,2],[17,2]]
[[0,0],[1,0],[0,1],[-3,3],[-10,5],[-13,7],[-15,9]]
[[0,0],[6,0],[0,1],[-33,1]]
[[0,0],[8,0],[0,1],[1,2],[12,2]]
[[0,0],[2,0],[0,1],[1,2],[18,2]]
[[0,0],[1,0],[0,1],[4,1],[6,2],[1,2],[11,7]]
[[0,0],[2,0],[2,3],[-9,3]]
[[0,0],[18,0],[0,1],[-21,1]]
[[0,0],[1,0],[0,1],[-6,3],[-6,5],[-12,7],[-14,9]]
[[0,0],[1,0],[0,1],[2,1],[6,9],[4,9],[6,11]]
[[0,0],[1,0],[0,2],[3,1],[1,4],[2,5],[7,5]]
[[0,0],[16,0],[0,1],[-23,1]]
[[0,0],[2,0],[0,1],[-6,2],[-5,3],[-16,6],[-20,8]]
[[0,0],[2,0],[0,1],[-37,1]]
[[0,0],[12,0],[0,1],[-27,1]]
[[0,0],[2,0],[4,7],[5,7],[0,-2],[1,3],[4,3],[2,5],[5,5]]
[[0,0],[1,0],[0,1],[1,2],[7,2],[5,4],[11,4]]
[[0,0],[3,0],[5,7],[0,1],[4,1],[1,3],[5,3]]
[[0,0],[1,0],[0,2],[5,6],[2,1],[4,4],[1,4],[3,7],[5,9]]
[[0,0],[4,0],[0,1],[-35,1]]
[[0,0],[15,0],[0,1],[-24,1]]
[[0,0],[5,0],[0,1],[1,2],[15,2]]
[[0,0],[1,0],[0,1],[2,1],[3,3],[1,4],[5,9],[4,10],[5,11]]
[[0,0],[2,0],[0,1],[6,1],[1,2],[3,3],[12,3]]
[[0,0],[5,0],[2,3],[-6,3]]
[[0,0],[19,0],[0,1],[-20,1]]
[[0,0],[3,0],[0,1],[-36,1]]
[[0,0],[1,0],[0,1],[1,3],[3,1],[3,6],[5,4],[4,2],[5,8]]
[[0,0],[1,0],[0,2],[3,1],[4,2],[2,6],[4,8]]
[[0,0],[7,0],[0,1],[1,2],[13,2]]
[[0,0],[6,0],[0,1],[1,2],[14,2]]
[[0,0],[3,0],[0,1],[-12,3],[-24,7]]
[[0,0],[4,0],[0,1],[1,2],[16,2]]
[[0,0],[1,0],[0,1],[-38,1]]
[[0,0],[1,0],[0,1],[-18,9],[-20,11]]
[[0,0],[13,0],[0,1],[-26,1]]
[[0,0],[10,0],[0,1],[-29,1]]
[[0,0],[3,0],[0,1],[-37,1]]
[[0,0],[2,0],[0,2],[5,5],[4,1],[1,4],[5,2],[2,5]]
[[0,0],[9,0],[1,2],[-10,2]]
[[0,0],[2,0],[0,1],[4,2],[5,4],[2,5],[4,7],[5,7]]
[[0,0],[3,0],[0,1],[-12,2],[-8,3],[-17,3]]
[[0,0],[3,0],[3,4],[-4,4]]
[[0,0],[4,0],[0,1],[-36,1]]
[[0,0],[10,0],[0,1],[-30,1]]
[[0,0],[1,0],[0,1],[-4,2],[-3,3],[-9,5],[-8,6],[-15,9],[-16,10]]
[[0,0],[16,0],[0,1],[-24,1]]
[[0,0],[4,0],[0,2],[-16,2]]
[[0,0],[5,0],[0,1],[-35,1]]
[[0,0],[2,0],[0,1],[-38,1]]
[[0,0],[9,0],[0,1],[-31,1]]
[[0,0],[2,0],[0,1],[-5,3],[-4,1],[-14,5],[-11,5],[-10,3]]
[[0,0],[3,0],[2,4],[5,4],[0,-2],[1,-2],[4,6],[5,6]]
[[0,0],[1,0],[0,2],[9,2],[1,3],[12,3]]
[[0,0],[5,0],[0,1],[7,1],[2,3],[9,3]]
[[0,0],[1,0],[0,3],[2,1],[3,3],[3,12]]
[[0,0],[1,0],[10,14],[13,18],[-12,-18],[-9,-14]]
[[0,0],[3,0],[0,1],[1,1],[5,-2],[2,-4],[5,-6],[4,-6]]
[[0,0],[11,0],[0,1],[-29,1]]
[[0,0],[2,0],[0,1],[6,1],[2,3],[12,3]]
[[0,0],[12,0],[0,1],[-28,1]]
[[0,0],[8,0],[0,1],[-32,1]]
[[0,0],[17,0],[0,1],[-23,1]]
[[0,0],[2,0],[0,10],[2,10]]
[[0,0],[15,0],[0,1],[-25,1]]
[[0,0],[2,0],[0,2],[6,4],[4,6],[6,6]]
[[0,0],[3,0],[1,2],[-16,2]]
[[0,0],[19,0],[0,1],[-21,1]]
[[0,0],[1,0],[0,2],[2,1],[2,6],[7,11]]
[[0,0],[2,0],[0,2],[-18,2]]
[[0,0],[14,0],[0,1],[-26,1]]
[[0,0],[1,0],[0,1],[1,2],[3,1],[4,4],[9,5],[12,8]]
[[0,0],[18,0],[0,1],[-22,1]]
[[0,0],[1,0],[0,20],[1,20]]
[[0,0],[5,0],[2,3],[3,-3],[0,2],[1,3],[5,-2],[4,-3]]
[[0,0],[1,0],[0,1],[4,1],[6,2],[2,3],[9,5],[6,5]]
[[0,0],[4,0],[0,2],[8,2],[1,3],[9,3]]
[[0,0],[1,0],[0,1],[-39,1]]
[[0,0],[13,0],[0,1],[-27,1]]
[[0,0],[1,0],[0,1],[3,1],[1,3],[6,3],[8,5],[3,5]]
[[0,0],[1,0],[1,4],[-8,4]]
[[0,0],[1,0],[1,2],[-18,2]]
[[0,0],[3,0],[0,1],[1,1],[9,-6],[6,-6]]
[[0,0],[5,0],[0,2],[3,2],[4,-4],[5,-4]]
[[0,0],[5,0],[1,2],[-14,2]]
[[0,0],[4,0],[0,5],[4,5]]
[[0,0],[7,0],[1,2],[-12,2]]
[[0,0],[1,0],[0,1],[-9,3],[-8,5],[-13,5]]
[[0,0],[8,0],[0,2],[-12,2]]
[[0,0],[6,0],[0,2],[-14,2]]
[[0,0],[2,0],[0,2],[6,2],[2,4],[8,4]]
[[0,0],[7,0],[0,1],[-33,1]]
[[0,0],[6,0],[0,1],[-34,1]]
[[0,0],[20,0],[0,1],[-21,1]]
[[0,0],[1,0],[0,1],[-4,1],[-3,3],[-5,4],[-10,3],[-12,4]]
[[0,0],[1,0],[3,7],[5,16],[0,-3],[5,15],[1,5],[3,12],[2,9]]
[[0,0],[2,0],[0,1],[5,1],[7,2],[2,3],[9,4],[4,4]]
[[0,0],[2,0],[0,1],[-39,1]]
[[0,0],[1,0],[0,1],[6,7],[3,2],[1,3],[5,5],[5,9],[6,10]]
[[0,0],[4,0],[0,2],[1,3],[10,3]]
[[0,0],[15,0],[0,1],[-26,1]]
[[0,0],[1,0],[0,1],[-8,2],[-4,3],[-11,3],[-7,4],[-13,4]]
[[0,0],[1,0],[0,3],[3,1],[4,2],[1,5],[4,7],[3,7]]
[[0,0],[12,0],[0,1],[-29,1]]
[[0,0],[1,0],[0,1],[1,3],[3,2],[3,6],[5,5],[8,11]]
[[0,0],[1,0],[0,1],[-40,1]]
[[0,0],[2,0],[0,1],[-6,2],[-11,4],[-10,5],[-19,8]]
[[0,0],[4,0],[0,1],[-37,1]]
[[0,0],[4,0],[0,1],[7,1],[9,2],[1,2],[10,3],[3,3]]
[[0,0],[10,0],[0,1],[-31,1]]
[[0,0],[19,0],[0,1],[-22,1]]
[[0,0],[3,0],[0,1],[-38,1]]
[[0,0],[14,0],[0,1],[-27,1]]
[[0,0],[1,0],[0,2],[1,3],[13,3]]
[[0,0],[3,0],[1,2],[-4,2],[-9,7]]
[[0,0],[1,0],[0,2],[3,2],[5,6],[2,6],[5,9]]
[[0,0],[1,0],[0,1],[-3,1],[-7,3],[-6,5],[-12,8]]
[[0,0],[13,0],[0,1],[-28,1]]
[[0,0],[1,0],[6,14],[4,7],[-2,-5],[-3,-8],[9,20],[8,17]]
[[0,0],[7,0],[0,1],[-34,1]]
[[0,0],[5,0],[0,1],[-36,1]]
[[0,0],[11,0],[0,1],[-30,1]]
[[0,0],[9,0],[0,1],[-32,1]]
[[0,0],[2,0],[0,1],[1,2],[7,5],[8,3],[10,5]]
[[0,0],[8,0],[0,1],[-33,1]]
[[0,0],[1,0],[1,2],[-6,6],[-6,9]]
[[0,0],[1,0],[0,1],[2,1],[1,3],[3,6],[8,10],[9,12]]
[[0,0],[6,0],[0,1],[-35,1]]
[[0,0],[3,0],[0,1],[2,3],[12,3]]
[[0,0],[18,0],[0,1],[-23,1]]
[[0,0],[17,0],[0,1],[-24,1]]
[[0,0],[1,0],[0,1],[6,1],[10,2],[1,2],[3,3],[13,3]]
[[0,0],[1,0],[3,6],[0,1],[1,3],[6,9],[6,6],[5,4]]
[[0,0],[16,0],[0,1],[-25,1]]
[[0,0],[1,0],[0,1],[-3,3],[-10,5],[-16,9],[-17,10]]
[[0,0],[8,0],[0,1],[11,1],[1,2],[13,2]]
[[0,0],[1,0],[0,2],[4,1],[1,3],[3,4],[10,4]]
[[0,0],[3,0],[1,4],[-1,1],[-1,2],[6,3],[6,4]]
[[0,0],[1,0],[0,1],[4,3],[5,5],[4,9],[5,10]]
[[0,0],[2,0],[0,1],[-5,3],[-9,3],[-14,5],[-20,8]]
[[0,0],[4,0],[0,1],[11,1],[1,2],[17,2]]
[[0,0],[1,0],[0,1],[1,2],[5,4],[10,3],[12,4]]
[[0,0],[8,0],[0,1],[-34,1]]
[[0,0],[17,0],[0,1],[-25,1]]
[[0,0],[5,0],[0,3],[2,3],[3,-3],[5,-3]]
[[0,0],[1,0],[0,1],[7,2],[2,3],[4,4],[11,4]]
[[0,0],[3,0],[0,1],[11,1],[1,2],[18,2]]
[[0,0],[1,0],[1,6],[3,14],[-2,-14],[0,-6],[2,11],[3,15],[-2,-15],[-1,-11]]
[[0,0],[19,0],[0,1],[-23,1]]
[[0,0],[2,0],[5,6],[2,6],[3,1],[5,5],[0,3],[1,5]]
[[0,0],[1,0],[0,1],[-41,1]]
[[0,0],[3,0],[0,7],[3,7]]
[[0,0],[14,0],[0,1],[-28,1]]
[[0,0],[18,0],[0,1],[-24,1]]
[[0,0],[2,0],[0,1],[11,1],[1,2],[19,2]]
[[0,0],[1,0],[0,1],[4,1],[1,3],[2,4],[10,4]]
[[0,0],[13,0],[0,1],[-29,1]]
[[0,0],[2,0],[0,1],[1,3],[2,4],[8,3],[9,4]]
[[0,0],[7,0],[0,1],[-35,1]]
[[0,0],[2,0],[0,1],[1,2],[10,2],[3,3],[13,3]]
[[0,0],[1,0],[0,1],[-2,1],[-7,4],[-6,5],[-11,8],[-16,10],[-17,11]]
[[0,0],[1,0],[0,3],[3,1],[4,2],[1,5],[4,8]]
[[0,0],[1,0],[0,1],[1,3],[6,6],[5,2],[4,6],[6,3]]
[[0,0],[9,0],[0,1],[11,1],[1,2],[12,2]]
[[0,0],[1,0],[1,3],[-12,3]]
[[0,0],[1,0],[1,2],[0,4],[-1,5],[-5,5],[-4,2],[-5,3]]
[[0,0],[1,0],[1,2],[-3,3],[0,4],[-5,7],[-5,9]]
[[0,0],[2,0],[0,1],[5,1],[1,2],[5,4],[11,4]]
[[0,0],[1,0],[0,1],[3,1],[1,2],[6,3],[13,10]]
[[0,0],[1,0],[0,2],[5,2],[8,5],[3,5]]
[[0,0],[6,0],[0,1],[-36,1]]
[[0,0],[4,0],[0,1],[-38,1]]
[[0,0],[20,0],[0,1],[-22,1]]
[[0,0],[3,0],[0,1],[-39,1]]
[[0,0],[7,0],[0,1],[11,1],[1,2],[14,2]]
[[0,0],[1,0],[0,1],[-8,4],[-6,5],[-11,6],[-14,9]]
[[0,0],[1,0],[0,1],[-3,1],[-3,3],[-9,4],[-13,8]]
[[0,0],[1,0],[0,4],[1,7],[2,1],[3,3],[3,11]]
[[0,0],[1,0],[0,1],[1,2],[9,6],[11,5],[12,6]]
[[0,0],[16,0],[0,1],[-26,1]]
[[0,0],[1,0],[0,1],[11,10],[10,11],[11,11]]
[[0,0],[10,0],[0,1],[-32,1]]
[[0,0],[1,0],[0,1],[6,1],[1,2],[3,3],[14,3]]
[[0,0],[2,0],[0,1],[-6,2],[-5,3],[-21,8],[-23,9]]
[[0,0],[1,0],[0,1],[11,1],[1,2],[20,2]]
[[0,0],[5,0],[0,1],[-37,1]]
[[0,0],[11,0],[0,1],[-31,1]]
[[0,0],[12,0],[0,1],[-30,1]]
[[0,0],[2,0],[0,1],[-40,1]]
[[0,0],[9,0],[0,1],[-33,1]]
[[0,0],[1,0],[0,1],[3,1],[6,6],[7,6],[1,3],[6,3],[7,4],[2,4]]
[[0,0],[6,0],[0,1],[11,1],[1,2],[15,2]]
[[0,0],[1,0],[0,21],[1,21]]
[[0,0],[1,0],[2,6],[5,6],[4,9],[6,9],[6,8],[0,-1],[3,8]]
[[0,0],[5,0],[0,1],[11,1],[1,2],[16,2]]
[[0,0],[4,0],[1,3],[-9,3]]
[[0,0],[15,0],[0,1],[-27,1]]
[[0,0],[10,0],[0,1],[-33,1]]
[[0,0],[1,0],[0,1],[-42,1]]
[[0,0],[2,0],[0,1],[3,1],[5,5],[3,7],[5,9]]
[[0,0],[1,0],[0,1],[4,1],[1,2],[6,2],[9,4],[4,4],[10,5],[6,5]]
[[0,0],[14,0],[0,1],[-29,1]]
[[0,0],[5,0],[0,1],[-38,1]]
[[0,0],[1,0],[0,1],[1,2],[5,2],[4,4],[8,4],[12,8]]
[[0,0],[1,0],[0,1],[-20,10],[-22,12]]
[[0,0],[9,0],[0,1],[1,2],[13,2]]
[[0,0],[9,0],[0,1],[-34,1]]
[[0,0],[1,0],[0,1],[6,1],[14,3],[2,3]]
[[0,0],[1,0],[0,1],[1,2],[21,2]]
[[0,0],[2,0],[0,1],[8,6],[7,8],[8,8]]
[[0,0],[1,0],[0,3],[2,1],[1,5],[7,11]]
[[0,0],[2,0],[4,6],[6,8],[-5,-10],[-4,-9]]
[[0,0],[7,0],[0,1],[-36,1]]
[[0,0],[3,0],[0,2],[9,2],[1,3],[11,3]]
[[0,0],[11,0],[0,1],[-32,1]]
[[0,0],[1,0],[0,1],[-2,2],[-12,4],[-20,8]]
[[0,0],[5,0],[0,1],[-14,2],[-12,3],[-20,3]]
[[0,0],[1,0],[0,1],[2,1],[3,3],[2,7],[5,9],[3,9],[5,11]]
[[0,0],[17,0],[0,1],[-26,1]]
[[0,0],[8,0],[0,1],[-35,1]]
[[0,0],[3,0],[0,1],[-10,2],[-12,4],[-18,4]]
[[0,0],[1,0],[0,1],[-3,3],[-10,5],[-19,11]]
[[0,0],[3,0],[0,1],[1,2],[19,2]]
[[0,0],[6,0],[0,1],[-37,1]]
[[0,0],[8,0],[0,1],[1,2],[14,2]]
[[0,0],[20,0],[0,1],[-23,1]]
[[0,0],[2,0],[0,1],[1,2],[20,2]]
[[0,0],[18,0],[0,1],[-25,1]]
[[0,0],[6,0],[2,3],[1,3],[4,2],[1,-1],[3,-2],[0,2],[6,-1],[5,-2]]
[[0,0],[1,0],[0,1],[-8,5],[-12,4],[-14,5]]
[[0,0],[2,0],[0,1],[-12,2],[-6,3],[-17,3]]
[[0,0],[4,0],[0,1],[7,1],[2,3],[11,3]]
[[0,0],[16,0],[0,1],[-27,1]]
[[0,0],[1,0],[0,1],[1,4],[2,6],[5,9],[4,3],[5,5]]
[[0,0],[2,0],[0,1],[1,2],[3,3],[14,3]]
[[0,0],[1,0],[0,2],[3,1],[4,2],[4,10]]
[[0,0],[1,0],[0,1],[-8,2],[-6,4],[-14,4]]
[[0,0],[2,0],[0,1],[1,1],[1,-3],[4,-3],[5,-8],[5,-5],[4,-8],[3,-7]]
[[0,0],[2,0],[0,1],[-41,1]]
[[0,0],[12,0],[0,1],[-31,1]]
[[0,0],[2,0],[0,1],[-5,3],[-6,2],[-26,10]]
[[0,0],[5,0],[0,1],[1,2],[17,2]]
[[0,0],[15,0],[0,1],[-28,1]]
[[0,0],[2,0],[0,1],[-5,3],[-4,1],[-11,5],[-15,5],[-13,4]]
[[0,0],[4,0],[0,1],[-39,1]]
[[0,0],[1,0],[3,7],[4,14],[-2,-8],[-2,-9],[6,20],[6,19]]
[[0,0],[19,0],[0,1],[-24,1]]
[[0,0],[3,0],[0,1],[-40,1]]
[[0,0],[1,0],[0,1],[2,1],[4,5],[4,13]]
[[0,0],[4,0],[0,1],[6,2],[5,6],[6,6]]
[[0,0],[2,0],[0,2],[-9,3],[-4,4],[-11,4]]
[[0,0],[7,0],[0,1],[1,2],[15,2]]
[[0,0],[1,0],[5,6],[4,5],[-15,-20],[-11,-16]]
[[0,0],[6,0],[0,1],[1,2],[16,2]]
[[0,0],[4,0],[0,1],[1,2],[18,2]]
[[0,0],[21,0],[0,1],[-22,1]]
[[0,0],[13,0],[0,1],[-30,1]]
[[0,0],[1,0],[0,1],[-6,3],[-6,5],[-18,11]]
[[0,0],[7,0],[0,1],[1,-1],[4,2],[3,-2],[6,1],[1,2],[6,-2],[7,-1]]
[[0,0],[2,0],[0,1],[-18,6],[-24,9]]
[[0,0],[2,0],[0,2],[-20,2]]
[[0,0],[1,0],[0,1],[2,1],[4,4],[1,4],[5,6],[5,10],[3,8]]
[[0,0],[10,0],[0,2],[-12,2]]
[[0,0],[1,0],[0,3],[3,1],[-1,1],[-1,2],[7,5],[6,6],[7,6]]
[[0,0],[3,0],[0,1],[-41,1]]
[[0,0],[1,0],[0,1],[-4,4],[-2,1],[-11,7],[-16,12]]
[[0,0],[2,0],[0,1],[5,1],[9,3],[2,3],[4,4],[10,4]]
[[0,0],[1,0],[1,2],[-2,1],[0,4],[-4,3],[-4,8]]
[[0,0],[4,0],[0,1],[-40,1]]
[[0,0],[16,0],[0,1],[-28,1]]
[[0,0],[2,0],[0,1],[-3,2],[-15,5],[-16,4],[-19,5]]
[[0,0],[3,0],[1,2],[-18,2]]
[[0,0],[10,0],[0,1],[-34,1]]
[[0,0],[20,0],[0,1],[-24,1]]
[[0,0],[2,0],[0,1],[2,3],[14,3]]
[[0,0],[2,0],[0,1],[4,2],[2,5],[6,6],[4,7],[6,7]]
[[0,0],[4,0],[0,1],[-10,2],[-30,7]]
[[0,0],[5,0],[0,1],[-39,1]]
[[0,0],[2,0],[0,1],[-42,1]]
[[0,0],[5,0],[1,2],[-16,2]]
[[0,0],[9,0],[0,1],[-35,1]]
[[0,0],[1,0],[0,2],[1,4],[5,4],[6,6],[5,8],[6,8]]
[[0,0],[8,0],[0,2],[-14,2]]
[[0,0],[2,0],[0,1],[6,5],[1,2],[4,4],[6,2],[9,4],[10,5]]
[[0,0],[1,0],[1,2],[-20,2]]
[[0,0],[1,0],[0,22],[1,22]]
[[0,0],[11,0],[0,1],[-33,1]]
[[0,0],[12,0],[0,1],[-32,1]]
[[0,0],[1,0],[0,2],[6,8],[2,1],[1,4],[4,4],[3,7],[6,10]]
[[0,0],[2,0],[0,2],[-8,4],[-12,8]]
[[0,0],[7,0],[1,2],[-14,2]]
[[0,0],[8,0],[0,1],[-36,1]]
[[0,0],[17,0],[0,1],[-27,1]]
[[0,0],[1,0],[0,1],[-8,4],[-15,11]]
[[0,0],[6,0],[0,2],[-16,2]]
[[0,0],[1,0],[0,1],[6,7],[3,2],[5,5],[2,5],[4,8],[6,10]]
[[0,0],[15,0],[0,1],[-29,1]]
[[0,0],[1,0],[0,1],[8,6],[1,2],[4,4],[7,3],[10,5],[11,6]]
[[0,0],[19,0],[0,1],[-25,1]]
[[0,0],[1,0],[7,16],[7,17],[-2,-7],[5,10],[6,15],[-3,-8],[-4,-11]]
[[0,0],[3,0],[0,2],[1,3],[12,3]]
[[0,0],[14,0],[0,1],[-30,1]]
[[0,0],[18,0],[0,1],[-26,1]]
[[0,0],[1,0],[0,1],[1,3],[7,6],[8,8],[7,9],[8,9]]
[[0,0],[21,0],[0,1],[-23,1]]
[[0,0],[13,0],[0,1],[-31,1]]
[[0,0],[1,0],[4,9],[4,8],[-6,-16],[5,11],[-3,-7],[-1,-5],[-6,-15],[-5,-12],[-4,-12]]
[[0,0],[4,0],[0,2],[-18,2]]
[[0,0],[1,0],[0,1],[-43,1]]
[[0,0],[2,0],[0,2],[4,2],[1,4],[5,4],[5,8]]
[[0,0],[3,0],[0,1],[7,1],[10,2],[1,2],[12,3],[3,3]]
[[0,0],[2,0],[0,11],[2,11]]
[[0,0],[5,0],[0,1],[2,3],[11,3]]
[[0,0],[9,0],[1,2],[-12,2]]
[[0,0],[1,0],[0,1],[5,2],[1,3],[4,5],[2,4],[8,4],[9,5]]
[[0,0],[2,0],[0,2],[2,4],[10,4]]
[[0,0],[1,0],[0,1],[5,1],[1,2],[8,2],[10,3],[3,3],[6,4],[11,4]]
[[0,0],[1,0],[0,2],[4,3],[5,5],[2,6],[5,9]]
[[0,0],[7,0],[0,1],[-37,1]]
[[0,0],[6,0],[0,1],[-38,1]]
[[0,0],[1,0],[0,1],[1,3],[6,7],[3,1],[3,6],[4,7],[6,5],[5,3]]
[[0,0],[20,0],[0,1],[-25,1]]
[[0,0],[2,0],[5,9],[6,9],[4,8],[6,8],[-1,-3],[0,-3],[-1,-4]]
[[0,0],[4,0],[0,1],[1,2],[3,3],[10,2],[12,3]]
[[0,0],[2,0],[0,1],[-43,1]]
[[0,0],[6,0],[0,3],[-9,3]]
[[0,0],[1,0],[0,1],[-14,8],[-6,3],[-3,3],[-11,6],[-8,6],[-16,10]]
[[0,0],[1,0],[0,1],[-6,2],[-3,3],[-11,4],[-7,5],[-13,5]]
[[0,0],[1,0],[0,1],[-4,2],[-3,3],[-8,6],[-14,8],[-17,10],[-18,11]]
[[0,0],[3,0],[0,1],[1,1],[5,-2],[3,-6],[5,-7],[4,-7]]
[[0,0],[2,0],[0,1],[5,1],[7,2],[1,2],[7,5],[10,5]]
[[0,0],[1,0],[0,1],[2,3],[4,4],[10,3],[12,4]]
[[0,0],[15,0],[0,1],[-30,1]]
[[0,0],[1,0],[0,1],[2,3],[7,3],[12,8]]
[[0,0],[12,0],[0,1],[-33,1]]
[[0,0],[1,0],[1,2],[-3,3],[0,4],[-6,9],[-6,10]]
[[0,0],[22,0],[0,1],[-23,1]]
[[0,0],[1,0],[4,9],[4,8],[-6,-16],[5,11],[-3,-7],[-6,-15],[-5,-12],[-3,-10]]
[[0,0],[21,0],[0,1],[-24,1]]
[[0,0],[1,0],[0,1],[2,1],[1,5],[2,8],[3,3],[4,6],[4,12]]
[[0,0],[1,0],[0,1],[4,1],[8,3],[2,3],[6,5],[10,5]]
[[0,0],[4,0],[0,1],[-41,1]]
[[0,0],[14,0],[0,1],[-31,1]]
[[0,0],[1,0],[0,1],[3,-4],[4,-11],[1,-4],[5,-9],[2,-7],[6,-13],[6,-12]]
[[0,0],[10,0],[0,1],[-35,1]]
[[0,0],[1,0],[0,1],[-44,1]]
[[0,0],[19,0],[0,1],[-26,1]]
[[0,0],[5,0],[0,3],[2,3],[4,-4],[5,-4]]
[[0,0],[1,0],[0,2],[1,5],[3,2],[4,4],[4,11]]
[[0,0],[3,0],[0,1],[-42,1]]
[[0,0],[1,0],[0,1],[1,2],[3,1],[4,4],[12,7],[14,9]]
[[0,0],[2,0],[0,2],[4,1],[1,4],[6,5],[2,5],[6,3]]
[[0,0],[1,0],[1,2],[0,4],[-4,4],[-5,6],[-5,9]]
[[0,0],[13,0],[0,1],[-32,1]]
[[0,0],[1,0],[0,1],[-4,4],[-7,6],[-4,2],[-15,10],[-13,8]]
[[0,0],[7,0],[0,1],[-38,1]]
[[0,0],[1,0],[0,1],[4,1],[1,3],[7,5],[2,4],[6,2],[7,3],[4,5]]
[[0,0],[1,0],[0,2],[3,1],[1,4],[6,6],[3,6],[6,4]]
[[0,0],[5,0],[0,1],[-40,1]]
[[0,0],[2,0],[2,5],[-5,5]]
[[0,0],[1,0],[1,4],[4,4],[6,10],[0,2],[3,2],[5,10],[6,11]]
[[0,0],[11,0],[0,1],[-34,1]]
[[0,0],[3,0],[0,3],[-12,3]]
[[0,0],[2,0],[3,4],[-4,-8],[-4,-6],[4,3],[-5,-8],[-5,-9],[5,6],[5,5]]
[[0,0],[9,0],[0,1],[-36,1]]
[[0,0],[2,0],[0,1],[-8,2],[-12,5],[-17,5]]
[[0,0],[8,0],[0,1],[-37,1]]
[[0,0],[3,0],[0,1],[7,1],[1,2],[3,3],[13,3]]
[[0,0],[1,0],[3,7],[6,21],[-1,-6],[-1,-4],[7,23],[7,24]]
[[0,0],[6,0],[0,1],[-39,1]]
[[0,0],[1,0],[10,12],[-14,-18],[-12,-15],[-15,-19],[9,10],[12,14]]
[[0,0],[2,0],[0,1],[-5,1],[-5,3],[-8,4],[-9,2],[-14,4],[-12,3]]
[[0,0],[1,0],[0,3],[3,1],[5,6],[1,5],[5,3],[2,6]]
[[0,0],[1,0],[0,1],[1,3],[5,9],[6,6],[6,10],[5,4]]
[[0,0],[18,0],[0,1],[-27,1]]
[[0,0],[3,0],[2,5],[6,5],[0,2],[1,4],[6,4],[5,2]]
[[0,0],[1,0],[0,1],[1,2],[11,2],[3,3],[15,3]]
[[0,0],[17,0],[0,1],[-28,1]]
[[0,0],[1,0],[1,2],[0,4],[-1,5],[-4,2],[-6,5],[-6,4]]
[[0,0],[1,0],[0,1],[-3,3],[-12,6],[-15,8],[-17,10]]
[[0,0],[16,0],[0,1],[-29,1]]
[[0,0],[1,0],[0,2],[1,4],[2,5],[5,2],[8,5]]
[[0,0],[3,0],[0,1],[1,1],[10,-7],[7,-7]]
[[0,0],[1,0],[0,1],[4,1],[1,3],[9,3],[11,4],[2,4]]
[[0,0],[2,0],[0,1],[5,1],[11,4],[3,4]]
[[0,0],[1,0],[0,1],[3,2],[4,4],[4,13]]
[[0,0],[4,0],[0,1],[6,1],[3,4],[9,4]]
[[0,0],[22,0],[0,1],[-24,1]]
[[0,0],[9,0],[0,1],[12,1],[1,2],[14,2]]
[[0,0],[1,0],[0,1],[3,1],[5,3],[3,7],[5,9]]
[[0,0],[17,0],[0,1],[-29,1]]
[[0,0],[1,0],[0,1],[-12,3],[-6,4],[-15,4]]
[[0,0],[8,0],[0,1],[-38,1]]
[[0,0],[1,0],[0,1],[12,11],[11,12],[12,12]]
[[0,0],[7,0],[0,1],[12,1],[1,2],[16,2]]
[[0,0],[1,0],[0,1],[-4,1],[-3,3],[-11,5],[-7,2],[-9,3],[-7,5]]
[[0,0],[1,0],[0,2],[7,2],[9,3],[1,3],[3,4],[10,4]]
[[0,0],[21,0],[0,1],[-25,1]]
[[0,0],[6,0],[0,1],[12,1],[1,2],[17,2]]
[[0,0],[4,0],[0,1],[2,1],[9,-5],[5,-5]]
[[0,0],[3,0],[0,1],[4,1],[5,3],[2,5],[5,8]]
[[0,0],[1,0],[0,3],[4,3],[1,5],[5,5],[4,8],[5,8]]
[[0,0],[1,0],[0,1],[5,1],[8,2],[1,2],[5,4],[12,4]]
[[0,0],[1,0],[11,14],[-10,-14],[12,16],[13,17],[-11,-16],[-12,-17]]
[[0,0],[14,0],[0,1],[-32,1]]
[[0,0],[4,0],[0,1],[-14,2],[-10,3],[-20,3]]
[[0,0],[1,0],[0,1],[-45,1]]
[[0,0],[10,0],[0,1],[12,1],[1,2],[13,2]]
[[0,0],[19,0],[0,1],[-27,1]]
[[0,0],[3,0],[0,1],[5,1],[1,3],[8,3],[9,4],[2,4]]
[[0,0],[1,0],[0,1],[12,1],[1,2],[22,2]]
[[0,0],[18,0],[0,1],[-28,1]]
[[0,0],[1,0],[0,2],[3,2],[5,6],[3,8],[5,10]]
[[0,0],[1,0],[0,1],[-12,2],[-4,3],[-17,3]]
[[0,0],[1,0],[0,1],[-4,2],[-3,3],[-9,5],[-13,9],[-15,9],[-17,11]]
[[0,0],[1,0],[0,1],[-3,3],[-6,2],[-8,3],[-13,8]]
[[0,0],[5,0],[0,2],[9,2],[1,3],[10,3]]
[[0,0],[1,0],[0,1],[-6,3],[-9,7],[-12,7],[-15,10]]
[[0,0],[13,0],[0,1],[-33,1]]
[[0,0],[1,0],[0,1],[3,2],[6,8],[4,9],[6,11]]
[[0,0],[2,0],[0,3],[8,3],[1,4],[9,4]]
[[0,0],[1,0],[0,5],[-2,2],[-2,3],[5,4],[5,5]]
[[0,0],[8,0],[0,1],[12,1],[1,2],[15,2]]
[[0,0],[7,0],[0,1],[-39,1]]
[[0,0],[2,0],[0,1],[5,1],[1,3],[2,4],[7,2],[9,4]]
[[0,0],[1,0],[0,1],[1,2],[3,3],[16,3]]
[[0,0],[1,0],[0,4],[3,1],[4,2],[4,7],[1,6],[2,7]]
[[0,0],[2,0],[0,1],[1,3],[5,3],[7,7],[6,8],[7,8]]
[[0,0],[2,0],[2,3],[-3,3],[-3,8]]
[[0,0],[1,0],[6,16],[8,21],[-7,-21],[-5,-16]]
[[0,0],[3,0],[0,1],[-7,3],[-11,4],[-10,2],[-17,4],[-14,3]]
[[0,0],[3,0],[0,1],[6,1],[8,2],[1,2],[5,4],[10,4]]
[[0,0],[1,0],[1,2],[0,4],[-3,3],[-7,11]]
[[0,0],[1,0],[0,1],[-2,1],[-6,5],[-12,7],[-11,8],[-15,9],[-17,11]]
[[0,0],[2,0],[6,9],[7,10],[-5,-10],[-4,-9]]
[[0,0],[2,0],[0,1],[6,6],[6,9],[3,1],[1,3],[5,4],[3,6]]
[[0,0],[6,0],[0,1],[-40,1]]
[[0,0],[1,0],[0,3],[5,2],[-1,1],[-1,2],[4,5],[7,4],[7,5]]
[[0,0],[4,0],[0,1],[-42,1]]
[[0,0],[20,0],[0,1],[-26,1]]
[[0,0],[1,0],[0,23],[1,23]]
[[0,0],[2,0],[0,1],[-3,2],[-10,2],[-11,4],[-14,3],[-17,4]]
[[0,0],[3,0],[0,1],[-43,1]]
[[0,0],[6,0],[0,1],[8,1],[2,3],[10,3]]
[[0,0],[2,0],[0,1],[12,1],[1,2],[21,2]]
[[0,0],[1,0],[0,1],[6,6],[5,2],[2,5],[6,3],[3,6]]
[[0,0],[5,0],[0,1],[-41,1]]
[[0,0],[16,0],[0,1],[-30,1]]
[[0,0],[1,0],[0,1],[2,1],[4,4],[2,5],[7,10],[6,11],[7,12]]
[[0,0],[1,0],[7,17],[-2,-6],[3,8],[4,7],[5,13],[7,15],[6,12]]
[[0,0],[10,0],[0,1],[-36,1]]
[[0,0],[3,0],[0,1],[12,1],[1,2],[20,2]]
[[0,0],[3,0],[0,1],[7,1],[2,3],[13,3]]
[[0,0],[4,0],[0,1],[12,1],[1,2],[19,2]]
[[0,0],[11,0],[0,1],[-35,1]]
[[0,0],[3,0],[3,6],[6,6],[0,-1],[2,-1],[4,7],[6,7]]
[[0,0],[1,0],[0,4],[2,1],[3,3],[3,13]]
[[0,0],[2,0],[5,10],[7,10],[0,-1],[1,-1],[6,11],[7,11]]
[[0,0],[12,0],[0,1],[-34,1]]
[[0,0],[1,0],[0,1],[-3,3],[-5,4],[-8,2],[-11,3],[-13,4]]
[[0,0],[2,0],[0,1],[-44,1]]
[[0,0],[3,0],[0,1],[-12,4],[-15,3],[-19,4]]
[[0,0],[9,0],[0,1],[-37,1]]
[[0,0],[2,0],[0,2],[10,2],[1,3],[13,3]]
[[0,0],[3,0],[0,1],[7,4],[6,7],[7,7]]
[[0,0],[5,0],[0,1],[12,1],[1,2],[18,2]]
[[0,0],[15,0],[0,1],[-31,1]]
[[0,0],[2,0],[0,1],[4,2],[5,4],[3,7],[5,9]]
[[0,0],[5,0],[0,1],[6,1],[5,6],[6,6]]
[[0,0],[1,0],[0,1],[1,3],[6,6],[3,1],[3,6],[4,2],[6,9]]
[[0,0],[2,0],[3,4],[2,3],[3,3],[-4,-10],[-4,-8],[-2,-8]]
[[0,0],[1,0],[0,1],[1,3],[3,2],[3,6],[7,8],[9,12]]
[[0,0],[14,0],[0,1],[-33,1]]
[[0,0],[1,0],[0,1],[-46,1]]
[[0,0],[1,0],[0,1],[2,1],[7,11],[5,11],[7,13]]
[[0,0],[3,0],[0,1],[-16,4],[-28,8]]
[[0,0],[9,0],[0,1],[1,2],[15,2]]
[[0,0],[9,0],[0,1],[-38,1]]
[[0,0],[3,0],[0,1],[1,1],[2,-4],[6,-3],[6,-6],[4,-6]]
[[0,0],[1,0],[0,1],[1,2],[23,2]]
[[0,0],[1,0],[0,1],[3,4],[13,4]]
[[0,0],[4,0],[0,1],[2,3],[13,3]]
[[0,0],[1,0],[0,1],[1,2],[3,1],[7,6],[9,5],[13,9]]
[[0,0],[5,0],[0,1],[8,1],[10,2],[1,2],[11,3],[3,3]]
[[0,0],[23,0],[0,1],[-24,1]]
[[0,0],[3,0],[0,1],[3,4],[11,4]]
[[0,0],[1,0],[0,1],[2,3],[16,3]]
[[0,0],[1,0],[1,2],[-6,3],[-2,5],[-8,5]]
[[0,0],[2,0],[0,1],[-5,3],[-9,3],[-19,7],[-23,9]]
[[0,0],[7,0],[0,1],[-40,1]]
[[0,0],[2,0],[0,1],[-5,3],[-11,5],[-15,5],[-8,2],[-11,3]]
[[0,0],[11,0],[0,1],[-36,1]]
[[0,0],[2,0],[0,1],[1,1],[1,-3],[4,-3],[6,-8],[4,-8],[6,-7],[3,-7]]
[[0,0],[1,0],[0,2],[2,1],[1,4],[4,4],[3,7],[7,10],[7,11]]
[[0,0],[2,0],[0,1],[7,1],[11,2],[1,2],[3,3],[14,3]]
[[0,0],[17,0],[0,1],[-30,1]]
[[0,0],[2,0],[0,1],[3,1],[2,5],[8,11]]
[[0,0],[8,0],[0,1],[-39,1]]
[[0,0],[5,0],[0,2],[1,3],[11,3]]
[[0,0],[3,0],[0,1],[1,2],[21,2]]
[[0,0],[6,0],[0,1],[-41,1]]
[[0,0],[8,0],[0,1],[1,2],[16,2]]
[[0,0],[1,0],[1,2],[-7,7],[-7,10]]
[[0,0],[1,0],[0,1],[-2,2],[-8,2],[-11,3],[-11,5],[-15,5]]
[[0,0],[20,0],[0,1],[-27,1]]
[[0,0],[2,0],[0,1],[1,2],[22,2]]
[[0,0],[1,0],[0,1],[1,2],[4,1],[4,4],[6,5],[11,5],[10,4]]
[[0,0],[18,0],[0,1],[-29,1]]
[[0,0],[1,0],[1,3],[-5,5],[-5,9]]
[[0,0],[1,0],[4,14],[5,14],[-1,-4],[-1,-6],[7,23],[7,22]]
[[0,0],[2,0],[0,3],[1,4],[10,4]]
[[0,0],[16,0],[0,1],[-31,1]]
[[0,0],[1,0],[0,1],[-8,4],[-6,5],[-14,8],[-16,10]]
[[0,0],[2,0],[0,1],[-45,1]]
[[0,0],[12,0],[0,1],[-35,1]]
[[0,0],[3,0],[0,2],[6,3],[4,6],[6,6]]
[[0,0],[1,0],[0,3],[3,1],[4,2],[2,7],[4,9]]
[[0,0],[5,0],[0,1],[-6,1],[-36,7]]
[[0,0],[15,0],[0,1],[-32,1]]
[[0,0],[5,0],[0,1],[1,2],[19,2]]
[[0,0],[1,0],[0,3],[4,3],[5,5],[1,5],[5,9]]
[[0,0],[1,0],[0,1],[-22,11],[-24,13]]
[[0,0],[1,0],[0,2],[7,2],[1,3],[3,4],[11,4]]
[[0,0],[4,0],[0,1],[-43,1]]
[[0,0],[19,0],[0,1],[-28,1]]
[[0,0],[7,0],[0,1],[1,2],[17,2]]
[[0,0],[2,0],[0,1],[1,2],[8,2],[5,4],[12,4]]
[[0,0],[1,0],[0,1],[1,3],[2,4],[7,2],[11,4]]
[[0,0],[4,0],[0,1],[1,2],[20,2]]
[[0,0],[22,0],[0,1],[-25,1]]
[[0,0],[3,0],[0,1],[-44,1]]
[[0,0],[6,0],[0,1],[1,2],[18,2]]
[[0,0],[21,0],[0,1],[-26,1]]
[[0,0],[2,0],[0,2],[1,3],[14,3]]
[[0,0],[13,0],[0,1],[-34,1]]
[[0,0],[5,0],[0,1],[-42,1]]
[[0,0],[10,0],[0,1],[-37,1]]
[[0,0],[10,0],[0,1],[1,2],[14,2]]
[[0,0],[2,0],[0,1],[7,1],[1,2],[3,3],[15,3]]
[[0,0],[7,0],[0,1],[-41,1]]
[[0,0],[5,0],[2,3],[-9,3]]
[[0,0],[2,0],[0,12],[2,12]]
[[0,0],[1,0],[0,1],[2,1],[1,4],[4,4],[2,6],[5,6],[4,9],[6,9],[5,10],[6,10]]
[[0,0],[3,0],[0,1],[1,2],[11,2],[3,3],[14,3]]
[[0,0],[4,0],[0,6],[4,6]]
[[0,0],[3,0],[0,8],[3,8]]
[[0,0],[3,0],[0,1],[-45,1]]
[[0,0],[1,0],[0,1],[4,1],[8,3],[3,4],[10,5],[5,5]]
[[0,0],[2,0],[2,4],[-8,4]]
[[0,0],[2,0],[0,2],[7,5],[5,7],[7,7]]
[[0,0],[5,0],[0,1],[-43,1]]
[[0,0],[4,0],[0,1],[-44,1]]
[[0,0],[10,0],[0,1],[-38,1]]
[[0,0],[4,0],[0,2],[-20,2]]
[[0,0],[1,0],[0,1],[-3,3],[-12,6],[-18,10],[-19,11]]
[[0,0],[2,0],[1,3],[4,3],[6,8],[0,-2],[4,8],[3,7],[6,7]]
[[0,0],[20,0],[0,1],[-28,1]]
[[0,0],[16,0],[0,1],[-32,1]]
[[0,0],[11,0],[1,2],[-12,2]]
[[0,0],[2,0],[0,1],[-6,2],[-10,5],[-16,6],[-22,9]]
[[0,0],[2,0],[0,1],[-46,1]]
[[0,0],[1,0],[0,1],[3,1],[6,3],[1,3],[5,6],[8,6],[8,5],[3,5]]
[[0,0],[9,0],[0,1],[-39,1]]
[[0,0],[5,0],[0,4],[1,4],[4,-4],[5,-4]]
[[0,0],[4,0],[0,1],[6,-1],[7,-1],[-10,2],[-25,6],[-26,6]]
[[0,0],[1,0],[0,1],[1,2],[5,1],[3,3],[6,4],[11,3],[13,4]]
[[0,0],[23,0],[0,1],[-25,1]]
[[0,0],[11,0],[0,1],[-37,1]]
[[0,0],[2,0],[0,1],[4,1],[7,3],[1,3],[4,5],[8,5],[2,4],[8,4]]
[[0,0],[1,0],[0,2],[6,8],[2,1],[1,4],[4,4],[5,10],[6,11]]
[[0,0],[1,0],[0,1],[-4,1],[-3,3],[-5,4],[-7,2],[-8,5],[-12,5],[-11,4]]
[[0,0],[12,0],[0,1],[-36,1]]
[[0,0],[1,0],[2,9],[4,15],[-3,-15],[-1,-9],[3,13],[4,16],[-3,-16],[-2,-13]]
[[0,0],[10,0],[0,2],[-14,2]]
[[0,0],[22,0],[0,1],[-26,1]]
[[0,0],[9,0],[1,2],[-14,2]]
[[0,0],[8,0],[0,1],[-40,1]]
[[0,0],[17,0],[0,1],[-31,1]]
[[0,0],[15,0],[0,1],[-33,1]]
[[0,0],[1,0],[3,4],[2,3],[-11,-19],[-5,-8],[-10,-18],[-3,-7],[-8,-13],[-6,-12]]
[[0,0],[3,0],[0,1],[5,1],[9,5],[4,5]]
[[0,0],[1,0],[1,6],[-6,6]]
[[0,0],[3,0],[1,2],[-20,2]]
[[0,0],[14,0],[0,1],[-34,1]]
[[0,0],[1,0],[5,7],[2,7],[0,4],[1,6],[5,5],[4,3]]
[[0,0],[19,0],[0,1],[-29,1]]
[[0,0],[3,0],[0,2],[7,2],[2,4],[9,4]]
[[0,0],[2,0],[0,2],[-22,2]]
[[0,0],[18,0],[0,1],[-30,1]]
[[0,0],[1,0],[1,2],[-2,1],[0,4],[-2,6],[-6,6],[-6,5]]
[[0,0],[1,0],[0,24],[1,24]]
[[0,0],[21,0],[0,1],[-27,1]]
[[0,0],[13,0],[0,1],[-35,1]]
[[0,0],[2,0],[2,3],[-12,3]]
[[0,0],[1,0],[0,1],[-47,1]]
[[0,0],[1,0],[1,2],[-22,2]]
[[0,0],[1,0],[0,2],[7,2],[11,4],[2,4]]
[[0,0],[1,0],[0,1],[2,1],[1,4],[4,4],[2,6],[8,12]]
[[0,0],[4,0],[0,4],[-8,4]]
[[0,0],[5,0],[1,2],[-18,2]]
[[0,0],[1,0],[0,5],[1,8],[2,1],[3,3],[3,12]]
[[0,0],[1,0],[0,2],[2,1],[1,4],[4,4],[3,7],[8,12]]
[[0,0],[1,0],[0,1],[-6,3],[-3,3],[-8,6],[-11,6],[-17,10],[-18,11]]
[[0,0],[7,0],[1,2],[-16,2]]
[[0,0],[8,0],[0,2],[-16,2]]
[[0,0],[1,0],[0,1],[1,2],[3,1],[4,4],[15,9],[16,10]]
[[0,0],[6,0],[0,2],[-18,2]]
[[0,0],[2,0],[0,2],[-3,4],[-3,1],[-5,5],[-10,5],[-9,4]]
[[0,0],[1,0],[4,10],[4,7],[7,17],[8,17],[-1,-3],[-1,-4],[9,21],[9,20]]
[[0,0],[6,0],[0,1],[-42,1]]
[[0,0],[20,0],[0,1],[-29,1]]
[[0,0],[16,0],[0,1],[-33,1]]
[[0,0],[1,0],[0,1],[2,1],[1,3],[4,4],[11,18]]
[[0,0],[2,0],[0,1],[-47,1]]
[[0,0],[2,0],[0,1],[7,1],[2,3],[15,3]]
[[0,0],[1,0],[0,3],[5,6],[5,10],[2,1],[4,4],[1,5],[3,8]]
[[0,0],[1,0],[0,1],[-2,1],[-5,5],[-5,3],[-9,6],[-17,14]]
[[0,0],[1,0],[0,4],[3,1],[4,2],[1,6],[4,8],[3,8]]
[[0,0],[1,0],[0,1],[2,1],[1,4],[4,5],[6,11],[5,12],[6,13]]
[[0,0],[1,0],[0,1],[-3,3],[-3,1],[-8,6],[-10,5],[-7,3],[-14,9]]
[[0,0],[1,0],[0,1],[4,1],[9,3],[1,2],[8,5],[5,4],[13,5]]
[[0,0],[15,0],[0,1],[-34,1]]
[[0,0],[1,0],[0,1],[2,3],[8,6],[11,5],[12,6]]
[[0,0],[1,0],[0,1],[-4,2],[-3,3],[-9,5],[-13,9],[-18,11],[-19,12]]
[[0,0],[6,0],[0,1],[-16,2],[-14,3],[-23,3]]
[[0,0],[1,0],[0,1],[1,2],[4,4],[7,3],[10,5],[10,7],[12,7]]
[[0,0],[3,0],[0,1],[-14,2],[-8,3],[-20,3]]
[[0,0],[12,0],[0,1],[-37,1]]
[[0,0],[1,0],[0,1],[7,6],[2,3],[5,5],[7,3],[10,5],[11,6]]
[[0,0],[24,0],[0,1],[-25,1]]
[[0,0],[22,0],[0,1],[-27,1]]
[[0,0],[1,0],[0,1],[1,3],[3,5],[9,4],[10,5]]
[[0,0],[1,0],[0,2],[11,2],[1,3],[15,3]]
[[0,0],[1,0],[0,1],[4,1],[6,2],[2,3],[12,8]]
[[0,0],[21,0],[0,1],[-28,1]]
[[0,0],[1,0],[0,1],[2,1],[4,5],[2,7],[5,8],[4,11],[5,12]]
[[0,0],[1,0],[0,1],[-3,3],[-4,2],[-8,6],[-19,11],[-22,13]]
[[0,0],[3,0],[5,8],[4,1],[0,2],[5,3],[1,4]]
[[0,0],[2,0],[0,1],[3,1],[1,4],[5,4],[3,7],[6,7],[2,6],[6,6]]
[[0,0],[1,0],[1,4],[-4,4],[-4,9]]
[[0,0],[1,0],[0,1],[-3,3],[-12,6],[-21,12]]
[[0,0],[1,0],[0,1],[-48,1]]
[[0,0],[10,0],[0,1],[-39,1]]
[[0,0],[4,0],[0,1],[-45,1]]
[[0,0],[14,0],[0,1],[-35,1]]
[[0,0],[5,0],[0,1],[8,1],[2,3],[12,3]]
[[0,0],[1,0],[0,1],[-4,2],[-6,5],[-9,5],[-11,8],[-15,9],[-17,11]]
[[0,0],[2,0],[0,1],[9,7],[8,9],[9,9]]
[[0,0],[19,0],[0,1],[-30,1]]
[[0,0],[2,0],[0,1],[4,2],[5,4],[4,9],[5,10]]
[[0,0],[2,0],[6,8],[7,8],[0,1],[1,3],[6,4],[7,6]]
[[0,0],[1,0],[0,1],[-4,2],[-4,4],[-15,10],[-9,5],[-7,6],[-12,7]]
[[0,0],[1,0],[0,2],[6,7],[3,2],[1,4],[5,5],[3,7],[6,10]]
[[0,0],[3,0],[0,1],[-46,1]]
[[0,0],[1,0],[0,1],[-8,4],[-11,6],[-9,7],[-15,10]]
[[0,0],[1,0],[0,2],[4,3],[5,5],[3,8],[5,10]]
[[0,0],[1,0],[0,1],[5,1],[8,2],[2,3],[12,4],[4,4]]
[[0,0],[4,0],[0,2],[10,2],[1,3],[12,3]]
[[0,0],[2,0],[1,5],[-1,1],[-1,3],[6,4],[6,5]]
[[0,0],[13,0],[0,1],[-36,1]]
[[0,0],[5,0],[0,1],[-44,1]]
[[0,0],[23,0],[0,1],[-26,1]]
[[0,0],[7,0],[0,1],[-42,1]]
[[0,0],[11,0],[0,1],[-38,1]]
[[0,0],[3,0],[0,1],[6,1],[8,2],[2,3],[10,4],[4,4]]
[[0,0],[3,0],[0,1],[1,2],[3,3],[15,3]]
[[0,0],[1,0],[8,19],[-2,-7],[3,8],[8,18],[7,15],[5,13],[-3,-9]]
[[0,0],[1,0],[0,1],[1,3],[4,3],[3,6],[6,6],[9,12]]
[[0,0],[1,0],[8,19],[6,15],[-2,-7],[8,18],[7,15],[-3,-8],[-4,-11]]
[[0,0],[3,0],[3,6],[6,6],[4,7],[6,7],[0,-2],[1,-2]]
[[0,0],[9,0],[0,1],[-40,1]]
[[0,0],[8,0],[0,1],[-41,1]]
[[0,0],[2,0],[0,1],[-5,3],[-4,1],[-10,3],[-20,8]]
[[0,0],[6,0],[0,1],[-43,1]]
[[0,0],[2,0],[0,1],[-5,1],[-5,3],[-8,4],[-13,3],[-16,4]]
[[0,0],[2,0],[0,2],[4,1],[1,4],[5,2],[5,8]]
[[0,0],[1,0],[4,9],[4,8],[5,11],[-3,-7],[-6,-15],[-5,-12],[-6,-17],[-5,-15]]
[[0,0],[2,0],[0,1],[-10,2],[-6,3],[-14,3],[-10,4],[-17,4]]
[[0,0],[1,0],[0,2],[1,4],[6,6],[5,2],[3,6],[6,3]]
[[0,0],[1,0],[0,1],[4,1],[1,3],[6,2],[2,4],[7,3],[7,6],[6,6]]
[[0,0],[18,0],[0,1],[-31,1]]
[[0,0],[1,0],[4,6],[2,1],[3,3],[4,10],[1,7],[0,5]]
[[0,0],[17,0],[0,1],[-32,1]]
[[0,0],[7,0],[0,7]]
[[0,0],[1,0],[0,1],[2,1],[1,4],[4,4],[5,6],[2,6],[6,9],[4,9],[6,11]]
[[0,0],[2,0],[0,1],[4,1],[1,3],[7,3],[4,5],[2,4],[9,5]]
[[0,0],[1,0],[0,1],[-4,4],[-4,2],[-10,6],[-16,12]]
[[0,0],[1,0],[0,1],[-4,4],[-3,1],[-5,2],[-7,6],[-8,4],[-13,9]]
[[0,0],[10,0],[0,1],[13,1],[1,2],[15,2]]
[[0,0],[2,0],[0,1],[-21,7],[-27,10]]
[[0,0],[1,0],[0,3],[1,6],[2,1],[4,5],[4,12]]
[[0,0],[1,0],[3,6],[0,1],[1,3],[5,4],[9,12]]
[[0,0],[2,0],[0,1],[5,1],[7,2],[1,2],[9,6],[11,6]]
[[0,0],[2,0],[0,1],[13,1],[1,2],[23,2]]
[[0,0],[1,0],[0,1],[-12,4],[-2,2],[-17,6],[-23,9]]
[[0,0],[22,0],[0,1],[-28,1]]
[[0,0],[11,0],[0,1],[13,1],[1,2],[14,2]]
[[0,0],[1,0],[0,1],[2,1],[2,5],[6,7],[7,9],[6,11],[7,12]]
[[0,0],[8,0],[0,1],[-42,1]]
[[0,0],[1,0],[0,3],[3,1],[4,2],[3,9],[4,10]]
[[0,0],[1,0],[0,1],[-3,1],[-7,3],[-15,11]]
[[0,0],[21,0],[0,1],[-29,1]]
[[0,0],[17,0],[0,1],[-33,1]]
[[0,0],[3,0],[0,1],[13,1],[1,2],[22,2]]
[[0,0],[1,0],[6,7],[-14,-18],[7,8],[-5,-6],[-12,-15],[-6,-9],[-9,-11],[-10,-14]]
[[0,0],[2,0],[0,1],[8,2],[2,3],[4,4],[12,4]]
[[0,0],[2,0],[0,1],[5,1],[7,2],[2,3],[10,5],[6,5]]
[[0,0],[1,0],[0,1],[1,3],[3,2],[5,5],[5,9],[9,13]]
[[0,0],[1,0],[0,1],[-6,5],[-10,5],[-13,7],[-16,10]]
[[0,0],[4,0],[0,2],[1,3],[13,3]]
[[0,0],[1,0],[0,1],[-49,1]]
[[0,0],[14,0],[0,1],[-36,1]]
[[0,0],[19,0],[0,1],[-31,1]]
[[0,0],[6,0],[2,3],[1,3],[4,2],[2,-2],[0,2],[4,-3],[6,-2],[5,-3]]
[[0,0],[1,0],[0,2],[1,3],[3,4],[10,3],[12,4]]
[[0,0],[1,0],[0,7],[1,7],[-1,1],[-1,6],[2,1],[-2,4],[-2,3],[3,3],[2,6],[3,4]]
[[0,0],[1,0],[0,1],[1,2],[5,2],[8,4],[7,6],[13,9]]
[[0,0],[4,0],[0,1],[13,1],[1,2],[21,2]]
[[0,0],[18,0],[0,1],[-32,1]]
[[0,0],[1,0],[0,1],[1,2],[11,7],[13,6],[14,7]]
[[0,0],[1,0],[0,1],[4,1],[6,2],[1,2],[4,4],[9,4],[8,6],[11,6]]
[[0,0],[2,0],[0,1],[5,3],[2,5],[6,5],[5,8],[6,8]]
[[0,0],[4,0],[1,4],[-1,1],[-1,2],[7,3],[7,4]]
[[0,0],[1,0],[0,1],[1,3],[6,6],[3,1],[4,2],[5,9],[6,10]]
[[0,0],[2,0],[0,3],[5,6],[4,1],[1,5],[5,2],[2,6]]
[[0,0],[1,0],[1,2],[0,4],[-1,5],[-6,3],[-7,5],[-7,4]]
[[0,0],[1,0],[0,1],[7,1],[12,2],[1,2],[3,3],[16,3]]
[[0,0],[1,0],[0,1],[4,1],[1,3],[6,2],[3,5],[9,5]]
[[0,0],[4,0],[0,1],[8,1],[11,2],[1,2],[13,3],[3,3]]
[[0,0],[13,0],[0,1],[-37,1]]
[[0,0],[1,0],[10,12],[13,15],[-20,-25],[-19,-24]]
[[0,0],[1,0],[0,3],[3,1],[1,5],[5,3],[5,7],[3,7]]
[[0,0],[2,0],[0,2],[4,2],[1,4],[6,6],[5,8],[6,8]]
[[0,0],[7,0],[0,1],[-43,1]]
[[0,0],[1,0],[0,1],[5,1],[1,2],[5,4],[14,4]]
[[0,0],[2,0],[1,3],[1,-1],[2,-1],[0,5],[-4,9],[-4,6],[-5,9],[-5,8]]
[[0,0],[1,0],[0,2],[1,3],[16,3]]
[[0,0],[2,0],[0,2],[3,1],[1,4],[8,11]]
[[0,0],[2,0],[0,1],[1,2],[5,4],[11,3],[13,4]]
[[0,0],[1,0],[0,2],[4,1],[6,2],[9,5],[2,4],[4,5]]
[[0,0],[3,0],[0,1],[1,1],[2,-4],[6,-3],[6,-7],[5,-7]]
[[0,0],[1,0],[0,1],[1,2],[5,2],[4,4],[11,6],[14,9]]
[[0,0],[6,0],[0,1],[13,1],[1,2],[19,2]]
[[0,0],[2,0],[0,1],[-12,3],[-12,5],[-18,5]]
[[0,0],[1,0],[0,1],[1,3],[2,4],[10,3],[12,4]]
[[0,0],[1,0],[4,15],[0,-3],[1,5],[5,14],[2,9],[6,19],[6,18]]
[[0,0],[1,0],[17,20],[-16,-20],[10,12],[16,19],[-9,-12],[-15,-19]]
[[0,0],[2,0],[0,1],[-5,3],[-12,4],[-17,6],[-23,9]]
[[0,0],[6,0],[0,1],[-44,1]]
[[0,0],[1,0],[4,14],[5,14],[-2,-8],[-2,-9],[7,23],[7,22]]
[[0,0],[2,0],[2,6],[6,6],[0,3],[1,5],[6,5],[5,3]]
[[0,0],[1,0],[0,1],[1,3],[3,2],[3,6],[11,14]]
[[0,0],[5,0],[0,5],[5,5]]
[[0,0],[4,0],[0,1],[-46,1]]
[[0,0],[20,0],[0,1],[-30,1]]
[[0,0],[2,0],[0,2],[5,1],[1,3],[3,4],[11,4]]
[[0,0],[1,0],[0,2],[3,1],[1,5],[4,2],[4,11]]
[[0,0],[1,0],[0,3],[5,2],[-1,1],[-1,2],[7,4],[6,6],[7,6]]
[[0,0],[1,0],[0,1],[3,1],[1,3],[6,3],[4,6],[9,6]]
[[0,0],[1,0],[1,2],[-2,5],[-8,4],[-9,5]]
[[0,0],[1,0],[0,1],[-4,4],[-7,6],[-6,3],[-15,10],[-12,7]]
[[0,0],[1,0],[0,1],[7,-9],[5,-10],[10,-15]]
[[0,0],[1,0],[4,18],[-3,-18],[3,15],[4,19],[-2,-15],[-3,-19]]
[[0,0],[3,0],[0,1],[-47,1]]
[[0,0],[1,0],[3,5],[11,16],[8,13],[14,21],[-2,-4],[-1,-3],[15,23],[14,22]]
[[0,0],[1,0],[2,6],[2,5],[-1,-8],[-4,-14],[-6,-23],[-6,-22]]
[[0,0],[1,0],[0,1],[-3,3],[-8,6],[-3,1],[-13,7],[-10,7],[-12,6],[-9,4]]
[[0,0],[2,0],[0,1],[1,2],[8,3],[13,8]]
[[0,0],[8,0],[0,1],[13,1],[1,2],[17,2]]
[[0,0],[2,0],[1,3],[4,3],[0,-1],[1,-1],[6,9],[5,9],[6,7],[3,7]]
[[0,0],[1,0],[0,25],[1,25]]
[[0,0],[5,0],[0,1],[13,1],[1,2],[20,2]]
[[0,0],[1,0],[1,2],[0,4],[-4,4],[-6,8],[-6,10]]
[[0,0],[2,0],[0,1],[3,1],[6,7],[3,7],[6,10]]
[[0,0],[3,0],[0,1],[4,1],[1,3],[7,7],[6,8],[7,8]]
[[0,0],[23,0],[0,1],[-27,1]]
[[0,0],[5,0],[0,1],[-45,1]]
[[0,0],[2,0],[0,1],[-5,3],[-4,1],[-17,6],[-14,6],[-13,4]]
[[0,0],[1,0],[0,2],[5,2],[1,4],[8,4],[9,5],[2,5]]
[[0,0],[2,0],[0,1],[-5,3],[-9,3],[-24,9],[-26,10]]
[[0,0],[10,0],[0,1],[-40,1]]
[[0,0],[16,0],[0,1],[-34,1]]
[[0,0],[3,0],[0,1],[2,3],[15,3]]
[[0,0],[1,0],[0,1],[1,3],[8,7],[9,9],[8,10],[9,10]]
[[0,0],[6,0],[0,1],[2,3],[12,3]]
[[0,0],[7,0],[0,1],[13,1],[1,2],[18,2]]
[[0,0],[11,0],[0,1],[-39,1]]
[[0,0],[2,0],[0,1],[-48,1]]
[[0,0],[12,0],[0,1],[-38,1]]
[[0,0],[1,0],[0,2],[3,2],[2,6],[8,12]]
[[0,0],[24,0],[0,1],[-26,1]]
[[0,0],[1,0],[0,1],[13,12],[12,13],[13,13]]
[[0,0],[2,0],[0,1],[6,6],[3,1],[1,3],[5,4],[5,9],[6,10]]
[[0,0],[1,0],[0,1],[13,1],[1,2],[24,2]]
[[0,0],[9,0],[0,1],[13,1],[1,2],[16,2]]
[[0,0],[2,0],[0,1],[4,1],[1,3],[7,3],[9,5],[3,5]]
[[0,0],[9,0],[0,1],[-41,1]]
[[0,0],[15,0],[0,1],[-35,1]]
[[0,0],[1,0],[0,3],[3,1],[6,6],[1,5],[2,6],[6,4]]
